epc,antennaIndex,frequency,time,RSSI,phase,dopplerShift,velocity,x,y,z,angle
100000000000000000000002,1,920625000,0,-46.5,3.0127382674074,0,0,0.640036010742188,1.63,0,-5399.9521484375
100000000000000000000004,1,920625000,0,-49.5,6.14819499784565,0,0,0.640036010742188,1.63,0,-5399.9521484375
100000000000000000000001,1,920625000,0,-47,1.08605839782303,0,0,0.640036010742188,1.63,0,-5399.9521484375
100000000000000000000005,1,920625000,0,-62,1.03697101261069,0,0,0.640036010742188,1.63,0,-5399.9521484375
100000000000000000000000,1,920625000,0,-57,4.50376759323224,0,0,0.640036010742188,1.63,0,-5399.9521484375
100000000000000000000003,1,920625000,0,-46.5,4.30741805238288,0,0,0.640036010742188,1.63,0,-5399.9521484375
100000000000000000000002,1,920625000,0,-46.5,3.04955380631665,0,0,0.640036010742188,1.63,0,-5399.9521484375
100000000000000000000000,1,920625000,0,-56.5,4.4976316700807,0,0,0.640036010742188,1.63,0,-5399.9521484375
100000000000000000000005,1,920625000,0,-61.5,0.987883627398353,0,0,0.640036010742188,1.63,0,-5399.9521484375
100000000000000000000001,1,920625000,0,-47,1.07378655151995,0,0,0.640036010742188,1.63,0,-5399.9521484375
100000000000000000000004,1,920625000,0,-49.5,6.15433092099719,0,0,0.640036010742188,1.63,0,-5399.9521484375
100000000000000000000000,1,920625000,0,-57,4.51603943953533,0,0,0.640036010742188,1.63,0,-5399.9521484375
100000000000000000000003,1,920625000,0,-46.5,4.27060251347362,0,0,0.640036010742188,1.63,0,-5399.9521484375
100000000000000000000005,1,920625000,0,-61.5,0.975611781095267,0,0,0.640036010742188,1.63,0,-5399.9521484375
100000000000000000000004,1,920625000,0,-49.5,6.14819499784565,0,0,0.640036010742188,1.63,0,-5399.9521484375
100000000000000000000001,1,920625000,0,-47,1.04924285891378,0,0,0.640036010742188,1.63,0,-5399.9521484375
100000000000000000000002,1,920625000,0,-46.5,3.01887419055894,0,0,0.640036010742188,1.63,0,-5399.9521484375
100000000000000000000005,1,920625000,0,-61.5,1.09833024412612,0,0,0.640036010742188,1.63,0,-5399.9521484375
100000000000000000000001,1,920625000,0,-47,1.07378655151995,0,0,0.640036010742188,1.63,0,-5399.9521484375
100000000000000000000003,1,920625000,0,-46,4.27673843662517,0,0,0.640036010742188,1.63,0,-5399.9521484375
100000000000000000000002,1,920625000,0,-46.5,3.02501011371048,0,0,0.640036010742188,1.63,0,-5399.9521484375
100000000000000000000004,1,920625000,0,-49.5,6.12978722839102,0,0,0.640036010742188,1.63,0,-5399.9521484375
100000000000000000000000,1,920625000,0,-57,4.53444720898996,0,0,0.640036010742188,1.63,0,-5399.9521484375
100000000000000000000001,1,920625000,0,-47,1.08605839782303,0,0,0.640036010742188,1.63,0,-5399.9521484375
100000000000000000000003,1,920625000,0,-46.5,4.27673843662517,0,0,0.640036010742188,1.63,0,-5399.9521484375
100000000000000000000000,1,920625000,0,-57,4.46695205432299,0,0,0.640036010742188,1.63,0,-5399.9521484375
100000000000000000000002,1,920625000,0,-46.5,3.01887419055894,0,0,0.640036010742188,1.63,0,-5399.9521484375
100000000000000000000004,1,920625000,0,-49.5,6.12365130523948,0,0,0.640036010742188,1.63,0,-5399.9521484375
100000000000000000000005,1,920625000,0,-61.5,0.981747704246811,0,0,0.640036010742188,1.63,0,-5399.9521484375
100000000000000000000005,1,920625000,0,-62,1.00015547370144,0,0,0.640036010742188,1.63,0,-5399.9521484375
100000000000000000000000,1,920625000,0,-57,4.46081613117144,0,0,0.640036010742188,1.63,0,-5399.9521484375
100000000000000000000002,1,920625000,0,-46.5,3.02501011371048,0,0,0.640036010742188,1.63,0,-5399.9521484375
100000000000000000000001,1,920625000,0,-47,1.07378655151995,0,0,0.640036010742188,1.63,0,-5399.9521484375
100000000000000000000003,1,920625000,0,-46,4.27060251347362,0,0,0.640036010742188,1.63,0,-5399.9521484375
100000000000000000000004,1,920625000,0,-49.5,6.13592315154256,0,0,0.640036010742188,1.63,0,-5399.9521484375
100000000000000000000003,1,920625000,0,-46,4.30128212923134,0,0,0.640036010742188,1.63,0,-5399.9521484375
100000000000000000000001,1,920625000,0,-47,1.07992247467149,0,0,0.640036010742188,1.63,0,-5399.9521484375
100000000000000000000000,1,920625000,0,-57,4.49149574692916,0,0,0.640036010742188,1.63,0,-5399.9521484375
100000000000000000000002,1,920625000,0,-46.5,3.00660234425586,0,0,0.640036010742188,1.63,0,-5399.9521484375
100000000000000000000004,1,920625000,0,-49.5,6.12365130523948,0,0,0.640036010742188,1.63,0,-5399.9521484375
100000000000000000000005,1,920625000,0,-61.5,1.01242732000452,0,0,0.640036010742188,1.63,0,-5399.9521484375
100000000000000000000005,1,920625000,0,-62,1.00015547370144,0,0,0.640036010742188,1.63,0,-5399.9521484375
100000000000000000000004,1,920625000,0,-49.5,6.12978722839102,0,0,0.640036010742188,1.63,0,-5399.9521484375
100000000000000000000003,1,920625000,0,-46.5,4.27673843662517,0,0,0.640036010742188,1.63,0,-5399.9521484375
100000000000000000000001,1,920625000,0,-47,1.06151470521686,0,0,0.640036010742188,1.63,0,-5399.9521484375
100000000000000000000002,1,920625000,0,-46.5,3.01887419055894,0,0,0.640036010742188,1.63,0,-5399.9521484375
100000000000000000000000,1,920625000,0,-57,4.44240836171682,0,0,0.640036010742188,1.63,0,-5399.9521484375
100000000000000000000004,1,920625000,0,-49.5,6.14205907469411,0,0,0.640036010742188,1.63,0,-5399.9521484375
100000000000000000000005,1,920625000,0,-62,0.975611781095267,0,0,0.640036010742188,1.63,0,-5399.9521484375
100000000000000000000000,1,920625000,0,-56.5,4.52831128583841,0,0,0.640036010742188,1.63,0,-5399.9521484375
100000000000000000000001,1,920625000,0,-47,1.06765062836841,0,0,0.640036010742188,1.63,0,-5399.9521484375
100000000000000000000002,1,920625000,0,-46.5,3.0127382674074,0,0,0.640036010742188,1.63,0,-5399.9521484375
100000000000000000000003,1,920625000,0,-46.5,4.25833066717054,0,0,0.640036010742188,1.63,0,-5399.9521484375
100000000000000000000005,1,920625000,0,-61.5,1.03697101261069,0,0,0.640036010742188,1.63,0,-5399.9521484375
100000000000000000000003,1,920625000,0,-46,4.28287435977671,0,0,0.640036010742188,1.63,0,-5399.9521484375
100000000000000000000000,1,920625000,0,-57,4.51603943953533,0,0,0.640036010742188,1.63,0,-5399.9521484375
100000000000000000000001,1,920625000,0,-47,1.07992247467149,0,0,0.640036010742188,1.63,0,-5399.9521484375
100000000000000000000002,1,920625000,0,-46.5,3.03114603686203,0,0,0.640036010742188,1.63,0,-5399.9521484375
100000000000000000000004,1,920625000,0,-49.5,6.14205907469411,0,0,0.640036010742188,1.63,0,-5399.9521484375
100000000000000000000001,1,920625000,0,-47,1.06765062836841,0,0,0.640036010742188,1.63,0,-5399.9521484375
100000000000000000000004,1,920625000,0,-49.5,6.12978722839102,0,0,0.640036010742188,1.63,0,-5399.9521484375
100000000000000000000000,1,920625000,0,-57,4.47922390062607,0,0,0.640036010742188,1.63,0,-5399.9521484375
100000000000000000000003,1,920625000,0,-46,4.27673843662517,0,0,0.640036010742188,1.63,0,-5399.9521484375
100000000000000000000005,1,920625000,0,-62,0.994019550549895,0,0,0.640036010742188,1.63,0,-5399.9521484375
100000000000000000000002,1,920625000,0,-46.5,3.00046642110431,0,0,0.640036010742188,1.63,0,-5399.9521484375
100000000000000000000000,1,920625000,0,-57,4.50376759323224,0,0,0.640036010742188,1.63,0,-5399.9521484375
100000000000000000000002,1,920625000,0,-46.5,3.01887419055894,0,0,0.640036010742188,1.63,0,-5399.9521484375
100000000000000000000004,1,920625000,0,-49.5,6.12978722839102,0,0,0.640036010742188,1.63,0,-5399.9521484375
100000000000000000000001,1,920625000,0,-47,1.07992247467149,0,0,0.640036010742188,1.63,0,-5399.9521484375
100000000000000000000003,1,920625000,0,-46.5,4.27673843662517,0,0,0.640036010742188,1.63,0,-5399.9521484375
100000000000000000000005,1,920625000,0,-62,1.01856324315607,0,0,0.640036010742188,1.63,0,-5399.9521484375
100000000000000000000002,1,920625000,0,-46.5,3.02501011371048,0,0,0.640036010742188,1.63,0,-5399.9521484375
100000000000000000000004,1,920625000,0,-49.5,6.12365130523948,0,0,0.640036010742188,1.63,0,-5399.9521484375
100000000000000000000005,1,920625000,0,-61.5,1.02469916630761,0,0,0.640036010742188,1.63,0,-5399.9521484375
100000000000000000000003,1,920625000,0,-46.5,4.30128212923134,0,0,0.640036010742188,1.63,0,-5399.9521484375
100000000000000000000000,1,920625000,0,-57,4.50376759323224,0,0,0.640036010742188,1.63,0,-5399.9521484375
100000000000000000000001,1,920625000,0,-47,1.06765062836841,0,0,0.640036010742188,1.63,0,-5399.9521484375
100000000000000000000002,1,920625000,0,-46.5,3.01887419055894,0,0,0.640036010742188,1.63,0,-5399.9521484375
100000000000000000000005,1,920625000,0,-61.5,1.00015547370144,0,0,0.640036010742188,1.63,0,-5399.9521484375
100000000000000000000004,1,920625000,0,-49.5,6.11751538208794,0,0,0.640036010742188,1.63,0,-5399.9521484375
100000000000000000000003,1,920625000,0,-46.5,4.28287435977671,0,0,0.640036010742188,1.63,0,-5399.9521484375
100000000000000000000000,1,920625000,0,-57,4.46695205432299,0,0,0.640036010742188,1.63,0,-5399.9521484375
100000000000000000000001,1,920625000,0,-47,1.06765062836841,0,0,0.640036010742188,1.63,0,-5399.9521484375
100000000000000000000003,1,920625000,0,-46,4.26446659032208,0,0,0.640036010742188,1.63,0,-5399.9521484375
100000000000000000000002,1,920625000,0,-46.5,3.00660234425586,0,0,0.640036010742188,1.63,0,-5399.9521484375
100000000000000000000001,1,920625000,0,-47,1.06151470521686,0,0,0.640036010742188,1.63,0,-5399.9521484375
100000000000000000000004,1,920625000,0,-49.5,6.14205907469411,0,0,0.640036010742188,1.63,0,-5399.9521484375
100000000000000000000000,1,920625000,0,-57,4.52831128583841,0,0,0.640036010742188,1.63,0,-5399.9521484375
100000000000000000000005,1,920625000,0,-61.5,0.938796242186013,0,0,0.640036010742188,1.63,0,-5399.9521484375
100000000000000000000001,1,920625000,0,-47,1.07992247467149,0,0,0.640036010742188,1.63,0,-5399.9521484375
100000000000000000000000,1,920625000,0,-57,4.44854428486836,0,0,0.640036010742188,1.63,0,-5399.9521484375
100000000000000000000004,1,920625000,0,-49.5,6.15433092099719,0,0,0.640036010742188,1.63,0,-5399.9521484375
100000000000000000000003,1,920625000,0,-46,4.28901028292825,0,0,0.640036010742188,1.63,0,-5399.9521484375
100000000000000000000005,1,920625000,0,-61,0.987883627398353,0,0,0.640036010742188,1.63,0,-5399.9521484375
100000000000000000000002,1,920625000,0,-46.5,3.02501011371048,0,0,0.640036010742188,1.63,0,-5399.9521484375
100000000000000000000000,1,920625000,0,-57,4.49149574692916,0,0,0.640036010742188,1.63,0,-5399.9521484375
100000000000000000000002,1,920625000,0,-46.5,3.02501011371048,0,0,0.640036010742188,1.63,0,-5399.9521484375
100000000000000000000001,1,920625000,0,-47,1.08605839782303,0,0,0.640036010742188,1.63,0,-5399.9521484375
100000000000000000000003,1,920625000,0,-46.5,4.28287435977671,0,0,0.640036010742188,1.63,0,-5399.9521484375
100000000000000000000005,1,920625000,0,-61.5,0.987883627398353,0,0,0.640036010742188,1.63,0,-5399.9521484375
100000000000000000000004,1,920625000,0,-49.5,6.14205907469411,0,0,0.640036010742188,1.63,0,-5399.9521484375
100000000000000000000001,1,920625000,0,-47,1.09219432097458,0,0,0.640036010742188,1.63,0,-5399.9521484375
100000000000000000000005,1,920625000,0,-62,1.03697101261069,0,0,0.640036010742188,1.63,0,-5399.9521484375
100000000000000000000000,1,920625000,0,-57,4.50376759323224,0,0,0.640036010742188,1.63,0,-5399.9521484375
100000000000000000000002,1,920625000,0,-46.5,3.01887419055894,0,0,0.640036010742188,1.63,0,-5399.9521484375
100000000000000000000004,1,920625000,0,-49.5,6.12365130523948,0,0,0.640036010742188,1.63,0,-5399.9521484375
100000000000000000000003,1,920625000,0,-46,4.28901028292825,0,0,0.640036010742188,1.63,0,-5399.9521484375
100000000000000000000001,1,920625000,0,-47,1.06151470521686,0,0,0.640036010742188,1.63,0,-5399.9521484375
100000000000000000000004,1,920625000,0,-49.5,6.14819499784565,0,0,0.640036010742188,1.63,0,-5399.9521484375
100000000000000000000005,1,920625000,0,-61.5,0.987883627398353,0,0,0.640036010742188,1.63,0,-5399.9521484375
100000000000000000000003,1,920625000,0,-46.5,4.28901028292825,0,0,0.640036010742188,1.63,0,-5399.9521484375
100000000000000000000000,1,920625000,0,-57,4.50376759323224,0,0,0.640036010742188,1.63,0,-5399.9521484375
100000000000000000000002,1,920625000,0,-46.5,3.03114603686203,0,0,0.640036010742188,1.63,0,-5399.9521484375
100000000000000000000005,1,920625000,0,-61.5,1.03083508945915,0,0,0.640036010742188,1.63,0,-5399.9521484375
100000000000000000000000,1,920625000,0,-57,4.52217536268687,0,0,0.640036010742188,1.63,0,-5399.9521484375
100000000000000000000003,1,920625000,0,-46,4.27673843662517,0,0,0.640036010742188,1.63,0,-5399.9521484375
100000000000000000000004,1,920625000,0,-49.5,6.14819499784565,0,0,0.640036010742188,1.63,0,-5399.9521484375
100000000000000000000002,1,920625000,0,-46.5,3.0127382674074,0,0,0.640036010742188,1.63,0,-5399.9521484375
100000000000000000000001,1,920625000,0,-47,1.05537878206532,0,0,0.640036010742188,1.63,0,-5399.9521484375
100000000000000000000002,1,920625000,0,-46.5,3.0127382674074,0,0,0.640036010742188,1.63,0,-5399.9521484375
100000000000000000000001,1,920625000,0,-47,1.07378655151995,0,0,0.640036010742188,1.63,0,-5399.9521484375
100000000000000000000003,1,920625000,0,-46,4.27673843662517,0,0,0.640036010742188,1.63,0,-5399.9521484375
100000000000000000000004,1,920625000,0,-49.5,6.15433092099719,0,0,0.640036010742188,1.63,0,-5399.9521484375
100000000000000000000005,1,920625000,0,-61.5,1.04310693576224,0,0,0.640036010742188,1.63,0,-5399.9521484375
100000000000000000000000,1,920625000,0,-57,4.49149574692916,0,0,0.640036010742188,1.63,0,-5399.9521484375
100000000000000000000001,1,920625000,0,-47,1.07992247467149,0,0,0.640036010742188,1.63,0,-5399.9521484375
100000000000000000000000,1,920625000,0,-57,4.53444720898996,0,0,0.640036010742188,1.63,0,-5399.9521484375
100000000000000000000003,1,920625000,0,-46.5,4.27060251347362,0,0,0.640036010742188,1.63,0,-5399.9521484375
100000000000000000000005,1,920625000,0,-61.5,1.02469916630761,0,0,0.640036010742188,1.63,0,-5399.9521484375
100000000000000000000002,1,920625000,0,-46.5,3.00660234425586,0,0,0.640036010742188,1.63,0,-5399.9521484375
100000000000000000000004,1,920625000,0,-49.5,6.11751538208794,0,0,0.640036010742188,1.63,0,-5399.9521484375
100000000000000000000001,1,920625000,0,-47,1.06765062836841,0,0,0.640036010742188,1.63,0,-5399.9521484375
100000000000000000000002,1,920625000,0,-46.5,3.03114603686203,0,0,0.640036010742188,1.63,0,-5399.9521484375
100000000000000000000004,1,920625000,0,-49.5,6.14819499784565,0,0,0.640036010742188,1.63,0,-5399.9521484375
100000000000000000000005,1,920625000,0,-61.5,1.01242732000452,0,0,0.640036010742188,1.63,0,-5399.9521484375
100000000000000000000000,1,920625000,0,-57,4.44240836171682,0,0,0.640036010742188,1.63,0,-5399.9521484375
100000000000000000000003,1,920625000,0,-46,4.30128212923134,0,0,0.640036010742188,1.63,0,-5399.9521484375
100000000000000000000001,1,920625000,0,-47,1.08605839782303,0,0,0.640036010742188,1.63,0,-5399.9521484375
100000000000000000000003,1,920625000,0,-46.5,4.27673843662517,0,0,0.640036010742188,1.63,0,-5399.9521484375
100000000000000000000005,1,920625000,0,-62,1.18423316824772,0,0,0.640036010742188,1.63,0,-5399.9521484375
100000000000000000000004,1,920625000,0,-49.5,6.12978722839102,0,0,0.640036010742188,1.63,0,-5399.9521484375
100000000000000000000000,1,920625000,0,-57,4.50376759323224,0,0,0.640036010742188,1.63,0,-5399.9521484375
100000000000000000000002,1,920625000,0,-46.5,3.02501011371048,0,0,0.640036010742188,1.63,0,-5399.9521484375
100000000000000000000001,1,920625000,0,-47,1.06151470521686,0,0,0.640036010742188,1.63,0,-5399.9521484375
100000000000000000000002,1,920625000,0,-46.5,3.01887419055894,0,0,0.640036010742188,1.63,0,-5399.9521484375
100000000000000000000005,1,920625000,0,-61.5,1.15968947564155,0,0,0.640036010742188,1.63,0,-5399.9521484375
100000000000000000000000,1,920625000,0,-57,4.53444720898996,0,0,0.640036010742188,1.63,0,-5399.9521484375
100000000000000000000003,1,920625000,0,-46,4.28287435977671,0,0,0.640036010742188,1.63,0,-5399.9521484375
100000000000000000000004,1,920625000,0,-49.5,6.14819499784565,0,0,0.640036010742188,1.63,0,-5399.9521484375
100000000000000000000005,1,920625000,0,-62,1.00629139685298,0,0,0.640036010742188,1.63,0,-5399.9521484375
100000000000000000000002,1,920625000,0,-46.5,3.0127382674074,0,0,0.640036010742188,1.63,0,-5399.9521484375
100000000000000000000001,1,920625000,0,-47,1.07378655151995,0,0,0.640036010742188,1.63,0,-5399.9521484375
100000000000000000000004,1,920625000,0,-49.5,6.13592315154256,0,0,0.640036010742188,1.63,0,-5399.9521484375
100000000000000000000000,1,920625000,0,-57,4.46081613117144,0,0,0.640036010742188,1.63,0,-5399.9521484375
100000000000000000000003,1,920625000,0,-46.5,4.26446659032208,0,0,0.640036010742188,1.63,0,-5399.9521484375
100000000000000000000003,1,920625000,0,-46,4.27060251347362,0,0,0.640036010742188,1.63,0,-5399.9521484375
100000000000000000000004,1,920625000,0,-49.5,6.14205907469411,0,0,0.640036010742188,1.63,0,-5399.9521484375
100000000000000000000000,1,920625000,0,-57,4.55899090159613,0,0,0.640036010742188,1.63,0,-5399.9521484375
100000000000000000000002,1,920625000,0,-46.5,3.02501011371048,0,0,0.640036010742188,1.63,0,-5399.9521484375
100000000000000000000005,1,920625000,0,-61.5,0.963339934792183,0,0,0.640036010742188,1.63,0,-5399.9521484375
100000000000000000000001,1,920625000,0,-47,1.1106020904292,0,0,0.640036010742188,1.63,0,-5399.9521484375
100000000000000000000003,1,920625000,0,-46,4.27060251347362,0,0,0.640036010742188,1.63,0,-5399.9521484375
100000000000000000000004,1,920625000,0,-49.5,6.18501053675491,0,0,0.640036010742188,1.63,0,-5399.9521484375
100000000000000000000002,1,920625000,0,-46.5,3.03728196001357,0,0,0.640036010742188,1.63,0,-5399.9521484375
100000000000000000000001,1,920625000,0,-47,1.06151470521686,0,0,0.640036010742188,1.63,0,-5399.9521484375
100000000000000000000005,1,920625000,0,-62,1.03083508945915,0,0,0.640036010742188,1.63,0,-5399.9521484375
100000000000000000000000,1,920625000,0,-57,4.48535982377761,0,0,0.640036010742188,1.63,0,-5399.9521484375
100000000000000000000003,1,920625000,0,-46.5,4.2951462060798,0,0,0.640036010742188,1.63,0,-5399.9521484375
100000000000000000000002,1,920625000,0,-46.5,3.00046642110431,0,0,0.640036010742188,1.63,0,-5399.9521484375
100000000000000000000004,1,920625000,0,-49.5,6.15433092099719,0,0,0.640036010742188,1.63,0,-5399.9521484375
100000000000000000000001,1,920625000,0,-47,1.09833024412612,0,0,0.640036010742188,1.63,0,-5399.9521484375
100000000000000000000005,1,920625000,0,-62,0.987883627398353,0,0,0.640036010742188,1.63,0,-5399.9521484375
100000000000000000000000,1,920625000,0,-57.5,4.53444720898996,0,0,0.640036010742188,1.63,0,-5399.9521484375
100000000000000000000003,1,920625000,0,-46,4.28287435977671,0,0,0.640036010742188,1.63,0,-5399.9521484375
100000000000000000000005,1,920625000,0,-61.5,1.06151470521686,0,0,0.640036010742188,1.63,0,-5399.9521484375
100000000000000000000002,1,920625000,0,-46.5,3.02501011371048,0,0,0.640036010742188,1.63,0,-5399.9521484375
100000000000000000000004,1,920625000,0,-49.5,6.13592315154256,0,0,0.640036010742188,1.63,0,-5399.9521484375
100000000000000000000000,1,920625000,0,-57,4.47308797747453,0,0,0.640036010742188,1.63,0,-5399.9521484375
100000000000000000000001,1,920625000,0,-47,1.07992247467149,0,0,0.640036010742188,1.63,0,-5399.9521484375
100000000000000000000005,1,920625000,0,-62,1.03083508945915,0,0,0.640036010742188,1.63,0,-5399.9521484375
100000000000000000000003,1,920625000,0,-46,4.30741805238288,0,0,0.640036010742188,1.63,0,-5399.9521484375
100000000000000000000000,1,920625000,0,-57,4.4976316700807,0,0,0.640036010742188,1.63,0,-5399.9521484375
100000000000000000000004,1,920625000,0,-49.5,6.16046684414874,0,0,0.640036010742188,1.63,0,-5399.9521484375
100000000000000000000002,1,920625000,0,-46.5,3.03114603686203,0,0,0.640036010742188,1.63,0,-5399.9521484375
100000000000000000000001,1,920625000,0,-47,1.05537878206532,0,0,0.640036010742188,1.63,0,-5399.9521484375
100000000000000000000004,1,920625000,0,-49.5,6.14205907469411,0,0,0.640036010742188,1.63,0,-5399.9521484375
100000000000000000000002,1,920625000,0,-46.5,3.02501011371048,0,0,0.640036010742188,1.63,0,-5399.9521484375
100000000000000000000001,1,920625000,0,-47,1.07992247467149,0,0,0.640036010742188,1.63,0,-5399.9521484375
100000000000000000000005,1,920625000,0,-62,1.00629139685298,0,0,0.640036010742188,1.63,0,-5399.9521484375
100000000000000000000000,1,920625000,0,-57,4.50376759323224,0,0,0.640036010742188,1.63,0,-5399.9521484375
100000000000000000000003,1,920625000,0,-46,4.2951462060798,0,0,0.640036010742188,1.63,0,-5399.9521484375
100000000000000000000004,1,920625000,0,-49.5,6.16046684414874,0,0,0.640036010742188,1.63,0,-5399.9521484375
100000000000000000000002,1,920625000,0,-46.5,3.03114603686203,0,0,0.640036010742188,1.63,0,-5399.9521484375
100000000000000000000001,1,920625000,0,-47,1.05537878206532,0,0,0.640036010742188,1.63,0,-5399.9521484375
100000000000000000000003,1,920625000,0,-46.5,4.27673843662517,0,0,0.640036010742188,1.63,0,-5399.9521484375
100000000000000000000000,1,920625000,0,-57,4.47308797747453,0,0,0.640036010742188,1.63,0,-5399.9521484375
100000000000000000000005,1,920625000,0,-61.5,1.06765062836841,0,0,0.640036010742188,1.63,0,-5399.9521484375
100000000000000000000002,1,920625000,0,-46.5,3.03114603686203,0,0,0.640036010742188,1.63,0,-5399.9521484375
100000000000000000000005,1,920625000,0,-62,0.951068088489097,0,0,0.640036010742188,1.63,0,-5399.9521484375
100000000000000000000004,1,920625000,0,-49.5,6.16046684414874,0,0,0.640036010742188,1.63,0,-5399.9521484375
100000000000000000000003,1,920625000,0,-46.5,4.24605882086745,0,0,0.640036010742188,1.63,0,-5399.9521484375
100000000000000000000001,1,920625000,0,-47,1.07992247467149,0,0,0.640036010742188,1.63,0,-5399.9521484375
100000000000000000000000,1,920625000,0,-57,4.46695205432299,0,0,0.640036010742188,1.63,0,-5399.9521484375
100000000000000000000001,1,920625000,0,-47,1.07992247467149,0,0,0.640036010742188,1.63,0,-5399.9521484375
100000000000000000000004,1,920625000,0,-49.5,6.15433092099719,0,0,0.640036010742188,1.63,0,-5399.9521484375
100000000000000000000002,1,920625000,0,-46.5,3.04955380631665,0,0,0.640036010742188,1.63,0,-5399.9521484375
100000000000000000000003,1,920625000,0,-46.5,4.28901028292825,0,0,0.640036010742188,1.63,0,-5399.9521484375
100000000000000000000000,1,920625000,0,-57,4.55899090159613,0,0,0.640036010742188,1.63,0,-5399.9521484375
100000000000000000000005,1,920625000,0,-62,0.951068088489097,0,0,0.640036010742188,1.63,0,-5399.9521484375
100000000000000000000004,1,920625000,0,-49.5,6.15433092099719,0,0,0.640036010742188,1.63,0,-5399.9521484375
100000000000000000000002,1,920625000,0,-46.5,3.03728196001357,0,0,0.640036010742188,1.63,0,-5399.9521484375
100000000000000000000005,1,920625000,0,-61.5,0.987883627398353,0,0,0.640036010742188,1.63,0,-5399.9521484375
100000000000000000000003,1,920625000,0,-46,4.27673843662517,0,0,0.640036010742188,1.63,0,-5399.9521484375
100000000000000000000001,1,920625000,0,-47,1.07378655151995,0,0,0.640036010742188,1.63,0,-5399.9521484375
100000000000000000000000,1,920625000,0,-57,4.51603943953533,0,0,0.640036010742188,1.63,0,-5399.9521484375
100000000000000000000001,1,920625000,0,-47,1.08605839782303,0,0,0.640036010742188,1.63,0,-5399.9521484375
100000000000000000000002,1,920625000,0,-46.5,3.03114603686203,0,0,0.640036010742188,1.63,0,-5399.9521484375
100000000000000000000004,1,920625000,0,-49.5,6.12978722839102,0,0,0.640036010742188,1.63,0,-5399.9521484375
100000000000000000000005,1,920625000,0,-62,1.02469916630761,0,0,0.640036010742188,1.63,0,-5399.9521484375
100000000000000000000003,1,920625000,0,-46.5,4.28287435977671,0,0,0.640036010742188,1.63,0,-5399.9521484375
100000000000000000000000,1,920625000,0,-57,4.52217536268687,0,0,0.640036010742188,1.63,0,-5399.9521484375
100000000000000000000001,1,920625000,0,-47,1.06765062836841,0,0,0.640036010742188,1.63,0,-5399.9521484375
100000000000000000000004,1,920625000,0,-49.5,6.12365130523948,0,0,0.640036010742188,1.63,0,-5399.9521484375
100000000000000000000003,1,920625000,0,-46.5,4.28287435977671,0,0,0.640036010742188,1.63,0,-5399.9521484375
100000000000000000000005,1,920625000,0,-61.5,1.03083508945915,0,0,0.640036010742188,1.63,0,-5399.9521484375
100000000000000000000002,1,920625000,0,-46.5,3.01887419055894,0,0,0.640036010742188,1.63,0,-5399.9521484375
100000000000000000000000,1,920625000,0,-57,4.4976316700807,0,0,0.640036010742188,1.63,0,-5399.9521484375
100000000000000000000002,1,920625000,0,-46.5,3.02501011371048,0,0,0.640036010742188,1.63,0,-5399.9521484375
100000000000000000000003,1,920625000,0,-46.5,4.28901028292825,0,0,0.640036010742188,1.63,0,-5399.9521484375
100000000000000000000004,1,920625000,0,-50,6.13592315154256,0,0,0.640036010742188,1.63,0,-5399.9521484375
100000000000000000000001,1,920625000,0,-47,1.06765062836841,0,0,0.640036010742188,1.63,0,-5399.9521484375
100000000000000000000005,1,920625000,0,-62,1.06151470521686,0,0,0.640036010742188,1.63,0,-5399.9521484375
100000000000000000000000,1,920625000,0,-57,4.52831128583841,0,0,0.640036010742188,1.63,0,-5399.9521484375
100000000000000000000003,1,920625000,0,-46,4.27673843662517,0,0,0.640036010742188,1.63,0,-5399.9521484375
100000000000000000000002,1,920625000,0,-46.5,3.00660234425586,0,0,0.640036010742188,1.63,0,-5399.9521484375
100000000000000000000000,1,920625000,0,-57,4.54671905529304,0,0,0.640036010742188,1.63,0,-5399.9521484375
100000000000000000000004,1,920625000,0,-49.5,6.14205907469411,0,0,0.640036010742188,1.63,0,-5399.9521484375
100000000000000000000005,1,920625000,0,-62.5,0.987883627398353,0,0,0.640036010742188,1.63,0,-5399.9521484375
100000000000000000000001,1,920625000,0,-47,1.07378655151995,0,0,0.640036010742188,1.63,0,-5399.9521484375
100000000000000000000000,1,920625000,0,-57,4.51603943953533,0,0,0.640036010742188,1.63,0,-5399.9521484375
100000000000000000000002,1,920625000,0,-46.5,3.01887419055894,0,0,0.640036010742188,1.63,0,-5399.9521484375
100000000000000000000001,1,920625000,0,-47,1.07992247467149,0,0,0.640036010742188,1.63,0,-5399.9521484375
100000000000000000000005,1,920625000,0,-62.5,1.01856324315607,0,0,0.640036010742188,1.63,0,-5399.9521484375
100000000000000000000003,1,920625000,0,-46.5,4.27673843662517,0,0,0.640036010742188,1.63,0,-5399.9521484375
100000000000000000000004,1,920625000,0,-49.5,6.12978722839102,0,0,0.640036010742188,1.63,0,-5399.9521484375
100000000000000000000005,1,920625000,0,-62,0.951068088489097,0,0,0.640036010742188,1.63,0,-5399.9521484375
100000000000000000000002,1,920625000,0,-46.5,3.03728196001357,0,0,0.640036010742188,1.63,0,-5399.9521484375
100000000000000000000000,1,920625000,0,-57,4.50376759323224,0,0,0.640036010742188,1.63,0,-5399.9521484375
100000000000000000000004,1,920625000,0,-49.5,6.14205907469411,0,0,0.640036010742188,1.63,0,-5399.9521484375
100000000000000000000001,1,920625000,0,-47,1.07378655151995,0,0,0.640036010742188,1.63,0,-5399.9521484375
100000000000000000000003,1,920625000,0,-46,4.28901028292825,0,0,0.640036010742188,1.63,0,-5399.9521484375
100000000000000000000002,1,920625000,0,-46.5,3.02501011371048,0,0,0.640036010742188,1.63,0,-5399.9521484375
100000000000000000000003,1,920625000,0,-46,4.27060251347362,0,0,0.640036010742188,1.63,0,-5399.9521484375
100000000000000000000004,1,920625000,0,-49.5,6.13592315154256,0,0,0.640036010742188,1.63,0,-5399.9521484375
100000000000000000000000,1,920625000,0,-57,4.49149574692916,0,0,0.640036010742188,1.63,0,-5399.9521484375
100000000000000000000001,1,920625000,0,-47,1.05537878206532,0,0,0.640036010742188,1.63,0,-5399.9521484375
100000000000000000000005,1,920625000,0,-62,1.01856324315607,0,0,0.640036010742188,1.63,0,-5399.9521484375
100000000000000000000005,1,920625000,0,-61.5,1.00629139685298,0,0,0.640036010742188,1.63,0,-5399.9521484375
100000000000000000000001,1,920625000,0,-47,1.07992247467149,0,0,0.640036010742188,1.63,0,-5399.9521484375
100000000000000000000003,1,920625000,0,-46.5,4.27060251347362,0,0,0.640036010742188,1.63,0,-5399.9521484375
100000000000000000000002,1,920625000,0,-46.5,3.03114603686203,0,0,0.640036010742188,1.63,0,-5399.9521484375
100000000000000000000004,1,920625000,0,-49.5,6.12978722839102,0,0,0.640036010742188,1.63,0,-5399.9521484375
100000000000000000000000,1,920625000,0,-57,4.52831128583841,0,0,0.640036010742188,1.63,0,-5399.9521484375
100000000000000000000000,1,920625000,0,-57,4.51603943953533,0,0,0.640036010742188,1.63,0,-5399.9521484375
100000000000000000000001,1,920625000,0,-47,1.06765062836841,0,0,0.640036010742188,1.63,0,-5399.9521484375
100000000000000000000005,1,920625000,0,-61.5,0.987883627398353,0,0,0.640036010742188,1.63,0,-5399.9521484375
100000000000000000000004,1,920625000,0,-49,6.16046684414874,0,0,0.640036010742188,1.63,0,-5399.9521484375
100000000000000000000002,1,920625000,0,-46.5,3.03728196001357,0,0,0.640036010742188,1.63,0,-5399.9521484375
100000000000000000000003,1,920625000,0,-46.5,4.27060251347362,0,0,0.640036010742188,1.63,0,-5399.9521484375
100000000000000000000000,1,920625000,0,-57,4.55285497844458,0,0,0.640036010742188,1.63,0,-5399.9521484375
100000000000000000000004,1,920625000,0,-49.5,6.12978722839102,0,0,0.640036010742188,1.63,0,-5399.9521484375
100000000000000000000002,1,920625000,0,-46.5,3.01887419055894,0,0,0.640036010742188,1.63,0,-5399.9521484375
100000000000000000000001,1,920625000,0,-47,1.06151470521686,0,0,0.640036010742188,1.63,0,-5399.9521484375
100000000000000000000005,1,920625000,0,-61,1.01856324315607,0,0,0.640036010742188,1.63,0,-5399.9521484375
100000000000000000000003,1,920625000,0,-46.5,4.252194744019,0,0,0.640036010742188,1.63,0,-5399.9521484375
100000000000000000000001,1,920625000,0,-47,1.09219432097458,0,0,0.640036010742188,1.63,0,-5399.9521484375
100000000000000000000002,1,920625000,0,-46.5,3.02501011371048,0,0,0.640036010742188,1.63,0,-5399.9521484375
100000000000000000000005,1,920625000,0,-62,1.00015547370144,0,0,0.640036010742188,1.63,0,-5399.9521484375
100000000000000000000003,1,920625000,0,-46,4.27673843662517,0,0,0.640036010742188,1.63,0,-5399.9521484375
100000000000000000000004,1,920625000,0,-49.5,6.15433092099719,0,0,0.640036010742188,1.63,0,-5399.9521484375
100000000000000000000000,1,920625000,0,-57,4.47308797747453,0,0,0.640036010742188,1.63,0,-5399.9521484375
100000000000000000000000,1,920625000,0,-57,4.52217536268687,0,0,0.640036010742188,1.63,0,-5399.9521484375
100000000000000000000001,1,920625000,0,-47,1.07378655151995,0,0,0.640036010742188,1.63,0,-5399.9521484375
100000000000000000000004,1,920625000,0,-49.5,6.13592315154256,0,0,0.640036010742188,1.63,0,-5399.9521484375
100000000000000000000002,1,920625000,0,-46.5,3.02501011371048,0,0,0.640036010742188,1.63,0,-5399.9521484375
100000000000000000000003,1,920625000,0,-46,4.28901028292825,0,0,0.640036010742188,1.63,0,-5399.9521484375
100000000000000000000005,1,920625000,0,-62,0.987883627398353,0,0,0.640036010742188,1.63,0,-5399.9521484375
100000000000000000000003,1,920625000,0,-46,4.28287435977671,0,0,0.640036010742188,1.63,0,-5399.9521484375
100000000000000000000005,1,920625000,0,-62,1.04310693576224,0,0,0.640036010742188,1.63,0,-5399.9521484375
100000000000000000000000,1,920625000,0,-57,4.50990351638379,0,0,0.640036010742188,1.63,0,-5399.9521484375
100000000000000000000001,1,920625000,0,-47,1.07992247467149,0,0,0.640036010742188,1.63,0,-5399.9521484375
100000000000000000000004,1,920625000,0,-49.5,6.14205907469411,0,0,0.640036010742188,1.63,0,-5399.9521484375
100000000000000000000002,1,920625000,0,-46.5,3.02501011371048,0,0,0.640036010742188,1.63,0,-5399.9521484375
100000000000000000000003,1,920625000,0,-46,4.27673843662517,0,0,0.640036010742188,1.63,0,-5399.9521484375
100000000000000000000001,1,920625000,0,-47,1.07992247467149,0,0,0.640036010742188,1.63,0,-5399.9521484375
100000000000000000000002,1,920625000,0,-46.5,3.02501011371048,0,0,0.640036010742188,1.63,0,-5399.9521484375
100000000000000000000005,1,920625000,0,-62,0.975611781095267,0,0,0.640036010742188,1.63,0,-5399.9521484375
100000000000000000000000,1,920625000,0,-57,4.50990351638379,0,0,0.640036010742188,1.63,0,-5399.9521484375
100000000000000000000004,1,920625000,0,-49.5,6.13592315154256,0,0,0.640036010742188,1.63,0,-5399.9521484375
100000000000000000000000,1,920625000,0,-57,4.4976316700807,0,0,0.640036010742188,1.63,0,-5399.9521484375
100000000000000000000005,1,920625000,0,-62,0.994019550549895,0,0,0.640036010742188,1.63,0,-5399.9521484375
100000000000000000000001,1,920625000,0,-47,1.06151470521686,0,0,0.640036010742188,1.63,0,-5399.9521484375
100000000000000000000003,1,920625000,0,-46.5,4.27673843662517,0,0,0.640036010742188,1.63,0,-5399.9521484375
100000000000000000000004,1,920625000,0,-49.5,6.13592315154256,0,0,0.640036010742188,1.63,0,-5399.9521484375
100000000000000000000002,1,920625000,0,-46.5,3.02501011371048,0,0,0.640036010742188,1.63,0,-5399.9521484375
100000000000000000000001,1,920625000,0,-47,1.06765062836841,0,0,0.640036010742188,1.63,0,-5399.9521484375
100000000000000000000000,1,920625000,0,-57,4.50376759323224,0,0,0.640036010742188,1.63,0,-5399.9521484375
100000000000000000000005,1,920625000,0,-62,1.04310693576224,0,0,0.640036010742188,1.63,0,-5399.9521484375
100000000000000000000003,1,920625000,0,-46,4.27673843662517,0,0,0.640036010742188,1.63,0,-5399.9521484375
100000000000000000000002,1,920625000,0,-46.5,3.03728196001357,0,0,0.640036010742188,1.63,0,-5399.9521484375
100000000000000000000004,1,920625000,0,-49.5,6.12978722839102,0,0,0.640036010742188,1.63,0,-5399.9521484375
100000000000000000000002,1,920625000,0,-46.5,3.02501011371048,0,0,0.640036010742188,1.63,0,-5399.9521484375
100000000000000000000003,1,920625000,0,-46,4.28287435977671,0,0,0.640036010742188,1.63,0,-5399.9521484375
100000000000000000000005,1,920625000,0,-62,0.987883627398353,0,0,0.640036010742188,1.63,0,-5399.9521484375
100000000000000000000001,1,920625000,0,-47,1.06765062836841,0,0,0.640036010742188,1.63,0,-5399.9521484375
100000000000000000000000,1,920625000,0,-57,4.4546802080199,0,0,0.640036010742188,1.63,0,-5399.9521484375
100000000000000000000004,1,920625000,0,-49.5,6.14205907469411,0,0,0.640036010742188,1.63,0,-5399.9521484375
100000000000000000000002,1,920625000,0,-46.5,3.03114603686203,0,0,0.640036010742188,1.63,0,-5399.9521484375
100000000000000000000001,1,920625000,0,-47,1.09219432097458,0,0,0.640036010742188,1.63,0,-5399.9521484375
100000000000000000000005,1,920625000,0,-62,0.994019550549895,0,0,0.640036010742188,1.63,0,-5399.9521484375
100000000000000000000003,1,920625000,0,-46,4.28287435977671,0,0,0.640036010742188,1.63,0,-5399.9521484375
100000000000000000000000,1,920625000,0,-57,4.4976316700807,0,0,0.640036010742188,1.63,0,-5399.9521484375
100000000000000000000004,1,920625000,0,-49.5,6.14819499784565,0,0,0.640036010742188,1.63,0,-5399.9521484375
100000000000000000000000,1,920625000,0,-57,4.52831128583841,0,0,0.640036010742188,1.63,0,-5399.9521484375
100000000000000000000005,1,920625000,0,-61.5,1.02469916630761,0,0,0.640036010742188,1.63,0,-5399.9521484375
100000000000000000000003,1,920625000,0,-46.5,4.28901028292825,0,0,0.640036010742188,1.63,0,-5399.9521484375
100000000000000000000004,1,920625000,0,-49.5,6.12365130523948,0,0,0.640036010742188,1.63,0,-5399.9521484375
100000000000000000000002,1,920625000,0,-46.5,3.00660234425586,0,0,0.640036010742188,1.63,0,-5399.9521484375
100000000000000000000001,1,920625000,0,-47,1.08605839782303,0,0,0.640036010742188,1.63,0,-5399.9521484375
100000000000000000000002,1,920625000,0,-46.5,3.02501011371048,0,0,0.640036010742188,1.63,0,-5399.9521484375
100000000000000000000001,1,920625000,0,-47,1.04924285891378,0,0,0.640036010742188,1.63,0,-5399.9521484375
100000000000000000000005,1,920625000,0,-62,1.01856324315607,0,0,0.640036010742188,1.63,0,-5399.9521484375
100000000000000000000003,1,920625000,0,-46.5,4.27673843662517,0,0,0.640036010742188,1.63,0,-5399.9521484375
100000000000000000000004,1,920625000,0,-49.5,6.12978722839102,0,0,0.640036010742188,1.63,0,-5399.9521484375
100000000000000000000000,1,920625000,0,-57.5,4.52217536268687,0,0,0.640036010742188,1.63,0,-5399.9521484375
100000000000000000000000,1,920625000,0,-57,4.47922390062607,0,0,0.640036010742188,1.63,0,-5399.9521484375
100000000000000000000003,1,920625000,0,-46,4.28901028292825,0,0,0.640036010742188,1.63,0,-5399.9521484375
100000000000000000000004,1,920625000,0,-49.5,6.13592315154256,0,0,0.640036010742188,1.63,0,-5399.9521484375
100000000000000000000001,1,920625000,0,-47,1.06151470521686,0,0,0.640036010742188,1.63,0,-5399.9521484375
100000000000000000000002,1,920625000,0,-46.5,3.01887419055894,0,0,0.640036010742188,1.63,0,-5399.9521484375
100000000000000000000005,1,920625000,0,-62,0.994019550549895,0,0,0.640036010742188,1.63,0,-5399.9521484375
100000000000000000000000,1,920625000,0,-57,4.44854428486836,0,0,0.640036010742188,1.63,0,-5399.9521484375
100000000000000000000004,1,920625000,0,-49.5,6.11137945893639,0,0,0.640036010742188,1.63,0,-5399.9521484375
100000000000000000000002,1,920625000,0,-46.5,3.00046642110431,0,0,0.640036010742188,1.63,0,-5399.9521484375
100000000000000000000001,1,920625000,0,-47,1.06151470521686,0,0,0.640036010742188,1.63,0,-5399.9521484375
100000000000000000000005,1,920625000,0,-61.5,0.975611781095267,0,0,0.640036010742188,1.63,0,-5399.9521484375
100000000000000000000003,1,920625000,0,-46.5,4.27673843662517,0,0,0.640036010742188,1.63,0,-5399.9521484375
100000000000000000000003,1,920625000,0,-46,4.27060251347362,0,0,0.640036010742188,1.63,0,-5399.9521484375
100000000000000000000002,1,920625000,0,-46.5,3.01887419055894,0,0,0.640036010742188,1.63,0,-5399.9521484375
100000000000000000000005,1,920625000,0,-62,1.07378655151995,0,0,0.640036010742188,1.63,0,-5399.9521484375
100000000000000000000004,1,920625000,0,-49.5,6.13592315154256,0,0,0.640036010742188,1.63,0,-5399.9521484375
100000000000000000000001,1,920625000,0,-47,1.07378655151995,0,0,0.640036010742188,1.63,0,-5399.9521484375
100000000000000000000000,1,920625000,0,-57,4.52831128583841,0,0,0.640036010742188,1.63,0,-5399.9521484375
100000000000000000000000,1,920625000,0,-57,4.51603943953533,0,0,0.640036010742188,1.63,0,-5399.9521484375
100000000000000000000002,1,920625000,0,-46.5,3.00046642110431,0,0,0.640036010742188,1.63,0,-5399.9521484375
100000000000000000000003,1,920625000,0,-46,4.27060251347362,0,0,0.640036010742188,1.63,0,-5399.9521484375
100000000000000000000005,1,920625000,0,-62,1.00629139685298,0,0,0.640036010742188,1.63,0,-5399.9521484375
100000000000000000000001,1,920625000,0,-47,1.06151470521686,0,0,0.640036010742188,1.63,0,-5399.9521484375
100000000000000000000004,1,920625000,0,-49.5,6.14205907469411,0,0,0.640036010742188,1.63,0,-5399.9521484375
100000000000000000000001,1,920625000,0,-47,1.07378655151995,0,0,0.640036010742188,1.63,0,-5399.9521484375
100000000000000000000000,1,920625000,0,-57,4.49149574692916,0,0,0.640036010742188,1.63,0,-5399.9521484375
100000000000000000000004,1,920625000,0,-49.5,6.12365130523948,0,0,0.640036010742188,1.63,0,-5399.9521484375
100000000000000000000005,1,920625000,0,-62,1.02469916630761,0,0,0.640036010742188,1.63,0,-5399.9521484375
100000000000000000000003,1,920625000,0,-46,4.27060251347362,0,0,0.640036010742188,1.63,0,-5399.9521484375
100000000000000000000002,1,920625000,0,-46.5,3.00046642110431,0,0,0.640036010742188,1.63,0,-5399.9521484375
100000000000000000000003,1,920625000,0,-46,4.252194744019,0,0,0.640036010742188,1.63,0,-5399.9521484375
100000000000000000000000,1,920625000,0,-57,4.52217536268687,0,0,0.640036010742188,1.63,0,-5399.9521484375
100000000000000000000004,1,920625000,0,-49.5,6.13592315154256,0,0,0.640036010742188,1.63,0,-5399.9521484375
100000000000000000000001,1,920625000,0,-47,1.06765062836841,0,0,0.640036010742188,1.63,0,-5399.9521484375
100000000000000000000002,1,920625000,0,-46.5,3.03728196001357,0,0,0.640036010742188,1.63,0,-5399.9521484375
100000000000000000000005,1,920625000,0,-62,1.04310693576224,0,0,0.640036010742188,1.63,0,-5399.9521484375
100000000000000000000005,1,920625000,0,-61.5,1.01856324315607,0,0,0.640036010742188,1.63,0,-5399.9521484375
100000000000000000000000,1,920625000,0,-57,4.54671905529304,0,0,0.640036010742188,1.63,0,-5399.9521484375
100000000000000000000001,1,920625000,0,-47,1.04924285891378,0,0,0.640036010742188,1.63,0,-5399.9521484375
100000000000000000000004,1,920625000,0,-49.5,6.14819499784565,0,0,0.640036010742188,1.63,0,-5399.9521484375
100000000000000000000003,1,920625000,0,-46,4.27060251347362,0,0,0.640036010742188,1.63,0,-5399.9521484375
100000000000000000000002,1,920625000,0,-46.5,3.01887419055894,0,0,0.640036010742188,1.63,0,-5399.9521484375
100000000000000000000001,1,920625000,0,-47,1.07992247467149,0,0,0.640036010742188,1.63,0,-5399.9521484375
100000000000000000000000,1,920625000,0,-57,4.53444720898996,0,0,0.640036010742188,1.63,0,-5399.9521484375
100000000000000000000002,1,920625000,0,-46.5,3.02501011371048,0,0,0.640036010742188,1.63,0,-5399.9521484375
100000000000000000000003,1,920625000,0,-46.5,4.28287435977671,0,0,0.640036010742188,1.63,0,-5399.9521484375
100000000000000000000005,1,920625000,0,-61.5,0.889708856973672,0,0,0.640036010742188,1.63,0,-5399.9521484375
100000000000000000000004,1,920625000,0,-49.5,6.13592315154256,0,0,0.640036010742188,1.63,0,-5399.9521484375
100000000000000000000000,1,920625000,0,-57,4.51603943953533,0,0,0.640036010742188,1.63,0,-5399.9521484375
100000000000000000000001,1,920625000,0,-47,1.07992247467149,0,0,0.640036010742188,1.63,0,-5399.9521484375
100000000000000000000003,1,920625000,0,-46,4.28287435977671,0,0,0.640036010742188,1.63,0,-5399.9521484375
100000000000000000000005,1,920625000,0,-62,1.03083508945915,0,0,0.640036010742188,1.63,0,-5399.9521484375
100000000000000000000004,1,920625000,0,-49.5,6.15433092099719,0,0,0.640036010742188,1.63,0,-5399.9521484375
100000000000000000000002,1,920625000,0,-46.5,3.04955380631665,0,0,0.640036010742188,1.63,0,-5399.9521484375
100000000000000000000005,1,920625000,0,-61.5,0.987883627398353,0,0,0.640036010742188,1.63,0,-5399.9521484375
100000000000000000000004,1,920625000,0,-49.5,6.13592315154256,0,0,0.640036010742188,1.63,0,-5399.9521484375
100000000000000000000002,1,920625000,0,-46.5,3.01887419055894,0,0,0.640036010742188,1.63,0,-5399.9521484375
100000000000000000000000,1,920625000,0,-57,4.50376759323224,0,0,0.640036010742188,1.63,0,-5399.9521484375
100000000000000000000001,1,920625000,0,-47,1.07378655151995,0,0,0.640036010742188,1.63,0,-5399.9521484375
100000000000000000000003,1,920625000,0,-46.5,4.27673843662517,0,0,0.640036010742188,1.63,0,-5399.9521484375
100000000000000000000004,1,920625000,0,-49.5,6.13592315154256,0,0,0.640036010742188,1.63,0,-5399.9521484375
100000000000000000000000,1,920625000,0,-57,4.49149574692916,0,0,0.640036010742188,1.63,0,-5399.9521484375
100000000000000000000003,1,920625000,0,-46,4.28901028292825,0,0,0.640036010742188,1.63,0,-5399.9521484375
100000000000000000000005,1,920625000,0,-62,1.01242732000452,0,0,0.640036010742188,1.63,0,-5399.9521484375
100000000000000000000002,1,920625000,0,-46.5,3.03114603686203,0,0,0.640036010742188,1.63,0,-5399.9521484375
100000000000000000000001,1,920625000,0,-47,1.07992247467149,0,0,0.640036010742188,1.63,0,-5399.9521484375
100000000000000000000005,1,920625000,0,-61.5,1.02469916630761,0,0,0.640036010742188,1.63,0,-5399.9521484375
100000000000000000000003,1,920625000,0,-46,4.27060251347362,0,0,0.640036010742188,1.63,0,-5399.9521484375
100000000000000000000002,1,920625000,0,-46.5,3.03114603686203,0,0,0.640036010742188,1.63,0,-5399.9521484375
100000000000000000000004,1,920625000,0,-49.5,6.14205907469411,0,0,0.640036010742188,1.63,0,-5399.9521484375
100000000000000000000001,1,920625000,0,-47,1.08605839782303,0,0,0.640036010742188,1.63,0,-5399.9521484375
100000000000000000000000,1,920625000,0,-57,4.49149574692916,0,0,0.640036010742188,1.63,0,-5399.9521484375
100000000000000000000000,1,920625000,0,-57,4.50376759323224,0,0,0.640036010742188,1.63,0,-5399.9521484375
100000000000000000000004,1,920625000,0,-49.5,6.14819499784565,0,0,0.640036010742188,1.63,0,-5399.9521484375
100000000000000000000005,1,920625000,0,-61.5,1.05537878206532,0,0,0.640036010742188,1.63,0,-5399.9521484375
100000000000000000000003,1,920625000,0,-46,4.27673843662517,0,0,0.640036010742188,1.63,0,-5399.9521484375
100000000000000000000002,1,920625000,0,-46.5,3.01887419055894,0,0,0.640036010742188,1.63,0,-5399.9521484375
100000000000000000000001,1,920625000,0,-47,1.07378655151995,0,0,0.640036010742188,1.63,0,-5399.9521484375
100000000000000000000005,1,920625000,0,-62,0.987883627398353,0,0,0.640036010742188,1.63,0,-5399.9521484375
100000000000000000000004,1,920625000,0,-49.5,6.12365130523948,0,0,0.640036010742188,1.63,0,-5399.9521484375
100000000000000000000001,1,920625000,0,-47,1.07992247467149,0,0,0.640036010742188,1.63,0,-5399.9521484375
100000000000000000000000,1,920625000,0,-57,4.55899090159613,0,0,0.640036010742188,1.63,0,-5399.9521484375
100000000000000000000002,1,920625000,0,-46.5,3.04341788316511,0,0,0.640036010742188,1.63,0,-5399.9521484375
100000000000000000000003,1,920625000,0,-46,4.27060251347362,0,0,0.640036010742188,1.63,0,-5399.9521484375
100000000000000000000002,1,920625000,0,-46.5,3.03114603686203,0,0,0.640036010742188,1.63,0,-5399.9521484375
100000000000000000000000,1,920625000,0,-57,4.53444720898996,0,0,0.640036010742188,1.63,0,-5399.9521484375
100000000000000000000003,1,920625000,0,-46.5,4.27673843662517,0,0,0.640036010742188,1.63,0,-5399.9521484375
100000000000000000000004,1,920625000,0,-49.5,6.14205907469411,0,0,0.640036010742188,1.63,0,-5399.9521484375
100000000000000000000005,1,920625000,0,-62,1.02469916630761,0,0,0.640036010742188,1.63,0,-5399.9521484375
100000000000000000000001,1,920625000,0,-47,1.08605839782303,0,0,0.640036010742188,1.63,0,-5399.9521484375
100000000000000000000001,1,920625000,0,-47,1.08605839782303,0,0,0.640036010742188,1.63,0,-5399.9521484375
100000000000000000000003,1,920625000,0,-46,4.28287435977671,0,0,0.640036010742188,1.63,0,-5399.9521484375
100000000000000000000004,1,920625000,0,-49.5,6.14819499784565,0,0,0.640036010742188,1.63,0,-5399.9521484375
100000000000000000000005,1,920625000,0,-62,1.09219432097458,0,0,0.640036010742188,1.63,0,-5399.9521484375
100000000000000000000000,1,920625000,0,-57,4.53444720898996,0,0,0.640036010742188,1.63,0,-5399.9521484375
100000000000000000000002,1,920625000,0,-46.5,3.03728196001357,0,0,0.640036010742188,1.63,0,-5399.9521484375
100000000000000000000001,1,920625000,0,-47,1.09833024412612,0,0,0.640036010742188,1.63,0,-5399.9521484375
100000000000000000000003,1,920625000,0,-46,4.30128212923134,0,0,0.640036010742188,1.63,0,-5399.9521484375
100000000000000000000000,1,920625000,0,-57.5,4.51603943953533,0,0,0.640036010742188,1.63,0,-5399.9521484375
100000000000000000000005,1,920625000,0,-62,1.00629139685298,0,0,0.640036010742188,1.63,0,-5399.9521484375
100000000000000000000002,1,920625000,0,-46.5,3.03728196001357,0,0,0.640036010742188,1.63,0,-5399.9521484375
100000000000000000000004,1,920625000,0,-49.5,6.15433092099719,0,0,0.640036010742188,1.63,0,-5399.9521484375
100000000000000000000002,1,920625000,0,-46.5,3.03114603686203,0,0,0.640036010742188,1.63,0,-5399.9521484375
100000000000000000000003,1,920625000,0,-46,4.28287435977671,0,0,0.640036010742188,1.63,0,-5399.9521484375
100000000000000000000000,1,920625000,0,-57,4.49149574692916,0,0,0.640036010742188,1.63,0,-5399.9521484375
100000000000000000000001,1,920625000,0,-47,1.08605839782303,0,0,0.640036010742188,1.63,0,-5399.9521484375
100000000000000000000005,1,920625000,0,-61.5,0.981747704246811,0,0,0.640036010742188,1.63,0,-5399.9521484375
100000000000000000000004,1,920625000,0,-49.5,6.15433092099719,0,0,0.640036010742188,1.63,0,-5399.9521484375
100000000000000000000004,1,920625000,0,-49.5,6.12365130523948,0,0,0.640036010742188,1.63,0,-5399.9521484375
100000000000000000000000,1,920625000,0,-57,4.43013651541373,0,0,0.640036010742188,1.63,0,-5399.9521484375
100000000000000000000003,1,920625000,0,-46.5,4.25833066717054,0,0,0.640036010742188,1.63,0,-5399.9521484375
100000000000000000000001,1,920625000,0,-47,1.09219432097458,0,0,0.640036010742188,1.63,0,-5399.9521484375
100000000000000000000002,1,920625000,0,-46.5,3.04341788316511,0,0,0.640036010742188,1.63,0,-5399.9521484375
100000000000000000000005,1,920625000,0,-62,1.00015547370144,0,0,0.640036010742188,1.63,0,-5399.9521484375
100000000000000000000002,1,920625000,0,-46.5,3.02501011371048,0,0,0.640036010742188,1.63,0,-5399.9521484375
100000000000000000000005,1,920625000,0,-62,1.00015547370144,0,0,0.640036010742188,1.63,0,-5399.9521484375
100000000000000000000000,1,920625000,0,-57,4.49149574692916,0,0,0.640036010742188,1.63,0,-5399.9521484375
100000000000000000000003,1,920625000,0,-46.5,4.2951462060798,0,0,0.640036010742188,1.63,0,-5399.9521484375
100000000000000000000001,1,920625000,0,-47,1.09833024412612,0,0,0.640036010742188,1.63,0,-5399.9521484375
100000000000000000000004,1,920625000,0,-49.5,6.14819499784565,0,0,0.640036010742188,1.63,0,-5399.9521484375
100000000000000000000000,1,920625000,0,-57,4.52831128583841,0,0,0.640036010742188,1.63,0,-5399.9521484375
100000000000000000000004,1,920625000,0,-49.5,6.14205907469411,0,0,0.640036010742188,1.63,0,-5399.9521484375
100000000000000000000003,1,920625000,0,-46.5,4.27673843662517,0,0,0.640036010742188,1.63,0,-5399.9521484375
100000000000000000000001,1,920625000,0,-47,1.07992247467149,0,0,0.640036010742188,1.63,0,-5399.9521484375
100000000000000000000005,1,920625000,0,-61.5,1.01242732000452,0,0,0.640036010742188,1.63,0,-5399.9521484375
100000000000000000000002,1,920625000,0,-46.5,3.03728196001357,0,0,0.640036010742188,1.63,0,-5399.9521484375
100000000000000000000003,1,920625000,0,-46,4.28901028292825,0,0,0.640036010742188,1.63,0,-5399.9521484375
100000000000000000000005,1,920625000,0,-61.5,1.02469916630761,0,0,0.640036010742188,1.63,0,-5399.9521484375
100000000000000000000002,1,920625000,0,-46.5,3.03728196001357,0,0,0.640036010742188,1.63,0,-5399.9521484375
100000000000000000000004,1,920625000,0,-49.5,6.15433092099719,0,0,0.640036010742188,1.63,0,-5399.9521484375
100000000000000000000000,1,920625000,0,-57,4.49149574692916,0,0,0.640036010742188,1.63,0,-5399.9521484375
100000000000000000000001,1,920625000,0,-47,1.06765062836841,0,0,0.640036010742188,1.63,0,-5399.9521484375
100000000000000000000001,1,920625000,0,-47,1.08605839782303,0,0,0.640036010742188,1.63,0,-5399.9521484375
100000000000000000000004,1,920625000,0,-49.5,6.14819499784565,0,0,0.640036010742188,1.63,0,-5399.9521484375
100000000000000000000002,1,920625000,0,-46.5,3.02501011371048,0,0,0.640036010742188,1.63,0,-5399.9521484375
100000000000000000000003,1,920625000,0,-46.5,4.28287435977671,0,0,0.640036010742188,1.63,0,-5399.9521484375
100000000000000000000000,1,920625000,0,-57.5,4.52831128583841,0,0,0.640036010742188,1.63,0,-5399.9521484375
100000000000000000000005,1,920625000,0,-61.5,0.944932165337555,0,0,0.640036010742188,1.63,0,-5399.9521484375
100000000000000000000003,1,920625000,0,-46.5,4.27673843662517,0,0,0.640036010742188,1.63,0,-5399.9521484375
100000000000000000000002,1,920625000,0,-46.5,3.0127382674074,0,0,0.640036010742188,1.63,0,-5399.9521484375
100000000000000000000005,1,920625000,0,-61.5,1.02469916630761,0,0,0.640036010742188,1.63,0,-5399.9521484375
100000000000000000000004,1,920625000,0,-49.5,6.14205907469411,0,0,0.640036010742188,1.63,0,-5399.9521484375
100000000000000000000001,1,920625000,0,-47,1.06765062836841,0,0,0.640036010742188,1.63,0,-5399.9521484375
100000000000000000000000,1,920625000,0,-57,4.56512682474767,0,0,0.640036010742188,1.63,0,-5399.9521484375
100000000000000000000001,1,920625000,0,-47,1.07992247467149,0,0,0.640036010742188,1.63,0,-5399.9521484375
100000000000000000000000,1,920625000,0,-57,4.4976316700807,0,0,0.640036010742188,1.63,0,-5399.9521484375
100000000000000000000004,1,920625000,0,-49.5,6.11137945893639,0,0,0.640036010742188,1.63,0,-5399.9521484375
100000000000000000000003,1,920625000,0,-46.5,4.27673843662517,0,0,0.640036010742188,1.63,0,-5399.9521484375
100000000000000000000002,1,920625000,0,-46.5,3.01887419055894,0,0,0.640036010742188,1.63,0,-5399.9521484375
100000000000000000000005,1,920625000,0,-61.5,1.00629139685298,0,0,0.640036010742188,1.63,0,-5399.9521484375
100000000000000000000002,1,920625000,0,-46.5,3.01887419055894,0,0,0.640036010742188,1.63,0,-5399.9521484375
100000000000000000000001,1,920625000,0,-47,1.07378655151995,0,0,0.640036010742188,1.63,0,-5399.9521484375
100000000000000000000003,1,920625000,0,-46,4.27060251347362,0,0,0.640036010742188,1.63,0,-5399.9521484375
100000000000000000000000,1,920625000,0,-57,4.5405831321415,0,0,0.640036010742188,1.63,0,-5399.9521484375
100000000000000000000004,1,920625000,0,-49.5,6.12365130523948,0,0,0.640036010742188,1.63,0,-5399.9521484375
100000000000000000000005,1,920625000,0,-61.5,1.01856324315607,0,0,0.640036010742188,1.63,0,-5399.9521484375
100000000000000000000002,1,920625000,0,-46.5,3.01887419055894,0,0,0.640036010742188,1.63,0,-5399.9521484375
100000000000000000000004,1,920625000,0,-49.5,6.14205907469411,0,0,0.640036010742188,1.63,0,-5399.9521484375
100000000000000000000000,1,920625000,0,-57.5,4.50376759323224,0,0,0.640036010742188,1.63,0,-5399.9521484375
100000000000000000000003,1,920625000,0,-46,4.27673843662517,0,0,0.640036010742188,1.63,0,-5399.9521484375
100000000000000000000001,1,920625000,0,-47,1.07378655151995,0,0,0.640036010742188,1.63,0,-5399.9521484375
100000000000000000000005,1,920625000,0,-61.5,1.01242732000452,0,0,0.640036010742188,1.63,0,-5399.9521484375
100000000000000000000000,1,920625000,0,-57.5,4.46695205432299,0,0,0.640036010742188,1.63,0,-5399.9521484375
100000000000000000000003,1,920625000,0,-46.5,4.27060251347362,0,0,0.640036010742188,1.63,0,-5399.9521484375
100000000000000000000001,1,920625000,0,-47,1.06765062836841,0,0,0.640036010742188,1.63,0,-5399.9521484375
100000000000000000000005,1,920625000,0,-61.5,1.05537878206532,0,0,0.640036010742188,1.63,0,-5399.9521484375
100000000000000000000002,1,920625000,0,-46.5,3.01887419055894,0,0,0.640036010742188,1.63,0,-5399.9521484375
100000000000000000000004,1,920625000,0,-49.5,6.14205907469411,0,0,0.640036010742188,1.63,0,-5399.9521484375
100000000000000000000000,1,920625000,0,-57,4.47922390062607,0,0,0.640036010742188,1.63,0,-5399.9521484375
100000000000000000000002,1,920625000,0,-46.5,3.0127382674074,0,0,0.640036010742188,1.63,0,-5399.9521484375
100000000000000000000001,1,920625000,0,-47,1.07378655151995,0,0,0.640036010742188,1.63,0,-5399.9521484375
100000000000000000000005,1,920625000,0,-62,0.963339934792183,0,0,0.640036010742188,1.63,0,-5399.9521484375
100000000000000000000003,1,920625000,0,-46,4.27673843662517,0,0,0.640036010742188,1.63,0,-5399.9521484375
100000000000000000000004,1,920625000,0,-49.5,6.12365130523948,0,0,0.640036010742188,1.63,0,-5399.9521484375
100000000000000000000001,1,920625000,0,-47,1.07992247467149,0,0,0.640036010742188,1.63,0,-5399.9521484375
100000000000000000000000,1,920625000,0,-57,4.55285497844458,0,0,0.640036010742188,1.63,0,-5399.9521484375
100000000000000000000003,1,920625000,0,-46.5,4.28287435977671,0,0,0.640036010742188,1.63,0,-5399.9521484375
100000000000000000000004,1,920625000,0,-49.5,6.14205907469411,0,0,0.640036010742188,1.63,0,-5399.9521484375
100000000000000000000002,1,920625000,0,-46.5,3.02501011371048,0,0,0.640036010742188,1.63,0,-5399.9521484375
100000000000000000000002,1,920625000,0,-46.5,3.01887419055894,0,0,0.640036010742188,1.63,0,-5399.9521484375
100000000000000000000004,1,920625000,0,-49.5,6.14205907469411,0,0,0.640036010742188,1.63,0,-5399.9521484375
100000000000000000000001,1,920625000,0,-47,1.07378655151995,0,0,0.640036010742188,1.63,0,-5399.9521484375
100000000000000000000003,1,920625000,0,-46,4.28901028292825,0,0,0.640036010742188,1.63,0,-5399.9521484375
100000000000000000000000,1,920625000,0,-57,4.4976316700807,0,0,0.640036010742188,1.63,0,-5399.9521484375
100000000000000000000005,1,920625000,0,-62,1.03697101261069,0,0,0.640036010742188,1.63,0,-5399.9521484375
100000000000000000000003,1,920625000,0,-46.5,4.28287435977671,0,0,0.640036010742188,1.63,0,-5399.9521484375
100000000000000000000004,1,920625000,0,-49.5,6.08683576633022,0,0,0.640036010742188,1.63,0,-5399.9521484375
100000000000000000000000,1,920625000,0,-57,4.4976316700807,0,0,0.640036010742188,1.63,0,-5399.9521484375
100000000000000000000002,1,920625000,0,-46.5,3.0127382674074,0,0,0.640036010742188,1.63,0,-5399.9521484375
100000000000000000000001,1,920625000,0,-47,1.06765062836841,0,0,0.640036010742188,1.63,0,-5399.9521484375
100000000000000000000005,1,920625000,0,-61.5,1.03083508945915,0,0,0.640036010742188,1.63,0,-5399.9521484375
100000000000000000000002,1,920625000,0,-46.5,3.02501011371048,0,0,0.640036010742188,1.63,0,-5399.9521484375
100000000000000000000001,1,920625000,0,-47,1.07992247467149,0,0,0.640036010742188,1.63,0,-5399.9521484375
100000000000000000000004,1,920625000,0,-49.5,6.12978722839102,0,0,0.640036010742188,1.63,0,-5399.9521484375
100000000000000000000000,1,920625000,0,-57,4.51603943953533,0,0,0.640036010742188,1.63,0,-5399.9521484375
100000000000000000000003,1,920625000,0,-46,4.27673843662517,0,0,0.640036010742188,1.63,0,-5399.9521484375
100000000000000000000005,1,920625000,0,-61.5,1.05537878206532,0,0,0.640036010742188,1.63,0,-5399.9521484375
100000000000000000000005,1,920625000,0,-61.5,1.03697101261069,0,0,0.640036010742188,1.63,0,-5399.9521484375
100000000000000000000001,1,920625000,0,-47,1.07992247467149,0,0,0.640036010742188,1.63,0,-5399.9521484375
100000000000000000000003,1,920625000,0,-46,4.28901028292825,0,0,0.640036010742188,1.63,0,-5399.9521484375
100000000000000000000004,1,920625000,0,-49.5,6.12978722839102,0,0,0.640036010742188,1.63,0,-5399.9521484375
100000000000000000000002,1,920625000,0,-46.5,3.02501011371048,0,0,0.640036010742188,1.63,0,-5399.9521484375
100000000000000000000000,1,920625000,0,-57,4.52217536268687,0,0,0.640036010742188,1.63,0,-5399.9521484375
100000000000000000000001,1,920625000,0,-47,1.06765062836841,0,0,0.640036010742188,1.63,0,-5399.9521484375
100000000000000000000004,1,920625000,0,-49.5,6.14205907469411,0,0,0.640036010742188,1.63,0,-5399.9521484375
100000000000000000000000,1,920625000,0,-57,4.49149574692916,0,0,0.640036010742188,1.63,0,-5399.9521484375
100000000000000000000003,1,920625000,0,-46,4.27673843662517,0,0,0.640036010742188,1.63,0,-5399.9521484375
100000000000000000000002,1,920625000,0,-46.5,3.03114603686203,0,0,0.640036010742188,1.63,0,-5399.9521484375
100000000000000000000005,1,920625000,0,-62,1.06151470521686,0,0,0.640036010742188,1.63,0,-5399.9521484375
100000000000000000000001,1,920625000,0,-47,1.07378655151995,0,0,0.640036010742188,1.63,0,-5399.9521484375
100000000000000000000005,1,920625000,0,-61.5,1.03083508945915,0,0,0.640036010742188,1.63,0,-5399.9521484375
100000000000000000000003,1,920625000,0,-46.5,4.27060251347362,0,0,0.640036010742188,1.63,0,-5399.9521484375
100000000000000000000000,1,920625000,0,-57.5,4.52217536268687,0,0,0.640036010742188,1.63,0,-5399.9521484375
100000000000000000000002,1,920625000,0,-46.5,3.02501011371048,0,0,0.640036010742188,1.63,0,-5399.9521484375
100000000000000000000004,1,920625000,0,-49.5,6.14819499784565,0,0,0.640036010742188,1.63,0,-5399.9521484375
100000000000000000000004,1,920625000,0,-49.5,6.12365130523948,0,0,0.640036010742188,1.63,0,-5399.9521484375
100000000000000000000003,1,920625000,0,-46,4.28901028292825,0,0,0.640036010742188,1.63,0,-5399.9521484375
100000000000000000000005,1,920625000,0,-62,1.07378655151995,0,0,0.640036010742188,1.63,0,-5399.9521484375
100000000000000000000001,1,920625000,0,-47,1.09219432097458,0,0,0.640036010742188,1.63,0,-5399.9521484375
100000000000000000000000,1,920625000,0,-57,4.4976316700807,0,0,0.640036010742188,1.63,0,-5399.9521484375
100000000000000000000002,1,920625000,0,-46.5,3.00660234425586,0,0,0.640036010742188,1.63,0,-5399.9521484375
100000000000000000000004,1,920625000,0,-49.5,6.14205907469411,0,0,0.640036010742188,1.63,0,-5399.9521484375
100000000000000000000002,1,920625000,0,-46.5,3.01887419055894,0,0,0.640036010742188,1.63,0,-5399.9521484375
100000000000000000000001,1,920625000,0,-47,1.07992247467149,0,0,0.640036010742188,1.63,0,-5399.9521484375
100000000000000000000003,1,920625000,0,-46.5,4.28287435977671,0,0,0.640036010742188,1.63,0,-5399.9521484375
100000000000000000000005,1,920625000,0,-61.5,1.00629139685298,0,0,0.640036010742188,1.63,0,-5399.9521484375
100000000000000000000000,1,920625000,0,-57,4.50376759323224,0,0,0.640036010742188,1.63,0,-5399.9521484375
100000000000000000000002,1,920625000,0,-46.5,3.02501011371048,0,0,0.640036010742188,1.63,0,-5399.9521484375
100000000000000000000003,1,920625000,0,-46.5,4.28287435977671,0,0,0.640036010742188,1.63,0,-5399.9521484375
100000000000000000000000,1,920625000,0,-57,4.50376759323224,0,0,0.640036010742188,1.63,0,-5399.9521484375
100000000000000000000001,1,920625000,0,-47,1.07378655151995,0,0,0.640036010742188,1.63,0,-5399.9521484375
100000000000000000000004,1,920625000,0,-49.5,6.14205907469411,0,0,0.640036010742188,1.63,0,-5399.9521484375
100000000000000000000005,1,920625000,0,-62,0.987883627398353,0,0,0.640036010742188,1.63,0,-5399.9521484375
100000000000000000000001,1,920625000,0,-47,1.06765062836841,0,0,0.640036010742188,1.63,0,-5399.9521484375
100000000000000000000004,1,920625000,0,-49.5,6.13592315154256,0,0,0.640036010742188,1.63,0,-5399.9521484375
100000000000000000000002,1,920625000,0,-46.5,3.03728196001357,0,0,0.640036010742188,1.63,0,-5399.9521484375
100000000000000000000003,1,920625000,0,-46.5,4.2951462060798,0,0,0.640036010742188,1.63,0,-5399.9521484375
100000000000000000000005,1,920625000,0,-62,1.01856324315607,0,0,0.640036010742188,1.63,0,-5399.9521484375
100000000000000000000000,1,920625000,0,-57.5,4.53444720898996,0,0,0.640036010742188,1.63,0,-5399.9521484375
100000000000000000000001,1,920625000,0,-47,1.07378655151995,0,0,0.640036010742188,1.63,0,-5399.9521484375
100000000000000000000000,1,920625000,0,-57,4.4976316700807,0,0,0.640036010742188,1.63,0,-5399.9521484375
100000000000000000000004,1,920625000,0,-49.5,6.14819499784565,0,0,0.640036010742188,1.63,0,-5399.9521484375
100000000000000000000002,1,920625000,0,-46.5,3.04955380631665,0,0,0.640036010742188,1.63,0,-5399.9521484375
100000000000000000000005,1,920625000,0,-61.5,1.00015547370144,0,0,0.640036010742188,1.63,0,-5399.9521484375
100000000000000000000003,1,920625000,0,-46.5,4.27060251347362,0,0,0.640036010742188,1.63,0,-5399.9521484375
100000000000000000000004,1,920625000,0,-49.5,6.14819499784565,0,0,0.640036010742188,1.63,0,-5399.9521484375
100000000000000000000003,1,920625000,0,-46.5,4.27673843662517,0,0,0.640036010742188,1.63,0,-5399.9521484375
100000000000000000000002,1,920625000,0,-46.5,3.04341788316511,0,0,0.640036010742188,1.63,0,-5399.9521484375
100000000000000000000000,1,920625000,0,-57,4.53444720898996,0,0,0.640036010742188,1.63,0,-5399.9521484375
100000000000000000000001,1,920625000,0,-47,1.09219432097458,0,0,0.640036010742188,1.63,0,-5399.9521484375
100000000000000000000005,1,920625000,0,-62,1.04924285891378,0,0,0.640036010742188,1.63,0,-5399.9521484375
100000000000000000000002,1,920625000,0,-46.5,3.03114603686203,0,0,0.640036010742188,1.63,0,-5399.9521484375
100000000000000000000001,1,920625000,0,-47,1.07378655151995,0,0,0.640036010742188,1.63,0,-5399.9521484375
100000000000000000000003,1,920625000,0,-46,4.30128212923134,0,0,0.640036010742188,1.63,0,-5399.9521484375
100000000000000000000005,1,920625000,0,-62,1.04310693576224,0,0,0.640036010742188,1.63,0,-5399.9521484375
100000000000000000000004,1,920625000,0,-49.5,6.12365130523948,0,0,0.640036010742188,1.63,0,-5399.9521484375
100000000000000000000000,1,920625000,0,-57,4.46081613117144,0,0,0.640036010742188,1.63,0,-5399.9521484375
100000000000000000000004,1,920625000,0,-49.5,6.13592315154256,0,0,0.640036010742188,1.63,0,-5399.9521484375
100000000000000000000005,1,920625000,0,-61.5,1.00629139685298,0,0,0.640036010742188,1.63,0,-5399.9521484375
100000000000000000000003,1,920625000,0,-46,4.27060251347362,0,0,0.640036010742188,1.63,0,-5399.9521484375
100000000000000000000001,1,920625000,0,-47,1.06151470521686,0,0,0.640036010742188,1.63,0,-5399.9521484375
100000000000000000000002,1,920625000,0,-46.5,3.01887419055894,0,0,0.640036010742188,1.63,0,-5399.9521484375
100000000000000000000000,1,920625000,0,-57,4.47922390062607,0,0,0.640036010742188,1.63,0,-5399.9521484375
100000000000000000000005,1,920625000,0,-61.5,1.02469916630761,0,0,0.640036010742188,1.63,0,-5399.9521484375
100000000000000000000004,1,920625000,0,-49.5,6.12365130523948,0,0,0.640036010742188,1.63,0,-5399.9521484375
100000000000000000000000,1,920625000,0,-57,4.43013651541373,0,0,0.640036010742188,1.63,0,-5399.9521484375
100000000000000000000003,1,920625000,0,-46,4.27673843662517,0,0,0.640036010742188,1.63,0,-5399.9521484375
100000000000000000000002,1,920625000,0,-46.5,3.0127382674074,0,0,0.640036010742188,1.63,0,-5399.9521484375
100000000000000000000001,1,920625000,0,-47,1.04310693576224,0,0,0.640036010742188,1.63,0,-5399.9521484375
100000000000000000000004,1,920625000,0,-49.5,6.12978722839102,0,0,0.640036010742188,1.63,0,-5399.9521484375
100000000000000000000002,1,920625000,0,-46.5,3.03114603686203,0,0,0.640036010742188,1.63,0,-5399.9521484375
100000000000000000000001,1,920625000,0,-47,1.07992247467149,0,0,0.640036010742188,1.63,0,-5399.9521484375
100000000000000000000000,1,920625000,0,-57,4.50376759323224,0,0,0.640036010742188,1.63,0,-5399.9521484375
100000000000000000000005,1,920625000,0,-62,1.04924285891378,0,0,0.640036010742188,1.63,0,-5399.9521484375
100000000000000000000003,1,920625000,0,-46,4.28287435977671,0,0,0.640036010742188,1.63,0,-5399.9521484375
100000000000000000000003,1,920625000,0,-46.5,4.2951462060798,0,0,0.640036010742188,1.63,0,-5399.9521484375
100000000000000000000001,1,920625000,0,-47,1.07378655151995,0,0,0.640036010742188,1.63,0,-5399.9521484375
100000000000000000000000,1,920625000,0,-57,4.56512682474767,0,0,0.640036010742188,1.63,0,-5399.9521484375
100000000000000000000005,1,920625000,0,-62,0.975611781095267,0,0,0.640036010742188,1.63,0,-5399.9521484375
100000000000000000000004,1,920625000,0,-49.5,6.12978722839102,0,0,0.640036010742188,1.63,0,-5399.9521484375
100000000000000000000002,1,920625000,0,-46.5,3.03728196001357,0,0,0.640036010742188,1.63,0,-5399.9521484375
100000000000000000000004,1,920625000,0,-49.5,6.11751538208794,0,0,0.640036010742188,1.63,0,-5399.9521484375
100000000000000000000001,1,920625000,0,-47,1.07378655151995,0,0,0.640036010742188,1.63,0,-5399.9521484375
100000000000000000000005,1,920625000,0,-61.5,0.93266031903447,0,0,0.640036010742188,1.63,0,-5399.9521484375
100000000000000000000003,1,920625000,0,-46.5,4.28901028292825,0,0,0.640036010742188,1.63,0,-5399.9521484375
100000000000000000000002,1,920625000,0,-46.5,3.03728196001357,0,0,0.640036010742188,1.63,0,-5399.9521484375
100000000000000000000000,1,920625000,0,-57,4.52831128583841,0,0,0.640036010742188,1.63,0,-5399.9521484375
100000000000000000000003,1,920625000,0,-46.5,4.2951462060798,0,0,0.640036010742188,1.63,0,-5399.9521484375
100000000000000000000005,1,920625000,0,-61.5,0.877437010670587,0,0,0.640036010742188,1.63,0,-5399.9521484375
100000000000000000000001,1,920625000,0,-47,1.06765062836841,0,0,0.640036010742188,1.63,0,-5399.9521484375
100000000000000000000002,1,920625000,0,-46.5,3.03114603686203,0,0,0.640036010742188,1.63,0,-5399.9521484375
100000000000000000000000,1,920625000,0,-57,4.54671905529304,0,0,0.640036010742188,1.63,0,-5399.9521484375
100000000000000000000004,1,920625000,0,-49.5,6.13592315154256,0,0,0.640036010742188,1.63,0,-5399.9521484375
100000000000000000000000,1,921125000,0,-57.5,4.70625305723315,0,0,0.640036010742188,1.63,0,-5399.9521484375
100000000000000000000003,1,921125000,0,-46.5,4.52831128583841,0,0,0.640036010742188,1.63,0,-5399.9521484375
100000000000000000000004,1,921125000,0,-50,0.0490873852123404,0,0,0.640036010742188,1.63,0,-5399.9521484375
100000000000000000000005,1,921125000,0,-61.5,1.36831086279399,0,0,0.640036010742188,1.63,0,-5399.9521484375
100000000000000000000002,1,921125000,0,-46.5,3.20908780825676,0,0,0.640036010742188,1.63,0,-5399.9521484375
100000000000000000000001,1,921125000,0,-47,1.25786424606623,0,0,0.640036010742188,1.63,0,-5399.9521484375
100000000000000000000003,1,921125000,0,-46.5,4.53444720898996,0,0,0.640036010742188,1.63,0,-5399.9521484375
100000000000000000000004,1,921125000,0,-50,0.0674951546669682,0,0,0.640036010742188,1.63,0,-5399.9521484375
100000000000000000000001,1,921125000,0,-47,1.24559239976314,0,0,0.640036010742188,1.63,0,-5399.9521484375
100000000000000000000002,1,921125000,0,-46.5,3.23976742401447,0,0,0.640036010742188,1.63,0,-5399.9521484375
100000000000000000000000,1,921125000,0,-57,4.73693267299086,0,0,0.640036010742188,1.63,0,-5399.9521484375
100000000000000000000005,1,921125000,0,-61.5,1.38671863224862,0,0,0.640036010742188,1.63,0,-5399.9521484375
100000000000000000000002,1,921125000,0,-46.5,3.23363150086293,0,0,0.640036010742188,1.63,0,-5399.9521484375
100000000000000000000003,1,921125000,0,-46.5,4.53444720898996,0,0,0.640036010742188,1.63,0,-5399.9521484375
100000000000000000000004,1,921125000,0,-50,0.0368155389092557,0,0,0.640036010742188,1.63,0,-5399.9521484375
100000000000000000000001,1,921125000,0,-47,1.25786424606623,0,0,0.640036010742188,1.63,0,-5399.9521484375
100000000000000000000000,1,921125000,0,-57.5,4.70011713408161,0,0,0.640036010742188,1.63,0,-5399.9521484375
100000000000000000000005,1,921125000,0,-61.5,1.33763124703628,0,0,0.640036010742188,1.63,0,-5399.9521484375
100000000000000000000003,1,921125000,0,-46,4.52831128583841,0,0,0.640036010742188,1.63,0,-5399.9521484375
100000000000000000000002,1,921125000,0,-46.5,3.23976742401447,0,0,0.640036010742188,1.63,0,-5399.9521484375
100000000000000000000000,1,921125000,0,-57.5,4.70625305723315,0,0,0.640036010742188,1.63,0,-5399.9521484375
100000000000000000000005,1,921125000,0,-61.5,1.42353417115787,0,0,0.640036010742188,1.63,0,-5399.9521484375
100000000000000000000001,1,921125000,0,-47,1.26400016921777,0,0,0.640036010742188,1.63,0,-5399.9521484375
100000000000000000000004,1,921125000,0,-50,0.0736310778185105,0,0,0.640036010742188,1.63,0,-5399.9521484375
100000000000000000000002,1,921125000,0,-46.5,3.23363150086293,0,0,0.640036010742188,1.63,0,-5399.9521484375
100000000000000000000001,1,921125000,0,-47,1.25172832291468,0,0,0.640036010742188,1.63,0,-5399.9521484375
100000000000000000000003,1,921125000,0,-46.5,4.52831128583841,0,0,0.640036010742188,1.63,0,-5399.9521484375
100000000000000000000004,1,921125000,0,-50,0.0674951546669682,0,0,0.640036010742188,1.63,0,-5399.9521484375
100000000000000000000005,1,921125000,0,-61.5,1.34990309333936,0,0,0.640036010742188,1.63,0,-5399.9521484375
100000000000000000000000,1,921125000,0,-57.5,4.62648605626309,0,0,0.640036010742188,1.63,0,-5399.9521484375
100000000000000000000002,1,921125000,0,-46.5,3.2581751934691,0,0,0.640036010742188,1.63,0,-5399.9521484375
100000000000000000000003,1,921125000,0,-46.5,4.52831128583841,0,0,0.640036010742188,1.63,0,-5399.9521484375
100000000000000000000001,1,921125000,0,-47,1.27013609236931,0,0,0.640036010742188,1.63,0,-5399.9521484375
100000000000000000000004,1,921125000,0,-50,0.0306796157577125,0,0,0.640036010742188,1.63,0,-5399.9521484375
100000000000000000000000,1,921125000,0,-57,4.69398121093006,0,0,0.640036010742188,1.63,0,-5399.9521484375
100000000000000000000005,1,921125000,0,-61.5,1.38671863224862,0,0,0.640036010742188,1.63,0,-5399.9521484375
100000000000000000000002,1,921125000,0,-46.5,3.22749557771139,0,0,0.640036010742188,1.63,0,-5399.9521484375
100000000000000000000001,1,921125000,0,-47,1.25786424606623,0,0,0.640036010742188,1.63,0,-5399.9521484375
100000000000000000000004,1,921125000,0,-50,0.0368155389092557,0,0,0.640036010742188,1.63,0,-5399.9521484375
100000000000000000000003,1,921125000,0,-46.5,4.5405831321415,0,0,0.640036010742188,1.63,0,-5399.9521484375
100000000000000000000000,1,921125000,0,-57,4.71852490353623,0,0,0.640036010742188,1.63,0,-5399.9521484375
100000000000000000000005,1,921125000,0,-61.5,1.36217493964245,0,0,0.640036010742188,1.63,0,-5399.9521484375
100000000000000000000004,1,921125000,0,-50,0.0613592315154259,0,0,0.640036010742188,1.63,0,-5399.9521484375
100000000000000000000000,1,921125000,0,-57,4.69398121093006,0,0,0.640036010742188,1.63,0,-5399.9521484375
100000000000000000000001,1,921125000,0,-47,1.27013609236931,0,0,0.640036010742188,1.63,0,-5399.9521484375
100000000000000000000005,1,921125000,0,-62,1.34376717018782,0,0,0.640036010742188,1.63,0,-5399.9521484375
100000000000000000000002,1,921125000,0,-46.5,3.23363150086293,0,0,0.640036010742188,1.63,0,-5399.9521484375
100000000000000000000003,1,921125000,0,-46.5,4.53444720898996,0,0,0.640036010742188,1.63,0,-5399.9521484375
100000000000000000000005,1,921125000,0,-62,1.36831086279399,0,0,0.640036010742188,1.63,0,-5399.9521484375
100000000000000000000002,1,921125000,0,-46.5,3.24590334716602,0,0,0.640036010742188,1.63,0,-5399.9521484375
100000000000000000000003,1,921125000,0,-46.5,4.53444720898996,0,0,0.640036010742188,1.63,0,-5399.9521484375
100000000000000000000004,1,921125000,0,-50,0.042951462060798,0,0,0.640036010742188,1.63,0,-5399.9521484375
100000000000000000000001,1,921125000,0,-46.5,1.26400016921777,0,0,0.640036010742188,1.63,0,-5399.9521484375
100000000000000000000000,1,921125000,0,-57,4.62648605626309,0,0,0.640036010742188,1.63,0,-5399.9521484375
100000000000000000000002,1,921125000,0,-46.5,3.22135965455985,0,0,0.640036010742188,1.63,0,-5399.9521484375
100000000000000000000001,1,921125000,0,-47,1.25786424606623,0,0,0.640036010742188,1.63,0,-5399.9521484375
100000000000000000000003,1,921125000,0,-46.5,4.53444720898996,0,0,0.640036010742188,1.63,0,-5399.9521484375
100000000000000000000004,1,921125000,0,-50,0.0674951546669682,0,0,0.640036010742188,1.63,0,-5399.9521484375
100000000000000000000000,1,921125000,0,-57.5,4.70011713408161,0,0,0.640036010742188,1.63,0,-5399.9521484375
100000000000000000000005,1,921125000,0,-61.5,1.33149532388474,0,0,0.640036010742188,1.63,0,-5399.9521484375
100000000000000000000003,1,921125000,0,-46.5,4.52831128583841,0,0,0.640036010742188,1.63,0,-5399.9521484375
100000000000000000000001,1,921125000,0,-47,1.27013609236931,0,0,0.640036010742188,1.63,0,-5399.9521484375
100000000000000000000004,1,921125000,0,-50,0.0490873852123404,0,0,0.640036010742188,1.63,0,-5399.9521484375
100000000000000000000005,1,921125000,0,-62,1.38671863224862,0,0,0.640036010742188,1.63,0,-5399.9521484375
100000000000000000000002,1,921125000,0,-46.5,3.2152237314083,0,0,0.640036010742188,1.63,0,-5399.9521484375
100000000000000000000000,1,921125000,0,-57.5,4.66943751832389,0,0,0.640036010742188,1.63,0,-5399.9521484375
100000000000000000000002,1,921125000,0,-46.5,3.23976742401447,0,0,0.640036010742188,1.63,0,-5399.9521484375
100000000000000000000004,1,921125000,0,-50,0.042951462060798,0,0,0.640036010742188,1.63,0,-5399.9521484375
100000000000000000000003,1,921125000,0,-46.5,4.5405831321415,0,0,0.640036010742188,1.63,0,-5399.9521484375
100000000000000000000001,1,921125000,0,-47,1.2394564766116,0,0,0.640036010742188,1.63,0,-5399.9521484375
100000000000000000000005,1,921125000,0,-62,1.34990309333936,0,0,0.640036010742188,1.63,0,-5399.9521484375
100000000000000000000000,1,921125000,0,-57,4.64489382571772,0,0,0.640036010742188,1.63,0,-5399.9521484375
100000000000000000000001,1,921125000,0,-47,1.24559239976314,0,0,0.640036010742188,1.63,0,-5399.9521484375
100000000000000000000005,1,921125000,0,-62,1.42353417115787,0,0,0.640036010742188,1.63,0,-5399.9521484375
100000000000000000000000,1,921125000,0,-57.5,4.70011713408161,0,0,0.640036010742188,1.63,0,-5399.9521484375
100000000000000000000004,1,921125000,0,-49.5,0.0552233083638827,0,0,0.640036010742188,1.63,0,-5399.9521484375
100000000000000000000002,1,921125000,0,-46.5,3.22749557771139,0,0,0.640036010742188,1.63,0,-5399.9521484375
100000000000000000000003,1,921125000,0,-46.5,4.51603943953533,0,0,0.640036010742188,1.63,0,-5399.9521484375
100000000000000000000004,1,921125000,0,-49.5,0.0613592315154259,0,0,0.640036010742188,1.63,0,-5399.9521484375
100000000000000000000000,1,921125000,0,-57.5,4.71852490353623,0,0,0.640036010742188,1.63,0,-5399.9521484375
100000000000000000000001,1,921125000,0,-47,1.25172832291468,0,0,0.640036010742188,1.63,0,-5399.9521484375
100000000000000000000003,1,921125000,0,-46.5,4.52831128583841,0,0,0.640036010742188,1.63,0,-5399.9521484375
100000000000000000000005,1,921125000,0,-62,1.3989904785517,0,0,0.640036010742188,1.63,0,-5399.9521484375
100000000000000000000002,1,921125000,0,-46.5,3.23976742401447,0,0,0.640036010742188,1.63,0,-5399.9521484375
100000000000000000000003,1,921125000,0,-46.5,4.51603943953533,0,0,0.640036010742188,1.63,0,-5399.9521484375
100000000000000000000005,1,921125000,0,-61.5,1.30695163127857,0,0,0.640036010742188,1.63,0,-5399.9521484375
100000000000000000000004,1,921125000,0,-49.5,0.0490873852123404,0,0,0.640036010742188,1.63,0,-5399.9521484375
100000000000000000000002,1,921125000,0,-46.5,3.2581751934691,0,0,0.640036010742188,1.63,0,-5399.9521484375
100000000000000000000001,1,921125000,0,-47,1.24559239976314,0,0,0.640036010742188,1.63,0,-5399.9521484375
100000000000000000000000,1,921125000,0,-57.5,4.74920451929395,0,0,0.640036010742188,1.63,0,-5399.9521484375
100000000000000000000005,1,921125000,0,-62,1.38058270909708,0,0,0.640036010742188,1.63,0,-5399.9521484375
100000000000000000000002,1,921125000,0,-46.5,3.22749557771139,0,0,0.640036010742188,1.63,0,-5399.9521484375
100000000000000000000000,1,921125000,0,-57.5,4.73693267299086,0,0,0.640036010742188,1.63,0,-5399.9521484375
100000000000000000000003,1,921125000,0,-46.5,4.54671905529304,0,0,0.640036010742188,1.63,0,-5399.9521484375
100000000000000000000001,1,921125000,0,-47,1.25786424606623,0,0,0.640036010742188,1.63,0,-5399.9521484375
100000000000000000000004,1,921125000,0,-49.5,0.0368155389092557,0,0,0.640036010742188,1.63,0,-5399.9521484375
100000000000000000000002,1,921125000,0,-46.5,3.23976742401447,0,0,0.640036010742188,1.63,0,-5399.9521484375
100000000000000000000000,1,921125000,0,-57.5,4.73693267299086,0,0,0.640036010742188,1.63,0,-5399.9521484375
100000000000000000000003,1,921125000,0,-46.5,4.52831128583841,0,0,0.640036010742188,1.63,0,-5399.9521484375
100000000000000000000005,1,921125000,0,-62,1.34376717018782,0,0,0.640036010742188,1.63,0,-5399.9521484375
100000000000000000000001,1,921125000,0,-46.5,1.27013609236931,0,0,0.640036010742188,1.63,0,-5399.9521484375
100000000000000000000004,1,921125000,0,-50,0.0552233083638827,0,0,0.640036010742188,1.63,0,-5399.9521484375
100000000000000000000002,1,921125000,0,-46.5,3.22135965455985,0,0,0.640036010742188,1.63,0,-5399.9521484375
100000000000000000000004,1,921125000,0,-50,0.0184077694546279,0,0,0.640036010742188,1.63,0,-5399.9521484375
100000000000000000000005,1,921125000,0,-61.5,1.28854386182394,0,0,0.640036010742188,1.63,0,-5399.9521484375
100000000000000000000000,1,921125000,0,-57.5,4.67557344147543,0,0,0.640036010742188,1.63,0,-5399.9521484375
100000000000000000000003,1,921125000,0,-46.5,4.53444720898996,0,0,0.640036010742188,1.63,0,-5399.9521484375
100000000000000000000001,1,921125000,0,-47,1.26400016921777,0,0,0.640036010742188,1.63,0,-5399.9521484375
100000000000000000000000,1,921125000,0,-57.5,4.68170936462698,0,0,0.640036010742188,1.63,0,-5399.9521484375
100000000000000000000004,1,921125000,0,-50,0.0552233083638827,0,0,0.640036010742188,1.63,0,-5399.9521484375
100000000000000000000003,1,921125000,0,-46.5,4.51603943953533,0,0,0.640036010742188,1.63,0,-5399.9521484375
100000000000000000000005,1,921125000,0,-62,1.37444678594553,0,0,0.640036010742188,1.63,0,-5399.9521484375
100000000000000000000001,1,921125000,0,-47,1.25172832291468,0,0,0.640036010742188,1.63,0,-5399.9521484375
100000000000000000000002,1,921125000,0,-46.5,3.2152237314083,0,0,0.640036010742188,1.63,0,-5399.9521484375
100000000000000000000004,1,921125000,0,-49.5,0.0552233083638827,0,0,0.640036010742188,1.63,0,-5399.9521484375
100000000000000000000005,1,921125000,0,-62,1.38058270909708,0,0,0.640036010742188,1.63,0,-5399.9521484375
100000000000000000000002,1,921125000,0,-46.5,3.2581751934691,0,0,0.640036010742188,1.63,0,-5399.9521484375
100000000000000000000003,1,921125000,0,-46.5,4.52217536268687,0,0,0.640036010742188,1.63,0,-5399.9521484375
100000000000000000000001,1,921125000,0,-47,1.26400016921777,0,0,0.640036010742188,1.63,0,-5399.9521484375
100000000000000000000000,1,921125000,0,-57.5,4.71852490353623,0,0,0.640036010742188,1.63,0,-5399.9521484375
100000000000000000000003,1,921125000,0,-46.5,4.50376759323224,0,0,0.640036010742188,1.63,0,-5399.9521484375
100000000000000000000000,1,921125000,0,-57.5,4.68784528777852,0,0,0.640036010742188,1.63,0,-5399.9521484375
100000000000000000000005,1,921125000,0,-62,1.40512640170325,0,0,0.640036010742188,1.63,0,-5399.9521484375
100000000000000000000001,1,921125000,0,-47,1.25786424606623,0,0,0.640036010742188,1.63,0,-5399.9521484375
100000000000000000000002,1,921125000,0,-46.5,3.2152237314083,0,0,0.640036010742188,1.63,0,-5399.9521484375
100000000000000000000004,1,921125000,0,-49.5,0.0490873852123404,0,0,0.640036010742188,1.63,0,-5399.9521484375
100000000000000000000002,1,921125000,0,-46.5,3.22135965455985,0,0,0.640036010742188,1.63,0,-5399.9521484375
100000000000000000000001,1,921125000,0,-47,1.25172832291468,0,0,0.640036010742188,1.63,0,-5399.9521484375
100000000000000000000004,1,921125000,0,-50,0.0245436926061702,0,0,0.640036010742188,1.63,0,-5399.9521484375
100000000000000000000003,1,921125000,0,-46,4.50990351638379,0,0,0.640036010742188,1.63,0,-5399.9521484375
100000000000000000000005,1,921125000,0,-62.5,1.39285455540016,0,0,0.640036010742188,1.63,0,-5399.9521484375
100000000000000000000000,1,921125000,0,-57.5,4.70625305723315,0,0,0.640036010742188,1.63,0,-5399.9521484375
100000000000000000000001,1,921125000,0,-47,1.25786424606623,0,0,0.640036010742188,1.63,0,-5399.9521484375
100000000000000000000000,1,921125000,0,-57.5,4.68170936462698,0,0,0.640036010742188,1.63,0,-5399.9521484375
100000000000000000000004,1,921125000,0,-49.5,0.0490873852123404,0,0,0.640036010742188,1.63,0,-5399.9521484375
100000000000000000000003,1,921125000,0,-46.5,4.55285497844458,0,0,0.640036010742188,1.63,0,-5399.9521484375
100000000000000000000002,1,921125000,0,-46.5,3.2152237314083,0,0,0.640036010742188,1.63,0,-5399.9521484375
100000000000000000000005,1,921125000,0,-61.5,1.33763124703628,0,0,0.640036010742188,1.63,0,-5399.9521484375
100000000000000000000004,1,921125000,0,-50,0.0490873852123404,0,0,0.640036010742188,1.63,0,-5399.9521484375
100000000000000000000005,1,921125000,0,-61.5,1.34990309333936,0,0,0.640036010742188,1.63,0,-5399.9521484375
100000000000000000000002,1,921125000,0,-46.5,3.23363150086293,0,0,0.640036010742188,1.63,0,-5399.9521484375
100000000000000000000003,1,921125000,0,-46.5,4.53444720898996,0,0,0.640036010742188,1.63,0,-5399.9521484375
100000000000000000000001,1,921125000,0,-47,1.26400016921777,0,0,0.640036010742188,1.63,0,-5399.9521484375
100000000000000000000000,1,921125000,0,-57,4.70011713408161,0,0,0.640036010742188,1.63,0,-5399.9521484375
100000000000000000000004,1,921125000,0,-50,0.0368155389092557,0,0,0.640036010742188,1.63,0,-5399.9521484375
100000000000000000000003,1,921125000,0,-46.5,4.52831128583841,0,0,0.640036010742188,1.63,0,-5399.9521484375
100000000000000000000000,1,921125000,0,-57.5,4.71238898038469,0,0,0.640036010742188,1.63,0,-5399.9521484375
100000000000000000000001,1,921125000,0,-47,1.24559239976314,0,0,0.640036010742188,1.63,0,-5399.9521484375
100000000000000000000005,1,921125000,0,-61.5,1.33149532388474,0,0,0.640036010742188,1.63,0,-5399.9521484375
100000000000000000000002,1,921125000,0,-46.5,3.22135965455985,0,0,0.640036010742188,1.63,0,-5399.9521484375
100000000000000000000003,1,921125000,0,-46.5,4.5405831321415,0,0,0.640036010742188,1.63,0,-5399.9521484375
100000000000000000000000,1,921125000,0,-57,4.73693267299086,0,0,0.640036010742188,1.63,0,-5399.9521484375
100000000000000000000001,1,921125000,0,-47,1.27013609236931,0,0,0.640036010742188,1.63,0,-5399.9521484375
100000000000000000000002,1,921125000,0,-46.5,3.23976742401447,0,0,0.640036010742188,1.63,0,-5399.9521484375
100000000000000000000004,1,921125000,0,-50,0.0490873852123404,0,0,0.640036010742188,1.63,0,-5399.9521484375
100000000000000000000005,1,921125000,0,-61.5,1.46648563321867,0,0,0.640036010742188,1.63,0,-5399.9521484375
100000000000000000000005,1,921125000,0,-62,1.40512640170325,0,0,0.640036010742188,1.63,0,-5399.9521484375
100000000000000000000001,1,921125000,0,-46.5,1.24559239976314,0,0,0.640036010742188,1.63,0,-5399.9521484375
100000000000000000000002,1,921125000,0,-46.5,3.2152237314083,0,0,0.640036010742188,1.63,0,-5399.9521484375
100000000000000000000003,1,921125000,0,-46.5,4.53444720898996,0,0,0.640036010742188,1.63,0,-5399.9521484375
100000000000000000000004,1,921125000,0,-49.5,0.0552233083638827,0,0,0.640036010742188,1.63,0,-5399.9521484375
100000000000000000000000,1,921125000,0,-57.5,4.73079674983932,0,0,0.640036010742188,1.63,0,-5399.9521484375
100000000000000000000001,1,921125000,0,-46.5,1.25172832291468,0,0,0.640036010742188,1.63,0,-5399.9521484375
100000000000000000000003,1,921125000,0,-46.5,4.55285497844458,0,0,0.640036010742188,1.63,0,-5399.9521484375
100000000000000000000004,1,921125000,0,-50,0.0368155389092557,0,0,0.640036010742188,1.63,0,-5399.9521484375
100000000000000000000002,1,921125000,0,-46.5,3.22749557771139,0,0,0.640036010742188,1.63,0,-5399.9521484375
100000000000000000000005,1,921125000,0,-62,1.36831086279399,0,0,0.640036010742188,1.63,0,-5399.9521484375
100000000000000000000000,1,921125000,0,-57.5,4.73079674983932,0,0,0.640036010742188,1.63,0,-5399.9521484375
100000000000000000000005,1,921125000,0,-62,1.47262155637022,0,0,0.640036010742188,1.63,0,-5399.9521484375
100000000000000000000001,1,921125000,0,-47,1.25786424606623,0,0,0.640036010742188,1.63,0,-5399.9521484375
100000000000000000000002,1,921125000,0,-46.5,3.23976742401447,0,0,0.640036010742188,1.63,0,-5399.9521484375
100000000000000000000003,1,921125000,0,-46.5,4.52217536268687,0,0,0.640036010742188,1.63,0,-5399.9521484375
100000000000000000000004,1,921125000,0,-50,0.0674951546669682,0,0,0.640036010742188,1.63,0,-5399.9521484375
100000000000000000000000,1,921125000,0,-57.5,4.68784528777852,0,0,0.640036010742188,1.63,0,-5399.9521484375
100000000000000000000000,1,921125000,0,-57.5,4.67557344147543,0,0,0.640036010742188,1.63,0,-5399.9521484375
100000000000000000000002,1,921125000,0,-46.5,3.24590334716602,0,0,0.640036010742188,1.63,0,-5399.9521484375
100000000000000000000004,1,921125000,0,-49.5,0.0613592315154259,0,0,0.640036010742188,1.63,0,-5399.9521484375
100000000000000000000003,1,921125000,0,-46.5,4.52217536268687,0,0,0.640036010742188,1.63,0,-5399.9521484375
100000000000000000000001,1,921125000,0,-47,1.26400016921777,0,0,0.640036010742188,1.63,0,-5399.9521484375
100000000000000000000005,1,921125000,0,-62,1.42967009430942,0,0,0.640036010742188,1.63,0,-5399.9521484375
100000000000000000000002,1,921125000,0,-46.5,3.22135965455985,0,0,0.640036010742188,1.63,0,-5399.9521484375
100000000000000000000001,1,921125000,0,-47,1.25172832291468,0,0,0.640036010742188,1.63,0,-5399.9521484375
100000000000000000000000,1,921125000,0,-57,4.70625305723315,0,0,0.640036010742188,1.63,0,-5399.9521484375
100000000000000000000003,1,921125000,0,-46.5,4.51603943953533,0,0,0.640036010742188,1.63,0,-5399.9521484375
100000000000000000000004,1,921125000,0,-50,0.0368155389092557,0,0,0.640036010742188,1.63,0,-5399.9521484375
100000000000000000000005,1,921125000,0,-61.5,1.32535940073319,0,0,0.640036010742188,1.63,0,-5399.9521484375
100000000000000000000003,1,921125000,0,-46.5,4.5405831321415,0,0,0.640036010742188,1.63,0,-5399.9521484375
100000000000000000000002,1,921125000,0,-46.5,3.25203927031756,0,0,0.640036010742188,1.63,0,-5399.9521484375
100000000000000000000001,1,921125000,0,-47,1.27013609236931,0,0,0.640036010742188,1.63,0,-5399.9521484375
100000000000000000000004,1,921125000,0,-50,0.0245436926061702,0,0,0.640036010742188,1.63,0,-5399.9521484375
100000000000000000000005,1,921125000,0,-61.5,1.38058270909708,0,0,0.640036010742188,1.63,0,-5399.9521484375
100000000000000000000000,1,921125000,0,-57.5,4.66330159517235,0,0,0.640036010742188,1.63,0,-5399.9521484375
100000000000000000000001,1,921125000,0,-47,1.25786424606623,0,0,0.640036010742188,1.63,0,-5399.9521484375
100000000000000000000004,1,921125000,0,-50,0.0552233083638827,0,0,0.640036010742188,1.63,0,-5399.9521484375
100000000000000000000003,1,921125000,0,-46.5,4.52831128583841,0,0,0.640036010742188,1.63,0,-5399.9521484375
100000000000000000000005,1,921125000,0,-61.5,1.2824079386724,0,0,0.640036010742188,1.63,0,-5399.9521484375
100000000000000000000000,1,921125000,0,-57.5,4.70625305723315,0,0,0.640036010742188,1.63,0,-5399.9521484375
100000000000000000000002,1,921125000,0,-46.5,3.20908780825676,0,0,0.640036010742188,1.63,0,-5399.9521484375
100000000000000000000001,1,921125000,0,-47,1.2394564766116,0,0,0.640036010742188,1.63,0,-5399.9521484375
100000000000000000000004,1,921125000,0,-50,0.0368155389092557,0,0,0.640036010742188,1.63,0,-5399.9521484375
100000000000000000000002,1,921125000,0,-46.5,3.2581751934691,0,0,0.640036010742188,1.63,0,-5399.9521484375
100000000000000000000005,1,921125000,0,-61.5,1.35603901649091,0,0,0.640036010742188,1.63,0,-5399.9521484375
100000000000000000000003,1,921125000,0,-46.5,4.52217536268687,0,0,0.640036010742188,1.63,0,-5399.9521484375
100000000000000000000000,1,921125000,0,-57.5,4.65102974886926,0,0,0.640036010742188,1.63,0,-5399.9521484375
100000000000000000000000,1,921125000,0,-57.5,4.63262197941464,0,0,0.640036010742188,1.63,0,-5399.9521484375
100000000000000000000002,1,921125000,0,-46.5,3.2152237314083,0,0,0.640036010742188,1.63,0,-5399.9521484375
100000000000000000000001,1,921125000,0,-46.5,1.26400016921777,0,0,0.640036010742188,1.63,0,-5399.9521484375
100000000000000000000004,1,921125000,0,-50,0.0490873852123404,0,0,0.640036010742188,1.63,0,-5399.9521484375
100000000000000000000003,1,921125000,0,-46.5,4.52217536268687,0,0,0.640036010742188,1.63,0,-5399.9521484375
100000000000000000000005,1,921125000,0,-61.5,1.43580601746096,0,0,0.640036010742188,1.63,0,-5399.9521484375
100000000000000000000005,1,921125000,0,-61.5,1.31922347758165,0,0,0.640036010742188,1.63,0,-5399.9521484375
100000000000000000000000,1,921125000,0,-57.5,4.75534044244549,0,0,0.640036010742188,1.63,0,-5399.9521484375
100000000000000000000004,1,921125000,0,-50,0.0490873852123404,0,0,0.640036010742188,1.63,0,-5399.9521484375
100000000000000000000003,1,921125000,0,-46.5,4.5405831321415,0,0,0.640036010742188,1.63,0,-5399.9521484375
100000000000000000000001,1,921125000,0,-46.5,1.25172832291468,0,0,0.640036010742188,1.63,0,-5399.9521484375
100000000000000000000002,1,921125000,0,-46.5,3.20295188510522,0,0,0.640036010742188,1.63,0,-5399.9521484375
100000000000000000000003,1,921125000,0,-46.5,4.50990351638379,0,0,0.640036010742188,1.63,0,-5399.9521484375
100000000000000000000004,1,921125000,0,-50,0.0306796157577125,0,0,0.640036010742188,1.63,0,-5399.9521484375
100000000000000000000000,1,921125000,0,-57.5,4.71238898038469,0,0,0.640036010742188,1.63,0,-5399.9521484375
100000000000000000000005,1,921125000,0,-61.5,1.30695163127857,0,0,0.640036010742188,1.63,0,-5399.9521484375
100000000000000000000002,1,921125000,0,-46.5,3.23363150086293,0,0,0.640036010742188,1.63,0,-5399.9521484375
100000000000000000000001,1,921125000,0,-46.5,1.26400016921777,0,0,0.640036010742188,1.63,0,-5399.9521484375
100000000000000000000001,1,921125000,0,-47,1.25172832291468,0,0,0.640036010742188,1.63,0,-5399.9521484375
100000000000000000000004,1,921125000,0,-50,0.042951462060798,0,0,0.640036010742188,1.63,0,-5399.9521484375
100000000000000000000003,1,921125000,0,-46,4.52831128583841,0,0,0.640036010742188,1.63,0,-5399.9521484375
100000000000000000000002,1,921125000,0,-46.5,3.20295188510522,0,0,0.640036010742188,1.63,0,-5399.9521484375
100000000000000000000005,1,921125000,0,-61,1.37444678594553,0,0,0.640036010742188,1.63,0,-5399.9521484375
100000000000000000000000,1,921125000,0,-57.5,4.69398121093006,0,0,0.640036010742188,1.63,0,-5399.9521484375
100000000000000000000005,1,921125000,0,-61.5,1.28854386182394,0,0,0.640036010742188,1.63,0,-5399.9521484375
100000000000000000000000,1,921125000,0,-57.5,4.69398121093006,0,0,0.640036010742188,1.63,0,-5399.9521484375
100000000000000000000001,1,921125000,0,-47,1.26400016921777,0,0,0.640036010742188,1.63,0,-5399.9521484375
100000000000000000000004,1,921125000,0,-50,0.0245436926061702,0,0,0.640036010742188,1.63,0,-5399.9521484375
100000000000000000000003,1,921125000,0,-46,4.52217536268687,0,0,0.640036010742188,1.63,0,-5399.9521484375
100000000000000000000002,1,921125000,0,-46.5,3.2152237314083,0,0,0.640036010742188,1.63,0,-5399.9521484375
100000000000000000000003,1,921125000,0,-46.5,4.5405831321415,0,0,0.640036010742188,1.63,0,-5399.9521484375
100000000000000000000004,1,921125000,0,-50,0.0552233083638827,0,0,0.640036010742188,1.63,0,-5399.9521484375
100000000000000000000001,1,921125000,0,-47,1.24559239976314,0,0,0.640036010742188,1.63,0,-5399.9521484375
100000000000000000000002,1,921125000,0,-46.5,3.22135965455985,0,0,0.640036010742188,1.63,0,-5399.9521484375
100000000000000000000005,1,921125000,0,-62,1.35603901649091,0,0,0.640036010742188,1.63,0,-5399.9521484375
100000000000000000000000,1,921125000,0,-57.5,4.70011713408161,0,0,0.640036010742188,1.63,0,-5399.9521484375
100000000000000000000001,1,921125000,0,-46.5,1.27013609236931,0,0,0.640036010742188,1.63,0,-5399.9521484375
100000000000000000000003,1,921125000,0,-46.5,4.51603943953533,0,0,0.640036010742188,1.63,0,-5399.9521484375
100000000000000000000002,1,921125000,0,-46.5,3.26431111662064,0,0,0.640036010742188,1.63,0,-5399.9521484375
100000000000000000000005,1,921125000,0,-61.5,1.40512640170325,0,0,0.640036010742188,1.63,0,-5399.9521484375
100000000000000000000000,1,921125000,0,-57.5,4.72466082668777,0,0,0.640036010742188,1.63,0,-5399.9521484375
100000000000000000000004,1,921125000,0,-50,0.042951462060798,0,0,0.640036010742188,1.63,0,-5399.9521484375
100000000000000000000001,1,921125000,0,-46.5,1.24559239976314,0,0,0.640036010742188,1.63,0,-5399.9521484375
100000000000000000000005,1,921125000,0,-62,1.36831086279399,0,0,0.640036010742188,1.63,0,-5399.9521484375
100000000000000000000000,1,921125000,0,-57,4.72466082668777,0,0,0.640036010742188,1.63,0,-5399.9521484375
100000000000000000000003,1,921125000,0,-46.5,4.52217536268687,0,0,0.640036010742188,1.63,0,-5399.9521484375
100000000000000000000004,1,921125000,0,-50,0.0552233083638827,0,0,0.640036010742188,1.63,0,-5399.9521484375
100000000000000000000002,1,921125000,0,-46.5,3.20295188510522,0,0,0.640036010742188,1.63,0,-5399.9521484375
100000000000000000000000,1,921125000,0,-58,4.71238898038469,0,0,0.640036010742188,1.63,0,-5399.9521484375
100000000000000000000005,1,921125000,0,-62,1.37444678594553,0,0,0.640036010742188,1.63,0,-5399.9521484375
100000000000000000000001,1,921125000,0,-47,1.24559239976314,0,0,0.640036010742188,1.63,0,-5399.9521484375
100000000000000000000002,1,921125000,0,-46.5,3.23363150086293,0,0,0.640036010742188,1.63,0,-5399.9521484375
100000000000000000000003,1,921125000,0,-46.5,4.5405831321415,0,0,0.640036010742188,1.63,0,-5399.9521484375
100000000000000000000004,1,921125000,0,-50,0.0552233083638827,0,0,0.640036010742188,1.63,0,-5399.9521484375
100000000000000000000001,1,921125000,0,-46.5,1.25172832291468,0,0,0.640036010742188,1.63,0,-5399.9521484375
100000000000000000000003,1,921125000,0,-46.5,4.52217536268687,0,0,0.640036010742188,1.63,0,-5399.9521484375
100000000000000000000004,1,921125000,0,-50,0.0490873852123404,0,0,0.640036010742188,1.63,0,-5399.9521484375
100000000000000000000000,1,921125000,0,-57.5,4.67557344147543,0,0,0.640036010742188,1.63,0,-5399.9521484375
100000000000000000000005,1,921125000,0,-61.5,1.38671863224862,0,0,0.640036010742188,1.63,0,-5399.9521484375
100000000000000000000002,1,921125000,0,-46.5,3.24590334716602,0,0,0.640036010742188,1.63,0,-5399.9521484375
100000000000000000000003,1,921125000,0,-46.5,4.5405831321415,0,0,0.640036010742188,1.63,0,-5399.9521484375
100000000000000000000000,1,921125000,0,-57.5,4.63875790256618,0,0,0.640036010742188,1.63,0,-5399.9521484375
100000000000000000000001,1,921125000,0,-47,1.25786424606623,0,0,0.640036010742188,1.63,0,-5399.9521484375
100000000000000000000004,1,921125000,0,-49.5,0.0552233083638827,0,0,0.640036010742188,1.63,0,-5399.9521484375
100000000000000000000002,1,921125000,0,-46.5,3.22749557771139,0,0,0.640036010742188,1.63,0,-5399.9521484375
100000000000000000000005,1,921125000,0,-61.5,1.28854386182394,0,0,0.640036010742188,1.63,0,-5399.9521484375
100000000000000000000005,1,921125000,0,-61.5,1.40512640170325,0,0,0.640036010742188,1.63,0,-5399.9521484375
100000000000000000000000,1,921125000,0,-57,4.71238898038469,0,0,0.640036010742188,1.63,0,-5399.9521484375
100000000000000000000004,1,921125000,0,-50,0.0368155389092557,0,0,0.640036010742188,1.63,0,-5399.9521484375
100000000000000000000002,1,921125000,0,-46.5,3.23976742401447,0,0,0.640036010742188,1.63,0,-5399.9521484375
100000000000000000000003,1,921125000,0,-46.5,4.52831128583841,0,0,0.640036010742188,1.63,0,-5399.9521484375
100000000000000000000001,1,921125000,0,-46.5,1.26400016921777,0,0,0.640036010742188,1.63,0,-5399.9521484375
100000000000000000000005,1,921125000,0,-61,1.42967009430942,0,0,0.640036010742188,1.63,0,-5399.9521484375
100000000000000000000003,1,921125000,0,-46,4.52217536268687,0,0,0.640036010742188,1.63,0,-5399.9521484375
100000000000000000000000,1,921125000,0,-57.5,4.70625305723315,0,0,0.640036010742188,1.63,0,-5399.9521484375
100000000000000000000001,1,921125000,0,-47,1.2824079386724,0,0,0.640036010742188,1.63,0,-5399.9521484375
100000000000000000000002,1,921125000,0,-46.5,3.23363150086293,0,0,0.640036010742188,1.63,0,-5399.9521484375
100000000000000000000004,1,921125000,0,-49.5,0.042951462060798,0,0,0.640036010742188,1.63,0,-5399.9521484375
100000000000000000000005,1,921125000,0,-61.5,1.39285455540016,0,0,0.640036010742188,1.63,0,-5399.9521484375
100000000000000000000004,1,921125000,0,-49.5,0.0368155389092557,0,0,0.640036010742188,1.63,0,-5399.9521484375
100000000000000000000002,1,921125000,0,-46.5,3.24590334716602,0,0,0.640036010742188,1.63,0,-5399.9521484375
100000000000000000000000,1,921125000,0,-57.5,4.73079674983932,0,0,0.640036010742188,1.63,0,-5399.9521484375
100000000000000000000003,1,921125000,0,-46.5,4.52217536268687,0,0,0.640036010742188,1.63,0,-5399.9521484375
100000000000000000000001,1,921125000,0,-47,1.27013609236931,0,0,0.640036010742188,1.63,0,-5399.9521484375
100000000000000000000001,1,921125000,0,-47,1.2824079386724,0,0,0.640036010742188,1.63,0,-5399.9521484375
100000000000000000000003,1,921125000,0,-46,4.51603943953533,0,0,0.640036010742188,1.63,0,-5399.9521484375
100000000000000000000002,1,921125000,0,-46.5,3.22749557771139,0,0,0.640036010742188,1.63,0,-5399.9521484375
100000000000000000000005,1,921125000,0,-61.5,1.07992247467149,0,0,0.640036010742188,1.63,0,-5399.9521484375
100000000000000000000004,1,921125000,0,-50,0.0490873852123404,0,0,0.640036010742188,1.63,0,-5399.9521484375
100000000000000000000000,1,921125000,0,-57.5,4.69398121093006,0,0,0.640036010742188,1.63,0,-5399.9521484375
100000000000000000000001,1,921125000,0,-46.5,1.2394564766116,0,0,0.640036010742188,1.63,0,-5399.9521484375
100000000000000000000005,1,921125000,0,-61.5,1.2824079386724,0,0,0.640036010742188,1.63,0,-5399.9521484375
100000000000000000000003,1,921125000,0,-46.5,4.53444720898996,0,0,0.640036010742188,1.63,0,-5399.9521484375
100000000000000000000000,1,921125000,0,-57.5,4.7430685961424,0,0,0.640036010742188,1.63,0,-5399.9521484375
100000000000000000000002,1,921125000,0,-46.5,3.2152237314083,0,0,0.640036010742188,1.63,0,-5399.9521484375
100000000000000000000004,1,921125000,0,-50,0.0674951546669682,0,0,0.640036010742188,1.63,0,-5399.9521484375
100000000000000000000001,1,921125000,0,-47,1.25786424606623,0,0,0.640036010742188,1.63,0,-5399.9521484375
100000000000000000000002,1,921125000,0,-46.5,3.23363150086293,0,0,0.640036010742188,1.63,0,-5399.9521484375
100000000000000000000005,1,921125000,0,-61.5,1.34376717018782,0,0,0.640036010742188,1.63,0,-5399.9521484375
100000000000000000000003,1,921125000,0,-46,4.50990351638379,0,0,0.640036010742188,1.63,0,-5399.9521484375
100000000000000000000004,1,921125000,0,-49.5,0.0613592315154259,0,0,0.640036010742188,1.63,0,-5399.9521484375
100000000000000000000000,1,921125000,0,-57.5,4.66330159517235,0,0,0.640036010742188,1.63,0,-5399.9521484375
100000000000000000000005,1,921125000,0,-61.5,1.31308755443011,0,0,0.640036010742188,1.63,0,-5399.9521484375
100000000000000000000004,1,921125000,0,-50,0.0184077694546279,0,0,0.640036010742188,1.63,0,-5399.9521484375
100000000000000000000002,1,921125000,0,-46.5,3.22749557771139,0,0,0.640036010742188,1.63,0,-5399.9521484375
100000000000000000000003,1,921125000,0,-46.5,4.52831128583841,0,0,0.640036010742188,1.63,0,-5399.9521484375
100000000000000000000000,1,921125000,0,-57.5,4.61421420996001,0,0,0.640036010742188,1.63,0,-5399.9521484375
100000000000000000000001,1,921125000,0,-47,1.25172832291468,0,0,0.640036010742188,1.63,0,-5399.9521484375
100000000000000000000003,1,921125000,0,-46.5,4.51603943953533,0,0,0.640036010742188,1.63,0,-5399.9521484375
100000000000000000000005,1,921125000,0,-61,1.34376717018782,0,0,0.640036010742188,1.63,0,-5399.9521484375
100000000000000000000001,1,921125000,0,-47,1.25786424606623,0,0,0.640036010742188,1.63,0,-5399.9521484375
100000000000000000000004,1,921125000,0,-50,0.0245436926061702,0,0,0.640036010742188,1.63,0,-5399.9521484375
100000000000000000000002,1,921125000,0,-46.5,3.24590334716602,0,0,0.640036010742188,1.63,0,-5399.9521484375
100000000000000000000000,1,921125000,0,-57,4.66330159517235,0,0,0.640036010742188,1.63,0,-5399.9521484375
100000000000000000000002,1,921125000,0,-46.5,3.22749557771139,0,0,0.640036010742188,1.63,0,-5399.9521484375
100000000000000000000001,1,921125000,0,-47,1.25172832291468,0,0,0.640036010742188,1.63,0,-5399.9521484375
100000000000000000000004,1,921125000,0,-49.5,0.0552233083638827,0,0,0.640036010742188,1.63,0,-5399.9521484375
100000000000000000000005,1,921125000,0,-61.5,1.34990309333936,0,0,0.640036010742188,1.63,0,-5399.9521484375
100000000000000000000003,1,921125000,0,-46.5,4.52217536268687,0,0,0.640036010742188,1.63,0,-5399.9521484375
100000000000000000000000,1,921125000,0,-57.5,4.65716567202081,0,0,0.640036010742188,1.63,0,-5399.9521484375
100000000000000000000001,1,921125000,0,-47,1.27627201552085,0,0,0.640036010742188,1.63,0,-5399.9521484375
100000000000000000000002,1,921125000,0,-46.5,3.2152237314083,0,0,0.640036010742188,1.63,0,-5399.9521484375
100000000000000000000004,1,921125000,0,-50,0.0552233083638827,0,0,0.640036010742188,1.63,0,-5399.9521484375
100000000000000000000000,1,921125000,0,-57.5,4.64489382571772,0,0,0.640036010742188,1.63,0,-5399.9521484375
100000000000000000000003,1,921125000,0,-46.5,4.52217536268687,0,0,0.640036010742188,1.63,0,-5399.9521484375
100000000000000000000005,1,921125000,0,-62,1.2394564766116,0,0,0.640036010742188,1.63,0,-5399.9521484375
100000000000000000000005,1,921125000,0,-61.5,1.36217493964245,0,0,0.640036010742188,1.63,0,-5399.9521484375
100000000000000000000000,1,921125000,0,-57.5,4.65716567202081,0,0,0.640036010742188,1.63,0,-5399.9521484375
100000000000000000000001,1,921125000,0,-46.5,1.24559239976314,0,0,0.640036010742188,1.63,0,-5399.9521484375
100000000000000000000002,1,921125000,0,-46.5,3.2581751934691,0,0,0.640036010742188,1.63,0,-5399.9521484375
100000000000000000000003,1,921125000,0,-46.5,4.51603943953533,0,0,0.640036010742188,1.63,0,-5399.9521484375
100000000000000000000004,1,921125000,0,-49.5,0.0674951546669682,0,0,0.640036010742188,1.63,0,-5399.9521484375
100000000000000000000005,1,921125000,0,-62,1.4419419406125,0,0,0.640036010742188,1.63,0,-5399.9521484375
100000000000000000000001,1,921125000,0,-47,1.25786424606623,0,0,0.640036010742188,1.63,0,-5399.9521484375
100000000000000000000004,1,921125000,0,-50,0.0490873852123404,0,0,0.640036010742188,1.63,0,-5399.9521484375
100000000000000000000002,1,921125000,0,-46.5,3.2152237314083,0,0,0.640036010742188,1.63,0,-5399.9521484375
100000000000000000000000,1,921125000,0,-57.5,4.7430685961424,0,0,0.640036010742188,1.63,0,-5399.9521484375
100000000000000000000003,1,921125000,0,-46,4.4976316700807,0,0,0.640036010742188,1.63,0,-5399.9521484375
100000000000000000000001,1,921125000,0,-46.5,1.25172832291468,0,0,0.640036010742188,1.63,0,-5399.9521484375
100000000000000000000004,1,921125000,0,-50,0.0306796157577125,0,0,0.640036010742188,1.63,0,-5399.9521484375
100000000000000000000000,1,921125000,0,-57.5,4.70011713408161,0,0,0.640036010742188,1.63,0,-5399.9521484375
100000000000000000000005,1,921125000,0,-61.5,1.41739824800633,0,0,0.640036010742188,1.63,0,-5399.9521484375
100000000000000000000003,1,921125000,0,-46.5,4.52217536268687,0,0,0.640036010742188,1.63,0,-5399.9521484375
100000000000000000000002,1,921125000,0,-46.5,3.22135965455985,0,0,0.640036010742188,1.63,0,-5399.9521484375
100000000000000000000005,1,921125000,0,-61.5,1.30081570812702,0,0,0.640036010742188,1.63,0,-5399.9521484375
100000000000000000000001,1,921125000,0,-47,1.25786424606623,0,0,0.640036010742188,1.63,0,-5399.9521484375
100000000000000000000003,1,921125000,0,-46.5,4.51603943953533,0,0,0.640036010742188,1.63,0,-5399.9521484375
100000000000000000000000,1,921125000,0,-57.5,4.66943751832389,0,0,0.640036010742188,1.63,0,-5399.9521484375
100000000000000000000002,1,921125000,0,-46.5,3.20295188510522,0,0,0.640036010742188,1.63,0,-5399.9521484375
100000000000000000000004,1,921125000,0,-50,0.0552233083638827,0,0,0.640036010742188,1.63,0,-5399.9521484375
100000000000000000000003,1,921125000,0,-46.5,4.50376759323224,0,0,0.640036010742188,1.63,0,-5399.9521484375
100000000000000000000000,1,921125000,0,-57,4.69398121093006,0,0,0.640036010742188,1.63,0,-5399.9521484375
100000000000000000000004,1,921125000,0,-49.5,0.0552233083638827,0,0,0.640036010742188,1.63,0,-5399.9521484375
100000000000000000000001,1,921125000,0,-46.5,1.24559239976314,0,0,0.640036010742188,1.63,0,-5399.9521484375
100000000000000000000002,1,921125000,0,-46.5,3.22749557771139,0,0,0.640036010742188,1.63,0,-5399.9521484375
100000000000000000000005,1,921125000,0,-62,1.47262155637022,0,0,0.640036010742188,1.63,0,-5399.9521484375
100000000000000000000002,1,921125000,0,-46.5,3.22135965455985,0,0,0.640036010742188,1.63,0,-5399.9521484375
100000000000000000000001,1,921125000,0,-47,1.26400016921777,0,0,0.640036010742188,1.63,0,-5399.9521484375
100000000000000000000005,1,921125000,0,-61.5,1.30081570812702,0,0,0.640036010742188,1.63,0,-5399.9521484375
100000000000000000000003,1,921125000,0,-46.5,4.4976316700807,0,0,0.640036010742188,1.63,0,-5399.9521484375
100000000000000000000004,1,921125000,0,-50,0.0674951546669682,0,0,0.640036010742188,1.63,0,-5399.9521484375
100000000000000000000000,1,921125000,0,-57.5,4.66943751832389,0,0,0.640036010742188,1.63,0,-5399.9521484375
100000000000000000000002,1,921125000,0,-46.5,3.23363150086293,0,0,0.640036010742188,1.63,0,-5399.9521484375
100000000000000000000000,1,921125000,0,-57,4.65716567202081,0,0,0.640036010742188,1.63,0,-5399.9521484375
100000000000000000000001,1,921125000,0,-47,1.25786424606623,0,0,0.640036010742188,1.63,0,-5399.9521484375
100000000000000000000005,1,921125000,0,-61.5,1.34376717018782,0,0,0.640036010742188,1.63,0,-5399.9521484375
100000000000000000000004,1,921125000,0,-49.5,0.042951462060798,0,0,0.640036010742188,1.63,0,-5399.9521484375
100000000000000000000003,1,921125000,0,-46.5,4.51603943953533,0,0,0.640036010742188,1.63,0,-5399.9521484375
100000000000000000000001,1,921125000,0,-47,1.25786424606623,0,0,0.640036010742188,1.63,0,-5399.9521484375
100000000000000000000003,1,921125000,0,-46,4.52217536268687,0,0,0.640036010742188,1.63,0,-5399.9521484375
100000000000000000000004,1,921125000,0,-49.5,0.042951462060798,0,0,0.640036010742188,1.63,0,-5399.9521484375
100000000000000000000002,1,921125000,0,-46.5,3.22749557771139,0,0,0.640036010742188,1.63,0,-5399.9521484375
100000000000000000000005,1,921125000,0,-61.5,1.38058270909708,0,0,0.640036010742188,1.63,0,-5399.9521484375
100000000000000000000000,1,921125000,0,-57.5,4.62035013311155,0,0,0.640036010742188,1.63,0,-5399.9521484375
100000000000000000000003,1,921125000,0,-46.5,4.52831128583841,0,0,0.640036010742188,1.63,0,-5399.9521484375
100000000000000000000004,1,921125000,0,-50,0.0613592315154259,0,0,0.640036010742188,1.63,0,-5399.9521484375
100000000000000000000002,1,921125000,0,-46.5,3.22135965455985,0,0,0.640036010742188,1.63,0,-5399.9521484375
100000000000000000000005,1,921125000,0,-61.5,1.31922347758165,0,0,0.640036010742188,1.63,0,-5399.9521484375
100000000000000000000000,1,921125000,0,-57.5,4.70011713408161,0,0,0.640036010742188,1.63,0,-5399.9521484375
100000000000000000000001,1,921125000,0,-47,1.27013609236931,0,0,0.640036010742188,1.63,0,-5399.9521484375
100000000000000000000003,1,921125000,0,-46.5,4.50376759323224,0,0,0.640036010742188,1.63,0,-5399.9521484375
100000000000000000000001,1,921125000,0,-47,1.26400016921777,0,0,0.640036010742188,1.63,0,-5399.9521484375
100000000000000000000002,1,921125000,0,-46.5,3.20295188510522,0,0,0.640036010742188,1.63,0,-5399.9521484375
100000000000000000000005,1,921125000,0,-62,1.35603901649091,0,0,0.640036010742188,1.63,0,-5399.9521484375
100000000000000000000004,1,921125000,0,-49.5,0.042951462060798,0,0,0.640036010742188,1.63,0,-5399.9521484375
100000000000000000000000,1,921125000,0,-57.5,4.71852490353623,0,0,0.640036010742188,1.63,0,-5399.9521484375
100000000000000000000005,1,921125000,0,-61.5,1.33763124703628,0,0,0.640036010742188,1.63,0,-5399.9521484375
100000000000000000000002,1,921125000,0,-46.5,3.22749557771139,0,0,0.640036010742188,1.63,0,-5399.9521484375
100000000000000000000001,1,921125000,0,-47,1.25172832291468,0,0,0.640036010742188,1.63,0,-5399.9521484375
100000000000000000000000,1,921125000,0,-57,4.70011713408161,0,0,0.640036010742188,1.63,0,-5399.9521484375
100000000000000000000003,1,921125000,0,-46.5,4.50990351638379,0,0,0.640036010742188,1.63,0,-5399.9521484375
100000000000000000000004,1,921125000,0,-50,0.0552233083638827,0,0,0.640036010742188,1.63,0,-5399.9521484375
100000000000000000000002,1,921125000,0,-46.5,3.2581751934691,0,0,0.640036010742188,1.63,0,-5399.9521484375
100000000000000000000001,1,921125000,0,-46.5,1.24559239976314,0,0,0.640036010742188,1.63,0,-5399.9521484375
100000000000000000000003,1,921125000,0,-46.5,4.51603943953533,0,0,0.640036010742188,1.63,0,-5399.9521484375
100000000000000000000000,1,921125000,0,-57.5,4.64489382571772,0,0,0.640036010742188,1.63,0,-5399.9521484375
100000000000000000000004,1,921125000,0,-50,0.0490873852123404,0,0,0.640036010742188,1.63,0,-5399.9521484375
100000000000000000000005,1,921125000,0,-61,1.42967009430942,0,0,0.640036010742188,1.63,0,-5399.9521484375
100000000000000000000005,1,921125000,0,-61.5,1.39285455540016,0,0,0.640036010742188,1.63,0,-5399.9521484375
100000000000000000000003,1,921125000,0,-46,4.52217536268687,0,0,0.640036010742188,1.63,0,-5399.9521484375
100000000000000000000002,1,921125000,0,-46.5,3.22135965455985,0,0,0.640036010742188,1.63,0,-5399.9521484375
100000000000000000000000,1,921125000,0,-57,4.75534044244549,0,0,0.640036010742188,1.63,0,-5399.9521484375
100000000000000000000001,1,921125000,0,-47,1.23332055346006,0,0,0.640036010742188,1.63,0,-5399.9521484375
100000000000000000000004,1,921125000,0,-49.5,0.0490873852123404,0,0,0.640036010742188,1.63,0,-5399.9521484375
100000000000000000000003,1,921125000,0,-46.5,4.52831128583841,0,0,0.640036010742188,1.63,0,-5399.9521484375
100000000000000000000005,1,921125000,0,-61.5,1.49716524897639,0,0,0.640036010742188,1.63,0,-5399.9521484375
100000000000000000000000,1,921125000,0,-57.5,4.68784528777852,0,0,0.640036010742188,1.63,0,-5399.9521484375
100000000000000000000002,1,921125000,0,-46.5,3.22749557771139,0,0,0.640036010742188,1.63,0,-5399.9521484375
100000000000000000000004,1,921125000,0,-49.5,0.0552233083638827,0,0,0.640036010742188,1.63,0,-5399.9521484375
100000000000000000000001,1,921125000,0,-47,1.24559239976314,0,0,0.640036010742188,1.63,0,-5399.9521484375
100000000000000000000005,1,921125000,0,-61.5,1.36831086279399,0,0,0.640036010742188,1.63,0,-5399.9521484375
100000000000000000000001,1,921125000,0,-47,1.24559239976314,0,0,0.640036010742188,1.63,0,-5399.9521484375
100000000000000000000002,1,921125000,0,-46.5,3.23363150086293,0,0,0.640036010742188,1.63,0,-5399.9521484375
100000000000000000000003,1,921125000,0,-46.5,4.53444720898996,0,0,0.640036010742188,1.63,0,-5399.9521484375
100000000000000000000004,1,921125000,0,-49.5,0.0490873852123404,0,0,0.640036010742188,1.63,0,-5399.9521484375
100000000000000000000000,1,921125000,0,-57.5,4.73079674983932,0,0,0.640036010742188,1.63,0,-5399.9521484375
100000000000000000000004,1,921125000,0,-49.5,0.0306796157577125,0,0,0.640036010742188,1.63,0,-5399.9521484375
100000000000000000000002,1,921125000,0,-46.5,3.22135965455985,0,0,0.640036010742188,1.63,0,-5399.9521484375
100000000000000000000001,1,921125000,0,-46.5,1.26400016921777,0,0,0.640036010742188,1.63,0,-5399.9521484375
100000000000000000000003,1,921125000,0,-46.5,4.51603943953533,0,0,0.640036010742188,1.63,0,-5399.9521484375
100000000000000000000000,1,921125000,0,-57.5,4.70625305723315,0,0,0.640036010742188,1.63,0,-5399.9521484375
100000000000000000000005,1,921125000,0,-61.5,1.33149532388474,0,0,0.640036010742188,1.63,0,-5399.9521484375
100000000000000000000001,1,921125000,0,-46.5,1.27013609236931,0,0,0.640036010742188,1.63,0,-5399.9521484375
100000000000000000000002,1,921125000,0,-46.5,3.23363150086293,0,0,0.640036010742188,1.63,0,-5399.9521484375
100000000000000000000004,1,921125000,0,-49.5,0.0306796157577125,0,0,0.640036010742188,1.63,0,-5399.9521484375
100000000000000000000005,1,921125000,0,-61.5,1.4419419406125,0,0,0.640036010742188,1.63,0,-5399.9521484375
100000000000000000000003,1,921125000,0,-46,4.48535982377761,0,0,0.640036010742188,1.63,0,-5399.9521484375
100000000000000000000000,1,921125000,0,-57.5,4.70625305723315,0,0,0.640036010742188,1.63,0,-5399.9521484375
100000000000000000000001,1,921125000,0,-47,1.25786424606623,0,0,0.640036010742188,1.63,0,-5399.9521484375
100000000000000000000005,1,921125000,0,-61.5,1.34376717018782,0,0,0.640036010742188,1.63,0,-5399.9521484375
100000000000000000000000,1,921125000,0,-57.5,4.72466082668777,0,0,0.640036010742188,1.63,0,-5399.9521484375
100000000000000000000002,1,921125000,0,-46.5,3.22749557771139,0,0,0.640036010742188,1.63,0,-5399.9521484375
100000000000000000000004,1,921125000,0,-50,0.0613592315154259,0,0,0.640036010742188,1.63,0,-5399.9521484375
100000000000000000000003,1,921125000,0,-46.5,4.52831128583841,0,0,0.640036010742188,1.63,0,-5399.9521484375
100000000000000000000001,1,921125000,0,-46.5,1.2394564766116,0,0,0.640036010742188,1.63,0,-5399.9521484375
100000000000000000000004,1,921125000,0,-49.5,0.042951462060798,0,0,0.640036010742188,1.63,0,-5399.9521484375
100000000000000000000002,1,921125000,0,-46.5,3.23976742401447,0,0,0.640036010742188,1.63,0,-5399.9521484375
100000000000000000000003,1,921125000,0,-46.5,4.51603943953533,0,0,0.640036010742188,1.63,0,-5399.9521484375
100000000000000000000005,1,921125000,0,-61.5,1.49102932582484,0,0,0.640036010742188,1.63,0,-5399.9521484375
100000000000000000000000,1,921125000,0,-57.5,4.70625305723315,0,0,0.640036010742188,1.63,0,-5399.9521484375
100000000000000000000002,1,921125000,0,-46.5,3.22135965455985,0,0,0.640036010742188,1.63,0,-5399.9521484375
100000000000000000000005,1,921125000,0,-62,1.38058270909708,0,0,0.640036010742188,1.63,0,-5399.9521484375
100000000000000000000003,1,921125000,0,-46.5,4.52217536268687,0,0,0.640036010742188,1.63,0,-5399.9521484375
100000000000000000000001,1,921125000,0,-46.5,1.26400016921777,0,0,0.640036010742188,1.63,0,-5399.9521484375
100000000000000000000004,1,921125000,0,-49.5,0.0552233083638827,0,0,0.640036010742188,1.63,0,-5399.9521484375
100000000000000000000000,1,921125000,0,-57,4.65716567202081,0,0,0.640036010742188,1.63,0,-5399.9521484375
100000000000000000000004,1,921125000,0,-49.5,0.0490873852123404,0,0,0.640036010742188,1.63,0,-5399.9521484375
100000000000000000000000,1,921125000,0,-57.5,4.71238898038469,0,0,0.640036010742188,1.63,0,-5399.9521484375
100000000000000000000003,1,921125000,0,-46.5,4.5405831321415,0,0,0.640036010742188,1.63,0,-5399.9521484375
100000000000000000000002,1,921125000,0,-46.5,3.22135965455985,0,0,0.640036010742188,1.63,0,-5399.9521484375
100000000000000000000001,1,921125000,0,-47,1.25172832291468,0,0,0.640036010742188,1.63,0,-5399.9521484375
100000000000000000000005,1,921125000,0,-62,1.33763124703628,0,0,0.640036010742188,1.63,0,-5399.9521484375
100000000000000000000001,1,921125000,0,-47,1.24559239976314,0,0,0.640036010742188,1.63,0,-5399.9521484375
100000000000000000000004,1,921125000,0,-50,0.0490873852123404,0,0,0.640036010742188,1.63,0,-5399.9521484375
100000000000000000000000,1,921125000,0,-57,4.71852490353623,0,0,0.640036010742188,1.63,0,-5399.9521484375
100000000000000000000002,1,921125000,0,-46.5,3.22135965455985,0,0,0.640036010742188,1.63,0,-5399.9521484375
100000000000000000000003,1,921125000,0,-46.5,4.50990351638379,0,0,0.640036010742188,1.63,0,-5399.9521484375
100000000000000000000005,1,921125000,0,-61.5,1.32535940073319,0,0,0.640036010742188,1.63,0,-5399.9521484375
100000000000000000000000,1,921125000,0,-57.5,4.71238898038469,0,0,0.640036010742188,1.63,0,-5399.9521484375
100000000000000000000004,1,921125000,0,-49.5,0.0552233083638827,0,0,0.640036010742188,1.63,0,-5399.9521484375
100000000000000000000002,1,921125000,0,-46.5,3.20908780825676,0,0,0.640036010742188,1.63,0,-5399.9521484375
100000000000000000000001,1,921125000,0,-47,1.26400016921777,0,0,0.640036010742188,1.63,0,-5399.9521484375
100000000000000000000003,1,921125000,0,-46.5,4.53444720898996,0,0,0.640036010742188,1.63,0,-5399.9521484375
100000000000000000000005,1,921125000,0,-61,1.36831086279399,0,0,0.640036010742188,1.63,0,-5399.9521484375
100000000000000000000002,1,921125000,0,-46.5,3.27044703977219,0,0,0.640036010742188,1.63,0,-5399.9521484375
100000000000000000000000,1,921125000,0,-57.5,4.68170936462698,0,0,0.640036010742188,1.63,0,-5399.9521484375
100000000000000000000005,1,921125000,0,-61.5,1.36217493964245,0,0,0.640036010742188,1.63,0,-5399.9521484375
100000000000000000000001,1,921125000,0,-47,1.25786424606623,0,0,0.640036010742188,1.63,0,-5399.9521484375
100000000000000000000004,1,921125000,0,-49.5,0.0674951546669682,0,0,0.640036010742188,1.63,0,-5399.9521484375
100000000000000000000003,1,921125000,0,-46.5,4.52831128583841,0,0,0.640036010742188,1.63,0,-5399.9521484375
100000000000000000000001,1,921125000,0,-47,1.2394564766116,0,0,0.640036010742188,1.63,0,-5399.9521484375
100000000000000000000003,1,921125000,0,-46.5,4.51603943953533,0,0,0.640036010742188,1.63,0,-5399.9521484375
100000000000000000000005,1,921125000,0,-62,1.39285455540016,0,0,0.640036010742188,1.63,0,-5399.9521484375
100000000000000000000004,1,921125000,0,-49.5,0.0245436926061702,0,0,0.640036010742188,1.63,0,-5399.9521484375
100000000000000000000000,1,921125000,0,-57.5,4.70625305723315,0,0,0.640036010742188,1.63,0,-5399.9521484375
100000000000000000000002,1,921125000,0,-46.5,3.18454411565059,0,0,0.640036010742188,1.63,0,-5399.9521484375
100000000000000000000001,1,921125000,0,-47,1.26400016921777,0,0,0.640036010742188,1.63,0,-5399.9521484375
100000000000000000000004,1,921125000,0,-50,0.042951462060798,0,0,0.640036010742188,1.63,0,-5399.9521484375
100000000000000000000000,1,921125000,0,-57.5,4.7430685961424,0,0,0.640036010742188,1.63,0,-5399.9521484375
100000000000000000000005,1,921125000,0,-61.5,1.36217493964245,0,0,0.640036010742188,1.63,0,-5399.9521484375
100000000000000000000003,1,921125000,0,-46.5,4.52217536268687,0,0,0.640036010742188,1.63,0,-5399.9521484375
100000000000000000000002,1,921125000,0,-46.5,3.22135965455985,0,0,0.640036010742188,1.63,0,-5399.9521484375
100000000000000000000004,1,921125000,0,-50,0.0490873852123404,0,0,0.640036010742188,1.63,0,-5399.9521484375
100000000000000000000005,1,921125000,0,-61.5,1.36831086279399,0,0,0.640036010742188,1.63,0,-5399.9521484375
100000000000000000000000,1,921125000,0,-57.5,4.70011713408161,0,0,0.640036010742188,1.63,0,-5399.9521484375
100000000000000000000002,1,921125000,0,-46.5,3.23976742401447,0,0,0.640036010742188,1.63,0,-5399.9521484375
100000000000000000000003,1,921125000,0,-46,4.50990351638379,0,0,0.640036010742188,1.63,0,-5399.9521484375
100000000000000000000001,1,921125000,0,-46.5,1.23332055346006,0,0,0.640036010742188,1.63,0,-5399.9521484375
100000000000000000000003,1,921125000,0,-46.5,4.52217536268687,0,0,0.640036010742188,1.63,0,-5399.9521484375
100000000000000000000000,1,921125000,0,-57,4.72466082668777,0,0,0.640036010742188,1.63,0,-5399.9521484375
100000000000000000000001,1,921125000,0,-47,1.27013609236931,0,0,0.640036010742188,1.63,0,-5399.9521484375
100000000000000000000005,1,921125000,0,-61.5,1.30695163127857,0,0,0.640036010742188,1.63,0,-5399.9521484375
100000000000000000000004,1,921125000,0,-50,0.0245436926061702,0,0,0.640036010742188,1.63,0,-5399.9521484375
100000000000000000000002,1,921125000,0,-46.5,3.24590334716602,0,0,0.640036010742188,1.63,0,-5399.9521484375
100000000000000000000002,1,921125000,0,-46.5,3.22749557771139,0,0,0.640036010742188,1.63,0,-5399.9521484375
100000000000000000000005,1,921125000,0,-61.5,1.30081570812702,0,0,0.640036010742188,1.63,0,-5399.9521484375
100000000000000000000001,1,921125000,0,-47,1.2394564766116,0,0,0.640036010742188,1.63,0,-5399.9521484375
100000000000000000000004,1,921125000,0,-49.5,0.0613592315154259,0,0,0.640036010742188,1.63,0,-5399.9521484375
100000000000000000000003,1,921125000,0,-46.5,4.52831128583841,0,0,0.640036010742188,1.63,0,-5399.9521484375
100000000000000000000000,1,921125000,0,-57.5,4.73079674983932,0,0,0.640036010742188,1.63,0,-5399.9521484375
100000000000000000000002,1,921125000,0,-46.5,3.23363150086293,0,0,0.640036010742188,1.63,0,-5399.9521484375
100000000000000000000000,1,921125000,0,-57,4.65716567202081,0,0,0.640036010742188,1.63,0,-5399.9521484375
100000000000000000000001,1,921125000,0,-47,1.27013609236931,0,0,0.640036010742188,1.63,0,-5399.9521484375
100000000000000000000003,1,921125000,0,-46,4.50990351638379,0,0,0.640036010742188,1.63,0,-5399.9521484375
100000000000000000000005,1,921125000,0,-61.5,1.35603901649091,0,0,0.640036010742188,1.63,0,-5399.9521484375
100000000000000000000004,1,921125000,0,-50,0.042951462060798,0,0,0.640036010742188,1.63,0,-5399.9521484375
100000000000000000000002,1,921125000,0,-46.5,3.22135965455985,0,0,0.640036010742188,1.63,0,-5399.9521484375
100000000000000000000005,1,921125000,0,-61.5,1.34990309333936,0,0,0.640036010742188,1.63,0,-5399.9521484375
100000000000000000000000,1,921125000,0,-57.5,4.73693267299086,0,0,0.640036010742188,1.63,0,-5399.9521484375
100000000000000000000004,1,921125000,0,-49.5,0.0490873852123404,0,0,0.640036010742188,1.63,0,-5399.9521484375
100000000000000000000003,1,921125000,0,-46.5,4.51603943953533,0,0,0.640036010742188,1.63,0,-5399.9521484375
100000000000000000000001,1,921125000,0,-47,1.25172832291468,0,0,0.640036010742188,1.63,0,-5399.9521484375
100000000000000000000003,1,921125000,0,-46,4.49149574692916,0,0,0.640036010742188,1.63,0,-5399.9521484375
100000000000000000000004,1,921125000,0,-50,0.0368155389092557,0,0,0.640036010742188,1.63,0,-5399.9521484375
100000000000000000000005,1,921125000,0,-61.5,1.31922347758165,0,0,0.640036010742188,1.63,0,-5399.9521484375
100000000000000000000002,1,921125000,0,-46.5,3.22135965455985,0,0,0.640036010742188,1.63,0,-5399.9521484375
100000000000000000000000,1,921125000,0,-57.5,4.66943751832389,0,0,0.640036010742188,1.63,0,-5399.9521484375
100000000000000000000001,1,921125000,0,-47,1.25786424606623,0,0,0.640036010742188,1.63,0,-5399.9521484375
100000000000000000000004,1,921125000,0,-49.5,0.0552233083638827,0,0,0.640036010742188,1.63,0,-5399.9521484375
100000000000000000000005,1,921125000,0,-62,1.35603901649091,0,0,0.640036010742188,1.63,0,-5399.9521484375
100000000000000000000001,1,921125000,0,-46.5,1.25172832291468,0,0,0.640036010742188,1.63,0,-5399.9521484375
100000000000000000000000,1,921125000,0,-57.5,4.68170936462698,0,0,0.640036010742188,1.63,0,-5399.9521484375
100000000000000000000002,1,921125000,0,-46.5,3.19681596195368,0,0,0.640036010742188,1.63,0,-5399.9521484375
100000000000000000000003,1,921125000,0,-46.5,4.50990351638379,0,0,0.640036010742188,1.63,0,-5399.9521484375
100000000000000000000002,1,921125000,0,-46.5,3.20295188510522,0,0,0.640036010742188,1.63,0,-5399.9521484375
100000000000000000000003,1,921125000,0,-46.5,4.50376759323224,0,0,0.640036010742188,1.63,0,-5399.9521484375
100000000000000000000005,1,921125000,0,-62,1.39285455540016,0,0,0.640036010742188,1.63,0,-5399.9521484375
100000000000000000000001,1,921125000,0,-46.5,1.2394564766116,0,0,0.640036010742188,1.63,0,-5399.9521484375
100000000000000000000000,1,921125000,0,-57.5,4.72466082668777,0,0,0.640036010742188,1.63,0,-5399.9521484375
100000000000000000000004,1,921125000,0,-50,0.0184077694546279,0,0,0.640036010742188,1.63,0,-5399.9521484375
100000000000000000000005,1,921125000,0,-61.5,1.39285455540016,0,0,0.640036010742188,1.63,0,-5399.9521484375
100000000000000000000001,1,921125000,0,-46.5,1.26400016921777,0,0,0.640036010742188,1.63,0,-5399.9521484375
100000000000000000000000,1,921125000,0,-57.5,4.68784528777852,0,0,0.640036010742188,1.63,0,-5399.9521484375
100000000000000000000002,1,921125000,0,-46.5,3.2581751934691,0,0,0.640036010742188,1.63,0,-5399.9521484375
100000000000000000000004,1,921125000,0,-49.5,0.0490873852123404,0,0,0.640036010742188,1.63,0,-5399.9521484375
100000000000000000000003,1,921125000,0,-46.5,4.50990351638379,0,0,0.640036010742188,1.63,0,-5399.9521484375
100000000000000000000003,1,921125000,0,-46.5,4.52217536268687,0,0,0.640036010742188,1.63,0,-5399.9521484375
100000000000000000000005,1,921125000,0,-61.5,1.33149532388474,0,0,0.640036010742188,1.63,0,-5399.9521484375
100000000000000000000001,1,921125000,0,-47,1.27627201552085,0,0,0.640036010742188,1.63,0,-5399.9521484375
100000000000000000000002,1,921125000,0,-46.5,3.23363150086293,0,0,0.640036010742188,1.63,0,-5399.9521484375
100000000000000000000000,1,921125000,0,-57.5,4.71852490353623,0,0,0.640036010742188,1.63,0,-5399.9521484375
100000000000000000000004,1,921125000,0,-50,0.0552233083638827,0,0,0.640036010742188,1.63,0,-5399.9521484375
100000000000000000000000,1,921125000,0,-57,4.77374821190012,0,0,0.640036010742188,1.63,0,-5399.9521484375
100000000000000000000005,1,921125000,0,-61.5,1.36831086279399,0,0,0.640036010742188,1.63,0,-5399.9521484375
100000000000000000000002,1,921125000,0,-46.5,3.20295188510522,0,0,0.640036010742188,1.63,0,-5399.9521484375
100000000000000000000004,1,921125000,0,-50,0.0613592315154259,0,0,0.640036010742188,1.63,0,-5399.9521484375
100000000000000000000003,1,921125000,0,-46.5,4.52217536268687,0,0,0.640036010742188,1.63,0,-5399.9521484375
100000000000000000000001,1,921125000,0,-47,1.25786424606623,0,0,0.640036010742188,1.63,0,-5399.9521484375
100000000000000000000004,1,921125000,0,-50,0.0490873852123404,0,0,0.640036010742188,1.63,0,-5399.9521484375
100000000000000000000001,1,921125000,0,-47,1.27013609236931,0,0,0.640036010742188,1.63,0,-5399.9521484375
100000000000000000000003,1,921125000,0,-46,4.50990351638379,0,0,0.640036010742188,1.63,0,-5399.9521484375
100000000000000000000000,1,921125000,0,-57,4.68170936462698,0,0,0.640036010742188,1.63,0,-5399.9521484375
100000000000000000000002,1,921125000,0,-46.5,3.23363150086293,0,0,0.640036010742188,1.63,0,-5399.9521484375
100000000000000000000005,1,921125000,0,-62,1.41739824800633,0,0,0.640036010742188,1.63,0,-5399.9521484375
100000000000000000000005,1,921125000,0,-62,1.26400016921777,0,0,0.640036010742188,1.63,0,-5399.9521484375
100000000000000000000004,1,921125000,0,-50,0.042951462060798,0,0,0.640036010742188,1.63,0,-5399.9521484375
100000000000000000000000,1,921125000,0,-57.5,4.73079674983932,0,0,0.640036010742188,1.63,0,-5399.9521484375
100000000000000000000002,1,921125000,0,-46.5,3.2152237314083,0,0,0.640036010742188,1.63,0,-5399.9521484375
100000000000000000000003,1,921125000,0,-46.5,4.53444720898996,0,0,0.640036010742188,1.63,0,-5399.9521484375
100000000000000000000001,1,921125000,0,-47,1.25172832291468,0,0,0.640036010742188,1.63,0,-5399.9521484375
100000000000000000000005,1,921125000,0,-62,1.37444678594553,0,0,0.640036010742188,1.63,0,-5399.9521484375
100000000000000000000004,1,921125000,0,-50,0.0122718463030855,0,0,0.640036010742188,1.63,0,-5399.9521484375
100000000000000000000003,1,921125000,0,-46.5,4.50376759323224,0,0,0.640036010742188,1.63,0,-5399.9521484375
100000000000000000000000,1,921125000,0,-57.5,4.66330159517235,0,0,0.640036010742188,1.63,0,-5399.9521484375
100000000000000000000002,1,921125000,0,-46.5,3.2152237314083,0,0,0.640036010742188,1.63,0,-5399.9521484375
100000000000000000000001,1,921125000,0,-47,1.27013609236931,0,0,0.640036010742188,1.63,0,-5399.9521484375
100000000000000000000004,1,921125000,0,-50,0.0184077694546279,0,0,0.640036010742188,1.63,0,-5399.9521484375
100000000000000000000002,1,921125000,0,-46.5,3.2152237314083,0,0,0.640036010742188,1.63,0,-5399.9521484375
100000000000000000000003,1,921125000,0,-46.5,4.52831128583841,0,0,0.640036010742188,1.63,0,-5399.9521484375
100000000000000000000001,1,921125000,0,-47,1.23332055346006,0,0,0.640036010742188,1.63,0,-5399.9521484375
100000000000000000000005,1,921125000,0,-61.5,1.45421378691559,0,0,0.640036010742188,1.63,0,-5399.9521484375
100000000000000000000000,1,921125000,0,-57.5,4.62035013311155,0,0,0.640036010742188,1.63,0,-5399.9521484375
100000000000000000000004,1,921125000,0,-49.5,0.0552233083638827,0,0,0.640036010742188,1.63,0,-5399.9521484375
100000000000000000000005,1,921125000,0,-62,1.38671863224862,0,0,0.640036010742188,1.63,0,-5399.9521484375
100000000000000000000001,1,921125000,0,-47,1.25786424606623,0,0,0.640036010742188,1.63,0,-5399.9521484375
100000000000000000000003,1,921125000,0,-46,4.50376759323224,0,0,0.640036010742188,1.63,0,-5399.9521484375
100000000000000000000000,1,921125000,0,-57.5,4.65716567202081,0,0,0.640036010742188,1.63,0,-5399.9521484375
100000000000000000000002,1,921125000,0,-46.5,3.23363150086293,0,0,0.640036010742188,1.63,0,-5399.9521484375
100000000000000000000000,1,921125000,0,-57,4.65716567202081,0,0,0.640036010742188,1.63,0,-5399.9521484375
100000000000000000000002,1,921125000,0,-46.5,3.22135965455985,0,0,0.640036010742188,1.63,0,-5399.9521484375
100000000000000000000003,1,921125000,0,-46.5,4.52217536268687,0,0,0.640036010742188,1.63,0,-5399.9521484375
100000000000000000000005,1,921125000,0,-61.5,1.41739824800633,0,0,0.640036010742188,1.63,0,-5399.9521484375
100000000000000000000004,1,921125000,0,-50,0.0797670009700537,0,0,0.640036010742188,1.63,0,-5399.9521484375
100000000000000000000001,1,921125000,0,-47,1.25172832291468,0,0,0.640036010742188,1.63,0,-5399.9521484375
100000000000000000000003,1,921125000,0,-46.5,4.51603943953533,0,0,0.640036010742188,1.63,0,-5399.9521484375
100000000000000000000005,1,921125000,0,-62,1.35603901649091,0,0,0.640036010742188,1.63,0,-5399.9521484375
100000000000000000000002,1,921125000,0,-46.5,3.20295188510522,0,0,0.640036010742188,1.63,0,-5399.9521484375
100000000000000000000001,1,921125000,0,-47,1.22104870715697,0,0,0.640036010742188,1.63,0,-5399.9521484375
100000000000000000000000,1,921125000,0,-57.5,4.66330159517235,0,0,0.640036010742188,1.63,0,-5399.9521484375
100000000000000000000004,1,921125000,0,-50,0.0368155389092557,0,0,0.640036010742188,1.63,0,-5399.9521484375
100000000000000000000003,1,921125000,0,-46.5,4.52217536268687,0,0,0.640036010742188,1.63,0,-5399.9521484375
100000000000000000000000,1,921125000,0,-57.5,4.71852490353623,0,0,0.640036010742188,1.63,0,-5399.9521484375
100000000000000000000002,1,921125000,0,-46.5,3.23976742401447,0,0,0.640036010742188,1.63,0,-5399.9521484375
100000000000000000000004,1,921125000,0,-50,6.28318530717959,0,0,0.640036010742188,1.63,0,-5399.9521484375
100000000000000000000005,1,921125000,0,-62,1.30081570812702,0,0,0.640036010742188,1.63,0,-5399.9521484375
100000000000000000000001,1,921125000,0,-47,1.25172832291468,0,0,0.640036010742188,1.63,0,-5399.9521484375
100000000000000000000001,1,921125000,0,-47,1.24559239976314,0,0,0.640036010742188,1.63,0,-5399.9521484375
100000000000000000000000,1,921125000,0,-57.5,4.7430685961424,0,0,0.640036010742188,1.63,0,-5399.9521484375
100000000000000000000005,1,921125000,0,-62,1.3989904785517,0,0,0.640036010742188,1.63,0,-5399.9521484375
100000000000000000000004,1,921125000,0,-50,0.0490873852123404,0,0,0.640036010742188,1.63,0,-5399.9521484375
100000000000000000000003,1,921125000,0,-46,4.50990351638379,0,0,0.640036010742188,1.63,0,-5399.9521484375
100000000000000000000002,1,921125000,0,-46.5,3.20295188510522,0,0,0.640036010742188,1.63,0,-5399.9521484375
100000000000000000000005,1,921125000,0,-62,1.37444678594553,0,0,0.640036010742188,1.63,0,-5399.9521484375
100000000000000000000002,1,921125000,0,-46.5,3.20295188510522,0,0,0.640036010742188,1.63,0,-5399.9521484375
100000000000000000000004,1,921125000,0,-49.5,0.0552233083638827,0,0,0.640036010742188,1.63,0,-5399.9521484375
100000000000000000000003,1,921125000,0,-46.5,4.49149574692916,0,0,0.640036010742188,1.63,0,-5399.9521484375
100000000000000000000001,1,921125000,0,-47,1.25786424606623,0,0,0.640036010742188,1.63,0,-5399.9521484375
100000000000000000000000,1,921125000,0,-57.5,4.68170936462698,0,0,0.640036010742188,1.63,0,-5399.9521484375
100000000000000000000000,1,921125000,0,-57.5,4.63875790256618,0,0,0.640036010742188,1.63,0,-5399.9521484375
100000000000000000000005,1,921125000,0,-61.5,1.42967009430942,0,0,0.640036010742188,1.63,0,-5399.9521484375
100000000000000000000003,1,921125000,0,-46,4.51603943953533,0,0,0.640036010742188,1.63,0,-5399.9521484375
100000000000000000000002,1,921125000,0,-46.5,3.23363150086293,0,0,0.640036010742188,1.63,0,-5399.9521484375
100000000000000000000004,1,921125000,0,-50,0.042951462060798,0,0,0.640036010742188,1.63,0,-5399.9521484375
100000000000000000000001,1,921125000,0,-47,1.25172832291468,0,0,0.640036010742188,1.63,0,-5399.9521484375
100000000000000000000004,1,921125000,0,-50,0.0306796157577125,0,0,0.640036010742188,1.63,0,-5399.9521484375
100000000000000000000002,1,921125000,0,-46.5,3.2152237314083,0,0,0.640036010742188,1.63,0,-5399.9521484375
100000000000000000000003,1,921125000,0,-46.5,4.51603943953533,0,0,0.640036010742188,1.63,0,-5399.9521484375
100000000000000000000005,1,921125000,0,-61.5,1.35603901649091,0,0,0.640036010742188,1.63,0,-5399.9521484375
100000000000000000000000,1,921125000,0,-57.5,4.73693267299086,0,0,0.640036010742188,1.63,0,-5399.9521484375
100000000000000000000001,1,921625000,0,-47,1.41739824800633,0,0,0.640036010742188,1.63,0,-5399.9521484375
100000000000000000000005,1,921625000,0,-62.5,1.64442740461341,0,0,0.640036010742188,1.63,0,-5399.9521484375
100000000000000000000003,1,921625000,0,-46.5,4.76761228874857,0,0,0.640036010742188,1.63,0,-5399.9521484375
100000000000000000000002,1,921625000,0,-46,3.44225288801538,0,0,0.640036010742188,1.63,0,-5399.9521484375
100000000000000000000001,1,921625000,0,-47,1.41739824800633,0,0,0.640036010742188,1.63,0,-5399.9521484375
100000000000000000000004,1,921625000,0,-49.5,0.245436926061703,0,0,0.640036010742188,1.63,0,-5399.9521484375
100000000000000000000000,1,921625000,0,-57,4.92714629068868,0,0,0.640036010742188,1.63,0,-5399.9521484375
100000000000000000000002,1,921625000,0,-46,3.44225288801538,0,0,0.640036010742188,1.63,0,-5399.9521484375
100000000000000000000000,1,921625000,0,-57,4.90873852123405,0,0,0.640036010742188,1.63,0,-5399.9521484375
100000000000000000000004,1,921625000,0,-49,0.251572849213245,0,0,0.640036010742188,1.63,0,-5399.9521484375
100000000000000000000003,1,921625000,0,-46.5,4.76761228874857,0,0,0.640036010742188,1.63,0,-5399.9521484375
100000000000000000000005,1,921625000,0,-62,1.64442740461341,0,0,0.640036010742188,1.63,0,-5399.9521484375
100000000000000000000001,1,921625000,0,-47,1.41126232485479,0,0,0.640036010742188,1.63,0,-5399.9521484375
100000000000000000000005,1,921625000,0,-62,1.62601963515878,0,0,0.640036010742188,1.63,0,-5399.9521484375
100000000000000000000000,1,921625000,0,-57.5,4.97009775274948,0,0,0.640036010742188,1.63,0,-5399.9521484375
100000000000000000000004,1,921625000,0,-49,0.227029156607075,0,0,0.640036010742188,1.63,0,-5399.9521484375
100000000000000000000003,1,921625000,0,-46.5,4.76147636559703,0,0,0.640036010742188,1.63,0,-5399.9521484375
100000000000000000000002,1,921625000,0,-46,3.41770919540921,0,0,0.640036010742188,1.63,0,-5399.9521484375
100000000000000000000001,1,921625000,0,-47,1.41739824800633,0,0,0.640036010742188,1.63,0,-5399.9521484375
100000000000000000000000,1,921625000,0,-57,4.94555406014331,0,0,0.640036010742188,1.63,0,-5399.9521484375
100000000000000000000004,1,921625000,0,-49.5,0.233165079758617,0,0,0.640036010742188,1.63,0,-5399.9521484375
100000000000000000000005,1,921625000,0,-62,1.66283517406803,0,0,0.640036010742188,1.63,0,-5399.9521484375
100000000000000000000002,1,921625000,0,-46,3.43611696486384,0,0,0.640036010742188,1.63,0,-5399.9521484375
100000000000000000000001,1,921625000,0,-47,1.41739824800633,0,0,0.640036010742188,1.63,0,-5399.9521484375
100000000000000000000003,1,921625000,0,-46.5,4.7860200582032,0,0,0.640036010742188,1.63,0,-5399.9521484375
100000000000000000000002,1,921625000,0,-46,3.42998104171229,0,0,0.640036010742188,1.63,0,-5399.9521484375
100000000000000000000001,1,921625000,0,-47,1.42353417115787,0,0,0.640036010742188,1.63,0,-5399.9521484375
100000000000000000000003,1,921625000,0,-46.5,4.79829190450629,0,0,0.640036010742188,1.63,0,-5399.9521484375
100000000000000000000004,1,921625000,0,-49,0.245436926061703,0,0,0.640036010742188,1.63,0,-5399.9521484375
100000000000000000000005,1,921625000,0,-62,1.70578663612883,0,0,0.640036010742188,1.63,0,-5399.9521484375
100000000000000000000000,1,921625000,0,-57,4.91487444438559,0,0,0.640036010742188,1.63,0,-5399.9521484375
100000000000000000000000,1,921625000,0,-57,4.93941813699176,0,0,0.640036010742188,1.63,0,-5399.9521484375
100000000000000000000004,1,921625000,0,-49.5,0.245436926061703,0,0,0.640036010742188,1.63,0,-5399.9521484375
100000000000000000000001,1,921625000,0,-47,1.42353417115787,0,0,0.640036010742188,1.63,0,-5399.9521484375
100000000000000000000003,1,921625000,0,-46.5,4.79215598135474,0,0,0.640036010742188,1.63,0,-5399.9521484375
100000000000000000000005,1,921625000,0,-62,1.53398078788564,0,0,0.640036010742188,1.63,0,-5399.9521484375
100000000000000000000002,1,921625000,0,-46,3.43611696486384,0,0,0.640036010742188,1.63,0,-5399.9521484375
100000000000000000000005,1,921625000,0,-62,1.62601963515878,0,0,0.640036010742188,1.63,0,-5399.9521484375
100000000000000000000002,1,921625000,0,-46,3.44225288801538,0,0,0.640036010742188,1.63,0,-5399.9521484375
100000000000000000000003,1,921625000,0,-46.5,4.77374821190012,0,0,0.640036010742188,1.63,0,-5399.9521484375
100000000000000000000004,1,921625000,0,-49,0.227029156607075,0,0,0.640036010742188,1.63,0,-5399.9521484375
100000000000000000000001,1,921625000,0,-47,1.41126232485479,0,0,0.640036010742188,1.63,0,-5399.9521484375
100000000000000000000000,1,921625000,0,-57.5,4.92101036753714,0,0,0.640036010742188,1.63,0,-5399.9521484375
100000000000000000000003,1,921625000,0,-46.5,4.76761228874857,0,0,0.640036010742188,1.63,0,-5399.9521484375
100000000000000000000001,1,921625000,0,-47,1.41126232485479,0,0,0.640036010742188,1.63,0,-5399.9521484375
100000000000000000000004,1,921625000,0,-49,0.227029156607075,0,0,0.640036010742188,1.63,0,-5399.9521484375
100000000000000000000002,1,921625000,0,-46,3.45452473431846,0,0,0.640036010742188,1.63,0,-5399.9521484375
100000000000000000000005,1,921625000,0,-62.5,1.65056332776495,0,0,0.640036010742188,1.63,0,-5399.9521484375
100000000000000000000000,1,921625000,0,-57.5,4.88419482862788,0,0,0.640036010742188,1.63,0,-5399.9521484375
100000000000000000000004,1,921625000,0,-49,0.245436926061703,0,0,0.640036010742188,1.63,0,-5399.9521484375
100000000000000000000005,1,921625000,0,-62.5,1.61374778885569,0,0,0.640036010742188,1.63,0,-5399.9521484375
100000000000000000000001,1,921625000,0,-47,1.41739824800633,0,0,0.640036010742188,1.63,0,-5399.9521484375
100000000000000000000002,1,921625000,0,-46,3.42384511856075,0,0,0.640036010742188,1.63,0,-5399.9521484375
100000000000000000000003,1,921625000,0,-46.5,4.77374821190012,0,0,0.640036010742188,1.63,0,-5399.9521484375
100000000000000000000000,1,921625000,0,-57,4.97009775274948,0,0,0.640036010742188,1.63,0,-5399.9521484375
100000000000000000000004,1,921625000,0,-49,0.227029156607075,0,0,0.640036010742188,1.63,0,-5399.9521484375
100000000000000000000002,1,921625000,0,-46,3.43611696486384,0,0,0.640036010742188,1.63,0,-5399.9521484375
100000000000000000000005,1,921625000,0,-62.5,1.66283517406803,0,0,0.640036010742188,1.63,0,-5399.9521484375
100000000000000000000000,1,921625000,0,-57,4.88419482862788,0,0,0.640036010742188,1.63,0,-5399.9521484375
100000000000000000000001,1,921625000,0,-47,1.42353417115787,0,0,0.640036010742188,1.63,0,-5399.9521484375
100000000000000000000003,1,921625000,0,-46.5,4.77988413505166,0,0,0.640036010742188,1.63,0,-5399.9521484375
100000000000000000000000,1,921625000,0,-57.5,4.8719229823248,0,0,0.640036010742188,1.63,0,-5399.9521484375
100000000000000000000005,1,921625000,0,-62,1.63829148146186,0,0,0.640036010742188,1.63,0,-5399.9521484375
100000000000000000000001,1,921625000,0,-47,1.39285455540016,0,0,0.640036010742188,1.63,0,-5399.9521484375
100000000000000000000004,1,921625000,0,-49,0.245436926061703,0,0,0.640036010742188,1.63,0,-5399.9521484375
100000000000000000000002,1,921625000,0,-46,3.42384511856075,0,0,0.640036010742188,1.63,0,-5399.9521484375
100000000000000000000003,1,921625000,0,-47,4.79215598135474,0,0,0.640036010742188,1.63,0,-5399.9521484375
100000000000000000000003,1,921625000,0,-46.5,4.7860200582032,0,0,0.640036010742188,1.63,0,-5399.9521484375
100000000000000000000001,1,921625000,0,-47,1.42967009430942,0,0,0.640036010742188,1.63,0,-5399.9521484375
100000000000000000000004,1,921625000,0,-49.5,0.21475731030399,0,0,0.640036010742188,1.63,0,-5399.9521484375
100000000000000000000002,1,921625000,0,-46,3.44225288801538,0,0,0.640036010742188,1.63,0,-5399.9521484375
100000000000000000000005,1,921625000,0,-62,1.5707963267949,0,0,0.640036010742188,1.63,0,-5399.9521484375
100000000000000000000000,1,921625000,0,-57.5,4.92101036753714,0,0,0.640036010742188,1.63,0,-5399.9521484375
100000000000000000000002,1,921625000,0,-46,3.42384511856075,0,0,0.640036010742188,1.63,0,-5399.9521484375
100000000000000000000000,1,921625000,0,-57,4.92714629068868,0,0,0.640036010742188,1.63,0,-5399.9521484375
100000000000000000000004,1,921625000,0,-49.5,0.233165079758617,0,0,0.640036010742188,1.63,0,-5399.9521484375
100000000000000000000001,1,921625000,0,-47,1.43580601746096,0,0,0.640036010742188,1.63,0,-5399.9521484375
100000000000000000000003,1,921625000,0,-46.5,4.77374821190012,0,0,0.640036010742188,1.63,0,-5399.9521484375
100000000000000000000005,1,921625000,0,-61.5,1.63829148146186,0,0,0.640036010742188,1.63,0,-5399.9521484375
100000000000000000000000,1,921625000,0,-57,4.93328221384022,0,0,0.640036010742188,1.63,0,-5399.9521484375
100000000000000000000001,1,921625000,0,-47,1.41739824800633,0,0,0.640036010742188,1.63,0,-5399.9521484375
100000000000000000000005,1,921625000,0,-62,1.60147594255261,0,0,0.640036010742188,1.63,0,-5399.9521484375
100000000000000000000004,1,921625000,0,-49,0.245436926061703,0,0,0.640036010742188,1.63,0,-5399.9521484375
100000000000000000000002,1,921625000,0,-46,3.44838881116692,0,0,0.640036010742188,1.63,0,-5399.9521484375
100000000000000000000003,1,921625000,0,-46.5,4.79829190450629,0,0,0.640036010742188,1.63,0,-5399.9521484375
100000000000000000000005,1,921625000,0,-62.5,1.60147594255261,0,0,0.640036010742188,1.63,0,-5399.9521484375
100000000000000000000001,1,921625000,0,-47,1.42353417115787,0,0,0.640036010742188,1.63,0,-5399.9521484375
100000000000000000000004,1,921625000,0,-49.5,0.257708772364787,0,0,0.640036010742188,1.63,0,-5399.9521484375
100000000000000000000002,1,921625000,0,-46,3.43611696486384,0,0,0.640036010742188,1.63,0,-5399.9521484375
100000000000000000000003,1,921625000,0,-46.5,4.7860200582032,0,0,0.640036010742188,1.63,0,-5399.9521484375
100000000000000000000000,1,921625000,0,-57,4.97009775274948,0,0,0.640036010742188,1.63,0,-5399.9521484375
100000000000000000000003,1,921625000,0,-47,4.77988413505166,0,0,0.640036010742188,1.63,0,-5399.9521484375
100000000000000000000000,1,921625000,0,-57,4.92101036753714,0,0,0.640036010742188,1.63,0,-5399.9521484375
100000000000000000000004,1,921625000,0,-49.5,0.233165079758617,0,0,0.640036010742188,1.63,0,-5399.9521484375
100000000000000000000005,1,921625000,0,-62,1.65056332776495,0,0,0.640036010742188,1.63,0,-5399.9521484375
100000000000000000000001,1,921625000,0,-47,1.41739824800633,0,0,0.640036010742188,1.63,0,-5399.9521484375
100000000000000000000002,1,921625000,0,-46,3.42998104171229,0,0,0.640036010742188,1.63,0,-5399.9521484375
100000000000000000000004,1,921625000,0,-49.5,0.257708772364787,0,0,0.640036010742188,1.63,0,-5399.9521484375
100000000000000000000000,1,921625000,0,-57,4.92714629068868,0,0,0.640036010742188,1.63,0,-5399.9521484375
100000000000000000000001,1,921625000,0,-47,1.42353417115787,0,0,0.640036010742188,1.63,0,-5399.9521484375
100000000000000000000003,1,921625000,0,-47,4.77374821190012,0,0,0.640036010742188,1.63,0,-5399.9521484375
100000000000000000000002,1,921625000,0,-46,3.41770919540921,0,0,0.640036010742188,1.63,0,-5399.9521484375
100000000000000000000005,1,921625000,0,-62,1.71805848243192,0,0,0.640036010742188,1.63,0,-5399.9521484375
100000000000000000000003,1,921625000,0,-47,4.75534044244549,0,0,0.640036010742188,1.63,0,-5399.9521484375
100000000000000000000002,1,921625000,0,-46,3.43611696486384,0,0,0.640036010742188,1.63,0,-5399.9521484375
100000000000000000000001,1,921625000,0,-47,1.41739824800633,0,0,0.640036010742188,1.63,0,-5399.9521484375
100000000000000000000000,1,921625000,0,-57.5,4.92101036753714,0,0,0.640036010742188,1.63,0,-5399.9521484375
100000000000000000000004,1,921625000,0,-49,0.220893233455532,0,0,0.640036010742188,1.63,0,-5399.9521484375
100000000000000000000005,1,921625000,0,-62.5,1.65056332776495,0,0,0.640036010742188,1.63,0,-5399.9521484375
100000000000000000000005,1,921625000,0,-62,1.68737886667421,0,0,0.640036010742188,1.63,0,-5399.9521484375
100000000000000000000000,1,921625000,0,-57,4.92101036753714,0,0,0.640036010742188,1.63,0,-5399.9521484375
100000000000000000000001,1,921625000,0,-47,1.42353417115787,0,0,0.640036010742188,1.63,0,-5399.9521484375
100000000000000000000004,1,921625000,0,-49.5,0.227029156607075,0,0,0.640036010742188,1.63,0,-5399.9521484375
100000000000000000000003,1,921625000,0,-46.5,4.77988413505166,0,0,0.640036010742188,1.63,0,-5399.9521484375
100000000000000000000002,1,921625000,0,-46,3.45452473431846,0,0,0.640036010742188,1.63,0,-5399.9521484375
100000000000000000000005,1,921625000,0,-62.5,1.57693224994644,0,0,0.640036010742188,1.63,0,-5399.9521484375
100000000000000000000000,1,921625000,0,-57,4.96396182959793,0,0,0.640036010742188,1.63,0,-5399.9521484375
100000000000000000000001,1,921625000,0,-47,1.43580601746096,0,0,0.640036010742188,1.63,0,-5399.9521484375
100000000000000000000002,1,921625000,0,-46,3.46679658062155,0,0,0.640036010742188,1.63,0,-5399.9521484375
100000000000000000000004,1,921625000,0,-49.5,0.220893233455532,0,0,0.640036010742188,1.63,0,-5399.9521484375
100000000000000000000003,1,921625000,0,-46.5,4.76761228874857,0,0,0.640036010742188,1.63,0,-5399.9521484375
100000000000000000000005,1,921625000,0,-62,1.66283517406803,0,0,0.640036010742188,1.63,0,-5399.9521484375
100000000000000000000000,1,921625000,0,-57,4.97623367590102,0,0,0.640036010742188,1.63,0,-5399.9521484375
100000000000000000000001,1,921625000,0,-47,1.41126232485479,0,0,0.640036010742188,1.63,0,-5399.9521484375
100000000000000000000004,1,921625000,0,-49,0.245436926061703,0,0,0.640036010742188,1.63,0,-5399.9521484375
100000000000000000000003,1,921625000,0,-46.5,4.79215598135474,0,0,0.640036010742188,1.63,0,-5399.9521484375
100000000000000000000002,1,921625000,0,-46,3.43611696486384,0,0,0.640036010742188,1.63,0,-5399.9521484375
100000000000000000000005,1,921625000,0,-62,1.65056332776495,0,0,0.640036010742188,1.63,0,-5399.9521484375
100000000000000000000001,1,921625000,0,-47,1.42353417115787,0,0,0.640036010742188,1.63,0,-5399.9521484375
100000000000000000000004,1,921625000,0,-49.5,0.23930100291016,0,0,0.640036010742188,1.63,0,-5399.9521484375
100000000000000000000000,1,921625000,0,-57,4.93941813699176,0,0,0.640036010742188,1.63,0,-5399.9521484375
100000000000000000000002,1,921625000,0,-46,3.44225288801538,0,0,0.640036010742188,1.63,0,-5399.9521484375
100000000000000000000003,1,921625000,0,-46.5,4.77988413505166,0,0,0.640036010742188,1.63,0,-5399.9521484375
100000000000000000000003,1,921625000,0,-46.5,4.77988413505166,0,0,0.640036010742188,1.63,0,-5399.9521484375
100000000000000000000000,1,921625000,0,-57,4.94555406014331,0,0,0.640036010742188,1.63,0,-5399.9521484375
100000000000000000000004,1,921625000,0,-49,0.220893233455532,0,0,0.640036010742188,1.63,0,-5399.9521484375
100000000000000000000005,1,921625000,0,-62.5,1.68737886667421,0,0,0.640036010742188,1.63,0,-5399.9521484375
100000000000000000000001,1,921625000,0,-47,1.42353417115787,0,0,0.640036010742188,1.63,0,-5399.9521484375
100000000000000000000002,1,921625000,0,-46,3.44225288801538,0,0,0.640036010742188,1.63,0,-5399.9521484375
100000000000000000000003,1,921625000,0,-46.5,4.77988413505166,0,0,0.640036010742188,1.63,0,-5399.9521484375
100000000000000000000005,1,921625000,0,-62.5,1.73646625188655,0,0,0.640036010742188,1.63,0,-5399.9521484375
100000000000000000000000,1,921625000,0,-57,4.93328221384022,0,0,0.640036010742188,1.63,0,-5399.9521484375
100000000000000000000001,1,921625000,0,-47,1.3989904785517,0,0,0.640036010742188,1.63,0,-5399.9521484375
100000000000000000000004,1,921625000,0,-49,0.23930100291016,0,0,0.640036010742188,1.63,0,-5399.9521484375
100000000000000000000002,1,921625000,0,-46,3.44838881116692,0,0,0.640036010742188,1.63,0,-5399.9521484375
100000000000000000000003,1,921625000,0,-46.5,4.77988413505166,0,0,0.640036010742188,1.63,0,-5399.9521484375
100000000000000000000001,1,921625000,0,-47,1.42353417115787,0,0,0.640036010742188,1.63,0,-5399.9521484375
100000000000000000000002,1,921625000,0,-46,3.46066065747001,0,0,0.640036010742188,1.63,0,-5399.9521484375
100000000000000000000004,1,921625000,0,-49,0.233165079758617,0,0,0.640036010742188,1.63,0,-5399.9521484375
100000000000000000000000,1,921625000,0,-57,4.92101036753714,0,0,0.640036010742188,1.63,0,-5399.9521484375
100000000000000000000005,1,921625000,0,-62.5,1.65669925091649,0,0,0.640036010742188,1.63,0,-5399.9521484375
100000000000000000000003,1,921625000,0,-46.5,4.76761228874857,0,0,0.640036010742188,1.63,0,-5399.9521484375
100000000000000000000005,1,921625000,0,-62,1.59534001940107,0,0,0.640036010742188,1.63,0,-5399.9521484375
100000000000000000000001,1,921625000,0,-47,1.41739824800633,0,0,0.640036010742188,1.63,0,-5399.9521484375
100000000000000000000004,1,921625000,0,-49.5,0.251572849213245,0,0,0.640036010742188,1.63,0,-5399.9521484375
100000000000000000000002,1,921625000,0,-46,3.44225288801538,0,0,0.640036010742188,1.63,0,-5399.9521484375
100000000000000000000000,1,921625000,0,-57,4.89646667493097,0,0,0.640036010742188,1.63,0,-5399.9521484375
100000000000000000000002,1,921625000,0,-46,3.48520435007618,0,0,0.640036010742188,1.63,0,-5399.9521484375
100000000000000000000004,1,921625000,0,-49.5,0.220893233455532,0,0,0.640036010742188,1.63,0,-5399.9521484375
100000000000000000000000,1,921625000,0,-57.5,4.97009775274948,0,0,0.640036010742188,1.63,0,-5399.9521484375
100000000000000000000003,1,921625000,0,-46.5,4.76761228874857,0,0,0.640036010742188,1.63,0,-5399.9521484375
100000000000000000000001,1,921625000,0,-47,1.40512640170325,0,0,0.640036010742188,1.63,0,-5399.9521484375
100000000000000000000005,1,921625000,0,-62,1.68737886667421,0,0,0.640036010742188,1.63,0,-5399.9521484375
100000000000000000000001,1,921625000,0,-47,1.42353417115787,0,0,0.640036010742188,1.63,0,-5399.9521484375
100000000000000000000003,1,921625000,0,-46.5,4.79215598135474,0,0,0.640036010742188,1.63,0,-5399.9521484375
100000000000000000000005,1,921625000,0,-62,1.64442740461341,0,0,0.640036010742188,1.63,0,-5399.9521484375
100000000000000000000002,1,921625000,0,-46,3.44225288801538,0,0,0.640036010742188,1.63,0,-5399.9521484375
100000000000000000000000,1,921625000,0,-57,5.00691329165873,0,0,0.640036010742188,1.63,0,-5399.9521484375
100000000000000000000004,1,921625000,0,-49,0.251572849213245,0,0,0.640036010742188,1.63,0,-5399.9521484375
100000000000000000000004,1,921625000,0,-49,0.23930100291016,0,0,0.640036010742188,1.63,0,-5399.9521484375
100000000000000000000001,1,921625000,0,-47,1.41126232485479,0,0,0.640036010742188,1.63,0,-5399.9521484375
100000000000000000000002,1,921625000,0,-46,3.45452473431846,0,0,0.640036010742188,1.63,0,-5399.9521484375
100000000000000000000005,1,921625000,0,-62,1.61988371200724,0,0,0.640036010742188,1.63,0,-5399.9521484375
100000000000000000000003,1,921625000,0,-46.5,4.79829190450629,0,0,0.640036010742188,1.63,0,-5399.9521484375
100000000000000000000000,1,921625000,0,-57.5,4.97623367590102,0,0,0.640036010742188,1.63,0,-5399.9521484375
100000000000000000000004,1,921625000,0,-49.5,0.23930100291016,0,0,0.640036010742188,1.63,0,-5399.9521484375
100000000000000000000000,1,921625000,0,-57,4.96396182959793,0,0,0.640036010742188,1.63,0,-5399.9521484375
100000000000000000000002,1,921625000,0,-46,3.41157327225767,0,0,0.640036010742188,1.63,0,-5399.9521484375
100000000000000000000005,1,921625000,0,-62,1.61988371200724,0,0,0.640036010742188,1.63,0,-5399.9521484375
100000000000000000000001,1,921625000,0,-47,1.43580601746096,0,0,0.640036010742188,1.63,0,-5399.9521484375
100000000000000000000003,1,921625000,0,-46.5,4.7860200582032,0,0,0.640036010742188,1.63,0,-5399.9521484375
100000000000000000000005,1,921625000,0,-62,1.59534001940107,0,0,0.640036010742188,1.63,0,-5399.9521484375
100000000000000000000001,1,921625000,0,-47,1.41126232485479,0,0,0.640036010742188,1.63,0,-5399.9521484375
100000000000000000000003,1,921625000,0,-47,4.77374821190012,0,0,0.640036010742188,1.63,0,-5399.9521484375
100000000000000000000002,1,921625000,0,-46,3.46066065747001,0,0,0.640036010742188,1.63,0,-5399.9521484375
100000000000000000000004,1,921625000,0,-49,0.233165079758617,0,0,0.640036010742188,1.63,0,-5399.9521484375
100000000000000000000000,1,921625000,0,-57,4.93941813699176,0,0,0.640036010742188,1.63,0,-5399.9521484375
100000000000000000000001,1,921625000,0,-47,1.41739824800633,0,0,0.640036010742188,1.63,0,-5399.9521484375
100000000000000000000005,1,921625000,0,-61.5,1.63829148146186,0,0,0.640036010742188,1.63,0,-5399.9521484375
100000000000000000000004,1,921625000,0,-49.5,0.233165079758617,0,0,0.640036010742188,1.63,0,-5399.9521484375
100000000000000000000002,1,921625000,0,-46,3.42998104171229,0,0,0.640036010742188,1.63,0,-5399.9521484375
100000000000000000000000,1,921625000,0,-57.5,4.95168998329485,0,0,0.640036010742188,1.63,0,-5399.9521484375
100000000000000000000003,1,921625000,0,-46.5,4.76761228874857,0,0,0.640036010742188,1.63,0,-5399.9521484375
100000000000000000000002,1,921625000,0,-46,3.44225288801538,0,0,0.640036010742188,1.63,0,-5399.9521484375
100000000000000000000001,1,921625000,0,-47,1.42967009430942,0,0,0.640036010742188,1.63,0,-5399.9521484375
100000000000000000000000,1,921625000,0,-57.5,4.93328221384022,0,0,0.640036010742188,1.63,0,-5399.9521484375
100000000000000000000005,1,921625000,0,-62,1.68124294352266,0,0,0.640036010742188,1.63,0,-5399.9521484375
100000000000000000000004,1,921625000,0,-49.5,0.220893233455532,0,0,0.640036010742188,1.63,0,-5399.9521484375
100000000000000000000003,1,921625000,0,-46.5,4.80442782765783,0,0,0.640036010742188,1.63,0,-5399.9521484375
100000000000000000000000,1,921625000,0,-57.5,4.94555406014331,0,0,0.640036010742188,1.63,0,-5399.9521484375
100000000000000000000004,1,921625000,0,-49.5,0.251572849213245,0,0,0.640036010742188,1.63,0,-5399.9521484375
100000000000000000000003,1,921625000,0,-46.5,4.7860200582032,0,0,0.640036010742188,1.63,0,-5399.9521484375
100000000000000000000002,1,921625000,0,-46,3.42384511856075,0,0,0.640036010742188,1.63,0,-5399.9521484375
100000000000000000000001,1,921625000,0,-47,1.42967009430942,0,0,0.640036010742188,1.63,0,-5399.9521484375
100000000000000000000005,1,921625000,0,-62,1.5707963267949,0,0,0.640036010742188,1.63,0,-5399.9521484375
100000000000000000000002,1,921625000,0,-46,3.44838881116692,0,0,0.640036010742188,1.63,0,-5399.9521484375
100000000000000000000001,1,921625000,0,-47,1.42353417115787,0,0,0.640036010742188,1.63,0,-5399.9521484375
100000000000000000000005,1,921625000,0,-62,1.66897109721958,0,0,0.640036010742188,1.63,0,-5399.9521484375
100000000000000000000004,1,921625000,0,-49.5,0.282252464970958,0,0,0.640036010742188,1.63,0,-5399.9521484375
100000000000000000000000,1,921625000,0,-57.5,4.97009775274948,0,0,0.640036010742188,1.63,0,-5399.9521484375
100000000000000000000003,1,921625000,0,-46.5,4.7860200582032,0,0,0.640036010742188,1.63,0,-5399.9521484375
100000000000000000000004,1,921625000,0,-49.5,0.263844695516331,0,0,0.640036010742188,1.63,0,-5399.9521484375
100000000000000000000005,1,921625000,0,-62.5,1.64442740461341,0,0,0.640036010742188,1.63,0,-5399.9521484375
100000000000000000000001,1,921625000,0,-47,1.42353417115787,0,0,0.640036010742188,1.63,0,-5399.9521484375
100000000000000000000003,1,921625000,0,-46.5,4.80442782765783,0,0,0.640036010742188,1.63,0,-5399.9521484375
100000000000000000000000,1,921625000,0,-57,4.94555406014331,0,0,0.640036010742188,1.63,0,-5399.9521484375
100000000000000000000002,1,921625000,0,-46,3.42998104171229,0,0,0.640036010742188,1.63,0,-5399.9521484375
100000000000000000000005,1,921625000,0,-62,1.67510702037112,0,0,0.640036010742188,1.63,0,-5399.9521484375
100000000000000000000001,1,921625000,0,-47,1.42967009430942,0,0,0.640036010742188,1.63,0,-5399.9521484375
100000000000000000000003,1,921625000,0,-47,4.79829190450629,0,0,0.640036010742188,1.63,0,-5399.9521484375
100000000000000000000000,1,921625000,0,-57,4.88419482862788,0,0,0.640036010742188,1.63,0,-5399.9521484375
100000000000000000000004,1,921625000,0,-49.5,0.227029156607075,0,0,0.640036010742188,1.63,0,-5399.9521484375
100000000000000000000002,1,921625000,0,-46,3.45452473431846,0,0,0.640036010742188,1.63,0,-5399.9521484375
100000000000000000000000,1,921625000,0,-57,4.94555406014331,0,0,0.640036010742188,1.63,0,-5399.9521484375
100000000000000000000005,1,921625000,0,-62,1.63215555831032,0,0,0.640036010742188,1.63,0,-5399.9521484375
100000000000000000000001,1,921625000,0,-47,1.41739824800633,0,0,0.640036010742188,1.63,0,-5399.9521484375
100000000000000000000002,1,921625000,0,-46,3.45452473431846,0,0,0.640036010742188,1.63,0,-5399.9521484375
100000000000000000000003,1,921625000,0,-47,4.77374821190012,0,0,0.640036010742188,1.63,0,-5399.9521484375
100000000000000000000004,1,921625000,0,-49,0.245436926061703,0,0,0.640036010742188,1.63,0,-5399.9521484375
100000000000000000000005,1,921625000,0,-62,1.59534001940107,0,0,0.640036010742188,1.63,0,-5399.9521484375
100000000000000000000000,1,921625000,0,-57,4.97623367590102,0,0,0.640036010742188,1.63,0,-5399.9521484375
100000000000000000000002,1,921625000,0,-46,3.42998104171229,0,0,0.640036010742188,1.63,0,-5399.9521484375
100000000000000000000001,1,921625000,0,-47,1.42967009430942,0,0,0.640036010742188,1.63,0,-5399.9521484375
100000000000000000000004,1,921625000,0,-49,0.251572849213245,0,0,0.640036010742188,1.63,0,-5399.9521484375
100000000000000000000003,1,921625000,0,-47,4.77988413505166,0,0,0.640036010742188,1.63,0,-5399.9521484375
100000000000000000000000,1,921625000,0,-57.5,4.96396182959793,0,0,0.640036010742188,1.63,0,-5399.9521484375
100000000000000000000004,1,921625000,0,-49.5,0.251572849213245,0,0,0.640036010742188,1.63,0,-5399.9521484375
100000000000000000000001,1,921625000,0,-47,1.42967009430942,0,0,0.640036010742188,1.63,0,-5399.9521484375
100000000000000000000003,1,921625000,0,-46.5,4.80442782765783,0,0,0.640036010742188,1.63,0,-5399.9521484375
100000000000000000000002,1,921625000,0,-46,3.44838881116692,0,0,0.640036010742188,1.63,0,-5399.9521484375
100000000000000000000005,1,921625000,0,-62.5,1.69965071297729,0,0,0.640036010742188,1.63,0,-5399.9521484375
100000000000000000000003,1,921625000,0,-46.5,4.77374821190012,0,0,0.640036010742188,1.63,0,-5399.9521484375
100000000000000000000000,1,921625000,0,-57,4.93941813699176,0,0,0.640036010742188,1.63,0,-5399.9521484375
100000000000000000000002,1,921625000,0,-46,3.47906842692463,0,0,0.640036010742188,1.63,0,-5399.9521484375
100000000000000000000005,1,921625000,0,-62,1.68737886667421,0,0,0.640036010742188,1.63,0,-5399.9521484375
100000000000000000000001,1,921625000,0,-47,1.42967009430942,0,0,0.640036010742188,1.63,0,-5399.9521484375
100000000000000000000004,1,921625000,0,-49.5,0.23930100291016,0,0,0.640036010742188,1.63,0,-5399.9521484375
100000000000000000000003,1,921625000,0,-46.5,4.7860200582032,0,0,0.640036010742188,1.63,0,-5399.9521484375
100000000000000000000000,1,921625000,0,-57.5,4.90260259808251,0,0,0.640036010742188,1.63,0,-5399.9521484375
100000000000000000000002,1,921625000,0,-46,3.44838881116692,0,0,0.640036010742188,1.63,0,-5399.9521484375
100000000000000000000001,1,921625000,0,-47,1.42967009430942,0,0,0.640036010742188,1.63,0,-5399.9521484375
100000000000000000000004,1,921625000,0,-49.5,0.23930100291016,0,0,0.640036010742188,1.63,0,-5399.9521484375
100000000000000000000005,1,921625000,0,-62,1.64442740461341,0,0,0.640036010742188,1.63,0,-5399.9521484375
100000000000000000000004,1,921625000,0,-49.5,0.245436926061703,0,0,0.640036010742188,1.63,0,-5399.9521484375
100000000000000000000002,1,921625000,0,-46,3.47293250377309,0,0,0.640036010742188,1.63,0,-5399.9521484375
100000000000000000000003,1,921625000,0,-46.5,4.76147636559703,0,0,0.640036010742188,1.63,0,-5399.9521484375
100000000000000000000000,1,921625000,0,-57,4.92101036753714,0,0,0.640036010742188,1.63,0,-5399.9521484375
100000000000000000000001,1,921625000,0,-47,1.42967009430942,0,0,0.640036010742188,1.63,0,-5399.9521484375
100000000000000000000005,1,921625000,0,-62,1.58306817309798,0,0,0.640036010742188,1.63,0,-5399.9521484375
100000000000000000000000,1,921625000,0,-57,4.95782590644639,0,0,0.640036010742188,1.63,0,-5399.9521484375
100000000000000000000001,1,921625000,0,-47,1.42967009430942,0,0,0.640036010742188,1.63,0,-5399.9521484375
100000000000000000000003,1,921625000,0,-46.5,4.77374821190012,0,0,0.640036010742188,1.63,0,-5399.9521484375
100000000000000000000002,1,921625000,0,-46,3.45452473431846,0,0,0.640036010742188,1.63,0,-5399.9521484375
100000000000000000000004,1,921625000,0,-49.5,0.251572849213245,0,0,0.640036010742188,1.63,0,-5399.9521484375
100000000000000000000005,1,921625000,0,-62.5,1.61988371200724,0,0,0.640036010742188,1.63,0,-5399.9521484375
100000000000000000000005,1,921625000,0,-62,1.59534001940107,0,0,0.640036010742188,1.63,0,-5399.9521484375
100000000000000000000003,1,921625000,0,-46.5,4.77374821190012,0,0,0.640036010742188,1.63,0,-5399.9521484375
100000000000000000000001,1,921625000,0,-47,1.41739824800633,0,0,0.640036010742188,1.63,0,-5399.9521484375
100000000000000000000002,1,921625000,0,-46,3.44838881116692,0,0,0.640036010742188,1.63,0,-5399.9521484375
100000000000000000000000,1,921625000,0,-57,4.97009775274948,0,0,0.640036010742188,1.63,0,-5399.9521484375
100000000000000000000004,1,921625000,0,-49.5,0.257708772364787,0,0,0.640036010742188,1.63,0,-5399.9521484375
100000000000000000000000,1,921625000,0,-57,4.92101036753714,0,0,0.640036010742188,1.63,0,-5399.9521484375
100000000000000000000001,1,921625000,0,-47,1.43580601746096,0,0,0.640036010742188,1.63,0,-5399.9521484375
100000000000000000000002,1,921625000,0,-46,3.44838881116692,0,0,0.640036010742188,1.63,0,-5399.9521484375
100000000000000000000005,1,921625000,0,-62.5,1.69351478982575,0,0,0.640036010742188,1.63,0,-5399.9521484375
100000000000000000000004,1,921625000,0,-49.5,0.233165079758617,0,0,0.640036010742188,1.63,0,-5399.9521484375
100000000000000000000003,1,921625000,0,-46.5,4.79829190450629,0,0,0.640036010742188,1.63,0,-5399.9521484375
100000000000000000000004,1,921625000,0,-49,0.257708772364787,0,0,0.640036010742188,1.63,0,-5399.9521484375
100000000000000000000005,1,921625000,0,-62,1.60147594255261,0,0,0.640036010742188,1.63,0,-5399.9521484375
100000000000000000000001,1,921625000,0,-47,1.41739824800633,0,0,0.640036010742188,1.63,0,-5399.9521484375
100000000000000000000002,1,921625000,0,-46,3.41770919540921,0,0,0.640036010742188,1.63,0,-5399.9521484375
100000000000000000000003,1,921625000,0,-46.5,4.7860200582032,0,0,0.640036010742188,1.63,0,-5399.9521484375
100000000000000000000000,1,921625000,0,-57,4.97623367590102,0,0,0.640036010742188,1.63,0,-5399.9521484375
100000000000000000000005,1,921625000,0,-62,1.61988371200724,0,0,0.640036010742188,1.63,0,-5399.9521484375
100000000000000000000003,1,921625000,0,-46.5,4.77988413505166,0,0,0.640036010742188,1.63,0,-5399.9521484375
100000000000000000000004,1,921625000,0,-49,0.245436926061703,0,0,0.640036010742188,1.63,0,-5399.9521484375
100000000000000000000002,1,921625000,0,-46,3.44225288801538,0,0,0.640036010742188,1.63,0,-5399.9521484375
100000000000000000000000,1,921625000,0,-57,4.93328221384022,0,0,0.640036010742188,1.63,0,-5399.9521484375
100000000000000000000001,1,921625000,0,-47,1.43580601746096,0,0,0.640036010742188,1.63,0,-5399.9521484375
100000000000000000000000,1,921625000,0,-57,4.92714629068868,0,0,0.640036010742188,1.63,0,-5399.9521484375
100000000000000000000002,1,921625000,0,-46,3.46679658062155,0,0,0.640036010742188,1.63,0,-5399.9521484375
100000000000000000000001,1,921625000,0,-47,1.41739824800633,0,0,0.640036010742188,1.63,0,-5399.9521484375
100000000000000000000004,1,921625000,0,-49.5,0.251572849213245,0,0,0.640036010742188,1.63,0,-5399.9521484375
100000000000000000000003,1,921625000,0,-46.5,4.79829190450629,0,0,0.640036010742188,1.63,0,-5399.9521484375
100000000000000000000005,1,921625000,0,-62,1.69351478982575,0,0,0.640036010742188,1.63,0,-5399.9521484375
100000000000000000000005,1,921625000,0,-62,1.64442740461341,0,0,0.640036010742188,1.63,0,-5399.9521484375
100000000000000000000002,1,921625000,0,-46,3.44838881116692,0,0,0.640036010742188,1.63,0,-5399.9521484375
100000000000000000000001,1,921625000,0,-47,1.42967009430942,0,0,0.640036010742188,1.63,0,-5399.9521484375
100000000000000000000003,1,921625000,0,-46.5,4.7860200582032,0,0,0.640036010742188,1.63,0,-5399.9521484375
100000000000000000000000,1,921625000,0,-57,4.92714629068868,0,0,0.640036010742188,1.63,0,-5399.9521484375
100000000000000000000004,1,921625000,0,-49,0.23930100291016,0,0,0.640036010742188,1.63,0,-5399.9521484375
100000000000000000000001,1,921625000,0,-47,1.42967009430942,0,0,0.640036010742188,1.63,0,-5399.9521484375
100000000000000000000002,1,921625000,0,-46,3.42384511856075,0,0,0.640036010742188,1.63,0,-5399.9521484375
100000000000000000000000,1,921625000,0,-57,4.91487444438559,0,0,0.640036010742188,1.63,0,-5399.9521484375
100000000000000000000005,1,921625000,0,-62,1.65669925091649,0,0,0.640036010742188,1.63,0,-5399.9521484375
100000000000000000000003,1,921625000,0,-46.5,4.77374821190012,0,0,0.640036010742188,1.63,0,-5399.9521484375
100000000000000000000004,1,921625000,0,-49.5,0.251572849213245,0,0,0.640036010742188,1.63,0,-5399.9521484375
100000000000000000000001,1,921625000,0,-47,1.42353417115787,0,0,0.640036010742188,1.63,0,-5399.9521484375
100000000000000000000002,1,921625000,0,-46,3.42384511856075,0,0,0.640036010742188,1.63,0,-5399.9521484375
100000000000000000000004,1,921625000,0,-49,0.251572849213245,0,0,0.640036010742188,1.63,0,-5399.9521484375
100000000000000000000003,1,921625000,0,-47,4.79829190450629,0,0,0.640036010742188,1.63,0,-5399.9521484375
100000000000000000000000,1,921625000,0,-57,4.99464144535565,0,0,0.640036010742188,1.63,0,-5399.9521484375
100000000000000000000005,1,921625000,0,-62,1.65669925091649,0,0,0.640036010742188,1.63,0,-5399.9521484375
100000000000000000000003,1,921625000,0,-46.5,4.77988413505166,0,0,0.640036010742188,1.63,0,-5399.9521484375
100000000000000000000005,1,921625000,0,-62,1.63829148146186,0,0,0.640036010742188,1.63,0,-5399.9521484375
100000000000000000000002,1,921625000,0,-46,3.44838881116692,0,0,0.640036010742188,1.63,0,-5399.9521484375
100000000000000000000004,1,921625000,0,-49,0.269980618667873,0,0,0.640036010742188,1.63,0,-5399.9521484375
100000000000000000000000,1,921625000,0,-57.5,4.93328221384022,0,0,0.640036010742188,1.63,0,-5399.9521484375
100000000000000000000001,1,921625000,0,-47,1.41126232485479,0,0,0.640036010742188,1.63,0,-5399.9521484375
100000000000000000000003,1,921625000,0,-47,4.77374821190012,0,0,0.640036010742188,1.63,0,-5399.9521484375
100000000000000000000005,1,921625000,0,-62,1.61988371200724,0,0,0.640036010742188,1.63,0,-5399.9521484375
100000000000000000000002,1,921625000,0,-46,3.44225288801538,0,0,0.640036010742188,1.63,0,-5399.9521484375
100000000000000000000001,1,921625000,0,-47,1.42967009430942,0,0,0.640036010742188,1.63,0,-5399.9521484375
100000000000000000000000,1,921625000,0,-57.5,4.92101036753714,0,0,0.640036010742188,1.63,0,-5399.9521484375
100000000000000000000004,1,921625000,0,-49.5,0.233165079758617,0,0,0.640036010742188,1.63,0,-5399.9521484375
100000000000000000000005,1,921625000,0,-62,1.59534001940107,0,0,0.640036010742188,1.63,0,-5399.9521484375
100000000000000000000004,1,921625000,0,-49.5,0.233165079758617,0,0,0.640036010742188,1.63,0,-5399.9521484375
100000000000000000000000,1,921625000,0,-57.5,4.95168998329485,0,0,0.640036010742188,1.63,0,-5399.9521484375
100000000000000000000001,1,921625000,0,-47,1.42353417115787,0,0,0.640036010742188,1.63,0,-5399.9521484375
100000000000000000000003,1,921625000,0,-46.5,4.77374821190012,0,0,0.640036010742188,1.63,0,-5399.9521484375
100000000000000000000002,1,921625000,0,-46,3.44838881116692,0,0,0.640036010742188,1.63,0,-5399.9521484375
100000000000000000000002,1,921625000,0,-46,3.43611696486384,0,0,0.640036010742188,1.63,0,-5399.9521484375
100000000000000000000003,1,921625000,0,-46.5,4.7860200582032,0,0,0.640036010742188,1.63,0,-5399.9521484375
100000000000000000000004,1,921625000,0,-49,0.251572849213245,0,0,0.640036010742188,1.63,0,-5399.9521484375
100000000000000000000005,1,921625000,0,-62.5,1.63215555831032,0,0,0.640036010742188,1.63,0,-5399.9521484375
100000000000000000000000,1,921625000,0,-57,4.92101036753714,0,0,0.640036010742188,1.63,0,-5399.9521484375
100000000000000000000001,1,921625000,0,-47,1.42967009430942,0,0,0.640036010742188,1.63,0,-5399.9521484375
100000000000000000000001,1,921625000,0,-47,1.41739824800633,0,0,0.640036010742188,1.63,0,-5399.9521484375
100000000000000000000005,1,921625000,0,-62,1.66897109721958,0,0,0.640036010742188,1.63,0,-5399.9521484375
100000000000000000000003,1,921625000,0,-46.5,4.76761228874857,0,0,0.640036010742188,1.63,0,-5399.9521484375
100000000000000000000000,1,921625000,0,-57.5,4.97009775274948,0,0,0.640036010742188,1.63,0,-5399.9521484375
100000000000000000000002,1,921625000,0,-46,3.43611696486384,0,0,0.640036010742188,1.63,0,-5399.9521484375
100000000000000000000004,1,921625000,0,-49,0.245436926061703,0,0,0.640036010742188,1.63,0,-5399.9521484375
100000000000000000000001,1,921625000,0,-47,1.42967009430942,0,0,0.640036010742188,1.63,0,-5399.9521484375
100000000000000000000003,1,921625000,0,-46.5,4.76147636559703,0,0,0.640036010742188,1.63,0,-5399.9521484375
100000000000000000000000,1,921625000,0,-57,4.96396182959793,0,0,0.640036010742188,1.63,0,-5399.9521484375
100000000000000000000005,1,921625000,0,-62.5,1.69965071297729,0,0,0.640036010742188,1.63,0,-5399.9521484375
100000000000000000000004,1,921625000,0,-49.5,0.257708772364787,0,0,0.640036010742188,1.63,0,-5399.9521484375
100000000000000000000002,1,921625000,0,-46,3.42998104171229,0,0,0.640036010742188,1.63,0,-5399.9521484375
100000000000000000000001,1,921625000,0,-47,1.42353417115787,0,0,0.640036010742188,1.63,0,-5399.9521484375
100000000000000000000000,1,921625000,0,-57.5,4.92714629068868,0,0,0.640036010742188,1.63,0,-5399.9521484375
100000000000000000000003,1,921625000,0,-46.5,4.77374821190012,0,0,0.640036010742188,1.63,0,-5399.9521484375
100000000000000000000005,1,921625000,0,-62,1.66283517406803,0,0,0.640036010742188,1.63,0,-5399.9521484375
100000000000000000000002,1,921625000,0,-46,3.47906842692463,0,0,0.640036010742188,1.63,0,-5399.9521484375
100000000000000000000004,1,921625000,0,-49.5,0.21475731030399,0,0,0.640036010742188,1.63,0,-5399.9521484375
100000000000000000000002,1,921625000,0,-46,3.42384511856075,0,0,0.640036010742188,1.63,0,-5399.9521484375
100000000000000000000000,1,921625000,0,-57,4.90260259808251,0,0,0.640036010742188,1.63,0,-5399.9521484375
100000000000000000000005,1,921625000,0,-62.5,1.65056332776495,0,0,0.640036010742188,1.63,0,-5399.9521484375
100000000000000000000001,1,921625000,0,-47,1.42353417115787,0,0,0.640036010742188,1.63,0,-5399.9521484375
100000000000000000000004,1,921625000,0,-49,0.251572849213245,0,0,0.640036010742188,1.63,0,-5399.9521484375
100000000000000000000003,1,921625000,0,-46.5,4.75534044244549,0,0,0.640036010742188,1.63,0,-5399.9521484375
100000000000000000000003,1,921625000,0,-46.5,4.76761228874857,0,0,0.640036010742188,1.63,0,-5399.9521484375
100000000000000000000002,1,921625000,0,-46,3.43611696486384,0,0,0.640036010742188,1.63,0,-5399.9521484375
100000000000000000000005,1,921625000,0,-62,1.66283517406803,0,0,0.640036010742188,1.63,0,-5399.9521484375
100000000000000000000000,1,921625000,0,-57,4.92101036753714,0,0,0.640036010742188,1.63,0,-5399.9521484375
100000000000000000000001,1,921625000,0,-47,1.42967009430942,0,0,0.640036010742188,1.63,0,-5399.9521484375
100000000000000000000004,1,921625000,0,-49,0.263844695516331,0,0,0.640036010742188,1.63,0,-5399.9521484375
100000000000000000000005,1,921625000,0,-62.5,1.69965071297729,0,0,0.640036010742188,1.63,0,-5399.9521484375
100000000000000000000002,1,921625000,0,-46,3.43611696486384,0,0,0.640036010742188,1.63,0,-5399.9521484375
100000000000000000000001,1,921625000,0,-47,1.43580601746096,0,0,0.640036010742188,1.63,0,-5399.9521484375
100000000000000000000004,1,921625000,0,-49,0.251572849213245,0,0,0.640036010742188,1.63,0,-5399.9521484375
100000000000000000000003,1,921625000,0,-46.5,4.76761228874857,0,0,0.640036010742188,1.63,0,-5399.9521484375
100000000000000000000000,1,921625000,0,-57,4.97009775274948,0,0,0.640036010742188,1.63,0,-5399.9521484375
100000000000000000000004,1,921625000,0,-49.5,0.233165079758617,0,0,0.640036010742188,1.63,0,-5399.9521484375
100000000000000000000003,1,921625000,0,-46.5,4.77988413505166,0,0,0.640036010742188,1.63,0,-5399.9521484375
100000000000000000000000,1,921625000,0,-57.5,4.97623367590102,0,0,0.640036010742188,1.63,0,-5399.9521484375
100000000000000000000001,1,921625000,0,-47,1.40512640170325,0,0,0.640036010742188,1.63,0,-5399.9521484375
100000000000000000000005,1,921625000,0,-62,1.58920409624952,0,0,0.640036010742188,1.63,0,-5399.9521484375
100000000000000000000002,1,921625000,0,-46,3.42998104171229,0,0,0.640036010742188,1.63,0,-5399.9521484375
100000000000000000000002,1,921625000,0,-46,3.44838881116692,0,0,0.640036010742188,1.63,0,-5399.9521484375
100000000000000000000003,1,921625000,0,-47,4.79215598135474,0,0,0.640036010742188,1.63,0,-5399.9521484375
100000000000000000000004,1,921625000,0,-49.5,0.245436926061703,0,0,0.640036010742188,1.63,0,-5399.9521484375
100000000000000000000005,1,921625000,0,-63,1.61988371200724,0,0,0.640036010742188,1.63,0,-5399.9521484375
100000000000000000000000,1,921625000,0,-57,4.96396182959793,0,0,0.640036010742188,1.63,0,-5399.9521484375
100000000000000000000001,1,921625000,0,-47,1.42353417115787,0,0,0.640036010742188,1.63,0,-5399.9521484375
100000000000000000000005,1,921625000,0,-62,1.730330328735,0,0,0.640036010742188,1.63,0,-5399.9521484375
100000000000000000000001,1,921625000,0,-47,1.43580601746096,0,0,0.640036010742188,1.63,0,-5399.9521484375
100000000000000000000000,1,921625000,0,-57,4.94555406014331,0,0,0.640036010742188,1.63,0,-5399.9521484375
100000000000000000000002,1,921625000,0,-46,3.44225288801538,0,0,0.640036010742188,1.63,0,-5399.9521484375
100000000000000000000003,1,921625000,0,-47,4.79215598135474,0,0,0.640036010742188,1.63,0,-5399.9521484375
100000000000000000000004,1,921625000,0,-49.5,0.233165079758617,0,0,0.640036010742188,1.63,0,-5399.9521484375
100000000000000000000001,1,921625000,0,-47,1.42353417115787,0,0,0.640036010742188,1.63,0,-5399.9521484375
100000000000000000000005,1,921625000,0,-62.5,1.5707963267949,0,0,0.640036010742188,1.63,0,-5399.9521484375
100000000000000000000003,1,921625000,0,-46.5,4.79215598135474,0,0,0.640036010742188,1.63,0,-5399.9521484375
100000000000000000000002,1,921625000,0,-46,3.42998104171229,0,0,0.640036010742188,1.63,0,-5399.9521484375
100000000000000000000000,1,921625000,0,-57,4.97009775274948,0,0,0.640036010742188,1.63,0,-5399.9521484375
100000000000000000000004,1,921625000,0,-49.5,0.23930100291016,0,0,0.640036010742188,1.63,0,-5399.9521484375
100000000000000000000002,1,921625000,0,-46,3.45452473431846,0,0,0.640036010742188,1.63,0,-5399.9521484375
100000000000000000000000,1,921625000,0,-57,4.92101036753714,0,0,0.640036010742188,1.63,0,-5399.9521484375
100000000000000000000005,1,921625000,0,-62.5,1.69351478982575,0,0,0.640036010742188,1.63,0,-5399.9521484375
100000000000000000000004,1,921625000,0,-49.5,0.276116541819415,0,0,0.640036010742188,1.63,0,-5399.9521484375
100000000000000000000003,1,921625000,0,-46.5,4.76761228874857,0,0,0.640036010742188,1.63,0,-5399.9521484375
100000000000000000000001,1,921625000,0,-47,1.42967009430942,0,0,0.640036010742188,1.63,0,-5399.9521484375
100000000000000000000001,1,921625000,0,-47,1.42353417115787,0,0,0.640036010742188,1.63,0,-5399.9521484375
100000000000000000000003,1,921625000,0,-46.5,4.79215598135474,0,0,0.640036010742188,1.63,0,-5399.9521484375
100000000000000000000000,1,921625000,0,-57.5,4.97009775274948,0,0,0.640036010742188,1.63,0,-5399.9521484375
100000000000000000000005,1,921625000,0,-62.5,1.66283517406803,0,0,0.640036010742188,1.63,0,-5399.9521484375
100000000000000000000004,1,921625000,0,-49.5,0.251572849213245,0,0,0.640036010742188,1.63,0,-5399.9521484375
100000000000000000000002,1,921625000,0,-46,3.42998104171229,0,0,0.640036010742188,1.63,0,-5399.9521484375
100000000000000000000003,1,921625000,0,-46.5,4.7860200582032,0,0,0.640036010742188,1.63,0,-5399.9521484375
100000000000000000000004,1,921625000,0,-49.5,0.227029156607075,0,0,0.640036010742188,1.63,0,-5399.9521484375
100000000000000000000001,1,921625000,0,-47,1.42353417115787,0,0,0.640036010742188,1.63,0,-5399.9521484375
100000000000000000000002,1,921625000,0,-46,3.45452473431846,0,0,0.640036010742188,1.63,0,-5399.9521484375
100000000000000000000000,1,921625000,0,-57.5,4.93941813699176,0,0,0.640036010742188,1.63,0,-5399.9521484375
100000000000000000000005,1,921625000,0,-62.5,1.65669925091649,0,0,0.640036010742188,1.63,0,-5399.9521484375
100000000000000000000001,1,921625000,0,-47,1.4419419406125,0,0,0.640036010742188,1.63,0,-5399.9521484375
100000000000000000000002,1,921625000,0,-46,3.46066065747001,0,0,0.640036010742188,1.63,0,-5399.9521484375
100000000000000000000004,1,921625000,0,-49.5,0.233165079758617,0,0,0.640036010742188,1.63,0,-5399.9521484375
100000000000000000000003,1,921625000,0,-46.5,4.7860200582032,0,0,0.640036010742188,1.63,0,-5399.9521484375
100000000000000000000000,1,921625000,0,-57,4.98236959905256,0,0,0.640036010742188,1.63,0,-5399.9521484375
100000000000000000000005,1,921625000,0,-62,1.58920409624952,0,0,0.640036010742188,1.63,0,-5399.9521484375
100000000000000000000004,1,921625000,0,-49.5,0.269980618667873,0,0,0.640036010742188,1.63,0,-5399.9521484375
100000000000000000000002,1,921625000,0,-46,3.44225288801538,0,0,0.640036010742188,1.63,0,-5399.9521484375
100000000000000000000001,1,921625000,0,-47,1.42353417115787,0,0,0.640036010742188,1.63,0,-5399.9521484375
100000000000000000000000,1,921625000,0,-57.5,4.93941813699176,0,0,0.640036010742188,1.63,0,-5399.9521484375
100000000000000000000003,1,921625000,0,-47,4.79215598135474,0,0,0.640036010742188,1.63,0,-5399.9521484375
100000000000000000000005,1,921625000,0,-62,1.66283517406803,0,0,0.640036010742188,1.63,0,-5399.9521484375
100000000000000000000002,1,921625000,0,-46,3.41770919540921,0,0,0.640036010742188,1.63,0,-5399.9521484375
100000000000000000000005,1,921625000,0,-61.5,1.66283517406803,0,0,0.640036010742188,1.63,0,-5399.9521484375
100000000000000000000004,1,921625000,0,-49,0.251572849213245,0,0,0.640036010742188,1.63,0,-5399.9521484375
100000000000000000000001,1,921625000,0,-47,1.4419419406125,0,0,0.640036010742188,1.63,0,-5399.9521484375
100000000000000000000003,1,921625000,0,-46.5,4.76147636559703,0,0,0.640036010742188,1.63,0,-5399.9521484375
100000000000000000000000,1,921625000,0,-57.5,4.90873852123405,0,0,0.640036010742188,1.63,0,-5399.9521484375
100000000000000000000000,1,921625000,0,-57,4.93941813699176,0,0,0.640036010742188,1.63,0,-5399.9521484375
100000000000000000000001,1,921625000,0,-47,1.41739824800633,0,0,0.640036010742188,1.63,0,-5399.9521484375
100000000000000000000002,1,921625000,0,-46,3.43611696486384,0,0,0.640036010742188,1.63,0,-5399.9521484375
100000000000000000000004,1,921625000,0,-49.5,0.21475731030399,0,0,0.640036010742188,1.63,0,-5399.9521484375
100000000000000000000003,1,921625000,0,-47,4.77374821190012,0,0,0.640036010742188,1.63,0,-5399.9521484375
100000000000000000000005,1,921625000,0,-62,1.69965071297729,0,0,0.640036010742188,1.63,0,-5399.9521484375
100000000000000000000002,1,921625000,0,-46,3.46066065747001,0,0,0.640036010742188,1.63,0,-5399.9521484375
100000000000000000000003,1,921625000,0,-47,4.79829190450629,0,0,0.640036010742188,1.63,0,-5399.9521484375
100000000000000000000000,1,921625000,0,-57.5,4.94555406014331,0,0,0.640036010742188,1.63,0,-5399.9521484375
100000000000000000000001,1,921625000,0,-47,1.3989904785517,0,0,0.640036010742188,1.63,0,-5399.9521484375
100000000000000000000005,1,921625000,0,-62,1.65056332776495,0,0,0.640036010742188,1.63,0,-5399.9521484375
100000000000000000000004,1,921625000,0,-49.5,0.245436926061703,0,0,0.640036010742188,1.63,0,-5399.9521484375
100000000000000000000004,1,921625000,0,-49,0.263844695516331,0,0,0.640036010742188,1.63,0,-5399.9521484375
100000000000000000000000,1,921625000,0,-57,4.95782590644639,0,0,0.640036010742188,1.63,0,-5399.9521484375
100000000000000000000002,1,921625000,0,-46,3.43611696486384,0,0,0.640036010742188,1.63,0,-5399.9521484375
100000000000000000000003,1,921625000,0,-46.5,4.79215598135474,0,0,0.640036010742188,1.63,0,-5399.9521484375
100000000000000000000001,1,921625000,0,-47,1.41739824800633,0,0,0.640036010742188,1.63,0,-5399.9521484375
100000000000000000000005,1,921625000,0,-62.5,1.730330328735,0,0,0.640036010742188,1.63,0,-5399.9521484375
100000000000000000000003,1,921625000,0,-47,4.7860200582032,0,0,0.640036010742188,1.63,0,-5399.9521484375
100000000000000000000002,1,921625000,0,-46,3.43611696486384,0,0,0.640036010742188,1.63,0,-5399.9521484375
100000000000000000000005,1,921625000,0,-62.5,1.59534001940107,0,0,0.640036010742188,1.63,0,-5399.9521484375
100000000000000000000004,1,921625000,0,-49.5,0.257708772364787,0,0,0.640036010742188,1.63,0,-5399.9521484375
100000000000000000000000,1,921625000,0,-57.5,4.93328221384022,0,0,0.640036010742188,1.63,0,-5399.9521484375
100000000000000000000001,1,921625000,0,-47,1.41739824800633,0,0,0.640036010742188,1.63,0,-5399.9521484375
100000000000000000000002,1,921625000,0,-46,3.42998104171229,0,0,0.640036010742188,1.63,0,-5399.9521484375
100000000000000000000003,1,921625000,0,-46.5,4.77374821190012,0,0,0.640036010742188,1.63,0,-5399.9521484375
100000000000000000000005,1,921625000,0,-61.5,1.64442740461341,0,0,0.640036010742188,1.63,0,-5399.9521484375
100000000000000000000004,1,921625000,0,-49.5,0.227029156607075,0,0,0.640036010742188,1.63,0,-5399.9521484375
100000000000000000000000,1,921625000,0,-57.5,4.95168998329485,0,0,0.640036010742188,1.63,0,-5399.9521484375
100000000000000000000001,1,921625000,0,-47,1.41126232485479,0,0,0.640036010742188,1.63,0,-5399.9521484375
100000000000000000000005,1,921625000,0,-62,1.64442740461341,0,0,0.640036010742188,1.63,0,-5399.9521484375
100000000000000000000003,1,921625000,0,-46.5,4.79215598135474,0,0,0.640036010742188,1.63,0,-5399.9521484375
100000000000000000000000,1,921625000,0,-57,4.92714629068868,0,0,0.640036010742188,1.63,0,-5399.9521484375
100000000000000000000001,1,921625000,0,-47,1.3989904785517,0,0,0.640036010742188,1.63,0,-5399.9521484375
100000000000000000000004,1,921625000,0,-49,0.257708772364787,0,0,0.640036010742188,1.63,0,-5399.9521484375
100000000000000000000002,1,921625000,0,-46,3.42998104171229,0,0,0.640036010742188,1.63,0,-5399.9521484375
100000000000000000000003,1,921625000,0,-46.5,4.79215598135474,0,0,0.640036010742188,1.63,0,-5399.9521484375
100000000000000000000004,1,921625000,0,-49.5,0.251572849213245,0,0,0.640036010742188,1.63,0,-5399.9521484375
100000000000000000000005,1,921625000,0,-62,1.64442740461341,0,0,0.640036010742188,1.63,0,-5399.9521484375
100000000000000000000001,1,921625000,0,-47,1.42967009430942,0,0,0.640036010742188,1.63,0,-5399.9521484375
100000000000000000000000,1,921625000,0,-57,4.95782590644639,0,0,0.640036010742188,1.63,0,-5399.9521484375
100000000000000000000002,1,921625000,0,-46,3.44225288801538,0,0,0.640036010742188,1.63,0,-5399.9521484375
100000000000000000000004,1,921625000,0,-49.5,0.21475731030399,0,0,0.640036010742188,1.63,0,-5399.9521484375
100000000000000000000003,1,921625000,0,-46.5,4.75534044244549,0,0,0.640036010742188,1.63,0,-5399.9521484375
100000000000000000000005,1,921625000,0,-62,1.70578663612883,0,0,0.640036010742188,1.63,0,-5399.9521484375
100000000000000000000001,1,921625000,0,-47,1.42353417115787,0,0,0.640036010742188,1.63,0,-5399.9521484375
100000000000000000000000,1,921625000,0,-57.5,4.93328221384022,0,0,0.640036010742188,1.63,0,-5399.9521484375
100000000000000000000002,1,921625000,0,-46,3.45452473431846,0,0,0.640036010742188,1.63,0,-5399.9521484375
100000000000000000000003,1,921625000,0,-46.5,4.79215598135474,0,0,0.640036010742188,1.63,0,-5399.9521484375
100000000000000000000005,1,921625000,0,-62,1.59534001940107,0,0,0.640036010742188,1.63,0,-5399.9521484375
100000000000000000000001,1,921625000,0,-47,1.40512640170325,0,0,0.640036010742188,1.63,0,-5399.9521484375
100000000000000000000004,1,921625000,0,-49.5,0.251572849213245,0,0,0.640036010742188,1.63,0,-5399.9521484375
100000000000000000000000,1,921625000,0,-57,4.95782590644639,0,0,0.640036010742188,1.63,0,-5399.9521484375
100000000000000000000002,1,921625000,0,-46,3.44225288801538,0,0,0.640036010742188,1.63,0,-5399.9521484375
100000000000000000000005,1,921625000,0,-62,1.63829148146186,0,0,0.640036010742188,1.63,0,-5399.9521484375
100000000000000000000000,1,921625000,0,-57.5,4.92714629068868,0,0,0.640036010742188,1.63,0,-5399.9521484375
100000000000000000000004,1,921625000,0,-49,0.23930100291016,0,0,0.640036010742188,1.63,0,-5399.9521484375
100000000000000000000001,1,921625000,0,-47,1.41739824800633,0,0,0.640036010742188,1.63,0,-5399.9521484375
100000000000000000000003,1,921625000,0,-47,4.76761228874857,0,0,0.640036010742188,1.63,0,-5399.9521484375
100000000000000000000002,1,921625000,0,-46,3.42998104171229,0,0,0.640036010742188,1.63,0,-5399.9521484375
100000000000000000000003,1,921625000,0,-46.5,4.74920451929395,0,0,0.640036010742188,1.63,0,-5399.9521484375
100000000000000000000002,1,921625000,0,-46,3.43611696486384,0,0,0.640036010742188,1.63,0,-5399.9521484375
100000000000000000000001,1,921625000,0,-47,1.43580601746096,0,0,0.640036010742188,1.63,0,-5399.9521484375
100000000000000000000004,1,921625000,0,-49.5,0.220893233455532,0,0,0.640036010742188,1.63,0,-5399.9521484375
100000000000000000000000,1,921625000,0,-57.5,4.90873852123405,0,0,0.640036010742188,1.63,0,-5399.9521484375
100000000000000000000005,1,921625000,0,-62,1.67510702037112,0,0,0.640036010742188,1.63,0,-5399.9521484375
100000000000000000000000,1,921625000,0,-57,4.91487444438559,0,0,0.640036010742188,1.63,0,-5399.9521484375
100000000000000000000001,1,921625000,0,-47,1.40512640170325,0,0,0.640036010742188,1.63,0,-5399.9521484375
100000000000000000000005,1,921625000,0,-62.5,1.65669925091649,0,0,0.640036010742188,1.63,0,-5399.9521484375
100000000000000000000004,1,921625000,0,-49,0.23930100291016,0,0,0.640036010742188,1.63,0,-5399.9521484375
100000000000000000000003,1,921625000,0,-47,4.76761228874857,0,0,0.640036010742188,1.63,0,-5399.9521484375
100000000000000000000002,1,921625000,0,-46,3.44838881116692,0,0,0.640036010742188,1.63,0,-5399.9521484375
100000000000000000000002,1,921625000,0,-46,3.44225288801538,0,0,0.640036010742188,1.63,0,-5399.9521484375
100000000000000000000001,1,921625000,0,-47,1.41739824800633,0,0,0.640036010742188,1.63,0,-5399.9521484375
100000000000000000000000,1,921625000,0,-57,4.92714629068868,0,0,0.640036010742188,1.63,0,-5399.9521484375
100000000000000000000004,1,921625000,0,-49.5,0.23930100291016,0,0,0.640036010742188,1.63,0,-5399.9521484375
100000000000000000000003,1,921625000,0,-47,4.74920451929395,0,0,0.640036010742188,1.63,0,-5399.9521484375
100000000000000000000005,1,921625000,0,-62,1.5278448647341,0,0,0.640036010742188,1.63,0,-5399.9521484375
100000000000000000000002,1,921625000,0,-46,3.43611696486384,0,0,0.640036010742188,1.63,0,-5399.9521484375
100000000000000000000003,1,921625000,0,-47,4.77988413505166,0,0,0.640036010742188,1.63,0,-5399.9521484375
100000000000000000000001,1,921625000,0,-47,1.41126232485479,0,0,0.640036010742188,1.63,0,-5399.9521484375
100000000000000000000004,1,921625000,0,-49.5,0.23930100291016,0,0,0.640036010742188,1.63,0,-5399.9521484375
100000000000000000000005,1,921625000,0,-62,1.65669925091649,0,0,0.640036010742188,1.63,0,-5399.9521484375
100000000000000000000000,1,921625000,0,-57.5,4.86578705917325,0,0,0.640036010742188,1.63,0,-5399.9521484375
100000000000000000000003,1,921625000,0,-46.5,4.75534044244549,0,0,0.640036010742188,1.63,0,-5399.9521484375
100000000000000000000001,1,921625000,0,-47,1.42967009430942,0,0,0.640036010742188,1.63,0,-5399.9521484375
100000000000000000000002,1,921625000,0,-46,3.44838881116692,0,0,0.640036010742188,1.63,0,-5399.9521484375
100000000000000000000005,1,921625000,0,-62,1.69351478982575,0,0,0.640036010742188,1.63,0,-5399.9521484375
100000000000000000000000,1,921625000,0,-57,4.95782590644639,0,0,0.640036010742188,1.63,0,-5399.9521484375
100000000000000000000004,1,921625000,0,-49.5,0.23930100291016,0,0,0.640036010742188,1.63,0,-5399.9521484375
100000000000000000000004,1,921625000,0,-49.5,0.233165079758617,0,0,0.640036010742188,1.63,0,-5399.9521484375
100000000000000000000002,1,921625000,0,-46,3.44225288801538,0,0,0.640036010742188,1.63,0,-5399.9521484375
100000000000000000000001,1,921625000,0,-47,1.42353417115787,0,0,0.640036010742188,1.63,0,-5399.9521484375
100000000000000000000003,1,921625000,0,-46.5,4.75534044244549,0,0,0.640036010742188,1.63,0,-5399.9521484375
100000000000000000000000,1,921625000,0,-57.5,4.90260259808251,0,0,0.640036010742188,1.63,0,-5399.9521484375
100000000000000000000005,1,921625000,0,-62,1.64442740461341,0,0,0.640036010742188,1.63,0,-5399.9521484375
100000000000000000000003,1,921625000,0,-46.5,4.81056375080937,0,0,0.640036010742188,1.63,0,-5399.9521484375
100000000000000000000004,1,921625000,0,-49.5,0.227029156607075,0,0,0.640036010742188,1.63,0,-5399.9521484375
100000000000000000000001,1,921625000,0,-47,1.41739824800633,0,0,0.640036010742188,1.63,0,-5399.9521484375
100000000000000000000002,1,921625000,0,-46,3.42998104171229,0,0,0.640036010742188,1.63,0,-5399.9521484375
100000000000000000000005,1,921625000,0,-62.5,1.61988371200724,0,0,0.640036010742188,1.63,0,-5399.9521484375
100000000000000000000000,1,921625000,0,-57.5,4.97009775274948,0,0,0.640036010742188,1.63,0,-5399.9521484375
100000000000000000000005,1,921625000,0,-62,1.63215555831032,0,0,0.640036010742188,1.63,0,-5399.9521484375
100000000000000000000000,1,921625000,0,-57.5,4.90260259808251,0,0,0.640036010742188,1.63,0,-5399.9521484375
100000000000000000000002,1,921625000,0,-46,3.43611696486384,0,0,0.640036010742188,1.63,0,-5399.9521484375
100000000000000000000003,1,921625000,0,-46.5,4.7860200582032,0,0,0.640036010742188,1.63,0,-5399.9521484375
100000000000000000000001,1,921625000,0,-47,1.3989904785517,0,0,0.640036010742188,1.63,0,-5399.9521484375
100000000000000000000004,1,921625000,0,-49.5,0.233165079758617,0,0,0.640036010742188,1.63,0,-5399.9521484375
100000000000000000000005,1,921625000,0,-62.5,1.63829148146186,0,0,0.640036010742188,1.63,0,-5399.9521484375
100000000000000000000002,1,921625000,0,-46,3.44225288801538,0,0,0.640036010742188,1.63,0,-5399.9521484375
100000000000000000000003,1,921625000,0,-47,4.77374821190012,0,0,0.640036010742188,1.63,0,-5399.9521484375
100000000000000000000004,1,921625000,0,-49.5,0.233165079758617,0,0,0.640036010742188,1.63,0,-5399.9521484375
100000000000000000000001,1,921625000,0,-47,1.42353417115787,0,0,0.640036010742188,1.63,0,-5399.9521484375
100000000000000000000000,1,921625000,0,-57,4.92714629068868,0,0,0.640036010742188,1.63,0,-5399.9521484375
100000000000000000000000,1,921625000,0,-57,4.92714629068868,0,0,0.640036010742188,1.63,0,-5399.9521484375
100000000000000000000002,1,921625000,0,-46,3.45452473431846,0,0,0.640036010742188,1.63,0,-5399.9521484375
100000000000000000000004,1,921625000,0,-49.5,0.23930100291016,0,0,0.640036010742188,1.63,0,-5399.9521484375
100000000000000000000003,1,921625000,0,-46.5,4.75534044244549,0,0,0.640036010742188,1.63,0,-5399.9521484375
100000000000000000000001,1,921625000,0,-47,1.41739824800633,0,0,0.640036010742188,1.63,0,-5399.9521484375
100000000000000000000005,1,921625000,0,-62,1.63829148146186,0,0,0.640036010742188,1.63,0,-5399.9521484375
100000000000000000000000,1,921625000,0,-57,4.92101036753714,0,0,0.640036010742188,1.63,0,-5399.9521484375
100000000000000000000004,1,921625000,0,-49.5,0.233165079758617,0,0,0.640036010742188,1.63,0,-5399.9521484375
100000000000000000000003,1,921625000,0,-46.5,4.77374821190012,0,0,0.640036010742188,1.63,0,-5399.9521484375
100000000000000000000005,1,921625000,0,-62,1.76100994449272,0,0,0.640036010742188,1.63,0,-5399.9521484375
100000000000000000000001,1,921625000,0,-47,1.41126232485479,0,0,0.640036010742188,1.63,0,-5399.9521484375
100000000000000000000002,1,921625000,0,-46,3.46066065747001,0,0,0.640036010742188,1.63,0,-5399.9521484375
100000000000000000000002,1,921625000,0,-46,3.45452473431846,0,0,0.640036010742188,1.63,0,-5399.9521484375
100000000000000000000000,1,921625000,0,-57.5,4.95168998329485,0,0,0.640036010742188,1.63,0,-5399.9521484375
100000000000000000000003,1,921625000,0,-46.5,4.77374821190012,0,0,0.640036010742188,1.63,0,-5399.9521484375
100000000000000000000001,1,921625000,0,-47,1.41739824800633,0,0,0.640036010742188,1.63,0,-5399.9521484375
100000000000000000000004,1,921625000,0,-49,0.23930100291016,0,0,0.640036010742188,1.63,0,-5399.9521484375
100000000000000000000005,1,921625000,0,-62,1.63829148146186,0,0,0.640036010742188,1.63,0,-5399.9521484375
100000000000000000000002,1,921625000,0,-46,3.45452473431846,0,0,0.640036010742188,1.63,0,-5399.9521484375
100000000000000000000003,1,921625000,0,-46.5,4.76761228874857,0,0,0.640036010742188,1.63,0,-5399.9521484375
100000000000000000000000,1,921625000,0,-57,4.95782590644639,0,0,0.640036010742188,1.63,0,-5399.9521484375
100000000000000000000004,1,921625000,0,-49.5,0.233165079758617,0,0,0.640036010742188,1.63,0,-5399.9521484375
100000000000000000000001,1,921625000,0,-47,1.42353417115787,0,0,0.640036010742188,1.63,0,-5399.9521484375
100000000000000000000005,1,921625000,0,-62,1.61374778885569,0,0,0.640036010742188,1.63,0,-5399.9521484375
100000000000000000000005,1,921625000,0,-62,1.62601963515878,0,0,0.640036010742188,1.63,0,-5399.9521484375
100000000000000000000002,1,921625000,0,-46,3.43611696486384,0,0,0.640036010742188,1.63,0,-5399.9521484375
100000000000000000000000,1,921625000,0,-57,4.93328221384022,0,0,0.640036010742188,1.63,0,-5399.9521484375
100000000000000000000001,1,921625000,0,-47,1.41739824800633,0,0,0.640036010742188,1.63,0,-5399.9521484375
100000000000000000000003,1,921625000,0,-46.5,4.80442782765783,0,0,0.640036010742188,1.63,0,-5399.9521484375
100000000000000000000004,1,921625000,0,-49.5,0.245436926061703,0,0,0.640036010742188,1.63,0,-5399.9521484375
100000000000000000000004,1,921625000,0,-49.5,0.257708772364787,0,0,0.640036010742188,1.63,0,-5399.9521484375
100000000000000000000003,1,921625000,0,-46.5,4.74920451929395,0,0,0.640036010742188,1.63,0,-5399.9521484375
100000000000000000000001,1,921625000,0,-47,1.42967009430942,0,0,0.640036010742188,1.63,0,-5399.9521484375
100000000000000000000002,1,921625000,0,-46,3.44838881116692,0,0,0.640036010742188,1.63,0,-5399.9521484375
100000000000000000000005,1,921625000,0,-62,1.68124294352266,0,0,0.640036010742188,1.63,0,-5399.9521484375
100000000000000000000000,1,921625000,0,-57.5,4.93328221384022,0,0,0.640036010742188,1.63,0,-5399.9521484375
100000000000000000000001,1,921625000,0,-47,1.42967009430942,0,0,0.640036010742188,1.63,0,-5399.9521484375
100000000000000000000003,1,921625000,0,-46.5,4.79215598135474,0,0,0.640036010742188,1.63,0,-5399.9521484375
100000000000000000000002,1,921625000,0,-46,3.42998104171229,0,0,0.640036010742188,1.63,0,-5399.9521484375
100000000000000000000000,1,921625000,0,-57,4.93941813699176,0,0,0.640036010742188,1.63,0,-5399.9521484375
100000000000000000000004,1,921625000,0,-49,0.23930100291016,0,0,0.640036010742188,1.63,0,-5399.9521484375
100000000000000000000005,1,921625000,0,-62.5,1.65669925091649,0,0,0.640036010742188,1.63,0,-5399.9521484375
100000000000000000000001,1,921625000,0,-47,1.41739824800633,0,0,0.640036010742188,1.63,0,-5399.9521484375
100000000000000000000005,1,921625000,0,-62,1.60147594255261,0,0,0.640036010742188,1.63,0,-5399.9521484375
100000000000000000000003,1,921625000,0,-46.5,4.7430685961424,0,0,0.640036010742188,1.63,0,-5399.9521484375
100000000000000000000002,1,921625000,0,-46,3.44225288801538,0,0,0.640036010742188,1.63,0,-5399.9521484375
100000000000000000000000,1,921625000,0,-57.5,4.96396182959793,0,0,0.640036010742188,1.63,0,-5399.9521484375
100000000000000000000004,1,921625000,0,-49.5,0.257708772364787,0,0,0.640036010742188,1.63,0,-5399.9521484375
100000000000000000000004,1,921625000,0,-49.5,0.23930100291016,0,0,0.640036010742188,1.63,0,-5399.9521484375
100000000000000000000005,1,921625000,0,-62,1.63829148146186,0,0,0.640036010742188,1.63,0,-5399.9521484375
100000000000000000000003,1,921625000,0,-46.5,4.7860200582032,0,0,0.640036010742188,1.63,0,-5399.9521484375
100000000000000000000000,1,921625000,0,-57,4.92101036753714,0,0,0.640036010742188,1.63,0,-5399.9521484375
100000000000000000000002,1,921625000,0,-46,3.44838881116692,0,0,0.640036010742188,1.63,0,-5399.9521484375
100000000000000000000001,1,921625000,0,-47,1.41739824800633,0,0,0.640036010742188,1.63,0,-5399.9521484375
100000000000000000000005,1,921625000,0,-62,1.66897109721958,0,0,0.640036010742188,1.63,0,-5399.9521484375
100000000000000000000004,1,921625000,0,-49.5,0.208621387152447,0,0,0.640036010742188,1.63,0,-5399.9521484375
100000000000000000000003,1,921625000,0,-46.5,4.76147636559703,0,0,0.640036010742188,1.63,0,-5399.9521484375
100000000000000000000002,1,921625000,0,-46,3.44838881116692,0,0,0.640036010742188,1.63,0,-5399.9521484375
100000000000000000000001,1,921625000,0,-47,1.3989904785517,0,0,0.640036010742188,1.63,0,-5399.9521484375
100000000000000000000000,1,921625000,0,-57,4.93328221384022,0,0,0.640036010742188,1.63,0,-5399.9521484375
100000000000000000000000,1,921625000,0,-57,4.95782590644639,0,0,0.640036010742188,1.63,0,-5399.9521484375
100000000000000000000003,1,921625000,0,-46.5,4.79215598135474,0,0,0.640036010742188,1.63,0,-5399.9521484375
100000000000000000000001,1,921625000,0,-47,1.41126232485479,0,0,0.640036010742188,1.63,0,-5399.9521484375
100000000000000000000005,1,921625000,0,-62,1.71805848243192,0,0,0.640036010742188,1.63,0,-5399.9521484375
100000000000000000000004,1,921625000,0,-49.5,0.233165079758617,0,0,0.640036010742188,1.63,0,-5399.9521484375
100000000000000000000002,1,921625000,0,-46,3.45452473431846,0,0,0.640036010742188,1.63,0,-5399.9521484375
100000000000000000000003,1,921625000,0,-46.5,4.7860200582032,0,0,0.640036010742188,1.63,0,-5399.9521484375
100000000000000000000002,1,921625000,0,-46,3.43611696486384,0,0,0.640036010742188,1.63,0,-5399.9521484375
100000000000000000000000,1,921625000,0,-57,5.00077736850719,0,0,0.640036010742188,1.63,0,-5399.9521484375
100000000000000000000004,1,921625000,0,-49.5,0.23930100291016,0,0,0.640036010742188,1.63,0,-5399.9521484375
100000000000000000000001,1,921625000,0,-47,1.41126232485479,0,0,0.640036010742188,1.63,0,-5399.9521484375
100000000000000000000005,1,921625000,0,-62,1.68124294352266,0,0,0.640036010742188,1.63,0,-5399.9521484375
100000000000000000000003,1,921625000,0,-47,4.79215598135474,0,0,0.640036010742188,1.63,0,-5399.9521484375
100000000000000000000005,1,921625000,0,-62,1.61988371200724,0,0,0.640036010742188,1.63,0,-5399.9521484375
100000000000000000000004,1,921625000,0,-49,0.227029156607075,0,0,0.640036010742188,1.63,0,-5399.9521484375
100000000000000000000002,1,921625000,0,-46,3.47906842692463,0,0,0.640036010742188,1.63,0,-5399.9521484375
100000000000000000000001,1,921625000,0,-47,1.41739824800633,0,0,0.640036010742188,1.63,0,-5399.9521484375
100000000000000000000000,1,921625000,0,-57,4.92101036753714,0,0,0.640036010742188,1.63,0,-5399.9521484375
100000000000000000000004,1,921625000,0,-49.5,0.257708772364787,0,0,0.640036010742188,1.63,0,-5399.9521484375
100000000000000000000003,1,921625000,0,-47,4.76147636559703,0,0,0.640036010742188,1.63,0,-5399.9521484375
100000000000000000000005,1,921625000,0,-62,1.63215555831032,0,0,0.640036010742188,1.63,0,-5399.9521484375
100000000000000000000002,1,921625000,0,-46,3.46066065747001,0,0,0.640036010742188,1.63,0,-5399.9521484375
100000000000000000000001,1,921625000,0,-47,1.3989904785517,0,0,0.640036010742188,1.63,0,-5399.9521484375
100000000000000000000000,1,921625000,0,-57,4.89033075177942,0,0,0.640036010742188,1.63,0,-5399.9521484375
100000000000000000000000,1,922125000,0,-57,5.09895213893187,0,0,0.640036010742188,1.63,0,-5399.9521484375
100000000000000000000003,1,922125000,0,-46,5.06213660002262,0,0,0.640036010742188,1.63,0,-5399.9521484375
100000000000000000000002,1,922125000,0,-45.5,3.63860242886474,0,0,0.640036010742188,1.63,0,-5399.9521484375
100000000000000000000004,1,922125000,0,-49,0.392699081698725,0,0,0.640036010742188,1.63,0,-5399.9521484375
100000000000000000000001,1,922125000,0,-47,1.60761186570415,0,0,0.640036010742188,1.63,0,-5399.9521484375
100000000000000000000005,1,922125000,0,-61.5,1.97576725479671,0,0,0.640036010742188,1.63,0,-5399.9521484375
100000000000000000000003,1,922125000,0,-46,5.05600067687107,0,0,0.640036010742188,1.63,0,-5399.9521484375
100000000000000000000002,1,922125000,0,-45.5,3.63860242886474,0,0,0.640036010742188,1.63,0,-5399.9521484375
100000000000000000000000,1,922125000,0,-57,5.12963175468958,0,0,0.640036010742188,1.63,0,-5399.9521484375
100000000000000000000001,1,922125000,0,-47,1.58920409624952,0,0,0.640036010742188,1.63,0,-5399.9521484375
100000000000000000000004,1,922125000,0,-49,0.429514620607979,0,0,0.640036010742188,1.63,0,-5399.9521484375
100000000000000000000005,1,922125000,0,-62,1.97576725479671,0,0,0.640036010742188,1.63,0,-5399.9521484375
100000000000000000000001,1,922125000,0,-47,1.59534001940107,0,0,0.640036010742188,1.63,0,-5399.9521484375
100000000000000000000004,1,922125000,0,-49,0.411106851153352,0,0,0.640036010742188,1.63,0,-5399.9521484375
100000000000000000000003,1,922125000,0,-46,5.03759290741645,0,0,0.640036010742188,1.63,0,-5399.9521484375
100000000000000000000002,1,922125000,0,-45.5,3.62019465941011,0,0,0.640036010742188,1.63,0,-5399.9521484375
100000000000000000000000,1,922125000,0,-57,5.11122398523496,0,0,0.640036010742188,1.63,0,-5399.9521484375
100000000000000000000005,1,922125000,0,-62,1.91440802328128,0,0,0.640036010742188,1.63,0,-5399.9521484375
100000000000000000000000,1,922125000,0,-57.5,5.12963175468958,0,0,0.640036010742188,1.63,0,-5399.9521484375
100000000000000000000004,1,922125000,0,-49,0.429514620607979,0,0,0.640036010742188,1.63,0,-5399.9521484375
100000000000000000000001,1,922125000,0,-47,1.59534001940107,0,0,0.640036010742188,1.63,0,-5399.9521484375
100000000000000000000002,1,922125000,0,-45.5,3.65701019831937,0,0,0.640036010742188,1.63,0,-5399.9521484375
100000000000000000000003,1,922125000,0,-46,5.04986475371953,0,0,0.640036010742188,1.63,0,-5399.9521484375
100000000000000000000005,1,922125000,0,-62,1.93281579273591,0,0,0.640036010742188,1.63,0,-5399.9521484375
100000000000000000000002,1,922125000,0,-45.5,3.63860242886474,0,0,0.640036010742188,1.63,0,-5399.9521484375
100000000000000000000004,1,922125000,0,-49,0.411106851153352,0,0,0.640036010742188,1.63,0,-5399.9521484375
100000000000000000000001,1,922125000,0,-47,1.60147594255261,0,0,0.640036010742188,1.63,0,-5399.9521484375
100000000000000000000003,1,922125000,0,-46.5,5.03759290741645,0,0,0.640036010742188,1.63,0,-5399.9521484375
100000000000000000000005,1,922125000,0,-61.5,2.00031094740288,0,0,0.640036010742188,1.63,0,-5399.9521484375
100000000000000000000000,1,922125000,0,-57,5.10508806208341,0,0,0.640036010742188,1.63,0,-5399.9521484375
100000000000000000000001,1,922125000,0,-47,1.57693224994644,0,0,0.640036010742188,1.63,0,-5399.9521484375
100000000000000000000002,1,922125000,0,-46,3.66928204462245,0,0,0.640036010742188,1.63,0,-5399.9521484375
100000000000000000000000,1,922125000,0,-57,5.12349583153804,0,0,0.640036010742188,1.63,0,-5399.9521484375
100000000000000000000005,1,922125000,0,-62,2.00031094740288,0,0,0.640036010742188,1.63,0,-5399.9521484375
100000000000000000000003,1,922125000,0,-46,5.06827252317416,0,0,0.640036010742188,1.63,0,-5399.9521484375
100000000000000000000004,1,922125000,0,-49.5,0.417242774304895,0,0,0.640036010742188,1.63,0,-5399.9521484375
100000000000000000000003,1,922125000,0,-46.5,5.04372883056799,0,0,0.640036010742188,1.63,0,-5399.9521484375
100000000000000000000000,1,922125000,0,-57,5.14190360099267,0,0,0.640036010742188,1.63,0,-5399.9521484375
100000000000000000000001,1,922125000,0,-47,1.61374778885569,0,0,0.640036010742188,1.63,0,-5399.9521484375
100000000000000000000002,1,922125000,0,-45.5,3.66928204462245,0,0,0.640036010742188,1.63,0,-5399.9521484375
100000000000000000000004,1,922125000,0,-49,0.429514620607979,0,0,0.640036010742188,1.63,0,-5399.9521484375
100000000000000000000005,1,922125000,0,-61.5,1.92054394643282,0,0,0.640036010742188,1.63,0,-5399.9521484375
100000000000000000000005,1,922125000,0,-62,1.98803910109979,0,0,0.640036010742188,1.63,0,-5399.9521484375
100000000000000000000001,1,922125000,0,-47,1.60761186570415,0,0,0.640036010742188,1.63,0,-5399.9521484375
100000000000000000000004,1,922125000,0,-49,0.411106851153352,0,0,0.640036010742188,1.63,0,-5399.9521484375
100000000000000000000002,1,922125000,0,-45.5,3.68155389092554,0,0,0.640036010742188,1.63,0,-5399.9521484375
100000000000000000000003,1,922125000,0,-46,5.06213660002262,0,0,0.640036010742188,1.63,0,-5399.9521484375
100000000000000000000000,1,922125000,0,-57,5.14190360099267,0,0,0.640036010742188,1.63,0,-5399.9521484375
100000000000000000000002,1,922125000,0,-45.5,3.63860242886474,0,0,0.640036010742188,1.63,0,-5399.9521484375
100000000000000000000005,1,922125000,0,-61.5,2.04326240946367,0,0,0.640036010742188,1.63,0,-5399.9521484375
100000000000000000000004,1,922125000,0,-49,0.429514620607979,0,0,0.640036010742188,1.63,0,-5399.9521484375
100000000000000000000003,1,922125000,0,-46,5.04372883056799,0,0,0.640036010742188,1.63,0,-5399.9521484375
100000000000000000000001,1,922125000,0,-47,1.61374778885569,0,0,0.640036010742188,1.63,0,-5399.9521484375
100000000000000000000000,1,922125000,0,-57,5.11122398523496,0,0,0.640036010742188,1.63,0,-5399.9521484375
100000000000000000000000,1,922125000,0,-57,5.13576767784113,0,0,0.640036010742188,1.63,0,-5399.9521484375
100000000000000000000002,1,922125000,0,-45.5,3.62633058256166,0,0,0.640036010742188,1.63,0,-5399.9521484375
100000000000000000000001,1,922125000,0,-47,1.60147594255261,0,0,0.640036010742188,1.63,0,-5399.9521484375
100000000000000000000004,1,922125000,0,-49,0.429514620607979,0,0,0.640036010742188,1.63,0,-5399.9521484375
100000000000000000000003,1,922125000,0,-46,5.0314569842649,0,0,0.640036010742188,1.63,0,-5399.9521484375
100000000000000000000005,1,922125000,0,-62,1.94508763903899,0,0,0.640036010742188,1.63,0,-5399.9521484375
100000000000000000000001,1,922125000,0,-47,1.61988371200724,0,0,0.640036010742188,1.63,0,-5399.9521484375
100000000000000000000005,1,922125000,0,-62,1.96963133164516,0,0,0.640036010742188,1.63,0,-5399.9521484375
100000000000000000000002,1,922125000,0,-46,3.64473835201628,0,0,0.640036010742188,1.63,0,-5399.9521484375
100000000000000000000003,1,922125000,0,-46,5.01918513796182,0,0,0.640036010742188,1.63,0,-5399.9521484375
100000000000000000000004,1,922125000,0,-49,0.423378697456437,0,0,0.640036010742188,1.63,0,-5399.9521484375
100000000000000000000000,1,922125000,0,-57,5.09281621578033,0,0,0.640036010742188,1.63,0,-5399.9521484375
100000000000000000000005,1,922125000,0,-62,1.97576725479671,0,0,0.640036010742188,1.63,0,-5399.9521484375
100000000000000000000004,1,922125000,0,-49,0.429514620607979,0,0,0.640036010742188,1.63,0,-5399.9521484375
100000000000000000000003,1,922125000,0,-46,5.06213660002262,0,0,0.640036010742188,1.63,0,-5399.9521484375
100000000000000000000000,1,922125000,0,-57,5.14190360099267,0,0,0.640036010742188,1.63,0,-5399.9521484375
100000000000000000000001,1,922125000,0,-47,1.60147594255261,0,0,0.640036010742188,1.63,0,-5399.9521484375
100000000000000000000002,1,922125000,0,-45.5,3.62633058256166,0,0,0.640036010742188,1.63,0,-5399.9521484375
100000000000000000000000,1,922125000,0,-57,5.12963175468958,0,0,0.640036010742188,1.63,0,-5399.9521484375
100000000000000000000004,1,922125000,0,-49,0.417242774304895,0,0,0.640036010742188,1.63,0,-5399.9521484375
100000000000000000000003,1,922125000,0,-46,5.06213660002262,0,0,0.640036010742188,1.63,0,-5399.9521484375
100000000000000000000001,1,922125000,0,-47,1.57693224994644,0,0,0.640036010742188,1.63,0,-5399.9521484375
100000000000000000000005,1,922125000,0,-62.5,1.91440802328128,0,0,0.640036010742188,1.63,0,-5399.9521484375
100000000000000000000002,1,922125000,0,-45.5,3.68155389092554,0,0,0.640036010742188,1.63,0,-5399.9521484375
100000000000000000000000,1,922125000,0,-57,5.14190360099267,0,0,0.640036010742188,1.63,0,-5399.9521484375
100000000000000000000003,1,922125000,0,-46,5.04372883056799,0,0,0.640036010742188,1.63,0,-5399.9521484375
100000000000000000000001,1,922125000,0,-47,1.58306817309798,0,0,0.640036010742188,1.63,0,-5399.9521484375
100000000000000000000004,1,922125000,0,-49,0.404970928001809,0,0,0.640036010742188,1.63,0,-5399.9521484375
100000000000000000000002,1,922125000,0,-46,3.675417967774,0,0,0.640036010742188,1.63,0,-5399.9521484375
100000000000000000000005,1,922125000,0,-62,1.96963133164516,0,0,0.640036010742188,1.63,0,-5399.9521484375
100000000000000000000003,1,922125000,0,-46,5.0314569842649,0,0,0.640036010742188,1.63,0,-5399.9521484375
100000000000000000000004,1,922125000,0,-49,0.398835004850267,0,0,0.640036010742188,1.63,0,-5399.9521484375
100000000000000000000005,1,922125000,0,-62,1.96963133164516,0,0,0.640036010742188,1.63,0,-5399.9521484375
100000000000000000000001,1,922125000,0,-47,1.59534001940107,0,0,0.640036010742188,1.63,0,-5399.9521484375
100000000000000000000002,1,922125000,0,-45.5,3.675417967774,0,0,0.640036010742188,1.63,0,-5399.9521484375
100000000000000000000000,1,922125000,0,-57,5.12963175468958,0,0,0.640036010742188,1.63,0,-5399.9521484375
100000000000000000000003,1,922125000,0,-46,5.05600067687107,0,0,0.640036010742188,1.63,0,-5399.9521484375
100000000000000000000000,1,922125000,0,-57,5.17258321675038,0,0,0.640036010742188,1.63,0,-5399.9521484375
100000000000000000000002,1,922125000,0,-45.5,3.64473835201628,0,0,0.640036010742188,1.63,0,-5399.9521484375
100000000000000000000005,1,922125000,0,-62,1.97576725479671,0,0,0.640036010742188,1.63,0,-5399.9521484375
100000000000000000000001,1,922125000,0,-47,1.60147594255261,0,0,0.640036010742188,1.63,0,-5399.9521484375
100000000000000000000004,1,922125000,0,-49,0.398835004850267,0,0,0.640036010742188,1.63,0,-5399.9521484375
100000000000000000000002,1,922125000,0,-46,3.66314612147091,0,0,0.640036010742188,1.63,0,-5399.9521484375
100000000000000000000003,1,922125000,0,-46,5.06213660002262,0,0,0.640036010742188,1.63,0,-5399.9521484375
100000000000000000000001,1,922125000,0,-47,1.61374778885569,0,0,0.640036010742188,1.63,0,-5399.9521484375
100000000000000000000000,1,922125000,0,-57,5.09895213893187,0,0,0.640036010742188,1.63,0,-5399.9521484375
100000000000000000000004,1,922125000,0,-49,0.423378697456437,0,0,0.640036010742188,1.63,0,-5399.9521484375
100000000000000000000005,1,922125000,0,-62,1.90827210012974,0,0,0.640036010742188,1.63,0,-5399.9521484375
100000000000000000000005,1,922125000,0,-62,1.94508763903899,0,0,0.640036010742188,1.63,0,-5399.9521484375
100000000000000000000002,1,922125000,0,-45.5,3.66314612147091,0,0,0.640036010742188,1.63,0,-5399.9521484375
100000000000000000000001,1,922125000,0,-47,1.63215555831032,0,0,0.640036010742188,1.63,0,-5399.9521484375
100000000000000000000000,1,922125000,0,-57,5.1173599083865,0,0,0.640036010742188,1.63,0,-5399.9521484375
100000000000000000000003,1,922125000,0,-46,5.0744084463257,0,0,0.640036010742188,1.63,0,-5399.9521484375
100000000000000000000004,1,922125000,0,-49,0.417242774304895,0,0,0.640036010742188,1.63,0,-5399.9521484375
100000000000000000000005,1,922125000,0,-62,1.90827210012974,0,0,0.640036010742188,1.63,0,-5399.9521484375
100000000000000000000000,1,922125000,0,-57,5.16644729359884,0,0,0.640036010742188,1.63,0,-5399.9521484375
100000000000000000000003,1,922125000,0,-46,5.08668029262879,0,0,0.640036010742188,1.63,0,-5399.9521484375
100000000000000000000001,1,922125000,0,-47,1.60761186570415,0,0,0.640036010742188,1.63,0,-5399.9521484375
100000000000000000000004,1,922125000,0,-49,0.441786466911065,0,0,0.640036010742188,1.63,0,-5399.9521484375
100000000000000000000002,1,922125000,0,-46,3.66314612147091,0,0,0.640036010742188,1.63,0,-5399.9521484375
100000000000000000000002,1,922125000,0,-46,3.66314612147091,0,0,0.640036010742188,1.63,0,-5399.9521484375
100000000000000000000004,1,922125000,0,-49,0.392699081698725,0,0,0.640036010742188,1.63,0,-5399.9521484375
100000000000000000000001,1,922125000,0,-47,1.60761186570415,0,0,0.640036010742188,1.63,0,-5399.9521484375
100000000000000000000003,1,922125000,0,-46,5.06827252317416,0,0,0.640036010742188,1.63,0,-5399.9521484375
100000000000000000000005,1,922125000,0,-62,1.90827210012974,0,0,0.640036010742188,1.63,0,-5399.9521484375
100000000000000000000000,1,922125000,0,-57,5.12963175468958,0,0,0.640036010742188,1.63,0,-5399.9521484375
100000000000000000000005,1,922125000,0,-62,2.04326240946367,0,0,0.640036010742188,1.63,0,-5399.9521484375
100000000000000000000002,1,922125000,0,-45.5,3.64473835201628,0,0,0.640036010742188,1.63,0,-5399.9521484375
100000000000000000000003,1,922125000,0,-46,5.0744084463257,0,0,0.640036010742188,1.63,0,-5399.9521484375
100000000000000000000001,1,922125000,0,-47,1.61988371200724,0,0,0.640036010742188,1.63,0,-5399.9521484375
100000000000000000000004,1,922125000,0,-49,0.417242774304895,0,0,0.640036010742188,1.63,0,-5399.9521484375
100000000000000000000000,1,922125000,0,-57,5.17258321675038,0,0,0.640036010742188,1.63,0,-5399.9521484375
100000000000000000000004,1,922125000,0,-49,0.423378697456437,0,0,0.640036010742188,1.63,0,-5399.9521484375
100000000000000000000005,1,922125000,0,-62,1.95122356219054,0,0,0.640036010742188,1.63,0,-5399.9521484375
100000000000000000000002,1,922125000,0,-45.5,3.66314612147091,0,0,0.640036010742188,1.63,0,-5399.9521484375
100000000000000000000000,1,922125000,0,-57,5.16644729359884,0,0,0.640036010742188,1.63,0,-5399.9521484375
100000000000000000000001,1,922125000,0,-47,1.60761186570415,0,0,0.640036010742188,1.63,0,-5399.9521484375
100000000000000000000003,1,922125000,0,-46,5.06827252317416,0,0,0.640036010742188,1.63,0,-5399.9521484375
100000000000000000000003,1,922125000,0,-46,5.06827252317416,0,0,0.640036010742188,1.63,0,-5399.9521484375
100000000000000000000005,1,922125000,0,-62,1.88986433067511,0,0,0.640036010742188,1.63,0,-5399.9521484375
100000000000000000000004,1,922125000,0,-49,0.423378697456437,0,0,0.640036010742188,1.63,0,-5399.9521484375
100000000000000000000000,1,922125000,0,-57,5.14190360099267,0,0,0.640036010742188,1.63,0,-5399.9521484375
100000000000000000000001,1,922125000,0,-47,1.61374778885569,0,0,0.640036010742188,1.63,0,-5399.9521484375
100000000000000000000002,1,922125000,0,-46,3.66314612147091,0,0,0.640036010742188,1.63,0,-5399.9521484375
100000000000000000000000,1,922125000,0,-57,5.14190360099267,0,0,0.640036010742188,1.63,0,-5399.9521484375
100000000000000000000001,1,922125000,0,-47,1.59534001940107,0,0,0.640036010742188,1.63,0,-5399.9521484375
100000000000000000000003,1,922125000,0,-46,5.05600067687107,0,0,0.640036010742188,1.63,0,-5399.9521484375
100000000000000000000005,1,922125000,0,-62,1.89600025382665,0,0,0.640036010742188,1.63,0,-5399.9521484375
100000000000000000000004,1,922125000,0,-49,0.411106851153352,0,0,0.640036010742188,1.63,0,-5399.9521484375
100000000000000000000002,1,922125000,0,-46,3.66928204462245,0,0,0.640036010742188,1.63,0,-5399.9521484375
100000000000000000000001,1,922125000,0,-47,1.60147594255261,0,0,0.640036010742188,1.63,0,-5399.9521484375
100000000000000000000004,1,922125000,0,-49,0.429514620607979,0,0,0.640036010742188,1.63,0,-5399.9521484375
100000000000000000000003,1,922125000,0,-46,5.03759290741645,0,0,0.640036010742188,1.63,0,-5399.9521484375
100000000000000000000002,1,922125000,0,-46,3.65701019831937,0,0,0.640036010742188,1.63,0,-5399.9521484375
100000000000000000000005,1,922125000,0,-62,1.95735948534208,0,0,0.640036010742188,1.63,0,-5399.9521484375
100000000000000000000000,1,922125000,0,-57.5,5.12349583153804,0,0,0.640036010742188,1.63,0,-5399.9521484375
100000000000000000000001,1,922125000,0,-47,1.60147594255261,0,0,0.640036010742188,1.63,0,-5399.9521484375
100000000000000000000005,1,922125000,0,-62,1.93281579273591,0,0,0.640036010742188,1.63,0,-5399.9521484375
100000000000000000000000,1,922125000,0,-57,5.14803952414421,0,0,0.640036010742188,1.63,0,-5399.9521484375
100000000000000000000003,1,922125000,0,-46,5.04372883056799,0,0,0.640036010742188,1.63,0,-5399.9521484375
100000000000000000000002,1,922125000,0,-45.5,3.65087427516783,0,0,0.640036010742188,1.63,0,-5399.9521484375
100000000000000000000004,1,922125000,0,-49,0.411106851153352,0,0,0.640036010742188,1.63,0,-5399.9521484375
100000000000000000000001,1,922125000,0,-47,1.62601963515878,0,0,0.640036010742188,1.63,0,-5399.9521484375
100000000000000000000004,1,922125000,0,-49,0.398835004850267,0,0,0.640036010742188,1.63,0,-5399.9521484375
100000000000000000000000,1,922125000,0,-57,5.14190360099267,0,0,0.640036010742188,1.63,0,-5399.9521484375
100000000000000000000002,1,922125000,0,-46,3.65087427516783,0,0,0.640036010742188,1.63,0,-5399.9521484375
100000000000000000000005,1,922125000,0,-62,1.91440802328128,0,0,0.640036010742188,1.63,0,-5399.9521484375
100000000000000000000003,1,922125000,0,-46,5.05600067687107,0,0,0.640036010742188,1.63,0,-5399.9521484375
100000000000000000000002,1,922125000,0,-45.5,3.63860242886474,0,0,0.640036010742188,1.63,0,-5399.9521484375
100000000000000000000001,1,922125000,0,-47,1.61374778885569,0,0,0.640036010742188,1.63,0,-5399.9521484375
100000000000000000000000,1,922125000,0,-57,5.09281621578033,0,0,0.640036010742188,1.63,0,-5399.9521484375
100000000000000000000003,1,922125000,0,-46,5.06827252317416,0,0,0.640036010742188,1.63,0,-5399.9521484375
100000000000000000000005,1,922125000,0,-62,1.98190317794825,0,0,0.640036010742188,1.63,0,-5399.9521484375
100000000000000000000004,1,922125000,0,-49,0.423378697456437,0,0,0.640036010742188,1.63,0,-5399.9521484375
100000000000000000000005,1,922125000,0,-62,1.95735948534208,0,0,0.640036010742188,1.63,0,-5399.9521484375
100000000000000000000001,1,922125000,0,-47,1.62601963515878,0,0,0.640036010742188,1.63,0,-5399.9521484375
100000000000000000000004,1,922125000,0,-49,0.417242774304895,0,0,0.640036010742188,1.63,0,-5399.9521484375
100000000000000000000003,1,922125000,0,-46,5.04986475371953,0,0,0.640036010742188,1.63,0,-5399.9521484375
100000000000000000000000,1,922125000,0,-57,5.15417544729575,0,0,0.640036010742188,1.63,0,-5399.9521484375
100000000000000000000002,1,922125000,0,-45.5,3.65087427516783,0,0,0.640036010742188,1.63,0,-5399.9521484375
100000000000000000000001,1,922125000,0,-47,1.61988371200724,0,0,0.640036010742188,1.63,0,-5399.9521484375
100000000000000000000003,1,922125000,0,-46,5.0744084463257,0,0,0.640036010742188,1.63,0,-5399.9521484375
100000000000000000000002,1,922125000,0,-45.5,3.65087427516783,0,0,0.640036010742188,1.63,0,-5399.9521484375
100000000000000000000005,1,922125000,0,-62,1.93895171588745,0,0,0.640036010742188,1.63,0,-5399.9521484375
100000000000000000000004,1,922125000,0,-49,0.398835004850267,0,0,0.640036010742188,1.63,0,-5399.9521484375
100000000000000000000000,1,922125000,0,-57,5.14190360099267,0,0,0.640036010742188,1.63,0,-5399.9521484375
100000000000000000000002,1,922125000,0,-45.5,3.64473835201628,0,0,0.640036010742188,1.63,0,-5399.9521484375
100000000000000000000005,1,922125000,0,-62,1.96349540849362,0,0,0.640036010742188,1.63,0,-5399.9521484375
100000000000000000000003,1,922125000,0,-46,5.06213660002262,0,0,0.640036010742188,1.63,0,-5399.9521484375
100000000000000000000001,1,922125000,0,-47,1.60147594255261,0,0,0.640036010742188,1.63,0,-5399.9521484375
100000000000000000000000,1,922125000,0,-57,5.1173599083865,0,0,0.640036010742188,1.63,0,-5399.9521484375
100000000000000000000004,1,922125000,0,-49,0.417242774304895,0,0,0.640036010742188,1.63,0,-5399.9521484375
100000000000000000000005,1,922125000,0,-62,1.94508763903899,0,0,0.640036010742188,1.63,0,-5399.9521484375
100000000000000000000000,1,922125000,0,-57,5.1173599083865,0,0,0.640036010742188,1.63,0,-5399.9521484375
100000000000000000000002,1,922125000,0,-45.5,3.63860242886474,0,0,0.640036010742188,1.63,0,-5399.9521484375
100000000000000000000004,1,922125000,0,-49,0.411106851153352,0,0,0.640036010742188,1.63,0,-5399.9521484375
100000000000000000000003,1,922125000,0,-46,5.05600067687107,0,0,0.640036010742188,1.63,0,-5399.9521484375
100000000000000000000001,1,922125000,0,-47,1.60761186570415,0,0,0.640036010742188,1.63,0,-5399.9521484375
100000000000000000000000,1,922125000,0,-57,5.10508806208341,0,0,0.640036010742188,1.63,0,-5399.9521484375
100000000000000000000002,1,922125000,0,-45.5,3.68155389092554,0,0,0.640036010742188,1.63,0,-5399.9521484375
100000000000000000000005,1,922125000,0,-61.5,1.96349540849362,0,0,0.640036010742188,1.63,0,-5399.9521484375
100000000000000000000001,1,922125000,0,-47,1.62601963515878,0,0,0.640036010742188,1.63,0,-5399.9521484375
100000000000000000000003,1,922125000,0,-46,5.04372883056799,0,0,0.640036010742188,1.63,0,-5399.9521484375
100000000000000000000004,1,922125000,0,-49,0.380427235395639,0,0,0.640036010742188,1.63,0,-5399.9521484375
100000000000000000000002,1,922125000,0,-45.5,3.64473835201628,0,0,0.640036010742188,1.63,0,-5399.9521484375
100000000000000000000003,1,922125000,0,-46,5.06213660002262,0,0,0.640036010742188,1.63,0,-5399.9521484375
100000000000000000000000,1,922125000,0,-57,5.12349583153804,0,0,0.640036010742188,1.63,0,-5399.9521484375
100000000000000000000001,1,922125000,0,-47,1.60761186570415,0,0,0.640036010742188,1.63,0,-5399.9521484375
100000000000000000000005,1,922125000,0,-61.5,1.95122356219054,0,0,0.640036010742188,1.63,0,-5399.9521484375
100000000000000000000004,1,922125000,0,-49,0.404970928001809,0,0,0.640036010742188,1.63,0,-5399.9521484375
100000000000000000000004,1,922125000,0,-49,0.429514620607979,0,0,0.640036010742188,1.63,0,-5399.9521484375
100000000000000000000000,1,922125000,0,-57,5.16644729359884,0,0,0.640036010742188,1.63,0,-5399.9521484375
100000000000000000000003,1,922125000,0,-46,5.06213660002262,0,0,0.640036010742188,1.63,0,-5399.9521484375
100000000000000000000005,1,922125000,0,-62,1.95122356219054,0,0,0.640036010742188,1.63,0,-5399.9521484375
100000000000000000000001,1,922125000,0,-47,1.61374778885569,0,0,0.640036010742188,1.63,0,-5399.9521484375
100000000000000000000002,1,922125000,0,-46,3.66314612147091,0,0,0.640036010742188,1.63,0,-5399.9521484375
100000000000000000000003,1,922125000,0,-46,5.08054436947724,0,0,0.640036010742188,1.63,0,-5399.9521484375
100000000000000000000002,1,922125000,0,-45.5,3.6324665057132,0,0,0.640036010742188,1.63,0,-5399.9521484375
100000000000000000000001,1,922125000,0,-47,1.61374778885569,0,0,0.640036010742188,1.63,0,-5399.9521484375
100000000000000000000005,1,922125000,0,-62,1.92054394643282,0,0,0.640036010742188,1.63,0,-5399.9521484375
100000000000000000000000,1,922125000,0,-57,5.15417544729575,0,0,0.640036010742188,1.63,0,-5399.9521484375
100000000000000000000004,1,922125000,0,-49,0.411106851153352,0,0,0.640036010742188,1.63,0,-5399.9521484375
100000000000000000000003,1,922125000,0,-46,5.03759290741645,0,0,0.640036010742188,1.63,0,-5399.9521484375
100000000000000000000005,1,922125000,0,-62,1.98190317794825,0,0,0.640036010742188,1.63,0,-5399.9521484375
100000000000000000000002,1,922125000,0,-45.5,3.63860242886474,0,0,0.640036010742188,1.63,0,-5399.9521484375
100000000000000000000000,1,922125000,0,-57,5.12349583153804,0,0,0.640036010742188,1.63,0,-5399.9521484375
100000000000000000000004,1,922125000,0,-49,0.411106851153352,0,0,0.640036010742188,1.63,0,-5399.9521484375
100000000000000000000001,1,922125000,0,-47,1.58920409624952,0,0,0.640036010742188,1.63,0,-5399.9521484375
100000000000000000000003,1,922125000,0,-46,5.06827252317416,0,0,0.640036010742188,1.63,0,-5399.9521484375
100000000000000000000002,1,922125000,0,-45.5,3.65701019831937,0,0,0.640036010742188,1.63,0,-5399.9521484375
100000000000000000000001,1,922125000,0,-47,1.61374778885569,0,0,0.640036010742188,1.63,0,-5399.9521484375
100000000000000000000004,1,922125000,0,-49,0.429514620607979,0,0,0.640036010742188,1.63,0,-5399.9521484375
100000000000000000000000,1,922125000,0,-57,5.13576767784113,0,0,0.640036010742188,1.63,0,-5399.9521484375
100000000000000000000005,1,922125000,0,-62,1.95122356219054,0,0,0.640036010742188,1.63,0,-5399.9521484375
100000000000000000000005,1,922125000,0,-61.5,1.97576725479671,0,0,0.640036010742188,1.63,0,-5399.9521484375
100000000000000000000004,1,922125000,0,-49,0.404970928001809,0,0,0.640036010742188,1.63,0,-5399.9521484375
100000000000000000000003,1,922125000,0,-46,5.04372883056799,0,0,0.640036010742188,1.63,0,-5399.9521484375
100000000000000000000001,1,922125000,0,-47,1.61988371200724,0,0,0.640036010742188,1.63,0,-5399.9521484375
100000000000000000000000,1,922125000,0,-57,5.13576767784113,0,0,0.640036010742188,1.63,0,-5399.9521484375
100000000000000000000002,1,922125000,0,-45.5,3.64473835201628,0,0,0.640036010742188,1.63,0,-5399.9521484375
100000000000000000000002,1,922125000,0,-45.5,3.65701019831937,0,0,0.640036010742188,1.63,0,-5399.9521484375
100000000000000000000003,1,922125000,0,-46,5.03759290741645,0,0,0.640036010742188,1.63,0,-5399.9521484375
100000000000000000000001,1,922125000,0,-47,1.60147594255261,0,0,0.640036010742188,1.63,0,-5399.9521484375
100000000000000000000005,1,922125000,0,-62,1.93895171588745,0,0,0.640036010742188,1.63,0,-5399.9521484375
100000000000000000000004,1,922125000,0,-49,0.392699081698725,0,0,0.640036010742188,1.63,0,-5399.9521484375
100000000000000000000000,1,922125000,0,-57,5.11122398523496,0,0,0.640036010742188,1.63,0,-5399.9521484375
100000000000000000000000,1,922125000,0,-57,5.15417544729575,0,0,0.640036010742188,1.63,0,-5399.9521484375
100000000000000000000003,1,922125000,0,-46,5.05600067687107,0,0,0.640036010742188,1.63,0,-5399.9521484375
100000000000000000000005,1,922125000,0,-62,1.92054394643282,0,0,0.640036010742188,1.63,0,-5399.9521484375
100000000000000000000001,1,922125000,0,-47,1.60761186570415,0,0,0.640036010742188,1.63,0,-5399.9521484375
100000000000000000000002,1,922125000,0,-45.5,3.64473835201628,0,0,0.640036010742188,1.63,0,-5399.9521484375
100000000000000000000004,1,922125000,0,-49,0.411106851153352,0,0,0.640036010742188,1.63,0,-5399.9521484375
100000000000000000000001,1,922125000,0,-47,1.61988371200724,0,0,0.640036010742188,1.63,0,-5399.9521484375
100000000000000000000005,1,922125000,0,-62,1.95735948534208,0,0,0.640036010742188,1.63,0,-5399.9521484375
100000000000000000000000,1,922125000,0,-57,5.12349583153804,0,0,0.640036010742188,1.63,0,-5399.9521484375
100000000000000000000003,1,922125000,0,-46,5.06213660002262,0,0,0.640036010742188,1.63,0,-5399.9521484375
100000000000000000000004,1,922125000,0,-49,0.411106851153352,0,0,0.640036010742188,1.63,0,-5399.9521484375
100000000000000000000002,1,922125000,0,-45.5,3.65701019831937,0,0,0.640036010742188,1.63,0,-5399.9521484375
100000000000000000000004,1,922125000,0,-49,0.392699081698725,0,0,0.640036010742188,1.63,0,-5399.9521484375
100000000000000000000003,1,922125000,0,-46,5.04372883056799,0,0,0.640036010742188,1.63,0,-5399.9521484375
100000000000000000000000,1,922125000,0,-57,5.14190360099267,0,0,0.640036010742188,1.63,0,-5399.9521484375
100000000000000000000002,1,922125000,0,-45.5,3.64473835201628,0,0,0.640036010742188,1.63,0,-5399.9521484375
100000000000000000000001,1,922125000,0,-47,1.60761186570415,0,0,0.640036010742188,1.63,0,-5399.9521484375
100000000000000000000005,1,922125000,0,-62.5,1.98803910109979,0,0,0.640036010742188,1.63,0,-5399.9521484375
100000000000000000000004,1,922125000,0,-49,0.404970928001809,0,0,0.640036010742188,1.63,0,-5399.9521484375
100000000000000000000005,1,922125000,0,-61.5,2.01258279370596,0,0,0.640036010742188,1.63,0,-5399.9521484375
100000000000000000000001,1,922125000,0,-47,1.61374778885569,0,0,0.640036010742188,1.63,0,-5399.9521484375
100000000000000000000002,1,922125000,0,-45.5,3.65701019831937,0,0,0.640036010742188,1.63,0,-5399.9521484375
100000000000000000000003,1,922125000,0,-46,5.06213660002262,0,0,0.640036010742188,1.63,0,-5399.9521484375
100000000000000000000000,1,922125000,0,-57,5.11122398523496,0,0,0.640036010742188,1.63,0,-5399.9521484375
100000000000000000000001,1,922125000,0,-47,1.60147594255261,0,0,0.640036010742188,1.63,0,-5399.9521484375
100000000000000000000004,1,922125000,0,-49,0.429514620607979,0,0,0.640036010742188,1.63,0,-5399.9521484375
100000000000000000000002,1,922125000,0,-45.5,3.66928204462245,0,0,0.640036010742188,1.63,0,-5399.9521484375
100000000000000000000003,1,922125000,0,-46,5.0744084463257,0,0,0.640036010742188,1.63,0,-5399.9521484375
100000000000000000000000,1,922125000,0,-57,5.10508806208341,0,0,0.640036010742188,1.63,0,-5399.9521484375
100000000000000000000005,1,922125000,0,-61.5,1.92667986958437,0,0,0.640036010742188,1.63,0,-5399.9521484375
100000000000000000000005,1,922125000,0,-61.5,1.86532063806894,0,0,0.640036010742188,1.63,0,-5399.9521484375
100000000000000000000001,1,922125000,0,-47,1.61988371200724,0,0,0.640036010742188,1.63,0,-5399.9521484375
100000000000000000000002,1,922125000,0,-45.5,3.65701019831937,0,0,0.640036010742188,1.63,0,-5399.9521484375
100000000000000000000004,1,922125000,0,-49,0.404970928001809,0,0,0.640036010742188,1.63,0,-5399.9521484375
100000000000000000000003,1,922125000,0,-46,5.05600067687107,0,0,0.640036010742188,1.63,0,-5399.9521484375
100000000000000000000000,1,922125000,0,-57,5.12963175468958,0,0,0.640036010742188,1.63,0,-5399.9521484375
100000000000000000000001,1,922125000,0,-47,1.61374778885569,0,0,0.640036010742188,1.63,0,-5399.9521484375
100000000000000000000003,1,922125000,0,-46,5.04986475371953,0,0,0.640036010742188,1.63,0,-5399.9521484375
100000000000000000000004,1,922125000,0,-49,0.404970928001809,0,0,0.640036010742188,1.63,0,-5399.9521484375
100000000000000000000000,1,922125000,0,-57,5.14190360099267,0,0,0.640036010742188,1.63,0,-5399.9521484375
100000000000000000000002,1,922125000,0,-45.5,3.65087427516783,0,0,0.640036010742188,1.63,0,-5399.9521484375
100000000000000000000005,1,922125000,0,-62,1.96963133164516,0,0,0.640036010742188,1.63,0,-5399.9521484375
100000000000000000000003,1,922125000,0,-46,5.03759290741645,0,0,0.640036010742188,1.63,0,-5399.9521484375
100000000000000000000002,1,922125000,0,-45.5,3.65087427516783,0,0,0.640036010742188,1.63,0,-5399.9521484375
100000000000000000000001,1,922125000,0,-47,1.62601963515878,0,0,0.640036010742188,1.63,0,-5399.9521484375
100000000000000000000005,1,922125000,0,-62,1.98190317794825,0,0,0.640036010742188,1.63,0,-5399.9521484375
100000000000000000000004,1,922125000,0,-49,0.404970928001809,0,0,0.640036010742188,1.63,0,-5399.9521484375
100000000000000000000000,1,922125000,0,-57,5.1603113704473,0,0,0.640036010742188,1.63,0,-5399.9521484375
100000000000000000000002,1,922125000,0,-45.5,3.63860242886474,0,0,0.640036010742188,1.63,0,-5399.9521484375
100000000000000000000003,1,922125000,0,-46,5.06213660002262,0,0,0.640036010742188,1.63,0,-5399.9521484375
100000000000000000000000,1,922125000,0,-57,5.11122398523496,0,0,0.640036010742188,1.63,0,-5399.9521484375
100000000000000000000005,1,922125000,0,-61.5,1.91440802328128,0,0,0.640036010742188,1.63,0,-5399.9521484375
100000000000000000000001,1,922125000,0,-47,1.61988371200724,0,0,0.640036010742188,1.63,0,-5399.9521484375
100000000000000000000004,1,922125000,0,-49,0.417242774304895,0,0,0.640036010742188,1.63,0,-5399.9521484375
100000000000000000000002,1,922125000,0,-45.5,3.64473835201628,0,0,0.640036010742188,1.63,0,-5399.9521484375
100000000000000000000000,1,922125000,0,-57,5.09895213893187,0,0,0.640036010742188,1.63,0,-5399.9521484375
100000000000000000000003,1,922125000,0,-46,5.05600067687107,0,0,0.640036010742188,1.63,0,-5399.9521484375
100000000000000000000004,1,922125000,0,-49,0.417242774304895,0,0,0.640036010742188,1.63,0,-5399.9521484375
100000000000000000000001,1,922125000,0,-47,1.61988371200724,0,0,0.640036010742188,1.63,0,-5399.9521484375
100000000000000000000005,1,922125000,0,-62,2.00644687055442,0,0,0.640036010742188,1.63,0,-5399.9521484375
100000000000000000000003,1,922125000,0,-46,5.04372883056799,0,0,0.640036010742188,1.63,0,-5399.9521484375
100000000000000000000004,1,922125000,0,-49,0.417242774304895,0,0,0.640036010742188,1.63,0,-5399.9521484375
100000000000000000000002,1,922125000,0,-45.5,3.64473835201628,0,0,0.640036010742188,1.63,0,-5399.9521484375
100000000000000000000005,1,922125000,0,-62,1.92667986958437,0,0,0.640036010742188,1.63,0,-5399.9521484375
100000000000000000000000,1,922125000,0,-57,5.09895213893187,0,0,0.640036010742188,1.63,0,-5399.9521484375
100000000000000000000001,1,922125000,0,-47,1.58306817309798,0,0,0.640036010742188,1.63,0,-5399.9521484375
100000000000000000000000,1,922125000,0,-57,5.11122398523496,0,0,0.640036010742188,1.63,0,-5399.9521484375
100000000000000000000004,1,922125000,0,-49,0.380427235395639,0,0,0.640036010742188,1.63,0,-5399.9521484375
100000000000000000000002,1,922125000,0,-45.5,3.65087427516783,0,0,0.640036010742188,1.63,0,-5399.9521484375
100000000000000000000005,1,922125000,0,-62,1.98190317794825,0,0,0.640036010742188,1.63,0,-5399.9521484375
100000000000000000000003,1,922125000,0,-46,5.04372883056799,0,0,0.640036010742188,1.63,0,-5399.9521484375
100000000000000000000001,1,922125000,0,-47,1.60761186570415,0,0,0.640036010742188,1.63,0,-5399.9521484375
100000000000000000000002,1,922125000,0,-45.5,3.65701019831937,0,0,0.640036010742188,1.63,0,-5399.9521484375
100000000000000000000005,1,922125000,0,-61.5,2.03099056316059,0,0,0.640036010742188,1.63,0,-5399.9521484375
100000000000000000000004,1,922125000,0,-49,0.398835004850267,0,0,0.640036010742188,1.63,0,-5399.9521484375
100000000000000000000000,1,922125000,0,-57,5.15417544729575,0,0,0.640036010742188,1.63,0,-5399.9521484375
100000000000000000000001,1,922125000,0,-47,1.61374778885569,0,0,0.640036010742188,1.63,0,-5399.9521484375
100000000000000000000003,1,922125000,0,-46,5.0314569842649,0,0,0.640036010742188,1.63,0,-5399.9521484375
100000000000000000000003,1,922125000,0,-46,5.06213660002262,0,0,0.640036010742188,1.63,0,-5399.9521484375
100000000000000000000000,1,922125000,0,-57,5.17871913990192,0,0,0.640036010742188,1.63,0,-5399.9521484375
100000000000000000000002,1,922125000,0,-45.5,3.66928204462245,0,0,0.640036010742188,1.63,0,-5399.9521484375
100000000000000000000005,1,922125000,0,-62,1.93895171588745,0,0,0.640036010742188,1.63,0,-5399.9521484375
100000000000000000000001,1,922125000,0,-47,1.59534001940107,0,0,0.640036010742188,1.63,0,-5399.9521484375
100000000000000000000004,1,922125000,0,-49,0.423378697456437,0,0,0.640036010742188,1.63,0,-5399.9521484375
100000000000000000000003,1,922125000,0,-46,5.05600067687107,0,0,0.640036010742188,1.63,0,-5399.9521484375
100000000000000000000002,1,922125000,0,-45.5,3.65087427516783,0,0,0.640036010742188,1.63,0,-5399.9521484375
100000000000000000000005,1,922125000,0,-62,1.98190317794825,0,0,0.640036010742188,1.63,0,-5399.9521484375
100000000000000000000001,1,922125000,0,-47,1.62601963515878,0,0,0.640036010742188,1.63,0,-5399.9521484375
100000000000000000000004,1,922125000,0,-49,0.411106851153352,0,0,0.640036010742188,1.63,0,-5399.9521484375
100000000000000000000000,1,922125000,0,-57,5.12349583153804,0,0,0.640036010742188,1.63,0,-5399.9521484375
100000000000000000000001,1,922125000,0,-47,1.58920409624952,0,0,0.640036010742188,1.63,0,-5399.9521484375
100000000000000000000005,1,922125000,0,-62,1.91440802328128,0,0,0.640036010742188,1.63,0,-5399.9521484375
100000000000000000000000,1,922125000,0,-57,5.12349583153804,0,0,0.640036010742188,1.63,0,-5399.9521484375
100000000000000000000003,1,922125000,0,-46,5.08668029262879,0,0,0.640036010742188,1.63,0,-5399.9521484375
100000000000000000000004,1,922125000,0,-49,0.411106851153352,0,0,0.640036010742188,1.63,0,-5399.9521484375
100000000000000000000002,1,922125000,0,-46,3.6324665057132,0,0,0.640036010742188,1.63,0,-5399.9521484375
100000000000000000000004,1,922125000,0,-49,0.411106851153352,0,0,0.640036010742188,1.63,0,-5399.9521484375
100000000000000000000003,1,922125000,0,-46,5.06213660002262,0,0,0.640036010742188,1.63,0,-5399.9521484375
100000000000000000000000,1,922125000,0,-57,5.06213660002262,0,0,0.640036010742188,1.63,0,-5399.9521484375
100000000000000000000005,1,922125000,0,-61.5,1.88372840752357,0,0,0.640036010742188,1.63,0,-5399.9521484375
100000000000000000000002,1,922125000,0,-45.5,3.66314612147091,0,0,0.640036010742188,1.63,0,-5399.9521484375
100000000000000000000001,1,922125000,0,-47,1.61374778885569,0,0,0.640036010742188,1.63,0,-5399.9521484375
100000000000000000000000,1,922125000,0,-57,5.1603113704473,0,0,0.640036010742188,1.63,0,-5399.9521484375
100000000000000000000005,1,922125000,0,-62,2.05553425576676,0,0,0.640036010742188,1.63,0,-5399.9521484375
100000000000000000000001,1,922125000,0,-47,1.58920409624952,0,0,0.640036010742188,1.63,0,-5399.9521484375
100000000000000000000003,1,922125000,0,-46,5.0744084463257,0,0,0.640036010742188,1.63,0,-5399.9521484375
100000000000000000000002,1,922125000,0,-45.5,3.65087427516783,0,0,0.640036010742188,1.63,0,-5399.9521484375
100000000000000000000004,1,922125000,0,-49,0.398835004850267,0,0,0.640036010742188,1.63,0,-5399.9521484375
100000000000000000000003,1,922125000,0,-46,5.04986475371953,0,0,0.640036010742188,1.63,0,-5399.9521484375
100000000000000000000001,1,922125000,0,-47,1.62601963515878,0,0,0.640036010742188,1.63,0,-5399.9521484375
100000000000000000000000,1,922125000,0,-57,5.14803952414421,0,0,0.640036010742188,1.63,0,-5399.9521484375
100000000000000000000005,1,922125000,0,-62,1.87759248437203,0,0,0.640036010742188,1.63,0,-5399.9521484375
100000000000000000000002,1,922125000,0,-45.5,3.63860242886474,0,0,0.640036010742188,1.63,0,-5399.9521484375
100000000000000000000004,1,922125000,0,-49,0.417242774304895,0,0,0.640036010742188,1.63,0,-5399.9521484375
100000000000000000000000,1,922125000,0,-57,5.13576767784113,0,0,0.640036010742188,1.63,0,-5399.9521484375
100000000000000000000005,1,922125000,0,-62,1.87145656122048,0,0,0.640036010742188,1.63,0,-5399.9521484375
100000000000000000000002,1,922125000,0,-45.5,3.64473835201628,0,0,0.640036010742188,1.63,0,-5399.9521484375
100000000000000000000004,1,922125000,0,-49,0.392699081698725,0,0,0.640036010742188,1.63,0,-5399.9521484375
100000000000000000000001,1,922125000,0,-47,1.5707963267949,0,0,0.640036010742188,1.63,0,-5399.9521484375
100000000000000000000003,1,922125000,0,-46,5.06827252317416,0,0,0.640036010742188,1.63,0,-5399.9521484375
100000000000000000000001,1,922125000,0,-47,1.58306817309798,0,0,0.640036010742188,1.63,0,-5399.9521484375
100000000000000000000002,1,922125000,0,-45.5,3.64473835201628,0,0,0.640036010742188,1.63,0,-5399.9521484375
100000000000000000000003,1,922125000,0,-46,5.04986475371953,0,0,0.640036010742188,1.63,0,-5399.9521484375
100000000000000000000000,1,922125000,0,-57,5.12349583153804,0,0,0.640036010742188,1.63,0,-5399.9521484375
100000000000000000000004,1,922125000,0,-49,0.386563158547181,0,0,0.640036010742188,1.63,0,-5399.9521484375
100000000000000000000005,1,922125000,0,-62,1.95735948534208,0,0,0.640036010742188,1.63,0,-5399.9521484375
100000000000000000000000,1,922125000,0,-57,5.14190360099267,0,0,0.640036010742188,1.63,0,-5399.9521484375
100000000000000000000004,1,922125000,0,-49,0.423378697456437,0,0,0.640036010742188,1.63,0,-5399.9521484375
100000000000000000000003,1,922125000,0,-46,5.04986475371953,0,0,0.640036010742188,1.63,0,-5399.9521484375
100000000000000000000002,1,922125000,0,-45.5,3.64473835201628,0,0,0.640036010742188,1.63,0,-5399.9521484375
100000000000000000000005,1,922125000,0,-62,1.93281579273591,0,0,0.640036010742188,1.63,0,-5399.9521484375
100000000000000000000001,1,922125000,0,-47,1.60761186570415,0,0,0.640036010742188,1.63,0,-5399.9521484375
100000000000000000000002,1,922125000,0,-45.5,3.65087427516783,0,0,0.640036010742188,1.63,0,-5399.9521484375
100000000000000000000003,1,922125000,0,-46,5.05600067687107,0,0,0.640036010742188,1.63,0,-5399.9521484375
100000000000000000000005,1,922125000,0,-62,1.96963133164516,0,0,0.640036010742188,1.63,0,-5399.9521484375
100000000000000000000004,1,922125000,0,-49,0.423378697456437,0,0,0.640036010742188,1.63,0,-5399.9521484375
100000000000000000000001,1,922125000,0,-47,1.5707963267949,0,0,0.640036010742188,1.63,0,-5399.9521484375
100000000000000000000000,1,922125000,0,-56.5,5.11122398523496,0,0,0.640036010742188,1.63,0,-5399.9521484375
100000000000000000000002,1,922125000,0,-45.5,3.62633058256166,0,0,0.640036010742188,1.63,0,-5399.9521484375
100000000000000000000004,1,922125000,0,-48.5,0.404970928001809,0,0,0.640036010742188,1.63,0,-5399.9521484375
100000000000000000000003,1,922125000,0,-46,5.02532106111336,0,0,0.640036010742188,1.63,0,-5399.9521484375
100000000000000000000000,1,922125000,0,-57,5.14803952414421,0,0,0.640036010742188,1.63,0,-5399.9521484375
100000000000000000000005,1,922125000,0,-62,2.01258279370596,0,0,0.640036010742188,1.63,0,-5399.9521484375
100000000000000000000001,1,922125000,0,-47,1.59534001940107,0,0,0.640036010742188,1.63,0,-5399.9521484375
100000000000000000000004,1,922125000,0,-49,0.411106851153352,0,0,0.640036010742188,1.63,0,-5399.9521484375
100000000000000000000005,1,922125000,0,-62,1.95735948534208,0,0,0.640036010742188,1.63,0,-5399.9521484375
100000000000000000000002,1,922125000,0,-45.5,3.675417967774,0,0,0.640036010742188,1.63,0,-5399.9521484375
100000000000000000000003,1,922125000,0,-46,5.03759290741645,0,0,0.640036010742188,1.63,0,-5399.9521484375
100000000000000000000001,1,922125000,0,-47,1.60761186570415,0,0,0.640036010742188,1.63,0,-5399.9521484375
100000000000000000000000,1,922125000,0,-57,5.10508806208341,0,0,0.640036010742188,1.63,0,-5399.9521484375
100000000000000000000002,1,922125000,0,-45.5,3.675417967774,0,0,0.640036010742188,1.63,0,-5399.9521484375
100000000000000000000005,1,922125000,0,-62,1.94508763903899,0,0,0.640036010742188,1.63,0,-5399.9521484375
100000000000000000000000,1,922125000,0,-57,5.14190360099267,0,0,0.640036010742188,1.63,0,-5399.9521484375
100000000000000000000003,1,922125000,0,-46,5.04372883056799,0,0,0.640036010742188,1.63,0,-5399.9521484375
100000000000000000000001,1,922125000,0,-47,1.60761186570415,0,0,0.640036010742188,1.63,0,-5399.9521484375
100000000000000000000004,1,922125000,0,-49,0.417242774304895,0,0,0.640036010742188,1.63,0,-5399.9521484375
100000000000000000000004,1,922125000,0,-48.5,0.398835004850267,0,0,0.640036010742188,1.63,0,-5399.9521484375
100000000000000000000003,1,922125000,0,-46,5.02532106111336,0,0,0.640036010742188,1.63,0,-5399.9521484375
100000000000000000000001,1,922125000,0,-47,1.61374778885569,0,0,0.640036010742188,1.63,0,-5399.9521484375
100000000000000000000002,1,922125000,0,-45.5,3.65701019831937,0,0,0.640036010742188,1.63,0,-5399.9521484375
100000000000000000000005,1,922125000,0,-62,1.98190317794825,0,0,0.640036010742188,1.63,0,-5399.9521484375
100000000000000000000000,1,922125000,0,-57.5,5.14190360099267,0,0,0.640036010742188,1.63,0,-5399.9521484375
100000000000000000000005,1,922125000,0,-62,1.96963133164516,0,0,0.640036010742188,1.63,0,-5399.9521484375
100000000000000000000001,1,922125000,0,-47,1.59534001940107,0,0,0.640036010742188,1.63,0,-5399.9521484375
100000000000000000000000,1,922125000,0,-57,5.10508806208341,0,0,0.640036010742188,1.63,0,-5399.9521484375
100000000000000000000004,1,922125000,0,-49,0.392699081698725,0,0,0.640036010742188,1.63,0,-5399.9521484375
100000000000000000000003,1,922125000,0,-46,5.08668029262879,0,0,0.640036010742188,1.63,0,-5399.9521484375
100000000000000000000002,1,922125000,0,-45.5,3.65701019831937,0,0,0.640036010742188,1.63,0,-5399.9521484375
100000000000000000000002,1,922125000,0,-45.5,3.63860242886474,0,0,0.640036010742188,1.63,0,-5399.9521484375
100000000000000000000001,1,922125000,0,-47,1.61374778885569,0,0,0.640036010742188,1.63,0,-5399.9521484375
100000000000000000000004,1,922125000,0,-49,0.398835004850267,0,0,0.640036010742188,1.63,0,-5399.9521484375
100000000000000000000005,1,922125000,0,-61.5,1.96349540849362,0,0,0.640036010742188,1.63,0,-5399.9521484375
100000000000000000000003,1,922125000,0,-46,5.08668029262879,0,0,0.640036010742188,1.63,0,-5399.9521484375
100000000000000000000000,1,922125000,0,-57,5.09281621578033,0,0,0.640036010742188,1.63,0,-5399.9521484375
100000000000000000000000,1,922125000,0,-57,5.17258321675038,0,0,0.640036010742188,1.63,0,-5399.9521484375
100000000000000000000002,1,922125000,0,-45.5,3.64473835201628,0,0,0.640036010742188,1.63,0,-5399.9521484375
100000000000000000000004,1,922125000,0,-49,0.411106851153352,0,0,0.640036010742188,1.63,0,-5399.9521484375
100000000000000000000001,1,922125000,0,-47,1.61374778885569,0,0,0.640036010742188,1.63,0,-5399.9521484375
100000000000000000000003,1,922125000,0,-46,5.05600067687107,0,0,0.640036010742188,1.63,0,-5399.9521484375
100000000000000000000005,1,922125000,0,-62,2.00031094740288,0,0,0.640036010742188,1.63,0,-5399.9521484375
100000000000000000000003,1,922125000,0,-46,5.0744084463257,0,0,0.640036010742188,1.63,0,-5399.9521484375
100000000000000000000004,1,922125000,0,-49,0.398835004850267,0,0,0.640036010742188,1.63,0,-5399.9521484375
100000000000000000000001,1,922125000,0,-47,1.60147594255261,0,0,0.640036010742188,1.63,0,-5399.9521484375
100000000000000000000002,1,922125000,0,-45.5,3.65701019831937,0,0,0.640036010742188,1.63,0,-5399.9521484375
100000000000000000000000,1,922125000,0,-57,5.15417544729575,0,0,0.640036010742188,1.63,0,-5399.9521484375
100000000000000000000005,1,922125000,0,-61.5,1.93281579273591,0,0,0.640036010742188,1.63,0,-5399.9521484375
100000000000000000000005,1,922125000,0,-62,1.96963133164516,0,0,0.640036010742188,1.63,0,-5399.9521484375
100000000000000000000002,1,922125000,0,-45.5,3.64473835201628,0,0,0.640036010742188,1.63,0,-5399.9521484375
100000000000000000000003,1,922125000,0,-46,5.06213660002262,0,0,0.640036010742188,1.63,0,-5399.9521484375
100000000000000000000001,1,922125000,0,-47,1.61374778885569,0,0,0.640036010742188,1.63,0,-5399.9521484375
100000000000000000000004,1,922125000,0,-49,0.417242774304895,0,0,0.640036010742188,1.63,0,-5399.9521484375
100000000000000000000000,1,922125000,0,-57,5.12963175468958,0,0,0.640036010742188,1.63,0,-5399.9521484375
100000000000000000000002,1,922125000,0,-45.5,3.63860242886474,0,0,0.640036010742188,1.63,0,-5399.9521484375
100000000000000000000005,1,922125000,0,-62,1.93281579273591,0,0,0.640036010742188,1.63,0,-5399.9521484375
100000000000000000000001,1,922125000,0,-47,1.60147594255261,0,0,0.640036010742188,1.63,0,-5399.9521484375
100000000000000000000000,1,922125000,0,-57,5.1603113704473,0,0,0.640036010742188,1.63,0,-5399.9521484375
100000000000000000000003,1,922125000,0,-46,5.06213660002262,0,0,0.640036010742188,1.63,0,-5399.9521484375
100000000000000000000004,1,922125000,0,-49,0.429514620607979,0,0,0.640036010742188,1.63,0,-5399.9521484375
100000000000000000000001,1,922125000,0,-47,1.58306817309798,0,0,0.640036010742188,1.63,0,-5399.9521484375
100000000000000000000004,1,922125000,0,-49,0.423378697456437,0,0,0.640036010742188,1.63,0,-5399.9521484375
100000000000000000000003,1,922125000,0,-46,5.04986475371953,0,0,0.640036010742188,1.63,0,-5399.9521484375
100000000000000000000005,1,922125000,0,-61.5,1.93895171588745,0,0,0.640036010742188,1.63,0,-5399.9521484375
100000000000000000000002,1,922125000,0,-45.5,3.65087427516783,0,0,0.640036010742188,1.63,0,-5399.9521484375
100000000000000000000000,1,922125000,0,-57,5.1603113704473,0,0,0.640036010742188,1.63,0,-5399.9521484375
100000000000000000000004,1,922125000,0,-49,0.411106851153352,0,0,0.640036010742188,1.63,0,-5399.9521484375
100000000000000000000000,1,922125000,0,-57,5.12963175468958,0,0,0.640036010742188,1.63,0,-5399.9521484375
100000000000000000000005,1,922125000,0,-62,1.93281579273591,0,0,0.640036010742188,1.63,0,-5399.9521484375
100000000000000000000002,1,922125000,0,-45.5,3.64473835201628,0,0,0.640036010742188,1.63,0,-5399.9521484375
100000000000000000000003,1,922125000,0,-46,5.06827252317416,0,0,0.640036010742188,1.63,0,-5399.9521484375
100000000000000000000001,1,922125000,0,-47,1.60761186570415,0,0,0.640036010742188,1.63,0,-5399.9521484375
100000000000000000000000,1,922125000,0,-57,5.17258321675038,0,0,0.640036010742188,1.63,0,-5399.9521484375
100000000000000000000003,1,922125000,0,-46.5,5.08668029262879,0,0,0.640036010742188,1.63,0,-5399.9521484375
100000000000000000000005,1,922125000,0,-62,1.96963133164516,0,0,0.640036010742188,1.63,0,-5399.9521484375
100000000000000000000002,1,922125000,0,-45.5,3.66314612147091,0,0,0.640036010742188,1.63,0,-5399.9521484375
100000000000000000000001,1,922125000,0,-47,1.59534001940107,0,0,0.640036010742188,1.63,0,-5399.9521484375
100000000000000000000004,1,922125000,0,-49,0.423378697456437,0,0,0.640036010742188,1.63,0,-5399.9521484375
100000000000000000000005,1,922125000,0,-62,1.93281579273591,0,0,0.640036010742188,1.63,0,-5399.9521484375
100000000000000000000001,1,922125000,0,-47,1.61374778885569,0,0,0.640036010742188,1.63,0,-5399.9521484375
100000000000000000000000,1,922125000,0,-57,5.14803952414421,0,0,0.640036010742188,1.63,0,-5399.9521484375
100000000000000000000004,1,922125000,0,-49,0.411106851153352,0,0,0.640036010742188,1.63,0,-5399.9521484375
100000000000000000000002,1,922125000,0,-45.5,3.63860242886474,0,0,0.640036010742188,1.63,0,-5399.9521484375
100000000000000000000003,1,922125000,0,-46,5.0744084463257,0,0,0.640036010742188,1.63,0,-5399.9521484375
100000000000000000000003,1,922125000,0,-46,5.05600067687107,0,0,0.640036010742188,1.63,0,-5399.9521484375
100000000000000000000000,1,922125000,0,-57,5.14803952414421,0,0,0.640036010742188,1.63,0,-5399.9521484375
100000000000000000000002,1,922125000,0,-45.5,3.66314612147091,0,0,0.640036010742188,1.63,0,-5399.9521484375
100000000000000000000004,1,922125000,0,-49,0.404970928001809,0,0,0.640036010742188,1.63,0,-5399.9521484375
100000000000000000000001,1,922125000,0,-47,1.58920409624952,0,0,0.640036010742188,1.63,0,-5399.9521484375
100000000000000000000005,1,922125000,0,-62,1.92667986958437,0,0,0.640036010742188,1.63,0,-5399.9521484375
100000000000000000000002,1,922125000,0,-45.5,3.65087427516783,0,0,0.640036010742188,1.63,0,-5399.9521484375
100000000000000000000005,1,922125000,0,-62,1.98190317794825,0,0,0.640036010742188,1.63,0,-5399.9521484375
100000000000000000000000,1,922125000,0,-57,5.13576767784113,0,0,0.640036010742188,1.63,0,-5399.9521484375
100000000000000000000004,1,922125000,0,-49,0.417242774304895,0,0,0.640036010742188,1.63,0,-5399.9521484375
100000000000000000000001,1,922125000,0,-47,1.60761186570415,0,0,0.640036010742188,1.63,0,-5399.9521484375
100000000000000000000003,1,922125000,0,-46,5.05600067687107,0,0,0.640036010742188,1.63,0,-5399.9521484375
100000000000000000000005,1,922125000,0,-61.5,1.9021361769782,0,0,0.640036010742188,1.63,0,-5399.9521484375
100000000000000000000000,1,922125000,0,-57,5.15417544729575,0,0,0.640036010742188,1.63,0,-5399.9521484375
100000000000000000000002,1,922125000,0,-45.5,3.63860242886474,0,0,0.640036010742188,1.63,0,-5399.9521484375
100000000000000000000001,1,922125000,0,-47,1.61374778885569,0,0,0.640036010742188,1.63,0,-5399.9521484375
100000000000000000000003,1,922125000,0,-46,5.06213660002262,0,0,0.640036010742188,1.63,0,-5399.9521484375
100000000000000000000004,1,922125000,0,-49,0.417242774304895,0,0,0.640036010742188,1.63,0,-5399.9521484375
100000000000000000000001,1,922125000,0,-47,1.61374778885569,0,0,0.640036010742188,1.63,0,-5399.9521484375
100000000000000000000002,1,922125000,0,-45.5,3.65701019831937,0,0,0.640036010742188,1.63,0,-5399.9521484375
100000000000000000000003,1,922125000,0,-46,5.05600067687107,0,0,0.640036010742188,1.63,0,-5399.9521484375
100000000000000000000005,1,922125000,0,-62,1.98803910109979,0,0,0.640036010742188,1.63,0,-5399.9521484375
100000000000000000000000,1,922125000,0,-57.5,5.09281621578033,0,0,0.640036010742188,1.63,0,-5399.9521484375
100000000000000000000004,1,922125000,0,-49,0.392699081698725,0,0,0.640036010742188,1.63,0,-5399.9521484375
100000000000000000000004,1,922125000,0,-49,0.404970928001809,0,0,0.640036010742188,1.63,0,-5399.9521484375
100000000000000000000002,1,922125000,0,-45.5,3.65701019831937,0,0,0.640036010742188,1.63,0,-5399.9521484375
100000000000000000000005,1,922125000,0,-62,1.98190317794825,0,0,0.640036010742188,1.63,0,-5399.9521484375
100000000000000000000000,1,922125000,0,-57,5.12349583153804,0,0,0.640036010742188,1.63,0,-5399.9521484375
100000000000000000000003,1,922125000,0,-46,5.0314569842649,0,0,0.640036010742188,1.63,0,-5399.9521484375
100000000000000000000001,1,922125000,0,-47,1.60761186570415,0,0,0.640036010742188,1.63,0,-5399.9521484375
100000000000000000000002,1,922125000,0,-45.5,3.65701019831937,0,0,0.640036010742188,1.63,0,-5399.9521484375
100000000000000000000000,1,922125000,0,-57,5.14803952414421,0,0,0.640036010742188,1.63,0,-5399.9521484375
100000000000000000000005,1,922125000,0,-62.5,1.93281579273591,0,0,0.640036010742188,1.63,0,-5399.9521484375
100000000000000000000004,1,922125000,0,-49,0.404970928001809,0,0,0.640036010742188,1.63,0,-5399.9521484375
100000000000000000000001,1,922125000,0,-47,1.55238855734027,0,0,0.640036010742188,1.63,0,-5399.9521484375
100000000000000000000003,1,922125000,0,-46,5.05600067687107,0,0,0.640036010742188,1.63,0,-5399.9521484375
100000000000000000000003,1,922125000,0,-46,5.05600067687107,0,0,0.640036010742188,1.63,0,-5399.9521484375
100000000000000000000001,1,922125000,0,-47,1.58306817309798,0,0,0.640036010742188,1.63,0,-5399.9521484375
100000000000000000000005,1,922125000,0,-62,1.96963133164516,0,0,0.640036010742188,1.63,0,-5399.9521484375
100000000000000000000002,1,922125000,0,-45.5,3.64473835201628,0,0,0.640036010742188,1.63,0,-5399.9521484375
100000000000000000000004,1,922125000,0,-49,0.404970928001809,0,0,0.640036010742188,1.63,0,-5399.9521484375
100000000000000000000000,1,922125000,0,-57,5.12963175468958,0,0,0.640036010742188,1.63,0,-5399.9521484375
100000000000000000000001,1,922125000,0,-47,1.60761186570415,0,0,0.640036010742188,1.63,0,-5399.9521484375
100000000000000000000005,1,922125000,0,-61.5,2.00031094740288,0,0,0.640036010742188,1.63,0,-5399.9521484375
100000000000000000000003,1,922125000,0,-46,5.02532106111336,0,0,0.640036010742188,1.63,0,-5399.9521484375
100000000000000000000002,1,922125000,0,-45.5,3.66314612147091,0,0,0.640036010742188,1.63,0,-5399.9521484375
100000000000000000000004,1,922125000,0,-49,0.417242774304895,0,0,0.640036010742188,1.63,0,-5399.9521484375
100000000000000000000000,1,922125000,0,-57,5.15417544729575,0,0,0.640036010742188,1.63,0,-5399.9521484375
100000000000000000000004,1,922125000,0,-49,0.417242774304895,0,0,0.640036010742188,1.63,0,-5399.9521484375
100000000000000000000001,1,922125000,0,-47,1.61988371200724,0,0,0.640036010742188,1.63,0,-5399.9521484375
100000000000000000000003,1,922125000,0,-46,5.06213660002262,0,0,0.640036010742188,1.63,0,-5399.9521484375
100000000000000000000005,1,922125000,0,-62,1.96349540849362,0,0,0.640036010742188,1.63,0,-5399.9521484375
100000000000000000000000,1,922125000,0,-57,5.1173599083865,0,0,0.640036010742188,1.63,0,-5399.9521484375
100000000000000000000002,1,922125000,0,-45.5,3.65087427516783,0,0,0.640036010742188,1.63,0,-5399.9521484375
100000000000000000000000,1,922125000,0,-57,5.14190360099267,0,0,0.640036010742188,1.63,0,-5399.9521484375
100000000000000000000001,1,922125000,0,-47,1.58306817309798,0,0,0.640036010742188,1.63,0,-5399.9521484375
100000000000000000000004,1,922125000,0,-49,0.429514620607979,0,0,0.640036010742188,1.63,0,-5399.9521484375
100000000000000000000002,1,922125000,0,-45.5,3.64473835201628,0,0,0.640036010742188,1.63,0,-5399.9521484375
100000000000000000000003,1,922125000,0,-46,5.05600067687107,0,0,0.640036010742188,1.63,0,-5399.9521484375
100000000000000000000005,1,922125000,0,-62,1.98803910109979,0,0,0.640036010742188,1.63,0,-5399.9521484375
100000000000000000000004,1,922125000,0,-49,0.404970928001809,0,0,0.640036010742188,1.63,0,-5399.9521484375
100000000000000000000000,1,922125000,0,-57,5.09895213893187,0,0,0.640036010742188,1.63,0,-5399.9521484375
100000000000000000000005,1,922125000,0,-62,1.91440802328128,0,0,0.640036010742188,1.63,0,-5399.9521484375
100000000000000000000002,1,922125000,0,-45.5,3.65087427516783,0,0,0.640036010742188,1.63,0,-5399.9521484375
100000000000000000000001,1,922125000,0,-47,1.61374778885569,0,0,0.640036010742188,1.63,0,-5399.9521484375
100000000000000000000003,1,922125000,0,-46,5.05600067687107,0,0,0.640036010742188,1.63,0,-5399.9521484375
100000000000000000000003,1,922125000,0,-46,5.04986475371953,0,0,0.640036010742188,1.63,0,-5399.9521484375
100000000000000000000002,1,922125000,0,-46,3.63860242886474,0,0,0.640036010742188,1.63,0,-5399.9521484375
100000000000000000000004,1,922125000,0,-49,0.404970928001809,0,0,0.640036010742188,1.63,0,-5399.9521484375
100000000000000000000001,1,922125000,0,-47,1.59534001940107,0,0,0.640036010742188,1.63,0,-5399.9521484375
100000000000000000000005,1,922125000,0,-61.5,1.93281579273591,0,0,0.640036010742188,1.63,0,-5399.9521484375
100000000000000000000000,1,922125000,0,-57,5.18485506305347,0,0,0.640036010742188,1.63,0,-5399.9521484375
100000000000000000000001,1,922125000,0,-47,1.61374778885569,0,0,0.640036010742188,1.63,0,-5399.9521484375
100000000000000000000002,1,922125000,0,-45.5,3.63860242886474,0,0,0.640036010742188,1.63,0,-5399.9521484375
100000000000000000000000,1,922125000,0,-57,5.10508806208341,0,0,0.640036010742188,1.63,0,-5399.9521484375
100000000000000000000005,1,922125000,0,-62,1.93281579273591,0,0,0.640036010742188,1.63,0,-5399.9521484375
100000000000000000000004,1,922125000,0,-49,0.423378697456437,0,0,0.640036010742188,1.63,0,-5399.9521484375
100000000000000000000003,1,922125000,0,-46,5.04986475371953,0,0,0.640036010742188,1.63,0,-5399.9521484375
100000000000000000000000,1,922125000,0,-57,5.12349583153804,0,0,0.640036010742188,1.63,0,-5399.9521484375
100000000000000000000003,1,922125000,0,-46,5.0744084463257,0,0,0.640036010742188,1.63,0,-5399.9521484375
100000000000000000000002,1,922125000,0,-45.5,3.65087427516783,0,0,0.640036010742188,1.63,0,-5399.9521484375
100000000000000000000004,1,922125000,0,-49,0.417242774304895,0,0,0.640036010742188,1.63,0,-5399.9521484375
100000000000000000000005,1,922125000,0,-61.5,1.87759248437203,0,0,0.640036010742188,1.63,0,-5399.9521484375
100000000000000000000001,1,922125000,0,-47,1.58306817309798,0,0,0.640036010742188,1.63,0,-5399.9521484375
100000000000000000000002,1,922125000,0,-45.5,3.675417967774,0,0,0.640036010742188,1.63,0,-5399.9521484375
100000000000000000000001,1,922125000,0,-47,1.58306817309798,0,0,0.640036010742188,1.63,0,-5399.9521484375
100000000000000000000005,1,922125000,0,-62,2.0616701789183,0,0,0.640036010742188,1.63,0,-5399.9521484375
100000000000000000000004,1,922125000,0,-49,0.417242774304895,0,0,0.640036010742188,1.63,0,-5399.9521484375
100000000000000000000000,1,922125000,0,-57,5.14190360099267,0,0,0.640036010742188,1.63,0,-5399.9521484375
100000000000000000000003,1,922125000,0,-46,5.06213660002262,0,0,0.640036010742188,1.63,0,-5399.9521484375
100000000000000000000004,1,922125000,0,-49,0.423378697456437,0,0,0.640036010742188,1.63,0,-5399.9521484375
100000000000000000000003,1,922125000,0,-46,5.06213660002262,0,0,0.640036010742188,1.63,0,-5399.9521484375
100000000000000000000001,1,922125000,0,-47,1.60761186570415,0,0,0.640036010742188,1.63,0,-5399.9521484375
100000000000000000000000,1,922125000,0,-57,5.14190360099267,0,0,0.640036010742188,1.63,0,-5399.9521484375
100000000000000000000002,1,922125000,0,-45.5,3.68768981407708,0,0,0.640036010742188,1.63,0,-5399.9521484375
100000000000000000000005,1,922125000,0,-62,2.00644687055442,0,0,0.640036010742188,1.63,0,-5399.9521484375
100000000000000000000005,1,922125000,0,-62,1.87759248437203,0,0,0.640036010742188,1.63,0,-5399.9521484375
100000000000000000000000,1,922125000,0,-57,5.15417544729575,0,0,0.640036010742188,1.63,0,-5399.9521484375
100000000000000000000002,1,922125000,0,-45.5,3.65087427516783,0,0,0.640036010742188,1.63,0,-5399.9521484375
100000000000000000000004,1,922125000,0,-49,0.441786466911065,0,0,0.640036010742188,1.63,0,-5399.9521484375
100000000000000000000003,1,922125000,0,-46,5.06213660002262,0,0,0.640036010742188,1.63,0,-5399.9521484375
100000000000000000000001,1,922125000,0,-47,1.60147594255261,0,0,0.640036010742188,1.63,0,-5399.9521484375
100000000000000000000000,1,922125000,0,-57,5.05600067687107,0,0,0.640036010742188,1.63,0,-5399.9521484375
100000000000000000000001,1,922125000,0,-47,1.59534001940107,0,0,0.640036010742188,1.63,0,-5399.9521484375
100000000000000000000004,1,922125000,0,-48.5,0.392699081698725,0,0,0.640036010742188,1.63,0,-5399.9521484375
100000000000000000000003,1,922125000,0,-46,5.05600067687107,0,0,0.640036010742188,1.63,0,-5399.9521484375
100000000000000000000005,1,922125000,0,-62,1.98803910109979,0,0,0.640036010742188,1.63,0,-5399.9521484375
100000000000000000000002,1,922125000,0,-45.5,3.66314612147091,0,0,0.640036010742188,1.63,0,-5399.9521484375
100000000000000000000005,1,922125000,0,-62,1.92667986958437,0,0,0.640036010742188,1.63,0,-5399.9521484375
100000000000000000000003,1,922125000,0,-46,5.0744084463257,0,0,0.640036010742188,1.63,0,-5399.9521484375
100000000000000000000001,1,922125000,0,-47,1.60147594255261,0,0,0.640036010742188,1.63,0,-5399.9521484375
100000000000000000000002,1,922125000,0,-46,3.66314612147091,0,0,0.640036010742188,1.63,0,-5399.9521484375
100000000000000000000004,1,922125000,0,-49,0.423378697456437,0,0,0.640036010742188,1.63,0,-5399.9521484375
100000000000000000000000,1,922125000,0,-57,5.12349583153804,0,0,0.640036010742188,1.63,0,-5399.9521484375
100000000000000000000003,1,922125000,0,-46,5.05600067687107,0,0,0.640036010742188,1.63,0,-5399.9521484375
100000000000000000000005,1,922125000,0,-62,1.96349540849362,0,0,0.640036010742188,1.63,0,-5399.9521484375
100000000000000000000001,1,922125000,0,-47,1.60761186570415,0,0,0.640036010742188,1.63,0,-5399.9521484375
100000000000000000000000,1,922125000,0,-57,5.14803952414421,0,0,0.640036010742188,1.63,0,-5399.9521484375
100000000000000000000004,1,922125000,0,-49,0.417242774304895,0,0,0.640036010742188,1.63,0,-5399.9521484375
100000000000000000000002,1,922125000,0,-45.5,3.66314612147091,0,0,0.640036010742188,1.63,0,-5399.9521484375
100000000000000000000001,1,922125000,0,-47,1.61988371200724,0,0,0.640036010742188,1.63,0,-5399.9521484375
100000000000000000000004,1,922125000,0,-49,0.417242774304895,0,0,0.640036010742188,1.63,0,-5399.9521484375
100000000000000000000005,1,922125000,0,-62,1.92054394643282,0,0,0.640036010742188,1.63,0,-5399.9521484375
100000000000000000000003,1,922125000,0,-46,5.04986475371953,0,0,0.640036010742188,1.63,0,-5399.9521484375
100000000000000000000002,1,922125000,0,-45.5,3.64473835201628,0,0,0.640036010742188,1.63,0,-5399.9521484375
100000000000000000000000,1,922125000,0,-57,5.14190360099267,0,0,0.640036010742188,1.63,0,-5399.9521484375
100000000000000000000000,1,922125000,0,-57,5.08054436947724,0,0,0.640036010742188,1.63,0,-5399.9521484375
100000000000000000000004,1,922125000,0,-49,0.417242774304895,0,0,0.640036010742188,1.63,0,-5399.9521484375
100000000000000000000005,1,922125000,0,-62.5,2.01258279370596,0,0,0.640036010742188,1.63,0,-5399.9521484375
100000000000000000000001,1,922125000,0,-47,1.60761186570415,0,0,0.640036010742188,1.63,0,-5399.9521484375
100000000000000000000002,1,922125000,0,-45.5,3.6324665057132,0,0,0.640036010742188,1.63,0,-5399.9521484375
100000000000000000000003,1,922125000,0,-46,5.06213660002262,0,0,0.640036010742188,1.63,0,-5399.9521484375
100000000000000000000004,1,922125000,0,-49,0.423378697456437,0,0,0.640036010742188,1.63,0,-5399.9521484375
100000000000000000000003,1,922125000,0,-46,5.04986475371953,0,0,0.640036010742188,1.63,0,-5399.9521484375
100000000000000000000001,1,922125000,0,-47,1.60147594255261,0,0,0.640036010742188,1.63,0,-5399.9521484375
100000000000000000000002,1,922125000,0,-45.5,3.64473835201628,0,0,0.640036010742188,1.63,0,-5399.9521484375
100000000000000000000000,1,922125000,0,-57,5.17258321675038,0,0,0.640036010742188,1.63,0,-5399.9521484375
100000000000000000000005,1,922125000,0,-62,1.95735948534208,0,0,0.640036010742188,1.63,0,-5399.9521484375
100000000000000000000003,1,922125000,0,-46,5.06827252317416,0,0,0.640036010742188,1.63,0,-5399.9521484375
100000000000000000000002,1,922125000,0,-45.5,3.63860242886474,0,0,0.640036010742188,1.63,0,-5399.9521484375
100000000000000000000005,1,922125000,0,-62,1.84077694546277,0,0,0.640036010742188,1.63,0,-5399.9521484375
100000000000000000000001,1,922125000,0,-47,1.60147594255261,0,0,0.640036010742188,1.63,0,-5399.9521484375
100000000000000000000000,1,922125000,0,-57,5.1603113704473,0,0,0.640036010742188,1.63,0,-5399.9521484375
100000000000000000000004,1,922125000,0,-49,0.411106851153352,0,0,0.640036010742188,1.63,0,-5399.9521484375
100000000000000000000001,1,922125000,0,-47,1.61374778885569,0,0,0.640036010742188,1.63,0,-5399.9521484375
100000000000000000000004,1,922125000,0,-49,0.423378697456437,0,0,0.640036010742188,1.63,0,-5399.9521484375
100000000000000000000002,1,922125000,0,-45.5,3.6324665057132,0,0,0.640036010742188,1.63,0,-5399.9521484375
100000000000000000000003,1,922125000,0,-46,5.0744084463257,0,0,0.640036010742188,1.63,0,-5399.9521484375
100000000000000000000005,1,922125000,0,-61.5,1.96963133164516,0,0,0.640036010742188,1.63,0,-5399.9521484375
100000000000000000000000,1,922125000,0,-57,5.14190360099267,0,0,0.640036010742188,1.63,0,-5399.9521484375
100000000000000000000001,1,922125000,0,-47,1.58920409624952,0,0,0.640036010742188,1.63,0,-5399.9521484375
100000000000000000000004,1,922125000,0,-49,0.411106851153352,0,0,0.640036010742188,1.63,0,-5399.9521484375
100000000000000000000003,1,922125000,0,-46,5.05600067687107,0,0,0.640036010742188,1.63,0,-5399.9521484375
100000000000000000000000,1,922125000,0,-57,5.17871913990192,0,0,0.640036010742188,1.63,0,-5399.9521484375
100000000000000000000005,1,922125000,0,-61.5,1.93895171588745,0,0,0.640036010742188,1.63,0,-5399.9521484375
100000000000000000000002,1,922125000,0,-45.5,3.66928204462245,0,0,0.640036010742188,1.63,0,-5399.9521484375
100000000000000000000000,1,922125000,0,-57,5.17871913990192,0,0,0.640036010742188,1.63,0,-5399.9521484375
100000000000000000000004,1,922125000,0,-49,0.380427235395639,0,0,0.640036010742188,1.63,0,-5399.9521484375
100000000000000000000001,1,922125000,0,-47,1.60761186570415,0,0,0.640036010742188,1.63,0,-5399.9521484375
100000000000000000000002,1,922125000,0,-45.5,3.63860242886474,0,0,0.640036010742188,1.63,0,-5399.9521484375
100000000000000000000003,1,922125000,0,-46,5.06213660002262,0,0,0.640036010742188,1.63,0,-5399.9521484375
100000000000000000000005,1,922125000,0,-62.5,1.87145656122048,0,0,0.640036010742188,1.63,0,-5399.9521484375
100000000000000000000002,1,922125000,0,-45.5,3.65087427516783,0,0,0.640036010742188,1.63,0,-5399.9521484375
100000000000000000000004,1,922125000,0,-49,0.411106851153352,0,0,0.640036010742188,1.63,0,-5399.9521484375
100000000000000000000001,1,922125000,0,-47,1.58920409624952,0,0,0.640036010742188,1.63,0,-5399.9521484375
100000000000000000000000,1,922125000,0,-57,5.14190360099267,0,0,0.640036010742188,1.63,0,-5399.9521484375
100000000000000000000005,1,922125000,0,-61.5,1.98190317794825,0,0,0.640036010742188,1.63,0,-5399.9521484375
100000000000000000000003,1,922125000,0,-46,5.06213660002262,0,0,0.640036010742188,1.63,0,-5399.9521484375
100000000000000000000005,1,922625000,0,-62.5,2.30097118182846,0,0,0.640036010742188,1.63,0,-5399.9521484375
100000000000000000000003,1,922625000,0,-46,5.31370944923586,0,0,0.640036010742188,1.63,0,-5399.9521484375
100000000000000000000002,1,922625000,0,-46,3.86563158547182,0,0,0.640036010742188,1.63,0,-5399.9521484375
100000000000000000000004,1,922625000,0,-49,0.576776776245001,0,0,0.640036010742188,1.63,0,-5399.9521484375
100000000000000000000000,1,922625000,0,-57,5.27075798717506,0,0,0.640036010742188,1.63,0,-5399.9521484375
100000000000000000000001,1,922625000,0,-46.5,1.82850509915968,0,0,0.640036010742188,1.63,0,-5399.9521484375
100000000000000000000001,1,922625000,0,-46.5,1.81009732970506,0,0,0.640036010742188,1.63,0,-5399.9521484375
100000000000000000000004,1,922625000,0,-49,0.570640853093458,0,0,0.640036010742188,1.63,0,-5399.9521484375
100000000000000000000002,1,922625000,0,-46,3.85949566232027,0,0,0.640036010742188,1.63,0,-5399.9521484375
100000000000000000000003,1,922625000,0,-46,5.32598129553895,0,0,0.640036010742188,1.63,0,-5399.9521484375
100000000000000000000000,1,922625000,0,-57,5.31370944923586,0,0,0.640036010742188,1.63,0,-5399.9521484375
100000000000000000000005,1,922625000,0,-62.5,2.1905245651007,0,0,0.640036010742188,1.63,0,-5399.9521484375
100000000000000000000000,1,922625000,0,-57,5.28916575662969,0,0,0.640036010742188,1.63,0,-5399.9521484375
100000000000000000000003,1,922625000,0,-46.5,5.29530167978123,0,0,0.640036010742188,1.63,0,-5399.9521484375
100000000000000000000002,1,922625000,0,-46,3.89017527807799,0,0,0.640036010742188,1.63,0,-5399.9521484375
100000000000000000000004,1,922625000,0,-49,0.570640853093458,0,0,0.640036010742188,1.63,0,-5399.9521484375
100000000000000000000001,1,922625000,0,-46.5,1.81009732970506,0,0,0.640036010742188,1.63,0,-5399.9521484375
100000000000000000000005,1,922625000,0,-62.5,2.27642748922229,0,0,0.640036010742188,1.63,0,-5399.9521484375
100000000000000000000002,1,922625000,0,-46,3.84722381601719,0,0,0.640036010742188,1.63,0,-5399.9521484375
100000000000000000000003,1,922625000,0,-46.5,5.33825314184203,0,0,0.640036010742188,1.63,0,-5399.9521484375
100000000000000000000000,1,922625000,0,-57,5.28302983347815,0,0,0.640036010742188,1.63,0,-5399.9521484375
100000000000000000000001,1,922625000,0,-46.5,1.79782548340197,0,0,0.640036010742188,1.63,0,-5399.9521484375
100000000000000000000004,1,922625000,0,-49,0.582912699396544,0,0,0.640036010742188,1.63,0,-5399.9521484375
100000000000000000000005,1,922625000,0,-62.5,2.20279641140378,0,0,0.640036010742188,1.63,0,-5399.9521484375
100000000000000000000005,1,922625000,0,-62.5,2.27029156607075,0,0,0.640036010742188,1.63,0,-5399.9521484375
100000000000000000000003,1,922625000,0,-46.5,5.3198453723874,0,0,0.640036010742188,1.63,0,-5399.9521484375
100000000000000000000000,1,922625000,0,-57,5.28916575662969,0,0,0.640036010742188,1.63,0,-5399.9521484375
100000000000000000000002,1,922625000,0,-46,3.87176750862336,0,0,0.640036010742188,1.63,0,-5399.9521484375
100000000000000000000004,1,922625000,0,-49,0.558369006790373,0,0,0.640036010742188,1.63,0,-5399.9521484375
100000000000000000000001,1,922625000,0,-46.5,1.8162332528566,0,0,0.640036010742188,1.63,0,-5399.9521484375
100000000000000000000002,1,922625000,0,-46,3.8779034317749,0,0,0.640036010742188,1.63,0,-5399.9521484375
100000000000000000000004,1,922625000,0,-49,0.595184545699629,0,0,0.640036010742188,1.63,0,-5399.9521484375
100000000000000000000000,1,922625000,0,-57,5.27689391032661,0,0,0.640036010742188,1.63,0,-5399.9521484375
100000000000000000000005,1,922625000,0,-62,2.25801971976766,0,0,0.640036010742188,1.63,0,-5399.9521484375
100000000000000000000003,1,922625000,0,-46.5,5.32598129553895,0,0,0.640036010742188,1.63,0,-5399.9521484375
100000000000000000000001,1,922625000,0,-46.5,1.80396140655351,0,0,0.640036010742188,1.63,0,-5399.9521484375
100000000000000000000005,1,922625000,0,-62,2.32551487443463,0,0,0.640036010742188,1.63,0,-5399.9521484375
100000000000000000000002,1,922625000,0,-46,3.85335973916873,0,0,0.640036010742188,1.63,0,-5399.9521484375
100000000000000000000000,1,922625000,0,-57,5.27689391032661,0,0,0.640036010742188,1.63,0,-5399.9521484375
100000000000000000000004,1,922625000,0,-49,0.570640853093458,0,0,0.640036010742188,1.63,0,-5399.9521484375
100000000000000000000003,1,922625000,0,-46.5,5.34438906499357,0,0,0.640036010742188,1.63,0,-5399.9521484375
100000000000000000000001,1,922625000,0,-46.5,1.79782548340197,0,0,0.640036010742188,1.63,0,-5399.9521484375
100000000000000000000005,1,922625000,0,-62.5,2.22120418085841,0,0,0.640036010742188,1.63,0,-5399.9521484375
100000000000000000000000,1,922625000,0,-57,5.27075798717506,0,0,0.640036010742188,1.63,0,-5399.9521484375
100000000000000000000004,1,922625000,0,-49,0.582912699396544,0,0,0.640036010742188,1.63,0,-5399.9521484375
100000000000000000000002,1,922625000,0,-46,3.85949566232027,0,0,0.640036010742188,1.63,0,-5399.9521484375
100000000000000000000001,1,922625000,0,-46.5,1.83464102231123,0,0,0.640036010742188,1.63,0,-5399.9521484375
100000000000000000000003,1,922625000,0,-46.5,5.32598129553895,0,0,0.640036010742188,1.63,0,-5399.9521484375
100000000000000000000001,1,922625000,0,-46.5,1.82236917600814,0,0,0.640036010742188,1.63,0,-5399.9521484375
100000000000000000000003,1,922625000,0,-46.5,5.33825314184203,0,0,0.640036010742188,1.63,0,-5399.9521484375
100000000000000000000004,1,922625000,0,-49,0.570640853093458,0,0,0.640036010742188,1.63,0,-5399.9521484375
100000000000000000000000,1,922625000,0,-57.5,5.23394244826581,0,0,0.640036010742188,1.63,0,-5399.9521484375
100000000000000000000002,1,922625000,0,-46,3.87176750862336,0,0,0.640036010742188,1.63,0,-5399.9521484375
100000000000000000000005,1,922625000,0,-63,2.23961195031304,0,0,0.640036010742188,1.63,0,-5399.9521484375
100000000000000000000005,1,922625000,0,-62.5,2.1905245651007,0,0,0.640036010742188,1.63,0,-5399.9521484375
100000000000000000000001,1,922625000,0,-46.5,1.83464102231123,0,0,0.640036010742188,1.63,0,-5399.9521484375
100000000000000000000004,1,922625000,0,-49,0.570640853093458,0,0,0.640036010742188,1.63,0,-5399.9521484375
100000000000000000000002,1,922625000,0,-46,3.85949566232027,0,0,0.640036010742188,1.63,0,-5399.9521484375
100000000000000000000003,1,922625000,0,-46.5,5.33211721869049,0,0,0.640036010742188,1.63,0,-5399.9521484375
100000000000000000000000,1,922625000,0,-57,5.28916575662969,0,0,0.640036010742188,1.63,0,-5399.9521484375
100000000000000000000002,1,922625000,0,-46,3.89631120122953,0,0,0.640036010742188,1.63,0,-5399.9521484375
100000000000000000000004,1,922625000,0,-49,0.601320468851172,0,0,0.640036010742188,1.63,0,-5399.9521484375
100000000000000000000005,1,922625000,0,-62,2.15370902619144,0,0,0.640036010742188,1.63,0,-5399.9521484375
100000000000000000000000,1,922625000,0,-57,5.25235021772044,0,0,0.640036010742188,1.63,0,-5399.9521484375
100000000000000000000003,1,922625000,0,-46.5,5.3198453723874,0,0,0.640036010742188,1.63,0,-5399.9521484375
100000000000000000000001,1,922625000,0,-46.5,1.82850509915968,0,0,0.640036010742188,1.63,0,-5399.9521484375
100000000000000000000004,1,922625000,0,-49,0.570640853093458,0,0,0.640036010742188,1.63,0,-5399.9521484375
100000000000000000000002,1,922625000,0,-46,3.89631120122953,0,0,0.640036010742188,1.63,0,-5399.9521484375
100000000000000000000003,1,922625000,0,-46.5,5.3198453723874,0,0,0.640036010742188,1.63,0,-5399.9521484375
100000000000000000000001,1,922625000,0,-46.5,1.82236917600814,0,0,0.640036010742188,1.63,0,-5399.9521484375
100000000000000000000000,1,922625000,0,-56.5,5.27075798717506,0,0,0.640036010742188,1.63,0,-5399.9521484375
100000000000000000000005,1,922625000,0,-62.5,2.32551487443463,0,0,0.640036010742188,1.63,0,-5399.9521484375
100000000000000000000004,1,922625000,0,-49,0.595184545699629,0,0,0.640036010742188,1.63,0,-5399.9521484375
100000000000000000000003,1,922625000,0,-46,5.30143760293278,0,0,0.640036010742188,1.63,0,-5399.9521484375
100000000000000000000005,1,922625000,0,-62.5,2.25801971976766,0,0,0.640036010742188,1.63,0,-5399.9521484375
100000000000000000000000,1,922625000,0,-57,5.25235021772044,0,0,0.640036010742188,1.63,0,-5399.9521484375
100000000000000000000001,1,922625000,0,-46.5,1.82236917600814,0,0,0.640036010742188,1.63,0,-5399.9521484375
100000000000000000000002,1,922625000,0,-46,3.86563158547182,0,0,0.640036010742188,1.63,0,-5399.9521484375
100000000000000000000002,1,922625000,0,-46,3.86563158547182,0,0,0.640036010742188,1.63,0,-5399.9521484375
100000000000000000000000,1,922625000,0,-57.5,5.28916575662969,0,0,0.640036010742188,1.63,0,-5399.9521484375
100000000000000000000004,1,922625000,0,-49,0.582912699396544,0,0,0.640036010742188,1.63,0,-5399.9521484375
100000000000000000000003,1,922625000,0,-46,5.33211721869049,0,0,0.640036010742188,1.63,0,-5399.9521484375
100000000000000000000005,1,922625000,0,-62.5,2.27642748922229,0,0,0.640036010742188,1.63,0,-5399.9521484375
100000000000000000000001,1,922625000,0,-46.5,1.8162332528566,0,0,0.640036010742188,1.63,0,-5399.9521484375
100000000000000000000000,1,922625000,0,-57,5.29530167978123,0,0,0.640036010742188,1.63,0,-5399.9521484375
100000000000000000000005,1,922625000,0,-62.5,2.25188379661612,0,0,0.640036010742188,1.63,0,-5399.9521484375
100000000000000000000002,1,922625000,0,-46,3.85949566232027,0,0,0.640036010742188,1.63,0,-5399.9521484375
100000000000000000000001,1,922625000,0,-46.5,1.82236917600814,0,0,0.640036010742188,1.63,0,-5399.9521484375
100000000000000000000003,1,922625000,0,-46.5,5.33211721869049,0,0,0.640036010742188,1.63,0,-5399.9521484375
100000000000000000000004,1,922625000,0,-49,0.558369006790373,0,0,0.640036010742188,1.63,0,-5399.9521484375
100000000000000000000003,1,922625000,0,-46.5,5.33211721869049,0,0,0.640036010742188,1.63,0,-5399.9521484375
100000000000000000000004,1,922625000,0,-49,0.576776776245001,0,0,0.640036010742188,1.63,0,-5399.9521484375
100000000000000000000005,1,922625000,0,-62.5,2.27642748922229,0,0,0.640036010742188,1.63,0,-5399.9521484375
100000000000000000000001,1,922625000,0,-46.5,1.82236917600814,0,0,0.640036010742188,1.63,0,-5399.9521484375
100000000000000000000000,1,922625000,0,-57,5.30143760293278,0,0,0.640036010742188,1.63,0,-5399.9521484375
100000000000000000000002,1,922625000,0,-46,3.89017527807799,0,0,0.640036010742188,1.63,0,-5399.9521484375
100000000000000000000004,1,922625000,0,-49,0.582912699396544,0,0,0.640036010742188,1.63,0,-5399.9521484375
100000000000000000000002,1,922625000,0,-46,3.86563158547182,0,0,0.640036010742188,1.63,0,-5399.9521484375
100000000000000000000000,1,922625000,0,-57,5.28916575662969,0,0,0.640036010742188,1.63,0,-5399.9521484375
100000000000000000000003,1,922625000,0,-46.5,5.34438906499357,0,0,0.640036010742188,1.63,0,-5399.9521484375
100000000000000000000001,1,922625000,0,-46.5,1.8162332528566,0,0,0.640036010742188,1.63,0,-5399.9521484375
100000000000000000000005,1,922625000,0,-63,2.24574787346458,0,0,0.640036010742188,1.63,0,-5399.9521484375
100000000000000000000003,1,922625000,0,-46.5,5.31370944923586,0,0,0.640036010742188,1.63,0,-5399.9521484375
100000000000000000000005,1,922625000,0,-62.5,2.32551487443463,0,0,0.640036010742188,1.63,0,-5399.9521484375
100000000000000000000002,1,922625000,0,-46,3.84108789286565,0,0,0.640036010742188,1.63,0,-5399.9521484375
100000000000000000000001,1,922625000,0,-46.5,1.82850509915968,0,0,0.640036010742188,1.63,0,-5399.9521484375
100000000000000000000000,1,922625000,0,-57.5,5.27689391032661,0,0,0.640036010742188,1.63,0,-5399.9521484375
100000000000000000000004,1,922625000,0,-49,0.601320468851172,0,0,0.640036010742188,1.63,0,-5399.9521484375
100000000000000000000001,1,922625000,0,-46.5,1.79168956025043,0,0,0.640036010742188,1.63,0,-5399.9521484375
100000000000000000000003,1,922625000,0,-46.5,5.32598129553895,0,0,0.640036010742188,1.63,0,-5399.9521484375
100000000000000000000000,1,922625000,0,-57,5.27075798717506,0,0,0.640036010742188,1.63,0,-5399.9521484375
100000000000000000000005,1,922625000,0,-62.5,2.27029156607075,0,0,0.640036010742188,1.63,0,-5399.9521484375
100000000000000000000002,1,922625000,0,-46,3.84108789286565,0,0,0.640036010742188,1.63,0,-5399.9521484375
100000000000000000000004,1,922625000,0,-49,0.576776776245001,0,0,0.640036010742188,1.63,0,-5399.9521484375
100000000000000000000001,1,922625000,0,-46.5,1.8162332528566,0,0,0.640036010742188,1.63,0,-5399.9521484375
100000000000000000000002,1,922625000,0,-46,3.88403935492644,0,0,0.640036010742188,1.63,0,-5399.9521484375
100000000000000000000005,1,922625000,0,-62.5,2.25801971976766,0,0,0.640036010742188,1.63,0,-5399.9521484375
100000000000000000000000,1,922625000,0,-57,5.26462206402352,0,0,0.640036010742188,1.63,0,-5399.9521484375
100000000000000000000004,1,922625000,0,-49,0.582912699396544,0,0,0.640036010742188,1.63,0,-5399.9521484375
100000000000000000000003,1,922625000,0,-46.5,5.3198453723874,0,0,0.640036010742188,1.63,0,-5399.9521484375
100000000000000000000004,1,922625000,0,-49,0.558369006790373,0,0,0.640036010742188,1.63,0,-5399.9521484375
100000000000000000000002,1,922625000,0,-46,3.90244712438107,0,0,0.640036010742188,1.63,0,-5399.9521484375
100000000000000000000001,1,922625000,0,-46.5,1.8162332528566,0,0,0.640036010742188,1.63,0,-5399.9521484375
100000000000000000000000,1,922625000,0,-57,5.22780652511427,0,0,0.640036010742188,1.63,0,-5399.9521484375
100000000000000000000003,1,922625000,0,-46.5,5.34438906499357,0,0,0.640036010742188,1.63,0,-5399.9521484375
100000000000000000000005,1,922625000,0,-62,2.31324302813155,0,0,0.640036010742188,1.63,0,-5399.9521484375
100000000000000000000003,1,922625000,0,-46.5,5.30143760293278,0,0,0.640036010742188,1.63,0,-5399.9521484375
100000000000000000000002,1,922625000,0,-46,3.84108789286565,0,0,0.640036010742188,1.63,0,-5399.9521484375
100000000000000000000001,1,922625000,0,-46.5,1.81009732970506,0,0,0.640036010742188,1.63,0,-5399.9521484375
100000000000000000000000,1,922625000,0,-57,5.30143760293278,0,0,0.640036010742188,1.63,0,-5399.9521484375
100000000000000000000004,1,922625000,0,-49,0.558369006790373,0,0,0.640036010742188,1.63,0,-5399.9521484375
100000000000000000000005,1,922625000,0,-63,2.27029156607075,0,0,0.640036010742188,1.63,0,-5399.9521484375
100000000000000000000004,1,922625000,0,-49,0.582912699396544,0,0,0.640036010742188,1.63,0,-5399.9521484375
100000000000000000000005,1,922625000,0,-63,2.24574787346458,0,0,0.640036010742188,1.63,0,-5399.9521484375
100000000000000000000002,1,922625000,0,-46,3.86563158547182,0,0,0.640036010742188,1.63,0,-5399.9521484375
100000000000000000000000,1,922625000,0,-57,5.28916575662969,0,0,0.640036010742188,1.63,0,-5399.9521484375
100000000000000000000001,1,922625000,0,-46.5,1.78555363709889,0,0,0.640036010742188,1.63,0,-5399.9521484375
100000000000000000000003,1,922625000,0,-46.5,5.33825314184203,0,0,0.640036010742188,1.63,0,-5399.9521484375
100000000000000000000005,1,922625000,0,-62.5,2.17211679564607,0,0,0.640036010742188,1.63,0,-5399.9521484375
100000000000000000000000,1,922625000,0,-57,5.24621429456889,0,0,0.640036010742188,1.63,0,-5399.9521484375
100000000000000000000003,1,922625000,0,-46.5,5.32598129553895,0,0,0.640036010742188,1.63,0,-5399.9521484375
100000000000000000000004,1,922625000,0,-49,0.589048622548086,0,0,0.640036010742188,1.63,0,-5399.9521484375
100000000000000000000001,1,922625000,0,-46.5,1.83464102231123,0,0,0.640036010742188,1.63,0,-5399.9521484375
100000000000000000000002,1,922625000,0,-46,3.84722381601719,0,0,0.640036010742188,1.63,0,-5399.9521484375
100000000000000000000004,1,922625000,0,-49,0.558369006790373,0,0,0.640036010742188,1.63,0,-5399.9521484375
100000000000000000000002,1,922625000,0,-46,3.85949566232027,0,0,0.640036010742188,1.63,0,-5399.9521484375
100000000000000000000003,1,922625000,0,-46.5,5.33211721869049,0,0,0.640036010742188,1.63,0,-5399.9521484375
100000000000000000000005,1,922625000,0,-62.5,2.1905245651007,0,0,0.640036010742188,1.63,0,-5399.9521484375
100000000000000000000000,1,922625000,0,-57,5.30143760293278,0,0,0.640036010742188,1.63,0,-5399.9521484375
100000000000000000000001,1,922625000,0,-46.5,1.81009732970506,0,0,0.640036010742188,1.63,0,-5399.9521484375
100000000000000000000003,1,922625000,0,-46.5,5.30757352608432,0,0,0.640036010742188,1.63,0,-5399.9521484375
100000000000000000000005,1,922625000,0,-63,2.25188379661612,0,0,0.640036010742188,1.63,0,-5399.9521484375
100000000000000000000001,1,922625000,0,-46.5,1.8162332528566,0,0,0.640036010742188,1.63,0,-5399.9521484375
100000000000000000000004,1,922625000,0,-49,0.576776776245001,0,0,0.640036010742188,1.63,0,-5399.9521484375
100000000000000000000002,1,922625000,0,-46,3.86563158547182,0,0,0.640036010742188,1.63,0,-5399.9521484375
100000000000000000000000,1,922625000,0,-57,5.24621429456889,0,0,0.640036010742188,1.63,0,-5399.9521484375
100000000000000000000005,1,922625000,0,-62.5,2.23961195031304,0,0,0.640036010742188,1.63,0,-5399.9521484375
100000000000000000000001,1,922625000,0,-46.5,1.82236917600814,0,0,0.640036010742188,1.63,0,-5399.9521484375
100000000000000000000003,1,922625000,0,-46.5,5.3198453723874,0,0,0.640036010742188,1.63,0,-5399.9521484375
100000000000000000000002,1,922625000,0,-46,3.86563158547182,0,0,0.640036010742188,1.63,0,-5399.9521484375
100000000000000000000004,1,922625000,0,-49,0.570640853093458,0,0,0.640036010742188,1.63,0,-5399.9521484375
100000000000000000000000,1,922625000,0,-57,5.29530167978123,0,0,0.640036010742188,1.63,0,-5399.9521484375
100000000000000000000005,1,922625000,0,-62,2.17211679564607,0,0,0.640036010742188,1.63,0,-5399.9521484375
100000000000000000000002,1,922625000,0,-46,3.89017527807799,0,0,0.640036010742188,1.63,0,-5399.9521484375
100000000000000000000000,1,922625000,0,-57,5.19712690935655,0,0,0.640036010742188,1.63,0,-5399.9521484375
100000000000000000000003,1,922625000,0,-46.5,5.33211721869049,0,0,0.640036010742188,1.63,0,-5399.9521484375
100000000000000000000001,1,922625000,0,-46.5,1.83464102231123,0,0,0.640036010742188,1.63,0,-5399.9521484375
100000000000000000000004,1,922625000,0,-49,0.570640853093458,0,0,0.640036010742188,1.63,0,-5399.9521484375
100000000000000000000001,1,922625000,0,-46.5,1.83464102231123,0,0,0.640036010742188,1.63,0,-5399.9521484375
100000000000000000000004,1,922625000,0,-49,0.570640853093458,0,0,0.640036010742188,1.63,0,-5399.9521484375
100000000000000000000000,1,922625000,0,-57,5.25848614087198,0,0,0.640036010742188,1.63,0,-5399.9521484375
100000000000000000000003,1,922625000,0,-46.5,5.32598129553895,0,0,0.640036010742188,1.63,0,-5399.9521484375
100000000000000000000002,1,922625000,0,-46,3.85335973916873,0,0,0.640036010742188,1.63,0,-5399.9521484375
100000000000000000000005,1,922625000,0,-62.5,2.25801971976766,0,0,0.640036010742188,1.63,0,-5399.9521484375
100000000000000000000003,1,922625000,0,-46.5,5.3198453723874,0,0,0.640036010742188,1.63,0,-5399.9521484375
100000000000000000000004,1,922625000,0,-49,0.589048622548086,0,0,0.640036010742188,1.63,0,-5399.9521484375
100000000000000000000000,1,922625000,0,-57,5.28916575662969,0,0,0.640036010742188,1.63,0,-5399.9521484375
100000000000000000000001,1,922625000,0,-46.5,1.83464102231123,0,0,0.640036010742188,1.63,0,-5399.9521484375
100000000000000000000002,1,922625000,0,-46,3.86563158547182,0,0,0.640036010742188,1.63,0,-5399.9521484375
100000000000000000000005,1,922625000,0,-62.5,2.16598087249453,0,0,0.640036010742188,1.63,0,-5399.9521484375
100000000000000000000005,1,922625000,0,-62.5,2.07394202522139,0,0,0.640036010742188,1.63,0,-5399.9521484375
100000000000000000000002,1,922625000,0,-46,3.87176750862336,0,0,0.640036010742188,1.63,0,-5399.9521484375
100000000000000000000000,1,922625000,0,-57,5.29530167978123,0,0,0.640036010742188,1.63,0,-5399.9521484375
100000000000000000000001,1,922625000,0,-46.5,1.81009732970506,0,0,0.640036010742188,1.63,0,-5399.9521484375
100000000000000000000003,1,922625000,0,-46,5.32598129553895,0,0,0.640036010742188,1.63,0,-5399.9521484375
100000000000000000000004,1,922625000,0,-49,0.589048622548086,0,0,0.640036010742188,1.63,0,-5399.9521484375
100000000000000000000005,1,922625000,0,-62.5,2.26415564291921,0,0,0.640036010742188,1.63,0,-5399.9521484375
100000000000000000000004,1,922625000,0,-49,0.564504929941916,0,0,0.640036010742188,1.63,0,-5399.9521484375
100000000000000000000000,1,922625000,0,-57,5.31370944923586,0,0,0.640036010742188,1.63,0,-5399.9521484375
100000000000000000000003,1,922625000,0,-46,5.33825314184203,0,0,0.640036010742188,1.63,0,-5399.9521484375
100000000000000000000002,1,922625000,0,-46,3.87176750862336,0,0,0.640036010742188,1.63,0,-5399.9521484375
100000000000000000000001,1,922625000,0,-46.5,1.81009732970506,0,0,0.640036010742188,1.63,0,-5399.9521484375
100000000000000000000004,1,922625000,0,-49,0.582912699396544,0,0,0.640036010742188,1.63,0,-5399.9521484375
100000000000000000000000,1,922625000,0,-57,5.28302983347815,0,0,0.640036010742188,1.63,0,-5399.9521484375
100000000000000000000002,1,922625000,0,-46,3.8779034317749,0,0,0.640036010742188,1.63,0,-5399.9521484375
100000000000000000000003,1,922625000,0,-46,5.33825314184203,0,0,0.640036010742188,1.63,0,-5399.9521484375
100000000000000000000001,1,922625000,0,-46.5,1.8162332528566,0,0,0.640036010742188,1.63,0,-5399.9521484375
100000000000000000000005,1,922625000,0,-62,2.27029156607075,0,0,0.640036010742188,1.63,0,-5399.9521484375
100000000000000000000003,1,922625000,0,-46.5,5.31370944923586,0,0,0.640036010742188,1.63,0,-5399.9521484375
100000000000000000000005,1,922625000,0,-62.5,2.17211679564607,0,0,0.640036010742188,1.63,0,-5399.9521484375
100000000000000000000000,1,922625000,0,-57,5.22780652511427,0,0,0.640036010742188,1.63,0,-5399.9521484375
100000000000000000000004,1,922625000,0,-49,0.582912699396544,0,0,0.640036010742188,1.63,0,-5399.9521484375
100000000000000000000002,1,922625000,0,-46,3.90244712438107,0,0,0.640036010742188,1.63,0,-5399.9521484375
100000000000000000000001,1,922625000,0,-46.5,1.82236917600814,0,0,0.640036010742188,1.63,0,-5399.9521484375
100000000000000000000005,1,922625000,0,-62.5,2.27029156607075,0,0,0.640036010742188,1.63,0,-5399.9521484375
100000000000000000000002,1,922625000,0,-46,3.89017527807799,0,0,0.640036010742188,1.63,0,-5399.9521484375
100000000000000000000000,1,922625000,0,-57,5.27689391032661,0,0,0.640036010742188,1.63,0,-5399.9521484375
100000000000000000000004,1,922625000,0,-49,0.589048622548086,0,0,0.640036010742188,1.63,0,-5399.9521484375
100000000000000000000001,1,922625000,0,-46.5,1.82850509915968,0,0,0.640036010742188,1.63,0,-5399.9521484375
100000000000000000000003,1,922625000,0,-46.5,5.30143760293278,0,0,0.640036010742188,1.63,0,-5399.9521484375
100000000000000000000001,1,922625000,0,-46.5,1.82850509915968,0,0,0.640036010742188,1.63,0,-5399.9521484375
100000000000000000000003,1,922625000,0,-46.5,5.32598129553895,0,0,0.640036010742188,1.63,0,-5399.9521484375
100000000000000000000000,1,922625000,0,-57,5.27689391032661,0,0,0.640036010742188,1.63,0,-5399.9521484375
100000000000000000000005,1,922625000,0,-63,2.31324302813155,0,0,0.640036010742188,1.63,0,-5399.9521484375
100000000000000000000002,1,922625000,0,-46,3.8779034317749,0,0,0.640036010742188,1.63,0,-5399.9521484375
100000000000000000000004,1,922625000,0,-49,0.564504929941916,0,0,0.640036010742188,1.63,0,-5399.9521484375
100000000000000000000003,1,922625000,0,-46.5,5.33825314184203,0,0,0.640036010742188,1.63,0,-5399.9521484375
100000000000000000000000,1,922625000,0,-57,5.28302983347815,0,0,0.640036010742188,1.63,0,-5399.9521484375
100000000000000000000001,1,922625000,0,-46.5,1.8162332528566,0,0,0.640036010742188,1.63,0,-5399.9521484375
100000000000000000000002,1,922625000,0,-46,3.85949566232027,0,0,0.640036010742188,1.63,0,-5399.9521484375
100000000000000000000005,1,922625000,0,-62.5,2.28256341237383,0,0,0.640036010742188,1.63,0,-5399.9521484375
100000000000000000000004,1,922625000,0,-49,0.607456392002714,0,0,0.640036010742188,1.63,0,-5399.9521484375
100000000000000000000000,1,922625000,0,-57,5.28916575662969,0,0,0.640036010742188,1.63,0,-5399.9521484375
100000000000000000000003,1,922625000,0,-46,5.33211721869049,0,0,0.640036010742188,1.63,0,-5399.9521484375
100000000000000000000005,1,922625000,0,-62.5,2.38687410595006,0,0,0.640036010742188,1.63,0,-5399.9521484375
100000000000000000000004,1,922625000,0,-49,0.576776776245001,0,0,0.640036010742188,1.63,0,-5399.9521484375
100000000000000000000001,1,922625000,0,-46.5,1.82236917600814,0,0,0.640036010742188,1.63,0,-5399.9521484375
100000000000000000000002,1,922625000,0,-46,3.89017527807799,0,0,0.640036010742188,1.63,0,-5399.9521484375
100000000000000000000003,1,922625000,0,-46.5,5.35052498814512,0,0,0.640036010742188,1.63,0,-5399.9521484375
100000000000000000000001,1,922625000,0,-46.5,1.82850509915968,0,0,0.640036010742188,1.63,0,-5399.9521484375
100000000000000000000005,1,922625000,0,-62.5,2.31937895128309,0,0,0.640036010742188,1.63,0,-5399.9521484375
100000000000000000000002,1,922625000,0,-46,3.85949566232027,0,0,0.640036010742188,1.63,0,-5399.9521484375
100000000000000000000004,1,922625000,0,-48.5,0.576776776245001,0,0,0.640036010742188,1.63,0,-5399.9521484375
100000000000000000000000,1,922625000,0,-57,5.25235021772044,0,0,0.640036010742188,1.63,0,-5399.9521484375
100000000000000000000002,1,922625000,0,-46,3.88403935492644,0,0,0.640036010742188,1.63,0,-5399.9521484375
100000000000000000000000,1,922625000,0,-57.5,5.29530167978123,0,0,0.640036010742188,1.63,0,-5399.9521484375
100000000000000000000005,1,922625000,0,-62.5,2.28256341237383,0,0,0.640036010742188,1.63,0,-5399.9521484375
100000000000000000000004,1,922625000,0,-49,0.564504929941916,0,0,0.640036010742188,1.63,0,-5399.9521484375
100000000000000000000003,1,922625000,0,-46.5,5.32598129553895,0,0,0.640036010742188,1.63,0,-5399.9521484375
100000000000000000000001,1,922625000,0,-46.5,1.81009732970506,0,0,0.640036010742188,1.63,0,-5399.9521484375
100000000000000000000002,1,922625000,0,-46,3.8779034317749,0,0,0.640036010742188,1.63,0,-5399.9521484375
100000000000000000000003,1,922625000,0,-46.5,5.32598129553895,0,0,0.640036010742188,1.63,0,-5399.9521484375
100000000000000000000000,1,922625000,0,-57,5.29530167978123,0,0,0.640036010742188,1.63,0,-5399.9521484375
100000000000000000000004,1,922625000,0,-49,0.564504929941916,0,0,0.640036010742188,1.63,0,-5399.9521484375
100000000000000000000001,1,922625000,0,-46.5,1.84077694546277,0,0,0.640036010742188,1.63,0,-5399.9521484375
100000000000000000000005,1,922625000,0,-62.5,2.27642748922229,0,0,0.640036010742188,1.63,0,-5399.9521484375
100000000000000000000001,1,922625000,0,-46.5,1.80396140655351,0,0,0.640036010742188,1.63,0,-5399.9521484375
100000000000000000000000,1,922625000,0,-57,5.2032628325081,0,0,0.640036010742188,1.63,0,-5399.9521484375
100000000000000000000003,1,922625000,0,-46.5,5.30757352608432,0,0,0.640036010742188,1.63,0,-5399.9521484375
100000000000000000000004,1,922625000,0,-49,0.576776776245001,0,0,0.640036010742188,1.63,0,-5399.9521484375
100000000000000000000002,1,922625000,0,-46,3.86563158547182,0,0,0.640036010742188,1.63,0,-5399.9521484375
100000000000000000000005,1,922625000,0,-62.5,2.25188379661612,0,0,0.640036010742188,1.63,0,-5399.9521484375
100000000000000000000004,1,922625000,0,-49,0.552233083638831,0,0,0.640036010742188,1.63,0,-5399.9521484375
100000000000000000000002,1,922625000,0,-46,3.88403935492644,0,0,0.640036010742188,1.63,0,-5399.9521484375
100000000000000000000001,1,922625000,0,-46.5,1.8162332528566,0,0,0.640036010742188,1.63,0,-5399.9521484375
100000000000000000000005,1,922625000,0,-62.5,2.30710710498,0,0,0.640036010742188,1.63,0,-5399.9521484375
100000000000000000000003,1,922625000,0,-46,5.33211721869049,0,0,0.640036010742188,1.63,0,-5399.9521484375
100000000000000000000000,1,922625000,0,-57,5.25848614087198,0,0,0.640036010742188,1.63,0,-5399.9521484375
100000000000000000000000,1,922625000,0,-57,5.28916575662969,0,0,0.640036010742188,1.63,0,-5399.9521484375
100000000000000000000002,1,922625000,0,-46,3.87176750862336,0,0,0.640036010742188,1.63,0,-5399.9521484375
100000000000000000000001,1,922625000,0,-46.5,1.8162332528566,0,0,0.640036010742188,1.63,0,-5399.9521484375
100000000000000000000005,1,922625000,0,-62.5,2.24574787346458,0,0,0.640036010742188,1.63,0,-5399.9521484375
100000000000000000000004,1,922625000,0,-49,0.576776776245001,0,0,0.640036010742188,1.63,0,-5399.9521484375
100000000000000000000003,1,922625000,0,-46.5,5.31370944923586,0,0,0.640036010742188,1.63,0,-5399.9521484375
100000000000000000000002,1,922625000,0,-46,3.87176750862336,0,0,0.640036010742188,1.63,0,-5399.9521484375
100000000000000000000001,1,922625000,0,-46.5,1.83464102231123,0,0,0.640036010742188,1.63,0,-5399.9521484375
100000000000000000000004,1,922625000,0,-49,0.570640853093458,0,0,0.640036010742188,1.63,0,-5399.9521484375
100000000000000000000000,1,922625000,0,-57,5.30143760293278,0,0,0.640036010742188,1.63,0,-5399.9521484375
100000000000000000000005,1,922625000,0,-62.5,2.28869933552538,0,0,0.640036010742188,1.63,0,-5399.9521484375
100000000000000000000003,1,922625000,0,-46.5,5.30757352608432,0,0,0.640036010742188,1.63,0,-5399.9521484375
100000000000000000000001,1,922625000,0,-46.5,1.82850509915968,0,0,0.640036010742188,1.63,0,-5399.9521484375
100000000000000000000002,1,922625000,0,-46,3.8779034317749,0,0,0.640036010742188,1.63,0,-5399.9521484375
100000000000000000000004,1,922625000,0,-49,0.564504929941916,0,0,0.640036010742188,1.63,0,-5399.9521484375
100000000000000000000003,1,922625000,0,-46.5,5.31370944923586,0,0,0.640036010742188,1.63,0,-5399.9521484375
100000000000000000000000,1,922625000,0,-57,5.24621429456889,0,0,0.640036010742188,1.63,0,-5399.9521484375
100000000000000000000005,1,922625000,0,-62.5,2.27029156607075,0,0,0.640036010742188,1.63,0,-5399.9521484375
100000000000000000000003,1,922625000,0,-46,5.31370944923586,0,0,0.640036010742188,1.63,0,-5399.9521484375
100000000000000000000005,1,922625000,0,-62.5,2.28869933552538,0,0,0.640036010742188,1.63,0,-5399.9521484375
100000000000000000000004,1,922625000,0,-49,0.595184545699629,0,0,0.640036010742188,1.63,0,-5399.9521484375
100000000000000000000000,1,922625000,0,-57,5.25235021772044,0,0,0.640036010742188,1.63,0,-5399.9521484375
100000000000000000000001,1,922625000,0,-46.5,1.81009732970506,0,0,0.640036010742188,1.63,0,-5399.9521484375
100000000000000000000002,1,922625000,0,-46,3.85949566232027,0,0,0.640036010742188,1.63,0,-5399.9521484375
100000000000000000000003,1,922625000,0,-46.5,5.33211721869049,0,0,0.640036010742188,1.63,0,-5399.9521484375
100000000000000000000002,1,922625000,0,-46,3.85335973916873,0,0,0.640036010742188,1.63,0,-5399.9521484375
100000000000000000000004,1,922625000,0,-49,0.570640853093458,0,0,0.640036010742188,1.63,0,-5399.9521484375
100000000000000000000001,1,922625000,0,-46.5,1.83464102231123,0,0,0.640036010742188,1.63,0,-5399.9521484375
100000000000000000000005,1,922625000,0,-62.5,2.30710710498,0,0,0.640036010742188,1.63,0,-5399.9521484375
100000000000000000000000,1,922625000,0,-57,5.24007837141735,0,0,0.640036010742188,1.63,0,-5399.9521484375
100000000000000000000004,1,922625000,0,-49,0.576776776245001,0,0,0.640036010742188,1.63,0,-5399.9521484375
100000000000000000000005,1,922625000,0,-62.5,2.21506825770687,0,0,0.640036010742188,1.63,0,-5399.9521484375
100000000000000000000003,1,922625000,0,-46.5,5.30143760293278,0,0,0.640036010742188,1.63,0,-5399.9521484375
100000000000000000000002,1,922625000,0,-46,3.8349519697141,0,0,0.640036010742188,1.63,0,-5399.9521484375
100000000000000000000000,1,922625000,0,-57,5.24621429456889,0,0,0.640036010742188,1.63,0,-5399.9521484375
100000000000000000000001,1,922625000,0,-46.5,1.80396140655351,0,0,0.640036010742188,1.63,0,-5399.9521484375
100000000000000000000000,1,922625000,0,-56.5,5.22780652511427,0,0,0.640036010742188,1.63,0,-5399.9521484375
100000000000000000000005,1,922625000,0,-62.5,2.22734010400995,0,0,0.640036010742188,1.63,0,-5399.9521484375
100000000000000000000003,1,922625000,0,-46.5,5.31370944923586,0,0,0.640036010742188,1.63,0,-5399.9521484375
100000000000000000000001,1,922625000,0,-46.5,1.82236917600814,0,0,0.640036010742188,1.63,0,-5399.9521484375
100000000000000000000004,1,922625000,0,-49,0.570640853093458,0,0,0.640036010742188,1.63,0,-5399.9521484375
100000000000000000000002,1,922625000,0,-46,3.88403935492644,0,0,0.640036010742188,1.63,0,-5399.9521484375
100000000000000000000002,1,922625000,0,-46,3.88403935492644,0,0,0.640036010742188,1.63,0,-5399.9521484375
100000000000000000000003,1,922625000,0,-46,5.3198453723874,0,0,0.640036010742188,1.63,0,-5399.9521484375
100000000000000000000005,1,922625000,0,-62.5,2.24574787346458,0,0,0.640036010742188,1.63,0,-5399.9521484375
100000000000000000000000,1,922625000,0,-57,5.27689391032661,0,0,0.640036010742188,1.63,0,-5399.9521484375
100000000000000000000004,1,922625000,0,-49,0.564504929941916,0,0,0.640036010742188,1.63,0,-5399.9521484375
100000000000000000000001,1,922625000,0,-46.5,1.80396140655351,0,0,0.640036010742188,1.63,0,-5399.9521484375
100000000000000000000004,1,922625000,0,-49,0.576776776245001,0,0,0.640036010742188,1.63,0,-5399.9521484375
100000000000000000000000,1,922625000,0,-57,5.27689391032661,0,0,0.640036010742188,1.63,0,-5399.9521484375
100000000000000000000001,1,922625000,0,-46.5,1.8162332528566,0,0,0.640036010742188,1.63,0,-5399.9521484375
100000000000000000000005,1,922625000,0,-62,2.27642748922229,0,0,0.640036010742188,1.63,0,-5399.9521484375
100000000000000000000002,1,922625000,0,-46,3.85335973916873,0,0,0.640036010742188,1.63,0,-5399.9521484375
100000000000000000000003,1,922625000,0,-46.5,5.31370944923586,0,0,0.640036010742188,1.63,0,-5399.9521484375
100000000000000000000002,1,922625000,0,-46,3.85949566232027,0,0,0.640036010742188,1.63,0,-5399.9521484375
100000000000000000000001,1,922625000,0,-46.5,1.82236917600814,0,0,0.640036010742188,1.63,0,-5399.9521484375
100000000000000000000004,1,922625000,0,-49,0.564504929941916,0,0,0.640036010742188,1.63,0,-5399.9521484375
100000000000000000000000,1,922625000,0,-57,5.21553467881118,0,0,0.640036010742188,1.63,0,-5399.9521484375
100000000000000000000005,1,922625000,0,-62.5,2.09848571782756,0,0,0.640036010742188,1.63,0,-5399.9521484375
100000000000000000000003,1,922625000,0,-46,5.30143760293278,0,0,0.640036010742188,1.63,0,-5399.9521484375
100000000000000000000004,1,922625000,0,-49,0.589048622548086,0,0,0.640036010742188,1.63,0,-5399.9521484375
100000000000000000000002,1,922625000,0,-46,3.84722381601719,0,0,0.640036010742188,1.63,0,-5399.9521484375
100000000000000000000001,1,922625000,0,-46.5,1.8162332528566,0,0,0.640036010742188,1.63,0,-5399.9521484375
100000000000000000000003,1,922625000,0,-46,5.30143760293278,0,0,0.640036010742188,1.63,0,-5399.9521484375
100000000000000000000000,1,922625000,0,-57,5.22780652511427,0,0,0.640036010742188,1.63,0,-5399.9521484375
100000000000000000000005,1,922625000,0,-62.5,2.28256341237383,0,0,0.640036010742188,1.63,0,-5399.9521484375
100000000000000000000005,1,922625000,0,-62.5,2.49118479952628,0,0,0.640036010742188,1.63,0,-5399.9521484375
100000000000000000000000,1,922625000,0,-57,5.25235021772044,0,0,0.640036010742188,1.63,0,-5399.9521484375
100000000000000000000002,1,922625000,0,-46,3.86563158547182,0,0,0.640036010742188,1.63,0,-5399.9521484375
100000000000000000000001,1,922625000,0,-46.5,1.8162332528566,0,0,0.640036010742188,1.63,0,-5399.9521484375
100000000000000000000003,1,922625000,0,-46.5,5.30757352608432,0,0,0.640036010742188,1.63,0,-5399.9521484375
100000000000000000000004,1,922625000,0,-49,0.570640853093458,0,0,0.640036010742188,1.63,0,-5399.9521484375
100000000000000000000000,1,922625000,0,-57,5.22780652511427,0,0,0.640036010742188,1.63,0,-5399.9521484375
100000000000000000000003,1,922625000,0,-46.5,5.33825314184203,0,0,0.640036010742188,1.63,0,-5399.9521484375
100000000000000000000001,1,922625000,0,-46.5,1.84077694546277,0,0,0.640036010742188,1.63,0,-5399.9521484375
100000000000000000000002,1,922625000,0,-46,3.89017527807799,0,0,0.640036010742188,1.63,0,-5399.9521484375
100000000000000000000005,1,922625000,0,-63,2.27642748922229,0,0,0.640036010742188,1.63,0,-5399.9521484375
100000000000000000000004,1,922625000,0,-49,0.582912699396544,0,0,0.640036010742188,1.63,0,-5399.9521484375
100000000000000000000004,1,922625000,0,-49,0.576776776245001,0,0,0.640036010742188,1.63,0,-5399.9521484375
100000000000000000000003,1,922625000,0,-46,5.32598129553895,0,0,0.640036010742188,1.63,0,-5399.9521484375
100000000000000000000000,1,922625000,0,-57,5.25235021772044,0,0,0.640036010742188,1.63,0,-5399.9521484375
100000000000000000000005,1,922625000,0,-62,2.27642748922229,0,0,0.640036010742188,1.63,0,-5399.9521484375
100000000000000000000001,1,922625000,0,-46.5,1.81009732970506,0,0,0.640036010742188,1.63,0,-5399.9521484375
100000000000000000000002,1,922625000,0,-46,3.84108789286565,0,0,0.640036010742188,1.63,0,-5399.9521484375
100000000000000000000001,1,922625000,0,-46.5,1.81009732970506,0,0,0.640036010742188,1.63,0,-5399.9521484375
100000000000000000000002,1,922625000,0,-46,3.86563158547182,0,0,0.640036010742188,1.63,0,-5399.9521484375
100000000000000000000003,1,922625000,0,-46,5.29530167978123,0,0,0.640036010742188,1.63,0,-5399.9521484375
100000000000000000000004,1,922625000,0,-49,0.570640853093458,0,0,0.640036010742188,1.63,0,-5399.9521484375
100000000000000000000005,1,922625000,0,-62.5,2.26415564291921,0,0,0.640036010742188,1.63,0,-5399.9521484375
100000000000000000000000,1,922625000,0,-57,5.24007837141735,0,0,0.640036010742188,1.63,0,-5399.9521484375
100000000000000000000001,1,922625000,0,-46.5,1.82236917600814,0,0,0.640036010742188,1.63,0,-5399.9521484375
100000000000000000000003,1,922625000,0,-46.5,5.3198453723874,0,0,0.640036010742188,1.63,0,-5399.9521484375
100000000000000000000004,1,922625000,0,-49,0.582912699396544,0,0,0.640036010742188,1.63,0,-5399.9521484375
100000000000000000000005,1,922625000,0,-62.5,2.30710710498,0,0,0.640036010742188,1.63,0,-5399.9521484375
100000000000000000000002,1,922625000,0,-46,3.85949566232027,0,0,0.640036010742188,1.63,0,-5399.9521484375
100000000000000000000000,1,922625000,0,-57,5.28302983347815,0,0,0.640036010742188,1.63,0,-5399.9521484375
100000000000000000000003,1,922625000,0,-46.5,5.3198453723874,0,0,0.640036010742188,1.63,0,-5399.9521484375
100000000000000000000002,1,922625000,0,-46,3.87176750862336,0,0,0.640036010742188,1.63,0,-5399.9521484375
100000000000000000000005,1,922625000,0,-62.5,2.28256341237383,0,0,0.640036010742188,1.63,0,-5399.9521484375
100000000000000000000004,1,922625000,0,-49,0.601320468851172,0,0,0.640036010742188,1.63,0,-5399.9521484375
100000000000000000000000,1,922625000,0,-57,5.22780652511427,0,0,0.640036010742188,1.63,0,-5399.9521484375
100000000000000000000001,1,922625000,0,-46.5,1.82236917600814,0,0,0.640036010742188,1.63,0,-5399.9521484375
100000000000000000000001,1,922625000,0,-46.5,1.81009732970506,0,0,0.640036010742188,1.63,0,-5399.9521484375
100000000000000000000002,1,922625000,0,-46,3.85335973916873,0,0,0.640036010742188,1.63,0,-5399.9521484375
100000000000000000000003,1,922625000,0,-46.5,5.32598129553895,0,0,0.640036010742188,1.63,0,-5399.9521484375
100000000000000000000005,1,922625000,0,-62,2.27029156607075,0,0,0.640036010742188,1.63,0,-5399.9521484375
100000000000000000000000,1,922625000,0,-57,5.25848614087198,0,0,0.640036010742188,1.63,0,-5399.9521484375
100000000000000000000004,1,922625000,0,-48.5,0.564504929941916,0,0,0.640036010742188,1.63,0,-5399.9521484375
100000000000000000000005,1,922625000,0,-62.5,2.31937895128309,0,0,0.640036010742188,1.63,0,-5399.9521484375
100000000000000000000004,1,922625000,0,-49,0.589048622548086,0,0,0.640036010742188,1.63,0,-5399.9521484375
100000000000000000000000,1,922625000,0,-57,5.25848614087198,0,0,0.640036010742188,1.63,0,-5399.9521484375
100000000000000000000003,1,922625000,0,-46.5,5.3198453723874,0,0,0.640036010742188,1.63,0,-5399.9521484375
100000000000000000000002,1,922625000,0,-46,3.89017527807799,0,0,0.640036010742188,1.63,0,-5399.9521484375
100000000000000000000001,1,922625000,0,-46.5,1.82850509915968,0,0,0.640036010742188,1.63,0,-5399.9521484375
100000000000000000000002,1,922625000,0,-46,3.8779034317749,0,0,0.640036010742188,1.63,0,-5399.9521484375
100000000000000000000001,1,922625000,0,-46.5,1.8162332528566,0,0,0.640036010742188,1.63,0,-5399.9521484375
100000000000000000000004,1,922625000,0,-49,0.589048622548086,0,0,0.640036010742188,1.63,0,-5399.9521484375
100000000000000000000005,1,922625000,0,-62.5,2.27029156607075,0,0,0.640036010742188,1.63,0,-5399.9521484375
100000000000000000000000,1,922625000,0,-57,5.25848614087198,0,0,0.640036010742188,1.63,0,-5399.9521484375
100000000000000000000003,1,922625000,0,-46,5.3198453723874,0,0,0.640036010742188,1.63,0,-5399.9521484375
100000000000000000000003,1,922625000,0,-46.5,5.3198453723874,0,0,0.640036010742188,1.63,0,-5399.9521484375
100000000000000000000001,1,922625000,0,-46.5,1.83464102231123,0,0,0.640036010742188,1.63,0,-5399.9521484375
100000000000000000000004,1,922625000,0,-49,0.570640853093458,0,0,0.640036010742188,1.63,0,-5399.9521484375
100000000000000000000005,1,922625000,0,-62.5,2.36846633649543,0,0,0.640036010742188,1.63,0,-5399.9521484375
100000000000000000000000,1,922625000,0,-57,5.24621429456889,0,0,0.640036010742188,1.63,0,-5399.9521484375
100000000000000000000002,1,922625000,0,-46,3.85335973916873,0,0,0.640036010742188,1.63,0,-5399.9521484375
100000000000000000000003,1,922625000,0,-46,5.31370944923586,0,0,0.640036010742188,1.63,0,-5399.9521484375
100000000000000000000005,1,922625000,0,-62.5,2.18438864194915,0,0,0.640036010742188,1.63,0,-5399.9521484375
100000000000000000000004,1,922625000,0,-49,0.570640853093458,0,0,0.640036010742188,1.63,0,-5399.9521484375
100000000000000000000001,1,922625000,0,-46.5,1.83464102231123,0,0,0.640036010742188,1.63,0,-5399.9521484375
100000000000000000000000,1,922625000,0,-57,5.26462206402352,0,0,0.640036010742188,1.63,0,-5399.9521484375
100000000000000000000002,1,922625000,0,-46,3.84722381601719,0,0,0.640036010742188,1.63,0,-5399.9521484375
100000000000000000000005,1,922625000,0,-63,2.16598087249453,0,0,0.640036010742188,1.63,0,-5399.9521484375
100000000000000000000000,1,922625000,0,-57,5.28302983347815,0,0,0.640036010742188,1.63,0,-5399.9521484375
100000000000000000000002,1,922625000,0,-46,3.86563158547182,0,0,0.640036010742188,1.63,0,-5399.9521484375
100000000000000000000001,1,922625000,0,-46.5,1.82850509915968,0,0,0.640036010742188,1.63,0,-5399.9521484375
100000000000000000000003,1,922625000,0,-46.5,5.32598129553895,0,0,0.640036010742188,1.63,0,-5399.9521484375
100000000000000000000004,1,922625000,0,-49,0.564504929941916,0,0,0.640036010742188,1.63,0,-5399.9521484375
100000000000000000000005,1,922625000,0,-62.5,2.25801971976766,0,0,0.640036010742188,1.63,0,-5399.9521484375
100000000000000000000003,1,922625000,0,-46.5,5.32598129553895,0,0,0.640036010742188,1.63,0,-5399.9521484375
100000000000000000000002,1,922625000,0,-46,3.87176750862336,0,0,0.640036010742188,1.63,0,-5399.9521484375
100000000000000000000000,1,922625000,0,-57,5.27689391032661,0,0,0.640036010742188,1.63,0,-5399.9521484375
100000000000000000000001,1,922625000,0,-46.5,1.82236917600814,0,0,0.640036010742188,1.63,0,-5399.9521484375
100000000000000000000004,1,922625000,0,-49,0.582912699396544,0,0,0.640036010742188,1.63,0,-5399.9521484375
100000000000000000000002,1,922625000,0,-46,3.85949566232027,0,0,0.640036010742188,1.63,0,-5399.9521484375
100000000000000000000004,1,922625000,0,-49,0.570640853093458,0,0,0.640036010742188,1.63,0,-5399.9521484375
100000000000000000000001,1,922625000,0,-46.5,1.8162332528566,0,0,0.640036010742188,1.63,0,-5399.9521484375
100000000000000000000000,1,922625000,0,-57,5.19712690935655,0,0,0.640036010742188,1.63,0,-5399.9521484375
100000000000000000000005,1,922625000,0,-62.5,2.23347602716149,0,0,0.640036010742188,1.63,0,-5399.9521484375
100000000000000000000003,1,922625000,0,-46.5,5.32598129553895,0,0,0.640036010742188,1.63,0,-5399.9521484375
100000000000000000000005,1,922625000,0,-62.5,2.21506825770687,0,0,0.640036010742188,1.63,0,-5399.9521484375
100000000000000000000000,1,922625000,0,-57,5.28302983347815,0,0,0.640036010742188,1.63,0,-5399.9521484375
100000000000000000000004,1,922625000,0,-49,0.576776776245001,0,0,0.640036010742188,1.63,0,-5399.9521484375
100000000000000000000002,1,922625000,0,-46,3.85949566232027,0,0,0.640036010742188,1.63,0,-5399.9521484375
100000000000000000000003,1,922625000,0,-46,5.30143760293278,0,0,0.640036010742188,1.63,0,-5399.9521484375
100000000000000000000001,1,922625000,0,-46.5,1.83464102231123,0,0,0.640036010742188,1.63,0,-5399.9521484375
100000000000000000000005,1,922625000,0,-63,2.34392264388926,0,0,0.640036010742188,1.63,0,-5399.9521484375
100000000000000000000003,1,922625000,0,-46.5,5.3198453723874,0,0,0.640036010742188,1.63,0,-5399.9521484375
100000000000000000000002,1,922625000,0,-46,3.85949566232027,0,0,0.640036010742188,1.63,0,-5399.9521484375
100000000000000000000000,1,922625000,0,-57,5.25848614087198,0,0,0.640036010742188,1.63,0,-5399.9521484375
100000000000000000000001,1,922625000,0,-46.5,1.80396140655351,0,0,0.640036010742188,1.63,0,-5399.9521484375
100000000000000000000004,1,922625000,0,-49,0.570640853093458,0,0,0.640036010742188,1.63,0,-5399.9521484375
100000000000000000000000,1,922625000,0,-57,5.23394244826581,0,0,0.640036010742188,1.63,0,-5399.9521484375
100000000000000000000004,1,922625000,0,-49,0.601320468851172,0,0,0.640036010742188,1.63,0,-5399.9521484375
100000000000000000000002,1,922625000,0,-46,3.85335973916873,0,0,0.640036010742188,1.63,0,-5399.9521484375
100000000000000000000005,1,922625000,0,-62.5,2.22734010400995,0,0,0.640036010742188,1.63,0,-5399.9521484375
100000000000000000000003,1,922625000,0,-46.5,5.32598129553895,0,0,0.640036010742188,1.63,0,-5399.9521484375
100000000000000000000001,1,922625000,0,-46.5,1.82850509915968,0,0,0.640036010742188,1.63,0,-5399.9521484375
100000000000000000000001,1,922625000,0,-46.5,1.84077694546277,0,0,0.640036010742188,1.63,0,-5399.9521484375
100000000000000000000003,1,922625000,0,-46,5.32598129553895,0,0,0.640036010742188,1.63,0,-5399.9521484375
100000000000000000000005,1,922625000,0,-62.5,2.35619449019234,0,0,0.640036010742188,1.63,0,-5399.9521484375
100000000000000000000004,1,922625000,0,-49,0.576776776245001,0,0,0.640036010742188,1.63,0,-5399.9521484375
100000000000000000000000,1,922625000,0,-57,5.24007837141735,0,0,0.640036010742188,1.63,0,-5399.9521484375
100000000000000000000002,1,922625000,0,-46,3.84722381601719,0,0,0.640036010742188,1.63,0,-5399.9521484375
100000000000000000000005,1,922625000,0,-62.5,2.46664110692011,0,0,0.640036010742188,1.63,0,-5399.9521484375
100000000000000000000001,1,922625000,0,-46.5,1.82236917600814,0,0,0.640036010742188,1.63,0,-5399.9521484375
100000000000000000000002,1,922625000,0,-46,3.86563158547182,0,0,0.640036010742188,1.63,0,-5399.9521484375
100000000000000000000004,1,922625000,0,-49,0.589048622548086,0,0,0.640036010742188,1.63,0,-5399.9521484375
100000000000000000000003,1,922625000,0,-46.5,5.28916575662969,0,0,0.640036010742188,1.63,0,-5399.9521484375
100000000000000000000000,1,922625000,0,-57.5,5.25848614087198,0,0,0.640036010742188,1.63,0,-5399.9521484375
100000000000000000000001,1,922625000,0,-46.5,1.79782548340197,0,0,0.640036010742188,1.63,0,-5399.9521484375
100000000000000000000002,1,922625000,0,-46,3.84108789286565,0,0,0.640036010742188,1.63,0,-5399.9521484375
100000000000000000000003,1,922625000,0,-46.5,5.31370944923586,0,0,0.640036010742188,1.63,0,-5399.9521484375
100000000000000000000000,1,922625000,0,-57,5.26462206402352,0,0,0.640036010742188,1.63,0,-5399.9521484375
100000000000000000000004,1,922625000,0,-49,0.589048622548086,0,0,0.640036010742188,1.63,0,-5399.9521484375
100000000000000000000005,1,922625000,0,-62.5,2.30710710498,0,0,0.640036010742188,1.63,0,-5399.9521484375
100000000000000000000001,1,922625000,0,-46.5,1.81009732970506,0,0,0.640036010742188,1.63,0,-5399.9521484375
100000000000000000000004,1,922625000,0,-49,0.570640853093458,0,0,0.640036010742188,1.63,0,-5399.9521484375
100000000000000000000000,1,922625000,0,-57.5,5.22167060196272,0,0,0.640036010742188,1.63,0,-5399.9521484375
100000000000000000000002,1,922625000,0,-46,3.8779034317749,0,0,0.640036010742188,1.63,0,-5399.9521484375
100000000000000000000005,1,922625000,0,-62.5,2.17825271879761,0,0,0.640036010742188,1.63,0,-5399.9521484375
100000000000000000000003,1,922625000,0,-46.5,5.3198453723874,0,0,0.640036010742188,1.63,0,-5399.9521484375
100000000000000000000004,1,922625000,0,-49,0.564504929941916,0,0,0.640036010742188,1.63,0,-5399.9521484375
100000000000000000000003,1,922625000,0,-46.5,5.30143760293278,0,0,0.640036010742188,1.63,0,-5399.9521484375
100000000000000000000000,1,922625000,0,-57,5.24007837141735,0,0,0.640036010742188,1.63,0,-5399.9521484375
100000000000000000000005,1,922625000,0,-62.5,2.30710710498,0,0,0.640036010742188,1.63,0,-5399.9521484375
100000000000000000000001,1,922625000,0,-46.5,1.82236917600814,0,0,0.640036010742188,1.63,0,-5399.9521484375
100000000000000000000002,1,922625000,0,-46,3.85335973916873,0,0,0.640036010742188,1.63,0,-5399.9521484375
100000000000000000000003,1,922625000,0,-46.5,5.3198453723874,0,0,0.640036010742188,1.63,0,-5399.9521484375
100000000000000000000001,1,922625000,0,-46.5,1.77941771394734,0,0,0.640036010742188,1.63,0,-5399.9521484375
100000000000000000000002,1,922625000,0,-46,3.86563158547182,0,0,0.640036010742188,1.63,0,-5399.9521484375
100000000000000000000005,1,922625000,0,-62.5,2.23347602716149,0,0,0.640036010742188,1.63,0,-5399.9521484375
100000000000000000000004,1,922625000,0,-49,0.570640853093458,0,0,0.640036010742188,1.63,0,-5399.9521484375
100000000000000000000000,1,922625000,0,-57,5.24007837141735,0,0,0.640036010742188,1.63,0,-5399.9521484375
100000000000000000000001,1,922625000,0,-46.5,1.82850509915968,0,0,0.640036010742188,1.63,0,-5399.9521484375
100000000000000000000000,1,922625000,0,-57,5.30143760293278,0,0,0.640036010742188,1.63,0,-5399.9521484375
100000000000000000000005,1,922625000,0,-62.5,2.25801971976766,0,0,0.640036010742188,1.63,0,-5399.9521484375
100000000000000000000002,1,922625000,0,-46,3.85335973916873,0,0,0.640036010742188,1.63,0,-5399.9521484375
100000000000000000000004,1,922625000,0,-48.5,0.570640853093458,0,0,0.640036010742188,1.63,0,-5399.9521484375
100000000000000000000003,1,922625000,0,-46.5,5.33211721869049,0,0,0.640036010742188,1.63,0,-5399.9521484375
100000000000000000000001,1,922625000,0,-46.5,1.8162332528566,0,0,0.640036010742188,1.63,0,-5399.9521484375
100000000000000000000005,1,922625000,0,-62.5,2.26415564291921,0,0,0.640036010742188,1.63,0,-5399.9521484375
100000000000000000000000,1,922625000,0,-57,5.28916575662969,0,0,0.640036010742188,1.63,0,-5399.9521484375
100000000000000000000004,1,922625000,0,-49,0.576776776245001,0,0,0.640036010742188,1.63,0,-5399.9521484375
100000000000000000000002,1,922625000,0,-46,3.89631120122953,0,0,0.640036010742188,1.63,0,-5399.9521484375
100000000000000000000003,1,922625000,0,-46.5,5.32598129553895,0,0,0.640036010742188,1.63,0,-5399.9521484375
100000000000000000000005,1,922625000,0,-63,2.22734010400995,0,0,0.640036010742188,1.63,0,-5399.9521484375
100000000000000000000002,1,922625000,0,-46,3.87176750862336,0,0,0.640036010742188,1.63,0,-5399.9521484375
100000000000000000000001,1,922625000,0,-46.5,1.84077694546277,0,0,0.640036010742188,1.63,0,-5399.9521484375
100000000000000000000003,1,922625000,0,-46.5,5.31370944923586,0,0,0.640036010742188,1.63,0,-5399.9521484375
100000000000000000000004,1,922625000,0,-49,0.595184545699629,0,0,0.640036010742188,1.63,0,-5399.9521484375
100000000000000000000000,1,922625000,0,-57,5.26462206402352,0,0,0.640036010742188,1.63,0,-5399.9521484375
100000000000000000000003,1,922625000,0,-46.5,5.35666091129666,0,0,0.640036010742188,1.63,0,-5399.9521484375
100000000000000000000002,1,922625000,0,-46,3.85335973916873,0,0,0.640036010742188,1.63,0,-5399.9521484375
100000000000000000000005,1,922625000,0,-62.5,2.27029156607075,0,0,0.640036010742188,1.63,0,-5399.9521484375
100000000000000000000001,1,922625000,0,-46.5,1.82850509915968,0,0,0.640036010742188,1.63,0,-5399.9521484375
100000000000000000000004,1,922625000,0,-49,0.589048622548086,0,0,0.640036010742188,1.63,0,-5399.9521484375
100000000000000000000000,1,922625000,0,-57,5.27075798717506,0,0,0.640036010742188,1.63,0,-5399.9521484375
100000000000000000000000,1,922625000,0,-57,5.30757352608432,0,0,0.640036010742188,1.63,0,-5399.9521484375
100000000000000000000005,1,922625000,0,-62.5,2.27029156607075,0,0,0.640036010742188,1.63,0,-5399.9521484375
100000000000000000000004,1,922625000,0,-49,0.589048622548086,0,0,0.640036010742188,1.63,0,-5399.9521484375
100000000000000000000003,1,922625000,0,-46.5,5.30143760293278,0,0,0.640036010742188,1.63,0,-5399.9521484375
100000000000000000000001,1,922625000,0,-46.5,1.82850509915968,0,0,0.640036010742188,1.63,0,-5399.9521484375
100000000000000000000002,1,922625000,0,-46,3.89017527807799,0,0,0.640036010742188,1.63,0,-5399.9521484375
100000000000000000000003,1,922625000,0,-46.5,5.32598129553895,0,0,0.640036010742188,1.63,0,-5399.9521484375
100000000000000000000001,1,922625000,0,-46.5,1.82850509915968,0,0,0.640036010742188,1.63,0,-5399.9521484375
100000000000000000000002,1,922625000,0,-46,3.87176750862336,0,0,0.640036010742188,1.63,0,-5399.9521484375
100000000000000000000004,1,922625000,0,-49,0.589048622548086,0,0,0.640036010742188,1.63,0,-5399.9521484375
100000000000000000000000,1,922625000,0,-57,5.24007837141735,0,0,0.640036010742188,1.63,0,-5399.9521484375
100000000000000000000005,1,922625000,0,-62.5,2.25188379661612,0,0,0.640036010742188,1.63,0,-5399.9521484375
100000000000000000000001,1,922625000,0,-46.5,1.80396140655351,0,0,0.640036010742188,1.63,0,-5399.9521484375
100000000000000000000000,1,922625000,0,-57,5.26462206402352,0,0,0.640036010742188,1.63,0,-5399.9521484375
100000000000000000000003,1,922625000,0,-46.5,5.32598129553895,0,0,0.640036010742188,1.63,0,-5399.9521484375
100000000000000000000004,1,922625000,0,-49,0.576776776245001,0,0,0.640036010742188,1.63,0,-5399.9521484375
100000000000000000000005,1,922625000,0,-62,2.26415564291921,0,0,0.640036010742188,1.63,0,-5399.9521484375
100000000000000000000002,1,922625000,0,-46,3.8779034317749,0,0,0.640036010742188,1.63,0,-5399.9521484375
100000000000000000000004,1,922625000,0,-49,0.564504929941916,0,0,0.640036010742188,1.63,0,-5399.9521484375
100000000000000000000003,1,922625000,0,-46.5,5.32598129553895,0,0,0.640036010742188,1.63,0,-5399.9521484375
100000000000000000000005,1,922625000,0,-62.5,2.26415564291921,0,0,0.640036010742188,1.63,0,-5399.9521484375
100000000000000000000001,1,922625000,0,-46.5,1.80396140655351,0,0,0.640036010742188,1.63,0,-5399.9521484375
100000000000000000000000,1,922625000,0,-57,5.25848614087198,0,0,0.640036010742188,1.63,0,-5399.9521484375
100000000000000000000002,1,922625000,0,-46,3.85949566232027,0,0,0.640036010742188,1.63,0,-5399.9521484375
100000000000000000000004,1,922625000,0,-49,0.582912699396544,0,0,0.640036010742188,1.63,0,-5399.9521484375
100000000000000000000005,1,922625000,0,-62,2.31324302813155,0,0,0.640036010742188,1.63,0,-5399.9521484375
100000000000000000000003,1,922625000,0,-46.5,5.3198453723874,0,0,0.640036010742188,1.63,0,-5399.9521484375
100000000000000000000001,1,922625000,0,-46.5,1.8162332528566,0,0,0.640036010742188,1.63,0,-5399.9521484375
100000000000000000000002,1,922625000,0,-46,3.86563158547182,0,0,0.640036010742188,1.63,0,-5399.9521484375
100000000000000000000000,1,922625000,0,-57,5.24007837141735,0,0,0.640036010742188,1.63,0,-5399.9521484375
100000000000000000000001,1,922625000,0,-46.5,1.79782548340197,0,0,0.640036010742188,1.63,0,-5399.9521484375
100000000000000000000005,1,922625000,0,-62.5,2.23347602716149,0,0,0.640036010742188,1.63,0,-5399.9521484375
100000000000000000000004,1,922625000,0,-49,0.570640853093458,0,0,0.640036010742188,1.63,0,-5399.9521484375
100000000000000000000003,1,922625000,0,-46.5,5.3198453723874,0,0,0.640036010742188,1.63,0,-5399.9521484375
100000000000000000000002,1,922625000,0,-46,3.85949566232027,0,0,0.640036010742188,1.63,0,-5399.9521484375
100000000000000000000000,1,922625000,0,-57,5.26462206402352,0,0,0.640036010742188,1.63,0,-5399.9521484375
100000000000000000000002,1,922625000,0,-46,3.87176750862336,0,0,0.640036010742188,1.63,0,-5399.9521484375
100000000000000000000004,1,922625000,0,-49,0.576776776245001,0,0,0.640036010742188,1.63,0,-5399.9521484375
100000000000000000000005,1,922625000,0,-63,2.35619449019234,0,0,0.640036010742188,1.63,0,-5399.9521484375
100000000000000000000001,1,922625000,0,-46.5,1.81009732970506,0,0,0.640036010742188,1.63,0,-5399.9521484375
100000000000000000000003,1,922625000,0,-46.5,5.32598129553895,0,0,0.640036010742188,1.63,0,-5399.9521484375
100000000000000000000000,1,922625000,0,-57,5.28302983347815,0,0,0.640036010742188,1.63,0,-5399.9521484375
100000000000000000000003,1,922625000,0,-46,5.3198453723874,0,0,0.640036010742188,1.63,0,-5399.9521484375
100000000000000000000004,1,922625000,0,-49,0.576776776245001,0,0,0.640036010742188,1.63,0,-5399.9521484375
100000000000000000000001,1,922625000,0,-46.5,1.82236917600814,0,0,0.640036010742188,1.63,0,-5399.9521484375
100000000000000000000002,1,922625000,0,-46,3.86563158547182,0,0,0.640036010742188,1.63,0,-5399.9521484375
100000000000000000000000,1,922625000,0,-57,5.19712690935655,0,0,0.640036010742188,1.63,0,-5399.9521484375
100000000000000000000005,1,922625000,0,-62.5,2.31937895128309,0,0,0.640036010742188,1.63,0,-5399.9521484375
100000000000000000000004,1,922625000,0,-49,0.576776776245001,0,0,0.640036010742188,1.63,0,-5399.9521484375
100000000000000000000005,1,922625000,0,-62.5,2.23347602716149,0,0,0.640036010742188,1.63,0,-5399.9521484375
100000000000000000000003,1,922625000,0,-46.5,5.32598129553895,0,0,0.640036010742188,1.63,0,-5399.9521484375
100000000000000000000001,1,922625000,0,-46.5,1.82236917600814,0,0,0.640036010742188,1.63,0,-5399.9521484375
100000000000000000000002,1,922625000,0,-46,3.87176750862336,0,0,0.640036010742188,1.63,0,-5399.9521484375
100000000000000000000000,1,922625000,0,-57,5.22780652511427,0,0,0.640036010742188,1.63,0,-5399.9521484375
100000000000000000000001,1,922625000,0,-46.5,1.81009732970506,0,0,0.640036010742188,1.63,0,-5399.9521484375
100000000000000000000005,1,922625000,0,-62.5,2.29483525867692,0,0,0.640036010742188,1.63,0,-5399.9521484375
100000000000000000000004,1,922625000,0,-48.5,0.546097160487288,0,0,0.640036010742188,1.63,0,-5399.9521484375
100000000000000000000003,1,922625000,0,-46.5,5.32598129553895,0,0,0.640036010742188,1.63,0,-5399.9521484375
100000000000000000000000,1,922625000,0,-57,5.25235021772044,0,0,0.640036010742188,1.63,0,-5399.9521484375
100000000000000000000002,1,922625000,0,-46,3.87176750862336,0,0,0.640036010742188,1.63,0,-5399.9521484375
100000000000000000000001,1,922625000,0,-46.5,1.82850509915968,0,0,0.640036010742188,1.63,0,-5399.9521484375
100000000000000000000003,1,922625000,0,-46,5.33211721869049,0,0,0.640036010742188,1.63,0,-5399.9521484375
100000000000000000000005,1,922625000,0,-62.5,2.31937895128309,0,0,0.640036010742188,1.63,0,-5399.9521484375
100000000000000000000004,1,922625000,0,-49,0.564504929941916,0,0,0.640036010742188,1.63,0,-5399.9521484375
100000000000000000000000,1,922625000,0,-57.5,5.25848614087198,0,0,0.640036010742188,1.63,0,-5399.9521484375
100000000000000000000002,1,922625000,0,-46,3.88403935492644,0,0,0.640036010742188,1.63,0,-5399.9521484375
100000000000000000000001,1,922625000,0,-46.5,1.82850509915968,0,0,0.640036010742188,1.63,0,-5399.9521484375
100000000000000000000004,1,922625000,0,-49,0.582912699396544,0,0,0.640036010742188,1.63,0,-5399.9521484375
100000000000000000000002,1,922625000,0,-46,3.84722381601719,0,0,0.640036010742188,1.63,0,-5399.9521484375
100000000000000000000003,1,922625000,0,-46.5,5.3198453723874,0,0,0.640036010742188,1.63,0,-5399.9521484375
100000000000000000000000,1,922625000,0,-57,5.27075798717506,0,0,0.640036010742188,1.63,0,-5399.9521484375
100000000000000000000005,1,922625000,0,-62.5,2.23961195031304,0,0,0.640036010742188,1.63,0,-5399.9521484375
100000000000000000000001,1,922625000,0,-46.5,1.81009732970506,0,0,0.640036010742188,1.63,0,-5399.9521484375
100000000000000000000003,1,922625000,0,-46,5.30757352608432,0,0,0.640036010742188,1.63,0,-5399.9521484375
100000000000000000000004,1,922625000,0,-49,0.546097160487288,0,0,0.640036010742188,1.63,0,-5399.9521484375
100000000000000000000002,1,922625000,0,-46,3.85335973916873,0,0,0.640036010742188,1.63,0,-5399.9521484375
100000000000000000000000,1,922625000,0,-57,5.23394244826581,0,0,0.640036010742188,1.63,0,-5399.9521484375
100000000000000000000005,1,922625000,0,-62.5,2.29483525867692,0,0,0.640036010742188,1.63,0,-5399.9521484375
100000000000000000000005,1,922625000,0,-62.5,2.27029156607075,0,0,0.640036010742188,1.63,0,-5399.9521484375
100000000000000000000003,1,922625000,0,-46.5,5.3198453723874,0,0,0.640036010742188,1.63,0,-5399.9521484375
100000000000000000000000,1,922625000,0,-57.5,5.26462206402352,0,0,0.640036010742188,1.63,0,-5399.9521484375
100000000000000000000002,1,922625000,0,-46,3.84722381601719,0,0,0.640036010742188,1.63,0,-5399.9521484375
100000000000000000000004,1,922625000,0,-49,0.595184545699629,0,0,0.640036010742188,1.63,0,-5399.9521484375
100000000000000000000001,1,922625000,0,-46.5,1.82236917600814,0,0,0.640036010742188,1.63,0,-5399.9521484375
100000000000000000000000,1,922625000,0,-57,5.22167060196272,0,0,0.640036010742188,1.63,0,-5399.9521484375
100000000000000000000001,1,922625000,0,-46.5,1.80396140655351,0,0,0.640036010742188,1.63,0,-5399.9521484375
100000000000000000000005,1,922625000,0,-62.5,2.30710710498,0,0,0.640036010742188,1.63,0,-5399.9521484375
100000000000000000000004,1,922625000,0,-49,0.570640853093458,0,0,0.640036010742188,1.63,0,-5399.9521484375
100000000000000000000002,1,922625000,0,-46,3.85335973916873,0,0,0.640036010742188,1.63,0,-5399.9521484375
100000000000000000000003,1,922625000,0,-46,5.32598129553895,0,0,0.640036010742188,1.63,0,-5399.9521484375
100000000000000000000001,1,922625000,0,-46.5,1.8162332528566,0,0,0.640036010742188,1.63,0,-5399.9521484375
100000000000000000000003,1,922625000,0,-46,5.31370944923586,0,0,0.640036010742188,1.63,0,-5399.9521484375
100000000000000000000004,1,922625000,0,-49,0.570640853093458,0,0,0.640036010742188,1.63,0,-5399.9521484375
100000000000000000000000,1,922625000,0,-57,5.23394244826581,0,0,0.640036010742188,1.63,0,-5399.9521484375
100000000000000000000002,1,922625000,0,-46,3.86563158547182,0,0,0.640036010742188,1.63,0,-5399.9521484375
100000000000000000000005,1,922625000,0,-62.5,2.30710710498,0,0,0.640036010742188,1.63,0,-5399.9521484375
100000000000000000000003,1,922625000,0,-46.5,5.3198453723874,0,0,0.640036010742188,1.63,0,-5399.9521484375
100000000000000000000002,1,922625000,0,-46,3.84108789286565,0,0,0.640036010742188,1.63,0,-5399.9521484375
100000000000000000000005,1,922625000,0,-62.5,2.27642748922229,0,0,0.640036010742188,1.63,0,-5399.9521484375
100000000000000000000000,1,922625000,0,-57.5,5.25848614087198,0,0,0.640036010742188,1.63,0,-5399.9521484375
100000000000000000000001,1,922625000,0,-46.5,1.81009732970506,0,0,0.640036010742188,1.63,0,-5399.9521484375
100000000000000000000004,1,922625000,0,-49,0.607456392002714,0,0,0.640036010742188,1.63,0,-5399.9521484375
100000000000000000000001,1,922625000,0,-46.5,1.82850509915968,0,0,0.640036010742188,1.63,0,-5399.9521484375
100000000000000000000004,1,922625000,0,-49,0.576776776245001,0,0,0.640036010742188,1.63,0,-5399.9521484375
100000000000000000000003,1,922625000,0,-46,5.30757352608432,0,0,0.640036010742188,1.63,0,-5399.9521484375
100000000000000000000000,1,922625000,0,-57,5.24621429456889,0,0,0.640036010742188,1.63,0,-5399.9521484375
100000000000000000000002,1,922625000,0,-46,3.86563158547182,0,0,0.640036010742188,1.63,0,-5399.9521484375
100000000000000000000005,1,922625000,0,-63,2.25188379661612,0,0,0.640036010742188,1.63,0,-5399.9521484375
100000000000000000000002,1,922625000,0,-46,3.84722381601719,0,0,0.640036010742188,1.63,0,-5399.9521484375
100000000000000000000004,1,922625000,0,-49,0.595184545699629,0,0,0.640036010742188,1.63,0,-5399.9521484375
100000000000000000000005,1,922625000,0,-62,2.34392264388926,0,0,0.640036010742188,1.63,0,-5399.9521484375
100000000000000000000003,1,922625000,0,-46.5,5.30143760293278,0,0,0.640036010742188,1.63,0,-5399.9521484375
100000000000000000000000,1,922625000,0,-57,5.28302983347815,0,0,0.640036010742188,1.63,0,-5399.9521484375
100000000000000000000001,1,922625000,0,-46.5,1.79782548340197,0,0,0.640036010742188,1.63,0,-5399.9521484375
100000000000000000000001,1,922625000,0,-46.5,1.81009732970506,0,0,0.640036010742188,1.63,0,-5399.9521484375
100000000000000000000002,1,922625000,0,-46,3.8779034317749,0,0,0.640036010742188,1.63,0,-5399.9521484375
100000000000000000000000,1,922625000,0,-57,5.23394244826581,0,0,0.640036010742188,1.63,0,-5399.9521484375
100000000000000000000003,1,922625000,0,-46.5,5.30757352608432,0,0,0.640036010742188,1.63,0,-5399.9521484375
100000000000000000000004,1,922625000,0,-49,0.576776776245001,0,0,0.640036010742188,1.63,0,-5399.9521484375
100000000000000000000005,1,922625000,0,-62.5,2.27029156607075,0,0,0.640036010742188,1.63,0,-5399.9521484375
100000000000000000000002,1,922625000,0,-46,3.88403935492644,0,0,0.640036010742188,1.63,0,-5399.9521484375
100000000000000000000003,1,922625000,0,-46.5,5.32598129553895,0,0,0.640036010742188,1.63,0,-5399.9521484375
100000000000000000000005,1,922625000,0,-62,2.24574787346458,0,0,0.640036010742188,1.63,0,-5399.9521484375
100000000000000000000004,1,922625000,0,-49,0.576776776245001,0,0,0.640036010742188,1.63,0,-5399.9521484375
100000000000000000000001,1,922625000,0,-46.5,1.81009732970506,0,0,0.640036010742188,1.63,0,-5399.9521484375
100000000000000000000000,1,922625000,0,-57,5.23394244826581,0,0,0.640036010742188,1.63,0,-5399.9521484375
100000000000000000000001,1,922625000,0,-46.5,1.8162332528566,0,0,0.640036010742188,1.63,0,-5399.9521484375
100000000000000000000004,1,922625000,0,-49,0.576776776245001,0,0,0.640036010742188,1.63,0,-5399.9521484375
100000000000000000000002,1,922625000,0,-46,3.8779034317749,0,0,0.640036010742188,1.63,0,-5399.9521484375
100000000000000000000000,1,922625000,0,-57,5.28302983347815,0,0,0.640036010742188,1.63,0,-5399.9521484375
100000000000000000000005,1,922625000,0,-62.5,2.31937895128309,0,0,0.640036010742188,1.63,0,-5399.9521484375
100000000000000000000003,1,922625000,0,-46.5,5.31370944923586,0,0,0.640036010742188,1.63,0,-5399.9521484375
100000000000000000000004,1,922625000,0,-49,0.589048622548086,0,0,0.640036010742188,1.63,0,-5399.9521484375
100000000000000000000003,1,922625000,0,-46.5,5.28916575662969,0,0,0.640036010742188,1.63,0,-5399.9521484375
100000000000000000000001,1,922625000,0,-46.5,1.8162332528566,0,0,0.640036010742188,1.63,0,-5399.9521484375
100000000000000000000005,1,922625000,0,-62.5,2.31937895128309,0,0,0.640036010742188,1.63,0,-5399.9521484375
100000000000000000000002,1,922625000,0,-46,3.88403935492644,0,0,0.640036010742188,1.63,0,-5399.9521484375
100000000000000000000000,1,922625000,0,-57,5.22167060196272,0,0,0.640036010742188,1.63,0,-5399.9521484375
100000000000000000000002,1,922625000,0,-46,3.86563158547182,0,0,0.640036010742188,1.63,0,-5399.9521484375
100000000000000000000000,1,922625000,0,-57,5.24007837141735,0,0,0.640036010742188,1.63,0,-5399.9521484375
100000000000000000000001,1,922625000,0,-46.5,1.82236917600814,0,0,0.640036010742188,1.63,0,-5399.9521484375
100000000000000000000003,1,922625000,0,-46,5.3198453723874,0,0,0.640036010742188,1.63,0,-5399.9521484375
100000000000000000000004,1,922625000,0,-49,0.576776776245001,0,0,0.640036010742188,1.63,0,-5399.9521484375
100000000000000000000005,1,922625000,0,-62.5,2.22120418085841,0,0,0.640036010742188,1.63,0,-5399.9521484375
100000000000000000000001,1,923125000,0,-46.5,2.02485464000905,0,0,0.640036010742188,1.63,0,-5399.9521484375
100000000000000000000002,1,923125000,0,-45.5,4.11106851153352,0,0,0.640036010742188,1.63,0,-5399.9521484375
100000000000000000000003,1,923125000,0,-46.5,5.57755414475219,0,0,0.640036010742188,1.63,0,-5399.9521484375
100000000000000000000000,1,923125000,0,-57,5.39961237335746,0,0,0.640036010742188,1.63,0,-5399.9521484375
100000000000000000000004,1,923125000,0,-49,0.730174855033566,0,0,0.640036010742188,1.63,0,-5399.9521484375
100000000000000000000005,1,923125000,0,-62,2.54640810789016,0,0,0.640036010742188,1.63,0,-5399.9521484375
100000000000000000000005,1,923125000,0,-62,2.5954954931025,0,0,0.640036010742188,1.63,0,-5399.9521484375
100000000000000000000000,1,923125000,0,-57,5.405748296509,0,0,0.640036010742188,1.63,0,-5399.9521484375
100000000000000000000001,1,923125000,0,-46.5,2.0187187168575,0,0,0.640036010742188,1.63,0,-5399.9521484375
100000000000000000000003,1,923125000,0,-46.5,5.57755414475219,0,0,0.640036010742188,1.63,0,-5399.9521484375
100000000000000000000004,1,923125000,0,-49,0.760854470791278,0,0,0.640036010742188,1.63,0,-5399.9521484375
100000000000000000000002,1,923125000,0,-45.5,4.09879666523043,0,0,0.640036010742188,1.63,0,-5399.9521484375
100000000000000000000004,1,923125000,0,-49,0.74244670133665,0,0,0.640036010742188,1.63,0,-5399.9521484375
100000000000000000000003,1,923125000,0,-46.5,5.58369006790373,0,0,0.640036010742188,1.63,0,-5399.9521484375
100000000000000000000005,1,923125000,0,-62,2.55254403104171,0,0,0.640036010742188,1.63,0,-5399.9521484375
100000000000000000000002,1,923125000,0,-45.5,4.09266074207889,0,0,0.640036010742188,1.63,0,-5399.9521484375
100000000000000000000001,1,923125000,0,-46.5,2.02485464000905,0,0,0.640036010742188,1.63,0,-5399.9521484375
100000000000000000000000,1,923125000,0,-57,5.41802014281208,0,0,0.640036010742188,1.63,0,-5399.9521484375
100000000000000000000005,1,923125000,0,-62.5,2.71207803298181,0,0,0.640036010742188,1.63,0,-5399.9521484375
100000000000000000000001,1,923125000,0,-46.5,2.03712648631213,0,0,0.640036010742188,1.63,0,-5399.9521484375
100000000000000000000002,1,923125000,0,-45.5,4.08038889577581,0,0,0.640036010742188,1.63,0,-5399.9521484375
100000000000000000000000,1,923125000,0,-57,5.37506868075129,0,0,0.640036010742188,1.63,0,-5399.9521484375
100000000000000000000004,1,923125000,0,-49,0.74244670133665,0,0,0.640036010742188,1.63,0,-5399.9521484375
100000000000000000000003,1,923125000,0,-46.5,5.60209783735836,0,0,0.640036010742188,1.63,0,-5399.9521484375
100000000000000000000000,1,923125000,0,-57,5.35666091129666,0,0,0.640036010742188,1.63,0,-5399.9521484375
100000000000000000000003,1,923125000,0,-46.5,5.58982599105528,0,0,0.640036010742188,1.63,0,-5399.9521484375
100000000000000000000002,1,923125000,0,-45.5,4.08652481892735,0,0,0.640036010742188,1.63,0,-5399.9521484375
100000000000000000000004,1,923125000,0,-49,0.748582624488193,0,0,0.640036010742188,1.63,0,-5399.9521484375
100000000000000000000001,1,923125000,0,-46.5,2.0187187168575,0,0,0.640036010742188,1.63,0,-5399.9521484375
100000000000000000000005,1,923125000,0,-62,2.61390326255713,0,0,0.640036010742188,1.63,0,-5399.9521484375
100000000000000000000001,1,923125000,0,-46.5,2.0187187168575,0,0,0.640036010742188,1.63,0,-5399.9521484375
100000000000000000000004,1,923125000,0,-49,0.748582624488193,0,0,0.640036010742188,1.63,0,-5399.9521484375
100000000000000000000003,1,923125000,0,-46.5,5.57755414475219,0,0,0.640036010742188,1.63,0,-5399.9521484375
100000000000000000000000,1,923125000,0,-57,5.41802014281208,0,0,0.640036010742188,1.63,0,-5399.9521484375
100000000000000000000005,1,923125000,0,-62,2.56481587734479,0,0,0.640036010742188,1.63,0,-5399.9521484375
100000000000000000000002,1,923125000,0,-45.5,4.08652481892735,0,0,0.640036010742188,1.63,0,-5399.9521484375
100000000000000000000002,1,923125000,0,-45.5,4.09879666523043,0,0,0.640036010742188,1.63,0,-5399.9521484375
100000000000000000000001,1,923125000,0,-46.5,2.03712648631213,0,0,0.640036010742188,1.63,0,-5399.9521484375
100000000000000000000005,1,923125000,0,-62.5,2.55254403104171,0,0,0.640036010742188,1.63,0,-5399.9521484375
100000000000000000000004,1,923125000,0,-49,0.748582624488193,0,0,0.640036010742188,1.63,0,-5399.9521484375
100000000000000000000003,1,923125000,0,-46.5,5.57755414475219,0,0,0.640036010742188,1.63,0,-5399.9521484375
100000000000000000000000,1,923125000,0,-57.5,5.36893275759974,0,0,0.640036010742188,1.63,0,-5399.9521484375
100000000000000000000005,1,923125000,0,-62.5,2.57095180049633,0,0,0.640036010742188,1.63,0,-5399.9521484375
100000000000000000000002,1,923125000,0,-45.5,4.08652481892735,0,0,0.640036010742188,1.63,0,-5399.9521484375
100000000000000000000000,1,923125000,0,-57,5.37506868075129,0,0,0.640036010742188,1.63,0,-5399.9521484375
100000000000000000000003,1,923125000,0,-46.5,5.57141822160065,0,0,0.640036010742188,1.63,0,-5399.9521484375
100000000000000000000001,1,923125000,0,-46.5,2.02485464000905,0,0,0.640036010742188,1.63,0,-5399.9521484375
100000000000000000000004,1,923125000,0,-49,0.74244670133665,0,0,0.640036010742188,1.63,0,-5399.9521484375
100000000000000000000000,1,923125000,0,-57,5.42415606596363,0,0,0.640036010742188,1.63,0,-5399.9521484375
100000000000000000000004,1,923125000,0,-49,0.730174855033566,0,0,0.640036010742188,1.63,0,-5399.9521484375
100000000000000000000003,1,923125000,0,-46.5,5.58982599105528,0,0,0.640036010742188,1.63,0,-5399.9521484375
100000000000000000000005,1,923125000,0,-62,2.60163141625405,0,0,0.640036010742188,1.63,0,-5399.9521484375
100000000000000000000002,1,923125000,0,-45.5,4.11106851153352,0,0,0.640036010742188,1.63,0,-5399.9521484375
100000000000000000000001,1,923125000,0,-46,2.03099056316059,0,0,0.640036010742188,1.63,0,-5399.9521484375
100000000000000000000000,1,923125000,0,-57,5.38734052705437,0,0,0.640036010742188,1.63,0,-5399.9521484375
100000000000000000000002,1,923125000,0,-45.5,4.09266074207889,0,0,0.640036010742188,1.63,0,-5399.9521484375
100000000000000000000005,1,923125000,0,-62.5,2.5954954931025,0,0,0.640036010742188,1.63,0,-5399.9521484375
100000000000000000000003,1,923125000,0,-46.5,5.58982599105528,0,0,0.640036010742188,1.63,0,-5399.9521484375
100000000000000000000001,1,923125000,0,-46.5,2.04939833261522,0,0,0.640036010742188,1.63,0,-5399.9521484375
100000000000000000000004,1,923125000,0,-49,0.724038931882022,0,0,0.640036010742188,1.63,0,-5399.9521484375
100000000000000000000002,1,923125000,0,-45.5,4.09879666523043,0,0,0.640036010742188,1.63,0,-5399.9521484375
100000000000000000000005,1,923125000,0,-62,2.60776733940559,0,0,0.640036010742188,1.63,0,-5399.9521484375
100000000000000000000000,1,923125000,0,-57,5.41802014281208,0,0,0.640036010742188,1.63,0,-5399.9521484375
100000000000000000000003,1,923125000,0,-46.5,5.56528229844911,0,0,0.640036010742188,1.63,0,-5399.9521484375
100000000000000000000001,1,923125000,0,-46.5,2.00644687055442,0,0,0.640036010742188,1.63,0,-5399.9521484375
100000000000000000000004,1,923125000,0,-49,0.754718547639736,0,0,0.640036010742188,1.63,0,-5399.9521484375
100000000000000000000000,1,923125000,0,-57.5,5.46710752802443,0,0,0.640036010742188,1.63,0,-5399.9521484375
100000000000000000000004,1,923125000,0,-49,0.74244670133665,0,0,0.640036010742188,1.63,0,-5399.9521484375
100000000000000000000002,1,923125000,0,-45.5,4.08652481892735,0,0,0.640036010742188,1.63,0,-5399.9521484375
100000000000000000000001,1,923125000,0,-46,2.03712648631213,0,0,0.640036010742188,1.63,0,-5399.9521484375
100000000000000000000003,1,923125000,0,-46.5,5.58369006790373,0,0,0.640036010742188,1.63,0,-5399.9521484375
100000000000000000000005,1,923125000,0,-62.5,2.68753434037564,0,0,0.640036010742188,1.63,0,-5399.9521484375
100000000000000000000003,1,923125000,0,-47,5.58982599105528,0,0,0.640036010742188,1.63,0,-5399.9521484375
100000000000000000000000,1,923125000,0,-57,5.44256383541826,0,0,0.640036010742188,1.63,0,-5399.9521484375
100000000000000000000005,1,923125000,0,-62.5,2.58322364679942,0,0,0.640036010742188,1.63,0,-5399.9521484375
100000000000000000000001,1,923125000,0,-46,2.03712648631213,0,0,0.640036010742188,1.63,0,-5399.9521484375
100000000000000000000002,1,923125000,0,-45.5,4.09266074207889,0,0,0.640036010742188,1.63,0,-5399.9521484375
100000000000000000000004,1,923125000,0,-49,0.748582624488193,0,0,0.640036010742188,1.63,0,-5399.9521484375
100000000000000000000005,1,923125000,0,-62,2.55867995419325,0,0,0.640036010742188,1.63,0,-5399.9521484375
100000000000000000000001,1,923125000,0,-46.5,2.02485464000905,0,0,0.640036010742188,1.63,0,-5399.9521484375
100000000000000000000003,1,923125000,0,-47,5.57755414475219,0,0,0.640036010742188,1.63,0,-5399.9521484375
100000000000000000000002,1,923125000,0,-45.5,4.11106851153352,0,0,0.640036010742188,1.63,0,-5399.9521484375
100000000000000000000004,1,923125000,0,-49,0.773126317094363,0,0,0.640036010742188,1.63,0,-5399.9521484375
100000000000000000000000,1,923125000,0,-57,5.4486997585698,0,0,0.640036010742188,1.63,0,-5399.9521484375
100000000000000000000001,1,923125000,0,-46,2.04326240946367,0,0,0.640036010742188,1.63,0,-5399.9521484375
100000000000000000000003,1,923125000,0,-46.5,5.58982599105528,0,0,0.640036010742188,1.63,0,-5399.9521484375
100000000000000000000004,1,923125000,0,-49,0.760854470791278,0,0,0.640036010742188,1.63,0,-5399.9521484375
100000000000000000000005,1,923125000,0,-62,2.50959256898091,0,0,0.640036010742188,1.63,0,-5399.9521484375
100000000000000000000002,1,923125000,0,-45.5,4.11106851153352,0,0,0.640036010742188,1.63,0,-5399.9521484375
100000000000000000000000,1,923125000,0,-57,5.44256383541826,0,0,0.640036010742188,1.63,0,-5399.9521484375
100000000000000000000001,1,923125000,0,-46,2.02485464000905,0,0,0.640036010742188,1.63,0,-5399.9521484375
100000000000000000000000,1,923125000,0,-57,5.41188421966054,0,0,0.640036010742188,1.63,0,-5399.9521484375
100000000000000000000004,1,923125000,0,-49,0.736310778185108,0,0,0.640036010742188,1.63,0,-5399.9521484375
100000000000000000000002,1,923125000,0,-45.5,4.11106851153352,0,0,0.640036010742188,1.63,0,-5399.9521484375
100000000000000000000003,1,923125000,0,-46.5,5.57141822160065,0,0,0.640036010742188,1.63,0,-5399.9521484375
100000000000000000000005,1,923125000,0,-62.5,2.45436926061703,0,0,0.640036010742188,1.63,0,-5399.9521484375
100000000000000000000001,1,923125000,0,-46.5,2.02485464000905,0,0,0.640036010742188,1.63,0,-5399.9521484375
100000000000000000000004,1,923125000,0,-49,0.760854470791278,0,0,0.640036010742188,1.63,0,-5399.9521484375
100000000000000000000005,1,923125000,0,-62.5,2.51572849213245,0,0,0.640036010742188,1.63,0,-5399.9521484375
100000000000000000000002,1,923125000,0,-45.5,4.10493258838198,0,0,0.640036010742188,1.63,0,-5399.9521484375
100000000000000000000000,1,923125000,0,-57,5.43029198911517,0,0,0.640036010742188,1.63,0,-5399.9521484375
100000000000000000000003,1,923125000,0,-46.5,5.58369006790373,0,0,0.640036010742188,1.63,0,-5399.9521484375
100000000000000000000004,1,923125000,0,-49,0.730174855033566,0,0,0.640036010742188,1.63,0,-5399.9521484375
100000000000000000000000,1,923125000,0,-57,5.43642791226671,0,0,0.640036010742188,1.63,0,-5399.9521484375
100000000000000000000003,1,923125000,0,-47,5.55301045214602,0,0,0.640036010742188,1.63,0,-5399.9521484375
100000000000000000000005,1,923125000,0,-62.5,2.58935956995096,0,0,0.640036010742188,1.63,0,-5399.9521484375
100000000000000000000002,1,923125000,0,-45.5,4.10493258838198,0,0,0.640036010742188,1.63,0,-5399.9521484375
100000000000000000000001,1,923125000,0,-46.5,2.04939833261522,0,0,0.640036010742188,1.63,0,-5399.9521484375
100000000000000000000002,1,923125000,0,-45.5,4.10493258838198,0,0,0.640036010742188,1.63,0,-5399.9521484375
100000000000000000000001,1,923125000,0,-46.5,2.00031094740288,0,0,0.640036010742188,1.63,0,-5399.9521484375
100000000000000000000003,1,923125000,0,-46.5,5.58982599105528,0,0,0.640036010742188,1.63,0,-5399.9521484375
100000000000000000000005,1,923125000,0,-62,2.62617510886022,0,0,0.640036010742188,1.63,0,-5399.9521484375
100000000000000000000004,1,923125000,0,-49,0.71790300873048,0,0,0.640036010742188,1.63,0,-5399.9521484375
100000000000000000000000,1,923125000,0,-57,5.39961237335746,0,0,0.640036010742188,1.63,0,-5399.9521484375
100000000000000000000005,1,923125000,0,-62.5,2.5954954931025,0,0,0.640036010742188,1.63,0,-5399.9521484375
100000000000000000000002,1,923125000,0,-45.5,4.09266074207889,0,0,0.640036010742188,1.63,0,-5399.9521484375
100000000000000000000003,1,923125000,0,-47,5.58982599105528,0,0,0.640036010742188,1.63,0,-5399.9521484375
100000000000000000000000,1,923125000,0,-57,5.405748296509,0,0,0.640036010742188,1.63,0,-5399.9521484375
100000000000000000000001,1,923125000,0,-46.5,2.03099056316059,0,0,0.640036010742188,1.63,0,-5399.9521484375
100000000000000000000004,1,923125000,0,-49,0.74244670133665,0,0,0.640036010742188,1.63,0,-5399.9521484375
100000000000000000000003,1,923125000,0,-46.5,5.57755414475219,0,0,0.640036010742188,1.63,0,-5399.9521484375
100000000000000000000004,1,923125000,0,-49,0.760854470791278,0,0,0.640036010742188,1.63,0,-5399.9521484375
100000000000000000000005,1,923125000,0,-62.5,2.55254403104171,0,0,0.640036010742188,1.63,0,-5399.9521484375
100000000000000000000000,1,923125000,0,-57,5.39961237335746,0,0,0.640036010742188,1.63,0,-5399.9521484375
100000000000000000000002,1,923125000,0,-45.5,4.11106851153352,0,0,0.640036010742188,1.63,0,-5399.9521484375
100000000000000000000001,1,923125000,0,-46,2.03712648631213,0,0,0.640036010742188,1.63,0,-5399.9521484375
100000000000000000000003,1,923125000,0,-46.5,5.57755414475219,0,0,0.640036010742188,1.63,0,-5399.9521484375
100000000000000000000004,1,923125000,0,-49,0.730174855033566,0,0,0.640036010742188,1.63,0,-5399.9521484375
100000000000000000000005,1,923125000,0,-62.5,2.62003918570868,0,0,0.640036010742188,1.63,0,-5399.9521484375
100000000000000000000000,1,923125000,0,-57,5.405748296509,0,0,0.640036010742188,1.63,0,-5399.9521484375
100000000000000000000002,1,923125000,0,-45.5,4.09266074207889,0,0,0.640036010742188,1.63,0,-5399.9521484375
100000000000000000000001,1,923125000,0,-46.5,2.00644687055442,0,0,0.640036010742188,1.63,0,-5399.9521484375
100000000000000000000000,1,923125000,0,-57,5.38120460390283,0,0,0.640036010742188,1.63,0,-5399.9521484375
100000000000000000000003,1,923125000,0,-46.5,5.57755414475219,0,0,0.640036010742188,1.63,0,-5399.9521484375
100000000000000000000005,1,923125000,0,-62.5,2.58935956995096,0,0,0.640036010742188,1.63,0,-5399.9521484375
100000000000000000000001,1,923125000,0,-46.5,2.03099056316059,0,0,0.640036010742188,1.63,0,-5399.9521484375
100000000000000000000002,1,923125000,0,-45.5,4.11106851153352,0,0,0.640036010742188,1.63,0,-5399.9521484375
100000000000000000000004,1,923125000,0,-49,0.754718547639736,0,0,0.640036010742188,1.63,0,-5399.9521484375
100000000000000000000005,1,923125000,0,-62,2.58935956995096,0,0,0.640036010742188,1.63,0,-5399.9521484375
100000000000000000000003,1,923125000,0,-46.5,5.57755414475219,0,0,0.640036010742188,1.63,0,-5399.9521484375
100000000000000000000002,1,923125000,0,-45.5,4.11720443468506,0,0,0.640036010742188,1.63,0,-5399.9521484375
100000000000000000000000,1,923125000,0,-57,5.43029198911517,0,0,0.640036010742188,1.63,0,-5399.9521484375
100000000000000000000001,1,923125000,0,-46.5,2.02485464000905,0,0,0.640036010742188,1.63,0,-5399.9521484375
100000000000000000000004,1,923125000,0,-49,0.74244670133665,0,0,0.640036010742188,1.63,0,-5399.9521484375
100000000000000000000003,1,923125000,0,-46.5,5.57141822160065,0,0,0.640036010742188,1.63,0,-5399.9521484375
100000000000000000000002,1,923125000,0,-45.5,4.09879666523043,0,0,0.640036010742188,1.63,0,-5399.9521484375
100000000000000000000004,1,923125000,0,-49.5,0.74244670133665,0,0,0.640036010742188,1.63,0,-5399.9521484375
100000000000000000000001,1,923125000,0,-46.5,2.0187187168575,0,0,0.640036010742188,1.63,0,-5399.9521484375
100000000000000000000005,1,923125000,0,-62.5,2.62003918570868,0,0,0.640036010742188,1.63,0,-5399.9521484375
100000000000000000000000,1,923125000,0,-57,5.41802014281208,0,0,0.640036010742188,1.63,0,-5399.9521484375
100000000000000000000003,1,923125000,0,-46.5,5.57755414475219,0,0,0.640036010742188,1.63,0,-5399.9521484375
100000000000000000000001,1,923125000,0,-46,2.05553425576676,0,0,0.640036010742188,1.63,0,-5399.9521484375
100000000000000000000002,1,923125000,0,-45.5,4.11720443468506,0,0,0.640036010742188,1.63,0,-5399.9521484375
100000000000000000000000,1,923125000,0,-57,5.38120460390283,0,0,0.640036010742188,1.63,0,-5399.9521484375
100000000000000000000004,1,923125000,0,-49,0.754718547639736,0,0,0.640036010742188,1.63,0,-5399.9521484375
100000000000000000000005,1,923125000,0,-62.5,2.55254403104171,0,0,0.640036010742188,1.63,0,-5399.9521484375
100000000000000000000000,1,923125000,0,-57,5.42415606596363,0,0,0.640036010742188,1.63,0,-5399.9521484375
100000000000000000000005,1,923125000,0,-62,2.52186441528399,0,0,0.640036010742188,1.63,0,-5399.9521484375
100000000000000000000002,1,923125000,0,-45.5,4.11720443468506,0,0,0.640036010742188,1.63,0,-5399.9521484375
100000000000000000000003,1,923125000,0,-46.5,5.57141822160065,0,0,0.640036010742188,1.63,0,-5399.9521484375
100000000000000000000004,1,923125000,0,-49,0.760854470791278,0,0,0.640036010742188,1.63,0,-5399.9521484375
100000000000000000000001,1,923125000,0,-46.5,2.03099056316059,0,0,0.640036010742188,1.63,0,-5399.9521484375
100000000000000000000000,1,923125000,0,-57,5.405748296509,0,0,0.640036010742188,1.63,0,-5399.9521484375
100000000000000000000003,1,923125000,0,-46.5,5.57755414475219,0,0,0.640036010742188,1.63,0,-5399.9521484375
100000000000000000000001,1,923125000,0,-46.5,2.03099056316059,0,0,0.640036010742188,1.63,0,-5399.9521484375
100000000000000000000005,1,923125000,0,-62.5,2.57095180049633,0,0,0.640036010742188,1.63,0,-5399.9521484375
100000000000000000000002,1,923125000,0,-45.5,4.09266074207889,0,0,0.640036010742188,1.63,0,-5399.9521484375
100000000000000000000004,1,923125000,0,-49,0.748582624488193,0,0,0.640036010742188,1.63,0,-5399.9521484375
100000000000000000000000,1,923125000,0,-57,5.42415606596363,0,0,0.640036010742188,1.63,0,-5399.9521484375
100000000000000000000005,1,923125000,0,-62,2.55867995419325,0,0,0.640036010742188,1.63,0,-5399.9521484375
100000000000000000000003,1,923125000,0,-46.5,5.58982599105528,0,0,0.640036010742188,1.63,0,-5399.9521484375
100000000000000000000004,1,923125000,0,-49,0.730174855033566,0,0,0.640036010742188,1.63,0,-5399.9521484375
100000000000000000000002,1,923125000,0,-45.5,4.09266074207889,0,0,0.640036010742188,1.63,0,-5399.9521484375
100000000000000000000001,1,923125000,0,-46.5,2.0187187168575,0,0,0.640036010742188,1.63,0,-5399.9521484375
100000000000000000000002,1,923125000,0,-45.5,4.10493258838198,0,0,0.640036010742188,1.63,0,-5399.9521484375
100000000000000000000003,1,923125000,0,-47,5.58982599105528,0,0,0.640036010742188,1.63,0,-5399.9521484375
100000000000000000000004,1,923125000,0,-49,0.760854470791278,0,0,0.640036010742188,1.63,0,-5399.9521484375
100000000000000000000001,1,923125000,0,-46.5,2.01258279370596,0,0,0.640036010742188,1.63,0,-5399.9521484375
100000000000000000000005,1,923125000,0,-62.5,2.53413626158708,0,0,0.640036010742188,1.63,0,-5399.9521484375
100000000000000000000000,1,923125000,0,-57,5.43029198911517,0,0,0.640036010742188,1.63,0,-5399.9521484375
100000000000000000000000,1,923125000,0,-57,5.41802014281208,0,0,0.640036010742188,1.63,0,-5399.9521484375
100000000000000000000004,1,923125000,0,-49,0.748582624488193,0,0,0.640036010742188,1.63,0,-5399.9521484375
100000000000000000000002,1,923125000,0,-45.5,4.11106851153352,0,0,0.640036010742188,1.63,0,-5399.9521484375
100000000000000000000001,1,923125000,0,-46.5,2.03712648631213,0,0,0.640036010742188,1.63,0,-5399.9521484375
100000000000000000000003,1,923125000,0,-46.5,5.57755414475219,0,0,0.640036010742188,1.63,0,-5399.9521484375
100000000000000000000005,1,923125000,0,-62,2.57095180049633,0,0,0.640036010742188,1.63,0,-5399.9521484375
100000000000000000000005,1,923125000,0,-62.5,2.63231103201176,0,0,0.640036010742188,1.63,0,-5399.9521484375
100000000000000000000004,1,923125000,0,-49,0.74244670133665,0,0,0.640036010742188,1.63,0,-5399.9521484375
100000000000000000000001,1,923125000,0,-46.5,2.02485464000905,0,0,0.640036010742188,1.63,0,-5399.9521484375
100000000000000000000003,1,923125000,0,-46.5,5.56528229844911,0,0,0.640036010742188,1.63,0,-5399.9521484375
100000000000000000000002,1,923125000,0,-45.5,4.09879666523043,0,0,0.640036010742188,1.63,0,-5399.9521484375
100000000000000000000000,1,923125000,0,-57.5,5.405748296509,0,0,0.640036010742188,1.63,0,-5399.9521484375
100000000000000000000004,1,923125000,0,-49,0.779262240245906,0,0,0.640036010742188,1.63,0,-5399.9521484375
100000000000000000000002,1,923125000,0,-45.5,4.09879666523043,0,0,0.640036010742188,1.63,0,-5399.9521484375
100000000000000000000005,1,923125000,0,-62,2.58935956995096,0,0,0.640036010742188,1.63,0,-5399.9521484375
100000000000000000000001,1,923125000,0,-46.5,2.01258279370596,0,0,0.640036010742188,1.63,0,-5399.9521484375
100000000000000000000003,1,923125000,0,-46.5,5.58982599105528,0,0,0.640036010742188,1.63,0,-5399.9521484375
100000000000000000000000,1,923125000,0,-57,5.42415606596363,0,0,0.640036010742188,1.63,0,-5399.9521484375
100000000000000000000003,1,923125000,0,-46.5,5.58369006790373,0,0,0.640036010742188,1.63,0,-5399.9521484375
100000000000000000000004,1,923125000,0,-49,0.730174855033566,0,0,0.640036010742188,1.63,0,-5399.9521484375
100000000000000000000002,1,923125000,0,-45.5,4.09879666523043,0,0,0.640036010742188,1.63,0,-5399.9521484375
100000000000000000000001,1,923125000,0,-46.5,2.03099056316059,0,0,0.640036010742188,1.63,0,-5399.9521484375
100000000000000000000000,1,923125000,0,-57,5.39347645020591,0,0,0.640036010742188,1.63,0,-5399.9521484375
100000000000000000000005,1,923125000,0,-62,2.57708772364788,0,0,0.640036010742188,1.63,0,-5399.9521484375
100000000000000000000002,1,923125000,0,-45.5,4.10493258838198,0,0,0.640036010742188,1.63,0,-5399.9521484375
100000000000000000000004,1,923125000,0,-49,0.74244670133665,0,0,0.640036010742188,1.63,0,-5399.9521484375
100000000000000000000003,1,923125000,0,-46.5,5.58369006790373,0,0,0.640036010742188,1.63,0,-5399.9521484375
100000000000000000000005,1,923125000,0,-62,2.57708772364788,0,0,0.640036010742188,1.63,0,-5399.9521484375
100000000000000000000000,1,923125000,0,-57,5.41188421966054,0,0,0.640036010742188,1.63,0,-5399.9521484375
100000000000000000000001,1,923125000,0,-46,2.03099056316059,0,0,0.640036010742188,1.63,0,-5399.9521484375
100000000000000000000002,1,923125000,0,-45.5,4.09879666523043,0,0,0.640036010742188,1.63,0,-5399.9521484375
100000000000000000000001,1,923125000,0,-46.5,2.03712648631213,0,0,0.640036010742188,1.63,0,-5399.9521484375
100000000000000000000005,1,923125000,0,-62,2.53413626158708,0,0,0.640036010742188,1.63,0,-5399.9521484375
100000000000000000000003,1,923125000,0,-47,5.59596191420682,0,0,0.640036010742188,1.63,0,-5399.9521484375
100000000000000000000000,1,923125000,0,-57,5.38120460390283,0,0,0.640036010742188,1.63,0,-5399.9521484375
100000000000000000000004,1,923125000,0,-49,0.760854470791278,0,0,0.640036010742188,1.63,0,-5399.9521484375
100000000000000000000000,1,923125000,0,-57,5.41188421966054,0,0,0.640036010742188,1.63,0,-5399.9521484375
100000000000000000000003,1,923125000,0,-46.5,5.57141822160065,0,0,0.640036010742188,1.63,0,-5399.9521484375
100000000000000000000001,1,923125000,0,-46.5,2.04939833261522,0,0,0.640036010742188,1.63,0,-5399.9521484375
100000000000000000000004,1,923125000,0,-49,0.748582624488193,0,0,0.640036010742188,1.63,0,-5399.9521484375
100000000000000000000005,1,923125000,0,-62.5,2.50345664582937,0,0,0.640036010742188,1.63,0,-5399.9521484375
100000000000000000000002,1,923125000,0,-45.5,4.08652481892735,0,0,0.640036010742188,1.63,0,-5399.9521484375
100000000000000000000005,1,923125000,0,-62.5,2.62003918570868,0,0,0.640036010742188,1.63,0,-5399.9521484375
100000000000000000000000,1,923125000,0,-57,5.41802014281208,0,0,0.640036010742188,1.63,0,-5399.9521484375
100000000000000000000001,1,923125000,0,-46.5,2.0187187168575,0,0,0.640036010742188,1.63,0,-5399.9521484375
100000000000000000000002,1,923125000,0,-45.5,4.08652481892735,0,0,0.640036010742188,1.63,0,-5399.9521484375
100000000000000000000003,1,923125000,0,-46.5,5.56528229844911,0,0,0.640036010742188,1.63,0,-5399.9521484375
100000000000000000000004,1,923125000,0,-49,0.748582624488193,0,0,0.640036010742188,1.63,0,-5399.9521484375
100000000000000000000003,1,923125000,0,-46.5,5.56528229844911,0,0,0.640036010742188,1.63,0,-5399.9521484375
100000000000000000000004,1,923125000,0,-49,0.754718547639736,0,0,0.640036010742188,1.63,0,-5399.9521484375
100000000000000000000001,1,923125000,0,-46.5,2.0187187168575,0,0,0.640036010742188,1.63,0,-5399.9521484375
100000000000000000000005,1,923125000,0,-62.5,2.53413626158708,0,0,0.640036010742188,1.63,0,-5399.9521484375
100000000000000000000002,1,923125000,0,-45.5,4.11106851153352,0,0,0.640036010742188,1.63,0,-5399.9521484375
100000000000000000000000,1,923125000,0,-57,5.41188421966054,0,0,0.640036010742188,1.63,0,-5399.9521484375
100000000000000000000001,1,923125000,0,-46.5,2.03712648631213,0,0,0.640036010742188,1.63,0,-5399.9521484375
100000000000000000000004,1,923125000,0,-49,0.773126317094363,0,0,0.640036010742188,1.63,0,-5399.9521484375
100000000000000000000003,1,923125000,0,-47,5.57755414475219,0,0,0.640036010742188,1.63,0,-5399.9521484375
100000000000000000000005,1,923125000,0,-62,2.63231103201176,0,0,0.640036010742188,1.63,0,-5399.9521484375
100000000000000000000002,1,923125000,0,-45.5,4.09879666523043,0,0,0.640036010742188,1.63,0,-5399.9521484375
100000000000000000000000,1,923125000,0,-57,5.43029198911517,0,0,0.640036010742188,1.63,0,-5399.9521484375
100000000000000000000000,1,923125000,0,-57,5.39961237335746,0,0,0.640036010742188,1.63,0,-5399.9521484375
100000000000000000000002,1,923125000,0,-45.5,4.09266074207889,0,0,0.640036010742188,1.63,0,-5399.9521484375
100000000000000000000001,1,923125000,0,-46.5,2.03099056316059,0,0,0.640036010742188,1.63,0,-5399.9521484375
100000000000000000000003,1,923125000,0,-46.5,5.55914637529756,0,0,0.640036010742188,1.63,0,-5399.9521484375
100000000000000000000004,1,923125000,0,-49,0.754718547639736,0,0,0.640036010742188,1.63,0,-5399.9521484375
100000000000000000000005,1,923125000,0,-62,2.55867995419325,0,0,0.640036010742188,1.63,0,-5399.9521484375
100000000000000000000001,1,923125000,0,-46.5,2.02485464000905,0,0,0.640036010742188,1.63,0,-5399.9521484375
100000000000000000000003,1,923125000,0,-46.5,5.56528229844911,0,0,0.640036010742188,1.63,0,-5399.9521484375
100000000000000000000002,1,923125000,0,-45.5,4.09879666523043,0,0,0.640036010742188,1.63,0,-5399.9521484375
100000000000000000000004,1,923125000,0,-49,0.754718547639736,0,0,0.640036010742188,1.63,0,-5399.9521484375
100000000000000000000005,1,923125000,0,-62,2.55867995419325,0,0,0.640036010742188,1.63,0,-5399.9521484375
100000000000000000000000,1,923125000,0,-57,5.39347645020591,0,0,0.640036010742188,1.63,0,-5399.9521484375
100000000000000000000001,1,923125000,0,-46.5,2.03712648631213,0,0,0.640036010742188,1.63,0,-5399.9521484375
100000000000000000000002,1,923125000,0,-45.5,4.11106851153352,0,0,0.640036010742188,1.63,0,-5399.9521484375
100000000000000000000003,1,923125000,0,-46.5,5.57141822160065,0,0,0.640036010742188,1.63,0,-5399.9521484375
100000000000000000000000,1,923125000,0,-57,5.38120460390283,0,0,0.640036010742188,1.63,0,-5399.9521484375
100000000000000000000004,1,923125000,0,-49,0.760854470791278,0,0,0.640036010742188,1.63,0,-5399.9521484375
100000000000000000000005,1,923125000,0,-62,2.55867995419325,0,0,0.640036010742188,1.63,0,-5399.9521484375
100000000000000000000000,1,923125000,0,-57,5.38734052705437,0,0,0.640036010742188,1.63,0,-5399.9521484375
100000000000000000000002,1,923125000,0,-45.5,4.11106851153352,0,0,0.640036010742188,1.63,0,-5399.9521484375
100000000000000000000001,1,923125000,0,-46.5,2.01258279370596,0,0,0.640036010742188,1.63,0,-5399.9521484375
100000000000000000000004,1,923125000,0,-49,0.760854470791278,0,0,0.640036010742188,1.63,0,-5399.9521484375
100000000000000000000003,1,923125000,0,-47,5.58982599105528,0,0,0.640036010742188,1.63,0,-5399.9521484375
100000000000000000000005,1,923125000,0,-62.5,2.56481587734479,0,0,0.640036010742188,1.63,0,-5399.9521484375
100000000000000000000001,1,923125000,0,-46.5,2.00644687055442,0,0,0.640036010742188,1.63,0,-5399.9521484375
100000000000000000000003,1,923125000,0,-46.5,5.58369006790373,0,0,0.640036010742188,1.63,0,-5399.9521484375
100000000000000000000000,1,923125000,0,-57.5,5.43029198911517,0,0,0.640036010742188,1.63,0,-5399.9521484375
100000000000000000000002,1,923125000,0,-45.5,4.09266074207889,0,0,0.640036010742188,1.63,0,-5399.9521484375
100000000000000000000004,1,923125000,0,-49,0.74244670133665,0,0,0.640036010742188,1.63,0,-5399.9521484375
100000000000000000000005,1,923125000,0,-62,2.55867995419325,0,0,0.640036010742188,1.63,0,-5399.9521484375
100000000000000000000000,1,923125000,0,-56.5,5.38120460390283,0,0,0.640036010742188,1.63,0,-5399.9521484375
100000000000000000000001,1,923125000,0,-46.5,2.01258279370596,0,0,0.640036010742188,1.63,0,-5399.9521484375
100000000000000000000002,1,923125000,0,-45.5,4.10493258838198,0,0,0.640036010742188,1.63,0,-5399.9521484375
100000000000000000000004,1,923125000,0,-49,0.779262240245906,0,0,0.640036010742188,1.63,0,-5399.9521484375
100000000000000000000003,1,923125000,0,-47,5.57141822160065,0,0,0.640036010742188,1.63,0,-5399.9521484375
100000000000000000000005,1,923125000,0,-62,2.55867995419325,0,0,0.640036010742188,1.63,0,-5399.9521484375
100000000000000000000004,1,923125000,0,-49,0.74244670133665,0,0,0.640036010742188,1.63,0,-5399.9521484375
100000000000000000000002,1,923125000,0,-45.5,4.11106851153352,0,0,0.640036010742188,1.63,0,-5399.9521484375
100000000000000000000001,1,923125000,0,-46.5,2.03099056316059,0,0,0.640036010742188,1.63,0,-5399.9521484375
100000000000000000000003,1,923125000,0,-47,5.57755414475219,0,0,0.640036010742188,1.63,0,-5399.9521484375
100000000000000000000000,1,923125000,0,-57,5.405748296509,0,0,0.640036010742188,1.63,0,-5399.9521484375
100000000000000000000005,1,923125000,0,-62.5,2.53413626158708,0,0,0.640036010742188,1.63,0,-5399.9521484375
100000000000000000000003,1,923125000,0,-46.5,5.58982599105528,0,0,0.640036010742188,1.63,0,-5399.9521484375
100000000000000000000001,1,923125000,0,-46.5,2.03712648631213,0,0,0.640036010742188,1.63,0,-5399.9521484375
100000000000000000000004,1,923125000,0,-49,0.724038931882022,0,0,0.640036010742188,1.63,0,-5399.9521484375
100000000000000000000002,1,923125000,0,-45.5,4.09266074207889,0,0,0.640036010742188,1.63,0,-5399.9521484375
100000000000000000000000,1,923125000,0,-57,5.38120460390283,0,0,0.640036010742188,1.63,0,-5399.9521484375
100000000000000000000005,1,923125000,0,-62,2.5954954931025,0,0,0.640036010742188,1.63,0,-5399.9521484375
100000000000000000000001,1,923125000,0,-46.5,2.04326240946367,0,0,0.640036010742188,1.63,0,-5399.9521484375
100000000000000000000002,1,923125000,0,-45.5,4.09266074207889,0,0,0.640036010742188,1.63,0,-5399.9521484375
100000000000000000000003,1,923125000,0,-47,5.59596191420682,0,0,0.640036010742188,1.63,0,-5399.9521484375
100000000000000000000005,1,923125000,0,-62.5,2.57095180049633,0,0,0.640036010742188,1.63,0,-5399.9521484375
100000000000000000000000,1,923125000,0,-57,5.39961237335746,0,0,0.640036010742188,1.63,0,-5399.9521484375
100000000000000000000004,1,923125000,0,-49,0.74244670133665,0,0,0.640036010742188,1.63,0,-5399.9521484375
100000000000000000000005,1,923125000,0,-62.5,2.54640810789016,0,0,0.640036010742188,1.63,0,-5399.9521484375
100000000000000000000001,1,923125000,0,-46.5,2.04939833261522,0,0,0.640036010742188,1.63,0,-5399.9521484375
100000000000000000000003,1,923125000,0,-47,5.55914637529756,0,0,0.640036010742188,1.63,0,-5399.9521484375
100000000000000000000002,1,923125000,0,-45.5,4.11106851153352,0,0,0.640036010742188,1.63,0,-5399.9521484375
100000000000000000000004,1,923125000,0,-49,0.760854470791278,0,0,0.640036010742188,1.63,0,-5399.9521484375
100000000000000000000000,1,923125000,0,-57,5.34438906499357,0,0,0.640036010742188,1.63,0,-5399.9521484375
100000000000000000000001,1,923125000,0,-46.5,2.03712648631213,0,0,0.640036010742188,1.63,0,-5399.9521484375
100000000000000000000003,1,923125000,0,-47,5.57755414475219,0,0,0.640036010742188,1.63,0,-5399.9521484375
100000000000000000000004,1,923125000,0,-49.5,0.748582624488193,0,0,0.640036010742188,1.63,0,-5399.9521484375
100000000000000000000005,1,923125000,0,-62.5,2.61390326255713,0,0,0.640036010742188,1.63,0,-5399.9521484375
100000000000000000000000,1,923125000,0,-57,5.41188421966054,0,0,0.640036010742188,1.63,0,-5399.9521484375
100000000000000000000002,1,923125000,0,-45.5,4.10493258838198,0,0,0.640036010742188,1.63,0,-5399.9521484375
100000000000000000000000,1,923125000,0,-57,5.43029198911517,0,0,0.640036010742188,1.63,0,-5399.9521484375
100000000000000000000003,1,923125000,0,-47,5.56528229844911,0,0,0.640036010742188,1.63,0,-5399.9521484375
100000000000000000000001,1,923125000,0,-46.5,2.04326240946367,0,0,0.640036010742188,1.63,0,-5399.9521484375
100000000000000000000005,1,923125000,0,-62,2.49118479952628,0,0,0.640036010742188,1.63,0,-5399.9521484375
100000000000000000000002,1,923125000,0,-45.5,4.09266074207889,0,0,0.640036010742188,1.63,0,-5399.9521484375
100000000000000000000004,1,923125000,0,-49,0.779262240245906,0,0,0.640036010742188,1.63,0,-5399.9521484375
100000000000000000000000,1,923125000,0,-57,5.42415606596363,0,0,0.640036010742188,1.63,0,-5399.9521484375
100000000000000000000001,1,923125000,0,-46.5,2.02485464000905,0,0,0.640036010742188,1.63,0,-5399.9521484375
100000000000000000000003,1,923125000,0,-46.5,5.58982599105528,0,0,0.640036010742188,1.63,0,-5399.9521484375
100000000000000000000005,1,923125000,0,-62,2.5954954931025,0,0,0.640036010742188,1.63,0,-5399.9521484375
100000000000000000000004,1,923125000,0,-49,0.754718547639736,0,0,0.640036010742188,1.63,0,-5399.9521484375
100000000000000000000002,1,923125000,0,-45.5,4.10493258838198,0,0,0.640036010742188,1.63,0,-5399.9521484375
100000000000000000000001,1,923125000,0,-46.5,2.04326240946367,0,0,0.640036010742188,1.63,0,-5399.9521484375
100000000000000000000003,1,923125000,0,-47,5.59596191420682,0,0,0.640036010742188,1.63,0,-5399.9521484375
100000000000000000000002,1,923125000,0,-45.5,4.09266074207889,0,0,0.640036010742188,1.63,0,-5399.9521484375
100000000000000000000004,1,923125000,0,-49,0.76699039394282,0,0,0.640036010742188,1.63,0,-5399.9521484375
100000000000000000000005,1,923125000,0,-62,2.57095180049633,0,0,0.640036010742188,1.63,0,-5399.9521484375
100000000000000000000000,1,923125000,0,-57,5.405748296509,0,0,0.640036010742188,1.63,0,-5399.9521484375
100000000000000000000000,1,923125000,0,-57,5.38734052705437,0,0,0.640036010742188,1.63,0,-5399.9521484375
100000000000000000000001,1,923125000,0,-46.5,2.02485464000905,0,0,0.640036010742188,1.63,0,-5399.9521484375
100000000000000000000003,1,923125000,0,-47,5.58369006790373,0,0,0.640036010742188,1.63,0,-5399.9521484375
100000000000000000000005,1,923125000,0,-62.5,2.62003918570868,0,0,0.640036010742188,1.63,0,-5399.9521484375
100000000000000000000002,1,923125000,0,-45.5,4.09879666523043,0,0,0.640036010742188,1.63,0,-5399.9521484375
100000000000000000000004,1,923125000,0,-49,0.76699039394282,0,0,0.640036010742188,1.63,0,-5399.9521484375
100000000000000000000003,1,923125000,0,-46.5,5.57141822160065,0,0,0.640036010742188,1.63,0,-5399.9521484375
100000000000000000000000,1,923125000,0,-57,5.41802014281208,0,0,0.640036010742188,1.63,0,-5399.9521484375
100000000000000000000001,1,923125000,0,-46.5,2.03712648631213,0,0,0.640036010742188,1.63,0,-5399.9521484375
100000000000000000000005,1,923125000,0,-62.5,2.54027218473862,0,0,0.640036010742188,1.63,0,-5399.9521484375
100000000000000000000004,1,923125000,0,-49,0.74244670133665,0,0,0.640036010742188,1.63,0,-5399.9521484375
100000000000000000000002,1,923125000,0,-45.5,4.11106851153352,0,0,0.640036010742188,1.63,0,-5399.9521484375
100000000000000000000003,1,923125000,0,-47,5.57141822160065,0,0,0.640036010742188,1.63,0,-5399.9521484375
100000000000000000000002,1,923125000,0,-45.5,4.11720443468506,0,0,0.640036010742188,1.63,0,-5399.9521484375
100000000000000000000000,1,923125000,0,-57,5.405748296509,0,0,0.640036010742188,1.63,0,-5399.9521484375
100000000000000000000001,1,923125000,0,-46.5,2.04939833261522,0,0,0.640036010742188,1.63,0,-5399.9521484375
100000000000000000000004,1,923125000,0,-49,0.754718547639736,0,0,0.640036010742188,1.63,0,-5399.9521484375
100000000000000000000005,1,923125000,0,-62.5,2.61390326255713,0,0,0.640036010742188,1.63,0,-5399.9521484375
100000000000000000000001,1,923125000,0,-46.5,2.03099056316059,0,0,0.640036010742188,1.63,0,-5399.9521484375
100000000000000000000005,1,923125000,0,-62.5,2.57095180049633,0,0,0.640036010742188,1.63,0,-5399.9521484375
100000000000000000000003,1,923125000,0,-47,5.55914637529756,0,0,0.640036010742188,1.63,0,-5399.9521484375
100000000000000000000002,1,923125000,0,-45.5,4.11106851153352,0,0,0.640036010742188,1.63,0,-5399.9521484375
100000000000000000000004,1,923125000,0,-49,0.760854470791278,0,0,0.640036010742188,1.63,0,-5399.9521484375
100000000000000000000000,1,923125000,0,-57.5,5.405748296509,0,0,0.640036010742188,1.63,0,-5399.9521484375
100000000000000000000001,1,923125000,0,-46.5,2.03712648631213,0,0,0.640036010742188,1.63,0,-5399.9521484375
100000000000000000000000,1,923125000,0,-57,5.43029198911517,0,0,0.640036010742188,1.63,0,-5399.9521484375
100000000000000000000005,1,923125000,0,-62,2.62003918570868,0,0,0.640036010742188,1.63,0,-5399.9521484375
100000000000000000000003,1,923125000,0,-46.5,5.57755414475219,0,0,0.640036010742188,1.63,0,-5399.9521484375
100000000000000000000002,1,923125000,0,-45.5,4.09266074207889,0,0,0.640036010742188,1.63,0,-5399.9521484375
100000000000000000000004,1,923125000,0,-49,0.748582624488193,0,0,0.640036010742188,1.63,0,-5399.9521484375
100000000000000000000001,1,923125000,0,-46.5,2.04326240946367,0,0,0.640036010742188,1.63,0,-5399.9521484375
100000000000000000000005,1,923125000,0,-62,2.60776733940559,0,0,0.640036010742188,1.63,0,-5399.9521484375
100000000000000000000003,1,923125000,0,-46.5,5.58982599105528,0,0,0.640036010742188,1.63,0,-5399.9521484375
100000000000000000000002,1,923125000,0,-45.5,4.08652481892735,0,0,0.640036010742188,1.63,0,-5399.9521484375
100000000000000000000004,1,923125000,0,-49,0.773126317094363,0,0,0.640036010742188,1.63,0,-5399.9521484375
100000000000000000000000,1,923125000,0,-57,5.36893275759974,0,0,0.640036010742188,1.63,0,-5399.9521484375
100000000000000000000003,1,923125000,0,-47,5.60209783735836,0,0,0.640036010742188,1.63,0,-5399.9521484375
100000000000000000000000,1,923125000,0,-57,5.39347645020591,0,0,0.640036010742188,1.63,0,-5399.9521484375
100000000000000000000001,1,923125000,0,-46.5,2.03099056316059,0,0,0.640036010742188,1.63,0,-5399.9521484375
100000000000000000000002,1,923125000,0,-45.5,4.09879666523043,0,0,0.640036010742188,1.63,0,-5399.9521484375
100000000000000000000005,1,923125000,0,-62,2.55867995419325,0,0,0.640036010742188,1.63,0,-5399.9521484375
100000000000000000000004,1,923125000,0,-49,0.74244670133665,0,0,0.640036010742188,1.63,0,-5399.9521484375
100000000000000000000002,1,923125000,0,-45.5,4.11106851153352,0,0,0.640036010742188,1.63,0,-5399.9521484375
100000000000000000000004,1,923125000,0,-49,0.791534086548991,0,0,0.640036010742188,1.63,0,-5399.9521484375
100000000000000000000003,1,923125000,0,-47,5.58982599105528,0,0,0.640036010742188,1.63,0,-5399.9521484375
100000000000000000000000,1,923125000,0,-57,5.405748296509,0,0,0.640036010742188,1.63,0,-5399.9521484375
100000000000000000000005,1,923125000,0,-62,2.5954954931025,0,0,0.640036010742188,1.63,0,-5399.9521484375
100000000000000000000001,1,923125000,0,-46.5,2.02485464000905,0,0,0.640036010742188,1.63,0,-5399.9521484375
100000000000000000000004,1,923125000,0,-49,0.74244670133665,0,0,0.640036010742188,1.63,0,-5399.9521484375
100000000000000000000000,1,923125000,0,-57,5.45483568172134,0,0,0.640036010742188,1.63,0,-5399.9521484375
100000000000000000000002,1,923125000,0,-45.5,4.09879666523043,0,0,0.640036010742188,1.63,0,-5399.9521484375
100000000000000000000001,1,923125000,0,-46.5,2.02485464000905,0,0,0.640036010742188,1.63,0,-5399.9521484375
100000000000000000000003,1,923125000,0,-47,5.54073860584294,0,0,0.640036010742188,1.63,0,-5399.9521484375
100000000000000000000005,1,923125000,0,-62,2.55867995419325,0,0,0.640036010742188,1.63,0,-5399.9521484375
100000000000000000000001,1,923125000,0,-46.5,2.0187187168575,0,0,0.640036010742188,1.63,0,-5399.9521484375
100000000000000000000004,1,923125000,0,-49.5,0.773126317094363,0,0,0.640036010742188,1.63,0,-5399.9521484375
100000000000000000000005,1,923125000,0,-63,2.60776733940559,0,0,0.640036010742188,1.63,0,-5399.9521484375
100000000000000000000003,1,923125000,0,-47,5.55914637529756,0,0,0.640036010742188,1.63,0,-5399.9521484375
100000000000000000000002,1,923125000,0,-45.5,4.08652481892735,0,0,0.640036010742188,1.63,0,-5399.9521484375
100000000000000000000000,1,923125000,0,-57.5,5.405748296509,0,0,0.640036010742188,1.63,0,-5399.9521484375
100000000000000000000002,1,923125000,0,-45.5,4.09266074207889,0,0,0.640036010742188,1.63,0,-5399.9521484375
100000000000000000000000,1,923125000,0,-57,5.29530167978123,0,0,0.640036010742188,1.63,0,-5399.9521484375
100000000000000000000004,1,923125000,0,-49,0.76699039394282,0,0,0.640036010742188,1.63,0,-5399.9521484375
100000000000000000000003,1,923125000,0,-47,5.54687452899448,0,0,0.640036010742188,1.63,0,-5399.9521484375
100000000000000000000001,1,923125000,0,-46.5,2.0187187168575,0,0,0.640036010742188,1.63,0,-5399.9521484375
100000000000000000000005,1,923125000,0,-62,2.50959256898091,0,0,0.640036010742188,1.63,0,-5399.9521484375
100000000000000000000002,1,923125000,0,-45.5,4.08038889577581,0,0,0.640036010742188,1.63,0,-5399.9521484375
100000000000000000000001,1,923125000,0,-46.5,2.02485464000905,0,0,0.640036010742188,1.63,0,-5399.9521484375
100000000000000000000005,1,923125000,0,-62.5,2.57095180049633,0,0,0.640036010742188,1.63,0,-5399.9521484375
100000000000000000000000,1,923125000,0,-57,5.3627968344482,0,0,0.640036010742188,1.63,0,-5399.9521484375
100000000000000000000003,1,923125000,0,-46.5,5.57141822160065,0,0,0.640036010742188,1.63,0,-5399.9521484375
100000000000000000000004,1,923125000,0,-49.5,0.76699039394282,0,0,0.640036010742188,1.63,0,-5399.9521484375
100000000000000000000004,1,923125000,0,-49,0.76699039394282,0,0,0.640036010742188,1.63,0,-5399.9521484375
100000000000000000000003,1,923125000,0,-47,5.55914637529756,0,0,0.640036010742188,1.63,0,-5399.9521484375
100000000000000000000005,1,923125000,0,-62.5,2.60776733940559,0,0,0.640036010742188,1.63,0,-5399.9521484375
100000000000000000000000,1,923125000,0,-57,5.41802014281208,0,0,0.640036010742188,1.63,0,-5399.9521484375
100000000000000000000001,1,923125000,0,-46.5,2.0187187168575,0,0,0.640036010742188,1.63,0,-5399.9521484375
100000000000000000000002,1,923125000,0,-45.5,4.08652481892735,0,0,0.640036010742188,1.63,0,-5399.9521484375
100000000000000000000002,1,923125000,0,-45.5,4.09266074207889,0,0,0.640036010742188,1.63,0,-5399.9521484375
100000000000000000000003,1,923125000,0,-47,5.56528229844911,0,0,0.640036010742188,1.63,0,-5399.9521484375
100000000000000000000001,1,923125000,0,-46.5,2.03099056316059,0,0,0.640036010742188,1.63,0,-5399.9521484375
100000000000000000000004,1,923125000,0,-49,0.724038931882022,0,0,0.640036010742188,1.63,0,-5399.9521484375
100000000000000000000000,1,923125000,0,-57,5.42415606596363,0,0,0.640036010742188,1.63,0,-5399.9521484375
100000000000000000000005,1,923125000,0,-62.5,2.55254403104171,0,0,0.640036010742188,1.63,0,-5399.9521484375
100000000000000000000003,1,923125000,0,-47,5.57141822160065,0,0,0.640036010742188,1.63,0,-5399.9521484375
100000000000000000000005,1,923125000,0,-62.5,2.53413626158708,0,0,0.640036010742188,1.63,0,-5399.9521484375
100000000000000000000001,1,923125000,0,-46.5,2.02485464000905,0,0,0.640036010742188,1.63,0,-5399.9521484375
100000000000000000000004,1,923125000,0,-49,0.754718547639736,0,0,0.640036010742188,1.63,0,-5399.9521484375
100000000000000000000002,1,923125000,0,-45.5,4.11720443468506,0,0,0.640036010742188,1.63,0,-5399.9521484375
100000000000000000000000,1,923125000,0,-57,5.42415606596363,0,0,0.640036010742188,1.63,0,-5399.9521484375
100000000000000000000001,1,923125000,0,-46.5,2.03099056316059,0,0,0.640036010742188,1.63,0,-5399.9521484375
100000000000000000000004,1,923125000,0,-49,0.76699039394282,0,0,0.640036010742188,1.63,0,-5399.9521484375
100000000000000000000003,1,923125000,0,-46.5,5.57755414475219,0,0,0.640036010742188,1.63,0,-5399.9521484375
100000000000000000000000,1,923125000,0,-57,5.41802014281208,0,0,0.640036010742188,1.63,0,-5399.9521484375
100000000000000000000002,1,923125000,0,-45.5,4.09879666523043,0,0,0.640036010742188,1.63,0,-5399.9521484375
100000000000000000000005,1,923125000,0,-62.5,2.46050518376857,0,0,0.640036010742188,1.63,0,-5399.9521484375
100000000000000000000005,1,923125000,0,-62.5,2.62003918570868,0,0,0.640036010742188,1.63,0,-5399.9521484375
100000000000000000000001,1,923125000,0,-46.5,2.03712648631213,0,0,0.640036010742188,1.63,0,-5399.9521484375
100000000000000000000002,1,923125000,0,-45.5,4.08038889577581,0,0,0.640036010742188,1.63,0,-5399.9521484375
100000000000000000000003,1,923125000,0,-46.5,5.55301045214602,0,0,0.640036010742188,1.63,0,-5399.9521484375
100000000000000000000004,1,923125000,0,-49,0.748582624488193,0,0,0.640036010742188,1.63,0,-5399.9521484375
100000000000000000000000,1,923125000,0,-57,5.41802014281208,0,0,0.640036010742188,1.63,0,-5399.9521484375
100000000000000000000002,1,923125000,0,-45.5,4.09879666523043,0,0,0.640036010742188,1.63,0,-5399.9521484375
100000000000000000000005,1,923125000,0,-62,2.52186441528399,0,0,0.640036010742188,1.63,0,-5399.9521484375
100000000000000000000000,1,923125000,0,-57,5.41802014281208,0,0,0.640036010742188,1.63,0,-5399.9521484375
100000000000000000000001,1,923125000,0,-46,2.02485464000905,0,0,0.640036010742188,1.63,0,-5399.9521484375
100000000000000000000004,1,923125000,0,-49,0.76699039394282,0,0,0.640036010742188,1.63,0,-5399.9521484375
100000000000000000000003,1,923125000,0,-46.5,5.57755414475219,0,0,0.640036010742188,1.63,0,-5399.9521484375
100000000000000000000004,1,923125000,0,-49,0.74244670133665,0,0,0.640036010742188,1.63,0,-5399.9521484375
100000000000000000000002,1,923125000,0,-45.5,4.08038889577581,0,0,0.640036010742188,1.63,0,-5399.9521484375
100000000000000000000001,1,923125000,0,-46.5,2.03712648631213,0,0,0.640036010742188,1.63,0,-5399.9521484375
100000000000000000000003,1,923125000,0,-47,5.57141822160065,0,0,0.640036010742188,1.63,0,-5399.9521484375
100000000000000000000000,1,923125000,0,-57,5.41802014281208,0,0,0.640036010742188,1.63,0,-5399.9521484375
100000000000000000000005,1,923125000,0,-62.5,2.50345664582937,0,0,0.640036010742188,1.63,0,-5399.9521484375
100000000000000000000002,1,923125000,0,-45.5,4.08038889577581,0,0,0.640036010742188,1.63,0,-5399.9521484375
100000000000000000000000,1,923125000,0,-57,5.405748296509,0,0,0.640036010742188,1.63,0,-5399.9521484375
100000000000000000000003,1,923125000,0,-46.5,5.56528229844911,0,0,0.640036010742188,1.63,0,-5399.9521484375
100000000000000000000005,1,923125000,0,-62,2.55867995419325,0,0,0.640036010742188,1.63,0,-5399.9521484375
100000000000000000000001,1,923125000,0,-46.5,2.03712648631213,0,0,0.640036010742188,1.63,0,-5399.9521484375
100000000000000000000004,1,923125000,0,-49,0.748582624488193,0,0,0.640036010742188,1.63,0,-5399.9521484375
100000000000000000000003,1,923125000,0,-47,5.57141822160065,0,0,0.640036010742188,1.63,0,-5399.9521484375
100000000000000000000000,1,923125000,0,-57,5.39347645020591,0,0,0.640036010742188,1.63,0,-5399.9521484375
100000000000000000000005,1,923125000,0,-62,2.60163141625405,0,0,0.640036010742188,1.63,0,-5399.9521484375
100000000000000000000004,1,923125000,0,-49,0.773126317094363,0,0,0.640036010742188,1.63,0,-5399.9521484375
100000000000000000000001,1,923125000,0,-46.5,2.02485464000905,0,0,0.640036010742188,1.63,0,-5399.9521484375
100000000000000000000002,1,923125000,0,-45.5,4.10493258838198,0,0,0.640036010742188,1.63,0,-5399.9521484375
100000000000000000000003,1,923125000,0,-47,5.57755414475219,0,0,0.640036010742188,1.63,0,-5399.9521484375
100000000000000000000000,1,923125000,0,-57,5.405748296509,0,0,0.640036010742188,1.63,0,-5399.9521484375
100000000000000000000001,1,923125000,0,-46.5,2.02485464000905,0,0,0.640036010742188,1.63,0,-5399.9521484375
100000000000000000000002,1,923125000,0,-45.5,4.09266074207889,0,0,0.640036010742188,1.63,0,-5399.9521484375
100000000000000000000004,1,923125000,0,-49,0.785398163397448,0,0,0.640036010742188,1.63,0,-5399.9521484375
100000000000000000000005,1,923125000,0,-62,2.55867995419325,0,0,0.640036010742188,1.63,0,-5399.9521484375
100000000000000000000003,1,923125000,0,-46.5,5.57141822160065,0,0,0.640036010742188,1.63,0,-5399.9521484375
100000000000000000000004,1,923125000,0,-49,0.736310778185108,0,0,0.640036010742188,1.63,0,-5399.9521484375
100000000000000000000001,1,923125000,0,-46.5,2.01258279370596,0,0,0.640036010742188,1.63,0,-5399.9521484375
100000000000000000000000,1,923125000,0,-57,5.43642791226671,0,0,0.640036010742188,1.63,0,-5399.9521484375
100000000000000000000002,1,923125000,0,-45.5,4.09879666523043,0,0,0.640036010742188,1.63,0,-5399.9521484375
100000000000000000000005,1,923125000,0,-62,2.54640810789016,0,0,0.640036010742188,1.63,0,-5399.9521484375
100000000000000000000003,1,923125000,0,-46.5,5.59596191420682,0,0,0.640036010742188,1.63,0,-5399.9521484375
100000000000000000000000,1,923125000,0,-57,5.42415606596363,0,0,0.640036010742188,1.63,0,-5399.9521484375
100000000000000000000001,1,923125000,0,-46,2.03099056316059,0,0,0.640036010742188,1.63,0,-5399.9521484375
100000000000000000000002,1,923125000,0,-45.5,4.06811704947272,0,0,0.640036010742188,1.63,0,-5399.9521484375
100000000000000000000005,1,923125000,0,-62,2.55867995419325,0,0,0.640036010742188,1.63,0,-5399.9521484375
100000000000000000000004,1,923125000,0,-49,0.785398163397448,0,0,0.640036010742188,1.63,0,-5399.9521484375
100000000000000000000004,1,923125000,0,-49,0.76699039394282,0,0,0.640036010742188,1.63,0,-5399.9521484375
100000000000000000000002,1,923125000,0,-45.5,4.08038889577581,0,0,0.640036010742188,1.63,0,-5399.9521484375
100000000000000000000005,1,923125000,0,-62.5,2.58322364679942,0,0,0.640036010742188,1.63,0,-5399.9521484375
100000000000000000000001,1,923125000,0,-46.5,2.04326240946367,0,0,0.640036010742188,1.63,0,-5399.9521484375
100000000000000000000003,1,923125000,0,-47,5.55914637529756,0,0,0.640036010742188,1.63,0,-5399.9521484375
100000000000000000000000,1,923125000,0,-57,5.39961237335746,0,0,0.640036010742188,1.63,0,-5399.9521484375
100000000000000000000000,1,923125000,0,-57,5.42415606596363,0,0,0.640036010742188,1.63,0,-5399.9521484375
100000000000000000000003,1,923125000,0,-47,5.58369006790373,0,0,0.640036010742188,1.63,0,-5399.9521484375
100000000000000000000002,1,923125000,0,-45.5,4.08652481892735,0,0,0.640036010742188,1.63,0,-5399.9521484375
100000000000000000000001,1,923125000,0,-46.5,2.02485464000905,0,0,0.640036010742188,1.63,0,-5399.9521484375
100000000000000000000005,1,923125000,0,-62,2.53413626158708,0,0,0.640036010742188,1.63,0,-5399.9521484375
100000000000000000000004,1,923125000,0,-49,0.748582624488193,0,0,0.640036010742188,1.63,0,-5399.9521484375
100000000000000000000003,1,923125000,0,-46.5,5.55914637529756,0,0,0.640036010742188,1.63,0,-5399.9521484375
100000000000000000000005,1,923125000,0,-62.5,2.49118479952628,0,0,0.640036010742188,1.63,0,-5399.9521484375
100000000000000000000000,1,923125000,0,-57,5.39347645020591,0,0,0.640036010742188,1.63,0,-5399.9521484375
100000000000000000000004,1,923125000,0,-49,0.76699039394282,0,0,0.640036010742188,1.63,0,-5399.9521484375
100000000000000000000001,1,923125000,0,-46.5,2.02485464000905,0,0,0.640036010742188,1.63,0,-5399.9521484375
100000000000000000000002,1,923125000,0,-45.5,4.10493258838198,0,0,0.640036010742188,1.63,0,-5399.9521484375
100000000000000000000004,1,923125000,0,-49,0.797670009700534,0,0,0.640036010742188,1.63,0,-5399.9521484375
100000000000000000000001,1,923125000,0,-46.5,2.03099056316059,0,0,0.640036010742188,1.63,0,-5399.9521484375
100000000000000000000002,1,923125000,0,-45.5,4.08038889577581,0,0,0.640036010742188,1.63,0,-5399.9521484375
100000000000000000000003,1,923125000,0,-46.5,5.55301045214602,0,0,0.640036010742188,1.63,0,-5399.9521484375
100000000000000000000000,1,923125000,0,-57,5.39961237335746,0,0,0.640036010742188,1.63,0,-5399.9521484375
100000000000000000000005,1,923125000,0,-62.5,2.58322364679942,0,0,0.640036010742188,1.63,0,-5399.9521484375
100000000000000000000001,1,923125000,0,-46.5,2.03099056316059,0,0,0.640036010742188,1.63,0,-5399.9521484375
100000000000000000000002,1,923125000,0,-45.5,4.10493258838198,0,0,0.640036010742188,1.63,0,-5399.9521484375
100000000000000000000004,1,923125000,0,-49,0.760854470791278,0,0,0.640036010742188,1.63,0,-5399.9521484375
100000000000000000000000,1,923125000,0,-57,5.41802014281208,0,0,0.640036010742188,1.63,0,-5399.9521484375
100000000000000000000003,1,923125000,0,-46.5,5.58369006790373,0,0,0.640036010742188,1.63,0,-5399.9521484375
100000000000000000000005,1,923125000,0,-62.5,2.57708772364788,0,0,0.640036010742188,1.63,0,-5399.9521484375
100000000000000000000003,1,923125000,0,-47,5.56528229844911,0,0,0.640036010742188,1.63,0,-5399.9521484375
100000000000000000000000,1,923125000,0,-57,5.44256383541826,0,0,0.640036010742188,1.63,0,-5399.9521484375
100000000000000000000002,1,923125000,0,-45.5,4.08652481892735,0,0,0.640036010742188,1.63,0,-5399.9521484375
100000000000000000000001,1,923125000,0,-46,2.02485464000905,0,0,0.640036010742188,1.63,0,-5399.9521484375
100000000000000000000004,1,923125000,0,-49.5,0.76699039394282,0,0,0.640036010742188,1.63,0,-5399.9521484375
100000000000000000000005,1,923125000,0,-62.5,2.58322364679942,0,0,0.640036010742188,1.63,0,-5399.9521484375
100000000000000000000002,1,923125000,0,-45.5,4.10493258838198,0,0,0.640036010742188,1.63,0,-5399.9521484375
100000000000000000000005,1,923125000,0,-62.5,2.63231103201176,0,0,0.640036010742188,1.63,0,-5399.9521484375
100000000000000000000001,1,923125000,0,-46.5,2.0187187168575,0,0,0.640036010742188,1.63,0,-5399.9521484375
100000000000000000000000,1,923125000,0,-57,5.405748296509,0,0,0.640036010742188,1.63,0,-5399.9521484375
100000000000000000000004,1,923125000,0,-49,0.760854470791278,0,0,0.640036010742188,1.63,0,-5399.9521484375
100000000000000000000003,1,923125000,0,-47,5.56528229844911,0,0,0.640036010742188,1.63,0,-5399.9521484375
100000000000000000000000,1,923125000,0,-57,5.405748296509,0,0,0.640036010742188,1.63,0,-5399.9521484375
100000000000000000000005,1,923125000,0,-62,2.63231103201176,0,0,0.640036010742188,1.63,0,-5399.9521484375
100000000000000000000001,1,923125000,0,-46.5,2.02485464000905,0,0,0.640036010742188,1.63,0,-5399.9521484375
100000000000000000000003,1,923125000,0,-47,5.56528229844911,0,0,0.640036010742188,1.63,0,-5399.9521484375
100000000000000000000002,1,923125000,0,-45.5,4.09879666523043,0,0,0.640036010742188,1.63,0,-5399.9521484375
100000000000000000000004,1,923125000,0,-49,0.736310778185108,0,0,0.640036010742188,1.63,0,-5399.9521484375
100000000000000000000005,1,923125000,0,-62.5,2.55254403104171,0,0,0.640036010742188,1.63,0,-5399.9521484375
100000000000000000000004,1,923125000,0,-49.5,0.74244670133665,0,0,0.640036010742188,1.63,0,-5399.9521484375
100000000000000000000002,1,923125000,0,-45.5,4.10493258838198,0,0,0.640036010742188,1.63,0,-5399.9521484375
100000000000000000000003,1,923125000,0,-47,5.56528229844911,0,0,0.640036010742188,1.63,0,-5399.9521484375
100000000000000000000000,1,923125000,0,-57,5.35666091129666,0,0,0.640036010742188,1.63,0,-5399.9521484375
100000000000000000000001,1,923125000,0,-46.5,2.01258279370596,0,0,0.640036010742188,1.63,0,-5399.9521484375
100000000000000000000003,1,923125000,0,-47,5.57141822160065,0,0,0.640036010742188,1.63,0,-5399.9521484375
100000000000000000000000,1,923125000,0,-57,5.39347645020591,0,0,0.640036010742188,1.63,0,-5399.9521484375
100000000000000000000004,1,923125000,0,-49,0.785398163397448,0,0,0.640036010742188,1.63,0,-5399.9521484375
100000000000000000000001,1,923125000,0,-46.5,2.02485464000905,0,0,0.640036010742188,1.63,0,-5399.9521484375
100000000000000000000002,1,923125000,0,-45.5,4.08652481892735,0,0,0.640036010742188,1.63,0,-5399.9521484375
100000000000000000000005,1,923125000,0,-62.5,2.56481587734479,0,0,0.640036010742188,1.63,0,-5399.9521484375
100000000000000000000003,1,923125000,0,-46.5,5.55914637529756,0,0,0.640036010742188,1.63,0,-5399.9521484375
100000000000000000000004,1,923125000,0,-49,0.76699039394282,0,0,0.640036010742188,1.63,0,-5399.9521484375
100000000000000000000000,1,923125000,0,-57,5.405748296509,0,0,0.640036010742188,1.63,0,-5399.9521484375
100000000000000000000001,1,923125000,0,-46.5,2.02485464000905,0,0,0.640036010742188,1.63,0,-5399.9521484375
100000000000000000000002,1,923125000,0,-45.5,4.10493258838198,0,0,0.640036010742188,1.63,0,-5399.9521484375
100000000000000000000005,1,923125000,0,-62.5,2.4359614911624,0,0,0.640036010742188,1.63,0,-5399.9521484375
100000000000000000000002,1,923125000,0,-45.5,4.09879666523043,0,0,0.640036010742188,1.63,0,-5399.9521484375
100000000000000000000001,1,923125000,0,-46,2.01258279370596,0,0,0.640036010742188,1.63,0,-5399.9521484375
100000000000000000000003,1,923125000,0,-47,5.57141822160065,0,0,0.640036010742188,1.63,0,-5399.9521484375
100000000000000000000004,1,923125000,0,-49,0.760854470791278,0,0,0.640036010742188,1.63,0,-5399.9521484375
100000000000000000000005,1,923125000,0,-62.5,2.55254403104171,0,0,0.640036010742188,1.63,0,-5399.9521484375
100000000000000000000000,1,923125000,0,-57,5.38734052705437,0,0,0.640036010742188,1.63,0,-5399.9521484375
100000000000000000000002,1,923125000,0,-45.5,4.10493258838198,0,0,0.640036010742188,1.63,0,-5399.9521484375
100000000000000000000000,1,923125000,0,-57,5.41188421966054,0,0,0.640036010742188,1.63,0,-5399.9521484375
100000000000000000000004,1,923125000,0,-49,0.74244670133665,0,0,0.640036010742188,1.63,0,-5399.9521484375
100000000000000000000003,1,923125000,0,-46.5,5.58369006790373,0,0,0.640036010742188,1.63,0,-5399.9521484375
100000000000000000000005,1,923125000,0,-62.5,2.57095180049633,0,0,0.640036010742188,1.63,0,-5399.9521484375
100000000000000000000001,1,923125000,0,-46.5,2.0187187168575,0,0,0.640036010742188,1.63,0,-5399.9521484375
100000000000000000000004,1,923125000,0,-49,0.748582624488193,0,0,0.640036010742188,1.63,0,-5399.9521484375
100000000000000000000001,1,923125000,0,-46.5,2.02485464000905,0,0,0.640036010742188,1.63,0,-5399.9521484375
100000000000000000000002,1,923125000,0,-45.5,4.08652481892735,0,0,0.640036010742188,1.63,0,-5399.9521484375
100000000000000000000003,1,923125000,0,-46.5,5.58369006790373,0,0,0.640036010742188,1.63,0,-5399.9521484375
100000000000000000000000,1,923125000,0,-57,5.43029198911517,0,0,0.640036010742188,1.63,0,-5399.9521484375
100000000000000000000005,1,923125000,0,-62.5,2.58935956995096,0,0,0.640036010742188,1.63,0,-5399.9521484375
100000000000000000000004,1,923125000,0,-49,0.773126317094363,0,0,0.640036010742188,1.63,0,-5399.9521484375
100000000000000000000003,1,923125000,0,-46.5,5.58982599105528,0,0,0.640036010742188,1.63,0,-5399.9521484375
100000000000000000000002,1,923125000,0,-45.5,4.09879666523043,0,0,0.640036010742188,1.63,0,-5399.9521484375
100000000000000000000001,1,923125000,0,-46.5,2.02485464000905,0,0,0.640036010742188,1.63,0,-5399.9521484375
100000000000000000000000,1,923125000,0,-57,5.41188421966054,0,0,0.640036010742188,1.63,0,-5399.9521484375
100000000000000000000005,1,923125000,0,-62.5,2.57095180049633,0,0,0.640036010742188,1.63,0,-5399.9521484375
100000000000000000000000,1,923125000,0,-57,5.38734052705437,0,0,0.640036010742188,1.63,0,-5399.9521484375
100000000000000000000002,1,923125000,0,-45.5,4.08652481892735,0,0,0.640036010742188,1.63,0,-5399.9521484375
100000000000000000000004,1,923125000,0,-49,0.736310778185108,0,0,0.640036010742188,1.63,0,-5399.9521484375
100000000000000000000001,1,923125000,0,-46.5,2.02485464000905,0,0,0.640036010742188,1.63,0,-5399.9521484375
100000000000000000000003,1,923125000,0,-47,5.56528229844911,0,0,0.640036010742188,1.63,0,-5399.9521484375
100000000000000000000005,1,923125000,0,-62.5,2.52186441528399,0,0,0.640036010742188,1.63,0,-5399.9521484375
100000000000000000000000,1,923125000,0,-57,5.37506868075129,0,0,0.640036010742188,1.63,0,-5399.9521484375
100000000000000000000004,1,923125000,0,-49,0.754718547639736,0,0,0.640036010742188,1.63,0,-5399.9521484375
100000000000000000000005,1,923125000,0,-62,2.52800033843554,0,0,0.640036010742188,1.63,0,-5399.9521484375
100000000000000000000003,1,923125000,0,-47,5.57141822160065,0,0,0.640036010742188,1.63,0,-5399.9521484375
100000000000000000000001,1,923125000,0,-46.5,2.03099056316059,0,0,0.640036010742188,1.63,0,-5399.9521484375
100000000000000000000002,1,923125000,0,-45.5,4.08652481892735,0,0,0.640036010742188,1.63,0,-5399.9521484375
100000000000000000000003,1,923125000,0,-47,5.56528229844911,0,0,0.640036010742188,1.63,0,-5399.9521484375
100000000000000000000005,1,923125000,0,-62.5,2.5954954931025,0,0,0.640036010742188,1.63,0,-5399.9521484375
100000000000000000000002,1,923125000,0,-45.5,4.09266074207889,0,0,0.640036010742188,1.63,0,-5399.9521484375
100000000000000000000001,1,923125000,0,-46,2.02485464000905,0,0,0.640036010742188,1.63,0,-5399.9521484375
100000000000000000000004,1,923125000,0,-49,0.730174855033566,0,0,0.640036010742188,1.63,0,-5399.9521484375
100000000000000000000000,1,923125000,0,-57,5.38734052705437,0,0,0.640036010742188,1.63,0,-5399.9521484375
100000000000000000000000,1,923125000,0,-57,5.405748296509,0,0,0.640036010742188,1.63,0,-5399.9521484375
100000000000000000000001,1,923125000,0,-46.5,2.03712648631213,0,0,0.640036010742188,1.63,0,-5399.9521484375
100000000000000000000003,1,923125000,0,-47,5.56528229844911,0,0,0.640036010742188,1.63,0,-5399.9521484375
100000000000000000000005,1,923125000,0,-62.5,2.60776733940559,0,0,0.640036010742188,1.63,0,-5399.9521484375
100000000000000000000004,1,923125000,0,-49,0.76699039394282,0,0,0.640036010742188,1.63,0,-5399.9521484375
100000000000000000000002,1,923125000,0,-45.5,4.06198112632118,0,0,0.640036010742188,1.63,0,-5399.9521484375
100000000000000000000003,1,923125000,0,-47,5.58369006790373,0,0,0.640036010742188,1.63,0,-5399.9521484375
100000000000000000000005,1,923125000,0,-62.5,2.63231103201176,0,0,0.640036010742188,1.63,0,-5399.9521484375
100000000000000000000001,1,923125000,0,-46.5,1.99417502425133,0,0,0.640036010742188,1.63,0,-5399.9521484375
100000000000000000000002,1,923125000,0,-45.5,4.09266074207889,0,0,0.640036010742188,1.63,0,-5399.9521484375
100000000000000000000000,1,923125000,0,-57,5.405748296509,0,0,0.640036010742188,1.63,0,-5399.9521484375
100000000000000000000004,1,923125000,0,-49,0.736310778185108,0,0,0.640036010742188,1.63,0,-5399.9521484375
100000000000000000000001,1,923125000,0,-46.5,2.02485464000905,0,0,0.640036010742188,1.63,0,-5399.9521484375
100000000000000000000003,1,923125000,0,-47,5.58369006790373,0,0,0.640036010742188,1.63,0,-5399.9521484375
100000000000000000000002,1,923125000,0,-45.5,4.08652481892735,0,0,0.640036010742188,1.63,0,-5399.9521484375
100000000000000000000004,1,923125000,0,-49,0.773126317094363,0,0,0.640036010742188,1.63,0,-5399.9521484375
100000000000000000000000,1,923125000,0,-57,5.38734052705437,0,0,0.640036010742188,1.63,0,-5399.9521484375
100000000000000000000005,1,923125000,0,-62.5,2.55254403104171,0,0,0.640036010742188,1.63,0,-5399.9521484375
100000000000000000000003,1,923125000,0,-46.5,5.57755414475219,0,0,0.640036010742188,1.63,0,-5399.9521484375
100000000000000000000000,1,923125000,0,-57,5.41188421966054,0,0,0.640036010742188,1.63,0,-5399.9521484375
100000000000000000000001,1,923125000,0,-46.5,2.0187187168575,0,0,0.640036010742188,1.63,0,-5399.9521484375
100000000000000000000002,1,923125000,0,-45.5,4.08652481892735,0,0,0.640036010742188,1.63,0,-5399.9521484375
100000000000000000000004,1,923125000,0,-49.5,0.76699039394282,0,0,0.640036010742188,1.63,0,-5399.9521484375
100000000000000000000005,1,923125000,0,-62,2.52800033843554,0,0,0.640036010742188,1.63,0,-5399.9521484375
100000000000000000000003,1,923125000,0,-46.5,5.56528229844911,0,0,0.640036010742188,1.63,0,-5399.9521484375
100000000000000000000001,1,923125000,0,-46.5,2.01258279370596,0,0,0.640036010742188,1.63,0,-5399.9521484375
100000000000000000000005,1,923125000,0,-62,2.55254403104171,0,0,0.640036010742188,1.63,0,-5399.9521484375
100000000000000000000000,1,923125000,0,-57,5.3627968344482,0,0,0.640036010742188,1.63,0,-5399.9521484375
100000000000000000000002,1,923125000,0,-45.5,4.08652481892735,0,0,0.640036010742188,1.63,0,-5399.9521484375
100000000000000000000004,1,923125000,0,-49,0.773126317094363,0,0,0.640036010742188,1.63,0,-5399.9521484375
100000000000000000000000,1,923125000,0,-57,5.38120460390283,0,0,0.640036010742188,1.63,0,-5399.9521484375
100000000000000000000005,1,923125000,0,-62,2.61390326255713,0,0,0.640036010742188,1.63,0,-5399.9521484375
100000000000000000000004,1,923125000,0,-49.5,0.760854470791278,0,0,0.640036010742188,1.63,0,-5399.9521484375
100000000000000000000003,1,923125000,0,-47,5.56528229844911,0,0,0.640036010742188,1.63,0,-5399.9521484375
100000000000000000000002,1,923125000,0,-45.5,4.09266074207889,0,0,0.640036010742188,1.63,0,-5399.9521484375
100000000000000000000001,1,923125000,0,-46,2.01258279370596,0,0,0.640036010742188,1.63,0,-5399.9521484375
100000000000000000000004,1,923125000,0,-49,0.754718547639736,0,0,0.640036010742188,1.63,0,-5399.9521484375
100000000000000000000000,1,923125000,0,-57,5.41802014281208,0,0,0.640036010742188,1.63,0,-5399.9521484375
100000000000000000000001,1,923125000,0,-46.5,2.03712648631213,0,0,0.640036010742188,1.63,0,-5399.9521484375
100000000000000000000005,1,923125000,0,-62.5,2.52186441528399,0,0,0.640036010742188,1.63,0,-5399.9521484375
100000000000000000000002,1,923125000,0,-45.5,4.08038889577581,0,0,0.640036010742188,1.63,0,-5399.9521484375
100000000000000000000003,1,923125000,0,-46.5,5.55914637529756,0,0,0.640036010742188,1.63,0,-5399.9521484375
100000000000000000000002,1,923125000,0,-45.5,4.08038889577581,0,0,0.640036010742188,1.63,0,-5399.9521484375
100000000000000000000005,1,923125000,0,-62.5,2.57095180049633,0,0,0.640036010742188,1.63,0,-5399.9521484375
100000000000000000000001,1,923125000,0,-46.5,2.03712648631213,0,0,0.640036010742188,1.63,0,-5399.9521484375
100000000000000000000000,1,923125000,0,-57,5.41188421966054,0,0,0.640036010742188,1.63,0,-5399.9521484375
100000000000000000000003,1,923125000,0,-46.5,5.55301045214602,0,0,0.640036010742188,1.63,0,-5399.9521484375
100000000000000000000004,1,923125000,0,-49,0.760854470791278,0,0,0.640036010742188,1.63,0,-5399.9521484375
100000000000000000000000,1,923125000,0,-56.5,5.41802014281208,0,0,0.640036010742188,1.63,0,-5399.9521484375
100000000000000000000004,1,923125000,0,-49,0.736310778185108,0,0,0.640036010742188,1.63,0,-5399.9521484375
100000000000000000000005,1,923125000,0,-62,2.62617510886022,0,0,0.640036010742188,1.63,0,-5399.9521484375
100000000000000000000002,1,923625000,0,-45,4.31355397553442,0,0,0.640036010742188,1.63,0,-5399.9521484375
100000000000000000000001,1,923625000,0,-46.5,2.23347602716149,0,0,0.640036010742188,1.63,0,-5399.9521484375
100000000000000000000003,1,923625000,0,-46.5,5.83526291711698,0,0,0.640036010742188,1.63,0,-5399.9521484375
100000000000000000000003,1,923625000,0,-46.5,5.81685514766235,0,0,0.640036010742188,1.63,0,-5399.9521484375
100000000000000000000004,1,923625000,0,-48.5,0.95720401164064,0,0,0.640036010742188,1.63,0,-5399.9521484375
100000000000000000000005,1,923625000,0,-62,2.93910718958889,0,0,0.640036010742188,1.63,0,-5399.9521484375
100000000000000000000000,1,923625000,0,-56.5,5.54687452899448,0,0,0.640036010742188,1.63,0,-5399.9521484375
100000000000000000000002,1,923625000,0,-45,4.30741805238288,0,0,0.640036010742188,1.63,0,-5399.9521484375
100000000000000000000001,1,923625000,0,-46.5,2.25188379661612,0,0,0.640036010742188,1.63,0,-5399.9521484375
100000000000000000000002,1,923625000,0,-45,4.31355397553442,0,0,0.640036010742188,1.63,0,-5399.9521484375
100000000000000000000004,1,923625000,0,-48.5,0.981747704246811,0,0,0.640036010742188,1.63,0,-5399.9521484375
100000000000000000000005,1,923625000,0,-62,2.95751495904352,0,0,0.640036010742188,1.63,0,-5399.9521484375
100000000000000000000001,1,923625000,0,-46.5,2.23961195031304,0,0,0.640036010742188,1.63,0,-5399.9521484375
100000000000000000000000,1,923625000,0,-57,5.56528229844911,0,0,0.640036010742188,1.63,0,-5399.9521484375
100000000000000000000003,1,923625000,0,-46.5,5.83526291711698,0,0,0.640036010742188,1.63,0,-5399.9521484375
100000000000000000000002,1,923625000,0,-45,4.31968989868597,0,0,0.640036010742188,1.63,0,-5399.9521484375
100000000000000000000005,1,923625000,0,-62.5,3.03728196001357,0,0,0.640036010742188,1.63,0,-5399.9521484375
100000000000000000000001,1,923625000,0,-46.5,2.23961195031304,0,0,0.640036010742188,1.63,0,-5399.9521484375
100000000000000000000004,1,923625000,0,-48.5,0.951068088489097,0,0,0.640036010742188,1.63,0,-5399.9521484375
100000000000000000000000,1,923625000,0,-56.5,5.52846675953985,0,0,0.640036010742188,1.63,0,-5399.9521484375
100000000000000000000003,1,923625000,0,-46.5,5.81685514766235,0,0,0.640036010742188,1.63,0,-5399.9521484375
100000000000000000000000,1,923625000,0,-57,5.54073860584294,0,0,0.640036010742188,1.63,0,-5399.9521484375
100000000000000000000003,1,923625000,0,-46.5,5.82299107081389,0,0,0.640036010742188,1.63,0,-5399.9521484375
100000000000000000000005,1,923625000,0,-62,2.98819457480123,0,0,0.640036010742188,1.63,0,-5399.9521484375
100000000000000000000001,1,923625000,0,-46.5,2.23961195031304,0,0,0.640036010742188,1.63,0,-5399.9521484375
100000000000000000000004,1,923625000,0,-48.5,0.926524395882927,0,0,0.640036010742188,1.63,0,-5399.9521484375
100000000000000000000002,1,923625000,0,-45,4.31355397553442,0,0,0.640036010742188,1.63,0,-5399.9521484375
100000000000000000000005,1,923625000,0,-62,2.90842757383118,0,0,0.640036010742188,1.63,0,-5399.9521484375
100000000000000000000002,1,923625000,0,-45.5,4.31968989868597,0,0,0.640036010742188,1.63,0,-5399.9521484375
100000000000000000000003,1,923625000,0,-46.5,5.83526291711698,0,0,0.640036010742188,1.63,0,-5399.9521484375
100000000000000000000001,1,923625000,0,-46.5,2.23961195031304,0,0,0.640036010742188,1.63,0,-5399.9521484375
100000000000000000000000,1,923625000,0,-57,5.55914637529756,0,0,0.640036010742188,1.63,0,-5399.9521484375
100000000000000000000004,1,923625000,0,-48.5,0.93266031903447,0,0,0.640036010742188,1.63,0,-5399.9521484375
100000000000000000000004,1,923625000,0,-48.5,0.95720401164064,0,0,0.640036010742188,1.63,0,-5399.9521484375
100000000000000000000000,1,923625000,0,-57,5.57755414475219,0,0,0.640036010742188,1.63,0,-5399.9521484375
100000000000000000000005,1,923625000,0,-62.5,2.96365088219506,0,0,0.640036010742188,1.63,0,-5399.9521484375
100000000000000000000003,1,923625000,0,-46.5,5.84753476342006,0,0,0.640036010742188,1.63,0,-5399.9521484375
100000000000000000000002,1,923625000,0,-45,4.30128212923134,0,0,0.640036010742188,1.63,0,-5399.9521484375
100000000000000000000001,1,923625000,0,-46.5,2.23961195031304,0,0,0.640036010742188,1.63,0,-5399.9521484375
100000000000000000000000,1,923625000,0,-57,5.55301045214602,0,0,0.640036010742188,1.63,0,-5399.9521484375
100000000000000000000004,1,923625000,0,-48.5,0.975611781095267,0,0,0.640036010742188,1.63,0,-5399.9521484375
100000000000000000000003,1,923625000,0,-46.5,5.84139884026852,0,0,0.640036010742188,1.63,0,-5399.9521484375
100000000000000000000001,1,923625000,0,-46.5,2.26415564291921,0,0,0.640036010742188,1.63,0,-5399.9521484375
100000000000000000000002,1,923625000,0,-45.5,4.31355397553442,0,0,0.640036010742188,1.63,0,-5399.9521484375
100000000000000000000005,1,923625000,0,-61.5,2.89001980437655,0,0,0.640036010742188,1.63,0,-5399.9521484375
100000000000000000000002,1,923625000,0,-45,4.31355397553442,0,0,0.640036010742188,1.63,0,-5399.9521484375
100000000000000000000000,1,923625000,0,-56.5,5.58369006790373,0,0,0.640036010742188,1.63,0,-5399.9521484375
100000000000000000000001,1,923625000,0,-46.5,2.24574787346458,0,0,0.640036010742188,1.63,0,-5399.9521484375
100000000000000000000005,1,923625000,0,-62,2.87161203492192,0,0,0.640036010742188,1.63,0,-5399.9521484375
100000000000000000000003,1,923625000,0,-46.5,5.84753476342006,0,0,0.640036010742188,1.63,0,-5399.9521484375
100000000000000000000004,1,923625000,0,-48.5,0.987883627398353,0,0,0.640036010742188,1.63,0,-5399.9521484375
100000000000000000000004,1,923625000,0,-48.5,0.95720401164064,0,0,0.640036010742188,1.63,0,-5399.9521484375
100000000000000000000001,1,923625000,0,-46.5,2.24574787346458,0,0,0.640036010742188,1.63,0,-5399.9521484375
100000000000000000000000,1,923625000,0,-56.5,5.55301045214602,0,0,0.640036010742188,1.63,0,-5399.9521484375
100000000000000000000003,1,923625000,0,-46.5,5.83526291711698,0,0,0.640036010742188,1.63,0,-5399.9521484375
100000000000000000000002,1,923625000,0,-45,4.32582582183751,0,0,0.640036010742188,1.63,0,-5399.9521484375
100000000000000000000005,1,923625000,0,-62,2.87161203492192,0,0,0.640036010742188,1.63,0,-5399.9521484375
100000000000000000000001,1,923625000,0,-46.5,2.23961195031304,0,0,0.640036010742188,1.63,0,-5399.9521484375
100000000000000000000005,1,923625000,0,-62,2.93910718958889,0,0,0.640036010742188,1.63,0,-5399.9521484375
100000000000000000000000,1,923625000,0,-56.5,5.55301045214602,0,0,0.640036010742188,1.63,0,-5399.9521484375
100000000000000000000002,1,923625000,0,-45,4.30128212923134,0,0,0.640036010742188,1.63,0,-5399.9521484375
100000000000000000000004,1,923625000,0,-48.5,0.944932165337555,0,0,0.640036010742188,1.63,0,-5399.9521484375
100000000000000000000003,1,923625000,0,-46.5,5.84139884026852,0,0,0.640036010742188,1.63,0,-5399.9521484375
100000000000000000000001,1,923625000,0,-46.5,2.27642748922229,0,0,0.640036010742188,1.63,0,-5399.9521484375
100000000000000000000004,1,923625000,0,-48.5,0.963339934792183,0,0,0.640036010742188,1.63,0,-5399.9521484375
100000000000000000000005,1,923625000,0,-61.5,2.92069942013426,0,0,0.640036010742188,1.63,0,-5399.9521484375
100000000000000000000000,1,923625000,0,-56.5,5.50392306693368,0,0,0.640036010742188,1.63,0,-5399.9521484375
100000000000000000000002,1,923625000,0,-45,4.31968989868597,0,0,0.640036010742188,1.63,0,-5399.9521484375
100000000000000000000003,1,923625000,0,-46.5,5.84139884026852,0,0,0.640036010742188,1.63,0,-5399.9521484375
100000000000000000000005,1,923625000,0,-62,2.89001980437655,0,0,0.640036010742188,1.63,0,-5399.9521484375
100000000000000000000003,1,923625000,0,-46.5,5.84753476342006,0,0,0.640036010742188,1.63,0,-5399.9521484375
100000000000000000000004,1,923625000,0,-48.5,0.975611781095267,0,0,0.640036010742188,1.63,0,-5399.9521484375
100000000000000000000000,1,923625000,0,-57,5.53460268269139,0,0,0.640036010742188,1.63,0,-5399.9521484375
100000000000000000000001,1,923625000,0,-46.5,2.23347602716149,0,0,0.640036010742188,1.63,0,-5399.9521484375
100000000000000000000002,1,923625000,0,-45,4.32582582183751,0,0,0.640036010742188,1.63,0,-5399.9521484375
100000000000000000000004,1,923625000,0,-48.5,0.951068088489097,0,0,0.640036010742188,1.63,0,-5399.9521484375
100000000000000000000001,1,923625000,0,-46.5,2.22734010400995,0,0,0.640036010742188,1.63,0,-5399.9521484375
100000000000000000000005,1,923625000,0,-62.5,2.88388388122501,0,0,0.640036010742188,1.63,0,-5399.9521484375
100000000000000000000002,1,923625000,0,-45,4.33809766814059,0,0,0.640036010742188,1.63,0,-5399.9521484375
100000000000000000000003,1,923625000,0,-46.5,5.83526291711698,0,0,0.640036010742188,1.63,0,-5399.9521484375
100000000000000000000000,1,923625000,0,-56.5,5.58982599105528,0,0,0.640036010742188,1.63,0,-5399.9521484375
100000000000000000000003,1,923625000,0,-46.5,5.84139884026852,0,0,0.640036010742188,1.63,0,-5399.9521484375
100000000000000000000005,1,923625000,0,-62,2.98205865164969,0,0,0.640036010742188,1.63,0,-5399.9521484375
100000000000000000000001,1,923625000,0,-46.5,2.23347602716149,0,0,0.640036010742188,1.63,0,-5399.9521484375
100000000000000000000000,1,923625000,0,-56.5,5.55301045214602,0,0,0.640036010742188,1.63,0,-5399.9521484375
100000000000000000000004,1,923625000,0,-48.5,0.981747704246811,0,0,0.640036010742188,1.63,0,-5399.9521484375
100000000000000000000002,1,923625000,0,-45,4.28287435977671,0,0,0.640036010742188,1.63,0,-5399.9521484375
100000000000000000000001,1,923625000,0,-46.5,2.22734010400995,0,0,0.640036010742188,1.63,0,-5399.9521484375
100000000000000000000000,1,923625000,0,-56.5,5.55301045214602,0,0,0.640036010742188,1.63,0,-5399.9521484375
100000000000000000000003,1,923625000,0,-46.5,5.83526291711698,0,0,0.640036010742188,1.63,0,-5399.9521484375
100000000000000000000002,1,923625000,0,-45,4.32582582183751,0,0,0.640036010742188,1.63,0,-5399.9521484375
100000000000000000000004,1,923625000,0,-48.5,0.975611781095267,0,0,0.640036010742188,1.63,0,-5399.9521484375
100000000000000000000005,1,923625000,0,-62,2.85934018861884,0,0,0.640036010742188,1.63,0,-5399.9521484375
100000000000000000000005,1,923625000,0,-62,2.94524311274043,0,0,0.640036010742188,1.63,0,-5399.9521484375
100000000000000000000001,1,923625000,0,-46.5,2.25801971976766,0,0,0.640036010742188,1.63,0,-5399.9521484375
100000000000000000000003,1,923625000,0,-46.5,5.82912699396544,0,0,0.640036010742188,1.63,0,-5399.9521484375
100000000000000000000002,1,923625000,0,-45,4.31968989868597,0,0,0.640036010742188,1.63,0,-5399.9521484375
100000000000000000000004,1,923625000,0,-48,0.93266031903447,0,0,0.640036010742188,1.63,0,-5399.9521484375
100000000000000000000000,1,923625000,0,-57,5.55301045214602,0,0,0.640036010742188,1.63,0,-5399.9521484375
100000000000000000000005,1,923625000,0,-61.5,2.83479649601267,0,0,0.640036010742188,1.63,0,-5399.9521484375
100000000000000000000003,1,923625000,0,-46.5,5.84753476342006,0,0,0.640036010742188,1.63,0,-5399.9521484375
100000000000000000000002,1,923625000,0,-45,4.31968989868597,0,0,0.640036010742188,1.63,0,-5399.9521484375
100000000000000000000004,1,923625000,0,-48.5,0.975611781095267,0,0,0.640036010742188,1.63,0,-5399.9521484375
100000000000000000000000,1,923625000,0,-57,5.57141822160065,0,0,0.640036010742188,1.63,0,-5399.9521484375
100000000000000000000001,1,923625000,0,-46.5,2.25801971976766,0,0,0.640036010742188,1.63,0,-5399.9521484375
100000000000000000000005,1,923625000,0,-62,2.99433049795277,0,0,0.640036010742188,1.63,0,-5399.9521484375
100000000000000000000003,1,923625000,0,-46.5,5.85367068657161,0,0,0.640036010742188,1.63,0,-5399.9521484375
100000000000000000000001,1,923625000,0,-46.5,2.22734010400995,0,0,0.640036010742188,1.63,0,-5399.9521484375
100000000000000000000002,1,923625000,0,-45,4.33196174498905,0,0,0.640036010742188,1.63,0,-5399.9521484375
100000000000000000000004,1,923625000,0,-48.5,0.95720401164064,0,0,0.640036010742188,1.63,0,-5399.9521484375
100000000000000000000000,1,923625000,0,-57,5.52233083638831,0,0,0.640036010742188,1.63,0,-5399.9521484375
100000000000000000000001,1,923625000,0,-46.5,2.23347602716149,0,0,0.640036010742188,1.63,0,-5399.9521484375
100000000000000000000002,1,923625000,0,-45,4.32582582183751,0,0,0.640036010742188,1.63,0,-5399.9521484375
100000000000000000000000,1,923625000,0,-57,5.57141822160065,0,0,0.640036010742188,1.63,0,-5399.9521484375
100000000000000000000004,1,923625000,0,-48.5,1.00015547370144,0,0,0.640036010742188,1.63,0,-5399.9521484375
100000000000000000000005,1,923625000,0,-62,2.90842757383118,0,0,0.640036010742188,1.63,0,-5399.9521484375
100000000000000000000003,1,923625000,0,-46.5,5.84753476342006,0,0,0.640036010742188,1.63,0,-5399.9521484375
100000000000000000000001,1,923625000,0,-46.5,2.20893233455532,0,0,0.640036010742188,1.63,0,-5399.9521484375
100000000000000000000005,1,923625000,0,-62.5,2.87161203492192,0,0,0.640036010742188,1.63,0,-5399.9521484375
100000000000000000000002,1,923625000,0,-45,4.35036951444368,0,0,0.640036010742188,1.63,0,-5399.9521484375
100000000000000000000000,1,923625000,0,-57,5.57755414475219,0,0,0.640036010742188,1.63,0,-5399.9521484375
100000000000000000000004,1,923625000,0,-48.5,0.963339934792183,0,0,0.640036010742188,1.63,0,-5399.9521484375
100000000000000000000003,1,923625000,0,-46.5,5.84139884026852,0,0,0.640036010742188,1.63,0,-5399.9521484375
100000000000000000000003,1,923625000,0,-46.5,5.83526291711698,0,0,0.640036010742188,1.63,0,-5399.9521484375
100000000000000000000005,1,923625000,0,-63,2.90229165067963,0,0,0.640036010742188,1.63,0,-5399.9521484375
100000000000000000000002,1,923625000,0,-45,4.33196174498905,0,0,0.640036010742188,1.63,0,-5399.9521484375
100000000000000000000001,1,923625000,0,-46.5,2.23347602716149,0,0,0.640036010742188,1.63,0,-5399.9521484375
100000000000000000000004,1,923625000,0,-48.5,0.951068088489097,0,0,0.640036010742188,1.63,0,-5399.9521484375
100000000000000000000000,1,923625000,0,-56.5,5.53460268269139,0,0,0.640036010742188,1.63,0,-5399.9521484375
100000000000000000000004,1,923625000,0,-48.5,0.951068088489097,0,0,0.640036010742188,1.63,0,-5399.9521484375
100000000000000000000001,1,923625000,0,-46.5,2.23961195031304,0,0,0.640036010742188,1.63,0,-5399.9521484375
100000000000000000000003,1,923625000,0,-46.5,5.84753476342006,0,0,0.640036010742188,1.63,0,-5399.9521484375
100000000000000000000002,1,923625000,0,-45,4.31355397553442,0,0,0.640036010742188,1.63,0,-5399.9521484375
100000000000000000000005,1,923625000,0,-62,2.85934018861884,0,0,0.640036010742188,1.63,0,-5399.9521484375
100000000000000000000000,1,923625000,0,-57,5.57141822160065,0,0,0.640036010742188,1.63,0,-5399.9521484375
100000000000000000000002,1,923625000,0,-45,4.31968989868597,0,0,0.640036010742188,1.63,0,-5399.9521484375
100000000000000000000001,1,923625000,0,-46.5,2.23961195031304,0,0,0.640036010742188,1.63,0,-5399.9521484375
100000000000000000000003,1,923625000,0,-46.5,5.84139884026852,0,0,0.640036010742188,1.63,0,-5399.9521484375
100000000000000000000000,1,923625000,0,-57,5.55301045214602,0,0,0.640036010742188,1.63,0,-5399.9521484375
100000000000000000000005,1,923625000,0,-62,3.00660234425586,0,0,0.640036010742188,1.63,0,-5399.9521484375
100000000000000000000004,1,923625000,0,-48.5,0.969475857943725,0,0,0.640036010742188,1.63,0,-5399.9521484375
100000000000000000000000,1,923625000,0,-56.5,5.55301045214602,0,0,0.640036010742188,1.63,0,-5399.9521484375
100000000000000000000003,1,923625000,0,-46.5,5.83526291711698,0,0,0.640036010742188,1.63,0,-5399.9521484375
100000000000000000000002,1,923625000,0,-45,4.30741805238288,0,0,0.640036010742188,1.63,0,-5399.9521484375
100000000000000000000005,1,923625000,0,-62,2.81638872655804,0,0,0.640036010742188,1.63,0,-5399.9521484375
100000000000000000000001,1,923625000,0,-46.5,2.22120418085841,0,0,0.640036010742188,1.63,0,-5399.9521484375
100000000000000000000004,1,923625000,0,-48.5,0.981747704246811,0,0,0.640036010742188,1.63,0,-5399.9521484375
100000000000000000000000,1,923625000,0,-56.5,5.54073860584294,0,0,0.640036010742188,1.63,0,-5399.9521484375
100000000000000000000001,1,923625000,0,-46.5,2.23961195031304,0,0,0.640036010742188,1.63,0,-5399.9521484375
100000000000000000000005,1,923625000,0,-62,2.90842757383118,0,0,0.640036010742188,1.63,0,-5399.9521484375
100000000000000000000002,1,923625000,0,-45,4.30741805238288,0,0,0.640036010742188,1.63,0,-5399.9521484375
100000000000000000000004,1,923625000,0,-48.5,0.969475857943725,0,0,0.640036010742188,1.63,0,-5399.9521484375
100000000000000000000003,1,923625000,0,-46.5,5.82299107081389,0,0,0.640036010742188,1.63,0,-5399.9521484375
100000000000000000000000,1,923625000,0,-57,5.51005899008522,0,0,0.640036010742188,1.63,0,-5399.9521484375
100000000000000000000004,1,923625000,0,-48.5,0.969475857943725,0,0,0.640036010742188,1.63,0,-5399.9521484375
100000000000000000000002,1,923625000,0,-45,4.30741805238288,0,0,0.640036010742188,1.63,0,-5399.9521484375
100000000000000000000001,1,923625000,0,-46.5,2.23347602716149,0,0,0.640036010742188,1.63,0,-5399.9521484375
100000000000000000000003,1,923625000,0,-46.5,5.81685514766235,0,0,0.640036010742188,1.63,0,-5399.9521484375
100000000000000000000005,1,923625000,0,-62,2.87774795807346,0,0,0.640036010742188,1.63,0,-5399.9521484375
100000000000000000000004,1,923625000,0,-48.5,0.981747704246811,0,0,0.640036010742188,1.63,0,-5399.9521484375
100000000000000000000005,1,923625000,0,-62.5,2.90842757383118,0,0,0.640036010742188,1.63,0,-5399.9521484375
100000000000000000000003,1,923625000,0,-46.5,5.79844737820772,0,0,0.640036010742188,1.63,0,-5399.9521484375
100000000000000000000002,1,923625000,0,-45.5,4.30741805238288,0,0,0.640036010742188,1.63,0,-5399.9521484375
100000000000000000000001,1,923625000,0,-46.5,2.25188379661612,0,0,0.640036010742188,1.63,0,-5399.9521484375
100000000000000000000000,1,923625000,0,-57,5.54687452899448,0,0,0.640036010742188,1.63,0,-5399.9521484375
100000000000000000000003,1,923625000,0,-46.5,5.84139884026852,0,0,0.640036010742188,1.63,0,-5399.9521484375
100000000000000000000001,1,923625000,0,-46.5,2.22120418085841,0,0,0.640036010742188,1.63,0,-5399.9521484375
100000000000000000000000,1,923625000,0,-57,5.53460268269139,0,0,0.640036010742188,1.63,0,-5399.9521484375
100000000000000000000002,1,923625000,0,-45,4.31968989868597,0,0,0.640036010742188,1.63,0,-5399.9521484375
100000000000000000000004,1,923625000,0,-48.5,0.987883627398353,0,0,0.640036010742188,1.63,0,-5399.9521484375
100000000000000000000005,1,923625000,0,-62,2.94524311274043,0,0,0.640036010742188,1.63,0,-5399.9521484375
100000000000000000000003,1,923625000,0,-46.5,5.82912699396544,0,0,0.640036010742188,1.63,0,-5399.9521484375
100000000000000000000004,1,923625000,0,-48.5,0.95720401164064,0,0,0.640036010742188,1.63,0,-5399.9521484375
100000000000000000000002,1,923625000,0,-45.5,4.31968989868597,0,0,0.640036010742188,1.63,0,-5399.9521484375
100000000000000000000005,1,923625000,0,-62,2.89001980437655,0,0,0.640036010742188,1.63,0,-5399.9521484375
100000000000000000000001,1,923625000,0,-46.5,2.25188379661612,0,0,0.640036010742188,1.63,0,-5399.9521484375
100000000000000000000000,1,923625000,0,-56.5,5.51005899008522,0,0,0.640036010742188,1.63,0,-5399.9521484375
100000000000000000000005,1,923625000,0,-62.5,2.88388388122501,0,0,0.640036010742188,1.63,0,-5399.9521484375
100000000000000000000004,1,923625000,0,-48.5,0.981747704246811,0,0,0.640036010742188,1.63,0,-5399.9521484375
100000000000000000000002,1,923625000,0,-45.5,4.30741805238288,0,0,0.640036010742188,1.63,0,-5399.9521484375
100000000000000000000003,1,923625000,0,-46.5,5.82299107081389,0,0,0.640036010742188,1.63,0,-5399.9521484375
100000000000000000000001,1,923625000,0,-46.5,2.25188379661612,0,0,0.640036010742188,1.63,0,-5399.9521484375
100000000000000000000000,1,923625000,0,-57,5.51619491323677,0,0,0.640036010742188,1.63,0,-5399.9521484375
100000000000000000000001,1,923625000,0,-46.5,2.23961195031304,0,0,0.640036010742188,1.63,0,-5399.9521484375
100000000000000000000003,1,923625000,0,-46.5,5.83526291711698,0,0,0.640036010742188,1.63,0,-5399.9521484375
100000000000000000000000,1,923625000,0,-56.5,5.54073860584294,0,0,0.640036010742188,1.63,0,-5399.9521484375
100000000000000000000002,1,923625000,0,-45,4.30741805238288,0,0,0.640036010742188,1.63,0,-5399.9521484375
100000000000000000000004,1,923625000,0,-48.5,0.975611781095267,0,0,0.640036010742188,1.63,0,-5399.9521484375
100000000000000000000005,1,923625000,0,-62,2.93297126643735,0,0,0.640036010742188,1.63,0,-5399.9521484375
100000000000000000000002,1,923625000,0,-45,4.32582582183751,0,0,0.640036010742188,1.63,0,-5399.9521484375
100000000000000000000003,1,923625000,0,-46.5,5.83526291711698,0,0,0.640036010742188,1.63,0,-5399.9521484375
100000000000000000000005,1,923625000,0,-62,3.0127382674074,0,0,0.640036010742188,1.63,0,-5399.9521484375
100000000000000000000004,1,923625000,0,-48.5,0.951068088489097,0,0,0.640036010742188,1.63,0,-5399.9521484375
100000000000000000000001,1,923625000,0,-46.5,2.23347602716149,0,0,0.640036010742188,1.63,0,-5399.9521484375
100000000000000000000000,1,923625000,0,-56.5,5.59596191420682,0,0,0.640036010742188,1.63,0,-5399.9521484375
100000000000000000000002,1,923625000,0,-45,4.2951462060798,0,0,0.640036010742188,1.63,0,-5399.9521484375
100000000000000000000003,1,923625000,0,-46.5,5.81685514766235,0,0,0.640036010742188,1.63,0,-5399.9521484375
100000000000000000000005,1,923625000,0,-62.5,2.90842757383118,0,0,0.640036010742188,1.63,0,-5399.9521484375
100000000000000000000000,1,923625000,0,-56.5,5.49778714378214,0,0,0.640036010742188,1.63,0,-5399.9521484375
100000000000000000000001,1,923625000,0,-46.5,2.25801971976766,0,0,0.640036010742188,1.63,0,-5399.9521484375
100000000000000000000004,1,923625000,0,-48.5,0.951068088489097,0,0,0.640036010742188,1.63,0,-5399.9521484375
100000000000000000000005,1,923625000,0,-62.5,2.84093241916421,0,0,0.640036010742188,1.63,0,-5399.9521484375
100000000000000000000002,1,923625000,0,-45,4.31355397553442,0,0,0.640036010742188,1.63,0,-5399.9521484375
100000000000000000000001,1,923625000,0,-46.5,2.22734010400995,0,0,0.640036010742188,1.63,0,-5399.9521484375
100000000000000000000000,1,923625000,0,-57,5.51619491323677,0,0,0.640036010742188,1.63,0,-5399.9521484375
100000000000000000000003,1,923625000,0,-46.5,5.84139884026852,0,0,0.640036010742188,1.63,0,-5399.9521484375
100000000000000000000004,1,923625000,0,-48.5,0.981747704246811,0,0,0.640036010742188,1.63,0,-5399.9521484375
100000000000000000000000,1,923625000,0,-57,5.55914637529756,0,0,0.640036010742188,1.63,0,-5399.9521484375
100000000000000000000005,1,923625000,0,-62,2.80411688025495,0,0,0.640036010742188,1.63,0,-5399.9521484375
100000000000000000000004,1,923625000,0,-48.5,0.969475857943725,0,0,0.640036010742188,1.63,0,-5399.9521484375
100000000000000000000002,1,923625000,0,-45,4.33196174498905,0,0,0.640036010742188,1.63,0,-5399.9521484375
100000000000000000000003,1,923625000,0,-46.5,5.84139884026852,0,0,0.640036010742188,1.63,0,-5399.9521484375
100000000000000000000001,1,923625000,0,-46.5,2.22120418085841,0,0,0.640036010742188,1.63,0,-5399.9521484375
100000000000000000000005,1,923625000,0,-62.5,2.93910718958889,0,0,0.640036010742188,1.63,0,-5399.9521484375
100000000000000000000003,1,923625000,0,-46.5,5.83526291711698,0,0,0.640036010742188,1.63,0,-5399.9521484375
100000000000000000000004,1,923625000,0,-48.5,0.963339934792183,0,0,0.640036010742188,1.63,0,-5399.9521484375
100000000000000000000001,1,923625000,0,-46.5,2.25188379661612,0,0,0.640036010742188,1.63,0,-5399.9521484375
100000000000000000000002,1,923625000,0,-45,4.31355397553442,0,0,0.640036010742188,1.63,0,-5399.9521484375
100000000000000000000000,1,923625000,0,-56.5,5.52846675953985,0,0,0.640036010742188,1.63,0,-5399.9521484375
100000000000000000000004,1,923625000,0,-48.5,0.987883627398353,0,0,0.640036010742188,1.63,0,-5399.9521484375
100000000000000000000001,1,923625000,0,-46.5,2.25801971976766,0,0,0.640036010742188,1.63,0,-5399.9521484375
100000000000000000000003,1,923625000,0,-46.5,5.84753476342006,0,0,0.640036010742188,1.63,0,-5399.9521484375
100000000000000000000002,1,923625000,0,-45,4.31968989868597,0,0,0.640036010742188,1.63,0,-5399.9521484375
100000000000000000000005,1,923625000,0,-62,2.90842757383118,0,0,0.640036010742188,1.63,0,-5399.9521484375
100000000000000000000000,1,923625000,0,-57,5.57141822160065,0,0,0.640036010742188,1.63,0,-5399.9521484375
100000000000000000000005,1,923625000,0,-62,2.82866057286112,0,0,0.640036010742188,1.63,0,-5399.9521484375
100000000000000000000001,1,923625000,0,-46.5,2.26415564291921,0,0,0.640036010742188,1.63,0,-5399.9521484375
100000000000000000000002,1,923625000,0,-45,4.31968989868597,0,0,0.640036010742188,1.63,0,-5399.9521484375
100000000000000000000004,1,923625000,0,-48.5,0.95720401164064,0,0,0.640036010742188,1.63,0,-5399.9521484375
100000000000000000000003,1,923625000,0,-46.5,5.84753476342006,0,0,0.640036010742188,1.63,0,-5399.9521484375
100000000000000000000000,1,923625000,0,-57,5.55301045214602,0,0,0.640036010742188,1.63,0,-5399.9521484375
100000000000000000000003,1,923625000,0,-46.5,5.83526291711698,0,0,0.640036010742188,1.63,0,-5399.9521484375
100000000000000000000005,1,923625000,0,-62,2.9268353432858,0,0,0.640036010742188,1.63,0,-5399.9521484375
100000000000000000000004,1,923625000,0,-48,0.969475857943725,0,0,0.640036010742188,1.63,0,-5399.9521484375
100000000000000000000002,1,923625000,0,-45.5,4.31355397553442,0,0,0.640036010742188,1.63,0,-5399.9521484375
100000000000000000000001,1,923625000,0,-46.5,2.26415564291921,0,0,0.640036010742188,1.63,0,-5399.9521484375
100000000000000000000000,1,923625000,0,-56.5,5.54687452899448,0,0,0.640036010742188,1.63,0,-5399.9521484375
100000000000000000000002,1,923625000,0,-45,4.28901028292825,0,0,0.640036010742188,1.63,0,-5399.9521484375
100000000000000000000004,1,923625000,0,-48.5,0.975611781095267,0,0,0.640036010742188,1.63,0,-5399.9521484375
100000000000000000000003,1,923625000,0,-46.5,5.83526291711698,0,0,0.640036010742188,1.63,0,-5399.9521484375
100000000000000000000001,1,923625000,0,-46.5,2.24574787346458,0,0,0.640036010742188,1.63,0,-5399.9521484375
100000000000000000000000,1,923625000,0,-56.5,5.58369006790373,0,0,0.640036010742188,1.63,0,-5399.9521484375
100000000000000000000005,1,923625000,0,-62.5,2.93297126643735,0,0,0.640036010742188,1.63,0,-5399.9521484375
100000000000000000000004,1,923625000,0,-48.5,0.95720401164064,0,0,0.640036010742188,1.63,0,-5399.9521484375
100000000000000000000000,1,923625000,0,-57,5.58369006790373,0,0,0.640036010742188,1.63,0,-5399.9521484375
100000000000000000000002,1,923625000,0,-45,4.31355397553442,0,0,0.640036010742188,1.63,0,-5399.9521484375
100000000000000000000003,1,923625000,0,-46.5,5.82912699396544,0,0,0.640036010742188,1.63,0,-5399.9521484375
100000000000000000000001,1,923625000,0,-46.5,2.23347602716149,0,0,0.640036010742188,1.63,0,-5399.9521484375
100000000000000000000005,1,923625000,0,-62,2.90842757383118,0,0,0.640036010742188,1.63,0,-5399.9521484375
100000000000000000000002,1,923625000,0,-45,4.33196174498905,0,0,0.640036010742188,1.63,0,-5399.9521484375
100000000000000000000003,1,923625000,0,-46.5,5.83526291711698,0,0,0.640036010742188,1.63,0,-5399.9521484375
100000000000000000000001,1,923625000,0,-46.5,2.24574787346458,0,0,0.640036010742188,1.63,0,-5399.9521484375
100000000000000000000005,1,923625000,0,-61.5,2.96365088219506,0,0,0.640036010742188,1.63,0,-5399.9521484375
100000000000000000000004,1,923625000,0,-48.5,0.975611781095267,0,0,0.640036010742188,1.63,0,-5399.9521484375
100000000000000000000000,1,923625000,0,-56.5,5.51005899008522,0,0,0.640036010742188,1.63,0,-5399.9521484375
100000000000000000000000,1,923625000,0,-56.5,5.54687452899448,0,0,0.640036010742188,1.63,0,-5399.9521484375
100000000000000000000004,1,923625000,0,-48.5,0.969475857943725,0,0,0.640036010742188,1.63,0,-5399.9521484375
100000000000000000000003,1,923625000,0,-46.5,5.85367068657161,0,0,0.640036010742188,1.63,0,-5399.9521484375
100000000000000000000005,1,923625000,0,-61.5,2.90842757383118,0,0,0.640036010742188,1.63,0,-5399.9521484375
100000000000000000000001,1,923625000,0,-46.5,2.25801971976766,0,0,0.640036010742188,1.63,0,-5399.9521484375
100000000000000000000002,1,923625000,0,-45,4.33196174498905,0,0,0.640036010742188,1.63,0,-5399.9521484375
100000000000000000000005,1,923625000,0,-62,2.87161203492192,0,0,0.640036010742188,1.63,0,-5399.9521484375
100000000000000000000001,1,923625000,0,-46.5,2.23961195031304,0,0,0.640036010742188,1.63,0,-5399.9521484375
100000000000000000000003,1,923625000,0,-46.5,5.83526291711698,0,0,0.640036010742188,1.63,0,-5399.9521484375
100000000000000000000000,1,923625000,0,-56.5,5.54687452899448,0,0,0.640036010742188,1.63,0,-5399.9521484375
100000000000000000000002,1,923625000,0,-45,4.31968989868597,0,0,0.640036010742188,1.63,0,-5399.9521484375
100000000000000000000004,1,923625000,0,-48.5,0.975611781095267,0,0,0.640036010742188,1.63,0,-5399.9521484375
100000000000000000000005,1,923625000,0,-62,2.91456349698272,0,0,0.640036010742188,1.63,0,-5399.9521484375
100000000000000000000004,1,923625000,0,-48.5,0.975611781095267,0,0,0.640036010742188,1.63,0,-5399.9521484375
100000000000000000000003,1,923625000,0,-46.5,5.85367068657161,0,0,0.640036010742188,1.63,0,-5399.9521484375
100000000000000000000002,1,923625000,0,-45,4.32582582183751,0,0,0.640036010742188,1.63,0,-5399.9521484375
100000000000000000000000,1,923625000,0,-57,5.52846675953985,0,0,0.640036010742188,1.63,0,-5399.9521484375
100000000000000000000001,1,923625000,0,-46.5,2.25801971976766,0,0,0.640036010742188,1.63,0,-5399.9521484375
100000000000000000000003,1,923625000,0,-46.5,5.83526291711698,0,0,0.640036010742188,1.63,0,-5399.9521484375
100000000000000000000004,1,923625000,0,-48.5,0.969475857943725,0,0,0.640036010742188,1.63,0,-5399.9521484375
100000000000000000000000,1,923625000,0,-57,5.54073860584294,0,0,0.640036010742188,1.63,0,-5399.9521484375
100000000000000000000001,1,923625000,0,-46.5,2.24574787346458,0,0,0.640036010742188,1.63,0,-5399.9521484375
100000000000000000000002,1,923625000,0,-45,4.32582582183751,0,0,0.640036010742188,1.63,0,-5399.9521484375
100000000000000000000005,1,923625000,0,-61.5,2.89001980437655,0,0,0.640036010742188,1.63,0,-5399.9521484375
100000000000000000000004,1,923625000,0,-48.5,0.994019550549895,0,0,0.640036010742188,1.63,0,-5399.9521484375
100000000000000000000002,1,923625000,0,-45,4.31355397553442,0,0,0.640036010742188,1.63,0,-5399.9521484375
100000000000000000000003,1,923625000,0,-46.5,5.85367068657161,0,0,0.640036010742188,1.63,0,-5399.9521484375
100000000000000000000001,1,923625000,0,-46.5,2.26415564291921,0,0,0.640036010742188,1.63,0,-5399.9521484375
100000000000000000000000,1,923625000,0,-56.5,5.57141822160065,0,0,0.640036010742188,1.63,0,-5399.9521484375
100000000000000000000005,1,923625000,0,-62,2.92069942013426,0,0,0.640036010742188,1.63,0,-5399.9521484375
100000000000000000000001,1,923625000,0,-46.5,2.21506825770687,0,0,0.640036010742188,1.63,0,-5399.9521484375
100000000000000000000003,1,923625000,0,-46.5,5.84139884026852,0,0,0.640036010742188,1.63,0,-5399.9521484375
100000000000000000000005,1,923625000,0,-61.5,2.90842757383118,0,0,0.640036010742188,1.63,0,-5399.9521484375
100000000000000000000002,1,923625000,0,-45,4.31968989868597,0,0,0.640036010742188,1.63,0,-5399.9521484375
100000000000000000000004,1,923625000,0,-48.5,0.969475857943725,0,0,0.640036010742188,1.63,0,-5399.9521484375
100000000000000000000000,1,923625000,0,-56.5,5.57141822160065,0,0,0.640036010742188,1.63,0,-5399.9521484375
100000000000000000000000,1,923625000,0,-57,5.55914637529756,0,0,0.640036010742188,1.63,0,-5399.9521484375
100000000000000000000005,1,923625000,0,-62.5,2.91456349698272,0,0,0.640036010742188,1.63,0,-5399.9521484375
100000000000000000000002,1,923625000,0,-45.5,4.33196174498905,0,0,0.640036010742188,1.63,0,-5399.9521484375
100000000000000000000001,1,923625000,0,-46.5,2.23347602716149,0,0,0.640036010742188,1.63,0,-5399.9521484375
100000000000000000000003,1,923625000,0,-46,5.83526291711698,0,0,0.640036010742188,1.63,0,-5399.9521484375
100000000000000000000004,1,923625000,0,-48.5,0.981747704246811,0,0,0.640036010742188,1.63,0,-5399.9521484375
100000000000000000000004,1,923625000,0,-48.5,0.981747704246811,0,0,0.640036010742188,1.63,0,-5399.9521484375
100000000000000000000005,1,923625000,0,-62.5,2.93910718958889,0,0,0.640036010742188,1.63,0,-5399.9521484375
100000000000000000000001,1,923625000,0,-46.5,2.20279641140378,0,0,0.640036010742188,1.63,0,-5399.9521484375
100000000000000000000000,1,923625000,0,-57,5.53460268269139,0,0,0.640036010742188,1.63,0,-5399.9521484375
100000000000000000000002,1,923625000,0,-45,4.31355397553442,0,0,0.640036010742188,1.63,0,-5399.9521484375
100000000000000000000003,1,923625000,0,-46.5,5.85980660972315,0,0,0.640036010742188,1.63,0,-5399.9521484375
100000000000000000000002,1,923625000,0,-45,4.33809766814059,0,0,0.640036010742188,1.63,0,-5399.9521484375
100000000000000000000005,1,923625000,0,-62,2.89615572752809,0,0,0.640036010742188,1.63,0,-5399.9521484375
100000000000000000000001,1,923625000,0,-46.5,2.28256341237383,0,0,0.640036010742188,1.63,0,-5399.9521484375
100000000000000000000004,1,923625000,0,-48.5,0.963339934792183,0,0,0.640036010742188,1.63,0,-5399.9521484375
100000000000000000000003,1,923625000,0,-46.5,5.83526291711698,0,0,0.640036010742188,1.63,0,-5399.9521484375
100000000000000000000000,1,923625000,0,-57,5.55914637529756,0,0,0.640036010742188,1.63,0,-5399.9521484375
100000000000000000000004,1,923625000,0,-48.5,0.994019550549895,0,0,0.640036010742188,1.63,0,-5399.9521484375
100000000000000000000001,1,923625000,0,-46.5,2.24574787346458,0,0,0.640036010742188,1.63,0,-5399.9521484375
100000000000000000000000,1,923625000,0,-57,5.56528229844911,0,0,0.640036010742188,1.63,0,-5399.9521484375
100000000000000000000003,1,923625000,0,-46.5,5.84139884026852,0,0,0.640036010742188,1.63,0,-5399.9521484375
100000000000000000000002,1,923625000,0,-45,4.31355397553442,0,0,0.640036010742188,1.63,0,-5399.9521484375
100000000000000000000005,1,923625000,0,-62,2.85320426546729,0,0,0.640036010742188,1.63,0,-5399.9521484375
100000000000000000000002,1,923625000,0,-45,4.33196174498905,0,0,0.640036010742188,1.63,0,-5399.9521484375
100000000000000000000001,1,923625000,0,-46.5,2.23961195031304,0,0,0.640036010742188,1.63,0,-5399.9521484375
100000000000000000000004,1,923625000,0,-48.5,0.969475857943725,0,0,0.640036010742188,1.63,0,-5399.9521484375
100000000000000000000005,1,923625000,0,-62,2.85934018861884,0,0,0.640036010742188,1.63,0,-5399.9521484375
100000000000000000000003,1,923625000,0,-46.5,5.86594253287469,0,0,0.640036010742188,1.63,0,-5399.9521484375
100000000000000000000000,1,923625000,0,-57,5.52846675953985,0,0,0.640036010742188,1.63,0,-5399.9521484375
100000000000000000000003,1,923625000,0,-46.5,5.84139884026852,0,0,0.640036010742188,1.63,0,-5399.9521484375
100000000000000000000000,1,923625000,0,-56.5,5.54687452899448,0,0,0.640036010742188,1.63,0,-5399.9521484375
100000000000000000000005,1,923625000,0,-61.5,3.01887419055894,0,0,0.640036010742188,1.63,0,-5399.9521484375
100000000000000000000002,1,923625000,0,-45,4.31968989868597,0,0,0.640036010742188,1.63,0,-5399.9521484375
100000000000000000000001,1,923625000,0,-46.5,2.23347602716149,0,0,0.640036010742188,1.63,0,-5399.9521484375
100000000000000000000004,1,923625000,0,-48.5,0.969475857943725,0,0,0.640036010742188,1.63,0,-5399.9521484375
100000000000000000000000,1,923625000,0,-57,5.60209783735836,0,0,0.640036010742188,1.63,0,-5399.9521484375
100000000000000000000005,1,923625000,0,-62,2.95751495904352,0,0,0.640036010742188,1.63,0,-5399.9521484375
100000000000000000000003,1,923625000,0,-46.5,5.85980660972315,0,0,0.640036010742188,1.63,0,-5399.9521484375
100000000000000000000001,1,923625000,0,-46.5,2.23961195031304,0,0,0.640036010742188,1.63,0,-5399.9521484375
100000000000000000000002,1,923625000,0,-45,4.34423359129214,0,0,0.640036010742188,1.63,0,-5399.9521484375
100000000000000000000004,1,923625000,0,-48.5,0.963339934792183,0,0,0.640036010742188,1.63,0,-5399.9521484375
100000000000000000000004,1,923625000,0,-48.5,0.994019550549895,0,0,0.640036010742188,1.63,0,-5399.9521484375
100000000000000000000000,1,923625000,0,-56.5,5.50392306693368,0,0,0.640036010742188,1.63,0,-5399.9521484375
100000000000000000000003,1,923625000,0,-46.5,5.82912699396544,0,0,0.640036010742188,1.63,0,-5399.9521484375
100000000000000000000002,1,923625000,0,-45,4.33809766814059,0,0,0.640036010742188,1.63,0,-5399.9521484375
100000000000000000000005,1,923625000,0,-62,3.03114603686203,0,0,0.640036010742188,1.63,0,-5399.9521484375
100000000000000000000001,1,923625000,0,-46.5,2.21506825770687,0,0,0.640036010742188,1.63,0,-5399.9521484375
100000000000000000000001,1,923625000,0,-46.5,2.24574787346458,0,0,0.640036010742188,1.63,0,-5399.9521484375
100000000000000000000004,1,923625000,0,-48.5,1.00015547370144,0,0,0.640036010742188,1.63,0,-5399.9521484375
100000000000000000000002,1,923625000,0,-45.5,4.30741805238288,0,0,0.640036010742188,1.63,0,-5399.9521484375
100000000000000000000000,1,923625000,0,-57,5.61436968366145,0,0,0.640036010742188,1.63,0,-5399.9521484375
100000000000000000000005,1,923625000,0,-62,2.90842757383118,0,0,0.640036010742188,1.63,0,-5399.9521484375
100000000000000000000003,1,923625000,0,-46.5,5.84139884026852,0,0,0.640036010742188,1.63,0,-5399.9521484375
100000000000000000000004,1,923625000,0,-48.5,0.987883627398353,0,0,0.640036010742188,1.63,0,-5399.9521484375
100000000000000000000005,1,923625000,0,-62,2.93297126643735,0,0,0.640036010742188,1.63,0,-5399.9521484375
100000000000000000000000,1,923625000,0,-56.5,5.6082337605099,0,0,0.640036010742188,1.63,0,-5399.9521484375
100000000000000000000001,1,923625000,0,-46.5,2.23961195031304,0,0,0.640036010742188,1.63,0,-5399.9521484375
100000000000000000000002,1,923625000,0,-45,4.31355397553442,0,0,0.640036010742188,1.63,0,-5399.9521484375
100000000000000000000003,1,923625000,0,-46.5,5.84139884026852,0,0,0.640036010742188,1.63,0,-5399.9521484375
100000000000000000000004,1,923625000,0,-48.5,0.987883627398353,0,0,0.640036010742188,1.63,0,-5399.9521484375
100000000000000000000003,1,923625000,0,-46.5,5.84139884026852,0,0,0.640036010742188,1.63,0,-5399.9521484375
100000000000000000000001,1,923625000,0,-46.5,2.23347602716149,0,0,0.640036010742188,1.63,0,-5399.9521484375
100000000000000000000000,1,923625000,0,-57,5.46097160487288,0,0,0.640036010742188,1.63,0,-5399.9521484375
100000000000000000000002,1,923625000,0,-45,4.33196174498905,0,0,0.640036010742188,1.63,0,-5399.9521484375
100000000000000000000005,1,923625000,0,-62,2.84706834231575,0,0,0.640036010742188,1.63,0,-5399.9521484375
100000000000000000000004,1,923625000,0,-48.5,0.981747704246811,0,0,0.640036010742188,1.63,0,-5399.9521484375
100000000000000000000000,1,923625000,0,-57,5.51619491323677,0,0,0.640036010742188,1.63,0,-5399.9521484375
100000000000000000000002,1,923625000,0,-45,4.31968989868597,0,0,0.640036010742188,1.63,0,-5399.9521484375
100000000000000000000003,1,923625000,0,-46.5,5.84139884026852,0,0,0.640036010742188,1.63,0,-5399.9521484375
100000000000000000000005,1,923625000,0,-62,2.88388388122501,0,0,0.640036010742188,1.63,0,-5399.9521484375
100000000000000000000001,1,923625000,0,-46.5,2.25188379661612,0,0,0.640036010742188,1.63,0,-5399.9521484375
100000000000000000000005,1,923625000,0,-62,2.9268353432858,0,0,0.640036010742188,1.63,0,-5399.9521484375
100000000000000000000002,1,923625000,0,-45,4.30128212923134,0,0,0.640036010742188,1.63,0,-5399.9521484375
100000000000000000000003,1,923625000,0,-46.5,5.84139884026852,0,0,0.640036010742188,1.63,0,-5399.9521484375
100000000000000000000001,1,923625000,0,-46.5,2.23961195031304,0,0,0.640036010742188,1.63,0,-5399.9521484375
100000000000000000000000,1,923625000,0,-57,5.51619491323677,0,0,0.640036010742188,1.63,0,-5399.9521484375
100000000000000000000004,1,923625000,0,-48.5,0.981747704246811,0,0,0.640036010742188,1.63,0,-5399.9521484375
100000000000000000000002,1,923625000,0,-45,4.33809766814059,0,0,0.640036010742188,1.63,0,-5399.9521484375
100000000000000000000003,1,923625000,0,-46.5,5.81685514766235,0,0,0.640036010742188,1.63,0,-5399.9521484375
100000000000000000000001,1,923625000,0,-46.5,2.23961195031304,0,0,0.640036010742188,1.63,0,-5399.9521484375
100000000000000000000004,1,923625000,0,-48.5,0.963339934792183,0,0,0.640036010742188,1.63,0,-5399.9521484375
100000000000000000000000,1,923625000,0,-57,5.54073860584294,0,0,0.640036010742188,1.63,0,-5399.9521484375
100000000000000000000005,1,923625000,0,-62,2.99433049795277,0,0,0.640036010742188,1.63,0,-5399.9521484375
100000000000000000000005,1,923625000,0,-62,2.89615572752809,0,0,0.640036010742188,1.63,0,-5399.9521484375
100000000000000000000004,1,923625000,0,-48.5,0.975611781095267,0,0,0.640036010742188,1.63,0,-5399.9521484375
100000000000000000000002,1,923625000,0,-45,4.32582582183751,0,0,0.640036010742188,1.63,0,-5399.9521484375
100000000000000000000001,1,923625000,0,-46.5,2.21506825770687,0,0,0.640036010742188,1.63,0,-5399.9521484375
100000000000000000000000,1,923625000,0,-56.5,5.51005899008522,0,0,0.640036010742188,1.63,0,-5399.9521484375
100000000000000000000003,1,923625000,0,-46.5,5.84139884026852,0,0,0.640036010742188,1.63,0,-5399.9521484375
100000000000000000000002,1,923625000,0,-45,4.33196174498905,0,0,0.640036010742188,1.63,0,-5399.9521484375
100000000000000000000004,1,923625000,0,-48.5,0.969475857943725,0,0,0.640036010742188,1.63,0,-5399.9521484375
100000000000000000000000,1,923625000,0,-57,5.55301045214602,0,0,0.640036010742188,1.63,0,-5399.9521484375
100000000000000000000005,1,923625000,0,-62.5,3.02501011371048,0,0,0.640036010742188,1.63,0,-5399.9521484375
100000000000000000000003,1,923625000,0,-46.5,5.84139884026852,0,0,0.640036010742188,1.63,0,-5399.9521484375
100000000000000000000001,1,923625000,0,-46.5,2.25801971976766,0,0,0.640036010742188,1.63,0,-5399.9521484375
100000000000000000000003,1,923625000,0,-46.5,5.85367068657161,0,0,0.640036010742188,1.63,0,-5399.9521484375
100000000000000000000001,1,923625000,0,-46.5,2.23347602716149,0,0,0.640036010742188,1.63,0,-5399.9521484375
100000000000000000000004,1,923625000,0,-48.5,0.951068088489097,0,0,0.640036010742188,1.63,0,-5399.9521484375
100000000000000000000002,1,923625000,0,-45,4.33196174498905,0,0,0.640036010742188,1.63,0,-5399.9521484375
100000000000000000000005,1,923625000,0,-62.5,2.90229165067963,0,0,0.640036010742188,1.63,0,-5399.9521484375
100000000000000000000000,1,923625000,0,-57,5.55301045214602,0,0,0.640036010742188,1.63,0,-5399.9521484375
100000000000000000000001,1,923625000,0,-46.5,2.24574787346458,0,0,0.640036010742188,1.63,0,-5399.9521484375
100000000000000000000003,1,923625000,0,-46.5,5.84139884026852,0,0,0.640036010742188,1.63,0,-5399.9521484375
100000000000000000000005,1,923625000,0,-62,2.84093241916421,0,0,0.640036010742188,1.63,0,-5399.9521484375
100000000000000000000002,1,923625000,0,-45,4.33196174498905,0,0,0.640036010742188,1.63,0,-5399.9521484375
100000000000000000000000,1,923625000,0,-57,5.57141822160065,0,0,0.640036010742188,1.63,0,-5399.9521484375
100000000000000000000004,1,923625000,0,-48.5,0.969475857943725,0,0,0.640036010742188,1.63,0,-5399.9521484375
100000000000000000000004,1,923625000,0,-48.5,0.944932165337555,0,0,0.640036010742188,1.63,0,-5399.9521484375
100000000000000000000000,1,923625000,0,-57,5.57141822160065,0,0,0.640036010742188,1.63,0,-5399.9521484375
100000000000000000000002,1,923625000,0,-45,4.33196174498905,0,0,0.640036010742188,1.63,0,-5399.9521484375
100000000000000000000001,1,923625000,0,-46.5,2.20893233455532,0,0,0.640036010742188,1.63,0,-5399.9521484375
100000000000000000000003,1,923625000,0,-46.5,5.84753476342006,0,0,0.640036010742188,1.63,0,-5399.9521484375
100000000000000000000005,1,923625000,0,-62.5,2.91456349698272,0,0,0.640036010742188,1.63,0,-5399.9521484375
100000000000000000000001,1,923625000,0,-46.5,2.23961195031304,0,0,0.640036010742188,1.63,0,-5399.9521484375
100000000000000000000003,1,923625000,0,-46.5,5.82299107081389,0,0,0.640036010742188,1.63,0,-5399.9521484375
100000000000000000000002,1,923625000,0,-45,4.32582582183751,0,0,0.640036010742188,1.63,0,-5399.9521484375
100000000000000000000005,1,923625000,0,-62,2.93910718958889,0,0,0.640036010742188,1.63,0,-5399.9521484375
100000000000000000000004,1,923625000,0,-48.5,0.987883627398353,0,0,0.640036010742188,1.63,0,-5399.9521484375
100000000000000000000000,1,923625000,0,-57,5.54687452899448,0,0,0.640036010742188,1.63,0,-5399.9521484375
100000000000000000000001,1,923625000,0,-46.5,2.25801971976766,0,0,0.640036010742188,1.63,0,-5399.9521484375
100000000000000000000004,1,923625000,0,-48.5,0.963339934792183,0,0,0.640036010742188,1.63,0,-5399.9521484375
100000000000000000000000,1,923625000,0,-57,5.55914637529756,0,0,0.640036010742188,1.63,0,-5399.9521484375
100000000000000000000003,1,923625000,0,-46.5,5.85367068657161,0,0,0.640036010742188,1.63,0,-5399.9521484375
100000000000000000000002,1,923625000,0,-45,4.31355397553442,0,0,0.640036010742188,1.63,0,-5399.9521484375
100000000000000000000005,1,923625000,0,-62.5,2.71207803298181,0,0,0.640036010742188,1.63,0,-5399.9521484375
100000000000000000000000,1,923625000,0,-56.5,5.54687452899448,0,0,0.640036010742188,1.63,0,-5399.9521484375
100000000000000000000005,1,923625000,0,-62.5,2.93910718958889,0,0,0.640036010742188,1.63,0,-5399.9521484375
100000000000000000000004,1,923625000,0,-48,0.95720401164064,0,0,0.640036010742188,1.63,0,-5399.9521484375
100000000000000000000003,1,923625000,0,-46.5,5.85980660972315,0,0,0.640036010742188,1.63,0,-5399.9521484375
100000000000000000000001,1,923625000,0,-46.5,2.23961195031304,0,0,0.640036010742188,1.63,0,-5399.9521484375
100000000000000000000002,1,923625000,0,-45,4.34423359129214,0,0,0.640036010742188,1.63,0,-5399.9521484375
100000000000000000000002,1,923625000,0,-45,4.33196174498905,0,0,0.640036010742188,1.63,0,-5399.9521484375
100000000000000000000003,1,923625000,0,-46.5,5.86594253287469,0,0,0.640036010742188,1.63,0,-5399.9521484375
100000000000000000000001,1,923625000,0,-46.5,2.23961195031304,0,0,0.640036010742188,1.63,0,-5399.9521484375
100000000000000000000000,1,923625000,0,-56.5,5.58982599105528,0,0,0.640036010742188,1.63,0,-5399.9521484375
100000000000000000000005,1,923625000,0,-62,2.9697868053466,0,0,0.640036010742188,1.63,0,-5399.9521484375
100000000000000000000004,1,923625000,0,-48.5,0.95720401164064,0,0,0.640036010742188,1.63,0,-5399.9521484375
100000000000000000000004,1,923625000,0,-48.5,0.963339934792183,0,0,0.640036010742188,1.63,0,-5399.9521484375
100000000000000000000003,1,923625000,0,-46,5.84139884026852,0,0,0.640036010742188,1.63,0,-5399.9521484375
100000000000000000000001,1,923625000,0,-46.5,2.23961195031304,0,0,0.640036010742188,1.63,0,-5399.9521484375
100000000000000000000005,1,923625000,0,-62,2.95137903589197,0,0,0.640036010742188,1.63,0,-5399.9521484375
100000000000000000000002,1,923625000,0,-45,4.33196174498905,0,0,0.640036010742188,1.63,0,-5399.9521484375
100000000000000000000000,1,923625000,0,-57,5.53460268269139,0,0,0.640036010742188,1.63,0,-5399.9521484375
100000000000000000000000,1,923625000,0,-57,5.55914637529756,0,0,0.640036010742188,1.63,0,-5399.9521484375
100000000000000000000001,1,923625000,0,-46.5,2.24574787346458,0,0,0.640036010742188,1.63,0,-5399.9521484375
100000000000000000000003,1,923625000,0,-46.5,5.84139884026852,0,0,0.640036010742188,1.63,0,-5399.9521484375
100000000000000000000002,1,923625000,0,-45,4.33809766814059,0,0,0.640036010742188,1.63,0,-5399.9521484375
100000000000000000000004,1,923625000,0,-48.5,0.987883627398353,0,0,0.640036010742188,1.63,0,-5399.9521484375
100000000000000000000005,1,923625000,0,-62,2.87774795807346,0,0,0.640036010742188,1.63,0,-5399.9521484375
100000000000000000000005,1,923625000,0,-62,2.82252464970958,0,0,0.640036010742188,1.63,0,-5399.9521484375
100000000000000000000001,1,923625000,0,-46.5,2.22734010400995,0,0,0.640036010742188,1.63,0,-5399.9521484375
100000000000000000000002,1,923625000,0,-45,4.31968989868597,0,0,0.640036010742188,1.63,0,-5399.9521484375
100000000000000000000003,1,923625000,0,-46.5,5.84139884026852,0,0,0.640036010742188,1.63,0,-5399.9521484375
100000000000000000000004,1,923625000,0,-48.5,0.975611781095267,0,0,0.640036010742188,1.63,0,-5399.9521484375
100000000000000000000000,1,923625000,0,-56.5,5.53460268269139,0,0,0.640036010742188,1.63,0,-5399.9521484375
100000000000000000000000,1,923625000,0,-57,5.52233083638831,0,0,0.640036010742188,1.63,0,-5399.9521484375
100000000000000000000005,1,923625000,0,-63,2.89615572752809,0,0,0.640036010742188,1.63,0,-5399.9521484375
100000000000000000000001,1,923625000,0,-46.5,2.23347602716149,0,0,0.640036010742188,1.63,0,-5399.9521484375
100000000000000000000003,1,923625000,0,-46.5,5.82912699396544,0,0,0.640036010742188,1.63,0,-5399.9521484375
100000000000000000000002,1,923625000,0,-45,4.32582582183751,0,0,0.640036010742188,1.63,0,-5399.9521484375
100000000000000000000004,1,923625000,0,-48.5,0.975611781095267,0,0,0.640036010742188,1.63,0,-5399.9521484375
100000000000000000000003,1,923625000,0,-46.5,5.85367068657161,0,0,0.640036010742188,1.63,0,-5399.9521484375
100000000000000000000004,1,923625000,0,-48.5,1.00015547370144,0,0,0.640036010742188,1.63,0,-5399.9521484375
100000000000000000000000,1,923625000,0,-57,5.6082337605099,0,0,0.640036010742188,1.63,0,-5399.9521484375
100000000000000000000001,1,923625000,0,-46.5,2.24574787346458,0,0,0.640036010742188,1.63,0,-5399.9521484375
100000000000000000000002,1,923625000,0,-45,4.33809766814059,0,0,0.640036010742188,1.63,0,-5399.9521484375
100000000000000000000005,1,923625000,0,-62,2.95137903589197,0,0,0.640036010742188,1.63,0,-5399.9521484375
100000000000000000000003,1,923625000,0,-46,5.84139884026852,0,0,0.640036010742188,1.63,0,-5399.9521484375
100000000000000000000004,1,923625000,0,-48.5,0.969475857943725,0,0,0.640036010742188,1.63,0,-5399.9521484375
100000000000000000000000,1,923625000,0,-57,5.57141822160065,0,0,0.640036010742188,1.63,0,-5399.9521484375
100000000000000000000002,1,923625000,0,-45,4.33196174498905,0,0,0.640036010742188,1.63,0,-5399.9521484375
100000000000000000000001,1,923625000,0,-46.5,2.21506825770687,0,0,0.640036010742188,1.63,0,-5399.9521484375
100000000000000000000005,1,923625000,0,-62,2.85320426546729,0,0,0.640036010742188,1.63,0,-5399.9521484375
100000000000000000000004,1,923625000,0,-48.5,0.963339934792183,0,0,0.640036010742188,1.63,0,-5399.9521484375
100000000000000000000002,1,923625000,0,-45,4.33809766814059,0,0,0.640036010742188,1.63,0,-5399.9521484375
100000000000000000000005,1,923625000,0,-62.5,2.93297126643735,0,0,0.640036010742188,1.63,0,-5399.9521484375
100000000000000000000001,1,923625000,0,-46.5,2.23961195031304,0,0,0.640036010742188,1.63,0,-5399.9521484375
100000000000000000000003,1,923625000,0,-46.5,5.85367068657161,0,0,0.640036010742188,1.63,0,-5399.9521484375
100000000000000000000000,1,923625000,0,-57,5.57141822160065,0,0,0.640036010742188,1.63,0,-5399.9521484375
100000000000000000000000,1,923625000,0,-57,5.57755414475219,0,0,0.640036010742188,1.63,0,-5399.9521484375
100000000000000000000002,1,923625000,0,-45,4.31355397553442,0,0,0.640036010742188,1.63,0,-5399.9521484375
100000000000000000000004,1,923625000,0,-48.5,0.95720401164064,0,0,0.640036010742188,1.63,0,-5399.9521484375
100000000000000000000001,1,923625000,0,-46.5,2.23347602716149,0,0,0.640036010742188,1.63,0,-5399.9521484375
100000000000000000000003,1,923625000,0,-46.5,5.83526291711698,0,0,0.640036010742188,1.63,0,-5399.9521484375
100000000000000000000005,1,923625000,0,-62,2.88388388122501,0,0,0.640036010742188,1.63,0,-5399.9521484375
100000000000000000000001,1,923625000,0,-46.5,2.23347602716149,0,0,0.640036010742188,1.63,0,-5399.9521484375
100000000000000000000003,1,923625000,0,-46.5,5.87207845602623,0,0,0.640036010742188,1.63,0,-5399.9521484375
100000000000000000000004,1,923625000,0,-48.5,0.969475857943725,0,0,0.640036010742188,1.63,0,-5399.9521484375
100000000000000000000000,1,923625000,0,-57,5.54687452899448,0,0,0.640036010742188,1.63,0,-5399.9521484375
100000000000000000000002,1,923625000,0,-45,4.33196174498905,0,0,0.640036010742188,1.63,0,-5399.9521484375
100000000000000000000005,1,923625000,0,-62,2.90229165067963,0,0,0.640036010742188,1.63,0,-5399.9521484375
100000000000000000000002,1,923625000,0,-45,4.33809766814059,0,0,0.640036010742188,1.63,0,-5399.9521484375
100000000000000000000005,1,923625000,0,-62.5,2.95137903589197,0,0,0.640036010742188,1.63,0,-5399.9521484375
100000000000000000000001,1,923625000,0,-46.5,2.24574787346458,0,0,0.640036010742188,1.63,0,-5399.9521484375
100000000000000000000004,1,923625000,0,-48.5,0.969475857943725,0,0,0.640036010742188,1.63,0,-5399.9521484375
100000000000000000000000,1,923625000,0,-56.5,5.57755414475219,0,0,0.640036010742188,1.63,0,-5399.9521484375
100000000000000000000003,1,923625000,0,-46.5,5.85980660972315,0,0,0.640036010742188,1.63,0,-5399.9521484375
100000000000000000000001,1,923625000,0,-46.5,2.24574787346458,0,0,0.640036010742188,1.63,0,-5399.9521484375
100000000000000000000003,1,923625000,0,-46.5,5.82912699396544,0,0,0.640036010742188,1.63,0,-5399.9521484375
100000000000000000000004,1,923625000,0,-48.5,1.00015547370144,0,0,0.640036010742188,1.63,0,-5399.9521484375
100000000000000000000005,1,923625000,0,-62,2.86547611177038,0,0,0.640036010742188,1.63,0,-5399.9521484375
100000000000000000000000,1,923625000,0,-56.5,5.54073860584294,0,0,0.640036010742188,1.63,0,-5399.9521484375
100000000000000000000002,1,923625000,0,-45,4.31355397553442,0,0,0.640036010742188,1.63,0,-5399.9521484375
100000000000000000000001,1,923625000,0,-46.5,2.24574787346458,0,0,0.640036010742188,1.63,0,-5399.9521484375
100000000000000000000005,1,923625000,0,-62,2.89615572752809,0,0,0.640036010742188,1.63,0,-5399.9521484375
100000000000000000000004,1,923625000,0,-48.5,0.987883627398353,0,0,0.640036010742188,1.63,0,-5399.9521484375
100000000000000000000003,1,923625000,0,-46.5,5.85367068657161,0,0,0.640036010742188,1.63,0,-5399.9521484375
100000000000000000000000,1,923625000,0,-57,5.56528229844911,0,0,0.640036010742188,1.63,0,-5399.9521484375
100000000000000000000002,1,923625000,0,-45.5,4.31355397553442,0,0,0.640036010742188,1.63,0,-5399.9521484375
100000000000000000000005,1,923625000,0,-61.5,2.97592272849814,0,0,0.640036010742188,1.63,0,-5399.9521484375
100000000000000000000004,1,923625000,0,-48,0.969475857943725,0,0,0.640036010742188,1.63,0,-5399.9521484375
100000000000000000000002,1,923625000,0,-45,4.33809766814059,0,0,0.640036010742188,1.63,0,-5399.9521484375
100000000000000000000003,1,923625000,0,-46.5,5.83526291711698,0,0,0.640036010742188,1.63,0,-5399.9521484375
100000000000000000000000,1,923625000,0,-56.5,5.55301045214602,0,0,0.640036010742188,1.63,0,-5399.9521484375
100000000000000000000001,1,923625000,0,-46.5,2.23961195031304,0,0,0.640036010742188,1.63,0,-5399.9521484375
100000000000000000000002,1,923625000,0,-45,4.33196174498905,0,0,0.640036010742188,1.63,0,-5399.9521484375
100000000000000000000003,1,923625000,0,-46.5,5.83526291711698,0,0,0.640036010742188,1.63,0,-5399.9521484375
100000000000000000000005,1,923625000,0,-62,2.87774795807346,0,0,0.640036010742188,1.63,0,-5399.9521484375
100000000000000000000000,1,923625000,0,-57,5.52846675953985,0,0,0.640036010742188,1.63,0,-5399.9521484375
100000000000000000000001,1,923625000,0,-46.5,2.23961195031304,0,0,0.640036010742188,1.63,0,-5399.9521484375
100000000000000000000004,1,923625000,0,-48.5,0.963339934792183,0,0,0.640036010742188,1.63,0,-5399.9521484375
100000000000000000000000,1,923625000,0,-56.5,5.57141822160065,0,0,0.640036010742188,1.63,0,-5399.9521484375
100000000000000000000005,1,923625000,0,-62,2.90229165067963,0,0,0.640036010742188,1.63,0,-5399.9521484375
100000000000000000000002,1,923625000,0,-45,4.31968989868597,0,0,0.640036010742188,1.63,0,-5399.9521484375
100000000000000000000001,1,923625000,0,-46.5,2.23961195031304,0,0,0.640036010742188,1.63,0,-5399.9521484375
100000000000000000000003,1,923625000,0,-46.5,5.89048622548086,0,0,0.640036010742188,1.63,0,-5399.9521484375
100000000000000000000004,1,923625000,0,-48.5,0.994019550549895,0,0,0.640036010742188,1.63,0,-5399.9521484375
100000000000000000000002,1,923625000,0,-45,4.2951462060798,0,0,0.640036010742188,1.63,0,-5399.9521484375
100000000000000000000001,1,923625000,0,-46.5,2.24574787346458,0,0,0.640036010742188,1.63,0,-5399.9521484375
100000000000000000000003,1,923625000,0,-46.5,5.85367068657161,0,0,0.640036010742188,1.63,0,-5399.9521484375
100000000000000000000004,1,923625000,0,-48.5,0.975611781095267,0,0,0.640036010742188,1.63,0,-5399.9521484375
100000000000000000000005,1,923625000,0,-62,2.92069942013426,0,0,0.640036010742188,1.63,0,-5399.9521484375
100000000000000000000000,1,923625000,0,-56.5,5.54687452899448,0,0,0.640036010742188,1.63,0,-5399.9521484375
100000000000000000000002,1,923625000,0,-45,4.31968989868597,0,0,0.640036010742188,1.63,0,-5399.9521484375
100000000000000000000005,1,923625000,0,-62.5,2.85320426546729,0,0,0.640036010742188,1.63,0,-5399.9521484375
100000000000000000000003,1,923625000,0,-46.5,5.84139884026852,0,0,0.640036010742188,1.63,0,-5399.9521484375
100000000000000000000001,1,923625000,0,-46.5,2.22734010400995,0,0,0.640036010742188,1.63,0,-5399.9521484375
100000000000000000000004,1,923625000,0,-48.5,0.994019550549895,0,0,0.640036010742188,1.63,0,-5399.9521484375
100000000000000000000000,1,923625000,0,-57,5.55301045214602,0,0,0.640036010742188,1.63,0,-5399.9521484375
100000000000000000000000,1,923625000,0,-56.5,5.53460268269139,0,0,0.640036010742188,1.63,0,-5399.9521484375
100000000000000000000004,1,923625000,0,-48.5,0.987883627398353,0,0,0.640036010742188,1.63,0,-5399.9521484375
100000000000000000000003,1,923625000,0,-46.5,5.85367068657161,0,0,0.640036010742188,1.63,0,-5399.9521484375
100000000000000000000002,1,923625000,0,-45,4.34423359129214,0,0,0.640036010742188,1.63,0,-5399.9521484375
100000000000000000000001,1,923625000,0,-46.5,2.23961195031304,0,0,0.640036010742188,1.63,0,-5399.9521484375
100000000000000000000005,1,923625000,0,-62,2.95137903589197,0,0,0.640036010742188,1.63,0,-5399.9521484375
100000000000000000000000,1,923625000,0,-57,5.4916512206306,0,0,0.640036010742188,1.63,0,-5399.9521484375
100000000000000000000004,1,923625000,0,-48.5,0.969475857943725,0,0,0.640036010742188,1.63,0,-5399.9521484375
100000000000000000000003,1,923625000,0,-46.5,5.82912699396544,0,0,0.640036010742188,1.63,0,-5399.9521484375
100000000000000000000001,1,923625000,0,-46.5,2.23961195031304,0,0,0.640036010742188,1.63,0,-5399.9521484375
100000000000000000000005,1,923625000,0,-62,2.79184503395187,0,0,0.640036010742188,1.63,0,-5399.9521484375
100000000000000000000002,1,923625000,0,-45,4.31968989868597,0,0,0.640036010742188,1.63,0,-5399.9521484375
100000000000000000000001,1,923625000,0,-46.5,2.26415564291921,0,0,0.640036010742188,1.63,0,-5399.9521484375
100000000000000000000005,1,923625000,0,-62,2.82252464970958,0,0,0.640036010742188,1.63,0,-5399.9521484375
100000000000000000000002,1,923625000,0,-45,4.31968989868597,0,0,0.640036010742188,1.63,0,-5399.9521484375
100000000000000000000004,1,923625000,0,-48.5,0.975611781095267,0,0,0.640036010742188,1.63,0,-5399.9521484375
100000000000000000000003,1,923625000,0,-46.5,5.83526291711698,0,0,0.640036010742188,1.63,0,-5399.9521484375
100000000000000000000000,1,923625000,0,-56.5,5.51005899008522,0,0,0.640036010742188,1.63,0,-5399.9521484375
100000000000000000000003,1,923625000,0,-46.5,5.85367068657161,0,0,0.640036010742188,1.63,0,-5399.9521484375
100000000000000000000001,1,923625000,0,-46.5,2.23961195031304,0,0,0.640036010742188,1.63,0,-5399.9521484375
100000000000000000000000,1,923625000,0,-57,5.58369006790373,0,0,0.640036010742188,1.63,0,-5399.9521484375
100000000000000000000004,1,923625000,0,-48.5,0.969475857943725,0,0,0.640036010742188,1.63,0,-5399.9521484375
100000000000000000000005,1,923625000,0,-62,2.89615572752809,0,0,0.640036010742188,1.63,0,-5399.9521484375
100000000000000000000002,1,923625000,0,-45,4.33196174498905,0,0,0.640036010742188,1.63,0,-5399.9521484375
100000000000000000000005,1,923625000,0,-62,2.77957318764878,0,0,0.640036010742188,1.63,0,-5399.9521484375
100000000000000000000001,1,923625000,0,-46.5,2.25801971976766,0,0,0.640036010742188,1.63,0,-5399.9521484375
100000000000000000000003,1,923625000,0,-46.5,5.83526291711698,0,0,0.640036010742188,1.63,0,-5399.9521484375
100000000000000000000000,1,923625000,0,-56.5,5.57141822160065,0,0,0.640036010742188,1.63,0,-5399.9521484375
100000000000000000000004,1,923625000,0,-48.5,1.00629139685298,0,0,0.640036010742188,1.63,0,-5399.9521484375
100000000000000000000002,1,923625000,0,-45,4.33196174498905,0,0,0.640036010742188,1.63,0,-5399.9521484375
100000000000000000000003,1,923625000,0,-46.5,5.84753476342006,0,0,0.640036010742188,1.63,0,-5399.9521484375
100000000000000000000002,1,923625000,0,-45,4.33196174498905,0,0,0.640036010742188,1.63,0,-5399.9521484375
100000000000000000000005,1,923625000,0,-62,2.90842757383118,0,0,0.640036010742188,1.63,0,-5399.9521484375
100000000000000000000001,1,923625000,0,-46.5,2.24574787346458,0,0,0.640036010742188,1.63,0,-5399.9521484375
100000000000000000000000,1,923625000,0,-56.5,5.52233083638831,0,0,0.640036010742188,1.63,0,-5399.9521484375
100000000000000000000004,1,923625000,0,-48.5,0.95720401164064,0,0,0.640036010742188,1.63,0,-5399.9521484375
100000000000000000000002,1,923625000,0,-45,4.33196174498905,0,0,0.640036010742188,1.63,0,-5399.9521484375
100000000000000000000001,1,923625000,0,-46.5,2.24574787346458,0,0,0.640036010742188,1.63,0,-5399.9521484375
100000000000000000000004,1,923625000,0,-48.5,0.981747704246811,0,0,0.640036010742188,1.63,0,-5399.9521484375
100000000000000000000005,1,923625000,0,-62,2.92069942013426,0,0,0.640036010742188,1.63,0,-5399.9521484375
100000000000000000000003,1,923625000,0,-46.5,5.84139884026852,0,0,0.640036010742188,1.63,0,-5399.9521484375
100000000000000000000000,1,923625000,0,-57,5.51619491323677,0,0,0.640036010742188,1.63,0,-5399.9521484375
100000000000000000000001,1,923625000,0,-46.5,2.23961195031304,0,0,0.640036010742188,1.63,0,-5399.9521484375
100000000000000000000005,1,923625000,0,-62,2.89001980437655,0,0,0.640036010742188,1.63,0,-5399.9521484375
100000000000000000000004,1,923625000,0,-48.5,0.981747704246811,0,0,0.640036010742188,1.63,0,-5399.9521484375
100000000000000000000002,1,923625000,0,-45,4.32582582183751,0,0,0.640036010742188,1.63,0,-5399.9521484375
100000000000000000000000,1,923625000,0,-57,5.52233083638831,0,0,0.640036010742188,1.63,0,-5399.9521484375
100000000000000000000003,1,923625000,0,-46.5,5.84139884026852,0,0,0.640036010742188,1.63,0,-5399.9521484375
100000000000000000000003,1,923625000,0,-46.5,5.84753476342006,0,0,0.640036010742188,1.63,0,-5399.9521484375
100000000000000000000000,1,923625000,0,-56.5,5.46097160487288,0,0,0.640036010742188,1.63,0,-5399.9521484375
100000000000000000000002,1,923625000,0,-45.5,4.32582582183751,0,0,0.640036010742188,1.63,0,-5399.9521484375
100000000000000000000001,1,923625000,0,-46.5,2.25188379661612,0,0,0.640036010742188,1.63,0,-5399.9521484375
100000000000000000000005,1,923625000,0,-61.5,2.90842757383118,0,0,0.640036010742188,1.63,0,-5399.9521484375
100000000000000000000004,1,923625000,0,-48,1.00629139685298,0,0,0.640036010742188,1.63,0,-5399.9521484375
100000000000000000000003,1,923625000,0,-46.5,5.87207845602623,0,0,0.640036010742188,1.63,0,-5399.9521484375
100000000000000000000000,1,923625000,0,-57,5.57141822160065,0,0,0.640036010742188,1.63,0,-5399.9521484375
100000000000000000000005,1,923625000,0,-62,2.91456349698272,0,0,0.640036010742188,1.63,0,-5399.9521484375
100000000000000000000001,1,923625000,0,-46.5,2.23961195031304,0,0,0.640036010742188,1.63,0,-5399.9521484375
100000000000000000000004,1,923625000,0,-48.5,0.969475857943725,0,0,0.640036010742188,1.63,0,-5399.9521484375
100000000000000000000002,1,923625000,0,-45,4.33196174498905,0,0,0.640036010742188,1.63,0,-5399.9521484375
100000000000000000000001,1,923625000,0,-46.5,2.25188379661612,0,0,0.640036010742188,1.63,0,-5399.9521484375
100000000000000000000004,1,923625000,0,-48,1.00629139685298,0,0,0.640036010742188,1.63,0,-5399.9521484375
100000000000000000000002,1,923625000,0,-45,4.33809766814059,0,0,0.640036010742188,1.63,0,-5399.9521484375
100000000000000000000003,1,923625000,0,-46.5,5.86594253287469,0,0,0.640036010742188,1.63,0,-5399.9521484375
100000000000000000000000,1,923625000,0,-56.5,5.62664152996453,0,0,0.640036010742188,1.63,0,-5399.9521484375
100000000000000000000005,1,923625000,0,-62,2.93910718958889,0,0,0.640036010742188,1.63,0,-5399.9521484375
100000000000000000000005,1,923625000,0,-62.5,2.66299064776947,0,0,0.640036010742188,1.63,0,-5399.9521484375
100000000000000000000002,1,923625000,0,-45,4.34423359129214,0,0,0.640036010742188,1.63,0,-5399.9521484375
100000000000000000000004,1,923625000,0,-48.5,0.981747704246811,0,0,0.640036010742188,1.63,0,-5399.9521484375
100000000000000000000001,1,923625000,0,-46.5,2.25188379661612,0,0,0.640036010742188,1.63,0,-5399.9521484375
100000000000000000000003,1,923625000,0,-46.5,5.85367068657161,0,0,0.640036010742188,1.63,0,-5399.9521484375
100000000000000000000000,1,923625000,0,-57,5.58369006790373,0,0,0.640036010742188,1.63,0,-5399.9521484375
100000000000000000000003,1,923625000,0,-46.5,5.87821437917778,0,0,0.640036010742188,1.63,0,-5399.9521484375
100000000000000000000005,1,923625000,0,-62,2.85934018861884,0,0,0.640036010742188,1.63,0,-5399.9521484375
100000000000000000000000,1,923625000,0,-57,5.51619491323677,0,0,0.640036010742188,1.63,0,-5399.9521484375
100000000000000000000004,1,923625000,0,-48.5,0.969475857943725,0,0,0.640036010742188,1.63,0,-5399.9521484375
100000000000000000000002,1,923625000,0,-45,4.33809766814059,0,0,0.640036010742188,1.63,0,-5399.9521484375
100000000000000000000001,1,923625000,0,-46.5,2.23347602716149,0,0,0.640036010742188,1.63,0,-5399.9521484375
100000000000000000000003,1,923625000,0,-46.5,5.85367068657161,0,0,0.640036010742188,1.63,0,-5399.9521484375
100000000000000000000005,1,923625000,0,-61.5,2.84706834231575,0,0,0.640036010742188,1.63,0,-5399.9521484375
100000000000000000000002,1,923625000,0,-45,4.33196174498905,0,0,0.640036010742188,1.63,0,-5399.9521484375
100000000000000000000004,1,923625000,0,-48.5,0.95720401164064,0,0,0.640036010742188,1.63,0,-5399.9521484375
100000000000000000000001,1,923625000,0,-46.5,2.24574787346458,0,0,0.640036010742188,1.63,0,-5399.9521484375
100000000000000000000000,1,923625000,0,-57,5.55301045214602,0,0,0.640036010742188,1.63,0,-5399.9521484375
100000000000000000000000,1,923625000,0,-57,5.56528229844911,0,0,0.640036010742188,1.63,0,-5399.9521484375
100000000000000000000001,1,923625000,0,-46.5,2.26415564291921,0,0,0.640036010742188,1.63,0,-5399.9521484375
100000000000000000000002,1,923625000,0,-45,4.33196174498905,0,0,0.640036010742188,1.63,0,-5399.9521484375
100000000000000000000004,1,923625000,0,-48.5,0.938796242186013,0,0,0.640036010742188,1.63,0,-5399.9521484375
100000000000000000000003,1,923625000,0,-46.5,5.85367068657161,0,0,0.640036010742188,1.63,0,-5399.9521484375
100000000000000000000005,1,923625000,0,-62,2.93297126643735,0,0,0.640036010742188,1.63,0,-5399.9521484375
100000000000000000000004,1,923625000,0,-48.5,0.969475857943725,0,0,0.640036010742188,1.63,0,-5399.9521484375
100000000000000000000002,1,923625000,0,-45,4.33809766814059,0,0,0.640036010742188,1.63,0,-5399.9521484375
100000000000000000000003,1,923625000,0,-46.5,5.84753476342006,0,0,0.640036010742188,1.63,0,-5399.9521484375
100000000000000000000001,1,923625000,0,-46.5,2.25188379661612,0,0,0.640036010742188,1.63,0,-5399.9521484375
100000000000000000000005,1,923625000,0,-62,2.93910718958889,0,0,0.640036010742188,1.63,0,-5399.9521484375
100000000000000000000000,1,923625000,0,-56.5,5.55914637529756,0,0,0.640036010742188,1.63,0,-5399.9521484375
100000000000000000000003,1,923625000,0,-46.5,5.85367068657161,0,0,0.640036010742188,1.63,0,-5399.9521484375
100000000000000000000001,1,923625000,0,-46.5,2.23347602716149,0,0,0.640036010742188,1.63,0,-5399.9521484375
100000000000000000000000,1,923625000,0,-57,5.54687452899448,0,0,0.640036010742188,1.63,0,-5399.9521484375
100000000000000000000002,1,923625000,0,-45.5,4.35036951444368,0,0,0.640036010742188,1.63,0,-5399.9521484375
100000000000000000000005,1,923625000,0,-62,2.87161203492192,0,0,0.640036010742188,1.63,0,-5399.9521484375
100000000000000000000004,1,923625000,0,-48.5,0.987883627398353,0,0,0.640036010742188,1.63,0,-5399.9521484375
100000000000000000000003,1,923625000,0,-46.5,5.84753476342006,0,0,0.640036010742188,1.63,0,-5399.9521484375
100000000000000000000004,1,923625000,0,-48.5,0.95720401164064,0,0,0.640036010742188,1.63,0,-5399.9521484375
100000000000000000000000,1,923625000,0,-57,5.55301045214602,0,0,0.640036010742188,1.63,0,-5399.9521484375
100000000000000000000001,1,924125000,0,-46.5,2.52186441528399,0,0,0.640036010742188,1.63,0,-5399.9521484375
100000000000000000000002,1,924125000,0,-45,4.54671905529304,0,0,0.640036010742188,1.63,0,-5399.9521484375
100000000000000000000005,1,924125000,0,-62.5,3.23976742401447,0,0,0.640036010742188,1.63,0,-5399.9521484375
100000000000000000000001,1,924125000,0,-46.5,2.52186441528399,0,0,0.640036010742188,1.63,0,-5399.9521484375
100000000000000000000003,1,924125000,0,-46.5,6.09910761263331,0,0,0.640036010742188,1.63,0,-5399.9521484375
100000000000000000000002,1,924125000,0,-45,4.50990351638379,0,0,0.640036010742188,1.63,0,-5399.9521484375
100000000000000000000004,1,924125000,0,-48,1.1965050145508,0,0,0.640036010742188,1.63,0,-5399.9521484375
100000000000000000000000,1,924125000,0,-56,5.74935999299538,0,0,0.640036010742188,1.63,0,-5399.9521484375
100000000000000000000005,1,924125000,0,-62.5,3.26431111662064,0,0,0.640036010742188,1.63,0,-5399.9521484375
100000000000000000000005,1,924125000,0,-62.5,3.22135965455985,0,0,0.640036010742188,1.63,0,-5399.9521484375
100000000000000000000000,1,924125000,0,-56.5,5.73095222354076,0,0,0.640036010742188,1.63,0,-5399.9521484375
100000000000000000000003,1,924125000,0,-46.5,6.10524353578485,0,0,0.640036010742188,1.63,0,-5399.9521484375
100000000000000000000004,1,924125000,0,-48,1.20264093770234,0,0,0.640036010742188,1.63,0,-5399.9521484375
100000000000000000000001,1,924125000,0,-46.5,2.52186441528399,0,0,0.640036010742188,1.63,0,-5399.9521484375
100000000000000000000002,1,924125000,0,-45,4.53444720898996,0,0,0.640036010742188,1.63,0,-5399.9521484375
100000000000000000000000,1,924125000,0,-56,5.72481630038921,0,0,0.640036010742188,1.63,0,-5399.9521484375
100000000000000000000001,1,924125000,0,-46.5,2.49732072267782,0,0,0.640036010742188,1.63,0,-5399.9521484375
100000000000000000000002,1,924125000,0,-45.5,4.52831128583841,0,0,0.640036010742188,1.63,0,-5399.9521484375
100000000000000000000004,1,924125000,0,-48,1.20877686085389,0,0,0.640036010742188,1.63,0,-5399.9521484375
100000000000000000000003,1,924125000,0,-46.5,6.08683576633022,0,0,0.640036010742188,1.63,0,-5399.9521484375
100000000000000000000005,1,924125000,0,-62,3.14159265358979,0,0,0.640036010742188,1.63,0,-5399.9521484375
100000000000000000000000,1,924125000,0,-56,5.73095222354076,0,0,0.640036010742188,1.63,0,-5399.9521484375
100000000000000000000004,1,924125000,0,-48,1.20264093770234,0,0,0.640036010742188,1.63,0,-5399.9521484375
100000000000000000000002,1,924125000,0,-45,4.51603943953533,0,0,0.640036010742188,1.63,0,-5399.9521484375
100000000000000000000001,1,924125000,0,-46.5,2.51572849213245,0,0,0.640036010742188,1.63,0,-5399.9521484375
100000000000000000000003,1,924125000,0,-46.5,6.08683576633022,0,0,0.640036010742188,1.63,0,-5399.9521484375
100000000000000000000005,1,924125000,0,-62.5,3.22749557771139,0,0,0.640036010742188,1.63,0,-5399.9521484375
100000000000000000000003,1,924125000,0,-46.5,6.11137945893639,0,0,0.640036010742188,1.63,0,-5399.9521484375
100000000000000000000005,1,924125000,0,-62.5,3.27044703977219,0,0,0.640036010742188,1.63,0,-5399.9521484375
100000000000000000000000,1,924125000,0,-56,5.79231145505618,0,0,0.640036010742188,1.63,0,-5399.9521484375
100000000000000000000001,1,924125000,0,-46.5,2.51572849213245,0,0,0.640036010742188,1.63,0,-5399.9521484375
100000000000000000000002,1,924125000,0,-45,4.50990351638379,0,0,0.640036010742188,1.63,0,-5399.9521484375
100000000000000000000004,1,924125000,0,-48,1.20264093770234,0,0,0.640036010742188,1.63,0,-5399.9521484375
100000000000000000000002,1,924125000,0,-45,4.52217536268687,0,0,0.640036010742188,1.63,0,-5399.9521484375
100000000000000000000004,1,924125000,0,-48,1.20264093770234,0,0,0.640036010742188,1.63,0,-5399.9521484375
100000000000000000000000,1,924125000,0,-56,5.76776776245001,0,0,0.640036010742188,1.63,0,-5399.9521484375
100000000000000000000001,1,924125000,0,-46.5,2.52800033843554,0,0,0.640036010742188,1.63,0,-5399.9521484375
100000000000000000000003,1,924125000,0,-46.5,6.11137945893639,0,0,0.640036010742188,1.63,0,-5399.9521484375
100000000000000000000005,1,924125000,0,-62.5,3.22135965455985,0,0,0.640036010742188,1.63,0,-5399.9521484375
100000000000000000000004,1,924125000,0,-48,1.1965050145508,0,0,0.640036010742188,1.63,0,-5399.9521484375
100000000000000000000002,1,924125000,0,-45.5,4.50376759323224,0,0,0.640036010742188,1.63,0,-5399.9521484375
100000000000000000000003,1,924125000,0,-46.5,6.10524353578485,0,0,0.640036010742188,1.63,0,-5399.9521484375
100000000000000000000001,1,924125000,0,-46.5,2.52186441528399,0,0,0.640036010742188,1.63,0,-5399.9521484375
100000000000000000000000,1,924125000,0,-56,5.6941366846315,0,0,0.640036010742188,1.63,0,-5399.9521484375
100000000000000000000005,1,924125000,0,-62.5,3.2152237314083,0,0,0.640036010742188,1.63,0,-5399.9521484375
100000000000000000000004,1,924125000,0,-48,1.20264093770234,0,0,0.640036010742188,1.63,0,-5399.9521484375
100000000000000000000001,1,924125000,0,-46.5,2.52186441528399,0,0,0.640036010742188,1.63,0,-5399.9521484375
100000000000000000000002,1,924125000,0,-45,4.51603943953533,0,0,0.640036010742188,1.63,0,-5399.9521484375
100000000000000000000003,1,924125000,0,-46.5,6.11137945893639,0,0,0.640036010742188,1.63,0,-5399.9521484375
100000000000000000000000,1,924125000,0,-56,5.76776776245001,0,0,0.640036010742188,1.63,0,-5399.9521484375
100000000000000000000005,1,924125000,0,-62,3.22135965455985,0,0,0.640036010742188,1.63,0,-5399.9521484375
100000000000000000000001,1,924125000,0,-46.5,2.52186441528399,0,0,0.640036010742188,1.63,0,-5399.9521484375
100000000000000000000000,1,924125000,0,-56,5.76163183929847,0,0,0.640036010742188,1.63,0,-5399.9521484375
100000000000000000000003,1,924125000,0,-46.5,6.11137945893639,0,0,0.640036010742188,1.63,0,-5399.9521484375
100000000000000000000004,1,924125000,0,-48,1.21491278400543,0,0,0.640036010742188,1.63,0,-5399.9521484375
100000000000000000000005,1,924125000,0,-62.5,3.15386449989288,0,0,0.640036010742188,1.63,0,-5399.9521484375
100000000000000000000002,1,924125000,0,-45.5,4.53444720898996,0,0,0.640036010742188,1.63,0,-5399.9521484375
100000000000000000000005,1,924125000,0,-62.5,3.23363150086293,0,0,0.640036010742188,1.63,0,-5399.9521484375
100000000000000000000000,1,924125000,0,-56,5.77390368560155,0,0,0.640036010742188,1.63,0,-5399.9521484375
100000000000000000000001,1,924125000,0,-46.5,2.48504887637474,0,0,0.640036010742188,1.63,0,-5399.9521484375
100000000000000000000002,1,924125000,0,-45.5,4.52831128583841,0,0,0.640036010742188,1.63,0,-5399.9521484375
100000000000000000000003,1,924125000,0,-46.5,6.09297168948177,0,0,0.640036010742188,1.63,0,-5399.9521484375
100000000000000000000004,1,924125000,0,-48,1.21491278400543,0,0,0.640036010742188,1.63,0,-5399.9521484375
100000000000000000000004,1,924125000,0,-48,1.20264093770234,0,0,0.640036010742188,1.63,0,-5399.9521484375
100000000000000000000003,1,924125000,0,-46.5,6.11137945893639,0,0,0.640036010742188,1.63,0,-5399.9521484375
100000000000000000000001,1,924125000,0,-46.5,2.52186441528399,0,0,0.640036010742188,1.63,0,-5399.9521484375
100000000000000000000005,1,924125000,0,-62,3.17840819249905,0,0,0.640036010742188,1.63,0,-5399.9521484375
100000000000000000000002,1,924125000,0,-45.5,4.52831128583841,0,0,0.640036010742188,1.63,0,-5399.9521484375
100000000000000000000000,1,924125000,0,-56,5.6941366846315,0,0,0.640036010742188,1.63,0,-5399.9521484375
100000000000000000000000,1,924125000,0,-56.5,5.77390368560155,0,0,0.640036010742188,1.63,0,-5399.9521484375
100000000000000000000002,1,924125000,0,-45,4.52217536268687,0,0,0.640036010742188,1.63,0,-5399.9521484375
100000000000000000000003,1,924125000,0,-46.5,6.10524353578485,0,0,0.640036010742188,1.63,0,-5399.9521484375
100000000000000000000004,1,924125000,0,-48,1.20264093770234,0,0,0.640036010742188,1.63,0,-5399.9521484375
100000000000000000000005,1,924125000,0,-62.5,3.20908780825676,0,0,0.640036010742188,1.63,0,-5399.9521484375
100000000000000000000001,1,924125000,0,-46.5,2.51572849213245,0,0,0.640036010742188,1.63,0,-5399.9521484375
100000000000000000000003,1,924125000,0,-46.5,6.10524353578485,0,0,0.640036010742188,1.63,0,-5399.9521484375
100000000000000000000005,1,924125000,0,-62,3.14159265358979,0,0,0.640036010742188,1.63,0,-5399.9521484375
100000000000000000000001,1,924125000,0,-46.5,2.4789129532232,0,0,0.640036010742188,1.63,0,-5399.9521484375
100000000000000000000002,1,924125000,0,-45.5,4.53444720898996,0,0,0.640036010742188,1.63,0,-5399.9521484375
100000000000000000000004,1,924125000,0,-48,1.21491278400543,0,0,0.640036010742188,1.63,0,-5399.9521484375
100000000000000000000000,1,924125000,0,-56,5.76776776245001,0,0,0.640036010742188,1.63,0,-5399.9521484375
100000000000000000000002,1,924125000,0,-45.5,4.5405831321415,0,0,0.640036010742188,1.63,0,-5399.9521484375
100000000000000000000001,1,924125000,0,-46.5,2.50959256898091,0,0,0.640036010742188,1.63,0,-5399.9521484375
100000000000000000000005,1,924125000,0,-62,3.27044703977219,0,0,0.640036010742188,1.63,0,-5399.9521484375
100000000000000000000003,1,924125000,0,-46.5,6.09910761263331,0,0,0.640036010742188,1.63,0,-5399.9521484375
100000000000000000000000,1,924125000,0,-56,5.73095222354076,0,0,0.640036010742188,1.63,0,-5399.9521484375
100000000000000000000004,1,924125000,0,-48,1.20877686085389,0,0,0.640036010742188,1.63,0,-5399.9521484375
100000000000000000000004,1,924125000,0,-48,1.19036909139926,0,0,0.640036010742188,1.63,0,-5399.9521484375
100000000000000000000005,1,924125000,0,-62,3.19681596195368,0,0,0.640036010742188,1.63,0,-5399.9521484375
100000000000000000000003,1,924125000,0,-46.5,6.11751538208794,0,0,0.640036010742188,1.63,0,-5399.9521484375
100000000000000000000000,1,924125000,0,-56,5.77390368560155,0,0,0.640036010742188,1.63,0,-5399.9521484375
100000000000000000000001,1,924125000,0,-46.5,2.50959256898091,0,0,0.640036010742188,1.63,0,-5399.9521484375
100000000000000000000002,1,924125000,0,-45,4.49149574692916,0,0,0.640036010742188,1.63,0,-5399.9521484375
100000000000000000000001,1,924125000,0,-46.5,2.51572849213245,0,0,0.640036010742188,1.63,0,-5399.9521484375
100000000000000000000005,1,924125000,0,-62.5,3.24590334716602,0,0,0.640036010742188,1.63,0,-5399.9521484375
100000000000000000000003,1,924125000,0,-46.5,6.12365130523948,0,0,0.640036010742188,1.63,0,-5399.9521484375
100000000000000000000000,1,924125000,0,-56,5.7370881466923,0,0,0.640036010742188,1.63,0,-5399.9521484375
100000000000000000000002,1,924125000,0,-45,4.52217536268687,0,0,0.640036010742188,1.63,0,-5399.9521484375
100000000000000000000004,1,924125000,0,-48,1.20264093770234,0,0,0.640036010742188,1.63,0,-5399.9521484375
100000000000000000000000,1,924125000,0,-56,5.71868037723767,0,0,0.640036010742188,1.63,0,-5399.9521484375
100000000000000000000002,1,924125000,0,-45.5,4.53444720898996,0,0,0.640036010742188,1.63,0,-5399.9521484375
100000000000000000000005,1,924125000,0,-62.5,3.14772857674134,0,0,0.640036010742188,1.63,0,-5399.9521484375
100000000000000000000001,1,924125000,0,-46.5,2.48504887637474,0,0,0.640036010742188,1.63,0,-5399.9521484375
100000000000000000000004,1,924125000,0,-48,1.20264093770234,0,0,0.640036010742188,1.63,0,-5399.9521484375
100000000000000000000003,1,924125000,0,-46.5,6.11751538208794,0,0,0.640036010742188,1.63,0,-5399.9521484375
100000000000000000000000,1,924125000,0,-56,5.76163183929847,0,0,0.640036010742188,1.63,0,-5399.9521484375
100000000000000000000001,1,924125000,0,-46.5,2.49732072267782,0,0,0.640036010742188,1.63,0,-5399.9521484375
100000000000000000000004,1,924125000,0,-48,1.21491278400543,0,0,0.640036010742188,1.63,0,-5399.9521484375
100000000000000000000002,1,924125000,0,-45.5,4.5405831321415,0,0,0.640036010742188,1.63,0,-5399.9521484375
100000000000000000000003,1,924125000,0,-46.5,6.09910761263331,0,0,0.640036010742188,1.63,0,-5399.9521484375
100000000000000000000005,1,924125000,0,-62.5,3.17227226934751,0,0,0.640036010742188,1.63,0,-5399.9521484375
100000000000000000000005,1,924125000,0,-62,3.22135965455985,0,0,0.640036010742188,1.63,0,-5399.9521484375
100000000000000000000002,1,924125000,0,-45.5,4.55285497844458,0,0,0.640036010742188,1.63,0,-5399.9521484375
100000000000000000000004,1,924125000,0,-48,1.21491278400543,0,0,0.640036010742188,1.63,0,-5399.9521484375
100000000000000000000000,1,924125000,0,-56,5.74322406984384,0,0,0.640036010742188,1.63,0,-5399.9521484375
100000000000000000000001,1,924125000,0,-46.5,2.52186441528399,0,0,0.640036010742188,1.63,0,-5399.9521484375
100000000000000000000003,1,924125000,0,-46.5,6.11751538208794,0,0,0.640036010742188,1.63,0,-5399.9521484375
100000000000000000000003,1,924125000,0,-46.5,6.09297168948177,0,0,0.640036010742188,1.63,0,-5399.9521484375
100000000000000000000002,1,924125000,0,-45.5,4.53444720898996,0,0,0.640036010742188,1.63,0,-5399.9521484375
100000000000000000000004,1,924125000,0,-48,1.20877686085389,0,0,0.640036010742188,1.63,0,-5399.9521484375
100000000000000000000000,1,924125000,0,-56,5.76163183929847,0,0,0.640036010742188,1.63,0,-5399.9521484375
100000000000000000000001,1,924125000,0,-46.5,2.52186441528399,0,0,0.640036010742188,1.63,0,-5399.9521484375
100000000000000000000005,1,924125000,0,-62.5,3.16000042304442,0,0,0.640036010742188,1.63,0,-5399.9521484375
100000000000000000000003,1,924125000,0,-46.5,6.11751538208794,0,0,0.640036010742188,1.63,0,-5399.9521484375
100000000000000000000005,1,924125000,0,-62,3.24590334716602,0,0,0.640036010742188,1.63,0,-5399.9521484375
100000000000000000000000,1,924125000,0,-56.5,5.71868037723767,0,0,0.640036010742188,1.63,0,-5399.9521484375
100000000000000000000002,1,924125000,0,-45,4.53444720898996,0,0,0.640036010742188,1.63,0,-5399.9521484375
100000000000000000000004,1,924125000,0,-48,1.20264093770234,0,0,0.640036010742188,1.63,0,-5399.9521484375
100000000000000000000001,1,924125000,0,-46.5,2.49732072267782,0,0,0.640036010742188,1.63,0,-5399.9521484375
100000000000000000000001,1,924125000,0,-46.5,2.52800033843554,0,0,0.640036010742188,1.63,0,-5399.9521484375
100000000000000000000002,1,924125000,0,-45.5,4.53444720898996,0,0,0.640036010742188,1.63,0,-5399.9521484375
100000000000000000000003,1,924125000,0,-46.5,6.10524353578485,0,0,0.640036010742188,1.63,0,-5399.9521484375
100000000000000000000000,1,924125000,0,-56,5.6941366846315,0,0,0.640036010742188,1.63,0,-5399.9521484375
100000000000000000000005,1,924125000,0,-62.5,3.19681596195368,0,0,0.640036010742188,1.63,0,-5399.9521484375
100000000000000000000004,1,924125000,0,-48,1.20264093770234,0,0,0.640036010742188,1.63,0,-5399.9521484375
100000000000000000000001,1,924125000,0,-46.5,2.50959256898091,0,0,0.640036010742188,1.63,0,-5399.9521484375
100000000000000000000004,1,924125000,0,-48,1.21491278400543,0,0,0.640036010742188,1.63,0,-5399.9521484375
100000000000000000000005,1,924125000,0,-62.5,3.26431111662064,0,0,0.640036010742188,1.63,0,-5399.9521484375
100000000000000000000002,1,924125000,0,-45.5,4.5405831321415,0,0,0.640036010742188,1.63,0,-5399.9521484375
100000000000000000000003,1,924125000,0,-46.5,6.11137945893639,0,0,0.640036010742188,1.63,0,-5399.9521484375
100000000000000000000000,1,924125000,0,-56,5.74935999299538,0,0,0.640036010742188,1.63,0,-5399.9521484375
100000000000000000000004,1,924125000,0,-48,1.21491278400543,0,0,0.640036010742188,1.63,0,-5399.9521484375
100000000000000000000002,1,924125000,0,-45.5,4.53444720898996,0,0,0.640036010742188,1.63,0,-5399.9521484375
100000000000000000000005,1,924125000,0,-62.5,3.2152237314083,0,0,0.640036010742188,1.63,0,-5399.9521484375
100000000000000000000003,1,924125000,0,-46.5,6.11751538208794,0,0,0.640036010742188,1.63,0,-5399.9521484375
100000000000000000000001,1,924125000,0,-46.5,2.51572849213245,0,0,0.640036010742188,1.63,0,-5399.9521484375
100000000000000000000000,1,924125000,0,-56,5.76163183929847,0,0,0.640036010742188,1.63,0,-5399.9521484375
100000000000000000000004,1,924125000,0,-48,1.21491278400543,0,0,0.640036010742188,1.63,0,-5399.9521484375
100000000000000000000002,1,924125000,0,-45.5,4.52217536268687,0,0,0.640036010742188,1.63,0,-5399.9521484375
100000000000000000000003,1,924125000,0,-46.5,6.12365130523948,0,0,0.640036010742188,1.63,0,-5399.9521484375
100000000000000000000000,1,924125000,0,-56,5.76163183929847,0,0,0.640036010742188,1.63,0,-5399.9521484375
100000000000000000000001,1,924125000,0,-46.5,2.50345664582937,0,0,0.640036010742188,1.63,0,-5399.9521484375
100000000000000000000005,1,924125000,0,-62,3.20295188510522,0,0,0.640036010742188,1.63,0,-5399.9521484375
100000000000000000000003,1,924125000,0,-46.5,6.09910761263331,0,0,0.640036010742188,1.63,0,-5399.9521484375
100000000000000000000004,1,924125000,0,-48.5,1.20264093770234,0,0,0.640036010742188,1.63,0,-5399.9521484375
100000000000000000000000,1,924125000,0,-56,5.72481630038921,0,0,0.640036010742188,1.63,0,-5399.9521484375
100000000000000000000001,1,924125000,0,-46.5,2.48504887637474,0,0,0.640036010742188,1.63,0,-5399.9521484375
100000000000000000000002,1,924125000,0,-45.5,4.52831128583841,0,0,0.640036010742188,1.63,0,-5399.9521484375
100000000000000000000005,1,924125000,0,-62,3.23363150086293,0,0,0.640036010742188,1.63,0,-5399.9521484375
100000000000000000000001,1,924125000,0,-46.5,2.53413626158708,0,0,0.640036010742188,1.63,0,-5399.9521484375
100000000000000000000004,1,924125000,0,-48,1.20877686085389,0,0,0.640036010742188,1.63,0,-5399.9521484375
100000000000000000000000,1,924125000,0,-56,5.74935999299538,0,0,0.640036010742188,1.63,0,-5399.9521484375
100000000000000000000003,1,924125000,0,-46.5,6.11137945893639,0,0,0.640036010742188,1.63,0,-5399.9521484375
100000000000000000000002,1,924125000,0,-45,4.50376759323224,0,0,0.640036010742188,1.63,0,-5399.9521484375
100000000000000000000005,1,924125000,0,-63,3.17840819249905,0,0,0.640036010742188,1.63,0,-5399.9521484375
100000000000000000000002,1,924125000,0,-45.5,4.52831128583841,0,0,0.640036010742188,1.63,0,-5399.9521484375
100000000000000000000001,1,924125000,0,-46.5,2.51572849213245,0,0,0.640036010742188,1.63,0,-5399.9521484375
100000000000000000000005,1,924125000,0,-62,3.16613634619596,0,0,0.640036010742188,1.63,0,-5399.9521484375
100000000000000000000000,1,924125000,0,-56,5.74322406984384,0,0,0.640036010742188,1.63,0,-5399.9521484375
100000000000000000000003,1,924125000,0,-46.5,6.12978722839102,0,0,0.640036010742188,1.63,0,-5399.9521484375
100000000000000000000004,1,924125000,0,-48,1.22104870715697,0,0,0.640036010742188,1.63,0,-5399.9521484375
100000000000000000000003,1,924125000,0,-47,6.09910761263331,0,0,0.640036010742188,1.63,0,-5399.9521484375
100000000000000000000002,1,924125000,0,-45.5,4.52217536268687,0,0,0.640036010742188,1.63,0,-5399.9521484375
100000000000000000000001,1,924125000,0,-46.5,2.50959256898091,0,0,0.640036010742188,1.63,0,-5399.9521484375
100000000000000000000004,1,924125000,0,-48,1.20264093770234,0,0,0.640036010742188,1.63,0,-5399.9521484375
100000000000000000000000,1,924125000,0,-56,5.71254445408613,0,0,0.640036010742188,1.63,0,-5399.9521484375
100000000000000000000005,1,924125000,0,-62,3.23363150086293,0,0,0.640036010742188,1.63,0,-5399.9521484375
100000000000000000000001,1,924125000,0,-46.5,2.52186441528399,0,0,0.640036010742188,1.63,0,-5399.9521484375
100000000000000000000000,1,924125000,0,-56,5.75549591614693,0,0,0.640036010742188,1.63,0,-5399.9521484375
100000000000000000000002,1,924125000,0,-45,4.51603943953533,0,0,0.640036010742188,1.63,0,-5399.9521484375
100000000000000000000004,1,924125000,0,-48,1.21491278400543,0,0,0.640036010742188,1.63,0,-5399.9521484375
100000000000000000000003,1,924125000,0,-46.5,6.11751538208794,0,0,0.640036010742188,1.63,0,-5399.9521484375
100000000000000000000005,1,924125000,0,-62.5,3.19681596195368,0,0,0.640036010742188,1.63,0,-5399.9521484375
100000000000000000000002,1,924125000,0,-45.5,4.52831128583841,0,0,0.640036010742188,1.63,0,-5399.9521484375
100000000000000000000003,1,924125000,0,-46.5,6.12365130523948,0,0,0.640036010742188,1.63,0,-5399.9521484375
100000000000000000000001,1,924125000,0,-46.5,2.51572849213245,0,0,0.640036010742188,1.63,0,-5399.9521484375
100000000000000000000000,1,924125000,0,-56,5.76776776245001,0,0,0.640036010742188,1.63,0,-5399.9521484375
100000000000000000000005,1,924125000,0,-62.5,3.18454411565059,0,0,0.640036010742188,1.63,0,-5399.9521484375
100000000000000000000004,1,924125000,0,-48,1.21491278400543,0,0,0.640036010742188,1.63,0,-5399.9521484375
100000000000000000000004,1,924125000,0,-48,1.20877686085389,0,0,0.640036010742188,1.63,0,-5399.9521484375
100000000000000000000000,1,924125000,0,-56,5.7370881466923,0,0,0.640036010742188,1.63,0,-5399.9521484375
100000000000000000000003,1,924125000,0,-46.5,6.11137945893639,0,0,0.640036010742188,1.63,0,-5399.9521484375
100000000000000000000001,1,924125000,0,-46.5,2.52800033843554,0,0,0.640036010742188,1.63,0,-5399.9521484375
100000000000000000000002,1,924125000,0,-45.5,4.52217536268687,0,0,0.640036010742188,1.63,0,-5399.9521484375
100000000000000000000005,1,924125000,0,-62,3.18454411565059,0,0,0.640036010742188,1.63,0,-5399.9521484375
100000000000000000000005,1,924125000,0,-62.5,3.2152237314083,0,0,0.640036010742188,1.63,0,-5399.9521484375
100000000000000000000004,1,924125000,0,-48,1.23332055346006,0,0,0.640036010742188,1.63,0,-5399.9521484375
100000000000000000000002,1,924125000,0,-45,4.52217536268687,0,0,0.640036010742188,1.63,0,-5399.9521484375
100000000000000000000000,1,924125000,0,-56,5.76776776245001,0,0,0.640036010742188,1.63,0,-5399.9521484375
100000000000000000000001,1,924125000,0,-46.5,2.50345664582937,0,0,0.640036010742188,1.63,0,-5399.9521484375
100000000000000000000003,1,924125000,0,-46.5,6.11137945893639,0,0,0.640036010742188,1.63,0,-5399.9521484375
100000000000000000000000,1,924125000,0,-56,5.7800396087531,0,0,0.640036010742188,1.63,0,-5399.9521484375
100000000000000000000001,1,924125000,0,-46.5,2.50959256898091,0,0,0.640036010742188,1.63,0,-5399.9521484375
100000000000000000000003,1,924125000,0,-46.5,6.11751538208794,0,0,0.640036010742188,1.63,0,-5399.9521484375
100000000000000000000002,1,924125000,0,-45,4.52217536268687,0,0,0.640036010742188,1.63,0,-5399.9521484375
100000000000000000000004,1,924125000,0,-48,1.20264093770234,0,0,0.640036010742188,1.63,0,-5399.9521484375
100000000000000000000005,1,924125000,0,-62.5,3.27044703977219,0,0,0.640036010742188,1.63,0,-5399.9521484375
100000000000000000000004,1,924125000,0,-48,1.21491278400543,0,0,0.640036010742188,1.63,0,-5399.9521484375
100000000000000000000000,1,924125000,0,-56.5,5.77390368560155,0,0,0.640036010742188,1.63,0,-5399.9521484375
100000000000000000000003,1,924125000,0,-46.5,6.12978722839102,0,0,0.640036010742188,1.63,0,-5399.9521484375
100000000000000000000002,1,924125000,0,-45,4.52217536268687,0,0,0.640036010742188,1.63,0,-5399.9521484375
100000000000000000000001,1,924125000,0,-46.5,2.51572849213245,0,0,0.640036010742188,1.63,0,-5399.9521484375
100000000000000000000005,1,924125000,0,-62,3.19681596195368,0,0,0.640036010742188,1.63,0,-5399.9521484375
100000000000000000000005,1,924125000,0,-62,3.23363150086293,0,0,0.640036010742188,1.63,0,-5399.9521484375
100000000000000000000002,1,924125000,0,-45.5,4.52217536268687,0,0,0.640036010742188,1.63,0,-5399.9521484375
100000000000000000000004,1,924125000,0,-48,1.22104870715697,0,0,0.640036010742188,1.63,0,-5399.9521484375
100000000000000000000003,1,924125000,0,-46.5,6.09910761263331,0,0,0.640036010742188,1.63,0,-5399.9521484375
100000000000000000000000,1,924125000,0,-56,5.77390368560155,0,0,0.640036010742188,1.63,0,-5399.9521484375
100000000000000000000001,1,924125000,0,-46.5,2.46664110692011,0,0,0.640036010742188,1.63,0,-5399.9521484375
100000000000000000000004,1,924125000,0,-48.5,1.21491278400543,0,0,0.640036010742188,1.63,0,-5399.9521484375
100000000000000000000005,1,924125000,0,-62,3.08636934522591,0,0,0.640036010742188,1.63,0,-5399.9521484375
100000000000000000000001,1,924125000,0,-46,2.46050518376857,0,0,0.640036010742188,1.63,0,-5399.9521484375
100000000000000000000002,1,924125000,0,-45.5,4.52831128583841,0,0,0.640036010742188,1.63,0,-5399.9521484375
100000000000000000000000,1,924125000,0,-56.5,5.70027260778304,0,0,0.640036010742188,1.63,0,-5399.9521484375
100000000000000000000003,1,924125000,0,-46.5,6.11137945893639,0,0,0.640036010742188,1.63,0,-5399.9521484375
100000000000000000000001,1,924125000,0,-46.5,2.50959256898091,0,0,0.640036010742188,1.63,0,-5399.9521484375
100000000000000000000004,1,924125000,0,-48,1.18423316824772,0,0,0.640036010742188,1.63,0,-5399.9521484375
100000000000000000000003,1,924125000,0,-46.5,6.08683576633022,0,0,0.640036010742188,1.63,0,-5399.9521484375
100000000000000000000002,1,924125000,0,-45.5,4.53444720898996,0,0,0.640036010742188,1.63,0,-5399.9521484375
100000000000000000000000,1,924125000,0,-56,5.76163183929847,0,0,0.640036010742188,1.63,0,-5399.9521484375
100000000000000000000005,1,924125000,0,-62.5,3.16000042304442,0,0,0.640036010742188,1.63,0,-5399.9521484375
100000000000000000000002,1,924125000,0,-45,4.52831128583841,0,0,0.640036010742188,1.63,0,-5399.9521484375
100000000000000000000004,1,924125000,0,-48,1.20264093770234,0,0,0.640036010742188,1.63,0,-5399.9521484375
100000000000000000000000,1,924125000,0,-56.5,5.75549591614693,0,0,0.640036010742188,1.63,0,-5399.9521484375
100000000000000000000005,1,924125000,0,-62,3.23363150086293,0,0,0.640036010742188,1.63,0,-5399.9521484375
100000000000000000000001,1,924125000,0,-46.5,2.49732072267782,0,0,0.640036010742188,1.63,0,-5399.9521484375
100000000000000000000003,1,924125000,0,-46.5,6.12978722839102,0,0,0.640036010742188,1.63,0,-5399.9521484375
100000000000000000000003,1,924125000,0,-46.5,6.12365130523948,0,0,0.640036010742188,1.63,0,-5399.9521484375
100000000000000000000005,1,924125000,0,-62,3.19068003880213,0,0,0.640036010742188,1.63,0,-5399.9521484375
100000000000000000000000,1,924125000,0,-56,5.72481630038921,0,0,0.640036010742188,1.63,0,-5399.9521484375
100000000000000000000004,1,924125000,0,-48,1.19036909139926,0,0,0.640036010742188,1.63,0,-5399.9521484375
100000000000000000000002,1,924125000,0,-45.5,4.50376759323224,0,0,0.640036010742188,1.63,0,-5399.9521484375
100000000000000000000001,1,924125000,0,-46.5,2.51572849213245,0,0,0.640036010742188,1.63,0,-5399.9521484375
100000000000000000000002,1,924125000,0,-45.5,4.53444720898996,0,0,0.640036010742188,1.63,0,-5399.9521484375
100000000000000000000001,1,924125000,0,-46.5,2.49118479952628,0,0,0.640036010742188,1.63,0,-5399.9521484375
100000000000000000000004,1,924125000,0,-48,1.20877686085389,0,0,0.640036010742188,1.63,0,-5399.9521484375
100000000000000000000005,1,924125000,0,-62.5,3.19068003880213,0,0,0.640036010742188,1.63,0,-5399.9521484375
100000000000000000000003,1,924125000,0,-46.5,6.10524353578485,0,0,0.640036010742188,1.63,0,-5399.9521484375
100000000000000000000000,1,924125000,0,-56,5.77390368560155,0,0,0.640036010742188,1.63,0,-5399.9521484375
100000000000000000000000,1,924125000,0,-56,5.76163183929847,0,0,0.640036010742188,1.63,0,-5399.9521484375
100000000000000000000001,1,924125000,0,-46.5,2.50345664582937,0,0,0.640036010742188,1.63,0,-5399.9521484375
100000000000000000000005,1,924125000,0,-63,3.17840819249905,0,0,0.640036010742188,1.63,0,-5399.9521484375
100000000000000000000002,1,924125000,0,-45,4.52217536268687,0,0,0.640036010742188,1.63,0,-5399.9521484375
100000000000000000000003,1,924125000,0,-46.5,6.11137945893639,0,0,0.640036010742188,1.63,0,-5399.9521484375
100000000000000000000004,1,924125000,0,-48,1.20877686085389,0,0,0.640036010742188,1.63,0,-5399.9521484375
100000000000000000000004,1,924125000,0,-48,1.21491278400543,0,0,0.640036010742188,1.63,0,-5399.9521484375
100000000000000000000003,1,924125000,0,-47,6.11137945893639,0,0,0.640036010742188,1.63,0,-5399.9521484375
100000000000000000000000,1,924125000,0,-56,5.7370881466923,0,0,0.640036010742188,1.63,0,-5399.9521484375
100000000000000000000001,1,924125000,0,-46.5,2.51572849213245,0,0,0.640036010742188,1.63,0,-5399.9521484375
100000000000000000000002,1,924125000,0,-45,4.53444720898996,0,0,0.640036010742188,1.63,0,-5399.9521484375
100000000000000000000005,1,924125000,0,-62.5,3.17840819249905,0,0,0.640036010742188,1.63,0,-5399.9521484375
100000000000000000000003,1,924125000,0,-46.5,6.10524353578485,0,0,0.640036010742188,1.63,0,-5399.9521484375
100000000000000000000005,1,924125000,0,-62.5,3.23363150086293,0,0,0.640036010742188,1.63,0,-5399.9521484375
100000000000000000000002,1,924125000,0,-45.5,4.53444720898996,0,0,0.640036010742188,1.63,0,-5399.9521484375
100000000000000000000004,1,924125000,0,-48,1.20877686085389,0,0,0.640036010742188,1.63,0,-5399.9521484375
100000000000000000000000,1,924125000,0,-56,5.7370881466923,0,0,0.640036010742188,1.63,0,-5399.9521484375
100000000000000000000001,1,924125000,0,-46.5,2.51572849213245,0,0,0.640036010742188,1.63,0,-5399.9521484375
100000000000000000000005,1,924125000,0,-62,3.15386449989288,0,0,0.640036010742188,1.63,0,-5399.9521484375
100000000000000000000004,1,924125000,0,-48,1.20264093770234,0,0,0.640036010742188,1.63,0,-5399.9521484375
100000000000000000000001,1,924125000,0,-46.5,2.51572849213245,0,0,0.640036010742188,1.63,0,-5399.9521484375
100000000000000000000000,1,924125000,0,-56,5.76776776245001,0,0,0.640036010742188,1.63,0,-5399.9521484375
100000000000000000000002,1,924125000,0,-45.5,4.52831128583841,0,0,0.640036010742188,1.63,0,-5399.9521484375
100000000000000000000003,1,924125000,0,-46.5,6.12978722839102,0,0,0.640036010742188,1.63,0,-5399.9521484375
100000000000000000000005,1,924125000,0,-62.5,3.16613634619596,0,0,0.640036010742188,1.63,0,-5399.9521484375
100000000000000000000000,1,924125000,0,-56,5.73095222354076,0,0,0.640036010742188,1.63,0,-5399.9521484375
100000000000000000000002,1,924125000,0,-45,4.5405831321415,0,0,0.640036010742188,1.63,0,-5399.9521484375
100000000000000000000001,1,924125000,0,-46.5,2.48504887637474,0,0,0.640036010742188,1.63,0,-5399.9521484375
100000000000000000000004,1,924125000,0,-48,1.2394564766116,0,0,0.640036010742188,1.63,0,-5399.9521484375
100000000000000000000003,1,924125000,0,-46.5,6.11751538208794,0,0,0.640036010742188,1.63,0,-5399.9521484375
100000000000000000000003,1,924125000,0,-46.5,6.11751538208794,0,0,0.640036010742188,1.63,0,-5399.9521484375
100000000000000000000002,1,924125000,0,-45.5,4.50376759323224,0,0,0.640036010742188,1.63,0,-5399.9521484375
100000000000000000000004,1,924125000,0,-48,1.1965050145508,0,0,0.640036010742188,1.63,0,-5399.9521484375
100000000000000000000001,1,924125000,0,-46.5,2.52186441528399,0,0,0.640036010742188,1.63,0,-5399.9521484375
100000000000000000000000,1,924125000,0,-56,5.74322406984384,0,0,0.640036010742188,1.63,0,-5399.9521484375
100000000000000000000005,1,924125000,0,-62.5,3.14159265358979,0,0,0.640036010742188,1.63,0,-5399.9521484375
100000000000000000000005,1,924125000,0,-62.5,3.16613634619596,0,0,0.640036010742188,1.63,0,-5399.9521484375
100000000000000000000004,1,924125000,0,-48,1.20877686085389,0,0,0.640036010742188,1.63,0,-5399.9521484375
100000000000000000000002,1,924125000,0,-45.5,4.52831128583841,0,0,0.640036010742188,1.63,0,-5399.9521484375
100000000000000000000003,1,924125000,0,-46.5,6.10524353578485,0,0,0.640036010742188,1.63,0,-5399.9521484375
100000000000000000000001,1,924125000,0,-46.5,2.4789129532232,0,0,0.640036010742188,1.63,0,-5399.9521484375
100000000000000000000000,1,924125000,0,-56,5.76776776245001,0,0,0.640036010742188,1.63,0,-5399.9521484375
100000000000000000000003,1,924125000,0,-46.5,6.11751538208794,0,0,0.640036010742188,1.63,0,-5399.9521484375
100000000000000000000001,1,924125000,0,-46.5,2.49118479952628,0,0,0.640036010742188,1.63,0,-5399.9521484375
100000000000000000000005,1,924125000,0,-62,3.16613634619596,0,0,0.640036010742188,1.63,0,-5399.9521484375
100000000000000000000004,1,924125000,0,-48,1.18423316824772,0,0,0.640036010742188,1.63,0,-5399.9521484375
100000000000000000000002,1,924125000,0,-45,4.54671905529304,0,0,0.640036010742188,1.63,0,-5399.9521484375
100000000000000000000000,1,924125000,0,-56,5.71868037723767,0,0,0.640036010742188,1.63,0,-5399.9521484375
100000000000000000000001,1,924125000,0,-46.5,2.50959256898091,0,0,0.640036010742188,1.63,0,-5399.9521484375
100000000000000000000005,1,924125000,0,-62,3.23363150086293,0,0,0.640036010742188,1.63,0,-5399.9521484375
100000000000000000000004,1,924125000,0,-48,1.20264093770234,0,0,0.640036010742188,1.63,0,-5399.9521484375
100000000000000000000000,1,924125000,0,-56,5.70027260778304,0,0,0.640036010742188,1.63,0,-5399.9521484375
100000000000000000000003,1,924125000,0,-46.5,6.11137945893639,0,0,0.640036010742188,1.63,0,-5399.9521484375
100000000000000000000002,1,924125000,0,-45.5,4.52217536268687,0,0,0.640036010742188,1.63,0,-5399.9521484375
100000000000000000000005,1,924125000,0,-62.5,3.22749557771139,0,0,0.640036010742188,1.63,0,-5399.9521484375
100000000000000000000004,1,924125000,0,-48,1.1965050145508,0,0,0.640036010742188,1.63,0,-5399.9521484375
100000000000000000000002,1,924125000,0,-45.5,4.53444720898996,0,0,0.640036010742188,1.63,0,-5399.9521484375
100000000000000000000000,1,924125000,0,-56,5.73095222354076,0,0,0.640036010742188,1.63,0,-5399.9521484375
100000000000000000000001,1,924125000,0,-46.5,2.50959256898091,0,0,0.640036010742188,1.63,0,-5399.9521484375
100000000000000000000003,1,924125000,0,-46.5,6.11751538208794,0,0,0.640036010742188,1.63,0,-5399.9521484375
100000000000000000000004,1,924125000,0,-48,1.1965050145508,0,0,0.640036010742188,1.63,0,-5399.9521484375
100000000000000000000002,1,924125000,0,-45,4.52831128583841,0,0,0.640036010742188,1.63,0,-5399.9521484375
100000000000000000000003,1,924125000,0,-46.5,6.10524353578485,0,0,0.640036010742188,1.63,0,-5399.9521484375
100000000000000000000000,1,924125000,0,-56.5,5.76163183929847,0,0,0.640036010742188,1.63,0,-5399.9521484375
100000000000000000000005,1,924125000,0,-62.5,3.20908780825676,0,0,0.640036010742188,1.63,0,-5399.9521484375
100000000000000000000001,1,924125000,0,-46.5,2.50345664582937,0,0,0.640036010742188,1.63,0,-5399.9521484375
100000000000000000000000,1,924125000,0,-56.5,5.75549591614693,0,0,0.640036010742188,1.63,0,-5399.9521484375
100000000000000000000003,1,924125000,0,-47,6.11137945893639,0,0,0.640036010742188,1.63,0,-5399.9521484375
100000000000000000000005,1,924125000,0,-62,3.20908780825676,0,0,0.640036010742188,1.63,0,-5399.9521484375
100000000000000000000001,1,924125000,0,-46.5,2.50345664582937,0,0,0.640036010742188,1.63,0,-5399.9521484375
100000000000000000000002,1,924125000,0,-45,4.52217536268687,0,0,0.640036010742188,1.63,0,-5399.9521484375
100000000000000000000004,1,924125000,0,-48,1.1965050145508,0,0,0.640036010742188,1.63,0,-5399.9521484375
100000000000000000000005,1,924125000,0,-62.5,3.23976742401447,0,0,0.640036010742188,1.63,0,-5399.9521484375
100000000000000000000002,1,924125000,0,-45.5,4.51603943953533,0,0,0.640036010742188,1.63,0,-5399.9521484375
100000000000000000000004,1,924125000,0,-48,1.1965050145508,0,0,0.640036010742188,1.63,0,-5399.9521484375
100000000000000000000001,1,924125000,0,-46.5,2.50959256898091,0,0,0.640036010742188,1.63,0,-5399.9521484375
100000000000000000000003,1,924125000,0,-46.5,6.10524353578485,0,0,0.640036010742188,1.63,0,-5399.9521484375
100000000000000000000000,1,924125000,0,-56,5.7370881466923,0,0,0.640036010742188,1.63,0,-5399.9521484375
100000000000000000000004,1,924125000,0,-48,1.20264093770234,0,0,0.640036010742188,1.63,0,-5399.9521484375
100000000000000000000005,1,924125000,0,-62,3.16613634619596,0,0,0.640036010742188,1.63,0,-5399.9521484375
100000000000000000000001,1,924125000,0,-46.5,2.48504887637474,0,0,0.640036010742188,1.63,0,-5399.9521484375
100000000000000000000000,1,924125000,0,-56,5.73095222354076,0,0,0.640036010742188,1.63,0,-5399.9521484375
100000000000000000000003,1,924125000,0,-46.5,6.11751538208794,0,0,0.640036010742188,1.63,0,-5399.9521484375
100000000000000000000002,1,924125000,0,-45.5,4.53444720898996,0,0,0.640036010742188,1.63,0,-5399.9521484375
100000000000000000000002,1,924125000,0,-45,4.51603943953533,0,0,0.640036010742188,1.63,0,-5399.9521484375
100000000000000000000000,1,924125000,0,-56.5,5.68800076147996,0,0,0.640036010742188,1.63,0,-5399.9521484375
100000000000000000000003,1,924125000,0,-46.5,6.11137945893639,0,0,0.640036010742188,1.63,0,-5399.9521484375
100000000000000000000005,1,924125000,0,-62,3.23363150086293,0,0,0.640036010742188,1.63,0,-5399.9521484375
100000000000000000000004,1,924125000,0,-48.5,1.20264093770234,0,0,0.640036010742188,1.63,0,-5399.9521484375
100000000000000000000001,1,924125000,0,-46.5,2.50959256898091,0,0,0.640036010742188,1.63,0,-5399.9521484375
100000000000000000000005,1,924125000,0,-62,3.13545673043825,0,0,0.640036010742188,1.63,0,-5399.9521484375
100000000000000000000001,1,924125000,0,-46.5,2.51572849213245,0,0,0.640036010742188,1.63,0,-5399.9521484375
100000000000000000000003,1,924125000,0,-46.5,6.10524353578485,0,0,0.640036010742188,1.63,0,-5399.9521484375
100000000000000000000000,1,924125000,0,-56.5,5.74322406984384,0,0,0.640036010742188,1.63,0,-5399.9521484375
100000000000000000000002,1,924125000,0,-45.5,4.52217536268687,0,0,0.640036010742188,1.63,0,-5399.9521484375
100000000000000000000004,1,924125000,0,-48.5,1.22104870715697,0,0,0.640036010742188,1.63,0,-5399.9521484375
100000000000000000000001,1,924125000,0,-46.5,2.50345664582937,0,0,0.640036010742188,1.63,0,-5399.9521484375
100000000000000000000003,1,924125000,0,-46.5,6.11751538208794,0,0,0.640036010742188,1.63,0,-5399.9521484375
100000000000000000000002,1,924125000,0,-45,4.51603943953533,0,0,0.640036010742188,1.63,0,-5399.9521484375
100000000000000000000004,1,924125000,0,-48,1.20264093770234,0,0,0.640036010742188,1.63,0,-5399.9521484375
100000000000000000000000,1,924125000,0,-56.5,5.74935999299538,0,0,0.640036010742188,1.63,0,-5399.9521484375
100000000000000000000005,1,924125000,0,-62.5,3.22749557771139,0,0,0.640036010742188,1.63,0,-5399.9521484375
100000000000000000000000,1,924125000,0,-56.5,5.70027260778304,0,0,0.640036010742188,1.63,0,-5399.9521484375
100000000000000000000003,1,924125000,0,-47,6.10524353578485,0,0,0.640036010742188,1.63,0,-5399.9521484375
100000000000000000000004,1,924125000,0,-48,1.20264093770234,0,0,0.640036010742188,1.63,0,-5399.9521484375
100000000000000000000005,1,924125000,0,-62.5,3.16000042304442,0,0,0.640036010742188,1.63,0,-5399.9521484375
100000000000000000000002,1,924125000,0,-45.5,4.54671905529304,0,0,0.640036010742188,1.63,0,-5399.9521484375
100000000000000000000001,1,924125000,0,-46,2.50345664582937,0,0,0.640036010742188,1.63,0,-5399.9521484375
100000000000000000000000,1,924125000,0,-56,5.77390368560155,0,0,0.640036010742188,1.63,0,-5399.9521484375
100000000000000000000002,1,924125000,0,-45,4.53444720898996,0,0,0.640036010742188,1.63,0,-5399.9521484375
100000000000000000000001,1,924125000,0,-46.5,2.50345664582937,0,0,0.640036010742188,1.63,0,-5399.9521484375
100000000000000000000003,1,924125000,0,-46.5,6.11751538208794,0,0,0.640036010742188,1.63,0,-5399.9521484375
100000000000000000000004,1,924125000,0,-48,1.20877686085389,0,0,0.640036010742188,1.63,0,-5399.9521484375
100000000000000000000005,1,924125000,0,-62.5,3.16000042304442,0,0,0.640036010742188,1.63,0,-5399.9521484375
100000000000000000000000,1,924125000,0,-56,5.73095222354076,0,0,0.640036010742188,1.63,0,-5399.9521484375
100000000000000000000001,1,924125000,0,-46.5,2.50959256898091,0,0,0.640036010742188,1.63,0,-5399.9521484375
100000000000000000000002,1,924125000,0,-45.5,4.52831128583841,0,0,0.640036010742188,1.63,0,-5399.9521484375
100000000000000000000003,1,924125000,0,-46.5,6.14205907469411,0,0,0.640036010742188,1.63,0,-5399.9521484375
100000000000000000000005,1,924125000,0,-62,3.24590334716602,0,0,0.640036010742188,1.63,0,-5399.9521484375
100000000000000000000004,1,924125000,0,-48,1.20877686085389,0,0,0.640036010742188,1.63,0,-5399.9521484375
100000000000000000000005,1,924125000,0,-62.5,3.3011266555299,0,0,0.640036010742188,1.63,0,-5399.9521484375
100000000000000000000003,1,924125000,0,-46.5,6.12978722839102,0,0,0.640036010742188,1.63,0,-5399.9521484375
100000000000000000000000,1,924125000,0,-56,5.75549591614693,0,0,0.640036010742188,1.63,0,-5399.9521484375
100000000000000000000002,1,924125000,0,-45.5,4.5405831321415,0,0,0.640036010742188,1.63,0,-5399.9521484375
100000000000000000000004,1,924125000,0,-48,1.22104870715697,0,0,0.640036010742188,1.63,0,-5399.9521484375
100000000000000000000001,1,924125000,0,-46.5,2.50959256898091,0,0,0.640036010742188,1.63,0,-5399.9521484375
100000000000000000000000,1,924125000,0,-56,5.74935999299538,0,0,0.640036010742188,1.63,0,-5399.9521484375
100000000000000000000002,1,924125000,0,-45,4.52217536268687,0,0,0.640036010742188,1.63,0,-5399.9521484375
100000000000000000000003,1,924125000,0,-46.5,6.12365130523948,0,0,0.640036010742188,1.63,0,-5399.9521484375
100000000000000000000004,1,924125000,0,-48,1.1965050145508,0,0,0.640036010742188,1.63,0,-5399.9521484375
100000000000000000000001,1,924125000,0,-46.5,2.52186441528399,0,0,0.640036010742188,1.63,0,-5399.9521484375
100000000000000000000005,1,924125000,0,-62,3.2152237314083,0,0,0.640036010742188,1.63,0,-5399.9521484375
100000000000000000000005,1,924125000,0,-62,3.19681596195368,0,0,0.640036010742188,1.63,0,-5399.9521484375
100000000000000000000003,1,924125000,0,-46.5,6.12365130523948,0,0,0.640036010742188,1.63,0,-5399.9521484375
100000000000000000000002,1,924125000,0,-45.5,4.52831128583841,0,0,0.640036010742188,1.63,0,-5399.9521484375
100000000000000000000001,1,924125000,0,-46.5,2.49732072267782,0,0,0.640036010742188,1.63,0,-5399.9521484375
100000000000000000000004,1,924125000,0,-48,1.1965050145508,0,0,0.640036010742188,1.63,0,-5399.9521484375
100000000000000000000000,1,924125000,0,-56,5.72481630038921,0,0,0.640036010742188,1.63,0,-5399.9521484375
100000000000000000000005,1,924125000,0,-62,3.13545673043825,0,0,0.640036010742188,1.63,0,-5399.9521484375
100000000000000000000002,1,924125000,0,-45.5,4.54671905529304,0,0,0.640036010742188,1.63,0,-5399.9521484375
100000000000000000000003,1,924125000,0,-46.5,6.11751538208794,0,0,0.640036010742188,1.63,0,-5399.9521484375
100000000000000000000000,1,924125000,0,-56,5.71868037723767,0,0,0.640036010742188,1.63,0,-5399.9521484375
100000000000000000000001,1,924125000,0,-46.5,2.52186441528399,0,0,0.640036010742188,1.63,0,-5399.9521484375
100000000000000000000004,1,924125000,0,-48,1.20877686085389,0,0,0.640036010742188,1.63,0,-5399.9521484375
100000000000000000000005,1,924125000,0,-62.5,3.25203927031756,0,0,0.640036010742188,1.63,0,-5399.9521484375
100000000000000000000000,1,924125000,0,-56,5.70027260778304,0,0,0.640036010742188,1.63,0,-5399.9521484375
100000000000000000000001,1,924125000,0,-46.5,2.49732072267782,0,0,0.640036010742188,1.63,0,-5399.9521484375
100000000000000000000002,1,924125000,0,-45.5,4.52217536268687,0,0,0.640036010742188,1.63,0,-5399.9521484375
100000000000000000000003,1,924125000,0,-46.5,6.11751538208794,0,0,0.640036010742188,1.63,0,-5399.9521484375
100000000000000000000004,1,924125000,0,-48,1.20877686085389,0,0,0.640036010742188,1.63,0,-5399.9521484375
100000000000000000000002,1,924125000,0,-45,4.53444720898996,0,0,0.640036010742188,1.63,0,-5399.9521484375
100000000000000000000004,1,924125000,0,-48,1.20264093770234,0,0,0.640036010742188,1.63,0,-5399.9521484375
100000000000000000000000,1,924125000,0,-56,5.79231145505618,0,0,0.640036010742188,1.63,0,-5399.9521484375
100000000000000000000001,1,924125000,0,-46.5,2.50345664582937,0,0,0.640036010742188,1.63,0,-5399.9521484375
100000000000000000000003,1,924125000,0,-46.5,6.10524353578485,0,0,0.640036010742188,1.63,0,-5399.9521484375
100000000000000000000005,1,924125000,0,-62.5,3.14159265358979,0,0,0.640036010742188,1.63,0,-5399.9521484375
100000000000000000000002,1,924125000,0,-45,4.52831128583841,0,0,0.640036010742188,1.63,0,-5399.9521484375
100000000000000000000003,1,924125000,0,-46.5,6.11137945893639,0,0,0.640036010742188,1.63,0,-5399.9521484375
100000000000000000000001,1,924125000,0,-46.5,2.49732072267782,0,0,0.640036010742188,1.63,0,-5399.9521484375
100000000000000000000005,1,924125000,0,-62.5,3.12932080728671,0,0,0.640036010742188,1.63,0,-5399.9521484375
100000000000000000000004,1,924125000,0,-48,1.20264093770234,0,0,0.640036010742188,1.63,0,-5399.9521484375
100000000000000000000000,1,924125000,0,-56,5.68800076147996,0,0,0.640036010742188,1.63,0,-5399.9521484375
100000000000000000000004,1,924125000,0,-48,1.19036909139926,0,0,0.640036010742188,1.63,0,-5399.9521484375
100000000000000000000005,1,924125000,0,-62,3.19068003880213,0,0,0.640036010742188,1.63,0,-5399.9521484375
100000000000000000000001,1,924125000,0,-46.5,2.50959256898091,0,0,0.640036010742188,1.63,0,-5399.9521484375
100000000000000000000003,1,924125000,0,-46.5,6.10524353578485,0,0,0.640036010742188,1.63,0,-5399.9521484375
100000000000000000000002,1,924125000,0,-45,4.5405831321415,0,0,0.640036010742188,1.63,0,-5399.9521484375
100000000000000000000000,1,924125000,0,-56,5.65732114572224,0,0,0.640036010742188,1.63,0,-5399.9521484375
100000000000000000000001,1,924125000,0,-46.5,2.52186441528399,0,0,0.640036010742188,1.63,0,-5399.9521484375
100000000000000000000003,1,924125000,0,-46.5,6.12365130523948,0,0,0.640036010742188,1.63,0,-5399.9521484375
100000000000000000000002,1,924125000,0,-45,4.52217536268687,0,0,0.640036010742188,1.63,0,-5399.9521484375
100000000000000000000000,1,924125000,0,-56,5.76163183929847,0,0,0.640036010742188,1.63,0,-5399.9521484375
100000000000000000000005,1,924125000,0,-62.5,3.33180627128761,0,0,0.640036010742188,1.63,0,-5399.9521484375
100000000000000000000004,1,924125000,0,-48.5,1.1965050145508,0,0,0.640036010742188,1.63,0,-5399.9521484375
100000000000000000000005,1,924125000,0,-62,3.24590334716602,0,0,0.640036010742188,1.63,0,-5399.9521484375
100000000000000000000000,1,924125000,0,-56.5,5.76776776245001,0,0,0.640036010742188,1.63,0,-5399.9521484375
100000000000000000000001,1,924125000,0,-46.5,2.49732072267782,0,0,0.640036010742188,1.63,0,-5399.9521484375
100000000000000000000002,1,924125000,0,-45,4.52217536268687,0,0,0.640036010742188,1.63,0,-5399.9521484375
100000000000000000000003,1,924125000,0,-46.5,6.11751538208794,0,0,0.640036010742188,1.63,0,-5399.9521484375
100000000000000000000004,1,924125000,0,-48,1.21491278400543,0,0,0.640036010742188,1.63,0,-5399.9521484375
100000000000000000000005,1,924125000,0,-62.5,3.2152237314083,0,0,0.640036010742188,1.63,0,-5399.9521484375
100000000000000000000003,1,924125000,0,-46.5,6.10524353578485,0,0,0.640036010742188,1.63,0,-5399.9521484375
100000000000000000000000,1,924125000,0,-56,5.6941366846315,0,0,0.640036010742188,1.63,0,-5399.9521484375
100000000000000000000004,1,924125000,0,-48,1.20264093770234,0,0,0.640036010742188,1.63,0,-5399.9521484375
100000000000000000000002,1,924125000,0,-45,4.5405831321415,0,0,0.640036010742188,1.63,0,-5399.9521484375
100000000000000000000001,1,924125000,0,-46.5,2.51572849213245,0,0,0.640036010742188,1.63,0,-5399.9521484375
100000000000000000000001,1,924125000,0,-46.5,2.51572849213245,0,0,0.640036010742188,1.63,0,-5399.9521484375
100000000000000000000002,1,924125000,0,-45.5,4.52831128583841,0,0,0.640036010742188,1.63,0,-5399.9521484375
100000000000000000000005,1,924125000,0,-62,3.20908780825676,0,0,0.640036010742188,1.63,0,-5399.9521484375
100000000000000000000000,1,924125000,0,-56,5.74322406984384,0,0,0.640036010742188,1.63,0,-5399.9521484375
100000000000000000000003,1,924125000,0,-46.5,6.09910761263331,0,0,0.640036010742188,1.63,0,-5399.9521484375
100000000000000000000004,1,924125000,0,-48,1.21491278400543,0,0,0.640036010742188,1.63,0,-5399.9521484375
100000000000000000000003,1,924125000,0,-46.5,6.10524353578485,0,0,0.640036010742188,1.63,0,-5399.9521484375
100000000000000000000000,1,924125000,0,-56,5.71868037723767,0,0,0.640036010742188,1.63,0,-5399.9521484375
100000000000000000000002,1,924125000,0,-45,4.51603943953533,0,0,0.640036010742188,1.63,0,-5399.9521484375
100000000000000000000004,1,924125000,0,-48,1.22104870715697,0,0,0.640036010742188,1.63,0,-5399.9521484375
100000000000000000000005,1,924125000,0,-62.5,3.14772857674134,0,0,0.640036010742188,1.63,0,-5399.9521484375
100000000000000000000001,1,924125000,0,-46.5,2.49118479952628,0,0,0.640036010742188,1.63,0,-5399.9521484375
100000000000000000000004,1,924125000,0,-48,1.19036909139926,0,0,0.640036010742188,1.63,0,-5399.9521484375
100000000000000000000002,1,924125000,0,-45.5,4.52217536268687,0,0,0.640036010742188,1.63,0,-5399.9521484375
100000000000000000000000,1,924125000,0,-56.5,5.77390368560155,0,0,0.640036010742188,1.63,0,-5399.9521484375
100000000000000000000003,1,924125000,0,-46.5,6.11137945893639,0,0,0.640036010742188,1.63,0,-5399.9521484375
100000000000000000000005,1,924125000,0,-62,3.20295188510522,0,0,0.640036010742188,1.63,0,-5399.9521484375
100000000000000000000001,1,924125000,0,-46.5,2.50345664582937,0,0,0.640036010742188,1.63,0,-5399.9521484375
100000000000000000000002,1,924125000,0,-45.5,4.50990351638379,0,0,0.640036010742188,1.63,0,-5399.9521484375
100000000000000000000001,1,924125000,0,-46.5,2.50345664582937,0,0,0.640036010742188,1.63,0,-5399.9521484375
100000000000000000000000,1,924125000,0,-56,5.7370881466923,0,0,0.640036010742188,1.63,0,-5399.9521484375
100000000000000000000004,1,924125000,0,-48,1.17809724509617,0,0,0.640036010742188,1.63,0,-5399.9521484375
100000000000000000000003,1,924125000,0,-46.5,6.12365130523948,0,0,0.640036010742188,1.63,0,-5399.9521484375
100000000000000000000005,1,924125000,0,-62.5,3.16613634619596,0,0,0.640036010742188,1.63,0,-5399.9521484375
100000000000000000000004,1,924125000,0,-48,1.18423316824772,0,0,0.640036010742188,1.63,0,-5399.9521484375
100000000000000000000001,1,924125000,0,-46.5,2.49732072267782,0,0,0.640036010742188,1.63,0,-5399.9521484375
100000000000000000000003,1,924125000,0,-46.5,6.11751538208794,0,0,0.640036010742188,1.63,0,-5399.9521484375
100000000000000000000005,1,924125000,0,-62,3.16613634619596,0,0,0.640036010742188,1.63,0,-5399.9521484375
100000000000000000000002,1,924125000,0,-45,4.52217536268687,0,0,0.640036010742188,1.63,0,-5399.9521484375
100000000000000000000000,1,924125000,0,-56,5.6941366846315,0,0,0.640036010742188,1.63,0,-5399.9521484375
100000000000000000000000,1,924125000,0,-56,5.75549591614693,0,0,0.640036010742188,1.63,0,-5399.9521484375
100000000000000000000001,1,924125000,0,-46.5,2.49118479952628,0,0,0.640036010742188,1.63,0,-5399.9521484375
100000000000000000000002,1,924125000,0,-45,4.53444720898996,0,0,0.640036010742188,1.63,0,-5399.9521484375
100000000000000000000003,1,924125000,0,-46.5,6.09910761263331,0,0,0.640036010742188,1.63,0,-5399.9521484375
100000000000000000000004,1,924125000,0,-48,1.19036909139926,0,0,0.640036010742188,1.63,0,-5399.9521484375
100000000000000000000005,1,924125000,0,-62,3.15386449989288,0,0,0.640036010742188,1.63,0,-5399.9521484375
100000000000000000000000,1,924125000,0,-56.5,5.76776776245001,0,0,0.640036010742188,1.63,0,-5399.9521484375
100000000000000000000002,1,924125000,0,-45,4.50990351638379,0,0,0.640036010742188,1.63,0,-5399.9521484375
100000000000000000000003,1,924125000,0,-46.5,6.11137945893639,0,0,0.640036010742188,1.63,0,-5399.9521484375
100000000000000000000001,1,924125000,0,-46.5,2.50959256898091,0,0,0.640036010742188,1.63,0,-5399.9521484375
100000000000000000000004,1,924125000,0,-48,1.16582539879309,0,0,0.640036010742188,1.63,0,-5399.9521484375
100000000000000000000005,1,924125000,0,-62.5,3.16613634619596,0,0,0.640036010742188,1.63,0,-5399.9521484375
100000000000000000000001,1,924125000,0,-46.5,2.49118479952628,0,0,0.640036010742188,1.63,0,-5399.9521484375
100000000000000000000005,1,924125000,0,-62,3.02501011371048,0,0,0.640036010742188,1.63,0,-5399.9521484375
100000000000000000000000,1,924125000,0,-56.5,5.73095222354076,0,0,0.640036010742188,1.63,0,-5399.9521484375
100000000000000000000003,1,924125000,0,-46.5,6.09297168948177,0,0,0.640036010742188,1.63,0,-5399.9521484375
100000000000000000000002,1,924125000,0,-45,4.53444720898996,0,0,0.640036010742188,1.63,0,-5399.9521484375
100000000000000000000004,1,924125000,0,-48,1.19036909139926,0,0,0.640036010742188,1.63,0,-5399.9521484375
100000000000000000000000,1,924125000,0,-56,5.7370881466923,0,0,0.640036010742188,1.63,0,-5399.9521484375
100000000000000000000001,1,924125000,0,-46.5,2.4789129532232,0,0,0.640036010742188,1.63,0,-5399.9521484375
100000000000000000000003,1,924125000,0,-46.5,6.09910761263331,0,0,0.640036010742188,1.63,0,-5399.9521484375
100000000000000000000002,1,924125000,0,-45.5,4.51603943953533,0,0,0.640036010742188,1.63,0,-5399.9521484375
100000000000000000000005,1,924125000,0,-62.5,3.17227226934751,0,0,0.640036010742188,1.63,0,-5399.9521484375
100000000000000000000004,1,924125000,0,-48,1.1965050145508,0,0,0.640036010742188,1.63,0,-5399.9521484375
100000000000000000000003,1,924125000,0,-46.5,6.10524353578485,0,0,0.640036010742188,1.63,0,-5399.9521484375
100000000000000000000004,1,924125000,0,-48,1.18423316824772,0,0,0.640036010742188,1.63,0,-5399.9521484375
100000000000000000000000,1,924125000,0,-56.5,5.72481630038921,0,0,0.640036010742188,1.63,0,-5399.9521484375
100000000000000000000005,1,924125000,0,-62.5,3.19068003880213,0,0,0.640036010742188,1.63,0,-5399.9521484375
100000000000000000000002,1,924125000,0,-45,4.52217536268687,0,0,0.640036010742188,1.63,0,-5399.9521484375
100000000000000000000001,1,924125000,0,-46.5,2.49118479952628,0,0,0.640036010742188,1.63,0,-5399.9521484375
100000000000000000000004,1,924125000,0,-48,1.19036909139926,0,0,0.640036010742188,1.63,0,-5399.9521484375
100000000000000000000002,1,924125000,0,-45,4.52217536268687,0,0,0.640036010742188,1.63,0,-5399.9521484375
100000000000000000000005,1,924125000,0,-62,3.19681596195368,0,0,0.640036010742188,1.63,0,-5399.9521484375
100000000000000000000003,1,924125000,0,-46.5,6.11137945893639,0,0,0.640036010742188,1.63,0,-5399.9521484375
100000000000000000000001,1,924125000,0,-46.5,2.49118479952628,0,0,0.640036010742188,1.63,0,-5399.9521484375
100000000000000000000000,1,924125000,0,-56,5.71868037723767,0,0,0.640036010742188,1.63,0,-5399.9521484375
100000000000000000000001,1,924125000,0,-46.5,2.4789129532232,0,0,0.640036010742188,1.63,0,-5399.9521484375
100000000000000000000003,1,924125000,0,-46.5,6.09910761263331,0,0,0.640036010742188,1.63,0,-5399.9521484375
100000000000000000000000,1,924125000,0,-56,5.72481630038921,0,0,0.640036010742188,1.63,0,-5399.9521484375
100000000000000000000002,1,924125000,0,-45,4.51603943953533,0,0,0.640036010742188,1.63,0,-5399.9521484375
100000000000000000000004,1,924125000,0,-48,1.19036909139926,0,0,0.640036010742188,1.63,0,-5399.9521484375
100000000000000000000005,1,924125000,0,-62,3.23976742401447,0,0,0.640036010742188,1.63,0,-5399.9521484375
100000000000000000000001,1,924125000,0,-46.5,2.49118479952628,0,0,0.640036010742188,1.63,0,-5399.9521484375
100000000000000000000000,1,924125000,0,-56,5.77390368560155,0,0,0.640036010742188,1.63,0,-5399.9521484375
100000000000000000000003,1,924125000,0,-46.5,6.11751538208794,0,0,0.640036010742188,1.63,0,-5399.9521484375
100000000000000000000002,1,924125000,0,-45,4.52217536268687,0,0,0.640036010742188,1.63,0,-5399.9521484375
100000000000000000000004,1,924125000,0,-48,1.19036909139926,0,0,0.640036010742188,1.63,0,-5399.9521484375
100000000000000000000005,1,924125000,0,-62,3.20908780825676,0,0,0.640036010742188,1.63,0,-5399.9521484375
100000000000000000000005,1,924125000,0,-62.5,3.16000042304442,0,0,0.640036010742188,1.63,0,-5399.9521484375
100000000000000000000004,1,924125000,0,-48,1.21491278400543,0,0,0.640036010742188,1.63,0,-5399.9521484375
100000000000000000000003,1,924125000,0,-46.5,6.09910761263331,0,0,0.640036010742188,1.63,0,-5399.9521484375
100000000000000000000001,1,924125000,0,-46.5,2.49732072267782,0,0,0.640036010742188,1.63,0,-5399.9521484375
100000000000000000000002,1,924125000,0,-45.5,4.51603943953533,0,0,0.640036010742188,1.63,0,-5399.9521484375
100000000000000000000000,1,924125000,0,-56,5.75549591614693,0,0,0.640036010742188,1.63,0,-5399.9521484375
100000000000000000000002,1,924125000,0,-45,4.52217536268687,0,0,0.640036010742188,1.63,0,-5399.9521484375
100000000000000000000005,1,924125000,0,-62,3.16613634619596,0,0,0.640036010742188,1.63,0,-5399.9521484375
100000000000000000000000,1,924125000,0,-56,5.71868037723767,0,0,0.640036010742188,1.63,0,-5399.9521484375
100000000000000000000004,1,924125000,0,-48,1.19036909139926,0,0,0.640036010742188,1.63,0,-5399.9521484375
100000000000000000000001,1,924125000,0,-46.5,2.50345664582937,0,0,0.640036010742188,1.63,0,-5399.9521484375
100000000000000000000003,1,924125000,0,-46.5,6.10524353578485,0,0,0.640036010742188,1.63,0,-5399.9521484375
100000000000000000000005,1,924125000,0,-62,3.20908780825676,0,0,0.640036010742188,1.63,0,-5399.9521484375
100000000000000000000002,1,924125000,0,-45,4.52217536268687,0,0,0.640036010742188,1.63,0,-5399.9521484375
100000000000000000000003,1,924125000,0,-46.5,6.11751538208794,0,0,0.640036010742188,1.63,0,-5399.9521484375
100000000000000000000001,1,924125000,0,-46.5,2.49118479952628,0,0,0.640036010742188,1.63,0,-5399.9521484375
100000000000000000000004,1,924125000,0,-48,1.17196132194463,0,0,0.640036010742188,1.63,0,-5399.9521484375
100000000000000000000000,1,924125000,0,-56,5.71868037723767,0,0,0.640036010742188,1.63,0,-5399.9521484375
100000000000000000000004,1,924125000,0,-48,1.20264093770234,0,0,0.640036010742188,1.63,0,-5399.9521484375
100000000000000000000000,1,924125000,0,-56,5.70027260778304,0,0,0.640036010742188,1.63,0,-5399.9521484375
100000000000000000000003,1,924125000,0,-46.5,6.09910761263331,0,0,0.640036010742188,1.63,0,-5399.9521484375
100000000000000000000002,1,924125000,0,-45,4.51603943953533,0,0,0.640036010742188,1.63,0,-5399.9521484375
100000000000000000000001,1,924125000,0,-46.5,2.51572849213245,0,0,0.640036010742188,1.63,0,-5399.9521484375
100000000000000000000005,1,924125000,0,-62,3.17227226934751,0,0,0.640036010742188,1.63,0,-5399.9521484375
100000000000000000000003,1,924125000,0,-46.5,6.10524353578485,0,0,0.640036010742188,1.63,0,-5399.9521484375
100000000000000000000005,1,924125000,0,-62.5,3.17840819249905,0,0,0.640036010742188,1.63,0,-5399.9521484375
100000000000000000000002,1,924125000,0,-45.5,4.53444720898996,0,0,0.640036010742188,1.63,0,-5399.9521484375
100000000000000000000000,1,924125000,0,-56,5.73095222354076,0,0,0.640036010742188,1.63,0,-5399.9521484375
100000000000000000000001,1,924125000,0,-46.5,2.49118479952628,0,0,0.640036010742188,1.63,0,-5399.9521484375
100000000000000000000004,1,924125000,0,-48,1.19036909139926,0,0,0.640036010742188,1.63,0,-5399.9521484375
100000000000000000000001,1,924125000,0,-46.5,2.48504887637474,0,0,0.640036010742188,1.63,0,-5399.9521484375
100000000000000000000003,1,924125000,0,-46.5,6.11751538208794,0,0,0.640036010742188,1.63,0,-5399.9521484375
100000000000000000000000,1,924125000,0,-56,5.7370881466923,0,0,0.640036010742188,1.63,0,-5399.9521484375
100000000000000000000002,1,924125000,0,-45,4.51603943953533,0,0,0.640036010742188,1.63,0,-5399.9521484375
100000000000000000000005,1,924125000,0,-62,3.16613634619596,0,0,0.640036010742188,1.63,0,-5399.9521484375
100000000000000000000004,1,924125000,0,-48,1.17196132194463,0,0,0.640036010742188,1.63,0,-5399.9521484375
100000000000000000000005,1,924125000,0,-62,3.24590334716602,0,0,0.640036010742188,1.63,0,-5399.9521484375
100000000000000000000001,1,924125000,0,-46.5,2.49118479952628,0,0,0.640036010742188,1.63,0,-5399.9521484375
100000000000000000000003,1,924125000,0,-46.5,6.08069984317868,0,0,0.640036010742188,1.63,0,-5399.9521484375
100000000000000000000000,1,924125000,0,-56,5.72481630038921,0,0,0.640036010742188,1.63,0,-5399.9521484375
100000000000000000000002,1,924125000,0,-45,4.50990351638379,0,0,0.640036010742188,1.63,0,-5399.9521484375
100000000000000000000004,1,924125000,0,-48,1.17809724509617,0,0,0.640036010742188,1.63,0,-5399.9521484375
100000000000000000000003,1,924125000,0,-46.5,6.10524353578485,0,0,0.640036010742188,1.63,0,-5399.9521484375
100000000000000000000002,1,924125000,0,-45.5,4.51603943953533,0,0,0.640036010742188,1.63,0,-5399.9521484375
100000000000000000000001,1,924125000,0,-46.5,2.50959256898091,0,0,0.640036010742188,1.63,0,-5399.9521484375
100000000000000000000005,1,924125000,0,-62,3.20908780825676,0,0,0.640036010742188,1.63,0,-5399.9521484375
100000000000000000000000,1,924125000,0,-56,5.74322406984384,0,0,0.640036010742188,1.63,0,-5399.9521484375
100000000000000000000004,1,924125000,0,-48,1.21491278400543,0,0,0.640036010742188,1.63,0,-5399.9521484375
100000000000000000000005,1,924125000,0,-62.5,3.13545673043825,0,0,0.640036010742188,1.63,0,-5399.9521484375
100000000000000000000004,1,924125000,0,-48,1.19036909139926,0,0,0.640036010742188,1.63,0,-5399.9521484375
100000000000000000000000,1,924125000,0,-56,5.70027260778304,0,0,0.640036010742188,1.63,0,-5399.9521484375
100000000000000000000002,1,924125000,0,-45.5,4.52217536268687,0,0,0.640036010742188,1.63,0,-5399.9521484375
100000000000000000000001,1,924125000,0,-46.5,2.49732072267782,0,0,0.640036010742188,1.63,0,-5399.9521484375
100000000000000000000003,1,924125000,0,-46.5,6.12365130523948,0,0,0.640036010742188,1.63,0,-5399.9521484375
100000000000000000000000,1,924125000,0,-56,5.77390368560155,0,0,0.640036010742188,1.63,0,-5399.9521484375
100000000000000000000002,1,924125000,0,-45,4.50990351638379,0,0,0.640036010742188,1.63,0,-5399.9521484375
100000000000000000000005,1,924125000,0,-62,3.23363150086293,0,0,0.640036010742188,1.63,0,-5399.9521484375
100000000000000000000001,1,924125000,0,-46.5,2.49732072267782,0,0,0.640036010742188,1.63,0,-5399.9521484375
100000000000000000000004,1,924125000,0,-48,1.1965050145508,0,0,0.640036010742188,1.63,0,-5399.9521484375
100000000000000000000003,1,924125000,0,-46.5,6.09910761263331,0,0,0.640036010742188,1.63,0,-5399.9521484375
100000000000000000000002,1,924125000,0,-45.5,4.52217536268687,0,0,0.640036010742188,1.63,0,-5399.9521484375
100000000000000000000001,1,924125000,0,-46.5,2.51572849213245,0,0,0.640036010742188,1.63,0,-5399.9521484375
100000000000000000000005,1,924125000,0,-62,3.13545673043825,0,0,0.640036010742188,1.63,0,-5399.9521484375
100000000000000000000000,1,924125000,0,-56,5.73095222354076,0,0,0.640036010742188,1.63,0,-5399.9521484375
100000000000000000000003,1,924125000,0,-46.5,6.08069984317868,0,0,0.640036010742188,1.63,0,-5399.9521484375
100000000000000000000004,1,924125000,0,-48,1.20877686085389,0,0,0.640036010742188,1.63,0,-5399.9521484375
100000000000000000000002,1,924125000,0,-45,4.52217536268687,0,0,0.640036010742188,1.63,0,-5399.9521484375
100000000000000000000004,1,924125000,0,-48,1.1965050145508,0,0,0.640036010742188,1.63,0,-5399.9521484375
100000000000000000000001,1,924125000,0,-46.5,2.50345664582937,0,0,0.640036010742188,1.63,0,-5399.9521484375
100000000000000000000003,1,924125000,0,-46.5,6.11751538208794,0,0,0.640036010742188,1.63,0,-5399.9521484375
100000000000000000000000,1,924125000,0,-56,5.68186483832841,0,0,0.640036010742188,1.63,0,-5399.9521484375
100000000000000000000005,1,924125000,0,-62.5,3.14159265358979,0,0,0.640036010742188,1.63,0,-5399.9521484375
100000000000000000000001,1,924125000,0,-46.5,2.50345664582937,0,0,0.640036010742188,1.63,0,-5399.9521484375
100000000000000000000004,1,924125000,0,-48,1.19036909139926,0,0,0.640036010742188,1.63,0,-5399.9521484375
100000000000000000000005,1,924125000,0,-62,3.20295188510522,0,0,0.640036010742188,1.63,0,-5399.9521484375
100000000000000000000000,1,924125000,0,-56,5.74322406984384,0,0,0.640036010742188,1.63,0,-5399.9521484375
100000000000000000000003,1,924125000,0,-46.5,6.12365130523948,0,0,0.640036010742188,1.63,0,-5399.9521484375
100000000000000000000002,1,924125000,0,-45,4.52831128583841,0,0,0.640036010742188,1.63,0,-5399.9521484375
100000000000000000000002,1,924125000,0,-45,4.50990351638379,0,0,0.640036010742188,1.63,0,-5399.9521484375
100000000000000000000005,1,924125000,0,-62.5,3.32567034813607,0,0,0.640036010742188,1.63,0,-5399.9521484375
100000000000000000000001,1,924125000,0,-46.5,2.46664110692011,0,0,0.640036010742188,1.63,0,-5399.9521484375
100000000000000000000000,1,924125000,0,-56,5.71868037723767,0,0,0.640036010742188,1.63,0,-5399.9521484375
100000000000000000000004,1,924125000,0,-48.5,1.17196132194463,0,0,0.640036010742188,1.63,0,-5399.9521484375
100000000000000000000003,1,924125000,0,-46.5,6.10524353578485,0,0,0.640036010742188,1.63,0,-5399.9521484375
100000000000000000000004,1,924125000,0,-48,1.1965050145508,0,0,0.640036010742188,1.63,0,-5399.9521484375
100000000000000000000000,1,924125000,0,-56.5,5.74935999299538,0,0,0.640036010742188,1.63,0,-5399.9521484375
100000000000000000000003,1,924125000,0,-46.5,6.09910761263331,0,0,0.640036010742188,1.63,0,-5399.9521484375
100000000000000000000002,1,924125000,0,-45.5,4.52831128583841,0,0,0.640036010742188,1.63,0,-5399.9521484375
100000000000000000000001,1,924125000,0,-46.5,2.49118479952628,0,0,0.640036010742188,1.63,0,-5399.9521484375
100000000000000000000005,1,924125000,0,-62.5,3.20908780825676,0,0,0.640036010742188,1.63,0,-5399.9521484375
100000000000000000000001,1,924125000,0,-46.5,2.52186441528399,0,0,0.640036010742188,1.63,0,-5399.9521484375
100000000000000000000002,1,924125000,0,-45.5,4.51603943953533,0,0,0.640036010742188,1.63,0,-5399.9521484375
100000000000000000000003,1,924125000,0,-46.5,6.10524353578485,0,0,0.640036010742188,1.63,0,-5399.9521484375
100000000000000000000005,1,924125000,0,-62,3.2152237314083,0,0,0.640036010742188,1.63,0,-5399.9521484375
100000000000000000000000,1,924125000,0,-56,5.77390368560155,0,0,0.640036010742188,1.63,0,-5399.9521484375
100000000000000000000004,1,924125000,0,-48,1.1965050145508,0,0,0.640036010742188,1.63,0,-5399.9521484375
100000000000000000000002,1,924125000,0,-45.5,4.50990351638379,0,0,0.640036010742188,1.63,0,-5399.9521484375
100000000000000000000001,1,924125000,0,-46.5,2.49118479952628,0,0,0.640036010742188,1.63,0,-5399.9521484375
100000000000000000000004,1,924125000,0,-48,1.17809724509617,0,0,0.640036010742188,1.63,0,-5399.9521484375
100000000000000000000000,1,924125000,0,-56,5.77390368560155,0,0,0.640036010742188,1.63,0,-5399.9521484375
100000000000000000000003,1,924125000,0,-46.5,6.11751538208794,0,0,0.640036010742188,1.63,0,-5399.9521484375
100000000000000000000005,1,924125000,0,-62,3.22749557771139,0,0,0.640036010742188,1.63,0,-5399.9521484375
100000000000000000000000,1,924125000,0,-56,5.71254445408613,0,0,0.640036010742188,1.63,0,-5399.9521484375
100000000000000000000005,1,924125000,0,-62,3.17227226934751,0,0,0.640036010742188,1.63,0,-5399.9521484375
100000000000000000000001,1,924125000,0,-46.5,2.49732072267782,0,0,0.640036010742188,1.63,0,-5399.9521484375
100000000000000000000003,1,924125000,0,-46.5,6.09297168948177,0,0,0.640036010742188,1.63,0,-5399.9521484375
100000000000000000000002,1,924125000,0,-45,4.53444720898996,0,0,0.640036010742188,1.63,0,-5399.9521484375
100000000000000000000004,1,924125000,0,-48,1.18423316824772,0,0,0.640036010742188,1.63,0,-5399.9521484375
100000000000000000000003,1,924125000,0,-46.5,6.08683576633022,0,0,0.640036010742188,1.63,0,-5399.9521484375
100000000000000000000004,1,924125000,0,-48,1.15968947564155,0,0,0.640036010742188,1.63,0,-5399.9521484375
100000000000000000000002,1,924125000,0,-45,4.50990351638379,0,0,0.640036010742188,1.63,0,-5399.9521484375
100000000000000000000001,1,924125000,0,-46.5,2.51572849213245,0,0,0.640036010742188,1.63,0,-5399.9521484375
100000000000000000000005,1,924125000,0,-62,3.15386449989288,0,0,0.640036010742188,1.63,0,-5399.9521484375
100000000000000000000000,1,924125000,0,-55.5,5.76163183929847,0,0,0.640036010742188,1.63,0,-5399.9521484375
100000000000000000000004,1,920625000,0,-49.5,6.12365130523948,0,0,0.640036010742188,1.63,0,-5399.9521484375
100000000000000000000001,1,920625000,0,-47,1.07992247467149,0,0,0.640036010742188,1.63,0,-5399.9521484375
100000000000000000000000,1,920625000,0,-57,4.44240836171682,0,0,0.640036010742188,1.63,0,-5399.9521484375
100000000000000000000003,1,920625000,0,-46.5,4.27673843662517,0,0,0.640036010742188,1.63,0,-5399.9521484375
100000000000000000000005,1,920625000,0,-62,0.981747704246811,0,0,0.640036010742188,1.63,0,-5399.9521484375
100000000000000000000002,1,920625000,0,-46.5,3.02501011371048,0,0,0.640036010742188,1.63,0,-5399.9521484375
100000000000000000000004,1,920625000,0,-49.5,6.15433092099719,0,0,0.640036010742188,1.63,0,-5399.9521484375
100000000000000000000003,1,920625000,0,-46,4.28287435977671,0,0,0.640036010742188,1.63,0,-5399.9521484375
100000000000000000000001,1,920625000,0,-47,1.06765062836841,0,0,0.640036010742188,1.63,0,-5399.9521484375
100000000000000000000000,1,920625000,0,-57,4.4546802080199,0,0,0.640036010742188,1.63,0,-5399.9521484375
100000000000000000000002,1,920625000,0,-46.5,3.02501011371048,0,0,0.640036010742188,1.63,0,-5399.9521484375
100000000000000000000005,1,920625000,0,-61.5,0.951068088489097,0,0,0.640036010742188,1.63,0,-5399.9521484375
100000000000000000000005,1,920625000,0,-61.5,1.10446616727766,0,0,0.640036010742188,1.63,0,-5399.9521484375
100000000000000000000004,1,920625000,0,-49.5,6.15433092099719,0,0,0.640036010742188,1.63,0,-5399.9521484375
100000000000000000000001,1,920625000,0,-47,1.07378655151995,0,0,0.640036010742188,1.63,0,-5399.9521484375
100000000000000000000003,1,920625000,0,-46,4.27060251347362,0,0,0.640036010742188,1.63,0,-5399.9521484375
100000000000000000000002,1,920625000,0,-46.5,3.01887419055894,0,0,0.640036010742188,1.63,0,-5399.9521484375
100000000000000000000000,1,920625000,0,-57,4.4546802080199,0,0,0.640036010742188,1.63,0,-5399.9521484375
100000000000000000000003,1,920625000,0,-46,4.27673843662517,0,0,0.640036010742188,1.63,0,-5399.9521484375
100000000000000000000000,1,920625000,0,-57.5,4.44854428486836,0,0,0.640036010742188,1.63,0,-5399.9521484375
100000000000000000000002,1,920625000,0,-46.5,3.03728196001357,0,0,0.640036010742188,1.63,0,-5399.9521484375
100000000000000000000001,1,920625000,0,-47,1.06765062836841,0,0,0.640036010742188,1.63,0,-5399.9521484375
100000000000000000000004,1,920625000,0,-49.5,6.12365130523948,0,0,0.640036010742188,1.63,0,-5399.9521484375
100000000000000000000005,1,920625000,0,-62,1.06765062836841,0,0,0.640036010742188,1.63,0,-5399.9521484375
100000000000000000000005,1,920625000,0,-62,1.09833024412612,0,0,0.640036010742188,1.63,0,-5399.9521484375
100000000000000000000001,1,920625000,0,-47,1.07378655151995,0,0,0.640036010742188,1.63,0,-5399.9521484375
100000000000000000000004,1,920625000,0,-49,6.11751538208794,0,0,0.640036010742188,1.63,0,-5399.9521484375
100000000000000000000002,1,920625000,0,-46.5,3.04341788316511,0,0,0.640036010742188,1.63,0,-5399.9521484375
100000000000000000000003,1,920625000,0,-46,4.28287435977671,0,0,0.640036010742188,1.63,0,-5399.9521484375
100000000000000000000000,1,920625000,0,-57.5,4.40559282280756,0,0,0.640036010742188,1.63,0,-5399.9521484375
100000000000000000000005,1,920625000,0,-62,1.05537878206532,0,0,0.640036010742188,1.63,0,-5399.9521484375
100000000000000000000003,1,920625000,0,-46,4.28901028292825,0,0,0.640036010742188,1.63,0,-5399.9521484375
100000000000000000000004,1,920625000,0,-49.5,6.11751538208794,0,0,0.640036010742188,1.63,0,-5399.9521484375
100000000000000000000000,1,920625000,0,-57.5,4.42400059226219,0,0,0.640036010742188,1.63,0,-5399.9521484375
100000000000000000000002,1,920625000,0,-46.5,3.02501011371048,0,0,0.640036010742188,1.63,0,-5399.9521484375
100000000000000000000001,1,920625000,0,-47,1.04310693576224,0,0,0.640036010742188,1.63,0,-5399.9521484375
100000000000000000000001,1,920625000,0,-47,1.06151470521686,0,0,0.640036010742188,1.63,0,-5399.9521484375
100000000000000000000003,1,920625000,0,-46,4.28287435977671,0,0,0.640036010742188,1.63,0,-5399.9521484375
100000000000000000000002,1,920625000,0,-46.5,3.03114603686203,0,0,0.640036010742188,1.63,0,-5399.9521484375
100000000000000000000005,1,920625000,0,-62,1.00629139685298,0,0,0.640036010742188,1.63,0,-5399.9521484375
100000000000000000000004,1,920625000,0,-49.5,6.12978722839102,0,0,0.640036010742188,1.63,0,-5399.9521484375
100000000000000000000000,1,920625000,0,-57.5,4.43013651541373,0,0,0.640036010742188,1.63,0,-5399.9521484375
100000000000000000000003,1,920625000,0,-46,4.28901028292825,0,0,0.640036010742188,1.63,0,-5399.9521484375
100000000000000000000001,1,920625000,0,-47,1.06765062836841,0,0,0.640036010742188,1.63,0,-5399.9521484375
100000000000000000000000,1,920625000,0,-58,4.43013651541373,0,0,0.640036010742188,1.63,0,-5399.9521484375
100000000000000000000002,1,920625000,0,-46.5,3.03728196001357,0,0,0.640036010742188,1.63,0,-5399.9521484375
100000000000000000000004,1,920625000,0,-49.5,6.12978722839102,0,0,0.640036010742188,1.63,0,-5399.9521484375
100000000000000000000005,1,920625000,0,-61.5,1.02469916630761,0,0,0.640036010742188,1.63,0,-5399.9521484375
100000000000000000000003,1,920625000,0,-46,4.30128212923134,0,0,0.640036010742188,1.63,0,-5399.9521484375
100000000000000000000001,1,920625000,0,-47,1.08605839782303,0,0,0.640036010742188,1.63,0,-5399.9521484375
100000000000000000000005,1,920625000,0,-62,0.938796242186013,0,0,0.640036010742188,1.63,0,-5399.9521484375
100000000000000000000004,1,920625000,0,-49,6.12978722839102,0,0,0.640036010742188,1.63,0,-5399.9521484375
100000000000000000000000,1,920625000,0,-57.5,4.49149574692916,0,0,0.640036010742188,1.63,0,-5399.9521484375
100000000000000000000002,1,920625000,0,-46.5,3.04955380631665,0,0,0.640036010742188,1.63,0,-5399.9521484375
100000000000000000000003,1,920625000,0,-46.5,4.30128212923134,0,0,0.640036010742188,1.63,0,-5399.9521484375
100000000000000000000004,1,920625000,0,-49.5,6.12365130523948,0,0,0.640036010742188,1.63,0,-5399.9521484375
100000000000000000000000,1,920625000,0,-57.5,4.47922390062607,0,0,0.640036010742188,1.63,0,-5399.9521484375
100000000000000000000002,1,920625000,0,-46.5,3.03114603686203,0,0,0.640036010742188,1.63,0,-5399.9521484375
100000000000000000000001,1,920625000,0,-46.5,1.06765062836841,0,0,0.640036010742188,1.63,0,-5399.9521484375
100000000000000000000005,1,920625000,0,-62,0.994019550549895,0,0,0.640036010742188,1.63,0,-5399.9521484375
100000000000000000000002,1,920625000,0,-46.5,3.01887419055894,0,0,0.640036010742188,1.63,0,-5399.9521484375
100000000000000000000005,1,920625000,0,-62,1.04310693576224,0,0,0.640036010742188,1.63,0,-5399.9521484375
100000000000000000000000,1,920625000,0,-57.5,4.47308797747453,0,0,0.640036010742188,1.63,0,-5399.9521484375
100000000000000000000001,1,920625000,0,-47,1.07378655151995,0,0,0.640036010742188,1.63,0,-5399.9521484375
100000000000000000000003,1,920625000,0,-46.5,4.28901028292825,0,0,0.640036010742188,1.63,0,-5399.9521484375
100000000000000000000004,1,920625000,0,-49.5,6.14205907469411,0,0,0.640036010742188,1.63,0,-5399.9521484375
100000000000000000000002,1,920625000,0,-46.5,3.01887419055894,0,0,0.640036010742188,1.63,0,-5399.9521484375
100000000000000000000001,1,920625000,0,-47,1.07992247467149,0,0,0.640036010742188,1.63,0,-5399.9521484375
100000000000000000000000,1,920625000,0,-57.5,4.47308797747453,0,0,0.640036010742188,1.63,0,-5399.9521484375
100000000000000000000005,1,920625000,0,-61.5,1.03697101261069,0,0,0.640036010742188,1.63,0,-5399.9521484375
100000000000000000000004,1,920625000,0,-49.5,6.13592315154256,0,0,0.640036010742188,1.63,0,-5399.9521484375
100000000000000000000003,1,920625000,0,-46,4.2951462060798,0,0,0.640036010742188,1.63,0,-5399.9521484375
100000000000000000000002,1,920625000,0,-46.5,3.03114603686203,0,0,0.640036010742188,1.63,0,-5399.9521484375
100000000000000000000001,1,920625000,0,-47,1.06151470521686,0,0,0.640036010742188,1.63,0,-5399.9521484375
100000000000000000000004,1,920625000,0,-49.5,6.15433092099719,0,0,0.640036010742188,1.63,0,-5399.9521484375
100000000000000000000003,1,920625000,0,-46.5,4.31968989868597,0,0,0.640036010742188,1.63,0,-5399.9521484375
100000000000000000000005,1,920625000,0,-62.5,1.06151470521686,0,0,0.640036010742188,1.63,0,-5399.9521484375
100000000000000000000000,1,920625000,0,-57.5,4.4976316700807,0,0,0.640036010742188,1.63,0,-5399.9521484375
100000000000000000000002,1,920625000,0,-46.5,3.01887419055894,0,0,0.640036010742188,1.63,0,-5399.9521484375
100000000000000000000004,1,920625000,0,-49.5,6.12365130523948,0,0,0.640036010742188,1.63,0,-5399.9521484375
100000000000000000000005,1,920625000,0,-61.5,1.04310693576224,0,0,0.640036010742188,1.63,0,-5399.9521484375
100000000000000000000001,1,920625000,0,-47,1.05537878206532,0,0,0.640036010742188,1.63,0,-5399.9521484375
100000000000000000000000,1,920625000,0,-57.5,4.50990351638379,0,0,0.640036010742188,1.63,0,-5399.9521484375
100000000000000000000003,1,920625000,0,-46,4.2951462060798,0,0,0.640036010742188,1.63,0,-5399.9521484375
100000000000000000000005,1,920625000,0,-62,1.06151470521686,0,0,0.640036010742188,1.63,0,-5399.9521484375
100000000000000000000001,1,920625000,0,-47,1.05537878206532,0,0,0.640036010742188,1.63,0,-5399.9521484375
100000000000000000000004,1,920625000,0,-49.5,6.13592315154256,0,0,0.640036010742188,1.63,0,-5399.9521484375
100000000000000000000003,1,920625000,0,-46,4.30128212923134,0,0,0.640036010742188,1.63,0,-5399.9521484375
100000000000000000000002,1,920625000,0,-46,3.03114603686203,0,0,0.640036010742188,1.63,0,-5399.9521484375
100000000000000000000000,1,920625000,0,-57.5,4.43627243856527,0,0,0.640036010742188,1.63,0,-5399.9521484375
100000000000000000000004,1,920625000,0,-49.5,6.13592315154256,0,0,0.640036010742188,1.63,0,-5399.9521484375
100000000000000000000002,1,920625000,0,-46,3.0127382674074,0,0,0.640036010742188,1.63,0,-5399.9521484375
100000000000000000000003,1,920625000,0,-46,4.31355397553442,0,0,0.640036010742188,1.63,0,-5399.9521484375
100000000000000000000005,1,920625000,0,-61.5,1.01856324315607,0,0,0.640036010742188,1.63,0,-5399.9521484375
100000000000000000000000,1,920625000,0,-58,4.5405831321415,0,0,0.640036010742188,1.63,0,-5399.9521484375
100000000000000000000001,1,920625000,0,-47,1.06151470521686,0,0,0.640036010742188,1.63,0,-5399.9521484375
100000000000000000000001,1,920625000,0,-47,1.04310693576224,0,0,0.640036010742188,1.63,0,-5399.9521484375
100000000000000000000003,1,920625000,0,-46,4.28901028292825,0,0,0.640036010742188,1.63,0,-5399.9521484375
100000000000000000000004,1,920625000,0,-49.5,6.12978722839102,0,0,0.640036010742188,1.63,0,-5399.9521484375
100000000000000000000002,1,920625000,0,-46,3.02501011371048,0,0,0.640036010742188,1.63,0,-5399.9521484375
100000000000000000000000,1,920625000,0,-58,4.51603943953533,0,0,0.640036010742188,1.63,0,-5399.9521484375
100000000000000000000005,1,920625000,0,-62,1.02469916630761,0,0,0.640036010742188,1.63,0,-5399.9521484375
100000000000000000000000,1,920625000,0,-57.5,4.52217536268687,0,0,0.640036010742188,1.63,0,-5399.9521484375
100000000000000000000002,1,920625000,0,-46,3.00046642110431,0,0,0.640036010742188,1.63,0,-5399.9521484375
100000000000000000000005,1,920625000,0,-62,1.04924285891378,0,0,0.640036010742188,1.63,0,-5399.9521484375
100000000000000000000001,1,920625000,0,-47,1.06151470521686,0,0,0.640036010742188,1.63,0,-5399.9521484375
100000000000000000000003,1,920625000,0,-46,4.2951462060798,0,0,0.640036010742188,1.63,0,-5399.9521484375
100000000000000000000004,1,920625000,0,-49.5,6.12365130523948,0,0,0.640036010742188,1.63,0,-5399.9521484375
100000000000000000000005,1,920625000,0,-62.5,1.00629139685298,0,0,0.640036010742188,1.63,0,-5399.9521484375
100000000000000000000001,1,920625000,0,-47,1.06765062836841,0,0,0.640036010742188,1.63,0,-5399.9521484375
100000000000000000000003,1,920625000,0,-46,4.32582582183751,0,0,0.640036010742188,1.63,0,-5399.9521484375
100000000000000000000000,1,920625000,0,-57.5,4.5405831321415,0,0,0.640036010742188,1.63,0,-5399.9521484375
100000000000000000000002,1,920625000,0,-46.5,3.01887419055894,0,0,0.640036010742188,1.63,0,-5399.9521484375
100000000000000000000004,1,920625000,0,-49.5,6.12365130523948,0,0,0.640036010742188,1.63,0,-5399.9521484375
100000000000000000000002,1,920625000,0,-46.5,2.98819457480123,0,0,0.640036010742188,1.63,0,-5399.9521484375
100000000000000000000003,1,920625000,0,-46,4.31355397553442,0,0,0.640036010742188,1.63,0,-5399.9521484375
100000000000000000000005,1,920625000,0,-61.5,1.00015547370144,0,0,0.640036010742188,1.63,0,-5399.9521484375
100000000000000000000004,1,920625000,0,-49.5,6.08683576633022,0,0,0.640036010742188,1.63,0,-5399.9521484375
100000000000000000000001,1,920625000,0,-47,1.05537878206532,0,0,0.640036010742188,1.63,0,-5399.9521484375
100000000000000000000000,1,920625000,0,-57.5,4.53444720898996,0,0,0.640036010742188,1.63,0,-5399.9521484375
100000000000000000000005,1,920625000,0,-62,1.09219432097458,0,0,0.640036010742188,1.63,0,-5399.9521484375
100000000000000000000002,1,920625000,0,-46,2.99433049795277,0,0,0.640036010742188,1.63,0,-5399.9521484375
100000000000000000000003,1,920625000,0,-46,4.31355397553442,0,0,0.640036010742188,1.63,0,-5399.9521484375
100000000000000000000001,1,920625000,0,-47,1.03697101261069,0,0,0.640036010742188,1.63,0,-5399.9521484375
100000000000000000000000,1,920625000,0,-57.5,4.55285497844458,0,0,0.640036010742188,1.63,0,-5399.9521484375
100000000000000000000004,1,920625000,0,-49.5,6.12978722839102,0,0,0.640036010742188,1.63,0,-5399.9521484375
100000000000000000000004,1,920625000,0,-49.5,6.12365130523948,0,0,0.640036010742188,1.63,0,-5399.9521484375
100000000000000000000003,1,920625000,0,-46,4.31355397553442,0,0,0.640036010742188,1.63,0,-5399.9521484375
100000000000000000000002,1,920625000,0,-46.5,3.01887419055894,0,0,0.640036010742188,1.63,0,-5399.9521484375
100000000000000000000001,1,920625000,0,-47,1.06151470521686,0,0,0.640036010742188,1.63,0,-5399.9521484375
100000000000000000000000,1,920625000,0,-57.5,4.52217536268687,0,0,0.640036010742188,1.63,0,-5399.9521484375
100000000000000000000005,1,920625000,0,-61.5,1.03697101261069,0,0,0.640036010742188,1.63,0,-5399.9521484375
100000000000000000000000,1,920625000,0,-57.5,4.5835345942023,0,0,0.640036010742188,1.63,0,-5399.9521484375
100000000000000000000002,1,920625000,0,-46.5,3.01887419055894,0,0,0.640036010742188,1.63,0,-5399.9521484375
100000000000000000000001,1,920625000,0,-47,1.05537878206532,0,0,0.640036010742188,1.63,0,-5399.9521484375
100000000000000000000005,1,920625000,0,-62,1.07378655151995,0,0,0.640036010742188,1.63,0,-5399.9521484375
100000000000000000000004,1,920625000,0,-49.5,6.15433092099719,0,0,0.640036010742188,1.63,0,-5399.9521484375
100000000000000000000003,1,920625000,0,-46,4.30128212923134,0,0,0.640036010742188,1.63,0,-5399.9521484375
100000000000000000000005,1,920625000,0,-62,1.07992247467149,0,0,0.640036010742188,1.63,0,-5399.9521484375
100000000000000000000002,1,920625000,0,-46,2.99433049795277,0,0,0.640036010742188,1.63,0,-5399.9521484375
100000000000000000000000,1,920625000,0,-57.5,4.52831128583841,0,0,0.640036010742188,1.63,0,-5399.9521484375
100000000000000000000004,1,920625000,0,-49.5,6.11137945893639,0,0,0.640036010742188,1.63,0,-5399.9521484375
100000000000000000000001,1,920625000,0,-47,1.06765062836841,0,0,0.640036010742188,1.63,0,-5399.9521484375
100000000000000000000003,1,920625000,0,-46,4.31355397553442,0,0,0.640036010742188,1.63,0,-5399.9521484375
100000000000000000000000,1,920625000,0,-57.5,4.53444720898996,0,0,0.640036010742188,1.63,0,-5399.9521484375
100000000000000000000003,1,920625000,0,-46,4.31968989868597,0,0,0.640036010742188,1.63,0,-5399.9521484375
100000000000000000000005,1,920625000,0,-61.5,1.02469916630761,0,0,0.640036010742188,1.63,0,-5399.9521484375
100000000000000000000004,1,920625000,0,-49.5,6.11137945893639,0,0,0.640036010742188,1.63,0,-5399.9521484375
100000000000000000000001,1,920625000,0,-47,1.04924285891378,0,0,0.640036010742188,1.63,0,-5399.9521484375
100000000000000000000002,1,920625000,0,-46.5,3.00660234425586,0,0,0.640036010742188,1.63,0,-5399.9521484375
100000000000000000000000,1,920625000,0,-57,4.53444720898996,0,0,0.640036010742188,1.63,0,-5399.9521484375
100000000000000000000005,1,920625000,0,-62,1.01856324315607,0,0,0.640036010742188,1.63,0,-5399.9521484375
100000000000000000000004,1,920625000,0,-49.5,6.12365130523948,0,0,0.640036010742188,1.63,0,-5399.9521484375
100000000000000000000003,1,920625000,0,-46,4.30741805238288,0,0,0.640036010742188,1.63,0,-5399.9521484375
100000000000000000000002,1,920625000,0,-46,3.0127382674074,0,0,0.640036010742188,1.63,0,-5399.9521484375
100000000000000000000001,1,920625000,0,-47,1.03697101261069,0,0,0.640036010742188,1.63,0,-5399.9521484375
100000000000000000000001,1,920625000,0,-47,1.03083508945915,0,0,0.640036010742188,1.63,0,-5399.9521484375
100000000000000000000005,1,920625000,0,-61.5,1.04310693576224,0,0,0.640036010742188,1.63,0,-5399.9521484375
100000000000000000000003,1,920625000,0,-46,4.32582582183751,0,0,0.640036010742188,1.63,0,-5399.9521484375
100000000000000000000004,1,920625000,0,-49.5,6.12365130523948,0,0,0.640036010742188,1.63,0,-5399.9521484375
100000000000000000000000,1,920625000,0,-57,4.56512682474767,0,0,0.640036010742188,1.63,0,-5399.9521484375
100000000000000000000002,1,920625000,0,-46.5,3.0127382674074,0,0,0.640036010742188,1.63,0,-5399.9521484375
100000000000000000000000,1,920625000,0,-57,4.57126274789921,0,0,0.640036010742188,1.63,0,-5399.9521484375
100000000000000000000004,1,920625000,0,-49.5,6.12978722839102,0,0,0.640036010742188,1.63,0,-5399.9521484375
100000000000000000000002,1,920625000,0,-46.5,3.00046642110431,0,0,0.640036010742188,1.63,0,-5399.9521484375
100000000000000000000001,1,920625000,0,-47,1.04310693576224,0,0,0.640036010742188,1.63,0,-5399.9521484375
100000000000000000000003,1,920625000,0,-46,4.30128212923134,0,0,0.640036010742188,1.63,0,-5399.9521484375
100000000000000000000005,1,920625000,0,-61.5,1.05537878206532,0,0,0.640036010742188,1.63,0,-5399.9521484375
100000000000000000000000,1,920625000,0,-57.5,4.53444720898996,0,0,0.640036010742188,1.63,0,-5399.9521484375
100000000000000000000005,1,920625000,0,-62,1.14128170618692,0,0,0.640036010742188,1.63,0,-5399.9521484375
100000000000000000000003,1,920625000,0,-46,4.30741805238288,0,0,0.640036010742188,1.63,0,-5399.9521484375
100000000000000000000001,1,920625000,0,-47,1.02469916630761,0,0,0.640036010742188,1.63,0,-5399.9521484375
100000000000000000000004,1,920625000,0,-49.5,6.12978722839102,0,0,0.640036010742188,1.63,0,-5399.9521484375
100000000000000000000002,1,920625000,0,-46.5,3.00660234425586,0,0,0.640036010742188,1.63,0,-5399.9521484375
100000000000000000000003,1,920625000,0,-46,4.31968989868597,0,0,0.640036010742188,1.63,0,-5399.9521484375
100000000000000000000004,1,920625000,0,-49.5,6.14205907469411,0,0,0.640036010742188,1.63,0,-5399.9521484375
100000000000000000000002,1,920625000,0,-46.5,3.00046642110431,0,0,0.640036010742188,1.63,0,-5399.9521484375
100000000000000000000005,1,920625000,0,-61.5,1.07378655151995,0,0,0.640036010742188,1.63,0,-5399.9521484375
100000000000000000000000,1,920625000,0,-57,4.53444720898996,0,0,0.640036010742188,1.63,0,-5399.9521484375
100000000000000000000001,1,920625000,0,-47,1.03083508945915,0,0,0.640036010742188,1.63,0,-5399.9521484375
100000000000000000000000,1,920625000,0,-57,4.4976316700807,0,0,0.640036010742188,1.63,0,-5399.9521484375
100000000000000000000005,1,920625000,0,-61.5,0.987883627398353,0,0,0.640036010742188,1.63,0,-5399.9521484375
100000000000000000000003,1,920625000,0,-46,4.33196174498905,0,0,0.640036010742188,1.63,0,-5399.9521484375
100000000000000000000002,1,920625000,0,-46.5,3.00660234425586,0,0,0.640036010742188,1.63,0,-5399.9521484375
100000000000000000000004,1,920625000,0,-49.5,6.13592315154256,0,0,0.640036010742188,1.63,0,-5399.9521484375
100000000000000000000001,1,920625000,0,-47,1.03083508945915,0,0,0.640036010742188,1.63,0,-5399.9521484375
100000000000000000000005,1,920625000,0,-62,1.04924285891378,0,0,0.640036010742188,1.63,0,-5399.9521484375
100000000000000000000002,1,920625000,0,-46,3.0127382674074,0,0,0.640036010742188,1.63,0,-5399.9521484375
100000000000000000000001,1,920625000,0,-47,1.02469916630761,0,0,0.640036010742188,1.63,0,-5399.9521484375
100000000000000000000003,1,920625000,0,-46,4.30128212923134,0,0,0.640036010742188,1.63,0,-5399.9521484375
100000000000000000000004,1,920625000,0,-49.5,6.11751538208794,0,0,0.640036010742188,1.63,0,-5399.9521484375
100000000000000000000000,1,920625000,0,-57,4.52217536268687,0,0,0.640036010742188,1.63,0,-5399.9521484375
100000000000000000000005,1,920625000,0,-61.5,1.10446616727766,0,0,0.640036010742188,1.63,0,-5399.9521484375
100000000000000000000002,1,920625000,0,-46.5,3.01887419055894,0,0,0.640036010742188,1.63,0,-5399.9521484375
100000000000000000000004,1,920625000,0,-49.5,6.12978722839102,0,0,0.640036010742188,1.63,0,-5399.9521484375
100000000000000000000001,1,920625000,0,-47,1.01242732000452,0,0,0.640036010742188,1.63,0,-5399.9521484375
100000000000000000000000,1,920625000,0,-57.5,4.54671905529304,0,0,0.640036010742188,1.63,0,-5399.9521484375
100000000000000000000003,1,920625000,0,-46,4.32582582183751,0,0,0.640036010742188,1.63,0,-5399.9521484375
100000000000000000000000,1,920625000,0,-57,4.55285497844458,0,0,0.640036010742188,1.63,0,-5399.9521484375
100000000000000000000001,1,920625000,0,-47,1.01242732000452,0,0,0.640036010742188,1.63,0,-5399.9521484375
100000000000000000000003,1,920625000,0,-46,4.30741805238288,0,0,0.640036010742188,1.63,0,-5399.9521484375
100000000000000000000002,1,920625000,0,-46.5,3.03728196001357,0,0,0.640036010742188,1.63,0,-5399.9521484375
100000000000000000000004,1,920625000,0,-49.5,6.11751538208794,0,0,0.640036010742188,1.63,0,-5399.9521484375
100000000000000000000005,1,920625000,0,-62,1.12287393673229,0,0,0.640036010742188,1.63,0,-5399.9521484375
100000000000000000000001,1,920625000,0,-47,1.03083508945915,0,0,0.640036010742188,1.63,0,-5399.9521484375
100000000000000000000004,1,920625000,0,-49.5,6.13592315154256,0,0,0.640036010742188,1.63,0,-5399.9521484375
100000000000000000000005,1,920625000,0,-61.5,1.06765062836841,0,0,0.640036010742188,1.63,0,-5399.9521484375
100000000000000000000003,1,920625000,0,-46,4.31355397553442,0,0,0.640036010742188,1.63,0,-5399.9521484375
100000000000000000000002,1,920625000,0,-46.5,3.00046642110431,0,0,0.640036010742188,1.63,0,-5399.9521484375
100000000000000000000000,1,920625000,0,-57.5,4.5405831321415,0,0,0.640036010742188,1.63,0,-5399.9521484375
100000000000000000000001,1,920625000,0,-47,1.03697101261069,0,0,0.640036010742188,1.63,0,-5399.9521484375
100000000000000000000000,1,920625000,0,-57.5,4.51603943953533,0,0,0.640036010742188,1.63,0,-5399.9521484375
100000000000000000000004,1,920625000,0,-49.5,6.14819499784565,0,0,0.640036010742188,1.63,0,-5399.9521484375
100000000000000000000002,1,920625000,0,-46.5,3.01887419055894,0,0,0.640036010742188,1.63,0,-5399.9521484375
100000000000000000000003,1,920625000,0,-46,4.31968989868597,0,0,0.640036010742188,1.63,0,-5399.9521484375
100000000000000000000005,1,920625000,0,-62,1.03697101261069,0,0,0.640036010742188,1.63,0,-5399.9521484375
100000000000000000000004,1,920625000,0,-49.5,6.14205907469411,0,0,0.640036010742188,1.63,0,-5399.9521484375
100000000000000000000003,1,920625000,0,-46,4.31355397553442,0,0,0.640036010742188,1.63,0,-5399.9521484375
100000000000000000000000,1,920625000,0,-57,4.57126274789921,0,0,0.640036010742188,1.63,0,-5399.9521484375
100000000000000000000005,1,920625000,0,-61.5,1.06151470521686,0,0,0.640036010742188,1.63,0,-5399.9521484375
100000000000000000000001,1,920625000,0,-47,1.03083508945915,0,0,0.640036010742188,1.63,0,-5399.9521484375
100000000000000000000002,1,920625000,0,-46.5,3.04955380631665,0,0,0.640036010742188,1.63,0,-5399.9521484375
100000000000000000000003,1,920625000,0,-46,4.30741805238288,0,0,0.640036010742188,1.63,0,-5399.9521484375
100000000000000000000004,1,920625000,0,-49.5,6.12978722839102,0,0,0.640036010742188,1.63,0,-5399.9521484375
100000000000000000000002,1,920625000,0,-46.5,3.03114603686203,0,0,0.640036010742188,1.63,0,-5399.9521484375
100000000000000000000000,1,920625000,0,-57.5,4.51603943953533,0,0,0.640036010742188,1.63,0,-5399.9521484375
100000000000000000000001,1,920625000,0,-47,1.03697101261069,0,0,0.640036010742188,1.63,0,-5399.9521484375
100000000000000000000005,1,920625000,0,-62,1.01856324315607,0,0,0.640036010742188,1.63,0,-5399.9521484375
100000000000000000000000,1,920625000,0,-57,4.48535982377761,0,0,0.640036010742188,1.63,0,-5399.9521484375
100000000000000000000002,1,920625000,0,-46.5,3.02501011371048,0,0,0.640036010742188,1.63,0,-5399.9521484375
100000000000000000000003,1,920625000,0,-46,4.31355397553442,0,0,0.640036010742188,1.63,0,-5399.9521484375
100000000000000000000004,1,920625000,0,-49.5,6.12365130523948,0,0,0.640036010742188,1.63,0,-5399.9521484375
100000000000000000000001,1,920625000,0,-47,1.03697101261069,0,0,0.640036010742188,1.63,0,-5399.9521484375
100000000000000000000005,1,920625000,0,-62.5,1.04924285891378,0,0,0.640036010742188,1.63,0,-5399.9521484375
100000000000000000000005,1,920625000,0,-61.5,1.09833024412612,0,0,0.640036010742188,1.63,0,-5399.9521484375
100000000000000000000001,1,920625000,0,-47,1.04924285891378,0,0,0.640036010742188,1.63,0,-5399.9521484375
100000000000000000000003,1,920625000,0,-46,4.31355397553442,0,0,0.640036010742188,1.63,0,-5399.9521484375
100000000000000000000000,1,920625000,0,-57,4.47922390062607,0,0,0.640036010742188,1.63,0,-5399.9521484375
100000000000000000000004,1,920625000,0,-49.5,6.12365130523948,0,0,0.640036010742188,1.63,0,-5399.9521484375
100000000000000000000002,1,920625000,0,-46.5,3.0127382674074,0,0,0.640036010742188,1.63,0,-5399.9521484375
100000000000000000000004,1,920625000,0,-49.5,6.15433092099719,0,0,0.640036010742188,1.63,0,-5399.9521484375
100000000000000000000003,1,920625000,0,-46.5,4.2951462060798,0,0,0.640036010742188,1.63,0,-5399.9521484375
100000000000000000000000,1,920625000,0,-57.5,4.52831128583841,0,0,0.640036010742188,1.63,0,-5399.9521484375
100000000000000000000005,1,920625000,0,-61.5,1.01242732000452,0,0,0.640036010742188,1.63,0,-5399.9521484375
100000000000000000000002,1,920625000,0,-46.5,3.0127382674074,0,0,0.640036010742188,1.63,0,-5399.9521484375
100000000000000000000001,1,920625000,0,-47,1.04924285891378,0,0,0.640036010742188,1.63,0,-5399.9521484375
100000000000000000000001,1,920625000,0,-47,1.06151470521686,0,0,0.640036010742188,1.63,0,-5399.9521484375
100000000000000000000004,1,920625000,0,-49,6.16660276730028,0,0,0.640036010742188,1.63,0,-5399.9521484375
100000000000000000000003,1,920625000,0,-46,4.30128212923134,0,0,0.640036010742188,1.63,0,-5399.9521484375
100000000000000000000005,1,920625000,0,-61.5,0.994019550549895,0,0,0.640036010742188,1.63,0,-5399.9521484375
100000000000000000000002,1,920625000,0,-46.5,3.03114603686203,0,0,0.640036010742188,1.63,0,-5399.9521484375
100000000000000000000000,1,920625000,0,-57.5,4.55285497844458,0,0,0.640036010742188,1.63,0,-5399.9521484375
