epc,antennaIndex,frequency,time,RSSI,phase,dopplerShift,velocity,x,y,z,angle
100000000000000000000001,1,920625000,0,-46,2.08007794837293,0,0,0.740075988769531,1.63,0,-5400.2158203125
100000000000000000000003,1,920625000,0,-45.5,1.79168956025043,0,0,0.740075988769531,1.63,0,-5400.2158203125
100000000000000000000002,1,920625000,0,-45.5,3.28271888607527,0,0,0.740075988769531,1.63,0,-5400.2158203125
E00000000000000000002005,1,920625000,0,-61.5,6.16660276730028,0,0,0.740075988769531,1.63,0,-5400.2158203125
100000000000000000000000,1,920625000,0,-49,1.09219432097458,0,0,0.740075988769531,1.63,0,-5400.2158203125
100000000000000000000004,1,920625000,0,-46.5,3.72450535298634,0,0,0.740075988769531,1.63,0,-5400.2158203125
100000000000000000000004,1,920625000,0,-46,3.73064127613788,0,0,0.740075988769531,1.63,0,-5400.2158203125
100000000000000000000001,1,920625000,0,-46,2.09234979467601,0,0,0.740075988769531,1.63,0,-5400.2158203125
100000000000000000000002,1,920625000,0,-45.5,3.27658296292373,0,0,0.740075988769531,1.63,0,-5400.2158203125
100000000000000000000000,1,920625000,0,-48.5,1.09219432097458,0,0,0.740075988769531,1.63,0,-5400.2158203125
E00000000000000000002005,1,920625000,0,-62,0.00613592315154232,0,0,0.740075988769531,1.63,0,-5400.2158203125
100000000000000000000003,1,920625000,0,-45.5,1.78555363709889,0,0,0.740075988769531,1.63,0,-5400.2158203125
100000000000000000000003,1,920625000,0,-45.5,1.81009732970506,0,0,0.740075988769531,1.63,0,-5400.2158203125
100000000000000000000004,1,920625000,0,-46,3.71836942983479,0,0,0.740075988769531,1.63,0,-5400.2158203125
100000000000000000000002,1,920625000,0,-45.5,3.31339850183298,0,0,0.740075988769531,1.63,0,-5400.2158203125
100000000000000000000001,1,920625000,0,-46,2.09234979467601,0,0,0.740075988769531,1.63,0,-5400.2158203125
100000000000000000000000,1,920625000,0,-48.5,1.09219432097458,0,0,0.740075988769531,1.63,0,-5400.2158203125
E00000000000000000002005,1,920625000,0,-61.5,6.24636976827033,0,0,0.740075988769531,1.63,0,-5400.2158203125
100000000000000000000001,1,920625000,0,-46.5,2.08621387152447,0,0,0.740075988769531,1.63,0,-5400.2158203125
100000000000000000000002,1,920625000,0,-45.5,3.31953442498453,0,0,0.740075988769531,1.63,0,-5400.2158203125
E00000000000000000002005,1,920625000,0,-62,0.0122718463030855,0,0,0.740075988769531,1.63,0,-5400.2158203125
100000000000000000000003,1,920625000,0,-45.5,1.79168956025043,0,0,0.740075988769531,1.63,0,-5400.2158203125
100000000000000000000000,1,920625000,0,-49,1.11673801358075,0,0,0.740075988769531,1.63,0,-5400.2158203125
100000000000000000000004,1,920625000,0,-46.5,3.72450535298634,0,0,0.740075988769531,1.63,0,-5400.2158203125
E00000000000000000002005,1,920625000,0,-62,6.17273869045182,0,0,0.740075988769531,1.63,0,-5400.2158203125
100000000000000000000001,1,920625000,0,-46,2.09234979467601,0,0,0.740075988769531,1.63,0,-5400.2158203125
100000000000000000000000,1,920625000,0,-48.5,1.10446616727766,0,0,0.740075988769531,1.63,0,-5400.2158203125
100000000000000000000003,1,920625000,0,-45.5,1.78555363709889,0,0,0.740075988769531,1.63,0,-5400.2158203125
100000000000000000000004,1,920625000,0,-46,3.73677719928942,0,0,0.740075988769531,1.63,0,-5400.2158203125
100000000000000000000002,1,920625000,0,-45.5,3.32567034813607,0,0,0.740075988769531,1.63,0,-5400.2158203125
100000000000000000000004,1,920625000,0,-46.5,3.72450535298634,0,0,0.740075988769531,1.63,0,-5400.2158203125
100000000000000000000000,1,920625000,0,-48.5,1.09833024412612,0,0,0.740075988769531,1.63,0,-5400.2158203125
100000000000000000000002,1,920625000,0,-45.5,3.3011266555299,0,0,0.740075988769531,1.63,0,-5400.2158203125
100000000000000000000003,1,920625000,0,-45.5,1.80396140655351,0,0,0.740075988769531,1.63,0,-5400.2158203125
100000000000000000000001,1,920625000,0,-46,2.1046216409791,0,0,0.740075988769531,1.63,0,-5400.2158203125
E00000000000000000002005,1,920625000,0,-61.5,6.2279619988157,0,0,0.740075988769531,1.63,0,-5400.2158203125
100000000000000000000004,1,920625000,0,-46,3.72450535298634,0,0,0.740075988769531,1.63,0,-5400.2158203125
100000000000000000000003,1,920625000,0,-45.5,1.80396140655351,0,0,0.740075988769531,1.63,0,-5400.2158203125
100000000000000000000001,1,920625000,0,-46,2.08007794837293,0,0,0.740075988769531,1.63,0,-5400.2158203125
E00000000000000000002005,1,920625000,0,-62,0.00613592315154232,0,0,0.740075988769531,1.63,0,-5400.2158203125
100000000000000000000002,1,920625000,0,-45.5,3.3011266555299,0,0,0.740075988769531,1.63,0,-5400.2158203125
100000000000000000000000,1,920625000,0,-49,1.08605839782303,0,0,0.740075988769531,1.63,0,-5400.2158203125
E00000000000000000002005,1,920625000,0,-61.5,0.042951462060798,0,0,0.740075988769531,1.63,0,-5400.2158203125
100000000000000000000004,1,920625000,0,-46,3.73064127613788,0,0,0.740075988769531,1.63,0,-5400.2158203125
100000000000000000000000,1,920625000,0,-49,1.08605839782303,0,0,0.740075988769531,1.63,0,-5400.2158203125
100000000000000000000002,1,920625000,0,-45.5,3.31339850183298,0,0,0.740075988769531,1.63,0,-5400.2158203125
100000000000000000000003,1,920625000,0,-45.5,1.81009732970506,0,0,0.740075988769531,1.63,0,-5400.2158203125
100000000000000000000001,1,920625000,0,-46.5,2.1046216409791,0,0,0.740075988769531,1.63,0,-5400.2158203125
100000000000000000000003,1,920625000,0,-45.5,1.79168956025043,0,0,0.740075988769531,1.63,0,-5400.2158203125
100000000000000000000001,1,920625000,0,-46,2.08007794837293,0,0,0.740075988769531,1.63,0,-5400.2158203125
100000000000000000000002,1,920625000,0,-45.5,3.30726257868144,0,0,0.740075988769531,1.63,0,-5400.2158203125
E00000000000000000002005,1,920625000,0,-62,6.26477753772496,0,0,0.740075988769531,1.63,0,-5400.2158203125
100000000000000000000004,1,920625000,0,-46,3.72450535298634,0,0,0.740075988769531,1.63,0,-5400.2158203125
100000000000000000000000,1,920625000,0,-48.5,1.07378655151995,0,0,0.740075988769531,1.63,0,-5400.2158203125
E00000000000000000002005,1,920625000,0,-62,6.21569015251262,0,0,0.740075988769531,1.63,0,-5400.2158203125
100000000000000000000004,1,920625000,0,-46,3.71223350668325,0,0,0.740075988769531,1.63,0,-5400.2158203125
100000000000000000000002,1,920625000,0,-44.5,3.31339850183298,0,0,0.740075988769531,1.63,0,-5400.2158203125
100000000000000000000003,1,920625000,0,-46,1.7732817907958,0,0,0.740075988769531,1.63,0,-5400.2158203125
100000000000000000000000,1,920625000,0,-48.5,1.03697101261069,0,0,0.740075988769531,1.63,0,-5400.2158203125
100000000000000000000001,1,920625000,0,-46,2.08621387152447,0,0,0.740075988769531,1.63,0,-5400.2158203125
E00000000000000000002005,1,920625000,0,-62,6.23409792196725,0,0,0.740075988769531,1.63,0,-5400.2158203125
100000000000000000000001,1,920625000,0,-46,2.09234979467601,0,0,0.740075988769531,1.63,0,-5400.2158203125
100000000000000000000002,1,920625000,0,-45.5,3.31339850183298,0,0,0.740075988769531,1.63,0,-5400.2158203125
100000000000000000000000,1,920625000,0,-48.5,1.07378655151995,0,0,0.740075988769531,1.63,0,-5400.2158203125
100000000000000000000004,1,920625000,0,-46,3.73064127613788,0,0,0.740075988769531,1.63,0,-5400.2158203125
100000000000000000000003,1,920625000,0,-45.5,1.80396140655351,0,0,0.740075988769531,1.63,0,-5400.2158203125
100000000000000000000002,1,920625000,0,-45.5,3.28885480922681,0,0,0.740075988769531,1.63,0,-5400.2158203125
100000000000000000000000,1,920625000,0,-48.5,1.05537878206532,0,0,0.740075988769531,1.63,0,-5400.2158203125
100000000000000000000003,1,920625000,0,-45.5,1.79782548340197,0,0,0.740075988769531,1.63,0,-5400.2158203125
E00000000000000000002005,1,920625000,0,-61.5,6.18501053675491,0,0,0.740075988769531,1.63,0,-5400.2158203125
100000000000000000000004,1,920625000,0,-46.5,3.71836942983479,0,0,0.740075988769531,1.63,0,-5400.2158203125
100000000000000000000001,1,920625000,0,-46,2.08007794837293,0,0,0.740075988769531,1.63,0,-5400.2158203125
100000000000000000000004,1,920625000,0,-46,3.73064127613788,0,0,0.740075988769531,1.63,0,-5400.2158203125
E00000000000000000002005,1,920625000,0,-62,6.20955422936108,0,0,0.740075988769531,1.63,0,-5400.2158203125
100000000000000000000000,1,920625000,0,-49,1.08605839782303,0,0,0.740075988769531,1.63,0,-5400.2158203125
100000000000000000000003,1,920625000,0,-46,1.7732817907958,0,0,0.740075988769531,1.63,0,-5400.2158203125
100000000000000000000002,1,920625000,0,-45.5,3.28271888607527,0,0,0.740075988769531,1.63,0,-5400.2158203125
100000000000000000000001,1,920625000,0,-46,2.11075756413064,0,0,0.740075988769531,1.63,0,-5400.2158203125
100000000000000000000004,1,920625000,0,-46.5,3.73677719928942,0,0,0.740075988769531,1.63,0,-5400.2158203125
100000000000000000000003,1,920625000,0,-45.5,1.80396140655351,0,0,0.740075988769531,1.63,0,-5400.2158203125
100000000000000000000001,1,920625000,0,-46,2.09234979467601,0,0,0.740075988769531,1.63,0,-5400.2158203125
100000000000000000000000,1,920625000,0,-49,1.07992247467149,0,0,0.740075988769531,1.63,0,-5400.2158203125
100000000000000000000002,1,920625000,0,-45.5,3.32567034813607,0,0,0.740075988769531,1.63,0,-5400.2158203125
E00000000000000000002005,1,920625000,0,-62,6.16046684414874,0,0,0.740075988769531,1.63,0,-5400.2158203125
100000000000000000000002,1,920625000,0,-45.5,3.30726257868144,0,0,0.740075988769531,1.63,0,-5400.2158203125
100000000000000000000000,1,920625000,0,-49,1.08605839782303,0,0,0.740075988769531,1.63,0,-5400.2158203125
E00000000000000000002005,1,920625000,0,-61.5,6.21569015251262,0,0,0.740075988769531,1.63,0,-5400.2158203125
100000000000000000000003,1,920625000,0,-45.5,1.78555363709889,0,0,0.740075988769531,1.63,0,-5400.2158203125
100000000000000000000004,1,920625000,0,-46,3.72450535298634,0,0,0.740075988769531,1.63,0,-5400.2158203125
100000000000000000000001,1,920625000,0,-46,2.08007794837293,0,0,0.740075988769531,1.63,0,-5400.2158203125
100000000000000000000003,1,920625000,0,-46,1.79782548340197,0,0,0.740075988769531,1.63,0,-5400.2158203125
100000000000000000000002,1,920625000,0,-45.5,3.31953442498453,0,0,0.740075988769531,1.63,0,-5400.2158203125
100000000000000000000004,1,920625000,0,-46.5,3.72450535298634,0,0,0.740075988769531,1.63,0,-5400.2158203125
E00000000000000000002005,1,920625000,0,-62,6.23409792196725,0,0,0.740075988769531,1.63,0,-5400.2158203125
100000000000000000000000,1,920625000,0,-48.5,1.08605839782303,0,0,0.740075988769531,1.63,0,-5400.2158203125
100000000000000000000001,1,920625000,0,-46,2.09848571782756,0,0,0.740075988769531,1.63,0,-5400.2158203125
100000000000000000000003,1,920625000,0,-45.5,1.79168956025043,0,0,0.740075988769531,1.63,0,-5400.2158203125
100000000000000000000000,1,920625000,0,-48.5,1.07992247467149,0,0,0.740075988769531,1.63,0,-5400.2158203125
100000000000000000000001,1,920625000,0,-46,2.1046216409791,0,0,0.740075988769531,1.63,0,-5400.2158203125
100000000000000000000004,1,920625000,0,-46.5,3.73677719928942,0,0,0.740075988769531,1.63,0,-5400.2158203125
100000000000000000000002,1,920625000,0,-45.5,3.30726257868144,0,0,0.740075988769531,1.63,0,-5400.2158203125
E00000000000000000002005,1,920625000,0,-62,6.20341830620953,0,0,0.740075988769531,1.63,0,-5400.2158203125
100000000000000000000004,1,920625000,0,-46,3.69996166038017,0,0,0.740075988769531,1.63,0,-5400.2158203125
100000000000000000000000,1,920625000,0,-48.5,1.08605839782303,0,0,0.740075988769531,1.63,0,-5400.2158203125
E00000000000000000002005,1,920625000,0,-61.5,6.22182607566416,0,0,0.740075988769531,1.63,0,-5400.2158203125
100000000000000000000001,1,920625000,0,-46,2.06780610206984,0,0,0.740075988769531,1.63,0,-5400.2158203125
100000000000000000000002,1,920625000,0,-45.5,3.27658296292373,0,0,0.740075988769531,1.63,0,-5400.2158203125
100000000000000000000003,1,920625000,0,-46,1.79782548340197,0,0,0.740075988769531,1.63,0,-5400.2158203125
100000000000000000000002,1,920625000,0,-45.5,3.31339850183298,0,0,0.740075988769531,1.63,0,-5400.2158203125
100000000000000000000003,1,920625000,0,-45.5,1.78555363709889,0,0,0.740075988769531,1.63,0,-5400.2158203125
E00000000000000000002005,1,920625000,0,-62,6.20341830620953,0,0,0.740075988769531,1.63,0,-5400.2158203125
100000000000000000000001,1,920625000,0,-46,2.08007794837293,0,0,0.740075988769531,1.63,0,-5400.2158203125
100000000000000000000004,1,920625000,0,-46,3.73064127613788,0,0,0.740075988769531,1.63,0,-5400.2158203125
100000000000000000000000,1,920625000,0,-48.5,1.05537878206532,0,0,0.740075988769531,1.63,0,-5400.2158203125
100000000000000000000004,1,920625000,0,-46,3.73064127613788,0,0,0.740075988769531,1.63,0,-5400.2158203125
100000000000000000000003,1,920625000,0,-45.5,1.79168956025043,0,0,0.740075988769531,1.63,0,-5400.2158203125
100000000000000000000001,1,920625000,0,-46,2.09234979467601,0,0,0.740075988769531,1.63,0,-5400.2158203125
100000000000000000000000,1,920625000,0,-48.5,1.08605839782303,0,0,0.740075988769531,1.63,0,-5400.2158203125
100000000000000000000002,1,920625000,0,-45.5,3.31953442498453,0,0,0.740075988769531,1.63,0,-5400.2158203125
E00000000000000000002005,1,920625000,0,-62,6.24636976827033,0,0,0.740075988769531,1.63,0,-5400.2158203125
100000000000000000000000,1,920625000,0,-48.5,1.09833024412612,0,0,0.740075988769531,1.63,0,-5400.2158203125
100000000000000000000003,1,920625000,0,-46,1.77941771394734,0,0,0.740075988769531,1.63,0,-5400.2158203125
E00000000000000000002005,1,920625000,0,-62,6.14205907469411,0,0,0.740075988769531,1.63,0,-5400.2158203125
100000000000000000000002,1,920625000,0,-45.5,3.3011266555299,0,0,0.740075988769531,1.63,0,-5400.2158203125
100000000000000000000001,1,920625000,0,-46,2.07394202522139,0,0,0.740075988769531,1.63,0,-5400.2158203125
100000000000000000000004,1,920625000,0,-46.5,3.74291312244096,0,0,0.740075988769531,1.63,0,-5400.2158203125
100000000000000000000004,1,920625000,0,-46,3.73064127613788,0,0,0.740075988769531,1.63,0,-5400.2158203125
100000000000000000000001,1,920625000,0,-46.5,2.08621387152447,0,0,0.740075988769531,1.63,0,-5400.2158203125
100000000000000000000003,1,920625000,0,-45.5,1.77941771394734,0,0,0.740075988769531,1.63,0,-5400.2158203125
100000000000000000000000,1,920625000,0,-48.5,1.07992247467149,0,0,0.740075988769531,1.63,0,-5400.2158203125
100000000000000000000002,1,920625000,0,-45.5,3.31339850183298,0,0,0.740075988769531,1.63,0,-5400.2158203125
E00000000000000000002005,1,920625000,0,-62,0.0122718463030855,0,0,0.740075988769531,1.63,0,-5400.2158203125
100000000000000000000002,1,920625000,0,-45.5,3.32567034813607,0,0,0.740075988769531,1.63,0,-5400.2158203125
100000000000000000000003,1,920625000,0,-46,1.79168956025043,0,0,0.740075988769531,1.63,0,-5400.2158203125
100000000000000000000001,1,920625000,0,-46,2.08007794837293,0,0,0.740075988769531,1.63,0,-5400.2158203125
E00000000000000000002005,1,920625000,0,-62,6.24636976827033,0,0,0.740075988769531,1.63,0,-5400.2158203125
100000000000000000000000,1,920625000,0,-48.5,1.1106020904292,0,0,0.740075988769531,1.63,0,-5400.2158203125
100000000000000000000004,1,920625000,0,-46,3.73677719928942,0,0,0.740075988769531,1.63,0,-5400.2158203125
E00000000000000000002005,1,920625000,0,-62,6.21569015251262,0,0,0.740075988769531,1.63,0,-5400.2158203125
100000000000000000000004,1,920625000,0,-46,3.71836942983479,0,0,0.740075988769531,1.63,0,-5400.2158203125
100000000000000000000000,1,920625000,0,-48.5,1.09833024412612,0,0,0.740075988769531,1.63,0,-5400.2158203125
100000000000000000000001,1,920625000,0,-46,2.07394202522139,0,0,0.740075988769531,1.63,0,-5400.2158203125
100000000000000000000002,1,920625000,0,-45.5,3.29499073237836,0,0,0.740075988769531,1.63,0,-5400.2158203125
100000000000000000000003,1,920625000,0,-45.5,1.77941771394734,0,0,0.740075988769531,1.63,0,-5400.2158203125
100000000000000000000001,1,920625000,0,-46,2.09848571782756,0,0,0.740075988769531,1.63,0,-5400.2158203125
100000000000000000000003,1,920625000,0,-45.5,1.7732817907958,0,0,0.740075988769531,1.63,0,-5400.2158203125
100000000000000000000000,1,920625000,0,-49,1.08605839782303,0,0,0.740075988769531,1.63,0,-5400.2158203125
100000000000000000000004,1,920625000,0,-46,3.73677719928942,0,0,0.740075988769531,1.63,0,-5400.2158203125
100000000000000000000002,1,920625000,0,-45.5,3.29499073237836,0,0,0.740075988769531,1.63,0,-5400.2158203125
E00000000000000000002005,1,920625000,0,-62,6.19728238305799,0,0,0.740075988769531,1.63,0,-5400.2158203125
100000000000000000000004,1,920625000,0,-46.5,3.73677719928942,0,0,0.740075988769531,1.63,0,-5400.2158203125
100000000000000000000002,1,920625000,0,-45.5,3.32567034813607,0,0,0.740075988769531,1.63,0,-5400.2158203125
100000000000000000000003,1,920625000,0,-45.5,1.78555363709889,0,0,0.740075988769531,1.63,0,-5400.2158203125
E00000000000000000002005,1,920625000,0,-61.5,6.15433092099719,0,0,0.740075988769531,1.63,0,-5400.2158203125
100000000000000000000001,1,920625000,0,-46,2.09848571782756,0,0,0.740075988769531,1.63,0,-5400.2158203125
100000000000000000000000,1,920625000,0,-48.5,1.09219432097458,0,0,0.740075988769531,1.63,0,-5400.2158203125
100000000000000000000004,1,920625000,0,-46,3.71223350668325,0,0,0.740075988769531,1.63,0,-5400.2158203125
E00000000000000000002005,1,920625000,0,-62,0.0122718463030855,0,0,0.740075988769531,1.63,0,-5400.2158203125
100000000000000000000001,1,920625000,0,-46,2.09848571782756,0,0,0.740075988769531,1.63,0,-5400.2158203125
100000000000000000000003,1,920625000,0,-45.5,1.80396140655351,0,0,0.740075988769531,1.63,0,-5400.2158203125
100000000000000000000000,1,920625000,0,-48.5,1.09219432097458,0,0,0.740075988769531,1.63,0,-5400.2158203125
100000000000000000000002,1,920625000,0,-45.5,3.30726257868144,0,0,0.740075988769531,1.63,0,-5400.2158203125
100000000000000000000003,1,920625000,0,-46,1.80396140655351,0,0,0.740075988769531,1.63,0,-5400.2158203125
100000000000000000000004,1,920625000,0,-46.5,3.71223350668325,0,0,0.740075988769531,1.63,0,-5400.2158203125
100000000000000000000000,1,920625000,0,-49,1.08605839782303,0,0,0.740075988769531,1.63,0,-5400.2158203125
100000000000000000000002,1,920625000,0,-45.5,3.28885480922681,0,0,0.740075988769531,1.63,0,-5400.2158203125
E00000000000000000002005,1,920625000,0,-61.5,6.2709134608765,0,0,0.740075988769531,1.63,0,-5400.2158203125
100000000000000000000001,1,920625000,0,-46.5,2.09234979467601,0,0,0.740075988769531,1.63,0,-5400.2158203125
100000000000000000000001,1,920625000,0,-46,2.08007794837293,0,0,0.740075988769531,1.63,0,-5400.2158203125
100000000000000000000003,1,920625000,0,-45.5,1.79782548340197,0,0,0.740075988769531,1.63,0,-5400.2158203125
100000000000000000000004,1,920625000,0,-46,3.71836942983479,0,0,0.740075988769531,1.63,0,-5400.2158203125
100000000000000000000002,1,920625000,0,-45.5,3.30726257868144,0,0,0.740075988769531,1.63,0,-5400.2158203125
100000000000000000000000,1,920625000,0,-48.5,1.09833024412612,0,0,0.740075988769531,1.63,0,-5400.2158203125
E00000000000000000002005,1,920625000,0,-61.5,6.19728238305799,0,0,0.740075988769531,1.63,0,-5400.2158203125
100000000000000000000004,1,920625000,0,-46,3.72450535298634,0,0,0.740075988769531,1.63,0,-5400.2158203125
100000000000000000000001,1,920625000,0,-46,2.0616701789183,0,0,0.740075988769531,1.63,0,-5400.2158203125
100000000000000000000002,1,920625000,0,-45.5,3.26431111662064,0,0,0.740075988769531,1.63,0,-5400.2158203125
100000000000000000000003,1,920625000,0,-45.5,1.78555363709889,0,0,0.740075988769531,1.63,0,-5400.2158203125
E00000000000000000002005,1,920625000,0,-62,6.25864161457342,0,0,0.740075988769531,1.63,0,-5400.2158203125
100000000000000000000000,1,920625000,0,-48.5,1.07992247467149,0,0,0.740075988769531,1.63,0,-5400.2158203125
100000000000000000000002,1,920625000,0,-45.5,3.30726257868144,0,0,0.740075988769531,1.63,0,-5400.2158203125
100000000000000000000003,1,920625000,0,-45.5,1.76714586764426,0,0,0.740075988769531,1.63,0,-5400.2158203125
100000000000000000000000,1,920625000,0,-49,1.09833024412612,0,0,0.740075988769531,1.63,0,-5400.2158203125
100000000000000000000004,1,920625000,0,-46,3.71223350668325,0,0,0.740075988769531,1.63,0,-5400.2158203125
100000000000000000000001,1,920625000,0,-46,2.1046216409791,0,0,0.740075988769531,1.63,0,-5400.2158203125
E00000000000000000002005,1,920625000,0,-61.5,6.20341830620953,0,0,0.740075988769531,1.63,0,-5400.2158203125
100000000000000000000004,1,920625000,0,-46,3.73064127613788,0,0,0.740075988769531,1.63,0,-5400.2158203125
100000000000000000000002,1,920625000,0,-45.5,3.3011266555299,0,0,0.740075988769531,1.63,0,-5400.2158203125
100000000000000000000003,1,920625000,0,-45.5,1.79782548340197,0,0,0.740075988769531,1.63,0,-5400.2158203125
E00000000000000000002005,1,920625000,0,-61.5,6.25864161457342,0,0,0.740075988769531,1.63,0,-5400.2158203125
100000000000000000000000,1,920625000,0,-48.5,1.08605839782303,0,0,0.740075988769531,1.63,0,-5400.2158203125
100000000000000000000001,1,920625000,0,-46,2.09848571782756,0,0,0.740075988769531,1.63,0,-5400.2158203125
100000000000000000000000,1,920625000,0,-48.5,1.06765062836841,0,0,0.740075988769531,1.63,0,-5400.2158203125
100000000000000000000003,1,920625000,0,-45.5,1.79782548340197,0,0,0.740075988769531,1.63,0,-5400.2158203125
100000000000000000000002,1,920625000,0,-45.5,3.30726257868144,0,0,0.740075988769531,1.63,0,-5400.2158203125
100000000000000000000004,1,920625000,0,-46,3.73064127613788,0,0,0.740075988769531,1.63,0,-5400.2158203125
100000000000000000000001,1,920625000,0,-46,2.07394202522139,0,0,0.740075988769531,1.63,0,-5400.2158203125
E00000000000000000002005,1,920625000,0,-61.5,6.20341830620953,0,0,0.740075988769531,1.63,0,-5400.2158203125
100000000000000000000000,1,920625000,0,-48.5,1.08605839782303,0,0,0.740075988769531,1.63,0,-5400.2158203125
100000000000000000000003,1,920625000,0,-45.5,1.80396140655351,0,0,0.740075988769531,1.63,0,-5400.2158203125
E00000000000000000002005,1,920625000,0,-62,6.2709134608765,0,0,0.740075988769531,1.63,0,-5400.2158203125
100000000000000000000004,1,920625000,0,-46,3.73064127613788,0,0,0.740075988769531,1.63,0,-5400.2158203125
100000000000000000000001,1,920625000,0,-46,2.1046216409791,0,0,0.740075988769531,1.63,0,-5400.2158203125
100000000000000000000002,1,920625000,0,-45.5,3.27658296292373,0,0,0.740075988769531,1.63,0,-5400.2158203125
100000000000000000000004,1,920625000,0,-46,3.69996166038017,0,0,0.740075988769531,1.63,0,-5400.2158203125
100000000000000000000001,1,920625000,0,-46,2.07394202522139,0,0,0.740075988769531,1.63,0,-5400.2158203125
100000000000000000000002,1,920625000,0,-45.5,3.25203927031756,0,0,0.740075988769531,1.63,0,-5400.2158203125
100000000000000000000003,1,920625000,0,-45.5,1.81009732970506,0,0,0.740075988769531,1.63,0,-5400.2158203125
E00000000000000000002005,1,920625000,0,-62,6.28318530717959,0,0,0.740075988769531,1.63,0,-5400.2158203125
100000000000000000000000,1,920625000,0,-49,1.10446616727766,0,0,0.740075988769531,1.63,0,-5400.2158203125
E00000000000000000002005,1,920625000,0,-62,6.25250569142187,0,0,0.740075988769531,1.63,0,-5400.2158203125
100000000000000000000002,1,920625000,0,-45.5,3.28885480922681,0,0,0.740075988769531,1.63,0,-5400.2158203125
100000000000000000000003,1,920625000,0,-45.5,1.79168956025043,0,0,0.740075988769531,1.63,0,-5400.2158203125
100000000000000000000004,1,920625000,0,-46,3.71836942983479,0,0,0.740075988769531,1.63,0,-5400.2158203125
100000000000000000000001,1,920625000,0,-46,2.08621387152447,0,0,0.740075988769531,1.63,0,-5400.2158203125
100000000000000000000000,1,920625000,0,-48.5,1.09833024412612,0,0,0.740075988769531,1.63,0,-5400.2158203125
100000000000000000000002,1,920625000,0,-45.5,3.28885480922681,0,0,0.740075988769531,1.63,0,-5400.2158203125
100000000000000000000003,1,920625000,0,-45.5,1.79782548340197,0,0,0.740075988769531,1.63,0,-5400.2158203125
E00000000000000000002005,1,920625000,0,-62,6.24636976827033,0,0,0.740075988769531,1.63,0,-5400.2158203125
100000000000000000000001,1,920625000,0,-46,2.06780610206984,0,0,0.740075988769531,1.63,0,-5400.2158203125
100000000000000000000004,1,920625000,0,-46,3.72450535298634,0,0,0.740075988769531,1.63,0,-5400.2158203125
100000000000000000000000,1,920625000,0,-48.5,1.10446616727766,0,0,0.740075988769531,1.63,0,-5400.2158203125
100000000000000000000001,1,920625000,0,-46,2.08621387152447,0,0,0.740075988769531,1.63,0,-5400.2158203125
100000000000000000000002,1,920625000,0,-45.5,3.29499073237836,0,0,0.740075988769531,1.63,0,-5400.2158203125
100000000000000000000000,1,920625000,0,-48.5,1.10446616727766,0,0,0.740075988769531,1.63,0,-5400.2158203125
E00000000000000000002005,1,920625000,0,-62.5,6.24636976827033,0,0,0.740075988769531,1.63,0,-5400.2158203125
100000000000000000000003,1,920625000,0,-45.5,1.78555363709889,0,0,0.740075988769531,1.63,0,-5400.2158203125
100000000000000000000004,1,920625000,0,-46,3.71223350668325,0,0,0.740075988769531,1.63,0,-5400.2158203125
100000000000000000000000,1,920625000,0,-48.5,1.08605839782303,0,0,0.740075988769531,1.63,0,-5400.2158203125
100000000000000000000004,1,920625000,0,-46.5,3.70609758353171,0,0,0.740075988769531,1.63,0,-5400.2158203125
100000000000000000000001,1,920625000,0,-46,2.11075756413064,0,0,0.740075988769531,1.63,0,-5400.2158203125
100000000000000000000002,1,920625000,0,-45.5,3.31339850183298,0,0,0.740075988769531,1.63,0,-5400.2158203125
E00000000000000000002005,1,920625000,0,-60.5,6.23409792196725,0,0,0.740075988769531,1.63,0,-5400.2158203125
100000000000000000000003,1,920625000,0,-46,1.80396140655351,0,0,0.740075988769531,1.63,0,-5400.2158203125
E00000000000000000002005,1,920625000,0,-62,6.27704938402804,0,0,0.740075988769531,1.63,0,-5400.2158203125
100000000000000000000001,1,920625000,0,-46,2.05553425576676,0,0,0.740075988769531,1.63,0,-5400.2158203125
100000000000000000000003,1,920625000,0,-45.5,1.79168956025043,0,0,0.740075988769531,1.63,0,-5400.2158203125
100000000000000000000004,1,920625000,0,-46,3.72450535298634,0,0,0.740075988769531,1.63,0,-5400.2158203125
100000000000000000000000,1,920625000,0,-48.5,1.08605839782303,0,0,0.740075988769531,1.63,0,-5400.2158203125
100000000000000000000002,1,920625000,0,-45.5,3.27658296292373,0,0,0.740075988769531,1.63,0,-5400.2158203125
100000000000000000000000,1,920625000,0,-48.5,1.08605839782303,0,0,0.740075988769531,1.63,0,-5400.2158203125
100000000000000000000004,1,920625000,0,-46,3.71223350668325,0,0,0.740075988769531,1.63,0,-5400.2158203125
E00000000000000000002005,1,920625000,0,-62,6.19728238305799,0,0,0.740075988769531,1.63,0,-5400.2158203125
100000000000000000000003,1,920625000,0,-45.5,1.77941771394734,0,0,0.740075988769531,1.63,0,-5400.2158203125
100000000000000000000002,1,920625000,0,-45.5,3.28271888607527,0,0,0.740075988769531,1.63,0,-5400.2158203125
100000000000000000000001,1,920625000,0,-46,2.09234979467601,0,0,0.740075988769531,1.63,0,-5400.2158203125
100000000000000000000003,1,920625000,0,-45.5,1.79168956025043,0,0,0.740075988769531,1.63,0,-5400.2158203125
100000000000000000000002,1,920625000,0,-45.5,3.27658296292373,0,0,0.740075988769531,1.63,0,-5400.2158203125
E00000000000000000002005,1,920625000,0,-62,6.25864161457342,0,0,0.740075988769531,1.63,0,-5400.2158203125
100000000000000000000000,1,920625000,0,-48.5,1.09833024412612,0,0,0.740075988769531,1.63,0,-5400.2158203125
100000000000000000000004,1,920625000,0,-46.5,3.72450535298634,0,0,0.740075988769531,1.63,0,-5400.2158203125
100000000000000000000001,1,920625000,0,-46,2.05553425576676,0,0,0.740075988769531,1.63,0,-5400.2158203125
100000000000000000000001,1,920625000,0,-46,2.09848571782756,0,0,0.740075988769531,1.63,0,-5400.2158203125
100000000000000000000002,1,920625000,0,-45.5,3.3011266555299,0,0,0.740075988769531,1.63,0,-5400.2158203125
100000000000000000000003,1,920625000,0,-45.5,1.78555363709889,0,0,0.740075988769531,1.63,0,-5400.2158203125
100000000000000000000004,1,920625000,0,-46,3.71836942983479,0,0,0.740075988769531,1.63,0,-5400.2158203125
100000000000000000000000,1,920625000,0,-48.5,1.09219432097458,0,0,0.740075988769531,1.63,0,-5400.2158203125
E00000000000000000002005,1,920625000,0,-61.5,6.25864161457342,0,0,0.740075988769531,1.63,0,-5400.2158203125
100000000000000000000001,1,920625000,0,-46,2.0616701789183,0,0,0.740075988769531,1.63,0,-5400.2158203125
100000000000000000000004,1,920625000,0,-46.5,3.71836942983479,0,0,0.740075988769531,1.63,0,-5400.2158203125
100000000000000000000000,1,920625000,0,-48.5,1.09833024412612,0,0,0.740075988769531,1.63,0,-5400.2158203125
E00000000000000000002005,1,920625000,0,-62.5,6.28318530717959,0,0,0.740075988769531,1.63,0,-5400.2158203125
100000000000000000000002,1,920625000,0,-45.5,3.28885480922681,0,0,0.740075988769531,1.63,0,-5400.2158203125
100000000000000000000003,1,920625000,0,-45.5,1.79168956025043,0,0,0.740075988769531,1.63,0,-5400.2158203125
E00000000000000000002005,1,920625000,0,-62,6.26477753772496,0,0,0.740075988769531,1.63,0,-5400.2158203125
100000000000000000000003,1,920625000,0,-45.5,1.79782548340197,0,0,0.740075988769531,1.63,0,-5400.2158203125
100000000000000000000001,1,920625000,0,-46,2.11075756413064,0,0,0.740075988769531,1.63,0,-5400.2158203125
100000000000000000000002,1,920625000,0,-45.5,3.3011266555299,0,0,0.740075988769531,1.63,0,-5400.2158203125
100000000000000000000004,1,920625000,0,-46,3.70609758353171,0,0,0.740075988769531,1.63,0,-5400.2158203125
100000000000000000000000,1,920625000,0,-48.5,1.09219432097458,0,0,0.740075988769531,1.63,0,-5400.2158203125
E00000000000000000002005,1,920625000,0,-62,6.2709134608765,0,0,0.740075988769531,1.63,0,-5400.2158203125
100000000000000000000001,1,920625000,0,-46,2.08621387152447,0,0,0.740075988769531,1.63,0,-5400.2158203125
100000000000000000000000,1,920625000,0,-48.5,1.1106020904292,0,0,0.740075988769531,1.63,0,-5400.2158203125
100000000000000000000004,1,920625000,0,-46,3.70609758353171,0,0,0.740075988769531,1.63,0,-5400.2158203125
100000000000000000000002,1,920625000,0,-45.5,3.28271888607527,0,0,0.740075988769531,1.63,0,-5400.2158203125
100000000000000000000003,1,920625000,0,-45.5,1.78555363709889,0,0,0.740075988769531,1.63,0,-5400.2158203125
100000000000000000000004,1,920625000,0,-46,3.70609758353171,0,0,0.740075988769531,1.63,0,-5400.2158203125
100000000000000000000003,1,920625000,0,-45.5,1.78555363709889,0,0,0.740075988769531,1.63,0,-5400.2158203125
100000000000000000000002,1,920625000,0,-45.5,3.28885480922681,0,0,0.740075988769531,1.63,0,-5400.2158203125
100000000000000000000000,1,920625000,0,-48.5,1.09219432097458,0,0,0.740075988769531,1.63,0,-5400.2158203125
100000000000000000000001,1,920625000,0,-46,2.08621387152447,0,0,0.740075988769531,1.63,0,-5400.2158203125
E00000000000000000002005,1,920625000,0,-62,6.20955422936108,0,0,0.740075988769531,1.63,0,-5400.2158203125
100000000000000000000001,1,920625000,0,-46,2.09234979467601,0,0,0.740075988769531,1.63,0,-5400.2158203125
100000000000000000000002,1,920625000,0,-45.5,3.31953442498453,0,0,0.740075988769531,1.63,0,-5400.2158203125
100000000000000000000003,1,920625000,0,-45.5,1.78555363709889,0,0,0.740075988769531,1.63,0,-5400.2158203125
100000000000000000000000,1,920625000,0,-48.5,1.1106020904292,0,0,0.740075988769531,1.63,0,-5400.2158203125
100000000000000000000004,1,920625000,0,-46,3.72450535298634,0,0,0.740075988769531,1.63,0,-5400.2158203125
E00000000000000000002005,1,920625000,0,-62,6.22182607566416,0,0,0.740075988769531,1.63,0,-5400.2158203125
100000000000000000000003,1,920625000,0,-45.5,1.7732817907958,0,0,0.740075988769531,1.63,0,-5400.2158203125
100000000000000000000004,1,920625000,0,-46,3.69996166038017,0,0,0.740075988769531,1.63,0,-5400.2158203125
100000000000000000000001,1,920625000,0,-46,2.07394202522139,0,0,0.740075988769531,1.63,0,-5400.2158203125
100000000000000000000002,1,920625000,0,-45.5,3.28271888607527,0,0,0.740075988769531,1.63,0,-5400.2158203125
100000000000000000000000,1,920625000,0,-49,1.09219432097458,0,0,0.740075988769531,1.63,0,-5400.2158203125
E00000000000000000002005,1,920625000,0,-62,6.24636976827033,0,0,0.740075988769531,1.63,0,-5400.2158203125
100000000000000000000002,1,920625000,0,-45.5,3.28885480922681,0,0,0.740075988769531,1.63,0,-5400.2158203125
100000000000000000000004,1,920625000,0,-46.5,3.71836942983479,0,0,0.740075988769531,1.63,0,-5400.2158203125
E00000000000000000002005,1,920625000,0,-61.5,6.23409792196725,0,0,0.740075988769531,1.63,0,-5400.2158203125
100000000000000000000000,1,920625000,0,-48.5,1.09219432097458,0,0,0.740075988769531,1.63,0,-5400.2158203125
100000000000000000000001,1,920625000,0,-46,2.09848571782756,0,0,0.740075988769531,1.63,0,-5400.2158203125
100000000000000000000003,1,920625000,0,-45.5,1.7732817907958,0,0,0.740075988769531,1.63,0,-5400.2158203125
100000000000000000000001,1,920625000,0,-46,2.0616701789183,0,0,0.740075988769531,1.63,0,-5400.2158203125
100000000000000000000000,1,920625000,0,-48.5,1.07992247467149,0,0,0.740075988769531,1.63,0,-5400.2158203125
100000000000000000000003,1,920625000,0,-45.5,1.77941771394734,0,0,0.740075988769531,1.63,0,-5400.2158203125
100000000000000000000002,1,920625000,0,-45.5,3.2581751934691,0,0,0.740075988769531,1.63,0,-5400.2158203125
100000000000000000000004,1,920625000,0,-46,3.73064127613788,0,0,0.740075988769531,1.63,0,-5400.2158203125
E00000000000000000002005,1,920625000,0,-61.5,6.28318530717959,0,0,0.740075988769531,1.63,0,-5400.2158203125
100000000000000000000001,1,920625000,0,-46,2.11075756413064,0,0,0.740075988769531,1.63,0,-5400.2158203125
100000000000000000000004,1,920625000,0,-46.5,3.73064127613788,0,0,0.740075988769531,1.63,0,-5400.2158203125
100000000000000000000000,1,920625000,0,-48.5,1.07378655151995,0,0,0.740075988769531,1.63,0,-5400.2158203125
100000000000000000000003,1,920625000,0,-45.5,1.78555363709889,0,0,0.740075988769531,1.63,0,-5400.2158203125
E00000000000000000002005,1,920625000,0,-62,6.2279619988157,0,0,0.740075988769531,1.63,0,-5400.2158203125
100000000000000000000002,1,920625000,0,-45.5,3.29499073237836,0,0,0.740075988769531,1.63,0,-5400.2158203125
100000000000000000000004,1,920625000,0,-46.5,3.70609758353171,0,0,0.740075988769531,1.63,0,-5400.2158203125
100000000000000000000000,1,920625000,0,-49,1.08605839782303,0,0,0.740075988769531,1.63,0,-5400.2158203125
E00000000000000000002005,1,920625000,0,-62.5,6.19728238305799,0,0,0.740075988769531,1.63,0,-5400.2158203125
100000000000000000000003,1,920625000,0,-45.5,1.78555363709889,0,0,0.740075988769531,1.63,0,-5400.2158203125
100000000000000000000001,1,920625000,0,-46,2.08621387152447,0,0,0.740075988769531,1.63,0,-5400.2158203125
100000000000000000000002,1,920625000,0,-45.5,3.2581751934691,0,0,0.740075988769531,1.63,0,-5400.2158203125
E00000000000000000002005,1,920625000,0,-62,6.24023384511879,0,0,0.740075988769531,1.63,0,-5400.2158203125
100000000000000000000001,1,920625000,0,-46,2.08007794837293,0,0,0.740075988769531,1.63,0,-5400.2158203125
100000000000000000000000,1,920625000,0,-48.5,1.07992247467149,0,0,0.740075988769531,1.63,0,-5400.2158203125
100000000000000000000002,1,920625000,0,-45.5,3.27044703977219,0,0,0.740075988769531,1.63,0,-5400.2158203125
100000000000000000000004,1,920625000,0,-46,3.70609758353171,0,0,0.740075988769531,1.63,0,-5400.2158203125
100000000000000000000003,1,920625000,0,-45.5,1.79782548340197,0,0,0.740075988769531,1.63,0,-5400.2158203125
100000000000000000000002,1,920625000,0,-45.5,3.29499073237836,0,0,0.740075988769531,1.63,0,-5400.2158203125
100000000000000000000004,1,920625000,0,-46,3.70609758353171,0,0,0.740075988769531,1.63,0,-5400.2158203125
E00000000000000000002005,1,920625000,0,-62,6.23409792196725,0,0,0.740075988769531,1.63,0,-5400.2158203125
100000000000000000000003,1,920625000,0,-45.5,1.78555363709889,0,0,0.740075988769531,1.63,0,-5400.2158203125
100000000000000000000001,1,920625000,0,-46,2.07394202522139,0,0,0.740075988769531,1.63,0,-5400.2158203125
100000000000000000000000,1,920625000,0,-48.5,1.09219432097458,0,0,0.740075988769531,1.63,0,-5400.2158203125
100000000000000000000001,1,920625000,0,-46,2.07394202522139,0,0,0.740075988769531,1.63,0,-5400.2158203125
E00000000000000000002005,1,920625000,0,-62,6.26477753772496,0,0,0.740075988769531,1.63,0,-5400.2158203125
100000000000000000000000,1,920625000,0,-48.5,1.07992247467149,0,0,0.740075988769531,1.63,0,-5400.2158203125
100000000000000000000003,1,920625000,0,-45.5,1.75487402134117,0,0,0.740075988769531,1.63,0,-5400.2158203125
100000000000000000000004,1,920625000,0,-46,3.71836942983479,0,0,0.740075988769531,1.63,0,-5400.2158203125
100000000000000000000002,1,920625000,0,-45.5,3.2581751934691,0,0,0.740075988769531,1.63,0,-5400.2158203125
E00000000000000000002005,1,920625000,0,-62,6.15433092099719,0,0,0.740075988769531,1.63,0,-5400.2158203125
100000000000000000000004,1,920625000,0,-46,3.73064127613788,0,0,0.740075988769531,1.63,0,-5400.2158203125
100000000000000000000003,1,920625000,0,-46,1.78555363709889,0,0,0.740075988769531,1.63,0,-5400.2158203125
100000000000000000000002,1,920625000,0,-45.5,3.31339850183298,0,0,0.740075988769531,1.63,0,-5400.2158203125
100000000000000000000000,1,920625000,0,-48.5,1.09833024412612,0,0,0.740075988769531,1.63,0,-5400.2158203125
100000000000000000000001,1,920625000,0,-46,2.05553425576676,0,0,0.740075988769531,1.63,0,-5400.2158203125
100000000000000000000003,1,920625000,0,-45.5,1.76100994449272,0,0,0.740075988769531,1.63,0,-5400.2158203125
100000000000000000000001,1,920625000,0,-46,2.06780610206984,0,0,0.740075988769531,1.63,0,-5400.2158203125
100000000000000000000002,1,920625000,0,-45.5,3.30726257868144,0,0,0.740075988769531,1.63,0,-5400.2158203125
100000000000000000000004,1,920625000,0,-46.5,3.71223350668325,0,0,0.740075988769531,1.63,0,-5400.2158203125
100000000000000000000000,1,920625000,0,-48.5,1.07992247467149,0,0,0.740075988769531,1.63,0,-5400.2158203125
E00000000000000000002005,1,920625000,0,-61.5,6.23409792196725,0,0,0.740075988769531,1.63,0,-5400.2158203125
E00000000000000000002005,1,920625000,0,-62,6.26477753772496,0,0,0.740075988769531,1.63,0,-5400.2158203125
100000000000000000000003,1,920625000,0,-45.5,1.77941771394734,0,0,0.740075988769531,1.63,0,-5400.2158203125
100000000000000000000000,1,920625000,0,-48.5,1.08605839782303,0,0,0.740075988769531,1.63,0,-5400.2158203125
100000000000000000000001,1,920625000,0,-46,2.06780610206984,0,0,0.740075988769531,1.63,0,-5400.2158203125
100000000000000000000004,1,920625000,0,-46,3.71836942983479,0,0,0.740075988769531,1.63,0,-5400.2158203125
100000000000000000000002,1,920625000,0,-45.5,3.31339850183298,0,0,0.740075988769531,1.63,0,-5400.2158203125
100000000000000000000004,1,920625000,0,-46,3.73677719928942,0,0,0.740075988769531,1.63,0,-5400.2158203125
100000000000000000000000,1,920625000,0,-49,1.10446616727766,0,0,0.740075988769531,1.63,0,-5400.2158203125
100000000000000000000002,1,920625000,0,-45.5,3.30726257868144,0,0,0.740075988769531,1.63,0,-5400.2158203125
100000000000000000000003,1,920625000,0,-45.5,1.7732817907958,0,0,0.740075988769531,1.63,0,-5400.2158203125
100000000000000000000001,1,920625000,0,-46,2.1046216409791,0,0,0.740075988769531,1.63,0,-5400.2158203125
E00000000000000000002005,1,920625000,0,-62.5,6.25864161457342,0,0,0.740075988769531,1.63,0,-5400.2158203125
100000000000000000000004,1,920625000,0,-46,3.70609758353171,0,0,0.740075988769531,1.63,0,-5400.2158203125
100000000000000000000002,1,920625000,0,-45.5,3.27044703977219,0,0,0.740075988769531,1.63,0,-5400.2158203125
100000000000000000000000,1,920625000,0,-48.5,1.07378655151995,0,0,0.740075988769531,1.63,0,-5400.2158203125
100000000000000000000001,1,920625000,0,-46,2.08621387152447,0,0,0.740075988769531,1.63,0,-5400.2158203125
100000000000000000000003,1,920625000,0,-45.5,1.81009732970506,0,0,0.740075988769531,1.63,0,-5400.2158203125
E00000000000000000002005,1,920625000,0,-61.5,6.2709134608765,0,0,0.740075988769531,1.63,0,-5400.2158203125
100000000000000000000001,1,920625000,0,-46,2.08621387152447,0,0,0.740075988769531,1.63,0,-5400.2158203125
E00000000000000000002005,1,920625000,0,-61.5,6.21569015251262,0,0,0.740075988769531,1.63,0,-5400.2158203125
100000000000000000000004,1,920625000,0,-46,3.73677719928942,0,0,0.740075988769531,1.63,0,-5400.2158203125
100000000000000000000002,1,920625000,0,-45.5,3.25203927031756,0,0,0.740075988769531,1.63,0,-5400.2158203125
100000000000000000000000,1,920625000,0,-48.5,1.10446616727766,0,0,0.740075988769531,1.63,0,-5400.2158203125
100000000000000000000003,1,920625000,0,-45.5,1.80396140655351,0,0,0.740075988769531,1.63,0,-5400.2158203125
100000000000000000000003,1,920625000,0,-45.5,1.78555363709889,0,0,0.740075988769531,1.63,0,-5400.2158203125
100000000000000000000002,1,920625000,0,-45.5,3.31339850183298,0,0,0.740075988769531,1.63,0,-5400.2158203125
100000000000000000000000,1,920625000,0,-49,1.09219432097458,0,0,0.740075988769531,1.63,0,-5400.2158203125
E00000000000000000002005,1,920625000,0,-61.5,6.19728238305799,0,0,0.740075988769531,1.63,0,-5400.2158203125
100000000000000000000004,1,920625000,0,-46,3.73677719928942,0,0,0.740075988769531,1.63,0,-5400.2158203125
100000000000000000000001,1,920625000,0,-46,2.09234979467601,0,0,0.740075988769531,1.63,0,-5400.2158203125
100000000000000000000001,1,920625000,0,-46,2.12302941043373,0,0,0.740075988769531,1.63,0,-5400.2158203125
100000000000000000000000,1,920625000,0,-48.5,1.09833024412612,0,0,0.740075988769531,1.63,0,-5400.2158203125
100000000000000000000002,1,920625000,0,-45.5,3.28271888607527,0,0,0.740075988769531,1.63,0,-5400.2158203125
100000000000000000000004,1,920625000,0,-46.5,3.72450535298634,0,0,0.740075988769531,1.63,0,-5400.2158203125
100000000000000000000003,1,920625000,0,-46,1.7732817907958,0,0,0.740075988769531,1.63,0,-5400.2158203125
E00000000000000000002005,1,920625000,0,-62,6.16660276730028,0,0,0.740075988769531,1.63,0,-5400.2158203125
100000000000000000000002,1,920625000,0,-45.5,3.27044703977219,0,0,0.740075988769531,1.63,0,-5400.2158203125
100000000000000000000001,1,920625000,0,-46,2.08007794837293,0,0,0.740075988769531,1.63,0,-5400.2158203125
E00000000000000000002005,1,920625000,0,-62,6.25250569142187,0,0,0.740075988769531,1.63,0,-5400.2158203125
100000000000000000000004,1,920625000,0,-46.5,3.69996166038017,0,0,0.740075988769531,1.63,0,-5400.2158203125
100000000000000000000003,1,920625000,0,-45.5,1.79782548340197,0,0,0.740075988769531,1.63,0,-5400.2158203125
100000000000000000000000,1,920625000,0,-48.5,1.09219432097458,0,0,0.740075988769531,1.63,0,-5400.2158203125
100000000000000000000002,1,920625000,0,-45.5,3.28885480922681,0,0,0.740075988769531,1.63,0,-5400.2158203125
100000000000000000000004,1,920625000,0,-46,3.71223350668325,0,0,0.740075988769531,1.63,0,-5400.2158203125
100000000000000000000003,1,920625000,0,-45.5,1.7732817907958,0,0,0.740075988769531,1.63,0,-5400.2158203125
100000000000000000000000,1,920625000,0,-48.5,1.08605839782303,0,0,0.740075988769531,1.63,0,-5400.2158203125
100000000000000000000001,1,920625000,0,-46,2.08621387152447,0,0,0.740075988769531,1.63,0,-5400.2158203125
E00000000000000000002005,1,920625000,0,-62,6.2279619988157,0,0,0.740075988769531,1.63,0,-5400.2158203125
100000000000000000000000,1,920625000,0,-49,1.09219432097458,0,0,0.740075988769531,1.63,0,-5400.2158203125
100000000000000000000004,1,920625000,0,-46.5,3.71223350668325,0,0,0.740075988769531,1.63,0,-5400.2158203125
100000000000000000000002,1,920625000,0,-45.5,3.26431111662064,0,0,0.740075988769531,1.63,0,-5400.2158203125
100000000000000000000003,1,920625000,0,-46,1.81009732970506,0,0,0.740075988769531,1.63,0,-5400.2158203125
100000000000000000000001,1,920625000,0,-46,2.08621387152447,0,0,0.740075988769531,1.63,0,-5400.2158203125
E00000000000000000002005,1,920625000,0,-61.5,6.21569015251262,0,0,0.740075988769531,1.63,0,-5400.2158203125
100000000000000000000001,1,920625000,0,-46,2.08007794837293,0,0,0.740075988769531,1.63,0,-5400.2158203125
100000000000000000000004,1,920625000,0,-46,3.71223350668325,0,0,0.740075988769531,1.63,0,-5400.2158203125
E00000000000000000002005,1,920625000,0,-62,6.17887461360336,0,0,0.740075988769531,1.63,0,-5400.2158203125
100000000000000000000003,1,920625000,0,-45.5,1.79782548340197,0,0,0.740075988769531,1.63,0,-5400.2158203125
100000000000000000000002,1,920625000,0,-45.5,3.27044703977219,0,0,0.740075988769531,1.63,0,-5400.2158203125
100000000000000000000000,1,920625000,0,-49,1.09833024412612,0,0,0.740075988769531,1.63,0,-5400.2158203125
100000000000000000000002,1,920625000,0,-45.5,3.27044703977219,0,0,0.740075988769531,1.63,0,-5400.2158203125
100000000000000000000000,1,920625000,0,-49,1.06765062836841,0,0,0.740075988769531,1.63,0,-5400.2158203125
100000000000000000000004,1,920625000,0,-46,3.71836942983479,0,0,0.740075988769531,1.63,0,-5400.2158203125
E00000000000000000002005,1,920625000,0,-62,0.00613592315154232,0,0,0.740075988769531,1.63,0,-5400.2158203125
100000000000000000000001,1,920625000,0,-46,2.06780610206984,0,0,0.740075988769531,1.63,0,-5400.2158203125
100000000000000000000003,1,920625000,0,-45.5,1.76100994449272,0,0,0.740075988769531,1.63,0,-5400.2158203125
100000000000000000000002,1,920625000,0,-45.5,3.28271888607527,0,0,0.740075988769531,1.63,0,-5400.2158203125
100000000000000000000001,1,920625000,0,-46,2.07394202522139,0,0,0.740075988769531,1.63,0,-5400.2158203125
100000000000000000000000,1,920625000,0,-49,1.1106020904292,0,0,0.740075988769531,1.63,0,-5400.2158203125
100000000000000000000004,1,920625000,0,-46,3.72450535298634,0,0,0.740075988769531,1.63,0,-5400.2158203125
100000000000000000000003,1,920625000,0,-45.5,1.8162332528566,0,0,0.740075988769531,1.63,0,-5400.2158203125
E00000000000000000002005,1,920625000,0,-62,0.104310693576224,0,0,0.740075988769531,1.63,0,-5400.2158203125
100000000000000000000003,1,920625000,0,-45.5,1.77941771394734,0,0,0.740075988769531,1.63,0,-5400.2158203125
100000000000000000000000,1,920625000,0,-49,1.04924285891378,0,0,0.740075988769531,1.63,0,-5400.2158203125
100000000000000000000001,1,920625000,0,-46,2.0616701789183,0,0,0.740075988769531,1.63,0,-5400.2158203125
E00000000000000000002005,1,920625000,0,-62,6.22182607566416,0,0,0.740075988769531,1.63,0,-5400.2158203125
100000000000000000000002,1,920625000,0,-45.5,3.30726257868144,0,0,0.740075988769531,1.63,0,-5400.2158203125
100000000000000000000004,1,920625000,0,-46,3.71836942983479,0,0,0.740075988769531,1.63,0,-5400.2158203125
100000000000000000000003,1,920625000,0,-45.5,1.7732817907958,0,0,0.740075988769531,1.63,0,-5400.2158203125
100000000000000000000000,1,920625000,0,-49,1.09833024412612,0,0,0.740075988769531,1.63,0,-5400.2158203125
100000000000000000000002,1,920625000,0,-45.5,3.27658296292373,0,0,0.740075988769531,1.63,0,-5400.2158203125
E00000000000000000002005,1,920625000,0,-62,0.0552233083638827,0,0,0.740075988769531,1.63,0,-5400.2158203125
100000000000000000000001,1,920625000,0,-46.5,2.06780610206984,0,0,0.740075988769531,1.63,0,-5400.2158203125
100000000000000000000004,1,920625000,0,-46,3.70609758353171,0,0,0.740075988769531,1.63,0,-5400.2158203125
E00000000000000000002005,1,920625000,0,-62,6.22182607566416,0,0,0.740075988769531,1.63,0,-5400.2158203125
100000000000000000000004,1,920625000,0,-46.5,3.71223350668325,0,0,0.740075988769531,1.63,0,-5400.2158203125
100000000000000000000001,1,920625000,0,-46,2.08621387152447,0,0,0.740075988769531,1.63,0,-5400.2158203125
100000000000000000000002,1,920625000,0,-45.5,3.3011266555299,0,0,0.740075988769531,1.63,0,-5400.2158203125
100000000000000000000003,1,920625000,0,-45.5,1.81009732970506,0,0,0.740075988769531,1.63,0,-5400.2158203125
100000000000000000000000,1,920625000,0,-48.5,1.11673801358075,0,0,0.740075988769531,1.63,0,-5400.2158203125
100000000000000000000001,1,920625000,0,-46,2.11689348728218,0,0,0.740075988769531,1.63,0,-5400.2158203125
100000000000000000000003,1,920625000,0,-45.5,1.77941771394734,0,0,0.740075988769531,1.63,0,-5400.2158203125
100000000000000000000004,1,920625000,0,-46,3.71836942983479,0,0,0.740075988769531,1.63,0,-5400.2158203125
100000000000000000000000,1,920625000,0,-48.5,1.08605839782303,0,0,0.740075988769531,1.63,0,-5400.2158203125
100000000000000000000002,1,920625000,0,-45.5,3.32567034813607,0,0,0.740075988769531,1.63,0,-5400.2158203125
E00000000000000000002005,1,920625000,0,-62,0.0920388472731384,0,0,0.740075988769531,1.63,0,-5400.2158203125
100000000000000000000000,1,920625000,0,-48.5,1.10446616727766,0,0,0.740075988769531,1.63,0,-5400.2158203125
100000000000000000000002,1,920625000,0,-45.5,3.31339850183298,0,0,0.740075988769531,1.63,0,-5400.2158203125
100000000000000000000003,1,920625000,0,-45.5,1.79168956025043,0,0,0.740075988769531,1.63,0,-5400.2158203125
E00000000000000000002005,1,920625000,0,-62,6.28318530717959,0,0,0.740075988769531,1.63,0,-5400.2158203125
100000000000000000000001,1,920625000,0,-46,2.09234979467601,0,0,0.740075988769531,1.63,0,-5400.2158203125
100000000000000000000004,1,920625000,0,-46,3.71836942983479,0,0,0.740075988769531,1.63,0,-5400.2158203125
100000000000000000000000,1,920625000,0,-48.5,1.08605839782303,0,0,0.740075988769531,1.63,0,-5400.2158203125
100000000000000000000004,1,920625000,0,-46,3.74291312244096,0,0,0.740075988769531,1.63,0,-5400.2158203125
100000000000000000000001,1,920625000,0,-46,2.08621387152447,0,0,0.740075988769531,1.63,0,-5400.2158203125
100000000000000000000002,1,920625000,0,-45.5,3.3011266555299,0,0,0.740075988769531,1.63,0,-5400.2158203125
100000000000000000000003,1,920625000,0,-45.5,1.79168956025043,0,0,0.740075988769531,1.63,0,-5400.2158203125
E00000000000000000002005,1,920625000,0,-62,6.28318530717959,0,0,0.740075988769531,1.63,0,-5400.2158203125
100000000000000000000000,1,920625000,0,-48.5,1.08605839782303,0,0,0.740075988769531,1.63,0,-5400.2158203125
100000000000000000000001,1,920625000,0,-46,2.09234979467601,0,0,0.740075988769531,1.63,0,-5400.2158203125
100000000000000000000002,1,920625000,0,-45.5,3.30726257868144,0,0,0.740075988769531,1.63,0,-5400.2158203125
E00000000000000000002005,1,920625000,0,-62,6.27704938402804,0,0,0.740075988769531,1.63,0,-5400.2158203125
100000000000000000000004,1,920625000,0,-46.5,3.72450535298634,0,0,0.740075988769531,1.63,0,-5400.2158203125
100000000000000000000003,1,920625000,0,-45.5,1.79782548340197,0,0,0.740075988769531,1.63,0,-5400.2158203125
E00000000000000000002005,1,920625000,0,-62,6.17273869045182,0,0,0.740075988769531,1.63,0,-5400.2158203125
100000000000000000000004,1,920625000,0,-46,3.71836942983479,0,0,0.740075988769531,1.63,0,-5400.2158203125
100000000000000000000001,1,920625000,0,-46,2.09234979467601,0,0,0.740075988769531,1.63,0,-5400.2158203125
100000000000000000000000,1,920625000,0,-48.5,1.09833024412612,0,0,0.740075988769531,1.63,0,-5400.2158203125
100000000000000000000003,1,920625000,0,-45.5,1.7732817907958,0,0,0.740075988769531,1.63,0,-5400.2158203125
100000000000000000000002,1,920625000,0,-45.5,3.32567034813607,0,0,0.740075988769531,1.63,0,-5400.2158203125
100000000000000000000004,1,920625000,0,-46,3.74904904559251,0,0,0.740075988769531,1.63,0,-5400.2158203125
E00000000000000000002005,1,920625000,0,-62.5,0.0306796157577125,0,0,0.740075988769531,1.63,0,-5400.2158203125
100000000000000000000003,1,920625000,0,-45.5,1.77941771394734,0,0,0.740075988769531,1.63,0,-5400.2158203125
100000000000000000000002,1,920625000,0,-45.5,3.30726257868144,0,0,0.740075988769531,1.63,0,-5400.2158203125
100000000000000000000001,1,920625000,0,-46,2.09848571782756,0,0,0.740075988769531,1.63,0,-5400.2158203125
100000000000000000000000,1,920625000,0,-48.5,1.09219432097458,0,0,0.740075988769531,1.63,0,-5400.2158203125
100000000000000000000002,1,920625000,0,-45.5,3.33180627128761,0,0,0.740075988769531,1.63,0,-5400.2158203125
E00000000000000000002005,1,920625000,0,-61.5,6.19728238305799,0,0,0.740075988769531,1.63,0,-5400.2158203125
100000000000000000000003,1,920625000,0,-45.5,1.81009732970506,0,0,0.740075988769531,1.63,0,-5400.2158203125
100000000000000000000001,1,920625000,0,-46,2.09234979467601,0,0,0.740075988769531,1.63,0,-5400.2158203125
100000000000000000000000,1,920625000,0,-49,1.10446616727766,0,0,0.740075988769531,1.63,0,-5400.2158203125
100000000000000000000004,1,920625000,0,-46,3.73064127613788,0,0,0.740075988769531,1.63,0,-5400.2158203125
100000000000000000000002,1,920625000,0,-45.5,3.3011266555299,0,0,0.740075988769531,1.63,0,-5400.2158203125
E00000000000000000002005,1,920625000,0,-61.5,6.17273869045182,0,0,0.740075988769531,1.63,0,-5400.2158203125
100000000000000000000004,1,920625000,0,-46.5,3.74291312244096,0,0,0.740075988769531,1.63,0,-5400.2158203125
100000000000000000000000,1,920625000,0,-48.5,1.1106020904292,0,0,0.740075988769531,1.63,0,-5400.2158203125
100000000000000000000001,1,920625000,0,-46,2.11689348728218,0,0,0.740075988769531,1.63,0,-5400.2158203125
100000000000000000000003,1,920625000,0,-45.5,1.81009732970506,0,0,0.740075988769531,1.63,0,-5400.2158203125
100000000000000000000002,1,920625000,0,-45.5,3.31953442498453,0,0,0.740075988769531,1.63,0,-5400.2158203125
100000000000000000000004,1,920625000,0,-46.5,3.73677719928942,0,0,0.740075988769531,1.63,0,-5400.2158203125
100000000000000000000000,1,920625000,0,-49,1.08605839782303,0,0,0.740075988769531,1.63,0,-5400.2158203125
100000000000000000000001,1,920625000,0,-46,2.08621387152447,0,0,0.740075988769531,1.63,0,-5400.2158203125
100000000000000000000003,1,920625000,0,-45.5,1.77941771394734,0,0,0.740075988769531,1.63,0,-5400.2158203125
E00000000000000000002005,1,920625000,0,-61.5,6.22182607566416,0,0,0.740075988769531,1.63,0,-5400.2158203125
100000000000000000000001,1,920625000,0,-46,2.08621387152447,0,0,0.740075988769531,1.63,0,-5400.2158203125
100000000000000000000004,1,920625000,0,-46,3.73064127613788,0,0,0.740075988769531,1.63,0,-5400.2158203125
E00000000000000000002005,1,920625000,0,-62,6.19728238305799,0,0,0.740075988769531,1.63,0,-5400.2158203125
100000000000000000000003,1,920625000,0,-45.5,1.8162332528566,0,0,0.740075988769531,1.63,0,-5400.2158203125
100000000000000000000000,1,920625000,0,-48.5,1.1106020904292,0,0,0.740075988769531,1.63,0,-5400.2158203125
100000000000000000000002,1,920625000,0,-45.5,3.28885480922681,0,0,0.740075988769531,1.63,0,-5400.2158203125
100000000000000000000003,1,920625000,0,-45.5,1.80396140655351,0,0,0.740075988769531,1.63,0,-5400.2158203125
100000000000000000000000,1,920625000,0,-48.5,1.10446616727766,0,0,0.740075988769531,1.63,0,-5400.2158203125
100000000000000000000001,1,920625000,0,-46,2.08007794837293,0,0,0.740075988769531,1.63,0,-5400.2158203125
100000000000000000000002,1,920625000,0,-45.5,3.31339850183298,0,0,0.740075988769531,1.63,0,-5400.2158203125
100000000000000000000004,1,920625000,0,-46.5,3.73064127613788,0,0,0.740075988769531,1.63,0,-5400.2158203125
E00000000000000000002005,1,920625000,0,-62,0.0122718463030855,0,0,0.740075988769531,1.63,0,-5400.2158203125
100000000000000000000003,1,920625000,0,-45.5,1.79168956025043,0,0,0.740075988769531,1.63,0,-5400.2158203125
100000000000000000000000,1,920625000,0,-48.5,1.09833024412612,0,0,0.740075988769531,1.63,0,-5400.2158203125
100000000000000000000004,1,920625000,0,-46,3.74291312244096,0,0,0.740075988769531,1.63,0,-5400.2158203125
100000000000000000000002,1,920625000,0,-45.5,3.32567034813607,0,0,0.740075988769531,1.63,0,-5400.2158203125
100000000000000000000001,1,920625000,0,-46,2.11075756413064,0,0,0.740075988769531,1.63,0,-5400.2158203125
E00000000000000000002005,1,920625000,0,-61.5,6.25864161457342,0,0,0.740075988769531,1.63,0,-5400.2158203125
100000000000000000000004,1,920625000,0,-46,3.73064127613788,0,0,0.740075988769531,1.63,0,-5400.2158203125
100000000000000000000003,1,920625000,0,-45.5,1.79782548340197,0,0,0.740075988769531,1.63,0,-5400.2158203125
100000000000000000000001,1,920625000,0,-46,2.11689348728218,0,0,0.740075988769531,1.63,0,-5400.2158203125
100000000000000000000002,1,920625000,0,-45.5,3.27044703977219,0,0,0.740075988769531,1.63,0,-5400.2158203125
100000000000000000000000,1,920625000,0,-48.5,1.11673801358075,0,0,0.740075988769531,1.63,0,-5400.2158203125
E00000000000000000002005,1,920625000,0,-62,6.21569015251262,0,0,0.740075988769531,1.63,0,-5400.2158203125
100000000000000000000003,1,920625000,0,-46,1.81009732970506,0,0,0.740075988769531,1.63,0,-5400.2158203125
100000000000000000000004,1,920625000,0,-46,3.73064127613788,0,0,0.740075988769531,1.63,0,-5400.2158203125
100000000000000000000002,1,920625000,0,-45.5,3.28271888607527,0,0,0.740075988769531,1.63,0,-5400.2158203125
100000000000000000000001,1,920625000,0,-46,2.08621387152447,0,0,0.740075988769531,1.63,0,-5400.2158203125
E00000000000000000002005,1,920625000,0,-61.5,6.27704938402804,0,0,0.740075988769531,1.63,0,-5400.2158203125
100000000000000000000000,1,920625000,0,-49,1.09833024412612,0,0,0.740075988769531,1.63,0,-5400.2158203125
100000000000000000000001,1,920625000,0,-46,2.0616701789183,0,0,0.740075988769531,1.63,0,-5400.2158203125
100000000000000000000002,1,920625000,0,-45.5,3.29499073237836,0,0,0.740075988769531,1.63,0,-5400.2158203125
100000000000000000000003,1,920625000,0,-45.5,1.77941771394734,0,0,0.740075988769531,1.63,0,-5400.2158203125
100000000000000000000000,1,920625000,0,-48.5,1.11673801358075,0,0,0.740075988769531,1.63,0,-5400.2158203125
100000000000000000000004,1,920625000,0,-46.5,3.71836942983479,0,0,0.740075988769531,1.63,0,-5400.2158203125
E00000000000000000002005,1,920625000,0,-62,0.0122718463030855,0,0,0.740075988769531,1.63,0,-5400.2158203125
100000000000000000000003,1,920625000,0,-45.5,1.80396140655351,0,0,0.740075988769531,1.63,0,-5400.2158203125
100000000000000000000001,1,920625000,0,-46,2.07394202522139,0,0,0.740075988769531,1.63,0,-5400.2158203125
100000000000000000000000,1,920625000,0,-48.5,1.07378655151995,0,0,0.740075988769531,1.63,0,-5400.2158203125
E00000000000000000002005,1,920625000,0,-61.5,6.26477753772496,0,0,0.740075988769531,1.63,0,-5400.2158203125
100000000000000000000002,1,920625000,0,-45.5,3.30726257868144,0,0,0.740075988769531,1.63,0,-5400.2158203125
100000000000000000000004,1,920625000,0,-46,3.72450535298634,0,0,0.740075988769531,1.63,0,-5400.2158203125
100000000000000000000003,1,920625000,0,-46,1.77941771394734,0,0,0.740075988769531,1.63,0,-5400.2158203125
100000000000000000000004,1,920625000,0,-46,3.71836942983479,0,0,0.740075988769531,1.63,0,-5400.2158203125
100000000000000000000002,1,920625000,0,-45.5,3.31339850183298,0,0,0.740075988769531,1.63,0,-5400.2158203125
100000000000000000000000,1,920625000,0,-48.5,1.09219432097458,0,0,0.740075988769531,1.63,0,-5400.2158203125
100000000000000000000001,1,920625000,0,-46.5,2.09848571782756,0,0,0.740075988769531,1.63,0,-5400.2158203125
E00000000000000000002005,1,920625000,0,-62,6.27704938402804,0,0,0.740075988769531,1.63,0,-5400.2158203125
100000000000000000000003,1,920625000,0,-46,1.80396140655351,0,0,0.740075988769531,1.63,0,-5400.2158203125
100000000000000000000002,1,920625000,0,-45.5,3.32567034813607,0,0,0.740075988769531,1.63,0,-5400.2158203125
100000000000000000000001,1,920625000,0,-46,2.09848571782756,0,0,0.740075988769531,1.63,0,-5400.2158203125
100000000000000000000000,1,920625000,0,-48.5,1.09219432097458,0,0,0.740075988769531,1.63,0,-5400.2158203125
100000000000000000000004,1,920625000,0,-46,3.72450535298634,0,0,0.740075988769531,1.63,0,-5400.2158203125
E00000000000000000002005,1,920625000,0,-62,6.20341830620953,0,0,0.740075988769531,1.63,0,-5400.2158203125
E00000000000000000002005,1,920625000,0,-61.5,6.16046684414874,0,0,0.740075988769531,1.63,0,-5400.2158203125
100000000000000000000002,1,920625000,0,-45.5,3.31339850183298,0,0,0.740075988769531,1.63,0,-5400.2158203125
100000000000000000000004,1,920625000,0,-46.5,3.73064127613788,0,0,0.740075988769531,1.63,0,-5400.2158203125
100000000000000000000001,1,920625000,0,-46,2.09848571782756,0,0,0.740075988769531,1.63,0,-5400.2158203125
100000000000000000000000,1,920625000,0,-48.5,1.04924285891378,0,0,0.740075988769531,1.63,0,-5400.2158203125
100000000000000000000003,1,920625000,0,-45.5,1.78555363709889,0,0,0.740075988769531,1.63,0,-5400.2158203125
100000000000000000000003,1,920625000,0,-45.5,1.79782548340197,0,0,0.740075988769531,1.63,0,-5400.2158203125
100000000000000000000001,1,920625000,0,-46,2.07394202522139,0,0,0.740075988769531,1.63,0,-5400.2158203125
100000000000000000000002,1,920625000,0,-45.5,3.32567034813607,0,0,0.740075988769531,1.63,0,-5400.2158203125
100000000000000000000004,1,920625000,0,-46,3.71836942983479,0,0,0.740075988769531,1.63,0,-5400.2158203125
E00000000000000000002005,1,920625000,0,-62,6.24023384511879,0,0,0.740075988769531,1.63,0,-5400.2158203125
100000000000000000000000,1,920625000,0,-48.5,1.09219432097458,0,0,0.740075988769531,1.63,0,-5400.2158203125
100000000000000000000000,1,920625000,0,-48.5,1.10446616727766,0,0,0.740075988769531,1.63,0,-5400.2158203125
100000000000000000000004,1,920625000,0,-46,3.73677719928942,0,0,0.740075988769531,1.63,0,-5400.2158203125
100000000000000000000002,1,920625000,0,-45.5,3.28885480922681,0,0,0.740075988769531,1.63,0,-5400.2158203125
100000000000000000000001,1,920625000,0,-46,2.09848571782756,0,0,0.740075988769531,1.63,0,-5400.2158203125
100000000000000000000003,1,920625000,0,-45.5,1.77941771394734,0,0,0.740075988769531,1.63,0,-5400.2158203125
E00000000000000000002005,1,920625000,0,-61.5,6.24023384511879,0,0,0.740075988769531,1.63,0,-5400.2158203125
100000000000000000000003,1,920625000,0,-45.5,1.8162332528566,0,0,0.740075988769531,1.63,0,-5400.2158203125
100000000000000000000002,1,920625000,0,-45.5,3.31953442498453,0,0,0.740075988769531,1.63,0,-5400.2158203125
100000000000000000000000,1,920625000,0,-48.5,1.10446616727766,0,0,0.740075988769531,1.63,0,-5400.2158203125
E00000000000000000002005,1,920625000,0,-62.5,6.18501053675491,0,0,0.740075988769531,1.63,0,-5400.2158203125
100000000000000000000001,1,920625000,0,-46,2.08007794837293,0,0,0.740075988769531,1.63,0,-5400.2158203125
100000000000000000000004,1,920625000,0,-46,3.73064127613788,0,0,0.740075988769531,1.63,0,-5400.2158203125
100000000000000000000001,1,920625000,0,-46,2.11075756413064,0,0,0.740075988769531,1.63,0,-5400.2158203125
100000000000000000000003,1,920625000,0,-45.5,1.77941771394734,0,0,0.740075988769531,1.63,0,-5400.2158203125
E00000000000000000002005,1,920625000,0,-61.5,0.00613592315154232,0,0,0.740075988769531,1.63,0,-5400.2158203125
100000000000000000000000,1,920625000,0,-48.5,1.10446616727766,0,0,0.740075988769531,1.63,0,-5400.2158203125
100000000000000000000002,1,920625000,0,-45.5,3.32567034813607,0,0,0.740075988769531,1.63,0,-5400.2158203125
100000000000000000000004,1,920625000,0,-46.5,3.73064127613788,0,0,0.740075988769531,1.63,0,-5400.2158203125
100000000000000000000001,1,920625000,0,-46,2.09848571782756,0,0,0.740075988769531,1.63,0,-5400.2158203125
100000000000000000000002,1,920625000,0,-45.5,3.31953442498453,0,0,0.740075988769531,1.63,0,-5400.2158203125
100000000000000000000000,1,920625000,0,-48.5,1.09833024412612,0,0,0.740075988769531,1.63,0,-5400.2158203125
100000000000000000000004,1,920625000,0,-46,3.71836942983479,0,0,0.740075988769531,1.63,0,-5400.2158203125
100000000000000000000003,1,920625000,0,-45.5,1.80396140655351,0,0,0.740075988769531,1.63,0,-5400.2158203125
E00000000000000000002005,1,920625000,0,-62,6.22182607566416,0,0,0.740075988769531,1.63,0,-5400.2158203125
E00000000000000000002005,1,920625000,0,-61.5,6.24636976827033,0,0,0.740075988769531,1.63,0,-5400.2158203125
100000000000000000000001,1,920625000,0,-46,2.09848571782756,0,0,0.740075988769531,1.63,0,-5400.2158203125
100000000000000000000003,1,920625000,0,-45.5,1.78555363709889,0,0,0.740075988769531,1.63,0,-5400.2158203125
100000000000000000000002,1,920625000,0,-45.5,3.31953442498453,0,0,0.740075988769531,1.63,0,-5400.2158203125
100000000000000000000000,1,920625000,0,-49,1.08605839782303,0,0,0.740075988769531,1.63,0,-5400.2158203125
100000000000000000000004,1,920625000,0,-46.5,3.72450535298634,0,0,0.740075988769531,1.63,0,-5400.2158203125
E00000000000000000002005,1,920625000,0,-62,6.18501053675491,0,0,0.740075988769531,1.63,0,-5400.2158203125
100000000000000000000001,1,920625000,0,-46,2.08621387152447,0,0,0.740075988769531,1.63,0,-5400.2158203125
100000000000000000000000,1,920625000,0,-48.5,1.1106020904292,0,0,0.740075988769531,1.63,0,-5400.2158203125
100000000000000000000002,1,920625000,0,-45.5,3.29499073237836,0,0,0.740075988769531,1.63,0,-5400.2158203125
100000000000000000000004,1,920625000,0,-46.5,3.73677719928942,0,0,0.740075988769531,1.63,0,-5400.2158203125
100000000000000000000003,1,920625000,0,-45.5,1.79782548340197,0,0,0.740075988769531,1.63,0,-5400.2158203125
100000000000000000000001,1,920625000,0,-46,2.1046216409791,0,0,0.740075988769531,1.63,0,-5400.2158203125
100000000000000000000002,1,920625000,0,-45.5,3.31953442498453,0,0,0.740075988769531,1.63,0,-5400.2158203125
100000000000000000000000,1,920625000,0,-48.5,1.10446616727766,0,0,0.740075988769531,1.63,0,-5400.2158203125
100000000000000000000003,1,920625000,0,-45.5,1.77941771394734,0,0,0.740075988769531,1.63,0,-5400.2158203125
100000000000000000000004,1,920625000,0,-46.5,3.73677719928942,0,0,0.740075988769531,1.63,0,-5400.2158203125
E00000000000000000002005,1,920625000,0,-61.5,0.0552233083638827,0,0,0.740075988769531,1.63,0,-5400.2158203125
100000000000000000000001,1,920625000,0,-46,2.09848571782756,0,0,0.740075988769531,1.63,0,-5400.2158203125
E00000000000000000002005,1,920625000,0,-61.5,6.19728238305799,0,0,0.740075988769531,1.63,0,-5400.2158203125
100000000000000000000004,1,920625000,0,-46,3.73677719928942,0,0,0.740075988769531,1.63,0,-5400.2158203125
100000000000000000000002,1,920625000,0,-45.5,3.28885480922681,0,0,0.740075988769531,1.63,0,-5400.2158203125
100000000000000000000003,1,920625000,0,-46,1.79168956025043,0,0,0.740075988769531,1.63,0,-5400.2158203125
100000000000000000000000,1,920625000,0,-48.5,1.08605839782303,0,0,0.740075988769531,1.63,0,-5400.2158203125
100000000000000000000003,1,920625000,0,-45.5,1.7732817907958,0,0,0.740075988769531,1.63,0,-5400.2158203125
100000000000000000000002,1,920625000,0,-45.5,3.3011266555299,0,0,0.740075988769531,1.63,0,-5400.2158203125
100000000000000000000001,1,920625000,0,-46,2.09848571782756,0,0,0.740075988769531,1.63,0,-5400.2158203125
E00000000000000000002005,1,920625000,0,-62,6.15433092099719,0,0,0.740075988769531,1.63,0,-5400.2158203125
100000000000000000000004,1,920625000,0,-46.5,3.73064127613788,0,0,0.740075988769531,1.63,0,-5400.2158203125
100000000000000000000000,1,920625000,0,-48.5,1.04924285891378,0,0,0.740075988769531,1.63,0,-5400.2158203125
E00000000000000000002005,1,920625000,0,-62,6.19114645990645,0,0,0.740075988769531,1.63,0,-5400.2158203125
100000000000000000000001,1,920625000,0,-46,2.1046216409791,0,0,0.740075988769531,1.63,0,-5400.2158203125
100000000000000000000002,1,920625000,0,-45.5,3.31339850183298,0,0,0.740075988769531,1.63,0,-5400.2158203125
100000000000000000000003,1,920625000,0,-45.5,1.79168956025043,0,0,0.740075988769531,1.63,0,-5400.2158203125
100000000000000000000004,1,920625000,0,-46,3.73064127613788,0,0,0.740075988769531,1.63,0,-5400.2158203125
100000000000000000000000,1,920625000,0,-48.5,1.07378655151995,0,0,0.740075988769531,1.63,0,-5400.2158203125
100000000000000000000004,1,920625000,0,-46.5,3.73677719928942,0,0,0.740075988769531,1.63,0,-5400.2158203125
E00000000000000000002005,1,920625000,0,-62,0.0122718463030855,0,0,0.740075988769531,1.63,0,-5400.2158203125
100000000000000000000002,1,920625000,0,-45.5,3.31339850183298,0,0,0.740075988769531,1.63,0,-5400.2158203125
100000000000000000000003,1,920625000,0,-45.5,1.78555363709889,0,0,0.740075988769531,1.63,0,-5400.2158203125
100000000000000000000000,1,920625000,0,-48.5,1.09219432097458,0,0,0.740075988769531,1.63,0,-5400.2158203125
100000000000000000000001,1,920625000,0,-46,2.09234979467601,0,0,0.740075988769531,1.63,0,-5400.2158203125
100000000000000000000000,1,920625000,0,-48.5,1.10446616727766,0,0,0.740075988769531,1.63,0,-5400.2158203125
E00000000000000000002005,1,920625000,0,-61.5,6.23409792196725,0,0,0.740075988769531,1.63,0,-5400.2158203125
100000000000000000000003,1,920625000,0,-45.5,1.79782548340197,0,0,0.740075988769531,1.63,0,-5400.2158203125
100000000000000000000001,1,920625000,0,-46,2.08007794837293,0,0,0.740075988769531,1.63,0,-5400.2158203125
100000000000000000000004,1,920625000,0,-46,3.73064127613788,0,0,0.740075988769531,1.63,0,-5400.2158203125
100000000000000000000002,1,920625000,0,-45.5,3.31953442498453,0,0,0.740075988769531,1.63,0,-5400.2158203125
100000000000000000000000,1,921125000,0,-48.5,1.39285455540016,0,0,0.740075988769531,1.63,0,-5400.2158203125
100000000000000000000002,1,921125000,0,-45,3.53429173528852,0,0,0.740075988769531,1.63,0,-5400.2158203125
100000000000000000000004,1,921125000,0,-46.5,3.91471897068416,0,0,0.740075988769531,1.63,0,-5400.2158203125
100000000000000000000003,1,921125000,0,-45.5,2.04939833261522,0,0,0.740075988769531,1.63,0,-5400.2158203125
E00000000000000000002005,1,921125000,0,-61,0.50314569842649,0,0,0.740075988769531,1.63,0,-5400.2158203125
100000000000000000000001,1,921125000,0,-46.5,2.33778672073772,0,0,0.740075988769531,1.63,0,-5400.2158203125
100000000000000000000004,1,921125000,0,-46.5,3.90244712438107,0,0,0.740075988769531,1.63,0,-5400.2158203125
100000000000000000000002,1,921125000,0,-45,3.52815581213697,0,0,0.740075988769531,1.63,0,-5400.2158203125
100000000000000000000003,1,921125000,0,-45.5,2.07394202522139,0,0,0.740075988769531,1.63,0,-5400.2158203125
100000000000000000000000,1,921125000,0,-48.5,1.38058270909708,0,0,0.740075988769531,1.63,0,-5400.2158203125
100000000000000000000001,1,921125000,0,-46.5,2.3500585670408,0,0,0.740075988769531,1.63,0,-5400.2158203125
E00000000000000000002005,1,921125000,0,-61,0.435650543759522,0,0,0.740075988769531,1.63,0,-5400.2158203125
100000000000000000000002,1,921125000,0,-45,3.53429173528852,0,0,0.740075988769531,1.63,0,-5400.2158203125
100000000000000000000003,1,921125000,0,-45.5,2.0616701789183,0,0,0.740075988769531,1.63,0,-5400.2158203125
100000000000000000000001,1,921125000,0,-46.5,2.35619449019234,0,0,0.740075988769531,1.63,0,-5400.2158203125
100000000000000000000000,1,921125000,0,-48.5,1.38058270909708,0,0,0.740075988769531,1.63,0,-5400.2158203125
100000000000000000000004,1,921125000,0,-47,3.90244712438107,0,0,0.740075988769531,1.63,0,-5400.2158203125
E00000000000000000002005,1,921125000,0,-61.5,0.521553467881118,0,0,0.740075988769531,1.63,0,-5400.2158203125
100000000000000000000003,1,921125000,0,-45,2.05553425576676,0,0,0.740075988769531,1.63,0,-5400.2158203125
100000000000000000000000,1,921125000,0,-48.5,1.38671863224862,0,0,0.740075988769531,1.63,0,-5400.2158203125
100000000000000000000001,1,921125000,0,-46.5,2.34392264388926,0,0,0.740075988769531,1.63,0,-5400.2158203125
E00000000000000000002005,1,921125000,0,-62,0.398835004850267,0,0,0.740075988769531,1.63,0,-5400.2158203125
100000000000000000000004,1,921125000,0,-46.5,3.9208548938357,0,0,0.740075988769531,1.63,0,-5400.2158203125
100000000000000000000002,1,921125000,0,-45,3.53429173528852,0,0,0.740075988769531,1.63,0,-5400.2158203125
100000000000000000000004,1,921125000,0,-47,3.90858304753261,0,0,0.740075988769531,1.63,0,-5400.2158203125
100000000000000000000000,1,921125000,0,-49,1.36831086279399,0,0,0.740075988769531,1.63,0,-5400.2158203125
100000000000000000000003,1,921125000,0,-45.5,2.07394202522139,0,0,0.740075988769531,1.63,0,-5400.2158203125
100000000000000000000001,1,921125000,0,-46.5,2.33778672073772,0,0,0.740075988769531,1.63,0,-5400.2158203125
100000000000000000000002,1,921125000,0,-45,3.52815581213697,0,0,0.740075988769531,1.63,0,-5400.2158203125
E00000000000000000002005,1,921125000,0,-61,0.47860200582032,0,0,0.740075988769531,1.63,0,-5400.2158203125
100000000000000000000000,1,921125000,0,-48.5,1.38058270909708,0,0,0.740075988769531,1.63,0,-5400.2158203125
100000000000000000000002,1,921125000,0,-45,3.54042765844006,0,0,0.740075988769531,1.63,0,-5400.2158203125
100000000000000000000004,1,921125000,0,-46.5,3.89017527807799,0,0,0.740075988769531,1.63,0,-5400.2158203125
100000000000000000000003,1,921125000,0,-45.5,2.03712648631213,0,0,0.740075988769531,1.63,0,-5400.2158203125
100000000000000000000001,1,921125000,0,-46.5,2.30710710498,0,0,0.740075988769531,1.63,0,-5400.2158203125
E00000000000000000002005,1,921125000,0,-61.5,0.490873852123405,0,0,0.740075988769531,1.63,0,-5400.2158203125
100000000000000000000004,1,921125000,0,-47,3.92699081698724,0,0,0.740075988769531,1.63,0,-5400.2158203125
100000000000000000000002,1,921125000,0,-45,3.54042765844006,0,0,0.740075988769531,1.63,0,-5400.2158203125
100000000000000000000003,1,921125000,0,-45.5,2.00644687055442,0,0,0.740075988769531,1.63,0,-5400.2158203125
E00000000000000000002005,1,921125000,0,-60.5,0.509281621578033,0,0,0.740075988769531,1.63,0,-5400.2158203125
100000000000000000000001,1,921125000,0,-46.5,2.33778672073772,0,0,0.740075988769531,1.63,0,-5400.2158203125
100000000000000000000000,1,921125000,0,-48.5,1.34990309333936,0,0,0.740075988769531,1.63,0,-5400.2158203125
100000000000000000000001,1,921125000,0,-46.5,2.32551487443463,0,0,0.740075988769531,1.63,0,-5400.2158203125
E00000000000000000002005,1,921125000,0,-61.5,0.50314569842649,0,0,0.740075988769531,1.63,0,-5400.2158203125
100000000000000000000000,1,921125000,0,-48.5,1.36831086279399,0,0,0.740075988769531,1.63,0,-5400.2158203125
100000000000000000000002,1,921125000,0,-45,3.52201988898543,0,0,0.740075988769531,1.63,0,-5400.2158203125
100000000000000000000003,1,921125000,0,-45.5,2.04326240946367,0,0,0.740075988769531,1.63,0,-5400.2158203125
100000000000000000000004,1,921125000,0,-47,3.9208548938357,0,0,0.740075988769531,1.63,0,-5400.2158203125
100000000000000000000000,1,921125000,0,-48.5,1.36217493964245,0,0,0.740075988769531,1.63,0,-5400.2158203125
100000000000000000000004,1,921125000,0,-46.5,3.92699081698724,0,0,0.740075988769531,1.63,0,-5400.2158203125
100000000000000000000001,1,921125000,0,-46.5,2.32551487443463,0,0,0.740075988769531,1.63,0,-5400.2158203125
100000000000000000000003,1,921125000,0,-45.5,2.00644687055442,0,0,0.740075988769531,1.63,0,-5400.2158203125
100000000000000000000002,1,921125000,0,-45,3.54042765844006,0,0,0.740075988769531,1.63,0,-5400.2158203125
E00000000000000000002005,1,921125000,0,-62,0.472466082668777,0,0,0.740075988769531,1.63,0,-5400.2158203125
100000000000000000000000,1,921125000,0,-48.5,1.39285455540016,0,0,0.740075988769531,1.63,0,-5400.2158203125
100000000000000000000001,1,921125000,0,-46.5,2.28869933552538,0,0,0.740075988769531,1.63,0,-5400.2158203125
E00000000000000000002005,1,921125000,0,-61.5,0.368155389092554,0,0,0.740075988769531,1.63,0,-5400.2158203125
100000000000000000000002,1,921125000,0,-45,3.52815581213697,0,0,0.740075988769531,1.63,0,-5400.2158203125
100000000000000000000003,1,921125000,0,-45.5,2.01258279370596,0,0,0.740075988769531,1.63,0,-5400.2158203125
100000000000000000000004,1,921125000,0,-46.5,3.92699081698724,0,0,0.740075988769531,1.63,0,-5400.2158203125
100000000000000000000000,1,921125000,0,-48.5,1.36831086279399,0,0,0.740075988769531,1.63,0,-5400.2158203125
E00000000000000000002005,1,921125000,0,-61.5,0.429514620607979,0,0,0.740075988769531,1.63,0,-5400.2158203125
100000000000000000000003,1,921125000,0,-45.5,2.0187187168575,0,0,0.740075988769531,1.63,0,-5400.2158203125
100000000000000000000004,1,921125000,0,-46.5,3.9208548938357,0,0,0.740075988769531,1.63,0,-5400.2158203125
100000000000000000000001,1,921125000,0,-46.5,2.32551487443463,0,0,0.740075988769531,1.63,0,-5400.2158203125
100000000000000000000002,1,921125000,0,-45,3.52201988898543,0,0,0.740075988769531,1.63,0,-5400.2158203125
E00000000000000000002005,1,921125000,0,-61,0.429514620607979,0,0,0.740075988769531,1.63,0,-5400.2158203125
100000000000000000000003,1,921125000,0,-45.5,2.00644687055442,0,0,0.740075988769531,1.63,0,-5400.2158203125
100000000000000000000004,1,921125000,0,-47,3.92699081698724,0,0,0.740075988769531,1.63,0,-5400.2158203125
100000000000000000000001,1,921125000,0,-46.5,2.30710710498,0,0,0.740075988769531,1.63,0,-5400.2158203125
100000000000000000000000,1,921125000,0,-48.5,1.38671863224862,0,0,0.740075988769531,1.63,0,-5400.2158203125
100000000000000000000002,1,921125000,0,-45,3.52815581213697,0,0,0.740075988769531,1.63,0,-5400.2158203125
E00000000000000000002005,1,921125000,0,-61.5,0.392699081698725,0,0,0.740075988769531,1.63,0,-5400.2158203125
100000000000000000000002,1,921125000,0,-45,3.5465635815916,0,0,0.740075988769531,1.63,0,-5400.2158203125
100000000000000000000003,1,921125000,0,-45,2.00644687055442,0,0,0.740075988769531,1.63,0,-5400.2158203125
100000000000000000000000,1,921125000,0,-48.5,1.36831086279399,0,0,0.740075988769531,1.63,0,-5400.2158203125
100000000000000000000004,1,921125000,0,-46.5,3.91471897068416,0,0,0.740075988769531,1.63,0,-5400.2158203125
100000000000000000000001,1,921125000,0,-46.5,2.31324302813155,0,0,0.740075988769531,1.63,0,-5400.2158203125
100000000000000000000003,1,921125000,0,-45.5,2.04326240946367,0,0,0.740075988769531,1.63,0,-5400.2158203125
100000000000000000000000,1,921125000,0,-48.5,1.34376717018782,0,0,0.740075988769531,1.63,0,-5400.2158203125
E00000000000000000002005,1,921125000,0,-61.5,0.429514620607979,0,0,0.740075988769531,1.63,0,-5400.2158203125
100000000000000000000002,1,921125000,0,-45,3.52815581213697,0,0,0.740075988769531,1.63,0,-5400.2158203125
100000000000000000000004,1,921125000,0,-46.5,3.93312674013878,0,0,0.740075988769531,1.63,0,-5400.2158203125
100000000000000000000001,1,921125000,0,-46.5,2.33165079758617,0,0,0.740075988769531,1.63,0,-5400.2158203125
100000000000000000000003,1,921125000,0,-45.5,2.03099056316059,0,0,0.740075988769531,1.63,0,-5400.2158203125
E00000000000000000002005,1,921125000,0,-61.5,0.392699081698725,0,0,0.740075988769531,1.63,0,-5400.2158203125
100000000000000000000000,1,921125000,0,-48.5,1.37444678594553,0,0,0.740075988769531,1.63,0,-5400.2158203125
100000000000000000000001,1,921125000,0,-46.5,2.31937895128309,0,0,0.740075988769531,1.63,0,-5400.2158203125
100000000000000000000004,1,921125000,0,-46.5,3.92699081698724,0,0,0.740075988769531,1.63,0,-5400.2158203125
100000000000000000000002,1,921125000,0,-45,3.54042765844006,0,0,0.740075988769531,1.63,0,-5400.2158203125
100000000000000000000001,1,921125000,0,-46.5,2.31324302813155,0,0,0.740075988769531,1.63,0,-5400.2158203125
100000000000000000000003,1,921125000,0,-45.5,2.04939833261522,0,0,0.740075988769531,1.63,0,-5400.2158203125
100000000000000000000000,1,921125000,0,-48.5,1.36831086279399,0,0,0.740075988769531,1.63,0,-5400.2158203125
100000000000000000000002,1,921125000,0,-45,3.55269950474315,0,0,0.740075988769531,1.63,0,-5400.2158203125
E00000000000000000002005,1,921125000,0,-61.5,0.460194236365693,0,0,0.740075988769531,1.63,0,-5400.2158203125
100000000000000000000004,1,921125000,0,-47,3.93312674013878,0,0,0.740075988769531,1.63,0,-5400.2158203125
100000000000000000000000,1,921125000,0,-48.5,1.38058270909708,0,0,0.740075988769531,1.63,0,-5400.2158203125
100000000000000000000003,1,921125000,0,-45.5,2.04939833261522,0,0,0.740075988769531,1.63,0,-5400.2158203125
100000000000000000000004,1,921125000,0,-46.5,3.9208548938357,0,0,0.740075988769531,1.63,0,-5400.2158203125
100000000000000000000002,1,921125000,0,-45,3.52815581213697,0,0,0.740075988769531,1.63,0,-5400.2158203125
100000000000000000000001,1,921125000,0,-46.5,2.31324302813155,0,0,0.740075988769531,1.63,0,-5400.2158203125
E00000000000000000002005,1,921125000,0,-61.5,0.45405831321415,0,0,0.740075988769531,1.63,0,-5400.2158203125
E00000000000000000002005,1,921125000,0,-61.5,0.466330159517235,0,0,0.740075988769531,1.63,0,-5400.2158203125
100000000000000000000000,1,921125000,0,-48.5,1.36831086279399,0,0,0.740075988769531,1.63,0,-5400.2158203125
100000000000000000000001,1,921125000,0,-46.5,2.31937895128309,0,0,0.740075988769531,1.63,0,-5400.2158203125
100000000000000000000002,1,921125000,0,-45,3.54042765844006,0,0,0.740075988769531,1.63,0,-5400.2158203125
100000000000000000000003,1,921125000,0,-45.5,2.0187187168575,0,0,0.740075988769531,1.63,0,-5400.2158203125
100000000000000000000004,1,921125000,0,-46.5,3.92699081698724,0,0,0.740075988769531,1.63,0,-5400.2158203125
100000000000000000000000,1,921125000,0,-48.5,1.37444678594553,0,0,0.740075988769531,1.63,0,-5400.2158203125
E00000000000000000002005,1,921125000,0,-61.5,0.490873852123405,0,0,0.740075988769531,1.63,0,-5400.2158203125
100000000000000000000001,1,921125000,0,-46.5,2.33778672073772,0,0,0.740075988769531,1.63,0,-5400.2158203125
100000000000000000000003,1,921125000,0,-45.5,1.99417502425133,0,0,0.740075988769531,1.63,0,-5400.2158203125
100000000000000000000002,1,921125000,0,-45,3.54042765844006,0,0,0.740075988769531,1.63,0,-5400.2158203125
100000000000000000000004,1,921125000,0,-46.5,3.93312674013878,0,0,0.740075988769531,1.63,0,-5400.2158203125
100000000000000000000000,1,921125000,0,-48.5,1.33149532388474,0,0,0.740075988769531,1.63,0,-5400.2158203125
100000000000000000000002,1,921125000,0,-45,3.53429173528852,0,0,0.740075988769531,1.63,0,-5400.2158203125
100000000000000000000001,1,921125000,0,-46.5,2.30097118182846,0,0,0.740075988769531,1.63,0,-5400.2158203125
100000000000000000000003,1,921125000,0,-45.5,2.02485464000905,0,0,0.740075988769531,1.63,0,-5400.2158203125
100000000000000000000004,1,921125000,0,-46.5,3.93926266329033,0,0,0.740075988769531,1.63,0,-5400.2158203125
E00000000000000000002005,1,921125000,0,-61.5,0.447922390062607,0,0,0.740075988769531,1.63,0,-5400.2158203125
100000000000000000000000,1,921125000,0,-48.5,1.38671863224862,0,0,0.740075988769531,1.63,0,-5400.2158203125
100000000000000000000004,1,921125000,0,-46.5,3.9208548938357,0,0,0.740075988769531,1.63,0,-5400.2158203125
100000000000000000000002,1,921125000,0,-45,3.53429173528852,0,0,0.740075988769531,1.63,0,-5400.2158203125
100000000000000000000001,1,921125000,0,-46.5,2.31324302813155,0,0,0.740075988769531,1.63,0,-5400.2158203125
100000000000000000000003,1,921125000,0,-45.5,2.03099056316059,0,0,0.740075988769531,1.63,0,-5400.2158203125
E00000000000000000002005,1,921125000,0,-61.5,0.423378697456437,0,0,0.740075988769531,1.63,0,-5400.2158203125
E00000000000000000002005,1,921125000,0,-61.5,0.45405831321415,0,0,0.740075988769531,1.63,0,-5400.2158203125
100000000000000000000003,1,921125000,0,-45.5,2.03712648631213,0,0,0.740075988769531,1.63,0,-5400.2158203125
100000000000000000000001,1,921125000,0,-46.5,2.33778672073772,0,0,0.740075988769531,1.63,0,-5400.2158203125
100000000000000000000002,1,921125000,0,-45,3.52815581213697,0,0,0.740075988769531,1.63,0,-5400.2158203125
100000000000000000000004,1,921125000,0,-47,3.92699081698724,0,0,0.740075988769531,1.63,0,-5400.2158203125
100000000000000000000000,1,921125000,0,-48.5,1.35603901649091,0,0,0.740075988769531,1.63,0,-5400.2158203125
E00000000000000000002005,1,921125000,0,-61.5,0.521553467881118,0,0,0.740075988769531,1.63,0,-5400.2158203125
100000000000000000000002,1,921125000,0,-45,3.54042765844006,0,0,0.740075988769531,1.63,0,-5400.2158203125
100000000000000000000004,1,921125000,0,-46.5,3.9208548938357,0,0,0.740075988769531,1.63,0,-5400.2158203125
100000000000000000000000,1,921125000,0,-48.5,1.37444678594553,0,0,0.740075988769531,1.63,0,-5400.2158203125
100000000000000000000003,1,921125000,0,-45.5,2.02485464000905,0,0,0.740075988769531,1.63,0,-5400.2158203125
100000000000000000000001,1,921125000,0,-46.5,2.33778672073772,0,0,0.740075988769531,1.63,0,-5400.2158203125
100000000000000000000001,1,921125000,0,-46.5,2.31324302813155,0,0,0.740075988769531,1.63,0,-5400.2158203125
100000000000000000000000,1,921125000,0,-48.5,1.36217493964245,0,0,0.740075988769531,1.63,0,-5400.2158203125
100000000000000000000003,1,921125000,0,-45.5,2.00644687055442,0,0,0.740075988769531,1.63,0,-5400.2158203125
100000000000000000000004,1,921125000,0,-47,3.92699081698724,0,0,0.740075988769531,1.63,0,-5400.2158203125
E00000000000000000002005,1,921125000,0,-61.5,0.490873852123405,0,0,0.740075988769531,1.63,0,-5400.2158203125
100000000000000000000002,1,921125000,0,-45,3.5465635815916,0,0,0.740075988769531,1.63,0,-5400.2158203125
100000000000000000000002,1,921125000,0,-45,3.52815581213697,0,0,0.740075988769531,1.63,0,-5400.2158203125
E00000000000000000002005,1,921125000,0,-61,0.466330159517235,0,0,0.740075988769531,1.63,0,-5400.2158203125
100000000000000000000000,1,921125000,0,-48.5,1.34376717018782,0,0,0.740075988769531,1.63,0,-5400.2158203125
100000000000000000000004,1,921125000,0,-46.5,3.91471897068416,0,0,0.740075988769531,1.63,0,-5400.2158203125
100000000000000000000001,1,921125000,0,-46.5,2.28869933552538,0,0,0.740075988769531,1.63,0,-5400.2158203125
100000000000000000000003,1,921125000,0,-45.5,2.02485464000905,0,0,0.740075988769531,1.63,0,-5400.2158203125
100000000000000000000001,1,921125000,0,-46.5,2.33165079758617,0,0,0.740075988769531,1.63,0,-5400.2158203125
100000000000000000000003,1,921125000,0,-45.5,2.03712648631213,0,0,0.740075988769531,1.63,0,-5400.2158203125
100000000000000000000004,1,921125000,0,-46.5,3.9208548938357,0,0,0.740075988769531,1.63,0,-5400.2158203125
100000000000000000000000,1,921125000,0,-48.5,1.38058270909708,0,0,0.740075988769531,1.63,0,-5400.2158203125
100000000000000000000002,1,921125000,0,-45,3.54042765844006,0,0,0.740075988769531,1.63,0,-5400.2158203125
E00000000000000000002005,1,921125000,0,-61.5,0.466330159517235,0,0,0.740075988769531,1.63,0,-5400.2158203125
100000000000000000000002,1,921125000,0,-45,3.5465635815916,0,0,0.740075988769531,1.63,0,-5400.2158203125
100000000000000000000000,1,921125000,0,-48.5,1.37444678594553,0,0,0.740075988769531,1.63,0,-5400.2158203125
100000000000000000000003,1,921125000,0,-45.5,2.03099056316059,0,0,0.740075988769531,1.63,0,-5400.2158203125
100000000000000000000004,1,921125000,0,-46.5,3.93312674013878,0,0,0.740075988769531,1.63,0,-5400.2158203125
100000000000000000000001,1,921125000,0,-46.5,2.30710710498,0,0,0.740075988769531,1.63,0,-5400.2158203125
E00000000000000000002005,1,921125000,0,-61.5,0.515417544729575,0,0,0.740075988769531,1.63,0,-5400.2158203125
100000000000000000000001,1,921125000,0,-46.5,2.32551487443463,0,0,0.740075988769531,1.63,0,-5400.2158203125
100000000000000000000000,1,921125000,0,-48.5,1.39285455540016,0,0,0.740075988769531,1.63,0,-5400.2158203125
100000000000000000000004,1,921125000,0,-47,3.93312674013878,0,0,0.740075988769531,1.63,0,-5400.2158203125
E00000000000000000002005,1,921125000,0,-61.5,0.423378697456437,0,0,0.740075988769531,1.63,0,-5400.2158203125
100000000000000000000003,1,921125000,0,-45.5,2.00644687055442,0,0,0.740075988769531,1.63,0,-5400.2158203125
100000000000000000000002,1,921125000,0,-45,3.52201988898543,0,0,0.740075988769531,1.63,0,-5400.2158203125
100000000000000000000001,1,921125000,0,-46.5,2.31937895128309,0,0,0.740075988769531,1.63,0,-5400.2158203125
100000000000000000000000,1,921125000,0,-48.5,1.37444678594553,0,0,0.740075988769531,1.63,0,-5400.2158203125
100000000000000000000003,1,921125000,0,-45,2.03712648631213,0,0,0.740075988769531,1.63,0,-5400.2158203125
100000000000000000000002,1,921125000,0,-45,3.55269950474315,0,0,0.740075988769531,1.63,0,-5400.2158203125
100000000000000000000004,1,921125000,0,-46.5,3.92699081698724,0,0,0.740075988769531,1.63,0,-5400.2158203125
E00000000000000000002005,1,921125000,0,-61.5,0.460194236365693,0,0,0.740075988769531,1.63,0,-5400.2158203125
100000000000000000000004,1,921125000,0,-47,3.92699081698724,0,0,0.740075988769531,1.63,0,-5400.2158203125
100000000000000000000000,1,921125000,0,-48.5,1.36831086279399,0,0,0.740075988769531,1.63,0,-5400.2158203125
E00000000000000000002005,1,921125000,0,-61.5,0.472466082668777,0,0,0.740075988769531,1.63,0,-5400.2158203125
100000000000000000000003,1,921125000,0,-45.5,2.03712648631213,0,0,0.740075988769531,1.63,0,-5400.2158203125
100000000000000000000001,1,921125000,0,-46.5,2.33165079758617,0,0,0.740075988769531,1.63,0,-5400.2158203125
100000000000000000000002,1,921125000,0,-45,3.54042765844006,0,0,0.740075988769531,1.63,0,-5400.2158203125
100000000000000000000000,1,921125000,0,-48.5,1.38058270909708,0,0,0.740075988769531,1.63,0,-5400.2158203125
100000000000000000000003,1,921125000,0,-45.5,2.03099056316059,0,0,0.740075988769531,1.63,0,-5400.2158203125
100000000000000000000002,1,921125000,0,-45,3.52815581213697,0,0,0.740075988769531,1.63,0,-5400.2158203125
E00000000000000000002005,1,921125000,0,-61.5,0.490873852123405,0,0,0.740075988769531,1.63,0,-5400.2158203125
100000000000000000000004,1,921125000,0,-47,3.9208548938357,0,0,0.740075988769531,1.63,0,-5400.2158203125
100000000000000000000001,1,921125000,0,-46.5,2.31937895128309,0,0,0.740075988769531,1.63,0,-5400.2158203125
100000000000000000000000,1,921125000,0,-48.5,1.37444678594553,0,0,0.740075988769531,1.63,0,-5400.2158203125
100000000000000000000004,1,921125000,0,-47,3.92699081698724,0,0,0.740075988769531,1.63,0,-5400.2158203125
100000000000000000000003,1,921125000,0,-45,2.00644687055442,0,0,0.740075988769531,1.63,0,-5400.2158203125
100000000000000000000001,1,921125000,0,-46.5,2.32551487443463,0,0,0.740075988769531,1.63,0,-5400.2158203125
100000000000000000000002,1,921125000,0,-45,3.55269950474315,0,0,0.740075988769531,1.63,0,-5400.2158203125
E00000000000000000002005,1,921125000,0,-61,0.447922390062607,0,0,0.740075988769531,1.63,0,-5400.2158203125
100000000000000000000001,1,921125000,0,-46.5,2.33778672073772,0,0,0.740075988769531,1.63,0,-5400.2158203125
100000000000000000000000,1,921125000,0,-48.5,1.33149532388474,0,0,0.740075988769531,1.63,0,-5400.2158203125
100000000000000000000003,1,921125000,0,-45.5,2.01258279370596,0,0,0.740075988769531,1.63,0,-5400.2158203125
E00000000000000000002005,1,921125000,0,-61.5,0.447922390062607,0,0,0.740075988769531,1.63,0,-5400.2158203125
100000000000000000000002,1,921125000,0,-45,3.5465635815916,0,0,0.740075988769531,1.63,0,-5400.2158203125
100000000000000000000004,1,921125000,0,-46.5,3.9208548938357,0,0,0.740075988769531,1.63,0,-5400.2158203125
E00000000000000000002005,1,921125000,0,-62,0.447922390062607,0,0,0.740075988769531,1.63,0,-5400.2158203125
100000000000000000000001,1,921125000,0,-46.5,2.34392264388926,0,0,0.740075988769531,1.63,0,-5400.2158203125
100000000000000000000002,1,921125000,0,-45,3.53429173528852,0,0,0.740075988769531,1.63,0,-5400.2158203125
100000000000000000000003,1,921125000,0,-45.5,2.03099056316059,0,0,0.740075988769531,1.63,0,-5400.2158203125
100000000000000000000004,1,921125000,0,-46.5,3.92699081698724,0,0,0.740075988769531,1.63,0,-5400.2158203125
100000000000000000000000,1,921125000,0,-48.5,1.36217493964245,0,0,0.740075988769531,1.63,0,-5400.2158203125
100000000000000000000000,1,921125000,0,-48.5,1.38671863224862,0,0,0.740075988769531,1.63,0,-5400.2158203125
100000000000000000000003,1,921125000,0,-45.5,2.0187187168575,0,0,0.740075988769531,1.63,0,-5400.2158203125
100000000000000000000002,1,921125000,0,-45,3.5465635815916,0,0,0.740075988769531,1.63,0,-5400.2158203125
100000000000000000000001,1,921125000,0,-46.5,2.32551487443463,0,0,0.740075988769531,1.63,0,-5400.2158203125
100000000000000000000004,1,921125000,0,-46.5,3.93312674013878,0,0,0.740075988769531,1.63,0,-5400.2158203125
E00000000000000000002005,1,921125000,0,-61,0.497009775274948,0,0,0.740075988769531,1.63,0,-5400.2158203125
100000000000000000000001,1,921125000,0,-46.5,2.28869933552538,0,0,0.740075988769531,1.63,0,-5400.2158203125
100000000000000000000002,1,921125000,0,-45,3.55883542789469,0,0,0.740075988769531,1.63,0,-5400.2158203125
100000000000000000000003,1,921125000,0,-45,2.04326240946367,0,0,0.740075988769531,1.63,0,-5400.2158203125
100000000000000000000004,1,921125000,0,-47,3.93926266329033,0,0,0.740075988769531,1.63,0,-5400.2158203125
100000000000000000000000,1,921125000,0,-48.5,1.36831086279399,0,0,0.740075988769531,1.63,0,-5400.2158203125
E00000000000000000002005,1,921125000,0,-61.5,0.460194236365693,0,0,0.740075988769531,1.63,0,-5400.2158203125
100000000000000000000002,1,921125000,0,-45,3.55269950474315,0,0,0.740075988769531,1.63,0,-5400.2158203125
100000000000000000000004,1,921125000,0,-46.5,3.92699081698724,0,0,0.740075988769531,1.63,0,-5400.2158203125
100000000000000000000003,1,921125000,0,-45.5,2.04326240946367,0,0,0.740075988769531,1.63,0,-5400.2158203125
100000000000000000000001,1,921125000,0,-46.5,2.32551487443463,0,0,0.740075988769531,1.63,0,-5400.2158203125
E00000000000000000002005,1,921125000,0,-61.5,0.47860200582032,0,0,0.740075988769531,1.63,0,-5400.2158203125
100000000000000000000000,1,921125000,0,-48.5,1.36831086279399,0,0,0.740075988769531,1.63,0,-5400.2158203125
100000000000000000000004,1,921125000,0,-46.5,3.92699081698724,0,0,0.740075988769531,1.63,0,-5400.2158203125
E00000000000000000002005,1,921125000,0,-61.5,0.484737928971863,0,0,0.740075988769531,1.63,0,-5400.2158203125
100000000000000000000003,1,921125000,0,-45,2.03099056316059,0,0,0.740075988769531,1.63,0,-5400.2158203125
100000000000000000000000,1,921125000,0,-48.5,1.33149532388474,0,0,0.740075988769531,1.63,0,-5400.2158203125
100000000000000000000002,1,921125000,0,-45,3.5465635815916,0,0,0.740075988769531,1.63,0,-5400.2158203125
100000000000000000000001,1,921125000,0,-46.5,2.30710710498,0,0,0.740075988769531,1.63,0,-5400.2158203125
100000000000000000000001,1,921125000,0,-46.5,2.33778672073772,0,0,0.740075988769531,1.63,0,-5400.2158203125
100000000000000000000003,1,921125000,0,-45,2.03712648631213,0,0,0.740075988769531,1.63,0,-5400.2158203125
E00000000000000000002005,1,921125000,0,-61.5,0.423378697456437,0,0,0.740075988769531,1.63,0,-5400.2158203125
100000000000000000000002,1,921125000,0,-45,3.50974804268235,0,0,0.740075988769531,1.63,0,-5400.2158203125
100000000000000000000004,1,921125000,0,-46.5,3.92699081698724,0,0,0.740075988769531,1.63,0,-5400.2158203125
100000000000000000000000,1,921125000,0,-48.5,1.38058270909708,0,0,0.740075988769531,1.63,0,-5400.2158203125
100000000000000000000004,1,921125000,0,-46.5,3.91471897068416,0,0,0.740075988769531,1.63,0,-5400.2158203125
100000000000000000000001,1,921125000,0,-46.5,2.32551487443463,0,0,0.740075988769531,1.63,0,-5400.2158203125
E00000000000000000002005,1,921125000,0,-61.5,0.490873852123405,0,0,0.740075988769531,1.63,0,-5400.2158203125
100000000000000000000002,1,921125000,0,-45,3.52815581213697,0,0,0.740075988769531,1.63,0,-5400.2158203125
100000000000000000000000,1,921125000,0,-48.5,1.36831086279399,0,0,0.740075988769531,1.63,0,-5400.2158203125
100000000000000000000003,1,921125000,0,-45.5,2.02485464000905,0,0,0.740075988769531,1.63,0,-5400.2158203125
100000000000000000000004,1,921125000,0,-47,3.9208548938357,0,0,0.740075988769531,1.63,0,-5400.2158203125
E00000000000000000002005,1,921125000,0,-61.5,0.497009775274948,0,0,0.740075988769531,1.63,0,-5400.2158203125
100000000000000000000001,1,921125000,0,-46.5,2.29483525867692,0,0,0.740075988769531,1.63,0,-5400.2158203125
100000000000000000000002,1,921125000,0,-45,3.52815581213697,0,0,0.740075988769531,1.63,0,-5400.2158203125
100000000000000000000000,1,921125000,0,-48.5,1.38058270909708,0,0,0.740075988769531,1.63,0,-5400.2158203125
100000000000000000000003,1,921125000,0,-45,2.02485464000905,0,0,0.740075988769531,1.63,0,-5400.2158203125
E00000000000000000002005,1,921125000,0,-62,0.447922390062607,0,0,0.740075988769531,1.63,0,-5400.2158203125
100000000000000000000004,1,921125000,0,-46.5,3.91471897068416,0,0,0.740075988769531,1.63,0,-5400.2158203125
100000000000000000000003,1,921125000,0,-45.5,2.01258279370596,0,0,0.740075988769531,1.63,0,-5400.2158203125
100000000000000000000001,1,921125000,0,-46.5,2.30710710498,0,0,0.740075988769531,1.63,0,-5400.2158203125
100000000000000000000002,1,921125000,0,-45,3.53429173528852,0,0,0.740075988769531,1.63,0,-5400.2158203125
100000000000000000000000,1,921125000,0,-48.5,1.34990309333936,0,0,0.740075988769531,1.63,0,-5400.2158203125
E00000000000000000002005,1,921125000,0,-61.5,0.509281621578033,0,0,0.740075988769531,1.63,0,-5400.2158203125
100000000000000000000001,1,921125000,0,-46.5,2.31324302813155,0,0,0.740075988769531,1.63,0,-5400.2158203125
100000000000000000000003,1,921125000,0,-45,2.01258279370596,0,0,0.740075988769531,1.63,0,-5400.2158203125
100000000000000000000000,1,921125000,0,-48.5,1.31922347758165,0,0,0.740075988769531,1.63,0,-5400.2158203125
100000000000000000000002,1,921125000,0,-45,3.5465635815916,0,0,0.740075988769531,1.63,0,-5400.2158203125
100000000000000000000004,1,921125000,0,-46.5,3.91471897068416,0,0,0.740075988769531,1.63,0,-5400.2158203125
100000000000000000000003,1,921125000,0,-45,2.02485464000905,0,0,0.740075988769531,1.63,0,-5400.2158203125
100000000000000000000004,1,921125000,0,-46.5,3.93312674013878,0,0,0.740075988769531,1.63,0,-5400.2158203125
E00000000000000000002005,1,921125000,0,-61,0.460194236365693,0,0,0.740075988769531,1.63,0,-5400.2158203125
100000000000000000000000,1,921125000,0,-48.5,1.38671863224862,0,0,0.740075988769531,1.63,0,-5400.2158203125
100000000000000000000002,1,921125000,0,-45,3.50974804268235,0,0,0.740075988769531,1.63,0,-5400.2158203125
100000000000000000000001,1,921125000,0,-46.5,2.31324302813155,0,0,0.740075988769531,1.63,0,-5400.2158203125
100000000000000000000001,1,921125000,0,-46.5,2.28256341237383,0,0,0.740075988769531,1.63,0,-5400.2158203125
100000000000000000000002,1,921125000,0,-45,3.52201988898543,0,0,0.740075988769531,1.63,0,-5400.2158203125
100000000000000000000000,1,921125000,0,-48.5,1.36831086279399,0,0,0.740075988769531,1.63,0,-5400.2158203125
100000000000000000000003,1,921125000,0,-45.5,2.03099056316059,0,0,0.740075988769531,1.63,0,-5400.2158203125
E00000000000000000002005,1,921125000,0,-61,0.447922390062607,0,0,0.740075988769531,1.63,0,-5400.2158203125
100000000000000000000004,1,921125000,0,-46.5,3.9208548938357,0,0,0.740075988769531,1.63,0,-5400.2158203125
100000000000000000000003,1,921125000,0,-45.5,2.0187187168575,0,0,0.740075988769531,1.63,0,-5400.2158203125
100000000000000000000000,1,921125000,0,-48.5,1.36831086279399,0,0,0.740075988769531,1.63,0,-5400.2158203125
100000000000000000000001,1,921125000,0,-46.5,2.30710710498,0,0,0.740075988769531,1.63,0,-5400.2158203125
E00000000000000000002005,1,921125000,0,-61,0.47860200582032,0,0,0.740075988769531,1.63,0,-5400.2158203125
100000000000000000000002,1,921125000,0,-45,3.5465635815916,0,0,0.740075988769531,1.63,0,-5400.2158203125
100000000000000000000004,1,921125000,0,-47,3.92699081698724,0,0,0.740075988769531,1.63,0,-5400.2158203125
100000000000000000000004,1,921125000,0,-46.5,3.8779034317749,0,0,0.740075988769531,1.63,0,-5400.2158203125
E00000000000000000002005,1,921125000,0,-61.5,0.466330159517235,0,0,0.740075988769531,1.63,0,-5400.2158203125
100000000000000000000000,1,921125000,0,-48.5,1.36831086279399,0,0,0.740075988769531,1.63,0,-5400.2158203125
100000000000000000000002,1,921125000,0,-45,3.49747619637926,0,0,0.740075988769531,1.63,0,-5400.2158203125
100000000000000000000001,1,921125000,0,-46.5,2.30097118182846,0,0,0.740075988769531,1.63,0,-5400.2158203125
100000000000000000000003,1,921125000,0,-45.5,2.0187187168575,0,0,0.740075988769531,1.63,0,-5400.2158203125
100000000000000000000001,1,921125000,0,-46.5,2.31324302813155,0,0,0.740075988769531,1.63,0,-5400.2158203125
100000000000000000000004,1,921125000,0,-46.5,3.9208548938357,0,0,0.740075988769531,1.63,0,-5400.2158203125
E00000000000000000002005,1,921125000,0,-62,0.47860200582032,0,0,0.740075988769531,1.63,0,-5400.2158203125
100000000000000000000000,1,921125000,0,-48.5,1.37444678594553,0,0,0.740075988769531,1.63,0,-5400.2158203125
100000000000000000000003,1,921125000,0,-45.5,2.02485464000905,0,0,0.740075988769531,1.63,0,-5400.2158203125
100000000000000000000002,1,921125000,0,-45,3.5465635815916,0,0,0.740075988769531,1.63,0,-5400.2158203125
100000000000000000000001,1,921125000,0,-46.5,2.31324302813155,0,0,0.740075988769531,1.63,0,-5400.2158203125
E00000000000000000002005,1,921125000,0,-61.5,0.47860200582032,0,0,0.740075988769531,1.63,0,-5400.2158203125
100000000000000000000004,1,921125000,0,-46.5,3.91471897068416,0,0,0.740075988769531,1.63,0,-5400.2158203125
100000000000000000000003,1,921125000,0,-45.5,2.0187187168575,0,0,0.740075988769531,1.63,0,-5400.2158203125
100000000000000000000002,1,921125000,0,-45,3.52815581213697,0,0,0.740075988769531,1.63,0,-5400.2158203125
100000000000000000000000,1,921125000,0,-48.5,1.33149532388474,0,0,0.740075988769531,1.63,0,-5400.2158203125
100000000000000000000000,1,921125000,0,-48.5,1.34376717018782,0,0,0.740075988769531,1.63,0,-5400.2158203125
100000000000000000000002,1,921125000,0,-45,3.52201988898543,0,0,0.740075988769531,1.63,0,-5400.2158203125
100000000000000000000004,1,921125000,0,-47,3.93312674013878,0,0,0.740075988769531,1.63,0,-5400.2158203125
E00000000000000000002005,1,921125000,0,-61.5,0.45405831321415,0,0,0.740075988769531,1.63,0,-5400.2158203125
100000000000000000000001,1,921125000,0,-46.5,2.31937895128309,0,0,0.740075988769531,1.63,0,-5400.2158203125
100000000000000000000003,1,921125000,0,-45.5,2.0187187168575,0,0,0.740075988769531,1.63,0,-5400.2158203125
100000000000000000000001,1,921125000,0,-46.5,2.30097118182846,0,0,0.740075988769531,1.63,0,-5400.2158203125
E00000000000000000002005,1,921125000,0,-61.5,0.423378697456437,0,0,0.740075988769531,1.63,0,-5400.2158203125
100000000000000000000002,1,921125000,0,-45,3.54042765844006,0,0,0.740075988769531,1.63,0,-5400.2158203125
100000000000000000000004,1,921125000,0,-46.5,3.93312674013878,0,0,0.740075988769531,1.63,0,-5400.2158203125
100000000000000000000003,1,921125000,0,-45.5,2.02485464000905,0,0,0.740075988769531,1.63,0,-5400.2158203125
100000000000000000000000,1,921125000,0,-48.5,1.36217493964245,0,0,0.740075988769531,1.63,0,-5400.2158203125
E00000000000000000002005,1,921125000,0,-61,0.47860200582032,0,0,0.740075988769531,1.63,0,-5400.2158203125
100000000000000000000004,1,921125000,0,-46.5,3.92699081698724,0,0,0.740075988769531,1.63,0,-5400.2158203125
100000000000000000000001,1,921125000,0,-46.5,2.32551487443463,0,0,0.740075988769531,1.63,0,-5400.2158203125
100000000000000000000000,1,921125000,0,-48.5,1.37444678594553,0,0,0.740075988769531,1.63,0,-5400.2158203125
100000000000000000000002,1,921125000,0,-45,3.53429173528852,0,0,0.740075988769531,1.63,0,-5400.2158203125
100000000000000000000003,1,921125000,0,-45.5,2.00031094740288,0,0,0.740075988769531,1.63,0,-5400.2158203125
100000000000000000000002,1,921125000,0,-45,3.50974804268235,0,0,0.740075988769531,1.63,0,-5400.2158203125
100000000000000000000003,1,921125000,0,-45.5,2.03099056316059,0,0,0.740075988769531,1.63,0,-5400.2158203125
100000000000000000000004,1,921125000,0,-47,3.9208548938357,0,0,0.740075988769531,1.63,0,-5400.2158203125
E00000000000000000002005,1,921125000,0,-61.5,0.460194236365693,0,0,0.740075988769531,1.63,0,-5400.2158203125
100000000000000000000000,1,921125000,0,-48.5,1.36831086279399,0,0,0.740075988769531,1.63,0,-5400.2158203125
100000000000000000000001,1,921125000,0,-46.5,2.31324302813155,0,0,0.740075988769531,1.63,0,-5400.2158203125
100000000000000000000000,1,921125000,0,-48.5,1.38058270909708,0,0,0.740075988769531,1.63,0,-5400.2158203125
E00000000000000000002005,1,921125000,0,-61.5,0.47860200582032,0,0,0.740075988769531,1.63,0,-5400.2158203125
100000000000000000000002,1,921125000,0,-45,3.5465635815916,0,0,0.740075988769531,1.63,0,-5400.2158203125
100000000000000000000004,1,921125000,0,-46.5,3.9208548938357,0,0,0.740075988769531,1.63,0,-5400.2158203125
100000000000000000000003,1,921125000,0,-45.5,2.0187187168575,0,0,0.740075988769531,1.63,0,-5400.2158203125
100000000000000000000001,1,921125000,0,-46.5,2.31324302813155,0,0,0.740075988769531,1.63,0,-5400.2158203125
E00000000000000000002005,1,921125000,0,-61.5,0.527689391032661,0,0,0.740075988769531,1.63,0,-5400.2158203125
100000000000000000000003,1,921125000,0,-45.5,2.02485464000905,0,0,0.740075988769531,1.63,0,-5400.2158203125
100000000000000000000002,1,921125000,0,-45,3.52201988898543,0,0,0.740075988769531,1.63,0,-5400.2158203125
100000000000000000000004,1,921125000,0,-46.5,3.92699081698724,0,0,0.740075988769531,1.63,0,-5400.2158203125
100000000000000000000001,1,921125000,0,-46.5,2.30097118182846,0,0,0.740075988769531,1.63,0,-5400.2158203125
100000000000000000000000,1,921125000,0,-48.5,1.37444678594553,0,0,0.740075988769531,1.63,0,-5400.2158203125
100000000000000000000002,1,921125000,0,-45,3.50974804268235,0,0,0.740075988769531,1.63,0,-5400.2158203125
100000000000000000000000,1,921125000,0,-48.5,1.33763124703628,0,0,0.740075988769531,1.63,0,-5400.2158203125
E00000000000000000002005,1,921125000,0,-61.5,0.45405831321415,0,0,0.740075988769531,1.63,0,-5400.2158203125
100000000000000000000003,1,921125000,0,-45.5,2.03099056316059,0,0,0.740075988769531,1.63,0,-5400.2158203125
100000000000000000000004,1,921125000,0,-46.5,3.9208548938357,0,0,0.740075988769531,1.63,0,-5400.2158203125
100000000000000000000001,1,921125000,0,-46.5,2.31937895128309,0,0,0.740075988769531,1.63,0,-5400.2158203125
100000000000000000000002,1,921125000,0,-45,3.53429173528852,0,0,0.740075988769531,1.63,0,-5400.2158203125
100000000000000000000001,1,921125000,0,-46.5,2.31937895128309,0,0,0.740075988769531,1.63,0,-5400.2158203125
E00000000000000000002005,1,921125000,0,-61.5,0.472466082668777,0,0,0.740075988769531,1.63,0,-5400.2158203125
100000000000000000000003,1,921125000,0,-45.5,2.03712648631213,0,0,0.740075988769531,1.63,0,-5400.2158203125
100000000000000000000004,1,921125000,0,-46.5,3.9208548938357,0,0,0.740075988769531,1.63,0,-5400.2158203125
100000000000000000000000,1,921125000,0,-48.5,1.36217493964245,0,0,0.740075988769531,1.63,0,-5400.2158203125
100000000000000000000002,1,921125000,0,-45,3.51588396583389,0,0,0.740075988769531,1.63,0,-5400.2158203125
100000000000000000000004,1,921125000,0,-46.5,3.9208548938357,0,0,0.740075988769531,1.63,0,-5400.2158203125
100000000000000000000001,1,921125000,0,-46.5,2.29483525867692,0,0,0.740075988769531,1.63,0,-5400.2158203125
100000000000000000000003,1,921125000,0,-45,2.03712648631213,0,0,0.740075988769531,1.63,0,-5400.2158203125
100000000000000000000000,1,921125000,0,-48.5,1.37444678594553,0,0,0.740075988769531,1.63,0,-5400.2158203125
E00000000000000000002005,1,921125000,0,-61.5,0.497009775274948,0,0,0.740075988769531,1.63,0,-5400.2158203125
100000000000000000000002,1,921125000,0,-45,3.49747619637926,0,0,0.740075988769531,1.63,0,-5400.2158203125
100000000000000000000003,1,921125000,0,-45.5,2.05553425576676,0,0,0.740075988769531,1.63,0,-5400.2158203125
100000000000000000000001,1,921125000,0,-46.5,2.29483525867692,0,0,0.740075988769531,1.63,0,-5400.2158203125
100000000000000000000000,1,921125000,0,-48.5,1.34376717018782,0,0,0.740075988769531,1.63,0,-5400.2158203125
100000000000000000000004,1,921125000,0,-46.5,3.91471897068416,0,0,0.740075988769531,1.63,0,-5400.2158203125
E00000000000000000002005,1,921125000,0,-61.5,0.460194236365693,0,0,0.740075988769531,1.63,0,-5400.2158203125
100000000000000000000002,1,921125000,0,-45,3.52201988898543,0,0,0.740075988769531,1.63,0,-5400.2158203125
100000000000000000000000,1,921125000,0,-48.5,1.36831086279399,0,0,0.740075988769531,1.63,0,-5400.2158203125
100000000000000000000003,1,921125000,0,-45,2.02485464000905,0,0,0.740075988769531,1.63,0,-5400.2158203125
100000000000000000000001,1,921125000,0,-46.5,2.30097118182846,0,0,0.740075988769531,1.63,0,-5400.2158203125
100000000000000000000004,1,921125000,0,-46.5,3.91471897068416,0,0,0.740075988769531,1.63,0,-5400.2158203125
E00000000000000000002005,1,921125000,0,-62,0.472466082668777,0,0,0.740075988769531,1.63,0,-5400.2158203125
100000000000000000000002,1,921125000,0,-45,3.5036121195308,0,0,0.740075988769531,1.63,0,-5400.2158203125
100000000000000000000001,1,921125000,0,-46.5,2.31324302813155,0,0,0.740075988769531,1.63,0,-5400.2158203125
100000000000000000000003,1,921125000,0,-45.5,2.02485464000905,0,0,0.740075988769531,1.63,0,-5400.2158203125
100000000000000000000000,1,921125000,0,-48.5,1.34990309333936,0,0,0.740075988769531,1.63,0,-5400.2158203125
100000000000000000000004,1,921125000,0,-47,3.9208548938357,0,0,0.740075988769531,1.63,0,-5400.2158203125
E00000000000000000002005,1,921125000,0,-61,0.552233083638831,0,0,0.740075988769531,1.63,0,-5400.2158203125
E00000000000000000002005,1,921125000,0,-61,0.441786466911065,0,0,0.740075988769531,1.63,0,-5400.2158203125
100000000000000000000000,1,921125000,0,-48.5,1.36217493964245,0,0,0.740075988769531,1.63,0,-5400.2158203125
100000000000000000000001,1,921125000,0,-46.5,2.31324302813155,0,0,0.740075988769531,1.63,0,-5400.2158203125
100000000000000000000002,1,921125000,0,-45,3.51588396583389,0,0,0.740075988769531,1.63,0,-5400.2158203125
100000000000000000000003,1,921125000,0,-45.5,2.01258279370596,0,0,0.740075988769531,1.63,0,-5400.2158203125
100000000000000000000004,1,921125000,0,-46.5,3.9208548938357,0,0,0.740075988769531,1.63,0,-5400.2158203125
E00000000000000000002005,1,921125000,0,-61.5,0.47860200582032,0,0,0.740075988769531,1.63,0,-5400.2158203125
100000000000000000000000,1,921125000,0,-48.5,1.36217493964245,0,0,0.740075988769531,1.63,0,-5400.2158203125
100000000000000000000002,1,921125000,0,-45,3.52201988898543,0,0,0.740075988769531,1.63,0,-5400.2158203125
100000000000000000000003,1,921125000,0,-45.5,2.02485464000905,0,0,0.740075988769531,1.63,0,-5400.2158203125
100000000000000000000004,1,921125000,0,-47,3.9208548938357,0,0,0.740075988769531,1.63,0,-5400.2158203125
100000000000000000000001,1,921125000,0,-46.5,2.31324302813155,0,0,0.740075988769531,1.63,0,-5400.2158203125
100000000000000000000002,1,921125000,0,-45,3.51588396583389,0,0,0.740075988769531,1.63,0,-5400.2158203125
100000000000000000000004,1,921125000,0,-46.5,3.91471897068416,0,0,0.740075988769531,1.63,0,-5400.2158203125
E00000000000000000002005,1,921125000,0,-61.5,0.50314569842649,0,0,0.740075988769531,1.63,0,-5400.2158203125
100000000000000000000003,1,921125000,0,-45.5,2.02485464000905,0,0,0.740075988769531,1.63,0,-5400.2158203125
100000000000000000000000,1,921125000,0,-48.5,1.36831086279399,0,0,0.740075988769531,1.63,0,-5400.2158203125
100000000000000000000001,1,921125000,0,-46.5,2.29483525867692,0,0,0.740075988769531,1.63,0,-5400.2158203125
100000000000000000000002,1,921125000,0,-45,3.52201988898543,0,0,0.740075988769531,1.63,0,-5400.2158203125
100000000000000000000003,1,921125000,0,-45.5,2.01258279370596,0,0,0.740075988769531,1.63,0,-5400.2158203125
100000000000000000000004,1,921125000,0,-46.5,3.91471897068416,0,0,0.740075988769531,1.63,0,-5400.2158203125
100000000000000000000001,1,921125000,0,-46.5,2.30097118182846,0,0,0.740075988769531,1.63,0,-5400.2158203125
E00000000000000000002005,1,921125000,0,-61.5,0.472466082668777,0,0,0.740075988769531,1.63,0,-5400.2158203125
100000000000000000000000,1,921125000,0,-48.5,1.36831086279399,0,0,0.740075988769531,1.63,0,-5400.2158203125
100000000000000000000003,1,921125000,0,-45.5,2.0187187168575,0,0,0.740075988769531,1.63,0,-5400.2158203125
100000000000000000000000,1,921125000,0,-48.5,1.35603901649091,0,0,0.740075988769531,1.63,0,-5400.2158203125
100000000000000000000001,1,921125000,0,-46.5,2.28869933552538,0,0,0.740075988769531,1.63,0,-5400.2158203125
E00000000000000000002005,1,921125000,0,-61,0.484737928971863,0,0,0.740075988769531,1.63,0,-5400.2158203125
100000000000000000000002,1,921125000,0,-45,3.50974804268235,0,0,0.740075988769531,1.63,0,-5400.2158203125
100000000000000000000004,1,921125000,0,-46.5,3.91471897068416,0,0,0.740075988769531,1.63,0,-5400.2158203125
E00000000000000000002005,1,921125000,0,-61,0.447922390062607,0,0,0.740075988769531,1.63,0,-5400.2158203125
100000000000000000000003,1,921125000,0,-45,2.04326240946367,0,0,0.740075988769531,1.63,0,-5400.2158203125
100000000000000000000001,1,921125000,0,-46.5,2.31937895128309,0,0,0.740075988769531,1.63,0,-5400.2158203125
100000000000000000000004,1,921125000,0,-46.5,3.9208548938357,0,0,0.740075988769531,1.63,0,-5400.2158203125
100000000000000000000002,1,921125000,0,-45,3.49134027322772,0,0,0.740075988769531,1.63,0,-5400.2158203125
100000000000000000000000,1,921125000,0,-48.5,1.37444678594553,0,0,0.740075988769531,1.63,0,-5400.2158203125
100000000000000000000004,1,921125000,0,-46.5,3.92699081698724,0,0,0.740075988769531,1.63,0,-5400.2158203125
100000000000000000000002,1,921125000,0,-45,3.52815581213697,0,0,0.740075988769531,1.63,0,-5400.2158203125
100000000000000000000000,1,921125000,0,-48.5,1.36217493964245,0,0,0.740075988769531,1.63,0,-5400.2158203125
E00000000000000000002005,1,921125000,0,-61.5,0.417242774304895,0,0,0.740075988769531,1.63,0,-5400.2158203125
100000000000000000000001,1,921125000,0,-46.5,2.31937895128309,0,0,0.740075988769531,1.63,0,-5400.2158203125
100000000000000000000003,1,921125000,0,-45.5,2.02485464000905,0,0,0.740075988769531,1.63,0,-5400.2158203125
100000000000000000000004,1,921125000,0,-46.5,3.91471897068416,0,0,0.740075988769531,1.63,0,-5400.2158203125
100000000000000000000002,1,921125000,0,-45,3.52201988898543,0,0,0.740075988769531,1.63,0,-5400.2158203125
100000000000000000000001,1,921125000,0,-46.5,2.31324302813155,0,0,0.740075988769531,1.63,0,-5400.2158203125
100000000000000000000003,1,921125000,0,-45.5,2.03099056316059,0,0,0.740075988769531,1.63,0,-5400.2158203125
E00000000000000000002005,1,921125000,0,-61.5,0.490873852123405,0,0,0.740075988769531,1.63,0,-5400.2158203125
100000000000000000000000,1,921125000,0,-48.5,1.37444678594553,0,0,0.740075988769531,1.63,0,-5400.2158203125
100000000000000000000001,1,921125000,0,-46.5,2.30710710498,0,0,0.740075988769531,1.63,0,-5400.2158203125
100000000000000000000000,1,921125000,0,-48.5,1.36217493964245,0,0,0.740075988769531,1.63,0,-5400.2158203125
100000000000000000000002,1,921125000,0,-45,3.52815581213697,0,0,0.740075988769531,1.63,0,-5400.2158203125
100000000000000000000003,1,921125000,0,-45,2.03712648631213,0,0,0.740075988769531,1.63,0,-5400.2158203125
E00000000000000000002005,1,921125000,0,-61.5,0.398835004850267,0,0,0.740075988769531,1.63,0,-5400.2158203125
100000000000000000000004,1,921125000,0,-46.5,3.93926266329033,0,0,0.740075988769531,1.63,0,-5400.2158203125
100000000000000000000001,1,921125000,0,-46.5,2.31937895128309,0,0,0.740075988769531,1.63,0,-5400.2158203125
100000000000000000000000,1,921125000,0,-48.5,1.38058270909708,0,0,0.740075988769531,1.63,0,-5400.2158203125
E00000000000000000002005,1,921125000,0,-61.5,0.484737928971863,0,0,0.740075988769531,1.63,0,-5400.2158203125
100000000000000000000002,1,921125000,0,-45,3.52815581213697,0,0,0.740075988769531,1.63,0,-5400.2158203125
100000000000000000000003,1,921125000,0,-45.5,2.0187187168575,0,0,0.740075988769531,1.63,0,-5400.2158203125
100000000000000000000004,1,921125000,0,-46.5,3.92699081698724,0,0,0.740075988769531,1.63,0,-5400.2158203125
100000000000000000000004,1,921125000,0,-46.5,3.93312674013878,0,0,0.740075988769531,1.63,0,-5400.2158203125
100000000000000000000001,1,921125000,0,-46.5,2.33165079758617,0,0,0.740075988769531,1.63,0,-5400.2158203125
100000000000000000000003,1,921125000,0,-45.5,2.04326240946367,0,0,0.740075988769531,1.63,0,-5400.2158203125
100000000000000000000002,1,921125000,0,-45,3.52201988898543,0,0,0.740075988769531,1.63,0,-5400.2158203125
100000000000000000000000,1,921125000,0,-48.5,1.36831086279399,0,0,0.740075988769531,1.63,0,-5400.2158203125
E00000000000000000002005,1,921125000,0,-61.5,0.466330159517235,0,0,0.740075988769531,1.63,0,-5400.2158203125
100000000000000000000004,1,921125000,0,-46.5,3.92699081698724,0,0,0.740075988769531,1.63,0,-5400.2158203125
100000000000000000000002,1,921125000,0,-45,3.55269950474315,0,0,0.740075988769531,1.63,0,-5400.2158203125
100000000000000000000003,1,921125000,0,-45.5,2.04939833261522,0,0,0.740075988769531,1.63,0,-5400.2158203125
E00000000000000000002005,1,921125000,0,-61.5,0.472466082668777,0,0,0.740075988769531,1.63,0,-5400.2158203125
100000000000000000000001,1,921125000,0,-46.5,2.31937895128309,0,0,0.740075988769531,1.63,0,-5400.2158203125
100000000000000000000000,1,921125000,0,-48.5,1.37444678594553,0,0,0.740075988769531,1.63,0,-5400.2158203125
100000000000000000000002,1,921125000,0,-45,3.53429173528852,0,0,0.740075988769531,1.63,0,-5400.2158203125
100000000000000000000001,1,921125000,0,-46.5,2.33165079758617,0,0,0.740075988769531,1.63,0,-5400.2158203125
100000000000000000000000,1,921125000,0,-48.5,1.36831086279399,0,0,0.740075988769531,1.63,0,-5400.2158203125
100000000000000000000004,1,921125000,0,-47,3.90858304753261,0,0,0.740075988769531,1.63,0,-5400.2158203125
E00000000000000000002005,1,921125000,0,-61.5,0.423378697456437,0,0,0.740075988769531,1.63,0,-5400.2158203125
100000000000000000000003,1,921125000,0,-45.5,2.01258279370596,0,0,0.740075988769531,1.63,0,-5400.2158203125
100000000000000000000004,1,921125000,0,-47,3.90858304753261,0,0,0.740075988769531,1.63,0,-5400.2158203125
100000000000000000000003,1,921125000,0,-45,2.03099056316059,0,0,0.740075988769531,1.63,0,-5400.2158203125
100000000000000000000000,1,921125000,0,-48.5,1.37444678594553,0,0,0.740075988769531,1.63,0,-5400.2158203125
E00000000000000000002005,1,921125000,0,-61,0.466330159517235,0,0,0.740075988769531,1.63,0,-5400.2158203125
100000000000000000000002,1,921125000,0,-45,3.53429173528852,0,0,0.740075988769531,1.63,0,-5400.2158203125
100000000000000000000001,1,921125000,0,-46.5,2.31937895128309,0,0,0.740075988769531,1.63,0,-5400.2158203125
100000000000000000000002,1,921125000,0,-45,3.51588396583389,0,0,0.740075988769531,1.63,0,-5400.2158203125
100000000000000000000001,1,921125000,0,-46.5,2.30710710498,0,0,0.740075988769531,1.63,0,-5400.2158203125
E00000000000000000002005,1,921125000,0,-61.5,0.472466082668777,0,0,0.740075988769531,1.63,0,-5400.2158203125
100000000000000000000004,1,921125000,0,-47,3.92699081698724,0,0,0.740075988769531,1.63,0,-5400.2158203125
100000000000000000000003,1,921125000,0,-45.5,2.03099056316059,0,0,0.740075988769531,1.63,0,-5400.2158203125
100000000000000000000000,1,921125000,0,-48.5,1.34990309333936,0,0,0.740075988769531,1.63,0,-5400.2158203125
100000000000000000000000,1,921125000,0,-48.5,1.34376717018782,0,0,0.740075988769531,1.63,0,-5400.2158203125
100000000000000000000001,1,921125000,0,-46.5,2.33165079758617,0,0,0.740075988769531,1.63,0,-5400.2158203125
100000000000000000000002,1,921125000,0,-45,3.52815581213697,0,0,0.740075988769531,1.63,0,-5400.2158203125
100000000000000000000004,1,921125000,0,-46.5,3.9208548938357,0,0,0.740075988769531,1.63,0,-5400.2158203125
E00000000000000000002005,1,921125000,0,-61,0.466330159517235,0,0,0.740075988769531,1.63,0,-5400.2158203125
100000000000000000000003,1,921125000,0,-45,2.03712648631213,0,0,0.740075988769531,1.63,0,-5400.2158203125
100000000000000000000003,1,921125000,0,-45,2.01258279370596,0,0,0.740075988769531,1.63,0,-5400.2158203125
100000000000000000000004,1,921125000,0,-46.5,3.91471897068416,0,0,0.740075988769531,1.63,0,-5400.2158203125
E00000000000000000002005,1,921125000,0,-61.5,0.484737928971863,0,0,0.740075988769531,1.63,0,-5400.2158203125
100000000000000000000000,1,921125000,0,-48.5,1.36217493964245,0,0,0.740075988769531,1.63,0,-5400.2158203125
100000000000000000000002,1,921125000,0,-45,3.52815581213697,0,0,0.740075988769531,1.63,0,-5400.2158203125
100000000000000000000001,1,921125000,0,-46.5,2.32551487443463,0,0,0.740075988769531,1.63,0,-5400.2158203125
100000000000000000000000,1,921125000,0,-48.5,1.37444678594553,0,0,0.740075988769531,1.63,0,-5400.2158203125
100000000000000000000003,1,921125000,0,-45.5,2.02485464000905,0,0,0.740075988769531,1.63,0,-5400.2158203125
E00000000000000000002005,1,921125000,0,-61.5,0.472466082668777,0,0,0.740075988769531,1.63,0,-5400.2158203125
100000000000000000000002,1,921125000,0,-45,3.52201988898543,0,0,0.740075988769531,1.63,0,-5400.2158203125
100000000000000000000004,1,921125000,0,-46.5,3.92699081698724,0,0,0.740075988769531,1.63,0,-5400.2158203125
100000000000000000000001,1,921125000,0,-46.5,2.30710710498,0,0,0.740075988769531,1.63,0,-5400.2158203125
100000000000000000000000,1,921125000,0,-48.5,1.35603901649091,0,0,0.740075988769531,1.63,0,-5400.2158203125
100000000000000000000002,1,921125000,0,-45,3.54042765844006,0,0,0.740075988769531,1.63,0,-5400.2158203125
100000000000000000000003,1,921125000,0,-45.5,2.02485464000905,0,0,0.740075988769531,1.63,0,-5400.2158203125
100000000000000000000001,1,921125000,0,-46.5,2.32551487443463,0,0,0.740075988769531,1.63,0,-5400.2158203125
E00000000000000000002005,1,921125000,0,-62,0.441786466911065,0,0,0.740075988769531,1.63,0,-5400.2158203125
100000000000000000000004,1,921125000,0,-46.5,3.93312674013878,0,0,0.740075988769531,1.63,0,-5400.2158203125
100000000000000000000001,1,921125000,0,-46.5,2.31324302813155,0,0,0.740075988769531,1.63,0,-5400.2158203125
E00000000000000000002005,1,921125000,0,-61.5,0.435650543759522,0,0,0.740075988769531,1.63,0,-5400.2158203125
100000000000000000000002,1,921125000,0,-45,3.53429173528852,0,0,0.740075988769531,1.63,0,-5400.2158203125
100000000000000000000000,1,921125000,0,-48.5,1.37444678594553,0,0,0.740075988769531,1.63,0,-5400.2158203125
100000000000000000000004,1,921125000,0,-47,3.92699081698724,0,0,0.740075988769531,1.63,0,-5400.2158203125
100000000000000000000003,1,921125000,0,-45,2.00031094740288,0,0,0.740075988769531,1.63,0,-5400.2158203125
E00000000000000000002005,1,921125000,0,-61.5,0.533825314184203,0,0,0.740075988769531,1.63,0,-5400.2158203125
100000000000000000000001,1,921125000,0,-46.5,2.32551487443463,0,0,0.740075988769531,1.63,0,-5400.2158203125
100000000000000000000002,1,921125000,0,-45,3.53429173528852,0,0,0.740075988769531,1.63,0,-5400.2158203125
100000000000000000000003,1,921125000,0,-45.5,2.02485464000905,0,0,0.740075988769531,1.63,0,-5400.2158203125
100000000000000000000004,1,921125000,0,-46.5,3.92699081698724,0,0,0.740075988769531,1.63,0,-5400.2158203125
100000000000000000000000,1,921125000,0,-48.5,1.36831086279399,0,0,0.740075988769531,1.63,0,-5400.2158203125
E00000000000000000002005,1,921125000,0,-61.5,0.472466082668777,0,0,0.740075988769531,1.63,0,-5400.2158203125
100000000000000000000002,1,921125000,0,-45,3.54042765844006,0,0,0.740075988769531,1.63,0,-5400.2158203125
100000000000000000000003,1,921125000,0,-45.5,2.04326240946367,0,0,0.740075988769531,1.63,0,-5400.2158203125
100000000000000000000004,1,921125000,0,-47,3.93312674013878,0,0,0.740075988769531,1.63,0,-5400.2158203125
100000000000000000000001,1,921125000,0,-46.5,2.31937895128309,0,0,0.740075988769531,1.63,0,-5400.2158203125
100000000000000000000000,1,921125000,0,-48.5,1.35603901649091,0,0,0.740075988769531,1.63,0,-5400.2158203125
E00000000000000000002005,1,921125000,0,-61.5,0.417242774304895,0,0,0.740075988769531,1.63,0,-5400.2158203125
100000000000000000000003,1,921125000,0,-45.5,2.03099056316059,0,0,0.740075988769531,1.63,0,-5400.2158203125
100000000000000000000000,1,921125000,0,-48.5,1.38058270909708,0,0,0.740075988769531,1.63,0,-5400.2158203125
100000000000000000000002,1,921125000,0,-45,3.54042765844006,0,0,0.740075988769531,1.63,0,-5400.2158203125
100000000000000000000004,1,921125000,0,-46.5,3.93312674013878,0,0,0.740075988769531,1.63,0,-5400.2158203125
100000000000000000000001,1,921125000,0,-46.5,2.31324302813155,0,0,0.740075988769531,1.63,0,-5400.2158203125
100000000000000000000004,1,921125000,0,-47,3.9208548938357,0,0,0.740075988769531,1.63,0,-5400.2158203125
E00000000000000000002005,1,921125000,0,-61.5,0.466330159517235,0,0,0.740075988769531,1.63,0,-5400.2158203125
100000000000000000000000,1,921125000,0,-48.5,1.36831086279399,0,0,0.740075988769531,1.63,0,-5400.2158203125
100000000000000000000003,1,921125000,0,-45.5,2.0187187168575,0,0,0.740075988769531,1.63,0,-5400.2158203125
100000000000000000000002,1,921125000,0,-45,3.53429173528852,0,0,0.740075988769531,1.63,0,-5400.2158203125
100000000000000000000001,1,921125000,0,-46.5,2.31937895128309,0,0,0.740075988769531,1.63,0,-5400.2158203125
100000000000000000000004,1,921125000,0,-46.5,3.9208548938357,0,0,0.740075988769531,1.63,0,-5400.2158203125
E00000000000000000002005,1,921125000,0,-61,0.447922390062607,0,0,0.740075988769531,1.63,0,-5400.2158203125
100000000000000000000000,1,921125000,0,-48.5,1.38058270909708,0,0,0.740075988769531,1.63,0,-5400.2158203125
100000000000000000000003,1,921125000,0,-45.5,2.03099056316059,0,0,0.740075988769531,1.63,0,-5400.2158203125
100000000000000000000001,1,921125000,0,-46.5,2.31324302813155,0,0,0.740075988769531,1.63,0,-5400.2158203125
100000000000000000000002,1,921125000,0,-45,3.52815581213697,0,0,0.740075988769531,1.63,0,-5400.2158203125
100000000000000000000002,1,921125000,0,-45,3.5465635815916,0,0,0.740075988769531,1.63,0,-5400.2158203125
100000000000000000000003,1,921125000,0,-45.5,2.00644687055442,0,0,0.740075988769531,1.63,0,-5400.2158203125
100000000000000000000001,1,921125000,0,-46.5,2.29483525867692,0,0,0.740075988769531,1.63,0,-5400.2158203125
E00000000000000000002005,1,921125000,0,-61,0.497009775274948,0,0,0.740075988769531,1.63,0,-5400.2158203125
100000000000000000000000,1,921125000,0,-48.5,1.36217493964245,0,0,0.740075988769531,1.63,0,-5400.2158203125
100000000000000000000004,1,921125000,0,-46.5,3.92699081698724,0,0,0.740075988769531,1.63,0,-5400.2158203125
100000000000000000000002,1,921125000,0,-45,3.52815581213697,0,0,0.740075988769531,1.63,0,-5400.2158203125
100000000000000000000003,1,921125000,0,-45.5,2.03712648631213,0,0,0.740075988769531,1.63,0,-5400.2158203125
100000000000000000000001,1,921125000,0,-46.5,2.33165079758617,0,0,0.740075988769531,1.63,0,-5400.2158203125
100000000000000000000004,1,921125000,0,-46.5,3.90858304753261,0,0,0.740075988769531,1.63,0,-5400.2158203125
E00000000000000000002005,1,921125000,0,-61.5,0.460194236365693,0,0,0.740075988769531,1.63,0,-5400.2158203125
100000000000000000000000,1,921125000,0,-48.5,1.38058270909708,0,0,0.740075988769531,1.63,0,-5400.2158203125
100000000000000000000000,1,921125000,0,-48.5,1.37444678594553,0,0,0.740075988769531,1.63,0,-5400.2158203125
100000000000000000000003,1,921125000,0,-45.5,2.02485464000905,0,0,0.740075988769531,1.63,0,-5400.2158203125
100000000000000000000002,1,921125000,0,-45,3.52201988898543,0,0,0.740075988769531,1.63,0,-5400.2158203125
E00000000000000000002005,1,921125000,0,-61.5,0.404970928001809,0,0,0.740075988769531,1.63,0,-5400.2158203125
100000000000000000000001,1,921125000,0,-46.5,2.31324302813155,0,0,0.740075988769531,1.63,0,-5400.2158203125
100000000000000000000004,1,921125000,0,-46.5,3.93312674013878,0,0,0.740075988769531,1.63,0,-5400.2158203125
100000000000000000000003,1,921125000,0,-45,2.03099056316059,0,0,0.740075988769531,1.63,0,-5400.2158203125
E00000000000000000002005,1,921125000,0,-61.5,0.50314569842649,0,0,0.740075988769531,1.63,0,-5400.2158203125
100000000000000000000001,1,921125000,0,-46.5,2.31937895128309,0,0,0.740075988769531,1.63,0,-5400.2158203125
100000000000000000000002,1,921125000,0,-45,3.55883542789469,0,0,0.740075988769531,1.63,0,-5400.2158203125
100000000000000000000004,1,921125000,0,-47,3.92699081698724,0,0,0.740075988769531,1.63,0,-5400.2158203125
100000000000000000000000,1,921125000,0,-48.5,1.37444678594553,0,0,0.740075988769531,1.63,0,-5400.2158203125
100000000000000000000003,1,921125000,0,-45.5,2.00644687055442,0,0,0.740075988769531,1.63,0,-5400.2158203125
100000000000000000000004,1,921125000,0,-46.5,3.92699081698724,0,0,0.740075988769531,1.63,0,-5400.2158203125
100000000000000000000002,1,921125000,0,-45,3.55883542789469,0,0,0.740075988769531,1.63,0,-5400.2158203125
E00000000000000000002005,1,921125000,0,-61,0.472466082668777,0,0,0.740075988769531,1.63,0,-5400.2158203125
100000000000000000000001,1,921125000,0,-46.5,2.33165079758617,0,0,0.740075988769531,1.63,0,-5400.2158203125
100000000000000000000000,1,921125000,0,-48.5,1.35603901649091,0,0,0.740075988769531,1.63,0,-5400.2158203125
100000000000000000000004,1,921125000,0,-46.5,3.92699081698724,0,0,0.740075988769531,1.63,0,-5400.2158203125
100000000000000000000002,1,921125000,0,-45,3.51588396583389,0,0,0.740075988769531,1.63,0,-5400.2158203125
100000000000000000000000,1,921125000,0,-48.5,1.32535940073319,0,0,0.740075988769531,1.63,0,-5400.2158203125
100000000000000000000001,1,921125000,0,-46.5,2.31324302813155,0,0,0.740075988769531,1.63,0,-5400.2158203125
100000000000000000000003,1,921125000,0,-45.5,2.04326240946367,0,0,0.740075988769531,1.63,0,-5400.2158203125
E00000000000000000002005,1,921125000,0,-61.5,0.460194236365693,0,0,0.740075988769531,1.63,0,-5400.2158203125
100000000000000000000004,1,921125000,0,-46.5,3.91471897068416,0,0,0.740075988769531,1.63,0,-5400.2158203125
E00000000000000000002005,1,921125000,0,-62,0.466330159517235,0,0,0.740075988769531,1.63,0,-5400.2158203125
100000000000000000000002,1,921125000,0,-45,3.53429173528852,0,0,0.740075988769531,1.63,0,-5400.2158203125
100000000000000000000001,1,921125000,0,-46.5,2.32551487443463,0,0,0.740075988769531,1.63,0,-5400.2158203125
100000000000000000000003,1,921125000,0,-45.5,2.03712648631213,0,0,0.740075988769531,1.63,0,-5400.2158203125
100000000000000000000000,1,921125000,0,-48.5,1.36217493964245,0,0,0.740075988769531,1.63,0,-5400.2158203125
100000000000000000000004,1,921125000,0,-46.5,3.93312674013878,0,0,0.740075988769531,1.63,0,-5400.2158203125
100000000000000000000001,1,921125000,0,-46.5,2.30097118182846,0,0,0.740075988769531,1.63,0,-5400.2158203125
100000000000000000000000,1,921125000,0,-48.5,1.38058270909708,0,0,0.740075988769531,1.63,0,-5400.2158203125
100000000000000000000002,1,921125000,0,-45,3.5465635815916,0,0,0.740075988769531,1.63,0,-5400.2158203125
100000000000000000000003,1,921125000,0,-45.5,2.02485464000905,0,0,0.740075988769531,1.63,0,-5400.2158203125
E00000000000000000002005,1,921125000,0,-61.5,0.484737928971863,0,0,0.740075988769531,1.63,0,-5400.2158203125
100000000000000000000003,1,921125000,0,-45.5,2.03099056316059,0,0,0.740075988769531,1.63,0,-5400.2158203125
100000000000000000000004,1,921125000,0,-46.5,3.93312674013878,0,0,0.740075988769531,1.63,0,-5400.2158203125
100000000000000000000000,1,921125000,0,-48.5,1.36831086279399,0,0,0.740075988769531,1.63,0,-5400.2158203125
100000000000000000000001,1,921125000,0,-46.5,2.30710710498,0,0,0.740075988769531,1.63,0,-5400.2158203125
100000000000000000000002,1,921125000,0,-45,3.53429173528852,0,0,0.740075988769531,1.63,0,-5400.2158203125
E00000000000000000002005,1,921125000,0,-61.5,0.490873852123405,0,0,0.740075988769531,1.63,0,-5400.2158203125
100000000000000000000004,1,921125000,0,-46.5,3.93312674013878,0,0,0.740075988769531,1.63,0,-5400.2158203125
100000000000000000000002,1,921125000,0,-45,3.54042765844006,0,0,0.740075988769531,1.63,0,-5400.2158203125
100000000000000000000003,1,921125000,0,-45.5,2.02485464000905,0,0,0.740075988769531,1.63,0,-5400.2158203125
100000000000000000000000,1,921125000,0,-48.5,1.37444678594553,0,0,0.740075988769531,1.63,0,-5400.2158203125
100000000000000000000001,1,921125000,0,-46.5,2.31324302813155,0,0,0.740075988769531,1.63,0,-5400.2158203125
E00000000000000000002005,1,921125000,0,-61,0.472466082668777,0,0,0.740075988769531,1.63,0,-5400.2158203125
100000000000000000000003,1,921125000,0,-45.5,2.04326240946367,0,0,0.740075988769531,1.63,0,-5400.2158203125
100000000000000000000000,1,921125000,0,-48.5,1.36217493964245,0,0,0.740075988769531,1.63,0,-5400.2158203125
E00000000000000000002005,1,921125000,0,-61.5,0.404970928001809,0,0,0.740075988769531,1.63,0,-5400.2158203125
100000000000000000000001,1,921125000,0,-46.5,2.31324302813155,0,0,0.740075988769531,1.63,0,-5400.2158203125
100000000000000000000002,1,921125000,0,-45,3.51588396583389,0,0,0.740075988769531,1.63,0,-5400.2158203125
100000000000000000000004,1,921125000,0,-46.5,3.93312674013878,0,0,0.740075988769531,1.63,0,-5400.2158203125
100000000000000000000002,1,921125000,0,-45,3.52201988898543,0,0,0.740075988769531,1.63,0,-5400.2158203125
100000000000000000000003,1,921125000,0,-45.5,2.03712648631213,0,0,0.740075988769531,1.63,0,-5400.2158203125
100000000000000000000001,1,921125000,0,-46.5,2.31937895128309,0,0,0.740075988769531,1.63,0,-5400.2158203125
100000000000000000000000,1,921125000,0,-48.5,1.37444678594553,0,0,0.740075988769531,1.63,0,-5400.2158203125
100000000000000000000004,1,921125000,0,-46.5,3.92699081698724,0,0,0.740075988769531,1.63,0,-5400.2158203125
E00000000000000000002005,1,921125000,0,-61.5,0.447922390062607,0,0,0.740075988769531,1.63,0,-5400.2158203125
100000000000000000000003,1,921125000,0,-45.5,2.0187187168575,0,0,0.740075988769531,1.63,0,-5400.2158203125
100000000000000000000000,1,921125000,0,-48.5,1.38058270909708,0,0,0.740075988769531,1.63,0,-5400.2158203125
100000000000000000000002,1,921125000,0,-45,3.55269950474315,0,0,0.740075988769531,1.63,0,-5400.2158203125
100000000000000000000004,1,921125000,0,-47,3.93312674013878,0,0,0.740075988769531,1.63,0,-5400.2158203125
100000000000000000000001,1,921125000,0,-46.5,2.33165079758617,0,0,0.740075988769531,1.63,0,-5400.2158203125
E00000000000000000002005,1,921125000,0,-61.5,0.466330159517235,0,0,0.740075988769531,1.63,0,-5400.2158203125
E00000000000000000002005,1,921125000,0,-61.5,0.447922390062607,0,0,0.740075988769531,1.63,0,-5400.2158203125
100000000000000000000000,1,921125000,0,-48.5,1.38671863224862,0,0,0.740075988769531,1.63,0,-5400.2158203125
100000000000000000000003,1,921125000,0,-45.5,2.01258279370596,0,0,0.740075988769531,1.63,0,-5400.2158203125
100000000000000000000001,1,921125000,0,-46.5,2.31324302813155,0,0,0.740075988769531,1.63,0,-5400.2158203125
100000000000000000000002,1,921125000,0,-45,3.54042765844006,0,0,0.740075988769531,1.63,0,-5400.2158203125
100000000000000000000004,1,921125000,0,-46.5,3.92699081698724,0,0,0.740075988769531,1.63,0,-5400.2158203125
E00000000000000000002005,1,921125000,0,-61.5,0.50314569842649,0,0,0.740075988769531,1.63,0,-5400.2158203125
100000000000000000000002,1,921125000,0,-45,3.54042765844006,0,0,0.740075988769531,1.63,0,-5400.2158203125
100000000000000000000000,1,921125000,0,-48.5,1.37444678594553,0,0,0.740075988769531,1.63,0,-5400.2158203125
100000000000000000000003,1,921125000,0,-45.5,2.00644687055442,0,0,0.740075988769531,1.63,0,-5400.2158203125
100000000000000000000001,1,921125000,0,-46.5,2.33778672073772,0,0,0.740075988769531,1.63,0,-5400.2158203125
100000000000000000000004,1,921125000,0,-46.5,3.91471897068416,0,0,0.740075988769531,1.63,0,-5400.2158203125
100000000000000000000000,1,921125000,0,-48.5,1.36217493964245,0,0,0.740075988769531,1.63,0,-5400.2158203125
100000000000000000000002,1,921125000,0,-45,3.54042765844006,0,0,0.740075988769531,1.63,0,-5400.2158203125
100000000000000000000004,1,921125000,0,-47,3.9208548938357,0,0,0.740075988769531,1.63,0,-5400.2158203125
100000000000000000000001,1,921125000,0,-46.5,2.33165079758617,0,0,0.740075988769531,1.63,0,-5400.2158203125
E00000000000000000002005,1,921125000,0,-61,0.472466082668777,0,0,0.740075988769531,1.63,0,-5400.2158203125
100000000000000000000003,1,921125000,0,-45.5,2.03712648631213,0,0,0.740075988769531,1.63,0,-5400.2158203125
100000000000000000000003,1,921125000,0,-45.5,2.01258279370596,0,0,0.740075988769531,1.63,0,-5400.2158203125
E00000000000000000002005,1,921125000,0,-61.5,0.429514620607979,0,0,0.740075988769531,1.63,0,-5400.2158203125
100000000000000000000001,1,921125000,0,-46.5,2.30710710498,0,0,0.740075988769531,1.63,0,-5400.2158203125
100000000000000000000002,1,921125000,0,-45,3.52815581213697,0,0,0.740075988769531,1.63,0,-5400.2158203125
100000000000000000000000,1,921125000,0,-48.5,1.33149532388474,0,0,0.740075988769531,1.63,0,-5400.2158203125
100000000000000000000004,1,921125000,0,-47,3.92699081698724,0,0,0.740075988769531,1.63,0,-5400.2158203125
100000000000000000000001,1,921125000,0,-46.5,2.31937895128309,0,0,0.740075988769531,1.63,0,-5400.2158203125
100000000000000000000002,1,921125000,0,-45,3.54042765844006,0,0,0.740075988769531,1.63,0,-5400.2158203125
100000000000000000000003,1,921125000,0,-45.5,2.02485464000905,0,0,0.740075988769531,1.63,0,-5400.2158203125
100000000000000000000004,1,921125000,0,-46.5,3.92699081698724,0,0,0.740075988769531,1.63,0,-5400.2158203125
E00000000000000000002005,1,921125000,0,-61.5,0.45405831321415,0,0,0.740075988769531,1.63,0,-5400.2158203125
100000000000000000000000,1,921125000,0,-48.5,1.36831086279399,0,0,0.740075988769531,1.63,0,-5400.2158203125
100000000000000000000001,1,921125000,0,-46.5,2.30097118182846,0,0,0.740075988769531,1.63,0,-5400.2158203125
100000000000000000000003,1,921125000,0,-45.5,2.01258279370596,0,0,0.740075988769531,1.63,0,-5400.2158203125
E00000000000000000002005,1,921125000,0,-61,0.466330159517235,0,0,0.740075988769531,1.63,0,-5400.2158203125
100000000000000000000004,1,921125000,0,-47,3.92699081698724,0,0,0.740075988769531,1.63,0,-5400.2158203125
100000000000000000000000,1,921125000,0,-48.5,1.36831086279399,0,0,0.740075988769531,1.63,0,-5400.2158203125
100000000000000000000002,1,921625000,0,-45,3.77359273819868,0,0,0.740075988769531,1.63,0,-5400.2158203125
E00000000000000000002005,1,921625000,0,-61.5,0.914252549579842,0,0,0.740075988769531,1.63,0,-5400.2158203125
100000000000000000000003,1,921625000,0,-45.5,2.28256341237383,0,0,0.740075988769531,1.63,0,-5400.2158203125
100000000000000000000001,1,921625000,0,-46,2.60776733940559,0,0,0.740075988769531,1.63,0,-5400.2158203125
100000000000000000000004,1,921625000,0,-46.5,4.17856366620049,0,0,0.740075988769531,1.63,0,-5400.2158203125
100000000000000000000002,1,921625000,0,-45,3.77972866135022,0,0,0.740075988769531,1.63,0,-5400.2158203125
100000000000000000000000,1,921625000,0,-49,1.65056332776495,0,0,0.740075988769531,1.63,0,-5400.2158203125
E00000000000000000002005,1,921625000,0,-61.5,0.93266031903447,0,0,0.740075988769531,1.63,0,-5400.2158203125
100000000000000000000000,1,921625000,0,-49,1.61988371200724,0,0,0.740075988769531,1.63,0,-5400.2158203125
100000000000000000000004,1,921625000,0,-46.5,4.1662918198974,0,0,0.740075988769531,1.63,0,-5400.2158203125
100000000000000000000002,1,921625000,0,-45,3.76132089189559,0,0,0.740075988769531,1.63,0,-5400.2158203125
100000000000000000000001,1,921625000,0,-46,2.58322364679942,0,0,0.740075988769531,1.63,0,-5400.2158203125
100000000000000000000003,1,921625000,0,-45.5,2.27029156607075,0,0,0.740075988769531,1.63,0,-5400.2158203125
100000000000000000000003,1,921625000,0,-45.5,2.28256341237383,0,0,0.740075988769531,1.63,0,-5400.2158203125
E00000000000000000002005,1,921625000,0,-61.5,0.852893318064416,0,0,0.740075988769531,1.63,0,-5400.2158203125
100000000000000000000000,1,921625000,0,-49,1.66283517406803,0,0,0.740075988769531,1.63,0,-5400.2158203125
100000000000000000000004,1,921625000,0,-46.5,4.15401997359432,0,0,0.740075988769531,1.63,0,-5400.2158203125
100000000000000000000001,1,921625000,0,-46,2.60163141625405,0,0,0.740075988769531,1.63,0,-5400.2158203125
100000000000000000000002,1,921625000,0,-45,3.77359273819868,0,0,0.740075988769531,1.63,0,-5400.2158203125
E00000000000000000002005,1,921625000,0,-61.5,0.914252549579842,0,0,0.740075988769531,1.63,0,-5400.2158203125
100000000000000000000003,1,921625000,0,-45.5,2.28869933552538,0,0,0.740075988769531,1.63,0,-5400.2158203125
100000000000000000000004,1,921625000,0,-46.5,4.15401997359432,0,0,0.740075988769531,1.63,0,-5400.2158203125
100000000000000000000000,1,921625000,0,-49,1.65056332776495,0,0,0.740075988769531,1.63,0,-5400.2158203125
100000000000000000000001,1,921625000,0,-46.5,2.5954954931025,0,0,0.740075988769531,1.63,0,-5400.2158203125
100000000000000000000002,1,921625000,0,-45,3.74291312244096,0,0,0.740075988769531,1.63,0,-5400.2158203125
100000000000000000000004,1,921625000,0,-46.5,4.15401997359432,0,0,0.740075988769531,1.63,0,-5400.2158203125
100000000000000000000000,1,921625000,0,-49,1.64442740461341,0,0,0.740075988769531,1.63,0,-5400.2158203125
100000000000000000000002,1,921625000,0,-45,3.76745681504713,0,0,0.740075988769531,1.63,0,-5400.2158203125
E00000000000000000002005,1,921625000,0,-61.5,0.908116626428299,0,0,0.740075988769531,1.63,0,-5400.2158203125
100000000000000000000001,1,921625000,0,-46,2.5954954931025,0,0,0.740075988769531,1.63,0,-5400.2158203125
100000000000000000000003,1,921625000,0,-45.5,2.25188379661612,0,0,0.740075988769531,1.63,0,-5400.2158203125
100000000000000000000002,1,921625000,0,-45,3.77972866135022,0,0,0.740075988769531,1.63,0,-5400.2158203125
100000000000000000000000,1,921625000,0,-49,1.66283517406803,0,0,0.740075988769531,1.63,0,-5400.2158203125
100000000000000000000004,1,921625000,0,-46.5,4.1662918198974,0,0,0.740075988769531,1.63,0,-5400.2158203125
E00000000000000000002005,1,921625000,0,-61.5,0.93266031903447,0,0,0.740075988769531,1.63,0,-5400.2158203125
100000000000000000000003,1,921625000,0,-46,2.29483525867692,0,0,0.740075988769531,1.63,0,-5400.2158203125
100000000000000000000001,1,921625000,0,-46,2.60163141625405,0,0,0.740075988769531,1.63,0,-5400.2158203125
E00000000000000000002005,1,921625000,0,-61.5,1.01856324315607,0,0,0.740075988769531,1.63,0,-5400.2158203125
100000000000000000000000,1,921625000,0,-49,1.63829148146186,0,0,0.740075988769531,1.63,0,-5400.2158203125
100000000000000000000001,1,921625000,0,-46.5,2.60163141625405,0,0,0.740075988769531,1.63,0,-5400.2158203125
100000000000000000000003,1,921625000,0,-46,2.27029156607075,0,0,0.740075988769531,1.63,0,-5400.2158203125
100000000000000000000002,1,921625000,0,-45,3.77359273819868,0,0,0.740075988769531,1.63,0,-5400.2158203125
100000000000000000000004,1,921625000,0,-46.5,4.14788405044277,0,0,0.740075988769531,1.63,0,-5400.2158203125
100000000000000000000004,1,921625000,0,-46.5,4.15401997359432,0,0,0.740075988769531,1.63,0,-5400.2158203125
100000000000000000000003,1,921625000,0,-45.5,2.27029156607075,0,0,0.740075988769531,1.63,0,-5400.2158203125
100000000000000000000002,1,921625000,0,-45,3.77972866135022,0,0,0.740075988769531,1.63,0,-5400.2158203125
100000000000000000000001,1,921625000,0,-46.5,2.5954954931025,0,0,0.740075988769531,1.63,0,-5400.2158203125
100000000000000000000000,1,921625000,0,-49,1.65669925091649,0,0,0.740075988769531,1.63,0,-5400.2158203125
E00000000000000000002005,1,921625000,0,-61.5,0.901980703276757,0,0,0.740075988769531,1.63,0,-5400.2158203125
100000000000000000000000,1,921625000,0,-49,1.61374778885569,0,0,0.740075988769531,1.63,0,-5400.2158203125
100000000000000000000002,1,921625000,0,-45,3.76132089189559,0,0,0.740075988769531,1.63,0,-5400.2158203125
E00000000000000000002005,1,921625000,0,-61,0.883572933822129,0,0,0.740075988769531,1.63,0,-5400.2158203125
100000000000000000000001,1,921625000,0,-46,2.5954954931025,0,0,0.740075988769531,1.63,0,-5400.2158203125
100000000000000000000004,1,921625000,0,-46.5,4.17242774304894,0,0,0.740075988769531,1.63,0,-5400.2158203125
100000000000000000000003,1,921625000,0,-45.5,2.28256341237383,0,0,0.740075988769531,1.63,0,-5400.2158203125
100000000000000000000001,1,921625000,0,-46.5,2.60163141625405,0,0,0.740075988769531,1.63,0,-5400.2158203125
E00000000000000000002005,1,921625000,0,-61,0.95720401164064,0,0,0.740075988769531,1.63,0,-5400.2158203125
100000000000000000000002,1,921625000,0,-45,3.75518496874405,0,0,0.740075988769531,1.63,0,-5400.2158203125
100000000000000000000003,1,921625000,0,-45.5,2.25801971976766,0,0,0.740075988769531,1.63,0,-5400.2158203125
100000000000000000000004,1,921625000,0,-46.5,4.14788405044277,0,0,0.740075988769531,1.63,0,-5400.2158203125
100000000000000000000000,1,921625000,0,-49,1.67510702037112,0,0,0.740075988769531,1.63,0,-5400.2158203125
100000000000000000000003,1,921625000,0,-45.5,2.27642748922229,0,0,0.740075988769531,1.63,0,-5400.2158203125
100000000000000000000002,1,921625000,0,-45,3.75518496874405,0,0,0.740075988769531,1.63,0,-5400.2158203125
100000000000000000000004,1,921625000,0,-46.5,4.17242774304894,0,0,0.740075988769531,1.63,0,-5400.2158203125
100000000000000000000001,1,921625000,0,-46,2.58935956995096,0,0,0.740075988769531,1.63,0,-5400.2158203125
E00000000000000000002005,1,921625000,0,-62,0.901980703276757,0,0,0.740075988769531,1.63,0,-5400.2158203125
100000000000000000000000,1,921625000,0,-49,1.64442740461341,0,0,0.740075988769531,1.63,0,-5400.2158203125
E00000000000000000002005,1,921625000,0,-61.5,0.963339934792183,0,0,0.740075988769531,1.63,0,-5400.2158203125
100000000000000000000000,1,921625000,0,-49,1.67510702037112,0,0,0.740075988769531,1.63,0,-5400.2158203125
100000000000000000000004,1,921625000,0,-46.5,4.15401997359432,0,0,0.740075988769531,1.63,0,-5400.2158203125
100000000000000000000002,1,921625000,0,-45.5,3.76745681504713,0,0,0.740075988769531,1.63,0,-5400.2158203125
100000000000000000000001,1,921625000,0,-46,2.5954954931025,0,0,0.740075988769531,1.63,0,-5400.2158203125
100000000000000000000003,1,921625000,0,-46,2.29483525867692,0,0,0.740075988769531,1.63,0,-5400.2158203125
100000000000000000000000,1,921625000,0,-49,1.61988371200724,0,0,0.740075988769531,1.63,0,-5400.2158203125
100000000000000000000001,1,921625000,0,-46,2.5954954931025,0,0,0.740075988769531,1.63,0,-5400.2158203125
100000000000000000000002,1,921625000,0,-45,3.76745681504713,0,0,0.740075988769531,1.63,0,-5400.2158203125
100000000000000000000003,1,921625000,0,-45.5,2.28869933552538,0,0,0.740075988769531,1.63,0,-5400.2158203125
E00000000000000000002005,1,921625000,0,-61.5,0.760854470791278,0,0,0.740075988769531,1.63,0,-5400.2158203125
100000000000000000000004,1,921625000,0,-46,4.17242774304894,0,0,0.740075988769531,1.63,0,-5400.2158203125
100000000000000000000004,1,921625000,0,-46.5,4.15401997359432,0,0,0.740075988769531,1.63,0,-5400.2158203125
100000000000000000000002,1,921625000,0,-45,3.76745681504713,0,0,0.740075988769531,1.63,0,-5400.2158203125
100000000000000000000001,1,921625000,0,-46.5,2.58935956995096,0,0,0.740075988769531,1.63,0,-5400.2158203125
100000000000000000000000,1,921625000,0,-49,1.63829148146186,0,0,0.740075988769531,1.63,0,-5400.2158203125
100000000000000000000003,1,921625000,0,-46,2.26415564291921,0,0,0.740075988769531,1.63,0,-5400.2158203125
E00000000000000000002005,1,921625000,0,-62,0.877437010670587,0,0,0.740075988769531,1.63,0,-5400.2158203125
100000000000000000000004,1,921625000,0,-46.5,4.15401997359432,0,0,0.740075988769531,1.63,0,-5400.2158203125
100000000000000000000003,1,921625000,0,-45.5,2.27642748922229,0,0,0.740075988769531,1.63,0,-5400.2158203125
E00000000000000000002005,1,921625000,0,-61,0.834485548609789,0,0,0.740075988769531,1.63,0,-5400.2158203125
100000000000000000000001,1,921625000,0,-46.5,2.60776733940559,0,0,0.740075988769531,1.63,0,-5400.2158203125
100000000000000000000000,1,921625000,0,-49,1.61988371200724,0,0,0.740075988769531,1.63,0,-5400.2158203125
100000000000000000000002,1,921625000,0,-45,3.78586458450176,0,0,0.740075988769531,1.63,0,-5400.2158203125
100000000000000000000003,1,921625000,0,-46,2.27642748922229,0,0,0.740075988769531,1.63,0,-5400.2158203125
100000000000000000000000,1,921625000,0,-49,1.62601963515878,0,0,0.740075988769531,1.63,0,-5400.2158203125
100000000000000000000004,1,921625000,0,-46.5,4.15401997359432,0,0,0.740075988769531,1.63,0,-5400.2158203125
100000000000000000000001,1,921625000,0,-46.5,2.60163141625405,0,0,0.740075988769531,1.63,0,-5400.2158203125
100000000000000000000002,1,921625000,0,-45,3.76132089189559,0,0,0.740075988769531,1.63,0,-5400.2158203125
E00000000000000000002005,1,921625000,0,-61,0.834485548609789,0,0,0.740075988769531,1.63,0,-5400.2158203125
100000000000000000000001,1,921625000,0,-46.5,2.60163141625405,0,0,0.740075988769531,1.63,0,-5400.2158203125
100000000000000000000000,1,921625000,0,-49,1.65056332776495,0,0,0.740075988769531,1.63,0,-5400.2158203125
100000000000000000000004,1,921625000,0,-46.5,4.1662918198974,0,0,0.740075988769531,1.63,0,-5400.2158203125
100000000000000000000002,1,921625000,0,-45,3.76745681504713,0,0,0.740075988769531,1.63,0,-5400.2158203125
E00000000000000000002005,1,921625000,0,-61.5,0.871301087519044,0,0,0.740075988769531,1.63,0,-5400.2158203125
100000000000000000000003,1,921625000,0,-45.5,2.27642748922229,0,0,0.740075988769531,1.63,0,-5400.2158203125
E00000000000000000002005,1,921625000,0,-61.5,0.852893318064416,0,0,0.740075988769531,1.63,0,-5400.2158203125
100000000000000000000000,1,921625000,0,-49,1.61374778885569,0,0,0.740075988769531,1.63,0,-5400.2158203125
100000000000000000000004,1,921625000,0,-46,4.15401997359432,0,0,0.740075988769531,1.63,0,-5400.2158203125
100000000000000000000001,1,921625000,0,-46,2.60163141625405,0,0,0.740075988769531,1.63,0,-5400.2158203125
100000000000000000000003,1,921625000,0,-45.5,2.29483525867692,0,0,0.740075988769531,1.63,0,-5400.2158203125
100000000000000000000002,1,921625000,0,-45,3.78586458450176,0,0,0.740075988769531,1.63,0,-5400.2158203125
100000000000000000000004,1,921625000,0,-46.5,4.1662918198974,0,0,0.740075988769531,1.63,0,-5400.2158203125
100000000000000000000003,1,921625000,0,-45.5,2.27642748922229,0,0,0.740075988769531,1.63,0,-5400.2158203125
E00000000000000000002005,1,921625000,0,-61,0.809941856003618,0,0,0.740075988769531,1.63,0,-5400.2158203125
100000000000000000000000,1,921625000,0,-49,1.62601963515878,0,0,0.740075988769531,1.63,0,-5400.2158203125
100000000000000000000002,1,921625000,0,-45,3.76132089189559,0,0,0.740075988769531,1.63,0,-5400.2158203125
100000000000000000000001,1,921625000,0,-46,2.58322364679942,0,0,0.740075988769531,1.63,0,-5400.2158203125
100000000000000000000002,1,921625000,0,-45,3.77359273819868,0,0,0.740075988769531,1.63,0,-5400.2158203125
E00000000000000000002005,1,921625000,0,-61.5,0.908116626428299,0,0,0.740075988769531,1.63,0,-5400.2158203125
100000000000000000000000,1,921625000,0,-49,1.65056332776495,0,0,0.740075988769531,1.63,0,-5400.2158203125
100000000000000000000003,1,921625000,0,-45.5,2.30710710498,0,0,0.740075988769531,1.63,0,-5400.2158203125
100000000000000000000004,1,921625000,0,-46.5,4.1662918198974,0,0,0.740075988769531,1.63,0,-5400.2158203125
100000000000000000000001,1,921625000,0,-46.5,2.5954954931025,0,0,0.740075988769531,1.63,0,-5400.2158203125
100000000000000000000002,1,921625000,0,-45,3.77359273819868,0,0,0.740075988769531,1.63,0,-5400.2158203125
100000000000000000000001,1,921625000,0,-46,2.62003918570868,0,0,0.740075988769531,1.63,0,-5400.2158203125
100000000000000000000004,1,921625000,0,-46.5,4.17242774304894,0,0,0.740075988769531,1.63,0,-5400.2158203125
E00000000000000000002005,1,921625000,0,-61,0.760854470791278,0,0,0.740075988769531,1.63,0,-5400.2158203125
100000000000000000000000,1,921625000,0,-49,1.66283517406803,0,0,0.740075988769531,1.63,0,-5400.2158203125
100000000000000000000003,1,921625000,0,-45.5,2.28869933552538,0,0,0.740075988769531,1.63,0,-5400.2158203125
100000000000000000000001,1,921625000,0,-46,2.57095180049633,0,0,0.740075988769531,1.63,0,-5400.2158203125
100000000000000000000000,1,921625000,0,-49,1.66283517406803,0,0,0.740075988769531,1.63,0,-5400.2158203125
100000000000000000000004,1,921625000,0,-46.5,4.17856366620049,0,0,0.740075988769531,1.63,0,-5400.2158203125
100000000000000000000002,1,921625000,0,-45,3.78586458450176,0,0,0.740075988769531,1.63,0,-5400.2158203125
100000000000000000000003,1,921625000,0,-46,2.28256341237383,0,0,0.740075988769531,1.63,0,-5400.2158203125
100000000000000000000003,1,921625000,0,-45.5,2.28256341237383,0,0,0.740075988769531,1.63,0,-5400.2158203125
E00000000000000000002005,1,921625000,0,-61.5,0.889708856973672,0,0,0.740075988769531,1.63,0,-5400.2158203125
100000000000000000000002,1,921625000,0,-45,3.76745681504713,0,0,0.740075988769531,1.63,0,-5400.2158203125
100000000000000000000000,1,921625000,0,-49,1.65056332776495,0,0,0.740075988769531,1.63,0,-5400.2158203125
100000000000000000000001,1,921625000,0,-46,2.61390326255713,0,0,0.740075988769531,1.63,0,-5400.2158203125
100000000000000000000004,1,921625000,0,-46.5,4.16015589674586,0,0,0.740075988769531,1.63,0,-5400.2158203125
100000000000000000000002,1,921625000,0,-45,3.78586458450176,0,0,0.740075988769531,1.63,0,-5400.2158203125
100000000000000000000001,1,921625000,0,-46,2.5954954931025,0,0,0.740075988769531,1.63,0,-5400.2158203125
E00000000000000000002005,1,921625000,0,-61,1.00629139685298,0,0,0.740075988769531,1.63,0,-5400.2158203125
100000000000000000000003,1,921625000,0,-46,2.28256341237383,0,0,0.740075988769531,1.63,0,-5400.2158203125
100000000000000000000000,1,921625000,0,-49,1.61374778885569,0,0,0.740075988769531,1.63,0,-5400.2158203125
100000000000000000000004,1,921625000,0,-46.5,4.1662918198974,0,0,0.740075988769531,1.63,0,-5400.2158203125
100000000000000000000001,1,921625000,0,-46,2.60163141625405,0,0,0.740075988769531,1.63,0,-5400.2158203125
100000000000000000000003,1,921625000,0,-45.5,2.29483525867692,0,0,0.740075988769531,1.63,0,-5400.2158203125
100000000000000000000004,1,921625000,0,-46,4.17242774304894,0,0,0.740075988769531,1.63,0,-5400.2158203125
100000000000000000000000,1,921625000,0,-49,1.66283517406803,0,0,0.740075988769531,1.63,0,-5400.2158203125
100000000000000000000002,1,921625000,0,-45,3.76132089189559,0,0,0.740075988769531,1.63,0,-5400.2158203125
E00000000000000000002005,1,921625000,0,-61.5,0.852893318064416,0,0,0.740075988769531,1.63,0,-5400.2158203125
100000000000000000000004,1,921625000,0,-46.5,4.1662918198974,0,0,0.740075988769531,1.63,0,-5400.2158203125
100000000000000000000001,1,921625000,0,-46,2.58935956995096,0,0,0.740075988769531,1.63,0,-5400.2158203125
100000000000000000000003,1,921625000,0,-45.5,2.29483525867692,0,0,0.740075988769531,1.63,0,-5400.2158203125
100000000000000000000002,1,921625000,0,-45,3.75518496874405,0,0,0.740075988769531,1.63,0,-5400.2158203125
100000000000000000000000,1,921625000,0,-49,1.64442740461341,0,0,0.740075988769531,1.63,0,-5400.2158203125
E00000000000000000002005,1,921625000,0,-61,0.748582624488193,0,0,0.740075988769531,1.63,0,-5400.2158203125
100000000000000000000004,1,921625000,0,-46.5,4.14788405044277,0,0,0.740075988769531,1.63,0,-5400.2158203125
100000000000000000000000,1,921625000,0,-49,1.63215555831032,0,0,0.740075988769531,1.63,0,-5400.2158203125
100000000000000000000002,1,921625000,0,-45,3.77359273819868,0,0,0.740075988769531,1.63,0,-5400.2158203125
100000000000000000000001,1,921625000,0,-46.5,2.60163141625405,0,0,0.740075988769531,1.63,0,-5400.2158203125
100000000000000000000003,1,921625000,0,-46,2.28869933552538,0,0,0.740075988769531,1.63,0,-5400.2158203125
E00000000000000000002005,1,921625000,0,-60.5,0.852893318064416,0,0,0.740075988769531,1.63,0,-5400.2158203125
E00000000000000000002005,1,921625000,0,-61.5,0.779262240245906,0,0,0.740075988769531,1.63,0,-5400.2158203125
100000000000000000000004,1,921625000,0,-46,4.15401997359432,0,0,0.740075988769531,1.63,0,-5400.2158203125
100000000000000000000003,1,921625000,0,-45.5,2.29483525867692,0,0,0.740075988769531,1.63,0,-5400.2158203125
100000000000000000000000,1,921625000,0,-49,1.60761186570415,0,0,0.740075988769531,1.63,0,-5400.2158203125
100000000000000000000002,1,921625000,0,-45,3.74904904559251,0,0,0.740075988769531,1.63,0,-5400.2158203125
100000000000000000000001,1,921625000,0,-46.5,2.58935956995096,0,0,0.740075988769531,1.63,0,-5400.2158203125
100000000000000000000002,1,921625000,0,-45,3.76132089189559,0,0,0.740075988769531,1.63,0,-5400.2158203125
100000000000000000000001,1,921625000,0,-46.5,2.60776733940559,0,0,0.740075988769531,1.63,0,-5400.2158203125
100000000000000000000000,1,921625000,0,-49,1.64442740461341,0,0,0.740075988769531,1.63,0,-5400.2158203125
100000000000000000000003,1,921625000,0,-45.5,2.30097118182846,0,0,0.740075988769531,1.63,0,-5400.2158203125
100000000000000000000004,1,921625000,0,-46.5,4.14788405044277,0,0,0.740075988769531,1.63,0,-5400.2158203125
E00000000000000000002005,1,921625000,0,-61.5,0.938796242186013,0,0,0.740075988769531,1.63,0,-5400.2158203125
100000000000000000000002,1,921625000,0,-45,3.76745681504713,0,0,0.740075988769531,1.63,0,-5400.2158203125
E00000000000000000002005,1,921625000,0,-61.5,0.895844780125215,0,0,0.740075988769531,1.63,0,-5400.2158203125
100000000000000000000004,1,921625000,0,-46.5,4.1662918198974,0,0,0.740075988769531,1.63,0,-5400.2158203125
100000000000000000000003,1,921625000,0,-45.5,2.29483525867692,0,0,0.740075988769531,1.63,0,-5400.2158203125
100000000000000000000001,1,921625000,0,-46,2.5954954931025,0,0,0.740075988769531,1.63,0,-5400.2158203125
100000000000000000000000,1,921625000,0,-49,1.66283517406803,0,0,0.740075988769531,1.63,0,-5400.2158203125
100000000000000000000001,1,921625000,0,-46,2.60776733940559,0,0,0.740075988769531,1.63,0,-5400.2158203125
100000000000000000000000,1,921625000,0,-49,1.64442740461341,0,0,0.740075988769531,1.63,0,-5400.2158203125
100000000000000000000004,1,921625000,0,-46.5,4.1662918198974,0,0,0.740075988769531,1.63,0,-5400.2158203125
100000000000000000000003,1,921625000,0,-46,2.28256341237383,0,0,0.740075988769531,1.63,0,-5400.2158203125
E00000000000000000002005,1,921625000,0,-62,0.944932165337555,0,0,0.740075988769531,1.63,0,-5400.2158203125
100000000000000000000002,1,921625000,0,-45,3.78586458450176,0,0,0.740075988769531,1.63,0,-5400.2158203125
100000000000000000000003,1,921625000,0,-45.5,2.29483525867692,0,0,0.740075988769531,1.63,0,-5400.2158203125
100000000000000000000001,1,921625000,0,-46.5,2.5954954931025,0,0,0.740075988769531,1.63,0,-5400.2158203125
100000000000000000000002,1,921625000,0,-45,3.77359273819868,0,0,0.740075988769531,1.63,0,-5400.2158203125
100000000000000000000000,1,921625000,0,-49,1.65669925091649,0,0,0.740075988769531,1.63,0,-5400.2158203125
100000000000000000000004,1,921625000,0,-46.5,4.18469958935203,0,0,0.740075988769531,1.63,0,-5400.2158203125
E00000000000000000002005,1,921625000,0,-61.5,0.785398163397448,0,0,0.740075988769531,1.63,0,-5400.2158203125
100000000000000000000002,1,921625000,0,-45,3.79200050765331,0,0,0.740075988769531,1.63,0,-5400.2158203125
100000000000000000000004,1,921625000,0,-46.5,4.1662918198974,0,0,0.740075988769531,1.63,0,-5400.2158203125
100000000000000000000003,1,921625000,0,-45.5,2.28869933552538,0,0,0.740075988769531,1.63,0,-5400.2158203125
100000000000000000000000,1,921625000,0,-49,1.67510702037112,0,0,0.740075988769531,1.63,0,-5400.2158203125
100000000000000000000001,1,921625000,0,-46,2.60163141625405,0,0,0.740075988769531,1.63,0,-5400.2158203125
E00000000000000000002005,1,921625000,0,-61.5,0.901980703276757,0,0,0.740075988769531,1.63,0,-5400.2158203125
E00000000000000000002005,1,921625000,0,-62,0.736310778185108,0,0,0.740075988769531,1.63,0,-5400.2158203125
100000000000000000000000,1,921625000,0,-49,1.67510702037112,0,0,0.740075988769531,1.63,0,-5400.2158203125
100000000000000000000001,1,921625000,0,-46,2.60163141625405,0,0,0.740075988769531,1.63,0,-5400.2158203125
100000000000000000000002,1,921625000,0,-45,3.77972866135022,0,0,0.740075988769531,1.63,0,-5400.2158203125
100000000000000000000004,1,921625000,0,-46.5,4.1662918198974,0,0,0.740075988769531,1.63,0,-5400.2158203125
100000000000000000000003,1,921625000,0,-46,2.30097118182846,0,0,0.740075988769531,1.63,0,-5400.2158203125
E00000000000000000002005,1,921625000,0,-61.5,0.785398163397448,0,0,0.740075988769531,1.63,0,-5400.2158203125
100000000000000000000001,1,921625000,0,-46.5,2.60163141625405,0,0,0.740075988769531,1.63,0,-5400.2158203125
100000000000000000000003,1,921625000,0,-45.5,2.27029156607075,0,0,0.740075988769531,1.63,0,-5400.2158203125
100000000000000000000004,1,921625000,0,-46,4.1662918198974,0,0,0.740075988769531,1.63,0,-5400.2158203125
100000000000000000000002,1,921625000,0,-45,3.78586458450176,0,0,0.740075988769531,1.63,0,-5400.2158203125
100000000000000000000000,1,921625000,0,-49,1.64442740461341,0,0,0.740075988769531,1.63,0,-5400.2158203125
100000000000000000000002,1,921625000,0,-45,3.76745681504713,0,0,0.740075988769531,1.63,0,-5400.2158203125
E00000000000000000002005,1,921625000,0,-61,0.871301087519044,0,0,0.740075988769531,1.63,0,-5400.2158203125
100000000000000000000001,1,921625000,0,-46,2.58935956995096,0,0,0.740075988769531,1.63,0,-5400.2158203125
100000000000000000000000,1,921625000,0,-49,1.65056332776495,0,0,0.740075988769531,1.63,0,-5400.2158203125
100000000000000000000004,1,921625000,0,-46,4.1662918198974,0,0,0.740075988769531,1.63,0,-5400.2158203125
100000000000000000000003,1,921625000,0,-45.5,2.28869933552538,0,0,0.740075988769531,1.63,0,-5400.2158203125
100000000000000000000003,1,921625000,0,-45.5,2.31324302813155,0,0,0.740075988769531,1.63,0,-5400.2158203125
100000000000000000000004,1,921625000,0,-46.5,4.1662918198974,0,0,0.740075988769531,1.63,0,-5400.2158203125
100000000000000000000000,1,921625000,0,-49,1.64442740461341,0,0,0.740075988769531,1.63,0,-5400.2158203125
100000000000000000000002,1,921625000,0,-45,3.76745681504713,0,0,0.740075988769531,1.63,0,-5400.2158203125
100000000000000000000001,1,921625000,0,-46.5,2.5954954931025,0,0,0.740075988769531,1.63,0,-5400.2158203125
E00000000000000000002005,1,921625000,0,-61,0.926524395882927,0,0,0.740075988769531,1.63,0,-5400.2158203125
100000000000000000000002,1,921625000,0,-45,3.76132089189559,0,0,0.740075988769531,1.63,0,-5400.2158203125
100000000000000000000001,1,921625000,0,-46,2.60776733940559,0,0,0.740075988769531,1.63,0,-5400.2158203125
100000000000000000000004,1,921625000,0,-46.5,4.1662918198974,0,0,0.740075988769531,1.63,0,-5400.2158203125
100000000000000000000003,1,921625000,0,-45.5,2.27029156607075,0,0,0.740075988769531,1.63,0,-5400.2158203125
100000000000000000000000,1,921625000,0,-49,1.63215555831032,0,0,0.740075988769531,1.63,0,-5400.2158203125
E00000000000000000002005,1,921625000,0,-61.5,0.840621471761331,0,0,0.740075988769531,1.63,0,-5400.2158203125
E00000000000000000002005,1,921625000,0,-61,0.773126317094363,0,0,0.740075988769531,1.63,0,-5400.2158203125
100000000000000000000000,1,921625000,0,-49,1.66283517406803,0,0,0.740075988769531,1.63,0,-5400.2158203125
100000000000000000000003,1,921625000,0,-45.5,2.27029156607075,0,0,0.740075988769531,1.63,0,-5400.2158203125
100000000000000000000004,1,921625000,0,-46.5,4.19083551250357,0,0,0.740075988769531,1.63,0,-5400.2158203125
100000000000000000000001,1,921625000,0,-46.5,2.62617510886022,0,0,0.740075988769531,1.63,0,-5400.2158203125
100000000000000000000002,1,921625000,0,-45,3.77972866135022,0,0,0.740075988769531,1.63,0,-5400.2158203125
100000000000000000000003,1,921625000,0,-45.5,2.27642748922229,0,0,0.740075988769531,1.63,0,-5400.2158203125
100000000000000000000004,1,921625000,0,-46.5,4.15401997359432,0,0,0.740075988769531,1.63,0,-5400.2158203125
100000000000000000000000,1,921625000,0,-49,1.63829148146186,0,0,0.740075988769531,1.63,0,-5400.2158203125
E00000000000000000002005,1,921625000,0,-61.5,0.748582624488193,0,0,0.740075988769531,1.63,0,-5400.2158203125
100000000000000000000002,1,921625000,0,-45,3.77972866135022,0,0,0.740075988769531,1.63,0,-5400.2158203125
100000000000000000000001,1,921625000,0,-46.5,2.58935956995096,0,0,0.740075988769531,1.63,0,-5400.2158203125
100000000000000000000002,1,921625000,0,-45,3.77972866135022,0,0,0.740075988769531,1.63,0,-5400.2158203125
100000000000000000000004,1,921625000,0,-46,4.15401997359432,0,0,0.740075988769531,1.63,0,-5400.2158203125
100000000000000000000000,1,921625000,0,-49,1.64442740461341,0,0,0.740075988769531,1.63,0,-5400.2158203125
100000000000000000000001,1,921625000,0,-46.5,2.57095180049633,0,0,0.740075988769531,1.63,0,-5400.2158203125
E00000000000000000002005,1,921625000,0,-62,0.816077779155161,0,0,0.740075988769531,1.63,0,-5400.2158203125
100000000000000000000003,1,921625000,0,-45.5,2.27642748922229,0,0,0.740075988769531,1.63,0,-5400.2158203125
100000000000000000000002,1,921625000,0,-45,3.77359273819868,0,0,0.740075988769531,1.63,0,-5400.2158203125
100000000000000000000004,1,921625000,0,-46.5,4.1662918198974,0,0,0.740075988769531,1.63,0,-5400.2158203125
100000000000000000000001,1,921625000,0,-46.5,2.60163141625405,0,0,0.740075988769531,1.63,0,-5400.2158203125
100000000000000000000000,1,921625000,0,-49,1.63215555831032,0,0,0.740075988769531,1.63,0,-5400.2158203125
100000000000000000000003,1,921625000,0,-45.5,2.28869933552538,0,0,0.740075988769531,1.63,0,-5400.2158203125
E00000000000000000002005,1,921625000,0,-61.5,0.895844780125215,0,0,0.740075988769531,1.63,0,-5400.2158203125
100000000000000000000001,1,921625000,0,-46,2.58322364679942,0,0,0.740075988769531,1.63,0,-5400.2158203125
100000000000000000000003,1,921625000,0,-45.5,2.28256341237383,0,0,0.740075988769531,1.63,0,-5400.2158203125
100000000000000000000002,1,921625000,0,-45,3.77359273819868,0,0,0.740075988769531,1.63,0,-5400.2158203125
100000000000000000000004,1,921625000,0,-46.5,4.17242774304894,0,0,0.740075988769531,1.63,0,-5400.2158203125
100000000000000000000000,1,921625000,0,-49,1.66283517406803,0,0,0.740075988769531,1.63,0,-5400.2158203125
E00000000000000000002005,1,921625000,0,-61,0.797670009700534,0,0,0.740075988769531,1.63,0,-5400.2158203125
100000000000000000000003,1,921625000,0,-45.5,2.28869933552538,0,0,0.740075988769531,1.63,0,-5400.2158203125
100000000000000000000001,1,921625000,0,-46,2.60776733940559,0,0,0.740075988769531,1.63,0,-5400.2158203125
100000000000000000000004,1,921625000,0,-46.5,4.15401997359432,0,0,0.740075988769531,1.63,0,-5400.2158203125
100000000000000000000002,1,921625000,0,-45,3.76132089189559,0,0,0.740075988769531,1.63,0,-5400.2158203125
100000000000000000000000,1,921625000,0,-49,1.63215555831032,0,0,0.740075988769531,1.63,0,-5400.2158203125
E00000000000000000002005,1,921625000,0,-61,0.944932165337555,0,0,0.740075988769531,1.63,0,-5400.2158203125
100000000000000000000002,1,921625000,0,-45,3.76132089189559,0,0,0.740075988769531,1.63,0,-5400.2158203125
100000000000000000000001,1,921625000,0,-46,2.60776733940559,0,0,0.740075988769531,1.63,0,-5400.2158203125
100000000000000000000004,1,921625000,0,-46,4.15401997359432,0,0,0.740075988769531,1.63,0,-5400.2158203125
100000000000000000000000,1,921625000,0,-49,1.64442740461341,0,0,0.740075988769531,1.63,0,-5400.2158203125
100000000000000000000003,1,921625000,0,-45.5,2.30097118182846,0,0,0.740075988769531,1.63,0,-5400.2158203125
E00000000000000000002005,1,921625000,0,-61,0.975611781095267,0,0,0.740075988769531,1.63,0,-5400.2158203125
E00000000000000000002005,1,921625000,0,-61,0.95720401164064,0,0,0.740075988769531,1.63,0,-5400.2158203125
100000000000000000000004,1,921625000,0,-46.5,4.1662918198974,0,0,0.740075988769531,1.63,0,-5400.2158203125
100000000000000000000003,1,921625000,0,-46,2.29483525867692,0,0,0.740075988769531,1.63,0,-5400.2158203125
100000000000000000000002,1,921625000,0,-45,3.77972866135022,0,0,0.740075988769531,1.63,0,-5400.2158203125
100000000000000000000001,1,921625000,0,-46,2.58322364679942,0,0,0.740075988769531,1.63,0,-5400.2158203125
100000000000000000000000,1,921625000,0,-49,1.62601963515878,0,0,0.740075988769531,1.63,0,-5400.2158203125
E00000000000000000002005,1,921625000,0,-61.5,0.834485548609789,0,0,0.740075988769531,1.63,0,-5400.2158203125
100000000000000000000002,1,921625000,0,-45,3.76745681504713,0,0,0.740075988769531,1.63,0,-5400.2158203125
100000000000000000000004,1,921625000,0,-46.5,4.17856366620049,0,0,0.740075988769531,1.63,0,-5400.2158203125
100000000000000000000000,1,921625000,0,-49,1.63829148146186,0,0,0.740075988769531,1.63,0,-5400.2158203125
100000000000000000000003,1,921625000,0,-45.5,2.27029156607075,0,0,0.740075988769531,1.63,0,-5400.2158203125
100000000000000000000001,1,921625000,0,-46.5,2.61390326255713,0,0,0.740075988769531,1.63,0,-5400.2158203125
100000000000000000000001,1,921625000,0,-46.5,2.58935956995096,0,0,0.740075988769531,1.63,0,-5400.2158203125
100000000000000000000003,1,921625000,0,-45.5,2.28869933552538,0,0,0.740075988769531,1.63,0,-5400.2158203125
E00000000000000000002005,1,921625000,0,-61.5,0.920388472731385,0,0,0.740075988769531,1.63,0,-5400.2158203125
100000000000000000000002,1,921625000,0,-45,3.77972866135022,0,0,0.740075988769531,1.63,0,-5400.2158203125
100000000000000000000004,1,921625000,0,-46.5,4.17856366620049,0,0,0.740075988769531,1.63,0,-5400.2158203125
100000000000000000000000,1,921625000,0,-49,1.67510702037112,0,0,0.740075988769531,1.63,0,-5400.2158203125
100000000000000000000001,1,921625000,0,-46.5,2.58935956995096,0,0,0.740075988769531,1.63,0,-5400.2158203125
E00000000000000000002005,1,921625000,0,-61.5,0.840621471761331,0,0,0.740075988769531,1.63,0,-5400.2158203125
100000000000000000000000,1,921625000,0,-49,1.64442740461341,0,0,0.740075988769531,1.63,0,-5400.2158203125
100000000000000000000003,1,921625000,0,-45.5,2.30097118182846,0,0,0.740075988769531,1.63,0,-5400.2158203125
100000000000000000000002,1,921625000,0,-45,3.76745681504713,0,0,0.740075988769531,1.63,0,-5400.2158203125
100000000000000000000004,1,921625000,0,-46.5,4.16015589674586,0,0,0.740075988769531,1.63,0,-5400.2158203125
100000000000000000000004,1,921625000,0,-46.5,4.1662918198974,0,0,0.740075988769531,1.63,0,-5400.2158203125
E00000000000000000002005,1,921625000,0,-61,0.908116626428299,0,0,0.740075988769531,1.63,0,-5400.2158203125
100000000000000000000000,1,921625000,0,-49,1.62601963515878,0,0,0.740075988769531,1.63,0,-5400.2158203125
100000000000000000000002,1,921625000,0,-45.5,3.77359273819868,0,0,0.740075988769531,1.63,0,-5400.2158203125
100000000000000000000003,1,921625000,0,-45.5,2.27642748922229,0,0,0.740075988769531,1.63,0,-5400.2158203125
100000000000000000000001,1,921625000,0,-46.5,2.56481587734479,0,0,0.740075988769531,1.63,0,-5400.2158203125
100000000000000000000004,1,921625000,0,-46.5,4.17242774304894,0,0,0.740075988769531,1.63,0,-5400.2158203125
E00000000000000000002005,1,921625000,0,-61.5,0.963339934792183,0,0,0.740075988769531,1.63,0,-5400.2158203125
100000000000000000000003,1,921625000,0,-45.5,2.28869933552538,0,0,0.740075988769531,1.63,0,-5400.2158203125
100000000000000000000000,1,921625000,0,-49,1.63215555831032,0,0,0.740075988769531,1.63,0,-5400.2158203125
100000000000000000000001,1,921625000,0,-46.5,2.5954954931025,0,0,0.740075988769531,1.63,0,-5400.2158203125
100000000000000000000002,1,921625000,0,-45,3.76745681504713,0,0,0.740075988769531,1.63,0,-5400.2158203125
E00000000000000000002005,1,921625000,0,-61.5,0.840621471761331,0,0,0.740075988769531,1.63,0,-5400.2158203125
100000000000000000000004,1,921625000,0,-46.5,4.16015589674586,0,0,0.740075988769531,1.63,0,-5400.2158203125
100000000000000000000002,1,921625000,0,-45,3.77972866135022,0,0,0.740075988769531,1.63,0,-5400.2158203125
100000000000000000000001,1,921625000,0,-46,2.5954954931025,0,0,0.740075988769531,1.63,0,-5400.2158203125
100000000000000000000003,1,921625000,0,-45.5,2.28256341237383,0,0,0.740075988769531,1.63,0,-5400.2158203125
100000000000000000000000,1,921625000,0,-49,1.65056332776495,0,0,0.740075988769531,1.63,0,-5400.2158203125
100000000000000000000004,1,921625000,0,-46,4.1662918198974,0,0,0.740075988769531,1.63,0,-5400.2158203125
100000000000000000000003,1,921625000,0,-46,2.25188379661612,0,0,0.740075988769531,1.63,0,-5400.2158203125
100000000000000000000002,1,921625000,0,-45,3.78586458450176,0,0,0.740075988769531,1.63,0,-5400.2158203125
100000000000000000000001,1,921625000,0,-46,2.58935956995096,0,0,0.740075988769531,1.63,0,-5400.2158203125
100000000000000000000000,1,921625000,0,-49,1.63829148146186,0,0,0.740075988769531,1.63,0,-5400.2158203125
E00000000000000000002005,1,921625000,0,-61.5,0.840621471761331,0,0,0.740075988769531,1.63,0,-5400.2158203125
E00000000000000000002005,1,921625000,0,-61,0.883572933822129,0,0,0.740075988769531,1.63,0,-5400.2158203125
100000000000000000000001,1,921625000,0,-46.5,2.58935956995096,0,0,0.740075988769531,1.63,0,-5400.2158203125
100000000000000000000000,1,921625000,0,-49,1.63829148146186,0,0,0.740075988769531,1.63,0,-5400.2158203125
100000000000000000000003,1,921625000,0,-45.5,2.28256341237383,0,0,0.740075988769531,1.63,0,-5400.2158203125
100000000000000000000004,1,921625000,0,-46,4.17856366620049,0,0,0.740075988769531,1.63,0,-5400.2158203125
100000000000000000000002,1,921625000,0,-45,3.77972866135022,0,0,0.740075988769531,1.63,0,-5400.2158203125
100000000000000000000000,1,921625000,0,-49,1.63215555831032,0,0,0.740075988769531,1.63,0,-5400.2158203125
100000000000000000000001,1,921625000,0,-46.5,2.61390326255713,0,0,0.740075988769531,1.63,0,-5400.2158203125
100000000000000000000002,1,921625000,0,-45,3.76132089189559,0,0,0.740075988769531,1.63,0,-5400.2158203125
E00000000000000000002005,1,921625000,0,-61,0.914252549579842,0,0,0.740075988769531,1.63,0,-5400.2158203125
100000000000000000000003,1,921625000,0,-45.5,2.28256341237383,0,0,0.740075988769531,1.63,0,-5400.2158203125
100000000000000000000004,1,921625000,0,-46.5,4.16015589674586,0,0,0.740075988769531,1.63,0,-5400.2158203125
100000000000000000000000,1,921625000,0,-49,1.67510702037112,0,0,0.740075988769531,1.63,0,-5400.2158203125
E00000000000000000002005,1,921625000,0,-61,0.846757394912874,0,0,0.740075988769531,1.63,0,-5400.2158203125
100000000000000000000002,1,921625000,0,-45,3.79200050765331,0,0,0.740075988769531,1.63,0,-5400.2158203125
100000000000000000000004,1,921625000,0,-46.5,4.17856366620049,0,0,0.740075988769531,1.63,0,-5400.2158203125
100000000000000000000001,1,921625000,0,-46.5,2.58322364679942,0,0,0.740075988769531,1.63,0,-5400.2158203125
100000000000000000000003,1,921625000,0,-45.5,2.28869933552538,0,0,0.740075988769531,1.63,0,-5400.2158203125
100000000000000000000001,1,921625000,0,-46,2.57708772364788,0,0,0.740075988769531,1.63,0,-5400.2158203125
100000000000000000000003,1,921625000,0,-46,2.30710710498,0,0,0.740075988769531,1.63,0,-5400.2158203125
100000000000000000000000,1,921625000,0,-49,1.64442740461341,0,0,0.740075988769531,1.63,0,-5400.2158203125
E00000000000000000002005,1,921625000,0,-61.5,0.95720401164064,0,0,0.740075988769531,1.63,0,-5400.2158203125
100000000000000000000004,1,921625000,0,-46,4.17242774304894,0,0,0.740075988769531,1.63,0,-5400.2158203125
100000000000000000000002,1,921625000,0,-45,3.76132089189559,0,0,0.740075988769531,1.63,0,-5400.2158203125
100000000000000000000000,1,921625000,0,-49,1.65056332776495,0,0,0.740075988769531,1.63,0,-5400.2158203125
100000000000000000000004,1,921625000,0,-46.5,4.16015589674586,0,0,0.740075988769531,1.63,0,-5400.2158203125
100000000000000000000003,1,921625000,0,-45.5,2.27642748922229,0,0,0.740075988769531,1.63,0,-5400.2158203125
100000000000000000000001,1,921625000,0,-46.5,2.58935956995096,0,0,0.740075988769531,1.63,0,-5400.2158203125
E00000000000000000002005,1,921625000,0,-61,0.883572933822129,0,0,0.740075988769531,1.63,0,-5400.2158203125
100000000000000000000002,1,921625000,0,-45,3.77359273819868,0,0,0.740075988769531,1.63,0,-5400.2158203125
100000000000000000000000,1,921625000,0,-49,1.64442740461341,0,0,0.740075988769531,1.63,0,-5400.2158203125
100000000000000000000004,1,921625000,0,-46.5,4.17856366620049,0,0,0.740075988769531,1.63,0,-5400.2158203125
100000000000000000000001,1,921625000,0,-46.5,2.60163141625405,0,0,0.740075988769531,1.63,0,-5400.2158203125
100000000000000000000003,1,921625000,0,-45.5,2.28256341237383,0,0,0.740075988769531,1.63,0,-5400.2158203125
100000000000000000000002,1,921625000,0,-45,3.76745681504713,0,0,0.740075988769531,1.63,0,-5400.2158203125
E00000000000000000002005,1,921625000,0,-60.5,0.840621471761331,0,0,0.740075988769531,1.63,0,-5400.2158203125
100000000000000000000003,1,921625000,0,-45.5,2.28256341237383,0,0,0.740075988769531,1.63,0,-5400.2158203125
100000000000000000000004,1,921625000,0,-46,4.1662918198974,0,0,0.740075988769531,1.63,0,-5400.2158203125
100000000000000000000002,1,921625000,0,-45,3.76745681504713,0,0,0.740075988769531,1.63,0,-5400.2158203125
100000000000000000000001,1,921625000,0,-46,2.60163141625405,0,0,0.740075988769531,1.63,0,-5400.2158203125
E00000000000000000002005,1,921625000,0,-61,0.840621471761331,0,0,0.740075988769531,1.63,0,-5400.2158203125
100000000000000000000000,1,921625000,0,-49,1.65056332776495,0,0,0.740075988769531,1.63,0,-5400.2158203125
E00000000000000000002005,1,921625000,0,-61.5,0.74244670133665,0,0,0.740075988769531,1.63,0,-5400.2158203125
100000000000000000000003,1,921625000,0,-45.5,2.28256341237383,0,0,0.740075988769531,1.63,0,-5400.2158203125
100000000000000000000001,1,921625000,0,-46.5,2.58935956995096,0,0,0.740075988769531,1.63,0,-5400.2158203125
100000000000000000000002,1,921625000,0,-45,3.77972866135022,0,0,0.740075988769531,1.63,0,-5400.2158203125
100000000000000000000004,1,921625000,0,-46,4.17242774304894,0,0,0.740075988769531,1.63,0,-5400.2158203125
100000000000000000000000,1,921625000,0,-49,1.65056332776495,0,0,0.740075988769531,1.63,0,-5400.2158203125
100000000000000000000004,1,921625000,0,-46,4.1662918198974,0,0,0.740075988769531,1.63,0,-5400.2158203125
100000000000000000000003,1,921625000,0,-45.5,2.27642748922229,0,0,0.740075988769531,1.63,0,-5400.2158203125
100000000000000000000001,1,921625000,0,-46.5,2.5954954931025,0,0,0.740075988769531,1.63,0,-5400.2158203125
100000000000000000000000,1,921625000,0,-49,1.58920409624952,0,0,0.740075988769531,1.63,0,-5400.2158203125
100000000000000000000002,1,921625000,0,-45,3.77972866135022,0,0,0.740075988769531,1.63,0,-5400.2158203125
E00000000000000000002005,1,921625000,0,-61,0.865165164367502,0,0,0.740075988769531,1.63,0,-5400.2158203125
100000000000000000000000,1,921625000,0,-49,1.62601963515878,0,0,0.740075988769531,1.63,0,-5400.2158203125
100000000000000000000001,1,921625000,0,-46,2.61390326255713,0,0,0.740075988769531,1.63,0,-5400.2158203125
100000000000000000000002,1,921625000,0,-45,3.77359273819868,0,0,0.740075988769531,1.63,0,-5400.2158203125
100000000000000000000003,1,921625000,0,-45.5,2.27029156607075,0,0,0.740075988769531,1.63,0,-5400.2158203125
100000000000000000000004,1,921625000,0,-46.5,4.1662918198974,0,0,0.740075988769531,1.63,0,-5400.2158203125
E00000000000000000002005,1,921625000,0,-61,0.846757394912874,0,0,0.740075988769531,1.63,0,-5400.2158203125
100000000000000000000001,1,921625000,0,-46.5,2.5954954931025,0,0,0.740075988769531,1.63,0,-5400.2158203125
100000000000000000000003,1,921625000,0,-45.5,2.28256341237383,0,0,0.740075988769531,1.63,0,-5400.2158203125
100000000000000000000004,1,921625000,0,-46,4.14788405044277,0,0,0.740075988769531,1.63,0,-5400.2158203125
100000000000000000000002,1,921625000,0,-45,3.77359273819868,0,0,0.740075988769531,1.63,0,-5400.2158203125
100000000000000000000000,1,921625000,0,-49,1.60761186570415,0,0,0.740075988769531,1.63,0,-5400.2158203125
E00000000000000000002005,1,921625000,0,-61,0.871301087519044,0,0,0.740075988769531,1.63,0,-5400.2158203125
100000000000000000000004,1,921625000,0,-46.5,4.18469958935203,0,0,0.740075988769531,1.63,0,-5400.2158203125
100000000000000000000001,1,921625000,0,-46.5,2.58935956995096,0,0,0.740075988769531,1.63,0,-5400.2158203125
100000000000000000000002,1,921625000,0,-45,3.78586458450176,0,0,0.740075988769531,1.63,0,-5400.2158203125
E00000000000000000002005,1,921625000,0,-61,0.748582624488193,0,0,0.740075988769531,1.63,0,-5400.2158203125
100000000000000000000000,1,921625000,0,-49,1.60147594255261,0,0,0.740075988769531,1.63,0,-5400.2158203125
100000000000000000000003,1,921625000,0,-45.5,2.28256341237383,0,0,0.740075988769531,1.63,0,-5400.2158203125
100000000000000000000002,1,921625000,0,-45,3.77972866135022,0,0,0.740075988769531,1.63,0,-5400.2158203125
E00000000000000000002005,1,921625000,0,-61.5,0.95720401164064,0,0,0.740075988769531,1.63,0,-5400.2158203125
100000000000000000000004,1,921625000,0,-46,4.1662918198974,0,0,0.740075988769531,1.63,0,-5400.2158203125
100000000000000000000000,1,921625000,0,-48.5,1.63829148146186,0,0,0.740075988769531,1.63,0,-5400.2158203125
100000000000000000000001,1,921625000,0,-46.5,2.60163141625405,0,0,0.740075988769531,1.63,0,-5400.2158203125
100000000000000000000003,1,921625000,0,-46,2.28256341237383,0,0,0.740075988769531,1.63,0,-5400.2158203125
100000000000000000000000,1,921625000,0,-49,1.65056332776495,0,0,0.740075988769531,1.63,0,-5400.2158203125
100000000000000000000003,1,921625000,0,-45.5,2.30097118182846,0,0,0.740075988769531,1.63,0,-5400.2158203125
100000000000000000000002,1,921625000,0,-45,3.77359273819868,0,0,0.740075988769531,1.63,0,-5400.2158203125
100000000000000000000001,1,921625000,0,-46,2.58935956995096,0,0,0.740075988769531,1.63,0,-5400.2158203125
100000000000000000000004,1,921625000,0,-46.5,4.1662918198974,0,0,0.740075988769531,1.63,0,-5400.2158203125
E00000000000000000002005,1,921625000,0,-61.5,0.908116626428299,0,0,0.740075988769531,1.63,0,-5400.2158203125
100000000000000000000000,1,921625000,0,-49,1.64442740461341,0,0,0.740075988769531,1.63,0,-5400.2158203125
100000000000000000000003,1,921625000,0,-46,2.28869933552538,0,0,0.740075988769531,1.63,0,-5400.2158203125
100000000000000000000001,1,921625000,0,-46,2.60776733940559,0,0,0.740075988769531,1.63,0,-5400.2158203125
100000000000000000000004,1,921625000,0,-46.5,4.17242774304894,0,0,0.740075988769531,1.63,0,-5400.2158203125
100000000000000000000002,1,921625000,0,-45,3.78586458450176,0,0,0.740075988769531,1.63,0,-5400.2158203125
E00000000000000000002005,1,921625000,0,-61.5,0.883572933822129,0,0,0.740075988769531,1.63,0,-5400.2158203125
E00000000000000000002005,1,921625000,0,-61.5,0.920388472731385,0,0,0.740075988769531,1.63,0,-5400.2158203125
100000000000000000000003,1,921625000,0,-45.5,2.27029156607075,0,0,0.740075988769531,1.63,0,-5400.2158203125
100000000000000000000002,1,921625000,0,-45,3.77972866135022,0,0,0.740075988769531,1.63,0,-5400.2158203125
100000000000000000000001,1,921625000,0,-46,2.58935956995096,0,0,0.740075988769531,1.63,0,-5400.2158203125
100000000000000000000000,1,921625000,0,-49,1.63215555831032,0,0,0.740075988769531,1.63,0,-5400.2158203125
100000000000000000000004,1,921625000,0,-46,4.19083551250357,0,0,0.740075988769531,1.63,0,-5400.2158203125
E00000000000000000002005,1,921625000,0,-61.5,0.908116626428299,0,0,0.740075988769531,1.63,0,-5400.2158203125
100000000000000000000004,1,921625000,0,-46,4.16015589674586,0,0,0.740075988769531,1.63,0,-5400.2158203125
100000000000000000000001,1,921625000,0,-46,2.60776733940559,0,0,0.740075988769531,1.63,0,-5400.2158203125
100000000000000000000003,1,921625000,0,-45.5,2.27642748922229,0,0,0.740075988769531,1.63,0,-5400.2158203125
100000000000000000000002,1,921625000,0,-45,3.77972866135022,0,0,0.740075988769531,1.63,0,-5400.2158203125
100000000000000000000000,1,921625000,0,-49,1.62601963515878,0,0,0.740075988769531,1.63,0,-5400.2158203125
E00000000000000000002005,1,921625000,0,-61.5,0.963339934792183,0,0,0.740075988769531,1.63,0,-5400.2158203125
100000000000000000000000,1,921625000,0,-49,1.66283517406803,0,0,0.740075988769531,1.63,0,-5400.2158203125
100000000000000000000003,1,921625000,0,-45.5,2.30097118182846,0,0,0.740075988769531,1.63,0,-5400.2158203125
100000000000000000000002,1,921625000,0,-45,3.76745681504713,0,0,0.740075988769531,1.63,0,-5400.2158203125
100000000000000000000001,1,921625000,0,-46,2.5954954931025,0,0,0.740075988769531,1.63,0,-5400.2158203125
100000000000000000000004,1,921625000,0,-46.5,4.17856366620049,0,0,0.740075988769531,1.63,0,-5400.2158203125
100000000000000000000003,1,921625000,0,-45.5,2.27642748922229,0,0,0.740075988769531,1.63,0,-5400.2158203125
100000000000000000000002,1,921625000,0,-45,3.78586458450176,0,0,0.740075988769531,1.63,0,-5400.2158203125
100000000000000000000000,1,921625000,0,-49,1.65056332776495,0,0,0.740075988769531,1.63,0,-5400.2158203125
100000000000000000000001,1,921625000,0,-46,2.5954954931025,0,0,0.740075988769531,1.63,0,-5400.2158203125
100000000000000000000004,1,921625000,0,-46.5,4.16015589674586,0,0,0.740075988769531,1.63,0,-5400.2158203125
E00000000000000000002005,1,921625000,0,-61.5,0.859029241215959,0,0,0.740075988769531,1.63,0,-5400.2158203125
100000000000000000000000,1,921625000,0,-49,1.63829148146186,0,0,0.740075988769531,1.63,0,-5400.2158203125
100000000000000000000001,1,921625000,0,-46,2.58322364679942,0,0,0.740075988769531,1.63,0,-5400.2158203125
100000000000000000000002,1,921625000,0,-45,3.76745681504713,0,0,0.740075988769531,1.63,0,-5400.2158203125
100000000000000000000003,1,921625000,0,-45.5,2.27642748922229,0,0,0.740075988769531,1.63,0,-5400.2158203125
100000000000000000000004,1,921625000,0,-46,4.18469958935203,0,0,0.740075988769531,1.63,0,-5400.2158203125
E00000000000000000002005,1,921625000,0,-61,0.791534086548991,0,0,0.740075988769531,1.63,0,-5400.2158203125
E00000000000000000002005,1,921625000,0,-61.5,0.785398163397448,0,0,0.740075988769531,1.63,0,-5400.2158203125
100000000000000000000004,1,921625000,0,-46.5,4.16015589674586,0,0,0.740075988769531,1.63,0,-5400.2158203125
100000000000000000000003,1,921625000,0,-45.5,2.28256341237383,0,0,0.740075988769531,1.63,0,-5400.2158203125
100000000000000000000002,1,921625000,0,-45,3.77359273819868,0,0,0.740075988769531,1.63,0,-5400.2158203125
100000000000000000000000,1,921625000,0,-49,1.66897109721958,0,0,0.740075988769531,1.63,0,-5400.2158203125
100000000000000000000001,1,921625000,0,-46,2.58322364679942,0,0,0.740075988769531,1.63,0,-5400.2158203125
100000000000000000000003,1,921625000,0,-46,2.30097118182846,0,0,0.740075988769531,1.63,0,-5400.2158203125
100000000000000000000001,1,921625000,0,-46,2.58322364679942,0,0,0.740075988769531,1.63,0,-5400.2158203125
E00000000000000000002005,1,921625000,0,-61,0.920388472731385,0,0,0.740075988769531,1.63,0,-5400.2158203125
100000000000000000000000,1,921625000,0,-49,1.64442740461341,0,0,0.740075988769531,1.63,0,-5400.2158203125
100000000000000000000004,1,921625000,0,-46.5,4.18469958935203,0,0,0.740075988769531,1.63,0,-5400.2158203125
100000000000000000000002,1,921625000,0,-45,3.77972866135022,0,0,0.740075988769531,1.63,0,-5400.2158203125
E00000000000000000002005,1,921625000,0,-61.5,0.895844780125215,0,0,0.740075988769531,1.63,0,-5400.2158203125
100000000000000000000003,1,921625000,0,-45.5,2.28869933552538,0,0,0.740075988769531,1.63,0,-5400.2158203125
100000000000000000000002,1,921625000,0,-45,3.77359273819868,0,0,0.740075988769531,1.63,0,-5400.2158203125
100000000000000000000000,1,921625000,0,-49,1.63829148146186,0,0,0.740075988769531,1.63,0,-5400.2158203125
100000000000000000000004,1,921625000,0,-46.5,4.1662918198974,0,0,0.740075988769531,1.63,0,-5400.2158203125
100000000000000000000001,1,921625000,0,-46,2.60776733940559,0,0,0.740075988769531,1.63,0,-5400.2158203125
100000000000000000000004,1,921625000,0,-46,4.16015589674586,0,0,0.740075988769531,1.63,0,-5400.2158203125
100000000000000000000000,1,921625000,0,-49,1.65056332776495,0,0,0.740075988769531,1.63,0,-5400.2158203125
E00000000000000000002005,1,921625000,0,-61.5,0.908116626428299,0,0,0.740075988769531,1.63,0,-5400.2158203125
100000000000000000000002,1,921625000,0,-45,3.74904904559251,0,0,0.740075988769531,1.63,0,-5400.2158203125
100000000000000000000001,1,921625000,0,-46,2.58322364679942,0,0,0.740075988769531,1.63,0,-5400.2158203125
100000000000000000000003,1,921625000,0,-46,2.27642748922229,0,0,0.740075988769531,1.63,0,-5400.2158203125
100000000000000000000001,1,921625000,0,-46,2.58935956995096,0,0,0.740075988769531,1.63,0,-5400.2158203125
100000000000000000000003,1,921625000,0,-45.5,2.27642748922229,0,0,0.740075988769531,1.63,0,-5400.2158203125
100000000000000000000004,1,921625000,0,-46.5,4.16015589674586,0,0,0.740075988769531,1.63,0,-5400.2158203125
100000000000000000000000,1,921625000,0,-49,1.65669925091649,0,0,0.740075988769531,1.63,0,-5400.2158203125
100000000000000000000002,1,921625000,0,-45,3.77359273819868,0,0,0.740075988769531,1.63,0,-5400.2158203125
E00000000000000000002005,1,921625000,0,-61,0.803805932852076,0,0,0.740075988769531,1.63,0,-5400.2158203125
100000000000000000000002,1,921625000,0,-45,3.76132089189559,0,0,0.740075988769531,1.63,0,-5400.2158203125
100000000000000000000003,1,921625000,0,-45.5,2.27029156607075,0,0,0.740075988769531,1.63,0,-5400.2158203125
100000000000000000000000,1,921625000,0,-49,1.64442740461341,0,0,0.740075988769531,1.63,0,-5400.2158203125
100000000000000000000004,1,921625000,0,-46.5,4.14788405044277,0,0,0.740075988769531,1.63,0,-5400.2158203125
100000000000000000000001,1,921625000,0,-46,2.57708772364788,0,0,0.740075988769531,1.63,0,-5400.2158203125
E00000000000000000002005,1,921625000,0,-61.5,0.859029241215959,0,0,0.740075988769531,1.63,0,-5400.2158203125
100000000000000000000002,1,921625000,0,-45,3.76132089189559,0,0,0.740075988769531,1.63,0,-5400.2158203125
E00000000000000000002005,1,921625000,0,-61.5,0.859029241215959,0,0,0.740075988769531,1.63,0,-5400.2158203125
100000000000000000000004,1,921625000,0,-46,4.16015589674586,0,0,0.740075988769531,1.63,0,-5400.2158203125
100000000000000000000003,1,921625000,0,-45.5,2.28869933552538,0,0,0.740075988769531,1.63,0,-5400.2158203125
100000000000000000000001,1,921625000,0,-46,2.58322364679942,0,0,0.740075988769531,1.63,0,-5400.2158203125
100000000000000000000000,1,921625000,0,-49,1.66897109721958,0,0,0.740075988769531,1.63,0,-5400.2158203125
100000000000000000000002,1,921625000,0,-45,3.76745681504713,0,0,0.740075988769531,1.63,0,-5400.2158203125
100000000000000000000000,1,921625000,0,-49,1.63829148146186,0,0,0.740075988769531,1.63,0,-5400.2158203125
100000000000000000000004,1,921625000,0,-46.5,4.14788405044277,0,0,0.740075988769531,1.63,0,-5400.2158203125
100000000000000000000003,1,921625000,0,-45.5,2.27029156607075,0,0,0.740075988769531,1.63,0,-5400.2158203125
100000000000000000000001,1,921625000,0,-46,2.5954954931025,0,0,0.740075988769531,1.63,0,-5400.2158203125
E00000000000000000002005,1,921625000,0,-61.5,0.852893318064416,0,0,0.740075988769531,1.63,0,-5400.2158203125
100000000000000000000002,1,921625000,0,-45,3.75518496874405,0,0,0.740075988769531,1.63,0,-5400.2158203125
E00000000000000000002005,1,921625000,0,-61.5,0.889708856973672,0,0,0.740075988769531,1.63,0,-5400.2158203125
100000000000000000000001,1,921625000,0,-46,2.60163141625405,0,0,0.740075988769531,1.63,0,-5400.2158203125
100000000000000000000000,1,921625000,0,-49,1.66897109721958,0,0,0.740075988769531,1.63,0,-5400.2158203125
100000000000000000000004,1,921625000,0,-46.5,4.15401997359432,0,0,0.740075988769531,1.63,0,-5400.2158203125
100000000000000000000003,1,921625000,0,-45.5,2.25801971976766,0,0,0.740075988769531,1.63,0,-5400.2158203125
E00000000000000000002005,1,921625000,0,-61,0.828349625458246,0,0,0.740075988769531,1.63,0,-5400.2158203125
100000000000000000000003,1,921625000,0,-45.5,2.27642748922229,0,0,0.740075988769531,1.63,0,-5400.2158203125
100000000000000000000002,1,921625000,0,-45,3.77359273819868,0,0,0.740075988769531,1.63,0,-5400.2158203125
100000000000000000000004,1,921625000,0,-46.5,4.14788405044277,0,0,0.740075988769531,1.63,0,-5400.2158203125
100000000000000000000000,1,921625000,0,-49,1.64442740461341,0,0,0.740075988769531,1.63,0,-5400.2158203125
100000000000000000000001,1,921625000,0,-46.5,2.57708772364788,0,0,0.740075988769531,1.63,0,-5400.2158203125
100000000000000000000003,1,921625000,0,-45.5,2.29483525867692,0,0,0.740075988769531,1.63,0,-5400.2158203125
100000000000000000000001,1,921625000,0,-46.5,2.58935956995096,0,0,0.740075988769531,1.63,0,-5400.2158203125
100000000000000000000002,1,921625000,0,-45,3.77359273819868,0,0,0.740075988769531,1.63,0,-5400.2158203125
E00000000000000000002005,1,921625000,0,-61.5,0.901980703276757,0,0,0.740075988769531,1.63,0,-5400.2158203125
100000000000000000000004,1,921625000,0,-46.5,4.15401997359432,0,0,0.740075988769531,1.63,0,-5400.2158203125
100000000000000000000000,1,921625000,0,-49,1.62601963515878,0,0,0.740075988769531,1.63,0,-5400.2158203125
E00000000000000000002005,1,921625000,0,-62,0.93266031903447,0,0,0.740075988769531,1.63,0,-5400.2158203125
100000000000000000000001,1,921625000,0,-46,2.58935956995096,0,0,0.740075988769531,1.63,0,-5400.2158203125
100000000000000000000003,1,921625000,0,-45.5,2.25801971976766,0,0,0.740075988769531,1.63,0,-5400.2158203125
100000000000000000000002,1,921625000,0,-45,3.76132089189559,0,0,0.740075988769531,1.63,0,-5400.2158203125
100000000000000000000000,1,921625000,0,-49,1.65056332776495,0,0,0.740075988769531,1.63,0,-5400.2158203125
100000000000000000000004,1,921625000,0,-46.5,4.15401997359432,0,0,0.740075988769531,1.63,0,-5400.2158203125
100000000000000000000000,1,921625000,0,-49,1.66897109721958,0,0,0.740075988769531,1.63,0,-5400.2158203125
100000000000000000000003,1,921625000,0,-45.5,2.27029156607075,0,0,0.740075988769531,1.63,0,-5400.2158203125
100000000000000000000004,1,921625000,0,-46.5,4.15401997359432,0,0,0.740075988769531,1.63,0,-5400.2158203125
100000000000000000000001,1,921625000,0,-46.5,2.57708772364788,0,0,0.740075988769531,1.63,0,-5400.2158203125
E00000000000000000002005,1,921625000,0,-61,0.865165164367502,0,0,0.740075988769531,1.63,0,-5400.2158203125
100000000000000000000002,1,921625000,0,-45,3.75518496874405,0,0,0.740075988769531,1.63,0,-5400.2158203125
100000000000000000000002,1,921625000,0,-45,3.76132089189559,0,0,0.740075988769531,1.63,0,-5400.2158203125
100000000000000000000003,1,921625000,0,-45.5,2.27029156607075,0,0,0.740075988769531,1.63,0,-5400.2158203125
100000000000000000000004,1,921625000,0,-46.5,4.14788405044277,0,0,0.740075988769531,1.63,0,-5400.2158203125
E00000000000000000002005,1,921625000,0,-61,0.908116626428299,0,0,0.740075988769531,1.63,0,-5400.2158203125
100000000000000000000001,1,921625000,0,-46,2.5954954931025,0,0,0.740075988769531,1.63,0,-5400.2158203125
100000000000000000000000,1,921625000,0,-49,1.63829148146186,0,0,0.740075988769531,1.63,0,-5400.2158203125
100000000000000000000003,1,921625000,0,-45.5,2.29483525867692,0,0,0.740075988769531,1.63,0,-5400.2158203125
E00000000000000000002005,1,921625000,0,-61.5,0.859029241215959,0,0,0.740075988769531,1.63,0,-5400.2158203125
100000000000000000000004,1,921625000,0,-46.5,4.1662918198974,0,0,0.740075988769531,1.63,0,-5400.2158203125
100000000000000000000001,1,921625000,0,-46.5,2.5954954931025,0,0,0.740075988769531,1.63,0,-5400.2158203125
100000000000000000000002,1,921625000,0,-45,3.73677719928942,0,0,0.740075988769531,1.63,0,-5400.2158203125
100000000000000000000000,1,921625000,0,-49,1.61374778885569,0,0,0.740075988769531,1.63,0,-5400.2158203125
E00000000000000000002005,1,921625000,0,-61.5,0.859029241215959,0,0,0.740075988769531,1.63,0,-5400.2158203125
100000000000000000000002,1,921625000,0,-45,3.77359273819868,0,0,0.740075988769531,1.63,0,-5400.2158203125
100000000000000000000001,1,921625000,0,-46.5,2.58322364679942,0,0,0.740075988769531,1.63,0,-5400.2158203125
100000000000000000000000,1,921625000,0,-49,1.64442740461341,0,0,0.740075988769531,1.63,0,-5400.2158203125
100000000000000000000003,1,921625000,0,-45.5,2.26415564291921,0,0,0.740075988769531,1.63,0,-5400.2158203125
100000000000000000000004,1,921625000,0,-46.5,4.17856366620049,0,0,0.740075988769531,1.63,0,-5400.2158203125
E00000000000000000002005,1,921625000,0,-61.5,0.859029241215959,0,0,0.740075988769531,1.63,0,-5400.2158203125
100000000000000000000001,1,921625000,0,-46.5,2.58322364679942,0,0,0.740075988769531,1.63,0,-5400.2158203125
100000000000000000000002,1,921625000,0,-45,3.75518496874405,0,0,0.740075988769531,1.63,0,-5400.2158203125
100000000000000000000003,1,921625000,0,-45.5,2.27642748922229,0,0,0.740075988769531,1.63,0,-5400.2158203125
100000000000000000000004,1,921625000,0,-46.5,4.12947628098815,0,0,0.740075988769531,1.63,0,-5400.2158203125
100000000000000000000000,1,921625000,0,-49,1.64442740461341,0,0,0.740075988769531,1.63,0,-5400.2158203125
100000000000000000000003,1,921625000,0,-45.5,2.25801971976766,0,0,0.740075988769531,1.63,0,-5400.2158203125
100000000000000000000000,1,921625000,0,-49,1.61988371200724,0,0,0.740075988769531,1.63,0,-5400.2158203125
100000000000000000000002,1,921625000,0,-45.5,3.75518496874405,0,0,0.740075988769531,1.63,0,-5400.2158203125
100000000000000000000001,1,921625000,0,-46,2.5954954931025,0,0,0.740075988769531,1.63,0,-5400.2158203125
100000000000000000000004,1,921625000,0,-46,4.16015589674586,0,0,0.740075988769531,1.63,0,-5400.2158203125
E00000000000000000002005,1,921625000,0,-61.5,0.852893318064416,0,0,0.740075988769531,1.63,0,-5400.2158203125
100000000000000000000000,1,921625000,0,-49,1.62601963515878,0,0,0.740075988769531,1.63,0,-5400.2158203125
100000000000000000000004,1,921625000,0,-46.5,4.14788405044277,0,0,0.740075988769531,1.63,0,-5400.2158203125
100000000000000000000002,1,921625000,0,-45,3.74904904559251,0,0,0.740075988769531,1.63,0,-5400.2158203125
100000000000000000000001,1,921625000,0,-46.5,2.60163141625405,0,0,0.740075988769531,1.63,0,-5400.2158203125
100000000000000000000003,1,921625000,0,-45.5,2.26415564291921,0,0,0.740075988769531,1.63,0,-5400.2158203125
E00000000000000000002005,1,921625000,0,-61.5,0.914252549579842,0,0,0.740075988769531,1.63,0,-5400.2158203125
100000000000000000000003,1,921625000,0,-45.5,2.27029156607075,0,0,0.740075988769531,1.63,0,-5400.2158203125
E00000000000000000002005,1,921625000,0,-61.5,0.895844780125215,0,0,0.740075988769531,1.63,0,-5400.2158203125
100000000000000000000001,1,921625000,0,-46.5,2.58322364679942,0,0,0.740075988769531,1.63,0,-5400.2158203125
100000000000000000000000,1,921625000,0,-49,1.61374778885569,0,0,0.740075988769531,1.63,0,-5400.2158203125
100000000000000000000004,1,921625000,0,-46,4.16015589674586,0,0,0.740075988769531,1.63,0,-5400.2158203125
100000000000000000000002,1,921625000,0,-45,3.76132089189559,0,0,0.740075988769531,1.63,0,-5400.2158203125
E00000000000000000002005,1,921625000,0,-61.5,0.901980703276757,0,0,0.740075988769531,1.63,0,-5400.2158203125
100000000000000000000001,1,921625000,0,-46.5,2.5954954931025,0,0,0.740075988769531,1.63,0,-5400.2158203125
100000000000000000000000,1,921625000,0,-49,1.63829148146186,0,0,0.740075988769531,1.63,0,-5400.2158203125
100000000000000000000003,1,921625000,0,-45.5,2.27029156607075,0,0,0.740075988769531,1.63,0,-5400.2158203125
100000000000000000000004,1,921625000,0,-46.5,4.15401997359432,0,0,0.740075988769531,1.63,0,-5400.2158203125
100000000000000000000002,1,921625000,0,-45,3.76132089189559,0,0,0.740075988769531,1.63,0,-5400.2158203125
100000000000000000000001,1,921625000,0,-46,2.58322364679942,0,0,0.740075988769531,1.63,0,-5400.2158203125
100000000000000000000002,1,921625000,0,-45,3.77359273819868,0,0,0.740075988769531,1.63,0,-5400.2158203125
E00000000000000000002005,1,921625000,0,-61,0.840621471761331,0,0,0.740075988769531,1.63,0,-5400.2158203125
100000000000000000000000,1,921625000,0,-49,1.62601963515878,0,0,0.740075988769531,1.63,0,-5400.2158203125
100000000000000000000003,1,921625000,0,-45.5,2.27642748922229,0,0,0.740075988769531,1.63,0,-5400.2158203125
100000000000000000000004,1,921625000,0,-46.5,4.14788405044277,0,0,0.740075988769531,1.63,0,-5400.2158203125
100000000000000000000002,1,921625000,0,-45,3.76132089189559,0,0,0.740075988769531,1.63,0,-5400.2158203125
100000000000000000000000,1,921625000,0,-49,1.61374778885569,0,0,0.740075988769531,1.63,0,-5400.2158203125
100000000000000000000001,1,921625000,0,-46.5,2.58935956995096,0,0,0.740075988769531,1.63,0,-5400.2158203125
100000000000000000000003,1,921625000,0,-45.5,2.28256341237383,0,0,0.740075988769531,1.63,0,-5400.2158203125
E00000000000000000002005,1,921625000,0,-61,0.95720401164064,0,0,0.740075988769531,1.63,0,-5400.2158203125
100000000000000000000004,1,921625000,0,-46.5,4.15401997359432,0,0,0.740075988769531,1.63,0,-5400.2158203125
100000000000000000000002,1,921625000,0,-45,3.74904904559251,0,0,0.740075988769531,1.63,0,-5400.2158203125
100000000000000000000000,1,921625000,0,-49,1.63829148146186,0,0,0.740075988769531,1.63,0,-5400.2158203125
E00000000000000000002005,1,921625000,0,-61.5,0.859029241215959,0,0,0.740075988769531,1.63,0,-5400.2158203125
100000000000000000000004,1,921625000,0,-46.5,4.13561220413969,0,0,0.740075988769531,1.63,0,-5400.2158203125
100000000000000000000001,1,921625000,0,-46,2.5954954931025,0,0,0.740075988769531,1.63,0,-5400.2158203125
100000000000000000000003,1,921625000,0,-45.5,2.27642748922229,0,0,0.740075988769531,1.63,0,-5400.2158203125
100000000000000000000001,1,921625000,0,-46.5,2.57708772364788,0,0,0.740075988769531,1.63,0,-5400.2158203125
100000000000000000000000,1,921625000,0,-49,1.61374778885569,0,0,0.740075988769531,1.63,0,-5400.2158203125
100000000000000000000002,1,921625000,0,-45.5,3.76745681504713,0,0,0.740075988769531,1.63,0,-5400.2158203125
E00000000000000000002005,1,921625000,0,-61,0.865165164367502,0,0,0.740075988769531,1.63,0,-5400.2158203125
100000000000000000000004,1,921625000,0,-46.5,4.14788405044277,0,0,0.740075988769531,1.63,0,-5400.2158203125
100000000000000000000003,1,921625000,0,-45.5,2.28869933552538,0,0,0.740075988769531,1.63,0,-5400.2158203125
100000000000000000000001,1,921625000,0,-46,2.5954954931025,0,0,0.740075988769531,1.63,0,-5400.2158203125
100000000000000000000004,1,921625000,0,-46,4.15401997359432,0,0,0.740075988769531,1.63,0,-5400.2158203125
100000000000000000000000,1,921625000,0,-49,1.65056332776495,0,0,0.740075988769531,1.63,0,-5400.2158203125
100000000000000000000002,1,921625000,0,-45,3.75518496874405,0,0,0.740075988769531,1.63,0,-5400.2158203125
100000000000000000000003,1,921625000,0,-45.5,2.28869933552538,0,0,0.740075988769531,1.63,0,-5400.2158203125
E00000000000000000002005,1,921625000,0,-61.5,0.852893318064416,0,0,0.740075988769531,1.63,0,-5400.2158203125
100000000000000000000003,1,921625000,0,-45.5,2.27642748922229,0,0,0.740075988769531,1.63,0,-5400.2158203125
100000000000000000000002,1,921625000,0,-45,3.76745681504713,0,0,0.740075988769531,1.63,0,-5400.2158203125
100000000000000000000004,1,921625000,0,-46.5,4.14788405044277,0,0,0.740075988769531,1.63,0,-5400.2158203125
100000000000000000000001,1,921625000,0,-46,2.58935956995096,0,0,0.740075988769531,1.63,0,-5400.2158203125
100000000000000000000000,1,921625000,0,-49,1.62601963515878,0,0,0.740075988769531,1.63,0,-5400.2158203125
E00000000000000000002005,1,921625000,0,-61.5,0.95720401164064,0,0,0.740075988769531,1.63,0,-5400.2158203125
100000000000000000000002,1,921625000,0,-45,3.76745681504713,0,0,0.740075988769531,1.63,0,-5400.2158203125
100000000000000000000000,1,921625000,0,-49,1.66897109721958,0,0,0.740075988769531,1.63,0,-5400.2158203125
100000000000000000000001,1,921625000,0,-46.5,2.57095180049633,0,0,0.740075988769531,1.63,0,-5400.2158203125
E00000000000000000002005,1,921625000,0,-61.5,0.889708856973672,0,0,0.740075988769531,1.63,0,-5400.2158203125
100000000000000000000003,1,921625000,0,-45.5,2.28256341237383,0,0,0.740075988769531,1.63,0,-5400.2158203125
100000000000000000000004,1,921625000,0,-46,4.16015589674586,0,0,0.740075988769531,1.63,0,-5400.2158203125
100000000000000000000001,1,921625000,0,-46,2.58322364679942,0,0,0.740075988769531,1.63,0,-5400.2158203125
100000000000000000000000,1,921625000,0,-49,1.63829148146186,0,0,0.740075988769531,1.63,0,-5400.2158203125
100000000000000000000002,1,921625000,0,-45,3.75518496874405,0,0,0.740075988769531,1.63,0,-5400.2158203125
100000000000000000000003,1,921625000,0,-45.5,2.27642748922229,0,0,0.740075988769531,1.63,0,-5400.2158203125
100000000000000000000004,1,921625000,0,-46.5,4.15401997359432,0,0,0.740075988769531,1.63,0,-5400.2158203125
E00000000000000000002005,1,921625000,0,-61.5,0.889708856973672,0,0,0.740075988769531,1.63,0,-5400.2158203125
100000000000000000000000,1,921625000,0,-49,1.60761186570415,0,0,0.740075988769531,1.63,0,-5400.2158203125
E00000000000000000002005,1,921625000,0,-61.5,0.822213702306704,0,0,0.740075988769531,1.63,0,-5400.2158203125
100000000000000000000001,1,921625000,0,-46,2.58935956995096,0,0,0.740075988769531,1.63,0,-5400.2158203125
100000000000000000000002,1,921625000,0,-45,3.74904904559251,0,0,0.740075988769531,1.63,0,-5400.2158203125
100000000000000000000003,1,921625000,0,-45.5,2.25188379661612,0,0,0.740075988769531,1.63,0,-5400.2158203125
100000000000000000000004,1,921625000,0,-46.5,4.15401997359432,0,0,0.740075988769531,1.63,0,-5400.2158203125
100000000000000000000001,1,921625000,0,-46.5,2.60163141625405,0,0,0.740075988769531,1.63,0,-5400.2158203125
100000000000000000000004,1,921625000,0,-46.5,4.15401997359432,0,0,0.740075988769531,1.63,0,-5400.2158203125
100000000000000000000000,1,921625000,0,-49,1.65056332776495,0,0,0.740075988769531,1.63,0,-5400.2158203125
100000000000000000000002,1,921625000,0,-45,3.76745681504713,0,0,0.740075988769531,1.63,0,-5400.2158203125
100000000000000000000003,1,921625000,0,-46,2.28256341237383,0,0,0.740075988769531,1.63,0,-5400.2158203125
E00000000000000000002005,1,921625000,0,-61.5,0.908116626428299,0,0,0.740075988769531,1.63,0,-5400.2158203125
E00000000000000000002005,1,922125000,0,-61.5,1.35603901649091,0,0,0.740075988769531,1.63,0,-5400.2158203125
100000000000000000000002,1,922125000,0,-45.5,3.97607820219958,0,0,0.740075988769531,1.63,0,-5400.2158203125
100000000000000000000003,1,922125000,0,-45.5,2.54640810789016,0,0,0.740075988769531,1.63,0,-5400.2158203125
100000000000000000000004,1,922125000,0,-46,4.36264136074676,0,0,0.740075988769531,1.63,0,-5400.2158203125
100000000000000000000001,1,922125000,0,-46,2.82866057286112,0,0,0.740075988769531,1.63,0,-5400.2158203125
100000000000000000000000,1,922125000,0,-48.5,1.93281579273591,0,0,0.740075988769531,1.63,0,-5400.2158203125
100000000000000000000004,1,922125000,0,-46,4.35650543759522,0,0,0.740075988769531,1.63,0,-5400.2158203125
100000000000000000000001,1,922125000,0,-46,2.84093241916421,0,0,0.740075988769531,1.63,0,-5400.2158203125
100000000000000000000000,1,922125000,0,-48.5,1.92667986958437,0,0,0.740075988769531,1.63,0,-5400.2158203125
E00000000000000000002005,1,922125000,0,-61.5,1.39285455540016,0,0,0.740075988769531,1.63,0,-5400.2158203125
100000000000000000000002,1,922125000,0,-45.5,4.0067578179573,0,0,0.740075988769531,1.63,0,-5400.2158203125
100000000000000000000003,1,922125000,0,-45.5,2.54640810789016,0,0,0.740075988769531,1.63,0,-5400.2158203125
100000000000000000000001,1,922125000,0,-46,2.81638872655804,0,0,0.740075988769531,1.63,0,-5400.2158203125
100000000000000000000000,1,922125000,0,-48.5,1.95122356219054,0,0,0.740075988769531,1.63,0,-5400.2158203125
E00000000000000000002005,1,922125000,0,-61.5,1.36217493964245,0,0,0.740075988769531,1.63,0,-5400.2158203125
100000000000000000000002,1,922125000,0,-45.5,3.99448597165421,0,0,0.740075988769531,1.63,0,-5400.2158203125
100000000000000000000004,1,922125000,0,-46.5,4.35650543759522,0,0,0.740075988769531,1.63,0,-5400.2158203125
100000000000000000000003,1,922125000,0,-45.5,2.52800033843554,0,0,0.740075988769531,1.63,0,-5400.2158203125
E00000000000000000002005,1,922125000,0,-61.5,1.36831086279399,0,0,0.740075988769531,1.63,0,-5400.2158203125
100000000000000000000004,1,922125000,0,-46,4.37491320704985,0,0,0.740075988769531,1.63,0,-5400.2158203125
100000000000000000000001,1,922125000,0,-46,2.82252464970958,0,0,0.740075988769531,1.63,0,-5400.2158203125
100000000000000000000002,1,922125000,0,-45.5,3.98221412535112,0,0,0.740075988769531,1.63,0,-5400.2158203125
100000000000000000000003,1,922125000,0,-45.5,2.54640810789016,0,0,0.740075988769531,1.63,0,-5400.2158203125
100000000000000000000000,1,922125000,0,-48.5,1.92667986958437,0,0,0.740075988769531,1.63,0,-5400.2158203125
100000000000000000000002,1,922125000,0,-45.5,4.0067578179573,0,0,0.740075988769531,1.63,0,-5400.2158203125
E00000000000000000002005,1,922125000,0,-61,1.39285455540016,0,0,0.740075988769531,1.63,0,-5400.2158203125
100000000000000000000004,1,922125000,0,-46,4.36877728389831,0,0,0.740075988769531,1.63,0,-5400.2158203125
100000000000000000000000,1,922125000,0,-48.5,1.93895171588745,0,0,0.740075988769531,1.63,0,-5400.2158203125
100000000000000000000001,1,922125000,0,-46,2.81638872655804,0,0,0.740075988769531,1.63,0,-5400.2158203125
100000000000000000000003,1,922125000,0,-45.5,2.54027218473862,0,0,0.740075988769531,1.63,0,-5400.2158203125
E00000000000000000002005,1,922125000,0,-61.5,1.38058270909708,0,0,0.740075988769531,1.63,0,-5400.2158203125
100000000000000000000001,1,922125000,0,-46,2.82866057286112,0,0,0.740075988769531,1.63,0,-5400.2158203125
100000000000000000000002,1,922125000,0,-45.5,3.98221412535112,0,0,0.740075988769531,1.63,0,-5400.2158203125
100000000000000000000000,1,922125000,0,-48.5,1.95735948534208,0,0,0.740075988769531,1.63,0,-5400.2158203125
100000000000000000000004,1,922125000,0,-46,4.34423359129214,0,0,0.740075988769531,1.63,0,-5400.2158203125
100000000000000000000003,1,922125000,0,-45.5,2.54027218473862,0,0,0.740075988769531,1.63,0,-5400.2158203125
100000000000000000000003,1,922125000,0,-45.5,2.52800033843554,0,0,0.740075988769531,1.63,0,-5400.2158203125
100000000000000000000002,1,922125000,0,-45.5,4.00062189480575,0,0,0.740075988769531,1.63,0,-5400.2158203125
100000000000000000000004,1,922125000,0,-46,4.38104913020139,0,0,0.740075988769531,1.63,0,-5400.2158203125
100000000000000000000001,1,922125000,0,-46,2.82866057286112,0,0,0.740075988769531,1.63,0,-5400.2158203125
E00000000000000000002005,1,922125000,0,-61.5,1.39285455540016,0,0,0.740075988769531,1.63,0,-5400.2158203125
100000000000000000000000,1,922125000,0,-48.5,1.93281579273591,0,0,0.740075988769531,1.63,0,-5400.2158203125
100000000000000000000002,1,922125000,0,-45.5,3.99448597165421,0,0,0.740075988769531,1.63,0,-5400.2158203125
E00000000000000000002005,1,922125000,0,-61.5,1.38671863224862,0,0,0.740075988769531,1.63,0,-5400.2158203125
100000000000000000000004,1,922125000,0,-46,4.38104913020139,0,0,0.740075988769531,1.63,0,-5400.2158203125
100000000000000000000003,1,922125000,0,-45.5,2.54640810789016,0,0,0.740075988769531,1.63,0,-5400.2158203125
100000000000000000000001,1,922125000,0,-46,2.84093241916421,0,0,0.740075988769531,1.63,0,-5400.2158203125
100000000000000000000000,1,922125000,0,-48.5,1.94508763903899,0,0,0.740075988769531,1.63,0,-5400.2158203125
100000000000000000000002,1,922125000,0,-45.5,3.98835004850267,0,0,0.740075988769531,1.63,0,-5400.2158203125
100000000000000000000000,1,922125000,0,-48.5,1.93281579273591,0,0,0.740075988769531,1.63,0,-5400.2158203125
100000000000000000000001,1,922125000,0,-46,2.84093241916421,0,0,0.740075988769531,1.63,0,-5400.2158203125
E00000000000000000002005,1,922125000,0,-61.5,1.42353417115787,0,0,0.740075988769531,1.63,0,-5400.2158203125
100000000000000000000004,1,922125000,0,-46,4.36877728389831,0,0,0.740075988769531,1.63,0,-5400.2158203125
100000000000000000000003,1,922125000,0,-45.5,2.53413626158708,0,0,0.740075988769531,1.63,0,-5400.2158203125
100000000000000000000002,1,922125000,0,-45.5,4.00062189480575,0,0,0.740075988769531,1.63,0,-5400.2158203125
100000000000000000000001,1,922125000,0,-46,2.83479649601267,0,0,0.740075988769531,1.63,0,-5400.2158203125
100000000000000000000000,1,922125000,0,-48.5,1.92667986958437,0,0,0.740075988769531,1.63,0,-5400.2158203125
E00000000000000000002005,1,922125000,0,-61,1.46034971006713,0,0,0.740075988769531,1.63,0,-5400.2158203125
100000000000000000000004,1,922125000,0,-46,4.35650543759522,0,0,0.740075988769531,1.63,0,-5400.2158203125
100000000000000000000003,1,922125000,0,-45.5,2.53413626158708,0,0,0.740075988769531,1.63,0,-5400.2158203125
100000000000000000000003,1,922125000,0,-45.5,2.54027218473862,0,0,0.740075988769531,1.63,0,-5400.2158203125
100000000000000000000001,1,922125000,0,-46,2.84093241916421,0,0,0.740075988769531,1.63,0,-5400.2158203125
100000000000000000000004,1,922125000,0,-46.5,4.38104913020139,0,0,0.740075988769531,1.63,0,-5400.2158203125
E00000000000000000002005,1,922125000,0,-61.5,1.35603901649091,0,0,0.740075988769531,1.63,0,-5400.2158203125
100000000000000000000002,1,922125000,0,-45.5,4.01289374110884,0,0,0.740075988769531,1.63,0,-5400.2158203125
100000000000000000000000,1,922125000,0,-48.5,1.92054394643282,0,0,0.740075988769531,1.63,0,-5400.2158203125
100000000000000000000003,1,922125000,0,-45.5,2.52800033843554,0,0,0.740075988769531,1.63,0,-5400.2158203125
100000000000000000000001,1,922125000,0,-46,2.84706834231575,0,0,0.740075988769531,1.63,0,-5400.2158203125
100000000000000000000002,1,922125000,0,-45.5,4.00062189480575,0,0,0.740075988769531,1.63,0,-5400.2158203125
100000000000000000000000,1,922125000,0,-48.5,1.92054394643282,0,0,0.740075988769531,1.63,0,-5400.2158203125
E00000000000000000002005,1,922125000,0,-61.5,1.33763124703628,0,0,0.740075988769531,1.63,0,-5400.2158203125
100000000000000000000004,1,922125000,0,-46,4.36264136074676,0,0,0.740075988769531,1.63,0,-5400.2158203125
100000000000000000000002,1,922125000,0,-45.5,3.99448597165421,0,0,0.740075988769531,1.63,0,-5400.2158203125
E00000000000000000002005,1,922125000,0,-61.5,1.31922347758165,0,0,0.740075988769531,1.63,0,-5400.2158203125
100000000000000000000003,1,922125000,0,-45.5,2.54027218473862,0,0,0.740075988769531,1.63,0,-5400.2158203125
100000000000000000000004,1,922125000,0,-46,4.37491320704985,0,0,0.740075988769531,1.63,0,-5400.2158203125
100000000000000000000000,1,922125000,0,-48.5,1.93281579273591,0,0,0.740075988769531,1.63,0,-5400.2158203125
100000000000000000000001,1,922125000,0,-46,2.83479649601267,0,0,0.740075988769531,1.63,0,-5400.2158203125
100000000000000000000001,1,922125000,0,-46,2.84093241916421,0,0,0.740075988769531,1.63,0,-5400.2158203125
E00000000000000000002005,1,922125000,0,-61.5,1.35603901649091,0,0,0.740075988769531,1.63,0,-5400.2158203125
100000000000000000000002,1,922125000,0,-45.5,3.99448597165421,0,0,0.740075988769531,1.63,0,-5400.2158203125
100000000000000000000003,1,922125000,0,-45.5,2.54027218473862,0,0,0.740075988769531,1.63,0,-5400.2158203125
100000000000000000000000,1,922125000,0,-48.5,1.90827210012974,0,0,0.740075988769531,1.63,0,-5400.2158203125
100000000000000000000004,1,922125000,0,-46,4.37491320704985,0,0,0.740075988769531,1.63,0,-5400.2158203125
100000000000000000000001,1,922125000,0,-46,2.82252464970958,0,0,0.740075988769531,1.63,0,-5400.2158203125
100000000000000000000004,1,922125000,0,-46.5,4.36877728389831,0,0,0.740075988769531,1.63,0,-5400.2158203125
E00000000000000000002005,1,922125000,0,-61,1.33763124703628,0,0,0.740075988769531,1.63,0,-5400.2158203125
100000000000000000000003,1,922125000,0,-45.5,2.53413626158708,0,0,0.740075988769531,1.63,0,-5400.2158203125
100000000000000000000000,1,922125000,0,-48.5,1.93895171588745,0,0,0.740075988769531,1.63,0,-5400.2158203125
100000000000000000000002,1,922125000,0,-45.5,3.98221412535112,0,0,0.740075988769531,1.63,0,-5400.2158203125
100000000000000000000003,1,922125000,0,-45.5,2.54027218473862,0,0,0.740075988769531,1.63,0,-5400.2158203125
100000000000000000000000,1,922125000,0,-48.5,1.93281579273591,0,0,0.740075988769531,1.63,0,-5400.2158203125
100000000000000000000001,1,922125000,0,-46,2.83479649601267,0,0,0.740075988769531,1.63,0,-5400.2158203125
100000000000000000000002,1,922125000,0,-45.5,3.98221412535112,0,0,0.740075988769531,1.63,0,-5400.2158203125
100000000000000000000004,1,922125000,0,-46.5,4.37491320704985,0,0,0.740075988769531,1.63,0,-5400.2158203125
100000000000000000000001,1,922125000,0,-46,2.82252464970958,0,0,0.740075988769531,1.63,0,-5400.2158203125
100000000000000000000002,1,922125000,0,-45.5,3.98835004850267,0,0,0.740075988769531,1.63,0,-5400.2158203125
100000000000000000000003,1,922125000,0,-45.5,2.54640810789016,0,0,0.740075988769531,1.63,0,-5400.2158203125
100000000000000000000000,1,922125000,0,-48.5,1.93281579273591,0,0,0.740075988769531,1.63,0,-5400.2158203125
E00000000000000000002005,1,922125000,0,-61.5,1.27627201552085,0,0,0.740075988769531,1.63,0,-5400.2158203125
100000000000000000000004,1,922125000,0,-46.5,4.38104913020139,0,0,0.740075988769531,1.63,0,-5400.2158203125
100000000000000000000003,1,922125000,0,-45.5,2.54027218473862,0,0,0.740075988769531,1.63,0,-5400.2158203125
E00000000000000000002005,1,922125000,0,-61.5,1.41739824800633,0,0,0.740075988769531,1.63,0,-5400.2158203125
100000000000000000000004,1,922125000,0,-46,4.38104913020139,0,0,0.740075988769531,1.63,0,-5400.2158203125
100000000000000000000000,1,922125000,0,-48.5,1.93281579273591,0,0,0.740075988769531,1.63,0,-5400.2158203125
100000000000000000000001,1,922125000,0,-46,2.84093241916421,0,0,0.740075988769531,1.63,0,-5400.2158203125
100000000000000000000002,1,922125000,0,-45.5,3.9638063558965,0,0,0.740075988769531,1.63,0,-5400.2158203125
100000000000000000000001,1,922125000,0,-46,2.82866057286112,0,0,0.740075988769531,1.63,0,-5400.2158203125
100000000000000000000002,1,922125000,0,-45.5,4.0067578179573,0,0,0.740075988769531,1.63,0,-5400.2158203125
100000000000000000000000,1,922125000,0,-48.5,1.93895171588745,0,0,0.740075988769531,1.63,0,-5400.2158203125
100000000000000000000004,1,922125000,0,-46.5,4.38104913020139,0,0,0.740075988769531,1.63,0,-5400.2158203125
100000000000000000000003,1,922125000,0,-45.5,2.53413626158708,0,0,0.740075988769531,1.63,0,-5400.2158203125
E00000000000000000002005,1,922125000,0,-61.5,1.33763124703628,0,0,0.740075988769531,1.63,0,-5400.2158203125
100000000000000000000000,1,922125000,0,-48.5,1.92054394643282,0,0,0.740075988769531,1.63,0,-5400.2158203125
E00000000000000000002005,1,922125000,0,-61.5,1.41126232485479,0,0,0.740075988769531,1.63,0,-5400.2158203125
100000000000000000000004,1,922125000,0,-46,4.36877728389831,0,0,0.740075988769531,1.63,0,-5400.2158203125
100000000000000000000002,1,922125000,0,-45.5,3.99448597165421,0,0,0.740075988769531,1.63,0,-5400.2158203125
100000000000000000000001,1,922125000,0,-46,2.83479649601267,0,0,0.740075988769531,1.63,0,-5400.2158203125
100000000000000000000003,1,922125000,0,-45.5,2.55867995419325,0,0,0.740075988769531,1.63,0,-5400.2158203125
100000000000000000000004,1,922125000,0,-46,4.38718505335293,0,0,0.740075988769531,1.63,0,-5400.2158203125
100000000000000000000003,1,922125000,0,-45.5,2.53413626158708,0,0,0.740075988769531,1.63,0,-5400.2158203125
E00000000000000000002005,1,922125000,0,-61.5,1.33763124703628,0,0,0.740075988769531,1.63,0,-5400.2158203125
100000000000000000000000,1,922125000,0,-48.5,1.95122356219054,0,0,0.740075988769531,1.63,0,-5400.2158203125
100000000000000000000002,1,922125000,0,-45.5,4.00062189480575,0,0,0.740075988769531,1.63,0,-5400.2158203125
100000000000000000000001,1,922125000,0,-46,2.83479649601267,0,0,0.740075988769531,1.63,0,-5400.2158203125
100000000000000000000000,1,922125000,0,-48.5,1.92054394643282,0,0,0.740075988769531,1.63,0,-5400.2158203125
100000000000000000000001,1,922125000,0,-46,2.83479649601267,0,0,0.740075988769531,1.63,0,-5400.2158203125
100000000000000000000003,1,922125000,0,-45.5,2.55254403104171,0,0,0.740075988769531,1.63,0,-5400.2158203125
E00000000000000000002005,1,922125000,0,-61.5,1.33763124703628,0,0,0.740075988769531,1.63,0,-5400.2158203125
100000000000000000000002,1,922125000,0,-45.5,4.01289374110884,0,0,0.740075988769531,1.63,0,-5400.2158203125
100000000000000000000004,1,922125000,0,-46,4.36264136074676,0,0,0.740075988769531,1.63,0,-5400.2158203125
E00000000000000000002005,1,922125000,0,-61.5,1.38058270909708,0,0,0.740075988769531,1.63,0,-5400.2158203125
100000000000000000000002,1,922125000,0,-45.5,4.00062189480575,0,0,0.740075988769531,1.63,0,-5400.2158203125
100000000000000000000004,1,922125000,0,-46.5,4.36877728389831,0,0,0.740075988769531,1.63,0,-5400.2158203125
100000000000000000000001,1,922125000,0,-46,2.84093241916421,0,0,0.740075988769531,1.63,0,-5400.2158203125
100000000000000000000003,1,922125000,0,-45.5,2.54027218473862,0,0,0.740075988769531,1.63,0,-5400.2158203125
100000000000000000000000,1,922125000,0,-48.5,1.92054394643282,0,0,0.740075988769531,1.63,0,-5400.2158203125
100000000000000000000003,1,922125000,0,-45.5,2.52800033843554,0,0,0.740075988769531,1.63,0,-5400.2158203125
100000000000000000000004,1,922125000,0,-46.5,4.38104913020139,0,0,0.740075988769531,1.63,0,-5400.2158203125
E00000000000000000002005,1,922125000,0,-61.5,1.35603901649091,0,0,0.740075988769531,1.63,0,-5400.2158203125
100000000000000000000000,1,922125000,0,-48.5,1.89600025382665,0,0,0.740075988769531,1.63,0,-5400.2158203125
100000000000000000000002,1,922125000,0,-45.5,3.98221412535112,0,0,0.740075988769531,1.63,0,-5400.2158203125
100000000000000000000001,1,922125000,0,-46,2.82252464970958,0,0,0.740075988769531,1.63,0,-5400.2158203125
E00000000000000000002005,1,922125000,0,-61.5,1.28854386182394,0,0,0.740075988769531,1.63,0,-5400.2158203125
100000000000000000000001,1,922125000,0,-46,2.84093241916421,0,0,0.740075988769531,1.63,0,-5400.2158203125
100000000000000000000002,1,922125000,0,-45.5,3.98835004850267,0,0,0.740075988769531,1.63,0,-5400.2158203125
100000000000000000000000,1,922125000,0,-48.5,1.94508763903899,0,0,0.740075988769531,1.63,0,-5400.2158203125
100000000000000000000003,1,922125000,0,-45.5,2.53413626158708,0,0,0.740075988769531,1.63,0,-5400.2158203125
100000000000000000000004,1,922125000,0,-46.5,4.39945689965602,0,0,0.740075988769531,1.63,0,-5400.2158203125
100000000000000000000003,1,922125000,0,-45.5,2.51572849213245,0,0,0.740075988769531,1.63,0,-5400.2158203125
100000000000000000000004,1,922125000,0,-46,4.37491320704985,0,0,0.740075988769531,1.63,0,-5400.2158203125
100000000000000000000000,1,922125000,0,-48.5,1.92667986958437,0,0,0.740075988769531,1.63,0,-5400.2158203125
100000000000000000000001,1,922125000,0,-46,2.81638872655804,0,0,0.740075988769531,1.63,0,-5400.2158203125
E00000000000000000002005,1,922125000,0,-61,1.42967009430942,0,0,0.740075988769531,1.63,0,-5400.2158203125
100000000000000000000002,1,922125000,0,-45.5,3.99448597165421,0,0,0.740075988769531,1.63,0,-5400.2158203125
100000000000000000000002,1,922125000,0,-45.5,4.00062189480575,0,0,0.740075988769531,1.63,0,-5400.2158203125
100000000000000000000003,1,922125000,0,-45,2.50959256898091,0,0,0.740075988769531,1.63,0,-5400.2158203125
100000000000000000000000,1,922125000,0,-48,1.89600025382665,0,0,0.740075988769531,1.63,0,-5400.2158203125
100000000000000000000001,1,922125000,0,-46,2.82866057286112,0,0,0.740075988769531,1.63,0,-5400.2158203125
E00000000000000000002005,1,922125000,0,-61.5,1.36831086279399,0,0,0.740075988769531,1.63,0,-5400.2158203125
100000000000000000000004,1,922125000,0,-46,4.34423359129214,0,0,0.740075988769531,1.63,0,-5400.2158203125
100000000000000000000003,1,922125000,0,-45.5,2.53413626158708,0,0,0.740075988769531,1.63,0,-5400.2158203125
100000000000000000000001,1,922125000,0,-46,2.85934018861884,0,0,0.740075988769531,1.63,0,-5400.2158203125
E00000000000000000002005,1,922125000,0,-61.5,1.35603901649091,0,0,0.740075988769531,1.63,0,-5400.2158203125
100000000000000000000004,1,922125000,0,-46,4.36264136074676,0,0,0.740075988769531,1.63,0,-5400.2158203125
100000000000000000000002,1,922125000,0,-45.5,3.99448597165421,0,0,0.740075988769531,1.63,0,-5400.2158203125
100000000000000000000000,1,922125000,0,-48.5,1.93281579273591,0,0,0.740075988769531,1.63,0,-5400.2158203125
E00000000000000000002005,1,922125000,0,-61,1.39285455540016,0,0,0.740075988769531,1.63,0,-5400.2158203125
100000000000000000000000,1,922125000,0,-48.5,1.93895171588745,0,0,0.740075988769531,1.63,0,-5400.2158203125
100000000000000000000002,1,922125000,0,-45.5,4.01902966426038,0,0,0.740075988769531,1.63,0,-5400.2158203125
100000000000000000000001,1,922125000,0,-46,2.84093241916421,0,0,0.740075988769531,1.63,0,-5400.2158203125
100000000000000000000003,1,922125000,0,-45.5,2.53413626158708,0,0,0.740075988769531,1.63,0,-5400.2158203125
100000000000000000000004,1,922125000,0,-46,4.37491320704985,0,0,0.740075988769531,1.63,0,-5400.2158203125
100000000000000000000000,1,922125000,0,-48.5,1.90827210012974,0,0,0.740075988769531,1.63,0,-5400.2158203125
100000000000000000000004,1,922125000,0,-46,4.36877728389831,0,0,0.740075988769531,1.63,0,-5400.2158203125
100000000000000000000002,1,922125000,0,-45.5,4.00062189480575,0,0,0.740075988769531,1.63,0,-5400.2158203125
100000000000000000000003,1,922125000,0,-45.5,2.55867995419325,0,0,0.740075988769531,1.63,0,-5400.2158203125
E00000000000000000002005,1,922125000,0,-61.5,1.40512640170325,0,0,0.740075988769531,1.63,0,-5400.2158203125
100000000000000000000001,1,922125000,0,-46,2.83479649601267,0,0,0.740075988769531,1.63,0,-5400.2158203125
100000000000000000000000,1,922125000,0,-48.5,1.89600025382665,0,0,0.740075988769531,1.63,0,-5400.2158203125
100000000000000000000003,1,922125000,0,-45.5,2.54640810789016,0,0,0.740075988769531,1.63,0,-5400.2158203125
100000000000000000000004,1,922125000,0,-46,4.36877728389831,0,0,0.740075988769531,1.63,0,-5400.2158203125
E00000000000000000002005,1,922125000,0,-61,1.26400016921777,0,0,0.740075988769531,1.63,0,-5400.2158203125
100000000000000000000002,1,922125000,0,-45.5,4.00062189480575,0,0,0.740075988769531,1.63,0,-5400.2158203125
100000000000000000000001,1,922125000,0,-46,2.82866057286112,0,0,0.740075988769531,1.63,0,-5400.2158203125
100000000000000000000000,1,922125000,0,-48.5,1.92054394643282,0,0,0.740075988769531,1.63,0,-5400.2158203125
100000000000000000000003,1,922125000,0,-45.5,2.53413626158708,0,0,0.740075988769531,1.63,0,-5400.2158203125
100000000000000000000001,1,922125000,0,-46,2.84706834231575,0,0,0.740075988769531,1.63,0,-5400.2158203125
100000000000000000000004,1,922125000,0,-46,4.36264136074676,0,0,0.740075988769531,1.63,0,-5400.2158203125
100000000000000000000002,1,922125000,0,-45.5,3.95153450959341,0,0,0.740075988769531,1.63,0,-5400.2158203125
E00000000000000000002005,1,922125000,0,-61.5,1.33763124703628,0,0,0.740075988769531,1.63,0,-5400.2158203125
100000000000000000000002,1,922125000,0,-45.5,4.0067578179573,0,0,0.740075988769531,1.63,0,-5400.2158203125
E00000000000000000002005,1,922125000,0,-61.5,1.38058270909708,0,0,0.740075988769531,1.63,0,-5400.2158203125
100000000000000000000004,1,922125000,0,-46,4.36877728389831,0,0,0.740075988769531,1.63,0,-5400.2158203125
100000000000000000000003,1,922125000,0,-45.5,2.54027218473862,0,0,0.740075988769531,1.63,0,-5400.2158203125
100000000000000000000001,1,922125000,0,-46,2.83479649601267,0,0,0.740075988769531,1.63,0,-5400.2158203125
100000000000000000000000,1,922125000,0,-48.5,1.92054394643282,0,0,0.740075988769531,1.63,0,-5400.2158203125
E00000000000000000002005,1,922125000,0,-61.5,1.33149532388474,0,0,0.740075988769531,1.63,0,-5400.2158203125
100000000000000000000000,1,922125000,0,-48.5,1.93895171588745,0,0,0.740075988769531,1.63,0,-5400.2158203125
100000000000000000000004,1,922125000,0,-46,4.37491320704985,0,0,0.740075988769531,1.63,0,-5400.2158203125
100000000000000000000002,1,922125000,0,-45.5,3.99448597165421,0,0,0.740075988769531,1.63,0,-5400.2158203125
100000000000000000000003,1,922125000,0,-45.5,2.53413626158708,0,0,0.740075988769531,1.63,0,-5400.2158203125
100000000000000000000001,1,922125000,0,-46,2.84093241916421,0,0,0.740075988769531,1.63,0,-5400.2158203125
100000000000000000000000,1,922125000,0,-48.5,1.93895171588745,0,0,0.740075988769531,1.63,0,-5400.2158203125
E00000000000000000002005,1,922125000,0,-61.5,1.38058270909708,0,0,0.740075988769531,1.63,0,-5400.2158203125
100000000000000000000002,1,922125000,0,-45.5,3.99448597165421,0,0,0.740075988769531,1.63,0,-5400.2158203125
100000000000000000000004,1,922125000,0,-46.5,4.36264136074676,0,0,0.740075988769531,1.63,0,-5400.2158203125
100000000000000000000001,1,922125000,0,-46,2.82866057286112,0,0,0.740075988769531,1.63,0,-5400.2158203125
100000000000000000000003,1,922125000,0,-45.5,2.55867995419325,0,0,0.740075988769531,1.63,0,-5400.2158203125
100000000000000000000004,1,922125000,0,-46,4.38104913020139,0,0,0.740075988769531,1.63,0,-5400.2158203125
100000000000000000000003,1,922125000,0,-45.5,2.55254403104171,0,0,0.740075988769531,1.63,0,-5400.2158203125
100000000000000000000002,1,922125000,0,-45.5,4.01902966426038,0,0,0.740075988769531,1.63,0,-5400.2158203125
100000000000000000000001,1,922125000,0,-46,2.84706834231575,0,0,0.740075988769531,1.63,0,-5400.2158203125
E00000000000000000002005,1,922125000,0,-61.5,1.33763124703628,0,0,0.740075988769531,1.63,0,-5400.2158203125
100000000000000000000000,1,922125000,0,-48.5,1.88986433067511,0,0,0.740075988769531,1.63,0,-5400.2158203125
E00000000000000000002005,1,922125000,0,-62,1.35603901649091,0,0,0.740075988769531,1.63,0,-5400.2158203125
100000000000000000000001,1,922125000,0,-46,2.84093241916421,0,0,0.740075988769531,1.63,0,-5400.2158203125
100000000000000000000000,1,922125000,0,-48.5,1.94508763903899,0,0,0.740075988769531,1.63,0,-5400.2158203125
100000000000000000000002,1,922125000,0,-45.5,3.97607820219958,0,0,0.740075988769531,1.63,0,-5400.2158203125
100000000000000000000003,1,922125000,0,-45.5,2.53413626158708,0,0,0.740075988769531,1.63,0,-5400.2158203125
100000000000000000000004,1,922125000,0,-46.5,4.36264136074676,0,0,0.740075988769531,1.63,0,-5400.2158203125
E00000000000000000002005,1,922125000,0,-61.5,1.34990309333936,0,0,0.740075988769531,1.63,0,-5400.2158203125
100000000000000000000003,1,922125000,0,-45.5,2.53413626158708,0,0,0.740075988769531,1.63,0,-5400.2158203125
100000000000000000000001,1,922125000,0,-46,2.83479649601267,0,0,0.740075988769531,1.63,0,-5400.2158203125
100000000000000000000000,1,922125000,0,-48.5,1.93281579273591,0,0,0.740075988769531,1.63,0,-5400.2158203125
100000000000000000000004,1,922125000,0,-46.5,4.37491320704985,0,0,0.740075988769531,1.63,0,-5400.2158203125
100000000000000000000002,1,922125000,0,-45.5,3.99448597165421,0,0,0.740075988769531,1.63,0,-5400.2158203125
100000000000000000000000,1,922125000,0,-48.5,1.92054394643282,0,0,0.740075988769531,1.63,0,-5400.2158203125
100000000000000000000001,1,922125000,0,-46,2.82252464970958,0,0,0.740075988769531,1.63,0,-5400.2158203125
100000000000000000000004,1,922125000,0,-46,4.37491320704985,0,0,0.740075988769531,1.63,0,-5400.2158203125
100000000000000000000003,1,922125000,0,-45.5,2.53413626158708,0,0,0.740075988769531,1.63,0,-5400.2158203125
100000000000000000000002,1,922125000,0,-45.5,3.98835004850267,0,0,0.740075988769531,1.63,0,-5400.2158203125
E00000000000000000002005,1,922125000,0,-61.5,1.34990309333936,0,0,0.740075988769531,1.63,0,-5400.2158203125
E00000000000000000002005,1,922125000,0,-61.5,1.39285455540016,0,0,0.740075988769531,1.63,0,-5400.2158203125
100000000000000000000002,1,922125000,0,-45.5,4.0067578179573,0,0,0.740075988769531,1.63,0,-5400.2158203125
100000000000000000000000,1,922125000,0,-48.5,1.93895171588745,0,0,0.740075988769531,1.63,0,-5400.2158203125
100000000000000000000004,1,922125000,0,-46.5,4.36877728389831,0,0,0.740075988769531,1.63,0,-5400.2158203125
100000000000000000000003,1,922125000,0,-45.5,2.55867995419325,0,0,0.740075988769531,1.63,0,-5400.2158203125
100000000000000000000001,1,922125000,0,-46,2.82866057286112,0,0,0.740075988769531,1.63,0,-5400.2158203125
100000000000000000000001,1,922125000,0,-46,2.83479649601267,0,0,0.740075988769531,1.63,0,-5400.2158203125
100000000000000000000002,1,922125000,0,-45.5,4.0067578179573,0,0,0.740075988769531,1.63,0,-5400.2158203125
E00000000000000000002005,1,922125000,0,-61.5,1.34990309333936,0,0,0.740075988769531,1.63,0,-5400.2158203125
100000000000000000000004,1,922125000,0,-46.5,4.37491320704985,0,0,0.740075988769531,1.63,0,-5400.2158203125
100000000000000000000003,1,922125000,0,-45.5,2.53413626158708,0,0,0.740075988769531,1.63,0,-5400.2158203125
100000000000000000000000,1,922125000,0,-48.5,1.95122356219054,0,0,0.740075988769531,1.63,0,-5400.2158203125
100000000000000000000004,1,922125000,0,-46,4.37491320704985,0,0,0.740075988769531,1.63,0,-5400.2158203125
100000000000000000000001,1,922125000,0,-46,2.82252464970958,0,0,0.740075988769531,1.63,0,-5400.2158203125
100000000000000000000002,1,922125000,0,-45.5,4.0067578179573,0,0,0.740075988769531,1.63,0,-5400.2158203125
100000000000000000000003,1,922125000,0,-45.5,2.54027218473862,0,0,0.740075988769531,1.63,0,-5400.2158203125
100000000000000000000000,1,922125000,0,-48.5,1.92054394643282,0,0,0.740075988769531,1.63,0,-5400.2158203125
E00000000000000000002005,1,922125000,0,-61.5,1.22104870715697,0,0,0.740075988769531,1.63,0,-5400.2158203125
E00000000000000000002005,1,922125000,0,-62,1.31308755443011,0,0,0.740075988769531,1.63,0,-5400.2158203125
100000000000000000000003,1,922125000,0,-45.5,2.52800033843554,0,0,0.740075988769531,1.63,0,-5400.2158203125
100000000000000000000004,1,922125000,0,-46.5,4.37491320704985,0,0,0.740075988769531,1.63,0,-5400.2158203125
100000000000000000000001,1,922125000,0,-46,2.85320426546729,0,0,0.740075988769531,1.63,0,-5400.2158203125
100000000000000000000002,1,922125000,0,-45.5,4.00062189480575,0,0,0.740075988769531,1.63,0,-5400.2158203125
100000000000000000000000,1,922125000,0,-48.5,1.93281579273591,0,0,0.740075988769531,1.63,0,-5400.2158203125
100000000000000000000004,1,922125000,0,-46,4.36264136074676,0,0,0.740075988769531,1.63,0,-5400.2158203125
E00000000000000000002005,1,922125000,0,-61.5,1.45421378691559,0,0,0.740075988769531,1.63,0,-5400.2158203125
100000000000000000000000,1,922125000,0,-48.5,1.93281579273591,0,0,0.740075988769531,1.63,0,-5400.2158203125
100000000000000000000002,1,922125000,0,-45.5,4.0067578179573,0,0,0.740075988769531,1.63,0,-5400.2158203125
100000000000000000000003,1,922125000,0,-45.5,2.55867995419325,0,0,0.740075988769531,1.63,0,-5400.2158203125
100000000000000000000001,1,922125000,0,-46,2.84093241916421,0,0,0.740075988769531,1.63,0,-5400.2158203125
100000000000000000000003,1,922125000,0,-45.5,2.54027218473862,0,0,0.740075988769531,1.63,0,-5400.2158203125
100000000000000000000001,1,922125000,0,-46,2.85934018861884,0,0,0.740075988769531,1.63,0,-5400.2158203125
100000000000000000000004,1,922125000,0,-46.5,4.36264136074676,0,0,0.740075988769531,1.63,0,-5400.2158203125
100000000000000000000000,1,922125000,0,-48.5,1.92667986958437,0,0,0.740075988769531,1.63,0,-5400.2158203125
100000000000000000000002,1,922125000,0,-45.5,3.99448597165421,0,0,0.740075988769531,1.63,0,-5400.2158203125
E00000000000000000002005,1,922125000,0,-61.5,1.33763124703628,0,0,0.740075988769531,1.63,0,-5400.2158203125
100000000000000000000003,1,922125000,0,-45.5,2.53413626158708,0,0,0.740075988769531,1.63,0,-5400.2158203125
100000000000000000000001,1,922125000,0,-46,2.84093241916421,0,0,0.740075988769531,1.63,0,-5400.2158203125
100000000000000000000002,1,922125000,0,-45.5,3.99448597165421,0,0,0.740075988769531,1.63,0,-5400.2158203125
100000000000000000000000,1,922125000,0,-48.5,1.93281579273591,0,0,0.740075988769531,1.63,0,-5400.2158203125
100000000000000000000004,1,922125000,0,-46,4.36264136074676,0,0,0.740075988769531,1.63,0,-5400.2158203125
E00000000000000000002005,1,922125000,0,-61.5,1.34990309333936,0,0,0.740075988769531,1.63,0,-5400.2158203125
100000000000000000000001,1,922125000,0,-46,2.83479649601267,0,0,0.740075988769531,1.63,0,-5400.2158203125
100000000000000000000000,1,922125000,0,-48.5,1.93895171588745,0,0,0.740075988769531,1.63,0,-5400.2158203125
E00000000000000000002005,1,922125000,0,-61.5,1.41126232485479,0,0,0.740075988769531,1.63,0,-5400.2158203125
100000000000000000000002,1,922125000,0,-45.5,3.99448597165421,0,0,0.740075988769531,1.63,0,-5400.2158203125
100000000000000000000004,1,922125000,0,-46,4.36264136074676,0,0,0.740075988769531,1.63,0,-5400.2158203125
100000000000000000000003,1,922125000,0,-45.5,2.54640810789016,0,0,0.740075988769531,1.63,0,-5400.2158203125
100000000000000000000001,1,922125000,0,-46,2.82866057286112,0,0,0.740075988769531,1.63,0,-5400.2158203125
100000000000000000000002,1,922125000,0,-45.5,4.00062189480575,0,0,0.740075988769531,1.63,0,-5400.2158203125
100000000000000000000003,1,922125000,0,-45.5,2.54640810789016,0,0,0.740075988769531,1.63,0,-5400.2158203125
100000000000000000000004,1,922125000,0,-46,4.36877728389831,0,0,0.740075988769531,1.63,0,-5400.2158203125
100000000000000000000000,1,922125000,0,-48.5,1.92054394643282,0,0,0.740075988769531,1.63,0,-5400.2158203125
E00000000000000000002005,1,922125000,0,-61.5,1.32535940073319,0,0,0.740075988769531,1.63,0,-5400.2158203125
E00000000000000000002005,1,922125000,0,-61.5,1.25172832291468,0,0,0.740075988769531,1.63,0,-5400.2158203125
100000000000000000000001,1,922125000,0,-46,2.84093241916421,0,0,0.740075988769531,1.63,0,-5400.2158203125
100000000000000000000000,1,922125000,0,-48.5,1.93895171588745,0,0,0.740075988769531,1.63,0,-5400.2158203125
100000000000000000000004,1,922125000,0,-46.5,4.36264136074676,0,0,0.740075988769531,1.63,0,-5400.2158203125
100000000000000000000003,1,922125000,0,-45,2.54640810789016,0,0,0.740075988769531,1.63,0,-5400.2158203125
100000000000000000000002,1,922125000,0,-45.5,4.00062189480575,0,0,0.740075988769531,1.63,0,-5400.2158203125
100000000000000000000004,1,922125000,0,-46.5,4.35650543759522,0,0,0.740075988769531,1.63,0,-5400.2158203125
100000000000000000000000,1,922125000,0,-48.5,1.91440802328128,0,0,0.740075988769531,1.63,0,-5400.2158203125
100000000000000000000003,1,922125000,0,-45.5,2.53413626158708,0,0,0.740075988769531,1.63,0,-5400.2158203125
100000000000000000000001,1,922125000,0,-46,2.82866057286112,0,0,0.740075988769531,1.63,0,-5400.2158203125
E00000000000000000002005,1,922125000,0,-61.5,1.42967009430942,0,0,0.740075988769531,1.63,0,-5400.2158203125
100000000000000000000002,1,922125000,0,-45.5,3.97607820219958,0,0,0.740075988769531,1.63,0,-5400.2158203125
100000000000000000000002,1,922125000,0,-45.5,4.00062189480575,0,0,0.740075988769531,1.63,0,-5400.2158203125
100000000000000000000000,1,922125000,0,-48.5,1.92667986958437,0,0,0.740075988769531,1.63,0,-5400.2158203125
100000000000000000000001,1,922125000,0,-46,2.83479649601267,0,0,0.740075988769531,1.63,0,-5400.2158203125
100000000000000000000003,1,922125000,0,-45.5,2.54640810789016,0,0,0.740075988769531,1.63,0,-5400.2158203125
E00000000000000000002005,1,922125000,0,-61,1.28854386182394,0,0,0.740075988769531,1.63,0,-5400.2158203125
100000000000000000000004,1,922125000,0,-46,4.36877728389831,0,0,0.740075988769531,1.63,0,-5400.2158203125
100000000000000000000000,1,922125000,0,-48.5,1.93895171588745,0,0,0.740075988769531,1.63,0,-5400.2158203125
100000000000000000000001,1,922125000,0,-46,2.82866057286112,0,0,0.740075988769531,1.63,0,-5400.2158203125
100000000000000000000004,1,922125000,0,-46,4.39332097650448,0,0,0.740075988769531,1.63,0,-5400.2158203125
100000000000000000000003,1,922125000,0,-45,2.54640810789016,0,0,0.740075988769531,1.63,0,-5400.2158203125
E00000000000000000002005,1,922125000,0,-61.5,1.36217493964245,0,0,0.740075988769531,1.63,0,-5400.2158203125
100000000000000000000002,1,922125000,0,-45.5,4.01289374110884,0,0,0.740075988769531,1.63,0,-5400.2158203125
100000000000000000000003,1,922125000,0,-45.5,2.53413626158708,0,0,0.740075988769531,1.63,0,-5400.2158203125
100000000000000000000002,1,922125000,0,-45.5,4.01289374110884,0,0,0.740075988769531,1.63,0,-5400.2158203125
100000000000000000000004,1,922125000,0,-46.5,4.38718505335293,0,0,0.740075988769531,1.63,0,-5400.2158203125
100000000000000000000000,1,922125000,0,-48.5,1.92054394643282,0,0,0.740075988769531,1.63,0,-5400.2158203125
100000000000000000000001,1,922125000,0,-46,2.83479649601267,0,0,0.740075988769531,1.63,0,-5400.2158203125
E00000000000000000002005,1,922125000,0,-61,1.44807786376405,0,0,0.740075988769531,1.63,0,-5400.2158203125
100000000000000000000002,1,922125000,0,-45.5,4.00062189480575,0,0,0.740075988769531,1.63,0,-5400.2158203125
100000000000000000000003,1,922125000,0,-45.5,2.55254403104171,0,0,0.740075988769531,1.63,0,-5400.2158203125
100000000000000000000000,1,922125000,0,-48.5,1.93281579273591,0,0,0.740075988769531,1.63,0,-5400.2158203125
100000000000000000000004,1,922125000,0,-46,4.36877728389831,0,0,0.740075988769531,1.63,0,-5400.2158203125
100000000000000000000001,1,922125000,0,-46,2.83479649601267,0,0,0.740075988769531,1.63,0,-5400.2158203125
E00000000000000000002005,1,922125000,0,-61.5,1.50943709527947,0,0,0.740075988769531,1.63,0,-5400.2158203125
100000000000000000000004,1,922125000,0,-46,4.37491320704985,0,0,0.740075988769531,1.63,0,-5400.2158203125
100000000000000000000001,1,922125000,0,-46,2.83479649601267,0,0,0.740075988769531,1.63,0,-5400.2158203125
100000000000000000000000,1,922125000,0,-48.5,1.91440802328128,0,0,0.740075988769531,1.63,0,-5400.2158203125
E00000000000000000002005,1,922125000,0,-61.5,1.45421378691559,0,0,0.740075988769531,1.63,0,-5400.2158203125
100000000000000000000002,1,922125000,0,-45.5,3.98221412535112,0,0,0.740075988769531,1.63,0,-5400.2158203125
100000000000000000000003,1,922125000,0,-45.5,2.53413626158708,0,0,0.740075988769531,1.63,0,-5400.2158203125
100000000000000000000004,1,922125000,0,-46.5,4.36877728389831,0,0,0.740075988769531,1.63,0,-5400.2158203125
E00000000000000000002005,1,922125000,0,-61.5,1.32535940073319,0,0,0.740075988769531,1.63,0,-5400.2158203125
100000000000000000000002,1,922125000,0,-45.5,3.97607820219958,0,0,0.740075988769531,1.63,0,-5400.2158203125
100000000000000000000000,1,922125000,0,-48.5,1.93281579273591,0,0,0.740075988769531,1.63,0,-5400.2158203125
100000000000000000000003,1,922125000,0,-45.5,2.54640810789016,0,0,0.740075988769531,1.63,0,-5400.2158203125
100000000000000000000001,1,922125000,0,-46,2.82866057286112,0,0,0.740075988769531,1.63,0,-5400.2158203125
100000000000000000000002,1,922125000,0,-45.5,3.96994227904804,0,0,0.740075988769531,1.63,0,-5400.2158203125
100000000000000000000003,1,922125000,0,-45.5,2.53413626158708,0,0,0.740075988769531,1.63,0,-5400.2158203125
100000000000000000000000,1,922125000,0,-48.5,1.91440802328128,0,0,0.740075988769531,1.63,0,-5400.2158203125
E00000000000000000002005,1,922125000,0,-61,1.42967009430942,0,0,0.740075988769531,1.63,0,-5400.2158203125
100000000000000000000001,1,922125000,0,-46,2.83479649601267,0,0,0.740075988769531,1.63,0,-5400.2158203125
100000000000000000000004,1,922125000,0,-46,4.37491320704985,0,0,0.740075988769531,1.63,0,-5400.2158203125
100000000000000000000002,1,922125000,0,-45.5,3.98221412535112,0,0,0.740075988769531,1.63,0,-5400.2158203125
100000000000000000000003,1,922125000,0,-45.5,2.54640810789016,0,0,0.740075988769531,1.63,0,-5400.2158203125
E00000000000000000002005,1,922125000,0,-61.5,1.38058270909708,0,0,0.740075988769531,1.63,0,-5400.2158203125
100000000000000000000001,1,922125000,0,-46,2.84093241916421,0,0,0.740075988769531,1.63,0,-5400.2158203125
100000000000000000000000,1,922125000,0,-48.5,1.94508763903899,0,0,0.740075988769531,1.63,0,-5400.2158203125
100000000000000000000004,1,922125000,0,-46.5,4.37491320704985,0,0,0.740075988769531,1.63,0,-5400.2158203125
E00000000000000000002005,1,922125000,0,-61,1.36217493964245,0,0,0.740075988769531,1.63,0,-5400.2158203125
100000000000000000000004,1,922125000,0,-46.5,4.36877728389831,0,0,0.740075988769531,1.63,0,-5400.2158203125
100000000000000000000002,1,922125000,0,-45.5,3.99448597165421,0,0,0.740075988769531,1.63,0,-5400.2158203125
100000000000000000000001,1,922125000,0,-46,2.82866057286112,0,0,0.740075988769531,1.63,0,-5400.2158203125
100000000000000000000003,1,922125000,0,-45.5,2.53413626158708,0,0,0.740075988769531,1.63,0,-5400.2158203125
100000000000000000000000,1,922125000,0,-48.5,1.92667986958437,0,0,0.740075988769531,1.63,0,-5400.2158203125
100000000000000000000001,1,922125000,0,-46,2.84706834231575,0,0,0.740075988769531,1.63,0,-5400.2158203125
100000000000000000000000,1,922125000,0,-48.5,1.95122356219054,0,0,0.740075988769531,1.63,0,-5400.2158203125
100000000000000000000003,1,922125000,0,-45,2.54027218473862,0,0,0.740075988769531,1.63,0,-5400.2158203125
E00000000000000000002005,1,922125000,0,-61,1.30081570812702,0,0,0.740075988769531,1.63,0,-5400.2158203125
100000000000000000000002,1,922125000,0,-45.5,3.98835004850267,0,0,0.740075988769531,1.63,0,-5400.2158203125
100000000000000000000004,1,922125000,0,-46,4.36877728389831,0,0,0.740075988769531,1.63,0,-5400.2158203125
100000000000000000000000,1,922125000,0,-48.5,1.94508763903899,0,0,0.740075988769531,1.63,0,-5400.2158203125
100000000000000000000001,1,922125000,0,-46,2.83479649601267,0,0,0.740075988769531,1.63,0,-5400.2158203125
100000000000000000000003,1,922125000,0,-45.5,2.54027218473862,0,0,0.740075988769531,1.63,0,-5400.2158203125
E00000000000000000002005,1,922125000,0,-61.5,1.25172832291468,0,0,0.740075988769531,1.63,0,-5400.2158203125
100000000000000000000002,1,922125000,0,-45.5,3.99448597165421,0,0,0.740075988769531,1.63,0,-5400.2158203125
100000000000000000000004,1,922125000,0,-46,4.36264136074676,0,0,0.740075988769531,1.63,0,-5400.2158203125
100000000000000000000000,1,922125000,0,-48.5,1.93281579273591,0,0,0.740075988769531,1.63,0,-5400.2158203125
100000000000000000000002,1,922125000,0,-45.5,4.00062189480575,0,0,0.740075988769531,1.63,0,-5400.2158203125
100000000000000000000003,1,922125000,0,-45.5,2.53413626158708,0,0,0.740075988769531,1.63,0,-5400.2158203125
100000000000000000000004,1,922125000,0,-46.5,4.35650543759522,0,0,0.740075988769531,1.63,0,-5400.2158203125
E00000000000000000002005,1,922125000,0,-61.5,1.46648563321867,0,0,0.740075988769531,1.63,0,-5400.2158203125
100000000000000000000001,1,922125000,0,-46,2.82866057286112,0,0,0.740075988769531,1.63,0,-5400.2158203125
100000000000000000000003,1,922125000,0,-45.5,2.54027218473862,0,0,0.740075988769531,1.63,0,-5400.2158203125
100000000000000000000001,1,922125000,0,-46,2.82866057286112,0,0,0.740075988769531,1.63,0,-5400.2158203125
100000000000000000000000,1,922125000,0,-48.5,1.93281579273591,0,0,0.740075988769531,1.63,0,-5400.2158203125
E00000000000000000002005,1,922125000,0,-61.5,1.25172832291468,0,0,0.740075988769531,1.63,0,-5400.2158203125
100000000000000000000002,1,922125000,0,-45.5,3.99448597165421,0,0,0.740075988769531,1.63,0,-5400.2158203125
100000000000000000000004,1,922125000,0,-46,4.36877728389831,0,0,0.740075988769531,1.63,0,-5400.2158203125
100000000000000000000001,1,922125000,0,-46,2.84093241916421,0,0,0.740075988769531,1.63,0,-5400.2158203125
100000000000000000000004,1,922125000,0,-46,4.36877728389831,0,0,0.740075988769531,1.63,0,-5400.2158203125
100000000000000000000003,1,922125000,0,-45.5,2.52800033843554,0,0,0.740075988769531,1.63,0,-5400.2158203125
E00000000000000000002005,1,922125000,0,-61.5,1.36831086279399,0,0,0.740075988769531,1.63,0,-5400.2158203125
100000000000000000000000,1,922125000,0,-48.5,1.93281579273591,0,0,0.740075988769531,1.63,0,-5400.2158203125
100000000000000000000002,1,922125000,0,-45.5,3.99448597165421,0,0,0.740075988769531,1.63,0,-5400.2158203125
E00000000000000000002005,1,922125000,0,-62,1.30081570812702,0,0,0.740075988769531,1.63,0,-5400.2158203125
100000000000000000000000,1,922125000,0,-48.5,1.91440802328128,0,0,0.740075988769531,1.63,0,-5400.2158203125
100000000000000000000003,1,922125000,0,-45.5,2.54027218473862,0,0,0.740075988769531,1.63,0,-5400.2158203125
100000000000000000000001,1,922125000,0,-46,2.84706834231575,0,0,0.740075988769531,1.63,0,-5400.2158203125
100000000000000000000002,1,922125000,0,-45.5,4.0067578179573,0,0,0.740075988769531,1.63,0,-5400.2158203125
100000000000000000000004,1,922125000,0,-46.5,4.38104913020139,0,0,0.740075988769531,1.63,0,-5400.2158203125
100000000000000000000000,1,922125000,0,-48.5,1.92667986958437,0,0,0.740075988769531,1.63,0,-5400.2158203125
100000000000000000000002,1,922125000,0,-45.5,3.99448597165421,0,0,0.740075988769531,1.63,0,-5400.2158203125
100000000000000000000003,1,922125000,0,-45.5,2.55867995419325,0,0,0.740075988769531,1.63,0,-5400.2158203125
E00000000000000000002005,1,922125000,0,-61,1.2824079386724,0,0,0.740075988769531,1.63,0,-5400.2158203125
100000000000000000000001,1,922125000,0,-46,2.84706834231575,0,0,0.740075988769531,1.63,0,-5400.2158203125
100000000000000000000004,1,922125000,0,-46,4.38104913020139,0,0,0.740075988769531,1.63,0,-5400.2158203125
100000000000000000000004,1,922125000,0,-46,4.36877728389831,0,0,0.740075988769531,1.63,0,-5400.2158203125
100000000000000000000002,1,922125000,0,-45.5,4.01289374110884,0,0,0.740075988769531,1.63,0,-5400.2158203125
100000000000000000000003,1,922125000,0,-45.5,2.54027218473862,0,0,0.740075988769531,1.63,0,-5400.2158203125
100000000000000000000001,1,922125000,0,-46,2.85320426546729,0,0,0.740075988769531,1.63,0,-5400.2158203125
E00000000000000000002005,1,922125000,0,-61.5,1.38671863224862,0,0,0.740075988769531,1.63,0,-5400.2158203125
100000000000000000000000,1,922125000,0,-48.5,1.94508763903899,0,0,0.740075988769531,1.63,0,-5400.2158203125
100000000000000000000002,1,922125000,0,-45.5,3.99448597165421,0,0,0.740075988769531,1.63,0,-5400.2158203125
100000000000000000000004,1,922125000,0,-46.5,4.36877728389831,0,0,0.740075988769531,1.63,0,-5400.2158203125
100000000000000000000001,1,922125000,0,-46,2.83479649601267,0,0,0.740075988769531,1.63,0,-5400.2158203125
E00000000000000000002005,1,922125000,0,-61,1.36831086279399,0,0,0.740075988769531,1.63,0,-5400.2158203125
100000000000000000000000,1,922125000,0,-48.5,1.92054394643282,0,0,0.740075988769531,1.63,0,-5400.2158203125
100000000000000000000003,1,922125000,0,-45.5,2.54640810789016,0,0,0.740075988769531,1.63,0,-5400.2158203125
100000000000000000000003,1,922125000,0,-45.5,2.53413626158708,0,0,0.740075988769531,1.63,0,-5400.2158203125
100000000000000000000002,1,922125000,0,-45.5,3.98835004850267,0,0,0.740075988769531,1.63,0,-5400.2158203125
100000000000000000000004,1,922125000,0,-46.5,4.37491320704985,0,0,0.740075988769531,1.63,0,-5400.2158203125
100000000000000000000001,1,922125000,0,-46,2.84093241916421,0,0,0.740075988769531,1.63,0,-5400.2158203125
E00000000000000000002005,1,922125000,0,-61.5,1.4419419406125,0,0,0.740075988769531,1.63,0,-5400.2158203125
100000000000000000000000,1,922125000,0,-48.5,1.92667986958437,0,0,0.740075988769531,1.63,0,-5400.2158203125
E00000000000000000002005,1,922125000,0,-61.5,1.31922347758165,0,0,0.740075988769531,1.63,0,-5400.2158203125
100000000000000000000003,1,922125000,0,-45.5,2.55254403104171,0,0,0.740075988769531,1.63,0,-5400.2158203125
100000000000000000000001,1,922125000,0,-46,2.85320426546729,0,0,0.740075988769531,1.63,0,-5400.2158203125
100000000000000000000004,1,922125000,0,-46.5,4.38104913020139,0,0,0.740075988769531,1.63,0,-5400.2158203125
100000000000000000000002,1,922125000,0,-45.5,4.01902966426038,0,0,0.740075988769531,1.63,0,-5400.2158203125
100000000000000000000000,1,922125000,0,-48.5,1.95122356219054,0,0,0.740075988769531,1.63,0,-5400.2158203125
100000000000000000000001,1,922125000,0,-46,2.85320426546729,0,0,0.740075988769531,1.63,0,-5400.2158203125
100000000000000000000000,1,922125000,0,-48.5,1.95735948534208,0,0,0.740075988769531,1.63,0,-5400.2158203125
100000000000000000000002,1,922125000,0,-45.5,3.98835004850267,0,0,0.740075988769531,1.63,0,-5400.2158203125
100000000000000000000004,1,922125000,0,-46,4.35650543759522,0,0,0.740075988769531,1.63,0,-5400.2158203125
100000000000000000000003,1,922125000,0,-45.5,2.54640810789016,0,0,0.740075988769531,1.63,0,-5400.2158203125
E00000000000000000002005,1,922125000,0,-61.5,1.38671863224862,0,0,0.740075988769531,1.63,0,-5400.2158203125
100000000000000000000003,1,922125000,0,-45.5,2.55867995419325,0,0,0.740075988769531,1.63,0,-5400.2158203125
100000000000000000000002,1,922125000,0,-45.5,4.0067578179573,0,0,0.740075988769531,1.63,0,-5400.2158203125
100000000000000000000001,1,922125000,0,-46,2.84706834231575,0,0,0.740075988769531,1.63,0,-5400.2158203125
100000000000000000000004,1,922125000,0,-46,4.37491320704985,0,0,0.740075988769531,1.63,0,-5400.2158203125
E00000000000000000002005,1,922125000,0,-62,1.41126232485479,0,0,0.740075988769531,1.63,0,-5400.2158203125
100000000000000000000000,1,922125000,0,-48.5,1.93281579273591,0,0,0.740075988769531,1.63,0,-5400.2158203125
100000000000000000000002,1,922125000,0,-45.5,3.97607820219958,0,0,0.740075988769531,1.63,0,-5400.2158203125
100000000000000000000000,1,922125000,0,-48.5,1.91440802328128,0,0,0.740075988769531,1.63,0,-5400.2158203125
100000000000000000000001,1,922125000,0,-46,2.83479649601267,0,0,0.740075988769531,1.63,0,-5400.2158203125
100000000000000000000003,1,922125000,0,-45.5,2.54640810789016,0,0,0.740075988769531,1.63,0,-5400.2158203125
100000000000000000000004,1,922125000,0,-46.5,4.36877728389831,0,0,0.740075988769531,1.63,0,-5400.2158203125
E00000000000000000002005,1,922125000,0,-61,1.29467978497548,0,0,0.740075988769531,1.63,0,-5400.2158203125
100000000000000000000002,1,922125000,0,-45.5,4.0067578179573,0,0,0.740075988769531,1.63,0,-5400.2158203125
100000000000000000000003,1,922125000,0,-45.5,2.51572849213245,0,0,0.740075988769531,1.63,0,-5400.2158203125
100000000000000000000004,1,922125000,0,-46.5,4.36877728389831,0,0,0.740075988769531,1.63,0,-5400.2158203125
100000000000000000000001,1,922125000,0,-46,2.84093241916421,0,0,0.740075988769531,1.63,0,-5400.2158203125
100000000000000000000000,1,922125000,0,-48.5,1.93895171588745,0,0,0.740075988769531,1.63,0,-5400.2158203125
E00000000000000000002005,1,922125000,0,-61.5,1.3989904785517,0,0,0.740075988769531,1.63,0,-5400.2158203125
100000000000000000000004,1,922125000,0,-46,4.36877728389831,0,0,0.740075988769531,1.63,0,-5400.2158203125
100000000000000000000003,1,922125000,0,-45.5,2.55254403104171,0,0,0.740075988769531,1.63,0,-5400.2158203125
100000000000000000000002,1,922125000,0,-45.5,3.98835004850267,0,0,0.740075988769531,1.63,0,-5400.2158203125
E00000000000000000002005,1,922125000,0,-61.5,1.36831086279399,0,0,0.740075988769531,1.63,0,-5400.2158203125
100000000000000000000001,1,922125000,0,-46,2.83479649601267,0,0,0.740075988769531,1.63,0,-5400.2158203125
100000000000000000000000,1,922125000,0,-48.5,1.93895171588745,0,0,0.740075988769531,1.63,0,-5400.2158203125
100000000000000000000000,1,922125000,0,-48.5,1.93895171588745,0,0,0.740075988769531,1.63,0,-5400.2158203125
100000000000000000000003,1,922125000,0,-45.5,2.52800033843554,0,0,0.740075988769531,1.63,0,-5400.2158203125
100000000000000000000004,1,922125000,0,-46,4.35650543759522,0,0,0.740075988769531,1.63,0,-5400.2158203125
100000000000000000000001,1,922125000,0,-46,2.84706834231575,0,0,0.740075988769531,1.63,0,-5400.2158203125
100000000000000000000002,1,922125000,0,-45.5,4.00062189480575,0,0,0.740075988769531,1.63,0,-5400.2158203125
E00000000000000000002005,1,922125000,0,-61,1.38671863224862,0,0,0.740075988769531,1.63,0,-5400.2158203125
100000000000000000000002,1,922125000,0,-45.5,4.01289374110884,0,0,0.740075988769531,1.63,0,-5400.2158203125
100000000000000000000003,1,922125000,0,-45.5,2.53413626158708,0,0,0.740075988769531,1.63,0,-5400.2158203125
100000000000000000000004,1,922125000,0,-46.5,4.37491320704985,0,0,0.740075988769531,1.63,0,-5400.2158203125
100000000000000000000001,1,922125000,0,-46,2.83479649601267,0,0,0.740075988769531,1.63,0,-5400.2158203125
E00000000000000000002005,1,922125000,0,-61.5,1.31308755443011,0,0,0.740075988769531,1.63,0,-5400.2158203125
100000000000000000000000,1,922125000,0,-48.5,1.93895171588745,0,0,0.740075988769531,1.63,0,-5400.2158203125
100000000000000000000002,1,922125000,0,-45.5,3.98221412535112,0,0,0.740075988769531,1.63,0,-5400.2158203125
100000000000000000000004,1,922125000,0,-46.5,4.36877728389831,0,0,0.740075988769531,1.63,0,-5400.2158203125
100000000000000000000001,1,922125000,0,-46,2.83479649601267,0,0,0.740075988769531,1.63,0,-5400.2158203125
E00000000000000000002005,1,922125000,0,-61.5,1.46034971006713,0,0,0.740075988769531,1.63,0,-5400.2158203125
100000000000000000000003,1,922125000,0,-45.5,2.54027218473862,0,0,0.740075988769531,1.63,0,-5400.2158203125
100000000000000000000000,1,922125000,0,-48.5,1.92667986958437,0,0,0.740075988769531,1.63,0,-5400.2158203125
100000000000000000000001,1,922125000,0,-46,2.84706834231575,0,0,0.740075988769531,1.63,0,-5400.2158203125
100000000000000000000000,1,922125000,0,-48.5,1.93281579273591,0,0,0.740075988769531,1.63,0,-5400.2158203125
E00000000000000000002005,1,922125000,0,-62,1.25786424606623,0,0,0.740075988769531,1.63,0,-5400.2158203125
100000000000000000000002,1,922125000,0,-45.5,3.98835004850267,0,0,0.740075988769531,1.63,0,-5400.2158203125
100000000000000000000003,1,922125000,0,-45.5,2.54640810789016,0,0,0.740075988769531,1.63,0,-5400.2158203125
100000000000000000000004,1,922125000,0,-46.5,4.36264136074676,0,0,0.740075988769531,1.63,0,-5400.2158203125
100000000000000000000002,1,922125000,0,-45.5,3.99448597165421,0,0,0.740075988769531,1.63,0,-5400.2158203125
100000000000000000000004,1,922125000,0,-46,4.37491320704985,0,0,0.740075988769531,1.63,0,-5400.2158203125
E00000000000000000002005,1,922125000,0,-61.5,1.39285455540016,0,0,0.740075988769531,1.63,0,-5400.2158203125
100000000000000000000001,1,922125000,0,-46,2.82866057286112,0,0,0.740075988769531,1.63,0,-5400.2158203125
100000000000000000000003,1,922125000,0,-45.5,2.53413626158708,0,0,0.740075988769531,1.63,0,-5400.2158203125
100000000000000000000000,1,922125000,0,-48.5,1.93281579273591,0,0,0.740075988769531,1.63,0,-5400.2158203125
100000000000000000000002,1,922125000,0,-45.5,4.01289374110884,0,0,0.740075988769531,1.63,0,-5400.2158203125
100000000000000000000001,1,922125000,0,-46,2.83479649601267,0,0,0.740075988769531,1.63,0,-5400.2158203125
E00000000000000000002005,1,922125000,0,-61.5,1.33149532388474,0,0,0.740075988769531,1.63,0,-5400.2158203125
100000000000000000000004,1,922125000,0,-46.5,4.35650543759522,0,0,0.740075988769531,1.63,0,-5400.2158203125
100000000000000000000003,1,922125000,0,-45.5,2.54027218473862,0,0,0.740075988769531,1.63,0,-5400.2158203125
100000000000000000000000,1,922125000,0,-48.5,1.92054394643282,0,0,0.740075988769531,1.63,0,-5400.2158203125
100000000000000000000004,1,922125000,0,-46,4.37491320704985,0,0,0.740075988769531,1.63,0,-5400.2158203125
100000000000000000000000,1,922125000,0,-48.5,1.95122356219054,0,0,0.740075988769531,1.63,0,-5400.2158203125
100000000000000000000002,1,922125000,0,-45.5,3.97607820219958,0,0,0.740075988769531,1.63,0,-5400.2158203125
100000000000000000000003,1,922125000,0,-45.5,2.54640810789016,0,0,0.740075988769531,1.63,0,-5400.2158203125
100000000000000000000001,1,922125000,0,-46,2.83479649601267,0,0,0.740075988769531,1.63,0,-5400.2158203125
E00000000000000000002005,1,922125000,0,-61.5,1.36831086279399,0,0,0.740075988769531,1.63,0,-5400.2158203125
100000000000000000000002,1,922125000,0,-45.5,3.96994227904804,0,0,0.740075988769531,1.63,0,-5400.2158203125
100000000000000000000000,1,922125000,0,-48.5,1.94508763903899,0,0,0.740075988769531,1.63,0,-5400.2158203125
100000000000000000000004,1,922125000,0,-46,4.38104913020139,0,0,0.740075988769531,1.63,0,-5400.2158203125
100000000000000000000003,1,922125000,0,-45.5,2.54027218473862,0,0,0.740075988769531,1.63,0,-5400.2158203125
E00000000000000000002005,1,922125000,0,-61.5,1.34990309333936,0,0,0.740075988769531,1.63,0,-5400.2158203125
100000000000000000000001,1,922125000,0,-46,2.83479649601267,0,0,0.740075988769531,1.63,0,-5400.2158203125
100000000000000000000004,1,922125000,0,-46.5,4.37491320704985,0,0,0.740075988769531,1.63,0,-5400.2158203125
100000000000000000000001,1,922125000,0,-46,2.82252464970958,0,0,0.740075988769531,1.63,0,-5400.2158203125
100000000000000000000000,1,922125000,0,-48.5,1.93281579273591,0,0,0.740075988769531,1.63,0,-5400.2158203125
100000000000000000000003,1,922125000,0,-45.5,2.54027218473862,0,0,0.740075988769531,1.63,0,-5400.2158203125
100000000000000000000002,1,922125000,0,-45.5,3.98835004850267,0,0,0.740075988769531,1.63,0,-5400.2158203125
E00000000000000000002005,1,922125000,0,-61,1.37444678594553,0,0,0.740075988769531,1.63,0,-5400.2158203125
100000000000000000000002,1,922125000,0,-45.5,4.01902966426038,0,0,0.740075988769531,1.63,0,-5400.2158203125
100000000000000000000004,1,922125000,0,-46,4.38104913020139,0,0,0.740075988769531,1.63,0,-5400.2158203125
100000000000000000000003,1,922125000,0,-45.5,2.54640810789016,0,0,0.740075988769531,1.63,0,-5400.2158203125
E00000000000000000002005,1,922125000,0,-61.5,1.39285455540016,0,0,0.740075988769531,1.63,0,-5400.2158203125
100000000000000000000001,1,922125000,0,-46,2.84093241916421,0,0,0.740075988769531,1.63,0,-5400.2158203125
100000000000000000000000,1,922125000,0,-48.5,1.91440802328128,0,0,0.740075988769531,1.63,0,-5400.2158203125
E00000000000000000002005,1,922125000,0,-61.5,1.34376717018782,0,0,0.740075988769531,1.63,0,-5400.2158203125
100000000000000000000002,1,922125000,0,-45.5,3.97607820219958,0,0,0.740075988769531,1.63,0,-5400.2158203125
100000000000000000000000,1,922125000,0,-48.5,1.91440802328128,0,0,0.740075988769531,1.63,0,-5400.2158203125
100000000000000000000004,1,922125000,0,-46.5,4.37491320704985,0,0,0.740075988769531,1.63,0,-5400.2158203125
100000000000000000000003,1,922125000,0,-45.5,2.52800033843554,0,0,0.740075988769531,1.63,0,-5400.2158203125
100000000000000000000001,1,922125000,0,-46,2.82866057286112,0,0,0.740075988769531,1.63,0,-5400.2158203125
E00000000000000000002005,1,922125000,0,-61.5,1.33149532388474,0,0,0.740075988769531,1.63,0,-5400.2158203125
100000000000000000000000,1,922125000,0,-48.5,1.93895171588745,0,0,0.740075988769531,1.63,0,-5400.2158203125
100000000000000000000003,1,922125000,0,-45.5,2.52800033843554,0,0,0.740075988769531,1.63,0,-5400.2158203125
100000000000000000000002,1,922125000,0,-45.5,3.98221412535112,0,0,0.740075988769531,1.63,0,-5400.2158203125
100000000000000000000004,1,922125000,0,-46.5,4.38104913020139,0,0,0.740075988769531,1.63,0,-5400.2158203125
100000000000000000000001,1,922125000,0,-46,2.81025280340649,0,0,0.740075988769531,1.63,0,-5400.2158203125
E00000000000000000002005,1,922125000,0,-61.5,1.2824079386724,0,0,0.740075988769531,1.63,0,-5400.2158203125
100000000000000000000000,1,922125000,0,-48.5,1.92667986958437,0,0,0.740075988769531,1.63,0,-5400.2158203125
100000000000000000000002,1,922125000,0,-45.5,4.01289374110884,0,0,0.740075988769531,1.63,0,-5400.2158203125
100000000000000000000001,1,922125000,0,-46,2.84706834231575,0,0,0.740075988769531,1.63,0,-5400.2158203125
100000000000000000000004,1,922125000,0,-46,4.36877728389831,0,0,0.740075988769531,1.63,0,-5400.2158203125
100000000000000000000003,1,922125000,0,-45.5,2.55254403104171,0,0,0.740075988769531,1.63,0,-5400.2158203125
100000000000000000000002,1,922125000,0,-45.5,4.01289374110884,0,0,0.740075988769531,1.63,0,-5400.2158203125
E00000000000000000002005,1,922125000,0,-61.5,1.36217493964245,0,0,0.740075988769531,1.63,0,-5400.2158203125
100000000000000000000003,1,922125000,0,-45.5,2.54640810789016,0,0,0.740075988769531,1.63,0,-5400.2158203125
100000000000000000000000,1,922125000,0,-48.5,1.93281579273591,0,0,0.740075988769531,1.63,0,-5400.2158203125
100000000000000000000001,1,922125000,0,-46,2.84093241916421,0,0,0.740075988769531,1.63,0,-5400.2158203125
100000000000000000000004,1,922125000,0,-46.5,4.36264136074676,0,0,0.740075988769531,1.63,0,-5400.2158203125
100000000000000000000003,1,922125000,0,-45.5,2.52800033843554,0,0,0.740075988769531,1.63,0,-5400.2158203125
100000000000000000000002,1,922125000,0,-45.5,4.01902966426038,0,0,0.740075988769531,1.63,0,-5400.2158203125
100000000000000000000000,1,922125000,0,-48.5,1.91440802328128,0,0,0.740075988769531,1.63,0,-5400.2158203125
100000000000000000000001,1,922125000,0,-46,2.84093241916421,0,0,0.740075988769531,1.63,0,-5400.2158203125
100000000000000000000004,1,922125000,0,-46.5,4.37491320704985,0,0,0.740075988769531,1.63,0,-5400.2158203125
E00000000000000000002005,1,922125000,0,-62,1.30081570812702,0,0,0.740075988769531,1.63,0,-5400.2158203125
100000000000000000000001,1,922125000,0,-46,2.84093241916421,0,0,0.740075988769531,1.63,0,-5400.2158203125
100000000000000000000002,1,922125000,0,-45.5,3.97607820219958,0,0,0.740075988769531,1.63,0,-5400.2158203125
100000000000000000000004,1,922125000,0,-46.5,4.37491320704985,0,0,0.740075988769531,1.63,0,-5400.2158203125
100000000000000000000000,1,922125000,0,-48.5,1.94508763903899,0,0,0.740075988769531,1.63,0,-5400.2158203125
E00000000000000000002005,1,922125000,0,-62,1.3989904785517,0,0,0.740075988769531,1.63,0,-5400.2158203125
100000000000000000000003,1,922125000,0,-45.5,2.54640810789016,0,0,0.740075988769531,1.63,0,-5400.2158203125
100000000000000000000002,1,922125000,0,-45.5,3.98221412535112,0,0,0.740075988769531,1.63,0,-5400.2158203125
100000000000000000000000,1,922125000,0,-48.5,1.91440802328128,0,0,0.740075988769531,1.63,0,-5400.2158203125
100000000000000000000004,1,922125000,0,-46.5,4.36264136074676,0,0,0.740075988769531,1.63,0,-5400.2158203125
100000000000000000000001,1,922125000,0,-46,2.82866057286112,0,0,0.740075988769531,1.63,0,-5400.2158203125
100000000000000000000003,1,922125000,0,-45.5,2.52800033843554,0,0,0.740075988769531,1.63,0,-5400.2158203125
E00000000000000000002005,1,922125000,0,-61.5,1.34990309333936,0,0,0.740075988769531,1.63,0,-5400.2158203125
100000000000000000000002,1,922125000,0,-45.5,3.98835004850267,0,0,0.740075988769531,1.63,0,-5400.2158203125
100000000000000000000003,1,922125000,0,-45.5,2.53413626158708,0,0,0.740075988769531,1.63,0,-5400.2158203125
100000000000000000000001,1,922125000,0,-46,2.84706834231575,0,0,0.740075988769531,1.63,0,-5400.2158203125
100000000000000000000000,1,922125000,0,-48.5,1.88986433067511,0,0,0.740075988769531,1.63,0,-5400.2158203125
100000000000000000000004,1,922125000,0,-46,4.37491320704985,0,0,0.740075988769531,1.63,0,-5400.2158203125
E00000000000000000002005,1,922125000,0,-62,1.36217493964245,0,0,0.740075988769531,1.63,0,-5400.2158203125
100000000000000000000001,1,922125000,0,-46,2.84706834231575,0,0,0.740075988769531,1.63,0,-5400.2158203125
100000000000000000000004,1,922125000,0,-46,4.39332097650448,0,0,0.740075988769531,1.63,0,-5400.2158203125
100000000000000000000002,1,922125000,0,-45.5,3.98221412535112,0,0,0.740075988769531,1.63,0,-5400.2158203125
100000000000000000000000,1,922125000,0,-48.5,1.92667986958437,0,0,0.740075988769531,1.63,0,-5400.2158203125
100000000000000000000003,1,922125000,0,-45.5,2.54027218473862,0,0,0.740075988769531,1.63,0,-5400.2158203125
E00000000000000000002005,1,922125000,0,-61.5,1.34376717018782,0,0,0.740075988769531,1.63,0,-5400.2158203125
100000000000000000000003,1,922125000,0,-45.5,2.53413626158708,0,0,0.740075988769531,1.63,0,-5400.2158203125
100000000000000000000001,1,922125000,0,-46,2.84093241916421,0,0,0.740075988769531,1.63,0,-5400.2158203125
100000000000000000000004,1,922125000,0,-46,4.36264136074676,0,0,0.740075988769531,1.63,0,-5400.2158203125
100000000000000000000000,1,922125000,0,-48.5,1.93281579273591,0,0,0.740075988769531,1.63,0,-5400.2158203125
E00000000000000000002005,1,922125000,0,-61,1.31308755443011,0,0,0.740075988769531,1.63,0,-5400.2158203125
100000000000000000000002,1,922125000,0,-45.5,4.00062189480575,0,0,0.740075988769531,1.63,0,-5400.2158203125
100000000000000000000002,1,922125000,0,-45.5,4.00062189480575,0,0,0.740075988769531,1.63,0,-5400.2158203125
100000000000000000000004,1,922125000,0,-46,4.37491320704985,0,0,0.740075988769531,1.63,0,-5400.2158203125
E00000000000000000002005,1,922125000,0,-62,1.47262155637022,0,0,0.740075988769531,1.63,0,-5400.2158203125
100000000000000000000000,1,922125000,0,-48.5,1.92054394643282,0,0,0.740075988769531,1.63,0,-5400.2158203125
100000000000000000000001,1,922125000,0,-46,2.84093241916421,0,0,0.740075988769531,1.63,0,-5400.2158203125
100000000000000000000003,1,922125000,0,-45.5,2.52800033843554,0,0,0.740075988769531,1.63,0,-5400.2158203125
100000000000000000000004,1,922125000,0,-46,4.38104913020139,0,0,0.740075988769531,1.63,0,-5400.2158203125
100000000000000000000003,1,922125000,0,-45.5,2.54027218473862,0,0,0.740075988769531,1.63,0,-5400.2158203125
100000000000000000000001,1,922125000,0,-46,2.82252464970958,0,0,0.740075988769531,1.63,0,-5400.2158203125
E00000000000000000002005,1,922125000,0,-61.5,1.3989904785517,0,0,0.740075988769531,1.63,0,-5400.2158203125
100000000000000000000002,1,922125000,0,-45.5,3.98221412535112,0,0,0.740075988769531,1.63,0,-5400.2158203125
100000000000000000000000,1,922125000,0,-48.5,1.94508763903899,0,0,0.740075988769531,1.63,0,-5400.2158203125
E00000000000000000002005,1,922125000,0,-61.5,1.41126232485479,0,0,0.740075988769531,1.63,0,-5400.2158203125
100000000000000000000001,1,922125000,0,-46,2.84706834231575,0,0,0.740075988769531,1.63,0,-5400.2158203125
100000000000000000000002,1,922125000,0,-45.5,3.99448597165421,0,0,0.740075988769531,1.63,0,-5400.2158203125
100000000000000000000004,1,922125000,0,-46.5,4.36877728389831,0,0,0.740075988769531,1.63,0,-5400.2158203125
100000000000000000000003,1,922125000,0,-45.5,2.54027218473862,0,0,0.740075988769531,1.63,0,-5400.2158203125
100000000000000000000000,1,922125000,0,-48.5,1.95122356219054,0,0,0.740075988769531,1.63,0,-5400.2158203125
100000000000000000000000,1,922125000,0,-48.5,1.91440802328128,0,0,0.740075988769531,1.63,0,-5400.2158203125
100000000000000000000003,1,922125000,0,-45.5,2.54640810789016,0,0,0.740075988769531,1.63,0,-5400.2158203125
100000000000000000000004,1,922125000,0,-46,4.37491320704985,0,0,0.740075988769531,1.63,0,-5400.2158203125
100000000000000000000001,1,922125000,0,-46,2.81025280340649,0,0,0.740075988769531,1.63,0,-5400.2158203125
E00000000000000000002005,1,922125000,0,-61.5,1.41126232485479,0,0,0.740075988769531,1.63,0,-5400.2158203125
100000000000000000000002,1,922125000,0,-45.5,3.96994227904804,0,0,0.740075988769531,1.63,0,-5400.2158203125
100000000000000000000004,1,922125000,0,-46.5,4.36877728389831,0,0,0.740075988769531,1.63,0,-5400.2158203125
100000000000000000000000,1,922125000,0,-48.5,1.93895171588745,0,0,0.740075988769531,1.63,0,-5400.2158203125
E00000000000000000002005,1,922125000,0,-61,1.35603901649091,0,0,0.740075988769531,1.63,0,-5400.2158203125
100000000000000000000001,1,922125000,0,-46,2.83479649601267,0,0,0.740075988769531,1.63,0,-5400.2158203125
100000000000000000000003,1,922125000,0,-45.5,2.55254403104171,0,0,0.740075988769531,1.63,0,-5400.2158203125
100000000000000000000002,1,922125000,0,-45.5,3.98221412535112,0,0,0.740075988769531,1.63,0,-5400.2158203125
100000000000000000000004,1,922125000,0,-46.5,4.36264136074676,0,0,0.740075988769531,1.63,0,-5400.2158203125
100000000000000000000002,1,922125000,0,-45.5,3.98835004850267,0,0,0.740075988769531,1.63,0,-5400.2158203125
E00000000000000000002005,1,922125000,0,-62,1.31308755443011,0,0,0.740075988769531,1.63,0,-5400.2158203125
100000000000000000000001,1,922125000,0,-46,2.82866057286112,0,0,0.740075988769531,1.63,0,-5400.2158203125
100000000000000000000003,1,922125000,0,-45.5,2.55254403104171,0,0,0.740075988769531,1.63,0,-5400.2158203125
100000000000000000000000,1,922125000,0,-48.5,1.92054394643282,0,0,0.740075988769531,1.63,0,-5400.2158203125
100000000000000000000000,1,922125000,0,-48.5,1.91440802328128,0,0,0.740075988769531,1.63,0,-5400.2158203125
E00000000000000000002005,1,922125000,0,-62,1.36217493964245,0,0,0.740075988769531,1.63,0,-5400.2158203125
100000000000000000000002,1,922125000,0,-45.5,3.97607820219958,0,0,0.740075988769531,1.63,0,-5400.2158203125
100000000000000000000004,1,922125000,0,-46.5,4.38104913020139,0,0,0.740075988769531,1.63,0,-5400.2158203125
100000000000000000000001,1,922125000,0,-46,2.84093241916421,0,0,0.740075988769531,1.63,0,-5400.2158203125
100000000000000000000003,1,922125000,0,-45.5,2.55254403104171,0,0,0.740075988769531,1.63,0,-5400.2158203125
100000000000000000000000,1,922125000,0,-48,1.93281579273591,0,0,0.740075988769531,1.63,0,-5400.2158203125
E00000000000000000002005,1,922125000,0,-62,1.39285455540016,0,0,0.740075988769531,1.63,0,-5400.2158203125
100000000000000000000003,1,922125000,0,-45.5,2.54640810789016,0,0,0.740075988769531,1.63,0,-5400.2158203125
100000000000000000000002,1,922125000,0,-45.5,3.97607820219958,0,0,0.740075988769531,1.63,0,-5400.2158203125
100000000000000000000004,1,922125000,0,-46.5,4.36877728389831,0,0,0.740075988769531,1.63,0,-5400.2158203125
100000000000000000000001,1,922125000,0,-46,2.82866057286112,0,0,0.740075988769531,1.63,0,-5400.2158203125
100000000000000000000002,1,922125000,0,-45.5,3.99448597165421,0,0,0.740075988769531,1.63,0,-5400.2158203125
100000000000000000000004,1,922125000,0,-46,4.37491320704985,0,0,0.740075988769531,1.63,0,-5400.2158203125
100000000000000000000001,1,922125000,0,-46,2.82866057286112,0,0,0.740075988769531,1.63,0,-5400.2158203125
100000000000000000000003,1,922125000,0,-45.5,2.54027218473862,0,0,0.740075988769531,1.63,0,-5400.2158203125
E00000000000000000002005,1,922125000,0,-61.5,1.2824079386724,0,0,0.740075988769531,1.63,0,-5400.2158203125
100000000000000000000000,1,922125000,0,-48.5,1.92054394643282,0,0,0.740075988769531,1.63,0,-5400.2158203125
100000000000000000000001,1,922125000,0,-46,2.83479649601267,0,0,0.740075988769531,1.63,0,-5400.2158203125
100000000000000000000002,1,922125000,0,-45.5,4.00062189480575,0,0,0.740075988769531,1.63,0,-5400.2158203125
100000000000000000000004,1,922125000,0,-46,4.37491320704985,0,0,0.740075988769531,1.63,0,-5400.2158203125
100000000000000000000000,1,922125000,0,-48.5,1.92667986958437,0,0,0.740075988769531,1.63,0,-5400.2158203125
E00000000000000000002005,1,922125000,0,-61,1.41739824800633,0,0,0.740075988769531,1.63,0,-5400.2158203125
100000000000000000000003,1,922125000,0,-45.5,2.54027218473862,0,0,0.740075988769531,1.63,0,-5400.2158203125
100000000000000000000000,1,922125000,0,-48.5,1.92054394643282,0,0,0.740075988769531,1.63,0,-5400.2158203125
100000000000000000000003,1,922625000,0,-45,2.79184503395187,0,0,0.740075988769531,1.63,0,-5400.2158203125
100000000000000000000004,1,922625000,0,-46.5,4.55899090159613,0,0,0.740075988769531,1.63,0,-5400.2158203125
100000000000000000000002,1,922625000,0,-45,4.23378697456437,0,0,0.740075988769531,1.63,0,-5400.2158203125
100000000000000000000001,1,922625000,0,-46.5,3.10477711468054,0,0,0.740075988769531,1.63,0,-5400.2158203125
E00000000000000000002005,1,922625000,0,-61.5,1.92054394643282,0,0,0.740075988769531,1.63,0,-5400.2158203125
100000000000000000000002,1,922625000,0,-45,4.23992289771591,0,0,0.740075988769531,1.63,0,-5400.2158203125
100000000000000000000004,1,922625000,0,-46.5,4.56512682474767,0,0,0.740075988769531,1.63,0,-5400.2158203125
100000000000000000000003,1,922625000,0,-45,2.79798095710341,0,0,0.740075988769531,1.63,0,-5400.2158203125
E00000000000000000002005,1,922625000,0,-61.5,1.8591847149174,0,0,0.740075988769531,1.63,0,-5400.2158203125
100000000000000000000000,1,922625000,0,-48.5,2.22734010400995,0,0,0.740075988769531,1.63,0,-5400.2158203125
100000000000000000000001,1,922625000,0,-46.5,3.08636934522591,0,0,0.740075988769531,1.63,0,-5400.2158203125
100000000000000000000000,1,922625000,0,-48.5,2.21506825770687,0,0,0.740075988769531,1.63,0,-5400.2158203125
100000000000000000000003,1,922625000,0,-45,2.80411688025495,0,0,0.740075988769531,1.63,0,-5400.2158203125
E00000000000000000002005,1,922625000,0,-61.5,1.93281579273591,0,0,0.740075988769531,1.63,0,-5400.2158203125
100000000000000000000001,1,922625000,0,-46.5,3.08636934522591,0,0,0.740075988769531,1.63,0,-5400.2158203125
100000000000000000000002,1,922625000,0,-45,4.23378697456437,0,0,0.740075988769531,1.63,0,-5400.2158203125
100000000000000000000004,1,922625000,0,-46.5,4.55899090159613,0,0,0.740075988769531,1.63,0,-5400.2158203125
100000000000000000000001,1,922625000,0,-46.5,3.09250526837745,0,0,0.740075988769531,1.63,0,-5400.2158203125
100000000000000000000004,1,922625000,0,-46.5,4.57126274789921,0,0,0.740075988769531,1.63,0,-5400.2158203125
100000000000000000000002,1,922625000,0,-45,4.23378697456437,0,0,0.740075988769531,1.63,0,-5400.2158203125
100000000000000000000000,1,922625000,0,-48.5,2.19666048825224,0,0,0.740075988769531,1.63,0,-5400.2158203125
E00000000000000000002005,1,922625000,0,-61,1.91440802328128,0,0,0.740075988769531,1.63,0,-5400.2158203125
100000000000000000000003,1,922625000,0,-45,2.79184503395187,0,0,0.740075988769531,1.63,0,-5400.2158203125
100000000000000000000001,1,922625000,0,-46.5,3.098641191529,0,0,0.740075988769531,1.63,0,-5400.2158203125
100000000000000000000002,1,922625000,0,-45,4.22151512826128,0,0,0.740075988769531,1.63,0,-5400.2158203125
100000000000000000000004,1,922625000,0,-46.5,4.57126274789921,0,0,0.740075988769531,1.63,0,-5400.2158203125
E00000000000000000002005,1,922625000,0,-61.5,1.9021361769782,0,0,0.740075988769531,1.63,0,-5400.2158203125
100000000000000000000003,1,922625000,0,-45,2.79798095710341,0,0,0.740075988769531,1.63,0,-5400.2158203125
100000000000000000000000,1,922625000,0,-48.5,2.22120418085841,0,0,0.740075988769531,1.63,0,-5400.2158203125
100000000000000000000002,1,922625000,0,-45,4.22151512826128,0,0,0.740075988769531,1.63,0,-5400.2158203125
100000000000000000000000,1,922625000,0,-48.5,2.27642748922229,0,0,0.740075988769531,1.63,0,-5400.2158203125
100000000000000000000003,1,922625000,0,-45,2.79184503395187,0,0,0.740075988769531,1.63,0,-5400.2158203125
100000000000000000000001,1,922625000,0,-46.5,3.098641191529,0,0,0.740075988769531,1.63,0,-5400.2158203125
100000000000000000000004,1,922625000,0,-46.5,4.55899090159613,0,0,0.740075988769531,1.63,0,-5400.2158203125
E00000000000000000002005,1,922625000,0,-61.5,1.96349540849362,0,0,0.740075988769531,1.63,0,-5400.2158203125
100000000000000000000002,1,922625000,0,-45,4.22765105141283,0,0,0.740075988769531,1.63,0,-5400.2158203125
100000000000000000000004,1,922625000,0,-46.5,4.56512682474767,0,0,0.740075988769531,1.63,0,-5400.2158203125
E00000000000000000002005,1,922625000,0,-61.5,1.89600025382665,0,0,0.740075988769531,1.63,0,-5400.2158203125
100000000000000000000001,1,922625000,0,-46.5,3.09250526837745,0,0,0.740075988769531,1.63,0,-5400.2158203125
100000000000000000000000,1,922625000,0,-48.5,2.20893233455532,0,0,0.740075988769531,1.63,0,-5400.2158203125
100000000000000000000003,1,922625000,0,-45,2.79798095710341,0,0,0.740075988769531,1.63,0,-5400.2158203125
100000000000000000000003,1,922625000,0,-45,2.77343726449724,0,0,0.740075988769531,1.63,0,-5400.2158203125
100000000000000000000002,1,922625000,0,-45,4.22765105141283,0,0,0.740075988769531,1.63,0,-5400.2158203125
100000000000000000000000,1,922625000,0,-48.5,2.21506825770687,0,0,0.740075988769531,1.63,0,-5400.2158203125
E00000000000000000002005,1,922625000,0,-61,1.9021361769782,0,0,0.740075988769531,1.63,0,-5400.2158203125
100000000000000000000004,1,922625000,0,-46.5,4.55285497844458,0,0,0.740075988769531,1.63,0,-5400.2158203125
100000000000000000000001,1,922625000,0,-46.5,3.10477711468054,0,0,0.740075988769531,1.63,0,-5400.2158203125
100000000000000000000000,1,922625000,0,-48.5,2.20893233455532,0,0,0.740075988769531,1.63,0,-5400.2158203125
100000000000000000000003,1,922625000,0,-45,2.79798095710341,0,0,0.740075988769531,1.63,0,-5400.2158203125
100000000000000000000001,1,922625000,0,-46.5,3.09250526837745,0,0,0.740075988769531,1.63,0,-5400.2158203125
100000000000000000000002,1,922625000,0,-45,4.2092432819582,0,0,0.740075988769531,1.63,0,-5400.2158203125
E00000000000000000002005,1,922625000,0,-61,2.00031094740288,0,0,0.740075988769531,1.63,0,-5400.2158203125
100000000000000000000004,1,922625000,0,-46.5,4.56512682474767,0,0,0.740075988769531,1.63,0,-5400.2158203125
100000000000000000000004,1,922625000,0,-46.5,4.57126274789921,0,0,0.740075988769531,1.63,0,-5400.2158203125
100000000000000000000002,1,922625000,0,-45,4.22765105141283,0,0,0.740075988769531,1.63,0,-5400.2158203125
100000000000000000000003,1,922625000,0,-45,2.79798095710341,0,0,0.740075988769531,1.63,0,-5400.2158203125
E00000000000000000002005,1,922625000,0,-61.5,1.92667986958437,0,0,0.740075988769531,1.63,0,-5400.2158203125
100000000000000000000001,1,922625000,0,-46.5,3.10477711468054,0,0,0.740075988769531,1.63,0,-5400.2158203125
100000000000000000000000,1,922625000,0,-48.5,2.20279641140378,0,0,0.740075988769531,1.63,0,-5400.2158203125
E00000000000000000002005,1,922625000,0,-61.5,1.88372840752357,0,0,0.740075988769531,1.63,0,-5400.2158203125
100000000000000000000000,1,922625000,0,-48.5,2.20279641140378,0,0,0.740075988769531,1.63,0,-5400.2158203125
100000000000000000000004,1,922625000,0,-46.5,4.56512682474767,0,0,0.740075988769531,1.63,0,-5400.2158203125
100000000000000000000003,1,922625000,0,-45,2.7673013413457,0,0,0.740075988769531,1.63,0,-5400.2158203125
100000000000000000000001,1,922625000,0,-46.5,3.098641191529,0,0,0.740075988769531,1.63,0,-5400.2158203125
100000000000000000000002,1,922625000,0,-45,4.22765105141283,0,0,0.740075988769531,1.63,0,-5400.2158203125
100000000000000000000004,1,922625000,0,-46.5,4.57126274789921,0,0,0.740075988769531,1.63,0,-5400.2158203125
100000000000000000000000,1,922625000,0,-48.5,2.20893233455532,0,0,0.740075988769531,1.63,0,-5400.2158203125
100000000000000000000001,1,922625000,0,-46.5,3.10477711468054,0,0,0.740075988769531,1.63,0,-5400.2158203125
100000000000000000000003,1,922625000,0,-45,2.80411688025495,0,0,0.740075988769531,1.63,0,-5400.2158203125
100000000000000000000002,1,922625000,0,-45,4.22765105141283,0,0,0.740075988769531,1.63,0,-5400.2158203125
E00000000000000000002005,1,922625000,0,-62,1.87145656122048,0,0,0.740075988769531,1.63,0,-5400.2158203125
100000000000000000000001,1,922625000,0,-46.5,3.10477711468054,0,0,0.740075988769531,1.63,0,-5400.2158203125
E00000000000000000002005,1,922625000,0,-61.5,1.96963133164516,0,0,0.740075988769531,1.63,0,-5400.2158203125
100000000000000000000004,1,922625000,0,-46.5,4.54671905529304,0,0,0.740075988769531,1.63,0,-5400.2158203125
100000000000000000000002,1,922625000,0,-45,4.22765105141283,0,0,0.740075988769531,1.63,0,-5400.2158203125
100000000000000000000003,1,922625000,0,-45,2.80411688025495,0,0,0.740075988769531,1.63,0,-5400.2158203125
100000000000000000000000,1,922625000,0,-48.5,2.20279641140378,0,0,0.740075988769531,1.63,0,-5400.2158203125
100000000000000000000001,1,922625000,0,-46.5,3.07409749892282,0,0,0.740075988769531,1.63,0,-5400.2158203125
100000000000000000000003,1,922625000,0,-45,2.80411688025495,0,0,0.740075988769531,1.63,0,-5400.2158203125
100000000000000000000004,1,922625000,0,-46.5,4.56512682474767,0,0,0.740075988769531,1.63,0,-5400.2158203125
100000000000000000000000,1,922625000,0,-48.5,2.20279641140378,0,0,0.740075988769531,1.63,0,-5400.2158203125
100000000000000000000002,1,922625000,0,-45,4.23378697456437,0,0,0.740075988769531,1.63,0,-5400.2158203125
E00000000000000000002005,1,922625000,0,-61.5,1.92054394643282,0,0,0.740075988769531,1.63,0,-5400.2158203125
100000000000000000000002,1,922625000,0,-45,4.22765105141283,0,0,0.740075988769531,1.63,0,-5400.2158203125
E00000000000000000002005,1,922625000,0,-62,1.91440802328128,0,0,0.740075988769531,1.63,0,-5400.2158203125
100000000000000000000001,1,922625000,0,-46.5,3.10477711468054,0,0,0.740075988769531,1.63,0,-5400.2158203125
100000000000000000000003,1,922625000,0,-45,2.79798095710341,0,0,0.740075988769531,1.63,0,-5400.2158203125
100000000000000000000000,1,922625000,0,-48.5,2.21506825770687,0,0,0.740075988769531,1.63,0,-5400.2158203125
100000000000000000000004,1,922625000,0,-46.5,4.55285497844458,0,0,0.740075988769531,1.63,0,-5400.2158203125
100000000000000000000001,1,922625000,0,-46.5,3.11091303783208,0,0,0.740075988769531,1.63,0,-5400.2158203125
100000000000000000000004,1,922625000,0,-46.5,4.5405831321415,0,0,0.740075988769531,1.63,0,-5400.2158203125
100000000000000000000002,1,922625000,0,-45,4.23992289771591,0,0,0.740075988769531,1.63,0,-5400.2158203125
E00000000000000000002005,1,922625000,0,-61.5,2.00644687055442,0,0,0.740075988769531,1.63,0,-5400.2158203125
100000000000000000000003,1,922625000,0,-45,2.81025280340649,0,0,0.740075988769531,1.63,0,-5400.2158203125
100000000000000000000000,1,922625000,0,-48.5,2.20893233455532,0,0,0.740075988769531,1.63,0,-5400.2158203125
100000000000000000000004,1,922625000,0,-46.5,4.57126274789921,0,0,0.740075988769531,1.63,0,-5400.2158203125
100000000000000000000000,1,922625000,0,-48.5,2.18438864194915,0,0,0.740075988769531,1.63,0,-5400.2158203125
100000000000000000000002,1,922625000,0,-45,4.23992289771591,0,0,0.740075988769531,1.63,0,-5400.2158203125
100000000000000000000001,1,922625000,0,-46.5,3.098641191529,0,0,0.740075988769531,1.63,0,-5400.2158203125
100000000000000000000003,1,922625000,0,-45,2.79798095710341,0,0,0.740075988769531,1.63,0,-5400.2158203125
E00000000000000000002005,1,922625000,0,-61,1.94508763903899,0,0,0.740075988769531,1.63,0,-5400.2158203125
100000000000000000000004,1,922625000,0,-46.5,4.55899090159613,0,0,0.740075988769531,1.63,0,-5400.2158203125
100000000000000000000002,1,922625000,0,-45,4.22151512826128,0,0,0.740075988769531,1.63,0,-5400.2158203125
100000000000000000000000,1,922625000,0,-48.5,2.25801971976766,0,0,0.740075988769531,1.63,0,-5400.2158203125
100000000000000000000003,1,922625000,0,-45,2.81638872655804,0,0,0.740075988769531,1.63,0,-5400.2158203125
100000000000000000000001,1,922625000,0,-46.5,3.11091303783208,0,0,0.740075988769531,1.63,0,-5400.2158203125
E00000000000000000002005,1,922625000,0,-61.5,1.95735948534208,0,0,0.740075988769531,1.63,0,-5400.2158203125
100000000000000000000004,1,922625000,0,-46.5,4.56512682474767,0,0,0.740075988769531,1.63,0,-5400.2158203125
100000000000000000000001,1,922625000,0,-46.5,3.03114603686203,0,0,0.740075988769531,1.63,0,-5400.2158203125
E00000000000000000002005,1,922625000,0,-61,1.92667986958437,0,0,0.740075988769531,1.63,0,-5400.2158203125
100000000000000000000002,1,922625000,0,-45,4.22765105141283,0,0,0.740075988769531,1.63,0,-5400.2158203125
100000000000000000000003,1,922625000,0,-45,2.79184503395187,0,0,0.740075988769531,1.63,0,-5400.2158203125
100000000000000000000000,1,922625000,0,-48.5,2.15984494934298,0,0,0.740075988769531,1.63,0,-5400.2158203125
100000000000000000000001,1,922625000,0,-46.5,3.08636934522591,0,0,0.740075988769531,1.63,0,-5400.2158203125
100000000000000000000004,1,922625000,0,-46.5,4.55899090159613,0,0,0.740075988769531,1.63,0,-5400.2158203125
100000000000000000000002,1,922625000,0,-45,4.22151512826128,0,0,0.740075988769531,1.63,0,-5400.2158203125
100000000000000000000000,1,922625000,0,-48.5,2.19666048825224,0,0,0.740075988769531,1.63,0,-5400.2158203125
100000000000000000000003,1,922625000,0,-45,2.79798095710341,0,0,0.740075988769531,1.63,0,-5400.2158203125
E00000000000000000002005,1,922625000,0,-61.5,1.91440802328128,0,0,0.740075988769531,1.63,0,-5400.2158203125
100000000000000000000001,1,922625000,0,-46.5,3.098641191529,0,0,0.740075988769531,1.63,0,-5400.2158203125
100000000000000000000003,1,922625000,0,-45,2.79798095710341,0,0,0.740075988769531,1.63,0,-5400.2158203125
100000000000000000000002,1,922625000,0,-45,4.2092432819582,0,0,0.740075988769531,1.63,0,-5400.2158203125
100000000000000000000000,1,922625000,0,-48.5,2.20893233455532,0,0,0.740075988769531,1.63,0,-5400.2158203125
100000000000000000000004,1,922625000,0,-46.5,4.55899090159613,0,0,0.740075988769531,1.63,0,-5400.2158203125
E00000000000000000002005,1,922625000,0,-61.5,1.95735948534208,0,0,0.740075988769531,1.63,0,-5400.2158203125
100000000000000000000001,1,922625000,0,-46.5,3.09250526837745,0,0,0.740075988769531,1.63,0,-5400.2158203125
100000000000000000000000,1,922625000,0,-48.5,2.21506825770687,0,0,0.740075988769531,1.63,0,-5400.2158203125
100000000000000000000002,1,922625000,0,-45,4.22151512826128,0,0,0.740075988769531,1.63,0,-5400.2158203125
E00000000000000000002005,1,922625000,0,-61.5,1.96963133164516,0,0,0.740075988769531,1.63,0,-5400.2158203125
100000000000000000000004,1,922625000,0,-46.5,4.55899090159613,0,0,0.740075988769531,1.63,0,-5400.2158203125
100000000000000000000003,1,922625000,0,-45,2.79184503395187,0,0,0.740075988769531,1.63,0,-5400.2158203125
100000000000000000000001,1,922625000,0,-46.5,3.10477711468054,0,0,0.740075988769531,1.63,0,-5400.2158203125
E00000000000000000002005,1,922625000,0,-61,1.92054394643282,0,0,0.740075988769531,1.63,0,-5400.2158203125
100000000000000000000000,1,922625000,0,-48.5,2.22734010400995,0,0,0.740075988769531,1.63,0,-5400.2158203125
100000000000000000000003,1,922625000,0,-45,2.77957318764878,0,0,0.740075988769531,1.63,0,-5400.2158203125
100000000000000000000004,1,922625000,0,-46.5,4.56512682474767,0,0,0.740075988769531,1.63,0,-5400.2158203125
100000000000000000000002,1,922625000,0,-45,4.22151512826128,0,0,0.740075988769531,1.63,0,-5400.2158203125
100000000000000000000000,1,922625000,0,-48.5,2.20893233455532,0,0,0.740075988769531,1.63,0,-5400.2158203125
100000000000000000000001,1,922625000,0,-46.5,3.08636934522591,0,0,0.740075988769531,1.63,0,-5400.2158203125
100000000000000000000002,1,922625000,0,-45,4.22151512826128,0,0,0.740075988769531,1.63,0,-5400.2158203125
100000000000000000000004,1,922625000,0,-46.5,4.56512682474767,0,0,0.740075988769531,1.63,0,-5400.2158203125
100000000000000000000003,1,922625000,0,-45,2.79798095710341,0,0,0.740075988769531,1.63,0,-5400.2158203125
E00000000000000000002005,1,922625000,0,-61.5,1.8591847149174,0,0,0.740075988769531,1.63,0,-5400.2158203125
100000000000000000000003,1,922625000,0,-45,2.79798095710341,0,0,0.740075988769531,1.63,0,-5400.2158203125
100000000000000000000002,1,922625000,0,-45,4.22765105141283,0,0,0.740075988769531,1.63,0,-5400.2158203125
100000000000000000000004,1,922625000,0,-46.5,4.55899090159613,0,0,0.740075988769531,1.63,0,-5400.2158203125
E00000000000000000002005,1,922625000,0,-61.5,1.88986433067511,0,0,0.740075988769531,1.63,0,-5400.2158203125
100000000000000000000001,1,922625000,0,-46.5,3.08023342207437,0,0,0.740075988769531,1.63,0,-5400.2158203125
100000000000000000000000,1,922625000,0,-48.5,2.20279641140378,0,0,0.740075988769531,1.63,0,-5400.2158203125
100000000000000000000002,1,922625000,0,-45,4.23992289771591,0,0,0.740075988769531,1.63,0,-5400.2158203125
100000000000000000000000,1,922625000,0,-48.5,2.16598087249453,0,0,0.740075988769531,1.63,0,-5400.2158203125
100000000000000000000004,1,922625000,0,-46.5,4.56512682474767,0,0,0.740075988769531,1.63,0,-5400.2158203125
100000000000000000000003,1,922625000,0,-45,2.79798095710341,0,0,0.740075988769531,1.63,0,-5400.2158203125
100000000000000000000001,1,922625000,0,-46.5,3.11704896098362,0,0,0.740075988769531,1.63,0,-5400.2158203125
E00000000000000000002005,1,922625000,0,-61.5,1.92667986958437,0,0,0.740075988769531,1.63,0,-5400.2158203125
100000000000000000000002,1,922625000,0,-45,4.21537920510974,0,0,0.740075988769531,1.63,0,-5400.2158203125
100000000000000000000003,1,922625000,0,-45,2.80411688025495,0,0,0.740075988769531,1.63,0,-5400.2158203125
100000000000000000000004,1,922625000,0,-46.5,4.5835345942023,0,0,0.740075988769531,1.63,0,-5400.2158203125
E00000000000000000002005,1,922625000,0,-61.5,1.90827210012974,0,0,0.740075988769531,1.63,0,-5400.2158203125
100000000000000000000001,1,922625000,0,-46.5,3.098641191529,0,0,0.740075988769531,1.63,0,-5400.2158203125
100000000000000000000000,1,922625000,0,-48.5,2.19666048825224,0,0,0.740075988769531,1.63,0,-5400.2158203125
E00000000000000000002005,1,922625000,0,-61.5,1.95122356219054,0,0,0.740075988769531,1.63,0,-5400.2158203125
100000000000000000000002,1,922625000,0,-45,4.22765105141283,0,0,0.740075988769531,1.63,0,-5400.2158203125
100000000000000000000000,1,922625000,0,-48.5,2.21506825770687,0,0,0.740075988769531,1.63,0,-5400.2158203125
100000000000000000000004,1,922625000,0,-46.5,4.54671905529304,0,0,0.740075988769531,1.63,0,-5400.2158203125
100000000000000000000003,1,922625000,0,-45,2.79798095710341,0,0,0.740075988769531,1.63,0,-5400.2158203125
100000000000000000000001,1,922625000,0,-46.5,3.09250526837745,0,0,0.740075988769531,1.63,0,-5400.2158203125
100000000000000000000004,1,922625000,0,-46.5,4.54671905529304,0,0,0.740075988769531,1.63,0,-5400.2158203125
100000000000000000000000,1,922625000,0,-48.5,2.20893233455532,0,0,0.740075988769531,1.63,0,-5400.2158203125
100000000000000000000002,1,922625000,0,-45,4.22765105141283,0,0,0.740075988769531,1.63,0,-5400.2158203125
E00000000000000000002005,1,922625000,0,-61.5,1.97576725479671,0,0,0.740075988769531,1.63,0,-5400.2158203125
100000000000000000000001,1,922625000,0,-46.5,3.09250526837745,0,0,0.740075988769531,1.63,0,-5400.2158203125
100000000000000000000003,1,922625000,0,-45,2.79184503395187,0,0,0.740075988769531,1.63,0,-5400.2158203125
100000000000000000000002,1,922625000,0,-45,4.22151512826128,0,0,0.740075988769531,1.63,0,-5400.2158203125
100000000000000000000001,1,922625000,0,-46.5,3.09250526837745,0,0,0.740075988769531,1.63,0,-5400.2158203125
100000000000000000000003,1,922625000,0,-45,2.79798095710341,0,0,0.740075988769531,1.63,0,-5400.2158203125
100000000000000000000004,1,922625000,0,-46.5,4.57126274789921,0,0,0.740075988769531,1.63,0,-5400.2158203125
100000000000000000000000,1,922625000,0,-48.5,2.22120418085841,0,0,0.740075988769531,1.63,0,-5400.2158203125
E00000000000000000002005,1,922625000,0,-61.5,1.9021361769782,0,0,0.740075988769531,1.63,0,-5400.2158203125
100000000000000000000001,1,922625000,0,-46.5,3.11091303783208,0,0,0.740075988769531,1.63,0,-5400.2158203125
100000000000000000000004,1,922625000,0,-46.5,4.57126274789921,0,0,0.740075988769531,1.63,0,-5400.2158203125
E00000000000000000002005,1,922625000,0,-61.5,1.89600025382665,0,0,0.740075988769531,1.63,0,-5400.2158203125
100000000000000000000003,1,922625000,0,-45,2.78570911080032,0,0,0.740075988769531,1.63,0,-5400.2158203125
100000000000000000000002,1,922625000,0,-45,4.22151512826128,0,0,0.740075988769531,1.63,0,-5400.2158203125
100000000000000000000000,1,922625000,0,-48.5,2.1905245651007,0,0,0.740075988769531,1.63,0,-5400.2158203125
100000000000000000000001,1,922625000,0,-46.5,3.098641191529,0,0,0.740075988769531,1.63,0,-5400.2158203125
100000000000000000000000,1,922625000,0,-48.5,2.18438864194915,0,0,0.740075988769531,1.63,0,-5400.2158203125
100000000000000000000002,1,922625000,0,-44.5,4.22765105141283,0,0,0.740075988769531,1.63,0,-5400.2158203125
E00000000000000000002005,1,922625000,0,-61.5,1.93895171588745,0,0,0.740075988769531,1.63,0,-5400.2158203125
100000000000000000000004,1,922625000,0,-46.5,4.57126274789921,0,0,0.740075988769531,1.63,0,-5400.2158203125
100000000000000000000003,1,922625000,0,-45,2.80411688025495,0,0,0.740075988769531,1.63,0,-5400.2158203125
100000000000000000000000,1,922625000,0,-48.5,2.23347602716149,0,0,0.740075988769531,1.63,0,-5400.2158203125
100000000000000000000001,1,922625000,0,-46.5,3.08636934522591,0,0,0.740075988769531,1.63,0,-5400.2158203125
100000000000000000000003,1,922625000,0,-45,2.81025280340649,0,0,0.740075988769531,1.63,0,-5400.2158203125
100000000000000000000004,1,922625000,0,-46.5,4.55285497844458,0,0,0.740075988769531,1.63,0,-5400.2158203125
100000000000000000000002,1,922625000,0,-45,4.23992289771591,0,0,0.740075988769531,1.63,0,-5400.2158203125
E00000000000000000002005,1,922625000,0,-61.5,1.95122356219054,0,0,0.740075988769531,1.63,0,-5400.2158203125
E00000000000000000002005,1,922625000,0,-61,1.91440802328128,0,0,0.740075988769531,1.63,0,-5400.2158203125
100000000000000000000001,1,922625000,0,-46.5,3.08636934522591,0,0,0.740075988769531,1.63,0,-5400.2158203125
100000000000000000000003,1,922625000,0,-45,2.79798095710341,0,0,0.740075988769531,1.63,0,-5400.2158203125
100000000000000000000002,1,922625000,0,-45,4.23378697456437,0,0,0.740075988769531,1.63,0,-5400.2158203125
100000000000000000000004,1,922625000,0,-46.5,4.56512682474767,0,0,0.740075988769531,1.63,0,-5400.2158203125
100000000000000000000000,1,922625000,0,-48.5,2.20279641140378,0,0,0.740075988769531,1.63,0,-5400.2158203125
100000000000000000000001,1,922625000,0,-46.5,3.09250526837745,0,0,0.740075988769531,1.63,0,-5400.2158203125
100000000000000000000000,1,922625000,0,-48.5,2.20279641140378,0,0,0.740075988769531,1.63,0,-5400.2158203125
100000000000000000000004,1,922625000,0,-46.5,4.56512682474767,0,0,0.740075988769531,1.63,0,-5400.2158203125
100000000000000000000003,1,922625000,0,-45,2.79798095710341,0,0,0.740075988769531,1.63,0,-5400.2158203125
100000000000000000000002,1,922625000,0,-45,4.23378697456437,0,0,0.740075988769531,1.63,0,-5400.2158203125
E00000000000000000002005,1,922625000,0,-61.5,1.95122356219054,0,0,0.740075988769531,1.63,0,-5400.2158203125
100000000000000000000000,1,922625000,0,-48.5,2.22120418085841,0,0,0.740075988769531,1.63,0,-5400.2158203125
100000000000000000000004,1,922625000,0,-46.5,4.56512682474767,0,0,0.740075988769531,1.63,0,-5400.2158203125
100000000000000000000003,1,922625000,0,-45,2.79798095710341,0,0,0.740075988769531,1.63,0,-5400.2158203125
E00000000000000000002005,1,922625000,0,-61.5,1.88372840752357,0,0,0.740075988769531,1.63,0,-5400.2158203125
100000000000000000000001,1,922625000,0,-46.5,3.11091303783208,0,0,0.740075988769531,1.63,0,-5400.2158203125
100000000000000000000002,1,922625000,0,-45,4.22765105141283,0,0,0.740075988769531,1.63,0,-5400.2158203125
100000000000000000000003,1,922625000,0,-45,2.79798095710341,0,0,0.740075988769531,1.63,0,-5400.2158203125
100000000000000000000001,1,922625000,0,-46.5,3.08636934522591,0,0,0.740075988769531,1.63,0,-5400.2158203125
100000000000000000000002,1,922625000,0,-44.5,4.23378697456437,0,0,0.740075988769531,1.63,0,-5400.2158203125
100000000000000000000000,1,922625000,0,-48.5,2.20279641140378,0,0,0.740075988769531,1.63,0,-5400.2158203125
100000000000000000000004,1,922625000,0,-46.5,4.54671905529304,0,0,0.740075988769531,1.63,0,-5400.2158203125
E00000000000000000002005,1,922625000,0,-61.5,1.98190317794825,0,0,0.740075988769531,1.63,0,-5400.2158203125
100000000000000000000002,1,922625000,0,-44.5,4.23378697456437,0,0,0.740075988769531,1.63,0,-5400.2158203125
100000000000000000000004,1,922625000,0,-46.5,4.56512682474767,0,0,0.740075988769531,1.63,0,-5400.2158203125
100000000000000000000003,1,922625000,0,-45,2.79798095710341,0,0,0.740075988769531,1.63,0,-5400.2158203125
E00000000000000000002005,1,922625000,0,-61.5,1.93895171588745,0,0,0.740075988769531,1.63,0,-5400.2158203125
100000000000000000000001,1,922625000,0,-46.5,3.08636934522591,0,0,0.740075988769531,1.63,0,-5400.2158203125
100000000000000000000000,1,922625000,0,-48.5,2.21506825770687,0,0,0.740075988769531,1.63,0,-5400.2158203125
100000000000000000000002,1,922625000,0,-45,4.23378697456437,0,0,0.740075988769531,1.63,0,-5400.2158203125
100000000000000000000003,1,922625000,0,-45,2.79184503395187,0,0,0.740075988769531,1.63,0,-5400.2158203125
100000000000000000000004,1,922625000,0,-46.5,4.54671905529304,0,0,0.740075988769531,1.63,0,-5400.2158203125
100000000000000000000000,1,922625000,0,-48.5,2.19666048825224,0,0,0.740075988769531,1.63,0,-5400.2158203125
100000000000000000000001,1,922625000,0,-46.5,3.08636934522591,0,0,0.740075988769531,1.63,0,-5400.2158203125
E00000000000000000002005,1,922625000,0,-61.5,1.9021361769782,0,0,0.740075988769531,1.63,0,-5400.2158203125
100000000000000000000004,1,922625000,0,-46.5,4.57739867105075,0,0,0.740075988769531,1.63,0,-5400.2158203125
100000000000000000000000,1,922625000,0,-48.5,2.23347602716149,0,0,0.740075988769531,1.63,0,-5400.2158203125
100000000000000000000003,1,922625000,0,-45,2.79184503395187,0,0,0.740075988769531,1.63,0,-5400.2158203125
100000000000000000000001,1,922625000,0,-46.5,3.09250526837745,0,0,0.740075988769531,1.63,0,-5400.2158203125
100000000000000000000002,1,922625000,0,-45,4.23378697456437,0,0,0.740075988769531,1.63,0,-5400.2158203125
E00000000000000000002005,1,922625000,0,-61.5,1.92667986958437,0,0,0.740075988769531,1.63,0,-5400.2158203125
100000000000000000000000,1,922625000,0,-48.5,2.21506825770687,0,0,0.740075988769531,1.63,0,-5400.2158203125
100000000000000000000001,1,922625000,0,-46.5,3.10477711468054,0,0,0.740075988769531,1.63,0,-5400.2158203125
E00000000000000000002005,1,922625000,0,-61,1.92667986958437,0,0,0.740075988769531,1.63,0,-5400.2158203125
100000000000000000000003,1,922625000,0,-45,2.78570911080032,0,0,0.740075988769531,1.63,0,-5400.2158203125
100000000000000000000004,1,922625000,0,-46.5,4.56512682474767,0,0,0.740075988769531,1.63,0,-5400.2158203125
100000000000000000000002,1,922625000,0,-45,4.23378697456437,0,0,0.740075988769531,1.63,0,-5400.2158203125
E00000000000000000002005,1,922625000,0,-61.5,1.92667986958437,0,0,0.740075988769531,1.63,0,-5400.2158203125
100000000000000000000000,1,922625000,0,-48.5,2.21506825770687,0,0,0.740075988769531,1.63,0,-5400.2158203125
100000000000000000000002,1,922625000,0,-45,4.22765105141283,0,0,0.740075988769531,1.63,0,-5400.2158203125
100000000000000000000001,1,922625000,0,-46.5,3.098641191529,0,0,0.740075988769531,1.63,0,-5400.2158203125
100000000000000000000003,1,922625000,0,-45,2.79798095710341,0,0,0.740075988769531,1.63,0,-5400.2158203125
100000000000000000000004,1,922625000,0,-46.5,4.56512682474767,0,0,0.740075988769531,1.63,0,-5400.2158203125
100000000000000000000002,1,922625000,0,-44.5,4.23378697456437,0,0,0.740075988769531,1.63,0,-5400.2158203125
100000000000000000000004,1,922625000,0,-46.5,4.5835345942023,0,0,0.740075988769531,1.63,0,-5400.2158203125
E00000000000000000002005,1,922625000,0,-61.5,1.92054394643282,0,0,0.740075988769531,1.63,0,-5400.2158203125
100000000000000000000000,1,922625000,0,-48.5,2.20279641140378,0,0,0.740075988769531,1.63,0,-5400.2158203125
100000000000000000000003,1,922625000,0,-45,2.80411688025495,0,0,0.740075988769531,1.63,0,-5400.2158203125
100000000000000000000001,1,922625000,0,-46.5,3.09250526837745,0,0,0.740075988769531,1.63,0,-5400.2158203125
100000000000000000000001,1,922625000,0,-46.5,3.10477711468054,0,0,0.740075988769531,1.63,0,-5400.2158203125
E00000000000000000002005,1,922625000,0,-62,1.94508763903899,0,0,0.740075988769531,1.63,0,-5400.2158203125
100000000000000000000003,1,922625000,0,-45,2.80411688025495,0,0,0.740075988769531,1.63,0,-5400.2158203125
100000000000000000000000,1,922625000,0,-48.5,2.21506825770687,0,0,0.740075988769531,1.63,0,-5400.2158203125
100000000000000000000004,1,922625000,0,-46.5,4.56512682474767,0,0,0.740075988769531,1.63,0,-5400.2158203125
100000000000000000000002,1,922625000,0,-45,4.23378697456437,0,0,0.740075988769531,1.63,0,-5400.2158203125
100000000000000000000003,1,922625000,0,-45,2.80411688025495,0,0,0.740075988769531,1.63,0,-5400.2158203125
100000000000000000000000,1,922625000,0,-48.5,2.22120418085841,0,0,0.740075988769531,1.63,0,-5400.2158203125
100000000000000000000004,1,922625000,0,-46.5,4.57126274789921,0,0,0.740075988769531,1.63,0,-5400.2158203125
100000000000000000000001,1,922625000,0,-46.5,3.098641191529,0,0,0.740075988769531,1.63,0,-5400.2158203125
E00000000000000000002005,1,922625000,0,-61,1.98190317794825,0,0,0.740075988769531,1.63,0,-5400.2158203125
100000000000000000000002,1,922625000,0,-45,4.23992289771591,0,0,0.740075988769531,1.63,0,-5400.2158203125
100000000000000000000000,1,922625000,0,-48.5,2.20893233455532,0,0,0.740075988769531,1.63,0,-5400.2158203125
100000000000000000000004,1,922625000,0,-46.5,4.55899090159613,0,0,0.740075988769531,1.63,0,-5400.2158203125
100000000000000000000002,1,922625000,0,-45,4.23378697456437,0,0,0.740075988769531,1.63,0,-5400.2158203125
E00000000000000000002005,1,922625000,0,-61.5,1.94508763903899,0,0,0.740075988769531,1.63,0,-5400.2158203125
100000000000000000000001,1,922625000,0,-46.5,3.08636934522591,0,0,0.740075988769531,1.63,0,-5400.2158203125
100000000000000000000003,1,922625000,0,-45,2.78570911080032,0,0,0.740075988769531,1.63,0,-5400.2158203125
100000000000000000000003,1,922625000,0,-45,2.79798095710341,0,0,0.740075988769531,1.63,0,-5400.2158203125
100000000000000000000001,1,922625000,0,-46.5,3.11704896098362,0,0,0.740075988769531,1.63,0,-5400.2158203125
100000000000000000000002,1,922625000,0,-45,4.22765105141283,0,0,0.740075988769531,1.63,0,-5400.2158203125
100000000000000000000000,1,922625000,0,-48.5,2.22734010400995,0,0,0.740075988769531,1.63,0,-5400.2158203125
100000000000000000000004,1,922625000,0,-46.5,4.56512682474767,0,0,0.740075988769531,1.63,0,-5400.2158203125
E00000000000000000002005,1,922625000,0,-61.5,1.89600025382665,0,0,0.740075988769531,1.63,0,-5400.2158203125
100000000000000000000001,1,922625000,0,-46.5,3.10477711468054,0,0,0.740075988769531,1.63,0,-5400.2158203125
100000000000000000000002,1,922625000,0,-45,4.22151512826128,0,0,0.740075988769531,1.63,0,-5400.2158203125
100000000000000000000004,1,922625000,0,-46.5,4.55899090159613,0,0,0.740075988769531,1.63,0,-5400.2158203125
100000000000000000000003,1,922625000,0,-45,2.79798095710341,0,0,0.740075988769531,1.63,0,-5400.2158203125
E00000000000000000002005,1,922625000,0,-61.5,1.84077694546277,0,0,0.740075988769531,1.63,0,-5400.2158203125
100000000000000000000000,1,922625000,0,-48.5,2.22734010400995,0,0,0.740075988769531,1.63,0,-5400.2158203125
100000000000000000000000,1,922625000,0,-48.5,2.20279641140378,0,0,0.740075988769531,1.63,0,-5400.2158203125
E00000000000000000002005,1,922625000,0,-61,2.01258279370596,0,0,0.740075988769531,1.63,0,-5400.2158203125
100000000000000000000001,1,922625000,0,-46.5,3.08023342207437,0,0,0.740075988769531,1.63,0,-5400.2158203125
100000000000000000000002,1,922625000,0,-45,4.252194744019,0,0,0.740075988769531,1.63,0,-5400.2158203125
100000000000000000000003,1,922625000,0,-45,2.80411688025495,0,0,0.740075988769531,1.63,0,-5400.2158203125
100000000000000000000004,1,922625000,0,-46.5,4.55285497844458,0,0,0.740075988769531,1.63,0,-5400.2158203125
100000000000000000000000,1,922625000,0,-48.5,2.20893233455532,0,0,0.740075988769531,1.63,0,-5400.2158203125
100000000000000000000004,1,922625000,0,-46.5,4.58967051735384,0,0,0.740075988769531,1.63,0,-5400.2158203125
100000000000000000000002,1,922625000,0,-45,4.23992289771591,0,0,0.740075988769531,1.63,0,-5400.2158203125
E00000000000000000002005,1,922625000,0,-62,1.92054394643282,0,0,0.740075988769531,1.63,0,-5400.2158203125
100000000000000000000003,1,922625000,0,-45,2.79184503395187,0,0,0.740075988769531,1.63,0,-5400.2158203125
100000000000000000000001,1,922625000,0,-46.5,3.08023342207437,0,0,0.740075988769531,1.63,0,-5400.2158203125
100000000000000000000002,1,922625000,0,-45,4.23378697456437,0,0,0.740075988769531,1.63,0,-5400.2158203125
100000000000000000000004,1,922625000,0,-46.5,4.57739867105075,0,0,0.740075988769531,1.63,0,-5400.2158203125
100000000000000000000003,1,922625000,0,-45,2.77343726449724,0,0,0.740075988769531,1.63,0,-5400.2158203125
E00000000000000000002005,1,922625000,0,-61.5,1.90827210012974,0,0,0.740075988769531,1.63,0,-5400.2158203125
100000000000000000000001,1,922625000,0,-46.5,3.08636934522591,0,0,0.740075988769531,1.63,0,-5400.2158203125
100000000000000000000000,1,922625000,0,-48.5,2.20893233455532,0,0,0.740075988769531,1.63,0,-5400.2158203125
100000000000000000000001,1,922625000,0,-46.5,3.098641191529,0,0,0.740075988769531,1.63,0,-5400.2158203125
100000000000000000000002,1,922625000,0,-44.5,4.22765105141283,0,0,0.740075988769531,1.63,0,-5400.2158203125
100000000000000000000000,1,922625000,0,-48.5,2.22120418085841,0,0,0.740075988769531,1.63,0,-5400.2158203125
100000000000000000000003,1,922625000,0,-45,2.78570911080032,0,0,0.740075988769531,1.63,0,-5400.2158203125
E00000000000000000002005,1,922625000,0,-61.5,1.92667986958437,0,0,0.740075988769531,1.63,0,-5400.2158203125
100000000000000000000004,1,922625000,0,-46.5,4.55285497844458,0,0,0.740075988769531,1.63,0,-5400.2158203125
100000000000000000000004,1,922625000,0,-46.5,4.54671905529304,0,0,0.740075988769531,1.63,0,-5400.2158203125
100000000000000000000000,1,922625000,0,-48.5,2.20893233455532,0,0,0.740075988769531,1.63,0,-5400.2158203125
100000000000000000000001,1,922625000,0,-46.5,3.10477711468054,0,0,0.740075988769531,1.63,0,-5400.2158203125
100000000000000000000002,1,922625000,0,-45,4.23378697456437,0,0,0.740075988769531,1.63,0,-5400.2158203125
100000000000000000000003,1,922625000,0,-45,2.80411688025495,0,0,0.740075988769531,1.63,0,-5400.2158203125
E00000000000000000002005,1,922625000,0,-61,1.97576725479671,0,0,0.740075988769531,1.63,0,-5400.2158203125
E00000000000000000002005,1,922625000,0,-61.5,1.94508763903899,0,0,0.740075988769531,1.63,0,-5400.2158203125
100000000000000000000001,1,922625000,0,-46.5,3.11091303783208,0,0,0.740075988769531,1.63,0,-5400.2158203125
100000000000000000000004,1,922625000,0,-46.5,4.55899090159613,0,0,0.740075988769531,1.63,0,-5400.2158203125
100000000000000000000002,1,922625000,0,-45,4.24605882086745,0,0,0.740075988769531,1.63,0,-5400.2158203125
100000000000000000000000,1,922625000,0,-48.5,2.20893233455532,0,0,0.740075988769531,1.63,0,-5400.2158203125
100000000000000000000003,1,922625000,0,-45,2.79798095710341,0,0,0.740075988769531,1.63,0,-5400.2158203125
100000000000000000000003,1,922625000,0,-45,2.79184503395187,0,0,0.740075988769531,1.63,0,-5400.2158203125
100000000000000000000002,1,922625000,0,-45,4.22151512826128,0,0,0.740075988769531,1.63,0,-5400.2158203125
100000000000000000000001,1,922625000,0,-46.5,3.098641191529,0,0,0.740075988769531,1.63,0,-5400.2158203125
E00000000000000000002005,1,922625000,0,-61.5,1.95122356219054,0,0,0.740075988769531,1.63,0,-5400.2158203125
100000000000000000000000,1,922625000,0,-48.5,2.22734010400995,0,0,0.740075988769531,1.63,0,-5400.2158203125
100000000000000000000004,1,922625000,0,-46.5,4.56512682474767,0,0,0.740075988769531,1.63,0,-5400.2158203125
100000000000000000000002,1,922625000,0,-44.5,4.22765105141283,0,0,0.740075988769531,1.63,0,-5400.2158203125
100000000000000000000000,1,922625000,0,-48.5,2.20279641140378,0,0,0.740075988769531,1.63,0,-5400.2158203125
100000000000000000000001,1,922625000,0,-46.5,3.098641191529,0,0,0.740075988769531,1.63,0,-5400.2158203125
100000000000000000000004,1,922625000,0,-46.5,4.57126274789921,0,0,0.740075988769531,1.63,0,-5400.2158203125
E00000000000000000002005,1,922625000,0,-61.5,1.88986433067511,0,0,0.740075988769531,1.63,0,-5400.2158203125
100000000000000000000003,1,922625000,0,-45,2.80411688025495,0,0,0.740075988769531,1.63,0,-5400.2158203125
100000000000000000000003,1,922625000,0,-45,2.79798095710341,0,0,0.740075988769531,1.63,0,-5400.2158203125
100000000000000000000004,1,922625000,0,-46.5,4.56512682474767,0,0,0.740075988769531,1.63,0,-5400.2158203125
100000000000000000000002,1,922625000,0,-45,4.22151512826128,0,0,0.740075988769531,1.63,0,-5400.2158203125
100000000000000000000000,1,922625000,0,-48.5,2.22734010400995,0,0,0.740075988769531,1.63,0,-5400.2158203125
100000000000000000000001,1,922625000,0,-46.5,3.08636934522591,0,0,0.740075988769531,1.63,0,-5400.2158203125
E00000000000000000002005,1,922625000,0,-61.5,1.99417502425133,0,0,0.740075988769531,1.63,0,-5400.2158203125
E00000000000000000002005,1,922625000,0,-61.5,1.96963133164516,0,0,0.740075988769531,1.63,0,-5400.2158203125
100000000000000000000000,1,922625000,0,-48.5,2.21506825770687,0,0,0.740075988769531,1.63,0,-5400.2158203125
100000000000000000000004,1,922625000,0,-46.5,4.55899090159613,0,0,0.740075988769531,1.63,0,-5400.2158203125
100000000000000000000003,1,922625000,0,-45,2.80411688025495,0,0,0.740075988769531,1.63,0,-5400.2158203125
100000000000000000000001,1,922625000,0,-46.5,3.09250526837745,0,0,0.740075988769531,1.63,0,-5400.2158203125
100000000000000000000002,1,922625000,0,-44.5,4.22151512826128,0,0,0.740075988769531,1.63,0,-5400.2158203125
100000000000000000000004,1,922625000,0,-46.5,4.57126274789921,0,0,0.740075988769531,1.63,0,-5400.2158203125
100000000000000000000002,1,922625000,0,-45,4.22765105141283,0,0,0.740075988769531,1.63,0,-5400.2158203125
100000000000000000000000,1,922625000,0,-48.5,2.21506825770687,0,0,0.740075988769531,1.63,0,-5400.2158203125
100000000000000000000003,1,922625000,0,-45,2.80411688025495,0,0,0.740075988769531,1.63,0,-5400.2158203125
100000000000000000000001,1,922625000,0,-46.5,3.07409749892282,0,0,0.740075988769531,1.63,0,-5400.2158203125
E00000000000000000002005,1,922625000,0,-61.5,1.92054394643282,0,0,0.740075988769531,1.63,0,-5400.2158203125
E00000000000000000002005,1,922625000,0,-61.5,1.97576725479671,0,0,0.740075988769531,1.63,0,-5400.2158203125
100000000000000000000001,1,922625000,0,-46.5,3.09250526837745,0,0,0.740075988769531,1.63,0,-5400.2158203125
100000000000000000000004,1,922625000,0,-46.5,4.57126274789921,0,0,0.740075988769531,1.63,0,-5400.2158203125
100000000000000000000003,1,922625000,0,-45,2.80411688025495,0,0,0.740075988769531,1.63,0,-5400.2158203125
100000000000000000000002,1,922625000,0,-45,4.22765105141283,0,0,0.740075988769531,1.63,0,-5400.2158203125
100000000000000000000000,1,922625000,0,-48.5,2.20279641140378,0,0,0.740075988769531,1.63,0,-5400.2158203125
100000000000000000000000,1,922625000,0,-48.5,2.1905245651007,0,0,0.740075988769531,1.63,0,-5400.2158203125
100000000000000000000003,1,922625000,0,-45,2.79798095710341,0,0,0.740075988769531,1.63,0,-5400.2158203125
E00000000000000000002005,1,922625000,0,-61.5,1.89600025382665,0,0,0.740075988769531,1.63,0,-5400.2158203125
100000000000000000000002,1,922625000,0,-45,4.2092432819582,0,0,0.740075988769531,1.63,0,-5400.2158203125
100000000000000000000004,1,922625000,0,-46.5,4.57126274789921,0,0,0.740075988769531,1.63,0,-5400.2158203125
100000000000000000000001,1,922625000,0,-46.5,3.098641191529,0,0,0.740075988769531,1.63,0,-5400.2158203125
100000000000000000000000,1,922625000,0,-48.5,2.19666048825224,0,0,0.740075988769531,1.63,0,-5400.2158203125
100000000000000000000004,1,922625000,0,-46.5,4.57126274789921,0,0,0.740075988769531,1.63,0,-5400.2158203125
100000000000000000000001,1,922625000,0,-46.5,3.09250526837745,0,0,0.740075988769531,1.63,0,-5400.2158203125
100000000000000000000002,1,922625000,0,-45,4.23378697456437,0,0,0.740075988769531,1.63,0,-5400.2158203125
100000000000000000000003,1,922625000,0,-45,2.79798095710341,0,0,0.740075988769531,1.63,0,-5400.2158203125
E00000000000000000002005,1,922625000,0,-61,1.97576725479671,0,0,0.740075988769531,1.63,0,-5400.2158203125
100000000000000000000000,1,922625000,0,-48.5,2.21506825770687,0,0,0.740075988769531,1.63,0,-5400.2158203125
100000000000000000000003,1,922625000,0,-45,2.80411688025495,0,0,0.740075988769531,1.63,0,-5400.2158203125
100000000000000000000001,1,922625000,0,-46.5,3.11704896098362,0,0,0.740075988769531,1.63,0,-5400.2158203125
100000000000000000000004,1,922625000,0,-46.5,4.56512682474767,0,0,0.740075988769531,1.63,0,-5400.2158203125
100000000000000000000002,1,922625000,0,-45,4.22151512826128,0,0,0.740075988769531,1.63,0,-5400.2158203125
E00000000000000000002005,1,922625000,0,-61,1.93895171588745,0,0,0.740075988769531,1.63,0,-5400.2158203125
100000000000000000000001,1,922625000,0,-46.5,3.10477711468054,0,0,0.740075988769531,1.63,0,-5400.2158203125
100000000000000000000003,1,922625000,0,-45,2.78570911080032,0,0,0.740075988769531,1.63,0,-5400.2158203125
100000000000000000000004,1,922625000,0,-46.5,4.56512682474767,0,0,0.740075988769531,1.63,0,-5400.2158203125
100000000000000000000000,1,922625000,0,-48.5,2.20893233455532,0,0,0.740075988769531,1.63,0,-5400.2158203125
100000000000000000000002,1,922625000,0,-45,4.23378697456437,0,0,0.740075988769531,1.63,0,-5400.2158203125
E00000000000000000002005,1,922625000,0,-61.5,2.00031094740288,0,0,0.740075988769531,1.63,0,-5400.2158203125
E00000000000000000002005,1,922625000,0,-62,1.93281579273591,0,0,0.740075988769531,1.63,0,-5400.2158203125
100000000000000000000002,1,922625000,0,-45,4.22765105141283,0,0,0.740075988769531,1.63,0,-5400.2158203125
100000000000000000000004,1,922625000,0,-46.5,4.56512682474767,0,0,0.740075988769531,1.63,0,-5400.2158203125
100000000000000000000000,1,922625000,0,-48.5,2.22120418085841,0,0,0.740075988769531,1.63,0,-5400.2158203125
100000000000000000000001,1,922625000,0,-46.5,3.098641191529,0,0,0.740075988769531,1.63,0,-5400.2158203125
100000000000000000000003,1,922625000,0,-45,2.79184503395187,0,0,0.740075988769531,1.63,0,-5400.2158203125
100000000000000000000002,1,922625000,0,-45,4.22151512826128,0,0,0.740075988769531,1.63,0,-5400.2158203125
100000000000000000000004,1,922625000,0,-46.5,4.56512682474767,0,0,0.740075988769531,1.63,0,-5400.2158203125
100000000000000000000000,1,922625000,0,-48.5,2.21506825770687,0,0,0.740075988769531,1.63,0,-5400.2158203125
100000000000000000000001,1,922625000,0,-46.5,3.08636934522591,0,0,0.740075988769531,1.63,0,-5400.2158203125
100000000000000000000003,1,922625000,0,-45,2.78570911080032,0,0,0.740075988769531,1.63,0,-5400.2158203125
E00000000000000000002005,1,922625000,0,-61.5,1.91440802328128,0,0,0.740075988769531,1.63,0,-5400.2158203125
100000000000000000000004,1,922625000,0,-46.5,4.56512682474767,0,0,0.740075988769531,1.63,0,-5400.2158203125
100000000000000000000003,1,922625000,0,-45,2.81025280340649,0,0,0.740075988769531,1.63,0,-5400.2158203125
100000000000000000000000,1,922625000,0,-48.5,2.18438864194915,0,0,0.740075988769531,1.63,0,-5400.2158203125
100000000000000000000001,1,922625000,0,-46.5,3.098641191529,0,0,0.740075988769531,1.63,0,-5400.2158203125
E00000000000000000002005,1,922625000,0,-62,1.93895171588745,0,0,0.740075988769531,1.63,0,-5400.2158203125
100000000000000000000002,1,922625000,0,-45,4.23992289771591,0,0,0.740075988769531,1.63,0,-5400.2158203125
100000000000000000000002,1,922625000,0,-45,4.23992289771591,0,0,0.740075988769531,1.63,0,-5400.2158203125
100000000000000000000000,1,922625000,0,-48.5,2.22120418085841,0,0,0.740075988769531,1.63,0,-5400.2158203125
100000000000000000000001,1,922625000,0,-46.5,3.09250526837745,0,0,0.740075988769531,1.63,0,-5400.2158203125
100000000000000000000003,1,922625000,0,-45,2.79184503395187,0,0,0.740075988769531,1.63,0,-5400.2158203125
100000000000000000000004,1,922625000,0,-46.5,4.55899090159613,0,0,0.740075988769531,1.63,0,-5400.2158203125
E00000000000000000002005,1,922625000,0,-61.5,1.90827210012974,0,0,0.740075988769531,1.63,0,-5400.2158203125
100000000000000000000003,1,922625000,0,-45,2.81025280340649,0,0,0.740075988769531,1.63,0,-5400.2158203125
100000000000000000000000,1,922625000,0,-48.5,2.22120418085841,0,0,0.740075988769531,1.63,0,-5400.2158203125
100000000000000000000001,1,922625000,0,-46.5,3.08636934522591,0,0,0.740075988769531,1.63,0,-5400.2158203125
100000000000000000000002,1,922625000,0,-45,4.23992289771591,0,0,0.740075988769531,1.63,0,-5400.2158203125
E00000000000000000002005,1,922625000,0,-61.5,1.90827210012974,0,0,0.740075988769531,1.63,0,-5400.2158203125
100000000000000000000004,1,922625000,0,-46.5,4.57739867105075,0,0,0.740075988769531,1.63,0,-5400.2158203125
100000000000000000000002,1,922625000,0,-45,4.23378697456437,0,0,0.740075988769531,1.63,0,-5400.2158203125
100000000000000000000000,1,922625000,0,-48.5,2.20893233455532,0,0,0.740075988769531,1.63,0,-5400.2158203125
E00000000000000000002005,1,922625000,0,-61.5,1.9021361769782,0,0,0.740075988769531,1.63,0,-5400.2158203125
100000000000000000000004,1,922625000,0,-46.5,4.56512682474767,0,0,0.740075988769531,1.63,0,-5400.2158203125
100000000000000000000003,1,922625000,0,-45,2.78570911080032,0,0,0.740075988769531,1.63,0,-5400.2158203125
100000000000000000000001,1,922625000,0,-46.5,3.11091303783208,0,0,0.740075988769531,1.63,0,-5400.2158203125
100000000000000000000001,1,922625000,0,-46.5,3.098641191529,0,0,0.740075988769531,1.63,0,-5400.2158203125
100000000000000000000003,1,922625000,0,-45,2.81025280340649,0,0,0.740075988769531,1.63,0,-5400.2158203125
100000000000000000000002,1,922625000,0,-45,4.22765105141283,0,0,0.740075988769531,1.63,0,-5400.2158203125
100000000000000000000000,1,922625000,0,-48.5,2.22120418085841,0,0,0.740075988769531,1.63,0,-5400.2158203125
100000000000000000000004,1,922625000,0,-46.5,4.56512682474767,0,0,0.740075988769531,1.63,0,-5400.2158203125
E00000000000000000002005,1,922625000,0,-61.5,1.90827210012974,0,0,0.740075988769531,1.63,0,-5400.2158203125
100000000000000000000000,1,922625000,0,-48.5,2.22120418085841,0,0,0.740075988769531,1.63,0,-5400.2158203125
E00000000000000000002005,1,922625000,0,-61,1.84077694546277,0,0,0.740075988769531,1.63,0,-5400.2158203125
100000000000000000000002,1,922625000,0,-45,4.22151512826128,0,0,0.740075988769531,1.63,0,-5400.2158203125
100000000000000000000004,1,922625000,0,-46.5,4.56512682474767,0,0,0.740075988769531,1.63,0,-5400.2158203125
100000000000000000000001,1,922625000,0,-46.5,3.098641191529,0,0,0.740075988769531,1.63,0,-5400.2158203125
100000000000000000000003,1,922625000,0,-45,2.79798095710341,0,0,0.740075988769531,1.63,0,-5400.2158203125
100000000000000000000000,1,922625000,0,-48.5,2.21506825770687,0,0,0.740075988769531,1.63,0,-5400.2158203125
100000000000000000000003,1,922625000,0,-45,2.81638872655804,0,0,0.740075988769531,1.63,0,-5400.2158203125
100000000000000000000001,1,922625000,0,-46.5,3.09250526837745,0,0,0.740075988769531,1.63,0,-5400.2158203125
100000000000000000000004,1,922625000,0,-46.5,4.56512682474767,0,0,0.740075988769531,1.63,0,-5400.2158203125
100000000000000000000002,1,922625000,0,-44.5,4.22151512826128,0,0,0.740075988769531,1.63,0,-5400.2158203125
E00000000000000000002005,1,922625000,0,-61,1.91440802328128,0,0,0.740075988769531,1.63,0,-5400.2158203125
100000000000000000000004,1,922625000,0,-46.5,4.56512682474767,0,0,0.740075988769531,1.63,0,-5400.2158203125
100000000000000000000002,1,922625000,0,-45,4.23378697456437,0,0,0.740075988769531,1.63,0,-5400.2158203125
100000000000000000000001,1,922625000,0,-46.5,3.10477711468054,0,0,0.740075988769531,1.63,0,-5400.2158203125
100000000000000000000000,1,922625000,0,-48.5,2.22734010400995,0,0,0.740075988769531,1.63,0,-5400.2158203125
100000000000000000000003,1,922625000,0,-45,2.81638872655804,0,0,0.740075988769531,1.63,0,-5400.2158203125
E00000000000000000002005,1,922625000,0,-61.5,1.8162332528566,0,0,0.740075988769531,1.63,0,-5400.2158203125
E00000000000000000002005,1,922625000,0,-61.5,1.91440802328128,0,0,0.740075988769531,1.63,0,-5400.2158203125
100000000000000000000001,1,922625000,0,-46.5,3.09250526837745,0,0,0.740075988769531,1.63,0,-5400.2158203125
100000000000000000000003,1,922625000,0,-45,2.80411688025495,0,0,0.740075988769531,1.63,0,-5400.2158203125
100000000000000000000004,1,922625000,0,-46.5,4.56512682474767,0,0,0.740075988769531,1.63,0,-5400.2158203125
100000000000000000000002,1,922625000,0,-45,4.23378697456437,0,0,0.740075988769531,1.63,0,-5400.2158203125
100000000000000000000000,1,922625000,0,-48.5,2.22734010400995,0,0,0.740075988769531,1.63,0,-5400.2158203125
100000000000000000000003,1,922625000,0,-45,2.79798095710341,0,0,0.740075988769531,1.63,0,-5400.2158203125
100000000000000000000001,1,922625000,0,-46.5,3.10477711468054,0,0,0.740075988769531,1.63,0,-5400.2158203125
100000000000000000000000,1,922625000,0,-48.5,2.1905245651007,0,0,0.740075988769531,1.63,0,-5400.2158203125
100000000000000000000004,1,922625000,0,-46.5,4.57126274789921,0,0,0.740075988769531,1.63,0,-5400.2158203125
100000000000000000000002,1,922625000,0,-45,4.22765105141283,0,0,0.740075988769531,1.63,0,-5400.2158203125
E00000000000000000002005,1,922625000,0,-61.5,1.87759248437203,0,0,0.740075988769531,1.63,0,-5400.2158203125
100000000000000000000000,1,922625000,0,-48.5,2.23347602716149,0,0,0.740075988769531,1.63,0,-5400.2158203125
E00000000000000000002005,1,922625000,0,-61.5,1.83464102231123,0,0,0.740075988769531,1.63,0,-5400.2158203125
100000000000000000000001,1,922625000,0,-46.5,3.08636934522591,0,0,0.740075988769531,1.63,0,-5400.2158203125
100000000000000000000002,1,922625000,0,-45,4.22765105141283,0,0,0.740075988769531,1.63,0,-5400.2158203125
100000000000000000000004,1,922625000,0,-46.5,4.54671905529304,0,0,0.740075988769531,1.63,0,-5400.2158203125
100000000000000000000003,1,922625000,0,-45,2.81025280340649,0,0,0.740075988769531,1.63,0,-5400.2158203125
100000000000000000000001,1,922625000,0,-46.5,3.10477711468054,0,0,0.740075988769531,1.63,0,-5400.2158203125
E00000000000000000002005,1,922625000,0,-61,1.86532063806894,0,0,0.740075988769531,1.63,0,-5400.2158203125
100000000000000000000002,1,922625000,0,-45,4.23378697456437,0,0,0.740075988769531,1.63,0,-5400.2158203125
100000000000000000000004,1,922625000,0,-46.5,4.55899090159613,0,0,0.740075988769531,1.63,0,-5400.2158203125
100000000000000000000000,1,922625000,0,-48.5,2.19666048825224,0,0,0.740075988769531,1.63,0,-5400.2158203125
100000000000000000000003,1,922625000,0,-45,2.79798095710341,0,0,0.740075988769531,1.63,0,-5400.2158203125
100000000000000000000004,1,922625000,0,-46.5,4.57126274789921,0,0,0.740075988769531,1.63,0,-5400.2158203125
100000000000000000000000,1,922625000,0,-48.5,2.20893233455532,0,0,0.740075988769531,1.63,0,-5400.2158203125
100000000000000000000003,1,922625000,0,-45,2.79798095710341,0,0,0.740075988769531,1.63,0,-5400.2158203125
100000000000000000000001,1,922625000,0,-46.5,3.08023342207437,0,0,0.740075988769531,1.63,0,-5400.2158203125
100000000000000000000002,1,922625000,0,-45,4.2092432819582,0,0,0.740075988769531,1.63,0,-5400.2158203125
E00000000000000000002005,1,922625000,0,-61.5,1.92667986958437,0,0,0.740075988769531,1.63,0,-5400.2158203125
100000000000000000000000,1,922625000,0,-48.5,2.20893233455532,0,0,0.740075988769531,1.63,0,-5400.2158203125
100000000000000000000001,1,922625000,0,-46.5,3.11091303783208,0,0,0.740075988769531,1.63,0,-5400.2158203125
100000000000000000000004,1,922625000,0,-46.5,4.55285497844458,0,0,0.740075988769531,1.63,0,-5400.2158203125
100000000000000000000002,1,922625000,0,-45,4.23378697456437,0,0,0.740075988769531,1.63,0,-5400.2158203125
100000000000000000000003,1,922625000,0,-45,2.80411688025495,0,0,0.740075988769531,1.63,0,-5400.2158203125
E00000000000000000002005,1,922625000,0,-61.5,1.97576725479671,0,0,0.740075988769531,1.63,0,-5400.2158203125
100000000000000000000001,1,922625000,0,-46.5,3.09250526837745,0,0,0.740075988769531,1.63,0,-5400.2158203125
100000000000000000000003,1,922625000,0,-45,2.79798095710341,0,0,0.740075988769531,1.63,0,-5400.2158203125
100000000000000000000002,1,922625000,0,-45,4.22765105141283,0,0,0.740075988769531,1.63,0,-5400.2158203125
100000000000000000000000,1,922625000,0,-48.5,2.20279641140378,0,0,0.740075988769531,1.63,0,-5400.2158203125
E00000000000000000002005,1,922625000,0,-61.5,1.95122356219054,0,0,0.740075988769531,1.63,0,-5400.2158203125
100000000000000000000004,1,922625000,0,-46.5,4.56512682474767,0,0,0.740075988769531,1.63,0,-5400.2158203125
100000000000000000000001,1,922625000,0,-46.5,3.098641191529,0,0,0.740075988769531,1.63,0,-5400.2158203125
100000000000000000000002,1,922625000,0,-45,4.22765105141283,0,0,0.740075988769531,1.63,0,-5400.2158203125
100000000000000000000000,1,922625000,0,-48.5,2.19666048825224,0,0,0.740075988769531,1.63,0,-5400.2158203125
E00000000000000000002005,1,922625000,0,-61.5,1.93895171588745,0,0,0.740075988769531,1.63,0,-5400.2158203125
100000000000000000000003,1,922625000,0,-45,2.80411688025495,0,0,0.740075988769531,1.63,0,-5400.2158203125
100000000000000000000004,1,922625000,0,-46.5,4.57126274789921,0,0,0.740075988769531,1.63,0,-5400.2158203125
100000000000000000000000,1,922625000,0,-48.5,2.22120418085841,0,0,0.740075988769531,1.63,0,-5400.2158203125
100000000000000000000004,1,922625000,0,-46.5,4.57126274789921,0,0,0.740075988769531,1.63,0,-5400.2158203125
100000000000000000000001,1,922625000,0,-46.5,3.08636934522591,0,0,0.740075988769531,1.63,0,-5400.2158203125
100000000000000000000003,1,922625000,0,-45,2.79184503395187,0,0,0.740075988769531,1.63,0,-5400.2158203125
100000000000000000000002,1,922625000,0,-45,4.23378697456437,0,0,0.740075988769531,1.63,0,-5400.2158203125
E00000000000000000002005,1,922625000,0,-61,1.89600025382665,0,0,0.740075988769531,1.63,0,-5400.2158203125
100000000000000000000001,1,922625000,0,-46.5,3.08636934522591,0,0,0.740075988769531,1.63,0,-5400.2158203125
E00000000000000000002005,1,922625000,0,-61.5,1.91440802328128,0,0,0.740075988769531,1.63,0,-5400.2158203125
100000000000000000000002,1,922625000,0,-44.5,4.23378697456437,0,0,0.740075988769531,1.63,0,-5400.2158203125
100000000000000000000000,1,922625000,0,-48.5,2.21506825770687,0,0,0.740075988769531,1.63,0,-5400.2158203125
100000000000000000000004,1,922625000,0,-46.5,4.56512682474767,0,0,0.740075988769531,1.63,0,-5400.2158203125
100000000000000000000003,1,922625000,0,-45,2.78570911080032,0,0,0.740075988769531,1.63,0,-5400.2158203125
100000000000000000000000,1,922625000,0,-48.5,2.22120418085841,0,0,0.740075988769531,1.63,0,-5400.2158203125
100000000000000000000002,1,922625000,0,-45,4.23378697456437,0,0,0.740075988769531,1.63,0,-5400.2158203125
100000000000000000000003,1,922625000,0,-45,2.81025280340649,0,0,0.740075988769531,1.63,0,-5400.2158203125
E00000000000000000002005,1,922625000,0,-61,1.95122356219054,0,0,0.740075988769531,1.63,0,-5400.2158203125
100000000000000000000001,1,922625000,0,-46.5,3.09250526837745,0,0,0.740075988769531,1.63,0,-5400.2158203125
100000000000000000000004,1,922625000,0,-46.5,4.56512682474767,0,0,0.740075988769531,1.63,0,-5400.2158203125
100000000000000000000001,1,922625000,0,-46.5,3.10477711468054,0,0,0.740075988769531,1.63,0,-5400.2158203125
100000000000000000000003,1,922625000,0,-45,2.80411688025495,0,0,0.740075988769531,1.63,0,-5400.2158203125
E00000000000000000002005,1,922625000,0,-61.5,1.92054394643282,0,0,0.740075988769531,1.63,0,-5400.2158203125
100000000000000000000000,1,922625000,0,-48.5,2.21506825770687,0,0,0.740075988769531,1.63,0,-5400.2158203125
100000000000000000000002,1,922625000,0,-45,4.23378697456437,0,0,0.740075988769531,1.63,0,-5400.2158203125
100000000000000000000004,1,922625000,0,-46.5,4.57739867105075,0,0,0.740075988769531,1.63,0,-5400.2158203125
E00000000000000000002005,1,922625000,0,-61.5,1.84691286861431,0,0,0.740075988769531,1.63,0,-5400.2158203125
100000000000000000000002,1,922625000,0,-45,4.23378697456437,0,0,0.740075988769531,1.63,0,-5400.2158203125
100000000000000000000003,1,922625000,0,-45,2.80411688025495,0,0,0.740075988769531,1.63,0,-5400.2158203125
100000000000000000000001,1,922625000,0,-46.5,3.09250526837745,0,0,0.740075988769531,1.63,0,-5400.2158203125
100000000000000000000000,1,922625000,0,-48.5,2.20893233455532,0,0,0.740075988769531,1.63,0,-5400.2158203125
100000000000000000000004,1,922625000,0,-46.5,4.56512682474767,0,0,0.740075988769531,1.63,0,-5400.2158203125
E00000000000000000002005,1,922625000,0,-61.5,1.93281579273591,0,0,0.740075988769531,1.63,0,-5400.2158203125
100000000000000000000004,1,922625000,0,-46.5,4.56512682474767,0,0,0.740075988769531,1.63,0,-5400.2158203125
100000000000000000000001,1,922625000,0,-46.5,3.09250526837745,0,0,0.740075988769531,1.63,0,-5400.2158203125
100000000000000000000003,1,922625000,0,-45,2.79798095710341,0,0,0.740075988769531,1.63,0,-5400.2158203125
100000000000000000000000,1,922625000,0,-48.5,2.20893233455532,0,0,0.740075988769531,1.63,0,-5400.2158203125
100000000000000000000002,1,922625000,0,-45,4.22765105141283,0,0,0.740075988769531,1.63,0,-5400.2158203125
100000000000000000000001,1,922625000,0,-46.5,3.09250526837745,0,0,0.740075988769531,1.63,0,-5400.2158203125
100000000000000000000002,1,922625000,0,-45,4.23992289771591,0,0,0.740075988769531,1.63,0,-5400.2158203125
100000000000000000000003,1,922625000,0,-45,2.80411688025495,0,0,0.740075988769531,1.63,0,-5400.2158203125
100000000000000000000000,1,922625000,0,-48.5,2.17825271879761,0,0,0.740075988769531,1.63,0,-5400.2158203125
E00000000000000000002005,1,922625000,0,-61.5,1.9021361769782,0,0,0.740075988769531,1.63,0,-5400.2158203125
100000000000000000000004,1,922625000,0,-46.5,4.56512682474767,0,0,0.740075988769531,1.63,0,-5400.2158203125
E00000000000000000002005,1,922625000,0,-61,1.92054394643282,0,0,0.740075988769531,1.63,0,-5400.2158203125
100000000000000000000001,1,922625000,0,-46.5,3.098641191529,0,0,0.740075988769531,1.63,0,-5400.2158203125
100000000000000000000002,1,922625000,0,-45,4.22151512826128,0,0,0.740075988769531,1.63,0,-5400.2158203125
100000000000000000000004,1,922625000,0,-46.5,4.57739867105075,0,0,0.740075988769531,1.63,0,-5400.2158203125
100000000000000000000003,1,922625000,0,-45,2.81638872655804,0,0,0.740075988769531,1.63,0,-5400.2158203125
100000000000000000000000,1,922625000,0,-48.5,2.21506825770687,0,0,0.740075988769531,1.63,0,-5400.2158203125
100000000000000000000004,1,922625000,0,-46.5,4.57126274789921,0,0,0.740075988769531,1.63,0,-5400.2158203125
100000000000000000000002,1,922625000,0,-45,4.22765105141283,0,0,0.740075988769531,1.63,0,-5400.2158203125
100000000000000000000003,1,922625000,0,-45,2.79184503395187,0,0,0.740075988769531,1.63,0,-5400.2158203125
100000000000000000000001,1,922625000,0,-46.5,3.098641191529,0,0,0.740075988769531,1.63,0,-5400.2158203125
E00000000000000000002005,1,922625000,0,-61.5,1.87145656122048,0,0,0.740075988769531,1.63,0,-5400.2158203125
100000000000000000000000,1,922625000,0,-48.5,2.19666048825224,0,0,0.740075988769531,1.63,0,-5400.2158203125
100000000000000000000001,1,922625000,0,-46.5,3.098641191529,0,0,0.740075988769531,1.63,0,-5400.2158203125
100000000000000000000002,1,922625000,0,-45,4.23378697456437,0,0,0.740075988769531,1.63,0,-5400.2158203125
E00000000000000000002005,1,922625000,0,-61.5,1.8591847149174,0,0,0.740075988769531,1.63,0,-5400.2158203125
100000000000000000000003,1,922625000,0,-45,2.80411688025495,0,0,0.740075988769531,1.63,0,-5400.2158203125
100000000000000000000000,1,922625000,0,-48.5,2.22120418085841,0,0,0.740075988769531,1.63,0,-5400.2158203125
100000000000000000000004,1,922625000,0,-46.5,4.5835345942023,0,0,0.740075988769531,1.63,0,-5400.2158203125
100000000000000000000002,1,922625000,0,-45,4.24605882086745,0,0,0.740075988769531,1.63,0,-5400.2158203125
100000000000000000000004,1,922625000,0,-46.5,4.55899090159613,0,0,0.740075988769531,1.63,0,-5400.2158203125
100000000000000000000001,1,922625000,0,-46.5,3.098641191529,0,0,0.740075988769531,1.63,0,-5400.2158203125
100000000000000000000003,1,922625000,0,-45,2.81025280340649,0,0,0.740075988769531,1.63,0,-5400.2158203125
E00000000000000000002005,1,922625000,0,-61.5,1.92054394643282,0,0,0.740075988769531,1.63,0,-5400.2158203125
100000000000000000000000,1,922625000,0,-48.5,2.22734010400995,0,0,0.740075988769531,1.63,0,-5400.2158203125
E00000000000000000002005,1,922625000,0,-61.5,1.96349540849362,0,0,0.740075988769531,1.63,0,-5400.2158203125
100000000000000000000003,1,922625000,0,-45,2.79798095710341,0,0,0.740075988769531,1.63,0,-5400.2158203125
100000000000000000000001,1,922625000,0,-46.5,3.10477711468054,0,0,0.740075988769531,1.63,0,-5400.2158203125
100000000000000000000000,1,922625000,0,-48.5,2.22734010400995,0,0,0.740075988769531,1.63,0,-5400.2158203125
100000000000000000000004,1,922625000,0,-46.5,4.57126274789921,0,0,0.740075988769531,1.63,0,-5400.2158203125
100000000000000000000002,1,922625000,0,-45,4.23378697456437,0,0,0.740075988769531,1.63,0,-5400.2158203125
E00000000000000000002005,1,922625000,0,-61.5,1.90827210012974,0,0,0.740075988769531,1.63,0,-5400.2158203125
100000000000000000000000,1,922625000,0,-48.5,2.22734010400995,0,0,0.740075988769531,1.63,0,-5400.2158203125
100000000000000000000003,1,922625000,0,-45,2.78570911080032,0,0,0.740075988769531,1.63,0,-5400.2158203125
100000000000000000000004,1,922625000,0,-46.5,4.57126274789921,0,0,0.740075988769531,1.63,0,-5400.2158203125
100000000000000000000001,1,922625000,0,-46.5,3.11704896098362,0,0,0.740075988769531,1.63,0,-5400.2158203125
100000000000000000000002,1,922625000,0,-45,4.22765105141283,0,0,0.740075988769531,1.63,0,-5400.2158203125
100000000000000000000001,1,922625000,0,-46.5,3.098641191529,0,0,0.740075988769531,1.63,0,-5400.2158203125
E00000000000000000002005,1,922625000,0,-61.5,1.94508763903899,0,0,0.740075988769531,1.63,0,-5400.2158203125
100000000000000000000000,1,922625000,0,-48.5,2.23347602716149,0,0,0.740075988769531,1.63,0,-5400.2158203125
100000000000000000000003,1,922625000,0,-45,2.79184503395187,0,0,0.740075988769531,1.63,0,-5400.2158203125
100000000000000000000002,1,922625000,0,-45,4.23378697456437,0,0,0.740075988769531,1.63,0,-5400.2158203125
100000000000000000000004,1,922625000,0,-46.5,4.57126274789921,0,0,0.740075988769531,1.63,0,-5400.2158203125
100000000000000000000004,1,922625000,0,-46.5,4.57126274789921,0,0,0.740075988769531,1.63,0,-5400.2158203125
100000000000000000000000,1,922625000,0,-48.5,2.20279641140378,0,0,0.740075988769531,1.63,0,-5400.2158203125
100000000000000000000002,1,922625000,0,-45,4.22765105141283,0,0,0.740075988769531,1.63,0,-5400.2158203125
E00000000000000000002005,1,922625000,0,-61.5,2.00644687055442,0,0,0.740075988769531,1.63,0,-5400.2158203125
100000000000000000000001,1,922625000,0,-46.5,3.09250526837745,0,0,0.740075988769531,1.63,0,-5400.2158203125
100000000000000000000003,1,922625000,0,-45,2.79184503395187,0,0,0.740075988769531,1.63,0,-5400.2158203125
100000000000000000000000,1,922625000,0,-48.5,2.23347602716149,0,0,0.740075988769531,1.63,0,-5400.2158203125
100000000000000000000004,1,922625000,0,-46.5,4.57739867105075,0,0,0.740075988769531,1.63,0,-5400.2158203125
100000000000000000000002,1,922625000,0,-45,4.22151512826128,0,0,0.740075988769531,1.63,0,-5400.2158203125
E00000000000000000002005,1,922625000,0,-61.5,1.95122356219054,0,0,0.740075988769531,1.63,0,-5400.2158203125
100000000000000000000001,1,922625000,0,-46.5,3.098641191529,0,0,0.740075988769531,1.63,0,-5400.2158203125
100000000000000000000003,1,922625000,0,-45,2.79798095710341,0,0,0.740075988769531,1.63,0,-5400.2158203125
E00000000000000000002005,1,922625000,0,-62,1.92667986958437,0,0,0.740075988769531,1.63,0,-5400.2158203125
100000000000000000000002,1,922625000,0,-45,4.23378697456437,0,0,0.740075988769531,1.63,0,-5400.2158203125
100000000000000000000001,1,922625000,0,-46.5,3.098641191529,0,0,0.740075988769531,1.63,0,-5400.2158203125
100000000000000000000004,1,922625000,0,-46.5,4.57126274789921,0,0,0.740075988769531,1.63,0,-5400.2158203125
100000000000000000000003,1,922625000,0,-45,2.81025280340649,0,0,0.740075988769531,1.63,0,-5400.2158203125
100000000000000000000000,1,922625000,0,-48.5,2.21506825770687,0,0,0.740075988769531,1.63,0,-5400.2158203125
100000000000000000000004,1,922625000,0,-46.5,4.57126274789921,0,0,0.740075988769531,1.63,0,-5400.2158203125
100000000000000000000000,1,922625000,0,-48.5,2.21506825770687,0,0,0.740075988769531,1.63,0,-5400.2158203125
E00000000000000000002005,1,922625000,0,-61,1.9021361769782,0,0,0.740075988769531,1.63,0,-5400.2158203125
100000000000000000000002,1,922625000,0,-45,4.23992289771591,0,0,0.740075988769531,1.63,0,-5400.2158203125
100000000000000000000003,1,922625000,0,-45,2.79798095710341,0,0,0.740075988769531,1.63,0,-5400.2158203125
100000000000000000000001,1,922625000,0,-46.5,3.08636934522591,0,0,0.740075988769531,1.63,0,-5400.2158203125
100000000000000000000004,1,922625000,0,-46.5,4.55899090159613,0,0,0.740075988769531,1.63,0,-5400.2158203125
100000000000000000000001,1,922625000,0,-46.5,3.07409749892282,0,0,0.740075988769531,1.63,0,-5400.2158203125
100000000000000000000002,1,922625000,0,-44.5,4.22765105141283,0,0,0.740075988769531,1.63,0,-5400.2158203125
100000000000000000000003,1,922625000,0,-45,2.80411688025495,0,0,0.740075988769531,1.63,0,-5400.2158203125
100000000000000000000000,1,922625000,0,-48.5,2.21506825770687,0,0,0.740075988769531,1.63,0,-5400.2158203125
E00000000000000000002005,1,922625000,0,-61.5,1.93281579273591,0,0,0.740075988769531,1.63,0,-5400.2158203125
100000000000000000000001,1,922625000,0,-46.5,3.11091303783208,0,0,0.740075988769531,1.63,0,-5400.2158203125
100000000000000000000003,1,922625000,0,-45,2.80411688025495,0,0,0.740075988769531,1.63,0,-5400.2158203125
100000000000000000000000,1,922625000,0,-48.5,2.22120418085841,0,0,0.740075988769531,1.63,0,-5400.2158203125
E00000000000000000002005,1,922625000,0,-62,1.8591847149174,0,0,0.740075988769531,1.63,0,-5400.2158203125
100000000000000000000002,1,922625000,0,-44.5,4.22765105141283,0,0,0.740075988769531,1.63,0,-5400.2158203125
100000000000000000000004,1,922625000,0,-46.5,4.55899090159613,0,0,0.740075988769531,1.63,0,-5400.2158203125
100000000000000000000000,1,922625000,0,-48.5,2.20893233455532,0,0,0.740075988769531,1.63,0,-5400.2158203125
E00000000000000000002005,1,922625000,0,-61.5,1.99417502425133,0,0,0.740075988769531,1.63,0,-5400.2158203125
100000000000000000000004,1,922625000,0,-46.5,4.56512682474767,0,0,0.740075988769531,1.63,0,-5400.2158203125
100000000000000000000001,1,922625000,0,-46.5,3.08023342207437,0,0,0.740075988769531,1.63,0,-5400.2158203125
100000000000000000000002,1,922625000,0,-45,4.22765105141283,0,0,0.740075988769531,1.63,0,-5400.2158203125
100000000000000000000003,1,922625000,0,-45,2.80411688025495,0,0,0.740075988769531,1.63,0,-5400.2158203125
E00000000000000000002005,1,922625000,0,-61.5,1.93281579273591,0,0,0.740075988769531,1.63,0,-5400.2158203125
100000000000000000000001,1,922625000,0,-46.5,3.098641191529,0,0,0.740075988769531,1.63,0,-5400.2158203125
100000000000000000000003,1,922625000,0,-45,2.80411688025495,0,0,0.740075988769531,1.63,0,-5400.2158203125
100000000000000000000004,1,922625000,0,-46.5,4.57739867105075,0,0,0.740075988769531,1.63,0,-5400.2158203125
100000000000000000000002,1,922625000,0,-45,4.23378697456437,0,0,0.740075988769531,1.63,0,-5400.2158203125
100000000000000000000000,1,922625000,0,-48.5,2.20893233455532,0,0,0.740075988769531,1.63,0,-5400.2158203125
100000000000000000000000,1,923125000,0,-49,2.49732072267782,0,0,0.740075988769531,1.63,0,-5400.2158203125
100000000000000000000002,1,923125000,0,-45,4.46695205432299,0,0,0.740075988769531,1.63,0,-5400.2158203125
100000000000000000000001,1,923125000,0,-46,3.36248588704533,0,0,0.740075988769531,1.63,0,-5400.2158203125
100000000000000000000003,1,923125000,0,-45.5,3.06182565261974,0,0,0.740075988769531,1.63,0,-5400.2158203125
100000000000000000000004,1,923125000,0,-47,4.81669967396091,0,0,0.740075988769531,1.63,0,-5400.2158203125
E00000000000000000002005,1,923125000,0,-62,2.41755372170777,0,0,0.740075988769531,1.63,0,-5400.2158203125
100000000000000000000001,1,923125000,0,-46,3.36862181019687,0,0,0.740075988769531,1.63,0,-5400.2158203125
100000000000000000000002,1,923125000,0,-45,4.46695205432299,0,0,0.740075988769531,1.63,0,-5400.2158203125
100000000000000000000000,1,923125000,0,-49,2.48504887637474,0,0,0.740075988769531,1.63,0,-5400.2158203125
100000000000000000000003,1,923125000,0,-45,3.0556897294682,0,0,0.740075988769531,1.63,0,-5400.2158203125
100000000000000000000004,1,923125000,0,-47,4.80442782765783,0,0,0.740075988769531,1.63,0,-5400.2158203125
100000000000000000000002,1,923125000,0,-44.5,4.46695205432299,0,0,0.740075988769531,1.63,0,-5400.2158203125
100000000000000000000000,1,923125000,0,-49,2.44209741431394,0,0,0.740075988769531,1.63,0,-5400.2158203125
100000000000000000000004,1,923125000,0,-47,4.79829190450629,0,0,0.740075988769531,1.63,0,-5400.2158203125
100000000000000000000003,1,923125000,0,-45.5,3.06182565261974,0,0,0.740075988769531,1.63,0,-5400.2158203125
100000000000000000000001,1,923125000,0,-46,3.37475773334841,0,0,0.740075988769531,1.63,0,-5400.2158203125
E00000000000000000002005,1,923125000,0,-61.5,2.40528187540469,0,0,0.740075988769531,1.63,0,-5400.2158203125
100000000000000000000004,1,923125000,0,-47,4.76147636559703,0,0,0.740075988769531,1.63,0,-5400.2158203125
100000000000000000000002,1,923125000,0,-44.5,4.47308797747453,0,0,0.740075988769531,1.63,0,-5400.2158203125
100000000000000000000003,1,923125000,0,-45,3.04955380631665,0,0,0.740075988769531,1.63,0,-5400.2158203125
E00000000000000000002005,1,923125000,0,-61.5,2.27029156607075,0,0,0.740075988769531,1.63,0,-5400.2158203125
100000000000000000000001,1,923125000,0,-46,3.35634996389378,0,0,0.740075988769531,1.63,0,-5400.2158203125
100000000000000000000000,1,923125000,0,-49,2.45436926061703,0,0,0.740075988769531,1.63,0,-5400.2158203125
100000000000000000000000,1,923125000,0,-49,2.47277703007165,0,0,0.740075988769531,1.63,0,-5400.2158203125
100000000000000000000003,1,923125000,0,-45,3.0556897294682,0,0,0.740075988769531,1.63,0,-5400.2158203125
100000000000000000000002,1,923125000,0,-44.5,4.47922390062607,0,0,0.740075988769531,1.63,0,-5400.2158203125
100000000000000000000001,1,923125000,0,-46.5,3.37475773334841,0,0,0.740075988769531,1.63,0,-5400.2158203125
100000000000000000000004,1,923125000,0,-47,4.7860200582032,0,0,0.740075988769531,1.63,0,-5400.2158203125
E00000000000000000002005,1,923125000,0,-61.5,2.33778672073772,0,0,0.740075988769531,1.63,0,-5400.2158203125
E00000000000000000002005,1,923125000,0,-62,2.38687410595006,0,0,0.740075988769531,1.63,0,-5400.2158203125
100000000000000000000002,1,923125000,0,-44.5,4.48535982377761,0,0,0.740075988769531,1.63,0,-5400.2158203125
100000000000000000000004,1,923125000,0,-47,4.71238898038469,0,0,0.740075988769531,1.63,0,-5400.2158203125
100000000000000000000000,1,923125000,0,-49,2.45436926061703,0,0,0.740075988769531,1.63,0,-5400.2158203125
100000000000000000000001,1,923125000,0,-46,3.36862181019687,0,0,0.740075988769531,1.63,0,-5400.2158203125
100000000000000000000003,1,923125000,0,-45.5,3.04955380631665,0,0,0.740075988769531,1.63,0,-5400.2158203125
100000000000000000000002,1,923125000,0,-44.5,4.44854428486836,0,0,0.740075988769531,1.63,0,-5400.2158203125
100000000000000000000003,1,923125000,0,-45.5,3.0556897294682,0,0,0.740075988769531,1.63,0,-5400.2158203125
100000000000000000000004,1,923125000,0,-47,4.77988413505166,0,0,0.740075988769531,1.63,0,-5400.2158203125
100000000000000000000001,1,923125000,0,-46,3.37475773334841,0,0,0.740075988769531,1.63,0,-5400.2158203125
100000000000000000000000,1,923125000,0,-48.5,2.49118479952628,0,0,0.740075988769531,1.63,0,-5400.2158203125
E00000000000000000002005,1,923125000,0,-62,2.34392264388926,0,0,0.740075988769531,1.63,0,-5400.2158203125
100000000000000000000001,1,923125000,0,-46,3.35021404074224,0,0,0.740075988769531,1.63,0,-5400.2158203125
100000000000000000000003,1,923125000,0,-45.5,3.04341788316511,0,0,0.740075988769531,1.63,0,-5400.2158203125
100000000000000000000002,1,923125000,0,-45,4.44854428486836,0,0,0.740075988769531,1.63,0,-5400.2158203125
100000000000000000000004,1,923125000,0,-47,4.79829190450629,0,0,0.740075988769531,1.63,0,-5400.2158203125
E00000000000000000002005,1,923125000,0,-62,2.42982556801086,0,0,0.740075988769531,1.63,0,-5400.2158203125
100000000000000000000000,1,923125000,0,-49,2.49118479952628,0,0,0.740075988769531,1.63,0,-5400.2158203125
100000000000000000000001,1,923125000,0,-46,3.3870295796515,0,0,0.740075988769531,1.63,0,-5400.2158203125
100000000000000000000000,1,923125000,0,-49,2.46050518376857,0,0,0.740075988769531,1.63,0,-5400.2158203125
100000000000000000000004,1,923125000,0,-47,4.81056375080937,0,0,0.740075988769531,1.63,0,-5400.2158203125
100000000000000000000003,1,923125000,0,-45.5,3.0556897294682,0,0,0.740075988769531,1.63,0,-5400.2158203125
100000000000000000000002,1,923125000,0,-44.5,4.46081613117144,0,0,0.740075988769531,1.63,0,-5400.2158203125
E00000000000000000002005,1,923125000,0,-62,2.38687410595006,0,0,0.740075988769531,1.63,0,-5400.2158203125
100000000000000000000002,1,923125000,0,-44.5,4.46695205432299,0,0,0.740075988769531,1.63,0,-5400.2158203125
100000000000000000000003,1,923125000,0,-45,3.04955380631665,0,0,0.740075988769531,1.63,0,-5400.2158203125
100000000000000000000000,1,923125000,0,-49,2.4789129532232,0,0,0.740075988769531,1.63,0,-5400.2158203125
100000000000000000000001,1,923125000,0,-46.5,3.37475773334841,0,0,0.740075988769531,1.63,0,-5400.2158203125
100000000000000000000004,1,923125000,0,-46.5,4.7860200582032,0,0,0.740075988769531,1.63,0,-5400.2158203125
E00000000000000000002005,1,923125000,0,-61.5,2.30710710498,0,0,0.740075988769531,1.63,0,-5400.2158203125
100000000000000000000002,1,923125000,0,-44.5,4.47308797747453,0,0,0.740075988769531,1.63,0,-5400.2158203125
100000000000000000000004,1,923125000,0,-47,4.81056375080937,0,0,0.740075988769531,1.63,0,-5400.2158203125
100000000000000000000000,1,923125000,0,-49,2.46664110692011,0,0,0.740075988769531,1.63,0,-5400.2158203125
100000000000000000000003,1,923125000,0,-45.5,3.06182565261974,0,0,0.740075988769531,1.63,0,-5400.2158203125
E00000000000000000002005,1,923125000,0,-62,2.34392264388926,0,0,0.740075988769531,1.63,0,-5400.2158203125
100000000000000000000001,1,923125000,0,-46.5,3.35021404074224,0,0,0.740075988769531,1.63,0,-5400.2158203125
E00000000000000000002005,1,923125000,0,-62,2.50959256898091,0,0,0.740075988769531,1.63,0,-5400.2158203125
100000000000000000000001,1,923125000,0,-46,3.36248588704533,0,0,0.740075988769531,1.63,0,-5400.2158203125
100000000000000000000002,1,923125000,0,-44.5,4.47308797747453,0,0,0.740075988769531,1.63,0,-5400.2158203125
100000000000000000000003,1,923125000,0,-45.5,3.06796157577128,0,0,0.740075988769531,1.63,0,-5400.2158203125
100000000000000000000000,1,923125000,0,-49,2.47277703007165,0,0,0.740075988769531,1.63,0,-5400.2158203125
100000000000000000000004,1,923125000,0,-47,4.79215598135474,0,0,0.740075988769531,1.63,0,-5400.2158203125
100000000000000000000004,1,923125000,0,-47,4.79829190450629,0,0,0.740075988769531,1.63,0,-5400.2158203125
100000000000000000000000,1,923125000,0,-49,2.44209741431394,0,0,0.740075988769531,1.63,0,-5400.2158203125
100000000000000000000001,1,923125000,0,-46.5,3.39316550280304,0,0,0.740075988769531,1.63,0,-5400.2158203125
E00000000000000000002005,1,923125000,0,-62,2.28869933552538,0,0,0.740075988769531,1.63,0,-5400.2158203125
100000000000000000000003,1,923125000,0,-45.5,3.07409749892282,0,0,0.740075988769531,1.63,0,-5400.2158203125
100000000000000000000002,1,923125000,0,-44.5,4.4546802080199,0,0,0.740075988769531,1.63,0,-5400.2158203125
100000000000000000000001,1,923125000,0,-46,3.36862181019687,0,0,0.740075988769531,1.63,0,-5400.2158203125
100000000000000000000002,1,923125000,0,-45,4.48535982377761,0,0,0.740075988769531,1.63,0,-5400.2158203125
100000000000000000000003,1,923125000,0,-45.5,3.06182565261974,0,0,0.740075988769531,1.63,0,-5400.2158203125
100000000000000000000004,1,923125000,0,-47,4.81056375080937,0,0,0.740075988769531,1.63,0,-5400.2158203125
E00000000000000000002005,1,923125000,0,-62,2.31324302813155,0,0,0.740075988769531,1.63,0,-5400.2158203125
100000000000000000000000,1,923125000,0,-49,2.49732072267782,0,0,0.740075988769531,1.63,0,-5400.2158203125
100000000000000000000003,1,923125000,0,-45.5,3.06796157577128,0,0,0.740075988769531,1.63,0,-5400.2158203125
100000000000000000000001,1,923125000,0,-46,3.36862181019687,0,0,0.740075988769531,1.63,0,-5400.2158203125
100000000000000000000004,1,923125000,0,-47,4.80442782765783,0,0,0.740075988769531,1.63,0,-5400.2158203125
100000000000000000000002,1,923125000,0,-44.5,4.44854428486836,0,0,0.740075988769531,1.63,0,-5400.2158203125
E00000000000000000002005,1,923125000,0,-62,2.36233041334389,0,0,0.740075988769531,1.63,0,-5400.2158203125
100000000000000000000000,1,923125000,0,-49,2.49118479952628,0,0,0.740075988769531,1.63,0,-5400.2158203125
100000000000000000000004,1,923125000,0,-47,4.80442782765783,0,0,0.740075988769531,1.63,0,-5400.2158203125
E00000000000000000002005,1,923125000,0,-62,2.28869933552538,0,0,0.740075988769531,1.63,0,-5400.2158203125
100000000000000000000002,1,923125000,0,-44.5,4.47308797747453,0,0,0.740075988769531,1.63,0,-5400.2158203125
100000000000000000000003,1,923125000,0,-45.5,3.07409749892282,0,0,0.740075988769531,1.63,0,-5400.2158203125
100000000000000000000001,1,923125000,0,-46,3.38089365649995,0,0,0.740075988769531,1.63,0,-5400.2158203125
100000000000000000000000,1,923125000,0,-49,2.46664110692011,0,0,0.740075988769531,1.63,0,-5400.2158203125
100000000000000000000000,1,923125000,0,-48.5,2.45436926061703,0,0,0.740075988769531,1.63,0,-5400.2158203125
100000000000000000000002,1,923125000,0,-44.5,4.46695205432299,0,0,0.740075988769531,1.63,0,-5400.2158203125
100000000000000000000001,1,923125000,0,-46,3.37475773334841,0,0,0.740075988769531,1.63,0,-5400.2158203125
100000000000000000000004,1,923125000,0,-46.5,4.79215598135474,0,0,0.740075988769531,1.63,0,-5400.2158203125
100000000000000000000003,1,923125000,0,-45.5,3.0556897294682,0,0,0.740075988769531,1.63,0,-5400.2158203125
E00000000000000000002005,1,923125000,0,-62,2.3930100291016,0,0,0.740075988769531,1.63,0,-5400.2158203125
100000000000000000000000,1,923125000,0,-49,2.50959256898091,0,0,0.740075988769531,1.63,0,-5400.2158203125
100000000000000000000004,1,923125000,0,-47,4.81056375080937,0,0,0.740075988769531,1.63,0,-5400.2158203125
100000000000000000000002,1,923125000,0,-44.5,4.48535982377761,0,0,0.740075988769531,1.63,0,-5400.2158203125
100000000000000000000001,1,923125000,0,-46,3.38089365649995,0,0,0.740075988769531,1.63,0,-5400.2158203125
100000000000000000000003,1,923125000,0,-45,3.06182565261974,0,0,0.740075988769531,1.63,0,-5400.2158203125
E00000000000000000002005,1,923125000,0,-62,2.3930100291016,0,0,0.740075988769531,1.63,0,-5400.2158203125
100000000000000000000004,1,923125000,0,-47,4.79829190450629,0,0,0.740075988769531,1.63,0,-5400.2158203125
100000000000000000000002,1,923125000,0,-44.5,4.47308797747453,0,0,0.740075988769531,1.63,0,-5400.2158203125
100000000000000000000001,1,923125000,0,-46,3.38089365649995,0,0,0.740075988769531,1.63,0,-5400.2158203125
100000000000000000000003,1,923125000,0,-45.5,3.06796157577128,0,0,0.740075988769531,1.63,0,-5400.2158203125
100000000000000000000000,1,923125000,0,-49,2.46664110692011,0,0,0.740075988769531,1.63,0,-5400.2158203125
E00000000000000000002005,1,923125000,0,-61.5,2.38073818279852,0,0,0.740075988769531,1.63,0,-5400.2158203125
100000000000000000000000,1,923125000,0,-49,2.47277703007165,0,0,0.740075988769531,1.63,0,-5400.2158203125
100000000000000000000002,1,923125000,0,-44.5,4.46695205432299,0,0,0.740075988769531,1.63,0,-5400.2158203125
100000000000000000000001,1,923125000,0,-46,3.38089365649995,0,0,0.740075988769531,1.63,0,-5400.2158203125
100000000000000000000004,1,923125000,0,-47,4.77988413505166,0,0,0.740075988769531,1.63,0,-5400.2158203125
E00000000000000000002005,1,923125000,0,-61.5,2.30710710498,0,0,0.740075988769531,1.63,0,-5400.2158203125
100000000000000000000003,1,923125000,0,-45.5,3.0556897294682,0,0,0.740075988769531,1.63,0,-5400.2158203125
E00000000000000000002005,1,923125000,0,-62,2.28256341237383,0,0,0.740075988769531,1.63,0,-5400.2158203125
100000000000000000000002,1,923125000,0,-44.5,4.47308797747453,0,0,0.740075988769531,1.63,0,-5400.2158203125
100000000000000000000001,1,923125000,0,-46,3.39316550280304,0,0,0.740075988769531,1.63,0,-5400.2158203125
100000000000000000000000,1,923125000,0,-49,2.50345664582937,0,0,0.740075988769531,1.63,0,-5400.2158203125
100000000000000000000003,1,923125000,0,-45.5,3.0556897294682,0,0,0.740075988769531,1.63,0,-5400.2158203125
100000000000000000000004,1,923125000,0,-47,4.76761228874857,0,0,0.740075988769531,1.63,0,-5400.2158203125
100000000000000000000004,1,923125000,0,-47,4.7860200582032,0,0,0.740075988769531,1.63,0,-5400.2158203125
100000000000000000000000,1,923125000,0,-49,2.49118479952628,0,0,0.740075988769531,1.63,0,-5400.2158203125
100000000000000000000001,1,923125000,0,-46,3.3440781175907,0,0,0.740075988769531,1.63,0,-5400.2158203125
100000000000000000000002,1,923125000,0,-44.5,4.48535982377761,0,0,0.740075988769531,1.63,0,-5400.2158203125
100000000000000000000003,1,923125000,0,-45.5,3.06182565261974,0,0,0.740075988769531,1.63,0,-5400.2158203125
100000000000000000000003,1,923125000,0,-45.5,3.06182565261974,0,0,0.740075988769531,1.63,0,-5400.2158203125
E00000000000000000002005,1,923125000,0,-62,2.46664110692011,0,0,0.740075988769531,1.63,0,-5400.2158203125
100000000000000000000004,1,923125000,0,-47,4.80442782765783,0,0,0.740075988769531,1.63,0,-5400.2158203125
100000000000000000000000,1,923125000,0,-49,2.45436926061703,0,0,0.740075988769531,1.63,0,-5400.2158203125
100000000000000000000001,1,923125000,0,-46,3.3870295796515,0,0,0.740075988769531,1.63,0,-5400.2158203125
100000000000000000000002,1,923125000,0,-44.5,4.46081613117144,0,0,0.740075988769531,1.63,0,-5400.2158203125
E00000000000000000002005,1,923125000,0,-62,2.36233041334389,0,0,0.740075988769531,1.63,0,-5400.2158203125
100000000000000000000002,1,923125000,0,-45,4.46695205432299,0,0,0.740075988769531,1.63,0,-5400.2158203125
100000000000000000000004,1,923125000,0,-47,4.79215598135474,0,0,0.740075988769531,1.63,0,-5400.2158203125
100000000000000000000003,1,923125000,0,-45.5,3.06796157577128,0,0,0.740075988769531,1.63,0,-5400.2158203125
100000000000000000000000,1,923125000,0,-49,2.49118479952628,0,0,0.740075988769531,1.63,0,-5400.2158203125
100000000000000000000001,1,923125000,0,-46,3.38089365649995,0,0,0.740075988769531,1.63,0,-5400.2158203125
100000000000000000000004,1,923125000,0,-47,4.80442782765783,0,0,0.740075988769531,1.63,0,-5400.2158203125
100000000000000000000003,1,923125000,0,-45,3.06796157577128,0,0,0.740075988769531,1.63,0,-5400.2158203125
100000000000000000000000,1,923125000,0,-49,2.45436926061703,0,0,0.740075988769531,1.63,0,-5400.2158203125
100000000000000000000001,1,923125000,0,-46,3.36862181019687,0,0,0.740075988769531,1.63,0,-5400.2158203125
100000000000000000000002,1,923125000,0,-44.5,4.48535982377761,0,0,0.740075988769531,1.63,0,-5400.2158203125
E00000000000000000002005,1,923125000,0,-62,2.28256341237383,0,0,0.740075988769531,1.63,0,-5400.2158203125
100000000000000000000000,1,923125000,0,-49,2.46664110692011,0,0,0.740075988769531,1.63,0,-5400.2158203125
100000000000000000000003,1,923125000,0,-45.5,3.06182565261974,0,0,0.740075988769531,1.63,0,-5400.2158203125
100000000000000000000002,1,923125000,0,-44.5,4.47308797747453,0,0,0.740075988769531,1.63,0,-5400.2158203125
100000000000000000000004,1,923125000,0,-47,4.82283559711246,0,0,0.740075988769531,1.63,0,-5400.2158203125
100000000000000000000001,1,923125000,0,-46,3.39930142595458,0,0,0.740075988769531,1.63,0,-5400.2158203125
E00000000000000000002005,1,923125000,0,-62,2.38073818279852,0,0,0.740075988769531,1.63,0,-5400.2158203125
100000000000000000000001,1,923125000,0,-46,3.37475773334841,0,0,0.740075988769531,1.63,0,-5400.2158203125
100000000000000000000003,1,923125000,0,-45.5,3.06796157577128,0,0,0.740075988769531,1.63,0,-5400.2158203125
100000000000000000000002,1,923125000,0,-45,4.49149574692916,0,0,0.740075988769531,1.63,0,-5400.2158203125
100000000000000000000004,1,923125000,0,-46.5,4.81056375080937,0,0,0.740075988769531,1.63,0,-5400.2158203125
E00000000000000000002005,1,923125000,0,-62.5,2.48504887637474,0,0,0.740075988769531,1.63,0,-5400.2158203125
100000000000000000000000,1,923125000,0,-49,2.49732072267782,0,0,0.740075988769531,1.63,0,-5400.2158203125
100000000000000000000002,1,923125000,0,-45,4.48535982377761,0,0,0.740075988769531,1.63,0,-5400.2158203125
100000000000000000000000,1,923125000,0,-49,2.4789129532232,0,0,0.740075988769531,1.63,0,-5400.2158203125
100000000000000000000001,1,923125000,0,-46,3.38089365649995,0,0,0.740075988769531,1.63,0,-5400.2158203125
100000000000000000000004,1,923125000,0,-47,4.79829190450629,0,0,0.740075988769531,1.63,0,-5400.2158203125
100000000000000000000003,1,923125000,0,-45.5,3.06182565261974,0,0,0.740075988769531,1.63,0,-5400.2158203125
100000000000000000000002,1,923125000,0,-44.5,4.46695205432299,0,0,0.740075988769531,1.63,0,-5400.2158203125
100000000000000000000003,1,923125000,0,-45.5,3.06796157577128,0,0,0.740075988769531,1.63,0,-5400.2158203125
100000000000000000000001,1,923125000,0,-46,3.3870295796515,0,0,0.740075988769531,1.63,0,-5400.2158203125
100000000000000000000004,1,923125000,0,-47,4.80442782765783,0,0,0.740075988769531,1.63,0,-5400.2158203125
100000000000000000000000,1,923125000,0,-49,2.50959256898091,0,0,0.740075988769531,1.63,0,-5400.2158203125
100000000000000000000003,1,923125000,0,-45.5,3.0556897294682,0,0,0.740075988769531,1.63,0,-5400.2158203125
100000000000000000000004,1,923125000,0,-47,4.79829190450629,0,0,0.740075988769531,1.63,0,-5400.2158203125
100000000000000000000000,1,923125000,0,-48.5,2.44823333746548,0,0,0.740075988769531,1.63,0,-5400.2158203125
100000000000000000000001,1,923125000,0,-46,3.3870295796515,0,0,0.740075988769531,1.63,0,-5400.2158203125
100000000000000000000002,1,923125000,0,-44.5,4.46081613117144,0,0,0.740075988769531,1.63,0,-5400.2158203125
E00000000000000000002005,1,923125000,0,-61.5,2.41141779855623,0,0,0.740075988769531,1.63,0,-5400.2158203125
100000000000000000000003,1,923125000,0,-45,3.0556897294682,0,0,0.740075988769531,1.63,0,-5400.2158203125
E00000000000000000002005,1,923125000,0,-61.5,2.38073818279852,0,0,0.740075988769531,1.63,0,-5400.2158203125
100000000000000000000001,1,923125000,0,-46,3.37475773334841,0,0,0.740075988769531,1.63,0,-5400.2158203125
100000000000000000000004,1,923125000,0,-47,4.7860200582032,0,0,0.740075988769531,1.63,0,-5400.2158203125
100000000000000000000002,1,923125000,0,-44.5,4.47922390062607,0,0,0.740075988769531,1.63,0,-5400.2158203125
100000000000000000000000,1,923125000,0,-49,2.45436926061703,0,0,0.740075988769531,1.63,0,-5400.2158203125
100000000000000000000002,1,923125000,0,-44.5,4.46695205432299,0,0,0.740075988769531,1.63,0,-5400.2158203125
100000000000000000000001,1,923125000,0,-46,3.39316550280304,0,0,0.740075988769531,1.63,0,-5400.2158203125
100000000000000000000000,1,923125000,0,-49,2.50345664582937,0,0,0.740075988769531,1.63,0,-5400.2158203125
100000000000000000000003,1,923125000,0,-45.5,3.06182565261974,0,0,0.740075988769531,1.63,0,-5400.2158203125
100000000000000000000004,1,923125000,0,-46.5,4.79829190450629,0,0,0.740075988769531,1.63,0,-5400.2158203125
E00000000000000000002005,1,923125000,0,-62,2.25188379661612,0,0,0.740075988769531,1.63,0,-5400.2158203125
100000000000000000000003,1,923125000,0,-45.5,3.06796157577128,0,0,0.740075988769531,1.63,0,-5400.2158203125
E00000000000000000002005,1,923125000,0,-62.5,2.40528187540469,0,0,0.740075988769531,1.63,0,-5400.2158203125
100000000000000000000002,1,923125000,0,-44.5,4.47922390062607,0,0,0.740075988769531,1.63,0,-5400.2158203125
100000000000000000000000,1,923125000,0,-48.5,2.50345664582937,0,0,0.740075988769531,1.63,0,-5400.2158203125
100000000000000000000001,1,923125000,0,-46,3.39930142595458,0,0,0.740075988769531,1.63,0,-5400.2158203125
100000000000000000000004,1,923125000,0,-47,4.7860200582032,0,0,0.740075988769531,1.63,0,-5400.2158203125
100000000000000000000001,1,923125000,0,-46,3.36862181019687,0,0,0.740075988769531,1.63,0,-5400.2158203125
E00000000000000000002005,1,923125000,0,-62,2.26415564291921,0,0,0.740075988769531,1.63,0,-5400.2158203125
100000000000000000000002,1,923125000,0,-44.5,4.47308797747453,0,0,0.740075988769531,1.63,0,-5400.2158203125
100000000000000000000004,1,923125000,0,-47,4.80442782765783,0,0,0.740075988769531,1.63,0,-5400.2158203125
100000000000000000000003,1,923125000,0,-45,3.08023342207437,0,0,0.740075988769531,1.63,0,-5400.2158203125
100000000000000000000000,1,923125000,0,-49,2.46664110692011,0,0,0.740075988769531,1.63,0,-5400.2158203125
100000000000000000000002,1,923125000,0,-44.5,4.47922390062607,0,0,0.740075988769531,1.63,0,-5400.2158203125
100000000000000000000004,1,923125000,0,-47,4.81669967396091,0,0,0.740075988769531,1.63,0,-5400.2158203125
100000000000000000000003,1,923125000,0,-45.5,3.06796157577128,0,0,0.740075988769531,1.63,0,-5400.2158203125
100000000000000000000001,1,923125000,0,-46,3.36862181019687,0,0,0.740075988769531,1.63,0,-5400.2158203125
E00000000000000000002005,1,923125000,0,-62,2.38073818279852,0,0,0.740075988769531,1.63,0,-5400.2158203125
100000000000000000000000,1,923125000,0,-49,2.49118479952628,0,0,0.740075988769531,1.63,0,-5400.2158203125
100000000000000000000002,1,923125000,0,-45,4.46695205432299,0,0,0.740075988769531,1.63,0,-5400.2158203125
100000000000000000000001,1,923125000,0,-46,3.3870295796515,0,0,0.740075988769531,1.63,0,-5400.2158203125
100000000000000000000003,1,923125000,0,-45.5,3.03728196001357,0,0,0.740075988769531,1.63,0,-5400.2158203125
100000000000000000000000,1,923125000,0,-49,2.46050518376857,0,0,0.740075988769531,1.63,0,-5400.2158203125
E00000000000000000002005,1,923125000,0,-62,2.32551487443463,0,0,0.740075988769531,1.63,0,-5400.2158203125
100000000000000000000004,1,923125000,0,-47,4.81056375080937,0,0,0.740075988769531,1.63,0,-5400.2158203125
100000000000000000000002,1,923125000,0,-44.5,4.46695205432299,0,0,0.740075988769531,1.63,0,-5400.2158203125
100000000000000000000003,1,923125000,0,-45.5,3.08023342207437,0,0,0.740075988769531,1.63,0,-5400.2158203125
100000000000000000000001,1,923125000,0,-46,3.3870295796515,0,0,0.740075988769531,1.63,0,-5400.2158203125
100000000000000000000004,1,923125000,0,-46.5,4.81056375080937,0,0,0.740075988769531,1.63,0,-5400.2158203125
100000000000000000000000,1,923125000,0,-49,2.49732072267782,0,0,0.740075988769531,1.63,0,-5400.2158203125
E00000000000000000002005,1,923125000,0,-62,2.36233041334389,0,0,0.740075988769531,1.63,0,-5400.2158203125
100000000000000000000003,1,923125000,0,-45.5,3.06182565261974,0,0,0.740075988769531,1.63,0,-5400.2158203125
100000000000000000000000,1,923125000,0,-49,2.50345664582937,0,0,0.740075988769531,1.63,0,-5400.2158203125
E00000000000000000002005,1,923125000,0,-62,2.44209741431394,0,0,0.740075988769531,1.63,0,-5400.2158203125
100000000000000000000001,1,923125000,0,-46,3.39316550280304,0,0,0.740075988769531,1.63,0,-5400.2158203125
100000000000000000000004,1,923125000,0,-47,4.79829190450629,0,0,0.740075988769531,1.63,0,-5400.2158203125
100000000000000000000002,1,923125000,0,-44.5,4.47922390062607,0,0,0.740075988769531,1.63,0,-5400.2158203125
100000000000000000000003,1,923125000,0,-45.5,3.0556897294682,0,0,0.740075988769531,1.63,0,-5400.2158203125
100000000000000000000002,1,923125000,0,-45,4.47308797747453,0,0,0.740075988769531,1.63,0,-5400.2158203125
100000000000000000000001,1,923125000,0,-46,3.35021404074224,0,0,0.740075988769531,1.63,0,-5400.2158203125
100000000000000000000004,1,923125000,0,-47,4.81056375080937,0,0,0.740075988769531,1.63,0,-5400.2158203125
100000000000000000000000,1,923125000,0,-49,2.4789129532232,0,0,0.740075988769531,1.63,0,-5400.2158203125
E00000000000000000002005,1,923125000,0,-62,2.33778672073772,0,0,0.740075988769531,1.63,0,-5400.2158203125
100000000000000000000001,1,923125000,0,-46,3.39316550280304,0,0,0.740075988769531,1.63,0,-5400.2158203125
E00000000000000000002005,1,923125000,0,-61.5,2.31324302813155,0,0,0.740075988769531,1.63,0,-5400.2158203125
100000000000000000000003,1,923125000,0,-45.5,3.06182565261974,0,0,0.740075988769531,1.63,0,-5400.2158203125
100000000000000000000000,1,923125000,0,-49,2.49118479952628,0,0,0.740075988769531,1.63,0,-5400.2158203125
100000000000000000000004,1,923125000,0,-47,4.79829190450629,0,0,0.740075988769531,1.63,0,-5400.2158203125
100000000000000000000002,1,923125000,0,-44.5,4.48535982377761,0,0,0.740075988769531,1.63,0,-5400.2158203125
E00000000000000000002005,1,923125000,0,-62,2.33165079758617,0,0,0.740075988769531,1.63,0,-5400.2158203125
100000000000000000000002,1,923125000,0,-44.5,4.48535982377761,0,0,0.740075988769531,1.63,0,-5400.2158203125
100000000000000000000004,1,923125000,0,-47,4.79829190450629,0,0,0.740075988769531,1.63,0,-5400.2158203125
100000000000000000000003,1,923125000,0,-45.5,3.06796157577128,0,0,0.740075988769531,1.63,0,-5400.2158203125
100000000000000000000001,1,923125000,0,-46,3.38089365649995,0,0,0.740075988769531,1.63,0,-5400.2158203125
100000000000000000000000,1,923125000,0,-49,2.49732072267782,0,0,0.740075988769531,1.63,0,-5400.2158203125
100000000000000000000004,1,923125000,0,-47,4.80442782765783,0,0,0.740075988769531,1.63,0,-5400.2158203125
100000000000000000000002,1,923125000,0,-44.5,4.48535982377761,0,0,0.740075988769531,1.63,0,-5400.2158203125
100000000000000000000003,1,923125000,0,-45.5,3.06182565261974,0,0,0.740075988769531,1.63,0,-5400.2158203125
100000000000000000000000,1,923125000,0,-49,2.50959256898091,0,0,0.740075988769531,1.63,0,-5400.2158203125
100000000000000000000001,1,923125000,0,-46,3.39316550280304,0,0,0.740075988769531,1.63,0,-5400.2158203125
100000000000000000000004,1,923125000,0,-47,4.79215598135474,0,0,0.740075988769531,1.63,0,-5400.2158203125
100000000000000000000002,1,923125000,0,-45,4.47922390062607,0,0,0.740075988769531,1.63,0,-5400.2158203125
100000000000000000000003,1,923125000,0,-45.5,3.07409749892282,0,0,0.740075988769531,1.63,0,-5400.2158203125
100000000000000000000001,1,923125000,0,-46,3.40543734910612,0,0,0.740075988769531,1.63,0,-5400.2158203125
100000000000000000000000,1,923125000,0,-48.5,2.4789129532232,0,0,0.740075988769531,1.63,0,-5400.2158203125
E00000000000000000002005,1,923125000,0,-62.5,2.33165079758617,0,0,0.740075988769531,1.63,0,-5400.2158203125
100000000000000000000002,1,923125000,0,-45,4.50376759323224,0,0,0.740075988769531,1.63,0,-5400.2158203125
100000000000000000000004,1,923125000,0,-47,4.81056375080937,0,0,0.740075988769531,1.63,0,-5400.2158203125
100000000000000000000003,1,923125000,0,-45.5,3.06182565261974,0,0,0.740075988769531,1.63,0,-5400.2158203125
100000000000000000000000,1,923125000,0,-49,2.49732072267782,0,0,0.740075988769531,1.63,0,-5400.2158203125
100000000000000000000001,1,923125000,0,-46,3.38089365649995,0,0,0.740075988769531,1.63,0,-5400.2158203125
E00000000000000000002005,1,923125000,0,-61.5,2.27642748922229,0,0,0.740075988769531,1.63,0,-5400.2158203125
100000000000000000000003,1,923125000,0,-45.5,3.06182565261974,0,0,0.740075988769531,1.63,0,-5400.2158203125
100000000000000000000004,1,923125000,0,-47,4.82283559711246,0,0,0.740075988769531,1.63,0,-5400.2158203125
E00000000000000000002005,1,923125000,0,-61.5,2.26415564291921,0,0,0.740075988769531,1.63,0,-5400.2158203125
100000000000000000000000,1,923125000,0,-49,2.4789129532232,0,0,0.740075988769531,1.63,0,-5400.2158203125
100000000000000000000001,1,923125000,0,-46,3.3870295796515,0,0,0.740075988769531,1.63,0,-5400.2158203125
100000000000000000000002,1,923125000,0,-45,4.48535982377761,0,0,0.740075988769531,1.63,0,-5400.2158203125
100000000000000000000000,1,923125000,0,-48.5,2.50959256898091,0,0,0.740075988769531,1.63,0,-5400.2158203125
100000000000000000000001,1,923125000,0,-46,3.3870295796515,0,0,0.740075988769531,1.63,0,-5400.2158203125
100000000000000000000003,1,923125000,0,-45.5,3.07409749892282,0,0,0.740075988769531,1.63,0,-5400.2158203125
100000000000000000000004,1,923125000,0,-46.5,4.81056375080937,0,0,0.740075988769531,1.63,0,-5400.2158203125
100000000000000000000002,1,923125000,0,-44.5,4.48535982377761,0,0,0.740075988769531,1.63,0,-5400.2158203125
E00000000000000000002005,1,923125000,0,-62,2.45436926061703,0,0,0.740075988769531,1.63,0,-5400.2158203125
100000000000000000000004,1,923125000,0,-47,4.80442782765783,0,0,0.740075988769531,1.63,0,-5400.2158203125
E00000000000000000002005,1,923125000,0,-62,2.20893233455532,0,0,0.740075988769531,1.63,0,-5400.2158203125
100000000000000000000003,1,923125000,0,-45.5,3.08023342207437,0,0,0.740075988769531,1.63,0,-5400.2158203125
100000000000000000000002,1,923125000,0,-45,4.46081613117144,0,0,0.740075988769531,1.63,0,-5400.2158203125
100000000000000000000001,1,923125000,0,-46,3.38089365649995,0,0,0.740075988769531,1.63,0,-5400.2158203125
100000000000000000000000,1,923125000,0,-49,2.46664110692011,0,0,0.740075988769531,1.63,0,-5400.2158203125
100000000000000000000000,1,923125000,0,-49,2.48504887637474,0,0,0.740075988769531,1.63,0,-5400.2158203125
E00000000000000000002005,1,923125000,0,-62,2.42982556801086,0,0,0.740075988769531,1.63,0,-5400.2158203125
100000000000000000000001,1,923125000,0,-46,3.36248588704533,0,0,0.740075988769531,1.63,0,-5400.2158203125
100000000000000000000002,1,923125000,0,-44.5,4.47308797747453,0,0,0.740075988769531,1.63,0,-5400.2158203125
100000000000000000000004,1,923125000,0,-47,4.81056375080937,0,0,0.740075988769531,1.63,0,-5400.2158203125
100000000000000000000003,1,923125000,0,-45.5,3.06796157577128,0,0,0.740075988769531,1.63,0,-5400.2158203125
100000000000000000000002,1,923125000,0,-44.5,4.47922390062607,0,0,0.740075988769531,1.63,0,-5400.2158203125
E00000000000000000002005,1,923125000,0,-61.5,2.31324302813155,0,0,0.740075988769531,1.63,0,-5400.2158203125
100000000000000000000000,1,923125000,0,-48.5,2.4789129532232,0,0,0.740075988769531,1.63,0,-5400.2158203125
100000000000000000000001,1,923125000,0,-46,3.36248588704533,0,0,0.740075988769531,1.63,0,-5400.2158203125
100000000000000000000004,1,923125000,0,-47,4.79829190450629,0,0,0.740075988769531,1.63,0,-5400.2158203125
100000000000000000000003,1,923125000,0,-45.5,3.06182565261974,0,0,0.740075988769531,1.63,0,-5400.2158203125
100000000000000000000003,1,923125000,0,-45.5,3.08636934522591,0,0,0.740075988769531,1.63,0,-5400.2158203125
E00000000000000000002005,1,923125000,0,-62,2.44209741431394,0,0,0.740075988769531,1.63,0,-5400.2158203125
100000000000000000000001,1,923125000,0,-46,3.36862181019687,0,0,0.740075988769531,1.63,0,-5400.2158203125
100000000000000000000000,1,923125000,0,-48.5,2.47277703007165,0,0,0.740075988769531,1.63,0,-5400.2158203125
100000000000000000000004,1,923125000,0,-47,4.83510744341554,0,0,0.740075988769531,1.63,0,-5400.2158203125
100000000000000000000002,1,923125000,0,-44.5,4.47308797747453,0,0,0.740075988769531,1.63,0,-5400.2158203125
100000000000000000000002,1,923125000,0,-45,4.48535982377761,0,0,0.740075988769531,1.63,0,-5400.2158203125
100000000000000000000004,1,923125000,0,-47,4.79215598135474,0,0,0.740075988769531,1.63,0,-5400.2158203125
100000000000000000000001,1,923125000,0,-46,3.36248588704533,0,0,0.740075988769531,1.63,0,-5400.2158203125
100000000000000000000000,1,923125000,0,-49,2.46664110692011,0,0,0.740075988769531,1.63,0,-5400.2158203125
E00000000000000000002005,1,923125000,0,-62.5,2.33165079758617,0,0,0.740075988769531,1.63,0,-5400.2158203125
100000000000000000000003,1,923125000,0,-45.5,3.06182565261974,0,0,0.740075988769531,1.63,0,-5400.2158203125
100000000000000000000000,1,923125000,0,-48.5,2.49118479952628,0,0,0.740075988769531,1.63,0,-5400.2158203125
100000000000000000000001,1,923125000,0,-46,3.36862181019687,0,0,0.740075988769531,1.63,0,-5400.2158203125
100000000000000000000002,1,923125000,0,-44.5,4.47922390062607,0,0,0.740075988769531,1.63,0,-5400.2158203125
E00000000000000000002005,1,923125000,0,-62,2.38687410595006,0,0,0.740075988769531,1.63,0,-5400.2158203125
100000000000000000000003,1,923125000,0,-45.5,3.0556897294682,0,0,0.740075988769531,1.63,0,-5400.2158203125
100000000000000000000004,1,923125000,0,-47,4.81669967396091,0,0,0.740075988769531,1.63,0,-5400.2158203125
100000000000000000000000,1,923125000,0,-49,2.50345664582937,0,0,0.740075988769531,1.63,0,-5400.2158203125
100000000000000000000001,1,923125000,0,-46.5,3.3870295796515,0,0,0.740075988769531,1.63,0,-5400.2158203125
100000000000000000000002,1,923125000,0,-44.5,4.4546802080199,0,0,0.740075988769531,1.63,0,-5400.2158203125
100000000000000000000004,1,923125000,0,-46.5,4.80442782765783,0,0,0.740075988769531,1.63,0,-5400.2158203125
100000000000000000000003,1,923125000,0,-45.5,3.06182565261974,0,0,0.740075988769531,1.63,0,-5400.2158203125
E00000000000000000002005,1,923125000,0,-62,2.22120418085841,0,0,0.740075988769531,1.63,0,-5400.2158203125
100000000000000000000001,1,923125000,0,-46,3.39316550280304,0,0,0.740075988769531,1.63,0,-5400.2158203125
100000000000000000000004,1,923125000,0,-47,4.81056375080937,0,0,0.740075988769531,1.63,0,-5400.2158203125
100000000000000000000002,1,923125000,0,-44.5,4.48535982377761,0,0,0.740075988769531,1.63,0,-5400.2158203125
100000000000000000000003,1,923125000,0,-45,3.06182565261974,0,0,0.740075988769531,1.63,0,-5400.2158203125
100000000000000000000000,1,923125000,0,-49,2.48504887637474,0,0,0.740075988769531,1.63,0,-5400.2158203125
E00000000000000000002005,1,923125000,0,-61.5,2.38687410595006,0,0,0.740075988769531,1.63,0,-5400.2158203125
100000000000000000000002,1,923125000,0,-44.5,4.46695205432299,0,0,0.740075988769531,1.63,0,-5400.2158203125
100000000000000000000001,1,923125000,0,-46,3.39930142595458,0,0,0.740075988769531,1.63,0,-5400.2158203125
100000000000000000000004,1,923125000,0,-47,4.79215598135474,0,0,0.740075988769531,1.63,0,-5400.2158203125
100000000000000000000000,1,923125000,0,-48.5,2.50959256898091,0,0,0.740075988769531,1.63,0,-5400.2158203125
100000000000000000000003,1,923125000,0,-45.5,3.07409749892282,0,0,0.740075988769531,1.63,0,-5400.2158203125
E00000000000000000002005,1,923125000,0,-62,2.30097118182846,0,0,0.740075988769531,1.63,0,-5400.2158203125
100000000000000000000000,1,923125000,0,-48.5,2.4789129532232,0,0,0.740075988769531,1.63,0,-5400.2158203125
E00000000000000000002005,1,923125000,0,-62.5,2.41141779855623,0,0,0.740075988769531,1.63,0,-5400.2158203125
100000000000000000000003,1,923125000,0,-45.5,3.06182565261974,0,0,0.740075988769531,1.63,0,-5400.2158203125
100000000000000000000002,1,923125000,0,-45,4.48535982377761,0,0,0.740075988769531,1.63,0,-5400.2158203125
100000000000000000000004,1,923125000,0,-46.5,4.79829190450629,0,0,0.740075988769531,1.63,0,-5400.2158203125
100000000000000000000001,1,923125000,0,-46,3.39316550280304,0,0,0.740075988769531,1.63,0,-5400.2158203125
100000000000000000000003,1,923125000,0,-45,3.06796157577128,0,0,0.740075988769531,1.63,0,-5400.2158203125
100000000000000000000004,1,923125000,0,-47,4.79215598135474,0,0,0.740075988769531,1.63,0,-5400.2158203125
100000000000000000000001,1,923125000,0,-46,3.36248588704533,0,0,0.740075988769531,1.63,0,-5400.2158203125
100000000000000000000000,1,923125000,0,-49,2.50959256898091,0,0,0.740075988769531,1.63,0,-5400.2158203125
100000000000000000000002,1,923125000,0,-44.5,4.47922390062607,0,0,0.740075988769531,1.63,0,-5400.2158203125
E00000000000000000002005,1,923125000,0,-62.5,2.36233041334389,0,0,0.740075988769531,1.63,0,-5400.2158203125
100000000000000000000004,1,923125000,0,-47,4.80442782765783,0,0,0.740075988769531,1.63,0,-5400.2158203125
100000000000000000000003,1,923125000,0,-45,3.07409749892282,0,0,0.740075988769531,1.63,0,-5400.2158203125
100000000000000000000000,1,923125000,0,-49,2.50345664582937,0,0,0.740075988769531,1.63,0,-5400.2158203125
100000000000000000000001,1,923125000,0,-46.5,3.36248588704533,0,0,0.740075988769531,1.63,0,-5400.2158203125
100000000000000000000002,1,923125000,0,-45,4.47922390062607,0,0,0.740075988769531,1.63,0,-5400.2158203125
E00000000000000000002005,1,923125000,0,-62,2.36846633649543,0,0,0.740075988769531,1.63,0,-5400.2158203125
100000000000000000000000,1,923125000,0,-49,2.49118479952628,0,0,0.740075988769531,1.63,0,-5400.2158203125
100000000000000000000001,1,923125000,0,-46,3.39316550280304,0,0,0.740075988769531,1.63,0,-5400.2158203125
100000000000000000000003,1,923125000,0,-45.5,3.07409749892282,0,0,0.740075988769531,1.63,0,-5400.2158203125
100000000000000000000004,1,923125000,0,-47,4.80442782765783,0,0,0.740075988769531,1.63,0,-5400.2158203125
E00000000000000000002005,1,923125000,0,-62,2.36846633649543,0,0,0.740075988769531,1.63,0,-5400.2158203125
100000000000000000000002,1,923125000,0,-44.5,4.47308797747453,0,0,0.740075988769531,1.63,0,-5400.2158203125
E00000000000000000002005,1,923125000,0,-62,2.40528187540469,0,0,0.740075988769531,1.63,0,-5400.2158203125
100000000000000000000000,1,923125000,0,-49,2.46664110692011,0,0,0.740075988769531,1.63,0,-5400.2158203125
100000000000000000000001,1,923125000,0,-46,3.37475773334841,0,0,0.740075988769531,1.63,0,-5400.2158203125
100000000000000000000003,1,923125000,0,-45,3.07409749892282,0,0,0.740075988769531,1.63,0,-5400.2158203125
100000000000000000000002,1,923125000,0,-44.5,4.48535982377761,0,0,0.740075988769531,1.63,0,-5400.2158203125
100000000000000000000004,1,923125000,0,-47,4.77374821190012,0,0,0.740075988769531,1.63,0,-5400.2158203125
100000000000000000000004,1,923125000,0,-47,4.83510744341554,0,0,0.740075988769531,1.63,0,-5400.2158203125
100000000000000000000003,1,923125000,0,-45.5,3.06796157577128,0,0,0.740075988769531,1.63,0,-5400.2158203125
100000000000000000000002,1,923125000,0,-45,4.44854428486836,0,0,0.740075988769531,1.63,0,-5400.2158203125
100000000000000000000001,1,923125000,0,-46,3.39316550280304,0,0,0.740075988769531,1.63,0,-5400.2158203125
100000000000000000000000,1,923125000,0,-49,2.49118479952628,0,0,0.740075988769531,1.63,0,-5400.2158203125
E00000000000000000002005,1,923125000,0,-62,2.40528187540469,0,0,0.740075988769531,1.63,0,-5400.2158203125
E00000000000000000002005,1,923125000,0,-62,2.33778672073772,0,0,0.740075988769531,1.63,0,-5400.2158203125
100000000000000000000001,1,923125000,0,-46,3.41770919540921,0,0,0.740075988769531,1.63,0,-5400.2158203125
100000000000000000000004,1,923125000,0,-47,4.79215598135474,0,0,0.740075988769531,1.63,0,-5400.2158203125
100000000000000000000000,1,923125000,0,-49,2.49732072267782,0,0,0.740075988769531,1.63,0,-5400.2158203125
100000000000000000000002,1,923125000,0,-44.5,4.47922390062607,0,0,0.740075988769531,1.63,0,-5400.2158203125
100000000000000000000003,1,923125000,0,-45.5,3.06182565261974,0,0,0.740075988769531,1.63,0,-5400.2158203125
100000000000000000000000,1,923125000,0,-49,2.50345664582937,0,0,0.740075988769531,1.63,0,-5400.2158203125
100000000000000000000003,1,923125000,0,-45.5,3.07409749892282,0,0,0.740075988769531,1.63,0,-5400.2158203125
100000000000000000000004,1,923125000,0,-46.5,4.81056375080937,0,0,0.740075988769531,1.63,0,-5400.2158203125
100000000000000000000001,1,923125000,0,-46,3.39316550280304,0,0,0.740075988769531,1.63,0,-5400.2158203125
100000000000000000000002,1,923125000,0,-44.5,4.47922390062607,0,0,0.740075988769531,1.63,0,-5400.2158203125
E00000000000000000002005,1,923125000,0,-62,2.3930100291016,0,0,0.740075988769531,1.63,0,-5400.2158203125
100000000000000000000002,1,923125000,0,-45,4.48535982377761,0,0,0.740075988769531,1.63,0,-5400.2158203125
100000000000000000000004,1,923125000,0,-47,4.77374821190012,0,0,0.740075988769531,1.63,0,-5400.2158203125
100000000000000000000000,1,923125000,0,-49,2.50959256898091,0,0,0.740075988769531,1.63,0,-5400.2158203125
100000000000000000000003,1,923125000,0,-45.5,3.06182565261974,0,0,0.740075988769531,1.63,0,-5400.2158203125
100000000000000000000001,1,923125000,0,-46,3.37475773334841,0,0,0.740075988769531,1.63,0,-5400.2158203125
E00000000000000000002005,1,923125000,0,-62,2.35619449019234,0,0,0.740075988769531,1.63,0,-5400.2158203125
100000000000000000000004,1,923125000,0,-47,4.82283559711246,0,0,0.740075988769531,1.63,0,-5400.2158203125
E00000000000000000002005,1,923125000,0,-61.5,2.39914595225314,0,0,0.740075988769531,1.63,0,-5400.2158203125
100000000000000000000002,1,923125000,0,-45,4.4546802080199,0,0,0.740075988769531,1.63,0,-5400.2158203125
100000000000000000000001,1,923125000,0,-46,3.36248588704533,0,0,0.740075988769531,1.63,0,-5400.2158203125
100000000000000000000003,1,923125000,0,-45.5,3.07409749892282,0,0,0.740075988769531,1.63,0,-5400.2158203125
100000000000000000000000,1,923125000,0,-49,2.49732072267782,0,0,0.740075988769531,1.63,0,-5400.2158203125
100000000000000000000000,1,923125000,0,-49,2.51572849213245,0,0,0.740075988769531,1.63,0,-5400.2158203125
100000000000000000000004,1,923125000,0,-47,4.81669967396091,0,0,0.740075988769531,1.63,0,-5400.2158203125
E00000000000000000002005,1,923125000,0,-62,2.36846633649543,0,0,0.740075988769531,1.63,0,-5400.2158203125
100000000000000000000003,1,923125000,0,-45.5,3.06796157577128,0,0,0.740075988769531,1.63,0,-5400.2158203125
100000000000000000000001,1,923125000,0,-46,3.3870295796515,0,0,0.740075988769531,1.63,0,-5400.2158203125
100000000000000000000002,1,923125000,0,-44.5,4.47308797747453,0,0,0.740075988769531,1.63,0,-5400.2158203125
100000000000000000000004,1,923125000,0,-47,4.79215598135474,0,0,0.740075988769531,1.63,0,-5400.2158203125
E00000000000000000002005,1,923125000,0,-61.5,2.3500585670408,0,0,0.740075988769531,1.63,0,-5400.2158203125
100000000000000000000001,1,923125000,0,-46,3.39316550280304,0,0,0.740075988769531,1.63,0,-5400.2158203125
100000000000000000000003,1,923125000,0,-45.5,3.07409749892282,0,0,0.740075988769531,1.63,0,-5400.2158203125
100000000000000000000000,1,923125000,0,-49,2.45436926061703,0,0,0.740075988769531,1.63,0,-5400.2158203125
100000000000000000000002,1,923125000,0,-44.5,4.49149574692916,0,0,0.740075988769531,1.63,0,-5400.2158203125
100000000000000000000001,1,923125000,0,-46,3.3870295796515,0,0,0.740075988769531,1.63,0,-5400.2158203125
E00000000000000000002005,1,923125000,0,-62,2.34392264388926,0,0,0.740075988769531,1.63,0,-5400.2158203125
100000000000000000000002,1,923125000,0,-44.5,4.46695205432299,0,0,0.740075988769531,1.63,0,-5400.2158203125
100000000000000000000003,1,923125000,0,-45.5,3.0556897294682,0,0,0.740075988769531,1.63,0,-5400.2158203125
100000000000000000000004,1,923125000,0,-47,4.80442782765783,0,0,0.740075988769531,1.63,0,-5400.2158203125
100000000000000000000000,1,923125000,0,-49,2.50345664582937,0,0,0.740075988769531,1.63,0,-5400.2158203125
100000000000000000000000,1,923125000,0,-49,2.50959256898091,0,0,0.740075988769531,1.63,0,-5400.2158203125
100000000000000000000004,1,923125000,0,-47,4.77374821190012,0,0,0.740075988769531,1.63,0,-5400.2158203125
100000000000000000000003,1,923125000,0,-45.5,3.04955380631665,0,0,0.740075988769531,1.63,0,-5400.2158203125
100000000000000000000002,1,923125000,0,-45,4.46695205432299,0,0,0.740075988769531,1.63,0,-5400.2158203125
100000000000000000000001,1,923125000,0,-46,3.39930142595458,0,0,0.740075988769531,1.63,0,-5400.2158203125
E00000000000000000002005,1,923125000,0,-62,2.36846633649543,0,0,0.740075988769531,1.63,0,-5400.2158203125
100000000000000000000004,1,923125000,0,-47,4.81056375080937,0,0,0.740075988769531,1.63,0,-5400.2158203125
100000000000000000000002,1,923125000,0,-45,4.49149574692916,0,0,0.740075988769531,1.63,0,-5400.2158203125
E00000000000000000002005,1,923125000,0,-62,2.25801971976766,0,0,0.740075988769531,1.63,0,-5400.2158203125
100000000000000000000001,1,923125000,0,-46,3.39316550280304,0,0,0.740075988769531,1.63,0,-5400.2158203125
100000000000000000000003,1,923125000,0,-45.5,3.07409749892282,0,0,0.740075988769531,1.63,0,-5400.2158203125
100000000000000000000000,1,923125000,0,-49,2.50345664582937,0,0,0.740075988769531,1.63,0,-5400.2158203125
100000000000000000000002,1,923125000,0,-44.5,4.49149574692916,0,0,0.740075988769531,1.63,0,-5400.2158203125
100000000000000000000004,1,923125000,0,-46.5,4.7860200582032,0,0,0.740075988769531,1.63,0,-5400.2158203125
100000000000000000000003,1,923125000,0,-45.5,3.06182565261974,0,0,0.740075988769531,1.63,0,-5400.2158203125
100000000000000000000000,1,923125000,0,-49,2.49118479952628,0,0,0.740075988769531,1.63,0,-5400.2158203125
100000000000000000000001,1,923125000,0,-46,3.39930142595458,0,0,0.740075988769531,1.63,0,-5400.2158203125
E00000000000000000002005,1,923125000,0,-62,2.32551487443463,0,0,0.740075988769531,1.63,0,-5400.2158203125
100000000000000000000003,1,923125000,0,-45.5,3.07409749892282,0,0,0.740075988769531,1.63,0,-5400.2158203125
E00000000000000000002005,1,923125000,0,-62,2.30097118182846,0,0,0.740075988769531,1.63,0,-5400.2158203125
100000000000000000000000,1,923125000,0,-48.5,2.49118479952628,0,0,0.740075988769531,1.63,0,-5400.2158203125
100000000000000000000001,1,923125000,0,-46,3.38089365649995,0,0,0.740075988769531,1.63,0,-5400.2158203125
100000000000000000000004,1,923125000,0,-46.5,4.79829190450629,0,0,0.740075988769531,1.63,0,-5400.2158203125
100000000000000000000002,1,923125000,0,-45,4.50376759323224,0,0,0.740075988769531,1.63,0,-5400.2158203125
100000000000000000000003,1,923125000,0,-45.5,3.06182565261974,0,0,0.740075988769531,1.63,0,-5400.2158203125
100000000000000000000002,1,923125000,0,-44.5,4.47308797747453,0,0,0.740075988769531,1.63,0,-5400.2158203125
100000000000000000000000,1,923125000,0,-49,2.50959256898091,0,0,0.740075988769531,1.63,0,-5400.2158203125
100000000000000000000004,1,923125000,0,-47,4.81669967396091,0,0,0.740075988769531,1.63,0,-5400.2158203125
E00000000000000000002005,1,923125000,0,-62,2.27029156607075,0,0,0.740075988769531,1.63,0,-5400.2158203125
100000000000000000000001,1,923125000,0,-46,3.39316550280304,0,0,0.740075988769531,1.63,0,-5400.2158203125
E00000000000000000002005,1,923125000,0,-61.5,2.4359614911624,0,0,0.740075988769531,1.63,0,-5400.2158203125
100000000000000000000000,1,923125000,0,-49,2.4789129532232,0,0,0.740075988769531,1.63,0,-5400.2158203125
100000000000000000000001,1,923125000,0,-46,3.41157327225767,0,0,0.740075988769531,1.63,0,-5400.2158203125
100000000000000000000003,1,923125000,0,-45.5,3.11704896098362,0,0,0.740075988769531,1.63,0,-5400.2158203125
100000000000000000000004,1,923125000,0,-47,4.83510744341554,0,0,0.740075988769531,1.63,0,-5400.2158203125
100000000000000000000002,1,923125000,0,-45,4.50376759323224,0,0,0.740075988769531,1.63,0,-5400.2158203125
100000000000000000000001,1,923125000,0,-46,3.37475773334841,0,0,0.740075988769531,1.63,0,-5400.2158203125
E00000000000000000002005,1,923125000,0,-61.5,2.28256341237383,0,0,0.740075988769531,1.63,0,-5400.2158203125
100000000000000000000002,1,923125000,0,-45,4.43013651541373,0,0,0.740075988769531,1.63,0,-5400.2158203125
100000000000000000000003,1,923125000,0,-45.5,3.04955380631665,0,0,0.740075988769531,1.63,0,-5400.2158203125
100000000000000000000000,1,923125000,0,-49,2.49732072267782,0,0,0.740075988769531,1.63,0,-5400.2158203125
100000000000000000000004,1,923125000,0,-47,4.81056375080937,0,0,0.740075988769531,1.63,0,-5400.2158203125
E00000000000000000002005,1,923125000,0,-61.5,2.49118479952628,0,0,0.740075988769531,1.63,0,-5400.2158203125
100000000000000000000002,1,923125000,0,-45,4.4546802080199,0,0,0.740075988769531,1.63,0,-5400.2158203125
100000000000000000000004,1,923125000,0,-47,4.7860200582032,0,0,0.740075988769531,1.63,0,-5400.2158203125
100000000000000000000000,1,923125000,0,-49,2.50345664582937,0,0,0.740075988769531,1.63,0,-5400.2158203125
100000000000000000000001,1,923125000,0,-46,3.38089365649995,0,0,0.740075988769531,1.63,0,-5400.2158203125
100000000000000000000003,1,923125000,0,-45.5,3.04955380631665,0,0,0.740075988769531,1.63,0,-5400.2158203125
100000000000000000000003,1,923125000,0,-45,3.06182565261974,0,0,0.740075988769531,1.63,0,-5400.2158203125
100000000000000000000001,1,923125000,0,-46,3.36248588704533,0,0,0.740075988769531,1.63,0,-5400.2158203125
100000000000000000000002,1,923125000,0,-44.5,4.46081613117144,0,0,0.740075988769531,1.63,0,-5400.2158203125
100000000000000000000004,1,923125000,0,-47,4.79829190450629,0,0,0.740075988769531,1.63,0,-5400.2158203125
100000000000000000000000,1,923125000,0,-49,2.49732072267782,0,0,0.740075988769531,1.63,0,-5400.2158203125
E00000000000000000002005,1,923125000,0,-62,2.41141779855623,0,0,0.740075988769531,1.63,0,-5400.2158203125
100000000000000000000004,1,923125000,0,-47,4.81056375080937,0,0,0.740075988769531,1.63,0,-5400.2158203125
100000000000000000000003,1,923125000,0,-45.5,3.06796157577128,0,0,0.740075988769531,1.63,0,-5400.2158203125
100000000000000000000000,1,923125000,0,-49,2.4789129532232,0,0,0.740075988769531,1.63,0,-5400.2158203125
100000000000000000000001,1,923125000,0,-46,3.39930142595458,0,0,0.740075988769531,1.63,0,-5400.2158203125
100000000000000000000002,1,923125000,0,-44.5,4.46081613117144,0,0,0.740075988769531,1.63,0,-5400.2158203125
E00000000000000000002005,1,923125000,0,-62,2.39914595225314,0,0,0.740075988769531,1.63,0,-5400.2158203125
100000000000000000000001,1,923125000,0,-46,3.37475773334841,0,0,0.740075988769531,1.63,0,-5400.2158203125
E00000000000000000002005,1,923125000,0,-62,2.39914595225314,0,0,0.740075988769531,1.63,0,-5400.2158203125
100000000000000000000000,1,923125000,0,-49,2.49118479952628,0,0,0.740075988769531,1.63,0,-5400.2158203125
100000000000000000000002,1,923125000,0,-44.5,4.46695205432299,0,0,0.740075988769531,1.63,0,-5400.2158203125
100000000000000000000004,1,923125000,0,-47,4.77988413505166,0,0,0.740075988769531,1.63,0,-5400.2158203125
100000000000000000000003,1,923125000,0,-45.5,3.04341788316511,0,0,0.740075988769531,1.63,0,-5400.2158203125
100000000000000000000002,1,923125000,0,-44.5,4.39945689965602,0,0,0.740075988769531,1.63,0,-5400.2158203125
100000000000000000000001,1,923125000,0,-46,3.36248588704533,0,0,0.740075988769531,1.63,0,-5400.2158203125
100000000000000000000000,1,923125000,0,-47.5,2.45436926061703,0,0,0.740075988769531,1.63,0,-5400.2158203125
100000000000000000000003,1,923125000,0,-45,3.0556897294682,0,0,0.740075988769531,1.63,0,-5400.2158203125
E00000000000000000002005,1,923125000,0,-62,2.36233041334389,0,0,0.740075988769531,1.63,0,-5400.2158203125
100000000000000000000004,1,923125000,0,-47,4.7860200582032,0,0,0.740075988769531,1.63,0,-5400.2158203125
100000000000000000000002,1,923125000,0,-45,4.46081613117144,0,0,0.740075988769531,1.63,0,-5400.2158203125
100000000000000000000000,1,923125000,0,-49,2.49732072267782,0,0,0.740075988769531,1.63,0,-5400.2158203125
100000000000000000000001,1,923125000,0,-46,3.39930142595458,0,0,0.740075988769531,1.63,0,-5400.2158203125
100000000000000000000004,1,923125000,0,-47,4.79215598135474,0,0,0.740075988769531,1.63,0,-5400.2158203125
100000000000000000000003,1,923125000,0,-45.5,3.06796157577128,0,0,0.740075988769531,1.63,0,-5400.2158203125
E00000000000000000002005,1,923125000,0,-62,2.36233041334389,0,0,0.740075988769531,1.63,0,-5400.2158203125
100000000000000000000004,1,923125000,0,-47,4.81056375080937,0,0,0.740075988769531,1.63,0,-5400.2158203125
100000000000000000000002,1,923125000,0,-44.5,4.48535982377761,0,0,0.740075988769531,1.63,0,-5400.2158203125
100000000000000000000001,1,923125000,0,-46,3.38089365649995,0,0,0.740075988769531,1.63,0,-5400.2158203125
100000000000000000000003,1,923125000,0,-45.5,3.08636934522591,0,0,0.740075988769531,1.63,0,-5400.2158203125
100000000000000000000000,1,923125000,0,-49,2.46664110692011,0,0,0.740075988769531,1.63,0,-5400.2158203125
E00000000000000000002005,1,923125000,0,-62,2.36233041334389,0,0,0.740075988769531,1.63,0,-5400.2158203125
100000000000000000000001,1,923125000,0,-46.5,3.38089365649995,0,0,0.740075988769531,1.63,0,-5400.2158203125
E00000000000000000002005,1,923125000,0,-62,2.42982556801086,0,0,0.740075988769531,1.63,0,-5400.2158203125
100000000000000000000004,1,923125000,0,-47,4.80442782765783,0,0,0.740075988769531,1.63,0,-5400.2158203125
100000000000000000000003,1,923125000,0,-45.5,3.0556897294682,0,0,0.740075988769531,1.63,0,-5400.2158203125
100000000000000000000002,1,923125000,0,-44.5,4.47308797747453,0,0,0.740075988769531,1.63,0,-5400.2158203125
100000000000000000000000,1,923125000,0,-49,2.49732072267782,0,0,0.740075988769531,1.63,0,-5400.2158203125
100000000000000000000003,1,923125000,0,-45.5,3.0556897294682,0,0,0.740075988769531,1.63,0,-5400.2158203125
100000000000000000000004,1,923125000,0,-47,4.81669967396091,0,0,0.740075988769531,1.63,0,-5400.2158203125
100000000000000000000002,1,923125000,0,-44.5,4.48535982377761,0,0,0.740075988769531,1.63,0,-5400.2158203125
100000000000000000000000,1,923125000,0,-48.5,2.49732072267782,0,0,0.740075988769531,1.63,0,-5400.2158203125
100000000000000000000001,1,923125000,0,-46,3.39316550280304,0,0,0.740075988769531,1.63,0,-5400.2158203125
E00000000000000000002005,1,923125000,0,-62,2.36846633649543,0,0,0.740075988769531,1.63,0,-5400.2158203125
100000000000000000000002,1,923125000,0,-44.5,4.49149574692916,0,0,0.740075988769531,1.63,0,-5400.2158203125
100000000000000000000000,1,923125000,0,-49,2.50959256898091,0,0,0.740075988769531,1.63,0,-5400.2158203125
100000000000000000000003,1,923125000,0,-45.5,3.08023342207437,0,0,0.740075988769531,1.63,0,-5400.2158203125
100000000000000000000004,1,923125000,0,-47,4.79215598135474,0,0,0.740075988769531,1.63,0,-5400.2158203125
100000000000000000000001,1,923125000,0,-46.5,3.41157327225767,0,0,0.740075988769531,1.63,0,-5400.2158203125
E00000000000000000002005,1,923125000,0,-62,2.28869933552538,0,0,0.740075988769531,1.63,0,-5400.2158203125
100000000000000000000001,1,923125000,0,-46,3.3870295796515,0,0,0.740075988769531,1.63,0,-5400.2158203125
100000000000000000000004,1,923125000,0,-47,4.81669967396091,0,0,0.740075988769531,1.63,0,-5400.2158203125
100000000000000000000002,1,923125000,0,-45,4.47308797747453,0,0,0.740075988769531,1.63,0,-5400.2158203125
E00000000000000000002005,1,923125000,0,-61.5,2.29483525867692,0,0,0.740075988769531,1.63,0,-5400.2158203125
100000000000000000000000,1,923125000,0,-49,2.49118479952628,0,0,0.740075988769531,1.63,0,-5400.2158203125
100000000000000000000003,1,923125000,0,-45.5,3.0556897294682,0,0,0.740075988769531,1.63,0,-5400.2158203125
100000000000000000000004,1,923125000,0,-47,4.77988413505166,0,0,0.740075988769531,1.63,0,-5400.2158203125
100000000000000000000003,1,923125000,0,-45.5,3.06796157577128,0,0,0.740075988769531,1.63,0,-5400.2158203125
100000000000000000000001,1,923125000,0,-46,3.40543734910612,0,0,0.740075988769531,1.63,0,-5400.2158203125
100000000000000000000000,1,923125000,0,-49,2.49732072267782,0,0,0.740075988769531,1.63,0,-5400.2158203125
E00000000000000000002005,1,923125000,0,-62,2.30097118182846,0,0,0.740075988769531,1.63,0,-5400.2158203125
100000000000000000000002,1,923125000,0,-45,4.47308797747453,0,0,0.740075988769531,1.63,0,-5400.2158203125
100000000000000000000000,1,923125000,0,-49,2.45436926061703,0,0,0.740075988769531,1.63,0,-5400.2158203125
100000000000000000000003,1,923125000,0,-45.5,3.06796157577128,0,0,0.740075988769531,1.63,0,-5400.2158203125
100000000000000000000002,1,923125000,0,-45,4.46695205432299,0,0,0.740075988769531,1.63,0,-5400.2158203125
100000000000000000000001,1,923125000,0,-46,3.37475773334841,0,0,0.740075988769531,1.63,0,-5400.2158203125
E00000000000000000002005,1,923125000,0,-61.5,2.3930100291016,0,0,0.740075988769531,1.63,0,-5400.2158203125
100000000000000000000004,1,923125000,0,-47,4.82283559711246,0,0,0.740075988769531,1.63,0,-5400.2158203125
100000000000000000000002,1,923125000,0,-44.5,4.49149574692916,0,0,0.740075988769531,1.63,0,-5400.2158203125
E00000000000000000002005,1,923125000,0,-62.5,2.36233041334389,0,0,0.740075988769531,1.63,0,-5400.2158203125
100000000000000000000004,1,923125000,0,-46.5,4.81056375080937,0,0,0.740075988769531,1.63,0,-5400.2158203125
100000000000000000000001,1,923125000,0,-46,3.39930142595458,0,0,0.740075988769531,1.63,0,-5400.2158203125
100000000000000000000000,1,923125000,0,-49,2.49732072267782,0,0,0.740075988769531,1.63,0,-5400.2158203125
100000000000000000000003,1,923125000,0,-45.5,3.06796157577128,0,0,0.740075988769531,1.63,0,-5400.2158203125
E00000000000000000002005,1,923125000,0,-62,2.41141779855623,0,0,0.740075988769531,1.63,0,-5400.2158203125
100000000000000000000000,1,923125000,0,-49,2.50959256898091,0,0,0.740075988769531,1.63,0,-5400.2158203125
100000000000000000000003,1,923125000,0,-45.5,3.06796157577128,0,0,0.740075988769531,1.63,0,-5400.2158203125
100000000000000000000004,1,923125000,0,-47,4.79829190450629,0,0,0.740075988769531,1.63,0,-5400.2158203125
100000000000000000000002,1,923125000,0,-44.5,4.48535982377761,0,0,0.740075988769531,1.63,0,-5400.2158203125
100000000000000000000001,1,923125000,0,-46,3.38089365649995,0,0,0.740075988769531,1.63,0,-5400.2158203125
100000000000000000000000,1,923125000,0,-49,2.45436926061703,0,0,0.740075988769531,1.63,0,-5400.2158203125
100000000000000000000001,1,923125000,0,-46,3.3870295796515,0,0,0.740075988769531,1.63,0,-5400.2158203125
100000000000000000000003,1,923125000,0,-45.5,3.08023342207437,0,0,0.740075988769531,1.63,0,-5400.2158203125
100000000000000000000002,1,923125000,0,-44.5,4.48535982377761,0,0,0.740075988769531,1.63,0,-5400.2158203125
100000000000000000000004,1,923125000,0,-46.5,4.80442782765783,0,0,0.740075988769531,1.63,0,-5400.2158203125
E00000000000000000002005,1,923125000,0,-62,2.3930100291016,0,0,0.740075988769531,1.63,0,-5400.2158203125
100000000000000000000004,1,923125000,0,-47,4.81056375080937,0,0,0.740075988769531,1.63,0,-5400.2158203125
100000000000000000000001,1,923125000,0,-46,3.40543734910612,0,0,0.740075988769531,1.63,0,-5400.2158203125
100000000000000000000003,1,923125000,0,-45.5,3.06796157577128,0,0,0.740075988769531,1.63,0,-5400.2158203125
E00000000000000000002005,1,923125000,0,-61.5,2.36233041334389,0,0,0.740075988769531,1.63,0,-5400.2158203125
100000000000000000000002,1,923125000,0,-45,4.47922390062607,0,0,0.740075988769531,1.63,0,-5400.2158203125
100000000000000000000000,1,923125000,0,-49,2.49118479952628,0,0,0.740075988769531,1.63,0,-5400.2158203125
100000000000000000000000,1,923125000,0,-49,2.50345664582937,0,0,0.740075988769531,1.63,0,-5400.2158203125
100000000000000000000001,1,923125000,0,-46,3.3870295796515,0,0,0.740075988769531,1.63,0,-5400.2158203125
100000000000000000000003,1,923125000,0,-45.5,3.07409749892282,0,0,0.740075988769531,1.63,0,-5400.2158203125
100000000000000000000002,1,923125000,0,-44.5,4.46695205432299,0,0,0.740075988769531,1.63,0,-5400.2158203125
100000000000000000000004,1,923125000,0,-47,4.7860200582032,0,0,0.740075988769531,1.63,0,-5400.2158203125
E00000000000000000002005,1,923125000,0,-62,2.30097118182846,0,0,0.740075988769531,1.63,0,-5400.2158203125
E00000000000000000002005,1,923125000,0,-62,2.34392264388926,0,0,0.740075988769531,1.63,0,-5400.2158203125
100000000000000000000003,1,923125000,0,-45,3.08023342207437,0,0,0.740075988769531,1.63,0,-5400.2158203125
100000000000000000000000,1,923125000,0,-48.5,2.49118479952628,0,0,0.740075988769531,1.63,0,-5400.2158203125
100000000000000000000001,1,923125000,0,-46,3.41157327225767,0,0,0.740075988769531,1.63,0,-5400.2158203125
100000000000000000000004,1,923125000,0,-47,4.81669967396091,0,0,0.740075988769531,1.63,0,-5400.2158203125
100000000000000000000002,1,923125000,0,-44.5,4.47922390062607,0,0,0.740075988769531,1.63,0,-5400.2158203125
100000000000000000000004,1,923125000,0,-47,4.81669967396091,0,0,0.740075988769531,1.63,0,-5400.2158203125
100000000000000000000001,1,923125000,0,-46,3.39930142595458,0,0,0.740075988769531,1.63,0,-5400.2158203125
100000000000000000000000,1,923125000,0,-48.5,2.50345664582937,0,0,0.740075988769531,1.63,0,-5400.2158203125
E00000000000000000002005,1,923125000,0,-61.5,2.36233041334389,0,0,0.740075988769531,1.63,0,-5400.2158203125
100000000000000000000003,1,923125000,0,-45.5,3.06796157577128,0,0,0.740075988769531,1.63,0,-5400.2158203125
100000000000000000000002,1,923125000,0,-45,4.48535982377761,0,0,0.740075988769531,1.63,0,-5400.2158203125
100000000000000000000000,1,923125000,0,-49,2.44823333746548,0,0,0.740075988769531,1.63,0,-5400.2158203125
100000000000000000000003,1,923125000,0,-45.5,3.08023342207437,0,0,0.740075988769531,1.63,0,-5400.2158203125
100000000000000000000002,1,923125000,0,-44.5,4.48535982377761,0,0,0.740075988769531,1.63,0,-5400.2158203125
E00000000000000000002005,1,923125000,0,-61.5,2.37460225964697,0,0,0.740075988769531,1.63,0,-5400.2158203125
100000000000000000000004,1,923125000,0,-46.5,4.81669967396091,0,0,0.740075988769531,1.63,0,-5400.2158203125
100000000000000000000001,1,923125000,0,-46,3.41157327225767,0,0,0.740075988769531,1.63,0,-5400.2158203125
100000000000000000000003,1,923125000,0,-45.5,3.08023342207437,0,0,0.740075988769531,1.63,0,-5400.2158203125
100000000000000000000001,1,923125000,0,-46,3.38089365649995,0,0,0.740075988769531,1.63,0,-5400.2158203125
E00000000000000000002005,1,923125000,0,-62,2.31324302813155,0,0,0.740075988769531,1.63,0,-5400.2158203125
100000000000000000000004,1,923125000,0,-47,4.828971520264,0,0,0.740075988769531,1.63,0,-5400.2158203125
100000000000000000000002,1,923125000,0,-44.5,4.47922390062607,0,0,0.740075988769531,1.63,0,-5400.2158203125
100000000000000000000000,1,923125000,0,-49,2.50345664582937,0,0,0.740075988769531,1.63,0,-5400.2158203125
100000000000000000000004,1,923125000,0,-47,4.81056375080937,0,0,0.740075988769531,1.63,0,-5400.2158203125
100000000000000000000002,1,923125000,0,-45,4.47308797747453,0,0,0.740075988769531,1.63,0,-5400.2158203125
100000000000000000000000,1,923125000,0,-48.5,2.49732072267782,0,0,0.740075988769531,1.63,0,-5400.2158203125
100000000000000000000001,1,923125000,0,-46,3.39316550280304,0,0,0.740075988769531,1.63,0,-5400.2158203125
E00000000000000000002005,1,923125000,0,-62,2.3930100291016,0,0,0.740075988769531,1.63,0,-5400.2158203125
100000000000000000000003,1,923125000,0,-45,3.06796157577128,0,0,0.740075988769531,1.63,0,-5400.2158203125
100000000000000000000001,1,923125000,0,-46,3.38089365649995,0,0,0.740075988769531,1.63,0,-5400.2158203125
100000000000000000000002,1,923125000,0,-45,4.49149574692916,0,0,0.740075988769531,1.63,0,-5400.2158203125
E00000000000000000002005,1,923125000,0,-62.5,2.32551487443463,0,0,0.740075988769531,1.63,0,-5400.2158203125
100000000000000000000000,1,923125000,0,-48.5,2.48504887637474,0,0,0.740075988769531,1.63,0,-5400.2158203125
100000000000000000000004,1,923125000,0,-47,4.77988413505166,0,0,0.740075988769531,1.63,0,-5400.2158203125
100000000000000000000003,1,923125000,0,-45.5,3.06182565261974,0,0,0.740075988769531,1.63,0,-5400.2158203125
100000000000000000000002,1,923125000,0,-45,4.47922390062607,0,0,0.740075988769531,1.63,0,-5400.2158203125
100000000000000000000000,1,923125000,0,-48.5,2.48504887637474,0,0,0.740075988769531,1.63,0,-5400.2158203125
100000000000000000000004,1,923125000,0,-46.5,4.828971520264,0,0,0.740075988769531,1.63,0,-5400.2158203125
100000000000000000000001,1,923125000,0,-46,3.38089365649995,0,0,0.740075988769531,1.63,0,-5400.2158203125
100000000000000000000003,1,923125000,0,-45.5,3.06182565261974,0,0,0.740075988769531,1.63,0,-5400.2158203125
E00000000000000000002005,1,923125000,0,-62,2.31937895128309,0,0,0.740075988769531,1.63,0,-5400.2158203125
E00000000000000000002005,1,923125000,0,-61.5,2.30097118182846,0,0,0.740075988769531,1.63,0,-5400.2158203125
100000000000000000000001,1,923125000,0,-46,3.39316550280304,0,0,0.740075988769531,1.63,0,-5400.2158203125
100000000000000000000002,1,923125000,0,-44.5,4.46695205432299,0,0,0.740075988769531,1.63,0,-5400.2158203125
100000000000000000000003,1,923125000,0,-45.5,3.08023342207437,0,0,0.740075988769531,1.63,0,-5400.2158203125
100000000000000000000004,1,923125000,0,-46.5,4.80442782765783,0,0,0.740075988769531,1.63,0,-5400.2158203125
100000000000000000000000,1,923125000,0,-49,2.46664110692011,0,0,0.740075988769531,1.63,0,-5400.2158203125
100000000000000000000001,1,923125000,0,-46.5,3.38089365649995,0,0,0.740075988769531,1.63,0,-5400.2158203125
100000000000000000000002,1,923125000,0,-44.5,4.49149574692916,0,0,0.740075988769531,1.63,0,-5400.2158203125
100000000000000000000003,1,923125000,0,-45.5,3.06182565261974,0,0,0.740075988769531,1.63,0,-5400.2158203125
E00000000000000000002005,1,923125000,0,-62,2.36233041334389,0,0,0.740075988769531,1.63,0,-5400.2158203125
100000000000000000000004,1,923125000,0,-46.5,4.79829190450629,0,0,0.740075988769531,1.63,0,-5400.2158203125
100000000000000000000000,1,923125000,0,-49,2.48504887637474,0,0,0.740075988769531,1.63,0,-5400.2158203125
100000000000000000000003,1,923125000,0,-45.5,3.08023342207437,0,0,0.740075988769531,1.63,0,-5400.2158203125
100000000000000000000001,1,923125000,0,-46,3.38089365649995,0,0,0.740075988769531,1.63,0,-5400.2158203125
100000000000000000000004,1,923125000,0,-47,4.828971520264,0,0,0.740075988769531,1.63,0,-5400.2158203125
E00000000000000000002005,1,923125000,0,-62,2.31324302813155,0,0,0.740075988769531,1.63,0,-5400.2158203125
100000000000000000000002,1,923125000,0,-44.5,4.46695205432299,0,0,0.740075988769531,1.63,0,-5400.2158203125
100000000000000000000000,1,923125000,0,-48.5,2.49732072267782,0,0,0.740075988769531,1.63,0,-5400.2158203125
100000000000000000000003,1,923125000,0,-45.5,3.06182565261974,0,0,0.740075988769531,1.63,0,-5400.2158203125
100000000000000000000004,1,923125000,0,-47,4.80442782765783,0,0,0.740075988769531,1.63,0,-5400.2158203125
100000000000000000000000,1,923125000,0,-49,2.49118479952628,0,0,0.740075988769531,1.63,0,-5400.2158203125
E00000000000000000002005,1,923125000,0,-62,2.35619449019234,0,0,0.740075988769531,1.63,0,-5400.2158203125
100000000000000000000002,1,923125000,0,-44.5,4.48535982377761,0,0,0.740075988769531,1.63,0,-5400.2158203125
100000000000000000000001,1,923125000,0,-46,3.39316550280304,0,0,0.740075988769531,1.63,0,-5400.2158203125
100000000000000000000000,1,923125000,0,-48.5,2.45436926061703,0,0,0.740075988769531,1.63,0,-5400.2158203125
100000000000000000000004,1,923125000,0,-47,4.77374821190012,0,0,0.740075988769531,1.63,0,-5400.2158203125
E00000000000000000002005,1,923125000,0,-62,2.37460225964697,0,0,0.740075988769531,1.63,0,-5400.2158203125
100000000000000000000002,1,923125000,0,-44.5,4.46695205432299,0,0,0.740075988769531,1.63,0,-5400.2158203125
100000000000000000000003,1,923125000,0,-45.5,3.06182565261974,0,0,0.740075988769531,1.63,0,-5400.2158203125
100000000000000000000001,1,923625000,0,-46,3.61405873625857,0,0,0.740075988769531,1.63,0,-5400.2158203125
100000000000000000000001,1,923625000,0,-46,3.6324665057132,0,0,0.740075988769531,1.63,0,-5400.2158203125
E00000000000000000002005,1,923625000,0,-62,2.85934018861884,0,0,0.740075988769531,1.63,0,-5400.2158203125
100000000000000000000003,1,923625000,0,-45,3.33794219443916,0,0,0.740075988769531,1.63,0,-5400.2158203125
100000000000000000000002,1,923625000,0,-45.5,4.71238898038469,0,0,0.740075988769531,1.63,0,-5400.2158203125
100000000000000000000004,1,923625000,0,-46.5,4.99464144535565,0,0,0.740075988769531,1.63,0,-5400.2158203125
100000000000000000000000,1,923625000,0,-48.5,2.77343726449724,0,0,0.740075988769531,1.63,0,-5400.2158203125
100000000000000000000003,1,923625000,0,-45,3.33180627128761,0,0,0.740075988769531,1.63,0,-5400.2158203125
100000000000000000000001,1,923625000,0,-46,3.63860242886474,0,0,0.740075988769531,1.63,0,-5400.2158203125
E00000000000000000002005,1,923625000,0,-62,2.96365088219506,0,0,0.740075988769531,1.63,0,-5400.2158203125
100000000000000000000002,1,923625000,0,-45,4.70011713408161,0,0,0.740075988769531,1.63,0,-5400.2158203125
100000000000000000000004,1,923625000,0,-46.5,4.97623367590102,0,0,0.740075988769531,1.63,0,-5400.2158203125
100000000000000000000000,1,923625000,0,-48.5,2.76116541819415,0,0,0.740075988769531,1.63,0,-5400.2158203125
100000000000000000000001,1,923625000,0,-46,3.62633058256166,0,0,0.740075988769531,1.63,0,-5400.2158203125
100000000000000000000000,1,923625000,0,-48.5,2.7673013413457,0,0,0.740075988769531,1.63,0,-5400.2158203125
100000000000000000000002,1,923625000,0,-45,4.70011713408161,0,0,0.740075988769531,1.63,0,-5400.2158203125
100000000000000000000003,1,923625000,0,-45,3.35634996389378,0,0,0.740075988769531,1.63,0,-5400.2158203125
100000000000000000000004,1,923625000,0,-46.5,5.00691329165873,0,0,0.740075988769531,1.63,0,-5400.2158203125
E00000000000000000002005,1,923625000,0,-61.5,2.90229165067963,0,0,0.740075988769531,1.63,0,-5400.2158203125
100000000000000000000001,1,923625000,0,-46,3.65087427516783,0,0,0.740075988769531,1.63,0,-5400.2158203125
100000000000000000000000,1,923625000,0,-48.5,2.77957318764878,0,0,0.740075988769531,1.63,0,-5400.2158203125
100000000000000000000002,1,923625000,0,-45,4.70625305723315,0,0,0.740075988769531,1.63,0,-5400.2158203125
100000000000000000000003,1,923625000,0,-45,3.33180627128761,0,0,0.740075988769531,1.63,0,-5400.2158203125
100000000000000000000004,1,923625000,0,-46.5,5.02532106111336,0,0,0.740075988769531,1.63,0,-5400.2158203125
E00000000000000000002005,1,923625000,0,-62,2.87774795807346,0,0,0.740075988769531,1.63,0,-5400.2158203125
100000000000000000000004,1,923625000,0,-46.5,5.00077736850719,0,0,0.740075988769531,1.63,0,-5400.2158203125
100000000000000000000001,1,923625000,0,-46,3.62019465941011,0,0,0.740075988769531,1.63,0,-5400.2158203125
E00000000000000000002005,1,923625000,0,-62,2.91456349698272,0,0,0.740075988769531,1.63,0,-5400.2158203125
100000000000000000000002,1,923625000,0,-45,4.71852490353623,0,0,0.740075988769531,1.63,0,-5400.2158203125
100000000000000000000000,1,923625000,0,-48.5,2.77343726449724,0,0,0.740075988769531,1.63,0,-5400.2158203125
100000000000000000000003,1,923625000,0,-45,3.33180627128761,0,0,0.740075988769531,1.63,0,-5400.2158203125
100000000000000000000003,1,923625000,0,-45,3.3440781175907,0,0,0.740075988769531,1.63,0,-5400.2158203125
E00000000000000000002005,1,923625000,0,-62,2.91456349698272,0,0,0.740075988769531,1.63,0,-5400.2158203125
100000000000000000000002,1,923625000,0,-45,4.70625305723315,0,0,0.740075988769531,1.63,0,-5400.2158203125
100000000000000000000001,1,923625000,0,-46,3.65087427516783,0,0,0.740075988769531,1.63,0,-5400.2158203125
100000000000000000000004,1,923625000,0,-46.5,5.01918513796182,0,0,0.740075988769531,1.63,0,-5400.2158203125
100000000000000000000000,1,923625000,0,-48.5,2.76116541819415,0,0,0.740075988769531,1.63,0,-5400.2158203125
100000000000000000000002,1,923625000,0,-45.5,4.70011713408161,0,0,0.740075988769531,1.63,0,-5400.2158203125
100000000000000000000004,1,923625000,0,-46.5,4.99464144535565,0,0,0.740075988769531,1.63,0,-5400.2158203125
100000000000000000000003,1,923625000,0,-45,3.35634996389378,0,0,0.740075988769531,1.63,0,-5400.2158203125
100000000000000000000001,1,923625000,0,-46,3.61405873625857,0,0,0.740075988769531,1.63,0,-5400.2158203125
100000000000000000000000,1,923625000,0,-48.5,2.76116541819415,0,0,0.740075988769531,1.63,0,-5400.2158203125
E00000000000000000002005,1,923625000,0,-61.5,2.87774795807346,0,0,0.740075988769531,1.63,0,-5400.2158203125
100000000000000000000003,1,923625000,0,-45,3.35021404074224,0,0,0.740075988769531,1.63,0,-5400.2158203125
E00000000000000000002005,1,923625000,0,-61.5,2.95137903589197,0,0,0.740075988769531,1.63,0,-5400.2158203125
100000000000000000000004,1,923625000,0,-47,5.01304921481028,0,0,0.740075988769531,1.63,0,-5400.2158203125
100000000000000000000000,1,923625000,0,-48.5,2.75502949504261,0,0,0.740075988769531,1.63,0,-5400.2158203125
100000000000000000000001,1,923625000,0,-46,3.63860242886474,0,0,0.740075988769531,1.63,0,-5400.2158203125
100000000000000000000002,1,923625000,0,-45,4.71852490353623,0,0,0.740075988769531,1.63,0,-5400.2158203125
100000000000000000000000,1,923625000,0,-48.5,2.76116541819415,0,0,0.740075988769531,1.63,0,-5400.2158203125
100000000000000000000002,1,923625000,0,-45.5,4.71852490353623,0,0,0.740075988769531,1.63,0,-5400.2158203125
100000000000000000000001,1,923625000,0,-46,3.65087427516783,0,0,0.740075988769531,1.63,0,-5400.2158203125
100000000000000000000004,1,923625000,0,-46.5,5.0314569842649,0,0,0.740075988769531,1.63,0,-5400.2158203125
100000000000000000000003,1,923625000,0,-45,3.35021404074224,0,0,0.740075988769531,1.63,0,-5400.2158203125
E00000000000000000002005,1,923625000,0,-62,2.87774795807346,0,0,0.740075988769531,1.63,0,-5400.2158203125
100000000000000000000001,1,923625000,0,-46,3.65701019831937,0,0,0.740075988769531,1.63,0,-5400.2158203125
100000000000000000000003,1,923625000,0,-45,3.3440781175907,0,0,0.740075988769531,1.63,0,-5400.2158203125
E00000000000000000002005,1,923625000,0,-62.5,2.90842757383118,0,0,0.740075988769531,1.63,0,-5400.2158203125
100000000000000000000000,1,923625000,0,-48.5,2.76116541819415,0,0,0.740075988769531,1.63,0,-5400.2158203125
100000000000000000000004,1,923625000,0,-46.5,4.9885055222041,0,0,0.740075988769531,1.63,0,-5400.2158203125
100000000000000000000002,1,923625000,0,-45.5,4.71238898038469,0,0,0.740075988769531,1.63,0,-5400.2158203125
100000000000000000000002,1,923625000,0,-45,4.72466082668777,0,0,0.740075988769531,1.63,0,-5400.2158203125
100000000000000000000003,1,923625000,0,-45,3.3440781175907,0,0,0.740075988769531,1.63,0,-5400.2158203125
E00000000000000000002005,1,923625000,0,-62,2.9268353432858,0,0,0.740075988769531,1.63,0,-5400.2158203125
100000000000000000000000,1,923625000,0,-48.5,2.76116541819415,0,0,0.740075988769531,1.63,0,-5400.2158203125
100000000000000000000001,1,923625000,0,-46,3.62633058256166,0,0,0.740075988769531,1.63,0,-5400.2158203125
100000000000000000000004,1,923625000,0,-46.5,5.01918513796182,0,0,0.740075988769531,1.63,0,-5400.2158203125
100000000000000000000001,1,923625000,0,-46,3.6324665057132,0,0,0.740075988769531,1.63,0,-5400.2158203125
100000000000000000000004,1,923625000,0,-46.5,5.01918513796182,0,0,0.740075988769531,1.63,0,-5400.2158203125
100000000000000000000000,1,923625000,0,-48.5,2.77343726449724,0,0,0.740075988769531,1.63,0,-5400.2158203125
100000000000000000000003,1,923625000,0,-45,3.33180627128761,0,0,0.740075988769531,1.63,0,-5400.2158203125
100000000000000000000002,1,923625000,0,-45,4.69398121093006,0,0,0.740075988769531,1.63,0,-5400.2158203125
E00000000000000000002005,1,923625000,0,-62.5,2.85934018861884,0,0,0.740075988769531,1.63,0,-5400.2158203125
100000000000000000000004,1,923625000,0,-46.5,5.03759290741645,0,0,0.740075988769531,1.63,0,-5400.2158203125
E00000000000000000002005,1,923625000,0,-62.5,2.87161203492192,0,0,0.740075988769531,1.63,0,-5400.2158203125
100000000000000000000001,1,923625000,0,-46,3.63860242886474,0,0,0.740075988769531,1.63,0,-5400.2158203125
100000000000000000000002,1,923625000,0,-45,4.69398121093006,0,0,0.740075988769531,1.63,0,-5400.2158203125
100000000000000000000003,1,923625000,0,-45,3.33180627128761,0,0,0.740075988769531,1.63,0,-5400.2158203125
100000000000000000000000,1,923625000,0,-48.5,2.7673013413457,0,0,0.740075988769531,1.63,0,-5400.2158203125
100000000000000000000001,1,923625000,0,-46,3.63860242886474,0,0,0.740075988769531,1.63,0,-5400.2158203125
100000000000000000000004,1,923625000,0,-47,5.0314569842649,0,0,0.740075988769531,1.63,0,-5400.2158203125
100000000000000000000003,1,923625000,0,-45,3.35634996389378,0,0,0.740075988769531,1.63,0,-5400.2158203125
100000000000000000000000,1,923625000,0,-48.5,2.77343726449724,0,0,0.740075988769531,1.63,0,-5400.2158203125
100000000000000000000002,1,923625000,0,-45,4.69398121093006,0,0,0.740075988769531,1.63,0,-5400.2158203125
E00000000000000000002005,1,923625000,0,-61.5,2.85320426546729,0,0,0.740075988769531,1.63,0,-5400.2158203125
100000000000000000000001,1,923625000,0,-46,3.63860242886474,0,0,0.740075988769531,1.63,0,-5400.2158203125
E00000000000000000002005,1,923625000,0,-61.5,2.88388388122501,0,0,0.740075988769531,1.63,0,-5400.2158203125
100000000000000000000003,1,923625000,0,-45,3.36248588704533,0,0,0.740075988769531,1.63,0,-5400.2158203125
100000000000000000000000,1,923625000,0,-48.5,2.77957318764878,0,0,0.740075988769531,1.63,0,-5400.2158203125
100000000000000000000004,1,923625000,0,-46.5,5.01304921481028,0,0,0.740075988769531,1.63,0,-5400.2158203125
100000000000000000000002,1,923625000,0,-45.5,4.71238898038469,0,0,0.740075988769531,1.63,0,-5400.2158203125
100000000000000000000003,1,923625000,0,-45,3.35021404074224,0,0,0.740075988769531,1.63,0,-5400.2158203125
100000000000000000000004,1,923625000,0,-46.5,5.01918513796182,0,0,0.740075988769531,1.63,0,-5400.2158203125
100000000000000000000001,1,923625000,0,-46,3.62019465941011,0,0,0.740075988769531,1.63,0,-5400.2158203125
100000000000000000000002,1,923625000,0,-45,4.68784528777852,0,0,0.740075988769531,1.63,0,-5400.2158203125
100000000000000000000000,1,923625000,0,-48.5,2.76116541819415,0,0,0.740075988769531,1.63,0,-5400.2158203125
E00000000000000000002005,1,923625000,0,-62,2.95137903589197,0,0,0.740075988769531,1.63,0,-5400.2158203125
100000000000000000000000,1,923625000,0,-48.5,2.79184503395187,0,0,0.740075988769531,1.63,0,-5400.2158203125
100000000000000000000004,1,923625000,0,-46.5,5.00691329165873,0,0,0.740075988769531,1.63,0,-5400.2158203125
E00000000000000000002005,1,923625000,0,-62,2.90842757383118,0,0,0.740075988769531,1.63,0,-5400.2158203125
100000000000000000000001,1,923625000,0,-46,3.65701019831937,0,0,0.740075988769531,1.63,0,-5400.2158203125
100000000000000000000002,1,923625000,0,-45.5,4.70011713408161,0,0,0.740075988769531,1.63,0,-5400.2158203125
100000000000000000000003,1,923625000,0,-45,3.35021404074224,0,0,0.740075988769531,1.63,0,-5400.2158203125
100000000000000000000003,1,923625000,0,-45,3.3440781175907,0,0,0.740075988769531,1.63,0,-5400.2158203125
100000000000000000000004,1,923625000,0,-46.5,5.00691329165873,0,0,0.740075988769531,1.63,0,-5400.2158203125
E00000000000000000002005,1,923625000,0,-62,2.89615572752809,0,0,0.740075988769531,1.63,0,-5400.2158203125
100000000000000000000002,1,923625000,0,-45,4.71238898038469,0,0,0.740075988769531,1.63,0,-5400.2158203125
100000000000000000000001,1,923625000,0,-46,3.6324665057132,0,0,0.740075988769531,1.63,0,-5400.2158203125
100000000000000000000000,1,923625000,0,-48.5,2.75502949504261,0,0,0.740075988769531,1.63,0,-5400.2158203125
100000000000000000000004,1,923625000,0,-46.5,5.01918513796182,0,0,0.740075988769531,1.63,0,-5400.2158203125
E00000000000000000002005,1,923625000,0,-61.5,2.89001980437655,0,0,0.740075988769531,1.63,0,-5400.2158203125
100000000000000000000003,1,923625000,0,-45,3.3440781175907,0,0,0.740075988769531,1.63,0,-5400.2158203125
100000000000000000000000,1,923625000,0,-48.5,2.74889357189107,0,0,0.740075988769531,1.63,0,-5400.2158203125
100000000000000000000002,1,923625000,0,-45,4.70011713408161,0,0,0.740075988769531,1.63,0,-5400.2158203125
100000000000000000000001,1,923625000,0,-46,3.62019465941011,0,0,0.740075988769531,1.63,0,-5400.2158203125
100000000000000000000001,1,923625000,0,-46,3.62633058256166,0,0,0.740075988769531,1.63,0,-5400.2158203125
100000000000000000000003,1,923625000,0,-45,3.33794219443916,0,0,0.740075988769531,1.63,0,-5400.2158203125
100000000000000000000002,1,923625000,0,-45.5,4.70011713408161,0,0,0.740075988769531,1.63,0,-5400.2158203125
100000000000000000000004,1,923625000,0,-46.5,5.01304921481028,0,0,0.740075988769531,1.63,0,-5400.2158203125
100000000000000000000000,1,923625000,0,-48.5,2.77343726449724,0,0,0.740075988769531,1.63,0,-5400.2158203125
E00000000000000000002005,1,923625000,0,-62.5,2.95751495904352,0,0,0.740075988769531,1.63,0,-5400.2158203125
100000000000000000000004,1,923625000,0,-46.5,5.01918513796182,0,0,0.740075988769531,1.63,0,-5400.2158203125
100000000000000000000002,1,923625000,0,-45,4.68784528777852,0,0,0.740075988769531,1.63,0,-5400.2158203125
100000000000000000000000,1,923625000,0,-48.5,2.77343726449724,0,0,0.740075988769531,1.63,0,-5400.2158203125
100000000000000000000001,1,923625000,0,-46,3.63860242886474,0,0,0.740075988769531,1.63,0,-5400.2158203125
E00000000000000000002005,1,923625000,0,-62,2.91456349698272,0,0,0.740075988769531,1.63,0,-5400.2158203125
100000000000000000000003,1,923625000,0,-45,3.35021404074224,0,0,0.740075988769531,1.63,0,-5400.2158203125
100000000000000000000002,1,923625000,0,-45.5,4.70625305723315,0,0,0.740075988769531,1.63,0,-5400.2158203125
100000000000000000000003,1,923625000,0,-45,3.33180627128761,0,0,0.740075988769531,1.63,0,-5400.2158203125
100000000000000000000001,1,923625000,0,-46,3.62633058256166,0,0,0.740075988769531,1.63,0,-5400.2158203125
100000000000000000000004,1,923625000,0,-46.5,5.01918513796182,0,0,0.740075988769531,1.63,0,-5400.2158203125
100000000000000000000000,1,923625000,0,-48.5,2.77343726449724,0,0,0.740075988769531,1.63,0,-5400.2158203125
E00000000000000000002005,1,923625000,0,-61.5,2.96365088219506,0,0,0.740075988769531,1.63,0,-5400.2158203125
100000000000000000000004,1,923625000,0,-46.5,5.00691329165873,0,0,0.740075988769531,1.63,0,-5400.2158203125
100000000000000000000003,1,923625000,0,-45,3.35021404074224,0,0,0.740075988769531,1.63,0,-5400.2158203125
100000000000000000000001,1,923625000,0,-46,3.63860242886474,0,0,0.740075988769531,1.63,0,-5400.2158203125
100000000000000000000002,1,923625000,0,-45,4.72466082668777,0,0,0.740075988769531,1.63,0,-5400.2158203125
100000000000000000000000,1,923625000,0,-48.5,2.76116541819415,0,0,0.740075988769531,1.63,0,-5400.2158203125
E00000000000000000002005,1,923625000,0,-62,2.77957318764878,0,0,0.740075988769531,1.63,0,-5400.2158203125
E00000000000000000002005,1,923625000,0,-62.5,2.91456349698272,0,0,0.740075988769531,1.63,0,-5400.2158203125
100000000000000000000004,1,923625000,0,-46.5,5.00691329165873,0,0,0.740075988769531,1.63,0,-5400.2158203125
100000000000000000000002,1,923625000,0,-45.5,4.70011713408161,0,0,0.740075988769531,1.63,0,-5400.2158203125
100000000000000000000001,1,923625000,0,-46,3.65087427516783,0,0,0.740075988769531,1.63,0,-5400.2158203125
100000000000000000000003,1,923625000,0,-45,3.35021404074224,0,0,0.740075988769531,1.63,0,-5400.2158203125
100000000000000000000000,1,923625000,0,-48.5,2.79798095710341,0,0,0.740075988769531,1.63,0,-5400.2158203125
100000000000000000000001,1,923625000,0,-46,3.63860242886474,0,0,0.740075988769531,1.63,0,-5400.2158203125
100000000000000000000002,1,923625000,0,-45.5,4.70011713408161,0,0,0.740075988769531,1.63,0,-5400.2158203125
E00000000000000000002005,1,923625000,0,-62.5,2.93910718958889,0,0,0.740075988769531,1.63,0,-5400.2158203125
100000000000000000000000,1,923625000,0,-48.5,2.74275764873953,0,0,0.740075988769531,1.63,0,-5400.2158203125
100000000000000000000003,1,923625000,0,-45,3.32567034813607,0,0,0.740075988769531,1.63,0,-5400.2158203125
100000000000000000000004,1,923625000,0,-46.5,5.01304921481028,0,0,0.740075988769531,1.63,0,-5400.2158203125
100000000000000000000002,1,923625000,0,-45,4.69398121093006,0,0,0.740075988769531,1.63,0,-5400.2158203125
100000000000000000000001,1,923625000,0,-46,3.62633058256166,0,0,0.740075988769531,1.63,0,-5400.2158203125
E00000000000000000002005,1,923625000,0,-61.5,3.00660234425586,0,0,0.740075988769531,1.63,0,-5400.2158203125
100000000000000000000000,1,923625000,0,-48.5,2.76116541819415,0,0,0.740075988769531,1.63,0,-5400.2158203125
100000000000000000000003,1,923625000,0,-45,3.33180627128761,0,0,0.740075988769531,1.63,0,-5400.2158203125
100000000000000000000004,1,923625000,0,-46.5,5.00077736850719,0,0,0.740075988769531,1.63,0,-5400.2158203125
100000000000000000000003,1,923625000,0,-45,3.35021404074224,0,0,0.740075988769531,1.63,0,-5400.2158203125
E00000000000000000002005,1,923625000,0,-62.5,2.90229165067963,0,0,0.740075988769531,1.63,0,-5400.2158203125
100000000000000000000004,1,923625000,0,-46.5,5.01304921481028,0,0,0.740075988769531,1.63,0,-5400.2158203125
100000000000000000000001,1,923625000,0,-46,3.61405873625857,0,0,0.740075988769531,1.63,0,-5400.2158203125
100000000000000000000002,1,923625000,0,-45.5,4.70625305723315,0,0,0.740075988769531,1.63,0,-5400.2158203125
100000000000000000000000,1,923625000,0,-48.5,2.77957318764878,0,0,0.740075988769531,1.63,0,-5400.2158203125
100000000000000000000004,1,923625000,0,-46.5,5.00077736850719,0,0,0.740075988769531,1.63,0,-5400.2158203125
100000000000000000000000,1,923625000,0,-48.5,2.77957318764878,0,0,0.740075988769531,1.63,0,-5400.2158203125
100000000000000000000001,1,923625000,0,-46,3.64473835201628,0,0,0.740075988769531,1.63,0,-5400.2158203125
100000000000000000000002,1,923625000,0,-45,4.67557344147543,0,0,0.740075988769531,1.63,0,-5400.2158203125
100000000000000000000003,1,923625000,0,-45,3.33180627128761,0,0,0.740075988769531,1.63,0,-5400.2158203125
E00000000000000000002005,1,923625000,0,-62,2.87774795807346,0,0,0.740075988769531,1.63,0,-5400.2158203125
100000000000000000000004,1,923625000,0,-46.5,4.99464144535565,0,0,0.740075988769531,1.63,0,-5400.2158203125
100000000000000000000003,1,923625000,0,-45,3.35021404074224,0,0,0.740075988769531,1.63,0,-5400.2158203125
100000000000000000000000,1,923625000,0,-48.5,2.76116541819415,0,0,0.740075988769531,1.63,0,-5400.2158203125
100000000000000000000002,1,923625000,0,-45,4.70011713408161,0,0,0.740075988769531,1.63,0,-5400.2158203125
E00000000000000000002005,1,923625000,0,-62,2.82252464970958,0,0,0.740075988769531,1.63,0,-5400.2158203125
100000000000000000000001,1,923625000,0,-46,3.62633058256166,0,0,0.740075988769531,1.63,0,-5400.2158203125
100000000000000000000004,1,923625000,0,-47,5.0314569842649,0,0,0.740075988769531,1.63,0,-5400.2158203125
100000000000000000000003,1,923625000,0,-45,3.3440781175907,0,0,0.740075988769531,1.63,0,-5400.2158203125
100000000000000000000002,1,923625000,0,-45,4.70011713408161,0,0,0.740075988769531,1.63,0,-5400.2158203125
100000000000000000000001,1,923625000,0,-46,3.62019465941011,0,0,0.740075988769531,1.63,0,-5400.2158203125
100000000000000000000000,1,923625000,0,-48.5,2.76116541819415,0,0,0.740075988769531,1.63,0,-5400.2158203125
E00000000000000000002005,1,923625000,0,-62,2.87774795807346,0,0,0.740075988769531,1.63,0,-5400.2158203125
100000000000000000000001,1,923625000,0,-46,3.6324665057132,0,0,0.740075988769531,1.63,0,-5400.2158203125
E00000000000000000002005,1,923625000,0,-62,2.82866057286112,0,0,0.740075988769531,1.63,0,-5400.2158203125
100000000000000000000002,1,923625000,0,-45.5,4.70625305723315,0,0,0.740075988769531,1.63,0,-5400.2158203125
100000000000000000000000,1,923625000,0,-48.5,2.78570911080032,0,0,0.740075988769531,1.63,0,-5400.2158203125
100000000000000000000004,1,923625000,0,-47,5.01918513796182,0,0,0.740075988769531,1.63,0,-5400.2158203125
100000000000000000000003,1,923625000,0,-45,3.32567034813607,0,0,0.740075988769531,1.63,0,-5400.2158203125
100000000000000000000000,1,923625000,0,-48.5,2.77957318764878,0,0,0.740075988769531,1.63,0,-5400.2158203125
100000000000000000000001,1,923625000,0,-46,3.63860242886474,0,0,0.740075988769531,1.63,0,-5400.2158203125
100000000000000000000002,1,923625000,0,-45,4.68784528777852,0,0,0.740075988769531,1.63,0,-5400.2158203125
E00000000000000000002005,1,923625000,0,-62.5,2.87774795807346,0,0,0.740075988769531,1.63,0,-5400.2158203125
100000000000000000000004,1,923625000,0,-46.5,4.9885055222041,0,0,0.740075988769531,1.63,0,-5400.2158203125
100000000000000000000003,1,923625000,0,-45,3.35021404074224,0,0,0.740075988769531,1.63,0,-5400.2158203125
100000000000000000000003,1,923625000,0,-45,3.35021404074224,0,0,0.740075988769531,1.63,0,-5400.2158203125
100000000000000000000002,1,923625000,0,-45,4.70625305723315,0,0,0.740075988769531,1.63,0,-5400.2158203125
E00000000000000000002005,1,923625000,0,-62,2.92069942013426,0,0,0.740075988769531,1.63,0,-5400.2158203125
100000000000000000000004,1,923625000,0,-46.5,5.01304921481028,0,0,0.740075988769531,1.63,0,-5400.2158203125
100000000000000000000001,1,923625000,0,-46,3.62633058256166,0,0,0.740075988769531,1.63,0,-5400.2158203125
100000000000000000000000,1,923625000,0,-48.5,2.76116541819415,0,0,0.740075988769531,1.63,0,-5400.2158203125
100000000000000000000004,1,923625000,0,-47,5.02532106111336,0,0,0.740075988769531,1.63,0,-5400.2158203125
100000000000000000000002,1,923625000,0,-45,4.70625305723315,0,0,0.740075988769531,1.63,0,-5400.2158203125
100000000000000000000001,1,923625000,0,-46,3.63860242886474,0,0,0.740075988769531,1.63,0,-5400.2158203125
100000000000000000000000,1,923625000,0,-48.5,2.76116541819415,0,0,0.740075988769531,1.63,0,-5400.2158203125
E00000000000000000002005,1,923625000,0,-62,2.90229165067963,0,0,0.740075988769531,1.63,0,-5400.2158203125
100000000000000000000003,1,923625000,0,-45,3.35021404074224,0,0,0.740075988769531,1.63,0,-5400.2158203125
100000000000000000000001,1,923625000,0,-46,3.62019465941011,0,0,0.740075988769531,1.63,0,-5400.2158203125
100000000000000000000004,1,923625000,0,-46.5,5.00691329165873,0,0,0.740075988769531,1.63,0,-5400.2158203125
100000000000000000000002,1,923625000,0,-45,4.69398121093006,0,0,0.740075988769531,1.63,0,-5400.2158203125
100000000000000000000003,1,923625000,0,-45,3.3440781175907,0,0,0.740075988769531,1.63,0,-5400.2158203125
100000000000000000000000,1,923625000,0,-48.5,2.75502949504261,0,0,0.740075988769531,1.63,0,-5400.2158203125
E00000000000000000002005,1,923625000,0,-62,2.85320426546729,0,0,0.740075988769531,1.63,0,-5400.2158203125
100000000000000000000000,1,923625000,0,-48.5,2.76116541819415,0,0,0.740075988769531,1.63,0,-5400.2158203125
100000000000000000000002,1,923625000,0,-45,4.69398121093006,0,0,0.740075988769531,1.63,0,-5400.2158203125
100000000000000000000003,1,923625000,0,-45,3.35634996389378,0,0,0.740075988769531,1.63,0,-5400.2158203125
100000000000000000000004,1,923625000,0,-46.5,5.01918513796182,0,0,0.740075988769531,1.63,0,-5400.2158203125
100000000000000000000001,1,923625000,0,-46,3.63860242886474,0,0,0.740075988769531,1.63,0,-5400.2158203125
E00000000000000000002005,1,923625000,0,-61.5,2.93910718958889,0,0,0.740075988769531,1.63,0,-5400.2158203125
100000000000000000000002,1,923625000,0,-45.5,4.71238898038469,0,0,0.740075988769531,1.63,0,-5400.2158203125
100000000000000000000004,1,923625000,0,-46.5,5.0314569842649,0,0,0.740075988769531,1.63,0,-5400.2158203125
100000000000000000000001,1,923625000,0,-46,3.65087427516783,0,0,0.740075988769531,1.63,0,-5400.2158203125
100000000000000000000003,1,923625000,0,-45,3.33180627128761,0,0,0.740075988769531,1.63,0,-5400.2158203125
E00000000000000000002005,1,923625000,0,-62,2.88388388122501,0,0,0.740075988769531,1.63,0,-5400.2158203125
100000000000000000000000,1,923625000,0,-48.5,2.7673013413457,0,0,0.740075988769531,1.63,0,-5400.2158203125
100000000000000000000002,1,923625000,0,-45,4.70011713408161,0,0,0.740075988769531,1.63,0,-5400.2158203125
100000000000000000000001,1,923625000,0,-46,3.6324665057132,0,0,0.740075988769531,1.63,0,-5400.2158203125
100000000000000000000003,1,923625000,0,-45,3.35634996389378,0,0,0.740075988769531,1.63,0,-5400.2158203125
100000000000000000000004,1,923625000,0,-47,5.01304921481028,0,0,0.740075988769531,1.63,0,-5400.2158203125
100000000000000000000000,1,923625000,0,-48.5,2.7673013413457,0,0,0.740075988769531,1.63,0,-5400.2158203125
E00000000000000000002005,1,923625000,0,-62,2.82252464970958,0,0,0.740075988769531,1.63,0,-5400.2158203125
100000000000000000000003,1,923625000,0,-45,3.35634996389378,0,0,0.740075988769531,1.63,0,-5400.2158203125
100000000000000000000002,1,923625000,0,-45,4.68784528777852,0,0,0.740075988769531,1.63,0,-5400.2158203125
100000000000000000000001,1,923625000,0,-46,3.61405873625857,0,0,0.740075988769531,1.63,0,-5400.2158203125
100000000000000000000004,1,923625000,0,-46.5,5.01304921481028,0,0,0.740075988769531,1.63,0,-5400.2158203125
100000000000000000000000,1,923625000,0,-48.5,2.75502949504261,0,0,0.740075988769531,1.63,0,-5400.2158203125
E00000000000000000002005,1,923625000,0,-61.5,2.9268353432858,0,0,0.740075988769531,1.63,0,-5400.2158203125
100000000000000000000002,1,923625000,0,-45,4.70625305723315,0,0,0.740075988769531,1.63,0,-5400.2158203125
100000000000000000000001,1,923625000,0,-46,3.6324665057132,0,0,0.740075988769531,1.63,0,-5400.2158203125
100000000000000000000004,1,923625000,0,-46.5,5.00077736850719,0,0,0.740075988769531,1.63,0,-5400.2158203125
100000000000000000000003,1,923625000,0,-45,3.3440781175907,0,0,0.740075988769531,1.63,0,-5400.2158203125
100000000000000000000000,1,923625000,0,-48.5,2.75502949504261,0,0,0.740075988769531,1.63,0,-5400.2158203125
100000000000000000000002,1,923625000,0,-45,4.71238898038469,0,0,0.740075988769531,1.63,0,-5400.2158203125
E00000000000000000002005,1,923625000,0,-61.5,2.82866057286112,0,0,0.740075988769531,1.63,0,-5400.2158203125
100000000000000000000003,1,923625000,0,-45,3.36862181019687,0,0,0.740075988769531,1.63,0,-5400.2158203125
100000000000000000000004,1,923625000,0,-46.5,5.00691329165873,0,0,0.740075988769531,1.63,0,-5400.2158203125
100000000000000000000001,1,923625000,0,-46,3.63860242886474,0,0,0.740075988769531,1.63,0,-5400.2158203125
100000000000000000000000,1,923625000,0,-48.5,2.77343726449724,0,0,0.740075988769531,1.63,0,-5400.2158203125
100000000000000000000003,1,923625000,0,-45,3.33180627128761,0,0,0.740075988769531,1.63,0,-5400.2158203125
100000000000000000000001,1,923625000,0,-46,3.65087427516783,0,0,0.740075988769531,1.63,0,-5400.2158203125
100000000000000000000002,1,923625000,0,-45,4.71852490353623,0,0,0.740075988769531,1.63,0,-5400.2158203125
E00000000000000000002005,1,923625000,0,-62.5,2.87161203492192,0,0,0.740075988769531,1.63,0,-5400.2158203125
100000000000000000000004,1,923625000,0,-46.5,5.01918513796182,0,0,0.740075988769531,1.63,0,-5400.2158203125
100000000000000000000000,1,923625000,0,-48.5,2.78570911080032,0,0,0.740075988769531,1.63,0,-5400.2158203125
E00000000000000000002005,1,923625000,0,-62,2.87774795807346,0,0,0.740075988769531,1.63,0,-5400.2158203125
100000000000000000000004,1,923625000,0,-46.5,5.03759290741645,0,0,0.740075988769531,1.63,0,-5400.2158203125
100000000000000000000002,1,923625000,0,-45,4.70625305723315,0,0,0.740075988769531,1.63,0,-5400.2158203125
100000000000000000000001,1,923625000,0,-46,3.62633058256166,0,0,0.740075988769531,1.63,0,-5400.2158203125
100000000000000000000003,1,923625000,0,-45,3.3440781175907,0,0,0.740075988769531,1.63,0,-5400.2158203125
100000000000000000000000,1,923625000,0,-48.5,2.77343726449724,0,0,0.740075988769531,1.63,0,-5400.2158203125
100000000000000000000001,1,923625000,0,-46,3.62019465941011,0,0,0.740075988769531,1.63,0,-5400.2158203125
100000000000000000000003,1,923625000,0,-45,3.33180627128761,0,0,0.740075988769531,1.63,0,-5400.2158203125
100000000000000000000004,1,923625000,0,-46.5,5.01304921481028,0,0,0.740075988769531,1.63,0,-5400.2158203125
100000000000000000000002,1,923625000,0,-45,4.70011713408161,0,0,0.740075988769531,1.63,0,-5400.2158203125
E00000000000000000002005,1,923625000,0,-62,2.84706834231575,0,0,0.740075988769531,1.63,0,-5400.2158203125
100000000000000000000000,1,923625000,0,-48.5,2.77957318764878,0,0,0.740075988769531,1.63,0,-5400.2158203125
100000000000000000000001,1,923625000,0,-46,3.65087427516783,0,0,0.740075988769531,1.63,0,-5400.2158203125
100000000000000000000000,1,923625000,0,-48.5,2.77957318764878,0,0,0.740075988769531,1.63,0,-5400.2158203125
100000000000000000000003,1,923625000,0,-45,3.35021404074224,0,0,0.740075988769531,1.63,0,-5400.2158203125
100000000000000000000004,1,923625000,0,-46.5,5.02532106111336,0,0,0.740075988769531,1.63,0,-5400.2158203125
100000000000000000000002,1,923625000,0,-45,4.68170936462698,0,0,0.740075988769531,1.63,0,-5400.2158203125
E00000000000000000002005,1,923625000,0,-62,2.94524311274043,0,0,0.740075988769531,1.63,0,-5400.2158203125
100000000000000000000000,1,923625000,0,-48.5,2.76116541819415,0,0,0.740075988769531,1.63,0,-5400.2158203125
E00000000000000000002005,1,923625000,0,-62,3.00046642110431,0,0,0.740075988769531,1.63,0,-5400.2158203125
100000000000000000000001,1,923625000,0,-46,3.62019465941011,0,0,0.740075988769531,1.63,0,-5400.2158203125
100000000000000000000003,1,923625000,0,-45,3.3440781175907,0,0,0.740075988769531,1.63,0,-5400.2158203125
100000000000000000000002,1,923625000,0,-45,4.70011713408161,0,0,0.740075988769531,1.63,0,-5400.2158203125
100000000000000000000004,1,923625000,0,-46.5,5.00691329165873,0,0,0.740075988769531,1.63,0,-5400.2158203125
E00000000000000000002005,1,923625000,0,-61.5,2.88388388122501,0,0,0.740075988769531,1.63,0,-5400.2158203125
100000000000000000000004,1,923625000,0,-46.5,5.00077736850719,0,0,0.740075988769531,1.63,0,-5400.2158203125
100000000000000000000002,1,923625000,0,-45.5,4.70011713408161,0,0,0.740075988769531,1.63,0,-5400.2158203125
100000000000000000000001,1,923625000,0,-46,3.63860242886474,0,0,0.740075988769531,1.63,0,-5400.2158203125
100000000000000000000003,1,923625000,0,-45,3.35634996389378,0,0,0.740075988769531,1.63,0,-5400.2158203125
100000000000000000000000,1,923625000,0,-48.5,2.74889357189107,0,0,0.740075988769531,1.63,0,-5400.2158203125
100000000000000000000003,1,923625000,0,-45,3.33794219443916,0,0,0.740075988769531,1.63,0,-5400.2158203125
100000000000000000000001,1,923625000,0,-46,3.6324665057132,0,0,0.740075988769531,1.63,0,-5400.2158203125
100000000000000000000000,1,923625000,0,-48.5,2.76116541819415,0,0,0.740075988769531,1.63,0,-5400.2158203125
100000000000000000000004,1,923625000,0,-46.5,5.01304921481028,0,0,0.740075988769531,1.63,0,-5400.2158203125
100000000000000000000002,1,923625000,0,-45.5,4.70625305723315,0,0,0.740075988769531,1.63,0,-5400.2158203125
E00000000000000000002005,1,923625000,0,-62,2.9268353432858,0,0,0.740075988769531,1.63,0,-5400.2158203125
100000000000000000000002,1,923625000,0,-45.5,4.71238898038469,0,0,0.740075988769531,1.63,0,-5400.2158203125
100000000000000000000000,1,923625000,0,-48.5,2.79798095710341,0,0,0.740075988769531,1.63,0,-5400.2158203125
100000000000000000000003,1,923625000,0,-45,3.33794219443916,0,0,0.740075988769531,1.63,0,-5400.2158203125
100000000000000000000001,1,923625000,0,-46,3.65087427516783,0,0,0.740075988769531,1.63,0,-5400.2158203125
100000000000000000000004,1,923625000,0,-46.5,5.00691329165873,0,0,0.740075988769531,1.63,0,-5400.2158203125
E00000000000000000002005,1,923625000,0,-62,2.9268353432858,0,0,0.740075988769531,1.63,0,-5400.2158203125
100000000000000000000003,1,923625000,0,-45,3.35021404074224,0,0,0.740075988769531,1.63,0,-5400.2158203125
100000000000000000000002,1,923625000,0,-45,4.70011713408161,0,0,0.740075988769531,1.63,0,-5400.2158203125
100000000000000000000001,1,923625000,0,-46,3.62633058256166,0,0,0.740075988769531,1.63,0,-5400.2158203125
100000000000000000000004,1,923625000,0,-46.5,5.00691329165873,0,0,0.740075988769531,1.63,0,-5400.2158203125
E00000000000000000002005,1,923625000,0,-61.5,2.81638872655804,0,0,0.740075988769531,1.63,0,-5400.2158203125
100000000000000000000000,1,923625000,0,-48.5,2.76116541819415,0,0,0.740075988769531,1.63,0,-5400.2158203125
E00000000000000000002005,1,923625000,0,-62,2.9268353432858,0,0,0.740075988769531,1.63,0,-5400.2158203125
100000000000000000000000,1,923625000,0,-48.5,2.7673013413457,0,0,0.740075988769531,1.63,0,-5400.2158203125
100000000000000000000001,1,923625000,0,-46,3.65701019831937,0,0,0.740075988769531,1.63,0,-5400.2158203125
100000000000000000000003,1,923625000,0,-45,3.35021404074224,0,0,0.740075988769531,1.63,0,-5400.2158203125
100000000000000000000002,1,923625000,0,-45.5,4.70011713408161,0,0,0.740075988769531,1.63,0,-5400.2158203125
100000000000000000000004,1,923625000,0,-46.5,5.00691329165873,0,0,0.740075988769531,1.63,0,-5400.2158203125
100000000000000000000001,1,923625000,0,-46,3.6324665057132,0,0,0.740075988769531,1.63,0,-5400.2158203125
100000000000000000000000,1,923625000,0,-48.5,2.75502949504261,0,0,0.740075988769531,1.63,0,-5400.2158203125
100000000000000000000003,1,923625000,0,-45,3.36248588704533,0,0,0.740075988769531,1.63,0,-5400.2158203125
100000000000000000000002,1,923625000,0,-45,4.71238898038469,0,0,0.740075988769531,1.63,0,-5400.2158203125
E00000000000000000002005,1,923625000,0,-61.5,2.93297126643735,0,0,0.740075988769531,1.63,0,-5400.2158203125
100000000000000000000004,1,923625000,0,-46.5,5.01304921481028,0,0,0.740075988769531,1.63,0,-5400.2158203125
100000000000000000000000,1,923625000,0,-48.5,2.7673013413457,0,0,0.740075988769531,1.63,0,-5400.2158203125
100000000000000000000002,1,923625000,0,-45.5,4.70625305723315,0,0,0.740075988769531,1.63,0,-5400.2158203125
100000000000000000000004,1,923625000,0,-46.5,5.0314569842649,0,0,0.740075988769531,1.63,0,-5400.2158203125
E00000000000000000002005,1,923625000,0,-61.5,2.99433049795277,0,0,0.740075988769531,1.63,0,-5400.2158203125
100000000000000000000001,1,923625000,0,-46,3.63860242886474,0,0,0.740075988769531,1.63,0,-5400.2158203125
100000000000000000000003,1,923625000,0,-45,3.32567034813607,0,0,0.740075988769531,1.63,0,-5400.2158203125
100000000000000000000003,1,923625000,0,-45,3.33794219443916,0,0,0.740075988769531,1.63,0,-5400.2158203125
E00000000000000000002005,1,923625000,0,-62,2.84093241916421,0,0,0.740075988769531,1.63,0,-5400.2158203125
100000000000000000000004,1,923625000,0,-46.5,5.01918513796182,0,0,0.740075988769531,1.63,0,-5400.2158203125
100000000000000000000001,1,923625000,0,-46,3.64473835201628,0,0,0.740075988769531,1.63,0,-5400.2158203125
100000000000000000000000,1,923625000,0,-48.5,2.7673013413457,0,0,0.740075988769531,1.63,0,-5400.2158203125
100000000000000000000002,1,923625000,0,-45.5,4.71238898038469,0,0,0.740075988769531,1.63,0,-5400.2158203125
100000000000000000000004,1,923625000,0,-46.5,5.00691329165873,0,0,0.740075988769531,1.63,0,-5400.2158203125
100000000000000000000001,1,923625000,0,-46,3.60792281310703,0,0,0.740075988769531,1.63,0,-5400.2158203125
E00000000000000000002005,1,923625000,0,-62.5,2.85934018861884,0,0,0.740075988769531,1.63,0,-5400.2158203125
100000000000000000000002,1,923625000,0,-45,4.70625305723315,0,0,0.740075988769531,1.63,0,-5400.2158203125
100000000000000000000000,1,923625000,0,-48.5,2.77343726449724,0,0,0.740075988769531,1.63,0,-5400.2158203125
100000000000000000000003,1,923625000,0,-45,3.35021404074224,0,0,0.740075988769531,1.63,0,-5400.2158203125
100000000000000000000000,1,923625000,0,-48.5,2.75502949504261,0,0,0.740075988769531,1.63,0,-5400.2158203125
100000000000000000000001,1,923625000,0,-46,3.62633058256166,0,0,0.740075988769531,1.63,0,-5400.2158203125
100000000000000000000002,1,923625000,0,-45,4.70625305723315,0,0,0.740075988769531,1.63,0,-5400.2158203125
100000000000000000000003,1,923625000,0,-45,3.33794219443916,0,0,0.740075988769531,1.63,0,-5400.2158203125
100000000000000000000004,1,923625000,0,-47,5.00077736850719,0,0,0.740075988769531,1.63,0,-5400.2158203125
E00000000000000000002005,1,923625000,0,-62,2.84706834231575,0,0,0.740075988769531,1.63,0,-5400.2158203125
100000000000000000000000,1,923625000,0,-48.5,2.76116541819415,0,0,0.740075988769531,1.63,0,-5400.2158203125
100000000000000000000002,1,923625000,0,-45,4.70625305723315,0,0,0.740075988769531,1.63,0,-5400.2158203125
100000000000000000000001,1,923625000,0,-46,3.63860242886474,0,0,0.740075988769531,1.63,0,-5400.2158203125
E00000000000000000002005,1,923625000,0,-62,2.89615572752809,0,0,0.740075988769531,1.63,0,-5400.2158203125
100000000000000000000003,1,923625000,0,-45,3.33180627128761,0,0,0.740075988769531,1.63,0,-5400.2158203125
100000000000000000000004,1,923625000,0,-47,5.00691329165873,0,0,0.740075988769531,1.63,0,-5400.2158203125
100000000000000000000000,1,923625000,0,-48.5,2.76116541819415,0,0,0.740075988769531,1.63,0,-5400.2158203125
100000000000000000000003,1,923625000,0,-45,3.35021404074224,0,0,0.740075988769531,1.63,0,-5400.2158203125
E00000000000000000002005,1,923625000,0,-62,2.93297126643735,0,0,0.740075988769531,1.63,0,-5400.2158203125
100000000000000000000001,1,923625000,0,-46,3.62633058256166,0,0,0.740075988769531,1.63,0,-5400.2158203125
100000000000000000000002,1,923625000,0,-45,4.69398121093006,0,0,0.740075988769531,1.63,0,-5400.2158203125
100000000000000000000004,1,923625000,0,-46.5,5.00077736850719,0,0,0.740075988769531,1.63,0,-5400.2158203125
E00000000000000000002005,1,923625000,0,-62,2.91456349698272,0,0,0.740075988769531,1.63,0,-5400.2158203125
100000000000000000000000,1,923625000,0,-48.5,2.7673013413457,0,0,0.740075988769531,1.63,0,-5400.2158203125
100000000000000000000001,1,923625000,0,-46,3.61405873625857,0,0,0.740075988769531,1.63,0,-5400.2158203125
100000000000000000000004,1,923625000,0,-46.5,5.01304921481028,0,0,0.740075988769531,1.63,0,-5400.2158203125
100000000000000000000002,1,923625000,0,-45,4.70011713408161,0,0,0.740075988769531,1.63,0,-5400.2158203125
100000000000000000000003,1,923625000,0,-45,3.36248588704533,0,0,0.740075988769531,1.63,0,-5400.2158203125
100000000000000000000004,1,923625000,0,-46.5,5.00691329165873,0,0,0.740075988769531,1.63,0,-5400.2158203125
100000000000000000000001,1,923625000,0,-46,3.63860242886474,0,0,0.740075988769531,1.63,0,-5400.2158203125
100000000000000000000000,1,923625000,0,-48.5,2.76116541819415,0,0,0.740075988769531,1.63,0,-5400.2158203125
E00000000000000000002005,1,923625000,0,-62.5,2.96365088219506,0,0,0.740075988769531,1.63,0,-5400.2158203125
100000000000000000000002,1,923625000,0,-45.5,4.70625305723315,0,0,0.740075988769531,1.63,0,-5400.2158203125
100000000000000000000003,1,923625000,0,-45,3.35021404074224,0,0,0.740075988769531,1.63,0,-5400.2158203125
100000000000000000000002,1,923625000,0,-45,4.68784528777852,0,0,0.740075988769531,1.63,0,-5400.2158203125
100000000000000000000003,1,923625000,0,-45,3.35021404074224,0,0,0.740075988769531,1.63,0,-5400.2158203125
100000000000000000000001,1,923625000,0,-46,3.63860242886474,0,0,0.740075988769531,1.63,0,-5400.2158203125
E00000000000000000002005,1,923625000,0,-62,2.90842757383118,0,0,0.740075988769531,1.63,0,-5400.2158203125
100000000000000000000000,1,923625000,0,-48.5,2.74889357189107,0,0,0.740075988769531,1.63,0,-5400.2158203125
100000000000000000000004,1,923625000,0,-46.5,5.01918513796182,0,0,0.740075988769531,1.63,0,-5400.2158203125
100000000000000000000000,1,923625000,0,-48.5,2.74889357189107,0,0,0.740075988769531,1.63,0,-5400.2158203125
100000000000000000000004,1,923625000,0,-46.5,5.01918513796182,0,0,0.740075988769531,1.63,0,-5400.2158203125
E00000000000000000002005,1,923625000,0,-62.5,3.01887419055894,0,0,0.740075988769531,1.63,0,-5400.2158203125
100000000000000000000001,1,923625000,0,-46,3.64473835201628,0,0,0.740075988769531,1.63,0,-5400.2158203125
100000000000000000000002,1,923625000,0,-45,4.71238898038469,0,0,0.740075988769531,1.63,0,-5400.2158203125
100000000000000000000003,1,923625000,0,-45,3.35634996389378,0,0,0.740075988769531,1.63,0,-5400.2158203125
100000000000000000000001,1,923625000,0,-46,3.61405873625857,0,0,0.740075988769531,1.63,0,-5400.2158203125
100000000000000000000002,1,923625000,0,-45,4.71238898038469,0,0,0.740075988769531,1.63,0,-5400.2158203125
100000000000000000000003,1,923625000,0,-45,3.33794219443916,0,0,0.740075988769531,1.63,0,-5400.2158203125
100000000000000000000000,1,923625000,0,-48.5,2.76116541819415,0,0,0.740075988769531,1.63,0,-5400.2158203125
100000000000000000000004,1,923625000,0,-46.5,5.02532106111336,0,0,0.740075988769531,1.63,0,-5400.2158203125
E00000000000000000002005,1,923625000,0,-62,2.91456349698272,0,0,0.740075988769531,1.63,0,-5400.2158203125
100000000000000000000000,1,923625000,0,-48.5,2.74275764873953,0,0,0.740075988769531,1.63,0,-5400.2158203125
E00000000000000000002005,1,923625000,0,-62,2.88388388122501,0,0,0.740075988769531,1.63,0,-5400.2158203125
100000000000000000000001,1,923625000,0,-46,3.6324665057132,0,0,0.740075988769531,1.63,0,-5400.2158203125
100000000000000000000004,1,923625000,0,-46.5,5.00691329165873,0,0,0.740075988769531,1.63,0,-5400.2158203125
100000000000000000000002,1,923625000,0,-45,4.71852490353623,0,0,0.740075988769531,1.63,0,-5400.2158203125
100000000000000000000003,1,923625000,0,-45,3.31953442498453,0,0,0.740075988769531,1.63,0,-5400.2158203125
100000000000000000000004,1,923625000,0,-46.5,5.00691329165873,0,0,0.740075988769531,1.63,0,-5400.2158203125
E00000000000000000002005,1,923625000,0,-62,2.87774795807346,0,0,0.740075988769531,1.63,0,-5400.2158203125
100000000000000000000002,1,923625000,0,-45,4.70625305723315,0,0,0.740075988769531,1.63,0,-5400.2158203125
100000000000000000000003,1,923625000,0,-45,3.36248588704533,0,0,0.740075988769531,1.63,0,-5400.2158203125
100000000000000000000001,1,923625000,0,-46,3.62633058256166,0,0,0.740075988769531,1.63,0,-5400.2158203125
100000000000000000000000,1,923625000,0,-48.5,2.7673013413457,0,0,0.740075988769531,1.63,0,-5400.2158203125
100000000000000000000000,1,923625000,0,-48.5,2.76116541819415,0,0,0.740075988769531,1.63,0,-5400.2158203125
100000000000000000000004,1,923625000,0,-46.5,5.00691329165873,0,0,0.740075988769531,1.63,0,-5400.2158203125
100000000000000000000001,1,923625000,0,-46,3.62019465941011,0,0,0.740075988769531,1.63,0,-5400.2158203125
100000000000000000000002,1,923625000,0,-45,4.71238898038469,0,0,0.740075988769531,1.63,0,-5400.2158203125
100000000000000000000003,1,923625000,0,-45,3.36862181019687,0,0,0.740075988769531,1.63,0,-5400.2158203125
E00000000000000000002005,1,923625000,0,-62.5,2.89615572752809,0,0,0.740075988769531,1.63,0,-5400.2158203125
100000000000000000000002,1,923625000,0,-45,4.70625305723315,0,0,0.740075988769531,1.63,0,-5400.2158203125
E00000000000000000002005,1,923625000,0,-62,2.93297126643735,0,0,0.740075988769531,1.63,0,-5400.2158203125
100000000000000000000004,1,923625000,0,-46.5,5.01918513796182,0,0,0.740075988769531,1.63,0,-5400.2158203125
100000000000000000000000,1,923625000,0,-48.5,2.7673013413457,0,0,0.740075988769531,1.63,0,-5400.2158203125
100000000000000000000003,1,923625000,0,-45,3.35634996389378,0,0,0.740075988769531,1.63,0,-5400.2158203125
100000000000000000000001,1,923625000,0,-46,3.64473835201628,0,0,0.740075988769531,1.63,0,-5400.2158203125
100000000000000000000000,1,923625000,0,-48.5,2.75502949504261,0,0,0.740075988769531,1.63,0,-5400.2158203125
E00000000000000000002005,1,923625000,0,-62,2.92069942013426,0,0,0.740075988769531,1.63,0,-5400.2158203125
100000000000000000000003,1,923625000,0,-45,3.33794219443916,0,0,0.740075988769531,1.63,0,-5400.2158203125
100000000000000000000004,1,923625000,0,-46.5,5.01304921481028,0,0,0.740075988769531,1.63,0,-5400.2158203125
100000000000000000000002,1,923625000,0,-45,4.70011713408161,0,0,0.740075988769531,1.63,0,-5400.2158203125
100000000000000000000001,1,923625000,0,-46,3.62633058256166,0,0,0.740075988769531,1.63,0,-5400.2158203125
E00000000000000000002005,1,923625000,0,-62,2.91456349698272,0,0,0.740075988769531,1.63,0,-5400.2158203125
100000000000000000000001,1,923625000,0,-46,3.64473835201628,0,0,0.740075988769531,1.63,0,-5400.2158203125
100000000000000000000002,1,923625000,0,-45,4.71852490353623,0,0,0.740075988769531,1.63,0,-5400.2158203125
100000000000000000000003,1,923625000,0,-45.5,3.35021404074224,0,0,0.740075988769531,1.63,0,-5400.2158203125
100000000000000000000004,1,923625000,0,-46.5,5.01304921481028,0,0,0.740075988769531,1.63,0,-5400.2158203125
100000000000000000000000,1,923625000,0,-48.5,2.73662172558798,0,0,0.740075988769531,1.63,0,-5400.2158203125
100000000000000000000001,1,923625000,0,-46,3.64473835201628,0,0,0.740075988769531,1.63,0,-5400.2158203125
100000000000000000000002,1,923625000,0,-45,4.71238898038469,0,0,0.740075988769531,1.63,0,-5400.2158203125
100000000000000000000004,1,923625000,0,-46.5,5.00691329165873,0,0,0.740075988769531,1.63,0,-5400.2158203125
100000000000000000000003,1,923625000,0,-45,3.3440781175907,0,0,0.740075988769531,1.63,0,-5400.2158203125
100000000000000000000000,1,923625000,0,-48.5,2.74889357189107,0,0,0.740075988769531,1.63,0,-5400.2158203125
E00000000000000000002005,1,923625000,0,-62,2.93910718958889,0,0,0.740075988769531,1.63,0,-5400.2158203125
E00000000000000000002005,1,923625000,0,-62.5,2.9697868053466,0,0,0.740075988769531,1.63,0,-5400.2158203125
100000000000000000000003,1,923625000,0,-45,3.33794219443916,0,0,0.740075988769531,1.63,0,-5400.2158203125
100000000000000000000004,1,923625000,0,-46.5,5.03759290741645,0,0,0.740075988769531,1.63,0,-5400.2158203125
100000000000000000000001,1,923625000,0,-46,3.65087427516783,0,0,0.740075988769531,1.63,0,-5400.2158203125
100000000000000000000002,1,923625000,0,-45,4.70011713408161,0,0,0.740075988769531,1.63,0,-5400.2158203125
100000000000000000000000,1,923625000,0,-48.5,2.7673013413457,0,0,0.740075988769531,1.63,0,-5400.2158203125
100000000000000000000004,1,923625000,0,-47,5.01304921481028,0,0,0.740075988769531,1.63,0,-5400.2158203125
E00000000000000000002005,1,923625000,0,-62,2.9697868053466,0,0,0.740075988769531,1.63,0,-5400.2158203125
100000000000000000000000,1,923625000,0,-48.5,2.75502949504261,0,0,0.740075988769531,1.63,0,-5400.2158203125
100000000000000000000001,1,923625000,0,-46,3.62633058256166,0,0,0.740075988769531,1.63,0,-5400.2158203125
100000000000000000000003,1,923625000,0,-45,3.33180627128761,0,0,0.740075988769531,1.63,0,-5400.2158203125
100000000000000000000002,1,923625000,0,-45,4.71238898038469,0,0,0.740075988769531,1.63,0,-5400.2158203125
100000000000000000000002,1,923625000,0,-45,4.70625305723315,0,0,0.740075988769531,1.63,0,-5400.2158203125
100000000000000000000001,1,923625000,0,-46,3.62019465941011,0,0,0.740075988769531,1.63,0,-5400.2158203125
100000000000000000000004,1,923625000,0,-46.5,4.99464144535565,0,0,0.740075988769531,1.63,0,-5400.2158203125
100000000000000000000000,1,923625000,0,-48.5,2.77343726449724,0,0,0.740075988769531,1.63,0,-5400.2158203125
100000000000000000000003,1,923625000,0,-45,3.32567034813607,0,0,0.740075988769531,1.63,0,-5400.2158203125
E00000000000000000002005,1,923625000,0,-62.5,2.82252464970958,0,0,0.740075988769531,1.63,0,-5400.2158203125
100000000000000000000001,1,923625000,0,-46,3.62633058256166,0,0,0.740075988769531,1.63,0,-5400.2158203125
100000000000000000000000,1,923625000,0,-48.5,2.7673013413457,0,0,0.740075988769531,1.63,0,-5400.2158203125
E00000000000000000002005,1,923625000,0,-62,2.84093241916421,0,0,0.740075988769531,1.63,0,-5400.2158203125
100000000000000000000002,1,923625000,0,-45,4.71238898038469,0,0,0.740075988769531,1.63,0,-5400.2158203125
100000000000000000000004,1,923625000,0,-46.5,5.01304921481028,0,0,0.740075988769531,1.63,0,-5400.2158203125
100000000000000000000003,1,923625000,0,-45,3.3440781175907,0,0,0.740075988769531,1.63,0,-5400.2158203125
100000000000000000000000,1,923625000,0,-48.5,2.73048580243644,0,0,0.740075988769531,1.63,0,-5400.2158203125
100000000000000000000004,1,923625000,0,-46.5,5.00077736850719,0,0,0.740075988769531,1.63,0,-5400.2158203125
100000000000000000000003,1,923625000,0,-45,3.3440781175907,0,0,0.740075988769531,1.63,0,-5400.2158203125
E00000000000000000002005,1,923625000,0,-62,3.0127382674074,0,0,0.740075988769531,1.63,0,-5400.2158203125
100000000000000000000002,1,923625000,0,-45,4.68170936462698,0,0,0.740075988769531,1.63,0,-5400.2158203125
100000000000000000000001,1,923625000,0,-46,3.64473835201628,0,0,0.740075988769531,1.63,0,-5400.2158203125
100000000000000000000002,1,923625000,0,-45,4.70011713408161,0,0,0.740075988769531,1.63,0,-5400.2158203125
100000000000000000000004,1,923625000,0,-46.5,5.00691329165873,0,0,0.740075988769531,1.63,0,-5400.2158203125
100000000000000000000003,1,923625000,0,-45,3.32567034813607,0,0,0.740075988769531,1.63,0,-5400.2158203125
100000000000000000000001,1,923625000,0,-46,3.6324665057132,0,0,0.740075988769531,1.63,0,-5400.2158203125
100000000000000000000000,1,923625000,0,-48.5,2.74889357189107,0,0,0.740075988769531,1.63,0,-5400.2158203125
E00000000000000000002005,1,923625000,0,-62,2.90842757383118,0,0,0.740075988769531,1.63,0,-5400.2158203125
E00000000000000000002005,1,923625000,0,-62,2.93297126643735,0,0,0.740075988769531,1.63,0,-5400.2158203125
100000000000000000000002,1,923625000,0,-45,4.70011713408161,0,0,0.740075988769531,1.63,0,-5400.2158203125
100000000000000000000001,1,923625000,0,-46,3.6324665057132,0,0,0.740075988769531,1.63,0,-5400.2158203125
100000000000000000000003,1,923625000,0,-45,3.33794219443916,0,0,0.740075988769531,1.63,0,-5400.2158203125
100000000000000000000004,1,923625000,0,-46.5,5.01304921481028,0,0,0.740075988769531,1.63,0,-5400.2158203125
100000000000000000000000,1,923625000,0,-48.5,2.7673013413457,0,0,0.740075988769531,1.63,0,-5400.2158203125
100000000000000000000002,1,923625000,0,-45.5,4.68784528777852,0,0,0.740075988769531,1.63,0,-5400.2158203125
E00000000000000000002005,1,923625000,0,-62,2.88388388122501,0,0,0.740075988769531,1.63,0,-5400.2158203125
100000000000000000000004,1,923625000,0,-46.5,5.02532106111336,0,0,0.740075988769531,1.63,0,-5400.2158203125
100000000000000000000003,1,923625000,0,-45,3.31953442498453,0,0,0.740075988769531,1.63,0,-5400.2158203125
100000000000000000000001,1,923625000,0,-46,3.62019465941011,0,0,0.740075988769531,1.63,0,-5400.2158203125
100000000000000000000000,1,923625000,0,-48.5,2.78570911080032,0,0,0.740075988769531,1.63,0,-5400.2158203125
100000000000000000000003,1,923625000,0,-45,3.35634996389378,0,0,0.740075988769531,1.63,0,-5400.2158203125
100000000000000000000001,1,923625000,0,-46,3.63860242886474,0,0,0.740075988769531,1.63,0,-5400.2158203125
100000000000000000000002,1,923625000,0,-45,4.70625305723315,0,0,0.740075988769531,1.63,0,-5400.2158203125
100000000000000000000000,1,923625000,0,-48.5,2.76116541819415,0,0,0.740075988769531,1.63,0,-5400.2158203125
100000000000000000000004,1,923625000,0,-46.5,5.0314569842649,0,0,0.740075988769531,1.63,0,-5400.2158203125
E00000000000000000002005,1,923625000,0,-61.5,2.86547611177038,0,0,0.740075988769531,1.63,0,-5400.2158203125
100000000000000000000001,1,923625000,0,-46,3.6324665057132,0,0,0.740075988769531,1.63,0,-5400.2158203125
100000000000000000000004,1,923625000,0,-47,5.00691329165873,0,0,0.740075988769531,1.63,0,-5400.2158203125
100000000000000000000002,1,923625000,0,-45,4.70625305723315,0,0,0.740075988769531,1.63,0,-5400.2158203125
E00000000000000000002005,1,923625000,0,-62,2.93297126643735,0,0,0.740075988769531,1.63,0,-5400.2158203125
100000000000000000000000,1,923625000,0,-48.5,2.76116541819415,0,0,0.740075988769531,1.63,0,-5400.2158203125
100000000000000000000003,1,923625000,0,-45,3.33794219443916,0,0,0.740075988769531,1.63,0,-5400.2158203125
100000000000000000000002,1,923625000,0,-45,4.70625305723315,0,0,0.740075988769531,1.63,0,-5400.2158203125
100000000000000000000004,1,923625000,0,-46.5,5.00077736850719,0,0,0.740075988769531,1.63,0,-5400.2158203125
E00000000000000000002005,1,923625000,0,-62,2.90842757383118,0,0,0.740075988769531,1.63,0,-5400.2158203125
100000000000000000000001,1,923625000,0,-46,3.62019465941011,0,0,0.740075988769531,1.63,0,-5400.2158203125
100000000000000000000000,1,923625000,0,-48.5,2.7673013413457,0,0,0.740075988769531,1.63,0,-5400.2158203125
100000000000000000000003,1,923625000,0,-45,3.35021404074224,0,0,0.740075988769531,1.63,0,-5400.2158203125
100000000000000000000004,1,923625000,0,-46.5,5.00077736850719,0,0,0.740075988769531,1.63,0,-5400.2158203125
100000000000000000000000,1,923625000,0,-48.5,2.74889357189107,0,0,0.740075988769531,1.63,0,-5400.2158203125
100000000000000000000001,1,923625000,0,-46,3.62019465941011,0,0,0.740075988769531,1.63,0,-5400.2158203125
E00000000000000000002005,1,923625000,0,-62,2.77957318764878,0,0,0.740075988769531,1.63,0,-5400.2158203125
100000000000000000000003,1,923625000,0,-45,3.3440781175907,0,0,0.740075988769531,1.63,0,-5400.2158203125
100000000000000000000002,1,923625000,0,-45,4.70625305723315,0,0,0.740075988769531,1.63,0,-5400.2158203125
100000000000000000000003,1,923625000,0,-45,3.33794219443916,0,0,0.740075988769531,1.63,0,-5400.2158203125
100000000000000000000004,1,923625000,0,-46.5,5.01304921481028,0,0,0.740075988769531,1.63,0,-5400.2158203125
100000000000000000000001,1,923625000,0,-46,3.60792281310703,0,0,0.740075988769531,1.63,0,-5400.2158203125
100000000000000000000002,1,923625000,0,-45.5,4.70011713408161,0,0,0.740075988769531,1.63,0,-5400.2158203125
100000000000000000000000,1,923625000,0,-48.5,2.76116541819415,0,0,0.740075988769531,1.63,0,-5400.2158203125
E00000000000000000002005,1,923625000,0,-61.5,2.92069942013426,0,0,0.740075988769531,1.63,0,-5400.2158203125
100000000000000000000004,1,923625000,0,-46.5,5.00077736850719,0,0,0.740075988769531,1.63,0,-5400.2158203125
100000000000000000000002,1,923625000,0,-45.5,4.68784528777852,0,0,0.740075988769531,1.63,0,-5400.2158203125
100000000000000000000003,1,923625000,0,-45,3.35021404074224,0,0,0.740075988769531,1.63,0,-5400.2158203125
100000000000000000000000,1,923625000,0,-48.5,2.74275764873953,0,0,0.740075988769531,1.63,0,-5400.2158203125
100000000000000000000001,1,923625000,0,-46,3.63860242886474,0,0,0.740075988769531,1.63,0,-5400.2158203125
E00000000000000000002005,1,923625000,0,-62,2.96365088219506,0,0,0.740075988769531,1.63,0,-5400.2158203125
E00000000000000000002005,1,923625000,0,-62,2.96365088219506,0,0,0.740075988769531,1.63,0,-5400.2158203125
100000000000000000000003,1,923625000,0,-45,3.3440781175907,0,0,0.740075988769531,1.63,0,-5400.2158203125
100000000000000000000000,1,923625000,0,-48.5,2.74275764873953,0,0,0.740075988769531,1.63,0,-5400.2158203125
100000000000000000000001,1,923625000,0,-46,3.63860242886474,0,0,0.740075988769531,1.63,0,-5400.2158203125
100000000000000000000004,1,923625000,0,-46.5,5.01304921481028,0,0,0.740075988769531,1.63,0,-5400.2158203125
100000000000000000000002,1,923625000,0,-45,4.69398121093006,0,0,0.740075988769531,1.63,0,-5400.2158203125
E00000000000000000002005,1,923625000,0,-62.5,2.84093241916421,0,0,0.740075988769531,1.63,0,-5400.2158203125
100000000000000000000003,1,923625000,0,-45,3.33794219443916,0,0,0.740075988769531,1.63,0,-5400.2158203125
100000000000000000000004,1,923625000,0,-46.5,5.00077736850719,0,0,0.740075988769531,1.63,0,-5400.2158203125
100000000000000000000002,1,923625000,0,-45,4.68784528777852,0,0,0.740075988769531,1.63,0,-5400.2158203125
100000000000000000000000,1,923625000,0,-48.5,2.76116541819415,0,0,0.740075988769531,1.63,0,-5400.2158203125
100000000000000000000001,1,923625000,0,-46,3.6324665057132,0,0,0.740075988769531,1.63,0,-5400.2158203125
100000000000000000000000,1,923625000,0,-48.5,2.76116541819415,0,0,0.740075988769531,1.63,0,-5400.2158203125
100000000000000000000001,1,923625000,0,-46,3.63860242886474,0,0,0.740075988769531,1.63,0,-5400.2158203125
100000000000000000000003,1,923625000,0,-45,3.35634996389378,0,0,0.740075988769531,1.63,0,-5400.2158203125
100000000000000000000004,1,923625000,0,-46.5,5.01918513796182,0,0,0.740075988769531,1.63,0,-5400.2158203125
E00000000000000000002005,1,923625000,0,-61.5,2.87161203492192,0,0,0.740075988769531,1.63,0,-5400.2158203125
100000000000000000000002,1,923625000,0,-45,4.70011713408161,0,0,0.740075988769531,1.63,0,-5400.2158203125
100000000000000000000002,1,923625000,0,-45,4.69398121093006,0,0,0.740075988769531,1.63,0,-5400.2158203125
100000000000000000000000,1,923625000,0,-48.5,2.78570911080032,0,0,0.740075988769531,1.63,0,-5400.2158203125
100000000000000000000003,1,923625000,0,-45,3.33794219443916,0,0,0.740075988769531,1.63,0,-5400.2158203125
100000000000000000000001,1,923625000,0,-46,3.62633058256166,0,0,0.740075988769531,1.63,0,-5400.2158203125
100000000000000000000004,1,923625000,0,-46.5,5.01304921481028,0,0,0.740075988769531,1.63,0,-5400.2158203125
E00000000000000000002005,1,923625000,0,-61.5,2.90842757383118,0,0,0.740075988769531,1.63,0,-5400.2158203125
100000000000000000000001,1,923625000,0,-46,3.65087427516783,0,0,0.740075988769531,1.63,0,-5400.2158203125
100000000000000000000002,1,923625000,0,-45,4.68784528777852,0,0,0.740075988769531,1.63,0,-5400.2158203125
E00000000000000000002005,1,923625000,0,-61.5,2.84706834231575,0,0,0.740075988769531,1.63,0,-5400.2158203125
100000000000000000000003,1,923625000,0,-45,3.33794219443916,0,0,0.740075988769531,1.63,0,-5400.2158203125
100000000000000000000000,1,923625000,0,-48.5,2.77957318764878,0,0,0.740075988769531,1.63,0,-5400.2158203125
100000000000000000000004,1,923625000,0,-46.5,5.01918513796182,0,0,0.740075988769531,1.63,0,-5400.2158203125
100000000000000000000002,1,923625000,0,-45,4.68784528777852,0,0,0.740075988769531,1.63,0,-5400.2158203125
100000000000000000000001,1,923625000,0,-46,3.65087427516783,0,0,0.740075988769531,1.63,0,-5400.2158203125
100000000000000000000004,1,923625000,0,-47,5.00691329165873,0,0,0.740075988769531,1.63,0,-5400.2158203125
E00000000000000000002005,1,923625000,0,-62,2.87774795807346,0,0,0.740075988769531,1.63,0,-5400.2158203125
100000000000000000000003,1,923625000,0,-45,3.33794219443916,0,0,0.740075988769531,1.63,0,-5400.2158203125
100000000000000000000000,1,923625000,0,-48.5,2.73662172558798,0,0,0.740075988769531,1.63,0,-5400.2158203125
100000000000000000000003,1,923625000,0,-45,3.33180627128761,0,0,0.740075988769531,1.63,0,-5400.2158203125
100000000000000000000004,1,923625000,0,-46.5,5.00691329165873,0,0,0.740075988769531,1.63,0,-5400.2158203125
100000000000000000000000,1,923625000,0,-48.5,2.75502949504261,0,0,0.740075988769531,1.63,0,-5400.2158203125
E00000000000000000002005,1,923625000,0,-62.5,2.87774795807346,0,0,0.740075988769531,1.63,0,-5400.2158203125
100000000000000000000002,1,923625000,0,-45.5,4.70011713408161,0,0,0.740075988769531,1.63,0,-5400.2158203125
100000000000000000000001,1,923625000,0,-46,3.65087427516783,0,0,0.740075988769531,1.63,0,-5400.2158203125
100000000000000000000000,1,923625000,0,-48.5,2.78570911080032,0,0,0.740075988769531,1.63,0,-5400.2158203125
100000000000000000000002,1,923625000,0,-45,4.70011713408161,0,0,0.740075988769531,1.63,0,-5400.2158203125
100000000000000000000003,1,923625000,0,-45,3.33794219443916,0,0,0.740075988769531,1.63,0,-5400.2158203125
100000000000000000000001,1,923625000,0,-46,3.61405873625857,0,0,0.740075988769531,1.63,0,-5400.2158203125
100000000000000000000004,1,923625000,0,-46.5,5.01918513796182,0,0,0.740075988769531,1.63,0,-5400.2158203125
E00000000000000000002005,1,923625000,0,-61.5,2.83479649601267,0,0,0.740075988769531,1.63,0,-5400.2158203125
100000000000000000000004,1,923625000,0,-46.5,5.00077736850719,0,0,0.740075988769531,1.63,0,-5400.2158203125
100000000000000000000002,1,923625000,0,-45,4.72466082668777,0,0,0.740075988769531,1.63,0,-5400.2158203125
100000000000000000000003,1,923625000,0,-45,3.35634996389378,0,0,0.740075988769531,1.63,0,-5400.2158203125
E00000000000000000002005,1,923625000,0,-62.5,2.99433049795277,0,0,0.740075988769531,1.63,0,-5400.2158203125
100000000000000000000001,1,923625000,0,-46,3.63860242886474,0,0,0.740075988769531,1.63,0,-5400.2158203125
100000000000000000000000,1,923625000,0,-48.5,2.78570911080032,0,0,0.740075988769531,1.63,0,-5400.2158203125
100000000000000000000000,1,923625000,0,-48.5,2.77957318764878,0,0,0.740075988769531,1.63,0,-5400.2158203125
100000000000000000000003,1,923625000,0,-45,3.35021404074224,0,0,0.740075988769531,1.63,0,-5400.2158203125
E00000000000000000002005,1,923625000,0,-62,2.87774795807346,0,0,0.740075988769531,1.63,0,-5400.2158203125
100000000000000000000001,1,923625000,0,-46,3.6324665057132,0,0,0.740075988769531,1.63,0,-5400.2158203125
100000000000000000000004,1,923625000,0,-46.5,5.00691329165873,0,0,0.740075988769531,1.63,0,-5400.2158203125
100000000000000000000002,1,923625000,0,-45,4.69398121093006,0,0,0.740075988769531,1.63,0,-5400.2158203125
100000000000000000000004,1,923625000,0,-46.5,5.00077736850719,0,0,0.740075988769531,1.63,0,-5400.2158203125
100000000000000000000002,1,923625000,0,-45.5,4.69398121093006,0,0,0.740075988769531,1.63,0,-5400.2158203125
100000000000000000000000,1,923625000,0,-48.5,2.77957318764878,0,0,0.740075988769531,1.63,0,-5400.2158203125
100000000000000000000001,1,923625000,0,-46,3.63860242886474,0,0,0.740075988769531,1.63,0,-5400.2158203125
100000000000000000000003,1,923625000,0,-45,3.35021404074224,0,0,0.740075988769531,1.63,0,-5400.2158203125
E00000000000000000002005,1,923625000,0,-62,2.92069942013426,0,0,0.740075988769531,1.63,0,-5400.2158203125
100000000000000000000000,1,923625000,0,-48.5,2.75502949504261,0,0,0.740075988769531,1.63,0,-5400.2158203125
100000000000000000000001,1,923625000,0,-46,3.64473835201628,0,0,0.740075988769531,1.63,0,-5400.2158203125
100000000000000000000004,1,923625000,0,-46.5,5.00691329165873,0,0,0.740075988769531,1.63,0,-5400.2158203125
100000000000000000000002,1,923625000,0,-45,4.68170936462698,0,0,0.740075988769531,1.63,0,-5400.2158203125
100000000000000000000003,1,923625000,0,-45,3.3440781175907,0,0,0.740075988769531,1.63,0,-5400.2158203125
E00000000000000000002005,1,923625000,0,-62.5,2.90842757383118,0,0,0.740075988769531,1.63,0,-5400.2158203125
E00000000000000000002005,1,923625000,0,-61.5,2.90229165067963,0,0,0.740075988769531,1.63,0,-5400.2158203125
100000000000000000000004,1,923625000,0,-46.5,5.02532106111336,0,0,0.740075988769531,1.63,0,-5400.2158203125
100000000000000000000001,1,923625000,0,-46,3.62019465941011,0,0,0.740075988769531,1.63,0,-5400.2158203125
100000000000000000000002,1,923625000,0,-45,4.68170936462698,0,0,0.740075988769531,1.63,0,-5400.2158203125
100000000000000000000000,1,923625000,0,-48.5,2.77957318764878,0,0,0.740075988769531,1.63,0,-5400.2158203125
100000000000000000000003,1,923625000,0,-45,3.3440781175907,0,0,0.740075988769531,1.63,0,-5400.2158203125
E00000000000000000002005,1,923625000,0,-62.5,2.9268353432858,0,0,0.740075988769531,1.63,0,-5400.2158203125
100000000000000000000000,1,923625000,0,-48.5,2.76116541819415,0,0,0.740075988769531,1.63,0,-5400.2158203125
100000000000000000000004,1,923625000,0,-46.5,5.02532106111336,0,0,0.740075988769531,1.63,0,-5400.2158203125
100000000000000000000001,1,923625000,0,-46,3.64473835201628,0,0,0.740075988769531,1.63,0,-5400.2158203125
100000000000000000000002,1,923625000,0,-45,4.70011713408161,0,0,0.740075988769531,1.63,0,-5400.2158203125
100000000000000000000003,1,923625000,0,-45,3.33180627128761,0,0,0.740075988769531,1.63,0,-5400.2158203125
100000000000000000000002,1,923625000,0,-45,4.70625305723315,0,0,0.740075988769531,1.63,0,-5400.2158203125
100000000000000000000004,1,923625000,0,-46.5,5.01304921481028,0,0,0.740075988769531,1.63,0,-5400.2158203125
E00000000000000000002005,1,923625000,0,-62,2.95137903589197,0,0,0.740075988769531,1.63,0,-5400.2158203125
100000000000000000000001,1,923625000,0,-46,3.61405873625857,0,0,0.740075988769531,1.63,0,-5400.2158203125
100000000000000000000000,1,923625000,0,-48.5,2.78570911080032,0,0,0.740075988769531,1.63,0,-5400.2158203125
100000000000000000000003,1,923625000,0,-45,3.35634996389378,0,0,0.740075988769531,1.63,0,-5400.2158203125
100000000000000000000001,1,923625000,0,-46,3.6324665057132,0,0,0.740075988769531,1.63,0,-5400.2158203125
100000000000000000000003,1,923625000,0,-45,3.3440781175907,0,0,0.740075988769531,1.63,0,-5400.2158203125
100000000000000000000002,1,923625000,0,-45.5,4.68170936462698,0,0,0.740075988769531,1.63,0,-5400.2158203125
E00000000000000000002005,1,923625000,0,-62.5,2.91456349698272,0,0,0.740075988769531,1.63,0,-5400.2158203125
100000000000000000000004,1,923625000,0,-46.5,5.01918513796182,0,0,0.740075988769531,1.63,0,-5400.2158203125
100000000000000000000000,1,923625000,0,-48.5,2.7673013413457,0,0,0.740075988769531,1.63,0,-5400.2158203125
100000000000000000000000,1,923625000,0,-48.5,2.75502949504261,0,0,0.740075988769531,1.63,0,-5400.2158203125
100000000000000000000002,1,923625000,0,-45,4.68170936462698,0,0,0.740075988769531,1.63,0,-5400.2158203125
E00000000000000000002005,1,923625000,0,-62,2.82866057286112,0,0,0.740075988769531,1.63,0,-5400.2158203125
100000000000000000000004,1,923625000,0,-46.5,5.00077736850719,0,0,0.740075988769531,1.63,0,-5400.2158203125
100000000000000000000001,1,923625000,0,-46,3.61405873625857,0,0,0.740075988769531,1.63,0,-5400.2158203125
100000000000000000000003,1,923625000,0,-45,3.35634996389378,0,0,0.740075988769531,1.63,0,-5400.2158203125
100000000000000000000002,1,923625000,0,-45,4.70011713408161,0,0,0.740075988769531,1.63,0,-5400.2158203125
100000000000000000000004,1,923625000,0,-46.5,5.01918513796182,0,0,0.740075988769531,1.63,0,-5400.2158203125
100000000000000000000001,1,923625000,0,-46,3.63860242886474,0,0,0.740075988769531,1.63,0,-5400.2158203125
E00000000000000000002005,1,923625000,0,-62.5,2.98205865164969,0,0,0.740075988769531,1.63,0,-5400.2158203125
100000000000000000000000,1,923625000,0,-48.5,2.7673013413457,0,0,0.740075988769531,1.63,0,-5400.2158203125
100000000000000000000003,1,923625000,0,-45,3.3440781175907,0,0,0.740075988769531,1.63,0,-5400.2158203125
100000000000000000000001,1,923625000,0,-46,3.62633058256166,0,0,0.740075988769531,1.63,0,-5400.2158203125
100000000000000000000004,1,923625000,0,-46.5,5.00691329165873,0,0,0.740075988769531,1.63,0,-5400.2158203125
100000000000000000000002,1,923625000,0,-45.5,4.70011713408161,0,0,0.740075988769531,1.63,0,-5400.2158203125
100000000000000000000003,1,923625000,0,-45,3.3440781175907,0,0,0.740075988769531,1.63,0,-5400.2158203125
100000000000000000000000,1,923625000,0,-48.5,2.7673013413457,0,0,0.740075988769531,1.63,0,-5400.2158203125
E00000000000000000002005,1,923625000,0,-62,2.89001980437655,0,0,0.740075988769531,1.63,0,-5400.2158203125
100000000000000000000003,1,923625000,0,-45,3.36248588704533,0,0,0.740075988769531,1.63,0,-5400.2158203125
100000000000000000000002,1,923625000,0,-45.5,4.69398121093006,0,0,0.740075988769531,1.63,0,-5400.2158203125
100000000000000000000001,1,923625000,0,-46,3.60792281310703,0,0,0.740075988769531,1.63,0,-5400.2158203125
100000000000000000000000,1,923625000,0,-48.5,2.7673013413457,0,0,0.740075988769531,1.63,0,-5400.2158203125
100000000000000000000004,1,923625000,0,-47,5.02532106111336,0,0,0.740075988769531,1.63,0,-5400.2158203125
E00000000000000000002005,1,923625000,0,-62.5,2.91456349698272,0,0,0.740075988769531,1.63,0,-5400.2158203125
100000000000000000000001,1,923625000,0,-46,3.65087427516783,0,0,0.740075988769531,1.63,0,-5400.2158203125
E00000000000000000002005,1,923625000,0,-62,2.86547611177038,0,0,0.740075988769531,1.63,0,-5400.2158203125
100000000000000000000003,1,923625000,0,-45,3.35634996389378,0,0,0.740075988769531,1.63,0,-5400.2158203125
100000000000000000000002,1,923625000,0,-45.5,4.69398121093006,0,0,0.740075988769531,1.63,0,-5400.2158203125
100000000000000000000000,1,924125000,0,-48.5,3.03728196001357,0,0,0.740075988769531,1.63,0,-5400.2158203125
100000000000000000000004,1,924125000,0,-46.5,5.17258321675038,0,0,0.740075988769531,1.63,0,-5400.2158203125
100000000000000000000004,1,924125000,0,-46.5,5.19099098620501,0,0,0.740075988769531,1.63,0,-5400.2158203125
100000000000000000000002,1,924125000,0,-45,4.92714629068868,0,0,0.740075988769531,1.63,0,-5400.2158203125
100000000000000000000001,1,924125000,0,-46,3.85949566232027,0,0,0.740075988769531,1.63,0,-5400.2158203125
100000000000000000000000,1,924125000,0,-49,3.03728196001357,0,0,0.740075988769531,1.63,0,-5400.2158203125
100000000000000000000003,1,924125000,0,-44.5,3.5895150436524,0,0,0.740075988769531,1.63,0,-5400.2158203125
E00000000000000000002005,1,924125000,0,-62,3.52815581213697,0,0,0.740075988769531,1.63,0,-5400.2158203125
E00000000000000000002005,1,924125000,0,-63,3.5036121195308,0,0,0.740075988769531,1.63,0,-5400.2158203125
100000000000000000000000,1,924125000,0,-49,3.06182565261974,0,0,0.740075988769531,1.63,0,-5400.2158203125
100000000000000000000004,1,924125000,0,-46.5,5.19712690935655,0,0,0.740075988769531,1.63,0,-5400.2158203125
100000000000000000000003,1,924125000,0,-44.5,3.61405873625857,0,0,0.740075988769531,1.63,0,-5400.2158203125
100000000000000000000001,1,924125000,0,-46,3.85335973916873,0,0,0.740075988769531,1.63,0,-5400.2158203125
100000000000000000000002,1,924125000,0,-45,4.93941813699176,0,0,0.740075988769531,1.63,0,-5400.2158203125
100000000000000000000002,1,924125000,0,-45,4.93328221384022,0,0,0.740075988769531,1.63,0,-5400.2158203125
E00000000000000000002005,1,924125000,0,-62,3.49747619637926,0,0,0.740075988769531,1.63,0,-5400.2158203125
100000000000000000000004,1,924125000,0,-46.5,5.17871913990192,0,0,0.740075988769531,1.63,0,-5400.2158203125
100000000000000000000000,1,924125000,0,-49,3.0556897294682,0,0,0.740075988769531,1.63,0,-5400.2158203125
100000000000000000000001,1,924125000,0,-46,3.84108789286565,0,0,0.740075988769531,1.63,0,-5400.2158203125
100000000000000000000003,1,924125000,0,-44.5,3.58337912050086,0,0,0.740075988769531,1.63,0,-5400.2158203125
100000000000000000000003,1,924125000,0,-44.5,3.5895150436524,0,0,0.740075988769531,1.63,0,-5400.2158203125
E00000000000000000002005,1,924125000,0,-62,3.46679658062155,0,0,0.740075988769531,1.63,0,-5400.2158203125
100000000000000000000002,1,924125000,0,-45,4.90873852123405,0,0,0.740075988769531,1.63,0,-5400.2158203125
100000000000000000000001,1,924125000,0,-46,3.84108789286565,0,0,0.740075988769531,1.63,0,-5400.2158203125
100000000000000000000004,1,924125000,0,-46.5,5.20939875565964,0,0,0.740075988769531,1.63,0,-5400.2158203125
100000000000000000000000,1,924125000,0,-49,3.0556897294682,0,0,0.740075988769531,1.63,0,-5400.2158203125
100000000000000000000001,1,924125000,0,-46,3.84722381601719,0,0,0.740075988769531,1.63,0,-5400.2158203125
100000000000000000000002,1,924125000,0,-45,4.91487444438559,0,0,0.740075988769531,1.63,0,-5400.2158203125
E00000000000000000002005,1,924125000,0,-62,3.44838881116692,0,0,0.740075988769531,1.63,0,-5400.2158203125
100000000000000000000003,1,924125000,0,-44.5,3.59565096680394,0,0,0.740075988769531,1.63,0,-5400.2158203125
100000000000000000000000,1,924125000,0,-49,3.0556897294682,0,0,0.740075988769531,1.63,0,-5400.2158203125
100000000000000000000004,1,924125000,0,-46.5,5.19712690935655,0,0,0.740075988769531,1.63,0,-5400.2158203125
100000000000000000000000,1,924125000,0,-49,3.06182565261974,0,0,0.740075988769531,1.63,0,-5400.2158203125
100000000000000000000001,1,924125000,0,-46,3.86563158547182,0,0,0.740075988769531,1.63,0,-5400.2158203125
E00000000000000000002005,1,924125000,0,-62,3.44225288801538,0,0,0.740075988769531,1.63,0,-5400.2158203125
100000000000000000000004,1,924125000,0,-46.5,5.19712690935655,0,0,0.740075988769531,1.63,0,-5400.2158203125
100000000000000000000002,1,924125000,0,-45,4.93328221384022,0,0,0.740075988769531,1.63,0,-5400.2158203125
100000000000000000000003,1,924125000,0,-44.5,3.59565096680394,0,0,0.740075988769531,1.63,0,-5400.2158203125
100000000000000000000004,1,924125000,0,-46.5,5.19099098620501,0,0,0.740075988769531,1.63,0,-5400.2158203125
100000000000000000000002,1,924125000,0,-45,4.90260259808251,0,0,0.740075988769531,1.63,0,-5400.2158203125
100000000000000000000001,1,924125000,0,-46,3.86563158547182,0,0,0.740075988769531,1.63,0,-5400.2158203125
100000000000000000000003,1,924125000,0,-44.5,3.60792281310703,0,0,0.740075988769531,1.63,0,-5400.2158203125
100000000000000000000000,1,924125000,0,-49,3.04341788316511,0,0,0.740075988769531,1.63,0,-5400.2158203125
E00000000000000000002005,1,924125000,0,-62.5,3.5036121195308,0,0,0.740075988769531,1.63,0,-5400.2158203125
100000000000000000000002,1,924125000,0,-45,4.91487444438559,0,0,0.740075988769531,1.63,0,-5400.2158203125
100000000000000000000001,1,924125000,0,-46,3.84722381601719,0,0,0.740075988769531,1.63,0,-5400.2158203125
E00000000000000000002005,1,924125000,0,-63,3.39930142595458,0,0,0.740075988769531,1.63,0,-5400.2158203125
100000000000000000000004,1,924125000,0,-46.5,5.18485506305347,0,0,0.740075988769531,1.63,0,-5400.2158203125
100000000000000000000003,1,924125000,0,-44.5,3.58337912050086,0,0,0.740075988769531,1.63,0,-5400.2158203125
100000000000000000000000,1,924125000,0,-49,3.03728196001357,0,0,0.740075988769531,1.63,0,-5400.2158203125
100000000000000000000000,1,924125000,0,-49,3.06796157577128,0,0,0.740075988769531,1.63,0,-5400.2158203125
100000000000000000000004,1,924125000,0,-46.5,5.19712690935655,0,0,0.740075988769531,1.63,0,-5400.2158203125
100000000000000000000002,1,924125000,0,-45,4.92714629068868,0,0,0.740075988769531,1.63,0,-5400.2158203125
E00000000000000000002005,1,924125000,0,-62.5,3.46679658062155,0,0,0.740075988769531,1.63,0,-5400.2158203125
100000000000000000000003,1,924125000,0,-44.5,3.5895150436524,0,0,0.740075988769531,1.63,0,-5400.2158203125
100000000000000000000001,1,924125000,0,-46,3.85335973916873,0,0,0.740075988769531,1.63,0,-5400.2158203125
100000000000000000000001,1,924125000,0,-46,3.84722381601719,0,0,0.740075988769531,1.63,0,-5400.2158203125
100000000000000000000002,1,924125000,0,-45,4.93328221384022,0,0,0.740075988769531,1.63,0,-5400.2158203125
100000000000000000000003,1,924125000,0,-44.5,3.59565096680394,0,0,0.740075988769531,1.63,0,-5400.2158203125
100000000000000000000000,1,924125000,0,-49,3.03114603686203,0,0,0.740075988769531,1.63,0,-5400.2158203125
E00000000000000000002005,1,924125000,0,-62,3.45452473431846,0,0,0.740075988769531,1.63,0,-5400.2158203125
100000000000000000000004,1,924125000,0,-46.5,5.19099098620501,0,0,0.740075988769531,1.63,0,-5400.2158203125
100000000000000000000003,1,924125000,0,-44.5,3.59565096680394,0,0,0.740075988769531,1.63,0,-5400.2158203125
100000000000000000000000,1,924125000,0,-48.5,3.0556897294682,0,0,0.740075988769531,1.63,0,-5400.2158203125
100000000000000000000002,1,924125000,0,-45,4.89646667493097,0,0,0.740075988769531,1.63,0,-5400.2158203125
100000000000000000000004,1,924125000,0,-46.5,5.19712690935655,0,0,0.740075988769531,1.63,0,-5400.2158203125
100000000000000000000001,1,924125000,0,-46,3.84722381601719,0,0,0.740075988769531,1.63,0,-5400.2158203125
E00000000000000000002005,1,924125000,0,-62,3.47906842692463,0,0,0.740075988769531,1.63,0,-5400.2158203125
100000000000000000000001,1,924125000,0,-46,3.8349519697141,0,0,0.740075988769531,1.63,0,-5400.2158203125
E00000000000000000002005,1,924125000,0,-62.5,3.41157327225767,0,0,0.740075988769531,1.63,0,-5400.2158203125
100000000000000000000004,1,924125000,0,-46.5,5.17871913990192,0,0,0.740075988769531,1.63,0,-5400.2158203125
100000000000000000000002,1,924125000,0,-45,4.93328221384022,0,0,0.740075988769531,1.63,0,-5400.2158203125
100000000000000000000000,1,924125000,0,-49,3.06182565261974,0,0,0.740075988769531,1.63,0,-5400.2158203125
100000000000000000000003,1,924125000,0,-44.5,3.60178688995549,0,0,0.740075988769531,1.63,0,-5400.2158203125
100000000000000000000000,1,924125000,0,-49,3.0556897294682,0,0,0.740075988769531,1.63,0,-5400.2158203125
100000000000000000000004,1,924125000,0,-46.5,5.19099098620501,0,0,0.740075988769531,1.63,0,-5400.2158203125
100000000000000000000001,1,924125000,0,-46,3.8779034317749,0,0,0.740075988769531,1.63,0,-5400.2158203125
100000000000000000000003,1,924125000,0,-44.5,3.60178688995549,0,0,0.740075988769531,1.63,0,-5400.2158203125
E00000000000000000002005,1,924125000,0,-63,3.42998104171229,0,0,0.740075988769531,1.63,0,-5400.2158203125
100000000000000000000002,1,924125000,0,-45,4.93328221384022,0,0,0.740075988769531,1.63,0,-5400.2158203125
100000000000000000000002,1,924125000,0,-45,4.93328221384022,0,0,0.740075988769531,1.63,0,-5400.2158203125
E00000000000000000002005,1,924125000,0,-63,3.45452473431846,0,0,0.740075988769531,1.63,0,-5400.2158203125
100000000000000000000001,1,924125000,0,-46,3.85949566232027,0,0,0.740075988769531,1.63,0,-5400.2158203125
100000000000000000000000,1,924125000,0,-49,3.03728196001357,0,0,0.740075988769531,1.63,0,-5400.2158203125
100000000000000000000003,1,924125000,0,-44.5,3.58337912050086,0,0,0.740075988769531,1.63,0,-5400.2158203125
100000000000000000000004,1,924125000,0,-47,5.19712690935655,0,0,0.740075988769531,1.63,0,-5400.2158203125
100000000000000000000003,1,924125000,0,-44.5,3.59565096680394,0,0,0.740075988769531,1.63,0,-5400.2158203125
100000000000000000000004,1,924125000,0,-46.5,5.19712690935655,0,0,0.740075988769531,1.63,0,-5400.2158203125
100000000000000000000002,1,924125000,0,-45,4.91487444438559,0,0,0.740075988769531,1.63,0,-5400.2158203125
100000000000000000000001,1,924125000,0,-46,3.84722381601719,0,0,0.740075988769531,1.63,0,-5400.2158203125
100000000000000000000000,1,924125000,0,-48.5,3.0556897294682,0,0,0.740075988769531,1.63,0,-5400.2158203125
E00000000000000000002005,1,924125000,0,-62,3.47906842692463,0,0,0.740075988769531,1.63,0,-5400.2158203125
100000000000000000000003,1,924125000,0,-45,3.5895150436524,0,0,0.740075988769531,1.63,0,-5400.2158203125
100000000000000000000004,1,924125000,0,-46.5,5.17871913990192,0,0,0.740075988769531,1.63,0,-5400.2158203125
100000000000000000000001,1,924125000,0,-46,3.85949566232027,0,0,0.740075988769531,1.63,0,-5400.2158203125
100000000000000000000000,1,924125000,0,-48.5,3.06182565261974,0,0,0.740075988769531,1.63,0,-5400.2158203125
E00000000000000000002005,1,924125000,0,-62,3.60792281310703,0,0,0.740075988769531,1.63,0,-5400.2158203125
100000000000000000000002,1,924125000,0,-45,4.92714629068868,0,0,0.740075988769531,1.63,0,-5400.2158203125
100000000000000000000002,1,924125000,0,-45,4.92714629068868,0,0,0.740075988769531,1.63,0,-5400.2158203125
100000000000000000000004,1,924125000,0,-46.5,5.20939875565964,0,0,0.740075988769531,1.63,0,-5400.2158203125
100000000000000000000003,1,924125000,0,-44.5,3.59565096680394,0,0,0.740075988769531,1.63,0,-5400.2158203125
100000000000000000000001,1,924125000,0,-46,3.85335973916873,0,0,0.740075988769531,1.63,0,-5400.2158203125
100000000000000000000000,1,924125000,0,-49,3.06182565261974,0,0,0.740075988769531,1.63,0,-5400.2158203125
E00000000000000000002005,1,924125000,0,-62.5,3.46679658062155,0,0,0.740075988769531,1.63,0,-5400.2158203125
100000000000000000000000,1,924125000,0,-49,3.04341788316511,0,0,0.740075988769531,1.63,0,-5400.2158203125
100000000000000000000001,1,924125000,0,-46,3.8349519697141,0,0,0.740075988769531,1.63,0,-5400.2158203125
100000000000000000000002,1,924125000,0,-45,4.92101036753714,0,0,0.740075988769531,1.63,0,-5400.2158203125
100000000000000000000004,1,924125000,0,-46.5,5.18485506305347,0,0,0.740075988769531,1.63,0,-5400.2158203125
100000000000000000000003,1,924125000,0,-44.5,3.62019465941011,0,0,0.740075988769531,1.63,0,-5400.2158203125
E00000000000000000002005,1,924125000,0,-62.5,3.51588396583389,0,0,0.740075988769531,1.63,0,-5400.2158203125
100000000000000000000004,1,924125000,0,-46.5,5.18485506305347,0,0,0.740075988769531,1.63,0,-5400.2158203125
100000000000000000000003,1,924125000,0,-44.5,3.5895150436524,0,0,0.740075988769531,1.63,0,-5400.2158203125
100000000000000000000000,1,924125000,0,-49,3.07409749892282,0,0,0.740075988769531,1.63,0,-5400.2158203125
100000000000000000000002,1,924125000,0,-45,4.90873852123405,0,0,0.740075988769531,1.63,0,-5400.2158203125
100000000000000000000001,1,924125000,0,-46,3.84722381601719,0,0,0.740075988769531,1.63,0,-5400.2158203125
E00000000000000000002005,1,924125000,0,-62,3.44225288801538,0,0,0.740075988769531,1.63,0,-5400.2158203125
100000000000000000000000,1,924125000,0,-49,3.03114603686203,0,0,0.740075988769531,1.63,0,-5400.2158203125
100000000000000000000001,1,924125000,0,-46,3.86563158547182,0,0,0.740075988769531,1.63,0,-5400.2158203125
E00000000000000000002005,1,924125000,0,-62.5,3.40543734910612,0,0,0.740075988769531,1.63,0,-5400.2158203125
100000000000000000000003,1,924125000,0,-44.5,3.60178688995549,0,0,0.740075988769531,1.63,0,-5400.2158203125
100000000000000000000002,1,924125000,0,-45,4.92714629068868,0,0,0.740075988769531,1.63,0,-5400.2158203125
100000000000000000000004,1,924125000,0,-46.5,5.19712690935655,0,0,0.740075988769531,1.63,0,-5400.2158203125
100000000000000000000003,1,924125000,0,-44.5,3.59565096680394,0,0,0.740075988769531,1.63,0,-5400.2158203125
100000000000000000000000,1,924125000,0,-49,3.06182565261974,0,0,0.740075988769531,1.63,0,-5400.2158203125
100000000000000000000001,1,924125000,0,-46,3.85949566232027,0,0,0.740075988769531,1.63,0,-5400.2158203125
100000000000000000000002,1,924125000,0,-45,4.89033075177942,0,0,0.740075988769531,1.63,0,-5400.2158203125
E00000000000000000002005,1,924125000,0,-62.5,3.48520435007618,0,0,0.740075988769531,1.63,0,-5400.2158203125
100000000000000000000004,1,924125000,0,-46.5,5.17871913990192,0,0,0.740075988769531,1.63,0,-5400.2158203125
100000000000000000000000,1,924125000,0,-48.5,3.06796157577128,0,0,0.740075988769531,1.63,0,-5400.2158203125
100000000000000000000002,1,924125000,0,-45,4.93328221384022,0,0,0.740075988769531,1.63,0,-5400.2158203125
100000000000000000000003,1,924125000,0,-44.5,3.59565096680394,0,0,0.740075988769531,1.63,0,-5400.2158203125
100000000000000000000001,1,924125000,0,-46,3.82268012341102,0,0,0.740075988769531,1.63,0,-5400.2158203125
E00000000000000000002005,1,924125000,0,-62,3.50974804268235,0,0,0.740075988769531,1.63,0,-5400.2158203125
100000000000000000000004,1,924125000,0,-46.5,5.18485506305347,0,0,0.740075988769531,1.63,0,-5400.2158203125
100000000000000000000003,1,924125000,0,-44.5,3.59565096680394,0,0,0.740075988769531,1.63,0,-5400.2158203125
100000000000000000000000,1,924125000,0,-48.5,3.07409749892282,0,0,0.740075988769531,1.63,0,-5400.2158203125
E00000000000000000002005,1,924125000,0,-62.5,3.51588396583389,0,0,0.740075988769531,1.63,0,-5400.2158203125
100000000000000000000001,1,924125000,0,-46,3.84722381601719,0,0,0.740075988769531,1.63,0,-5400.2158203125
100000000000000000000002,1,924125000,0,-45,4.90873852123405,0,0,0.740075988769531,1.63,0,-5400.2158203125
100000000000000000000004,1,924125000,0,-46.5,5.18485506305347,0,0,0.740075988769531,1.63,0,-5400.2158203125
100000000000000000000004,1,924125000,0,-47,5.18485506305347,0,0,0.740075988769531,1.63,0,-5400.2158203125
100000000000000000000003,1,924125000,0,-44.5,3.60178688995549,0,0,0.740075988769531,1.63,0,-5400.2158203125
100000000000000000000000,1,924125000,0,-49,3.04341788316511,0,0,0.740075988769531,1.63,0,-5400.2158203125
100000000000000000000002,1,924125000,0,-45,4.93328221384022,0,0,0.740075988769531,1.63,0,-5400.2158203125
100000000000000000000001,1,924125000,0,-46,3.85335973916873,0,0,0.740075988769531,1.63,0,-5400.2158203125
E00000000000000000002005,1,924125000,0,-62.5,3.41770919540921,0,0,0.740075988769531,1.63,0,-5400.2158203125
E00000000000000000002005,1,924125000,0,-62.5,3.39316550280304,0,0,0.740075988769531,1.63,0,-5400.2158203125
100000000000000000000004,1,924125000,0,-47,5.18485506305347,0,0,0.740075988769531,1.63,0,-5400.2158203125
100000000000000000000003,1,924125000,0,-44.5,3.58337912050086,0,0,0.740075988769531,1.63,0,-5400.2158203125
100000000000000000000002,1,924125000,0,-45,4.93328221384022,0,0,0.740075988769531,1.63,0,-5400.2158203125
100000000000000000000001,1,924125000,0,-46,3.85335973916873,0,0,0.740075988769531,1.63,0,-5400.2158203125
100000000000000000000000,1,924125000,0,-49,3.06182565261974,0,0,0.740075988769531,1.63,0,-5400.2158203125
100000000000000000000001,1,924125000,0,-46,3.85949566232027,0,0,0.740075988769531,1.63,0,-5400.2158203125
100000000000000000000002,1,924125000,0,-45,4.94555406014331,0,0,0.740075988769531,1.63,0,-5400.2158203125
100000000000000000000004,1,924125000,0,-46.5,5.17871913990192,0,0,0.740075988769531,1.63,0,-5400.2158203125
100000000000000000000003,1,924125000,0,-44.5,3.5895150436524,0,0,0.740075988769531,1.63,0,-5400.2158203125
E00000000000000000002005,1,924125000,0,-62.5,3.46679658062155,0,0,0.740075988769531,1.63,0,-5400.2158203125
100000000000000000000000,1,924125000,0,-49,3.04955380631665,0,0,0.740075988769531,1.63,0,-5400.2158203125
100000000000000000000001,1,924125000,0,-46,3.82881604656256,0,0,0.740075988769531,1.63,0,-5400.2158203125
100000000000000000000002,1,924125000,0,-45,4.91487444438559,0,0,0.740075988769531,1.63,0,-5400.2158203125
E00000000000000000002005,1,924125000,0,-62,3.44225288801538,0,0,0.740075988769531,1.63,0,-5400.2158203125
100000000000000000000003,1,924125000,0,-44.5,3.58337912050086,0,0,0.740075988769531,1.63,0,-5400.2158203125
100000000000000000000004,1,924125000,0,-46.5,5.19099098620501,0,0,0.740075988769531,1.63,0,-5400.2158203125
100000000000000000000000,1,924125000,0,-48.5,3.04955380631665,0,0,0.740075988769531,1.63,0,-5400.2158203125
100000000000000000000000,1,924125000,0,-49,3.06796157577128,0,0,0.740075988769531,1.63,0,-5400.2158203125
E00000000000000000002005,1,924125000,0,-62,3.45452473431846,0,0,0.740075988769531,1.63,0,-5400.2158203125
100000000000000000000001,1,924125000,0,-46,3.85335973916873,0,0,0.740075988769531,1.63,0,-5400.2158203125
100000000000000000000002,1,924125000,0,-45,4.91487444438559,0,0,0.740075988769531,1.63,0,-5400.2158203125
100000000000000000000003,1,924125000,0,-44.5,3.59565096680394,0,0,0.740075988769531,1.63,0,-5400.2158203125
100000000000000000000004,1,924125000,0,-46.5,5.19099098620501,0,0,0.740075988769531,1.63,0,-5400.2158203125
100000000000000000000000,1,924125000,0,-49,3.04341788316511,0,0,0.740075988769531,1.63,0,-5400.2158203125
E00000000000000000002005,1,924125000,0,-62,3.39316550280304,0,0,0.740075988769531,1.63,0,-5400.2158203125
100000000000000000000004,1,924125000,0,-46.5,5.17871913990192,0,0,0.740075988769531,1.63,0,-5400.2158203125
100000000000000000000003,1,924125000,0,-44.5,3.5895150436524,0,0,0.740075988769531,1.63,0,-5400.2158203125
100000000000000000000002,1,924125000,0,-45,4.92101036753714,0,0,0.740075988769531,1.63,0,-5400.2158203125
100000000000000000000001,1,924125000,0,-46,3.84722381601719,0,0,0.740075988769531,1.63,0,-5400.2158203125
100000000000000000000001,1,924125000,0,-46,3.85335973916873,0,0,0.740075988769531,1.63,0,-5400.2158203125
100000000000000000000002,1,924125000,0,-45,4.92101036753714,0,0,0.740075988769531,1.63,0,-5400.2158203125
100000000000000000000000,1,924125000,0,-49,3.06796157577128,0,0,0.740075988769531,1.63,0,-5400.2158203125
100000000000000000000003,1,924125000,0,-44.5,3.59565096680394,0,0,0.740075988769531,1.63,0,-5400.2158203125
100000000000000000000004,1,924125000,0,-46.5,5.19712690935655,0,0,0.740075988769531,1.63,0,-5400.2158203125
E00000000000000000002005,1,924125000,0,-62.5,3.44838881116692,0,0,0.740075988769531,1.63,0,-5400.2158203125
100000000000000000000003,1,924125000,0,-44.5,3.5895150436524,0,0,0.740075988769531,1.63,0,-5400.2158203125
100000000000000000000001,1,924125000,0,-46,3.85949566232027,0,0,0.740075988769531,1.63,0,-5400.2158203125
E00000000000000000002005,1,924125000,0,-62,3.45452473431846,0,0,0.740075988769531,1.63,0,-5400.2158203125
100000000000000000000002,1,924125000,0,-45,4.91487444438559,0,0,0.740075988769531,1.63,0,-5400.2158203125
100000000000000000000004,1,924125000,0,-47,5.18485506305347,0,0,0.740075988769531,1.63,0,-5400.2158203125
100000000000000000000000,1,924125000,0,-48.5,3.04341788316511,0,0,0.740075988769531,1.63,0,-5400.2158203125
100000000000000000000003,1,924125000,0,-44.5,3.59565096680394,0,0,0.740075988769531,1.63,0,-5400.2158203125
100000000000000000000000,1,924125000,0,-49,3.01887419055894,0,0,0.740075988769531,1.63,0,-5400.2158203125
100000000000000000000004,1,924125000,0,-46.5,5.17871913990192,0,0,0.740075988769531,1.63,0,-5400.2158203125
100000000000000000000001,1,924125000,0,-46,3.85335973916873,0,0,0.740075988769531,1.63,0,-5400.2158203125
100000000000000000000002,1,924125000,0,-45,4.90873852123405,0,0,0.740075988769531,1.63,0,-5400.2158203125
E00000000000000000002005,1,924125000,0,-62,3.42384511856075,0,0,0.740075988769531,1.63,0,-5400.2158203125
100000000000000000000000,1,924125000,0,-49,3.02501011371048,0,0,0.740075988769531,1.63,0,-5400.2158203125
100000000000000000000002,1,924125000,0,-45,4.93328221384022,0,0,0.740075988769531,1.63,0,-5400.2158203125
100000000000000000000001,1,924125000,0,-46,3.8779034317749,0,0,0.740075988769531,1.63,0,-5400.2158203125
E00000000000000000002005,1,924125000,0,-62.5,3.53429173528852,0,0,0.740075988769531,1.63,0,-5400.2158203125
100000000000000000000003,1,924125000,0,-44.5,3.59565096680394,0,0,0.740075988769531,1.63,0,-5400.2158203125
100000000000000000000004,1,924125000,0,-46.5,5.19099098620501,0,0,0.740075988769531,1.63,0,-5400.2158203125
100000000000000000000002,1,924125000,0,-45,4.94555406014331,0,0,0.740075988769531,1.63,0,-5400.2158203125
100000000000000000000004,1,924125000,0,-47,5.16644729359884,0,0,0.740075988769531,1.63,0,-5400.2158203125
E00000000000000000002005,1,924125000,0,-63,3.5036121195308,0,0,0.740075988769531,1.63,0,-5400.2158203125
100000000000000000000003,1,924125000,0,-44.5,3.58337912050086,0,0,0.740075988769531,1.63,0,-5400.2158203125
100000000000000000000000,1,924125000,0,-48.5,3.06182565261974,0,0,0.740075988769531,1.63,0,-5400.2158203125
100000000000000000000001,1,924125000,0,-46,3.85949566232027,0,0,0.740075988769531,1.63,0,-5400.2158203125
E00000000000000000002005,1,924125000,0,-62.5,3.47906842692463,0,0,0.740075988769531,1.63,0,-5400.2158203125
100000000000000000000003,1,924125000,0,-44.5,3.5895150436524,0,0,0.740075988769531,1.63,0,-5400.2158203125
100000000000000000000004,1,924125000,0,-46.5,5.19099098620501,0,0,0.740075988769531,1.63,0,-5400.2158203125
100000000000000000000001,1,924125000,0,-46,3.84108789286565,0,0,0.740075988769531,1.63,0,-5400.2158203125
100000000000000000000002,1,924125000,0,-45,4.91487444438559,0,0,0.740075988769531,1.63,0,-5400.2158203125
100000000000000000000000,1,924125000,0,-49,3.0556897294682,0,0,0.740075988769531,1.63,0,-5400.2158203125
100000000000000000000002,1,924125000,0,-45,4.90873852123405,0,0,0.740075988769531,1.63,0,-5400.2158203125
100000000000000000000001,1,924125000,0,-46,3.85949566232027,0,0,0.740075988769531,1.63,0,-5400.2158203125
100000000000000000000003,1,924125000,0,-44.5,3.5895150436524,0,0,0.740075988769531,1.63,0,-5400.2158203125
E00000000000000000002005,1,924125000,0,-62,3.39930142595458,0,0,0.740075988769531,1.63,0,-5400.2158203125
100000000000000000000004,1,924125000,0,-46.5,5.17258321675038,0,0,0.740075988769531,1.63,0,-5400.2158203125
100000000000000000000000,1,924125000,0,-49,3.06182565261974,0,0,0.740075988769531,1.63,0,-5400.2158203125
100000000000000000000001,1,924125000,0,-46,3.85335973916873,0,0,0.740075988769531,1.63,0,-5400.2158203125
100000000000000000000000,1,924125000,0,-49,3.06182565261974,0,0,0.740075988769531,1.63,0,-5400.2158203125
100000000000000000000003,1,924125000,0,-44.5,3.5895150436524,0,0,0.740075988769531,1.63,0,-5400.2158203125
E00000000000000000002005,1,924125000,0,-62.5,3.48520435007618,0,0,0.740075988769531,1.63,0,-5400.2158203125
100000000000000000000002,1,924125000,0,-45,4.91487444438559,0,0,0.740075988769531,1.63,0,-5400.2158203125
100000000000000000000004,1,924125000,0,-46.5,5.2032628325081,0,0,0.740075988769531,1.63,0,-5400.2158203125
E00000000000000000002005,1,924125000,0,-62.5,3.42998104171229,0,0,0.740075988769531,1.63,0,-5400.2158203125
100000000000000000000000,1,924125000,0,-48.5,3.04955380631665,0,0,0.740075988769531,1.63,0,-5400.2158203125
100000000000000000000002,1,924125000,0,-45,4.92714629068868,0,0,0.740075988769531,1.63,0,-5400.2158203125
100000000000000000000001,1,924125000,0,-46,3.84722381601719,0,0,0.740075988769531,1.63,0,-5400.2158203125
100000000000000000000004,1,924125000,0,-46.5,5.20939875565964,0,0,0.740075988769531,1.63,0,-5400.2158203125
100000000000000000000003,1,924125000,0,-44.5,3.60792281310703,0,0,0.740075988769531,1.63,0,-5400.2158203125
100000000000000000000001,1,924125000,0,-46,3.84722381601719,0,0,0.740075988769531,1.63,0,-5400.2158203125
100000000000000000000003,1,924125000,0,-44.5,3.58337912050086,0,0,0.740075988769531,1.63,0,-5400.2158203125
E00000000000000000002005,1,924125000,0,-62.5,3.49134027322772,0,0,0.740075988769531,1.63,0,-5400.2158203125
100000000000000000000004,1,924125000,0,-46.5,5.18485506305347,0,0,0.740075988769531,1.63,0,-5400.2158203125
100000000000000000000002,1,924125000,0,-45,4.92101036753714,0,0,0.740075988769531,1.63,0,-5400.2158203125
100000000000000000000000,1,924125000,0,-49,3.04955380631665,0,0,0.740075988769531,1.63,0,-5400.2158203125
100000000000000000000003,1,924125000,0,-44.5,3.58337912050086,0,0,0.740075988769531,1.63,0,-5400.2158203125
100000000000000000000002,1,924125000,0,-45,4.92714629068868,0,0,0.740075988769531,1.63,0,-5400.2158203125
E00000000000000000002005,1,924125000,0,-62.5,3.51588396583389,0,0,0.740075988769531,1.63,0,-5400.2158203125
100000000000000000000004,1,924125000,0,-47,5.19099098620501,0,0,0.740075988769531,1.63,0,-5400.2158203125
100000000000000000000001,1,924125000,0,-46,3.85335973916873,0,0,0.740075988769531,1.63,0,-5400.2158203125
100000000000000000000000,1,924125000,0,-48.5,3.06182565261974,0,0,0.740075988769531,1.63,0,-5400.2158203125
100000000000000000000001,1,924125000,0,-46,3.85335973916873,0,0,0.740075988769531,1.63,0,-5400.2158203125
100000000000000000000004,1,924125000,0,-46.5,5.2032628325081,0,0,0.740075988769531,1.63,0,-5400.2158203125
100000000000000000000002,1,924125000,0,-45,4.94555406014331,0,0,0.740075988769531,1.63,0,-5400.2158203125
100000000000000000000003,1,924125000,0,-44.5,3.58337912050086,0,0,0.740075988769531,1.63,0,-5400.2158203125
100000000000000000000000,1,924125000,0,-49,3.04341788316511,0,0,0.740075988769531,1.63,0,-5400.2158203125
E00000000000000000002005,1,924125000,0,-62,3.53429173528852,0,0,0.740075988769531,1.63,0,-5400.2158203125
100000000000000000000002,1,924125000,0,-45,4.90260259808251,0,0,0.740075988769531,1.63,0,-5400.2158203125
E00000000000000000002005,1,924125000,0,-62.5,3.47906842692463,0,0,0.740075988769531,1.63,0,-5400.2158203125
100000000000000000000001,1,924125000,0,-46,3.86563158547182,0,0,0.740075988769531,1.63,0,-5400.2158203125
100000000000000000000004,1,924125000,0,-46.5,5.20939875565964,0,0,0.740075988769531,1.63,0,-5400.2158203125
100000000000000000000003,1,924125000,0,-44.5,3.58337912050086,0,0,0.740075988769531,1.63,0,-5400.2158203125
100000000000000000000000,1,924125000,0,-48.5,3.06182565261974,0,0,0.740075988769531,1.63,0,-5400.2158203125
100000000000000000000002,1,924125000,0,-45,4.92101036753714,0,0,0.740075988769531,1.63,0,-5400.2158203125
100000000000000000000001,1,924125000,0,-46,3.84722381601719,0,0,0.740075988769531,1.63,0,-5400.2158203125
100000000000000000000000,1,924125000,0,-49,3.04955380631665,0,0,0.740075988769531,1.63,0,-5400.2158203125
100000000000000000000004,1,924125000,0,-46.5,5.18485506305347,0,0,0.740075988769531,1.63,0,-5400.2158203125
100000000000000000000003,1,924125000,0,-44.5,3.5895150436524,0,0,0.740075988769531,1.63,0,-5400.2158203125
E00000000000000000002005,1,924125000,0,-62,3.49747619637926,0,0,0.740075988769531,1.63,0,-5400.2158203125
100000000000000000000000,1,924125000,0,-49,3.06182565261974,0,0,0.740075988769531,1.63,0,-5400.2158203125
100000000000000000000002,1,924125000,0,-45,4.93328221384022,0,0,0.740075988769531,1.63,0,-5400.2158203125
E00000000000000000002005,1,924125000,0,-62.5,3.45452473431846,0,0,0.740075988769531,1.63,0,-5400.2158203125
100000000000000000000003,1,924125000,0,-44.5,3.5895150436524,0,0,0.740075988769531,1.63,0,-5400.2158203125
100000000000000000000001,1,924125000,0,-46,3.85949566232027,0,0,0.740075988769531,1.63,0,-5400.2158203125
100000000000000000000004,1,924125000,0,-47,5.17871913990192,0,0,0.740075988769531,1.63,0,-5400.2158203125
100000000000000000000001,1,924125000,0,-46,3.85335973916873,0,0,0.740075988769531,1.63,0,-5400.2158203125
100000000000000000000004,1,924125000,0,-46.5,5.18485506305347,0,0,0.740075988769531,1.63,0,-5400.2158203125
E00000000000000000002005,1,924125000,0,-62.5,3.43611696486384,0,0,0.740075988769531,1.63,0,-5400.2158203125
100000000000000000000003,1,924125000,0,-44.5,3.59565096680394,0,0,0.740075988769531,1.63,0,-5400.2158203125
100000000000000000000000,1,924125000,0,-49,3.08023342207437,0,0,0.740075988769531,1.63,0,-5400.2158203125
100000000000000000000002,1,924125000,0,-45,4.93941813699176,0,0,0.740075988769531,1.63,0,-5400.2158203125
100000000000000000000001,1,924125000,0,-46,3.85949566232027,0,0,0.740075988769531,1.63,0,-5400.2158203125
100000000000000000000000,1,924125000,0,-49,3.03728196001357,0,0,0.740075988769531,1.63,0,-5400.2158203125
100000000000000000000003,1,924125000,0,-44.5,3.62019465941011,0,0,0.740075988769531,1.63,0,-5400.2158203125
100000000000000000000002,1,924125000,0,-45,4.92714629068868,0,0,0.740075988769531,1.63,0,-5400.2158203125
E00000000000000000002005,1,924125000,0,-62.5,3.42998104171229,0,0,0.740075988769531,1.63,0,-5400.2158203125
100000000000000000000004,1,924125000,0,-47,5.20939875565964,0,0,0.740075988769531,1.63,0,-5400.2158203125
E00000000000000000002005,1,924125000,0,-62.5,3.43611696486384,0,0,0.740075988769531,1.63,0,-5400.2158203125
100000000000000000000000,1,924125000,0,-48.5,3.04341788316511,0,0,0.740075988769531,1.63,0,-5400.2158203125
100000000000000000000001,1,924125000,0,-46,3.84722381601719,0,0,0.740075988769531,1.63,0,-5400.2158203125
100000000000000000000004,1,924125000,0,-46.5,5.19712690935655,0,0,0.740075988769531,1.63,0,-5400.2158203125
100000000000000000000003,1,924125000,0,-44.5,3.60178688995549,0,0,0.740075988769531,1.63,0,-5400.2158203125
100000000000000000000002,1,924125000,0,-45,4.92101036753714,0,0,0.740075988769531,1.63,0,-5400.2158203125
100000000000000000000004,1,924125000,0,-46.5,5.18485506305347,0,0,0.740075988769531,1.63,0,-5400.2158203125
E00000000000000000002005,1,924125000,0,-62.5,3.39316550280304,0,0,0.740075988769531,1.63,0,-5400.2158203125
100000000000000000000002,1,924125000,0,-45,4.93941813699176,0,0,0.740075988769531,1.63,0,-5400.2158203125
100000000000000000000000,1,924125000,0,-48.5,3.0556897294682,0,0,0.740075988769531,1.63,0,-5400.2158203125
100000000000000000000001,1,924125000,0,-46,3.85949566232027,0,0,0.740075988769531,1.63,0,-5400.2158203125
100000000000000000000003,1,924125000,0,-44.5,3.61405873625857,0,0,0.740075988769531,1.63,0,-5400.2158203125
100000000000000000000002,1,924125000,0,-45,4.89646667493097,0,0,0.740075988769531,1.63,0,-5400.2158203125
100000000000000000000000,1,924125000,0,-49,3.04341788316511,0,0,0.740075988769531,1.63,0,-5400.2158203125
100000000000000000000004,1,924125000,0,-46.5,5.2032628325081,0,0,0.740075988769531,1.63,0,-5400.2158203125
100000000000000000000003,1,924125000,0,-44.5,3.5895150436524,0,0,0.740075988769531,1.63,0,-5400.2158203125
100000000000000000000001,1,924125000,0,-46,3.85335973916873,0,0,0.740075988769531,1.63,0,-5400.2158203125
E00000000000000000002005,1,924125000,0,-62,3.48520435007618,0,0,0.740075988769531,1.63,0,-5400.2158203125
100000000000000000000002,1,924125000,0,-45,4.94555406014331,0,0,0.740075988769531,1.63,0,-5400.2158203125
100000000000000000000004,1,924125000,0,-47,5.18485506305347,0,0,0.740075988769531,1.63,0,-5400.2158203125
100000000000000000000003,1,924125000,0,-44.5,3.60792281310703,0,0,0.740075988769531,1.63,0,-5400.2158203125
E00000000000000000002005,1,924125000,0,-62.5,3.50974804268235,0,0,0.740075988769531,1.63,0,-5400.2158203125
100000000000000000000000,1,924125000,0,-49,3.04341788316511,0,0,0.740075988769531,1.63,0,-5400.2158203125
100000000000000000000001,1,924125000,0,-46,3.87176750862336,0,0,0.740075988769531,1.63,0,-5400.2158203125
100000000000000000000002,1,924125000,0,-45,4.92101036753714,0,0,0.740075988769531,1.63,0,-5400.2158203125
E00000000000000000002005,1,924125000,0,-62.5,3.49747619637926,0,0,0.740075988769531,1.63,0,-5400.2158203125
100000000000000000000001,1,924125000,0,-46,3.85949566232027,0,0,0.740075988769531,1.63,0,-5400.2158203125
100000000000000000000000,1,924125000,0,-49,3.04955380631665,0,0,0.740075988769531,1.63,0,-5400.2158203125
100000000000000000000004,1,924125000,0,-46.5,5.19099098620501,0,0,0.740075988769531,1.63,0,-5400.2158203125
100000000000000000000003,1,924125000,0,-44.5,3.58337912050086,0,0,0.740075988769531,1.63,0,-5400.2158203125
100000000000000000000004,1,924125000,0,-46.5,5.19099098620501,0,0,0.740075988769531,1.63,0,-5400.2158203125
E00000000000000000002005,1,924125000,0,-62,3.46066065747001,0,0,0.740075988769531,1.63,0,-5400.2158203125
100000000000000000000001,1,924125000,0,-46,3.85335973916873,0,0,0.740075988769531,1.63,0,-5400.2158203125
100000000000000000000003,1,924125000,0,-44.5,3.60178688995549,0,0,0.740075988769531,1.63,0,-5400.2158203125
100000000000000000000002,1,924125000,0,-45,4.93941813699176,0,0,0.740075988769531,1.63,0,-5400.2158203125
100000000000000000000000,1,924125000,0,-49,3.06182565261974,0,0,0.740075988769531,1.63,0,-5400.2158203125
100000000000000000000001,1,924125000,0,-46,3.85949566232027,0,0,0.740075988769531,1.63,0,-5400.2158203125
100000000000000000000000,1,924125000,0,-49,3.0556897294682,0,0,0.740075988769531,1.63,0,-5400.2158203125
100000000000000000000004,1,924125000,0,-46.5,5.19099098620501,0,0,0.740075988769531,1.63,0,-5400.2158203125
E00000000000000000002005,1,924125000,0,-62.5,3.43611696486384,0,0,0.740075988769531,1.63,0,-5400.2158203125
100000000000000000000002,1,924125000,0,-45,4.90873852123405,0,0,0.740075988769531,1.63,0,-5400.2158203125
100000000000000000000003,1,924125000,0,-44.5,3.59565096680394,0,0,0.740075988769531,1.63,0,-5400.2158203125
100000000000000000000003,1,924125000,0,-44.5,3.60178688995549,0,0,0.740075988769531,1.63,0,-5400.2158203125
100000000000000000000002,1,924125000,0,-45,4.92714629068868,0,0,0.740075988769531,1.63,0,-5400.2158203125
E00000000000000000002005,1,924125000,0,-62,3.5036121195308,0,0,0.740075988769531,1.63,0,-5400.2158203125
100000000000000000000004,1,924125000,0,-46.5,5.19712690935655,0,0,0.740075988769531,1.63,0,-5400.2158203125
100000000000000000000001,1,924125000,0,-46,3.8779034317749,0,0,0.740075988769531,1.63,0,-5400.2158203125
100000000000000000000000,1,924125000,0,-49,3.0556897294682,0,0,0.740075988769531,1.63,0,-5400.2158203125
E00000000000000000002005,1,924125000,0,-62.5,3.46066065747001,0,0,0.740075988769531,1.63,0,-5400.2158203125
100000000000000000000003,1,924125000,0,-44.5,3.59565096680394,0,0,0.740075988769531,1.63,0,-5400.2158203125
100000000000000000000001,1,924125000,0,-46,3.84722381601719,0,0,0.740075988769531,1.63,0,-5400.2158203125
100000000000000000000000,1,924125000,0,-49,3.04955380631665,0,0,0.740075988769531,1.63,0,-5400.2158203125
100000000000000000000002,1,924125000,0,-45,4.92101036753714,0,0,0.740075988769531,1.63,0,-5400.2158203125
100000000000000000000004,1,924125000,0,-46.5,5.2032628325081,0,0,0.740075988769531,1.63,0,-5400.2158203125
100000000000000000000003,1,924125000,0,-44.5,3.5895150436524,0,0,0.740075988769531,1.63,0,-5400.2158203125
100000000000000000000004,1,924125000,0,-47,5.19712690935655,0,0,0.740075988769531,1.63,0,-5400.2158203125
E00000000000000000002005,1,924125000,0,-62,3.41157327225767,0,0,0.740075988769531,1.63,0,-5400.2158203125
100000000000000000000001,1,924125000,0,-46,3.84722381601719,0,0,0.740075988769531,1.63,0,-5400.2158203125
100000000000000000000000,1,924125000,0,-49,3.0556897294682,0,0,0.740075988769531,1.63,0,-5400.2158203125
100000000000000000000002,1,924125000,0,-45,4.91487444438559,0,0,0.740075988769531,1.63,0,-5400.2158203125
100000000000000000000003,1,924125000,0,-44.5,3.59565096680394,0,0,0.740075988769531,1.63,0,-5400.2158203125
100000000000000000000001,1,924125000,0,-46,3.86563158547182,0,0,0.740075988769531,1.63,0,-5400.2158203125
100000000000000000000002,1,924125000,0,-45,4.92101036753714,0,0,0.740075988769531,1.63,0,-5400.2158203125
100000000000000000000000,1,924125000,0,-49,3.06796157577128,0,0,0.740075988769531,1.63,0,-5400.2158203125
100000000000000000000004,1,924125000,0,-47,5.19712690935655,0,0,0.740075988769531,1.63,0,-5400.2158203125
E00000000000000000002005,1,924125000,0,-62,3.46679658062155,0,0,0.740075988769531,1.63,0,-5400.2158203125
E00000000000000000002005,1,924125000,0,-62.5,3.49134027322772,0,0,0.740075988769531,1.63,0,-5400.2158203125
100000000000000000000004,1,924125000,0,-46.5,5.17871913990192,0,0,0.740075988769531,1.63,0,-5400.2158203125
100000000000000000000003,1,924125000,0,-44.5,3.62019465941011,0,0,0.740075988769531,1.63,0,-5400.2158203125
100000000000000000000000,1,924125000,0,-49,3.03114603686203,0,0,0.740075988769531,1.63,0,-5400.2158203125
100000000000000000000002,1,924125000,0,-45,4.94555406014331,0,0,0.740075988769531,1.63,0,-5400.2158203125
100000000000000000000001,1,924125000,0,-46,3.85949566232027,0,0,0.740075988769531,1.63,0,-5400.2158203125
100000000000000000000002,1,924125000,0,-45,4.91487444438559,0,0,0.740075988769531,1.63,0,-5400.2158203125
100000000000000000000001,1,924125000,0,-46,3.86563158547182,0,0,0.740075988769531,1.63,0,-5400.2158203125
100000000000000000000003,1,924125000,0,-44.5,3.5895150436524,0,0,0.740075988769531,1.63,0,-5400.2158203125
E00000000000000000002005,1,924125000,0,-62.5,3.52201988898543,0,0,0.740075988769531,1.63,0,-5400.2158203125
100000000000000000000004,1,924125000,0,-46.5,5.17258321675038,0,0,0.740075988769531,1.63,0,-5400.2158203125
100000000000000000000000,1,924125000,0,-49,3.0556897294682,0,0,0.740075988769531,1.63,0,-5400.2158203125
100000000000000000000002,1,924125000,0,-45,4.94555406014331,0,0,0.740075988769531,1.63,0,-5400.2158203125
100000000000000000000004,1,924125000,0,-46.5,5.17871913990192,0,0,0.740075988769531,1.63,0,-5400.2158203125
100000000000000000000000,1,924125000,0,-49,3.04341788316511,0,0,0.740075988769531,1.63,0,-5400.2158203125
100000000000000000000003,1,924125000,0,-44.5,3.57724319734932,0,0,0.740075988769531,1.63,0,-5400.2158203125
E00000000000000000002005,1,924125000,0,-62.5,3.3870295796515,0,0,0.740075988769531,1.63,0,-5400.2158203125
100000000000000000000001,1,924125000,0,-46,3.85949566232027,0,0,0.740075988769531,1.63,0,-5400.2158203125
100000000000000000000002,1,924125000,0,-45,4.91487444438559,0,0,0.740075988769531,1.63,0,-5400.2158203125
100000000000000000000003,1,924125000,0,-44.5,3.62019465941011,0,0,0.740075988769531,1.63,0,-5400.2158203125
100000000000000000000001,1,924125000,0,-46,3.84108789286565,0,0,0.740075988769531,1.63,0,-5400.2158203125
100000000000000000000004,1,924125000,0,-47,5.17871913990192,0,0,0.740075988769531,1.63,0,-5400.2158203125
100000000000000000000000,1,924125000,0,-49,3.04955380631665,0,0,0.740075988769531,1.63,0,-5400.2158203125
E00000000000000000002005,1,924125000,0,-62,3.41770919540921,0,0,0.740075988769531,1.63,0,-5400.2158203125
E00000000000000000002005,1,924125000,0,-62,3.42998104171229,0,0,0.740075988769531,1.63,0,-5400.2158203125
100000000000000000000003,1,924125000,0,-44.5,3.60792281310703,0,0,0.740075988769531,1.63,0,-5400.2158203125
100000000000000000000000,1,924125000,0,-49,3.06796157577128,0,0,0.740075988769531,1.63,0,-5400.2158203125
100000000000000000000002,1,924125000,0,-45,4.93941813699176,0,0,0.740075988769531,1.63,0,-5400.2158203125
100000000000000000000001,1,924125000,0,-46,3.84108789286565,0,0,0.740075988769531,1.63,0,-5400.2158203125
100000000000000000000004,1,924125000,0,-46.5,5.17871913990192,0,0,0.740075988769531,1.63,0,-5400.2158203125
100000000000000000000002,1,924125000,0,-45,4.92714629068868,0,0,0.740075988769531,1.63,0,-5400.2158203125
100000000000000000000000,1,924125000,0,-48.5,3.04341788316511,0,0,0.740075988769531,1.63,0,-5400.2158203125
100000000000000000000003,1,924125000,0,-44.5,3.57724319734932,0,0,0.740075988769531,1.63,0,-5400.2158203125
100000000000000000000004,1,924125000,0,-46.5,5.19099098620501,0,0,0.740075988769531,1.63,0,-5400.2158203125
100000000000000000000001,1,924125000,0,-46,3.84108789286565,0,0,0.740075988769531,1.63,0,-5400.2158203125
E00000000000000000002005,1,924125000,0,-62.5,3.42384511856075,0,0,0.740075988769531,1.63,0,-5400.2158203125
100000000000000000000002,1,924125000,0,-45,4.95168998329485,0,0,0.740075988769531,1.63,0,-5400.2158203125
100000000000000000000003,1,924125000,0,-44.5,3.5895150436524,0,0,0.740075988769531,1.63,0,-5400.2158203125
100000000000000000000004,1,924125000,0,-46.5,5.17258321675038,0,0,0.740075988769531,1.63,0,-5400.2158203125
100000000000000000000001,1,924125000,0,-46,3.86563158547182,0,0,0.740075988769531,1.63,0,-5400.2158203125
100000000000000000000000,1,924125000,0,-49,3.04341788316511,0,0,0.740075988769531,1.63,0,-5400.2158203125
E00000000000000000002005,1,924125000,0,-62.5,3.49747619637926,0,0,0.740075988769531,1.63,0,-5400.2158203125
100000000000000000000003,1,924125000,0,-44.5,3.60178688995549,0,0,0.740075988769531,1.63,0,-5400.2158203125
E00000000000000000002005,1,924125000,0,-62.5,3.47293250377309,0,0,0.740075988769531,1.63,0,-5400.2158203125
100000000000000000000000,1,924125000,0,-49,3.06796157577128,0,0,0.740075988769531,1.63,0,-5400.2158203125
100000000000000000000001,1,924125000,0,-46,3.85335973916873,0,0,0.740075988769531,1.63,0,-5400.2158203125
100000000000000000000002,1,924125000,0,-45,4.91487444438559,0,0,0.740075988769531,1.63,0,-5400.2158203125
100000000000000000000004,1,924125000,0,-47,5.18485506305347,0,0,0.740075988769531,1.63,0,-5400.2158203125
100000000000000000000000,1,924125000,0,-49,3.04955380631665,0,0,0.740075988769531,1.63,0,-5400.2158203125
100000000000000000000001,1,924125000,0,-46,3.85949566232027,0,0,0.740075988769531,1.63,0,-5400.2158203125
100000000000000000000004,1,924125000,0,-46.5,5.2032628325081,0,0,0.740075988769531,1.63,0,-5400.2158203125
100000000000000000000002,1,924125000,0,-45,4.94555406014331,0,0,0.740075988769531,1.63,0,-5400.2158203125
100000000000000000000003,1,924125000,0,-44.5,3.5895150436524,0,0,0.740075988769531,1.63,0,-5400.2158203125
E00000000000000000002005,1,924125000,0,-62,3.39316550280304,0,0,0.740075988769531,1.63,0,-5400.2158203125
100000000000000000000000,1,924125000,0,-48.5,3.0556897294682,0,0,0.740075988769531,1.63,0,-5400.2158203125
100000000000000000000002,1,924125000,0,-45,4.93941813699176,0,0,0.740075988769531,1.63,0,-5400.2158203125
100000000000000000000003,1,924125000,0,-44.5,3.60178688995549,0,0,0.740075988769531,1.63,0,-5400.2158203125
100000000000000000000001,1,924125000,0,-46,3.8349519697141,0,0,0.740075988769531,1.63,0,-5400.2158203125
100000000000000000000004,1,924125000,0,-46.5,5.17871913990192,0,0,0.740075988769531,1.63,0,-5400.2158203125
E00000000000000000002005,1,924125000,0,-62,3.46679658062155,0,0,0.740075988769531,1.63,0,-5400.2158203125
100000000000000000000004,1,924125000,0,-47,5.17871913990192,0,0,0.740075988769531,1.63,0,-5400.2158203125
100000000000000000000000,1,924125000,0,-49,3.04955380631665,0,0,0.740075988769531,1.63,0,-5400.2158203125
100000000000000000000003,1,924125000,0,-44.5,3.57110727419777,0,0,0.740075988769531,1.63,0,-5400.2158203125
100000000000000000000002,1,924125000,0,-45,4.89646667493097,0,0,0.740075988769531,1.63,0,-5400.2158203125
100000000000000000000001,1,924125000,0,-46,3.84108789286565,0,0,0.740075988769531,1.63,0,-5400.2158203125
E00000000000000000002005,1,924125000,0,-62,3.43611696486384,0,0,0.740075988769531,1.63,0,-5400.2158203125
100000000000000000000000,1,924125000,0,-48.5,3.0556897294682,0,0,0.740075988769531,1.63,0,-5400.2158203125
100000000000000000000004,1,924125000,0,-47,5.15417544729575,0,0,0.740075988769531,1.63,0,-5400.2158203125
E00000000000000000002005,1,924125000,0,-62,3.41770919540921,0,0,0.740075988769531,1.63,0,-5400.2158203125
100000000000000000000002,1,924125000,0,-45,4.91487444438559,0,0,0.740075988769531,1.63,0,-5400.2158203125
100000000000000000000001,1,924125000,0,-46,3.82881604656256,0,0,0.740075988769531,1.63,0,-5400.2158203125
100000000000000000000003,1,924125000,0,-44.5,3.5895150436524,0,0,0.740075988769531,1.63,0,-5400.2158203125
E00000000000000000002005,1,924125000,0,-62.5,3.3440781175907,0,0,0.740075988769531,1.63,0,-5400.2158203125
100000000000000000000001,1,924125000,0,-46,3.84108789286565,0,0,0.740075988769531,1.63,0,-5400.2158203125
100000000000000000000000,1,924125000,0,-49,3.06182565261974,0,0,0.740075988769531,1.63,0,-5400.2158203125
100000000000000000000003,1,924125000,0,-44.5,3.59565096680394,0,0,0.740075988769531,1.63,0,-5400.2158203125
100000000000000000000002,1,924125000,0,-45,4.90260259808251,0,0,0.740075988769531,1.63,0,-5400.2158203125
100000000000000000000004,1,924125000,0,-46.5,5.20939875565964,0,0,0.740075988769531,1.63,0,-5400.2158203125
E00000000000000000002005,1,924125000,0,-62.5,3.57724319734932,0,0,0.740075988769531,1.63,0,-5400.2158203125
100000000000000000000003,1,924125000,0,-44.5,3.58337912050086,0,0,0.740075988769531,1.63,0,-5400.2158203125
100000000000000000000000,1,924125000,0,-49,3.04341788316511,0,0,0.740075988769531,1.63,0,-5400.2158203125
100000000000000000000002,1,924125000,0,-45,4.93328221384022,0,0,0.740075988769531,1.63,0,-5400.2158203125
100000000000000000000001,1,924125000,0,-46,3.86563158547182,0,0,0.740075988769531,1.63,0,-5400.2158203125
100000000000000000000004,1,924125000,0,-46.5,5.19099098620501,0,0,0.740075988769531,1.63,0,-5400.2158203125
100000000000000000000000,1,924125000,0,-49,3.06182565261974,0,0,0.740075988769531,1.63,0,-5400.2158203125
100000000000000000000003,1,924125000,0,-44.5,3.5895150436524,0,0,0.740075988769531,1.63,0,-5400.2158203125
E00000000000000000002005,1,924125000,0,-62.5,3.45452473431846,0,0,0.740075988769531,1.63,0,-5400.2158203125
100000000000000000000001,1,924125000,0,-46,3.84722381601719,0,0,0.740075988769531,1.63,0,-5400.2158203125
100000000000000000000004,1,924125000,0,-46.5,5.18485506305347,0,0,0.740075988769531,1.63,0,-5400.2158203125
100000000000000000000002,1,924125000,0,-45,4.90873852123405,0,0,0.740075988769531,1.63,0,-5400.2158203125
E00000000000000000002005,1,924125000,0,-62.5,3.41770919540921,0,0,0.740075988769531,1.63,0,-5400.2158203125
100000000000000000000003,1,924125000,0,-44.5,3.60792281310703,0,0,0.740075988769531,1.63,0,-5400.2158203125
100000000000000000000000,1,924125000,0,-49,3.0556897294682,0,0,0.740075988769531,1.63,0,-5400.2158203125
100000000000000000000001,1,924125000,0,-46,3.84722381601719,0,0,0.740075988769531,1.63,0,-5400.2158203125
100000000000000000000004,1,924125000,0,-47,5.19099098620501,0,0,0.740075988769531,1.63,0,-5400.2158203125
100000000000000000000002,1,924125000,0,-45,4.91487444438559,0,0,0.740075988769531,1.63,0,-5400.2158203125
100000000000000000000004,1,924125000,0,-46.5,5.18485506305347,0,0,0.740075988769531,1.63,0,-5400.2158203125
100000000000000000000002,1,924125000,0,-45,4.91487444438559,0,0,0.740075988769531,1.63,0,-5400.2158203125
100000000000000000000003,1,924125000,0,-44.5,3.5895150436524,0,0,0.740075988769531,1.63,0,-5400.2158203125
100000000000000000000000,1,924125000,0,-48.5,3.07409749892282,0,0,0.740075988769531,1.63,0,-5400.2158203125
100000000000000000000001,1,924125000,0,-46,3.85335973916873,0,0,0.740075988769531,1.63,0,-5400.2158203125
E00000000000000000002005,1,924125000,0,-62.5,3.44838881116692,0,0,0.740075988769531,1.63,0,-5400.2158203125
E00000000000000000002005,1,924125000,0,-62,3.40543734910612,0,0,0.740075988769531,1.63,0,-5400.2158203125
100000000000000000000001,1,924125000,0,-46,3.86563158547182,0,0,0.740075988769531,1.63,0,-5400.2158203125
100000000000000000000004,1,924125000,0,-47,5.2032628325081,0,0,0.740075988769531,1.63,0,-5400.2158203125
100000000000000000000002,1,924125000,0,-45,4.95168998329485,0,0,0.740075988769531,1.63,0,-5400.2158203125
100000000000000000000003,1,924125000,0,-44.5,3.59565096680394,0,0,0.740075988769531,1.63,0,-5400.2158203125
100000000000000000000000,1,924125000,0,-48.5,3.04955380631665,0,0,0.740075988769531,1.63,0,-5400.2158203125
100000000000000000000003,1,924125000,0,-44.5,3.60178688995549,0,0,0.740075988769531,1.63,0,-5400.2158203125
100000000000000000000004,1,924125000,0,-46.5,5.2032628325081,0,0,0.740075988769531,1.63,0,-5400.2158203125
E00000000000000000002005,1,924125000,0,-62.5,3.45452473431846,0,0,0.740075988769531,1.63,0,-5400.2158203125
100000000000000000000002,1,924125000,0,-45,4.93328221384022,0,0,0.740075988769531,1.63,0,-5400.2158203125
100000000000000000000000,1,924125000,0,-49,3.0556897294682,0,0,0.740075988769531,1.63,0,-5400.2158203125
100000000000000000000001,1,924125000,0,-46,3.8349519697141,0,0,0.740075988769531,1.63,0,-5400.2158203125
E00000000000000000002005,1,924125000,0,-62.5,3.44838881116692,0,0,0.740075988769531,1.63,0,-5400.2158203125
100000000000000000000002,1,924125000,0,-45,4.90260259808251,0,0,0.740075988769531,1.63,0,-5400.2158203125
100000000000000000000003,1,924125000,0,-44.5,3.60792281310703,0,0,0.740075988769531,1.63,0,-5400.2158203125
100000000000000000000001,1,924125000,0,-46,3.85949566232027,0,0,0.740075988769531,1.63,0,-5400.2158203125
100000000000000000000000,1,924125000,0,-49,3.04341788316511,0,0,0.740075988769531,1.63,0,-5400.2158203125
100000000000000000000004,1,924125000,0,-46.5,5.16644729359884,0,0,0.740075988769531,1.63,0,-5400.2158203125
E00000000000000000002005,1,924125000,0,-62,3.39930142595458,0,0,0.740075988769531,1.63,0,-5400.2158203125
100000000000000000000003,1,924125000,0,-44.5,3.59565096680394,0,0,0.740075988769531,1.63,0,-5400.2158203125
100000000000000000000002,1,924125000,0,-45,4.90873852123405,0,0,0.740075988769531,1.63,0,-5400.2158203125
100000000000000000000001,1,924125000,0,-46,3.85335973916873,0,0,0.740075988769531,1.63,0,-5400.2158203125
100000000000000000000000,1,924125000,0,-49,3.06182565261974,0,0,0.740075988769531,1.63,0,-5400.2158203125
100000000000000000000004,1,924125000,0,-46.5,5.20939875565964,0,0,0.740075988769531,1.63,0,-5400.2158203125
100000000000000000000004,1,924125000,0,-46.5,5.18485506305347,0,0,0.740075988769531,1.63,0,-5400.2158203125
100000000000000000000000,1,924125000,0,-49,3.07409749892282,0,0,0.740075988769531,1.63,0,-5400.2158203125
100000000000000000000003,1,924125000,0,-44.5,3.59565096680394,0,0,0.740075988769531,1.63,0,-5400.2158203125
100000000000000000000002,1,924125000,0,-45,4.94555406014331,0,0,0.740075988769531,1.63,0,-5400.2158203125
100000000000000000000001,1,924125000,0,-46,3.84108789286565,0,0,0.740075988769531,1.63,0,-5400.2158203125
E00000000000000000002005,1,924125000,0,-62.5,3.46066065747001,0,0,0.740075988769531,1.63,0,-5400.2158203125
100000000000000000000002,1,924125000,0,-45,4.93941813699176,0,0,0.740075988769531,1.63,0,-5400.2158203125
100000000000000000000001,1,924125000,0,-46,3.85949566232027,0,0,0.740075988769531,1.63,0,-5400.2158203125
100000000000000000000000,1,924125000,0,-48.5,3.06182565261974,0,0,0.740075988769531,1.63,0,-5400.2158203125
100000000000000000000003,1,924125000,0,-44.5,3.59565096680394,0,0,0.740075988769531,1.63,0,-5400.2158203125
100000000000000000000004,1,924125000,0,-47,5.19099098620501,0,0,0.740075988769531,1.63,0,-5400.2158203125
E00000000000000000002005,1,924125000,0,-62,3.42998104171229,0,0,0.740075988769531,1.63,0,-5400.2158203125
100000000000000000000000,1,924125000,0,-49,3.00660234425586,0,0,0.740075988769531,1.63,0,-5400.2158203125
100000000000000000000003,1,924125000,0,-44.5,3.57110727419777,0,0,0.740075988769531,1.63,0,-5400.2158203125
100000000000000000000001,1,924125000,0,-46,3.84722381601719,0,0,0.740075988769531,1.63,0,-5400.2158203125
E00000000000000000002005,1,924125000,0,-62.5,3.52815581213697,0,0,0.740075988769531,1.63,0,-5400.2158203125
100000000000000000000004,1,924125000,0,-46.5,5.19712690935655,0,0,0.740075988769531,1.63,0,-5400.2158203125
100000000000000000000002,1,924125000,0,-45,4.93941813699176,0,0,0.740075988769531,1.63,0,-5400.2158203125
100000000000000000000002,1,924125000,0,-45,4.90260259808251,0,0,0.740075988769531,1.63,0,-5400.2158203125
100000000000000000000000,1,924125000,0,-49,3.03114603686203,0,0,0.740075988769531,1.63,0,-5400.2158203125
100000000000000000000001,1,924125000,0,-46,3.86563158547182,0,0,0.740075988769531,1.63,0,-5400.2158203125
E00000000000000000002005,1,924125000,0,-62.5,3.5036121195308,0,0,0.740075988769531,1.63,0,-5400.2158203125
100000000000000000000004,1,924125000,0,-46.5,5.19712690935655,0,0,0.740075988769531,1.63,0,-5400.2158203125
100000000000000000000003,1,924125000,0,-44.5,3.59565096680394,0,0,0.740075988769531,1.63,0,-5400.2158203125
100000000000000000000000,1,924125000,0,-49,3.03728196001357,0,0,0.740075988769531,1.63,0,-5400.2158203125
100000000000000000000001,1,924125000,0,-46,3.86563158547182,0,0,0.740075988769531,1.63,0,-5400.2158203125
E00000000000000000002005,1,924125000,0,-62,3.45452473431846,0,0,0.740075988769531,1.63,0,-5400.2158203125
100000000000000000000002,1,924125000,0,-45,4.92101036753714,0,0,0.740075988769531,1.63,0,-5400.2158203125
100000000000000000000004,1,924125000,0,-46.5,5.18485506305347,0,0,0.740075988769531,1.63,0,-5400.2158203125
100000000000000000000003,1,924125000,0,-44.5,3.59565096680394,0,0,0.740075988769531,1.63,0,-5400.2158203125
100000000000000000000002,1,924125000,0,-45,4.92714629068868,0,0,0.740075988769531,1.63,0,-5400.2158203125
E00000000000000000002005,1,924125000,0,-62,3.46066065747001,0,0,0.740075988769531,1.63,0,-5400.2158203125
100000000000000000000004,1,924125000,0,-46.5,5.17871913990192,0,0,0.740075988769531,1.63,0,-5400.2158203125
100000000000000000000001,1,924125000,0,-46,3.86563158547182,0,0,0.740075988769531,1.63,0,-5400.2158203125
100000000000000000000003,1,924125000,0,-44.5,3.60792281310703,0,0,0.740075988769531,1.63,0,-5400.2158203125
100000000000000000000000,1,924125000,0,-48.5,3.07409749892282,0,0,0.740075988769531,1.63,0,-5400.2158203125
100000000000000000000002,1,924125000,0,-45,4.91487444438559,0,0,0.740075988769531,1.63,0,-5400.2158203125
100000000000000000000004,1,924125000,0,-46.5,5.18485506305347,0,0,0.740075988769531,1.63,0,-5400.2158203125
100000000000000000000000,1,924125000,0,-49,3.04341788316511,0,0,0.740075988769531,1.63,0,-5400.2158203125
100000000000000000000003,1,924125000,0,-44.5,3.58337912050086,0,0,0.740075988769531,1.63,0,-5400.2158203125
100000000000000000000001,1,924125000,0,-46,3.84722381601719,0,0,0.740075988769531,1.63,0,-5400.2158203125
E00000000000000000002005,1,924125000,0,-62.5,3.42998104171229,0,0,0.740075988769531,1.63,0,-5400.2158203125
E00000000000000000002005,1,924125000,0,-62,3.50974804268235,0,0,0.740075988769531,1.63,0,-5400.2158203125
100000000000000000000002,1,924125000,0,-45,4.93328221384022,0,0,0.740075988769531,1.63,0,-5400.2158203125
100000000000000000000000,1,924125000,0,-49,3.04955380631665,0,0,0.740075988769531,1.63,0,-5400.2158203125
100000000000000000000004,1,924125000,0,-47,5.19712690935655,0,0,0.740075988769531,1.63,0,-5400.2158203125
100000000000000000000001,1,924125000,0,-46,3.84108789286565,0,0,0.740075988769531,1.63,0,-5400.2158203125
100000000000000000000003,1,924125000,0,-44.5,3.59565096680394,0,0,0.740075988769531,1.63,0,-5400.2158203125
E00000000000000000002005,1,924125000,0,-62,3.48520435007618,0,0,0.740075988769531,1.63,0,-5400.2158203125
100000000000000000000002,1,924125000,0,-45,4.92714629068868,0,0,0.740075988769531,1.63,0,-5400.2158203125
100000000000000000000000,1,924125000,0,-49,3.04341788316511,0,0,0.740075988769531,1.63,0,-5400.2158203125
100000000000000000000004,1,924125000,0,-46.5,5.18485506305347,0,0,0.740075988769531,1.63,0,-5400.2158203125
100000000000000000000001,1,924125000,0,-46,3.82881604656256,0,0,0.740075988769531,1.63,0,-5400.2158203125
100000000000000000000003,1,924125000,0,-44.5,3.57110727419777,0,0,0.740075988769531,1.63,0,-5400.2158203125
100000000000000000000002,1,924125000,0,-45,4.92101036753714,0,0,0.740075988769531,1.63,0,-5400.2158203125
E00000000000000000002005,1,924125000,0,-62,3.47293250377309,0,0,0.740075988769531,1.63,0,-5400.2158203125
100000000000000000000004,1,924125000,0,-46.5,5.18485506305347,0,0,0.740075988769531,1.63,0,-5400.2158203125
100000000000000000000001,1,924125000,0,-46,3.84722381601719,0,0,0.740075988769531,1.63,0,-5400.2158203125
100000000000000000000000,1,924125000,0,-48.5,3.01887419055894,0,0,0.740075988769531,1.63,0,-5400.2158203125
100000000000000000000003,1,924125000,0,-44.5,3.5895150436524,0,0,0.740075988769531,1.63,0,-5400.2158203125
100000000000000000000002,1,924125000,0,-45,4.89646667493097,0,0,0.740075988769531,1.63,0,-5400.2158203125
100000000000000000000000,1,924125000,0,-49,3.06796157577128,0,0,0.740075988769531,1.63,0,-5400.2158203125
100000000000000000000004,1,924125000,0,-47,5.19099098620501,0,0,0.740075988769531,1.63,0,-5400.2158203125
100000000000000000000003,1,924125000,0,-44.5,3.5895150436524,0,0,0.740075988769531,1.63,0,-5400.2158203125
100000000000000000000001,1,924125000,0,-46,3.85335973916873,0,0,0.740075988769531,1.63,0,-5400.2158203125
E00000000000000000002005,1,924125000,0,-62,3.55883542789469,0,0,0.740075988769531,1.63,0,-5400.2158203125
E00000000000000000002005,1,924125000,0,-62,3.49134027322772,0,0,0.740075988769531,1.63,0,-5400.2158203125
100000000000000000000000,1,924125000,0,-49,3.04955380631665,0,0,0.740075988769531,1.63,0,-5400.2158203125
100000000000000000000004,1,924125000,0,-47,5.19712690935655,0,0,0.740075988769531,1.63,0,-5400.2158203125
100000000000000000000003,1,924125000,0,-44.5,3.60792281310703,0,0,0.740075988769531,1.63,0,-5400.2158203125
100000000000000000000002,1,924125000,0,-45,4.92714629068868,0,0,0.740075988769531,1.63,0,-5400.2158203125
100000000000000000000001,1,924125000,0,-46,3.85335973916873,0,0,0.740075988769531,1.63,0,-5400.2158203125
E00000000000000000002005,1,924125000,0,-62.5,3.44838881116692,0,0,0.740075988769531,1.63,0,-5400.2158203125
100000000000000000000001,1,924125000,0,-46,3.85949566232027,0,0,0.740075988769531,1.63,0,-5400.2158203125
100000000000000000000004,1,924125000,0,-47,5.17871913990192,0,0,0.740075988769531,1.63,0,-5400.2158203125
100000000000000000000002,1,924125000,0,-45,4.94555406014331,0,0,0.740075988769531,1.63,0,-5400.2158203125
100000000000000000000003,1,924125000,0,-44.5,3.5895150436524,0,0,0.740075988769531,1.63,0,-5400.2158203125
100000000000000000000000,1,924125000,0,-49,3.03728196001357,0,0,0.740075988769531,1.63,0,-5400.2158203125
100000000000000000000004,1,924125000,0,-46.5,5.17871913990192,0,0,0.740075988769531,1.63,0,-5400.2158203125
100000000000000000000002,1,924125000,0,-45,4.92714629068868,0,0,0.740075988769531,1.63,0,-5400.2158203125
E00000000000000000002005,1,924125000,0,-62,3.52815581213697,0,0,0.740075988769531,1.63,0,-5400.2158203125
100000000000000000000000,1,924125000,0,-49,3.04341788316511,0,0,0.740075988769531,1.63,0,-5400.2158203125
100000000000000000000001,1,924125000,0,-46,3.85335973916873,0,0,0.740075988769531,1.63,0,-5400.2158203125
100000000000000000000003,1,924125000,0,-44.5,3.60178688995549,0,0,0.740075988769531,1.63,0,-5400.2158203125
100000000000000000000002,1,924125000,0,-45,4.91487444438559,0,0,0.740075988769531,1.63,0,-5400.2158203125
100000000000000000000003,1,924125000,0,-44.5,3.60792281310703,0,0,0.740075988769531,1.63,0,-5400.2158203125
100000000000000000000001,1,924125000,0,-46,3.8349519697141,0,0,0.740075988769531,1.63,0,-5400.2158203125
100000000000000000000004,1,924125000,0,-46.5,5.19099098620501,0,0,0.740075988769531,1.63,0,-5400.2158203125
E00000000000000000002005,1,924125000,0,-62.5,3.44225288801538,0,0,0.740075988769531,1.63,0,-5400.2158203125
100000000000000000000000,1,924125000,0,-49,3.0556897294682,0,0,0.740075988769531,1.63,0,-5400.2158203125
100000000000000000000000,1,924125000,0,-49,3.03114603686203,0,0,0.740075988769531,1.63,0,-5400.2158203125
100000000000000000000001,1,924125000,0,-46,3.84108789286565,0,0,0.740075988769531,1.63,0,-5400.2158203125
100000000000000000000003,1,924125000,0,-44.5,3.60178688995549,0,0,0.740075988769531,1.63,0,-5400.2158203125
E00000000000000000002005,1,924125000,0,-62.5,3.48520435007618,0,0,0.740075988769531,1.63,0,-5400.2158203125
100000000000000000000004,1,924125000,0,-47,5.18485506305347,0,0,0.740075988769531,1.63,0,-5400.2158203125
100000000000000000000002,1,924125000,0,-45,4.91487444438559,0,0,0.740075988769531,1.63,0,-5400.2158203125
100000000000000000000001,1,924125000,0,-46,3.84108789286565,0,0,0.740075988769531,1.63,0,-5400.2158203125
100000000000000000000000,1,924125000,0,-49,3.04341788316511,0,0,0.740075988769531,1.63,0,-5400.2158203125
E00000000000000000002005,1,924125000,0,-62,3.5036121195308,0,0,0.740075988769531,1.63,0,-5400.2158203125
100000000000000000000004,1,924125000,0,-47,5.17871913990192,0,0,0.740075988769531,1.63,0,-5400.2158203125
100000000000000000000002,1,924125000,0,-45,4.91487444438559,0,0,0.740075988769531,1.63,0,-5400.2158203125
100000000000000000000003,1,924125000,0,-44.5,3.57724319734932,0,0,0.740075988769531,1.63,0,-5400.2158203125
100000000000000000000004,1,924125000,0,-46.5,5.19712690935655,0,0,0.740075988769531,1.63,0,-5400.2158203125
E00000000000000000002005,1,924125000,0,-62,3.42998104171229,0,0,0.740075988769531,1.63,0,-5400.2158203125
100000000000000000000001,1,924125000,0,-46,3.86563158547182,0,0,0.740075988769531,1.63,0,-5400.2158203125
100000000000000000000002,1,924125000,0,-45,4.92101036753714,0,0,0.740075988769531,1.63,0,-5400.2158203125
100000000000000000000000,1,924125000,0,-49,3.06182565261974,0,0,0.740075988769531,1.63,0,-5400.2158203125
100000000000000000000003,1,924125000,0,-44.5,3.60792281310703,0,0,0.740075988769531,1.63,0,-5400.2158203125
100000000000000000000000,1,924125000,0,-49,3.06182565261974,0,0,0.740075988769531,1.63,0,-5400.2158203125
100000000000000000000003,1,924125000,0,-44.5,3.58337912050086,0,0,0.740075988769531,1.63,0,-5400.2158203125
100000000000000000000001,1,924125000,0,-46,3.85949566232027,0,0,0.740075988769531,1.63,0,-5400.2158203125
E00000000000000000002005,1,924125000,0,-61.5,3.48520435007618,0,0,0.740075988769531,1.63,0,-5400.2158203125
100000000000000000000002,1,924125000,0,-45,4.95168998329485,0,0,0.740075988769531,1.63,0,-5400.2158203125
100000000000000000000004,1,924125000,0,-46.5,5.19712690935655,0,0,0.740075988769531,1.63,0,-5400.2158203125
100000000000000000000001,1,924125000,0,-46,3.85949566232027,0,0,0.740075988769531,1.63,0,-5400.2158203125
100000000000000000000002,1,924125000,0,-45,4.93941813699176,0,0,0.740075988769531,1.63,0,-5400.2158203125
100000000000000000000004,1,924125000,0,-46.5,5.17871913990192,0,0,0.740075988769531,1.63,0,-5400.2158203125
100000000000000000000003,1,924125000,0,-44.5,3.59565096680394,0,0,0.740075988769531,1.63,0,-5400.2158203125
100000000000000000000000,1,924125000,0,-49,3.04955380631665,0,0,0.740075988769531,1.63,0,-5400.2158203125
E00000000000000000002005,1,924125000,0,-62,3.42384511856075,0,0,0.740075988769531,1.63,0,-5400.2158203125
E00000000000000000002005,1,924125000,0,-61.5,3.3870295796515,0,0,0.740075988769531,1.63,0,-5400.2158203125
100000000000000000000004,1,924125000,0,-46.5,5.20939875565964,0,0,0.740075988769531,1.63,0,-5400.2158203125
100000000000000000000003,1,924125000,0,-44.5,3.60178688995549,0,0,0.740075988769531,1.63,0,-5400.2158203125
100000000000000000000002,1,924125000,0,-45,4.95168998329485,0,0,0.740075988769531,1.63,0,-5400.2158203125
100000000000000000000001,1,924125000,0,-46,3.86563158547182,0,0,0.740075988769531,1.63,0,-5400.2158203125
100000000000000000000000,1,924125000,0,-49,3.0556897294682,0,0,0.740075988769531,1.63,0,-5400.2158203125
100000000000000000000003,1,924125000,0,-44.5,3.61405873625857,0,0,0.740075988769531,1.63,0,-5400.2158203125
100000000000000000000002,1,924125000,0,-45,4.92101036753714,0,0,0.740075988769531,1.63,0,-5400.2158203125
100000000000000000000004,1,924125000,0,-46.5,5.18485506305347,0,0,0.740075988769531,1.63,0,-5400.2158203125
100000000000000000000000,1,924125000,0,-48.5,3.0556897294682,0,0,0.740075988769531,1.63,0,-5400.2158203125
100000000000000000000001,1,924125000,0,-46,3.8349519697141,0,0,0.740075988769531,1.63,0,-5400.2158203125
E00000000000000000002005,1,924125000,0,-62,3.42384511856075,0,0,0.740075988769531,1.63,0,-5400.2158203125
100000000000000000000004,1,924125000,0,-46.5,5.18485506305347,0,0,0.740075988769531,1.63,0,-5400.2158203125
100000000000000000000003,1,924125000,0,-44.5,3.5895150436524,0,0,0.740075988769531,1.63,0,-5400.2158203125
100000000000000000000002,1,924125000,0,-45,4.91487444438559,0,0,0.740075988769531,1.63,0,-5400.2158203125
E00000000000000000002005,1,924125000,0,-62.5,3.39930142595458,0,0,0.740075988769531,1.63,0,-5400.2158203125
100000000000000000000000,1,924125000,0,-49,3.0556897294682,0,0,0.740075988769531,1.63,0,-5400.2158203125
100000000000000000000001,1,924125000,0,-46,3.85335973916873,0,0,0.740075988769531,1.63,0,-5400.2158203125
100000000000000000000003,1,924125000,0,-44.5,3.62019465941011,0,0,0.740075988769531,1.63,0,-5400.2158203125
100000000000000000000002,1,924125000,0,-45,4.95168998329485,0,0,0.740075988769531,1.63,0,-5400.2158203125
E00000000000000000002005,1,924125000,0,-62,3.45452473431846,0,0,0.740075988769531,1.63,0,-5400.2158203125
100000000000000000000004,1,924125000,0,-47,5.19099098620501,0,0,0.740075988769531,1.63,0,-5400.2158203125
100000000000000000000001,1,924125000,0,-46,3.8779034317749,0,0,0.740075988769531,1.63,0,-5400.2158203125
100000000000000000000000,1,924125000,0,-49,3.04341788316511,0,0,0.740075988769531,1.63,0,-5400.2158203125
E00000000000000000002005,1,924125000,0,-62,3.42384511856075,0,0,0.740075988769531,1.63,0,-5400.2158203125
100000000000000000000004,1,924125000,0,-46.5,5.20939875565964,0,0,0.740075988769531,1.63,0,-5400.2158203125
100000000000000000000001,1,924125000,0,-46,3.85949566232027,0,0,0.740075988769531,1.63,0,-5400.2158203125
100000000000000000000003,1,924125000,0,-44.5,3.57724319734932,0,0,0.740075988769531,1.63,0,-5400.2158203125
100000000000000000000002,1,924125000,0,-45,4.94555406014331,0,0,0.740075988769531,1.63,0,-5400.2158203125
100000000000000000000000,1,924125000,0,-49,3.04955380631665,0,0,0.740075988769531,1.63,0,-5400.2158203125
100000000000000000000004,1,924125000,0,-46.5,5.18485506305347,0,0,0.740075988769531,1.63,0,-5400.2158203125
E00000000000000000002005,1,924125000,0,-62,3.39930142595458,0,0,0.740075988769531,1.63,0,-5400.2158203125
100000000000000000000003,1,924125000,0,-44.5,3.59565096680394,0,0,0.740075988769531,1.63,0,-5400.2158203125
100000000000000000000001,1,924125000,0,-46,3.84722381601719,0,0,0.740075988769531,1.63,0,-5400.2158203125
100000000000000000000002,1,924125000,0,-45,4.93328221384022,0,0,0.740075988769531,1.63,0,-5400.2158203125
100000000000000000000000,1,924125000,0,-49,3.0556897294682,0,0,0.740075988769531,1.63,0,-5400.2158203125
E00000000000000000002005,1,924125000,0,-62,3.40543734910612,0,0,0.740075988769531,1.63,0,-5400.2158203125
100000000000000000000004,1,924125000,0,-46.5,5.17871913990192,0,0,0.740075988769531,1.63,0,-5400.2158203125
100000000000000000000000,1,924125000,0,-49,3.04341788316511,0,0,0.740075988769531,1.63,0,-5400.2158203125
100000000000000000000002,1,920625000,0,-45.5,3.32567034813607,0,0,0.740075988769531,1.63,0,-5400.2158203125
100000000000000000000003,1,920625000,0,-46,1.79168956025043,0,0,0.740075988769531,1.63,0,-5400.2158203125
100000000000000000000001,1,920625000,0,-46,2.08007794837293,0,0,0.740075988769531,1.63,0,-5400.2158203125
E00000000000000000002005,1,920625000,0,-62,6.22182607566416,0,0,0.740075988769531,1.63,0,-5400.2158203125
100000000000000000000001,1,920625000,0,-46,2.08621387152447,0,0,0.740075988769531,1.63,0,-5400.2158203125
100000000000000000000004,1,920625000,0,-46,3.74904904559251,0,0,0.740075988769531,1.63,0,-5400.2158203125
100000000000000000000000,1,920625000,0,-49,1.09833024412612,0,0,0.740075988769531,1.63,0,-5400.2158203125
100000000000000000000002,1,920625000,0,-45.5,3.28271888607527,0,0,0.740075988769531,1.63,0,-5400.2158203125
100000000000000000000003,1,920625000,0,-45.5,1.81009732970506,0,0,0.740075988769531,1.63,0,-5400.2158203125
E00000000000000000002005,1,920625000,0,-62,6.24636976827033,0,0,0.740075988769531,1.63,0,-5400.2158203125
100000000000000000000003,1,920625000,0,-46,1.79168956025043,0,0,0.740075988769531,1.63,0,-5400.2158203125
100000000000000000000004,1,920625000,0,-46,3.72450535298634,0,0,0.740075988769531,1.63,0,-5400.2158203125
100000000000000000000002,1,920625000,0,-45.5,3.30726257868144,0,0,0.740075988769531,1.63,0,-5400.2158203125
100000000000000000000000,1,920625000,0,-49,1.09833024412612,0,0,0.740075988769531,1.63,0,-5400.2158203125
100000000000000000000001,1,920625000,0,-46,2.1046216409791,0,0,0.740075988769531,1.63,0,-5400.2158203125
100000000000000000000003,1,920625000,0,-45.5,1.81009732970506,0,0,0.740075988769531,1.63,0,-5400.2158203125
100000000000000000000001,1,920625000,0,-46.5,2.11075756413064,0,0,0.740075988769531,1.63,0,-5400.2158203125
100000000000000000000002,1,920625000,0,-45.5,3.33180627128761,0,0,0.740075988769531,1.63,0,-5400.2158203125
100000000000000000000004,1,920625000,0,-46,3.72450535298634,0,0,0.740075988769531,1.63,0,-5400.2158203125
100000000000000000000000,1,920625000,0,-49,1.09219432097458,0,0,0.740075988769531,1.63,0,-5400.2158203125
E00000000000000000002005,1,920625000,0,-61.5,6.20955422936108,0,0,0.740075988769531,1.63,0,-5400.2158203125
100000000000000000000000,1,920625000,0,-48.5,1.09219432097458,0,0,0.740075988769531,1.63,0,-5400.2158203125
100000000000000000000002,1,920625000,0,-45.5,3.31953442498453,0,0,0.740075988769531,1.63,0,-5400.2158203125
E00000000000000000002005,1,920625000,0,-62,6.16046684414874,0,0,0.740075988769531,1.63,0,-5400.2158203125
100000000000000000000001,1,920625000,0,-46,2.11075756413064,0,0,0.740075988769531,1.63,0,-5400.2158203125
100000000000000000000004,1,920625000,0,-46.5,3.73064127613788,0,0,0.740075988769531,1.63,0,-5400.2158203125
100000000000000000000003,1,920625000,0,-46,1.82236917600814,0,0,0.740075988769531,1.63,0,-5400.2158203125
100000000000000000000002,1,920625000,0,-45.5,3.28885480922681,0,0,0.740075988769531,1.63,0,-5400.2158203125
100000000000000000000000,1,920625000,0,-49,1.09833024412612,0,0,0.740075988769531,1.63,0,-5400.2158203125
100000000000000000000001,1,920625000,0,-46.5,2.12302941043373,0,0,0.740075988769531,1.63,0,-5400.2158203125
E00000000000000000002005,1,920625000,0,-61.5,6.22182607566416,0,0,0.740075988769531,1.63,0,-5400.2158203125
100000000000000000000004,1,920625000,0,-46,3.74291312244096,0,0,0.740075988769531,1.63,0,-5400.2158203125
100000000000000000000003,1,920625000,0,-45.5,1.79168956025043,0,0,0.740075988769531,1.63,0,-5400.2158203125
100000000000000000000001,1,920625000,0,-46,2.09848571782756,0,0,0.740075988769531,1.63,0,-5400.2158203125
100000000000000000000004,1,920625000,0,-46,3.74291312244096,0,0,0.740075988769531,1.63,0,-5400.2158203125
100000000000000000000000,1,920625000,0,-48.5,1.07992247467149,0,0,0.740075988769531,1.63,0,-5400.2158203125
100000000000000000000003,1,920625000,0,-45.5,1.79782548340197,0,0,0.740075988769531,1.63,0,-5400.2158203125
100000000000000000000002,1,920625000,0,-45.5,3.3011266555299,0,0,0.740075988769531,1.63,0,-5400.2158203125
E00000000000000000002005,1,920625000,0,-61.5,6.25864161457342,0,0,0.740075988769531,1.63,0,-5400.2158203125
100000000000000000000002,1,920625000,0,-45.5,3.33180627128761,0,0,0.740075988769531,1.63,0,-5400.2158203125
100000000000000000000004,1,920625000,0,-46,3.73064127613788,0,0,0.740075988769531,1.63,0,-5400.2158203125
100000000000000000000003,1,920625000,0,-46,1.8162332528566,0,0,0.740075988769531,1.63,0,-5400.2158203125
E00000000000000000002005,1,920625000,0,-61.5,6.28318530717959,0,0,0.740075988769531,1.63,0,-5400.2158203125
100000000000000000000001,1,920625000,0,-46,2.08621387152447,0,0,0.740075988769531,1.63,0,-5400.2158203125
100000000000000000000000,1,920625000,0,-48.5,1.08605839782303,0,0,0.740075988769531,1.63,0,-5400.2158203125
100000000000000000000002,1,920625000,0,-45.5,3.31953442498453,0,0,0.740075988769531,1.63,0,-5400.2158203125
100000000000000000000003,1,920625000,0,-45.5,1.79168956025043,0,0,0.740075988769531,1.63,0,-5400.2158203125
100000000000000000000000,1,920625000,0,-48.5,1.09833024412612,0,0,0.740075988769531,1.63,0,-5400.2158203125
100000000000000000000001,1,920625000,0,-46.5,2.1046216409791,0,0,0.740075988769531,1.63,0,-5400.2158203125
100000000000000000000004,1,920625000,0,-46,3.73064127613788,0,0,0.740075988769531,1.63,0,-5400.2158203125
E00000000000000000002005,1,920625000,0,-62,6.15433092099719,0,0,0.740075988769531,1.63,0,-5400.2158203125
100000000000000000000003,1,920625000,0,-46,1.80396140655351,0,0,0.740075988769531,1.63,0,-5400.2158203125
100000000000000000000001,1,920625000,0,-46.5,2.09848571782756,0,0,0.740075988769531,1.63,0,-5400.2158203125
E00000000000000000002005,1,920625000,0,-61.5,6.23409792196725,0,0,0.740075988769531,1.63,0,-5400.2158203125
100000000000000000000002,1,920625000,0,-45.5,3.31953442498453,0,0,0.740075988769531,1.63,0,-5400.2158203125
100000000000000000000004,1,920625000,0,-46,3.73677719928942,0,0,0.740075988769531,1.63,0,-5400.2158203125
100000000000000000000000,1,920625000,0,-48.5,1.09833024412612,0,0,0.740075988769531,1.63,0,-5400.2158203125
100000000000000000000003,1,920625000,0,-45.5,1.77941771394734,0,0,0.740075988769531,1.63,0,-5400.2158203125
100000000000000000000004,1,920625000,0,-46,3.73677719928942,0,0,0.740075988769531,1.63,0,-5400.2158203125
100000000000000000000002,1,920625000,0,-45.5,3.31953442498453,0,0,0.740075988769531,1.63,0,-5400.2158203125
100000000000000000000001,1,920625000,0,-46,2.1046216409791,0,0,0.740075988769531,1.63,0,-5400.2158203125
100000000000000000000000,1,920625000,0,-49,1.06151470521686,0,0,0.740075988769531,1.63,0,-5400.2158203125
E00000000000000000002005,1,920625000,0,-61.5,6.17273869045182,0,0,0.740075988769531,1.63,0,-5400.2158203125
E00000000000000000002005,1,920625000,0,-61.5,6.16660276730028,0,0,0.740075988769531,1.63,0,-5400.2158203125
100000000000000000000004,1,920625000,0,-46,3.73677719928942,0,0,0.740075988769531,1.63,0,-5400.2158203125
100000000000000000000002,1,920625000,0,-45.5,3.31953442498453,0,0,0.740075988769531,1.63,0,-5400.2158203125
100000000000000000000001,1,920625000,0,-46,2.11689348728218,0,0,0.740075988769531,1.63,0,-5400.2158203125
100000000000000000000003,1,920625000,0,-46,1.78555363709889,0,0,0.740075988769531,1.63,0,-5400.2158203125
100000000000000000000000,1,920625000,0,-49,1.06151470521686,0,0,0.740075988769531,1.63,0,-5400.2158203125
100000000000000000000001,1,920625000,0,-46,2.1046216409791,0,0,0.740075988769531,1.63,0,-5400.2158203125
100000000000000000000002,1,920625000,0,-45.5,3.31953442498453,0,0,0.740075988769531,1.63,0,-5400.2158203125
E00000000000000000002005,1,920625000,0,-62,6.25250569142187,0,0,0.740075988769531,1.63,0,-5400.2158203125
100000000000000000000000,1,920625000,0,-48.5,1.09833024412612,0,0,0.740075988769531,1.63,0,-5400.2158203125
100000000000000000000004,1,920625000,0,-46.5,3.74291312244096,0,0,0.740075988769531,1.63,0,-5400.2158203125
100000000000000000000003,1,920625000,0,-46,1.80396140655351,0,0,0.740075988769531,1.63,0,-5400.2158203125
E00000000000000000002005,1,920625000,0,-62,6.18501053675491,0,0,0.740075988769531,1.63,0,-5400.2158203125
100000000000000000000000,1,920625000,0,-49,1.10446616727766,0,0,0.740075988769531,1.63,0,-5400.2158203125
100000000000000000000003,1,920625000,0,-46,1.80396140655351,0,0,0.740075988769531,1.63,0,-5400.2158203125
100000000000000000000001,1,920625000,0,-46,2.09234979467601,0,0,0.740075988769531,1.63,0,-5400.2158203125
100000000000000000000002,1,920625000,0,-45.5,3.28885480922681,0,0,0.740075988769531,1.63,0,-5400.2158203125
100000000000000000000004,1,920625000,0,-46,3.75518496874405,0,0,0.740075988769531,1.63,0,-5400.2158203125
100000000000000000000000,1,920625000,0,-48.5,1.11673801358075,0,0,0.740075988769531,1.63,0,-5400.2158203125
100000000000000000000003,1,920625000,0,-45.5,1.80396140655351,0,0,0.740075988769531,1.63,0,-5400.2158203125
100000000000000000000001,1,920625000,0,-46,2.09234979467601,0,0,0.740075988769531,1.63,0,-5400.2158203125
E00000000000000000002005,1,920625000,0,-61.5,0.0184077694546279,0,0,0.740075988769531,1.63,0,-5400.2158203125
100000000000000000000002,1,920625000,0,-45.5,3.33180627128761,0,0,0.740075988769531,1.63,0,-5400.2158203125
100000000000000000000004,1,920625000,0,-46.5,3.73064127613788,0,0,0.740075988769531,1.63,0,-5400.2158203125
100000000000000000000001,1,920625000,0,-46,2.09234979467601,0,0,0.740075988769531,1.63,0,-5400.2158203125
100000000000000000000002,1,920625000,0,-45.5,3.31339850183298,0,0,0.740075988769531,1.63,0,-5400.2158203125
E00000000000000000002005,1,920625000,0,-62,6.16660276730028,0,0,0.740075988769531,1.63,0,-5400.2158203125
100000000000000000000004,1,920625000,0,-46.5,3.74291312244096,0,0,0.740075988769531,1.63,0,-5400.2158203125
100000000000000000000003,1,920625000,0,-45.5,1.81009732970506,0,0,0.740075988769531,1.63,0,-5400.2158203125
100000000000000000000000,1,920625000,0,-48.5,1.09833024412612,0,0,0.740075988769531,1.63,0,-5400.2158203125
100000000000000000000001,1,920625000,0,-46,2.09848571782756,0,0,0.740075988769531,1.63,0,-5400.2158203125
100000000000000000000004,1,920625000,0,-46,3.71836942983479,0,0,0.740075988769531,1.63,0,-5400.2158203125
100000000000000000000002,1,920625000,0,-45.5,3.30726257868144,0,0,0.740075988769531,1.63,0,-5400.2158203125
100000000000000000000003,1,920625000,0,-45.5,1.79168956025043,0,0,0.740075988769531,1.63,0,-5400.2158203125
100000000000000000000000,1,920625000,0,-48.5,1.1106020904292,0,0,0.740075988769531,1.63,0,-5400.2158203125
E00000000000000000002005,1,920625000,0,-61.5,0.00613592315154232,0,0,0.740075988769531,1.63,0,-5400.2158203125
E00000000000000000002005,1,920625000,0,-61.5,6.26477753772496,0,0,0.740075988769531,1.63,0,-5400.2158203125
100000000000000000000002,1,920625000,0,-45.5,3.31953442498453,0,0,0.740075988769531,1.63,0,-5400.2158203125
100000000000000000000001,1,920625000,0,-46,2.11075756413064,0,0,0.740075988769531,1.63,0,-5400.2158203125
100000000000000000000004,1,920625000,0,-46.5,3.73064127613788,0,0,0.740075988769531,1.63,0,-5400.2158203125
100000000000000000000000,1,920625000,0,-48.5,1.08605839782303,0,0,0.740075988769531,1.63,0,-5400.2158203125
100000000000000000000003,1,920625000,0,-45.5,1.81009732970506,0,0,0.740075988769531,1.63,0,-5400.2158203125
100000000000000000000003,1,920625000,0,-45.5,1.79168956025043,0,0,0.740075988769531,1.63,0,-5400.2158203125
100000000000000000000002,1,920625000,0,-45.5,3.33794219443916,0,0,0.740075988769531,1.63,0,-5400.2158203125
100000000000000000000001,1,920625000,0,-46,2.08621387152447,0,0,0.740075988769531,1.63,0,-5400.2158203125
100000000000000000000004,1,920625000,0,-46,3.75518496874405,0,0,0.740075988769531,1.63,0,-5400.2158203125
100000000000000000000000,1,920625000,0,-48.5,1.09833024412612,0,0,0.740075988769531,1.63,0,-5400.2158203125
E00000000000000000002005,1,920625000,0,-62,6.20955422936108,0,0,0.740075988769531,1.63,0,-5400.2158203125
100000000000000000000004,1,920625000,0,-46,3.74291312244096,0,0,0.740075988769531,1.63,0,-5400.2158203125
E00000000000000000002005,1,920625000,0,-62,6.26477753772496,0,0,0.740075988769531,1.63,0,-5400.2158203125
100000000000000000000000,1,920625000,0,-48.5,1.10446616727766,0,0,0.740075988769531,1.63,0,-5400.2158203125
100000000000000000000001,1,920625000,0,-46,2.07394202522139,0,0,0.740075988769531,1.63,0,-5400.2158203125
100000000000000000000002,1,920625000,0,-45.5,3.31339850183298,0,0,0.740075988769531,1.63,0,-5400.2158203125
100000000000000000000003,1,920625000,0,-45.5,1.81009732970506,0,0,0.740075988769531,1.63,0,-5400.2158203125
100000000000000000000000,1,920625000,0,-48.5,1.08605839782303,0,0,0.740075988769531,1.63,0,-5400.2158203125
100000000000000000000003,1,920625000,0,-45.5,1.78555363709889,0,0,0.740075988769531,1.63,0,-5400.2158203125
100000000000000000000004,1,920625000,0,-46,3.73677719928942,0,0,0.740075988769531,1.63,0,-5400.2158203125
100000000000000000000002,1,920625000,0,-45.5,3.32567034813607,0,0,0.740075988769531,1.63,0,-5400.2158203125
E00000000000000000002005,1,920625000,0,-62,0.0184077694546279,0,0,0.740075988769531,1.63,0,-5400.2158203125
100000000000000000000001,1,920625000,0,-46,2.11075756413064,0,0,0.740075988769531,1.63,0,-5400.2158203125
E00000000000000000002005,1,920625000,0,-61.5,6.22182607566416,0,0,0.740075988769531,1.63,0,-5400.2158203125
100000000000000000000002,1,920625000,0,-45.5,3.31953442498453,0,0,0.740075988769531,1.63,0,-5400.2158203125
100000000000000000000003,1,920625000,0,-45.5,1.79168956025043,0,0,0.740075988769531,1.63,0,-5400.2158203125
100000000000000000000001,1,920625000,0,-46,2.09848571782756,0,0,0.740075988769531,1.63,0,-5400.2158203125
100000000000000000000000,1,920625000,0,-48.5,1.08605839782303,0,0,0.740075988769531,1.63,0,-5400.2158203125
100000000000000000000004,1,920625000,0,-46,3.76745681504713,0,0,0.740075988769531,1.63,0,-5400.2158203125
E00000000000000000002005,1,920625000,0,-62,6.19114645990645,0,0,0.740075988769531,1.63,0,-5400.2158203125
100000000000000000000002,1,920625000,0,-45.5,3.28271888607527,0,0,0.740075988769531,1.63,0,-5400.2158203125
100000000000000000000004,1,920625000,0,-46.5,3.71836942983479,0,0,0.740075988769531,1.63,0,-5400.2158203125
100000000000000000000003,1,920625000,0,-45.5,1.78555363709889,0,0,0.740075988769531,1.63,0,-5400.2158203125
100000000000000000000001,1,920625000,0,-46,2.06780610206984,0,0,0.740075988769531,1.63,0,-5400.2158203125
100000000000000000000000,1,920625000,0,-48.5,1.07992247467149,0,0,0.740075988769531,1.63,0,-5400.2158203125
E00000000000000000002005,1,920625000,0,-62,6.22182607566416,0,0,0.740075988769531,1.63,0,-5400.2158203125
100000000000000000000002,1,920625000,0,-45.5,3.31953442498453,0,0,0.740075988769531,1.63,0,-5400.2158203125
100000000000000000000003,1,920625000,0,-45.5,1.81009732970506,0,0,0.740075988769531,1.63,0,-5400.2158203125
100000000000000000000004,1,920625000,0,-46,3.73064127613788,0,0,0.740075988769531,1.63,0,-5400.2158203125
100000000000000000000000,1,920625000,0,-49,1.09219432097458,0,0,0.740075988769531,1.63,0,-5400.2158203125
100000000000000000000001,1,920625000,0,-46,2.07394202522139,0,0,0.740075988769531,1.63,0,-5400.2158203125
100000000000000000000004,1,920625000,0,-46.5,3.71836942983479,0,0,0.740075988769531,1.63,0,-5400.2158203125
100000000000000000000001,1,920625000,0,-46,2.07394202522139,0,0,0.740075988769531,1.63,0,-5400.2158203125
E00000000000000000002005,1,920625000,0,-62,6.09910761263331,0,0,0.740075988769531,1.63,0,-5400.2158203125
100000000000000000000002,1,920625000,0,-45.5,3.3011266555299,0,0,0.740075988769531,1.63,0,-5400.2158203125
100000000000000000000000,1,920625000,0,-49,1.09219432097458,0,0,0.740075988769531,1.63,0,-5400.2158203125
100000000000000000000003,1,920625000,0,-45.5,1.76714586764426,0,0,0.740075988769531,1.63,0,-5400.2158203125
100000000000000000000000,1,920625000,0,-48.5,1.10446616727766,0,0,0.740075988769531,1.63,0,-5400.2158203125
100000000000000000000004,1,920625000,0,-46.5,3.71223350668325,0,0,0.740075988769531,1.63,0,-5400.2158203125
100000000000000000000003,1,920625000,0,-45.5,1.82850509915968,0,0,0.740075988769531,1.63,0,-5400.2158203125
100000000000000000000002,1,920625000,0,-45.5,3.27658296292373,0,0,0.740075988769531,1.63,0,-5400.2158203125
100000000000000000000001,1,920625000,0,-46.5,2.08621387152447,0,0,0.740075988769531,1.63,0,-5400.2158203125
E00000000000000000002005,1,920625000,0,-62,6.21569015251262,0,0,0.740075988769531,1.63,0,-5400.2158203125
100000000000000000000001,1,920625000,0,-46,2.07394202522139,0,0,0.740075988769531,1.63,0,-5400.2158203125
100000000000000000000002,1,920625000,0,-45.5,3.3011266555299,0,0,0.740075988769531,1.63,0,-5400.2158203125
100000000000000000000004,1,920625000,0,-46,3.72450535298634,0,0,0.740075988769531,1.63,0,-5400.2158203125
100000000000000000000000,1,920625000,0,-49,1.09219432097458,0,0,0.740075988769531,1.63,0,-5400.2158203125
100000000000000000000003,1,920625000,0,-45.5,1.78555363709889,0,0,0.740075988769531,1.63,0,-5400.2158203125
E00000000000000000002005,1,920625000,0,-62,6.2279619988157,0,0,0.740075988769531,1.63,0,-5400.2158203125
100000000000000000000000,1,920625000,0,-48.5,1.1106020904292,0,0,0.740075988769531,1.63,0,-5400.2158203125
100000000000000000000003,1,920625000,0,-45.5,1.80396140655351,0,0,0.740075988769531,1.63,0,-5400.2158203125
100000000000000000000004,1,920625000,0,-46.5,3.72450535298634,0,0,0.740075988769531,1.63,0,-5400.2158203125
100000000000000000000001,1,920625000,0,-46,2.09848571782756,0,0,0.740075988769531,1.63,0,-5400.2158203125
100000000000000000000002,1,920625000,0,-45.5,3.29499073237836,0,0,0.740075988769531,1.63,0,-5400.2158203125
E00000000000000000002005,1,920625000,0,-62,6.25250569142187,0,0,0.740075988769531,1.63,0,-5400.2158203125
100000000000000000000001,1,920625000,0,-46,2.09234979467601,0,0,0.740075988769531,1.63,0,-5400.2158203125
100000000000000000000000,1,920625000,0,-48.5,1.08605839782303,0,0,0.740075988769531,1.63,0,-5400.2158203125
100000000000000000000004,1,920625000,0,-46,3.72450535298634,0,0,0.740075988769531,1.63,0,-5400.2158203125
E00000000000000000002005,1,920625000,0,-62,0.00613592315154232,0,0,0.740075988769531,1.63,0,-5400.2158203125
100000000000000000000003,1,920625000,0,-45.5,1.79782548340197,0,0,0.740075988769531,1.63,0,-5400.2158203125
100000000000000000000002,1,920625000,0,-45.5,3.31339850183298,0,0,0.740075988769531,1.63,0,-5400.2158203125
100000000000000000000000,1,920625000,0,-48.5,1.08605839782303,0,0,0.740075988769531,1.63,0,-5400.2158203125
100000000000000000000002,1,920625000,0,-45.5,3.29499073237836,0,0,0.740075988769531,1.63,0,-5400.2158203125
100000000000000000000003,1,920625000,0,-45.5,1.76714586764426,0,0,0.740075988769531,1.63,0,-5400.2158203125
100000000000000000000001,1,920625000,0,-46,2.11689348728218,0,0,0.740075988769531,1.63,0,-5400.2158203125
100000000000000000000004,1,920625000,0,-46.5,3.70609758353171,0,0,0.740075988769531,1.63,0,-5400.2158203125
E00000000000000000002005,1,920625000,0,-62,6.2709134608765,0,0,0.740075988769531,1.63,0,-5400.2158203125
100000000000000000000003,1,920625000,0,-46,1.78555363709889,0,0,0.740075988769531,1.63,0,-5400.2158203125
100000000000000000000000,1,920625000,0,-48.5,1.08605839782303,0,0,0.740075988769531,1.63,0,-5400.2158203125
100000000000000000000001,1,920625000,0,-46,2.08621387152447,0,0,0.740075988769531,1.63,0,-5400.2158203125
100000000000000000000004,1,920625000,0,-46.5,3.73064127613788,0,0,0.740075988769531,1.63,0,-5400.2158203125
E00000000000000000002005,1,920625000,0,-62,6.23409792196725,0,0,0.740075988769531,1.63,0,-5400.2158203125
100000000000000000000002,1,920625000,0,-45.5,3.29499073237836,0,0,0.740075988769531,1.63,0,-5400.2158203125
100000000000000000000002,1,920625000,0,-45.5,3.28271888607527,0,0,0.740075988769531,1.63,0,-5400.2158203125
100000000000000000000003,1,920625000,0,-46,1.79168956025043,0,0,0.740075988769531,1.63,0,-5400.2158203125
100000000000000000000001,1,920625000,0,-46,2.09848571782756,0,0,0.740075988769531,1.63,0,-5400.2158203125
100000000000000000000004,1,920625000,0,-46,3.73064127613788,0,0,0.740075988769531,1.63,0,-5400.2158203125
100000000000000000000000,1,920625000,0,-48.5,1.08605839782303,0,0,0.740075988769531,1.63,0,-5400.2158203125
E00000000000000000002005,1,920625000,0,-62,6.25250569142187,0,0,0.740075988769531,1.63,0,-5400.2158203125
E00000000000000000002005,1,920625000,0,-62,6.24636976827033,0,0,0.740075988769531,1.63,0,-5400.2158203125
100000000000000000000004,1,920625000,0,-46.5,3.71836942983479,0,0,0.740075988769531,1.63,0,-5400.2158203125
100000000000000000000002,1,920625000,0,-45.5,3.31339850183298,0,0,0.740075988769531,1.63,0,-5400.2158203125
100000000000000000000003,1,920625000,0,-45.5,1.78555363709889,0,0,0.740075988769531,1.63,0,-5400.2158203125
100000000000000000000001,1,920625000,0,-46,2.09848571782756,0,0,0.740075988769531,1.63,0,-5400.2158203125
100000000000000000000000,1,920625000,0,-48.5,1.09833024412612,0,0,0.740075988769531,1.63,0,-5400.2158203125
100000000000000000000000,1,920625000,0,-48.5,1.1106020904292,0,0,0.740075988769531,1.63,0,-5400.2158203125
100000000000000000000003,1,920625000,0,-45.5,1.77941771394734,0,0,0.740075988769531,1.63,0,-5400.2158203125
100000000000000000000002,1,920625000,0,-45.5,3.31339850183298,0,0,0.740075988769531,1.63,0,-5400.2158203125
E00000000000000000002005,1,920625000,0,-62,6.20341830620953,0,0,0.740075988769531,1.63,0,-5400.2158203125
100000000000000000000001,1,920625000,0,-46,2.11075756413064,0,0,0.740075988769531,1.63,0,-5400.2158203125
100000000000000000000004,1,920625000,0,-46,3.71836942983479,0,0,0.740075988769531,1.63,0,-5400.2158203125
100000000000000000000001,1,920625000,0,-46,2.11075756413064,0,0,0.740075988769531,1.63,0,-5400.2158203125
100000000000000000000000,1,920625000,0,-48.5,1.08605839782303,0,0,0.740075988769531,1.63,0,-5400.2158203125
100000000000000000000003,1,920625000,0,-45.5,1.79168956025043,0,0,0.740075988769531,1.63,0,-5400.2158203125
100000000000000000000004,1,920625000,0,-46,3.71836942983479,0,0,0.740075988769531,1.63,0,-5400.2158203125
100000000000000000000002,1,920625000,0,-45.5,3.28271888607527,0,0,0.740075988769531,1.63,0,-5400.2158203125
E00000000000000000002005,1,920625000,0,-62,6.23409792196725,0,0,0.740075988769531,1.63,0,-5400.2158203125
E00000000000000000002005,1,920625000,0,-62,6.16660276730028,0,0,0.740075988769531,1.63,0,-5400.2158203125
100000000000000000000001,1,920625000,0,-46,2.08621387152447,0,0,0.740075988769531,1.63,0,-5400.2158203125
100000000000000000000002,1,920625000,0,-45.5,3.29499073237836,0,0,0.740075988769531,1.63,0,-5400.2158203125
100000000000000000000004,1,920625000,0,-46.5,3.70609758353171,0,0,0.740075988769531,1.63,0,-5400.2158203125
100000000000000000000003,1,920625000,0,-45.5,1.80396140655351,0,0,0.740075988769531,1.63,0,-5400.2158203125
100000000000000000000000,1,920625000,0,-49,1.07992247467149,0,0,0.740075988769531,1.63,0,-5400.2158203125
100000000000000000000002,1,920625000,0,-45.5,3.31339850183298,0,0,0.740075988769531,1.63,0,-5400.2158203125
100000000000000000000003,1,920625000,0,-45.5,1.78555363709889,0,0,0.740075988769531,1.63,0,-5400.2158203125
100000000000000000000004,1,920625000,0,-46.5,3.71836942983479,0,0,0.740075988769531,1.63,0,-5400.2158203125
E00000000000000000002005,1,920625000,0,-62,0.0245436926061702,0,0,0.740075988769531,1.63,0,-5400.2158203125
100000000000000000000000,1,920625000,0,-48.5,1.08605839782303,0,0,0.740075988769531,1.63,0,-5400.2158203125
100000000000000000000001,1,920625000,0,-46,2.09234979467601,0,0,0.740075988769531,1.63,0,-5400.2158203125
100000000000000000000001,1,920625000,0,-46,2.08621387152447,0,0,0.740075988769531,1.63,0,-5400.2158203125
100000000000000000000000,1,920625000,0,-49,1.07992247467149,0,0,0.740075988769531,1.63,0,-5400.2158203125
100000000000000000000003,1,920625000,0,-45.5,1.79168956025043,0,0,0.740075988769531,1.63,0,-5400.2158203125
E00000000000000000002005,1,920625000,0,-62.5,6.24023384511879,0,0,0.740075988769531,1.63,0,-5400.2158203125
100000000000000000000004,1,920625000,0,-46,3.71836942983479,0,0,0.740075988769531,1.63,0,-5400.2158203125
100000000000000000000002,1,920625000,0,-45.5,3.3011266555299,0,0,0.740075988769531,1.63,0,-5400.2158203125
E00000000000000000002005,1,920625000,0,-61.5,0.0490873852123404,0,0,0.740075988769531,1.63,0,-5400.2158203125
100000000000000000000003,1,920625000,0,-45.5,1.76714586764426,0,0,0.740075988769531,1.63,0,-5400.2158203125
100000000000000000000000,1,920625000,0,-48.5,1.07992247467149,0,0,0.740075988769531,1.63,0,-5400.2158203125
100000000000000000000002,1,920625000,0,-45.5,3.30726257868144,0,0,0.740075988769531,1.63,0,-5400.2158203125
100000000000000000000004,1,920625000,0,-46,3.72450535298634,0,0,0.740075988769531,1.63,0,-5400.2158203125
100000000000000000000001,1,920625000,0,-46,2.1046216409791,0,0,0.740075988769531,1.63,0,-5400.2158203125
100000000000000000000000,1,920625000,0,-48.5,1.09219432097458,0,0,0.740075988769531,1.63,0,-5400.2158203125
100000000000000000000002,1,920625000,0,-45.5,3.3011266555299,0,0,0.740075988769531,1.63,0,-5400.2158203125
100000000000000000000004,1,920625000,0,-46,3.72450535298634,0,0,0.740075988769531,1.63,0,-5400.2158203125
100000000000000000000001,1,920625000,0,-46,2.09234979467601,0,0,0.740075988769531,1.63,0,-5400.2158203125
100000000000000000000003,1,920625000,0,-45.5,1.81009732970506,0,0,0.740075988769531,1.63,0,-5400.2158203125
E00000000000000000002005,1,920625000,0,-62,6.23409792196725,0,0,0.740075988769531,1.63,0,-5400.2158203125
100000000000000000000000,1,920625000,0,-48.5,1.07992247467149,0,0,0.740075988769531,1.63,0,-5400.2158203125
E00000000000000000002005,1,920625000,0,-61.5,6.17273869045182,0,0,0.740075988769531,1.63,0,-5400.2158203125
100000000000000000000003,1,920625000,0,-45.5,1.79168956025043,0,0,0.740075988769531,1.63,0,-5400.2158203125
100000000000000000000001,1,920625000,0,-46,2.11075756413064,0,0,0.740075988769531,1.63,0,-5400.2158203125
100000000000000000000004,1,920625000,0,-46,3.71836942983479,0,0,0.740075988769531,1.63,0,-5400.2158203125
100000000000000000000002,1,920625000,0,-45.5,3.3011266555299,0,0,0.740075988769531,1.63,0,-5400.2158203125
100000000000000000000004,1,920625000,0,-46,3.72450535298634,0,0,0.740075988769531,1.63,0,-5400.2158203125
100000000000000000000000,1,920625000,0,-49,1.07378655151995,0,0,0.740075988769531,1.63,0,-5400.2158203125
100000000000000000000002,1,920625000,0,-45.5,3.27658296292373,0,0,0.740075988769531,1.63,0,-5400.2158203125
E00000000000000000002005,1,920625000,0,-62,6.2279619988157,0,0,0.740075988769531,1.63,0,-5400.2158203125
100000000000000000000003,1,920625000,0,-45.5,1.80396140655351,0,0,0.740075988769531,1.63,0,-5400.2158203125
100000000000000000000001,1,920625000,0,-46,2.09848571782756,0,0,0.740075988769531,1.63,0,-5400.2158203125
