epc,antennaIndex,frequency,time,RSSI,phase,dopplerShift,velocity,x,y,z,angle
100000000000000000000000,1,921125000,0,-44.5,5.45483568172134,0,0,0.040060001373291,1.63,0,-5399.92822265625
100000000000000000000001,1,921125000,0,-46,0.042951462060798,0,0,0.040060001373291,1.63,0,-5399.92822265625
100000000000000000000002,1,921125000,0,-45,2.24574787346458,0,0,0.040060001373291,1.63,0,-5399.92822265625
100000000000000000000004,1,921125000,0,-51.5,2.02485464000905,0,0,0.040060001373291,1.63,0,-5399.92822265625
100000000000000000000003,1,921125000,0,-46.5,1.43580601746096,0,0,0.040060001373291,1.63,0,-5399.92822265625
100000000000000000000000,1,921125000,0,-44.5,5.44256383541826,0,0,0.040060001373291,1.63,0,-5399.92822265625
100000000000000000000004,1,921125000,0,-51,2.01258279370596,0,0,0.040060001373291,1.63,0,-5399.92822265625
100000000000000000000002,1,921125000,0,-45,2.23347602716149,0,0,0.040060001373291,1.63,0,-5399.92822265625
100000000000000000000003,1,921125000,0,-46.5,1.4419419406125,0,0,0.040060001373291,1.63,0,-5399.92822265625
100000000000000000000001,1,921125000,0,-46,0.0368155389092557,0,0,0.040060001373291,1.63,0,-5399.92822265625
100000000000000000000002,1,921125000,0,-45,2.23347602716149,0,0,0.040060001373291,1.63,0,-5399.92822265625
100000000000000000000004,1,921125000,0,-51,2.03099056316059,0,0,0.040060001373291,1.63,0,-5399.92822265625
100000000000000000000001,1,921125000,0,-46,0.042951462060798,0,0,0.040060001373291,1.63,0,-5399.92822265625
100000000000000000000003,1,921125000,0,-46.5,1.4419419406125,0,0,0.040060001373291,1.63,0,-5399.92822265625
100000000000000000000000,1,921125000,0,-44.5,5.46097160487288,0,0,0.040060001373291,1.63,0,-5399.92822265625
100000000000000000000001,1,921125000,0,-46,0.0674951546669682,0,0,0.040060001373291,1.63,0,-5399.92822265625
100000000000000000000002,1,921125000,0,-45,2.23961195031304,0,0,0.040060001373291,1.63,0,-5399.92822265625
100000000000000000000000,1,921125000,0,-44.5,5.4486997585698,0,0,0.040060001373291,1.63,0,-5399.92822265625
100000000000000000000003,1,921125000,0,-46.5,1.43580601746096,0,0,0.040060001373291,1.63,0,-5399.92822265625
100000000000000000000004,1,921125000,0,-51,2.04939833261522,0,0,0.040060001373291,1.63,0,-5399.92822265625
100000000000000000000004,1,921125000,0,-51.5,2.07394202522139,0,0,0.040060001373291,1.63,0,-5399.92822265625
100000000000000000000001,1,921125000,0,-46,0.0613592315154259,0,0,0.040060001373291,1.63,0,-5399.92822265625
100000000000000000000000,1,921125000,0,-44.5,5.4916512206306,0,0,0.040060001373291,1.63,0,-5399.92822265625
100000000000000000000002,1,921125000,0,-45,2.30097118182846,0,0,0.040060001373291,1.63,0,-5399.92822265625
100000000000000000000003,1,921125000,0,-46.5,1.42967009430942,0,0,0.040060001373291,1.63,0,-5399.92822265625
100000000000000000000004,1,921125000,0,-51,2.03099056316059,0,0,0.040060001373291,1.63,0,-5399.92822265625
100000000000000000000002,1,921125000,0,-45,2.22120418085841,0,0,0.040060001373291,1.63,0,-5399.92822265625
100000000000000000000000,1,921125000,0,-44.5,5.46097160487288,0,0,0.040060001373291,1.63,0,-5399.92822265625
100000000000000000000001,1,921125000,0,-46,0.0552233083638827,0,0,0.040060001373291,1.63,0,-5399.92822265625
100000000000000000000003,1,921125000,0,-46.5,1.44807786376405,0,0,0.040060001373291,1.63,0,-5399.92822265625
100000000000000000000002,1,921125000,0,-45,2.20893233455532,0,0,0.040060001373291,1.63,0,-5399.92822265625
100000000000000000000000,1,921125000,0,-44.5,5.45483568172134,0,0,0.040060001373291,1.63,0,-5399.92822265625
100000000000000000000001,1,921125000,0,-46,0.0306796157577125,0,0,0.040060001373291,1.63,0,-5399.92822265625
100000000000000000000004,1,921125000,0,-51,2.04939833261522,0,0,0.040060001373291,1.63,0,-5399.92822265625
100000000000000000000003,1,921125000,0,-46.5,1.42353417115787,0,0,0.040060001373291,1.63,0,-5399.92822265625
100000000000000000000000,1,921125000,0,-44.5,5.4486997585698,0,0,0.040060001373291,1.63,0,-5399.92822265625
100000000000000000000003,1,921125000,0,-46.5,1.42353417115787,0,0,0.040060001373291,1.63,0,-5399.92822265625
100000000000000000000004,1,921125000,0,-51,2.02485464000905,0,0,0.040060001373291,1.63,0,-5399.92822265625
100000000000000000000001,1,921125000,0,-46,0.042951462060798,0,0,0.040060001373291,1.63,0,-5399.92822265625
100000000000000000000002,1,921125000,0,-45,2.24574787346458,0,0,0.040060001373291,1.63,0,-5399.92822265625
100000000000000000000000,1,921125000,0,-45,5.47937937432751,0,0,0.040060001373291,1.63,0,-5399.92822265625
100000000000000000000001,1,921125000,0,-46,0.0245436926061702,0,0,0.040060001373291,1.63,0,-5399.92822265625
100000000000000000000003,1,921125000,0,-46.5,1.44807786376405,0,0,0.040060001373291,1.63,0,-5399.92822265625
100000000000000000000002,1,921125000,0,-45.5,2.22734010400995,0,0,0.040060001373291,1.63,0,-5399.92822265625
100000000000000000000004,1,921125000,0,-51,2.03712648631213,0,0,0.040060001373291,1.63,0,-5399.92822265625
100000000000000000000003,1,921125000,0,-46,1.43580601746096,0,0,0.040060001373291,1.63,0,-5399.92822265625
100000000000000000000000,1,921125000,0,-44.5,5.46710752802443,0,0,0.040060001373291,1.63,0,-5399.92822265625
100000000000000000000002,1,921125000,0,-45,2.22120418085841,0,0,0.040060001373291,1.63,0,-5399.92822265625
100000000000000000000001,1,921125000,0,-46,0.0736310778185105,0,0,0.040060001373291,1.63,0,-5399.92822265625
100000000000000000000004,1,921125000,0,-51,1.99417502425133,0,0,0.040060001373291,1.63,0,-5399.92822265625
100000000000000000000000,1,921125000,0,-44.5,5.47324345117597,0,0,0.040060001373291,1.63,0,-5399.92822265625
100000000000000000000004,1,921125000,0,-51,2.01258279370596,0,0,0.040060001373291,1.63,0,-5399.92822265625
100000000000000000000001,1,921125000,0,-46,0.0490873852123404,0,0,0.040060001373291,1.63,0,-5399.92822265625
100000000000000000000003,1,921125000,0,-46.5,1.43580601746096,0,0,0.040060001373291,1.63,0,-5399.92822265625
100000000000000000000002,1,921125000,0,-45.5,2.22120418085841,0,0,0.040060001373291,1.63,0,-5399.92822265625
100000000000000000000002,1,921125000,0,-45.5,2.23961195031304,0,0,0.040060001373291,1.63,0,-5399.92822265625
100000000000000000000003,1,921125000,0,-46.5,1.42967009430942,0,0,0.040060001373291,1.63,0,-5399.92822265625
100000000000000000000000,1,921125000,0,-44.5,5.46710752802443,0,0,0.040060001373291,1.63,0,-5399.92822265625
100000000000000000000001,1,921125000,0,-46,0.0552233083638827,0,0,0.040060001373291,1.63,0,-5399.92822265625
100000000000000000000004,1,921125000,0,-51,2.03099056316059,0,0,0.040060001373291,1.63,0,-5399.92822265625
100000000000000000000004,1,921125000,0,-51,2.04326240946367,0,0,0.040060001373291,1.63,0,-5399.92822265625
100000000000000000000002,1,921125000,0,-45,2.22120418085841,0,0,0.040060001373291,1.63,0,-5399.92822265625
100000000000000000000003,1,921125000,0,-46.5,1.4419419406125,0,0,0.040060001373291,1.63,0,-5399.92822265625
100000000000000000000001,1,921125000,0,-46,0.0736310778185105,0,0,0.040060001373291,1.63,0,-5399.92822265625
100000000000000000000000,1,921125000,0,-45,5.47324345117597,0,0,0.040060001373291,1.63,0,-5399.92822265625
100000000000000000000003,1,921125000,0,-46.5,1.46034971006713,0,0,0.040060001373291,1.63,0,-5399.92822265625
100000000000000000000000,1,921125000,0,-44.5,5.46710752802443,0,0,0.040060001373291,1.63,0,-5399.92822265625
100000000000000000000001,1,921125000,0,-46,0.0552233083638827,0,0,0.040060001373291,1.63,0,-5399.92822265625
100000000000000000000002,1,921125000,0,-45,2.25188379661612,0,0,0.040060001373291,1.63,0,-5399.92822265625
100000000000000000000004,1,921125000,0,-51,2.03712648631213,0,0,0.040060001373291,1.63,0,-5399.92822265625
100000000000000000000002,1,921125000,0,-45.5,2.26415564291921,0,0,0.040060001373291,1.63,0,-5399.92822265625
100000000000000000000000,1,921125000,0,-44.5,5.46097160487288,0,0,0.040060001373291,1.63,0,-5399.92822265625
100000000000000000000004,1,921125000,0,-51,2.03099056316059,0,0,0.040060001373291,1.63,0,-5399.92822265625
100000000000000000000003,1,921125000,0,-46.5,1.4419419406125,0,0,0.040060001373291,1.63,0,-5399.92822265625
100000000000000000000001,1,921125000,0,-46,0.0490873852123404,0,0,0.040060001373291,1.63,0,-5399.92822265625
100000000000000000000003,1,921125000,0,-46.5,1.4419419406125,0,0,0.040060001373291,1.63,0,-5399.92822265625
100000000000000000000002,1,921125000,0,-45,2.25188379661612,0,0,0.040060001373291,1.63,0,-5399.92822265625
100000000000000000000000,1,921125000,0,-44.5,5.45483568172134,0,0,0.040060001373291,1.63,0,-5399.92822265625
100000000000000000000004,1,921125000,0,-51,2.04939833261522,0,0,0.040060001373291,1.63,0,-5399.92822265625
100000000000000000000001,1,921125000,0,-46,0.0368155389092557,0,0,0.040060001373291,1.63,0,-5399.92822265625
100000000000000000000004,1,921125000,0,-50.5,2.05553425576676,0,0,0.040060001373291,1.63,0,-5399.92822265625
100000000000000000000000,1,921125000,0,-44.5,5.43642791226671,0,0,0.040060001373291,1.63,0,-5399.92822265625
100000000000000000000003,1,921125000,0,-46.5,1.44807786376405,0,0,0.040060001373291,1.63,0,-5399.92822265625
100000000000000000000001,1,921125000,0,-46,0.0552233083638827,0,0,0.040060001373291,1.63,0,-5399.92822265625
100000000000000000000002,1,921125000,0,-45,2.25801971976766,0,0,0.040060001373291,1.63,0,-5399.92822265625
100000000000000000000001,1,921125000,0,-46,0.042951462060798,0,0,0.040060001373291,1.63,0,-5399.92822265625
100000000000000000000002,1,921125000,0,-45.5,2.25188379661612,0,0,0.040060001373291,1.63,0,-5399.92822265625
100000000000000000000003,1,921125000,0,-46.5,1.4419419406125,0,0,0.040060001373291,1.63,0,-5399.92822265625
100000000000000000000000,1,921125000,0,-44.5,5.44256383541826,0,0,0.040060001373291,1.63,0,-5399.92822265625
100000000000000000000004,1,921125000,0,-51,2.06780610206984,0,0,0.040060001373291,1.63,0,-5399.92822265625
100000000000000000000003,1,921125000,0,-46.5,1.44807786376405,0,0,0.040060001373291,1.63,0,-5399.92822265625
100000000000000000000002,1,921125000,0,-45,2.25188379661612,0,0,0.040060001373291,1.63,0,-5399.92822265625
100000000000000000000001,1,921125000,0,-46,0.0368155389092557,0,0,0.040060001373291,1.63,0,-5399.92822265625
100000000000000000000004,1,921125000,0,-51,2.04326240946367,0,0,0.040060001373291,1.63,0,-5399.92822265625
100000000000000000000000,1,921125000,0,-44.5,5.42415606596363,0,0,0.040060001373291,1.63,0,-5399.92822265625
100000000000000000000002,1,921125000,0,-45,2.23961195031304,0,0,0.040060001373291,1.63,0,-5399.92822265625
100000000000000000000000,1,921125000,0,-44.5,5.46710752802443,0,0,0.040060001373291,1.63,0,-5399.92822265625
100000000000000000000003,1,921125000,0,-46.5,1.45421378691559,0,0,0.040060001373291,1.63,0,-5399.92822265625
100000000000000000000004,1,921125000,0,-51,2.02485464000905,0,0,0.040060001373291,1.63,0,-5399.92822265625
100000000000000000000001,1,921125000,0,-46,0.0368155389092557,0,0,0.040060001373291,1.63,0,-5399.92822265625
100000000000000000000002,1,921125000,0,-45,2.20893233455532,0,0,0.040060001373291,1.63,0,-5399.92822265625
100000000000000000000003,1,921125000,0,-46.5,1.4419419406125,0,0,0.040060001373291,1.63,0,-5399.92822265625
100000000000000000000001,1,921125000,0,-46,0.042951462060798,0,0,0.040060001373291,1.63,0,-5399.92822265625
100000000000000000000004,1,921125000,0,-51,2.03712648631213,0,0,0.040060001373291,1.63,0,-5399.92822265625
100000000000000000000000,1,921125000,0,-44.5,5.4486997585698,0,0,0.040060001373291,1.63,0,-5399.92822265625
100000000000000000000002,1,921125000,0,-45.5,2.27029156607075,0,0,0.040060001373291,1.63,0,-5399.92822265625
100000000000000000000003,1,921125000,0,-46.5,1.4419419406125,0,0,0.040060001373291,1.63,0,-5399.92822265625
100000000000000000000001,1,921125000,0,-46,0.0797670009700537,0,0,0.040060001373291,1.63,0,-5399.92822265625
100000000000000000000000,1,921125000,0,-44.5,5.4486997585698,0,0,0.040060001373291,1.63,0,-5399.92822265625
100000000000000000000004,1,921125000,0,-51,2.02485464000905,0,0,0.040060001373291,1.63,0,-5399.92822265625
100000000000000000000000,1,921125000,0,-44.5,5.4486997585698,0,0,0.040060001373291,1.63,0,-5399.92822265625
100000000000000000000004,1,921125000,0,-51,2.03712648631213,0,0,0.040060001373291,1.63,0,-5399.92822265625
100000000000000000000001,1,921125000,0,-46,0.0552233083638827,0,0,0.040060001373291,1.63,0,-5399.92822265625
100000000000000000000002,1,921125000,0,-45.5,2.24574787346458,0,0,0.040060001373291,1.63,0,-5399.92822265625
100000000000000000000003,1,921125000,0,-47,1.43580601746096,0,0,0.040060001373291,1.63,0,-5399.92822265625
100000000000000000000001,1,921125000,0,-46,0.0552233083638827,0,0,0.040060001373291,1.63,0,-5399.92822265625
100000000000000000000003,1,921125000,0,-46.5,1.45421378691559,0,0,0.040060001373291,1.63,0,-5399.92822265625
100000000000000000000002,1,921125000,0,-45,2.26415564291921,0,0,0.040060001373291,1.63,0,-5399.92822265625
100000000000000000000004,1,921125000,0,-51,2.05553425576676,0,0,0.040060001373291,1.63,0,-5399.92822265625
100000000000000000000000,1,921125000,0,-44.5,5.47937937432751,0,0,0.040060001373291,1.63,0,-5399.92822265625
100000000000000000000002,1,921125000,0,-45,2.23347602716149,0,0,0.040060001373291,1.63,0,-5399.92822265625
100000000000000000000003,1,921125000,0,-46.5,1.44807786376405,0,0,0.040060001373291,1.63,0,-5399.92822265625
100000000000000000000000,1,921125000,0,-45,5.46710752802443,0,0,0.040060001373291,1.63,0,-5399.92822265625
100000000000000000000001,1,921125000,0,-46,0.0736310778185105,0,0,0.040060001373291,1.63,0,-5399.92822265625
100000000000000000000004,1,921125000,0,-51,2.01258279370596,0,0,0.040060001373291,1.63,0,-5399.92822265625
100000000000000000000003,1,921125000,0,-46.5,1.4419419406125,0,0,0.040060001373291,1.63,0,-5399.92822265625
100000000000000000000001,1,921125000,0,-46,0.0490873852123404,0,0,0.040060001373291,1.63,0,-5399.92822265625
100000000000000000000000,1,921125000,0,-45,5.47937937432751,0,0,0.040060001373291,1.63,0,-5399.92822265625
100000000000000000000004,1,921125000,0,-51,2.04939833261522,0,0,0.040060001373291,1.63,0,-5399.92822265625
100000000000000000000002,1,921125000,0,-45,2.25801971976766,0,0,0.040060001373291,1.63,0,-5399.92822265625
100000000000000000000004,1,921125000,0,-51,2.05553425576676,0,0,0.040060001373291,1.63,0,-5399.92822265625
100000000000000000000002,1,921125000,0,-45,2.22734010400995,0,0,0.040060001373291,1.63,0,-5399.92822265625
100000000000000000000000,1,921125000,0,-44.5,5.48551529747905,0,0,0.040060001373291,1.63,0,-5399.92822265625
100000000000000000000003,1,921125000,0,-46.5,1.4419419406125,0,0,0.040060001373291,1.63,0,-5399.92822265625
100000000000000000000001,1,921125000,0,-46,0.0920388472731384,0,0,0.040060001373291,1.63,0,-5399.92822265625
100000000000000000000002,1,921125000,0,-45.5,2.25188379661612,0,0,0.040060001373291,1.63,0,-5399.92822265625
100000000000000000000001,1,921125000,0,-46,0.104310693576224,0,0,0.040060001373291,1.63,0,-5399.92822265625
100000000000000000000004,1,921125000,0,-51,2.02485464000905,0,0,0.040060001373291,1.63,0,-5399.92822265625
100000000000000000000000,1,921125000,0,-44.5,5.47324345117597,0,0,0.040060001373291,1.63,0,-5399.92822265625
100000000000000000000003,1,921125000,0,-46.5,1.4419419406125,0,0,0.040060001373291,1.63,0,-5399.92822265625
100000000000000000000003,1,921125000,0,-46.5,1.4419419406125,0,0,0.040060001373291,1.63,0,-5399.92822265625
100000000000000000000001,1,921125000,0,-46,0.0736310778185105,0,0,0.040060001373291,1.63,0,-5399.92822265625
100000000000000000000002,1,921125000,0,-45,2.25801971976766,0,0,0.040060001373291,1.63,0,-5399.92822265625
100000000000000000000000,1,921125000,0,-44.5,5.47937937432751,0,0,0.040060001373291,1.63,0,-5399.92822265625
100000000000000000000004,1,921125000,0,-51,2.04326240946367,0,0,0.040060001373291,1.63,0,-5399.92822265625
100000000000000000000001,1,921125000,0,-46,0.042951462060798,0,0,0.040060001373291,1.63,0,-5399.92822265625
100000000000000000000003,1,921125000,0,-47,1.4419419406125,0,0,0.040060001373291,1.63,0,-5399.92822265625
100000000000000000000002,1,921125000,0,-45.5,2.25188379661612,0,0,0.040060001373291,1.63,0,-5399.92822265625
100000000000000000000000,1,921125000,0,-44.5,5.47937937432751,0,0,0.040060001373291,1.63,0,-5399.92822265625
100000000000000000000004,1,921125000,0,-51.5,2.04939833261522,0,0,0.040060001373291,1.63,0,-5399.92822265625
100000000000000000000003,1,921125000,0,-46.5,1.45421378691559,0,0,0.040060001373291,1.63,0,-5399.92822265625
100000000000000000000001,1,921125000,0,-46,0.0552233083638827,0,0,0.040060001373291,1.63,0,-5399.92822265625
100000000000000000000000,1,921125000,0,-44.5,5.48551529747905,0,0,0.040060001373291,1.63,0,-5399.92822265625
100000000000000000000002,1,921125000,0,-45.5,2.24574787346458,0,0,0.040060001373291,1.63,0,-5399.92822265625
100000000000000000000004,1,921125000,0,-51,2.0616701789183,0,0,0.040060001373291,1.63,0,-5399.92822265625
100000000000000000000003,1,921125000,0,-46.5,1.44807786376405,0,0,0.040060001373291,1.63,0,-5399.92822265625
100000000000000000000002,1,921125000,0,-45,2.24574787346458,0,0,0.040060001373291,1.63,0,-5399.92822265625
100000000000000000000000,1,921125000,0,-44.5,5.47324345117597,0,0,0.040060001373291,1.63,0,-5399.92822265625
100000000000000000000001,1,921125000,0,-46,0.0306796157577125,0,0,0.040060001373291,1.63,0,-5399.92822265625
100000000000000000000004,1,921125000,0,-51,2.06780610206984,0,0,0.040060001373291,1.63,0,-5399.92822265625
100000000000000000000001,1,921125000,0,-46,0.0368155389092557,0,0,0.040060001373291,1.63,0,-5399.92822265625
100000000000000000000000,1,921125000,0,-44.5,5.46097160487288,0,0,0.040060001373291,1.63,0,-5399.92822265625
100000000000000000000004,1,921125000,0,-51,2.04326240946367,0,0,0.040060001373291,1.63,0,-5399.92822265625
100000000000000000000002,1,921125000,0,-45,2.23347602716149,0,0,0.040060001373291,1.63,0,-5399.92822265625
100000000000000000000003,1,921125000,0,-46.5,1.43580601746096,0,0,0.040060001373291,1.63,0,-5399.92822265625
100000000000000000000002,1,921125000,0,-45,2.22734010400995,0,0,0.040060001373291,1.63,0,-5399.92822265625
100000000000000000000000,1,921125000,0,-44.5,5.46710752802443,0,0,0.040060001373291,1.63,0,-5399.92822265625
100000000000000000000003,1,921125000,0,-46.5,1.45421378691559,0,0,0.040060001373291,1.63,0,-5399.92822265625
100000000000000000000001,1,921125000,0,-46,0.0490873852123404,0,0,0.040060001373291,1.63,0,-5399.92822265625
100000000000000000000004,1,921125000,0,-51,2.05553425576676,0,0,0.040060001373291,1.63,0,-5399.92822265625
100000000000000000000002,1,921125000,0,-45,2.26415564291921,0,0,0.040060001373291,1.63,0,-5399.92822265625
100000000000000000000004,1,921125000,0,-51,1.99417502425133,0,0,0.040060001373291,1.63,0,-5399.92822265625
100000000000000000000003,1,921125000,0,-46.5,1.4419419406125,0,0,0.040060001373291,1.63,0,-5399.92822265625
100000000000000000000001,1,921125000,0,-46,0.0613592315154259,0,0,0.040060001373291,1.63,0,-5399.92822265625
100000000000000000000000,1,921125000,0,-44.5,5.4486997585698,0,0,0.040060001373291,1.63,0,-5399.92822265625
100000000000000000000001,1,921125000,0,-46,0.0981747704246807,0,0,0.040060001373291,1.63,0,-5399.92822265625
100000000000000000000004,1,921125000,0,-51,2.03712648631213,0,0,0.040060001373291,1.63,0,-5399.92822265625
100000000000000000000000,1,921125000,0,-44.5,5.46097160487288,0,0,0.040060001373291,1.63,0,-5399.92822265625
100000000000000000000003,1,921125000,0,-46.5,1.44807786376405,0,0,0.040060001373291,1.63,0,-5399.92822265625
100000000000000000000002,1,921125000,0,-45,2.21506825770687,0,0,0.040060001373291,1.63,0,-5399.92822265625
100000000000000000000004,1,921125000,0,-50.5,2.03099056316059,0,0,0.040060001373291,1.63,0,-5399.92822265625
100000000000000000000003,1,921125000,0,-46.5,1.42967009430942,0,0,0.040060001373291,1.63,0,-5399.92822265625
100000000000000000000001,1,921125000,0,-46,0.0490873852123404,0,0,0.040060001373291,1.63,0,-5399.92822265625
100000000000000000000000,1,921125000,0,-44.5,5.45483568172134,0,0,0.040060001373291,1.63,0,-5399.92822265625
100000000000000000000002,1,921125000,0,-45,2.22734010400995,0,0,0.040060001373291,1.63,0,-5399.92822265625
100000000000000000000000,1,921125000,0,-44.5,5.46097160487288,0,0,0.040060001373291,1.63,0,-5399.92822265625
100000000000000000000003,1,921125000,0,-46.5,1.44807786376405,0,0,0.040060001373291,1.63,0,-5399.92822265625
100000000000000000000001,1,921125000,0,-46,0.0552233083638827,0,0,0.040060001373291,1.63,0,-5399.92822265625
100000000000000000000004,1,921125000,0,-51,2.0187187168575,0,0,0.040060001373291,1.63,0,-5399.92822265625
100000000000000000000002,1,921125000,0,-45.5,2.23347602716149,0,0,0.040060001373291,1.63,0,-5399.92822265625
100000000000000000000000,1,921125000,0,-44.5,5.43642791226671,0,0,0.040060001373291,1.63,0,-5399.92822265625
100000000000000000000004,1,921125000,0,-51,2.00644687055442,0,0,0.040060001373291,1.63,0,-5399.92822265625
100000000000000000000003,1,921125000,0,-46.5,1.45421378691559,0,0,0.040060001373291,1.63,0,-5399.92822265625
100000000000000000000002,1,921125000,0,-45,2.23347602716149,0,0,0.040060001373291,1.63,0,-5399.92822265625
100000000000000000000001,1,921125000,0,-46,0.0306796157577125,0,0,0.040060001373291,1.63,0,-5399.92822265625
100000000000000000000000,1,921125000,0,-44.5,5.45483568172134,0,0,0.040060001373291,1.63,0,-5399.92822265625
100000000000000000000004,1,921125000,0,-50.5,2.05553425576676,0,0,0.040060001373291,1.63,0,-5399.92822265625
100000000000000000000001,1,921125000,0,-46,0.0184077694546279,0,0,0.040060001373291,1.63,0,-5399.92822265625
100000000000000000000003,1,921125000,0,-46.5,1.44807786376405,0,0,0.040060001373291,1.63,0,-5399.92822265625
100000000000000000000002,1,921125000,0,-45,2.26415564291921,0,0,0.040060001373291,1.63,0,-5399.92822265625
100000000000000000000002,1,921125000,0,-45.5,2.24574787346458,0,0,0.040060001373291,1.63,0,-5399.92822265625
100000000000000000000001,1,921125000,0,-46,0.042951462060798,0,0,0.040060001373291,1.63,0,-5399.92822265625
100000000000000000000004,1,921125000,0,-51,2.03099056316059,0,0,0.040060001373291,1.63,0,-5399.92822265625
100000000000000000000000,1,921125000,0,-44.5,5.46710752802443,0,0,0.040060001373291,1.63,0,-5399.92822265625
100000000000000000000003,1,921125000,0,-46.5,1.4419419406125,0,0,0.040060001373291,1.63,0,-5399.92822265625
100000000000000000000001,1,921125000,0,-46,0.0552233083638827,0,0,0.040060001373291,1.63,0,-5399.92822265625
100000000000000000000002,1,921125000,0,-45,2.25801971976766,0,0,0.040060001373291,1.63,0,-5399.92822265625
100000000000000000000000,1,921125000,0,-44.5,5.47937937432751,0,0,0.040060001373291,1.63,0,-5399.92822265625
100000000000000000000003,1,921125000,0,-46.5,1.45421378691559,0,0,0.040060001373291,1.63,0,-5399.92822265625
100000000000000000000004,1,921125000,0,-51,2.05553425576676,0,0,0.040060001373291,1.63,0,-5399.92822265625
100000000000000000000000,1,921125000,0,-44.5,5.44256383541826,0,0,0.040060001373291,1.63,0,-5399.92822265625
100000000000000000000001,1,921125000,0,-46,0.0306796157577125,0,0,0.040060001373291,1.63,0,-5399.92822265625
100000000000000000000004,1,921125000,0,-51,2.04326240946367,0,0,0.040060001373291,1.63,0,-5399.92822265625
100000000000000000000003,1,921125000,0,-46.5,1.4419419406125,0,0,0.040060001373291,1.63,0,-5399.92822265625
100000000000000000000002,1,921125000,0,-45,2.25801971976766,0,0,0.040060001373291,1.63,0,-5399.92822265625
100000000000000000000001,1,921125000,0,-46,0.0552233083638827,0,0,0.040060001373291,1.63,0,-5399.92822265625
100000000000000000000003,1,921125000,0,-46.5,1.4419419406125,0,0,0.040060001373291,1.63,0,-5399.92822265625
100000000000000000000000,1,921125000,0,-44.5,5.43642791226671,0,0,0.040060001373291,1.63,0,-5399.92822265625
100000000000000000000002,1,921125000,0,-45,2.27029156607075,0,0,0.040060001373291,1.63,0,-5399.92822265625
100000000000000000000004,1,921125000,0,-51,2.03712648631213,0,0,0.040060001373291,1.63,0,-5399.92822265625
100000000000000000000002,1,921125000,0,-45,2.23347602716149,0,0,0.040060001373291,1.63,0,-5399.92822265625
100000000000000000000001,1,921125000,0,-46,0.042951462060798,0,0,0.040060001373291,1.63,0,-5399.92822265625
100000000000000000000000,1,921125000,0,-44.5,5.46097160487288,0,0,0.040060001373291,1.63,0,-5399.92822265625
100000000000000000000003,1,921125000,0,-46.5,1.41739824800633,0,0,0.040060001373291,1.63,0,-5399.92822265625
100000000000000000000004,1,921125000,0,-51,2.03712648631213,0,0,0.040060001373291,1.63,0,-5399.92822265625
100000000000000000000002,1,921125000,0,-45,2.25801971976766,0,0,0.040060001373291,1.63,0,-5399.92822265625
100000000000000000000003,1,921125000,0,-46.5,1.42353417115787,0,0,0.040060001373291,1.63,0,-5399.92822265625
100000000000000000000004,1,921125000,0,-51,2.06780610206984,0,0,0.040060001373291,1.63,0,-5399.92822265625
100000000000000000000000,1,921125000,0,-44.5,5.45483568172134,0,0,0.040060001373291,1.63,0,-5399.92822265625
100000000000000000000001,1,921125000,0,-46,0.0490873852123404,0,0,0.040060001373291,1.63,0,-5399.92822265625
100000000000000000000004,1,921125000,0,-51,2.06780610206984,0,0,0.040060001373291,1.63,0,-5399.92822265625
100000000000000000000000,1,921125000,0,-44.5,5.45483568172134,0,0,0.040060001373291,1.63,0,-5399.92822265625
100000000000000000000001,1,921125000,0,-46,0.0613592315154259,0,0,0.040060001373291,1.63,0,-5399.92822265625
100000000000000000000003,1,921125000,0,-46.5,1.46034971006713,0,0,0.040060001373291,1.63,0,-5399.92822265625
100000000000000000000002,1,921125000,0,-45,2.25188379661612,0,0,0.040060001373291,1.63,0,-5399.92822265625
100000000000000000000004,1,921125000,0,-51,2.03099056316059,0,0,0.040060001373291,1.63,0,-5399.92822265625
100000000000000000000003,1,921125000,0,-46.5,1.44807786376405,0,0,0.040060001373291,1.63,0,-5399.92822265625
100000000000000000000001,1,921125000,0,-46,0.0613592315154259,0,0,0.040060001373291,1.63,0,-5399.92822265625
100000000000000000000000,1,921125000,0,-44.5,5.46097160487288,0,0,0.040060001373291,1.63,0,-5399.92822265625
100000000000000000000002,1,921125000,0,-45.5,2.26415564291921,0,0,0.040060001373291,1.63,0,-5399.92822265625
100000000000000000000002,1,921125000,0,-45.5,2.26415564291921,0,0,0.040060001373291,1.63,0,-5399.92822265625
100000000000000000000001,1,921125000,0,-46,0.042951462060798,0,0,0.040060001373291,1.63,0,-5399.92822265625
100000000000000000000003,1,921125000,0,-46.5,1.4419419406125,0,0,0.040060001373291,1.63,0,-5399.92822265625
100000000000000000000004,1,921125000,0,-51,2.05553425576676,0,0,0.040060001373291,1.63,0,-5399.92822265625
100000000000000000000000,1,921125000,0,-44.5,5.44256383541826,0,0,0.040060001373291,1.63,0,-5399.92822265625
100000000000000000000000,1,921125000,0,-44.5,5.44256383541826,0,0,0.040060001373291,1.63,0,-5399.92822265625
100000000000000000000001,1,921125000,0,-46,0.0245436926061702,0,0,0.040060001373291,1.63,0,-5399.92822265625
100000000000000000000004,1,921125000,0,-51,1.99417502425133,0,0,0.040060001373291,1.63,0,-5399.92822265625
100000000000000000000002,1,921125000,0,-45,2.23961195031304,0,0,0.040060001373291,1.63,0,-5399.92822265625
100000000000000000000003,1,921125000,0,-46.5,1.4419419406125,0,0,0.040060001373291,1.63,0,-5399.92822265625
100000000000000000000001,1,921125000,0,-46,0.0736310778185105,0,0,0.040060001373291,1.63,0,-5399.92822265625
100000000000000000000002,1,921125000,0,-45,2.26415564291921,0,0,0.040060001373291,1.63,0,-5399.92822265625
100000000000000000000000,1,921125000,0,-44.5,5.43642791226671,0,0,0.040060001373291,1.63,0,-5399.92822265625
100000000000000000000003,1,921125000,0,-46.5,1.4419419406125,0,0,0.040060001373291,1.63,0,-5399.92822265625
100000000000000000000004,1,921125000,0,-51,2.06780610206984,0,0,0.040060001373291,1.63,0,-5399.92822265625
100000000000000000000002,1,921125000,0,-45,2.24574787346458,0,0,0.040060001373291,1.63,0,-5399.92822265625
100000000000000000000000,1,921125000,0,-44.5,5.48551529747905,0,0,0.040060001373291,1.63,0,-5399.92822265625
100000000000000000000001,1,921125000,0,-46,0.0736310778185105,0,0,0.040060001373291,1.63,0,-5399.92822265625
100000000000000000000003,1,921125000,0,-47,1.45421378691559,0,0,0.040060001373291,1.63,0,-5399.92822265625
100000000000000000000004,1,921125000,0,-51,2.0616701789183,0,0,0.040060001373291,1.63,0,-5399.92822265625
100000000000000000000004,1,921125000,0,-51,2.07394202522139,0,0,0.040060001373291,1.63,0,-5399.92822265625
100000000000000000000000,1,921125000,0,-45,5.48551529747905,0,0,0.040060001373291,1.63,0,-5399.92822265625
100000000000000000000002,1,921125000,0,-45,2.28869933552538,0,0,0.040060001373291,1.63,0,-5399.92822265625
100000000000000000000003,1,921125000,0,-46.5,1.4419419406125,0,0,0.040060001373291,1.63,0,-5399.92822265625
100000000000000000000001,1,921125000,0,-46,0.0797670009700537,0,0,0.040060001373291,1.63,0,-5399.92822265625
100000000000000000000003,1,921125000,0,-46.5,1.4419419406125,0,0,0.040060001373291,1.63,0,-5399.92822265625
100000000000000000000004,1,921125000,0,-51,2.06780610206984,0,0,0.040060001373291,1.63,0,-5399.92822265625
100000000000000000000002,1,921125000,0,-45.5,2.25801971976766,0,0,0.040060001373291,1.63,0,-5399.92822265625
100000000000000000000001,1,921125000,0,-46,0.042951462060798,0,0,0.040060001373291,1.63,0,-5399.92822265625
100000000000000000000000,1,921125000,0,-44.5,5.47324345117597,0,0,0.040060001373291,1.63,0,-5399.92822265625
100000000000000000000000,1,921125000,0,-44.5,5.48551529747905,0,0,0.040060001373291,1.63,0,-5399.92822265625
100000000000000000000001,1,921125000,0,-46,0.0674951546669682,0,0,0.040060001373291,1.63,0,-5399.92822265625
100000000000000000000003,1,921125000,0,-46.5,1.4419419406125,0,0,0.040060001373291,1.63,0,-5399.92822265625
100000000000000000000002,1,921125000,0,-45.5,2.22734010400995,0,0,0.040060001373291,1.63,0,-5399.92822265625
100000000000000000000004,1,921125000,0,-51,2.04939833261522,0,0,0.040060001373291,1.63,0,-5399.92822265625
100000000000000000000004,1,921125000,0,-51.5,2.06780610206984,0,0,0.040060001373291,1.63,0,-5399.92822265625
100000000000000000000001,1,921125000,0,-46,0.0490873852123404,0,0,0.040060001373291,1.63,0,-5399.92822265625
100000000000000000000000,1,921125000,0,-45,5.47324345117597,0,0,0.040060001373291,1.63,0,-5399.92822265625
100000000000000000000002,1,921125000,0,-45,2.25188379661612,0,0,0.040060001373291,1.63,0,-5399.92822265625
100000000000000000000003,1,921125000,0,-46.5,1.45421378691559,0,0,0.040060001373291,1.63,0,-5399.92822265625
100000000000000000000003,1,921125000,0,-46.5,1.46034971006713,0,0,0.040060001373291,1.63,0,-5399.92822265625
100000000000000000000004,1,921125000,0,-51,2.03712648631213,0,0,0.040060001373291,1.63,0,-5399.92822265625
100000000000000000000001,1,921125000,0,-46,0.0613592315154259,0,0,0.040060001373291,1.63,0,-5399.92822265625
100000000000000000000000,1,921125000,0,-44.5,5.47937937432751,0,0,0.040060001373291,1.63,0,-5399.92822265625
100000000000000000000002,1,921125000,0,-45.5,2.25801971976766,0,0,0.040060001373291,1.63,0,-5399.92822265625
100000000000000000000002,1,921125000,0,-45.5,2.25188379661612,0,0,0.040060001373291,1.63,0,-5399.92822265625
100000000000000000000001,1,921125000,0,-46,0.0797670009700537,0,0,0.040060001373291,1.63,0,-5399.92822265625
100000000000000000000000,1,921125000,0,-44.5,5.47937937432751,0,0,0.040060001373291,1.63,0,-5399.92822265625
100000000000000000000003,1,921125000,0,-46.5,1.45421378691559,0,0,0.040060001373291,1.63,0,-5399.92822265625
100000000000000000000004,1,921125000,0,-51,2.05553425576676,0,0,0.040060001373291,1.63,0,-5399.92822265625
100000000000000000000003,1,921125000,0,-46.5,1.44807786376405,0,0,0.040060001373291,1.63,0,-5399.92822265625
100000000000000000000004,1,921125000,0,-51,2.02485464000905,0,0,0.040060001373291,1.63,0,-5399.92822265625
100000000000000000000001,1,921125000,0,-46,0.0797670009700537,0,0,0.040060001373291,1.63,0,-5399.92822265625
100000000000000000000002,1,921125000,0,-45.5,2.26415564291921,0,0,0.040060001373291,1.63,0,-5399.92822265625
100000000000000000000000,1,921125000,0,-45,5.47937937432751,0,0,0.040060001373291,1.63,0,-5399.92822265625
100000000000000000000000,1,921125000,0,-44.5,5.48551529747905,0,0,0.040060001373291,1.63,0,-5399.92822265625
100000000000000000000004,1,921125000,0,-51,2.02485464000905,0,0,0.040060001373291,1.63,0,-5399.92822265625
100000000000000000000002,1,921125000,0,-45,2.27029156607075,0,0,0.040060001373291,1.63,0,-5399.92822265625
100000000000000000000001,1,921125000,0,-46,0.0490873852123404,0,0,0.040060001373291,1.63,0,-5399.92822265625
100000000000000000000003,1,921125000,0,-46.5,1.4419419406125,0,0,0.040060001373291,1.63,0,-5399.92822265625
100000000000000000000002,1,921125000,0,-45,2.23347602716149,0,0,0.040060001373291,1.63,0,-5399.92822265625
100000000000000000000001,1,921125000,0,-46,0.0552233083638827,0,0,0.040060001373291,1.63,0,-5399.92822265625
100000000000000000000000,1,921125000,0,-44.5,5.46097160487288,0,0,0.040060001373291,1.63,0,-5399.92822265625
100000000000000000000003,1,921125000,0,-46.5,1.45421378691559,0,0,0.040060001373291,1.63,0,-5399.92822265625
100000000000000000000004,1,921125000,0,-51,2.05553425576676,0,0,0.040060001373291,1.63,0,-5399.92822265625
100000000000000000000000,1,921125000,0,-44.5,5.43642791226671,0,0,0.040060001373291,1.63,0,-5399.92822265625
100000000000000000000001,1,921125000,0,-46,0.0736310778185105,0,0,0.040060001373291,1.63,0,-5399.92822265625
100000000000000000000003,1,921125000,0,-46.5,1.44807786376405,0,0,0.040060001373291,1.63,0,-5399.92822265625
100000000000000000000002,1,921125000,0,-45,2.25188379661612,0,0,0.040060001373291,1.63,0,-5399.92822265625
100000000000000000000004,1,921125000,0,-51,2.00644687055442,0,0,0.040060001373291,1.63,0,-5399.92822265625
100000000000000000000002,1,921125000,0,-45,2.26415564291921,0,0,0.040060001373291,1.63,0,-5399.92822265625
100000000000000000000000,1,921125000,0,-44.5,5.47937937432751,0,0,0.040060001373291,1.63,0,-5399.92822265625
100000000000000000000001,1,921125000,0,-46,0.0552233083638827,0,0,0.040060001373291,1.63,0,-5399.92822265625
100000000000000000000004,1,921125000,0,-50.5,2.04939833261522,0,0,0.040060001373291,1.63,0,-5399.92822265625
100000000000000000000003,1,921125000,0,-46.5,1.43580601746096,0,0,0.040060001373291,1.63,0,-5399.92822265625
100000000000000000000003,1,921125000,0,-46.5,1.43580601746096,0,0,0.040060001373291,1.63,0,-5399.92822265625
100000000000000000000002,1,921125000,0,-45.5,2.22734010400995,0,0,0.040060001373291,1.63,0,-5399.92822265625
100000000000000000000004,1,921125000,0,-51,2.05553425576676,0,0,0.040060001373291,1.63,0,-5399.92822265625
100000000000000000000001,1,921125000,0,-46,0.042951462060798,0,0,0.040060001373291,1.63,0,-5399.92822265625
100000000000000000000000,1,921125000,0,-44.5,5.43642791226671,0,0,0.040060001373291,1.63,0,-5399.92822265625
100000000000000000000003,1,921125000,0,-46.5,1.44807786376405,0,0,0.040060001373291,1.63,0,-5399.92822265625
100000000000000000000000,1,921125000,0,-44.5,5.46097160487288,0,0,0.040060001373291,1.63,0,-5399.92822265625
100000000000000000000001,1,921125000,0,-46,0.0552233083638827,0,0,0.040060001373291,1.63,0,-5399.92822265625
100000000000000000000002,1,921125000,0,-45,2.27029156607075,0,0,0.040060001373291,1.63,0,-5399.92822265625
100000000000000000000004,1,921125000,0,-51,2.03712648631213,0,0,0.040060001373291,1.63,0,-5399.92822265625
100000000000000000000001,1,921125000,0,-46,0.0674951546669682,0,0,0.040060001373291,1.63,0,-5399.92822265625
100000000000000000000002,1,921125000,0,-45.5,2.25188379661612,0,0,0.040060001373291,1.63,0,-5399.92822265625
100000000000000000000003,1,921125000,0,-46.5,1.44807786376405,0,0,0.040060001373291,1.63,0,-5399.92822265625
100000000000000000000000,1,921125000,0,-44.5,5.41802014281208,0,0,0.040060001373291,1.63,0,-5399.92822265625
100000000000000000000004,1,921125000,0,-51,2.08007794837293,0,0,0.040060001373291,1.63,0,-5399.92822265625
100000000000000000000003,1,921125000,0,-46.5,1.4419419406125,0,0,0.040060001373291,1.63,0,-5399.92822265625
100000000000000000000001,1,921125000,0,-46,0.0552233083638827,0,0,0.040060001373291,1.63,0,-5399.92822265625
100000000000000000000000,1,921125000,0,-44.5,5.46710752802443,0,0,0.040060001373291,1.63,0,-5399.92822265625
100000000000000000000002,1,921125000,0,-45,2.23961195031304,0,0,0.040060001373291,1.63,0,-5399.92822265625
100000000000000000000004,1,921125000,0,-51,2.04326240946367,0,0,0.040060001373291,1.63,0,-5399.92822265625
100000000000000000000000,1,921125000,0,-44.5,5.47324345117597,0,0,0.040060001373291,1.63,0,-5399.92822265625
100000000000000000000004,1,921125000,0,-51,2.03712648631213,0,0,0.040060001373291,1.63,0,-5399.92822265625
100000000000000000000001,1,921125000,0,-46,0.0368155389092557,0,0,0.040060001373291,1.63,0,-5399.92822265625
100000000000000000000002,1,921125000,0,-45,2.25801971976766,0,0,0.040060001373291,1.63,0,-5399.92822265625
100000000000000000000003,1,921125000,0,-46.5,1.45421378691559,0,0,0.040060001373291,1.63,0,-5399.92822265625
100000000000000000000003,1,921125000,0,-46.5,1.4419419406125,0,0,0.040060001373291,1.63,0,-5399.92822265625
100000000000000000000004,1,921125000,0,-51,2.04939833261522,0,0,0.040060001373291,1.63,0,-5399.92822265625
100000000000000000000001,1,921125000,0,-46,0.042951462060798,0,0,0.040060001373291,1.63,0,-5399.92822265625
100000000000000000000000,1,921125000,0,-44.5,5.4486997585698,0,0,0.040060001373291,1.63,0,-5399.92822265625
100000000000000000000002,1,921125000,0,-45,2.24574787346458,0,0,0.040060001373291,1.63,0,-5399.92822265625
100000000000000000000002,1,921125000,0,-45.5,2.23961195031304,0,0,0.040060001373291,1.63,0,-5399.92822265625
100000000000000000000001,1,921125000,0,-46,0.0306796157577125,0,0,0.040060001373291,1.63,0,-5399.92822265625
100000000000000000000004,1,921125000,0,-51,2.04326240946367,0,0,0.040060001373291,1.63,0,-5399.92822265625
100000000000000000000003,1,921125000,0,-46.5,1.44807786376405,0,0,0.040060001373291,1.63,0,-5399.92822265625
100000000000000000000000,1,921125000,0,-44.5,5.46097160487288,0,0,0.040060001373291,1.63,0,-5399.92822265625
100000000000000000000001,1,921125000,0,-46,0.042951462060798,0,0,0.040060001373291,1.63,0,-5399.92822265625
100000000000000000000004,1,921125000,0,-51,2.05553425576676,0,0,0.040060001373291,1.63,0,-5399.92822265625
100000000000000000000000,1,921125000,0,-44.5,5.43642791226671,0,0,0.040060001373291,1.63,0,-5399.92822265625
100000000000000000000003,1,921125000,0,-46.5,1.44807786376405,0,0,0.040060001373291,1.63,0,-5399.92822265625
100000000000000000000002,1,921125000,0,-45,2.27642748922229,0,0,0.040060001373291,1.63,0,-5399.92822265625
100000000000000000000000,1,921125000,0,-44.5,5.4486997585698,0,0,0.040060001373291,1.63,0,-5399.92822265625
100000000000000000000001,1,921125000,0,-46,0.042951462060798,0,0,0.040060001373291,1.63,0,-5399.92822265625
100000000000000000000002,1,921125000,0,-45,2.23347602716149,0,0,0.040060001373291,1.63,0,-5399.92822265625
100000000000000000000004,1,921125000,0,-51,2.07394202522139,0,0,0.040060001373291,1.63,0,-5399.92822265625
100000000000000000000003,1,921125000,0,-46.5,1.44807786376405,0,0,0.040060001373291,1.63,0,-5399.92822265625
100000000000000000000000,1,921125000,0,-44.5,5.47937937432751,0,0,0.040060001373291,1.63,0,-5399.92822265625
100000000000000000000003,1,921125000,0,-46.5,1.4419419406125,0,0,0.040060001373291,1.63,0,-5399.92822265625
100000000000000000000002,1,921125000,0,-45.5,2.25801971976766,0,0,0.040060001373291,1.63,0,-5399.92822265625
100000000000000000000001,1,921125000,0,-46,0.042951462060798,0,0,0.040060001373291,1.63,0,-5399.92822265625
100000000000000000000004,1,921125000,0,-51,2.01258279370596,0,0,0.040060001373291,1.63,0,-5399.92822265625
100000000000000000000002,1,921125000,0,-45,2.25188379661612,0,0,0.040060001373291,1.63,0,-5399.92822265625
100000000000000000000001,1,921125000,0,-46,0.0674951546669682,0,0,0.040060001373291,1.63,0,-5399.92822265625
100000000000000000000003,1,921125000,0,-46.5,1.44807786376405,0,0,0.040060001373291,1.63,0,-5399.92822265625
100000000000000000000000,1,921125000,0,-44.5,5.4916512206306,0,0,0.040060001373291,1.63,0,-5399.92822265625
100000000000000000000004,1,921125000,0,-51,2.04939833261522,0,0,0.040060001373291,1.63,0,-5399.92822265625
100000000000000000000002,1,921125000,0,-45,2.24574787346458,0,0,0.040060001373291,1.63,0,-5399.92822265625
100000000000000000000000,1,921125000,0,-45,5.46097160487288,0,0,0.040060001373291,1.63,0,-5399.92822265625
100000000000000000000001,1,921125000,0,-46,0.0674951546669682,0,0,0.040060001373291,1.63,0,-5399.92822265625
100000000000000000000003,1,921125000,0,-46.5,1.46034971006713,0,0,0.040060001373291,1.63,0,-5399.92822265625
100000000000000000000004,1,921125000,0,-51,2.04326240946367,0,0,0.040060001373291,1.63,0,-5399.92822265625
100000000000000000000000,1,921125000,0,-45,5.45483568172134,0,0,0.040060001373291,1.63,0,-5399.92822265625
100000000000000000000001,1,921125000,0,-46,0.0552233083638827,0,0,0.040060001373291,1.63,0,-5399.92822265625
100000000000000000000004,1,921125000,0,-51,1.99417502425133,0,0,0.040060001373291,1.63,0,-5399.92822265625
100000000000000000000002,1,921125000,0,-45.5,2.23347602716149,0,0,0.040060001373291,1.63,0,-5399.92822265625
100000000000000000000003,1,921125000,0,-46.5,1.43580601746096,0,0,0.040060001373291,1.63,0,-5399.92822265625
100000000000000000000003,1,921125000,0,-46.5,1.44807786376405,0,0,0.040060001373291,1.63,0,-5399.92822265625
100000000000000000000000,1,921125000,0,-45,5.48551529747905,0,0,0.040060001373291,1.63,0,-5399.92822265625
100000000000000000000002,1,921125000,0,-45.5,2.27642748922229,0,0,0.040060001373291,1.63,0,-5399.92822265625
100000000000000000000001,1,921125000,0,-46,0.0552233083638827,0,0,0.040060001373291,1.63,0,-5399.92822265625
100000000000000000000004,1,921125000,0,-51,2.03712648631213,0,0,0.040060001373291,1.63,0,-5399.92822265625
100000000000000000000000,1,921125000,0,-44.5,5.47324345117597,0,0,0.040060001373291,1.63,0,-5399.92822265625
100000000000000000000001,1,921125000,0,-46,0.0613592315154259,0,0,0.040060001373291,1.63,0,-5399.92822265625
100000000000000000000004,1,921125000,0,-51,2.05553425576676,0,0,0.040060001373291,1.63,0,-5399.92822265625
100000000000000000000003,1,921125000,0,-46.5,1.45421378691559,0,0,0.040060001373291,1.63,0,-5399.92822265625
100000000000000000000002,1,921125000,0,-45.5,2.23961195031304,0,0,0.040060001373291,1.63,0,-5399.92822265625
100000000000000000000001,1,921125000,0,-46,0.0736310778185105,0,0,0.040060001373291,1.63,0,-5399.92822265625
100000000000000000000000,1,921125000,0,-44.5,5.46710752802443,0,0,0.040060001373291,1.63,0,-5399.92822265625
100000000000000000000004,1,921125000,0,-51,2.04939833261522,0,0,0.040060001373291,1.63,0,-5399.92822265625
100000000000000000000003,1,921125000,0,-46.5,1.45421378691559,0,0,0.040060001373291,1.63,0,-5399.92822265625
100000000000000000000002,1,921125000,0,-45,2.25801971976766,0,0,0.040060001373291,1.63,0,-5399.92822265625
100000000000000000000003,1,921125000,0,-46.5,1.44807786376405,0,0,0.040060001373291,1.63,0,-5399.92822265625
100000000000000000000001,1,921125000,0,-46,0.042951462060798,0,0,0.040060001373291,1.63,0,-5399.92822265625
100000000000000000000000,1,921125000,0,-44.5,5.46097160487288,0,0,0.040060001373291,1.63,0,-5399.92822265625
100000000000000000000002,1,921125000,0,-45,2.26415564291921,0,0,0.040060001373291,1.63,0,-5399.92822265625
100000000000000000000004,1,921125000,0,-51,2.0616701789183,0,0,0.040060001373291,1.63,0,-5399.92822265625
100000000000000000000001,1,921125000,0,-46,0.042951462060798,0,0,0.040060001373291,1.63,0,-5399.92822265625
100000000000000000000003,1,921125000,0,-46.5,1.46034971006713,0,0,0.040060001373291,1.63,0,-5399.92822265625
100000000000000000000002,1,921125000,0,-45,2.26415564291921,0,0,0.040060001373291,1.63,0,-5399.92822265625
100000000000000000000004,1,921125000,0,-51,2.07394202522139,0,0,0.040060001373291,1.63,0,-5399.92822265625
100000000000000000000000,1,921125000,0,-44.5,5.44256383541826,0,0,0.040060001373291,1.63,0,-5399.92822265625
100000000000000000000003,1,921125000,0,-46.5,1.4419419406125,0,0,0.040060001373291,1.63,0,-5399.92822265625
100000000000000000000000,1,921125000,0,-44.5,5.46097160487288,0,0,0.040060001373291,1.63,0,-5399.92822265625
100000000000000000000002,1,921125000,0,-45,2.25188379661612,0,0,0.040060001373291,1.63,0,-5399.92822265625
100000000000000000000004,1,921125000,0,-51,2.04939833261522,0,0,0.040060001373291,1.63,0,-5399.92822265625
100000000000000000000001,1,921125000,0,-46,0.042951462060798,0,0,0.040060001373291,1.63,0,-5399.92822265625
100000000000000000000001,1,921125000,0,-46,0.0490873852123404,0,0,0.040060001373291,1.63,0,-5399.92822265625
100000000000000000000002,1,921125000,0,-45,2.27029156607075,0,0,0.040060001373291,1.63,0,-5399.92822265625
100000000000000000000003,1,921125000,0,-46.5,1.42967009430942,0,0,0.040060001373291,1.63,0,-5399.92822265625
100000000000000000000000,1,921125000,0,-44.5,5.4486997585698,0,0,0.040060001373291,1.63,0,-5399.92822265625
100000000000000000000004,1,921125000,0,-51,2.04326240946367,0,0,0.040060001373291,1.63,0,-5399.92822265625
100000000000000000000004,1,921125000,0,-51,2.06780610206984,0,0,0.040060001373291,1.63,0,-5399.92822265625
100000000000000000000000,1,921125000,0,-44.5,5.45483568172134,0,0,0.040060001373291,1.63,0,-5399.92822265625
100000000000000000000002,1,921125000,0,-45,2.25188379661612,0,0,0.040060001373291,1.63,0,-5399.92822265625
100000000000000000000001,1,921125000,0,-46,0.0490873852123404,0,0,0.040060001373291,1.63,0,-5399.92822265625
100000000000000000000003,1,921125000,0,-46.5,1.45421378691559,0,0,0.040060001373291,1.63,0,-5399.92822265625
100000000000000000000000,1,921125000,0,-44.5,5.46710752802443,0,0,0.040060001373291,1.63,0,-5399.92822265625
100000000000000000000002,1,921125000,0,-45.5,2.25801971976766,0,0,0.040060001373291,1.63,0,-5399.92822265625
100000000000000000000001,1,921125000,0,-46,0.0368155389092557,0,0,0.040060001373291,1.63,0,-5399.92822265625
100000000000000000000004,1,921125000,0,-51,2.0187187168575,0,0,0.040060001373291,1.63,0,-5399.92822265625
100000000000000000000003,1,921125000,0,-46.5,1.46034971006713,0,0,0.040060001373291,1.63,0,-5399.92822265625
100000000000000000000002,1,921125000,0,-45,2.27029156607075,0,0,0.040060001373291,1.63,0,-5399.92822265625
100000000000000000000000,1,921125000,0,-44.5,5.46710752802443,0,0,0.040060001373291,1.63,0,-5399.92822265625
100000000000000000000003,1,921125000,0,-46.5,1.44807786376405,0,0,0.040060001373291,1.63,0,-5399.92822265625
100000000000000000000001,1,921125000,0,-46,0.042951462060798,0,0,0.040060001373291,1.63,0,-5399.92822265625
100000000000000000000004,1,921125000,0,-51,2.0616701789183,0,0,0.040060001373291,1.63,0,-5399.92822265625
100000000000000000000000,1,921125000,0,-44.5,5.46710752802443,0,0,0.040060001373291,1.63,0,-5399.92822265625
100000000000000000000002,1,921125000,0,-45,2.26415564291921,0,0,0.040060001373291,1.63,0,-5399.92822265625
100000000000000000000003,1,921125000,0,-46.5,1.4419419406125,0,0,0.040060001373291,1.63,0,-5399.92822265625
100000000000000000000004,1,921125000,0,-51,2.0616701789183,0,0,0.040060001373291,1.63,0,-5399.92822265625
100000000000000000000001,1,921125000,0,-46,0.042951462060798,0,0,0.040060001373291,1.63,0,-5399.92822265625
100000000000000000000004,1,921125000,0,-51,2.03712648631213,0,0,0.040060001373291,1.63,0,-5399.92822265625
100000000000000000000003,1,921125000,0,-46.5,1.45421378691559,0,0,0.040060001373291,1.63,0,-5399.92822265625
100000000000000000000000,1,921125000,0,-44.5,5.46097160487288,0,0,0.040060001373291,1.63,0,-5399.92822265625
100000000000000000000001,1,921125000,0,-46,0.042951462060798,0,0,0.040060001373291,1.63,0,-5399.92822265625
100000000000000000000002,1,921125000,0,-45.5,2.27029156607075,0,0,0.040060001373291,1.63,0,-5399.92822265625
100000000000000000000002,1,921125000,0,-45.5,2.25188379661612,0,0,0.040060001373291,1.63,0,-5399.92822265625
100000000000000000000001,1,921125000,0,-46,0.0674951546669682,0,0,0.040060001373291,1.63,0,-5399.92822265625
100000000000000000000003,1,921125000,0,-47,1.4419419406125,0,0,0.040060001373291,1.63,0,-5399.92822265625
100000000000000000000004,1,921125000,0,-51,2.07394202522139,0,0,0.040060001373291,1.63,0,-5399.92822265625
100000000000000000000000,1,921125000,0,-44.5,5.47324345117597,0,0,0.040060001373291,1.63,0,-5399.92822265625
100000000000000000000004,1,921125000,0,-51,2.03099056316059,0,0,0.040060001373291,1.63,0,-5399.92822265625
100000000000000000000000,1,921125000,0,-45,5.47324345117597,0,0,0.040060001373291,1.63,0,-5399.92822265625
100000000000000000000002,1,921125000,0,-45.5,2.25801971976766,0,0,0.040060001373291,1.63,0,-5399.92822265625
100000000000000000000001,1,921125000,0,-46,0.0674951546669682,0,0,0.040060001373291,1.63,0,-5399.92822265625
100000000000000000000003,1,921125000,0,-46.5,1.45421378691559,0,0,0.040060001373291,1.63,0,-5399.92822265625
100000000000000000000000,1,921125000,0,-45,5.47937937432751,0,0,0.040060001373291,1.63,0,-5399.92822265625
100000000000000000000002,1,921125000,0,-45.5,2.24574787346458,0,0,0.040060001373291,1.63,0,-5399.92822265625
100000000000000000000004,1,921125000,0,-51,2.04326240946367,0,0,0.040060001373291,1.63,0,-5399.92822265625
100000000000000000000003,1,921125000,0,-46.5,1.45421378691559,0,0,0.040060001373291,1.63,0,-5399.92822265625
100000000000000000000001,1,921125000,0,-46,0.0552233083638827,0,0,0.040060001373291,1.63,0,-5399.92822265625
100000000000000000000003,1,921125000,0,-46.5,1.45421378691559,0,0,0.040060001373291,1.63,0,-5399.92822265625
100000000000000000000000,1,921125000,0,-45,5.46710752802443,0,0,0.040060001373291,1.63,0,-5399.92822265625
100000000000000000000001,1,921125000,0,-46,0.0613592315154259,0,0,0.040060001373291,1.63,0,-5399.92822265625
100000000000000000000004,1,921125000,0,-51,2.04326240946367,0,0,0.040060001373291,1.63,0,-5399.92822265625
100000000000000000000002,1,921125000,0,-45.5,2.27642748922229,0,0,0.040060001373291,1.63,0,-5399.92822265625
100000000000000000000003,1,921125000,0,-46.5,1.43580601746096,0,0,0.040060001373291,1.63,0,-5399.92822265625
100000000000000000000004,1,921125000,0,-51,2.04939833261522,0,0,0.040060001373291,1.63,0,-5399.92822265625
100000000000000000000002,1,921125000,0,-45.5,2.25801971976766,0,0,0.040060001373291,1.63,0,-5399.92822265625
100000000000000000000000,1,921125000,0,-44.5,5.47324345117597,0,0,0.040060001373291,1.63,0,-5399.92822265625
100000000000000000000001,1,921125000,0,-46,0.0613592315154259,0,0,0.040060001373291,1.63,0,-5399.92822265625
100000000000000000000000,1,921125000,0,-44.5,5.4486997585698,0,0,0.040060001373291,1.63,0,-5399.92822265625
100000000000000000000002,1,921125000,0,-45,2.25801971976766,0,0,0.040060001373291,1.63,0,-5399.92822265625
100000000000000000000003,1,921125000,0,-46.5,1.46034971006713,0,0,0.040060001373291,1.63,0,-5399.92822265625
100000000000000000000001,1,921125000,0,-46,0.0490873852123404,0,0,0.040060001373291,1.63,0,-5399.92822265625
100000000000000000000004,1,921125000,0,-51,2.03712648631213,0,0,0.040060001373291,1.63,0,-5399.92822265625
100000000000000000000002,1,921125000,0,-45,2.27029156607075,0,0,0.040060001373291,1.63,0,-5399.92822265625
100000000000000000000000,1,921125000,0,-44.5,5.45483568172134,0,0,0.040060001373291,1.63,0,-5399.92822265625
100000000000000000000004,1,921125000,0,-51,2.06780610206984,0,0,0.040060001373291,1.63,0,-5399.92822265625
100000000000000000000001,1,921125000,0,-46,0.0245436926061702,0,0,0.040060001373291,1.63,0,-5399.92822265625
100000000000000000000003,1,921125000,0,-46.5,1.4419419406125,0,0,0.040060001373291,1.63,0,-5399.92822265625
100000000000000000000003,1,921125000,0,-46.5,1.42353417115787,0,0,0.040060001373291,1.63,0,-5399.92822265625
100000000000000000000001,1,921125000,0,-46,0.0490873852123404,0,0,0.040060001373291,1.63,0,-5399.92822265625
100000000000000000000004,1,921125000,0,-51,2.04939833261522,0,0,0.040060001373291,1.63,0,-5399.92822265625
100000000000000000000002,1,921125000,0,-45,2.25188379661612,0,0,0.040060001373291,1.63,0,-5399.92822265625
100000000000000000000000,1,921125000,0,-44.5,5.46710752802443,0,0,0.040060001373291,1.63,0,-5399.92822265625
100000000000000000000002,1,921125000,0,-45.5,2.27642748922229,0,0,0.040060001373291,1.63,0,-5399.92822265625
100000000000000000000004,1,921125000,0,-51,2.05553425576676,0,0,0.040060001373291,1.63,0,-5399.92822265625
100000000000000000000001,1,921125000,0,-46,0.0490873852123404,0,0,0.040060001373291,1.63,0,-5399.92822265625
100000000000000000000003,1,921125000,0,-46.5,1.4419419406125,0,0,0.040060001373291,1.63,0,-5399.92822265625
100000000000000000000000,1,921125000,0,-44.5,5.45483568172134,0,0,0.040060001373291,1.63,0,-5399.92822265625
100000000000000000000000,1,921125000,0,-44.5,5.47324345117597,0,0,0.040060001373291,1.63,0,-5399.92822265625
100000000000000000000003,1,921125000,0,-46.5,1.44807786376405,0,0,0.040060001373291,1.63,0,-5399.92822265625
100000000000000000000002,1,921125000,0,-45,2.26415564291921,0,0,0.040060001373291,1.63,0,-5399.92822265625
100000000000000000000001,1,921125000,0,-46,0.0736310778185105,0,0,0.040060001373291,1.63,0,-5399.92822265625
100000000000000000000004,1,921125000,0,-51,2.06780610206984,0,0,0.040060001373291,1.63,0,-5399.92822265625
100000000000000000000003,1,921125000,0,-46.5,1.43580601746096,0,0,0.040060001373291,1.63,0,-5399.92822265625
100000000000000000000004,1,921125000,0,-51,1.99417502425133,0,0,0.040060001373291,1.63,0,-5399.92822265625
100000000000000000000000,1,921125000,0,-44.5,5.4486997585698,0,0,0.040060001373291,1.63,0,-5399.92822265625
100000000000000000000001,1,921125000,0,-46,0.042951462060798,0,0,0.040060001373291,1.63,0,-5399.92822265625
100000000000000000000002,1,921125000,0,-45,2.26415564291921,0,0,0.040060001373291,1.63,0,-5399.92822265625
100000000000000000000000,1,921125000,0,-44.5,5.45483568172134,0,0,0.040060001373291,1.63,0,-5399.92822265625
100000000000000000000001,1,921125000,0,-46,0.0613592315154259,0,0,0.040060001373291,1.63,0,-5399.92822265625
100000000000000000000003,1,921125000,0,-46.5,1.44807786376405,0,0,0.040060001373291,1.63,0,-5399.92822265625
100000000000000000000002,1,921125000,0,-45,2.25188379661612,0,0,0.040060001373291,1.63,0,-5399.92822265625
100000000000000000000004,1,921125000,0,-51,2.00644687055442,0,0,0.040060001373291,1.63,0,-5399.92822265625
100000000000000000000003,1,921125000,0,-46.5,1.43580601746096,0,0,0.040060001373291,1.63,0,-5399.92822265625
100000000000000000000000,1,921125000,0,-44.5,5.4486997585698,0,0,0.040060001373291,1.63,0,-5399.92822265625
100000000000000000000004,1,921125000,0,-51,2.05553425576676,0,0,0.040060001373291,1.63,0,-5399.92822265625
100000000000000000000002,1,921125000,0,-45,2.25188379661612,0,0,0.040060001373291,1.63,0,-5399.92822265625
100000000000000000000001,1,921125000,0,-46,0.0797670009700537,0,0,0.040060001373291,1.63,0,-5399.92822265625
100000000000000000000002,1,921125000,0,-45,2.25801971976766,0,0,0.040060001373291,1.63,0,-5399.92822265625
100000000000000000000000,1,921125000,0,-44.5,5.46097160487288,0,0,0.040060001373291,1.63,0,-5399.92822265625
100000000000000000000003,1,921125000,0,-46.5,1.42967009430942,0,0,0.040060001373291,1.63,0,-5399.92822265625
100000000000000000000001,1,921125000,0,-46,0.0552233083638827,0,0,0.040060001373291,1.63,0,-5399.92822265625
100000000000000000000004,1,921125000,0,-51,2.0616701789183,0,0,0.040060001373291,1.63,0,-5399.92822265625
100000000000000000000002,1,921125000,0,-45,2.27029156607075,0,0,0.040060001373291,1.63,0,-5399.92822265625
100000000000000000000004,1,921125000,0,-51,2.04939833261522,0,0,0.040060001373291,1.63,0,-5399.92822265625
100000000000000000000001,1,921125000,0,-46,0.0368155389092557,0,0,0.040060001373291,1.63,0,-5399.92822265625
100000000000000000000000,1,921125000,0,-44.5,5.4486997585698,0,0,0.040060001373291,1.63,0,-5399.92822265625
100000000000000000000003,1,921125000,0,-46.5,1.44807786376405,0,0,0.040060001373291,1.63,0,-5399.92822265625
100000000000000000000001,1,921125000,0,-46,0.0306796157577125,0,0,0.040060001373291,1.63,0,-5399.92822265625
100000000000000000000003,1,921125000,0,-46.5,1.44807786376405,0,0,0.040060001373291,1.63,0,-5399.92822265625
100000000000000000000004,1,921125000,0,-51,2.05553425576676,0,0,0.040060001373291,1.63,0,-5399.92822265625
100000000000000000000002,1,921125000,0,-45,2.25801971976766,0,0,0.040060001373291,1.63,0,-5399.92822265625
100000000000000000000000,1,921125000,0,-44.5,5.45483568172134,0,0,0.040060001373291,1.63,0,-5399.92822265625
100000000000000000000001,1,921125000,0,-46,0.042951462060798,0,0,0.040060001373291,1.63,0,-5399.92822265625
100000000000000000000000,1,921125000,0,-44.5,5.43642791226671,0,0,0.040060001373291,1.63,0,-5399.92822265625
100000000000000000000003,1,921125000,0,-46.5,1.45421378691559,0,0,0.040060001373291,1.63,0,-5399.92822265625
100000000000000000000004,1,921125000,0,-51,2.04326240946367,0,0,0.040060001373291,1.63,0,-5399.92822265625
100000000000000000000002,1,921125000,0,-45,2.27029156607075,0,0,0.040060001373291,1.63,0,-5399.92822265625
100000000000000000000000,1,921125000,0,-44.5,5.45483568172134,0,0,0.040060001373291,1.63,0,-5399.92822265625
100000000000000000000004,1,921125000,0,-51,2.03099056316059,0,0,0.040060001373291,1.63,0,-5399.92822265625
100000000000000000000001,1,921125000,0,-46,0.042951462060798,0,0,0.040060001373291,1.63,0,-5399.92822265625
100000000000000000000003,1,921125000,0,-46.5,1.4419419406125,0,0,0.040060001373291,1.63,0,-5399.92822265625
100000000000000000000002,1,921125000,0,-45,2.22734010400995,0,0,0.040060001373291,1.63,0,-5399.92822265625
100000000000000000000000,1,921125000,0,-44.5,5.46097160487288,0,0,0.040060001373291,1.63,0,-5399.92822265625
100000000000000000000004,1,921125000,0,-51,2.04326240946367,0,0,0.040060001373291,1.63,0,-5399.92822265625
100000000000000000000003,1,921125000,0,-46.5,1.45421378691559,0,0,0.040060001373291,1.63,0,-5399.92822265625
100000000000000000000001,1,921125000,0,-46,0.0797670009700537,0,0,0.040060001373291,1.63,0,-5399.92822265625
100000000000000000000002,1,921125000,0,-45,2.21506825770687,0,0,0.040060001373291,1.63,0,-5399.92822265625
100000000000000000000000,1,921125000,0,-44.5,5.47324345117597,0,0,0.040060001373291,1.63,0,-5399.92822265625
100000000000000000000002,1,921125000,0,-45,2.25188379661612,0,0,0.040060001373291,1.63,0,-5399.92822265625
100000000000000000000001,1,921125000,0,-46,0.0613592315154259,0,0,0.040060001373291,1.63,0,-5399.92822265625
100000000000000000000003,1,921125000,0,-46.5,1.46034971006713,0,0,0.040060001373291,1.63,0,-5399.92822265625
100000000000000000000004,1,921125000,0,-50.5,2.01258279370596,0,0,0.040060001373291,1.63,0,-5399.92822265625
100000000000000000000001,1,921125000,0,-46,0.042951462060798,0,0,0.040060001373291,1.63,0,-5399.92822265625
100000000000000000000000,1,921125000,0,-44.5,5.4486997585698,0,0,0.040060001373291,1.63,0,-5399.92822265625
100000000000000000000002,1,921125000,0,-45,2.26415564291921,0,0,0.040060001373291,1.63,0,-5399.92822265625
100000000000000000000004,1,921125000,0,-51,2.08621387152447,0,0,0.040060001373291,1.63,0,-5399.92822265625
100000000000000000000003,1,921125000,0,-46.5,1.45421378691559,0,0,0.040060001373291,1.63,0,-5399.92822265625
100000000000000000000001,1,921125000,0,-46,0.0368155389092557,0,0,0.040060001373291,1.63,0,-5399.92822265625
100000000000000000000004,1,921125000,0,-51,2.0616701789183,0,0,0.040060001373291,1.63,0,-5399.92822265625
100000000000000000000003,1,921125000,0,-46.5,1.44807786376405,0,0,0.040060001373291,1.63,0,-5399.92822265625
100000000000000000000000,1,921125000,0,-44.5,5.46097160487288,0,0,0.040060001373291,1.63,0,-5399.92822265625
100000000000000000000002,1,921125000,0,-45,2.25188379661612,0,0,0.040060001373291,1.63,0,-5399.92822265625
100000000000000000000004,1,921125000,0,-51,2.04939833261522,0,0,0.040060001373291,1.63,0,-5399.92822265625
100000000000000000000002,1,921125000,0,-45,2.27029156607075,0,0,0.040060001373291,1.63,0,-5399.92822265625
100000000000000000000000,1,921125000,0,-44.5,5.47937937432751,0,0,0.040060001373291,1.63,0,-5399.92822265625
100000000000000000000001,1,921125000,0,-46,0.0674951546669682,0,0,0.040060001373291,1.63,0,-5399.92822265625
100000000000000000000003,1,921125000,0,-46.5,1.46034971006713,0,0,0.040060001373291,1.63,0,-5399.92822265625
100000000000000000000000,1,921125000,0,-44.5,5.4916512206306,0,0,0.040060001373291,1.63,0,-5399.92822265625
100000000000000000000001,1,921125000,0,-46,0.042951462060798,0,0,0.040060001373291,1.63,0,-5399.92822265625
100000000000000000000003,1,921125000,0,-46.5,1.4419419406125,0,0,0.040060001373291,1.63,0,-5399.92822265625
100000000000000000000002,1,921125000,0,-45,2.27642748922229,0,0,0.040060001373291,1.63,0,-5399.92822265625
100000000000000000000004,1,921125000,0,-51,2.04939833261522,0,0,0.040060001373291,1.63,0,-5399.92822265625
100000000000000000000002,1,921625000,0,-45,2.52800033843554,0,0,0.040060001373291,1.63,0,-5399.92822265625
100000000000000000000004,1,921625000,0,-51,2.1905245651007,0,0,0.040060001373291,1.63,0,-5399.92822265625
100000000000000000000001,1,921625000,0,-45.5,0.294524311274043,0,0,0.040060001373291,1.63,0,-5399.92822265625
100000000000000000000003,1,921625000,0,-46.5,1.69965071297729,0,0,0.040060001373291,1.63,0,-5399.92822265625
100000000000000000000000,1,921625000,0,-44.5,5.72481630038921,0,0,0.040060001373291,1.63,0,-5399.92822265625
100000000000000000000002,1,921625000,0,-45,2.49732072267782,0,0,0.040060001373291,1.63,0,-5399.92822265625
100000000000000000000004,1,921625000,0,-51,2.20893233455532,0,0,0.040060001373291,1.63,0,-5399.92822265625
100000000000000000000000,1,921625000,0,-44.5,5.70027260778304,0,0,0.040060001373291,1.63,0,-5399.92822265625
100000000000000000000003,1,921625000,0,-46.5,1.69351478982575,0,0,0.040060001373291,1.63,0,-5399.92822265625
100000000000000000000001,1,921625000,0,-45.5,0.300660234425585,0,0,0.040060001373291,1.63,0,-5399.92822265625
100000000000000000000002,1,921625000,0,-45,2.50345664582937,0,0,0.040060001373291,1.63,0,-5399.92822265625
100000000000000000000000,1,921625000,0,-44.5,5.71254445408613,0,0,0.040060001373291,1.63,0,-5399.92822265625
100000000000000000000001,1,921625000,0,-45.5,0.288388388122501,0,0,0.040060001373291,1.63,0,-5399.92822265625
100000000000000000000004,1,921625000,0,-51,2.19666048825224,0,0,0.040060001373291,1.63,0,-5399.92822265625
100000000000000000000003,1,921625000,0,-46.5,1.67510702037112,0,0,0.040060001373291,1.63,0,-5399.92822265625
100000000000000000000004,1,921625000,0,-51,2.1905245651007,0,0,0.040060001373291,1.63,0,-5399.92822265625
100000000000000000000002,1,921625000,0,-45.5,2.49118479952628,0,0,0.040060001373291,1.63,0,-5399.92822265625
100000000000000000000001,1,921625000,0,-45.5,0.300660234425585,0,0,0.040060001373291,1.63,0,-5399.92822265625
100000000000000000000000,1,921625000,0,-44.5,5.71868037723767,0,0,0.040060001373291,1.63,0,-5399.92822265625
100000000000000000000003,1,921625000,0,-46.5,1.70578663612883,0,0,0.040060001373291,1.63,0,-5399.92822265625
100000000000000000000002,1,921625000,0,-45.5,2.51572849213245,0,0,0.040060001373291,1.63,0,-5399.92822265625
100000000000000000000001,1,921625000,0,-45.5,0.325203927031755,0,0,0.040060001373291,1.63,0,-5399.92822265625
100000000000000000000004,1,921625000,0,-51,2.21506825770687,0,0,0.040060001373291,1.63,0,-5399.92822265625
100000000000000000000003,1,921625000,0,-46.5,1.69965071297729,0,0,0.040060001373291,1.63,0,-5399.92822265625
100000000000000000000000,1,921625000,0,-44.5,5.71254445408613,0,0,0.040060001373291,1.63,0,-5399.92822265625
100000000000000000000000,1,921625000,0,-44.5,5.70640853093458,0,0,0.040060001373291,1.63,0,-5399.92822265625
100000000000000000000003,1,921625000,0,-46.5,1.67510702037112,0,0,0.040060001373291,1.63,0,-5399.92822265625
100000000000000000000002,1,921625000,0,-45,2.52800033843554,0,0,0.040060001373291,1.63,0,-5399.92822265625
100000000000000000000004,1,921625000,0,-51,2.20279641140378,0,0,0.040060001373291,1.63,0,-5399.92822265625
100000000000000000000001,1,921625000,0,-45.5,0.319068003880213,0,0,0.040060001373291,1.63,0,-5399.92822265625
100000000000000000000003,1,921625000,0,-46.5,1.67510702037112,0,0,0.040060001373291,1.63,0,-5399.92822265625
100000000000000000000002,1,921625000,0,-45,2.46050518376857,0,0,0.040060001373291,1.63,0,-5399.92822265625
100000000000000000000004,1,921625000,0,-51,2.19666048825224,0,0,0.040060001373291,1.63,0,-5399.92822265625
100000000000000000000001,1,921625000,0,-45.5,0.306796157577129,0,0,0.040060001373291,1.63,0,-5399.92822265625
100000000000000000000000,1,921625000,0,-44.5,5.6941366846315,0,0,0.040060001373291,1.63,0,-5399.92822265625
100000000000000000000003,1,921625000,0,-46.5,1.68737886667421,0,0,0.040060001373291,1.63,0,-5399.92822265625
100000000000000000000002,1,921625000,0,-45.5,2.50959256898091,0,0,0.040060001373291,1.63,0,-5399.92822265625
100000000000000000000001,1,921625000,0,-45.5,0.306796157577129,0,0,0.040060001373291,1.63,0,-5399.92822265625
100000000000000000000004,1,921625000,0,-51,2.23347602716149,0,0,0.040060001373291,1.63,0,-5399.92822265625
100000000000000000000000,1,921625000,0,-44.5,5.6941366846315,0,0,0.040060001373291,1.63,0,-5399.92822265625
100000000000000000000002,1,921625000,0,-45,2.50959256898091,0,0,0.040060001373291,1.63,0,-5399.92822265625
100000000000000000000001,1,921625000,0,-45.5,0.312932080728671,0,0,0.040060001373291,1.63,0,-5399.92822265625
100000000000000000000003,1,921625000,0,-46.5,1.68124294352266,0,0,0.040060001373291,1.63,0,-5399.92822265625
100000000000000000000000,1,921625000,0,-44.5,5.71254445408613,0,0,0.040060001373291,1.63,0,-5399.92822265625
100000000000000000000004,1,921625000,0,-51,2.21506825770687,0,0,0.040060001373291,1.63,0,-5399.92822265625
100000000000000000000004,1,921625000,0,-51,2.21506825770687,0,0,0.040060001373291,1.63,0,-5399.92822265625
100000000000000000000002,1,921625000,0,-45,2.52800033843554,0,0,0.040060001373291,1.63,0,-5399.92822265625
100000000000000000000003,1,921625000,0,-46.5,1.67510702037112,0,0,0.040060001373291,1.63,0,-5399.92822265625
100000000000000000000000,1,921625000,0,-44.5,5.71254445408613,0,0,0.040060001373291,1.63,0,-5399.92822265625
100000000000000000000001,1,921625000,0,-45.5,0.300660234425585,0,0,0.040060001373291,1.63,0,-5399.92822265625
100000000000000000000002,1,921625000,0,-45,2.49732072267782,0,0,0.040060001373291,1.63,0,-5399.92822265625
100000000000000000000001,1,921625000,0,-45.5,0.312932080728671,0,0,0.040060001373291,1.63,0,-5399.92822265625
100000000000000000000004,1,921625000,0,-51,2.23347602716149,0,0,0.040060001373291,1.63,0,-5399.92822265625
100000000000000000000000,1,921625000,0,-44.5,5.71868037723767,0,0,0.040060001373291,1.63,0,-5399.92822265625
100000000000000000000003,1,921625000,0,-46.5,1.69351478982575,0,0,0.040060001373291,1.63,0,-5399.92822265625
100000000000000000000001,1,921625000,0,-45.5,0.294524311274043,0,0,0.040060001373291,1.63,0,-5399.92822265625
100000000000000000000004,1,921625000,0,-51.5,2.22734010400995,0,0,0.040060001373291,1.63,0,-5399.92822265625
100000000000000000000002,1,921625000,0,-45,2.50959256898091,0,0,0.040060001373291,1.63,0,-5399.92822265625
100000000000000000000000,1,921625000,0,-44.5,5.70027260778304,0,0,0.040060001373291,1.63,0,-5399.92822265625
100000000000000000000003,1,921625000,0,-46.5,1.69351478982575,0,0,0.040060001373291,1.63,0,-5399.92822265625
100000000000000000000004,1,921625000,0,-51,2.20279641140378,0,0,0.040060001373291,1.63,0,-5399.92822265625
100000000000000000000003,1,921625000,0,-46.5,1.70578663612883,0,0,0.040060001373291,1.63,0,-5399.92822265625
100000000000000000000000,1,921625000,0,-44.5,5.71868037723767,0,0,0.040060001373291,1.63,0,-5399.92822265625
100000000000000000000002,1,921625000,0,-45.5,2.50959256898091,0,0,0.040060001373291,1.63,0,-5399.92822265625
100000000000000000000001,1,921625000,0,-45.5,0.319068003880213,0,0,0.040060001373291,1.63,0,-5399.92822265625
100000000000000000000001,1,921625000,0,-45.5,0.300660234425585,0,0,0.040060001373291,1.63,0,-5399.92822265625
100000000000000000000003,1,921625000,0,-46.5,1.68124294352266,0,0,0.040060001373291,1.63,0,-5399.92822265625
100000000000000000000002,1,921625000,0,-45,2.50345664582937,0,0,0.040060001373291,1.63,0,-5399.92822265625
100000000000000000000004,1,921625000,0,-51,2.19666048825224,0,0,0.040060001373291,1.63,0,-5399.92822265625
100000000000000000000000,1,921625000,0,-44.5,5.70640853093458,0,0,0.040060001373291,1.63,0,-5399.92822265625
100000000000000000000001,1,921625000,0,-45.5,0.288388388122501,0,0,0.040060001373291,1.63,0,-5399.92822265625
100000000000000000000000,1,921625000,0,-44.5,5.70640853093458,0,0,0.040060001373291,1.63,0,-5399.92822265625
100000000000000000000004,1,921625000,0,-51,2.20893233455532,0,0,0.040060001373291,1.63,0,-5399.92822265625
100000000000000000000002,1,921625000,0,-45.5,2.49118479952628,0,0,0.040060001373291,1.63,0,-5399.92822265625
100000000000000000000003,1,921625000,0,-46.5,1.68737886667421,0,0,0.040060001373291,1.63,0,-5399.92822265625
100000000000000000000003,1,921625000,0,-46.5,1.69351478982575,0,0,0.040060001373291,1.63,0,-5399.92822265625
100000000000000000000002,1,921625000,0,-45.5,2.49732072267782,0,0,0.040060001373291,1.63,0,-5399.92822265625
100000000000000000000000,1,921625000,0,-44.5,5.71254445408613,0,0,0.040060001373291,1.63,0,-5399.92822265625
100000000000000000000001,1,921625000,0,-45.5,0.288388388122501,0,0,0.040060001373291,1.63,0,-5399.92822265625
100000000000000000000004,1,921625000,0,-51,2.19666048825224,0,0,0.040060001373291,1.63,0,-5399.92822265625
100000000000000000000003,1,921625000,0,-46.5,1.68737886667421,0,0,0.040060001373291,1.63,0,-5399.92822265625
100000000000000000000000,1,921625000,0,-44.5,5.70640853093458,0,0,0.040060001373291,1.63,0,-5399.92822265625
100000000000000000000002,1,921625000,0,-45,2.50959256898091,0,0,0.040060001373291,1.63,0,-5399.92822265625
100000000000000000000001,1,921625000,0,-45.5,0.294524311274043,0,0,0.040060001373291,1.63,0,-5399.92822265625
100000000000000000000004,1,921625000,0,-51,2.20279641140378,0,0,0.040060001373291,1.63,0,-5399.92822265625
100000000000000000000000,1,921625000,0,-44.5,5.70027260778304,0,0,0.040060001373291,1.63,0,-5399.92822265625
100000000000000000000001,1,921625000,0,-45.5,0.294524311274043,0,0,0.040060001373291,1.63,0,-5399.92822265625
100000000000000000000003,1,921625000,0,-46.5,1.69351478982575,0,0,0.040060001373291,1.63,0,-5399.92822265625
100000000000000000000002,1,921625000,0,-45,2.48504887637474,0,0,0.040060001373291,1.63,0,-5399.92822265625
100000000000000000000004,1,921625000,0,-51,2.19666048825224,0,0,0.040060001373291,1.63,0,-5399.92822265625
100000000000000000000002,1,921625000,0,-45,2.51572849213245,0,0,0.040060001373291,1.63,0,-5399.92822265625
100000000000000000000000,1,921625000,0,-44.5,5.71868037723767,0,0,0.040060001373291,1.63,0,-5399.92822265625
100000000000000000000001,1,921625000,0,-45.5,0.276116541819415,0,0,0.040060001373291,1.63,0,-5399.92822265625
100000000000000000000004,1,921625000,0,-51,2.21506825770687,0,0,0.040060001373291,1.63,0,-5399.92822265625
100000000000000000000003,1,921625000,0,-46.5,1.66897109721958,0,0,0.040060001373291,1.63,0,-5399.92822265625
100000000000000000000004,1,921625000,0,-51,2.23347602716149,0,0,0.040060001373291,1.63,0,-5399.92822265625
100000000000000000000000,1,921625000,0,-44.5,5.70027260778304,0,0,0.040060001373291,1.63,0,-5399.92822265625
100000000000000000000002,1,921625000,0,-45,2.49118479952628,0,0,0.040060001373291,1.63,0,-5399.92822265625
100000000000000000000001,1,921625000,0,-45.5,0.312932080728671,0,0,0.040060001373291,1.63,0,-5399.92822265625
100000000000000000000003,1,921625000,0,-46.5,1.68124294352266,0,0,0.040060001373291,1.63,0,-5399.92822265625
100000000000000000000003,1,921625000,0,-46.5,1.64442740461341,0,0,0.040060001373291,1.63,0,-5399.92822265625
100000000000000000000001,1,921625000,0,-45.5,0.306796157577129,0,0,0.040060001373291,1.63,0,-5399.92822265625
100000000000000000000002,1,921625000,0,-45.5,2.51572849213245,0,0,0.040060001373291,1.63,0,-5399.92822265625
100000000000000000000000,1,921625000,0,-44.5,5.71868037723767,0,0,0.040060001373291,1.63,0,-5399.92822265625
100000000000000000000004,1,921625000,0,-51,2.20893233455532,0,0,0.040060001373291,1.63,0,-5399.92822265625
100000000000000000000001,1,921625000,0,-45.5,0.288388388122501,0,0,0.040060001373291,1.63,0,-5399.92822265625
100000000000000000000000,1,921625000,0,-44.5,5.70640853093458,0,0,0.040060001373291,1.63,0,-5399.92822265625
100000000000000000000002,1,921625000,0,-45,2.52186441528399,0,0,0.040060001373291,1.63,0,-5399.92822265625
100000000000000000000003,1,921625000,0,-46.5,1.67510702037112,0,0,0.040060001373291,1.63,0,-5399.92822265625
100000000000000000000004,1,921625000,0,-51,2.1905245651007,0,0,0.040060001373291,1.63,0,-5399.92822265625
100000000000000000000004,1,921625000,0,-51,2.21506825770687,0,0,0.040060001373291,1.63,0,-5399.92822265625
100000000000000000000003,1,921625000,0,-46.5,1.68124294352266,0,0,0.040060001373291,1.63,0,-5399.92822265625
100000000000000000000002,1,921625000,0,-45,2.51572849213245,0,0,0.040060001373291,1.63,0,-5399.92822265625
100000000000000000000001,1,921625000,0,-45.5,0.276116541819415,0,0,0.040060001373291,1.63,0,-5399.92822265625
100000000000000000000000,1,921625000,0,-44.5,5.72481630038921,0,0,0.040060001373291,1.63,0,-5399.92822265625
100000000000000000000002,1,921625000,0,-45,2.49118479952628,0,0,0.040060001373291,1.63,0,-5399.92822265625
100000000000000000000001,1,921625000,0,-45.5,0.306796157577129,0,0,0.040060001373291,1.63,0,-5399.92822265625
100000000000000000000004,1,921625000,0,-51,2.1905245651007,0,0,0.040060001373291,1.63,0,-5399.92822265625
100000000000000000000003,1,921625000,0,-46.5,1.68124294352266,0,0,0.040060001373291,1.63,0,-5399.92822265625
100000000000000000000000,1,921625000,0,-44.5,5.71254445408613,0,0,0.040060001373291,1.63,0,-5399.92822265625
100000000000000000000004,1,921625000,0,-51,2.23961195031304,0,0,0.040060001373291,1.63,0,-5399.92822265625
100000000000000000000003,1,921625000,0,-46.5,1.69965071297729,0,0,0.040060001373291,1.63,0,-5399.92822265625
100000000000000000000001,1,921625000,0,-45.5,0.300660234425585,0,0,0.040060001373291,1.63,0,-5399.92822265625
100000000000000000000002,1,921625000,0,-45.5,2.50959256898091,0,0,0.040060001373291,1.63,0,-5399.92822265625
100000000000000000000000,1,921625000,0,-44.5,5.71254445408613,0,0,0.040060001373291,1.63,0,-5399.92822265625
100000000000000000000004,1,921625000,0,-51,2.19666048825224,0,0,0.040060001373291,1.63,0,-5399.92822265625
100000000000000000000000,1,921625000,0,-44.5,5.73095222354076,0,0,0.040060001373291,1.63,0,-5399.92822265625
100000000000000000000003,1,921625000,0,-46.5,1.68737886667421,0,0,0.040060001373291,1.63,0,-5399.92822265625
100000000000000000000002,1,921625000,0,-45,2.50345664582937,0,0,0.040060001373291,1.63,0,-5399.92822265625
100000000000000000000001,1,921625000,0,-45.5,0.300660234425585,0,0,0.040060001373291,1.63,0,-5399.92822265625
100000000000000000000000,1,921625000,0,-44.5,5.75549591614693,0,0,0.040060001373291,1.63,0,-5399.92822265625
100000000000000000000002,1,921625000,0,-45.5,2.49732072267782,0,0,0.040060001373291,1.63,0,-5399.92822265625
100000000000000000000001,1,921625000,0,-44.5,0.349747619637927,0,0,0.040060001373291,1.63,0,-5399.92822265625
100000000000000000000004,1,921625000,0,-51.5,2.21506825770687,0,0,0.040060001373291,1.63,0,-5399.92822265625
100000000000000000000003,1,921625000,0,-46.5,1.68124294352266,0,0,0.040060001373291,1.63,0,-5399.92822265625
100000000000000000000004,1,921625000,0,-51,2.22120418085841,0,0,0.040060001373291,1.63,0,-5399.92822265625
100000000000000000000001,1,921625000,0,-45.5,0.337475773334841,0,0,0.040060001373291,1.63,0,-5399.92822265625
100000000000000000000000,1,921625000,0,-44.5,5.72481630038921,0,0,0.040060001373291,1.63,0,-5399.92822265625
100000000000000000000002,1,921625000,0,-45.5,2.52800033843554,0,0,0.040060001373291,1.63,0,-5399.92822265625
100000000000000000000003,1,921625000,0,-46.5,1.66283517406803,0,0,0.040060001373291,1.63,0,-5399.92822265625
100000000000000000000004,1,921625000,0,-51,2.19666048825224,0,0,0.040060001373291,1.63,0,-5399.92822265625
100000000000000000000001,1,921625000,0,-45.5,0.325203927031755,0,0,0.040060001373291,1.63,0,-5399.92822265625
100000000000000000000003,1,921625000,0,-46.5,1.66897109721958,0,0,0.040060001373291,1.63,0,-5399.92822265625
100000000000000000000000,1,921625000,0,-44.5,5.71868037723767,0,0,0.040060001373291,1.63,0,-5399.92822265625
100000000000000000000002,1,921625000,0,-45.5,2.52800033843554,0,0,0.040060001373291,1.63,0,-5399.92822265625
100000000000000000000003,1,921625000,0,-46.5,1.66897109721958,0,0,0.040060001373291,1.63,0,-5399.92822265625
100000000000000000000000,1,921625000,0,-44.5,5.71868037723767,0,0,0.040060001373291,1.63,0,-5399.92822265625
100000000000000000000004,1,921625000,0,-51,2.17825271879761,0,0,0.040060001373291,1.63,0,-5399.92822265625
100000000000000000000002,1,921625000,0,-45,2.51572849213245,0,0,0.040060001373291,1.63,0,-5399.92822265625
100000000000000000000001,1,921625000,0,-45.5,0.288388388122501,0,0,0.040060001373291,1.63,0,-5399.92822265625
100000000000000000000004,1,921625000,0,-51,2.22734010400995,0,0,0.040060001373291,1.63,0,-5399.92822265625
100000000000000000000000,1,921625000,0,-44.5,5.71254445408613,0,0,0.040060001373291,1.63,0,-5399.92822265625
100000000000000000000002,1,921625000,0,-45,2.51572849213245,0,0,0.040060001373291,1.63,0,-5399.92822265625
100000000000000000000001,1,921625000,0,-45.5,0.319068003880213,0,0,0.040060001373291,1.63,0,-5399.92822265625
100000000000000000000003,1,921625000,0,-46.5,1.68737886667421,0,0,0.040060001373291,1.63,0,-5399.92822265625
100000000000000000000004,1,921625000,0,-51,2.20893233455532,0,0,0.040060001373291,1.63,0,-5399.92822265625
100000000000000000000002,1,921625000,0,-45.5,2.49732072267782,0,0,0.040060001373291,1.63,0,-5399.92822265625
100000000000000000000001,1,921625000,0,-45.5,0.312932080728671,0,0,0.040060001373291,1.63,0,-5399.92822265625
100000000000000000000003,1,921625000,0,-46.5,1.66283517406803,0,0,0.040060001373291,1.63,0,-5399.92822265625
100000000000000000000000,1,921625000,0,-44.5,5.72481630038921,0,0,0.040060001373291,1.63,0,-5399.92822265625
100000000000000000000001,1,921625000,0,-45.5,0.294524311274043,0,0,0.040060001373291,1.63,0,-5399.92822265625
100000000000000000000004,1,921625000,0,-51,2.1905245651007,0,0,0.040060001373291,1.63,0,-5399.92822265625
100000000000000000000002,1,921625000,0,-45,2.47277703007165,0,0,0.040060001373291,1.63,0,-5399.92822265625
100000000000000000000000,1,921625000,0,-44.5,5.72481630038921,0,0,0.040060001373291,1.63,0,-5399.92822265625
100000000000000000000003,1,921625000,0,-46.5,1.66897109721958,0,0,0.040060001373291,1.63,0,-5399.92822265625
100000000000000000000002,1,921625000,0,-45,2.52186441528399,0,0,0.040060001373291,1.63,0,-5399.92822265625
100000000000000000000001,1,921625000,0,-45.5,0.312932080728671,0,0,0.040060001373291,1.63,0,-5399.92822265625
100000000000000000000000,1,921625000,0,-44.5,5.70027260778304,0,0,0.040060001373291,1.63,0,-5399.92822265625
100000000000000000000003,1,921625000,0,-46.5,1.69351478982575,0,0,0.040060001373291,1.63,0,-5399.92822265625
100000000000000000000004,1,921625000,0,-51,2.19666048825224,0,0,0.040060001373291,1.63,0,-5399.92822265625
100000000000000000000001,1,921625000,0,-45.5,0.312932080728671,0,0,0.040060001373291,1.63,0,-5399.92822265625
100000000000000000000000,1,921625000,0,-44.5,5.71254445408613,0,0,0.040060001373291,1.63,0,-5399.92822265625
100000000000000000000002,1,921625000,0,-45.5,2.50959256898091,0,0,0.040060001373291,1.63,0,-5399.92822265625
100000000000000000000003,1,921625000,0,-46.5,1.68737886667421,0,0,0.040060001373291,1.63,0,-5399.92822265625
100000000000000000000004,1,921625000,0,-51,2.20279641140378,0,0,0.040060001373291,1.63,0,-5399.92822265625
100000000000000000000002,1,921625000,0,-45,2.50345664582937,0,0,0.040060001373291,1.63,0,-5399.92822265625
100000000000000000000004,1,921625000,0,-51,2.20279641140378,0,0,0.040060001373291,1.63,0,-5399.92822265625
100000000000000000000001,1,921625000,0,-45.5,0.306796157577129,0,0,0.040060001373291,1.63,0,-5399.92822265625
100000000000000000000000,1,921625000,0,-44.5,5.70027260778304,0,0,0.040060001373291,1.63,0,-5399.92822265625
100000000000000000000003,1,921625000,0,-46.5,1.68737886667421,0,0,0.040060001373291,1.63,0,-5399.92822265625
100000000000000000000001,1,921625000,0,-45.5,0.312932080728671,0,0,0.040060001373291,1.63,0,-5399.92822265625
100000000000000000000000,1,921625000,0,-44.5,5.71254445408613,0,0,0.040060001373291,1.63,0,-5399.92822265625
100000000000000000000003,1,921625000,0,-46.5,1.67510702037112,0,0,0.040060001373291,1.63,0,-5399.92822265625
100000000000000000000002,1,921625000,0,-45,2.51572849213245,0,0,0.040060001373291,1.63,0,-5399.92822265625
100000000000000000000004,1,921625000,0,-51,2.20279641140378,0,0,0.040060001373291,1.63,0,-5399.92822265625
100000000000000000000001,1,921625000,0,-45.5,0.306796157577129,0,0,0.040060001373291,1.63,0,-5399.92822265625
100000000000000000000000,1,921625000,0,-44.5,5.71254445408613,0,0,0.040060001373291,1.63,0,-5399.92822265625
100000000000000000000004,1,921625000,0,-51,2.20279641140378,0,0,0.040060001373291,1.63,0,-5399.92822265625
100000000000000000000003,1,921625000,0,-46.5,1.71192255928038,0,0,0.040060001373291,1.63,0,-5399.92822265625
100000000000000000000002,1,921625000,0,-45.5,2.4789129532232,0,0,0.040060001373291,1.63,0,-5399.92822265625
100000000000000000000001,1,921625000,0,-45.5,0.312932080728671,0,0,0.040060001373291,1.63,0,-5399.92822265625
100000000000000000000003,1,921625000,0,-46.5,1.71192255928038,0,0,0.040060001373291,1.63,0,-5399.92822265625
100000000000000000000000,1,921625000,0,-44.5,5.70640853093458,0,0,0.040060001373291,1.63,0,-5399.92822265625
100000000000000000000004,1,921625000,0,-51,2.18438864194915,0,0,0.040060001373291,1.63,0,-5399.92822265625
100000000000000000000002,1,921625000,0,-45,2.4789129532232,0,0,0.040060001373291,1.63,0,-5399.92822265625
100000000000000000000000,1,921625000,0,-44.5,5.71868037723767,0,0,0.040060001373291,1.63,0,-5399.92822265625
100000000000000000000002,1,921625000,0,-45,2.49118479952628,0,0,0.040060001373291,1.63,0,-5399.92822265625
100000000000000000000003,1,921625000,0,-46.5,1.67510702037112,0,0,0.040060001373291,1.63,0,-5399.92822265625
100000000000000000000001,1,921625000,0,-45.5,0.306796157577129,0,0,0.040060001373291,1.63,0,-5399.92822265625
100000000000000000000004,1,921625000,0,-51,2.17825271879761,0,0,0.040060001373291,1.63,0,-5399.92822265625
100000000000000000000003,1,921625000,0,-46.5,1.68124294352266,0,0,0.040060001373291,1.63,0,-5399.92822265625
100000000000000000000000,1,921625000,0,-44.5,5.70027260778304,0,0,0.040060001373291,1.63,0,-5399.92822265625
100000000000000000000002,1,921625000,0,-45,2.49732072267782,0,0,0.040060001373291,1.63,0,-5399.92822265625
100000000000000000000001,1,921625000,0,-45.5,0.288388388122501,0,0,0.040060001373291,1.63,0,-5399.92822265625
100000000000000000000004,1,921625000,0,-51,2.16598087249453,0,0,0.040060001373291,1.63,0,-5399.92822265625
100000000000000000000000,1,921625000,0,-44.5,5.70027260778304,0,0,0.040060001373291,1.63,0,-5399.92822265625
100000000000000000000001,1,921625000,0,-45.5,0.294524311274043,0,0,0.040060001373291,1.63,0,-5399.92822265625
100000000000000000000002,1,921625000,0,-45.5,2.49732072267782,0,0,0.040060001373291,1.63,0,-5399.92822265625
100000000000000000000003,1,921625000,0,-46.5,1.66283517406803,0,0,0.040060001373291,1.63,0,-5399.92822265625
100000000000000000000004,1,921625000,0,-51,2.23961195031304,0,0,0.040060001373291,1.63,0,-5399.92822265625
100000000000000000000002,1,921625000,0,-45,2.51572849213245,0,0,0.040060001373291,1.63,0,-5399.92822265625
100000000000000000000003,1,921625000,0,-46.5,1.66897109721958,0,0,0.040060001373291,1.63,0,-5399.92822265625
100000000000000000000000,1,921625000,0,-44.5,5.71254445408613,0,0,0.040060001373291,1.63,0,-5399.92822265625
100000000000000000000001,1,921625000,0,-45.5,0.306796157577129,0,0,0.040060001373291,1.63,0,-5399.92822265625
100000000000000000000004,1,921625000,0,-51,2.20893233455532,0,0,0.040060001373291,1.63,0,-5399.92822265625
100000000000000000000002,1,921625000,0,-45,2.51572849213245,0,0,0.040060001373291,1.63,0,-5399.92822265625
100000000000000000000004,1,921625000,0,-51,2.23961195031304,0,0,0.040060001373291,1.63,0,-5399.92822265625
100000000000000000000001,1,921625000,0,-45.5,0.312932080728671,0,0,0.040060001373291,1.63,0,-5399.92822265625
100000000000000000000000,1,921625000,0,-44.5,5.71254445408613,0,0,0.040060001373291,1.63,0,-5399.92822265625
100000000000000000000003,1,921625000,0,-46.5,1.68124294352266,0,0,0.040060001373291,1.63,0,-5399.92822265625
100000000000000000000001,1,921625000,0,-45.5,0.300660234425585,0,0,0.040060001373291,1.63,0,-5399.92822265625
100000000000000000000004,1,921625000,0,-51,2.20893233455532,0,0,0.040060001373291,1.63,0,-5399.92822265625
100000000000000000000000,1,921625000,0,-44.5,5.71868037723767,0,0,0.040060001373291,1.63,0,-5399.92822265625
100000000000000000000002,1,921625000,0,-45.5,2.50959256898091,0,0,0.040060001373291,1.63,0,-5399.92822265625
100000000000000000000003,1,921625000,0,-46.5,1.68124294352266,0,0,0.040060001373291,1.63,0,-5399.92822265625
100000000000000000000001,1,921625000,0,-45.5,0.269980618667873,0,0,0.040060001373291,1.63,0,-5399.92822265625
100000000000000000000002,1,921625000,0,-45.5,2.48504887637474,0,0,0.040060001373291,1.63,0,-5399.92822265625
100000000000000000000003,1,921625000,0,-46.5,1.67510702037112,0,0,0.040060001373291,1.63,0,-5399.92822265625
100000000000000000000000,1,921625000,0,-44.5,5.71254445408613,0,0,0.040060001373291,1.63,0,-5399.92822265625
100000000000000000000004,1,921625000,0,-51,2.22120418085841,0,0,0.040060001373291,1.63,0,-5399.92822265625
100000000000000000000004,1,921625000,0,-51,2.26415564291921,0,0,0.040060001373291,1.63,0,-5399.92822265625
100000000000000000000000,1,921625000,0,-44.5,5.70027260778304,0,0,0.040060001373291,1.63,0,-5399.92822265625
100000000000000000000002,1,921625000,0,-45.5,2.50345664582937,0,0,0.040060001373291,1.63,0,-5399.92822265625
100000000000000000000001,1,921625000,0,-45.5,0.319068003880213,0,0,0.040060001373291,1.63,0,-5399.92822265625
100000000000000000000003,1,921625000,0,-46.5,1.69351478982575,0,0,0.040060001373291,1.63,0,-5399.92822265625
100000000000000000000001,1,921625000,0,-45.5,0.319068003880213,0,0,0.040060001373291,1.63,0,-5399.92822265625
100000000000000000000004,1,921625000,0,-51,2.18438864194915,0,0,0.040060001373291,1.63,0,-5399.92822265625
100000000000000000000002,1,921625000,0,-45.5,2.52186441528399,0,0,0.040060001373291,1.63,0,-5399.92822265625
100000000000000000000003,1,921625000,0,-46.5,1.69965071297729,0,0,0.040060001373291,1.63,0,-5399.92822265625
100000000000000000000000,1,921625000,0,-44.5,5.6941366846315,0,0,0.040060001373291,1.63,0,-5399.92822265625
100000000000000000000003,1,921625000,0,-46.5,1.68737886667421,0,0,0.040060001373291,1.63,0,-5399.92822265625
100000000000000000000000,1,921625000,0,-44.5,5.71254445408613,0,0,0.040060001373291,1.63,0,-5399.92822265625
100000000000000000000004,1,921625000,0,-51,2.1905245651007,0,0,0.040060001373291,1.63,0,-5399.92822265625
100000000000000000000002,1,921625000,0,-45.5,2.50345664582937,0,0,0.040060001373291,1.63,0,-5399.92822265625
100000000000000000000001,1,921625000,0,-45.5,0.294524311274043,0,0,0.040060001373291,1.63,0,-5399.92822265625
100000000000000000000004,1,921625000,0,-51,2.22734010400995,0,0,0.040060001373291,1.63,0,-5399.92822265625
100000000000000000000003,1,921625000,0,-46.5,1.66897109721958,0,0,0.040060001373291,1.63,0,-5399.92822265625
100000000000000000000001,1,921625000,0,-45.5,0.325203927031755,0,0,0.040060001373291,1.63,0,-5399.92822265625
100000000000000000000000,1,921625000,0,-44.5,5.71254445408613,0,0,0.040060001373291,1.63,0,-5399.92822265625
100000000000000000000002,1,921625000,0,-45.5,2.49732072267782,0,0,0.040060001373291,1.63,0,-5399.92822265625
100000000000000000000004,1,921625000,0,-51,2.19666048825224,0,0,0.040060001373291,1.63,0,-5399.92822265625
100000000000000000000003,1,921625000,0,-46.5,1.69351478982575,0,0,0.040060001373291,1.63,0,-5399.92822265625
100000000000000000000001,1,921625000,0,-45.5,0.300660234425585,0,0,0.040060001373291,1.63,0,-5399.92822265625
100000000000000000000000,1,921625000,0,-44.5,5.70640853093458,0,0,0.040060001373291,1.63,0,-5399.92822265625
100000000000000000000002,1,921625000,0,-45.5,2.52800033843554,0,0,0.040060001373291,1.63,0,-5399.92822265625
100000000000000000000004,1,921625000,0,-51,2.20279641140378,0,0,0.040060001373291,1.63,0,-5399.92822265625
100000000000000000000000,1,921625000,0,-44.5,5.70640853093458,0,0,0.040060001373291,1.63,0,-5399.92822265625
100000000000000000000002,1,921625000,0,-45.5,2.52186441528399,0,0,0.040060001373291,1.63,0,-5399.92822265625
100000000000000000000001,1,921625000,0,-45.5,0.288388388122501,0,0,0.040060001373291,1.63,0,-5399.92822265625
100000000000000000000003,1,921625000,0,-46.5,1.68737886667421,0,0,0.040060001373291,1.63,0,-5399.92822265625
100000000000000000000004,1,921625000,0,-51,2.22120418085841,0,0,0.040060001373291,1.63,0,-5399.92822265625
100000000000000000000002,1,921625000,0,-45,2.49732072267782,0,0,0.040060001373291,1.63,0,-5399.92822265625
100000000000000000000001,1,921625000,0,-45.5,0.269980618667873,0,0,0.040060001373291,1.63,0,-5399.92822265625
100000000000000000000000,1,921625000,0,-44.5,5.70640853093458,0,0,0.040060001373291,1.63,0,-5399.92822265625
100000000000000000000003,1,921625000,0,-46.5,1.68737886667421,0,0,0.040060001373291,1.63,0,-5399.92822265625
100000000000000000000003,1,921625000,0,-46.5,1.69351478982575,0,0,0.040060001373291,1.63,0,-5399.92822265625
100000000000000000000002,1,921625000,0,-45,2.48504887637474,0,0,0.040060001373291,1.63,0,-5399.92822265625
100000000000000000000004,1,921625000,0,-51,2.21506825770687,0,0,0.040060001373291,1.63,0,-5399.92822265625
100000000000000000000000,1,921625000,0,-44.5,5.6941366846315,0,0,0.040060001373291,1.63,0,-5399.92822265625
100000000000000000000001,1,921625000,0,-45.5,0.276116541819415,0,0,0.040060001373291,1.63,0,-5399.92822265625
100000000000000000000001,1,921625000,0,-45.5,0.294524311274043,0,0,0.040060001373291,1.63,0,-5399.92822265625
100000000000000000000000,1,921625000,0,-44.5,5.71868037723767,0,0,0.040060001373291,1.63,0,-5399.92822265625
100000000000000000000004,1,921625000,0,-51,2.20279641140378,0,0,0.040060001373291,1.63,0,-5399.92822265625
100000000000000000000003,1,921625000,0,-46.5,1.66897109721958,0,0,0.040060001373291,1.63,0,-5399.92822265625
100000000000000000000002,1,921625000,0,-45.5,2.51572849213245,0,0,0.040060001373291,1.63,0,-5399.92822265625
100000000000000000000004,1,921625000,0,-51,2.21506825770687,0,0,0.040060001373291,1.63,0,-5399.92822265625
100000000000000000000000,1,921625000,0,-44.5,5.71868037723767,0,0,0.040060001373291,1.63,0,-5399.92822265625
100000000000000000000003,1,921625000,0,-46.5,1.66897109721958,0,0,0.040060001373291,1.63,0,-5399.92822265625
100000000000000000000002,1,921625000,0,-45.5,2.49732072267782,0,0,0.040060001373291,1.63,0,-5399.92822265625
100000000000000000000001,1,921625000,0,-45.5,0.312932080728671,0,0,0.040060001373291,1.63,0,-5399.92822265625
100000000000000000000002,1,921625000,0,-45,2.49732072267782,0,0,0.040060001373291,1.63,0,-5399.92822265625
100000000000000000000001,1,921625000,0,-45.5,0.306796157577129,0,0,0.040060001373291,1.63,0,-5399.92822265625
100000000000000000000004,1,921625000,0,-51,2.22120418085841,0,0,0.040060001373291,1.63,0,-5399.92822265625
100000000000000000000000,1,921625000,0,-44.5,5.70027260778304,0,0,0.040060001373291,1.63,0,-5399.92822265625
100000000000000000000003,1,921625000,0,-46.5,1.65669925091649,0,0,0.040060001373291,1.63,0,-5399.92822265625
100000000000000000000002,1,921625000,0,-45,2.50345664582937,0,0,0.040060001373291,1.63,0,-5399.92822265625
100000000000000000000001,1,921625000,0,-45.5,0.306796157577129,0,0,0.040060001373291,1.63,0,-5399.92822265625
100000000000000000000000,1,921625000,0,-44.5,5.71868037723767,0,0,0.040060001373291,1.63,0,-5399.92822265625
100000000000000000000004,1,921625000,0,-51,2.20893233455532,0,0,0.040060001373291,1.63,0,-5399.92822265625
100000000000000000000003,1,921625000,0,-46.5,1.68737886667421,0,0,0.040060001373291,1.63,0,-5399.92822265625
100000000000000000000002,1,921625000,0,-45,2.50345664582937,0,0,0.040060001373291,1.63,0,-5399.92822265625
100000000000000000000000,1,921625000,0,-44.5,5.71254445408613,0,0,0.040060001373291,1.63,0,-5399.92822265625
100000000000000000000004,1,921625000,0,-51,2.21506825770687,0,0,0.040060001373291,1.63,0,-5399.92822265625
100000000000000000000001,1,921625000,0,-45.5,0.312932080728671,0,0,0.040060001373291,1.63,0,-5399.92822265625
100000000000000000000003,1,921625000,0,-46.5,1.69965071297729,0,0,0.040060001373291,1.63,0,-5399.92822265625
100000000000000000000003,1,921625000,0,-46.5,1.71192255928038,0,0,0.040060001373291,1.63,0,-5399.92822265625
100000000000000000000004,1,921625000,0,-51,2.19666048825224,0,0,0.040060001373291,1.63,0,-5399.92822265625
100000000000000000000002,1,921625000,0,-45,2.46664110692011,0,0,0.040060001373291,1.63,0,-5399.92822265625
100000000000000000000000,1,921625000,0,-44,5.71254445408613,0,0,0.040060001373291,1.63,0,-5399.92822265625
100000000000000000000001,1,921625000,0,-45.5,0.312932080728671,0,0,0.040060001373291,1.63,0,-5399.92822265625
100000000000000000000000,1,921625000,0,-44.5,5.70640853093458,0,0,0.040060001373291,1.63,0,-5399.92822265625
100000000000000000000002,1,921625000,0,-45,2.51572849213245,0,0,0.040060001373291,1.63,0,-5399.92822265625
100000000000000000000004,1,921625000,0,-51,2.23347602716149,0,0,0.040060001373291,1.63,0,-5399.92822265625
100000000000000000000001,1,921625000,0,-45.5,0.325203927031755,0,0,0.040060001373291,1.63,0,-5399.92822265625
100000000000000000000003,1,921625000,0,-46.5,1.69351478982575,0,0,0.040060001373291,1.63,0,-5399.92822265625
100000000000000000000003,1,921625000,0,-46.5,1.69351478982575,0,0,0.040060001373291,1.63,0,-5399.92822265625
100000000000000000000001,1,921625000,0,-45.5,0.288388388122501,0,0,0.040060001373291,1.63,0,-5399.92822265625
100000000000000000000000,1,921625000,0,-44.5,5.72481630038921,0,0,0.040060001373291,1.63,0,-5399.92822265625
100000000000000000000004,1,921625000,0,-51,2.23347602716149,0,0,0.040060001373291,1.63,0,-5399.92822265625
100000000000000000000002,1,921625000,0,-45,2.49732072267782,0,0,0.040060001373291,1.63,0,-5399.92822265625
100000000000000000000001,1,921625000,0,-45.5,0.300660234425585,0,0,0.040060001373291,1.63,0,-5399.92822265625
100000000000000000000002,1,921625000,0,-45.5,2.50345664582937,0,0,0.040060001373291,1.63,0,-5399.92822265625
100000000000000000000004,1,921625000,0,-51,2.21506825770687,0,0,0.040060001373291,1.63,0,-5399.92822265625
100000000000000000000003,1,921625000,0,-46.5,1.70578663612883,0,0,0.040060001373291,1.63,0,-5399.92822265625
100000000000000000000000,1,921625000,0,-44.5,5.70640853093458,0,0,0.040060001373291,1.63,0,-5399.92822265625
100000000000000000000003,1,921625000,0,-46.5,1.71805848243192,0,0,0.040060001373291,1.63,0,-5399.92822265625
100000000000000000000001,1,921625000,0,-45.5,0.300660234425585,0,0,0.040060001373291,1.63,0,-5399.92822265625
100000000000000000000000,1,921625000,0,-44.5,5.71868037723767,0,0,0.040060001373291,1.63,0,-5399.92822265625
100000000000000000000002,1,921625000,0,-45,2.53413626158708,0,0,0.040060001373291,1.63,0,-5399.92822265625
100000000000000000000004,1,921625000,0,-51,2.22734010400995,0,0,0.040060001373291,1.63,0,-5399.92822265625
100000000000000000000002,1,921625000,0,-45,2.50959256898091,0,0,0.040060001373291,1.63,0,-5399.92822265625
100000000000000000000004,1,921625000,0,-51,2.22734010400995,0,0,0.040060001373291,1.63,0,-5399.92822265625
100000000000000000000003,1,921625000,0,-46.5,1.68737886667421,0,0,0.040060001373291,1.63,0,-5399.92822265625
100000000000000000000001,1,921625000,0,-45.5,0.300660234425585,0,0,0.040060001373291,1.63,0,-5399.92822265625
100000000000000000000000,1,921625000,0,-44.5,5.6941366846315,0,0,0.040060001373291,1.63,0,-5399.92822265625
100000000000000000000001,1,921625000,0,-45.5,0.312932080728671,0,0,0.040060001373291,1.63,0,-5399.92822265625
100000000000000000000004,1,921625000,0,-51,2.23961195031304,0,0,0.040060001373291,1.63,0,-5399.92822265625
100000000000000000000002,1,921625000,0,-45,2.50959256898091,0,0,0.040060001373291,1.63,0,-5399.92822265625
100000000000000000000003,1,921625000,0,-46.5,1.70578663612883,0,0,0.040060001373291,1.63,0,-5399.92822265625
100000000000000000000000,1,921625000,0,-44.5,5.70640853093458,0,0,0.040060001373291,1.63,0,-5399.92822265625
100000000000000000000004,1,921625000,0,-51,2.21506825770687,0,0,0.040060001373291,1.63,0,-5399.92822265625
100000000000000000000002,1,921625000,0,-45,2.52800033843554,0,0,0.040060001373291,1.63,0,-5399.92822265625
100000000000000000000001,1,921625000,0,-45.5,0.306796157577129,0,0,0.040060001373291,1.63,0,-5399.92822265625
100000000000000000000003,1,921625000,0,-46.5,1.68124294352266,0,0,0.040060001373291,1.63,0,-5399.92822265625
100000000000000000000000,1,921625000,0,-44.5,5.70027260778304,0,0,0.040060001373291,1.63,0,-5399.92822265625
100000000000000000000002,1,921625000,0,-45.5,2.51572849213245,0,0,0.040060001373291,1.63,0,-5399.92822265625
100000000000000000000001,1,921625000,0,-45.5,0.300660234425585,0,0,0.040060001373291,1.63,0,-5399.92822265625
100000000000000000000003,1,921625000,0,-46.5,1.71192255928038,0,0,0.040060001373291,1.63,0,-5399.92822265625
100000000000000000000004,1,921625000,0,-51,2.22734010400995,0,0,0.040060001373291,1.63,0,-5399.92822265625
100000000000000000000000,1,921625000,0,-44.5,5.71254445408613,0,0,0.040060001373291,1.63,0,-5399.92822265625
100000000000000000000003,1,921625000,0,-46.5,1.71192255928038,0,0,0.040060001373291,1.63,0,-5399.92822265625
100000000000000000000001,1,921625000,0,-45.5,0.294524311274043,0,0,0.040060001373291,1.63,0,-5399.92822265625
100000000000000000000004,1,921625000,0,-51,2.20279641140378,0,0,0.040060001373291,1.63,0,-5399.92822265625
100000000000000000000002,1,921625000,0,-45,2.48504887637474,0,0,0.040060001373291,1.63,0,-5399.92822265625
100000000000000000000000,1,921625000,0,-44.5,5.71254445408613,0,0,0.040060001373291,1.63,0,-5399.92822265625
100000000000000000000002,1,921625000,0,-45.5,2.52800033843554,0,0,0.040060001373291,1.63,0,-5399.92822265625
100000000000000000000001,1,921625000,0,-45.5,0.325203927031755,0,0,0.040060001373291,1.63,0,-5399.92822265625
100000000000000000000000,1,921625000,0,-44.5,5.6941366846315,0,0,0.040060001373291,1.63,0,-5399.92822265625
100000000000000000000004,1,921625000,0,-51,2.20893233455532,0,0,0.040060001373291,1.63,0,-5399.92822265625
100000000000000000000003,1,921625000,0,-46.5,1.66283517406803,0,0,0.040060001373291,1.63,0,-5399.92822265625
100000000000000000000001,1,921625000,0,-45.5,0.306796157577129,0,0,0.040060001373291,1.63,0,-5399.92822265625
100000000000000000000004,1,921625000,0,-51,2.21506825770687,0,0,0.040060001373291,1.63,0,-5399.92822265625
100000000000000000000002,1,921625000,0,-45.5,2.50345664582937,0,0,0.040060001373291,1.63,0,-5399.92822265625
100000000000000000000003,1,921625000,0,-46.5,1.67510702037112,0,0,0.040060001373291,1.63,0,-5399.92822265625
100000000000000000000000,1,921625000,0,-44.5,5.71254445408613,0,0,0.040060001373291,1.63,0,-5399.92822265625
100000000000000000000002,1,921625000,0,-45.5,2.49118479952628,0,0,0.040060001373291,1.63,0,-5399.92822265625
100000000000000000000004,1,921625000,0,-51,2.20893233455532,0,0,0.040060001373291,1.63,0,-5399.92822265625
100000000000000000000003,1,921625000,0,-46.5,1.66897109721958,0,0,0.040060001373291,1.63,0,-5399.92822265625
100000000000000000000000,1,921625000,0,-44.5,5.70640853093458,0,0,0.040060001373291,1.63,0,-5399.92822265625
100000000000000000000001,1,921625000,0,-45.5,0.282252464970958,0,0,0.040060001373291,1.63,0,-5399.92822265625
100000000000000000000004,1,921625000,0,-51,2.22734010400995,0,0,0.040060001373291,1.63,0,-5399.92822265625
100000000000000000000003,1,921625000,0,-46.5,1.65669925091649,0,0,0.040060001373291,1.63,0,-5399.92822265625
100000000000000000000000,1,921625000,0,-44.5,5.70640853093458,0,0,0.040060001373291,1.63,0,-5399.92822265625
100000000000000000000001,1,921625000,0,-45.5,0.300660234425585,0,0,0.040060001373291,1.63,0,-5399.92822265625
100000000000000000000002,1,921625000,0,-45.5,2.52186441528399,0,0,0.040060001373291,1.63,0,-5399.92822265625
100000000000000000000004,1,921625000,0,-51,2.23347602716149,0,0,0.040060001373291,1.63,0,-5399.92822265625
100000000000000000000002,1,921625000,0,-45,2.50345664582937,0,0,0.040060001373291,1.63,0,-5399.92822265625
100000000000000000000001,1,921625000,0,-45.5,0.319068003880213,0,0,0.040060001373291,1.63,0,-5399.92822265625
100000000000000000000000,1,921625000,0,-44.5,5.71254445408613,0,0,0.040060001373291,1.63,0,-5399.92822265625
100000000000000000000003,1,921625000,0,-46.5,1.68737886667421,0,0,0.040060001373291,1.63,0,-5399.92822265625
100000000000000000000003,1,921625000,0,-46.5,1.67510702037112,0,0,0.040060001373291,1.63,0,-5399.92822265625
100000000000000000000001,1,921625000,0,-45.5,0.294524311274043,0,0,0.040060001373291,1.63,0,-5399.92822265625
100000000000000000000000,1,921625000,0,-44.5,5.6941366846315,0,0,0.040060001373291,1.63,0,-5399.92822265625
100000000000000000000004,1,921625000,0,-51,2.20893233455532,0,0,0.040060001373291,1.63,0,-5399.92822265625
100000000000000000000002,1,921625000,0,-45.5,2.52186441528399,0,0,0.040060001373291,1.63,0,-5399.92822265625
100000000000000000000003,1,921625000,0,-46.5,1.71192255928038,0,0,0.040060001373291,1.63,0,-5399.92822265625
100000000000000000000002,1,921625000,0,-45,2.52186441528399,0,0,0.040060001373291,1.63,0,-5399.92822265625
100000000000000000000001,1,921625000,0,-45.5,0.312932080728671,0,0,0.040060001373291,1.63,0,-5399.92822265625
100000000000000000000000,1,921625000,0,-44.5,5.70640853093458,0,0,0.040060001373291,1.63,0,-5399.92822265625
100000000000000000000004,1,921625000,0,-51,2.22120418085841,0,0,0.040060001373291,1.63,0,-5399.92822265625
100000000000000000000002,1,921625000,0,-45,2.49732072267782,0,0,0.040060001373291,1.63,0,-5399.92822265625
100000000000000000000004,1,921625000,0,-51,2.23347602716149,0,0,0.040060001373291,1.63,0,-5399.92822265625
100000000000000000000003,1,921625000,0,-46.5,1.69351478982575,0,0,0.040060001373291,1.63,0,-5399.92822265625
100000000000000000000000,1,921625000,0,-44.5,5.71868037723767,0,0,0.040060001373291,1.63,0,-5399.92822265625
100000000000000000000001,1,921625000,0,-45.5,0.300660234425585,0,0,0.040060001373291,1.63,0,-5399.92822265625
100000000000000000000003,1,921625000,0,-46.5,1.69965071297729,0,0,0.040060001373291,1.63,0,-5399.92822265625
100000000000000000000002,1,921625000,0,-45.5,2.51572849213245,0,0,0.040060001373291,1.63,0,-5399.92822265625
100000000000000000000001,1,921625000,0,-45.5,0.306796157577129,0,0,0.040060001373291,1.63,0,-5399.92822265625
100000000000000000000000,1,921625000,0,-44.5,5.70640853093458,0,0,0.040060001373291,1.63,0,-5399.92822265625
100000000000000000000004,1,921625000,0,-51,2.23961195031304,0,0,0.040060001373291,1.63,0,-5399.92822265625
100000000000000000000004,1,921625000,0,-51,2.23347602716149,0,0,0.040060001373291,1.63,0,-5399.92822265625
100000000000000000000001,1,921625000,0,-45.5,0.294524311274043,0,0,0.040060001373291,1.63,0,-5399.92822265625
100000000000000000000002,1,921625000,0,-45.5,2.50345664582937,0,0,0.040060001373291,1.63,0,-5399.92822265625
100000000000000000000003,1,921625000,0,-46.5,1.68124294352266,0,0,0.040060001373291,1.63,0,-5399.92822265625
100000000000000000000000,1,921625000,0,-44.5,5.71254445408613,0,0,0.040060001373291,1.63,0,-5399.92822265625
100000000000000000000004,1,921625000,0,-51,2.1905245651007,0,0,0.040060001373291,1.63,0,-5399.92822265625
100000000000000000000000,1,921625000,0,-44.5,5.71868037723767,0,0,0.040060001373291,1.63,0,-5399.92822265625
100000000000000000000002,1,921625000,0,-45.5,2.49732072267782,0,0,0.040060001373291,1.63,0,-5399.92822265625
100000000000000000000001,1,921625000,0,-45.5,0.312932080728671,0,0,0.040060001373291,1.63,0,-5399.92822265625
100000000000000000000003,1,921625000,0,-46.5,1.68124294352266,0,0,0.040060001373291,1.63,0,-5399.92822265625
100000000000000000000001,1,921625000,0,-45.5,0.276116541819415,0,0,0.040060001373291,1.63,0,-5399.92822265625
100000000000000000000002,1,921625000,0,-45,2.51572849213245,0,0,0.040060001373291,1.63,0,-5399.92822265625
100000000000000000000003,1,921625000,0,-46.5,1.70578663612883,0,0,0.040060001373291,1.63,0,-5399.92822265625
100000000000000000000004,1,921625000,0,-51,2.20279641140378,0,0,0.040060001373291,1.63,0,-5399.92822265625
100000000000000000000000,1,921625000,0,-44.5,5.70027260778304,0,0,0.040060001373291,1.63,0,-5399.92822265625
100000000000000000000003,1,921625000,0,-46.5,1.69351478982575,0,0,0.040060001373291,1.63,0,-5399.92822265625
100000000000000000000001,1,921625000,0,-45.5,0.300660234425585,0,0,0.040060001373291,1.63,0,-5399.92822265625
100000000000000000000000,1,921625000,0,-44.5,5.70027260778304,0,0,0.040060001373291,1.63,0,-5399.92822265625
100000000000000000000004,1,921625000,0,-51,2.19666048825224,0,0,0.040060001373291,1.63,0,-5399.92822265625
100000000000000000000002,1,921625000,0,-45.5,2.45436926061703,0,0,0.040060001373291,1.63,0,-5399.92822265625
100000000000000000000001,1,921625000,0,-45.5,0.282252464970958,0,0,0.040060001373291,1.63,0,-5399.92822265625
100000000000000000000000,1,921625000,0,-44.5,5.70640853093458,0,0,0.040060001373291,1.63,0,-5399.92822265625
100000000000000000000002,1,921625000,0,-45.5,2.53413626158708,0,0,0.040060001373291,1.63,0,-5399.92822265625
100000000000000000000004,1,921625000,0,-51,2.21506825770687,0,0,0.040060001373291,1.63,0,-5399.92822265625
100000000000000000000003,1,921625000,0,-46.5,1.69351478982575,0,0,0.040060001373291,1.63,0,-5399.92822265625
100000000000000000000004,1,921625000,0,-51,2.20279641140378,0,0,0.040060001373291,1.63,0,-5399.92822265625
100000000000000000000003,1,921625000,0,-46.5,1.69351478982575,0,0,0.040060001373291,1.63,0,-5399.92822265625
100000000000000000000002,1,921625000,0,-45.5,2.52186441528399,0,0,0.040060001373291,1.63,0,-5399.92822265625
100000000000000000000000,1,921625000,0,-44.5,5.6941366846315,0,0,0.040060001373291,1.63,0,-5399.92822265625
100000000000000000000001,1,921625000,0,-45.5,0.294524311274043,0,0,0.040060001373291,1.63,0,-5399.92822265625
100000000000000000000002,1,921625000,0,-45.5,2.50345664582937,0,0,0.040060001373291,1.63,0,-5399.92822265625
100000000000000000000001,1,921625000,0,-45.5,0.312932080728671,0,0,0.040060001373291,1.63,0,-5399.92822265625
100000000000000000000004,1,921625000,0,-51,2.19666048825224,0,0,0.040060001373291,1.63,0,-5399.92822265625
100000000000000000000003,1,921625000,0,-46.5,1.63829148146186,0,0,0.040060001373291,1.63,0,-5399.92822265625
100000000000000000000000,1,921625000,0,-44.5,5.70640853093458,0,0,0.040060001373291,1.63,0,-5399.92822265625
100000000000000000000002,1,921625000,0,-45,2.51572849213245,0,0,0.040060001373291,1.63,0,-5399.92822265625
100000000000000000000001,1,921625000,0,-45.5,0.319068003880213,0,0,0.040060001373291,1.63,0,-5399.92822265625
100000000000000000000003,1,921625000,0,-46.5,1.69965071297729,0,0,0.040060001373291,1.63,0,-5399.92822265625
100000000000000000000004,1,921625000,0,-51,2.21506825770687,0,0,0.040060001373291,1.63,0,-5399.92822265625
100000000000000000000000,1,921625000,0,-44.5,5.70640853093458,0,0,0.040060001373291,1.63,0,-5399.92822265625
100000000000000000000001,1,921625000,0,-45.5,0.294524311274043,0,0,0.040060001373291,1.63,0,-5399.92822265625
100000000000000000000003,1,921625000,0,-46.5,1.68737886667421,0,0,0.040060001373291,1.63,0,-5399.92822265625
100000000000000000000000,1,921625000,0,-44.5,5.70640853093458,0,0,0.040060001373291,1.63,0,-5399.92822265625
100000000000000000000002,1,921625000,0,-45.5,2.4789129532232,0,0,0.040060001373291,1.63,0,-5399.92822265625
100000000000000000000004,1,921625000,0,-51,2.19666048825224,0,0,0.040060001373291,1.63,0,-5399.92822265625
100000000000000000000000,1,921625000,0,-44.5,5.71254445408613,0,0,0.040060001373291,1.63,0,-5399.92822265625
100000000000000000000002,1,921625000,0,-45,2.51572849213245,0,0,0.040060001373291,1.63,0,-5399.92822265625
100000000000000000000003,1,921625000,0,-46.5,1.70578663612883,0,0,0.040060001373291,1.63,0,-5399.92822265625
100000000000000000000004,1,921625000,0,-51,2.20893233455532,0,0,0.040060001373291,1.63,0,-5399.92822265625
100000000000000000000001,1,921625000,0,-45.5,0.312932080728671,0,0,0.040060001373291,1.63,0,-5399.92822265625
100000000000000000000004,1,921625000,0,-51,2.22120418085841,0,0,0.040060001373291,1.63,0,-5399.92822265625
100000000000000000000000,1,921625000,0,-44.5,5.71254445408613,0,0,0.040060001373291,1.63,0,-5399.92822265625
100000000000000000000001,1,921625000,0,-45.5,0.325203927031755,0,0,0.040060001373291,1.63,0,-5399.92822265625
100000000000000000000002,1,921625000,0,-45.5,2.50345664582937,0,0,0.040060001373291,1.63,0,-5399.92822265625
100000000000000000000003,1,921625000,0,-46.5,1.67510702037112,0,0,0.040060001373291,1.63,0,-5399.92822265625
100000000000000000000001,1,921625000,0,-45.5,0.294524311274043,0,0,0.040060001373291,1.63,0,-5399.92822265625
100000000000000000000000,1,921625000,0,-44.5,5.71254445408613,0,0,0.040060001373291,1.63,0,-5399.92822265625
100000000000000000000002,1,921625000,0,-45,2.50959256898091,0,0,0.040060001373291,1.63,0,-5399.92822265625
100000000000000000000004,1,921625000,0,-51,2.22120418085841,0,0,0.040060001373291,1.63,0,-5399.92822265625
100000000000000000000003,1,921625000,0,-46.5,1.67510702037112,0,0,0.040060001373291,1.63,0,-5399.92822265625
100000000000000000000004,1,921625000,0,-51,2.23347602716149,0,0,0.040060001373291,1.63,0,-5399.92822265625
100000000000000000000000,1,921625000,0,-44.5,5.6941366846315,0,0,0.040060001373291,1.63,0,-5399.92822265625
100000000000000000000003,1,921625000,0,-46.5,1.68737886667421,0,0,0.040060001373291,1.63,0,-5399.92822265625
100000000000000000000001,1,921625000,0,-45.5,0.306796157577129,0,0,0.040060001373291,1.63,0,-5399.92822265625
100000000000000000000002,1,921625000,0,-45,2.52186441528399,0,0,0.040060001373291,1.63,0,-5399.92822265625
100000000000000000000001,1,921625000,0,-45.5,0.288388388122501,0,0,0.040060001373291,1.63,0,-5399.92822265625
100000000000000000000002,1,921625000,0,-45,2.51572849213245,0,0,0.040060001373291,1.63,0,-5399.92822265625
100000000000000000000000,1,921625000,0,-44.5,5.70640853093458,0,0,0.040060001373291,1.63,0,-5399.92822265625
100000000000000000000003,1,921625000,0,-46.5,1.71805848243192,0,0,0.040060001373291,1.63,0,-5399.92822265625
100000000000000000000004,1,921625000,0,-51,2.21506825770687,0,0,0.040060001373291,1.63,0,-5399.92822265625
100000000000000000000001,1,921625000,0,-45.5,0.306796157577129,0,0,0.040060001373291,1.63,0,-5399.92822265625
100000000000000000000000,1,921625000,0,-44.5,5.73095222354076,0,0,0.040060001373291,1.63,0,-5399.92822265625
100000000000000000000002,1,921625000,0,-45.5,2.51572849213245,0,0,0.040060001373291,1.63,0,-5399.92822265625
100000000000000000000004,1,921625000,0,-51.5,2.23961195031304,0,0,0.040060001373291,1.63,0,-5399.92822265625
100000000000000000000003,1,921625000,0,-46.5,1.68124294352266,0,0,0.040060001373291,1.63,0,-5399.92822265625
100000000000000000000002,1,921625000,0,-45,2.50345664582937,0,0,0.040060001373291,1.63,0,-5399.92822265625
100000000000000000000001,1,921625000,0,-45.5,0.288388388122501,0,0,0.040060001373291,1.63,0,-5399.92822265625
100000000000000000000003,1,921625000,0,-46.5,1.71192255928038,0,0,0.040060001373291,1.63,0,-5399.92822265625
100000000000000000000000,1,921625000,0,-44.5,5.70027260778304,0,0,0.040060001373291,1.63,0,-5399.92822265625
100000000000000000000004,1,921625000,0,-51,2.20893233455532,0,0,0.040060001373291,1.63,0,-5399.92822265625
100000000000000000000000,1,921625000,0,-44.5,5.70640853093458,0,0,0.040060001373291,1.63,0,-5399.92822265625
100000000000000000000002,1,921625000,0,-45.5,2.50959256898091,0,0,0.040060001373291,1.63,0,-5399.92822265625
100000000000000000000004,1,921625000,0,-51,2.1905245651007,0,0,0.040060001373291,1.63,0,-5399.92822265625
100000000000000000000001,1,921625000,0,-45.5,0.325203927031755,0,0,0.040060001373291,1.63,0,-5399.92822265625
100000000000000000000003,1,921625000,0,-46.5,1.69965071297729,0,0,0.040060001373291,1.63,0,-5399.92822265625
100000000000000000000003,1,921625000,0,-46.5,1.67510702037112,0,0,0.040060001373291,1.63,0,-5399.92822265625
100000000000000000000001,1,921625000,0,-45.5,0.300660234425585,0,0,0.040060001373291,1.63,0,-5399.92822265625
100000000000000000000002,1,921625000,0,-45.5,2.50345664582937,0,0,0.040060001373291,1.63,0,-5399.92822265625
100000000000000000000000,1,921625000,0,-44.5,5.71254445408613,0,0,0.040060001373291,1.63,0,-5399.92822265625
100000000000000000000004,1,921625000,0,-51,2.20893233455532,0,0,0.040060001373291,1.63,0,-5399.92822265625
100000000000000000000003,1,921625000,0,-46.5,1.69965071297729,0,0,0.040060001373291,1.63,0,-5399.92822265625
100000000000000000000004,1,921625000,0,-51,2.21506825770687,0,0,0.040060001373291,1.63,0,-5399.92822265625
100000000000000000000000,1,921625000,0,-44.5,5.71254445408613,0,0,0.040060001373291,1.63,0,-5399.92822265625
100000000000000000000001,1,921625000,0,-45.5,0.300660234425585,0,0,0.040060001373291,1.63,0,-5399.92822265625
100000000000000000000002,1,921625000,0,-45.5,2.51572849213245,0,0,0.040060001373291,1.63,0,-5399.92822265625
100000000000000000000002,1,921625000,0,-45,2.49118479952628,0,0,0.040060001373291,1.63,0,-5399.92822265625
100000000000000000000001,1,921625000,0,-45.5,0.300660234425585,0,0,0.040060001373291,1.63,0,-5399.92822265625
100000000000000000000000,1,921625000,0,-44.5,5.71254445408613,0,0,0.040060001373291,1.63,0,-5399.92822265625
100000000000000000000004,1,921625000,0,-51,2.20279641140378,0,0,0.040060001373291,1.63,0,-5399.92822265625
100000000000000000000003,1,921625000,0,-46.5,1.68737886667421,0,0,0.040060001373291,1.63,0,-5399.92822265625
100000000000000000000004,1,921625000,0,-51,2.19666048825224,0,0,0.040060001373291,1.63,0,-5399.92822265625
100000000000000000000002,1,921625000,0,-45.5,2.50959256898091,0,0,0.040060001373291,1.63,0,-5399.92822265625
100000000000000000000003,1,921625000,0,-46.5,1.67510702037112,0,0,0.040060001373291,1.63,0,-5399.92822265625
100000000000000000000000,1,921625000,0,-44.5,5.70027260778304,0,0,0.040060001373291,1.63,0,-5399.92822265625
100000000000000000000001,1,921625000,0,-45.5,0.306796157577129,0,0,0.040060001373291,1.63,0,-5399.92822265625
100000000000000000000003,1,921625000,0,-46.5,1.66897109721958,0,0,0.040060001373291,1.63,0,-5399.92822265625
100000000000000000000000,1,921625000,0,-44.5,5.71868037723767,0,0,0.040060001373291,1.63,0,-5399.92822265625
100000000000000000000002,1,921625000,0,-45,2.50345664582937,0,0,0.040060001373291,1.63,0,-5399.92822265625
100000000000000000000004,1,921625000,0,-51,2.16598087249453,0,0,0.040060001373291,1.63,0,-5399.92822265625
100000000000000000000001,1,921625000,0,-45.5,0.306796157577129,0,0,0.040060001373291,1.63,0,-5399.92822265625
100000000000000000000000,1,921625000,0,-44.5,5.70640853093458,0,0,0.040060001373291,1.63,0,-5399.92822265625
100000000000000000000002,1,921625000,0,-45,2.50959256898091,0,0,0.040060001373291,1.63,0,-5399.92822265625
100000000000000000000003,1,921625000,0,-46.5,1.69965071297729,0,0,0.040060001373291,1.63,0,-5399.92822265625
100000000000000000000004,1,921625000,0,-51,2.21506825770687,0,0,0.040060001373291,1.63,0,-5399.92822265625
100000000000000000000001,1,921625000,0,-45.5,0.294524311274043,0,0,0.040060001373291,1.63,0,-5399.92822265625
100000000000000000000002,1,921625000,0,-45,2.50345664582937,0,0,0.040060001373291,1.63,0,-5399.92822265625
100000000000000000000001,1,921625000,0,-45.5,0.306796157577129,0,0,0.040060001373291,1.63,0,-5399.92822265625
100000000000000000000003,1,921625000,0,-46.5,1.66897109721958,0,0,0.040060001373291,1.63,0,-5399.92822265625
100000000000000000000000,1,921625000,0,-44.5,5.71254445408613,0,0,0.040060001373291,1.63,0,-5399.92822265625
100000000000000000000004,1,921625000,0,-51,2.18438864194915,0,0,0.040060001373291,1.63,0,-5399.92822265625
100000000000000000000003,1,921625000,0,-46.5,1.69351478982575,0,0,0.040060001373291,1.63,0,-5399.92822265625
100000000000000000000004,1,921625000,0,-51,2.23347602716149,0,0,0.040060001373291,1.63,0,-5399.92822265625
100000000000000000000001,1,921625000,0,-45.5,0.294524311274043,0,0,0.040060001373291,1.63,0,-5399.92822265625
100000000000000000000002,1,921625000,0,-45.5,2.51572849213245,0,0,0.040060001373291,1.63,0,-5399.92822265625
100000000000000000000000,1,921625000,0,-44,5.70640853093458,0,0,0.040060001373291,1.63,0,-5399.92822265625
100000000000000000000004,1,921625000,0,-51,2.23347602716149,0,0,0.040060001373291,1.63,0,-5399.92822265625
100000000000000000000000,1,921625000,0,-44.5,5.70640853093458,0,0,0.040060001373291,1.63,0,-5399.92822265625
100000000000000000000002,1,921625000,0,-45.5,2.4789129532232,0,0,0.040060001373291,1.63,0,-5399.92822265625
100000000000000000000003,1,921625000,0,-46.5,1.68737886667421,0,0,0.040060001373291,1.63,0,-5399.92822265625
100000000000000000000001,1,921625000,0,-45.5,0.312932080728671,0,0,0.040060001373291,1.63,0,-5399.92822265625
100000000000000000000001,1,921625000,0,-45.5,0.312932080728671,0,0,0.040060001373291,1.63,0,-5399.92822265625
100000000000000000000002,1,921625000,0,-45,2.50345664582937,0,0,0.040060001373291,1.63,0,-5399.92822265625
100000000000000000000000,1,921625000,0,-44.5,5.70640853093458,0,0,0.040060001373291,1.63,0,-5399.92822265625
100000000000000000000004,1,921625000,0,-51,2.20893233455532,0,0,0.040060001373291,1.63,0,-5399.92822265625
100000000000000000000003,1,921625000,0,-46.5,1.69351478982575,0,0,0.040060001373291,1.63,0,-5399.92822265625
100000000000000000000002,1,921625000,0,-45,2.52186441528399,0,0,0.040060001373291,1.63,0,-5399.92822265625
100000000000000000000001,1,921625000,0,-45.5,0.312932080728671,0,0,0.040060001373291,1.63,0,-5399.92822265625
100000000000000000000003,1,921625000,0,-46.5,1.67510702037112,0,0,0.040060001373291,1.63,0,-5399.92822265625
100000000000000000000000,1,921625000,0,-44.5,5.71868037723767,0,0,0.040060001373291,1.63,0,-5399.92822265625
100000000000000000000004,1,921625000,0,-51,2.22120418085841,0,0,0.040060001373291,1.63,0,-5399.92822265625
100000000000000000000001,1,921625000,0,-45.5,0.294524311274043,0,0,0.040060001373291,1.63,0,-5399.92822265625
100000000000000000000000,1,921625000,0,-44.5,5.70027260778304,0,0,0.040060001373291,1.63,0,-5399.92822265625
100000000000000000000003,1,921625000,0,-46.5,1.68737886667421,0,0,0.040060001373291,1.63,0,-5399.92822265625
100000000000000000000004,1,921625000,0,-51,2.20279641140378,0,0,0.040060001373291,1.63,0,-5399.92822265625
100000000000000000000002,1,921625000,0,-45,2.51572849213245,0,0,0.040060001373291,1.63,0,-5399.92822265625
100000000000000000000000,1,921625000,0,-44.5,5.70640853093458,0,0,0.040060001373291,1.63,0,-5399.92822265625
100000000000000000000001,1,921625000,0,-45.5,0.312932080728671,0,0,0.040060001373291,1.63,0,-5399.92822265625
100000000000000000000002,1,921625000,0,-45,2.47277703007165,0,0,0.040060001373291,1.63,0,-5399.92822265625
100000000000000000000003,1,921625000,0,-46.5,1.68737886667421,0,0,0.040060001373291,1.63,0,-5399.92822265625
100000000000000000000004,1,921625000,0,-51,2.22120418085841,0,0,0.040060001373291,1.63,0,-5399.92822265625
100000000000000000000001,1,921625000,0,-45.5,0.312932080728671,0,0,0.040060001373291,1.63,0,-5399.92822265625
100000000000000000000003,1,921625000,0,-46.5,1.70578663612883,0,0,0.040060001373291,1.63,0,-5399.92822265625
100000000000000000000000,1,921625000,0,-44.5,5.71868037723767,0,0,0.040060001373291,1.63,0,-5399.92822265625
100000000000000000000002,1,921625000,0,-45.5,2.51572849213245,0,0,0.040060001373291,1.63,0,-5399.92822265625
100000000000000000000004,1,921625000,0,-51,2.22734010400995,0,0,0.040060001373291,1.63,0,-5399.92822265625
100000000000000000000000,1,921625000,0,-44.5,5.71254445408613,0,0,0.040060001373291,1.63,0,-5399.92822265625
100000000000000000000004,1,921625000,0,-51,2.22734010400995,0,0,0.040060001373291,1.63,0,-5399.92822265625
100000000000000000000002,1,921625000,0,-45,2.49118479952628,0,0,0.040060001373291,1.63,0,-5399.92822265625
100000000000000000000003,1,921625000,0,-46.5,1.67510702037112,0,0,0.040060001373291,1.63,0,-5399.92822265625
100000000000000000000001,1,921625000,0,-45.5,0.306796157577129,0,0,0.040060001373291,1.63,0,-5399.92822265625
100000000000000000000002,1,921625000,0,-45.5,2.50959256898091,0,0,0.040060001373291,1.63,0,-5399.92822265625
100000000000000000000003,1,921625000,0,-46.5,1.69965071297729,0,0,0.040060001373291,1.63,0,-5399.92822265625
100000000000000000000001,1,921625000,0,-45.5,0.312932080728671,0,0,0.040060001373291,1.63,0,-5399.92822265625
100000000000000000000000,1,921625000,0,-44.5,5.70640853093458,0,0,0.040060001373291,1.63,0,-5399.92822265625
100000000000000000000004,1,921625000,0,-51,2.22734010400995,0,0,0.040060001373291,1.63,0,-5399.92822265625
100000000000000000000003,1,921625000,0,-46.5,1.67510702037112,0,0,0.040060001373291,1.63,0,-5399.92822265625
100000000000000000000001,1,921625000,0,-45.5,0.263844695516331,0,0,0.040060001373291,1.63,0,-5399.92822265625
100000000000000000000004,1,921625000,0,-51,2.19666048825224,0,0,0.040060001373291,1.63,0,-5399.92822265625
100000000000000000000000,1,921625000,0,-44.5,5.71868037723767,0,0,0.040060001373291,1.63,0,-5399.92822265625
100000000000000000000002,1,921625000,0,-45.5,2.50959256898091,0,0,0.040060001373291,1.63,0,-5399.92822265625
100000000000000000000001,1,921625000,0,-45.5,0.312932080728671,0,0,0.040060001373291,1.63,0,-5399.92822265625
100000000000000000000002,1,921625000,0,-45.5,2.50345664582937,0,0,0.040060001373291,1.63,0,-5399.92822265625
100000000000000000000004,1,921625000,0,-51,2.21506825770687,0,0,0.040060001373291,1.63,0,-5399.92822265625
100000000000000000000003,1,921625000,0,-46.5,1.66897109721958,0,0,0.040060001373291,1.63,0,-5399.92822265625
100000000000000000000000,1,921625000,0,-44.5,5.72481630038921,0,0,0.040060001373291,1.63,0,-5399.92822265625
100000000000000000000003,1,921625000,0,-46.5,1.69351478982575,0,0,0.040060001373291,1.63,0,-5399.92822265625
100000000000000000000004,1,921625000,0,-51,2.19666048825224,0,0,0.040060001373291,1.63,0,-5399.92822265625
100000000000000000000002,1,922125000,0,-45,2.76116541819415,0,0,0.040060001373291,1.63,0,-5399.92822265625
100000000000000000000001,1,922125000,0,-45.5,0.533825314184203,0,0,0.040060001373291,1.63,0,-5399.92822265625
100000000000000000000000,1,922125000,0,-44,5.92116584123858,0,0,0.040060001373291,1.63,0,-5399.92822265625
100000000000000000000000,1,922125000,0,-44,5.92116584123858,0,0,0.040060001373291,1.63,0,-5399.92822265625
100000000000000000000002,1,922125000,0,-45,2.77343726449724,0,0,0.040060001373291,1.63,0,-5399.92822265625
100000000000000000000003,1,922125000,0,-46,1.97576725479671,0,0,0.040060001373291,1.63,0,-5399.92822265625
100000000000000000000001,1,922125000,0,-45.5,0.546097160487288,0,0,0.040060001373291,1.63,0,-5399.92822265625
100000000000000000000004,1,922125000,0,-51,2.41141779855623,0,0,0.040060001373291,1.63,0,-5399.92822265625
100000000000000000000001,1,922125000,0,-45,0.546097160487288,0,0,0.040060001373291,1.63,0,-5399.92822265625
100000000000000000000002,1,922125000,0,-45,2.76116541819415,0,0,0.040060001373291,1.63,0,-5399.92822265625
100000000000000000000000,1,922125000,0,-44,5.90889399493549,0,0,0.040060001373291,1.63,0,-5399.92822265625
100000000000000000000004,1,922125000,0,-51,2.42368964485931,0,0,0.040060001373291,1.63,0,-5399.92822265625
100000000000000000000003,1,922125000,0,-46,1.95122356219054,0,0,0.040060001373291,1.63,0,-5399.92822265625
100000000000000000000000,1,922125000,0,-44,5.9395736106932,0,0,0.040060001373291,1.63,0,-5399.92822265625
100000000000000000000004,1,922125000,0,-51,2.50959256898091,0,0,0.040060001373291,1.63,0,-5399.92822265625
100000000000000000000001,1,922125000,0,-45.5,0.546097160487288,0,0,0.040060001373291,1.63,0,-5399.92822265625
100000000000000000000002,1,922125000,0,-45,2.78570911080032,0,0,0.040060001373291,1.63,0,-5399.92822265625
100000000000000000000003,1,922125000,0,-46,1.95735948534208,0,0,0.040060001373291,1.63,0,-5399.92822265625
100000000000000000000004,1,922125000,0,-51,2.46664110692011,0,0,0.040060001373291,1.63,0,-5399.92822265625
100000000000000000000002,1,922125000,0,-45,2.78570911080032,0,0,0.040060001373291,1.63,0,-5399.92822265625
100000000000000000000003,1,922125000,0,-46,1.96963133164516,0,0,0.040060001373291,1.63,0,-5399.92822265625
100000000000000000000000,1,922125000,0,-44,5.92730176439012,0,0,0.040060001373291,1.63,0,-5399.92822265625
100000000000000000000001,1,922125000,0,-45.5,0.552233083638831,0,0,0.040060001373291,1.63,0,-5399.92822265625
100000000000000000000000,1,922125000,0,-44,5.92116584123858,0,0,0.040060001373291,1.63,0,-5399.92822265625
100000000000000000000002,1,922125000,0,-45,2.76116541819415,0,0,0.040060001373291,1.63,0,-5399.92822265625
100000000000000000000004,1,922125000,0,-51,2.46050518376857,0,0,0.040060001373291,1.63,0,-5399.92822265625
100000000000000000000003,1,922125000,0,-46,1.95735948534208,0,0,0.040060001373291,1.63,0,-5399.92822265625
100000000000000000000001,1,922125000,0,-45.5,0.539961237335746,0,0,0.040060001373291,1.63,0,-5399.92822265625
100000000000000000000004,1,922125000,0,-51,2.44209741431394,0,0,0.040060001373291,1.63,0,-5399.92822265625
100000000000000000000001,1,922125000,0,-45,0.546097160487288,0,0,0.040060001373291,1.63,0,-5399.92822265625
100000000000000000000003,1,922125000,0,-46,1.96963133164516,0,0,0.040060001373291,1.63,0,-5399.92822265625
100000000000000000000000,1,922125000,0,-44,5.93343768754166,0,0,0.040060001373291,1.63,0,-5399.92822265625
100000000000000000000002,1,922125000,0,-45,2.73048580243644,0,0,0.040060001373291,1.63,0,-5399.92822265625
100000000000000000000004,1,922125000,0,-51,2.4789129532232,0,0,0.040060001373291,1.63,0,-5399.92822265625
100000000000000000000003,1,922125000,0,-46,1.96349540849362,0,0,0.040060001373291,1.63,0,-5399.92822265625
100000000000000000000002,1,922125000,0,-45,2.78570911080032,0,0,0.040060001373291,1.63,0,-5399.92822265625
100000000000000000000000,1,922125000,0,-44,5.93343768754166,0,0,0.040060001373291,1.63,0,-5399.92822265625
100000000000000000000001,1,922125000,0,-45.5,0.539961237335746,0,0,0.040060001373291,1.63,0,-5399.92822265625
100000000000000000000004,1,922125000,0,-51,2.42982556801086,0,0,0.040060001373291,1.63,0,-5399.92822265625
100000000000000000000000,1,922125000,0,-44,5.9395736106932,0,0,0.040060001373291,1.63,0,-5399.92822265625
100000000000000000000001,1,922125000,0,-45.5,0.552233083638831,0,0,0.040060001373291,1.63,0,-5399.92822265625
100000000000000000000002,1,922125000,0,-45,2.76116541819415,0,0,0.040060001373291,1.63,0,-5399.92822265625
100000000000000000000003,1,922125000,0,-46,1.95122356219054,0,0,0.040060001373291,1.63,0,-5399.92822265625
100000000000000000000002,1,922125000,0,-45,2.73662172558798,0,0,0.040060001373291,1.63,0,-5399.92822265625
100000000000000000000004,1,922125000,0,-51,2.4359614911624,0,0,0.040060001373291,1.63,0,-5399.92822265625
100000000000000000000001,1,922125000,0,-45.5,0.539961237335746,0,0,0.040060001373291,1.63,0,-5399.92822265625
100000000000000000000003,1,922125000,0,-46,1.96349540849362,0,0,0.040060001373291,1.63,0,-5399.92822265625
100000000000000000000000,1,922125000,0,-44,5.92730176439012,0,0,0.040060001373291,1.63,0,-5399.92822265625
100000000000000000000000,1,922125000,0,-44,5.93343768754166,0,0,0.040060001373291,1.63,0,-5399.92822265625
100000000000000000000003,1,922125000,0,-46,1.98190317794825,0,0,0.040060001373291,1.63,0,-5399.92822265625
100000000000000000000001,1,922125000,0,-45.5,0.546097160487288,0,0,0.040060001373291,1.63,0,-5399.92822265625
100000000000000000000002,1,922125000,0,-45,2.77957318764878,0,0,0.040060001373291,1.63,0,-5399.92822265625
100000000000000000000004,1,922125000,0,-51,2.44209741431394,0,0,0.040060001373291,1.63,0,-5399.92822265625
100000000000000000000001,1,922125000,0,-45.5,0.552233083638831,0,0,0.040060001373291,1.63,0,-5399.92822265625
100000000000000000000003,1,922125000,0,-46,1.95735948534208,0,0,0.040060001373291,1.63,0,-5399.92822265625
100000000000000000000004,1,922125000,0,-51,2.40528187540469,0,0,0.040060001373291,1.63,0,-5399.92822265625
100000000000000000000000,1,922125000,0,-44,5.93343768754166,0,0,0.040060001373291,1.63,0,-5399.92822265625
100000000000000000000002,1,922125000,0,-45,2.75502949504261,0,0,0.040060001373291,1.63,0,-5399.92822265625
100000000000000000000003,1,922125000,0,-46,1.98190317794825,0,0,0.040060001373291,1.63,0,-5399.92822265625
100000000000000000000002,1,922125000,0,-45,2.75502949504261,0,0,0.040060001373291,1.63,0,-5399.92822265625
100000000000000000000001,1,922125000,0,-45.5,0.558369006790373,0,0,0.040060001373291,1.63,0,-5399.92822265625
100000000000000000000000,1,922125000,0,-44,5.92730176439012,0,0,0.040060001373291,1.63,0,-5399.92822265625
100000000000000000000004,1,922125000,0,-51,2.47277703007165,0,0,0.040060001373291,1.63,0,-5399.92822265625
100000000000000000000004,1,922125000,0,-51,2.4359614911624,0,0,0.040060001373291,1.63,0,-5399.92822265625
100000000000000000000001,1,922125000,0,-45.5,0.539961237335746,0,0,0.040060001373291,1.63,0,-5399.92822265625
100000000000000000000000,1,922125000,0,-44,5.92730176439012,0,0,0.040060001373291,1.63,0,-5399.92822265625
100000000000000000000002,1,922125000,0,-45,2.76116541819415,0,0,0.040060001373291,1.63,0,-5399.92822265625
100000000000000000000003,1,922125000,0,-46,1.94508763903899,0,0,0.040060001373291,1.63,0,-5399.92822265625
100000000000000000000003,1,922125000,0,-46,1.95735948534208,0,0,0.040060001373291,1.63,0,-5399.92822265625
100000000000000000000002,1,922125000,0,-45,2.77957318764878,0,0,0.040060001373291,1.63,0,-5399.92822265625
100000000000000000000004,1,922125000,0,-51,2.45436926061703,0,0,0.040060001373291,1.63,0,-5399.92822265625
100000000000000000000000,1,922125000,0,-44,5.92116584123858,0,0,0.040060001373291,1.63,0,-5399.92822265625
100000000000000000000001,1,922125000,0,-45.5,0.527689391032661,0,0,0.040060001373291,1.63,0,-5399.92822265625
100000000000000000000002,1,922125000,0,-45,2.77343726449724,0,0,0.040060001373291,1.63,0,-5399.92822265625
100000000000000000000001,1,922125000,0,-45.5,0.546097160487288,0,0,0.040060001373291,1.63,0,-5399.92822265625
100000000000000000000004,1,922125000,0,-51,2.44209741431394,0,0,0.040060001373291,1.63,0,-5399.92822265625
100000000000000000000000,1,922125000,0,-44,5.93343768754166,0,0,0.040060001373291,1.63,0,-5399.92822265625
100000000000000000000003,1,922125000,0,-46.5,1.93895171588745,0,0,0.040060001373291,1.63,0,-5399.92822265625
100000000000000000000003,1,922125000,0,-46,1.96349540849362,0,0,0.040060001373291,1.63,0,-5399.92822265625
100000000000000000000004,1,922125000,0,-51,2.42982556801086,0,0,0.040060001373291,1.63,0,-5399.92822265625
100000000000000000000001,1,922125000,0,-45.5,0.546097160487288,0,0,0.040060001373291,1.63,0,-5399.92822265625
100000000000000000000002,1,922125000,0,-45,2.78570911080032,0,0,0.040060001373291,1.63,0,-5399.92822265625
100000000000000000000000,1,922125000,0,-44,5.93343768754166,0,0,0.040060001373291,1.63,0,-5399.92822265625
100000000000000000000000,1,922125000,0,-44,5.93343768754166,0,0,0.040060001373291,1.63,0,-5399.92822265625
100000000000000000000004,1,922125000,0,-51,2.41755372170777,0,0,0.040060001373291,1.63,0,-5399.92822265625
100000000000000000000002,1,922125000,0,-45,2.75502949504261,0,0,0.040060001373291,1.63,0,-5399.92822265625
100000000000000000000001,1,922125000,0,-45,0.539961237335746,0,0,0.040060001373291,1.63,0,-5399.92822265625
100000000000000000000003,1,922125000,0,-46,1.98190317794825,0,0,0.040060001373291,1.63,0,-5399.92822265625
100000000000000000000001,1,922125000,0,-45.5,0.533825314184203,0,0,0.040060001373291,1.63,0,-5399.92822265625
100000000000000000000003,1,922125000,0,-46,1.95122356219054,0,0,0.040060001373291,1.63,0,-5399.92822265625
100000000000000000000004,1,922125000,0,-51,2.46050518376857,0,0,0.040060001373291,1.63,0,-5399.92822265625
100000000000000000000002,1,922125000,0,-45,2.7673013413457,0,0,0.040060001373291,1.63,0,-5399.92822265625
100000000000000000000000,1,922125000,0,-44,5.94570953384475,0,0,0.040060001373291,1.63,0,-5399.92822265625
100000000000000000000001,1,922125000,0,-45.5,0.552233083638831,0,0,0.040060001373291,1.63,0,-5399.92822265625
100000000000000000000002,1,922125000,0,-45,2.78570911080032,0,0,0.040060001373291,1.63,0,-5399.92822265625
100000000000000000000000,1,922125000,0,-44,5.90889399493549,0,0,0.040060001373291,1.63,0,-5399.92822265625
100000000000000000000003,1,922125000,0,-46,1.96349540849362,0,0,0.040060001373291,1.63,0,-5399.92822265625
100000000000000000000004,1,922125000,0,-51,2.4789129532232,0,0,0.040060001373291,1.63,0,-5399.92822265625
100000000000000000000004,1,922125000,0,-51,2.47277703007165,0,0,0.040060001373291,1.63,0,-5399.92822265625
100000000000000000000001,1,922125000,0,-45.5,0.546097160487288,0,0,0.040060001373291,1.63,0,-5399.92822265625
100000000000000000000003,1,922125000,0,-46,1.96963133164516,0,0,0.040060001373291,1.63,0,-5399.92822265625
100000000000000000000002,1,922125000,0,-45,2.77343726449724,0,0,0.040060001373291,1.63,0,-5399.92822265625
100000000000000000000000,1,922125000,0,-44,5.93343768754166,0,0,0.040060001373291,1.63,0,-5399.92822265625
100000000000000000000002,1,922125000,0,-45,2.77343726449724,0,0,0.040060001373291,1.63,0,-5399.92822265625
100000000000000000000000,1,922125000,0,-44,5.92730176439012,0,0,0.040060001373291,1.63,0,-5399.92822265625
100000000000000000000001,1,922125000,0,-45,0.552233083638831,0,0,0.040060001373291,1.63,0,-5399.92822265625
100000000000000000000004,1,922125000,0,-51,2.4359614911624,0,0,0.040060001373291,1.63,0,-5399.92822265625
100000000000000000000003,1,922125000,0,-46,1.96349540849362,0,0,0.040060001373291,1.63,0,-5399.92822265625
100000000000000000000003,1,922125000,0,-46,1.94508763903899,0,0,0.040060001373291,1.63,0,-5399.92822265625
100000000000000000000002,1,922125000,0,-45,2.77957318764878,0,0,0.040060001373291,1.63,0,-5399.92822265625
100000000000000000000000,1,922125000,0,-44,5.9395736106932,0,0,0.040060001373291,1.63,0,-5399.92822265625
100000000000000000000001,1,922125000,0,-45,0.564504929941916,0,0,0.040060001373291,1.63,0,-5399.92822265625
100000000000000000000004,1,922125000,0,-51,2.44823333746548,0,0,0.040060001373291,1.63,0,-5399.92822265625
100000000000000000000004,1,922125000,0,-51,2.42982556801086,0,0,0.040060001373291,1.63,0,-5399.92822265625
100000000000000000000002,1,922125000,0,-45,2.77957318764878,0,0,0.040060001373291,1.63,0,-5399.92822265625
100000000000000000000000,1,922125000,0,-44,5.91502991808703,0,0,0.040060001373291,1.63,0,-5399.92822265625
100000000000000000000001,1,922125000,0,-45,0.552233083638831,0,0,0.040060001373291,1.63,0,-5399.92822265625
100000000000000000000003,1,922125000,0,-46,1.97576725479671,0,0,0.040060001373291,1.63,0,-5399.92822265625
100000000000000000000001,1,922125000,0,-45.5,0.558369006790373,0,0,0.040060001373291,1.63,0,-5399.92822265625
100000000000000000000002,1,922125000,0,-45,2.78570911080032,0,0,0.040060001373291,1.63,0,-5399.92822265625
100000000000000000000004,1,922125000,0,-51,2.44209741431394,0,0,0.040060001373291,1.63,0,-5399.92822265625
100000000000000000000000,1,922125000,0,-44,5.92730176439012,0,0,0.040060001373291,1.63,0,-5399.92822265625
100000000000000000000003,1,922125000,0,-46,1.97576725479671,0,0,0.040060001373291,1.63,0,-5399.92822265625
100000000000000000000000,1,922125000,0,-44,5.95184545699629,0,0,0.040060001373291,1.63,0,-5399.92822265625
100000000000000000000004,1,922125000,0,-51,2.44209741431394,0,0,0.040060001373291,1.63,0,-5399.92822265625
100000000000000000000002,1,922125000,0,-45,2.74275764873953,0,0,0.040060001373291,1.63,0,-5399.92822265625
100000000000000000000001,1,922125000,0,-45.5,0.570640853093458,0,0,0.040060001373291,1.63,0,-5399.92822265625
100000000000000000000003,1,922125000,0,-46.5,1.96349540849362,0,0,0.040060001373291,1.63,0,-5399.92822265625
100000000000000000000002,1,922125000,0,-45,2.7673013413457,0,0,0.040060001373291,1.63,0,-5399.92822265625
100000000000000000000003,1,922125000,0,-46,1.96349540849362,0,0,0.040060001373291,1.63,0,-5399.92822265625
100000000000000000000000,1,922125000,0,-44,5.93343768754166,0,0,0.040060001373291,1.63,0,-5399.92822265625
100000000000000000000001,1,922125000,0,-45.5,0.570640853093458,0,0,0.040060001373291,1.63,0,-5399.92822265625
100000000000000000000004,1,922125000,0,-51,2.44209741431394,0,0,0.040060001373291,1.63,0,-5399.92822265625
100000000000000000000003,1,922125000,0,-46,1.94508763903899,0,0,0.040060001373291,1.63,0,-5399.92822265625
100000000000000000000004,1,922125000,0,-51,2.45436926061703,0,0,0.040060001373291,1.63,0,-5399.92822265625
100000000000000000000001,1,922125000,0,-45.5,0.558369006790373,0,0,0.040060001373291,1.63,0,-5399.92822265625
100000000000000000000002,1,922125000,0,-45,2.7673013413457,0,0,0.040060001373291,1.63,0,-5399.92822265625
100000000000000000000000,1,922125000,0,-44,5.9395736106932,0,0,0.040060001373291,1.63,0,-5399.92822265625
100000000000000000000002,1,922125000,0,-45,2.78570911080032,0,0,0.040060001373291,1.63,0,-5399.92822265625
100000000000000000000001,1,922125000,0,-45.5,0.539961237335746,0,0,0.040060001373291,1.63,0,-5399.92822265625
100000000000000000000004,1,922125000,0,-50.5,2.44209741431394,0,0,0.040060001373291,1.63,0,-5399.92822265625
100000000000000000000000,1,922125000,0,-44,5.91502991808703,0,0,0.040060001373291,1.63,0,-5399.92822265625
100000000000000000000003,1,922125000,0,-46,1.95735948534208,0,0,0.040060001373291,1.63,0,-5399.92822265625
100000000000000000000000,1,922125000,0,-44,5.92116584123858,0,0,0.040060001373291,1.63,0,-5399.92822265625
100000000000000000000001,1,922125000,0,-45.5,0.546097160487288,0,0,0.040060001373291,1.63,0,-5399.92822265625
100000000000000000000003,1,922125000,0,-46,1.96349540849362,0,0,0.040060001373291,1.63,0,-5399.92822265625
100000000000000000000002,1,922125000,0,-45,2.75502949504261,0,0,0.040060001373291,1.63,0,-5399.92822265625
100000000000000000000004,1,922125000,0,-51,2.41755372170777,0,0,0.040060001373291,1.63,0,-5399.92822265625
100000000000000000000001,1,922125000,0,-45.5,0.552233083638831,0,0,0.040060001373291,1.63,0,-5399.92822265625
100000000000000000000003,1,922125000,0,-46,1.96349540849362,0,0,0.040060001373291,1.63,0,-5399.92822265625
100000000000000000000004,1,922125000,0,-51,2.49732072267782,0,0,0.040060001373291,1.63,0,-5399.92822265625
100000000000000000000000,1,922125000,0,-44,5.92116584123858,0,0,0.040060001373291,1.63,0,-5399.92822265625
100000000000000000000002,1,922125000,0,-45,2.77343726449724,0,0,0.040060001373291,1.63,0,-5399.92822265625
100000000000000000000002,1,922125000,0,-45,2.77957318764878,0,0,0.040060001373291,1.63,0,-5399.92822265625
100000000000000000000001,1,922125000,0,-45.5,0.552233083638831,0,0,0.040060001373291,1.63,0,-5399.92822265625
100000000000000000000004,1,922125000,0,-51,2.44209741431394,0,0,0.040060001373291,1.63,0,-5399.92822265625
100000000000000000000003,1,922125000,0,-46,1.97576725479671,0,0,0.040060001373291,1.63,0,-5399.92822265625
100000000000000000000000,1,922125000,0,-44,5.92730176439012,0,0,0.040060001373291,1.63,0,-5399.92822265625
100000000000000000000004,1,922125000,0,-51,2.44209741431394,0,0,0.040060001373291,1.63,0,-5399.92822265625
100000000000000000000003,1,922125000,0,-46,1.96349540849362,0,0,0.040060001373291,1.63,0,-5399.92822265625
100000000000000000000001,1,922125000,0,-45.5,0.552233083638831,0,0,0.040060001373291,1.63,0,-5399.92822265625
100000000000000000000000,1,922125000,0,-44,5.9395736106932,0,0,0.040060001373291,1.63,0,-5399.92822265625
100000000000000000000002,1,922125000,0,-45,2.76116541819415,0,0,0.040060001373291,1.63,0,-5399.92822265625
100000000000000000000000,1,922125000,0,-44,5.9395736106932,0,0,0.040060001373291,1.63,0,-5399.92822265625
100000000000000000000002,1,922125000,0,-45,2.7673013413457,0,0,0.040060001373291,1.63,0,-5399.92822265625
100000000000000000000001,1,922125000,0,-45.5,0.533825314184203,0,0,0.040060001373291,1.63,0,-5399.92822265625
100000000000000000000003,1,922125000,0,-46,1.96963133164516,0,0,0.040060001373291,1.63,0,-5399.92822265625
100000000000000000000004,1,922125000,0,-51,2.44823333746548,0,0,0.040060001373291,1.63,0,-5399.92822265625
100000000000000000000001,1,922125000,0,-45.5,0.558369006790373,0,0,0.040060001373291,1.63,0,-5399.92822265625
100000000000000000000003,1,922125000,0,-46.5,1.95122356219054,0,0,0.040060001373291,1.63,0,-5399.92822265625
100000000000000000000004,1,922125000,0,-51,2.4359614911624,0,0,0.040060001373291,1.63,0,-5399.92822265625
100000000000000000000002,1,922125000,0,-45,2.76116541819415,0,0,0.040060001373291,1.63,0,-5399.92822265625
100000000000000000000000,1,922125000,0,-44,5.92730176439012,0,0,0.040060001373291,1.63,0,-5399.92822265625
100000000000000000000000,1,922125000,0,-44,5.93343768754166,0,0,0.040060001373291,1.63,0,-5399.92822265625
100000000000000000000004,1,922125000,0,-50.5,2.45436926061703,0,0,0.040060001373291,1.63,0,-5399.92822265625
100000000000000000000002,1,922125000,0,-45,2.76116541819415,0,0,0.040060001373291,1.63,0,-5399.92822265625
100000000000000000000001,1,922125000,0,-45.5,0.546097160487288,0,0,0.040060001373291,1.63,0,-5399.92822265625
100000000000000000000003,1,922125000,0,-46,1.95735948534208,0,0,0.040060001373291,1.63,0,-5399.92822265625
100000000000000000000003,1,922125000,0,-46,1.95735948534208,0,0,0.040060001373291,1.63,0,-5399.92822265625
100000000000000000000001,1,922125000,0,-45.5,0.546097160487288,0,0,0.040060001373291,1.63,0,-5399.92822265625
100000000000000000000002,1,922125000,0,-45,2.7673013413457,0,0,0.040060001373291,1.63,0,-5399.92822265625
100000000000000000000000,1,922125000,0,-44,5.92730176439012,0,0,0.040060001373291,1.63,0,-5399.92822265625
100000000000000000000004,1,922125000,0,-51,2.44209741431394,0,0,0.040060001373291,1.63,0,-5399.92822265625
100000000000000000000001,1,922125000,0,-45.5,0.539961237335746,0,0,0.040060001373291,1.63,0,-5399.92822265625
100000000000000000000004,1,922125000,0,-51,2.42982556801086,0,0,0.040060001373291,1.63,0,-5399.92822265625
100000000000000000000000,1,922125000,0,-44,5.94570953384475,0,0,0.040060001373291,1.63,0,-5399.92822265625
100000000000000000000002,1,922125000,0,-45,2.78570911080032,0,0,0.040060001373291,1.63,0,-5399.92822265625
100000000000000000000003,1,922125000,0,-46,1.93895171588745,0,0,0.040060001373291,1.63,0,-5399.92822265625
100000000000000000000001,1,922125000,0,-45.5,0.558369006790373,0,0,0.040060001373291,1.63,0,-5399.92822265625
100000000000000000000004,1,922125000,0,-51,2.44209741431394,0,0,0.040060001373291,1.63,0,-5399.92822265625
100000000000000000000003,1,922125000,0,-46,1.95735948534208,0,0,0.040060001373291,1.63,0,-5399.92822265625
100000000000000000000000,1,922125000,0,-44,5.93343768754166,0,0,0.040060001373291,1.63,0,-5399.92822265625
100000000000000000000002,1,922125000,0,-45,2.75502949504261,0,0,0.040060001373291,1.63,0,-5399.92822265625
100000000000000000000004,1,922125000,0,-51,2.45436926061703,0,0,0.040060001373291,1.63,0,-5399.92822265625
100000000000000000000002,1,922125000,0,-45,2.77957318764878,0,0,0.040060001373291,1.63,0,-5399.92822265625
100000000000000000000000,1,922125000,0,-44,5.92730176439012,0,0,0.040060001373291,1.63,0,-5399.92822265625
100000000000000000000003,1,922125000,0,-46.5,1.96963133164516,0,0,0.040060001373291,1.63,0,-5399.92822265625
100000000000000000000001,1,922125000,0,-45.5,0.546097160487288,0,0,0.040060001373291,1.63,0,-5399.92822265625
100000000000000000000000,1,922125000,0,-44,5.92116584123858,0,0,0.040060001373291,1.63,0,-5399.92822265625
100000000000000000000002,1,922125000,0,-45,2.77957318764878,0,0,0.040060001373291,1.63,0,-5399.92822265625
100000000000000000000001,1,922125000,0,-45.5,0.539961237335746,0,0,0.040060001373291,1.63,0,-5399.92822265625
100000000000000000000003,1,922125000,0,-46,1.96963133164516,0,0,0.040060001373291,1.63,0,-5399.92822265625
100000000000000000000004,1,922125000,0,-51,2.47277703007165,0,0,0.040060001373291,1.63,0,-5399.92822265625
100000000000000000000002,1,922125000,0,-45,2.73662172558798,0,0,0.040060001373291,1.63,0,-5399.92822265625
100000000000000000000004,1,922125000,0,-51,2.46664110692011,0,0,0.040060001373291,1.63,0,-5399.92822265625
100000000000000000000001,1,922125000,0,-45.5,0.539961237335746,0,0,0.040060001373291,1.63,0,-5399.92822265625
100000000000000000000000,1,922125000,0,-44,5.9395736106932,0,0,0.040060001373291,1.63,0,-5399.92822265625
100000000000000000000003,1,922125000,0,-46,1.96963133164516,0,0,0.040060001373291,1.63,0,-5399.92822265625
100000000000000000000002,1,922125000,0,-45,2.77957318764878,0,0,0.040060001373291,1.63,0,-5399.92822265625
100000000000000000000000,1,922125000,0,-44,5.92116584123858,0,0,0.040060001373291,1.63,0,-5399.92822265625
100000000000000000000001,1,922125000,0,-45.5,0.546097160487288,0,0,0.040060001373291,1.63,0,-5399.92822265625
100000000000000000000003,1,922125000,0,-46,1.95735948534208,0,0,0.040060001373291,1.63,0,-5399.92822265625
100000000000000000000004,1,922125000,0,-51,2.46050518376857,0,0,0.040060001373291,1.63,0,-5399.92822265625
100000000000000000000000,1,922125000,0,-44,5.92730176439012,0,0,0.040060001373291,1.63,0,-5399.92822265625
100000000000000000000004,1,922125000,0,-51,2.44823333746548,0,0,0.040060001373291,1.63,0,-5399.92822265625
100000000000000000000001,1,922125000,0,-45,0.546097160487288,0,0,0.040060001373291,1.63,0,-5399.92822265625
100000000000000000000003,1,922125000,0,-46,1.95122356219054,0,0,0.040060001373291,1.63,0,-5399.92822265625
100000000000000000000002,1,922125000,0,-45,2.77957318764878,0,0,0.040060001373291,1.63,0,-5399.92822265625
100000000000000000000003,1,922125000,0,-46.5,1.94508763903899,0,0,0.040060001373291,1.63,0,-5399.92822265625
100000000000000000000000,1,922125000,0,-44,5.92730176439012,0,0,0.040060001373291,1.63,0,-5399.92822265625
100000000000000000000001,1,922125000,0,-45.5,0.546097160487288,0,0,0.040060001373291,1.63,0,-5399.92822265625
100000000000000000000002,1,922125000,0,-45,2.77343726449724,0,0,0.040060001373291,1.63,0,-5399.92822265625
100000000000000000000004,1,922125000,0,-51,2.45436926061703,0,0,0.040060001373291,1.63,0,-5399.92822265625
100000000000000000000002,1,922125000,0,-45,2.77343726449724,0,0,0.040060001373291,1.63,0,-5399.92822265625
100000000000000000000001,1,922125000,0,-45,0.533825314184203,0,0,0.040060001373291,1.63,0,-5399.92822265625
100000000000000000000003,1,922125000,0,-46,1.95735948534208,0,0,0.040060001373291,1.63,0,-5399.92822265625
100000000000000000000000,1,922125000,0,-44,5.91502991808703,0,0,0.040060001373291,1.63,0,-5399.92822265625
100000000000000000000004,1,922125000,0,-51,2.45436926061703,0,0,0.040060001373291,1.63,0,-5399.92822265625
100000000000000000000002,1,922125000,0,-45,2.77343726449724,0,0,0.040060001373291,1.63,0,-5399.92822265625
100000000000000000000000,1,922125000,0,-44,5.9395736106932,0,0,0.040060001373291,1.63,0,-5399.92822265625
100000000000000000000004,1,922125000,0,-51,2.42982556801086,0,0,0.040060001373291,1.63,0,-5399.92822265625
100000000000000000000001,1,922125000,0,-45,0.546097160487288,0,0,0.040060001373291,1.63,0,-5399.92822265625
100000000000000000000003,1,922125000,0,-46,1.96349540849362,0,0,0.040060001373291,1.63,0,-5399.92822265625
100000000000000000000004,1,922125000,0,-51,2.45436926061703,0,0,0.040060001373291,1.63,0,-5399.92822265625
100000000000000000000002,1,922125000,0,-45,2.74275764873953,0,0,0.040060001373291,1.63,0,-5399.92822265625
100000000000000000000000,1,922125000,0,-44,5.93343768754166,0,0,0.040060001373291,1.63,0,-5399.92822265625
100000000000000000000003,1,922125000,0,-46,1.95735948534208,0,0,0.040060001373291,1.63,0,-5399.92822265625
100000000000000000000001,1,922125000,0,-45.5,0.546097160487288,0,0,0.040060001373291,1.63,0,-5399.92822265625
100000000000000000000000,1,922125000,0,-44,5.93343768754166,0,0,0.040060001373291,1.63,0,-5399.92822265625
100000000000000000000004,1,922125000,0,-51,2.44209741431394,0,0,0.040060001373291,1.63,0,-5399.92822265625
100000000000000000000003,1,922125000,0,-46,1.95735948534208,0,0,0.040060001373291,1.63,0,-5399.92822265625
100000000000000000000001,1,922125000,0,-45,0.552233083638831,0,0,0.040060001373291,1.63,0,-5399.92822265625
100000000000000000000002,1,922125000,0,-45,2.79184503395187,0,0,0.040060001373291,1.63,0,-5399.92822265625
100000000000000000000002,1,922125000,0,-45,2.76116541819415,0,0,0.040060001373291,1.63,0,-5399.92822265625
100000000000000000000004,1,922125000,0,-51,2.45436926061703,0,0,0.040060001373291,1.63,0,-5399.92822265625
100000000000000000000003,1,922125000,0,-46.5,1.96963133164516,0,0,0.040060001373291,1.63,0,-5399.92822265625
100000000000000000000001,1,922125000,0,-45.5,0.533825314184203,0,0,0.040060001373291,1.63,0,-5399.92822265625
100000000000000000000000,1,922125000,0,-44,5.93343768754166,0,0,0.040060001373291,1.63,0,-5399.92822265625
100000000000000000000003,1,922125000,0,-46,1.95122356219054,0,0,0.040060001373291,1.63,0,-5399.92822265625
100000000000000000000000,1,922125000,0,-44,5.93343768754166,0,0,0.040060001373291,1.63,0,-5399.92822265625
100000000000000000000002,1,922125000,0,-45,2.74889357189107,0,0,0.040060001373291,1.63,0,-5399.92822265625
100000000000000000000001,1,922125000,0,-45,0.533825314184203,0,0,0.040060001373291,1.63,0,-5399.92822265625
100000000000000000000004,1,922125000,0,-51,2.44823333746548,0,0,0.040060001373291,1.63,0,-5399.92822265625
100000000000000000000001,1,922125000,0,-45.5,0.539961237335746,0,0,0.040060001373291,1.63,0,-5399.92822265625
100000000000000000000004,1,922125000,0,-51,2.44823333746548,0,0,0.040060001373291,1.63,0,-5399.92822265625
100000000000000000000000,1,922125000,0,-44,5.93343768754166,0,0,0.040060001373291,1.63,0,-5399.92822265625
100000000000000000000003,1,922125000,0,-46.5,1.96349540849362,0,0,0.040060001373291,1.63,0,-5399.92822265625
100000000000000000000002,1,922125000,0,-45,2.74889357189107,0,0,0.040060001373291,1.63,0,-5399.92822265625
100000000000000000000002,1,922125000,0,-45,2.77343726449724,0,0,0.040060001373291,1.63,0,-5399.92822265625
100000000000000000000003,1,922125000,0,-46,1.95735948534208,0,0,0.040060001373291,1.63,0,-5399.92822265625
100000000000000000000000,1,922125000,0,-44,5.92730176439012,0,0,0.040060001373291,1.63,0,-5399.92822265625
100000000000000000000004,1,922125000,0,-51,2.39914595225314,0,0,0.040060001373291,1.63,0,-5399.92822265625
100000000000000000000001,1,922125000,0,-45,0.527689391032661,0,0,0.040060001373291,1.63,0,-5399.92822265625
100000000000000000000003,1,922125000,0,-46,1.95122356219054,0,0,0.040060001373291,1.63,0,-5399.92822265625
100000000000000000000004,1,922125000,0,-51,2.4359614911624,0,0,0.040060001373291,1.63,0,-5399.92822265625
100000000000000000000002,1,922125000,0,-45,2.78570911080032,0,0,0.040060001373291,1.63,0,-5399.92822265625
100000000000000000000001,1,922125000,0,-45.5,0.546097160487288,0,0,0.040060001373291,1.63,0,-5399.92822265625
100000000000000000000000,1,922125000,0,-44,5.9395736106932,0,0,0.040060001373291,1.63,0,-5399.92822265625
100000000000000000000000,1,922125000,0,-44,5.93343768754166,0,0,0.040060001373291,1.63,0,-5399.92822265625
100000000000000000000002,1,922125000,0,-45,2.7673013413457,0,0,0.040060001373291,1.63,0,-5399.92822265625
100000000000000000000004,1,922125000,0,-51,2.49732072267782,0,0,0.040060001373291,1.63,0,-5399.92822265625
100000000000000000000001,1,922125000,0,-45.5,0.539961237335746,0,0,0.040060001373291,1.63,0,-5399.92822265625
100000000000000000000003,1,922125000,0,-46,1.95122356219054,0,0,0.040060001373291,1.63,0,-5399.92822265625
100000000000000000000000,1,922125000,0,-44,5.94570953384475,0,0,0.040060001373291,1.63,0,-5399.92822265625
100000000000000000000003,1,922125000,0,-46,1.98803910109979,0,0,0.040060001373291,1.63,0,-5399.92822265625
100000000000000000000004,1,922125000,0,-51,2.4359614911624,0,0,0.040060001373291,1.63,0,-5399.92822265625
100000000000000000000002,1,922125000,0,-45,2.77343726449724,0,0,0.040060001373291,1.63,0,-5399.92822265625
100000000000000000000001,1,922125000,0,-45.5,0.539961237335746,0,0,0.040060001373291,1.63,0,-5399.92822265625
100000000000000000000000,1,922125000,0,-44,5.93343768754166,0,0,0.040060001373291,1.63,0,-5399.92822265625
100000000000000000000001,1,922125000,0,-45.5,0.546097160487288,0,0,0.040060001373291,1.63,0,-5399.92822265625
100000000000000000000002,1,922125000,0,-45,2.74275764873953,0,0,0.040060001373291,1.63,0,-5399.92822265625
100000000000000000000004,1,922125000,0,-51,2.46050518376857,0,0,0.040060001373291,1.63,0,-5399.92822265625
100000000000000000000003,1,922125000,0,-46,1.96963133164516,0,0,0.040060001373291,1.63,0,-5399.92822265625
100000000000000000000004,1,922125000,0,-51,2.46050518376857,0,0,0.040060001373291,1.63,0,-5399.92822265625
100000000000000000000002,1,922125000,0,-45,2.74889357189107,0,0,0.040060001373291,1.63,0,-5399.92822265625
100000000000000000000003,1,922125000,0,-46,1.96349540849362,0,0,0.040060001373291,1.63,0,-5399.92822265625
100000000000000000000000,1,922125000,0,-44,5.92730176439012,0,0,0.040060001373291,1.63,0,-5399.92822265625
100000000000000000000001,1,922125000,0,-45.5,0.552233083638831,0,0,0.040060001373291,1.63,0,-5399.92822265625
100000000000000000000003,1,922125000,0,-46.5,1.95735948534208,0,0,0.040060001373291,1.63,0,-5399.92822265625
100000000000000000000002,1,922125000,0,-45,2.77343726449724,0,0,0.040060001373291,1.63,0,-5399.92822265625
100000000000000000000000,1,922125000,0,-44,5.92730176439012,0,0,0.040060001373291,1.63,0,-5399.92822265625
100000000000000000000004,1,922125000,0,-51,2.45436926061703,0,0,0.040060001373291,1.63,0,-5399.92822265625
100000000000000000000001,1,922125000,0,-45.5,0.533825314184203,0,0,0.040060001373291,1.63,0,-5399.92822265625
100000000000000000000001,1,922125000,0,-45.5,0.539961237335746,0,0,0.040060001373291,1.63,0,-5399.92822265625
100000000000000000000002,1,922125000,0,-45,2.74275764873953,0,0,0.040060001373291,1.63,0,-5399.92822265625
100000000000000000000000,1,922125000,0,-44,5.92730176439012,0,0,0.040060001373291,1.63,0,-5399.92822265625
100000000000000000000003,1,922125000,0,-46,1.98190317794825,0,0,0.040060001373291,1.63,0,-5399.92822265625
100000000000000000000004,1,922125000,0,-51,2.48504887637474,0,0,0.040060001373291,1.63,0,-5399.92822265625
100000000000000000000003,1,922125000,0,-46.5,1.96349540849362,0,0,0.040060001373291,1.63,0,-5399.92822265625
100000000000000000000000,1,922125000,0,-44,5.9395736106932,0,0,0.040060001373291,1.63,0,-5399.92822265625
100000000000000000000001,1,922125000,0,-45.5,0.564504929941916,0,0,0.040060001373291,1.63,0,-5399.92822265625
100000000000000000000004,1,922125000,0,-51,2.45436926061703,0,0,0.040060001373291,1.63,0,-5399.92822265625
100000000000000000000002,1,922125000,0,-45,2.77343726449724,0,0,0.040060001373291,1.63,0,-5399.92822265625
100000000000000000000001,1,922125000,0,-45.5,0.546097160487288,0,0,0.040060001373291,1.63,0,-5399.92822265625
100000000000000000000004,1,922125000,0,-51,2.42368964485931,0,0,0.040060001373291,1.63,0,-5399.92822265625
100000000000000000000002,1,922125000,0,-45,2.75502949504261,0,0,0.040060001373291,1.63,0,-5399.92822265625
100000000000000000000000,1,922125000,0,-44,5.9395736106932,0,0,0.040060001373291,1.63,0,-5399.92822265625
100000000000000000000003,1,922125000,0,-46,1.91440802328128,0,0,0.040060001373291,1.63,0,-5399.92822265625
100000000000000000000000,1,922125000,0,-44,5.92730176439012,0,0,0.040060001373291,1.63,0,-5399.92822265625
100000000000000000000002,1,922125000,0,-45,2.76116541819415,0,0,0.040060001373291,1.63,0,-5399.92822265625
100000000000000000000004,1,922125000,0,-51,2.4789129532232,0,0,0.040060001373291,1.63,0,-5399.92822265625
100000000000000000000003,1,922125000,0,-46.5,1.95735948534208,0,0,0.040060001373291,1.63,0,-5399.92822265625
100000000000000000000001,1,922125000,0,-45.5,0.558369006790373,0,0,0.040060001373291,1.63,0,-5399.92822265625
100000000000000000000001,1,922125000,0,-45.5,0.552233083638831,0,0,0.040060001373291,1.63,0,-5399.92822265625
100000000000000000000004,1,922125000,0,-51,2.42982556801086,0,0,0.040060001373291,1.63,0,-5399.92822265625
100000000000000000000003,1,922125000,0,-46.5,1.97576725479671,0,0,0.040060001373291,1.63,0,-5399.92822265625
100000000000000000000000,1,922125000,0,-44,5.92116584123858,0,0,0.040060001373291,1.63,0,-5399.92822265625
100000000000000000000002,1,922125000,0,-45,2.75502949504261,0,0,0.040060001373291,1.63,0,-5399.92822265625
100000000000000000000001,1,922125000,0,-45.5,0.527689391032661,0,0,0.040060001373291,1.63,0,-5399.92822265625
100000000000000000000002,1,922125000,0,-45,2.74275764873953,0,0,0.040060001373291,1.63,0,-5399.92822265625
100000000000000000000000,1,922125000,0,-44,5.91502991808703,0,0,0.040060001373291,1.63,0,-5399.92822265625
100000000000000000000004,1,922125000,0,-50.5,2.4359614911624,0,0,0.040060001373291,1.63,0,-5399.92822265625
100000000000000000000003,1,922125000,0,-46,1.96349540849362,0,0,0.040060001373291,1.63,0,-5399.92822265625
100000000000000000000001,1,922125000,0,-45.5,0.539961237335746,0,0,0.040060001373291,1.63,0,-5399.92822265625
100000000000000000000002,1,922125000,0,-45,2.73662172558798,0,0,0.040060001373291,1.63,0,-5399.92822265625
100000000000000000000000,1,922125000,0,-44,5.92730176439012,0,0,0.040060001373291,1.63,0,-5399.92822265625
100000000000000000000003,1,922125000,0,-46,1.96963133164516,0,0,0.040060001373291,1.63,0,-5399.92822265625
100000000000000000000004,1,922125000,0,-51,2.46664110692011,0,0,0.040060001373291,1.63,0,-5399.92822265625
100000000000000000000000,1,922125000,0,-44,5.91502991808703,0,0,0.040060001373291,1.63,0,-5399.92822265625
100000000000000000000003,1,922125000,0,-46.5,1.95122356219054,0,0,0.040060001373291,1.63,0,-5399.92822265625
100000000000000000000001,1,922125000,0,-45.5,0.533825314184203,0,0,0.040060001373291,1.63,0,-5399.92822265625
100000000000000000000004,1,922125000,0,-51,2.44823333746548,0,0,0.040060001373291,1.63,0,-5399.92822265625
100000000000000000000002,1,922125000,0,-45,2.77343726449724,0,0,0.040060001373291,1.63,0,-5399.92822265625
100000000000000000000000,1,922125000,0,-44,5.9395736106932,0,0,0.040060001373291,1.63,0,-5399.92822265625
100000000000000000000004,1,922125000,0,-51,2.4359614911624,0,0,0.040060001373291,1.63,0,-5399.92822265625
100000000000000000000002,1,922125000,0,-45,2.7673013413457,0,0,0.040060001373291,1.63,0,-5399.92822265625
100000000000000000000001,1,922125000,0,-45.5,0.552233083638831,0,0,0.040060001373291,1.63,0,-5399.92822265625
100000000000000000000003,1,922125000,0,-46.5,1.96349540849362,0,0,0.040060001373291,1.63,0,-5399.92822265625
100000000000000000000004,1,922125000,0,-51,2.4359614911624,0,0,0.040060001373291,1.63,0,-5399.92822265625
100000000000000000000000,1,922125000,0,-44,5.9395736106932,0,0,0.040060001373291,1.63,0,-5399.92822265625
100000000000000000000001,1,922125000,0,-45.5,0.558369006790373,0,0,0.040060001373291,1.63,0,-5399.92822265625
100000000000000000000003,1,922125000,0,-46,1.95122356219054,0,0,0.040060001373291,1.63,0,-5399.92822265625
100000000000000000000002,1,922125000,0,-45,2.74275764873953,0,0,0.040060001373291,1.63,0,-5399.92822265625
100000000000000000000004,1,922125000,0,-51,2.44823333746548,0,0,0.040060001373291,1.63,0,-5399.92822265625
100000000000000000000000,1,922125000,0,-44,5.94570953384475,0,0,0.040060001373291,1.63,0,-5399.92822265625
100000000000000000000001,1,922125000,0,-45.5,0.539961237335746,0,0,0.040060001373291,1.63,0,-5399.92822265625
100000000000000000000002,1,922125000,0,-45,2.77343726449724,0,0,0.040060001373291,1.63,0,-5399.92822265625
100000000000000000000003,1,922125000,0,-46,1.96349540849362,0,0,0.040060001373291,1.63,0,-5399.92822265625
100000000000000000000001,1,922125000,0,-45.5,0.539961237335746,0,0,0.040060001373291,1.63,0,-5399.92822265625
100000000000000000000003,1,922125000,0,-46,1.96963133164516,0,0,0.040060001373291,1.63,0,-5399.92822265625
100000000000000000000002,1,922125000,0,-45,2.76116541819415,0,0,0.040060001373291,1.63,0,-5399.92822265625
100000000000000000000004,1,922125000,0,-51,2.42982556801086,0,0,0.040060001373291,1.63,0,-5399.92822265625
100000000000000000000000,1,922125000,0,-44,5.9395736106932,0,0,0.040060001373291,1.63,0,-5399.92822265625
100000000000000000000000,1,922125000,0,-44,5.93343768754166,0,0,0.040060001373291,1.63,0,-5399.92822265625
100000000000000000000002,1,922125000,0,-45,2.77957318764878,0,0,0.040060001373291,1.63,0,-5399.92822265625
100000000000000000000001,1,922125000,0,-45.5,0.527689391032661,0,0,0.040060001373291,1.63,0,-5399.92822265625
100000000000000000000004,1,922125000,0,-51,2.46050518376857,0,0,0.040060001373291,1.63,0,-5399.92822265625
100000000000000000000003,1,922125000,0,-46,1.96349540849362,0,0,0.040060001373291,1.63,0,-5399.92822265625
100000000000000000000004,1,922125000,0,-51,2.4359614911624,0,0,0.040060001373291,1.63,0,-5399.92822265625
100000000000000000000002,1,922125000,0,-45,2.7673013413457,0,0,0.040060001373291,1.63,0,-5399.92822265625
100000000000000000000003,1,922125000,0,-46,1.98190317794825,0,0,0.040060001373291,1.63,0,-5399.92822265625
100000000000000000000000,1,922125000,0,-44,5.9395736106932,0,0,0.040060001373291,1.63,0,-5399.92822265625
100000000000000000000001,1,922125000,0,-45.5,0.539961237335746,0,0,0.040060001373291,1.63,0,-5399.92822265625
100000000000000000000002,1,922125000,0,-45,2.74889357189107,0,0,0.040060001373291,1.63,0,-5399.92822265625
100000000000000000000004,1,922125000,0,-51,2.41755372170777,0,0,0.040060001373291,1.63,0,-5399.92822265625
100000000000000000000001,1,922125000,0,-45.5,0.558369006790373,0,0,0.040060001373291,1.63,0,-5399.92822265625
100000000000000000000003,1,922125000,0,-46,1.96963133164516,0,0,0.040060001373291,1.63,0,-5399.92822265625
100000000000000000000000,1,922125000,0,-44,5.93343768754166,0,0,0.040060001373291,1.63,0,-5399.92822265625
100000000000000000000000,1,922125000,0,-44,5.9395736106932,0,0,0.040060001373291,1.63,0,-5399.92822265625
100000000000000000000001,1,922125000,0,-45,0.533825314184203,0,0,0.040060001373291,1.63,0,-5399.92822265625
100000000000000000000004,1,922125000,0,-51,2.45436926061703,0,0,0.040060001373291,1.63,0,-5399.92822265625
100000000000000000000002,1,922125000,0,-45,2.76116541819415,0,0,0.040060001373291,1.63,0,-5399.92822265625
100000000000000000000003,1,922125000,0,-46.5,1.96349540849362,0,0,0.040060001373291,1.63,0,-5399.92822265625
100000000000000000000002,1,922125000,0,-45,2.74889357189107,0,0,0.040060001373291,1.63,0,-5399.92822265625
100000000000000000000003,1,922125000,0,-46,1.97576725479671,0,0,0.040060001373291,1.63,0,-5399.92822265625
100000000000000000000001,1,922125000,0,-45.5,0.533825314184203,0,0,0.040060001373291,1.63,0,-5399.92822265625
100000000000000000000004,1,922125000,0,-51,2.40528187540469,0,0,0.040060001373291,1.63,0,-5399.92822265625
100000000000000000000000,1,922125000,0,-44,5.92730176439012,0,0,0.040060001373291,1.63,0,-5399.92822265625
100000000000000000000002,1,922125000,0,-45,2.74889357189107,0,0,0.040060001373291,1.63,0,-5399.92822265625
100000000000000000000004,1,922125000,0,-51,2.42368964485931,0,0,0.040060001373291,1.63,0,-5399.92822265625
100000000000000000000000,1,922125000,0,-44,5.92730176439012,0,0,0.040060001373291,1.63,0,-5399.92822265625
100000000000000000000001,1,922125000,0,-45.5,0.533825314184203,0,0,0.040060001373291,1.63,0,-5399.92822265625
100000000000000000000003,1,922125000,0,-46,1.95122356219054,0,0,0.040060001373291,1.63,0,-5399.92822265625
100000000000000000000003,1,922125000,0,-46.5,1.96963133164516,0,0,0.040060001373291,1.63,0,-5399.92822265625
100000000000000000000000,1,922125000,0,-44,5.92730176439012,0,0,0.040060001373291,1.63,0,-5399.92822265625
100000000000000000000001,1,922125000,0,-45.5,0.539961237335746,0,0,0.040060001373291,1.63,0,-5399.92822265625
100000000000000000000004,1,922125000,0,-51,2.42368964485931,0,0,0.040060001373291,1.63,0,-5399.92822265625
100000000000000000000002,1,922125000,0,-45,2.77957318764878,0,0,0.040060001373291,1.63,0,-5399.92822265625
100000000000000000000004,1,922125000,0,-51,2.46050518376857,0,0,0.040060001373291,1.63,0,-5399.92822265625
100000000000000000000000,1,922125000,0,-44,5.92730176439012,0,0,0.040060001373291,1.63,0,-5399.92822265625
100000000000000000000003,1,922125000,0,-46,1.96349540849362,0,0,0.040060001373291,1.63,0,-5399.92822265625
100000000000000000000001,1,922125000,0,-45,0.552233083638831,0,0,0.040060001373291,1.63,0,-5399.92822265625
100000000000000000000002,1,922125000,0,-45,2.76116541819415,0,0,0.040060001373291,1.63,0,-5399.92822265625
100000000000000000000001,1,922125000,0,-45,0.546097160487288,0,0,0.040060001373291,1.63,0,-5399.92822265625
100000000000000000000000,1,922125000,0,-44,5.9395736106932,0,0,0.040060001373291,1.63,0,-5399.92822265625
100000000000000000000003,1,922125000,0,-46.5,1.96963133164516,0,0,0.040060001373291,1.63,0,-5399.92822265625
100000000000000000000004,1,922125000,0,-50.5,2.44823333746548,0,0,0.040060001373291,1.63,0,-5399.92822265625
100000000000000000000002,1,922125000,0,-45,2.75502949504261,0,0,0.040060001373291,1.63,0,-5399.92822265625
100000000000000000000001,1,922125000,0,-45,0.527689391032661,0,0,0.040060001373291,1.63,0,-5399.92822265625
100000000000000000000000,1,922125000,0,-44,5.91502991808703,0,0,0.040060001373291,1.63,0,-5399.92822265625
100000000000000000000003,1,922125000,0,-46,1.97576725479671,0,0,0.040060001373291,1.63,0,-5399.92822265625
100000000000000000000004,1,922125000,0,-51,2.4789129532232,0,0,0.040060001373291,1.63,0,-5399.92822265625
100000000000000000000002,1,922125000,0,-45,2.74275764873953,0,0,0.040060001373291,1.63,0,-5399.92822265625
100000000000000000000002,1,922125000,0,-45,2.75502949504261,0,0,0.040060001373291,1.63,0,-5399.92822265625
100000000000000000000003,1,922125000,0,-46,1.95735948534208,0,0,0.040060001373291,1.63,0,-5399.92822265625
100000000000000000000000,1,922125000,0,-44,5.93343768754166,0,0,0.040060001373291,1.63,0,-5399.92822265625
100000000000000000000001,1,922125000,0,-45.5,0.558369006790373,0,0,0.040060001373291,1.63,0,-5399.92822265625
100000000000000000000004,1,922125000,0,-51,2.42982556801086,0,0,0.040060001373291,1.63,0,-5399.92822265625
100000000000000000000001,1,922125000,0,-45.5,0.546097160487288,0,0,0.040060001373291,1.63,0,-5399.92822265625
100000000000000000000004,1,922125000,0,-50.5,2.44823333746548,0,0,0.040060001373291,1.63,0,-5399.92822265625
100000000000000000000003,1,922125000,0,-46.5,1.96963133164516,0,0,0.040060001373291,1.63,0,-5399.92822265625
100000000000000000000002,1,922125000,0,-45,2.77343726449724,0,0,0.040060001373291,1.63,0,-5399.92822265625
100000000000000000000000,1,922125000,0,-44,5.92116584123858,0,0,0.040060001373291,1.63,0,-5399.92822265625
100000000000000000000003,1,922125000,0,-46,1.98190317794825,0,0,0.040060001373291,1.63,0,-5399.92822265625
100000000000000000000001,1,922125000,0,-45.5,0.558369006790373,0,0,0.040060001373291,1.63,0,-5399.92822265625
100000000000000000000000,1,922125000,0,-44,5.92730176439012,0,0,0.040060001373291,1.63,0,-5399.92822265625
100000000000000000000002,1,922125000,0,-45,2.75502949504261,0,0,0.040060001373291,1.63,0,-5399.92822265625
100000000000000000000004,1,922125000,0,-51,2.44823333746548,0,0,0.040060001373291,1.63,0,-5399.92822265625
100000000000000000000002,1,922125000,0,-45,2.75502949504261,0,0,0.040060001373291,1.63,0,-5399.92822265625
100000000000000000000000,1,922125000,0,-44,5.92730176439012,0,0,0.040060001373291,1.63,0,-5399.92822265625
100000000000000000000001,1,922125000,0,-45.5,0.546097160487288,0,0,0.040060001373291,1.63,0,-5399.92822265625
100000000000000000000004,1,922125000,0,-51,2.42982556801086,0,0,0.040060001373291,1.63,0,-5399.92822265625
100000000000000000000003,1,922125000,0,-46,1.95735948534208,0,0,0.040060001373291,1.63,0,-5399.92822265625
100000000000000000000003,1,922125000,0,-46,1.95122356219054,0,0,0.040060001373291,1.63,0,-5399.92822265625
100000000000000000000000,1,922125000,0,-44,5.94570953384475,0,0,0.040060001373291,1.63,0,-5399.92822265625
100000000000000000000004,1,922125000,0,-51,2.42982556801086,0,0,0.040060001373291,1.63,0,-5399.92822265625
100000000000000000000001,1,922125000,0,-45.5,0.546097160487288,0,0,0.040060001373291,1.63,0,-5399.92822265625
100000000000000000000002,1,922125000,0,-45,2.77957318764878,0,0,0.040060001373291,1.63,0,-5399.92822265625
100000000000000000000001,1,922125000,0,-45,0.546097160487288,0,0,0.040060001373291,1.63,0,-5399.92822265625
100000000000000000000003,1,922125000,0,-46,1.95735948534208,0,0,0.040060001373291,1.63,0,-5399.92822265625
100000000000000000000004,1,922125000,0,-51,2.46050518376857,0,0,0.040060001373291,1.63,0,-5399.92822265625
100000000000000000000000,1,922125000,0,-44,5.9395736106932,0,0,0.040060001373291,1.63,0,-5399.92822265625
100000000000000000000002,1,922125000,0,-45,2.73662172558798,0,0,0.040060001373291,1.63,0,-5399.92822265625
100000000000000000000002,1,922125000,0,-45,2.75502949504261,0,0,0.040060001373291,1.63,0,-5399.92822265625
100000000000000000000000,1,922125000,0,-44,5.93343768754166,0,0,0.040060001373291,1.63,0,-5399.92822265625
100000000000000000000001,1,922125000,0,-45.5,0.558369006790373,0,0,0.040060001373291,1.63,0,-5399.92822265625
100000000000000000000004,1,922125000,0,-50.5,2.46664110692011,0,0,0.040060001373291,1.63,0,-5399.92822265625
100000000000000000000003,1,922125000,0,-46.5,1.95735948534208,0,0,0.040060001373291,1.63,0,-5399.92822265625
100000000000000000000000,1,922125000,0,-44,5.92730176439012,0,0,0.040060001373291,1.63,0,-5399.92822265625
100000000000000000000002,1,922125000,0,-45,2.74889357189107,0,0,0.040060001373291,1.63,0,-5399.92822265625
100000000000000000000004,1,922125000,0,-51,2.44209741431394,0,0,0.040060001373291,1.63,0,-5399.92822265625
100000000000000000000003,1,922125000,0,-46,1.96349540849362,0,0,0.040060001373291,1.63,0,-5399.92822265625
100000000000000000000001,1,922125000,0,-45.5,0.552233083638831,0,0,0.040060001373291,1.63,0,-5399.92822265625
100000000000000000000004,1,922125000,0,-51,2.44209741431394,0,0,0.040060001373291,1.63,0,-5399.92822265625
100000000000000000000002,1,922125000,0,-45,2.76116541819415,0,0,0.040060001373291,1.63,0,-5399.92822265625
100000000000000000000001,1,922125000,0,-45.5,0.558369006790373,0,0,0.040060001373291,1.63,0,-5399.92822265625
100000000000000000000003,1,922125000,0,-46.5,1.97576725479671,0,0,0.040060001373291,1.63,0,-5399.92822265625
100000000000000000000000,1,922125000,0,-44,5.93343768754166,0,0,0.040060001373291,1.63,0,-5399.92822265625
100000000000000000000004,1,922125000,0,-51,2.45436926061703,0,0,0.040060001373291,1.63,0,-5399.92822265625
100000000000000000000001,1,922125000,0,-45.5,0.564504929941916,0,0,0.040060001373291,1.63,0,-5399.92822265625
100000000000000000000000,1,922125000,0,-44,5.92730176439012,0,0,0.040060001373291,1.63,0,-5399.92822265625
100000000000000000000002,1,922125000,0,-45,2.76116541819415,0,0,0.040060001373291,1.63,0,-5399.92822265625
100000000000000000000003,1,922125000,0,-46,1.95122356219054,0,0,0.040060001373291,1.63,0,-5399.92822265625
100000000000000000000000,1,922125000,0,-44,5.91502991808703,0,0,0.040060001373291,1.63,0,-5399.92822265625
100000000000000000000003,1,922125000,0,-46,1.96963133164516,0,0,0.040060001373291,1.63,0,-5399.92822265625
100000000000000000000002,1,922125000,0,-45,2.76116541819415,0,0,0.040060001373291,1.63,0,-5399.92822265625
100000000000000000000001,1,922125000,0,-45.5,0.533825314184203,0,0,0.040060001373291,1.63,0,-5399.92822265625
100000000000000000000004,1,922125000,0,-51,2.48504887637474,0,0,0.040060001373291,1.63,0,-5399.92822265625
100000000000000000000003,1,922125000,0,-46,1.96963133164516,0,0,0.040060001373291,1.63,0,-5399.92822265625
100000000000000000000002,1,922125000,0,-45,2.77957318764878,0,0,0.040060001373291,1.63,0,-5399.92822265625
100000000000000000000004,1,922125000,0,-51,2.41755372170777,0,0,0.040060001373291,1.63,0,-5399.92822265625
100000000000000000000001,1,922125000,0,-45.5,0.533825314184203,0,0,0.040060001373291,1.63,0,-5399.92822265625
100000000000000000000000,1,922125000,0,-44,5.92730176439012,0,0,0.040060001373291,1.63,0,-5399.92822265625
100000000000000000000003,1,922125000,0,-46,1.98190317794825,0,0,0.040060001373291,1.63,0,-5399.92822265625
100000000000000000000000,1,922125000,0,-44,5.92730176439012,0,0,0.040060001373291,1.63,0,-5399.92822265625
100000000000000000000001,1,922125000,0,-45.5,0.533825314184203,0,0,0.040060001373291,1.63,0,-5399.92822265625
100000000000000000000002,1,922125000,0,-45,2.73662172558798,0,0,0.040060001373291,1.63,0,-5399.92822265625
100000000000000000000004,1,922125000,0,-51,2.44823333746548,0,0,0.040060001373291,1.63,0,-5399.92822265625
100000000000000000000002,1,922125000,0,-45,2.77343726449724,0,0,0.040060001373291,1.63,0,-5399.92822265625
100000000000000000000000,1,922125000,0,-44,5.92730176439012,0,0,0.040060001373291,1.63,0,-5399.92822265625
100000000000000000000003,1,922125000,0,-46,1.95122356219054,0,0,0.040060001373291,1.63,0,-5399.92822265625
100000000000000000000004,1,922125000,0,-51,2.4359614911624,0,0,0.040060001373291,1.63,0,-5399.92822265625
100000000000000000000001,1,922125000,0,-45.5,0.527689391032661,0,0,0.040060001373291,1.63,0,-5399.92822265625
100000000000000000000002,1,922125000,0,-45,2.76116541819415,0,0,0.040060001373291,1.63,0,-5399.92822265625
100000000000000000000000,1,922125000,0,-44,5.92730176439012,0,0,0.040060001373291,1.63,0,-5399.92822265625
100000000000000000000004,1,922125000,0,-51,2.44209741431394,0,0,0.040060001373291,1.63,0,-5399.92822265625
100000000000000000000003,1,922125000,0,-46,1.95735948534208,0,0,0.040060001373291,1.63,0,-5399.92822265625
100000000000000000000001,1,922125000,0,-45.5,0.546097160487288,0,0,0.040060001373291,1.63,0,-5399.92822265625
100000000000000000000001,1,922125000,0,-45,0.539961237335746,0,0,0.040060001373291,1.63,0,-5399.92822265625
100000000000000000000002,1,922125000,0,-45,2.77957318764878,0,0,0.040060001373291,1.63,0,-5399.92822265625
100000000000000000000004,1,922125000,0,-51,2.45436926061703,0,0,0.040060001373291,1.63,0,-5399.92822265625
100000000000000000000000,1,922125000,0,-44,5.91502991808703,0,0,0.040060001373291,1.63,0,-5399.92822265625
100000000000000000000003,1,922125000,0,-46.5,1.95122356219054,0,0,0.040060001373291,1.63,0,-5399.92822265625
100000000000000000000001,1,922125000,0,-45.5,0.570640853093458,0,0,0.040060001373291,1.63,0,-5399.92822265625
100000000000000000000002,1,922125000,0,-45,2.76116541819415,0,0,0.040060001373291,1.63,0,-5399.92822265625
100000000000000000000004,1,922125000,0,-51,2.45436926061703,0,0,0.040060001373291,1.63,0,-5399.92822265625
100000000000000000000000,1,922125000,0,-44,5.91502991808703,0,0,0.040060001373291,1.63,0,-5399.92822265625
100000000000000000000003,1,922125000,0,-46,1.98803910109979,0,0,0.040060001373291,1.63,0,-5399.92822265625
100000000000000000000000,1,922125000,0,-44,5.92116584123858,0,0,0.040060001373291,1.63,0,-5399.92822265625
100000000000000000000001,1,922125000,0,-45.5,0.527689391032661,0,0,0.040060001373291,1.63,0,-5399.92822265625
100000000000000000000004,1,922125000,0,-51,2.4789129532232,0,0,0.040060001373291,1.63,0,-5399.92822265625
100000000000000000000003,1,922125000,0,-46,1.96349540849362,0,0,0.040060001373291,1.63,0,-5399.92822265625
100000000000000000000002,1,922125000,0,-45,2.77957318764878,0,0,0.040060001373291,1.63,0,-5399.92822265625
100000000000000000000002,1,922125000,0,-45,2.77957318764878,0,0,0.040060001373291,1.63,0,-5399.92822265625
100000000000000000000001,1,922125000,0,-45.5,0.539961237335746,0,0,0.040060001373291,1.63,0,-5399.92822265625
100000000000000000000004,1,922125000,0,-51,2.42368964485931,0,0,0.040060001373291,1.63,0,-5399.92822265625
100000000000000000000003,1,922125000,0,-46,1.95122356219054,0,0,0.040060001373291,1.63,0,-5399.92822265625
100000000000000000000000,1,922125000,0,-44,5.92730176439012,0,0,0.040060001373291,1.63,0,-5399.92822265625
100000000000000000000001,1,922125000,0,-45.5,0.558369006790373,0,0,0.040060001373291,1.63,0,-5399.92822265625
100000000000000000000002,1,922125000,0,-45,2.77957318764878,0,0,0.040060001373291,1.63,0,-5399.92822265625
100000000000000000000003,1,922125000,0,-46,1.97576725479671,0,0,0.040060001373291,1.63,0,-5399.92822265625
100000000000000000000004,1,922125000,0,-51,2.45436926061703,0,0,0.040060001373291,1.63,0,-5399.92822265625
100000000000000000000000,1,922125000,0,-44,5.92730176439012,0,0,0.040060001373291,1.63,0,-5399.92822265625
100000000000000000000004,1,922125000,0,-51,2.42368964485931,0,0,0.040060001373291,1.63,0,-5399.92822265625
100000000000000000000003,1,922125000,0,-46,1.95122356219054,0,0,0.040060001373291,1.63,0,-5399.92822265625
100000000000000000000000,1,922125000,0,-44,5.92730176439012,0,0,0.040060001373291,1.63,0,-5399.92822265625
100000000000000000000001,1,922125000,0,-45.5,0.564504929941916,0,0,0.040060001373291,1.63,0,-5399.92822265625
100000000000000000000002,1,922125000,0,-45,2.74889357189107,0,0,0.040060001373291,1.63,0,-5399.92822265625
100000000000000000000001,1,922125000,0,-45.5,0.539961237335746,0,0,0.040060001373291,1.63,0,-5399.92822265625
100000000000000000000003,1,922125000,0,-46,1.95735948534208,0,0,0.040060001373291,1.63,0,-5399.92822265625
100000000000000000000002,1,922125000,0,-45,2.77957318764878,0,0,0.040060001373291,1.63,0,-5399.92822265625
100000000000000000000004,1,922125000,0,-51,2.41755372170777,0,0,0.040060001373291,1.63,0,-5399.92822265625
100000000000000000000000,1,922125000,0,-44,5.92116584123858,0,0,0.040060001373291,1.63,0,-5399.92822265625
100000000000000000000002,1,922125000,0,-45,2.74889357189107,0,0,0.040060001373291,1.63,0,-5399.92822265625
100000000000000000000004,1,922125000,0,-51,2.44209741431394,0,0,0.040060001373291,1.63,0,-5399.92822265625
100000000000000000000001,1,922125000,0,-45.5,0.546097160487288,0,0,0.040060001373291,1.63,0,-5399.92822265625
100000000000000000000000,1,922125000,0,-44,5.9395736106932,0,0,0.040060001373291,1.63,0,-5399.92822265625
100000000000000000000003,1,922125000,0,-46,1.93895171588745,0,0,0.040060001373291,1.63,0,-5399.92822265625
100000000000000000000001,1,922125000,0,-45.5,0.533825314184203,0,0,0.040060001373291,1.63,0,-5399.92822265625
100000000000000000000004,1,922125000,0,-51,2.46050518376857,0,0,0.040060001373291,1.63,0,-5399.92822265625
100000000000000000000000,1,922125000,0,-44,5.92730176439012,0,0,0.040060001373291,1.63,0,-5399.92822265625
100000000000000000000002,1,922125000,0,-45,2.77957318764878,0,0,0.040060001373291,1.63,0,-5399.92822265625
100000000000000000000003,1,922125000,0,-46,1.94508763903899,0,0,0.040060001373291,1.63,0,-5399.92822265625
100000000000000000000000,1,922125000,0,-44,5.9395736106932,0,0,0.040060001373291,1.63,0,-5399.92822265625
100000000000000000000004,1,922125000,0,-51,2.42982556801086,0,0,0.040060001373291,1.63,0,-5399.92822265625
100000000000000000000003,1,922125000,0,-46,1.97576725479671,0,0,0.040060001373291,1.63,0,-5399.92822265625
100000000000000000000001,1,922125000,0,-45.5,0.546097160487288,0,0,0.040060001373291,1.63,0,-5399.92822265625
100000000000000000000002,1,922125000,0,-45,2.78570911080032,0,0,0.040060001373291,1.63,0,-5399.92822265625
100000000000000000000002,1,922125000,0,-45,2.7673013413457,0,0,0.040060001373291,1.63,0,-5399.92822265625
100000000000000000000000,1,922125000,0,-44,5.92730176439012,0,0,0.040060001373291,1.63,0,-5399.92822265625
100000000000000000000003,1,922125000,0,-46,1.95735948534208,0,0,0.040060001373291,1.63,0,-5399.92822265625
100000000000000000000001,1,922125000,0,-45.5,0.546097160487288,0,0,0.040060001373291,1.63,0,-5399.92822265625
100000000000000000000004,1,922125000,0,-51,2.42982556801086,0,0,0.040060001373291,1.63,0,-5399.92822265625
100000000000000000000004,1,922125000,0,-51,2.42982556801086,0,0,0.040060001373291,1.63,0,-5399.92822265625
100000000000000000000001,1,922125000,0,-45.5,0.546097160487288,0,0,0.040060001373291,1.63,0,-5399.92822265625
100000000000000000000002,1,922125000,0,-45,2.7673013413457,0,0,0.040060001373291,1.63,0,-5399.92822265625
100000000000000000000000,1,922125000,0,-44,5.92116584123858,0,0,0.040060001373291,1.63,0,-5399.92822265625
100000000000000000000003,1,922125000,0,-46.5,1.95735948534208,0,0,0.040060001373291,1.63,0,-5399.92822265625
100000000000000000000002,1,922125000,0,-45,2.77343726449724,0,0,0.040060001373291,1.63,0,-5399.92822265625
100000000000000000000000,1,922125000,0,-44,5.9395736106932,0,0,0.040060001373291,1.63,0,-5399.92822265625
100000000000000000000001,1,922125000,0,-45.5,0.546097160487288,0,0,0.040060001373291,1.63,0,-5399.92822265625
100000000000000000000004,1,922125000,0,-51,2.4359614911624,0,0,0.040060001373291,1.63,0,-5399.92822265625
100000000000000000000003,1,922125000,0,-46,1.98190317794825,0,0,0.040060001373291,1.63,0,-5399.92822265625
100000000000000000000003,1,922125000,0,-46,1.97576725479671,0,0,0.040060001373291,1.63,0,-5399.92822265625
100000000000000000000000,1,922125000,0,-44,5.9395736106932,0,0,0.040060001373291,1.63,0,-5399.92822265625
100000000000000000000002,1,922125000,0,-45,2.75502949504261,0,0,0.040060001373291,1.63,0,-5399.92822265625
100000000000000000000001,1,922125000,0,-45.5,0.552233083638831,0,0,0.040060001373291,1.63,0,-5399.92822265625
100000000000000000000004,1,922125000,0,-51,2.44823333746548,0,0,0.040060001373291,1.63,0,-5399.92822265625
100000000000000000000000,1,922125000,0,-44,5.90275807178395,0,0,0.040060001373291,1.63,0,-5399.92822265625
100000000000000000000004,1,922125000,0,-51,2.46050518376857,0,0,0.040060001373291,1.63,0,-5399.92822265625
100000000000000000000003,1,922125000,0,-46.5,1.96963133164516,0,0,0.040060001373291,1.63,0,-5399.92822265625
100000000000000000000001,1,922125000,0,-45.5,0.564504929941916,0,0,0.040060001373291,1.63,0,-5399.92822265625
100000000000000000000002,1,922125000,0,-45,2.73048580243644,0,0,0.040060001373291,1.63,0,-5399.92822265625
100000000000000000000002,1,922125000,0,-45,2.74275764873953,0,0,0.040060001373291,1.63,0,-5399.92822265625
100000000000000000000000,1,922125000,0,-44,5.94570953384475,0,0,0.040060001373291,1.63,0,-5399.92822265625
100000000000000000000004,1,922125000,0,-51,2.46050518376857,0,0,0.040060001373291,1.63,0,-5399.92822265625
100000000000000000000001,1,922125000,0,-45.5,0.539961237335746,0,0,0.040060001373291,1.63,0,-5399.92822265625
100000000000000000000003,1,922125000,0,-46,1.96963133164516,0,0,0.040060001373291,1.63,0,-5399.92822265625
100000000000000000000004,1,922125000,0,-51,2.44823333746548,0,0,0.040060001373291,1.63,0,-5399.92822265625
100000000000000000000003,1,922125000,0,-46.5,1.98190317794825,0,0,0.040060001373291,1.63,0,-5399.92822265625
100000000000000000000000,1,922125000,0,-44,5.9395736106932,0,0,0.040060001373291,1.63,0,-5399.92822265625
100000000000000000000001,1,922125000,0,-45.5,0.546097160487288,0,0,0.040060001373291,1.63,0,-5399.92822265625
100000000000000000000002,1,922125000,0,-45,2.76116541819415,0,0,0.040060001373291,1.63,0,-5399.92822265625
100000000000000000000003,1,922125000,0,-46,1.97576725479671,0,0,0.040060001373291,1.63,0,-5399.92822265625
100000000000000000000000,1,922625000,0,-44.5,6.16660276730028,0,0,0.040060001373291,1.63,0,-5399.92822265625
100000000000000000000002,1,922625000,0,-45,3.00660234425586,0,0,0.040060001373291,1.63,0,-5399.92822265625
100000000000000000000004,1,922625000,0,-50.5,2.71821395613336,0,0,0.040060001373291,1.63,0,-5399.92822265625
100000000000000000000001,1,922625000,0,-45.5,0.779262240245906,0,0,0.040060001373291,1.63,0,-5399.92822265625
100000000000000000000003,1,922625000,0,-46.5,2.23961195031304,0,0,0.040060001373291,1.63,0,-5399.92822265625
100000000000000000000000,1,922625000,0,-44.5,6.14819499784565,0,0,0.040060001373291,1.63,0,-5399.92822265625
100000000000000000000002,1,922625000,0,-45,3.01887419055894,0,0,0.040060001373291,1.63,0,-5399.92822265625
100000000000000000000001,1,922625000,0,-45.5,0.76699039394282,0,0,0.040060001373291,1.63,0,-5399.92822265625
100000000000000000000004,1,922625000,0,-50.5,2.69980618667873,0,0,0.040060001373291,1.63,0,-5399.92822265625
100000000000000000000002,1,922625000,0,-45,3.01887419055894,0,0,0.040060001373291,1.63,0,-5399.92822265625
100000000000000000000004,1,922625000,0,-50.5,2.7243498792849,0,0,0.040060001373291,1.63,0,-5399.92822265625
100000000000000000000001,1,922625000,0,-45.5,0.791534086548991,0,0,0.040060001373291,1.63,0,-5399.92822265625
100000000000000000000000,1,922625000,0,-44.5,6.15433092099719,0,0,0.040060001373291,1.63,0,-5399.92822265625
100000000000000000000003,1,922625000,0,-46.5,2.24574787346458,0,0,0.040060001373291,1.63,0,-5399.92822265625
100000000000000000000000,1,922625000,0,-44.5,6.16046684414874,0,0,0.040060001373291,1.63,0,-5399.92822265625
100000000000000000000002,1,922625000,0,-45,3.02501011371048,0,0,0.040060001373291,1.63,0,-5399.92822265625
100000000000000000000003,1,922625000,0,-46.5,2.25801971976766,0,0,0.040060001373291,1.63,0,-5399.92822265625
100000000000000000000001,1,922625000,0,-45.5,0.779262240245906,0,0,0.040060001373291,1.63,0,-5399.92822265625
100000000000000000000004,1,922625000,0,-50,2.7243498792849,0,0,0.040060001373291,1.63,0,-5399.92822265625
100000000000000000000004,1,922625000,0,-50.5,2.71821395613336,0,0,0.040060001373291,1.63,0,-5399.92822265625
100000000000000000000003,1,922625000,0,-46.5,2.23347602716149,0,0,0.040060001373291,1.63,0,-5399.92822265625
100000000000000000000000,1,922625000,0,-44.5,6.14819499784565,0,0,0.040060001373291,1.63,0,-5399.92822265625
100000000000000000000002,1,922625000,0,-45,3.02501011371048,0,0,0.040060001373291,1.63,0,-5399.92822265625
100000000000000000000001,1,922625000,0,-45.5,0.791534086548991,0,0,0.040060001373291,1.63,0,-5399.92822265625
100000000000000000000002,1,922625000,0,-45,3.03728196001357,0,0,0.040060001373291,1.63,0,-5399.92822265625
100000000000000000000003,1,922625000,0,-46.5,2.23961195031304,0,0,0.040060001373291,1.63,0,-5399.92822265625
100000000000000000000000,1,922625000,0,-44.5,6.16660276730028,0,0,0.040060001373291,1.63,0,-5399.92822265625
100000000000000000000001,1,922625000,0,-45.5,0.791534086548991,0,0,0.040060001373291,1.63,0,-5399.92822265625
100000000000000000000004,1,922625000,0,-50.5,2.7243498792849,0,0,0.040060001373291,1.63,0,-5399.92822265625
100000000000000000000001,1,922625000,0,-45.5,0.785398163397448,0,0,0.040060001373291,1.63,0,-5399.92822265625
100000000000000000000003,1,922625000,0,-46.5,2.23347602716149,0,0,0.040060001373291,1.63,0,-5399.92822265625
100000000000000000000000,1,922625000,0,-44.5,6.16046684414874,0,0,0.040060001373291,1.63,0,-5399.92822265625
100000000000000000000004,1,922625000,0,-50.5,2.71207803298181,0,0,0.040060001373291,1.63,0,-5399.92822265625
100000000000000000000002,1,922625000,0,-45,3.03114603686203,0,0,0.040060001373291,1.63,0,-5399.92822265625
100000000000000000000002,1,922625000,0,-45,3.02501011371048,0,0,0.040060001373291,1.63,0,-5399.92822265625
100000000000000000000000,1,922625000,0,-44.5,6.15433092099719,0,0,0.040060001373291,1.63,0,-5399.92822265625
100000000000000000000001,1,922625000,0,-45.5,0.779262240245906,0,0,0.040060001373291,1.63,0,-5399.92822265625
100000000000000000000003,1,922625000,0,-46.5,2.20893233455532,0,0,0.040060001373291,1.63,0,-5399.92822265625
100000000000000000000004,1,922625000,0,-50.5,2.74889357189107,0,0,0.040060001373291,1.63,0,-5399.92822265625
100000000000000000000003,1,922625000,0,-46.5,2.24574787346458,0,0,0.040060001373291,1.63,0,-5399.92822265625
100000000000000000000004,1,922625000,0,-50.5,2.67526249407256,0,0,0.040060001373291,1.63,0,-5399.92822265625
100000000000000000000001,1,922625000,0,-45.5,0.785398163397448,0,0,0.040060001373291,1.63,0,-5399.92822265625
100000000000000000000000,1,922625000,0,-44.5,6.16046684414874,0,0,0.040060001373291,1.63,0,-5399.92822265625
100000000000000000000002,1,922625000,0,-45,3.00660234425586,0,0,0.040060001373291,1.63,0,-5399.92822265625
100000000000000000000002,1,922625000,0,-45,3.0127382674074,0,0,0.040060001373291,1.63,0,-5399.92822265625
100000000000000000000000,1,922625000,0,-44.5,6.16046684414874,0,0,0.040060001373291,1.63,0,-5399.92822265625
100000000000000000000004,1,922625000,0,-50.5,2.71207803298181,0,0,0.040060001373291,1.63,0,-5399.92822265625
100000000000000000000001,1,922625000,0,-45.5,0.779262240245906,0,0,0.040060001373291,1.63,0,-5399.92822265625
100000000000000000000003,1,922625000,0,-46.5,2.23347602716149,0,0,0.040060001373291,1.63,0,-5399.92822265625
100000000000000000000001,1,922625000,0,-45.5,0.791534086548991,0,0,0.040060001373291,1.63,0,-5399.92822265625
100000000000000000000000,1,922625000,0,-44.5,6.16660276730028,0,0,0.040060001373291,1.63,0,-5399.92822265625
100000000000000000000002,1,922625000,0,-45,3.02501011371048,0,0,0.040060001373291,1.63,0,-5399.92822265625
100000000000000000000003,1,922625000,0,-46.5,2.21506825770687,0,0,0.040060001373291,1.63,0,-5399.92822265625
100000000000000000000004,1,922625000,0,-50,2.71821395613336,0,0,0.040060001373291,1.63,0,-5399.92822265625
100000000000000000000003,1,922625000,0,-46.5,2.25188379661612,0,0,0.040060001373291,1.63,0,-5399.92822265625
100000000000000000000004,1,922625000,0,-50.5,2.68753434037564,0,0,0.040060001373291,1.63,0,-5399.92822265625
100000000000000000000002,1,922625000,0,-45,3.0127382674074,0,0,0.040060001373291,1.63,0,-5399.92822265625
100000000000000000000000,1,922625000,0,-44,6.16046684414874,0,0,0.040060001373291,1.63,0,-5399.92822265625
100000000000000000000001,1,922625000,0,-45.5,0.791534086548991,0,0,0.040060001373291,1.63,0,-5399.92822265625
100000000000000000000001,1,922625000,0,-45.5,0.779262240245906,0,0,0.040060001373291,1.63,0,-5399.92822265625
100000000000000000000003,1,922625000,0,-46.5,2.22734010400995,0,0,0.040060001373291,1.63,0,-5399.92822265625
100000000000000000000000,1,922625000,0,-44.5,6.16046684414874,0,0,0.040060001373291,1.63,0,-5399.92822265625
100000000000000000000002,1,922625000,0,-45,3.02501011371048,0,0,0.040060001373291,1.63,0,-5399.92822265625
100000000000000000000004,1,922625000,0,-50,2.7243498792849,0,0,0.040060001373291,1.63,0,-5399.92822265625
100000000000000000000002,1,922625000,0,-45,3.00046642110431,0,0,0.040060001373291,1.63,0,-5399.92822265625
100000000000000000000004,1,922625000,0,-50.5,2.71821395613336,0,0,0.040060001373291,1.63,0,-5399.92822265625
100000000000000000000003,1,922625000,0,-46.5,2.23347602716149,0,0,0.040060001373291,1.63,0,-5399.92822265625
100000000000000000000000,1,922625000,0,-44.5,6.17273869045182,0,0,0.040060001373291,1.63,0,-5399.92822265625
100000000000000000000001,1,922625000,0,-45.5,0.785398163397448,0,0,0.040060001373291,1.63,0,-5399.92822265625
100000000000000000000002,1,922625000,0,-45,3.01887419055894,0,0,0.040060001373291,1.63,0,-5399.92822265625
100000000000000000000000,1,922625000,0,-44.5,6.14205907469411,0,0,0.040060001373291,1.63,0,-5399.92822265625
100000000000000000000001,1,922625000,0,-45.5,0.779262240245906,0,0,0.040060001373291,1.63,0,-5399.92822265625
100000000000000000000003,1,922625000,0,-46.5,2.22120418085841,0,0,0.040060001373291,1.63,0,-5399.92822265625
100000000000000000000004,1,922625000,0,-50,2.67526249407256,0,0,0.040060001373291,1.63,0,-5399.92822265625
100000000000000000000001,1,922625000,0,-45.5,0.76699039394282,0,0,0.040060001373291,1.63,0,-5399.92822265625
100000000000000000000002,1,922625000,0,-45,3.00046642110431,0,0,0.040060001373291,1.63,0,-5399.92822265625
100000000000000000000000,1,922625000,0,-44.5,6.16660276730028,0,0,0.040060001373291,1.63,0,-5399.92822265625
100000000000000000000003,1,922625000,0,-46.5,2.23347602716149,0,0,0.040060001373291,1.63,0,-5399.92822265625
100000000000000000000004,1,922625000,0,-50.5,2.73048580243644,0,0,0.040060001373291,1.63,0,-5399.92822265625
100000000000000000000001,1,922625000,0,-45.5,0.791534086548991,0,0,0.040060001373291,1.63,0,-5399.92822265625
100000000000000000000003,1,922625000,0,-46,2.23347602716149,0,0,0.040060001373291,1.63,0,-5399.92822265625
100000000000000000000002,1,922625000,0,-45,3.0127382674074,0,0,0.040060001373291,1.63,0,-5399.92822265625
100000000000000000000000,1,922625000,0,-44.5,6.17273869045182,0,0,0.040060001373291,1.63,0,-5399.92822265625
100000000000000000000004,1,922625000,0,-50.5,2.71821395613336,0,0,0.040060001373291,1.63,0,-5399.92822265625
100000000000000000000002,1,922625000,0,-45,3.03114603686203,0,0,0.040060001373291,1.63,0,-5399.92822265625
100000000000000000000001,1,922625000,0,-45.5,0.791534086548991,0,0,0.040060001373291,1.63,0,-5399.92822265625
100000000000000000000000,1,922625000,0,-44.5,6.16046684414874,0,0,0.040060001373291,1.63,0,-5399.92822265625
100000000000000000000004,1,922625000,0,-50.5,2.7243498792849,0,0,0.040060001373291,1.63,0,-5399.92822265625
100000000000000000000003,1,922625000,0,-46.5,2.25188379661612,0,0,0.040060001373291,1.63,0,-5399.92822265625
100000000000000000000002,1,922625000,0,-45,3.00660234425586,0,0,0.040060001373291,1.63,0,-5399.92822265625
100000000000000000000000,1,922625000,0,-44.5,6.16046684414874,0,0,0.040060001373291,1.63,0,-5399.92822265625
100000000000000000000003,1,922625000,0,-46.5,2.23347602716149,0,0,0.040060001373291,1.63,0,-5399.92822265625
100000000000000000000001,1,922625000,0,-45.5,0.797670009700534,0,0,0.040060001373291,1.63,0,-5399.92822265625
100000000000000000000004,1,922625000,0,-50.5,2.7243498792849,0,0,0.040060001373291,1.63,0,-5399.92822265625
100000000000000000000003,1,922625000,0,-46.5,2.24574787346458,0,0,0.040060001373291,1.63,0,-5399.92822265625
100000000000000000000001,1,922625000,0,-45.5,0.785398163397448,0,0,0.040060001373291,1.63,0,-5399.92822265625
100000000000000000000004,1,922625000,0,-50,2.7243498792849,0,0,0.040060001373291,1.63,0,-5399.92822265625
100000000000000000000002,1,922625000,0,-45,3.01887419055894,0,0,0.040060001373291,1.63,0,-5399.92822265625
100000000000000000000000,1,922625000,0,-44.5,6.16046684414874,0,0,0.040060001373291,1.63,0,-5399.92822265625
100000000000000000000001,1,922625000,0,-45.5,0.785398163397448,0,0,0.040060001373291,1.63,0,-5399.92822265625
100000000000000000000003,1,922625000,0,-46.5,2.25801971976766,0,0,0.040060001373291,1.63,0,-5399.92822265625
100000000000000000000000,1,922625000,0,-44.5,6.16046684414874,0,0,0.040060001373291,1.63,0,-5399.92822265625
100000000000000000000002,1,922625000,0,-45,3.0127382674074,0,0,0.040060001373291,1.63,0,-5399.92822265625
100000000000000000000004,1,922625000,0,-50.5,2.66912657092102,0,0,0.040060001373291,1.63,0,-5399.92822265625
100000000000000000000003,1,922625000,0,-46.5,2.23961195031304,0,0,0.040060001373291,1.63,0,-5399.92822265625
100000000000000000000000,1,922625000,0,-44.5,6.15433092099719,0,0,0.040060001373291,1.63,0,-5399.92822265625
100000000000000000000002,1,922625000,0,-45,3.01887419055894,0,0,0.040060001373291,1.63,0,-5399.92822265625
100000000000000000000001,1,922625000,0,-45.5,0.791534086548991,0,0,0.040060001373291,1.63,0,-5399.92822265625
100000000000000000000004,1,922625000,0,-50.5,2.73048580243644,0,0,0.040060001373291,1.63,0,-5399.92822265625
100000000000000000000003,1,922625000,0,-46.5,2.23961195031304,0,0,0.040060001373291,1.63,0,-5399.92822265625
100000000000000000000002,1,922625000,0,-45,3.00046642110431,0,0,0.040060001373291,1.63,0,-5399.92822265625
100000000000000000000001,1,922625000,0,-45.5,0.779262240245906,0,0,0.040060001373291,1.63,0,-5399.92822265625
100000000000000000000000,1,922625000,0,-44.5,6.15433092099719,0,0,0.040060001373291,1.63,0,-5399.92822265625
100000000000000000000004,1,922625000,0,-50,2.71207803298181,0,0,0.040060001373291,1.63,0,-5399.92822265625
100000000000000000000002,1,922625000,0,-45,3.02501011371048,0,0,0.040060001373291,1.63,0,-5399.92822265625
100000000000000000000004,1,922625000,0,-50.5,2.71207803298181,0,0,0.040060001373291,1.63,0,-5399.92822265625
100000000000000000000003,1,922625000,0,-46.5,2.23961195031304,0,0,0.040060001373291,1.63,0,-5399.92822265625
100000000000000000000000,1,922625000,0,-44.5,6.14205907469411,0,0,0.040060001373291,1.63,0,-5399.92822265625
100000000000000000000001,1,922625000,0,-45.5,0.773126317094363,0,0,0.040060001373291,1.63,0,-5399.92822265625
100000000000000000000002,1,922625000,0,-45,3.03114603686203,0,0,0.040060001373291,1.63,0,-5399.92822265625
100000000000000000000000,1,922625000,0,-44.5,6.17273869045182,0,0,0.040060001373291,1.63,0,-5399.92822265625
100000000000000000000003,1,922625000,0,-46.5,2.21506825770687,0,0,0.040060001373291,1.63,0,-5399.92822265625
100000000000000000000004,1,922625000,0,-50,2.69367026352719,0,0,0.040060001373291,1.63,0,-5399.92822265625
100000000000000000000001,1,922625000,0,-45.5,0.797670009700534,0,0,0.040060001373291,1.63,0,-5399.92822265625
100000000000000000000003,1,922625000,0,-46.5,2.23961195031304,0,0,0.040060001373291,1.63,0,-5399.92822265625
100000000000000000000002,1,922625000,0,-45,3.01887419055894,0,0,0.040060001373291,1.63,0,-5399.92822265625
100000000000000000000004,1,922625000,0,-50.5,2.69367026352719,0,0,0.040060001373291,1.63,0,-5399.92822265625
100000000000000000000001,1,922625000,0,-45.5,0.785398163397448,0,0,0.040060001373291,1.63,0,-5399.92822265625
100000000000000000000000,1,922625000,0,-44.5,6.15433092099719,0,0,0.040060001373291,1.63,0,-5399.92822265625
100000000000000000000001,1,922625000,0,-45.5,0.779262240245906,0,0,0.040060001373291,1.63,0,-5399.92822265625
100000000000000000000000,1,922625000,0,-44.5,6.14819499784565,0,0,0.040060001373291,1.63,0,-5399.92822265625
100000000000000000000002,1,922625000,0,-45,3.00660234425586,0,0,0.040060001373291,1.63,0,-5399.92822265625
100000000000000000000003,1,922625000,0,-46,2.25801971976766,0,0,0.040060001373291,1.63,0,-5399.92822265625
100000000000000000000004,1,922625000,0,-50.5,2.7243498792849,0,0,0.040060001373291,1.63,0,-5399.92822265625
100000000000000000000002,1,922625000,0,-45,3.0127382674074,0,0,0.040060001373291,1.63,0,-5399.92822265625
100000000000000000000000,1,922625000,0,-44.5,6.16046684414874,0,0,0.040060001373291,1.63,0,-5399.92822265625
100000000000000000000004,1,922625000,0,-50,2.69980618667873,0,0,0.040060001373291,1.63,0,-5399.92822265625
100000000000000000000003,1,922625000,0,-46.5,2.22734010400995,0,0,0.040060001373291,1.63,0,-5399.92822265625
100000000000000000000001,1,922625000,0,-45.5,0.773126317094363,0,0,0.040060001373291,1.63,0,-5399.92822265625
100000000000000000000000,1,922625000,0,-44.5,6.16046684414874,0,0,0.040060001373291,1.63,0,-5399.92822265625
100000000000000000000004,1,922625000,0,-50,2.74275764873953,0,0,0.040060001373291,1.63,0,-5399.92822265625
100000000000000000000001,1,922625000,0,-45.5,0.773126317094363,0,0,0.040060001373291,1.63,0,-5399.92822265625
100000000000000000000003,1,922625000,0,-46.5,2.25801971976766,0,0,0.040060001373291,1.63,0,-5399.92822265625
100000000000000000000002,1,922625000,0,-45,3.02501011371048,0,0,0.040060001373291,1.63,0,-5399.92822265625
100000000000000000000004,1,922625000,0,-50.5,2.71207803298181,0,0,0.040060001373291,1.63,0,-5399.92822265625
100000000000000000000001,1,922625000,0,-45.5,0.779262240245906,0,0,0.040060001373291,1.63,0,-5399.92822265625
100000000000000000000000,1,922625000,0,-44.5,6.18501053675491,0,0,0.040060001373291,1.63,0,-5399.92822265625
100000000000000000000002,1,922625000,0,-45,3.01887419055894,0,0,0.040060001373291,1.63,0,-5399.92822265625
100000000000000000000003,1,922625000,0,-46.5,2.23961195031304,0,0,0.040060001373291,1.63,0,-5399.92822265625
100000000000000000000000,1,922625000,0,-44.5,6.15433092099719,0,0,0.040060001373291,1.63,0,-5399.92822265625
100000000000000000000003,1,922625000,0,-46.5,2.25801971976766,0,0,0.040060001373291,1.63,0,-5399.92822265625
100000000000000000000001,1,922625000,0,-45.5,0.773126317094363,0,0,0.040060001373291,1.63,0,-5399.92822265625
100000000000000000000002,1,922625000,0,-45,3.01887419055894,0,0,0.040060001373291,1.63,0,-5399.92822265625
100000000000000000000004,1,922625000,0,-50.5,2.71207803298181,0,0,0.040060001373291,1.63,0,-5399.92822265625
100000000000000000000001,1,922625000,0,-45.5,0.809941856003618,0,0,0.040060001373291,1.63,0,-5399.92822265625
100000000000000000000000,1,922625000,0,-44.5,6.14205907469411,0,0,0.040060001373291,1.63,0,-5399.92822265625
100000000000000000000002,1,922625000,0,-45,3.02501011371048,0,0,0.040060001373291,1.63,0,-5399.92822265625
100000000000000000000003,1,922625000,0,-46.5,2.23347602716149,0,0,0.040060001373291,1.63,0,-5399.92822265625
100000000000000000000004,1,922625000,0,-50,2.69367026352719,0,0,0.040060001373291,1.63,0,-5399.92822265625
100000000000000000000003,1,922625000,0,-46.5,2.25188379661612,0,0,0.040060001373291,1.63,0,-5399.92822265625
100000000000000000000000,1,922625000,0,-44.5,6.16046684414874,0,0,0.040060001373291,1.63,0,-5399.92822265625
100000000000000000000004,1,922625000,0,-50,2.73048580243644,0,0,0.040060001373291,1.63,0,-5399.92822265625
100000000000000000000002,1,922625000,0,-45,3.01887419055894,0,0,0.040060001373291,1.63,0,-5399.92822265625
100000000000000000000001,1,922625000,0,-45.5,0.785398163397448,0,0,0.040060001373291,1.63,0,-5399.92822265625
100000000000000000000004,1,922625000,0,-50.5,2.70594210983027,0,0,0.040060001373291,1.63,0,-5399.92822265625
100000000000000000000000,1,922625000,0,-44.5,6.16046684414874,0,0,0.040060001373291,1.63,0,-5399.92822265625
100000000000000000000001,1,922625000,0,-45.5,0.773126317094363,0,0,0.040060001373291,1.63,0,-5399.92822265625
100000000000000000000002,1,922625000,0,-45,3.0127382674074,0,0,0.040060001373291,1.63,0,-5399.92822265625
100000000000000000000003,1,922625000,0,-46.5,2.25188379661612,0,0,0.040060001373291,1.63,0,-5399.92822265625
100000000000000000000003,1,922625000,0,-46.5,2.25188379661612,0,0,0.040060001373291,1.63,0,-5399.92822265625
100000000000000000000002,1,922625000,0,-45,3.03728196001357,0,0,0.040060001373291,1.63,0,-5399.92822265625
100000000000000000000000,1,922625000,0,-44.5,6.14205907469411,0,0,0.040060001373291,1.63,0,-5399.92822265625
100000000000000000000004,1,922625000,0,-50,2.71207803298181,0,0,0.040060001373291,1.63,0,-5399.92822265625
100000000000000000000001,1,922625000,0,-45.5,0.791534086548991,0,0,0.040060001373291,1.63,0,-5399.92822265625
100000000000000000000002,1,922625000,0,-45,3.03728196001357,0,0,0.040060001373291,1.63,0,-5399.92822265625
100000000000000000000001,1,922625000,0,-45.5,0.785398163397448,0,0,0.040060001373291,1.63,0,-5399.92822265625
100000000000000000000003,1,922625000,0,-46.5,2.23347602716149,0,0,0.040060001373291,1.63,0,-5399.92822265625
100000000000000000000000,1,922625000,0,-44.5,6.17273869045182,0,0,0.040060001373291,1.63,0,-5399.92822265625
100000000000000000000004,1,922625000,0,-50.5,2.71821395613336,0,0,0.040060001373291,1.63,0,-5399.92822265625
100000000000000000000003,1,922625000,0,-46,2.24574787346458,0,0,0.040060001373291,1.63,0,-5399.92822265625
100000000000000000000001,1,922625000,0,-45.5,0.785398163397448,0,0,0.040060001373291,1.63,0,-5399.92822265625
100000000000000000000002,1,922625000,0,-45,3.01887419055894,0,0,0.040060001373291,1.63,0,-5399.92822265625
100000000000000000000000,1,922625000,0,-44.5,6.15433092099719,0,0,0.040060001373291,1.63,0,-5399.92822265625
100000000000000000000004,1,922625000,0,-50,2.7243498792849,0,0,0.040060001373291,1.63,0,-5399.92822265625
100000000000000000000000,1,922625000,0,-44.5,6.15433092099719,0,0,0.040060001373291,1.63,0,-5399.92822265625
100000000000000000000001,1,922625000,0,-45.5,0.785398163397448,0,0,0.040060001373291,1.63,0,-5399.92822265625
100000000000000000000002,1,922625000,0,-45,3.00660234425586,0,0,0.040060001373291,1.63,0,-5399.92822265625
100000000000000000000003,1,922625000,0,-46.5,2.23961195031304,0,0,0.040060001373291,1.63,0,-5399.92822265625
100000000000000000000004,1,922625000,0,-50.5,2.7243498792849,0,0,0.040060001373291,1.63,0,-5399.92822265625
100000000000000000000004,1,922625000,0,-50,2.71821395613336,0,0,0.040060001373291,1.63,0,-5399.92822265625
100000000000000000000002,1,922625000,0,-45,3.0127382674074,0,0,0.040060001373291,1.63,0,-5399.92822265625
100000000000000000000001,1,922625000,0,-45.5,0.76699039394282,0,0,0.040060001373291,1.63,0,-5399.92822265625
100000000000000000000000,1,922625000,0,-44.5,6.16046684414874,0,0,0.040060001373291,1.63,0,-5399.92822265625
100000000000000000000003,1,922625000,0,-46.5,2.22734010400995,0,0,0.040060001373291,1.63,0,-5399.92822265625
100000000000000000000000,1,922625000,0,-44.5,6.15433092099719,0,0,0.040060001373291,1.63,0,-5399.92822265625
100000000000000000000001,1,922625000,0,-45.5,0.773126317094363,0,0,0.040060001373291,1.63,0,-5399.92822265625
100000000000000000000003,1,922625000,0,-46.5,2.25188379661612,0,0,0.040060001373291,1.63,0,-5399.92822265625
100000000000000000000004,1,922625000,0,-50,2.71207803298181,0,0,0.040060001373291,1.63,0,-5399.92822265625
100000000000000000000002,1,922625000,0,-45,3.02501011371048,0,0,0.040060001373291,1.63,0,-5399.92822265625
100000000000000000000003,1,922625000,0,-46,2.25801971976766,0,0,0.040060001373291,1.63,0,-5399.92822265625
100000000000000000000000,1,922625000,0,-44.5,6.16660276730028,0,0,0.040060001373291,1.63,0,-5399.92822265625
100000000000000000000001,1,922625000,0,-45.5,0.791534086548991,0,0,0.040060001373291,1.63,0,-5399.92822265625
100000000000000000000002,1,922625000,0,-45,3.00660234425586,0,0,0.040060001373291,1.63,0,-5399.92822265625
100000000000000000000004,1,922625000,0,-50.5,2.71821395613336,0,0,0.040060001373291,1.63,0,-5399.92822265625
100000000000000000000003,1,922625000,0,-46.5,2.22734010400995,0,0,0.040060001373291,1.63,0,-5399.92822265625
100000000000000000000000,1,922625000,0,-44.5,6.16046684414874,0,0,0.040060001373291,1.63,0,-5399.92822265625
100000000000000000000001,1,922625000,0,-45.5,0.791534086548991,0,0,0.040060001373291,1.63,0,-5399.92822265625
100000000000000000000004,1,922625000,0,-50.5,2.71207803298181,0,0,0.040060001373291,1.63,0,-5399.92822265625
100000000000000000000002,1,922625000,0,-45,3.00660234425586,0,0,0.040060001373291,1.63,0,-5399.92822265625
100000000000000000000000,1,922625000,0,-44.5,6.14205907469411,0,0,0.040060001373291,1.63,0,-5399.92822265625
100000000000000000000002,1,922625000,0,-45,3.03114603686203,0,0,0.040060001373291,1.63,0,-5399.92822265625
100000000000000000000004,1,922625000,0,-50.5,2.69980618667873,0,0,0.040060001373291,1.63,0,-5399.92822265625
100000000000000000000001,1,922625000,0,-45.5,0.785398163397448,0,0,0.040060001373291,1.63,0,-5399.92822265625
100000000000000000000003,1,922625000,0,-46.5,2.24574787346458,0,0,0.040060001373291,1.63,0,-5399.92822265625
100000000000000000000001,1,922625000,0,-45.5,0.785398163397448,0,0,0.040060001373291,1.63,0,-5399.92822265625
100000000000000000000000,1,922625000,0,-44.5,6.15433092099719,0,0,0.040060001373291,1.63,0,-5399.92822265625
100000000000000000000002,1,922625000,0,-45,3.03728196001357,0,0,0.040060001373291,1.63,0,-5399.92822265625
100000000000000000000003,1,922625000,0,-46.5,2.24574787346458,0,0,0.040060001373291,1.63,0,-5399.92822265625
100000000000000000000004,1,922625000,0,-50,2.71207803298181,0,0,0.040060001373291,1.63,0,-5399.92822265625
100000000000000000000000,1,922625000,0,-44.5,6.17273869045182,0,0,0.040060001373291,1.63,0,-5399.92822265625
100000000000000000000004,1,922625000,0,-50.5,2.7243498792849,0,0,0.040060001373291,1.63,0,-5399.92822265625
100000000000000000000002,1,922625000,0,-45,3.02501011371048,0,0,0.040060001373291,1.63,0,-5399.92822265625
100000000000000000000001,1,922625000,0,-45.5,0.785398163397448,0,0,0.040060001373291,1.63,0,-5399.92822265625
100000000000000000000003,1,922625000,0,-46.5,2.23347602716149,0,0,0.040060001373291,1.63,0,-5399.92822265625
100000000000000000000003,1,922625000,0,-46.5,2.23961195031304,0,0,0.040060001373291,1.63,0,-5399.92822265625
100000000000000000000001,1,922625000,0,-45.5,0.797670009700534,0,0,0.040060001373291,1.63,0,-5399.92822265625
100000000000000000000004,1,922625000,0,-50.5,2.7243498792849,0,0,0.040060001373291,1.63,0,-5399.92822265625
100000000000000000000002,1,922625000,0,-45,3.00660234425586,0,0,0.040060001373291,1.63,0,-5399.92822265625
100000000000000000000000,1,922625000,0,-44.5,6.16660276730028,0,0,0.040060001373291,1.63,0,-5399.92822265625
100000000000000000000003,1,922625000,0,-46,2.25188379661612,0,0,0.040060001373291,1.63,0,-5399.92822265625
100000000000000000000000,1,922625000,0,-44.5,6.15433092099719,0,0,0.040060001373291,1.63,0,-5399.92822265625
100000000000000000000001,1,922625000,0,-45.5,0.773126317094363,0,0,0.040060001373291,1.63,0,-5399.92822265625
100000000000000000000004,1,922625000,0,-50.5,2.71821395613336,0,0,0.040060001373291,1.63,0,-5399.92822265625
100000000000000000000002,1,922625000,0,-45,3.0127382674074,0,0,0.040060001373291,1.63,0,-5399.92822265625
100000000000000000000000,1,922625000,0,-44.5,6.16660276730028,0,0,0.040060001373291,1.63,0,-5399.92822265625
100000000000000000000004,1,922625000,0,-50.5,2.73048580243644,0,0,0.040060001373291,1.63,0,-5399.92822265625
100000000000000000000002,1,922625000,0,-45,3.0127382674074,0,0,0.040060001373291,1.63,0,-5399.92822265625
100000000000000000000003,1,922625000,0,-46.5,2.25188379661612,0,0,0.040060001373291,1.63,0,-5399.92822265625
100000000000000000000001,1,922625000,0,-45.5,0.791534086548991,0,0,0.040060001373291,1.63,0,-5399.92822265625
100000000000000000000000,1,922625000,0,-44.5,6.14205907469411,0,0,0.040060001373291,1.63,0,-5399.92822265625
100000000000000000000001,1,922625000,0,-45.5,0.779262240245906,0,0,0.040060001373291,1.63,0,-5399.92822265625
100000000000000000000002,1,922625000,0,-45,3.01887419055894,0,0,0.040060001373291,1.63,0,-5399.92822265625
100000000000000000000003,1,922625000,0,-46.5,2.23961195031304,0,0,0.040060001373291,1.63,0,-5399.92822265625
100000000000000000000004,1,922625000,0,-50.5,2.73048580243644,0,0,0.040060001373291,1.63,0,-5399.92822265625
100000000000000000000004,1,922625000,0,-50.5,2.7243498792849,0,0,0.040060001373291,1.63,0,-5399.92822265625
100000000000000000000002,1,922625000,0,-45,3.0127382674074,0,0,0.040060001373291,1.63,0,-5399.92822265625
100000000000000000000003,1,922625000,0,-46.5,2.20279641140378,0,0,0.040060001373291,1.63,0,-5399.92822265625
100000000000000000000000,1,922625000,0,-44.5,6.15433092099719,0,0,0.040060001373291,1.63,0,-5399.92822265625
100000000000000000000001,1,922625000,0,-45.5,0.785398163397448,0,0,0.040060001373291,1.63,0,-5399.92822265625
100000000000000000000003,1,922625000,0,-46.5,2.23347602716149,0,0,0.040060001373291,1.63,0,-5399.92822265625
100000000000000000000000,1,922625000,0,-44.5,6.17273869045182,0,0,0.040060001373291,1.63,0,-5399.92822265625
100000000000000000000001,1,922625000,0,-45.5,0.773126317094363,0,0,0.040060001373291,1.63,0,-5399.92822265625
100000000000000000000002,1,922625000,0,-45,3.03728196001357,0,0,0.040060001373291,1.63,0,-5399.92822265625
100000000000000000000004,1,922625000,0,-50,2.73048580243644,0,0,0.040060001373291,1.63,0,-5399.92822265625
100000000000000000000003,1,922625000,0,-46.5,2.23347602716149,0,0,0.040060001373291,1.63,0,-5399.92822265625
100000000000000000000000,1,922625000,0,-44.5,6.16046684414874,0,0,0.040060001373291,1.63,0,-5399.92822265625
100000000000000000000002,1,922625000,0,-45,3.0127382674074,0,0,0.040060001373291,1.63,0,-5399.92822265625
100000000000000000000004,1,922625000,0,-50,2.74889357189107,0,0,0.040060001373291,1.63,0,-5399.92822265625
100000000000000000000001,1,922625000,0,-45.5,0.791534086548991,0,0,0.040060001373291,1.63,0,-5399.92822265625
100000000000000000000000,1,922625000,0,-44.5,6.16660276730028,0,0,0.040060001373291,1.63,0,-5399.92822265625
100000000000000000000002,1,922625000,0,-45,3.00660234425586,0,0,0.040060001373291,1.63,0,-5399.92822265625
100000000000000000000001,1,922625000,0,-45.5,0.797670009700534,0,0,0.040060001373291,1.63,0,-5399.92822265625
100000000000000000000004,1,922625000,0,-50,2.71207803298181,0,0,0.040060001373291,1.63,0,-5399.92822265625
100000000000000000000003,1,922625000,0,-46,2.23961195031304,0,0,0.040060001373291,1.63,0,-5399.92822265625
100000000000000000000001,1,922625000,0,-45.5,0.779262240245906,0,0,0.040060001373291,1.63,0,-5399.92822265625
100000000000000000000003,1,922625000,0,-46.5,2.23961195031304,0,0,0.040060001373291,1.63,0,-5399.92822265625
100000000000000000000004,1,922625000,0,-50,2.70594210983027,0,0,0.040060001373291,1.63,0,-5399.92822265625
100000000000000000000000,1,922625000,0,-44,6.16660276730028,0,0,0.040060001373291,1.63,0,-5399.92822265625
100000000000000000000002,1,922625000,0,-45,3.03728196001357,0,0,0.040060001373291,1.63,0,-5399.92822265625
100000000000000000000004,1,922625000,0,-50,2.71207803298181,0,0,0.040060001373291,1.63,0,-5399.92822265625
100000000000000000000000,1,922625000,0,-44.5,6.16660276730028,0,0,0.040060001373291,1.63,0,-5399.92822265625
100000000000000000000002,1,922625000,0,-45,3.0556897294682,0,0,0.040060001373291,1.63,0,-5399.92822265625
100000000000000000000001,1,922625000,0,-45.5,0.785398163397448,0,0,0.040060001373291,1.63,0,-5399.92822265625
100000000000000000000003,1,922625000,0,-46.5,2.25188379661612,0,0,0.040060001373291,1.63,0,-5399.92822265625
100000000000000000000000,1,922625000,0,-44.5,6.14819499784565,0,0,0.040060001373291,1.63,0,-5399.92822265625
100000000000000000000003,1,922625000,0,-46.5,2.23961195031304,0,0,0.040060001373291,1.63,0,-5399.92822265625
100000000000000000000004,1,922625000,0,-50,2.71207803298181,0,0,0.040060001373291,1.63,0,-5399.92822265625
100000000000000000000001,1,922625000,0,-45.5,0.803805932852076,0,0,0.040060001373291,1.63,0,-5399.92822265625
100000000000000000000002,1,922625000,0,-45,3.02501011371048,0,0,0.040060001373291,1.63,0,-5399.92822265625
100000000000000000000001,1,922625000,0,-45.5,0.809941856003618,0,0,0.040060001373291,1.63,0,-5399.92822265625
100000000000000000000003,1,922625000,0,-46.5,2.24574787346458,0,0,0.040060001373291,1.63,0,-5399.92822265625
100000000000000000000004,1,922625000,0,-50.5,2.69367026352719,0,0,0.040060001373291,1.63,0,-5399.92822265625
100000000000000000000000,1,922625000,0,-44.5,6.16660276730028,0,0,0.040060001373291,1.63,0,-5399.92822265625
100000000000000000000002,1,922625000,0,-45,2.99433049795277,0,0,0.040060001373291,1.63,0,-5399.92822265625
100000000000000000000004,1,922625000,0,-50.5,2.70594210983027,0,0,0.040060001373291,1.63,0,-5399.92822265625
100000000000000000000003,1,922625000,0,-46.5,2.22734010400995,0,0,0.040060001373291,1.63,0,-5399.92822265625
100000000000000000000000,1,922625000,0,-44.5,6.15433092099719,0,0,0.040060001373291,1.63,0,-5399.92822265625
100000000000000000000002,1,922625000,0,-45,3.0127382674074,0,0,0.040060001373291,1.63,0,-5399.92822265625
100000000000000000000001,1,922625000,0,-45.5,0.773126317094363,0,0,0.040060001373291,1.63,0,-5399.92822265625
100000000000000000000004,1,922625000,0,-50.5,2.70594210983027,0,0,0.040060001373291,1.63,0,-5399.92822265625
100000000000000000000001,1,922625000,0,-45.5,0.760854470791278,0,0,0.040060001373291,1.63,0,-5399.92822265625
100000000000000000000002,1,922625000,0,-45,3.03114603686203,0,0,0.040060001373291,1.63,0,-5399.92822265625
100000000000000000000000,1,922625000,0,-44.5,6.14819499784565,0,0,0.040060001373291,1.63,0,-5399.92822265625
100000000000000000000003,1,922625000,0,-46.5,2.22120418085841,0,0,0.040060001373291,1.63,0,-5399.92822265625
100000000000000000000001,1,922625000,0,-45.5,0.791534086548991,0,0,0.040060001373291,1.63,0,-5399.92822265625
100000000000000000000004,1,922625000,0,-50.5,2.71821395613336,0,0,0.040060001373291,1.63,0,-5399.92822265625
100000000000000000000000,1,922625000,0,-44.5,6.15433092099719,0,0,0.040060001373291,1.63,0,-5399.92822265625
100000000000000000000003,1,922625000,0,-46.5,2.23347602716149,0,0,0.040060001373291,1.63,0,-5399.92822265625
100000000000000000000002,1,922625000,0,-45,3.02501011371048,0,0,0.040060001373291,1.63,0,-5399.92822265625
100000000000000000000002,1,922625000,0,-45.5,3.03114603686203,0,0,0.040060001373291,1.63,0,-5399.92822265625
100000000000000000000001,1,922625000,0,-45.5,0.779262240245906,0,0,0.040060001373291,1.63,0,-5399.92822265625
100000000000000000000000,1,922625000,0,-44.5,6.15433092099719,0,0,0.040060001373291,1.63,0,-5399.92822265625
100000000000000000000003,1,922625000,0,-46,2.22734010400995,0,0,0.040060001373291,1.63,0,-5399.92822265625
100000000000000000000004,1,922625000,0,-50.5,2.71821395613336,0,0,0.040060001373291,1.63,0,-5399.92822265625
100000000000000000000002,1,922625000,0,-45,3.02501011371048,0,0,0.040060001373291,1.63,0,-5399.92822265625
100000000000000000000001,1,922625000,0,-45.5,0.803805932852076,0,0,0.040060001373291,1.63,0,-5399.92822265625
100000000000000000000003,1,922625000,0,-46,2.25188379661612,0,0,0.040060001373291,1.63,0,-5399.92822265625
100000000000000000000000,1,922625000,0,-44.5,6.15433092099719,0,0,0.040060001373291,1.63,0,-5399.92822265625
100000000000000000000004,1,922625000,0,-50.5,2.73048580243644,0,0,0.040060001373291,1.63,0,-5399.92822265625
100000000000000000000003,1,922625000,0,-46.5,2.23961195031304,0,0,0.040060001373291,1.63,0,-5399.92822265625
100000000000000000000004,1,922625000,0,-50,2.71207803298181,0,0,0.040060001373291,1.63,0,-5399.92822265625
100000000000000000000000,1,922625000,0,-44.5,6.15433092099719,0,0,0.040060001373291,1.63,0,-5399.92822265625
100000000000000000000001,1,922625000,0,-45.5,0.779262240245906,0,0,0.040060001373291,1.63,0,-5399.92822265625
100000000000000000000002,1,922625000,0,-45,3.0127382674074,0,0,0.040060001373291,1.63,0,-5399.92822265625
100000000000000000000001,1,922625000,0,-45.5,0.791534086548991,0,0,0.040060001373291,1.63,0,-5399.92822265625
100000000000000000000000,1,922625000,0,-44.5,6.16660276730028,0,0,0.040060001373291,1.63,0,-5399.92822265625
100000000000000000000003,1,922625000,0,-46.5,2.25801971976766,0,0,0.040060001373291,1.63,0,-5399.92822265625
100000000000000000000002,1,922625000,0,-45,3.02501011371048,0,0,0.040060001373291,1.63,0,-5399.92822265625
100000000000000000000004,1,922625000,0,-50,2.69980618667873,0,0,0.040060001373291,1.63,0,-5399.92822265625
100000000000000000000004,1,922625000,0,-50.5,2.73048580243644,0,0,0.040060001373291,1.63,0,-5399.92822265625
100000000000000000000002,1,922625000,0,-45,3.02501011371048,0,0,0.040060001373291,1.63,0,-5399.92822265625
100000000000000000000000,1,922625000,0,-44.5,6.14205907469411,0,0,0.040060001373291,1.63,0,-5399.92822265625
100000000000000000000003,1,922625000,0,-46,2.20893233455532,0,0,0.040060001373291,1.63,0,-5399.92822265625
100000000000000000000001,1,922625000,0,-45.5,0.760854470791278,0,0,0.040060001373291,1.63,0,-5399.92822265625
100000000000000000000004,1,922625000,0,-50.5,2.74275764873953,0,0,0.040060001373291,1.63,0,-5399.92822265625
100000000000000000000003,1,922625000,0,-46.5,2.23961195031304,0,0,0.040060001373291,1.63,0,-5399.92822265625
100000000000000000000002,1,922625000,0,-45,3.00660234425586,0,0,0.040060001373291,1.63,0,-5399.92822265625
100000000000000000000000,1,922625000,0,-44.5,6.16046684414874,0,0,0.040060001373291,1.63,0,-5399.92822265625
100000000000000000000001,1,922625000,0,-45.5,0.785398163397448,0,0,0.040060001373291,1.63,0,-5399.92822265625
100000000000000000000003,1,922625000,0,-46.5,2.23347602716149,0,0,0.040060001373291,1.63,0,-5399.92822265625
100000000000000000000002,1,922625000,0,-45,3.03728196001357,0,0,0.040060001373291,1.63,0,-5399.92822265625
100000000000000000000000,1,922625000,0,-44.5,6.15433092099719,0,0,0.040060001373291,1.63,0,-5399.92822265625
100000000000000000000001,1,922625000,0,-45.5,0.791534086548991,0,0,0.040060001373291,1.63,0,-5399.92822265625
100000000000000000000004,1,922625000,0,-50,2.7243498792849,0,0,0.040060001373291,1.63,0,-5399.92822265625
100000000000000000000001,1,922625000,0,-45.5,0.791534086548991,0,0,0.040060001373291,1.63,0,-5399.92822265625
100000000000000000000004,1,922625000,0,-50.5,2.70594210983027,0,0,0.040060001373291,1.63,0,-5399.92822265625
100000000000000000000003,1,922625000,0,-46,2.24574787346458,0,0,0.040060001373291,1.63,0,-5399.92822265625
100000000000000000000002,1,922625000,0,-45,3.00660234425586,0,0,0.040060001373291,1.63,0,-5399.92822265625
100000000000000000000000,1,922625000,0,-44.5,6.16046684414874,0,0,0.040060001373291,1.63,0,-5399.92822265625
100000000000000000000000,1,922625000,0,-44.5,6.15433092099719,0,0,0.040060001373291,1.63,0,-5399.92822265625
100000000000000000000002,1,922625000,0,-45,3.0127382674074,0,0,0.040060001373291,1.63,0,-5399.92822265625
100000000000000000000003,1,922625000,0,-46.5,2.24574787346458,0,0,0.040060001373291,1.63,0,-5399.92822265625
100000000000000000000001,1,922625000,0,-45.5,0.779262240245906,0,0,0.040060001373291,1.63,0,-5399.92822265625
100000000000000000000004,1,922625000,0,-50,2.71821395613336,0,0,0.040060001373291,1.63,0,-5399.92822265625
100000000000000000000004,1,922625000,0,-50.5,2.74275764873953,0,0,0.040060001373291,1.63,0,-5399.92822265625
100000000000000000000001,1,922625000,0,-45.5,0.791534086548991,0,0,0.040060001373291,1.63,0,-5399.92822265625
100000000000000000000003,1,922625000,0,-46.5,2.22734010400995,0,0,0.040060001373291,1.63,0,-5399.92822265625
100000000000000000000002,1,922625000,0,-45,3.01887419055894,0,0,0.040060001373291,1.63,0,-5399.92822265625
100000000000000000000000,1,922625000,0,-44.5,6.16046684414874,0,0,0.040060001373291,1.63,0,-5399.92822265625
100000000000000000000003,1,922625000,0,-46.5,2.23961195031304,0,0,0.040060001373291,1.63,0,-5399.92822265625
100000000000000000000000,1,922625000,0,-44.5,6.14819499784565,0,0,0.040060001373291,1.63,0,-5399.92822265625
100000000000000000000001,1,922625000,0,-45.5,0.76699039394282,0,0,0.040060001373291,1.63,0,-5399.92822265625
100000000000000000000002,1,922625000,0,-45,3.00046642110431,0,0,0.040060001373291,1.63,0,-5399.92822265625
100000000000000000000004,1,922625000,0,-50.5,2.67526249407256,0,0,0.040060001373291,1.63,0,-5399.92822265625
100000000000000000000000,1,922625000,0,-44.5,6.14819499784565,0,0,0.040060001373291,1.63,0,-5399.92822265625
100000000000000000000003,1,922625000,0,-46.5,2.26415564291921,0,0,0.040060001373291,1.63,0,-5399.92822265625
100000000000000000000002,1,922625000,0,-45,3.0127382674074,0,0,0.040060001373291,1.63,0,-5399.92822265625
100000000000000000000001,1,922625000,0,-45.5,0.773126317094363,0,0,0.040060001373291,1.63,0,-5399.92822265625
100000000000000000000004,1,922625000,0,-50,2.71821395613336,0,0,0.040060001373291,1.63,0,-5399.92822265625
100000000000000000000001,1,922625000,0,-45.5,0.785398163397448,0,0,0.040060001373291,1.63,0,-5399.92822265625
100000000000000000000000,1,922625000,0,-44.5,6.14819499784565,0,0,0.040060001373291,1.63,0,-5399.92822265625
100000000000000000000002,1,922625000,0,-45,2.99433049795277,0,0,0.040060001373291,1.63,0,-5399.92822265625
100000000000000000000003,1,922625000,0,-46.5,2.25188379661612,0,0,0.040060001373291,1.63,0,-5399.92822265625
100000000000000000000004,1,922625000,0,-50,2.73662172558798,0,0,0.040060001373291,1.63,0,-5399.92822265625
100000000000000000000002,1,922625000,0,-45,3.0127382674074,0,0,0.040060001373291,1.63,0,-5399.92822265625
100000000000000000000004,1,922625000,0,-50.5,2.7243498792849,0,0,0.040060001373291,1.63,0,-5399.92822265625
100000000000000000000001,1,922625000,0,-45.5,0.797670009700534,0,0,0.040060001373291,1.63,0,-5399.92822265625
100000000000000000000000,1,922625000,0,-44.5,6.16046684414874,0,0,0.040060001373291,1.63,0,-5399.92822265625
100000000000000000000003,1,922625000,0,-46.5,2.25188379661612,0,0,0.040060001373291,1.63,0,-5399.92822265625
100000000000000000000001,1,922625000,0,-45.5,0.779262240245906,0,0,0.040060001373291,1.63,0,-5399.92822265625
100000000000000000000000,1,922625000,0,-44.5,6.16660276730028,0,0,0.040060001373291,1.63,0,-5399.92822265625
100000000000000000000003,1,922625000,0,-46.5,2.25188379661612,0,0,0.040060001373291,1.63,0,-5399.92822265625
100000000000000000000004,1,922625000,0,-50.5,2.7243498792849,0,0,0.040060001373291,1.63,0,-5399.92822265625
100000000000000000000002,1,922625000,0,-45,3.00046642110431,0,0,0.040060001373291,1.63,0,-5399.92822265625
100000000000000000000001,1,922625000,0,-45.5,0.803805932852076,0,0,0.040060001373291,1.63,0,-5399.92822265625
100000000000000000000003,1,922625000,0,-46.5,2.22734010400995,0,0,0.040060001373291,1.63,0,-5399.92822265625
100000000000000000000000,1,922625000,0,-44.5,6.16046684414874,0,0,0.040060001373291,1.63,0,-5399.92822265625
100000000000000000000004,1,922625000,0,-50.5,2.71821395613336,0,0,0.040060001373291,1.63,0,-5399.92822265625
100000000000000000000002,1,922625000,0,-45,3.01887419055894,0,0,0.040060001373291,1.63,0,-5399.92822265625
100000000000000000000000,1,922625000,0,-44.5,6.16660276730028,0,0,0.040060001373291,1.63,0,-5399.92822265625
100000000000000000000001,1,922625000,0,-45.5,0.779262240245906,0,0,0.040060001373291,1.63,0,-5399.92822265625
100000000000000000000002,1,922625000,0,-45,3.0127382674074,0,0,0.040060001373291,1.63,0,-5399.92822265625
100000000000000000000003,1,922625000,0,-46.5,2.23961195031304,0,0,0.040060001373291,1.63,0,-5399.92822265625
100000000000000000000004,1,922625000,0,-50.5,2.73048580243644,0,0,0.040060001373291,1.63,0,-5399.92822265625
100000000000000000000001,1,922625000,0,-45.5,0.791534086548991,0,0,0.040060001373291,1.63,0,-5399.92822265625
100000000000000000000004,1,922625000,0,-50.5,2.74275764873953,0,0,0.040060001373291,1.63,0,-5399.92822265625
100000000000000000000002,1,922625000,0,-45,3.01887419055894,0,0,0.040060001373291,1.63,0,-5399.92822265625
100000000000000000000003,1,922625000,0,-46.5,2.25801971976766,0,0,0.040060001373291,1.63,0,-5399.92822265625
100000000000000000000000,1,922625000,0,-44.5,6.16046684414874,0,0,0.040060001373291,1.63,0,-5399.92822265625
100000000000000000000003,1,922625000,0,-46.5,2.20893233455532,0,0,0.040060001373291,1.63,0,-5399.92822265625
100000000000000000000002,1,922625000,0,-45,3.01887419055894,0,0,0.040060001373291,1.63,0,-5399.92822265625
100000000000000000000000,1,922625000,0,-44.5,6.16046684414874,0,0,0.040060001373291,1.63,0,-5399.92822265625
100000000000000000000001,1,922625000,0,-45.5,0.773126317094363,0,0,0.040060001373291,1.63,0,-5399.92822265625
100000000000000000000004,1,922625000,0,-50.5,2.71207803298181,0,0,0.040060001373291,1.63,0,-5399.92822265625
100000000000000000000004,1,922625000,0,-50.5,2.7243498792849,0,0,0.040060001373291,1.63,0,-5399.92822265625
100000000000000000000000,1,922625000,0,-44.5,6.14819499784565,0,0,0.040060001373291,1.63,0,-5399.92822265625
100000000000000000000002,1,922625000,0,-45,3.01887419055894,0,0,0.040060001373291,1.63,0,-5399.92822265625
100000000000000000000001,1,922625000,0,-45.5,0.809941856003618,0,0,0.040060001373291,1.63,0,-5399.92822265625
100000000000000000000003,1,922625000,0,-46.5,2.23347602716149,0,0,0.040060001373291,1.63,0,-5399.92822265625
100000000000000000000004,1,922625000,0,-50,2.73048580243644,0,0,0.040060001373291,1.63,0,-5399.92822265625
100000000000000000000000,1,922625000,0,-44.5,6.16046684414874,0,0,0.040060001373291,1.63,0,-5399.92822265625
100000000000000000000002,1,922625000,0,-45,3.0127382674074,0,0,0.040060001373291,1.63,0,-5399.92822265625
100000000000000000000003,1,922625000,0,-46.5,2.24574787346458,0,0,0.040060001373291,1.63,0,-5399.92822265625
100000000000000000000001,1,922625000,0,-46,0.791534086548991,0,0,0.040060001373291,1.63,0,-5399.92822265625
100000000000000000000000,1,922625000,0,-44.5,6.16046684414874,0,0,0.040060001373291,1.63,0,-5399.92822265625
100000000000000000000001,1,922625000,0,-45.5,0.779262240245906,0,0,0.040060001373291,1.63,0,-5399.92822265625
100000000000000000000004,1,922625000,0,-50.5,2.71207803298181,0,0,0.040060001373291,1.63,0,-5399.92822265625
100000000000000000000002,1,922625000,0,-45,3.01887419055894,0,0,0.040060001373291,1.63,0,-5399.92822265625
100000000000000000000003,1,922625000,0,-46,2.25801971976766,0,0,0.040060001373291,1.63,0,-5399.92822265625
100000000000000000000000,1,922625000,0,-44.5,6.15433092099719,0,0,0.040060001373291,1.63,0,-5399.92822265625
100000000000000000000003,1,922625000,0,-46.5,2.22734010400995,0,0,0.040060001373291,1.63,0,-5399.92822265625
100000000000000000000001,1,922625000,0,-45.5,0.785398163397448,0,0,0.040060001373291,1.63,0,-5399.92822265625
100000000000000000000004,1,922625000,0,-50,2.73048580243644,0,0,0.040060001373291,1.63,0,-5399.92822265625
100000000000000000000002,1,922625000,0,-45,3.02501011371048,0,0,0.040060001373291,1.63,0,-5399.92822265625
100000000000000000000004,1,922625000,0,-50.5,2.7243498792849,0,0,0.040060001373291,1.63,0,-5399.92822265625
100000000000000000000003,1,922625000,0,-46.5,2.25801971976766,0,0,0.040060001373291,1.63,0,-5399.92822265625
100000000000000000000000,1,922625000,0,-44.5,6.17887461360336,0,0,0.040060001373291,1.63,0,-5399.92822265625
100000000000000000000001,1,922625000,0,-45.5,0.773126317094363,0,0,0.040060001373291,1.63,0,-5399.92822265625
100000000000000000000002,1,922625000,0,-45,3.00660234425586,0,0,0.040060001373291,1.63,0,-5399.92822265625
100000000000000000000001,1,922625000,0,-45.5,0.779262240245906,0,0,0.040060001373291,1.63,0,-5399.92822265625
100000000000000000000000,1,922625000,0,-44.5,6.16046684414874,0,0,0.040060001373291,1.63,0,-5399.92822265625
100000000000000000000003,1,922625000,0,-46.5,2.24574787346458,0,0,0.040060001373291,1.63,0,-5399.92822265625
100000000000000000000004,1,922625000,0,-50.5,2.68753434037564,0,0,0.040060001373291,1.63,0,-5399.92822265625
100000000000000000000002,1,922625000,0,-45,3.0127382674074,0,0,0.040060001373291,1.63,0,-5399.92822265625
100000000000000000000001,1,922625000,0,-45.5,0.779262240245906,0,0,0.040060001373291,1.63,0,-5399.92822265625
100000000000000000000002,1,922625000,0,-45,3.01887419055894,0,0,0.040060001373291,1.63,0,-5399.92822265625
100000000000000000000000,1,922625000,0,-44.5,6.15433092099719,0,0,0.040060001373291,1.63,0,-5399.92822265625
100000000000000000000004,1,922625000,0,-50.5,2.73048580243644,0,0,0.040060001373291,1.63,0,-5399.92822265625
100000000000000000000003,1,922625000,0,-46.5,2.23347602716149,0,0,0.040060001373291,1.63,0,-5399.92822265625
100000000000000000000002,1,922625000,0,-45,3.0127382674074,0,0,0.040060001373291,1.63,0,-5399.92822265625
100000000000000000000000,1,922625000,0,-44.5,6.14819499784565,0,0,0.040060001373291,1.63,0,-5399.92822265625
100000000000000000000003,1,922625000,0,-46.5,2.20893233455532,0,0,0.040060001373291,1.63,0,-5399.92822265625
100000000000000000000001,1,922625000,0,-45.5,0.797670009700534,0,0,0.040060001373291,1.63,0,-5399.92822265625
100000000000000000000004,1,922625000,0,-50,2.7243498792849,0,0,0.040060001373291,1.63,0,-5399.92822265625
100000000000000000000004,1,922625000,0,-50,2.71821395613336,0,0,0.040060001373291,1.63,0,-5399.92822265625
100000000000000000000003,1,922625000,0,-46,2.22734010400995,0,0,0.040060001373291,1.63,0,-5399.92822265625
100000000000000000000001,1,922625000,0,-45.5,0.797670009700534,0,0,0.040060001373291,1.63,0,-5399.92822265625
100000000000000000000002,1,922625000,0,-45,3.01887419055894,0,0,0.040060001373291,1.63,0,-5399.92822265625
100000000000000000000000,1,922625000,0,-44.5,6.15433092099719,0,0,0.040060001373291,1.63,0,-5399.92822265625
100000000000000000000003,1,922625000,0,-46.5,2.23347602716149,0,0,0.040060001373291,1.63,0,-5399.92822265625
100000000000000000000004,1,922625000,0,-50.5,2.74275764873953,0,0,0.040060001373291,1.63,0,-5399.92822265625
100000000000000000000000,1,922625000,0,-44.5,6.15433092099719,0,0,0.040060001373291,1.63,0,-5399.92822265625
100000000000000000000002,1,922625000,0,-45,3.0127382674074,0,0,0.040060001373291,1.63,0,-5399.92822265625
100000000000000000000001,1,922625000,0,-45.5,0.76699039394282,0,0,0.040060001373291,1.63,0,-5399.92822265625
100000000000000000000002,1,922625000,0,-45,3.0127382674074,0,0,0.040060001373291,1.63,0,-5399.92822265625
100000000000000000000003,1,922625000,0,-46.5,2.23347602716149,0,0,0.040060001373291,1.63,0,-5399.92822265625
100000000000000000000004,1,922625000,0,-50.5,2.73662172558798,0,0,0.040060001373291,1.63,0,-5399.92822265625
100000000000000000000000,1,922625000,0,-44.5,6.17273869045182,0,0,0.040060001373291,1.63,0,-5399.92822265625
100000000000000000000001,1,922625000,0,-45.5,0.791534086548991,0,0,0.040060001373291,1.63,0,-5399.92822265625
100000000000000000000000,1,922625000,0,-44.5,6.15433092099719,0,0,0.040060001373291,1.63,0,-5399.92822265625
100000000000000000000003,1,922625000,0,-46,2.22734010400995,0,0,0.040060001373291,1.63,0,-5399.92822265625
100000000000000000000004,1,922625000,0,-50.5,2.68753434037564,0,0,0.040060001373291,1.63,0,-5399.92822265625
100000000000000000000002,1,922625000,0,-45,3.03728196001357,0,0,0.040060001373291,1.63,0,-5399.92822265625
100000000000000000000001,1,922625000,0,-45.5,0.785398163397448,0,0,0.040060001373291,1.63,0,-5399.92822265625
100000000000000000000004,1,922625000,0,-50.5,2.67526249407256,0,0,0.040060001373291,1.63,0,-5399.92822265625
100000000000000000000000,1,922625000,0,-44.5,6.17273869045182,0,0,0.040060001373291,1.63,0,-5399.92822265625
100000000000000000000001,1,922625000,0,-45.5,0.76699039394282,0,0,0.040060001373291,1.63,0,-5399.92822265625
100000000000000000000003,1,922625000,0,-46.5,2.22120418085841,0,0,0.040060001373291,1.63,0,-5399.92822265625
100000000000000000000002,1,922625000,0,-45,3.00660234425586,0,0,0.040060001373291,1.63,0,-5399.92822265625
100000000000000000000003,1,922625000,0,-46,2.23961195031304,0,0,0.040060001373291,1.63,0,-5399.92822265625
100000000000000000000000,1,922625000,0,-44.5,6.16660276730028,0,0,0.040060001373291,1.63,0,-5399.92822265625
100000000000000000000002,1,922625000,0,-45,3.03114603686203,0,0,0.040060001373291,1.63,0,-5399.92822265625
100000000000000000000004,1,922625000,0,-50.5,2.69980618667873,0,0,0.040060001373291,1.63,0,-5399.92822265625
100000000000000000000001,1,922625000,0,-45.5,0.785398163397448,0,0,0.040060001373291,1.63,0,-5399.92822265625
100000000000000000000002,1,922625000,0,-45,3.01887419055894,0,0,0.040060001373291,1.63,0,-5399.92822265625
100000000000000000000000,1,922625000,0,-44.5,6.14819499784565,0,0,0.040060001373291,1.63,0,-5399.92822265625
100000000000000000000003,1,922625000,0,-46.5,2.20893233455532,0,0,0.040060001373291,1.63,0,-5399.92822265625
100000000000000000000004,1,922625000,0,-50.5,2.71821395613336,0,0,0.040060001373291,1.63,0,-5399.92822265625
100000000000000000000001,1,922625000,0,-45.5,0.797670009700534,0,0,0.040060001373291,1.63,0,-5399.92822265625
100000000000000000000000,1,922625000,0,-44.5,6.15433092099719,0,0,0.040060001373291,1.63,0,-5399.92822265625
100000000000000000000003,1,922625000,0,-46.5,2.23347602716149,0,0,0.040060001373291,1.63,0,-5399.92822265625
100000000000000000000004,1,922625000,0,-50.5,2.71821395613336,0,0,0.040060001373291,1.63,0,-5399.92822265625
100000000000000000000001,1,922625000,0,-45.5,0.779262240245906,0,0,0.040060001373291,1.63,0,-5399.92822265625
100000000000000000000002,1,922625000,0,-45,3.01887419055894,0,0,0.040060001373291,1.63,0,-5399.92822265625
100000000000000000000003,1,922625000,0,-46.5,2.23961195031304,0,0,0.040060001373291,1.63,0,-5399.92822265625
100000000000000000000001,1,922625000,0,-45.5,0.797670009700534,0,0,0.040060001373291,1.63,0,-5399.92822265625
100000000000000000000002,1,922625000,0,-45,3.04341788316511,0,0,0.040060001373291,1.63,0,-5399.92822265625
100000000000000000000000,1,922625000,0,-44.5,6.14819499784565,0,0,0.040060001373291,1.63,0,-5399.92822265625
100000000000000000000004,1,922625000,0,-50.5,2.7243498792849,0,0,0.040060001373291,1.63,0,-5399.92822265625
100000000000000000000004,1,922625000,0,-50,2.73048580243644,0,0,0.040060001373291,1.63,0,-5399.92822265625
100000000000000000000001,1,922625000,0,-45.5,0.791534086548991,0,0,0.040060001373291,1.63,0,-5399.92822265625
100000000000000000000000,1,922625000,0,-44,6.15433092099719,0,0,0.040060001373291,1.63,0,-5399.92822265625
100000000000000000000002,1,922625000,0,-45,3.00046642110431,0,0,0.040060001373291,1.63,0,-5399.92822265625
100000000000000000000003,1,922625000,0,-46,2.22120418085841,0,0,0.040060001373291,1.63,0,-5399.92822265625
100000000000000000000001,1,922625000,0,-45.5,0.791534086548991,0,0,0.040060001373291,1.63,0,-5399.92822265625
100000000000000000000000,1,922625000,0,-44.5,6.16660276730028,0,0,0.040060001373291,1.63,0,-5399.92822265625
100000000000000000000003,1,922625000,0,-46,2.23347602716149,0,0,0.040060001373291,1.63,0,-5399.92822265625
100000000000000000000004,1,922625000,0,-50.5,2.73048580243644,0,0,0.040060001373291,1.63,0,-5399.92822265625
100000000000000000000002,1,922625000,0,-45,3.01887419055894,0,0,0.040060001373291,1.63,0,-5399.92822265625
100000000000000000000004,1,922625000,0,-50.5,2.7243498792849,0,0,0.040060001373291,1.63,0,-5399.92822265625
100000000000000000000000,1,922625000,0,-44.5,6.16660276730028,0,0,0.040060001373291,1.63,0,-5399.92822265625
100000000000000000000001,1,922625000,0,-45.5,0.785398163397448,0,0,0.040060001373291,1.63,0,-5399.92822265625
100000000000000000000003,1,922625000,0,-46.5,2.25188379661612,0,0,0.040060001373291,1.63,0,-5399.92822265625
100000000000000000000002,1,922625000,0,-45,3.01887419055894,0,0,0.040060001373291,1.63,0,-5399.92822265625
100000000000000000000004,1,922625000,0,-50.5,2.73048580243644,0,0,0.040060001373291,1.63,0,-5399.92822265625
100000000000000000000002,1,922625000,0,-45,3.00660234425586,0,0,0.040060001373291,1.63,0,-5399.92822265625
100000000000000000000001,1,922625000,0,-45.5,0.785398163397448,0,0,0.040060001373291,1.63,0,-5399.92822265625
100000000000000000000000,1,922625000,0,-44.5,6.17273869045182,0,0,0.040060001373291,1.63,0,-5399.92822265625
100000000000000000000003,1,922625000,0,-46.5,2.23347602716149,0,0,0.040060001373291,1.63,0,-5399.92822265625
100000000000000000000002,1,922625000,0,-45,3.00046642110431,0,0,0.040060001373291,1.63,0,-5399.92822265625
100000000000000000000001,1,922625000,0,-45.5,0.785398163397448,0,0,0.040060001373291,1.63,0,-5399.92822265625
100000000000000000000004,1,922625000,0,-50.5,2.70594210983027,0,0,0.040060001373291,1.63,0,-5399.92822265625
100000000000000000000000,1,922625000,0,-44.5,6.14819499784565,0,0,0.040060001373291,1.63,0,-5399.92822265625
100000000000000000000003,1,922625000,0,-46,2.22120418085841,0,0,0.040060001373291,1.63,0,-5399.92822265625
100000000000000000000004,1,922625000,0,-50.5,2.7243498792849,0,0,0.040060001373291,1.63,0,-5399.92822265625
100000000000000000000000,1,922625000,0,-44.5,6.15433092099719,0,0,0.040060001373291,1.63,0,-5399.92822265625
100000000000000000000003,1,922625000,0,-46.5,2.23961195031304,0,0,0.040060001373291,1.63,0,-5399.92822265625
100000000000000000000002,1,922625000,0,-45,3.00660234425586,0,0,0.040060001373291,1.63,0,-5399.92822265625
100000000000000000000001,1,922625000,0,-45.5,0.785398163397448,0,0,0.040060001373291,1.63,0,-5399.92822265625
100000000000000000000004,1,922625000,0,-50,2.71207803298181,0,0,0.040060001373291,1.63,0,-5399.92822265625
100000000000000000000000,1,922625000,0,-44.5,6.16660276730028,0,0,0.040060001373291,1.63,0,-5399.92822265625
100000000000000000000003,1,922625000,0,-46.5,2.25188379661612,0,0,0.040060001373291,1.63,0,-5399.92822265625
100000000000000000000001,1,922625000,0,-45.5,0.803805932852076,0,0,0.040060001373291,1.63,0,-5399.92822265625
100000000000000000000002,1,922625000,0,-45,3.01887419055894,0,0,0.040060001373291,1.63,0,-5399.92822265625
100000000000000000000001,1,922625000,0,-45.5,0.785398163397448,0,0,0.040060001373291,1.63,0,-5399.92822265625
100000000000000000000002,1,922625000,0,-45,3.0127382674074,0,0,0.040060001373291,1.63,0,-5399.92822265625
100000000000000000000000,1,922625000,0,-44.5,6.15433092099719,0,0,0.040060001373291,1.63,0,-5399.92822265625
100000000000000000000004,1,922625000,0,-50.5,2.6813984172241,0,0,0.040060001373291,1.63,0,-5399.92822265625
100000000000000000000003,1,922625000,0,-46.5,2.24574787346458,0,0,0.040060001373291,1.63,0,-5399.92822265625
100000000000000000000001,1,922625000,0,-45.5,0.797670009700534,0,0,0.040060001373291,1.63,0,-5399.92822265625
100000000000000000000004,1,922625000,0,-50.5,2.71207803298181,0,0,0.040060001373291,1.63,0,-5399.92822265625
100000000000000000000003,1,922625000,0,-46.5,2.23347602716149,0,0,0.040060001373291,1.63,0,-5399.92822265625
100000000000000000000000,1,922625000,0,-44.5,6.16046684414874,0,0,0.040060001373291,1.63,0,-5399.92822265625
100000000000000000000002,1,922625000,0,-45,3.01887419055894,0,0,0.040060001373291,1.63,0,-5399.92822265625
100000000000000000000001,1,922625000,0,-45.5,0.797670009700534,0,0,0.040060001373291,1.63,0,-5399.92822265625
100000000000000000000003,1,922625000,0,-46.5,2.23347602716149,0,0,0.040060001373291,1.63,0,-5399.92822265625
100000000000000000000000,1,922625000,0,-44.5,6.17273869045182,0,0,0.040060001373291,1.63,0,-5399.92822265625
100000000000000000000004,1,922625000,0,-50.5,2.70594210983027,0,0,0.040060001373291,1.63,0,-5399.92822265625
100000000000000000000002,1,922625000,0,-45,3.00660234425586,0,0,0.040060001373291,1.63,0,-5399.92822265625
100000000000000000000001,1,922625000,0,-45.5,0.773126317094363,0,0,0.040060001373291,1.63,0,-5399.92822265625
100000000000000000000004,1,922625000,0,-50.5,2.69980618667873,0,0,0.040060001373291,1.63,0,-5399.92822265625
100000000000000000000003,1,922625000,0,-46.5,2.24574787346458,0,0,0.040060001373291,1.63,0,-5399.92822265625
100000000000000000000002,1,922625000,0,-45,3.03114603686203,0,0,0.040060001373291,1.63,0,-5399.92822265625
100000000000000000000000,1,922625000,0,-44.5,6.14819499784565,0,0,0.040060001373291,1.63,0,-5399.92822265625
100000000000000000000001,1,922625000,0,-45.5,0.785398163397448,0,0,0.040060001373291,1.63,0,-5399.92822265625
100000000000000000000004,1,922625000,0,-50.5,2.73048580243644,0,0,0.040060001373291,1.63,0,-5399.92822265625
100000000000000000000003,1,922625000,0,-46,2.26415564291921,0,0,0.040060001373291,1.63,0,-5399.92822265625
100000000000000000000000,1,922625000,0,-44.5,6.15433092099719,0,0,0.040060001373291,1.63,0,-5399.92822265625
100000000000000000000002,1,922625000,0,-45,3.01887419055894,0,0,0.040060001373291,1.63,0,-5399.92822265625
100000000000000000000004,1,922625000,0,-50,2.69367026352719,0,0,0.040060001373291,1.63,0,-5399.92822265625
100000000000000000000003,1,922625000,0,-46,2.23347602716149,0,0,0.040060001373291,1.63,0,-5399.92822265625
100000000000000000000000,1,922625000,0,-44.5,6.16660276730028,0,0,0.040060001373291,1.63,0,-5399.92822265625
100000000000000000000002,1,922625000,0,-45,3.00660234425586,0,0,0.040060001373291,1.63,0,-5399.92822265625
100000000000000000000001,1,922625000,0,-45.5,0.803805932852076,0,0,0.040060001373291,1.63,0,-5399.92822265625
100000000000000000000000,1,922625000,0,-44.5,6.16660276730028,0,0,0.040060001373291,1.63,0,-5399.92822265625
100000000000000000000001,1,922625000,0,-45.5,0.785398163397448,0,0,0.040060001373291,1.63,0,-5399.92822265625
100000000000000000000004,1,922625000,0,-50.5,2.71821395613336,0,0,0.040060001373291,1.63,0,-5399.92822265625
100000000000000000000002,1,922625000,0,-45,3.0127382674074,0,0,0.040060001373291,1.63,0,-5399.92822265625
100000000000000000000003,1,922625000,0,-46.5,2.25801971976766,0,0,0.040060001373291,1.63,0,-5399.92822265625
100000000000000000000004,1,922625000,0,-50.5,2.71821395613336,0,0,0.040060001373291,1.63,0,-5399.92822265625
100000000000000000000002,1,922625000,0,-45,3.03114603686203,0,0,0.040060001373291,1.63,0,-5399.92822265625
100000000000000000000001,1,922625000,0,-45.5,0.779262240245906,0,0,0.040060001373291,1.63,0,-5399.92822265625
100000000000000000000003,1,922625000,0,-46,2.25188379661612,0,0,0.040060001373291,1.63,0,-5399.92822265625
100000000000000000000000,1,922625000,0,-44.5,6.16660276730028,0,0,0.040060001373291,1.63,0,-5399.92822265625
100000000000000000000002,1,922625000,0,-45,3.00660234425586,0,0,0.040060001373291,1.63,0,-5399.92822265625
100000000000000000000003,1,922625000,0,-46.5,2.23347602716149,0,0,0.040060001373291,1.63,0,-5399.92822265625
100000000000000000000000,1,922625000,0,-44.5,6.14819499784565,0,0,0.040060001373291,1.63,0,-5399.92822265625
100000000000000000000001,1,922625000,0,-45.5,0.779262240245906,0,0,0.040060001373291,1.63,0,-5399.92822265625
100000000000000000000004,1,922625000,0,-50.5,2.70594210983027,0,0,0.040060001373291,1.63,0,-5399.92822265625
100000000000000000000002,1,922625000,0,-45,3.02501011371048,0,0,0.040060001373291,1.63,0,-5399.92822265625
100000000000000000000001,1,922625000,0,-45.5,0.791534086548991,0,0,0.040060001373291,1.63,0,-5399.92822265625
100000000000000000000003,1,922625000,0,-46.5,2.21506825770687,0,0,0.040060001373291,1.63,0,-5399.92822265625
100000000000000000000000,1,922625000,0,-44.5,6.15433092099719,0,0,0.040060001373291,1.63,0,-5399.92822265625
100000000000000000000004,1,922625000,0,-50,2.73048580243644,0,0,0.040060001373291,1.63,0,-5399.92822265625
100000000000000000000000,1,922625000,0,-44.5,6.16660276730028,0,0,0.040060001373291,1.63,0,-5399.92822265625
100000000000000000000003,1,923125000,0,-46,2.54640810789016,0,0,0.040060001373291,1.63,0,-5399.92822265625
100000000000000000000001,1,923125000,0,-45,1.03697101261069,0,0,0.040060001373291,1.63,0,-5399.92822265625
100000000000000000000004,1,923125000,0,-50.5,2.99433049795277,0,0,0.040060001373291,1.63,0,-5399.92822265625
100000000000000000000002,1,923125000,0,-45,3.29499073237836,0,0,0.040060001373291,1.63,0,-5399.92822265625
100000000000000000000002,1,923125000,0,-45,3.29499073237836,0,0,0.040060001373291,1.63,0,-5399.92822265625
100000000000000000000001,1,923125000,0,-45,1.03083508945915,0,0,0.040060001373291,1.63,0,-5399.92822265625
100000000000000000000004,1,923125000,0,-50.5,2.98819457480123,0,0,0.040060001373291,1.63,0,-5399.92822265625
100000000000000000000000,1,923125000,0,-44.5,0.0981747704246807,0,0,0.040060001373291,1.63,0,-5399.92822265625
100000000000000000000003,1,923125000,0,-46.5,2.54027218473862,0,0,0.040060001373291,1.63,0,-5399.92822265625
100000000000000000000003,1,923125000,0,-46.5,2.54640810789016,0,0,0.040060001373291,1.63,0,-5399.92822265625
100000000000000000000002,1,923125000,0,-45,3.30726257868144,0,0,0.040060001373291,1.63,0,-5399.92822265625
100000000000000000000001,1,923125000,0,-45,1.04310693576224,0,0,0.040060001373291,1.63,0,-5399.92822265625
100000000000000000000004,1,923125000,0,-50.5,2.98819457480123,0,0,0.040060001373291,1.63,0,-5399.92822265625
100000000000000000000000,1,923125000,0,-44.5,0.0797670009700537,0,0,0.040060001373291,1.63,0,-5399.92822265625
100000000000000000000003,1,923125000,0,-46.5,2.53413626158708,0,0,0.040060001373291,1.63,0,-5399.92822265625
100000000000000000000004,1,923125000,0,-50.5,2.97592272849814,0,0,0.040060001373291,1.63,0,-5399.92822265625
100000000000000000000000,1,923125000,0,-44.5,0.122718463030851,0,0,0.040060001373291,1.63,0,-5399.92822265625
100000000000000000000001,1,923125000,0,-45,1.03083508945915,0,0,0.040060001373291,1.63,0,-5399.92822265625
100000000000000000000002,1,923125000,0,-45,3.26431111662064,0,0,0.040060001373291,1.63,0,-5399.92822265625
100000000000000000000001,1,923125000,0,-45,1.04310693576224,0,0,0.040060001373291,1.63,0,-5399.92822265625
100000000000000000000000,1,923125000,0,-44,0.104310693576224,0,0,0.040060001373291,1.63,0,-5399.92822265625
100000000000000000000002,1,923125000,0,-45,3.28885480922681,0,0,0.040060001373291,1.63,0,-5399.92822265625
100000000000000000000004,1,923125000,0,-50.5,2.97592272849814,0,0,0.040060001373291,1.63,0,-5399.92822265625
100000000000000000000003,1,923125000,0,-46,2.52186441528399,0,0,0.040060001373291,1.63,0,-5399.92822265625
100000000000000000000001,1,923125000,0,-45,1.04310693576224,0,0,0.040060001373291,1.63,0,-5399.92822265625
100000000000000000000003,1,923125000,0,-46,2.52800033843554,0,0,0.040060001373291,1.63,0,-5399.92822265625
100000000000000000000004,1,923125000,0,-50,2.9697868053466,0,0,0.040060001373291,1.63,0,-5399.92822265625
100000000000000000000002,1,923125000,0,-45,3.27658296292373,0,0,0.040060001373291,1.63,0,-5399.92822265625
100000000000000000000000,1,923125000,0,-44.5,0.0981747704246807,0,0,0.040060001373291,1.63,0,-5399.92822265625
100000000000000000000001,1,923125000,0,-45,1.04924285891378,0,0,0.040060001373291,1.63,0,-5399.92822265625
100000000000000000000000,1,923125000,0,-44.5,0.0674951546669682,0,0,0.040060001373291,1.63,0,-5399.92822265625
100000000000000000000003,1,923125000,0,-46.5,2.55254403104171,0,0,0.040060001373291,1.63,0,-5399.92822265625
100000000000000000000002,1,923125000,0,-45,3.27658296292373,0,0,0.040060001373291,1.63,0,-5399.92822265625
100000000000000000000004,1,923125000,0,-50.5,2.98819457480123,0,0,0.040060001373291,1.63,0,-5399.92822265625
100000000000000000000003,1,923125000,0,-46.5,2.54027218473862,0,0,0.040060001373291,1.63,0,-5399.92822265625
100000000000000000000004,1,923125000,0,-50,2.98819457480123,0,0,0.040060001373291,1.63,0,-5399.92822265625
100000000000000000000002,1,923125000,0,-45,3.28885480922681,0,0,0.040060001373291,1.63,0,-5399.92822265625
100000000000000000000000,1,923125000,0,-44.5,0.116582539879309,0,0,0.040060001373291,1.63,0,-5399.92822265625
100000000000000000000001,1,923125000,0,-45,1.04924285891378,0,0,0.040060001373291,1.63,0,-5399.92822265625
100000000000000000000003,1,923125000,0,-46.5,2.55254403104171,0,0,0.040060001373291,1.63,0,-5399.92822265625
100000000000000000000001,1,923125000,0,-45,1.05537878206532,0,0,0.040060001373291,1.63,0,-5399.92822265625
100000000000000000000000,1,923125000,0,-44,0.0981747704246807,0,0,0.040060001373291,1.63,0,-5399.92822265625
100000000000000000000002,1,923125000,0,-45,3.3011266555299,0,0,0.040060001373291,1.63,0,-5399.92822265625
100000000000000000000004,1,923125000,0,-50.5,2.98819457480123,0,0,0.040060001373291,1.63,0,-5399.92822265625
100000000000000000000000,1,923125000,0,-44.5,0.104310693576224,0,0,0.040060001373291,1.63,0,-5399.92822265625
100000000000000000000004,1,923125000,0,-50,2.99433049795277,0,0,0.040060001373291,1.63,0,-5399.92822265625
100000000000000000000002,1,923125000,0,-45,3.28271888607527,0,0,0.040060001373291,1.63,0,-5399.92822265625
100000000000000000000001,1,923125000,0,-45,1.04310693576224,0,0,0.040060001373291,1.63,0,-5399.92822265625
100000000000000000000003,1,923125000,0,-46.5,2.53413626158708,0,0,0.040060001373291,1.63,0,-5399.92822265625
100000000000000000000001,1,923125000,0,-45,1.03697101261069,0,0,0.040060001373291,1.63,0,-5399.92822265625
100000000000000000000002,1,923125000,0,-45,3.3011266555299,0,0,0.040060001373291,1.63,0,-5399.92822265625
100000000000000000000004,1,923125000,0,-50,3.00046642110431,0,0,0.040060001373291,1.63,0,-5399.92822265625
100000000000000000000000,1,923125000,0,-44.5,0.0920388472731384,0,0,0.040060001373291,1.63,0,-5399.92822265625
100000000000000000000003,1,923125000,0,-46.5,2.55867995419325,0,0,0.040060001373291,1.63,0,-5399.92822265625
100000000000000000000004,1,923125000,0,-50.5,2.98205865164969,0,0,0.040060001373291,1.63,0,-5399.92822265625
100000000000000000000002,1,923125000,0,-45,3.28271888607527,0,0,0.040060001373291,1.63,0,-5399.92822265625
100000000000000000000003,1,923125000,0,-46.5,2.54640810789016,0,0,0.040060001373291,1.63,0,-5399.92822265625
100000000000000000000000,1,923125000,0,-44,0.0797670009700537,0,0,0.040060001373291,1.63,0,-5399.92822265625
100000000000000000000001,1,923125000,0,-45,1.03697101261069,0,0,0.040060001373291,1.63,0,-5399.92822265625
100000000000000000000003,1,923125000,0,-46.5,2.55254403104171,0,0,0.040060001373291,1.63,0,-5399.92822265625
100000000000000000000002,1,923125000,0,-45,3.2581751934691,0,0,0.040060001373291,1.63,0,-5399.92822265625
100000000000000000000001,1,923125000,0,-45,1.04924285891378,0,0,0.040060001373291,1.63,0,-5399.92822265625
100000000000000000000004,1,923125000,0,-50.5,2.97592272849814,0,0,0.040060001373291,1.63,0,-5399.92822265625
100000000000000000000000,1,923125000,0,-44.5,0.0920388472731384,0,0,0.040060001373291,1.63,0,-5399.92822265625
100000000000000000000001,1,923125000,0,-45,1.03083508945915,0,0,0.040060001373291,1.63,0,-5399.92822265625
100000000000000000000004,1,923125000,0,-50,2.9697868053466,0,0,0.040060001373291,1.63,0,-5399.92822265625
100000000000000000000000,1,923125000,0,-44,0.0920388472731384,0,0,0.040060001373291,1.63,0,-5399.92822265625
100000000000000000000002,1,923125000,0,-45,3.3011266555299,0,0,0.040060001373291,1.63,0,-5399.92822265625
100000000000000000000003,1,923125000,0,-46.5,2.52800033843554,0,0,0.040060001373291,1.63,0,-5399.92822265625
100000000000000000000004,1,923125000,0,-50,2.98205865164969,0,0,0.040060001373291,1.63,0,-5399.92822265625
100000000000000000000001,1,923125000,0,-45,1.04924285891378,0,0,0.040060001373291,1.63,0,-5399.92822265625
100000000000000000000000,1,923125000,0,-44.5,0.104310693576224,0,0,0.040060001373291,1.63,0,-5399.92822265625
100000000000000000000003,1,923125000,0,-46.5,2.53413626158708,0,0,0.040060001373291,1.63,0,-5399.92822265625
100000000000000000000002,1,923125000,0,-45,3.29499073237836,0,0,0.040060001373291,1.63,0,-5399.92822265625
100000000000000000000002,1,923125000,0,-45,3.30726257868144,0,0,0.040060001373291,1.63,0,-5399.92822265625
100000000000000000000004,1,923125000,0,-50.5,2.95751495904352,0,0,0.040060001373291,1.63,0,-5399.92822265625
100000000000000000000001,1,923125000,0,-45,1.04310693576224,0,0,0.040060001373291,1.63,0,-5399.92822265625
100000000000000000000000,1,923125000,0,-44.5,0.0859029241215961,0,0,0.040060001373291,1.63,0,-5399.92822265625
100000000000000000000003,1,923125000,0,-46.5,2.51572849213245,0,0,0.040060001373291,1.63,0,-5399.92822265625
100000000000000000000004,1,923125000,0,-50.5,3.00046642110431,0,0,0.040060001373291,1.63,0,-5399.92822265625
100000000000000000000000,1,923125000,0,-44.5,0.0981747704246807,0,0,0.040060001373291,1.63,0,-5399.92822265625
100000000000000000000001,1,923125000,0,-45,1.03697101261069,0,0,0.040060001373291,1.63,0,-5399.92822265625
100000000000000000000002,1,923125000,0,-45,3.28885480922681,0,0,0.040060001373291,1.63,0,-5399.92822265625
100000000000000000000003,1,923125000,0,-46.5,2.54027218473862,0,0,0.040060001373291,1.63,0,-5399.92822265625
100000000000000000000004,1,923125000,0,-50.5,2.95137903589197,0,0,0.040060001373291,1.63,0,-5399.92822265625
100000000000000000000001,1,923125000,0,-45,1.04310693576224,0,0,0.040060001373291,1.63,0,-5399.92822265625
100000000000000000000000,1,923125000,0,-44.5,0.0797670009700537,0,0,0.040060001373291,1.63,0,-5399.92822265625
100000000000000000000002,1,923125000,0,-45,3.26431111662064,0,0,0.040060001373291,1.63,0,-5399.92822265625
100000000000000000000003,1,923125000,0,-46.5,2.56481587734479,0,0,0.040060001373291,1.63,0,-5399.92822265625
100000000000000000000000,1,923125000,0,-44.5,0.104310693576224,0,0,0.040060001373291,1.63,0,-5399.92822265625
100000000000000000000001,1,923125000,0,-45,1.04310693576224,0,0,0.040060001373291,1.63,0,-5399.92822265625
100000000000000000000002,1,923125000,0,-45,3.28271888607527,0,0,0.040060001373291,1.63,0,-5399.92822265625
100000000000000000000004,1,923125000,0,-50,2.98819457480123,0,0,0.040060001373291,1.63,0,-5399.92822265625
100000000000000000000003,1,923125000,0,-46.5,2.56481587734479,0,0,0.040060001373291,1.63,0,-5399.92822265625
100000000000000000000004,1,923125000,0,-50.5,2.99433049795277,0,0,0.040060001373291,1.63,0,-5399.92822265625
100000000000000000000001,1,923125000,0,-45,1.03083508945915,0,0,0.040060001373291,1.63,0,-5399.92822265625
100000000000000000000003,1,923125000,0,-46.5,2.55867995419325,0,0,0.040060001373291,1.63,0,-5399.92822265625
100000000000000000000002,1,923125000,0,-45,3.28885480922681,0,0,0.040060001373291,1.63,0,-5399.92822265625
100000000000000000000000,1,923125000,0,-44.5,0.104310693576224,0,0,0.040060001373291,1.63,0,-5399.92822265625
100000000000000000000001,1,923125000,0,-45,1.06151470521686,0,0,0.040060001373291,1.63,0,-5399.92822265625
100000000000000000000003,1,923125000,0,-46.5,2.54027218473862,0,0,0.040060001373291,1.63,0,-5399.92822265625
100000000000000000000004,1,923125000,0,-50.5,2.95137903589197,0,0,0.040060001373291,1.63,0,-5399.92822265625
100000000000000000000002,1,923125000,0,-45,3.28271888607527,0,0,0.040060001373291,1.63,0,-5399.92822265625
100000000000000000000000,1,923125000,0,-44.5,0.0859029241215961,0,0,0.040060001373291,1.63,0,-5399.92822265625
100000000000000000000004,1,923125000,0,-50.5,2.99433049795277,0,0,0.040060001373291,1.63,0,-5399.92822265625
100000000000000000000000,1,923125000,0,-44.5,0.116582539879309,0,0,0.040060001373291,1.63,0,-5399.92822265625
100000000000000000000001,1,923125000,0,-45,1.04924285891378,0,0,0.040060001373291,1.63,0,-5399.92822265625
100000000000000000000002,1,923125000,0,-45,3.27658296292373,0,0,0.040060001373291,1.63,0,-5399.92822265625
100000000000000000000003,1,923125000,0,-46.5,2.53413626158708,0,0,0.040060001373291,1.63,0,-5399.92822265625
100000000000000000000002,1,923125000,0,-45,3.3011266555299,0,0,0.040060001373291,1.63,0,-5399.92822265625
100000000000000000000000,1,923125000,0,-44,0.104310693576224,0,0,0.040060001373291,1.63,0,-5399.92822265625
100000000000000000000001,1,923125000,0,-45,1.02469916630761,0,0,0.040060001373291,1.63,0,-5399.92822265625
100000000000000000000003,1,923125000,0,-46.5,2.52800033843554,0,0,0.040060001373291,1.63,0,-5399.92822265625
100000000000000000000004,1,923125000,0,-50,2.98819457480123,0,0,0.040060001373291,1.63,0,-5399.92822265625
100000000000000000000000,1,923125000,0,-44.5,0.0920388472731384,0,0,0.040060001373291,1.63,0,-5399.92822265625
100000000000000000000001,1,923125000,0,-45,1.04924285891378,0,0,0.040060001373291,1.63,0,-5399.92822265625
100000000000000000000003,1,923125000,0,-46.5,2.54640810789016,0,0,0.040060001373291,1.63,0,-5399.92822265625
100000000000000000000004,1,923125000,0,-50,2.98205865164969,0,0,0.040060001373291,1.63,0,-5399.92822265625
100000000000000000000002,1,923125000,0,-45,3.31339850183298,0,0,0.040060001373291,1.63,0,-5399.92822265625
100000000000000000000003,1,923125000,0,-46.5,2.54640810789016,0,0,0.040060001373291,1.63,0,-5399.92822265625
100000000000000000000000,1,923125000,0,-44.5,0.0981747704246807,0,0,0.040060001373291,1.63,0,-5399.92822265625
100000000000000000000004,1,923125000,0,-50.5,2.94524311274043,0,0,0.040060001373291,1.63,0,-5399.92822265625
100000000000000000000002,1,923125000,0,-45,3.25203927031756,0,0,0.040060001373291,1.63,0,-5399.92822265625
100000000000000000000001,1,923125000,0,-45,1.04310693576224,0,0,0.040060001373291,1.63,0,-5399.92822265625
100000000000000000000001,1,923125000,0,-45,1.04310693576224,0,0,0.040060001373291,1.63,0,-5399.92822265625
100000000000000000000003,1,923125000,0,-46,2.53413626158708,0,0,0.040060001373291,1.63,0,-5399.92822265625
100000000000000000000000,1,923125000,0,-44.5,0.116582539879309,0,0,0.040060001373291,1.63,0,-5399.92822265625
100000000000000000000002,1,923125000,0,-45,3.28271888607527,0,0,0.040060001373291,1.63,0,-5399.92822265625
100000000000000000000004,1,923125000,0,-50,2.99433049795277,0,0,0.040060001373291,1.63,0,-5399.92822265625
100000000000000000000002,1,923125000,0,-45,3.28885480922681,0,0,0.040060001373291,1.63,0,-5399.92822265625
100000000000000000000004,1,923125000,0,-50,3.00046642110431,0,0,0.040060001373291,1.63,0,-5399.92822265625
100000000000000000000003,1,923125000,0,-46.5,2.55867995419325,0,0,0.040060001373291,1.63,0,-5399.92822265625
100000000000000000000001,1,923125000,0,-45,1.04924285891378,0,0,0.040060001373291,1.63,0,-5399.92822265625
100000000000000000000000,1,923125000,0,-44.5,0.0859029241215961,0,0,0.040060001373291,1.63,0,-5399.92822265625
100000000000000000000000,1,923125000,0,-44.5,0.0981747704246807,0,0,0.040060001373291,1.63,0,-5399.92822265625
100000000000000000000004,1,923125000,0,-50,3.00046642110431,0,0,0.040060001373291,1.63,0,-5399.92822265625
100000000000000000000003,1,923125000,0,-46.5,2.53413626158708,0,0,0.040060001373291,1.63,0,-5399.92822265625
100000000000000000000001,1,923125000,0,-45,1.03697101261069,0,0,0.040060001373291,1.63,0,-5399.92822265625
100000000000000000000002,1,923125000,0,-45,3.26431111662064,0,0,0.040060001373291,1.63,0,-5399.92822265625
100000000000000000000003,1,923125000,0,-46.5,2.53413626158708,0,0,0.040060001373291,1.63,0,-5399.92822265625
100000000000000000000004,1,923125000,0,-50.5,2.97592272849814,0,0,0.040060001373291,1.63,0,-5399.92822265625
100000000000000000000000,1,923125000,0,-44,0.0981747704246807,0,0,0.040060001373291,1.63,0,-5399.92822265625
100000000000000000000001,1,923125000,0,-45,1.04924285891378,0,0,0.040060001373291,1.63,0,-5399.92822265625
100000000000000000000002,1,923125000,0,-45,3.28271888607527,0,0,0.040060001373291,1.63,0,-5399.92822265625
100000000000000000000004,1,923125000,0,-50,2.99433049795277,0,0,0.040060001373291,1.63,0,-5399.92822265625
100000000000000000000000,1,923125000,0,-44.5,0.0981747704246807,0,0,0.040060001373291,1.63,0,-5399.92822265625
100000000000000000000001,1,923125000,0,-45,1.04310693576224,0,0,0.040060001373291,1.63,0,-5399.92822265625
100000000000000000000002,1,923125000,0,-45,3.27044703977219,0,0,0.040060001373291,1.63,0,-5399.92822265625
100000000000000000000003,1,923125000,0,-46.5,2.55867995419325,0,0,0.040060001373291,1.63,0,-5399.92822265625
100000000000000000000001,1,923125000,0,-45,1.03697101261069,0,0,0.040060001373291,1.63,0,-5399.92822265625
100000000000000000000000,1,923125000,0,-44.5,0.0920388472731384,0,0,0.040060001373291,1.63,0,-5399.92822265625
100000000000000000000003,1,923125000,0,-46.5,2.55867995419325,0,0,0.040060001373291,1.63,0,-5399.92822265625
100000000000000000000004,1,923125000,0,-50,3.00046642110431,0,0,0.040060001373291,1.63,0,-5399.92822265625
100000000000000000000002,1,923125000,0,-45,3.28271888607527,0,0,0.040060001373291,1.63,0,-5399.92822265625
100000000000000000000004,1,923125000,0,-50.5,2.9697868053466,0,0,0.040060001373291,1.63,0,-5399.92822265625
100000000000000000000000,1,923125000,0,-44.5,0.0981747704246807,0,0,0.040060001373291,1.63,0,-5399.92822265625
100000000000000000000002,1,923125000,0,-45,3.30726257868144,0,0,0.040060001373291,1.63,0,-5399.92822265625
100000000000000000000001,1,923125000,0,-45,1.03697101261069,0,0,0.040060001373291,1.63,0,-5399.92822265625
100000000000000000000003,1,923125000,0,-46.5,2.55254403104171,0,0,0.040060001373291,1.63,0,-5399.92822265625
100000000000000000000000,1,923125000,0,-44.5,0.0859029241215961,0,0,0.040060001373291,1.63,0,-5399.92822265625
100000000000000000000002,1,923125000,0,-45,3.27044703977219,0,0,0.040060001373291,1.63,0,-5399.92822265625
100000000000000000000004,1,923125000,0,-50.5,3.0127382674074,0,0,0.040060001373291,1.63,0,-5399.92822265625
100000000000000000000001,1,923125000,0,-45,1.06151470521686,0,0,0.040060001373291,1.63,0,-5399.92822265625
100000000000000000000003,1,923125000,0,-46,2.54027218473862,0,0,0.040060001373291,1.63,0,-5399.92822265625
100000000000000000000001,1,923125000,0,-45,1.04310693576224,0,0,0.040060001373291,1.63,0,-5399.92822265625
100000000000000000000000,1,923125000,0,-44.5,0.122718463030851,0,0,0.040060001373291,1.63,0,-5399.92822265625
100000000000000000000002,1,923125000,0,-45,3.28885480922681,0,0,0.040060001373291,1.63,0,-5399.92822265625
100000000000000000000003,1,923125000,0,-46.5,2.54027218473862,0,0,0.040060001373291,1.63,0,-5399.92822265625
100000000000000000000004,1,923125000,0,-50.5,2.98205865164969,0,0,0.040060001373291,1.63,0,-5399.92822265625
100000000000000000000004,1,923125000,0,-50,2.9697868053466,0,0,0.040060001373291,1.63,0,-5399.92822265625
100000000000000000000002,1,923125000,0,-45,3.26431111662064,0,0,0.040060001373291,1.63,0,-5399.92822265625
100000000000000000000001,1,923125000,0,-45,1.04924285891378,0,0,0.040060001373291,1.63,0,-5399.92822265625
100000000000000000000000,1,923125000,0,-44.5,0.0920388472731384,0,0,0.040060001373291,1.63,0,-5399.92822265625
100000000000000000000003,1,923125000,0,-46,2.54027218473862,0,0,0.040060001373291,1.63,0,-5399.92822265625
100000000000000000000002,1,923125000,0,-45,3.29499073237836,0,0,0.040060001373291,1.63,0,-5399.92822265625
100000000000000000000003,1,923125000,0,-46.5,2.55867995419325,0,0,0.040060001373291,1.63,0,-5399.92822265625
100000000000000000000000,1,923125000,0,-44.5,0.0859029241215961,0,0,0.040060001373291,1.63,0,-5399.92822265625
100000000000000000000001,1,923125000,0,-45,1.02469916630761,0,0,0.040060001373291,1.63,0,-5399.92822265625
100000000000000000000004,1,923125000,0,-50.5,2.97592272849814,0,0,0.040060001373291,1.63,0,-5399.92822265625
100000000000000000000001,1,923125000,0,-45,1.04310693576224,0,0,0.040060001373291,1.63,0,-5399.92822265625
100000000000000000000004,1,923125000,0,-50.5,2.98205865164969,0,0,0.040060001373291,1.63,0,-5399.92822265625
100000000000000000000000,1,923125000,0,-44.5,0.0859029241215961,0,0,0.040060001373291,1.63,0,-5399.92822265625
100000000000000000000002,1,923125000,0,-45,3.25203927031756,0,0,0.040060001373291,1.63,0,-5399.92822265625
100000000000000000000003,1,923125000,0,-46.5,2.54640810789016,0,0,0.040060001373291,1.63,0,-5399.92822265625
100000000000000000000001,1,923125000,0,-45,1.03697101261069,0,0,0.040060001373291,1.63,0,-5399.92822265625
100000000000000000000004,1,923125000,0,-50,2.98819457480123,0,0,0.040060001373291,1.63,0,-5399.92822265625
100000000000000000000003,1,923125000,0,-46.5,2.55867995419325,0,0,0.040060001373291,1.63,0,-5399.92822265625
100000000000000000000000,1,923125000,0,-44.5,0.104310693576224,0,0,0.040060001373291,1.63,0,-5399.92822265625
100000000000000000000002,1,923125000,0,-45,3.28885480922681,0,0,0.040060001373291,1.63,0,-5399.92822265625
100000000000000000000001,1,923125000,0,-45,1.05537878206532,0,0,0.040060001373291,1.63,0,-5399.92822265625
100000000000000000000002,1,923125000,0,-45,3.27658296292373,0,0,0.040060001373291,1.63,0,-5399.92822265625
100000000000000000000004,1,923125000,0,-50.5,3.00660234425586,0,0,0.040060001373291,1.63,0,-5399.92822265625
100000000000000000000000,1,923125000,0,-44.5,0.0981747704246807,0,0,0.040060001373291,1.63,0,-5399.92822265625
100000000000000000000003,1,923125000,0,-46.5,2.54027218473862,0,0,0.040060001373291,1.63,0,-5399.92822265625
100000000000000000000000,1,923125000,0,-44.5,0.0981747704246807,0,0,0.040060001373291,1.63,0,-5399.92822265625
100000000000000000000003,1,923125000,0,-46.5,2.55254403104171,0,0,0.040060001373291,1.63,0,-5399.92822265625
100000000000000000000002,1,923125000,0,-45,3.28271888607527,0,0,0.040060001373291,1.63,0,-5399.92822265625
100000000000000000000001,1,923125000,0,-45,1.03083508945915,0,0,0.040060001373291,1.63,0,-5399.92822265625
100000000000000000000004,1,923125000,0,-50,2.98819457480123,0,0,0.040060001373291,1.63,0,-5399.92822265625
100000000000000000000002,1,923125000,0,-45,3.3011266555299,0,0,0.040060001373291,1.63,0,-5399.92822265625
100000000000000000000004,1,923125000,0,-50,2.98819457480123,0,0,0.040060001373291,1.63,0,-5399.92822265625
100000000000000000000003,1,923125000,0,-46.5,2.54640810789016,0,0,0.040060001373291,1.63,0,-5399.92822265625
100000000000000000000000,1,923125000,0,-44.5,0.104310693576224,0,0,0.040060001373291,1.63,0,-5399.92822265625
100000000000000000000001,1,923125000,0,-45,1.02469916630761,0,0,0.040060001373291,1.63,0,-5399.92822265625
100000000000000000000001,1,923125000,0,-45,1.05537878206532,0,0,0.040060001373291,1.63,0,-5399.92822265625
100000000000000000000003,1,923125000,0,-46.5,2.54640810789016,0,0,0.040060001373291,1.63,0,-5399.92822265625
100000000000000000000002,1,923125000,0,-45,3.28885480922681,0,0,0.040060001373291,1.63,0,-5399.92822265625
100000000000000000000000,1,923125000,0,-44,0.0920388472731384,0,0,0.040060001373291,1.63,0,-5399.92822265625
100000000000000000000004,1,923125000,0,-50,2.97592272849814,0,0,0.040060001373291,1.63,0,-5399.92822265625
100000000000000000000001,1,923125000,0,-45,1.03083508945915,0,0,0.040060001373291,1.63,0,-5399.92822265625
100000000000000000000000,1,923125000,0,-44.5,0.104310693576224,0,0,0.040060001373291,1.63,0,-5399.92822265625
100000000000000000000004,1,923125000,0,-50,3.01887419055894,0,0,0.040060001373291,1.63,0,-5399.92822265625
100000000000000000000002,1,923125000,0,-45,3.25203927031756,0,0,0.040060001373291,1.63,0,-5399.92822265625
100000000000000000000003,1,923125000,0,-46,2.54640810789016,0,0,0.040060001373291,1.63,0,-5399.92822265625
100000000000000000000004,1,923125000,0,-50,2.98205865164969,0,0,0.040060001373291,1.63,0,-5399.92822265625
100000000000000000000000,1,923125000,0,-44.5,0.0736310778185105,0,0,0.040060001373291,1.63,0,-5399.92822265625
100000000000000000000002,1,923125000,0,-45,3.28885480922681,0,0,0.040060001373291,1.63,0,-5399.92822265625
100000000000000000000001,1,923125000,0,-45,1.03083508945915,0,0,0.040060001373291,1.63,0,-5399.92822265625
100000000000000000000003,1,923125000,0,-46.5,2.52800033843554,0,0,0.040060001373291,1.63,0,-5399.92822265625
100000000000000000000000,1,923125000,0,-44.5,0.0920388472731384,0,0,0.040060001373291,1.63,0,-5399.92822265625
100000000000000000000004,1,923125000,0,-50,2.98819457480123,0,0,0.040060001373291,1.63,0,-5399.92822265625
100000000000000000000002,1,923125000,0,-45,3.31953442498453,0,0,0.040060001373291,1.63,0,-5399.92822265625
100000000000000000000001,1,923125000,0,-45,1.05537878206532,0,0,0.040060001373291,1.63,0,-5399.92822265625
100000000000000000000003,1,923125000,0,-46,2.55254403104171,0,0,0.040060001373291,1.63,0,-5399.92822265625
100000000000000000000001,1,923125000,0,-45,1.05537878206532,0,0,0.040060001373291,1.63,0,-5399.92822265625
100000000000000000000000,1,923125000,0,-44.5,0.0920388472731384,0,0,0.040060001373291,1.63,0,-5399.92822265625
100000000000000000000004,1,923125000,0,-50,3.00046642110431,0,0,0.040060001373291,1.63,0,-5399.92822265625
100000000000000000000003,1,923125000,0,-46.5,2.54027218473862,0,0,0.040060001373291,1.63,0,-5399.92822265625
100000000000000000000002,1,923125000,0,-45,3.27658296292373,0,0,0.040060001373291,1.63,0,-5399.92822265625
100000000000000000000001,1,923125000,0,-45,1.04310693576224,0,0,0.040060001373291,1.63,0,-5399.92822265625
100000000000000000000004,1,923125000,0,-50.5,2.99433049795277,0,0,0.040060001373291,1.63,0,-5399.92822265625
100000000000000000000002,1,923125000,0,-45,3.27658296292373,0,0,0.040060001373291,1.63,0,-5399.92822265625
100000000000000000000000,1,923125000,0,-44.5,0.110446616727766,0,0,0.040060001373291,1.63,0,-5399.92822265625
100000000000000000000003,1,923125000,0,-46.5,2.56481587734479,0,0,0.040060001373291,1.63,0,-5399.92822265625
100000000000000000000003,1,923125000,0,-46,2.54027218473862,0,0,0.040060001373291,1.63,0,-5399.92822265625
100000000000000000000004,1,923125000,0,-50.5,2.98205865164969,0,0,0.040060001373291,1.63,0,-5399.92822265625
100000000000000000000001,1,923125000,0,-45,1.05537878206532,0,0,0.040060001373291,1.63,0,-5399.92822265625
100000000000000000000000,1,923125000,0,-44.5,0.0981747704246807,0,0,0.040060001373291,1.63,0,-5399.92822265625
100000000000000000000002,1,923125000,0,-45,3.27658296292373,0,0,0.040060001373291,1.63,0,-5399.92822265625
100000000000000000000001,1,923125000,0,-45,1.05537878206532,0,0,0.040060001373291,1.63,0,-5399.92822265625
100000000000000000000000,1,923125000,0,-44.5,0.0859029241215961,0,0,0.040060001373291,1.63,0,-5399.92822265625
100000000000000000000004,1,923125000,0,-50.5,2.97592272849814,0,0,0.040060001373291,1.63,0,-5399.92822265625
100000000000000000000003,1,923125000,0,-46.5,2.54640810789016,0,0,0.040060001373291,1.63,0,-5399.92822265625
100000000000000000000002,1,923125000,0,-45,3.28885480922681,0,0,0.040060001373291,1.63,0,-5399.92822265625
100000000000000000000002,1,923125000,0,-45,3.28271888607527,0,0,0.040060001373291,1.63,0,-5399.92822265625
100000000000000000000001,1,923125000,0,-45,1.04924285891378,0,0,0.040060001373291,1.63,0,-5399.92822265625
100000000000000000000003,1,923125000,0,-46,2.54027218473862,0,0,0.040060001373291,1.63,0,-5399.92822265625
100000000000000000000000,1,923125000,0,-44.5,0.0859029241215961,0,0,0.040060001373291,1.63,0,-5399.92822265625
100000000000000000000004,1,923125000,0,-50,2.98819457480123,0,0,0.040060001373291,1.63,0,-5399.92822265625
100000000000000000000003,1,923125000,0,-46.5,2.54640810789016,0,0,0.040060001373291,1.63,0,-5399.92822265625
100000000000000000000002,1,923125000,0,-45,3.27658296292373,0,0,0.040060001373291,1.63,0,-5399.92822265625
100000000000000000000000,1,923125000,0,-44.5,0.104310693576224,0,0,0.040060001373291,1.63,0,-5399.92822265625
100000000000000000000001,1,923125000,0,-45,1.05537878206532,0,0,0.040060001373291,1.63,0,-5399.92822265625
100000000000000000000004,1,923125000,0,-50.5,2.9697868053466,0,0,0.040060001373291,1.63,0,-5399.92822265625
100000000000000000000000,1,923125000,0,-44.5,0.116582539879309,0,0,0.040060001373291,1.63,0,-5399.92822265625
100000000000000000000002,1,923125000,0,-45,3.28271888607527,0,0,0.040060001373291,1.63,0,-5399.92822265625
100000000000000000000001,1,923125000,0,-45,1.03697101261069,0,0,0.040060001373291,1.63,0,-5399.92822265625
100000000000000000000004,1,923125000,0,-50.5,2.98819457480123,0,0,0.040060001373291,1.63,0,-5399.92822265625
100000000000000000000003,1,923125000,0,-46.5,2.54027218473862,0,0,0.040060001373291,1.63,0,-5399.92822265625
100000000000000000000003,1,923125000,0,-46.5,2.54640810789016,0,0,0.040060001373291,1.63,0,-5399.92822265625
100000000000000000000000,1,923125000,0,-44.5,0.0797670009700537,0,0,0.040060001373291,1.63,0,-5399.92822265625
100000000000000000000004,1,923125000,0,-50.5,2.98819457480123,0,0,0.040060001373291,1.63,0,-5399.92822265625
100000000000000000000001,1,923125000,0,-45,1.04310693576224,0,0,0.040060001373291,1.63,0,-5399.92822265625
100000000000000000000002,1,923125000,0,-45,3.28885480922681,0,0,0.040060001373291,1.63,0,-5399.92822265625
100000000000000000000004,1,923125000,0,-50,2.99433049795277,0,0,0.040060001373291,1.63,0,-5399.92822265625
100000000000000000000003,1,923125000,0,-46.5,2.54027218473862,0,0,0.040060001373291,1.63,0,-5399.92822265625
100000000000000000000002,1,923125000,0,-45,3.28885480922681,0,0,0.040060001373291,1.63,0,-5399.92822265625
100000000000000000000001,1,923125000,0,-45,1.03083508945915,0,0,0.040060001373291,1.63,0,-5399.92822265625
100000000000000000000000,1,923125000,0,-44,0.0859029241215961,0,0,0.040060001373291,1.63,0,-5399.92822265625
100000000000000000000004,1,923125000,0,-50,2.98205865164969,0,0,0.040060001373291,1.63,0,-5399.92822265625
100000000000000000000000,1,923125000,0,-44.5,0.122718463030851,0,0,0.040060001373291,1.63,0,-5399.92822265625
100000000000000000000001,1,923125000,0,-45,1.04310693576224,0,0,0.040060001373291,1.63,0,-5399.92822265625
100000000000000000000002,1,923125000,0,-45,3.28271888607527,0,0,0.040060001373291,1.63,0,-5399.92822265625
100000000000000000000003,1,923125000,0,-46,2.54640810789016,0,0,0.040060001373291,1.63,0,-5399.92822265625
100000000000000000000000,1,923125000,0,-44.5,0.110446616727766,0,0,0.040060001373291,1.63,0,-5399.92822265625
100000000000000000000002,1,923125000,0,-45,3.27044703977219,0,0,0.040060001373291,1.63,0,-5399.92822265625
100000000000000000000004,1,923125000,0,-50.5,2.95137903589197,0,0,0.040060001373291,1.63,0,-5399.92822265625
100000000000000000000001,1,923125000,0,-45,1.04924285891378,0,0,0.040060001373291,1.63,0,-5399.92822265625
100000000000000000000003,1,923125000,0,-46.5,2.54027218473862,0,0,0.040060001373291,1.63,0,-5399.92822265625
100000000000000000000004,1,923125000,0,-50,2.97592272849814,0,0,0.040060001373291,1.63,0,-5399.92822265625
100000000000000000000002,1,923125000,0,-45,3.29499073237836,0,0,0.040060001373291,1.63,0,-5399.92822265625
100000000000000000000003,1,923125000,0,-46.5,2.55254403104171,0,0,0.040060001373291,1.63,0,-5399.92822265625
100000000000000000000000,1,923125000,0,-44.5,0.0920388472731384,0,0,0.040060001373291,1.63,0,-5399.92822265625
100000000000000000000001,1,923125000,0,-45,1.05537878206532,0,0,0.040060001373291,1.63,0,-5399.92822265625
100000000000000000000002,1,923125000,0,-45,3.27658296292373,0,0,0.040060001373291,1.63,0,-5399.92822265625
100000000000000000000000,1,923125000,0,-44.5,0.0981747704246807,0,0,0.040060001373291,1.63,0,-5399.92822265625
100000000000000000000004,1,923125000,0,-50,2.98205865164969,0,0,0.040060001373291,1.63,0,-5399.92822265625
100000000000000000000003,1,923125000,0,-46.5,2.55254403104171,0,0,0.040060001373291,1.63,0,-5399.92822265625
100000000000000000000001,1,923125000,0,-45,1.03697101261069,0,0,0.040060001373291,1.63,0,-5399.92822265625
100000000000000000000000,1,923125000,0,-44.5,0.104310693576224,0,0,0.040060001373291,1.63,0,-5399.92822265625
100000000000000000000002,1,923125000,0,-45,3.31953442498453,0,0,0.040060001373291,1.63,0,-5399.92822265625
100000000000000000000001,1,923125000,0,-45,1.03697101261069,0,0,0.040060001373291,1.63,0,-5399.92822265625
100000000000000000000003,1,923125000,0,-46,2.54640810789016,0,0,0.040060001373291,1.63,0,-5399.92822265625
100000000000000000000004,1,923125000,0,-50.5,3.00660234425586,0,0,0.040060001373291,1.63,0,-5399.92822265625
100000000000000000000001,1,923125000,0,-45,1.03697101261069,0,0,0.040060001373291,1.63,0,-5399.92822265625
100000000000000000000003,1,923125000,0,-46.5,2.53413626158708,0,0,0.040060001373291,1.63,0,-5399.92822265625
100000000000000000000002,1,923125000,0,-45,3.28271888607527,0,0,0.040060001373291,1.63,0,-5399.92822265625
100000000000000000000000,1,923125000,0,-44.5,0.0981747704246807,0,0,0.040060001373291,1.63,0,-5399.92822265625
100000000000000000000004,1,923125000,0,-50,2.9697868053466,0,0,0.040060001373291,1.63,0,-5399.92822265625
100000000000000000000003,1,923125000,0,-46.5,2.53413626158708,0,0,0.040060001373291,1.63,0,-5399.92822265625
100000000000000000000002,1,923125000,0,-45,3.27658296292373,0,0,0.040060001373291,1.63,0,-5399.92822265625
100000000000000000000004,1,923125000,0,-50.5,2.98205865164969,0,0,0.040060001373291,1.63,0,-5399.92822265625
100000000000000000000000,1,923125000,0,-44.5,0.0920388472731384,0,0,0.040060001373291,1.63,0,-5399.92822265625
100000000000000000000001,1,923125000,0,-45,1.05537878206532,0,0,0.040060001373291,1.63,0,-5399.92822265625
100000000000000000000000,1,923125000,0,-44.5,0.0981747704246807,0,0,0.040060001373291,1.63,0,-5399.92822265625
100000000000000000000004,1,923125000,0,-50.5,2.99433049795277,0,0,0.040060001373291,1.63,0,-5399.92822265625
100000000000000000000001,1,923125000,0,-45,1.05537878206532,0,0,0.040060001373291,1.63,0,-5399.92822265625
100000000000000000000002,1,923125000,0,-45,3.31339850183298,0,0,0.040060001373291,1.63,0,-5399.92822265625
100000000000000000000003,1,923125000,0,-46.5,2.55254403104171,0,0,0.040060001373291,1.63,0,-5399.92822265625
100000000000000000000003,1,923125000,0,-46.5,2.54027218473862,0,0,0.040060001373291,1.63,0,-5399.92822265625
100000000000000000000001,1,923125000,0,-45,1.03083508945915,0,0,0.040060001373291,1.63,0,-5399.92822265625
100000000000000000000002,1,923125000,0,-45,3.27658296292373,0,0,0.040060001373291,1.63,0,-5399.92822265625
100000000000000000000004,1,923125000,0,-50,3.00660234425586,0,0,0.040060001373291,1.63,0,-5399.92822265625
100000000000000000000000,1,923125000,0,-44.5,0.0859029241215961,0,0,0.040060001373291,1.63,0,-5399.92822265625
100000000000000000000004,1,923125000,0,-50,2.9697868053466,0,0,0.040060001373291,1.63,0,-5399.92822265625
100000000000000000000000,1,923125000,0,-44.5,0.0736310778185105,0,0,0.040060001373291,1.63,0,-5399.92822265625
100000000000000000000003,1,923125000,0,-46.5,2.55254403104171,0,0,0.040060001373291,1.63,0,-5399.92822265625
100000000000000000000002,1,923125000,0,-45,3.28271888607527,0,0,0.040060001373291,1.63,0,-5399.92822265625
100000000000000000000001,1,923125000,0,-45,1.03697101261069,0,0,0.040060001373291,1.63,0,-5399.92822265625
100000000000000000000002,1,923125000,0,-45,3.29499073237836,0,0,0.040060001373291,1.63,0,-5399.92822265625
100000000000000000000004,1,923125000,0,-50.5,3.03114603686203,0,0,0.040060001373291,1.63,0,-5399.92822265625
100000000000000000000003,1,923125000,0,-46.5,2.55254403104171,0,0,0.040060001373291,1.63,0,-5399.92822265625
100000000000000000000001,1,923125000,0,-45,1.04310693576224,0,0,0.040060001373291,1.63,0,-5399.92822265625
100000000000000000000000,1,923125000,0,-44.5,0.0920388472731384,0,0,0.040060001373291,1.63,0,-5399.92822265625
100000000000000000000004,1,923125000,0,-50.5,2.98819457480123,0,0,0.040060001373291,1.63,0,-5399.92822265625
100000000000000000000001,1,923125000,0,-45,1.04310693576224,0,0,0.040060001373291,1.63,0,-5399.92822265625
100000000000000000000003,1,923125000,0,-46,2.52800033843554,0,0,0.040060001373291,1.63,0,-5399.92822265625
100000000000000000000002,1,923125000,0,-45,3.28271888607527,0,0,0.040060001373291,1.63,0,-5399.92822265625
100000000000000000000000,1,923125000,0,-44.5,0.0859029241215961,0,0,0.040060001373291,1.63,0,-5399.92822265625
100000000000000000000000,1,923125000,0,-44,0.104310693576224,0,0,0.040060001373291,1.63,0,-5399.92822265625
100000000000000000000001,1,923125000,0,-45,1.03697101261069,0,0,0.040060001373291,1.63,0,-5399.92822265625
100000000000000000000003,1,923125000,0,-46.5,2.55867995419325,0,0,0.040060001373291,1.63,0,-5399.92822265625
100000000000000000000002,1,923125000,0,-45,3.27658296292373,0,0,0.040060001373291,1.63,0,-5399.92822265625
100000000000000000000004,1,923125000,0,-50,2.98205865164969,0,0,0.040060001373291,1.63,0,-5399.92822265625
100000000000000000000000,1,923125000,0,-44.5,0.0981747704246807,0,0,0.040060001373291,1.63,0,-5399.92822265625
100000000000000000000001,1,923125000,0,-45,1.04924285891378,0,0,0.040060001373291,1.63,0,-5399.92822265625
100000000000000000000002,1,923125000,0,-45,3.27044703977219,0,0,0.040060001373291,1.63,0,-5399.92822265625
100000000000000000000003,1,923125000,0,-46,2.54640810789016,0,0,0.040060001373291,1.63,0,-5399.92822265625
100000000000000000000004,1,923125000,0,-50,2.99433049795277,0,0,0.040060001373291,1.63,0,-5399.92822265625
100000000000000000000004,1,923125000,0,-50.5,2.98819457480123,0,0,0.040060001373291,1.63,0,-5399.92822265625
100000000000000000000000,1,923125000,0,-44.5,0.0859029241215961,0,0,0.040060001373291,1.63,0,-5399.92822265625
100000000000000000000001,1,923125000,0,-45,1.04310693576224,0,0,0.040060001373291,1.63,0,-5399.92822265625
100000000000000000000002,1,923125000,0,-45,3.27658296292373,0,0,0.040060001373291,1.63,0,-5399.92822265625
100000000000000000000003,1,923125000,0,-46,2.53413626158708,0,0,0.040060001373291,1.63,0,-5399.92822265625
100000000000000000000000,1,923125000,0,-44.5,0.110446616727766,0,0,0.040060001373291,1.63,0,-5399.92822265625
100000000000000000000003,1,923125000,0,-46,2.54640810789016,0,0,0.040060001373291,1.63,0,-5399.92822265625
100000000000000000000004,1,923125000,0,-50.5,2.97592272849814,0,0,0.040060001373291,1.63,0,-5399.92822265625
100000000000000000000002,1,923125000,0,-45,3.28271888607527,0,0,0.040060001373291,1.63,0,-5399.92822265625
100000000000000000000001,1,923125000,0,-45,1.03083508945915,0,0,0.040060001373291,1.63,0,-5399.92822265625
100000000000000000000004,1,923125000,0,-50,2.98819457480123,0,0,0.040060001373291,1.63,0,-5399.92822265625
100000000000000000000001,1,923125000,0,-45,1.03083508945915,0,0,0.040060001373291,1.63,0,-5399.92822265625
100000000000000000000000,1,923125000,0,-44.5,0.0920388472731384,0,0,0.040060001373291,1.63,0,-5399.92822265625
100000000000000000000002,1,923125000,0,-45,3.28885480922681,0,0,0.040060001373291,1.63,0,-5399.92822265625
100000000000000000000003,1,923125000,0,-46.5,2.52800033843554,0,0,0.040060001373291,1.63,0,-5399.92822265625
100000000000000000000000,1,923125000,0,-44.5,0.104310693576224,0,0,0.040060001373291,1.63,0,-5399.92822265625
100000000000000000000002,1,923125000,0,-45,3.28271888607527,0,0,0.040060001373291,1.63,0,-5399.92822265625
100000000000000000000003,1,923125000,0,-46.5,2.55867995419325,0,0,0.040060001373291,1.63,0,-5399.92822265625
100000000000000000000001,1,923125000,0,-45,1.04310693576224,0,0,0.040060001373291,1.63,0,-5399.92822265625
100000000000000000000004,1,923125000,0,-50,2.98205865164969,0,0,0.040060001373291,1.63,0,-5399.92822265625
100000000000000000000003,1,923125000,0,-46,2.55867995419325,0,0,0.040060001373291,1.63,0,-5399.92822265625
100000000000000000000001,1,923125000,0,-45,1.04310693576224,0,0,0.040060001373291,1.63,0,-5399.92822265625
100000000000000000000002,1,923125000,0,-45,3.28271888607527,0,0,0.040060001373291,1.63,0,-5399.92822265625
100000000000000000000004,1,923125000,0,-50,2.98205865164969,0,0,0.040060001373291,1.63,0,-5399.92822265625
100000000000000000000000,1,923125000,0,-44.5,0.128854386182394,0,0,0.040060001373291,1.63,0,-5399.92822265625
100000000000000000000000,1,923125000,0,-44.5,0.104310693576224,0,0,0.040060001373291,1.63,0,-5399.92822265625
100000000000000000000001,1,923125000,0,-45,1.04924285891378,0,0,0.040060001373291,1.63,0,-5399.92822265625
100000000000000000000002,1,923125000,0,-45,3.28885480922681,0,0,0.040060001373291,1.63,0,-5399.92822265625
100000000000000000000004,1,923125000,0,-50.5,2.98819457480123,0,0,0.040060001373291,1.63,0,-5399.92822265625
100000000000000000000003,1,923125000,0,-46.5,2.52800033843554,0,0,0.040060001373291,1.63,0,-5399.92822265625
100000000000000000000001,1,923125000,0,-45,1.04310693576224,0,0,0.040060001373291,1.63,0,-5399.92822265625
100000000000000000000000,1,923125000,0,-44.5,0.0859029241215961,0,0,0.040060001373291,1.63,0,-5399.92822265625
100000000000000000000003,1,923125000,0,-46.5,2.55254403104171,0,0,0.040060001373291,1.63,0,-5399.92822265625
100000000000000000000002,1,923125000,0,-45,3.3011266555299,0,0,0.040060001373291,1.63,0,-5399.92822265625
100000000000000000000004,1,923125000,0,-50,2.98205865164969,0,0,0.040060001373291,1.63,0,-5399.92822265625
100000000000000000000002,1,923125000,0,-45,3.27658296292373,0,0,0.040060001373291,1.63,0,-5399.92822265625
100000000000000000000003,1,923125000,0,-46.5,2.52800033843554,0,0,0.040060001373291,1.63,0,-5399.92822265625
100000000000000000000001,1,923125000,0,-45,1.04310693576224,0,0,0.040060001373291,1.63,0,-5399.92822265625
100000000000000000000000,1,923125000,0,-44.5,0.104310693576224,0,0,0.040060001373291,1.63,0,-5399.92822265625
100000000000000000000004,1,923125000,0,-50,3.00046642110431,0,0,0.040060001373291,1.63,0,-5399.92822265625
100000000000000000000001,1,923125000,0,-45,1.02469916630761,0,0,0.040060001373291,1.63,0,-5399.92822265625
100000000000000000000002,1,923125000,0,-45,3.25203927031756,0,0,0.040060001373291,1.63,0,-5399.92822265625
100000000000000000000000,1,923125000,0,-44.5,0.0981747704246807,0,0,0.040060001373291,1.63,0,-5399.92822265625
100000000000000000000004,1,923125000,0,-50,3.00660234425586,0,0,0.040060001373291,1.63,0,-5399.92822265625
100000000000000000000003,1,923125000,0,-46,2.55254403104171,0,0,0.040060001373291,1.63,0,-5399.92822265625
100000000000000000000002,1,923125000,0,-45,3.27044703977219,0,0,0.040060001373291,1.63,0,-5399.92822265625
100000000000000000000003,1,923125000,0,-46.5,2.55254403104171,0,0,0.040060001373291,1.63,0,-5399.92822265625
100000000000000000000000,1,923125000,0,-44.5,0.0859029241215961,0,0,0.040060001373291,1.63,0,-5399.92822265625
100000000000000000000004,1,923125000,0,-50,2.98819457480123,0,0,0.040060001373291,1.63,0,-5399.92822265625
100000000000000000000001,1,923125000,0,-45,1.03697101261069,0,0,0.040060001373291,1.63,0,-5399.92822265625
100000000000000000000001,1,923125000,0,-45,1.04310693576224,0,0,0.040060001373291,1.63,0,-5399.92822265625
100000000000000000000002,1,923125000,0,-45,3.26431111662064,0,0,0.040060001373291,1.63,0,-5399.92822265625
100000000000000000000004,1,923125000,0,-50.5,2.98205865164969,0,0,0.040060001373291,1.63,0,-5399.92822265625
100000000000000000000000,1,923125000,0,-44.5,0.0981747704246807,0,0,0.040060001373291,1.63,0,-5399.92822265625
100000000000000000000003,1,923125000,0,-46.5,2.55254403104171,0,0,0.040060001373291,1.63,0,-5399.92822265625
100000000000000000000000,1,923125000,0,-44.5,0.0920388472731384,0,0,0.040060001373291,1.63,0,-5399.92822265625
100000000000000000000002,1,923125000,0,-45,3.28271888607527,0,0,0.040060001373291,1.63,0,-5399.92822265625
100000000000000000000004,1,923125000,0,-50,3.00046642110431,0,0,0.040060001373291,1.63,0,-5399.92822265625
100000000000000000000001,1,923125000,0,-45,1.04924285891378,0,0,0.040060001373291,1.63,0,-5399.92822265625
100000000000000000000003,1,923125000,0,-46,2.55254403104171,0,0,0.040060001373291,1.63,0,-5399.92822265625
100000000000000000000001,1,923125000,0,-45,1.02469916630761,0,0,0.040060001373291,1.63,0,-5399.92822265625
100000000000000000000003,1,923125000,0,-46,2.55867995419325,0,0,0.040060001373291,1.63,0,-5399.92822265625
100000000000000000000002,1,923125000,0,-45,3.29499073237836,0,0,0.040060001373291,1.63,0,-5399.92822265625
100000000000000000000000,1,923125000,0,-44.5,0.0981747704246807,0,0,0.040060001373291,1.63,0,-5399.92822265625
100000000000000000000004,1,923125000,0,-50.5,2.97592272849814,0,0,0.040060001373291,1.63,0,-5399.92822265625
100000000000000000000002,1,923125000,0,-45,3.3011266555299,0,0,0.040060001373291,1.63,0,-5399.92822265625
100000000000000000000003,1,923125000,0,-46.5,2.55867995419325,0,0,0.040060001373291,1.63,0,-5399.92822265625
100000000000000000000000,1,923125000,0,-44.5,0.104310693576224,0,0,0.040060001373291,1.63,0,-5399.92822265625
100000000000000000000004,1,923125000,0,-50,2.98205865164969,0,0,0.040060001373291,1.63,0,-5399.92822265625
100000000000000000000001,1,923125000,0,-45,1.04924285891378,0,0,0.040060001373291,1.63,0,-5399.92822265625
100000000000000000000004,1,923125000,0,-50.5,2.9697868053466,0,0,0.040060001373291,1.63,0,-5399.92822265625
100000000000000000000002,1,923125000,0,-45,3.27044703977219,0,0,0.040060001373291,1.63,0,-5399.92822265625
100000000000000000000000,1,923125000,0,-44.5,0.104310693576224,0,0,0.040060001373291,1.63,0,-5399.92822265625
100000000000000000000003,1,923125000,0,-46.5,2.54027218473862,0,0,0.040060001373291,1.63,0,-5399.92822265625
100000000000000000000001,1,923125000,0,-45,1.04310693576224,0,0,0.040060001373291,1.63,0,-5399.92822265625
100000000000000000000003,1,923125000,0,-46.5,2.53413626158708,0,0,0.040060001373291,1.63,0,-5399.92822265625
100000000000000000000004,1,923125000,0,-50.5,2.99433049795277,0,0,0.040060001373291,1.63,0,-5399.92822265625
100000000000000000000002,1,923125000,0,-45,3.29499073237836,0,0,0.040060001373291,1.63,0,-5399.92822265625
100000000000000000000000,1,923125000,0,-44.5,0.0981747704246807,0,0,0.040060001373291,1.63,0,-5399.92822265625
100000000000000000000001,1,923125000,0,-45,1.03083508945915,0,0,0.040060001373291,1.63,0,-5399.92822265625
100000000000000000000000,1,923125000,0,-44.5,0.0859029241215961,0,0,0.040060001373291,1.63,0,-5399.92822265625
100000000000000000000004,1,923125000,0,-50,3.00046642110431,0,0,0.040060001373291,1.63,0,-5399.92822265625
100000000000000000000003,1,923125000,0,-46.5,2.55254403104171,0,0,0.040060001373291,1.63,0,-5399.92822265625
100000000000000000000001,1,923125000,0,-45,1.04310693576224,0,0,0.040060001373291,1.63,0,-5399.92822265625
100000000000000000000002,1,923125000,0,-45,3.28885480922681,0,0,0.040060001373291,1.63,0,-5399.92822265625
100000000000000000000001,1,923125000,0,-45,1.03083508945915,0,0,0.040060001373291,1.63,0,-5399.92822265625
100000000000000000000003,1,923125000,0,-46,2.54027218473862,0,0,0.040060001373291,1.63,0,-5399.92822265625
100000000000000000000004,1,923125000,0,-50,2.98205865164969,0,0,0.040060001373291,1.63,0,-5399.92822265625
100000000000000000000002,1,923125000,0,-45,3.2581751934691,0,0,0.040060001373291,1.63,0,-5399.92822265625
100000000000000000000000,1,923125000,0,-44.5,0.0736310778185105,0,0,0.040060001373291,1.63,0,-5399.92822265625
100000000000000000000000,1,923125000,0,-44.5,0.0981747704246807,0,0,0.040060001373291,1.63,0,-5399.92822265625
100000000000000000000002,1,923125000,0,-45,3.27658296292373,0,0,0.040060001373291,1.63,0,-5399.92822265625
100000000000000000000003,1,923125000,0,-46.5,2.54640810789016,0,0,0.040060001373291,1.63,0,-5399.92822265625
100000000000000000000001,1,923125000,0,-45,1.04310693576224,0,0,0.040060001373291,1.63,0,-5399.92822265625
100000000000000000000004,1,923125000,0,-50.5,2.98205865164969,0,0,0.040060001373291,1.63,0,-5399.92822265625
100000000000000000000003,1,923125000,0,-46.5,2.54027218473862,0,0,0.040060001373291,1.63,0,-5399.92822265625
100000000000000000000000,1,923125000,0,-44.5,0.122718463030851,0,0,0.040060001373291,1.63,0,-5399.92822265625
100000000000000000000001,1,923125000,0,-45,1.01856324315607,0,0,0.040060001373291,1.63,0,-5399.92822265625
100000000000000000000002,1,923125000,0,-45,3.27658296292373,0,0,0.040060001373291,1.63,0,-5399.92822265625
100000000000000000000004,1,923125000,0,-50.5,2.99433049795277,0,0,0.040060001373291,1.63,0,-5399.92822265625
100000000000000000000001,1,923125000,0,-45,1.04924285891378,0,0,0.040060001373291,1.63,0,-5399.92822265625
100000000000000000000002,1,923125000,0,-45,3.29499073237836,0,0,0.040060001373291,1.63,0,-5399.92822265625
100000000000000000000000,1,923125000,0,-44.5,0.110446616727766,0,0,0.040060001373291,1.63,0,-5399.92822265625
100000000000000000000003,1,923125000,0,-46.5,2.54027218473862,0,0,0.040060001373291,1.63,0,-5399.92822265625
100000000000000000000004,1,923125000,0,-50.5,2.95751495904352,0,0,0.040060001373291,1.63,0,-5399.92822265625
100000000000000000000001,1,923125000,0,-45,1.03697101261069,0,0,0.040060001373291,1.63,0,-5399.92822265625
100000000000000000000004,1,923125000,0,-50.5,2.98819457480123,0,0,0.040060001373291,1.63,0,-5399.92822265625
100000000000000000000003,1,923125000,0,-46,2.54640810789016,0,0,0.040060001373291,1.63,0,-5399.92822265625
100000000000000000000000,1,923125000,0,-44.5,0.104310693576224,0,0,0.040060001373291,1.63,0,-5399.92822265625
100000000000000000000002,1,923125000,0,-45,3.28271888607527,0,0,0.040060001373291,1.63,0,-5399.92822265625
100000000000000000000000,1,923125000,0,-44.5,0.116582539879309,0,0,0.040060001373291,1.63,0,-5399.92822265625
100000000000000000000003,1,923125000,0,-46.5,2.54027218473862,0,0,0.040060001373291,1.63,0,-5399.92822265625
100000000000000000000002,1,923125000,0,-45,3.28885480922681,0,0,0.040060001373291,1.63,0,-5399.92822265625
100000000000000000000004,1,923125000,0,-50.5,2.98205865164969,0,0,0.040060001373291,1.63,0,-5399.92822265625
100000000000000000000001,1,923125000,0,-45,1.04310693576224,0,0,0.040060001373291,1.63,0,-5399.92822265625
100000000000000000000000,1,923125000,0,-44.5,0.110446616727766,0,0,0.040060001373291,1.63,0,-5399.92822265625
100000000000000000000002,1,923125000,0,-45,3.29499073237836,0,0,0.040060001373291,1.63,0,-5399.92822265625
100000000000000000000004,1,923125000,0,-50.5,2.99433049795277,0,0,0.040060001373291,1.63,0,-5399.92822265625
100000000000000000000001,1,923125000,0,-45,1.03697101261069,0,0,0.040060001373291,1.63,0,-5399.92822265625
100000000000000000000003,1,923125000,0,-46.5,2.54640810789016,0,0,0.040060001373291,1.63,0,-5399.92822265625
100000000000000000000003,1,923125000,0,-46.5,2.52800033843554,0,0,0.040060001373291,1.63,0,-5399.92822265625
100000000000000000000002,1,923125000,0,-45,3.28271888607527,0,0,0.040060001373291,1.63,0,-5399.92822265625
100000000000000000000001,1,923125000,0,-45,1.06151470521686,0,0,0.040060001373291,1.63,0,-5399.92822265625
100000000000000000000004,1,923125000,0,-50.5,2.98205865164969,0,0,0.040060001373291,1.63,0,-5399.92822265625
100000000000000000000000,1,923125000,0,-44.5,0.0981747704246807,0,0,0.040060001373291,1.63,0,-5399.92822265625
100000000000000000000002,1,923125000,0,-45,3.3011266555299,0,0,0.040060001373291,1.63,0,-5399.92822265625
100000000000000000000000,1,923125000,0,-44.5,0.0920388472731384,0,0,0.040060001373291,1.63,0,-5399.92822265625
100000000000000000000003,1,923125000,0,-46.5,2.53413626158708,0,0,0.040060001373291,1.63,0,-5399.92822265625
100000000000000000000001,1,923125000,0,-45,1.03697101261069,0,0,0.040060001373291,1.63,0,-5399.92822265625
100000000000000000000004,1,923125000,0,-50,2.98205865164969,0,0,0.040060001373291,1.63,0,-5399.92822265625
100000000000000000000000,1,923125000,0,-44.5,0.0920388472731384,0,0,0.040060001373291,1.63,0,-5399.92822265625
100000000000000000000001,1,923125000,0,-45,1.04924285891378,0,0,0.040060001373291,1.63,0,-5399.92822265625
100000000000000000000003,1,923125000,0,-46.5,2.54640810789016,0,0,0.040060001373291,1.63,0,-5399.92822265625
100000000000000000000002,1,923125000,0,-45,3.27658296292373,0,0,0.040060001373291,1.63,0,-5399.92822265625
100000000000000000000004,1,923125000,0,-50,2.98205865164969,0,0,0.040060001373291,1.63,0,-5399.92822265625
100000000000000000000004,1,923125000,0,-50,2.98205865164969,0,0,0.040060001373291,1.63,0,-5399.92822265625
100000000000000000000000,1,923125000,0,-44,0.0797670009700537,0,0,0.040060001373291,1.63,0,-5399.92822265625
100000000000000000000003,1,923125000,0,-46.5,2.51572849213245,0,0,0.040060001373291,1.63,0,-5399.92822265625
100000000000000000000002,1,923125000,0,-45,3.26431111662064,0,0,0.040060001373291,1.63,0,-5399.92822265625
100000000000000000000001,1,923125000,0,-45,1.03697101261069,0,0,0.040060001373291,1.63,0,-5399.92822265625
100000000000000000000004,1,923125000,0,-50,2.98205865164969,0,0,0.040060001373291,1.63,0,-5399.92822265625
100000000000000000000003,1,923125000,0,-46,2.55254403104171,0,0,0.040060001373291,1.63,0,-5399.92822265625
100000000000000000000001,1,923125000,0,-45,1.05537878206532,0,0,0.040060001373291,1.63,0,-5399.92822265625
100000000000000000000002,1,923125000,0,-45,3.27658296292373,0,0,0.040060001373291,1.63,0,-5399.92822265625
100000000000000000000000,1,923125000,0,-44.5,0.0920388472731384,0,0,0.040060001373291,1.63,0,-5399.92822265625
100000000000000000000001,1,923125000,0,-45,1.03083508945915,0,0,0.040060001373291,1.63,0,-5399.92822265625
100000000000000000000000,1,923125000,0,-44.5,0.0797670009700537,0,0,0.040060001373291,1.63,0,-5399.92822265625
100000000000000000000003,1,923125000,0,-46.5,2.55867995419325,0,0,0.040060001373291,1.63,0,-5399.92822265625
100000000000000000000002,1,923125000,0,-45,3.27658296292373,0,0,0.040060001373291,1.63,0,-5399.92822265625
100000000000000000000004,1,923125000,0,-50,2.99433049795277,0,0,0.040060001373291,1.63,0,-5399.92822265625
100000000000000000000000,1,923125000,0,-44.5,0.110446616727766,0,0,0.040060001373291,1.63,0,-5399.92822265625
100000000000000000000001,1,923125000,0,-45,1.03083508945915,0,0,0.040060001373291,1.63,0,-5399.92822265625
100000000000000000000002,1,923125000,0,-45,3.29499073237836,0,0,0.040060001373291,1.63,0,-5399.92822265625
100000000000000000000004,1,923125000,0,-50.5,2.98205865164969,0,0,0.040060001373291,1.63,0,-5399.92822265625
100000000000000000000003,1,923125000,0,-46.5,2.52800033843554,0,0,0.040060001373291,1.63,0,-5399.92822265625
100000000000000000000001,1,923125000,0,-45,1.04310693576224,0,0,0.040060001373291,1.63,0,-5399.92822265625
100000000000000000000004,1,923125000,0,-50,2.97592272849814,0,0,0.040060001373291,1.63,0,-5399.92822265625
100000000000000000000002,1,923125000,0,-45,3.27658296292373,0,0,0.040060001373291,1.63,0,-5399.92822265625
100000000000000000000003,1,923125000,0,-46,2.55254403104171,0,0,0.040060001373291,1.63,0,-5399.92822265625
100000000000000000000000,1,923125000,0,-44.5,0.0920388472731384,0,0,0.040060001373291,1.63,0,-5399.92822265625
100000000000000000000001,1,923125000,0,-45,1.04924285891378,0,0,0.040060001373291,1.63,0,-5399.92822265625
100000000000000000000004,1,923125000,0,-50,2.98819457480123,0,0,0.040060001373291,1.63,0,-5399.92822265625
100000000000000000000003,1,923125000,0,-46.5,2.53413626158708,0,0,0.040060001373291,1.63,0,-5399.92822265625
100000000000000000000002,1,923125000,0,-45,3.27658296292373,0,0,0.040060001373291,1.63,0,-5399.92822265625
100000000000000000000000,1,923125000,0,-44.5,0.116582539879309,0,0,0.040060001373291,1.63,0,-5399.92822265625
100000000000000000000004,1,923125000,0,-50,2.98205865164969,0,0,0.040060001373291,1.63,0,-5399.92822265625
100000000000000000000002,1,923125000,0,-45,3.29499073237836,0,0,0.040060001373291,1.63,0,-5399.92822265625
100000000000000000000001,1,923125000,0,-45,1.03697101261069,0,0,0.040060001373291,1.63,0,-5399.92822265625
100000000000000000000003,1,923125000,0,-46.5,2.55254403104171,0,0,0.040060001373291,1.63,0,-5399.92822265625
100000000000000000000000,1,923125000,0,-44.5,0.116582539879309,0,0,0.040060001373291,1.63,0,-5399.92822265625
100000000000000000000003,1,923125000,0,-46.5,2.54027218473862,0,0,0.040060001373291,1.63,0,-5399.92822265625
100000000000000000000001,1,923125000,0,-45,1.03697101261069,0,0,0.040060001373291,1.63,0,-5399.92822265625
100000000000000000000004,1,923125000,0,-50.5,2.98205865164969,0,0,0.040060001373291,1.63,0,-5399.92822265625
100000000000000000000002,1,923125000,0,-45,3.26431111662064,0,0,0.040060001373291,1.63,0,-5399.92822265625
100000000000000000000000,1,923125000,0,-44.5,0.0859029241215961,0,0,0.040060001373291,1.63,0,-5399.92822265625
100000000000000000000003,1,923125000,0,-46.5,2.55867995419325,0,0,0.040060001373291,1.63,0,-5399.92822265625
100000000000000000000000,1,923125000,0,-44.5,0.0736310778185105,0,0,0.040060001373291,1.63,0,-5399.92822265625
100000000000000000000001,1,923125000,0,-45,1.04310693576224,0,0,0.040060001373291,1.63,0,-5399.92822265625
100000000000000000000002,1,923125000,0,-45,3.27658296292373,0,0,0.040060001373291,1.63,0,-5399.92822265625
100000000000000000000004,1,923125000,0,-50.5,3.0127382674074,0,0,0.040060001373291,1.63,0,-5399.92822265625
100000000000000000000003,1,923125000,0,-46.5,2.54027218473862,0,0,0.040060001373291,1.63,0,-5399.92822265625
100000000000000000000001,1,923125000,0,-45,1.04310693576224,0,0,0.040060001373291,1.63,0,-5399.92822265625
100000000000000000000000,1,923125000,0,-44.5,0.104310693576224,0,0,0.040060001373291,1.63,0,-5399.92822265625
100000000000000000000002,1,923125000,0,-45,3.27044703977219,0,0,0.040060001373291,1.63,0,-5399.92822265625
100000000000000000000004,1,923125000,0,-50.5,2.99433049795277,0,0,0.040060001373291,1.63,0,-5399.92822265625
100000000000000000000001,1,923125000,0,-45,1.04310693576224,0,0,0.040060001373291,1.63,0,-5399.92822265625
100000000000000000000003,1,923125000,0,-46.5,2.55254403104171,0,0,0.040060001373291,1.63,0,-5399.92822265625
100000000000000000000002,1,923125000,0,-45,3.28271888607527,0,0,0.040060001373291,1.63,0,-5399.92822265625
100000000000000000000004,1,923125000,0,-50.5,2.99433049795277,0,0,0.040060001373291,1.63,0,-5399.92822265625
100000000000000000000000,1,923125000,0,-44.5,0.116582539879309,0,0,0.040060001373291,1.63,0,-5399.92822265625
100000000000000000000002,1,923125000,0,-45,3.29499073237836,0,0,0.040060001373291,1.63,0,-5399.92822265625
100000000000000000000000,1,923125000,0,-44.5,0.110446616727766,0,0,0.040060001373291,1.63,0,-5399.92822265625
100000000000000000000003,1,923125000,0,-46.5,2.54027218473862,0,0,0.040060001373291,1.63,0,-5399.92822265625
100000000000000000000001,1,923125000,0,-45,1.03083508945915,0,0,0.040060001373291,1.63,0,-5399.92822265625
100000000000000000000004,1,923125000,0,-50,2.97592272849814,0,0,0.040060001373291,1.63,0,-5399.92822265625
100000000000000000000004,1,923125000,0,-50.5,2.98205865164969,0,0,0.040060001373291,1.63,0,-5399.92822265625
100000000000000000000000,1,923125000,0,-44.5,0.0981747704246807,0,0,0.040060001373291,1.63,0,-5399.92822265625
100000000000000000000003,1,923125000,0,-46.5,2.54027218473862,0,0,0.040060001373291,1.63,0,-5399.92822265625
100000000000000000000002,1,923125000,0,-45,3.3011266555299,0,0,0.040060001373291,1.63,0,-5399.92822265625
100000000000000000000001,1,923125000,0,-45,1.04924285891378,0,0,0.040060001373291,1.63,0,-5399.92822265625
100000000000000000000004,1,923125000,0,-50,2.98205865164969,0,0,0.040060001373291,1.63,0,-5399.92822265625
100000000000000000000002,1,923125000,0,-45,3.26431111662064,0,0,0.040060001373291,1.63,0,-5399.92822265625
100000000000000000000000,1,923125000,0,-44.5,0.0981747704246807,0,0,0.040060001373291,1.63,0,-5399.92822265625
100000000000000000000001,1,923125000,0,-45,1.03697101261069,0,0,0.040060001373291,1.63,0,-5399.92822265625
100000000000000000000003,1,923125000,0,-46,2.54027218473862,0,0,0.040060001373291,1.63,0,-5399.92822265625
100000000000000000000004,1,923125000,0,-50,2.98205865164969,0,0,0.040060001373291,1.63,0,-5399.92822265625
100000000000000000000002,1,923125000,0,-45,3.28271888607527,0,0,0.040060001373291,1.63,0,-5399.92822265625
100000000000000000000001,1,923125000,0,-45,1.03083508945915,0,0,0.040060001373291,1.63,0,-5399.92822265625
100000000000000000000000,1,923125000,0,-44.5,0.122718463030851,0,0,0.040060001373291,1.63,0,-5399.92822265625
100000000000000000000003,1,923125000,0,-46.5,2.55867995419325,0,0,0.040060001373291,1.63,0,-5399.92822265625
100000000000000000000001,1,923125000,0,-45,1.06151470521686,0,0,0.040060001373291,1.63,0,-5399.92822265625
100000000000000000000000,1,923125000,0,-44.5,0.0981747704246807,0,0,0.040060001373291,1.63,0,-5399.92822265625
100000000000000000000004,1,923125000,0,-50.5,2.98205865164969,0,0,0.040060001373291,1.63,0,-5399.92822265625
100000000000000000000003,1,923125000,0,-46.5,2.56481587734479,0,0,0.040060001373291,1.63,0,-5399.92822265625
100000000000000000000002,1,923125000,0,-45,3.26431111662064,0,0,0.040060001373291,1.63,0,-5399.92822265625
100000000000000000000000,1,923125000,0,-44,0.110446616727766,0,0,0.040060001373291,1.63,0,-5399.92822265625
100000000000000000000002,1,923125000,0,-45,3.3011266555299,0,0,0.040060001373291,1.63,0,-5399.92822265625
100000000000000000000003,1,923125000,0,-46,2.55867995419325,0,0,0.040060001373291,1.63,0,-5399.92822265625
100000000000000000000001,1,923125000,0,-45,1.04924285891378,0,0,0.040060001373291,1.63,0,-5399.92822265625
100000000000000000000004,1,923125000,0,-50.5,2.97592272849814,0,0,0.040060001373291,1.63,0,-5399.92822265625
100000000000000000000001,1,923125000,0,-45,1.04310693576224,0,0,0.040060001373291,1.63,0,-5399.92822265625
100000000000000000000003,1,923125000,0,-46,2.55254403104171,0,0,0.040060001373291,1.63,0,-5399.92822265625
100000000000000000000004,1,923125000,0,-50.5,2.97592272849814,0,0,0.040060001373291,1.63,0,-5399.92822265625
100000000000000000000002,1,923125000,0,-45,3.29499073237836,0,0,0.040060001373291,1.63,0,-5399.92822265625
100000000000000000000000,1,923125000,0,-44.5,0.0920388472731384,0,0,0.040060001373291,1.63,0,-5399.92822265625
100000000000000000000001,1,923625000,0,-45,1.27013609236931,0,0,0.040060001373291,1.63,0,-5399.92822265625
100000000000000000000003,1,923625000,0,-46,2.80411688025495,0,0,0.040060001373291,1.63,0,-5399.92822265625
100000000000000000000002,1,923625000,0,-44.5,3.52201988898543,0,0,0.040060001373291,1.63,0,-5399.92822265625
100000000000000000000000,1,923625000,0,-44,0.349747619637927,0,0,0.040060001373291,1.63,0,-5399.92822265625
100000000000000000000004,1,923625000,0,-50.5,3.2152237314083,0,0,0.040060001373291,1.63,0,-5399.92822265625
100000000000000000000001,1,923625000,0,-45,1.27627201552085,0,0,0.040060001373291,1.63,0,-5399.92822265625
100000000000000000000000,1,923625000,0,-44,0.349747619637927,0,0,0.040060001373291,1.63,0,-5399.92822265625
100000000000000000000003,1,923625000,0,-46.5,2.82252464970958,0,0,0.040060001373291,1.63,0,-5399.92822265625
100000000000000000000002,1,923625000,0,-44.5,3.53429173528852,0,0,0.040060001373291,1.63,0,-5399.92822265625
100000000000000000000004,1,923625000,0,-50.5,3.24590334716602,0,0,0.040060001373291,1.63,0,-5399.92822265625
100000000000000000000001,1,923625000,0,-45,1.27627201552085,0,0,0.040060001373291,1.63,0,-5399.92822265625
100000000000000000000000,1,923625000,0,-44,0.343611696486383,0,0,0.040060001373291,1.63,0,-5399.92822265625
100000000000000000000002,1,923625000,0,-44.5,3.52201988898543,0,0,0.040060001373291,1.63,0,-5399.92822265625
100000000000000000000004,1,923625000,0,-50.5,3.2152237314083,0,0,0.040060001373291,1.63,0,-5399.92822265625
100000000000000000000003,1,923625000,0,-46,2.79798095710341,0,0,0.040060001373291,1.63,0,-5399.92822265625
100000000000000000000003,1,923625000,0,-46,2.79798095710341,0,0,0.040060001373291,1.63,0,-5399.92822265625
100000000000000000000002,1,923625000,0,-44.5,3.52815581213697,0,0,0.040060001373291,1.63,0,-5399.92822265625
100000000000000000000000,1,923625000,0,-44,0.362019465941011,0,0,0.040060001373291,1.63,0,-5399.92822265625
100000000000000000000001,1,923625000,0,-45,1.27627201552085,0,0,0.040060001373291,1.63,0,-5399.92822265625
100000000000000000000004,1,923625000,0,-50.5,3.24590334716602,0,0,0.040060001373291,1.63,0,-5399.92822265625
100000000000000000000003,1,923625000,0,-46,2.80411688025495,0,0,0.040060001373291,1.63,0,-5399.92822265625
100000000000000000000001,1,923625000,0,-45,1.26400016921777,0,0,0.040060001373291,1.63,0,-5399.92822265625
100000000000000000000000,1,923625000,0,-43.5,0.331339850183299,0,0,0.040060001373291,1.63,0,-5399.92822265625
100000000000000000000002,1,923625000,0,-44.5,3.5465635815916,0,0,0.040060001373291,1.63,0,-5399.92822265625
100000000000000000000004,1,923625000,0,-50.5,3.2581751934691,0,0,0.040060001373291,1.63,0,-5399.92822265625
100000000000000000000003,1,923625000,0,-46.5,2.79798095710341,0,0,0.040060001373291,1.63,0,-5399.92822265625
100000000000000000000000,1,923625000,0,-44,0.343611696486383,0,0,0.040060001373291,1.63,0,-5399.92822265625
100000000000000000000004,1,923625000,0,-50.5,3.28885480922681,0,0,0.040060001373291,1.63,0,-5399.92822265625
100000000000000000000001,1,923625000,0,-45,1.27627201552085,0,0,0.040060001373291,1.63,0,-5399.92822265625
100000000000000000000002,1,923625000,0,-44.5,3.5036121195308,0,0,0.040060001373291,1.63,0,-5399.92822265625
100000000000000000000002,1,923625000,0,-44.5,3.53429173528852,0,0,0.040060001373291,1.63,0,-5399.92822265625
100000000000000000000000,1,923625000,0,-43.5,0.349747619637927,0,0,0.040060001373291,1.63,0,-5399.92822265625
100000000000000000000004,1,923625000,0,-50.5,3.2581751934691,0,0,0.040060001373291,1.63,0,-5399.92822265625
100000000000000000000003,1,923625000,0,-46,2.79798095710341,0,0,0.040060001373291,1.63,0,-5399.92822265625
100000000000000000000001,1,923625000,0,-45,1.25172832291468,0,0,0.040060001373291,1.63,0,-5399.92822265625
100000000000000000000001,1,923625000,0,-45,1.26400016921777,0,0,0.040060001373291,1.63,0,-5399.92822265625
100000000000000000000002,1,923625000,0,-44.5,3.52201988898543,0,0,0.040060001373291,1.63,0,-5399.92822265625
100000000000000000000004,1,923625000,0,-50.5,3.24590334716602,0,0,0.040060001373291,1.63,0,-5399.92822265625
100000000000000000000000,1,923625000,0,-44,0.349747619637927,0,0,0.040060001373291,1.63,0,-5399.92822265625
100000000000000000000003,1,923625000,0,-46.5,2.77957318764878,0,0,0.040060001373291,1.63,0,-5399.92822265625
100000000000000000000004,1,923625000,0,-50.5,3.23976742401447,0,0,0.040060001373291,1.63,0,-5399.92822265625
100000000000000000000001,1,923625000,0,-45,1.2824079386724,0,0,0.040060001373291,1.63,0,-5399.92822265625
100000000000000000000000,1,923625000,0,-44,0.349747619637927,0,0,0.040060001373291,1.63,0,-5399.92822265625
100000000000000000000002,1,923625000,0,-44.5,3.5465635815916,0,0,0.040060001373291,1.63,0,-5399.92822265625
100000000000000000000003,1,923625000,0,-46.5,2.79184503395187,0,0,0.040060001373291,1.63,0,-5399.92822265625
100000000000000000000001,1,923625000,0,-45,1.2824079386724,0,0,0.040060001373291,1.63,0,-5399.92822265625
100000000000000000000004,1,923625000,0,-50.5,3.20908780825676,0,0,0.040060001373291,1.63,0,-5399.92822265625
100000000000000000000003,1,923625000,0,-46,2.82866057286112,0,0,0.040060001373291,1.63,0,-5399.92822265625
100000000000000000000002,1,923625000,0,-44.5,3.54042765844006,0,0,0.040060001373291,1.63,0,-5399.92822265625
100000000000000000000000,1,923625000,0,-44,0.343611696486383,0,0,0.040060001373291,1.63,0,-5399.92822265625
100000000000000000000001,1,923625000,0,-45,1.27627201552085,0,0,0.040060001373291,1.63,0,-5399.92822265625
100000000000000000000000,1,923625000,0,-44,0.349747619637927,0,0,0.040060001373291,1.63,0,-5399.92822265625
100000000000000000000002,1,923625000,0,-44.5,3.52201988898543,0,0,0.040060001373291,1.63,0,-5399.92822265625
100000000000000000000003,1,923625000,0,-46,2.80411688025495,0,0,0.040060001373291,1.63,0,-5399.92822265625
100000000000000000000004,1,923625000,0,-50.5,3.2581751934691,0,0,0.040060001373291,1.63,0,-5399.92822265625
100000000000000000000004,1,923625000,0,-50,3.23363150086293,0,0,0.040060001373291,1.63,0,-5399.92822265625
100000000000000000000003,1,923625000,0,-46,2.81025280340649,0,0,0.040060001373291,1.63,0,-5399.92822265625
100000000000000000000001,1,923625000,0,-45,1.26400016921777,0,0,0.040060001373291,1.63,0,-5399.92822265625
100000000000000000000002,1,923625000,0,-44.5,3.54042765844006,0,0,0.040060001373291,1.63,0,-5399.92822265625
100000000000000000000000,1,923625000,0,-44,0.349747619637927,0,0,0.040060001373291,1.63,0,-5399.92822265625
100000000000000000000004,1,923625000,0,-50.5,3.24590334716602,0,0,0.040060001373291,1.63,0,-5399.92822265625
100000000000000000000000,1,923625000,0,-44,0.349747619637927,0,0,0.040060001373291,1.63,0,-5399.92822265625
100000000000000000000002,1,923625000,0,-44.5,3.55269950474315,0,0,0.040060001373291,1.63,0,-5399.92822265625
100000000000000000000001,1,923625000,0,-45,1.27013609236931,0,0,0.040060001373291,1.63,0,-5399.92822265625
100000000000000000000003,1,923625000,0,-46.5,2.79184503395187,0,0,0.040060001373291,1.63,0,-5399.92822265625
100000000000000000000003,1,923625000,0,-46,2.81025280340649,0,0,0.040060001373291,1.63,0,-5399.92822265625
100000000000000000000001,1,923625000,0,-45,1.26400016921777,0,0,0.040060001373291,1.63,0,-5399.92822265625
100000000000000000000002,1,923625000,0,-44.5,3.54042765844006,0,0,0.040060001373291,1.63,0,-5399.92822265625
100000000000000000000004,1,923625000,0,-50.5,3.23363150086293,0,0,0.040060001373291,1.63,0,-5399.92822265625
100000000000000000000000,1,923625000,0,-44,0.331339850183299,0,0,0.040060001373291,1.63,0,-5399.92822265625
100000000000000000000003,1,923625000,0,-46,2.78570911080032,0,0,0.040060001373291,1.63,0,-5399.92822265625
100000000000000000000004,1,923625000,0,-50.5,3.23363150086293,0,0,0.040060001373291,1.63,0,-5399.92822265625
100000000000000000000000,1,923625000,0,-44,0.343611696486383,0,0,0.040060001373291,1.63,0,-5399.92822265625
100000000000000000000001,1,923625000,0,-45,1.27627201552085,0,0,0.040060001373291,1.63,0,-5399.92822265625
100000000000000000000002,1,923625000,0,-44.5,3.52201988898543,0,0,0.040060001373291,1.63,0,-5399.92822265625
100000000000000000000000,1,923625000,0,-44,0.337475773334841,0,0,0.040060001373291,1.63,0,-5399.92822265625
100000000000000000000004,1,923625000,0,-50,3.23976742401447,0,0,0.040060001373291,1.63,0,-5399.92822265625
100000000000000000000001,1,923625000,0,-45,1.27627201552085,0,0,0.040060001373291,1.63,0,-5399.92822265625
100000000000000000000002,1,923625000,0,-44.5,3.52201988898543,0,0,0.040060001373291,1.63,0,-5399.92822265625
100000000000000000000003,1,923625000,0,-46,2.81025280340649,0,0,0.040060001373291,1.63,0,-5399.92822265625
100000000000000000000002,1,923625000,0,-44.5,3.52815581213697,0,0,0.040060001373291,1.63,0,-5399.92822265625
100000000000000000000004,1,923625000,0,-50.5,3.2581751934691,0,0,0.040060001373291,1.63,0,-5399.92822265625
100000000000000000000003,1,923625000,0,-46.5,2.81025280340649,0,0,0.040060001373291,1.63,0,-5399.92822265625
100000000000000000000001,1,923625000,0,-45,1.26400016921777,0,0,0.040060001373291,1.63,0,-5399.92822265625
100000000000000000000000,1,923625000,0,-44,0.337475773334841,0,0,0.040060001373291,1.63,0,-5399.92822265625
100000000000000000000003,1,923625000,0,-46,2.80411688025495,0,0,0.040060001373291,1.63,0,-5399.92822265625
100000000000000000000002,1,923625000,0,-44.5,3.53429173528852,0,0,0.040060001373291,1.63,0,-5399.92822265625
100000000000000000000001,1,923625000,0,-45,1.2824079386724,0,0,0.040060001373291,1.63,0,-5399.92822265625
100000000000000000000000,1,923625000,0,-44,0.368155389092554,0,0,0.040060001373291,1.63,0,-5399.92822265625
100000000000000000000004,1,923625000,0,-50,3.26431111662064,0,0,0.040060001373291,1.63,0,-5399.92822265625
100000000000000000000001,1,923625000,0,-45,1.27013609236931,0,0,0.040060001373291,1.63,0,-5399.92822265625
100000000000000000000004,1,923625000,0,-50.5,3.23363150086293,0,0,0.040060001373291,1.63,0,-5399.92822265625
100000000000000000000003,1,923625000,0,-46,2.81638872655804,0,0,0.040060001373291,1.63,0,-5399.92822265625
100000000000000000000000,1,923625000,0,-44,0.337475773334841,0,0,0.040060001373291,1.63,0,-5399.92822265625
100000000000000000000002,1,923625000,0,-44.5,3.53429173528852,0,0,0.040060001373291,1.63,0,-5399.92822265625
100000000000000000000001,1,923625000,0,-45,1.27013609236931,0,0,0.040060001373291,1.63,0,-5399.92822265625
100000000000000000000000,1,923625000,0,-44,0.349747619637927,0,0,0.040060001373291,1.63,0,-5399.92822265625
100000000000000000000004,1,923625000,0,-50.5,3.25203927031756,0,0,0.040060001373291,1.63,0,-5399.92822265625
100000000000000000000003,1,923625000,0,-46,2.81025280340649,0,0,0.040060001373291,1.63,0,-5399.92822265625
100000000000000000000002,1,923625000,0,-44.5,3.50974804268235,0,0,0.040060001373291,1.63,0,-5399.92822265625
100000000000000000000001,1,923625000,0,-45,1.2824079386724,0,0,0.040060001373291,1.63,0,-5399.92822265625
100000000000000000000003,1,923625000,0,-46,2.80411688025495,0,0,0.040060001373291,1.63,0,-5399.92822265625
100000000000000000000002,1,923625000,0,-44.5,3.51588396583389,0,0,0.040060001373291,1.63,0,-5399.92822265625
100000000000000000000000,1,923625000,0,-44,0.343611696486383,0,0,0.040060001373291,1.63,0,-5399.92822265625
100000000000000000000004,1,923625000,0,-50.5,3.22135965455985,0,0,0.040060001373291,1.63,0,-5399.92822265625
100000000000000000000004,1,923625000,0,-50.5,3.24590334716602,0,0,0.040060001373291,1.63,0,-5399.92822265625
100000000000000000000000,1,923625000,0,-44,0.343611696486383,0,0,0.040060001373291,1.63,0,-5399.92822265625
100000000000000000000002,1,923625000,0,-44.5,3.53429173528852,0,0,0.040060001373291,1.63,0,-5399.92822265625
100000000000000000000001,1,923625000,0,-45,1.27013609236931,0,0,0.040060001373291,1.63,0,-5399.92822265625
100000000000000000000003,1,923625000,0,-46,2.80411688025495,0,0,0.040060001373291,1.63,0,-5399.92822265625
100000000000000000000001,1,923625000,0,-45,1.27627201552085,0,0,0.040060001373291,1.63,0,-5399.92822265625
100000000000000000000004,1,923625000,0,-50.5,3.22749557771139,0,0,0.040060001373291,1.63,0,-5399.92822265625
100000000000000000000000,1,923625000,0,-44,0.355883542789469,0,0,0.040060001373291,1.63,0,-5399.92822265625
100000000000000000000002,1,923625000,0,-44.5,3.53429173528852,0,0,0.040060001373291,1.63,0,-5399.92822265625
100000000000000000000003,1,923625000,0,-46,2.80411688025495,0,0,0.040060001373291,1.63,0,-5399.92822265625
100000000000000000000001,1,923625000,0,-45,1.25786424606623,0,0,0.040060001373291,1.63,0,-5399.92822265625
100000000000000000000004,1,923625000,0,-50,3.25203927031756,0,0,0.040060001373291,1.63,0,-5399.92822265625
100000000000000000000000,1,923625000,0,-44,0.343611696486383,0,0,0.040060001373291,1.63,0,-5399.92822265625
100000000000000000000003,1,923625000,0,-46,2.81025280340649,0,0,0.040060001373291,1.63,0,-5399.92822265625
100000000000000000000002,1,923625000,0,-44.5,3.50974804268235,0,0,0.040060001373291,1.63,0,-5399.92822265625
100000000000000000000000,1,923625000,0,-44,0.349747619637927,0,0,0.040060001373291,1.63,0,-5399.92822265625
100000000000000000000002,1,923625000,0,-44.5,3.53429173528852,0,0,0.040060001373291,1.63,0,-5399.92822265625
100000000000000000000004,1,923625000,0,-50.5,3.22135965455985,0,0,0.040060001373291,1.63,0,-5399.92822265625
100000000000000000000001,1,923625000,0,-45,1.27627201552085,0,0,0.040060001373291,1.63,0,-5399.92822265625
100000000000000000000003,1,923625000,0,-46,2.81025280340649,0,0,0.040060001373291,1.63,0,-5399.92822265625
100000000000000000000004,1,923625000,0,-50.5,3.2152237314083,0,0,0.040060001373291,1.63,0,-5399.92822265625
100000000000000000000000,1,923625000,0,-44,0.374291312244097,0,0,0.040060001373291,1.63,0,-5399.92822265625
100000000000000000000001,1,923625000,0,-45,1.28854386182394,0,0,0.040060001373291,1.63,0,-5399.92822265625
100000000000000000000003,1,923625000,0,-46,2.80411688025495,0,0,0.040060001373291,1.63,0,-5399.92822265625
100000000000000000000002,1,923625000,0,-44.5,3.50974804268235,0,0,0.040060001373291,1.63,0,-5399.92822265625
100000000000000000000000,1,923625000,0,-44,0.368155389092554,0,0,0.040060001373291,1.63,0,-5399.92822265625
100000000000000000000004,1,923625000,0,-50.5,3.24590334716602,0,0,0.040060001373291,1.63,0,-5399.92822265625
100000000000000000000002,1,923625000,0,-44.5,3.52201988898543,0,0,0.040060001373291,1.63,0,-5399.92822265625
100000000000000000000003,1,923625000,0,-46,2.79798095710341,0,0,0.040060001373291,1.63,0,-5399.92822265625
100000000000000000000001,1,923625000,0,-45,1.2824079386724,0,0,0.040060001373291,1.63,0,-5399.92822265625
100000000000000000000003,1,923625000,0,-46,2.82252464970958,0,0,0.040060001373291,1.63,0,-5399.92822265625
100000000000000000000001,1,923625000,0,-45,1.25786424606623,0,0,0.040060001373291,1.63,0,-5399.92822265625
100000000000000000000000,1,923625000,0,-44,0.355883542789469,0,0,0.040060001373291,1.63,0,-5399.92822265625
100000000000000000000004,1,923625000,0,-50.5,3.22749557771139,0,0,0.040060001373291,1.63,0,-5399.92822265625
100000000000000000000002,1,923625000,0,-44.5,3.52815581213697,0,0,0.040060001373291,1.63,0,-5399.92822265625
100000000000000000000003,1,923625000,0,-46,2.81025280340649,0,0,0.040060001373291,1.63,0,-5399.92822265625
100000000000000000000004,1,923625000,0,-50.5,3.25203927031756,0,0,0.040060001373291,1.63,0,-5399.92822265625
100000000000000000000001,1,923625000,0,-45,1.27627201552085,0,0,0.040060001373291,1.63,0,-5399.92822265625
100000000000000000000002,1,923625000,0,-44.5,3.52815581213697,0,0,0.040060001373291,1.63,0,-5399.92822265625
100000000000000000000000,1,923625000,0,-44,0.349747619637927,0,0,0.040060001373291,1.63,0,-5399.92822265625
100000000000000000000000,1,923625000,0,-44,0.349747619637927,0,0,0.040060001373291,1.63,0,-5399.92822265625
100000000000000000000003,1,923625000,0,-46,2.80411688025495,0,0,0.040060001373291,1.63,0,-5399.92822265625
100000000000000000000002,1,923625000,0,-44.5,3.54042765844006,0,0,0.040060001373291,1.63,0,-5399.92822265625
100000000000000000000001,1,923625000,0,-45,1.2824079386724,0,0,0.040060001373291,1.63,0,-5399.92822265625
100000000000000000000004,1,923625000,0,-50.5,3.25203927031756,0,0,0.040060001373291,1.63,0,-5399.92822265625
100000000000000000000004,1,923625000,0,-50,3.20908780825676,0,0,0.040060001373291,1.63,0,-5399.92822265625
100000000000000000000001,1,923625000,0,-45,1.27013609236931,0,0,0.040060001373291,1.63,0,-5399.92822265625
100000000000000000000002,1,923625000,0,-44.5,3.51588396583389,0,0,0.040060001373291,1.63,0,-5399.92822265625
100000000000000000000000,1,923625000,0,-44,0.349747619637927,0,0,0.040060001373291,1.63,0,-5399.92822265625
100000000000000000000003,1,923625000,0,-46,2.80411688025495,0,0,0.040060001373291,1.63,0,-5399.92822265625
100000000000000000000000,1,923625000,0,-44,0.343611696486383,0,0,0.040060001373291,1.63,0,-5399.92822265625
100000000000000000000002,1,923625000,0,-44.5,3.52201988898543,0,0,0.040060001373291,1.63,0,-5399.92822265625
100000000000000000000004,1,923625000,0,-50.5,3.23976742401447,0,0,0.040060001373291,1.63,0,-5399.92822265625
100000000000000000000003,1,923625000,0,-46,2.81025280340649,0,0,0.040060001373291,1.63,0,-5399.92822265625
100000000000000000000001,1,923625000,0,-45,1.2824079386724,0,0,0.040060001373291,1.63,0,-5399.92822265625
100000000000000000000004,1,923625000,0,-50.5,3.23976742401447,0,0,0.040060001373291,1.63,0,-5399.92822265625
100000000000000000000000,1,923625000,0,-44,0.343611696486383,0,0,0.040060001373291,1.63,0,-5399.92822265625
100000000000000000000003,1,923625000,0,-46.5,2.81638872655804,0,0,0.040060001373291,1.63,0,-5399.92822265625
100000000000000000000001,1,923625000,0,-45,1.2824079386724,0,0,0.040060001373291,1.63,0,-5399.92822265625
100000000000000000000002,1,923625000,0,-44.5,3.52815581213697,0,0,0.040060001373291,1.63,0,-5399.92822265625
100000000000000000000002,1,923625000,0,-44.5,3.55269950474315,0,0,0.040060001373291,1.63,0,-5399.92822265625
100000000000000000000001,1,923625000,0,-45,1.27013609236931,0,0,0.040060001373291,1.63,0,-5399.92822265625
100000000000000000000004,1,923625000,0,-50.5,3.23976742401447,0,0,0.040060001373291,1.63,0,-5399.92822265625
100000000000000000000000,1,923625000,0,-44,0.331339850183299,0,0,0.040060001373291,1.63,0,-5399.92822265625
100000000000000000000003,1,923625000,0,-46,2.81638872655804,0,0,0.040060001373291,1.63,0,-5399.92822265625
100000000000000000000000,1,923625000,0,-44,0.349747619637927,0,0,0.040060001373291,1.63,0,-5399.92822265625
100000000000000000000003,1,923625000,0,-46,2.81025280340649,0,0,0.040060001373291,1.63,0,-5399.92822265625
100000000000000000000002,1,923625000,0,-44.5,3.52815581213697,0,0,0.040060001373291,1.63,0,-5399.92822265625
100000000000000000000004,1,923625000,0,-50.5,3.23976742401447,0,0,0.040060001373291,1.63,0,-5399.92822265625
100000000000000000000001,1,923625000,0,-45,1.27013609236931,0,0,0.040060001373291,1.63,0,-5399.92822265625
100000000000000000000004,1,923625000,0,-50.5,3.23363150086293,0,0,0.040060001373291,1.63,0,-5399.92822265625
100000000000000000000001,1,923625000,0,-45,1.27627201552085,0,0,0.040060001373291,1.63,0,-5399.92822265625
100000000000000000000002,1,923625000,0,-44.5,3.53429173528852,0,0,0.040060001373291,1.63,0,-5399.92822265625
100000000000000000000000,1,923625000,0,-44,0.349747619637927,0,0,0.040060001373291,1.63,0,-5399.92822265625
100000000000000000000003,1,923625000,0,-46.5,2.80411688025495,0,0,0.040060001373291,1.63,0,-5399.92822265625
100000000000000000000002,1,923625000,0,-44.5,3.52201988898543,0,0,0.040060001373291,1.63,0,-5399.92822265625
100000000000000000000001,1,923625000,0,-45,1.27627201552085,0,0,0.040060001373291,1.63,0,-5399.92822265625
100000000000000000000003,1,923625000,0,-46.5,2.78570911080032,0,0,0.040060001373291,1.63,0,-5399.92822265625
100000000000000000000000,1,923625000,0,-44,0.331339850183299,0,0,0.040060001373291,1.63,0,-5399.92822265625
100000000000000000000004,1,923625000,0,-50.5,3.22135965455985,0,0,0.040060001373291,1.63,0,-5399.92822265625
100000000000000000000001,1,923625000,0,-45,1.25786424606623,0,0,0.040060001373291,1.63,0,-5399.92822265625
100000000000000000000002,1,923625000,0,-44.5,3.55269950474315,0,0,0.040060001373291,1.63,0,-5399.92822265625
100000000000000000000004,1,923625000,0,-50,3.24590334716602,0,0,0.040060001373291,1.63,0,-5399.92822265625
100000000000000000000000,1,923625000,0,-44,0.337475773334841,0,0,0.040060001373291,1.63,0,-5399.92822265625
100000000000000000000003,1,923625000,0,-46,2.80411688025495,0,0,0.040060001373291,1.63,0,-5399.92822265625
100000000000000000000003,1,923625000,0,-46,2.81638872655804,0,0,0.040060001373291,1.63,0,-5399.92822265625
100000000000000000000004,1,923625000,0,-50,3.22749557771139,0,0,0.040060001373291,1.63,0,-5399.92822265625
100000000000000000000001,1,923625000,0,-45,1.27013609236931,0,0,0.040060001373291,1.63,0,-5399.92822265625
100000000000000000000002,1,923625000,0,-44.5,3.5465635815916,0,0,0.040060001373291,1.63,0,-5399.92822265625
100000000000000000000000,1,923625000,0,-44,0.343611696486383,0,0,0.040060001373291,1.63,0,-5399.92822265625
100000000000000000000000,1,923625000,0,-44,0.355883542789469,0,0,0.040060001373291,1.63,0,-5399.92822265625
100000000000000000000002,1,923625000,0,-44.5,3.53429173528852,0,0,0.040060001373291,1.63,0,-5399.92822265625
100000000000000000000003,1,923625000,0,-46,2.82252464970958,0,0,0.040060001373291,1.63,0,-5399.92822265625
100000000000000000000004,1,923625000,0,-50,3.25203927031756,0,0,0.040060001373291,1.63,0,-5399.92822265625
100000000000000000000001,1,923625000,0,-45,1.27013609236931,0,0,0.040060001373291,1.63,0,-5399.92822265625
100000000000000000000001,1,923625000,0,-45,1.27013609236931,0,0,0.040060001373291,1.63,0,-5399.92822265625
100000000000000000000004,1,923625000,0,-50,3.25203927031756,0,0,0.040060001373291,1.63,0,-5399.92822265625
100000000000000000000000,1,923625000,0,-44,0.355883542789469,0,0,0.040060001373291,1.63,0,-5399.92822265625
100000000000000000000002,1,923625000,0,-44.5,3.53429173528852,0,0,0.040060001373291,1.63,0,-5399.92822265625
100000000000000000000003,1,923625000,0,-46,2.81025280340649,0,0,0.040060001373291,1.63,0,-5399.92822265625
100000000000000000000004,1,923625000,0,-50.5,3.23363150086293,0,0,0.040060001373291,1.63,0,-5399.92822265625
100000000000000000000001,1,923625000,0,-45,1.26400016921777,0,0,0.040060001373291,1.63,0,-5399.92822265625
100000000000000000000000,1,923625000,0,-44,0.331339850183299,0,0,0.040060001373291,1.63,0,-5399.92822265625
100000000000000000000002,1,923625000,0,-44.5,3.54042765844006,0,0,0.040060001373291,1.63,0,-5399.92822265625
100000000000000000000003,1,923625000,0,-46,2.81638872655804,0,0,0.040060001373291,1.63,0,-5399.92822265625
100000000000000000000000,1,923625000,0,-44,0.355883542789469,0,0,0.040060001373291,1.63,0,-5399.92822265625
100000000000000000000001,1,923625000,0,-45,1.27627201552085,0,0,0.040060001373291,1.63,0,-5399.92822265625
100000000000000000000002,1,923625000,0,-44.5,3.53429173528852,0,0,0.040060001373291,1.63,0,-5399.92822265625
100000000000000000000003,1,923625000,0,-46,2.81025280340649,0,0,0.040060001373291,1.63,0,-5399.92822265625
100000000000000000000004,1,923625000,0,-50.5,3.26431111662064,0,0,0.040060001373291,1.63,0,-5399.92822265625
100000000000000000000000,1,923625000,0,-44,0.349747619637927,0,0,0.040060001373291,1.63,0,-5399.92822265625
100000000000000000000003,1,923625000,0,-46,2.81025280340649,0,0,0.040060001373291,1.63,0,-5399.92822265625
100000000000000000000001,1,923625000,0,-45,1.2824079386724,0,0,0.040060001373291,1.63,0,-5399.92822265625
100000000000000000000004,1,923625000,0,-50,3.22135965455985,0,0,0.040060001373291,1.63,0,-5399.92822265625
100000000000000000000002,1,923625000,0,-44.5,3.52201988898543,0,0,0.040060001373291,1.63,0,-5399.92822265625
100000000000000000000001,1,923625000,0,-45,1.27013609236931,0,0,0.040060001373291,1.63,0,-5399.92822265625
100000000000000000000000,1,923625000,0,-44,0.349747619637927,0,0,0.040060001373291,1.63,0,-5399.92822265625
100000000000000000000003,1,923625000,0,-46,2.79184503395187,0,0,0.040060001373291,1.63,0,-5399.92822265625
100000000000000000000002,1,923625000,0,-44.5,3.5036121195308,0,0,0.040060001373291,1.63,0,-5399.92822265625
100000000000000000000004,1,923625000,0,-50.5,3.22749557771139,0,0,0.040060001373291,1.63,0,-5399.92822265625
100000000000000000000002,1,923625000,0,-44.5,3.52201988898543,0,0,0.040060001373291,1.63,0,-5399.92822265625
100000000000000000000004,1,923625000,0,-50.5,3.22749557771139,0,0,0.040060001373291,1.63,0,-5399.92822265625
100000000000000000000003,1,923625000,0,-46,2.80411688025495,0,0,0.040060001373291,1.63,0,-5399.92822265625
100000000000000000000001,1,923625000,0,-45,1.2824079386724,0,0,0.040060001373291,1.63,0,-5399.92822265625
100000000000000000000000,1,923625000,0,-44,0.343611696486383,0,0,0.040060001373291,1.63,0,-5399.92822265625
100000000000000000000000,1,923625000,0,-44,0.337475773334841,0,0,0.040060001373291,1.63,0,-5399.92822265625
100000000000000000000003,1,923625000,0,-46,2.80411688025495,0,0,0.040060001373291,1.63,0,-5399.92822265625
100000000000000000000002,1,923625000,0,-44.5,3.50974804268235,0,0,0.040060001373291,1.63,0,-5399.92822265625
100000000000000000000004,1,923625000,0,-50.5,3.25203927031756,0,0,0.040060001373291,1.63,0,-5399.92822265625
100000000000000000000001,1,923625000,0,-45,1.29467978497548,0,0,0.040060001373291,1.63,0,-5399.92822265625
100000000000000000000001,1,923625000,0,-45,1.2824079386724,0,0,0.040060001373291,1.63,0,-5399.92822265625
100000000000000000000000,1,923625000,0,-44,0.331339850183299,0,0,0.040060001373291,1.63,0,-5399.92822265625
100000000000000000000003,1,923625000,0,-46.5,2.80411688025495,0,0,0.040060001373291,1.63,0,-5399.92822265625
100000000000000000000002,1,923625000,0,-44.5,3.53429173528852,0,0,0.040060001373291,1.63,0,-5399.92822265625
100000000000000000000004,1,923625000,0,-50.5,3.23363150086293,0,0,0.040060001373291,1.63,0,-5399.92822265625
100000000000000000000002,1,923625000,0,-44.5,3.50974804268235,0,0,0.040060001373291,1.63,0,-5399.92822265625
100000000000000000000003,1,923625000,0,-46,2.81638872655804,0,0,0.040060001373291,1.63,0,-5399.92822265625
100000000000000000000004,1,923625000,0,-50.5,3.22135965455985,0,0,0.040060001373291,1.63,0,-5399.92822265625
100000000000000000000000,1,923625000,0,-44,0.355883542789469,0,0,0.040060001373291,1.63,0,-5399.92822265625
100000000000000000000001,1,923625000,0,-45,1.28854386182394,0,0,0.040060001373291,1.63,0,-5399.92822265625
100000000000000000000001,1,923625000,0,-45,1.27013609236931,0,0,0.040060001373291,1.63,0,-5399.92822265625
100000000000000000000003,1,923625000,0,-46,2.80411688025495,0,0,0.040060001373291,1.63,0,-5399.92822265625
100000000000000000000002,1,923625000,0,-44.5,3.54042765844006,0,0,0.040060001373291,1.63,0,-5399.92822265625
100000000000000000000000,1,923625000,0,-44,0.343611696486383,0,0,0.040060001373291,1.63,0,-5399.92822265625
100000000000000000000004,1,923625000,0,-50.5,3.23363150086293,0,0,0.040060001373291,1.63,0,-5399.92822265625
100000000000000000000001,1,923625000,0,-45,1.25786424606623,0,0,0.040060001373291,1.63,0,-5399.92822265625
100000000000000000000002,1,923625000,0,-44.5,3.54042765844006,0,0,0.040060001373291,1.63,0,-5399.92822265625
100000000000000000000004,1,923625000,0,-50.5,3.22749557771139,0,0,0.040060001373291,1.63,0,-5399.92822265625
100000000000000000000003,1,923625000,0,-46,2.81638872655804,0,0,0.040060001373291,1.63,0,-5399.92822265625
100000000000000000000000,1,923625000,0,-44,0.337475773334841,0,0,0.040060001373291,1.63,0,-5399.92822265625
100000000000000000000003,1,923625000,0,-46.5,2.80411688025495,0,0,0.040060001373291,1.63,0,-5399.92822265625
100000000000000000000002,1,923625000,0,-44.5,3.53429173528852,0,0,0.040060001373291,1.63,0,-5399.92822265625
100000000000000000000000,1,923625000,0,-44,0.337475773334841,0,0,0.040060001373291,1.63,0,-5399.92822265625
100000000000000000000001,1,923625000,0,-45,1.26400016921777,0,0,0.040060001373291,1.63,0,-5399.92822265625
100000000000000000000004,1,923625000,0,-50,3.23363150086293,0,0,0.040060001373291,1.63,0,-5399.92822265625
100000000000000000000004,1,923625000,0,-50.5,3.23363150086293,0,0,0.040060001373291,1.63,0,-5399.92822265625
100000000000000000000000,1,923625000,0,-44,0.337475773334841,0,0,0.040060001373291,1.63,0,-5399.92822265625
100000000000000000000001,1,923625000,0,-45,1.27013609236931,0,0,0.040060001373291,1.63,0,-5399.92822265625
100000000000000000000002,1,923625000,0,-44.5,3.54042765844006,0,0,0.040060001373291,1.63,0,-5399.92822265625
100000000000000000000003,1,923625000,0,-46,2.80411688025495,0,0,0.040060001373291,1.63,0,-5399.92822265625
100000000000000000000000,1,923625000,0,-44,0.343611696486383,0,0,0.040060001373291,1.63,0,-5399.92822265625
100000000000000000000002,1,923625000,0,-44.5,3.53429173528852,0,0,0.040060001373291,1.63,0,-5399.92822265625
100000000000000000000003,1,923625000,0,-46,2.79184503395187,0,0,0.040060001373291,1.63,0,-5399.92822265625
100000000000000000000001,1,923625000,0,-45,1.2824079386724,0,0,0.040060001373291,1.63,0,-5399.92822265625
100000000000000000000004,1,923625000,0,-50.5,3.22135965455985,0,0,0.040060001373291,1.63,0,-5399.92822265625
100000000000000000000001,1,923625000,0,-45,1.27013609236931,0,0,0.040060001373291,1.63,0,-5399.92822265625
100000000000000000000002,1,923625000,0,-44.5,3.51588396583389,0,0,0.040060001373291,1.63,0,-5399.92822265625
100000000000000000000004,1,923625000,0,-50.5,3.23976742401447,0,0,0.040060001373291,1.63,0,-5399.92822265625
100000000000000000000003,1,923625000,0,-46,2.81638872655804,0,0,0.040060001373291,1.63,0,-5399.92822265625
100000000000000000000000,1,923625000,0,-44,0.349747619637927,0,0,0.040060001373291,1.63,0,-5399.92822265625
100000000000000000000000,1,923625000,0,-44,0.331339850183299,0,0,0.040060001373291,1.63,0,-5399.92822265625
100000000000000000000002,1,923625000,0,-44.5,3.52201988898543,0,0,0.040060001373291,1.63,0,-5399.92822265625
100000000000000000000003,1,923625000,0,-46,2.81025280340649,0,0,0.040060001373291,1.63,0,-5399.92822265625
100000000000000000000001,1,923625000,0,-45,1.26400016921777,0,0,0.040060001373291,1.63,0,-5399.92822265625
100000000000000000000004,1,923625000,0,-50.5,3.23363150086293,0,0,0.040060001373291,1.63,0,-5399.92822265625
100000000000000000000004,1,923625000,0,-50.5,3.23976742401447,0,0,0.040060001373291,1.63,0,-5399.92822265625
100000000000000000000003,1,923625000,0,-46,2.82252464970958,0,0,0.040060001373291,1.63,0,-5399.92822265625
100000000000000000000002,1,923625000,0,-44.5,3.52815581213697,0,0,0.040060001373291,1.63,0,-5399.92822265625
100000000000000000000001,1,923625000,0,-45,1.28854386182394,0,0,0.040060001373291,1.63,0,-5399.92822265625
100000000000000000000000,1,923625000,0,-44,0.343611696486383,0,0,0.040060001373291,1.63,0,-5399.92822265625
100000000000000000000003,1,923625000,0,-46,2.80411688025495,0,0,0.040060001373291,1.63,0,-5399.92822265625
100000000000000000000001,1,923625000,0,-45,1.27013609236931,0,0,0.040060001373291,1.63,0,-5399.92822265625
100000000000000000000004,1,923625000,0,-50,3.25203927031756,0,0,0.040060001373291,1.63,0,-5399.92822265625
100000000000000000000000,1,923625000,0,-44,0.349747619637927,0,0,0.040060001373291,1.63,0,-5399.92822265625
100000000000000000000002,1,923625000,0,-44.5,3.55883542789469,0,0,0.040060001373291,1.63,0,-5399.92822265625
100000000000000000000000,1,923625000,0,-43.5,0.349747619637927,0,0,0.040060001373291,1.63,0,-5399.92822265625
100000000000000000000003,1,923625000,0,-46,2.80411688025495,0,0,0.040060001373291,1.63,0,-5399.92822265625
100000000000000000000004,1,923625000,0,-50.5,3.2581751934691,0,0,0.040060001373291,1.63,0,-5399.92822265625
100000000000000000000001,1,923625000,0,-45,1.26400016921777,0,0,0.040060001373291,1.63,0,-5399.92822265625
100000000000000000000002,1,923625000,0,-44.5,3.52201988898543,0,0,0.040060001373291,1.63,0,-5399.92822265625
100000000000000000000004,1,923625000,0,-50.5,3.25203927031756,0,0,0.040060001373291,1.63,0,-5399.92822265625
100000000000000000000000,1,923625000,0,-44,0.343611696486383,0,0,0.040060001373291,1.63,0,-5399.92822265625
100000000000000000000001,1,923625000,0,-45,1.25786424606623,0,0,0.040060001373291,1.63,0,-5399.92822265625
100000000000000000000002,1,923625000,0,-44.5,3.50974804268235,0,0,0.040060001373291,1.63,0,-5399.92822265625
100000000000000000000003,1,923625000,0,-46,2.79184503395187,0,0,0.040060001373291,1.63,0,-5399.92822265625
100000000000000000000002,1,923625000,0,-44.5,3.53429173528852,0,0,0.040060001373291,1.63,0,-5399.92822265625
100000000000000000000004,1,923625000,0,-50.5,3.23976742401447,0,0,0.040060001373291,1.63,0,-5399.92822265625
100000000000000000000001,1,923625000,0,-45,1.26400016921777,0,0,0.040060001373291,1.63,0,-5399.92822265625
100000000000000000000000,1,923625000,0,-44,0.331339850183299,0,0,0.040060001373291,1.63,0,-5399.92822265625
100000000000000000000003,1,923625000,0,-46.5,2.81638872655804,0,0,0.040060001373291,1.63,0,-5399.92822265625
100000000000000000000002,1,923625000,0,-44.5,3.52201988898543,0,0,0.040060001373291,1.63,0,-5399.92822265625
100000000000000000000001,1,923625000,0,-45,1.27627201552085,0,0,0.040060001373291,1.63,0,-5399.92822265625
100000000000000000000003,1,923625000,0,-46.5,2.81025280340649,0,0,0.040060001373291,1.63,0,-5399.92822265625
100000000000000000000004,1,923625000,0,-50.5,3.23976742401447,0,0,0.040060001373291,1.63,0,-5399.92822265625
100000000000000000000000,1,923625000,0,-43.5,0.355883542789469,0,0,0.040060001373291,1.63,0,-5399.92822265625
100000000000000000000003,1,923625000,0,-46,2.81638872655804,0,0,0.040060001373291,1.63,0,-5399.92822265625
100000000000000000000000,1,923625000,0,-43.5,0.380427235395639,0,0,0.040060001373291,1.63,0,-5399.92822265625
100000000000000000000002,1,923625000,0,-44.5,3.54042765844006,0,0,0.040060001373291,1.63,0,-5399.92822265625
100000000000000000000001,1,923625000,0,-45,1.27013609236931,0,0,0.040060001373291,1.63,0,-5399.92822265625
100000000000000000000004,1,923625000,0,-50.5,3.26431111662064,0,0,0.040060001373291,1.63,0,-5399.92822265625
100000000000000000000004,1,923625000,0,-50,3.23363150086293,0,0,0.040060001373291,1.63,0,-5399.92822265625
100000000000000000000001,1,923625000,0,-45,1.26400016921777,0,0,0.040060001373291,1.63,0,-5399.92822265625
100000000000000000000002,1,923625000,0,-44.5,3.51588396583389,0,0,0.040060001373291,1.63,0,-5399.92822265625
100000000000000000000000,1,923625000,0,-44,0.331339850183299,0,0,0.040060001373291,1.63,0,-5399.92822265625
100000000000000000000003,1,923625000,0,-46,2.81638872655804,0,0,0.040060001373291,1.63,0,-5399.92822265625
100000000000000000000002,1,923625000,0,-44.5,3.52201988898543,0,0,0.040060001373291,1.63,0,-5399.92822265625
100000000000000000000003,1,923625000,0,-46,2.80411688025495,0,0,0.040060001373291,1.63,0,-5399.92822265625
100000000000000000000004,1,923625000,0,-50.5,3.23363150086293,0,0,0.040060001373291,1.63,0,-5399.92822265625
100000000000000000000000,1,923625000,0,-44,0.337475773334841,0,0,0.040060001373291,1.63,0,-5399.92822265625
100000000000000000000001,1,923625000,0,-45,1.2824079386724,0,0,0.040060001373291,1.63,0,-5399.92822265625
100000000000000000000004,1,923625000,0,-50.5,3.27044703977219,0,0,0.040060001373291,1.63,0,-5399.92822265625
100000000000000000000001,1,923625000,0,-45,1.2824079386724,0,0,0.040060001373291,1.63,0,-5399.92822265625
100000000000000000000000,1,923625000,0,-44,0.343611696486383,0,0,0.040060001373291,1.63,0,-5399.92822265625
100000000000000000000003,1,923625000,0,-46,2.81025280340649,0,0,0.040060001373291,1.63,0,-5399.92822265625
100000000000000000000002,1,923625000,0,-44.5,3.52815581213697,0,0,0.040060001373291,1.63,0,-5399.92822265625
100000000000000000000004,1,923625000,0,-50,3.23363150086293,0,0,0.040060001373291,1.63,0,-5399.92822265625
100000000000000000000000,1,923625000,0,-44,0.337475773334841,0,0,0.040060001373291,1.63,0,-5399.92822265625
100000000000000000000001,1,923625000,0,-45,1.28854386182394,0,0,0.040060001373291,1.63,0,-5399.92822265625
100000000000000000000002,1,923625000,0,-44.5,3.5465635815916,0,0,0.040060001373291,1.63,0,-5399.92822265625
100000000000000000000003,1,923625000,0,-46,2.80411688025495,0,0,0.040060001373291,1.63,0,-5399.92822265625
100000000000000000000001,1,923625000,0,-45,1.27013609236931,0,0,0.040060001373291,1.63,0,-5399.92822265625
100000000000000000000004,1,923625000,0,-50.5,3.23976742401447,0,0,0.040060001373291,1.63,0,-5399.92822265625
100000000000000000000003,1,923625000,0,-46,2.81025280340649,0,0,0.040060001373291,1.63,0,-5399.92822265625
100000000000000000000002,1,923625000,0,-44.5,3.54042765844006,0,0,0.040060001373291,1.63,0,-5399.92822265625
100000000000000000000000,1,923625000,0,-44,0.362019465941011,0,0,0.040060001373291,1.63,0,-5399.92822265625
100000000000000000000004,1,923625000,0,-50,3.2581751934691,0,0,0.040060001373291,1.63,0,-5399.92822265625
100000000000000000000003,1,923625000,0,-46,2.81025280340649,0,0,0.040060001373291,1.63,0,-5399.92822265625
100000000000000000000002,1,923625000,0,-44.5,3.52815581213697,0,0,0.040060001373291,1.63,0,-5399.92822265625
100000000000000000000001,1,923625000,0,-45,1.2824079386724,0,0,0.040060001373291,1.63,0,-5399.92822265625
100000000000000000000000,1,923625000,0,-44,0.325203927031755,0,0,0.040060001373291,1.63,0,-5399.92822265625
100000000000000000000002,1,923625000,0,-44.5,3.53429173528852,0,0,0.040060001373291,1.63,0,-5399.92822265625
100000000000000000000001,1,923625000,0,-45,1.26400016921777,0,0,0.040060001373291,1.63,0,-5399.92822265625
100000000000000000000004,1,923625000,0,-50.5,3.24590334716602,0,0,0.040060001373291,1.63,0,-5399.92822265625
100000000000000000000003,1,923625000,0,-46.5,2.81638872655804,0,0,0.040060001373291,1.63,0,-5399.92822265625
100000000000000000000000,1,923625000,0,-43.5,0.337475773334841,0,0,0.040060001373291,1.63,0,-5399.92822265625
100000000000000000000001,1,923625000,0,-45,1.2824079386724,0,0,0.040060001373291,1.63,0,-5399.92822265625
100000000000000000000002,1,923625000,0,-44.5,3.51588396583389,0,0,0.040060001373291,1.63,0,-5399.92822265625
100000000000000000000000,1,923625000,0,-44,0.343611696486383,0,0,0.040060001373291,1.63,0,-5399.92822265625
100000000000000000000003,1,923625000,0,-46,2.81638872655804,0,0,0.040060001373291,1.63,0,-5399.92822265625
100000000000000000000004,1,923625000,0,-50.5,3.23363150086293,0,0,0.040060001373291,1.63,0,-5399.92822265625
100000000000000000000002,1,923625000,0,-44.5,3.52201988898543,0,0,0.040060001373291,1.63,0,-5399.92822265625
100000000000000000000003,1,923625000,0,-46,2.81025280340649,0,0,0.040060001373291,1.63,0,-5399.92822265625
100000000000000000000001,1,923625000,0,-45,1.27627201552085,0,0,0.040060001373291,1.63,0,-5399.92822265625
100000000000000000000000,1,923625000,0,-44,0.355883542789469,0,0,0.040060001373291,1.63,0,-5399.92822265625
100000000000000000000004,1,923625000,0,-50.5,3.22749557771139,0,0,0.040060001373291,1.63,0,-5399.92822265625
100000000000000000000003,1,923625000,0,-46,2.80411688025495,0,0,0.040060001373291,1.63,0,-5399.92822265625
100000000000000000000000,1,923625000,0,-44,0.343611696486383,0,0,0.040060001373291,1.63,0,-5399.92822265625
100000000000000000000004,1,923625000,0,-50,3.22135965455985,0,0,0.040060001373291,1.63,0,-5399.92822265625
100000000000000000000001,1,923625000,0,-45,1.27013609236931,0,0,0.040060001373291,1.63,0,-5399.92822265625
100000000000000000000002,1,923625000,0,-44.5,3.55883542789469,0,0,0.040060001373291,1.63,0,-5399.92822265625
100000000000000000000002,1,923625000,0,-44.5,3.55269950474315,0,0,0.040060001373291,1.63,0,-5399.92822265625
100000000000000000000004,1,923625000,0,-50.5,3.23363150086293,0,0,0.040060001373291,1.63,0,-5399.92822265625
100000000000000000000000,1,923625000,0,-44,0.349747619637927,0,0,0.040060001373291,1.63,0,-5399.92822265625
100000000000000000000001,1,923625000,0,-45,1.25786424606623,0,0,0.040060001373291,1.63,0,-5399.92822265625
100000000000000000000003,1,923625000,0,-46,2.81638872655804,0,0,0.040060001373291,1.63,0,-5399.92822265625
100000000000000000000000,1,923625000,0,-44,0.362019465941011,0,0,0.040060001373291,1.63,0,-5399.92822265625
100000000000000000000003,1,923625000,0,-46,2.81638872655804,0,0,0.040060001373291,1.63,0,-5399.92822265625
100000000000000000000004,1,923625000,0,-50.5,3.22749557771139,0,0,0.040060001373291,1.63,0,-5399.92822265625
100000000000000000000001,1,923625000,0,-45,1.2824079386724,0,0,0.040060001373291,1.63,0,-5399.92822265625
100000000000000000000002,1,923625000,0,-44.5,3.52815581213697,0,0,0.040060001373291,1.63,0,-5399.92822265625
100000000000000000000000,1,923625000,0,-44,0.362019465941011,0,0,0.040060001373291,1.63,0,-5399.92822265625
100000000000000000000004,1,923625000,0,-50,3.2581751934691,0,0,0.040060001373291,1.63,0,-5399.92822265625
100000000000000000000003,1,923625000,0,-46,2.80411688025495,0,0,0.040060001373291,1.63,0,-5399.92822265625
100000000000000000000001,1,923625000,0,-45,1.27013609236931,0,0,0.040060001373291,1.63,0,-5399.92822265625
100000000000000000000002,1,923625000,0,-44.5,3.52201988898543,0,0,0.040060001373291,1.63,0,-5399.92822265625
100000000000000000000000,1,923625000,0,-44,0.349747619637927,0,0,0.040060001373291,1.63,0,-5399.92822265625
100000000000000000000002,1,923625000,0,-44.5,3.52815581213697,0,0,0.040060001373291,1.63,0,-5399.92822265625
100000000000000000000004,1,923625000,0,-50.5,3.23976742401447,0,0,0.040060001373291,1.63,0,-5399.92822265625
100000000000000000000003,1,923625000,0,-46,2.79184503395187,0,0,0.040060001373291,1.63,0,-5399.92822265625
100000000000000000000001,1,923625000,0,-45,1.27013609236931,0,0,0.040060001373291,1.63,0,-5399.92822265625
100000000000000000000003,1,923625000,0,-46,2.81025280340649,0,0,0.040060001373291,1.63,0,-5399.92822265625
100000000000000000000002,1,923625000,0,-44.5,3.50974804268235,0,0,0.040060001373291,1.63,0,-5399.92822265625
100000000000000000000004,1,923625000,0,-50,3.24590334716602,0,0,0.040060001373291,1.63,0,-5399.92822265625
100000000000000000000001,1,923625000,0,-45,1.25172832291468,0,0,0.040060001373291,1.63,0,-5399.92822265625
100000000000000000000000,1,923625000,0,-44,0.349747619637927,0,0,0.040060001373291,1.63,0,-5399.92822265625
100000000000000000000001,1,923625000,0,-45,1.27013609236931,0,0,0.040060001373291,1.63,0,-5399.92822265625
100000000000000000000003,1,923625000,0,-46,2.81025280340649,0,0,0.040060001373291,1.63,0,-5399.92822265625
100000000000000000000000,1,923625000,0,-44,0.319068003880213,0,0,0.040060001373291,1.63,0,-5399.92822265625
100000000000000000000004,1,923625000,0,-50.5,3.2152237314083,0,0,0.040060001373291,1.63,0,-5399.92822265625
100000000000000000000002,1,923625000,0,-44.5,3.52815581213697,0,0,0.040060001373291,1.63,0,-5399.92822265625
100000000000000000000004,1,923625000,0,-50.5,3.23363150086293,0,0,0.040060001373291,1.63,0,-5399.92822265625
100000000000000000000001,1,923625000,0,-45,1.27627201552085,0,0,0.040060001373291,1.63,0,-5399.92822265625
100000000000000000000003,1,923625000,0,-46,2.79184503395187,0,0,0.040060001373291,1.63,0,-5399.92822265625
100000000000000000000000,1,923625000,0,-44,0.343611696486383,0,0,0.040060001373291,1.63,0,-5399.92822265625
100000000000000000000002,1,923625000,0,-44.5,3.53429173528852,0,0,0.040060001373291,1.63,0,-5399.92822265625
100000000000000000000000,1,923625000,0,-44,0.349747619637927,0,0,0.040060001373291,1.63,0,-5399.92822265625
100000000000000000000004,1,923625000,0,-50,3.22749557771139,0,0,0.040060001373291,1.63,0,-5399.92822265625
100000000000000000000001,1,923625000,0,-45,1.27013609236931,0,0,0.040060001373291,1.63,0,-5399.92822265625
100000000000000000000003,1,923625000,0,-46,2.81025280340649,0,0,0.040060001373291,1.63,0,-5399.92822265625
100000000000000000000002,1,923625000,0,-44.5,3.51588396583389,0,0,0.040060001373291,1.63,0,-5399.92822265625
100000000000000000000004,1,923625000,0,-50.5,3.25203927031756,0,0,0.040060001373291,1.63,0,-5399.92822265625
100000000000000000000003,1,923625000,0,-46.5,2.79184503395187,0,0,0.040060001373291,1.63,0,-5399.92822265625
100000000000000000000000,1,923625000,0,-44,0.337475773334841,0,0,0.040060001373291,1.63,0,-5399.92822265625
100000000000000000000001,1,923625000,0,-45,1.27627201552085,0,0,0.040060001373291,1.63,0,-5399.92822265625
100000000000000000000002,1,923625000,0,-44.5,3.50974804268235,0,0,0.040060001373291,1.63,0,-5399.92822265625
100000000000000000000004,1,923625000,0,-50.5,3.19681596195368,0,0,0.040060001373291,1.63,0,-5399.92822265625
100000000000000000000003,1,923625000,0,-46,2.82252464970958,0,0,0.040060001373291,1.63,0,-5399.92822265625
100000000000000000000000,1,923625000,0,-44,0.355883542789469,0,0,0.040060001373291,1.63,0,-5399.92822265625
100000000000000000000002,1,923625000,0,-44.5,3.54042765844006,0,0,0.040060001373291,1.63,0,-5399.92822265625
100000000000000000000001,1,923625000,0,-45,1.27013609236931,0,0,0.040060001373291,1.63,0,-5399.92822265625
100000000000000000000001,1,923625000,0,-45,1.28854386182394,0,0,0.040060001373291,1.63,0,-5399.92822265625
100000000000000000000000,1,923625000,0,-44,0.355883542789469,0,0,0.040060001373291,1.63,0,-5399.92822265625
100000000000000000000004,1,923625000,0,-50.5,3.23363150086293,0,0,0.040060001373291,1.63,0,-5399.92822265625
100000000000000000000003,1,923625000,0,-46,2.81638872655804,0,0,0.040060001373291,1.63,0,-5399.92822265625
100000000000000000000002,1,923625000,0,-44.5,3.53429173528852,0,0,0.040060001373291,1.63,0,-5399.92822265625
100000000000000000000002,1,923625000,0,-44.5,3.51588396583389,0,0,0.040060001373291,1.63,0,-5399.92822265625
100000000000000000000003,1,923625000,0,-46,2.82252464970958,0,0,0.040060001373291,1.63,0,-5399.92822265625
100000000000000000000000,1,923625000,0,-44,0.355883542789469,0,0,0.040060001373291,1.63,0,-5399.92822265625
100000000000000000000004,1,923625000,0,-50,3.25203927031756,0,0,0.040060001373291,1.63,0,-5399.92822265625
100000000000000000000001,1,923625000,0,-45,1.27627201552085,0,0,0.040060001373291,1.63,0,-5399.92822265625
100000000000000000000001,1,923625000,0,-45,1.27013609236931,0,0,0.040060001373291,1.63,0,-5399.92822265625
100000000000000000000004,1,923625000,0,-50,3.25203927031756,0,0,0.040060001373291,1.63,0,-5399.92822265625
100000000000000000000003,1,923625000,0,-46.5,2.81025280340649,0,0,0.040060001373291,1.63,0,-5399.92822265625
100000000000000000000002,1,923625000,0,-44.5,3.53429173528852,0,0,0.040060001373291,1.63,0,-5399.92822265625
100000000000000000000000,1,923625000,0,-44,0.337475773334841,0,0,0.040060001373291,1.63,0,-5399.92822265625
100000000000000000000002,1,923625000,0,-44.5,3.5465635815916,0,0,0.040060001373291,1.63,0,-5399.92822265625
100000000000000000000000,1,923625000,0,-44,0.343611696486383,0,0,0.040060001373291,1.63,0,-5399.92822265625
100000000000000000000003,1,923625000,0,-46,2.79184503395187,0,0,0.040060001373291,1.63,0,-5399.92822265625
100000000000000000000001,1,923625000,0,-45,1.27627201552085,0,0,0.040060001373291,1.63,0,-5399.92822265625
100000000000000000000004,1,923625000,0,-50.5,3.20908780825676,0,0,0.040060001373291,1.63,0,-5399.92822265625
100000000000000000000000,1,923625000,0,-44,0.349747619637927,0,0,0.040060001373291,1.63,0,-5399.92822265625
100000000000000000000002,1,923625000,0,-44.5,3.52815581213697,0,0,0.040060001373291,1.63,0,-5399.92822265625
100000000000000000000001,1,923625000,0,-45,1.27627201552085,0,0,0.040060001373291,1.63,0,-5399.92822265625
100000000000000000000003,1,923625000,0,-46,2.79798095710341,0,0,0.040060001373291,1.63,0,-5399.92822265625
100000000000000000000004,1,923625000,0,-50,3.2581751934691,0,0,0.040060001373291,1.63,0,-5399.92822265625
100000000000000000000000,1,923625000,0,-44,0.349747619637927,0,0,0.040060001373291,1.63,0,-5399.92822265625
100000000000000000000004,1,923625000,0,-50.5,3.23363150086293,0,0,0.040060001373291,1.63,0,-5399.92822265625
100000000000000000000001,1,923625000,0,-45,1.27627201552085,0,0,0.040060001373291,1.63,0,-5399.92822265625
100000000000000000000003,1,923625000,0,-46,2.79798095710341,0,0,0.040060001373291,1.63,0,-5399.92822265625
100000000000000000000002,1,923625000,0,-44.5,3.52815581213697,0,0,0.040060001373291,1.63,0,-5399.92822265625
100000000000000000000000,1,923625000,0,-44,0.331339850183299,0,0,0.040060001373291,1.63,0,-5399.92822265625
100000000000000000000002,1,923625000,0,-44.5,3.51588396583389,0,0,0.040060001373291,1.63,0,-5399.92822265625
100000000000000000000004,1,923625000,0,-50.5,3.2581751934691,0,0,0.040060001373291,1.63,0,-5399.92822265625
100000000000000000000001,1,923625000,0,-45,1.2824079386724,0,0,0.040060001373291,1.63,0,-5399.92822265625
100000000000000000000003,1,923625000,0,-46,2.79798095710341,0,0,0.040060001373291,1.63,0,-5399.92822265625
100000000000000000000002,1,923625000,0,-44.5,3.55269950474315,0,0,0.040060001373291,1.63,0,-5399.92822265625
100000000000000000000000,1,923625000,0,-44,0.343611696486383,0,0,0.040060001373291,1.63,0,-5399.92822265625
100000000000000000000003,1,923625000,0,-46,2.77957318764878,0,0,0.040060001373291,1.63,0,-5399.92822265625
100000000000000000000001,1,923625000,0,-45,1.27627201552085,0,0,0.040060001373291,1.63,0,-5399.92822265625
100000000000000000000004,1,923625000,0,-50.5,3.23976742401447,0,0,0.040060001373291,1.63,0,-5399.92822265625
100000000000000000000004,1,923625000,0,-50.5,3.23363150086293,0,0,0.040060001373291,1.63,0,-5399.92822265625
100000000000000000000002,1,923625000,0,-44.5,3.52815581213697,0,0,0.040060001373291,1.63,0,-5399.92822265625
100000000000000000000000,1,923625000,0,-44,0.349747619637927,0,0,0.040060001373291,1.63,0,-5399.92822265625
100000000000000000000001,1,923625000,0,-45,1.26400016921777,0,0,0.040060001373291,1.63,0,-5399.92822265625
100000000000000000000003,1,923625000,0,-46,2.82252464970958,0,0,0.040060001373291,1.63,0,-5399.92822265625
100000000000000000000000,1,923625000,0,-44,0.355883542789469,0,0,0.040060001373291,1.63,0,-5399.92822265625
100000000000000000000001,1,923625000,0,-45,1.27013609236931,0,0,0.040060001373291,1.63,0,-5399.92822265625
100000000000000000000003,1,923625000,0,-46,2.79798095710341,0,0,0.040060001373291,1.63,0,-5399.92822265625
100000000000000000000004,1,923625000,0,-50.5,3.23976742401447,0,0,0.040060001373291,1.63,0,-5399.92822265625
100000000000000000000002,1,923625000,0,-44.5,3.52815581213697,0,0,0.040060001373291,1.63,0,-5399.92822265625
100000000000000000000001,1,923625000,0,-45,1.2824079386724,0,0,0.040060001373291,1.63,0,-5399.92822265625
100000000000000000000000,1,923625000,0,-44,0.349747619637927,0,0,0.040060001373291,1.63,0,-5399.92822265625
100000000000000000000003,1,923625000,0,-46,2.79184503395187,0,0,0.040060001373291,1.63,0,-5399.92822265625
100000000000000000000004,1,923625000,0,-50.5,3.22749557771139,0,0,0.040060001373291,1.63,0,-5399.92822265625
100000000000000000000002,1,923625000,0,-44.5,3.50974804268235,0,0,0.040060001373291,1.63,0,-5399.92822265625
100000000000000000000003,1,923625000,0,-46,2.81025280340649,0,0,0.040060001373291,1.63,0,-5399.92822265625
100000000000000000000001,1,923625000,0,-45,1.27627201552085,0,0,0.040060001373291,1.63,0,-5399.92822265625
100000000000000000000002,1,923625000,0,-44.5,3.53429173528852,0,0,0.040060001373291,1.63,0,-5399.92822265625
100000000000000000000000,1,923625000,0,-44,0.349747619637927,0,0,0.040060001373291,1.63,0,-5399.92822265625
100000000000000000000004,1,923625000,0,-50.5,3.23976742401447,0,0,0.040060001373291,1.63,0,-5399.92822265625
100000000000000000000003,1,923625000,0,-46,2.79184503395187,0,0,0.040060001373291,1.63,0,-5399.92822265625
100000000000000000000000,1,923625000,0,-44,0.325203927031755,0,0,0.040060001373291,1.63,0,-5399.92822265625
100000000000000000000004,1,923625000,0,-50.5,3.23363150086293,0,0,0.040060001373291,1.63,0,-5399.92822265625
100000000000000000000001,1,923625000,0,-45,1.26400016921777,0,0,0.040060001373291,1.63,0,-5399.92822265625
100000000000000000000002,1,923625000,0,-44.5,3.51588396583389,0,0,0.040060001373291,1.63,0,-5399.92822265625
100000000000000000000002,1,923625000,0,-44.5,3.55883542789469,0,0,0.040060001373291,1.63,0,-5399.92822265625
100000000000000000000001,1,923625000,0,-45,1.2824079386724,0,0,0.040060001373291,1.63,0,-5399.92822265625
100000000000000000000003,1,923625000,0,-46.5,2.81025280340649,0,0,0.040060001373291,1.63,0,-5399.92822265625
100000000000000000000004,1,923625000,0,-50,3.2581751934691,0,0,0.040060001373291,1.63,0,-5399.92822265625
100000000000000000000000,1,923625000,0,-44,0.362019465941011,0,0,0.040060001373291,1.63,0,-5399.92822265625
100000000000000000000000,1,923625000,0,-44,0.331339850183299,0,0,0.040060001373291,1.63,0,-5399.92822265625
100000000000000000000003,1,923625000,0,-46,2.81025280340649,0,0,0.040060001373291,1.63,0,-5399.92822265625
100000000000000000000001,1,923625000,0,-45,1.26400016921777,0,0,0.040060001373291,1.63,0,-5399.92822265625
100000000000000000000002,1,923625000,0,-44.5,3.52815581213697,0,0,0.040060001373291,1.63,0,-5399.92822265625
100000000000000000000004,1,923625000,0,-50.5,3.24590334716602,0,0,0.040060001373291,1.63,0,-5399.92822265625
100000000000000000000002,1,923625000,0,-44.5,3.53429173528852,0,0,0.040060001373291,1.63,0,-5399.92822265625
100000000000000000000003,1,923625000,0,-46,2.82252464970958,0,0,0.040060001373291,1.63,0,-5399.92822265625
100000000000000000000004,1,923625000,0,-50.5,3.24590334716602,0,0,0.040060001373291,1.63,0,-5399.92822265625
100000000000000000000001,1,923625000,0,-45,1.25786424606623,0,0,0.040060001373291,1.63,0,-5399.92822265625
100000000000000000000000,1,923625000,0,-44,0.349747619637927,0,0,0.040060001373291,1.63,0,-5399.92822265625
100000000000000000000003,1,923625000,0,-46,2.81638872655804,0,0,0.040060001373291,1.63,0,-5399.92822265625
100000000000000000000004,1,923625000,0,-50.5,3.2581751934691,0,0,0.040060001373291,1.63,0,-5399.92822265625
100000000000000000000000,1,923625000,0,-44,0.325203927031755,0,0,0.040060001373291,1.63,0,-5399.92822265625
100000000000000000000002,1,923625000,0,-44.5,3.53429173528852,0,0,0.040060001373291,1.63,0,-5399.92822265625
100000000000000000000001,1,923625000,0,-45,1.25786424606623,0,0,0.040060001373291,1.63,0,-5399.92822265625
100000000000000000000004,1,923625000,0,-50.5,3.22749557771139,0,0,0.040060001373291,1.63,0,-5399.92822265625
100000000000000000000003,1,923625000,0,-46,2.79798095710341,0,0,0.040060001373291,1.63,0,-5399.92822265625
100000000000000000000002,1,923625000,0,-44.5,3.54042765844006,0,0,0.040060001373291,1.63,0,-5399.92822265625
100000000000000000000001,1,923625000,0,-45,1.28854386182394,0,0,0.040060001373291,1.63,0,-5399.92822265625
100000000000000000000000,1,923625000,0,-44,0.343611696486383,0,0,0.040060001373291,1.63,0,-5399.92822265625
100000000000000000000002,1,923625000,0,-44.5,3.5465635815916,0,0,0.040060001373291,1.63,0,-5399.92822265625
100000000000000000000001,1,923625000,0,-45,1.27013609236931,0,0,0.040060001373291,1.63,0,-5399.92822265625
100000000000000000000003,1,923625000,0,-46,2.81638872655804,0,0,0.040060001373291,1.63,0,-5399.92822265625
100000000000000000000004,1,923625000,0,-50.5,3.2152237314083,0,0,0.040060001373291,1.63,0,-5399.92822265625
100000000000000000000000,1,923625000,0,-44,0.355883542789469,0,0,0.040060001373291,1.63,0,-5399.92822265625
100000000000000000000000,1,923625000,0,-44,0.343611696486383,0,0,0.040060001373291,1.63,0,-5399.92822265625
100000000000000000000002,1,923625000,0,-44.5,3.51588396583389,0,0,0.040060001373291,1.63,0,-5399.92822265625
100000000000000000000004,1,923625000,0,-50.5,3.22749557771139,0,0,0.040060001373291,1.63,0,-5399.92822265625
100000000000000000000003,1,923625000,0,-46,2.81638872655804,0,0,0.040060001373291,1.63,0,-5399.92822265625
100000000000000000000001,1,923625000,0,-45,1.27627201552085,0,0,0.040060001373291,1.63,0,-5399.92822265625
100000000000000000000002,1,923625000,0,-44.5,3.53429173528852,0,0,0.040060001373291,1.63,0,-5399.92822265625
100000000000000000000001,1,923625000,0,-45,1.27627201552085,0,0,0.040060001373291,1.63,0,-5399.92822265625
100000000000000000000000,1,923625000,0,-44,0.349747619637927,0,0,0.040060001373291,1.63,0,-5399.92822265625
100000000000000000000003,1,923625000,0,-46,2.80411688025495,0,0,0.040060001373291,1.63,0,-5399.92822265625
100000000000000000000004,1,923625000,0,-50.5,3.20908780825676,0,0,0.040060001373291,1.63,0,-5399.92822265625
100000000000000000000001,1,923625000,0,-45,1.27013609236931,0,0,0.040060001373291,1.63,0,-5399.92822265625
100000000000000000000003,1,923625000,0,-46.5,2.79798095710341,0,0,0.040060001373291,1.63,0,-5399.92822265625
100000000000000000000002,1,923625000,0,-44.5,3.5036121195308,0,0,0.040060001373291,1.63,0,-5399.92822265625
100000000000000000000004,1,923625000,0,-50.5,3.2152237314083,0,0,0.040060001373291,1.63,0,-5399.92822265625
100000000000000000000000,1,923625000,0,-43.5,0.343611696486383,0,0,0.040060001373291,1.63,0,-5399.92822265625
100000000000000000000004,1,923625000,0,-50.5,3.2581751934691,0,0,0.040060001373291,1.63,0,-5399.92822265625
100000000000000000000000,1,923625000,0,-44,0.343611696486383,0,0,0.040060001373291,1.63,0,-5399.92822265625
100000000000000000000003,1,923625000,0,-46,2.80411688025495,0,0,0.040060001373291,1.63,0,-5399.92822265625
100000000000000000000001,1,923625000,0,-45,1.25786424606623,0,0,0.040060001373291,1.63,0,-5399.92822265625
100000000000000000000002,1,923625000,0,-44.5,3.52201988898543,0,0,0.040060001373291,1.63,0,-5399.92822265625
100000000000000000000003,1,923625000,0,-46,2.80411688025495,0,0,0.040060001373291,1.63,0,-5399.92822265625
100000000000000000000004,1,923625000,0,-50.5,3.26431111662064,0,0,0.040060001373291,1.63,0,-5399.92822265625
100000000000000000000001,1,923625000,0,-45,1.27627201552085,0,0,0.040060001373291,1.63,0,-5399.92822265625
100000000000000000000002,1,923625000,0,-44.5,3.5465635815916,0,0,0.040060001373291,1.63,0,-5399.92822265625
100000000000000000000000,1,923625000,0,-44,0.362019465941011,0,0,0.040060001373291,1.63,0,-5399.92822265625
100000000000000000000000,1,923625000,0,-44,0.337475773334841,0,0,0.040060001373291,1.63,0,-5399.92822265625
100000000000000000000002,1,923625000,0,-44.5,3.53429173528852,0,0,0.040060001373291,1.63,0,-5399.92822265625
100000000000000000000004,1,923625000,0,-50.5,3.22135965455985,0,0,0.040060001373291,1.63,0,-5399.92822265625
100000000000000000000001,1,923625000,0,-45,1.26400016921777,0,0,0.040060001373291,1.63,0,-5399.92822265625
100000000000000000000003,1,923625000,0,-46,2.81025280340649,0,0,0.040060001373291,1.63,0,-5399.92822265625
100000000000000000000000,1,923625000,0,-44,0.343611696486383,0,0,0.040060001373291,1.63,0,-5399.92822265625
100000000000000000000004,1,923625000,0,-50.5,3.27044703977219,0,0,0.040060001373291,1.63,0,-5399.92822265625
100000000000000000000003,1,923625000,0,-46,2.82252464970958,0,0,0.040060001373291,1.63,0,-5399.92822265625
100000000000000000000001,1,923625000,0,-45,1.27013609236931,0,0,0.040060001373291,1.63,0,-5399.92822265625
100000000000000000000002,1,923625000,0,-44.5,3.5465635815916,0,0,0.040060001373291,1.63,0,-5399.92822265625
100000000000000000000002,1,923625000,0,-44.5,3.52815581213697,0,0,0.040060001373291,1.63,0,-5399.92822265625
100000000000000000000003,1,923625000,0,-46,2.79184503395187,0,0,0.040060001373291,1.63,0,-5399.92822265625
100000000000000000000004,1,923625000,0,-50.5,3.23976742401447,0,0,0.040060001373291,1.63,0,-5399.92822265625
100000000000000000000001,1,923625000,0,-45,1.2824079386724,0,0,0.040060001373291,1.63,0,-5399.92822265625
100000000000000000000000,1,923625000,0,-44,0.331339850183299,0,0,0.040060001373291,1.63,0,-5399.92822265625
100000000000000000000000,1,923625000,0,-44,0.349747619637927,0,0,0.040060001373291,1.63,0,-5399.92822265625
100000000000000000000001,1,923625000,0,-45,1.28854386182394,0,0,0.040060001373291,1.63,0,-5399.92822265625
100000000000000000000003,1,923625000,0,-46,2.80411688025495,0,0,0.040060001373291,1.63,0,-5399.92822265625
100000000000000000000002,1,923625000,0,-44.5,3.54042765844006,0,0,0.040060001373291,1.63,0,-5399.92822265625
100000000000000000000004,1,923625000,0,-50.5,3.23363150086293,0,0,0.040060001373291,1.63,0,-5399.92822265625
100000000000000000000003,1,923625000,0,-46,2.81025280340649,0,0,0.040060001373291,1.63,0,-5399.92822265625
100000000000000000000000,1,923625000,0,-44,0.343611696486383,0,0,0.040060001373291,1.63,0,-5399.92822265625
100000000000000000000001,1,923625000,0,-45,1.27013609236931,0,0,0.040060001373291,1.63,0,-5399.92822265625
100000000000000000000002,1,923625000,0,-44.5,3.51588396583389,0,0,0.040060001373291,1.63,0,-5399.92822265625
100000000000000000000004,1,923625000,0,-50.5,3.2581751934691,0,0,0.040060001373291,1.63,0,-5399.92822265625
100000000000000000000000,1,923625000,0,-44,0.355883542789469,0,0,0.040060001373291,1.63,0,-5399.92822265625
100000000000000000000002,1,923625000,0,-44.5,3.52815581213697,0,0,0.040060001373291,1.63,0,-5399.92822265625
100000000000000000000001,1,923625000,0,-45,1.27627201552085,0,0,0.040060001373291,1.63,0,-5399.92822265625
100000000000000000000003,1,924125000,0,-46.5,3.04341788316511,0,0,0.040060001373291,1.63,0,-5399.92822265625
100000000000000000000004,1,924125000,0,-49.5,3.46679658062155,0,0,0.040060001373291,1.63,0,-5399.92822265625
100000000000000000000001,1,924125000,0,-45.5,1.50943709527947,0,0,0.040060001373291,1.63,0,-5399.92822265625
100000000000000000000000,1,924125000,0,-43.5,0.595184545699629,0,0,0.040060001373291,1.63,0,-5399.92822265625
100000000000000000000002,1,924125000,0,-44.5,3.76745681504713,0,0,0.040060001373291,1.63,0,-5399.92822265625
100000000000000000000004,1,924125000,0,-49.5,3.46679658062155,0,0,0.040060001373291,1.63,0,-5399.92822265625
100000000000000000000003,1,924125000,0,-46.5,3.04341788316511,0,0,0.040060001373291,1.63,0,-5399.92822265625
100000000000000000000001,1,924125000,0,-45,1.49102932582484,0,0,0.040060001373291,1.63,0,-5399.92822265625
100000000000000000000004,1,924125000,0,-49.5,3.43611696486384,0,0,0.040060001373291,1.63,0,-5399.92822265625
100000000000000000000002,1,924125000,0,-44.5,3.76745681504713,0,0,0.040060001373291,1.63,0,-5399.92822265625
100000000000000000000003,1,924125000,0,-46.5,3.0556897294682,0,0,0.040060001373291,1.63,0,-5399.92822265625
100000000000000000000000,1,924125000,0,-44,0.607456392002714,0,0,0.040060001373291,1.63,0,-5399.92822265625
100000000000000000000001,1,924125000,0,-45.5,1.50330117212793,0,0,0.040060001373291,1.63,0,-5399.92822265625
100000000000000000000002,1,924125000,0,-44.5,3.77972866135022,0,0,0.040060001373291,1.63,0,-5399.92822265625
100000000000000000000000,1,924125000,0,-44,0.570640853093458,0,0,0.040060001373291,1.63,0,-5399.92822265625
100000000000000000000003,1,924125000,0,-46.5,3.06182565261974,0,0,0.040060001373291,1.63,0,-5399.92822265625
100000000000000000000004,1,924125000,0,-50,3.47906842692463,0,0,0.040060001373291,1.63,0,-5399.92822265625
100000000000000000000000,1,924125000,0,-43.5,0.595184545699629,0,0,0.040060001373291,1.63,0,-5399.92822265625
100000000000000000000001,1,924125000,0,-45,1.51557301843101,0,0,0.040060001373291,1.63,0,-5399.92822265625
100000000000000000000002,1,924125000,0,-44.5,3.74291312244096,0,0,0.040060001373291,1.63,0,-5399.92822265625
100000000000000000000004,1,924125000,0,-49.5,3.44225288801538,0,0,0.040060001373291,1.63,0,-5399.92822265625
100000000000000000000003,1,924125000,0,-46.5,3.0556897294682,0,0,0.040060001373291,1.63,0,-5399.92822265625
100000000000000000000000,1,924125000,0,-43.5,0.595184545699629,0,0,0.040060001373291,1.63,0,-5399.92822265625
100000000000000000000003,1,924125000,0,-46.5,3.06182565261974,0,0,0.040060001373291,1.63,0,-5399.92822265625
100000000000000000000004,1,924125000,0,-49.5,3.44225288801538,0,0,0.040060001373291,1.63,0,-5399.92822265625
100000000000000000000002,1,924125000,0,-44.5,3.74904904559251,0,0,0.040060001373291,1.63,0,-5399.92822265625
100000000000000000000001,1,924125000,0,-45,1.50330117212793,0,0,0.040060001373291,1.63,0,-5399.92822265625
100000000000000000000001,1,924125000,0,-45.5,1.47875747952176,0,0,0.040060001373291,1.63,0,-5399.92822265625
100000000000000000000003,1,924125000,0,-46.5,3.03728196001357,0,0,0.040060001373291,1.63,0,-5399.92822265625
100000000000000000000004,1,924125000,0,-49.5,3.44838881116692,0,0,0.040060001373291,1.63,0,-5399.92822265625
100000000000000000000002,1,924125000,0,-44.5,3.75518496874405,0,0,0.040060001373291,1.63,0,-5399.92822265625
100000000000000000000000,1,924125000,0,-43.5,0.589048622548086,0,0,0.040060001373291,1.63,0,-5399.92822265625
100000000000000000000003,1,924125000,0,-46.5,3.03728196001357,0,0,0.040060001373291,1.63,0,-5399.92822265625
100000000000000000000002,1,924125000,0,-44.5,3.76132089189559,0,0,0.040060001373291,1.63,0,-5399.92822265625
100000000000000000000001,1,924125000,0,-45,1.50943709527947,0,0,0.040060001373291,1.63,0,-5399.92822265625
100000000000000000000000,1,924125000,0,-43.5,0.582912699396544,0,0,0.040060001373291,1.63,0,-5399.92822265625
100000000000000000000004,1,924125000,0,-49.5,3.45452473431846,0,0,0.040060001373291,1.63,0,-5399.92822265625
100000000000000000000000,1,924125000,0,-44,0.558369006790373,0,0,0.040060001373291,1.63,0,-5399.92822265625
100000000000000000000004,1,924125000,0,-50,3.47906842692463,0,0,0.040060001373291,1.63,0,-5399.92822265625
100000000000000000000002,1,924125000,0,-44.5,3.75518496874405,0,0,0.040060001373291,1.63,0,-5399.92822265625
100000000000000000000001,1,924125000,0,-45.5,1.49716524897639,0,0,0.040060001373291,1.63,0,-5399.92822265625
100000000000000000000003,1,924125000,0,-46.5,3.07409749892282,0,0,0.040060001373291,1.63,0,-5399.92822265625
100000000000000000000004,1,924125000,0,-49.5,3.43611696486384,0,0,0.040060001373291,1.63,0,-5399.92822265625
100000000000000000000002,1,924125000,0,-44.5,3.74291312244096,0,0,0.040060001373291,1.63,0,-5399.92822265625
100000000000000000000001,1,924125000,0,-45,1.50330117212793,0,0,0.040060001373291,1.63,0,-5399.92822265625
100000000000000000000000,1,924125000,0,-43.5,0.601320468851172,0,0,0.040060001373291,1.63,0,-5399.92822265625
100000000000000000000003,1,924125000,0,-46.5,3.0556897294682,0,0,0.040060001373291,1.63,0,-5399.92822265625
100000000000000000000001,1,924125000,0,-45,1.50330117212793,0,0,0.040060001373291,1.63,0,-5399.92822265625
100000000000000000000003,1,924125000,0,-46.5,3.06182565261974,0,0,0.040060001373291,1.63,0,-5399.92822265625
100000000000000000000000,1,924125000,0,-44,0.589048622548086,0,0,0.040060001373291,1.63,0,-5399.92822265625
100000000000000000000002,1,924125000,0,-44.5,3.76745681504713,0,0,0.040060001373291,1.63,0,-5399.92822265625
100000000000000000000004,1,924125000,0,-49.5,3.46679658062155,0,0,0.040060001373291,1.63,0,-5399.92822265625
100000000000000000000004,1,924125000,0,-49.5,3.45452473431846,0,0,0.040060001373291,1.63,0,-5399.92822265625
100000000000000000000002,1,924125000,0,-44.5,3.77359273819868,0,0,0.040060001373291,1.63,0,-5399.92822265625
100000000000000000000001,1,924125000,0,-45.5,1.49102932582484,0,0,0.040060001373291,1.63,0,-5399.92822265625
100000000000000000000000,1,924125000,0,-44,0.589048622548086,0,0,0.040060001373291,1.63,0,-5399.92822265625
100000000000000000000003,1,924125000,0,-46.5,3.04341788316511,0,0,0.040060001373291,1.63,0,-5399.92822265625
100000000000000000000004,1,924125000,0,-50,3.47293250377309,0,0,0.040060001373291,1.63,0,-5399.92822265625
100000000000000000000003,1,924125000,0,-46.5,3.04341788316511,0,0,0.040060001373291,1.63,0,-5399.92822265625
100000000000000000000002,1,924125000,0,-44.5,3.76745681504713,0,0,0.040060001373291,1.63,0,-5399.92822265625
100000000000000000000000,1,924125000,0,-44,0.595184545699629,0,0,0.040060001373291,1.63,0,-5399.92822265625
100000000000000000000001,1,924125000,0,-45.5,1.50943709527947,0,0,0.040060001373291,1.63,0,-5399.92822265625
100000000000000000000002,1,924125000,0,-44.5,3.77359273819868,0,0,0.040060001373291,1.63,0,-5399.92822265625
100000000000000000000004,1,924125000,0,-49.5,3.47293250377309,0,0,0.040060001373291,1.63,0,-5399.92822265625
100000000000000000000003,1,924125000,0,-46.5,3.04955380631665,0,0,0.040060001373291,1.63,0,-5399.92822265625
100000000000000000000001,1,924125000,0,-45,1.50330117212793,0,0,0.040060001373291,1.63,0,-5399.92822265625
100000000000000000000000,1,924125000,0,-44,0.589048622548086,0,0,0.040060001373291,1.63,0,-5399.92822265625
100000000000000000000002,1,924125000,0,-44.5,3.76745681504713,0,0,0.040060001373291,1.63,0,-5399.92822265625
100000000000000000000001,1,924125000,0,-45,1.50943709527947,0,0,0.040060001373291,1.63,0,-5399.92822265625
100000000000000000000000,1,924125000,0,-44,0.582912699396544,0,0,0.040060001373291,1.63,0,-5399.92822265625
100000000000000000000004,1,924125000,0,-49.5,3.47906842692463,0,0,0.040060001373291,1.63,0,-5399.92822265625
100000000000000000000003,1,924125000,0,-46.5,3.06182565261974,0,0,0.040060001373291,1.63,0,-5399.92822265625
100000000000000000000003,1,924125000,0,-46.5,3.04955380631665,0,0,0.040060001373291,1.63,0,-5399.92822265625
100000000000000000000000,1,924125000,0,-44,0.595184545699629,0,0,0.040060001373291,1.63,0,-5399.92822265625
100000000000000000000002,1,924125000,0,-44.5,3.75518496874405,0,0,0.040060001373291,1.63,0,-5399.92822265625
100000000000000000000004,1,924125000,0,-49.5,3.49747619637926,0,0,0.040060001373291,1.63,0,-5399.92822265625
100000000000000000000001,1,924125000,0,-45,1.50330117212793,0,0,0.040060001373291,1.63,0,-5399.92822265625
100000000000000000000004,1,924125000,0,-49.5,3.48520435007618,0,0,0.040060001373291,1.63,0,-5399.92822265625
100000000000000000000000,1,924125000,0,-43.5,0.595184545699629,0,0,0.040060001373291,1.63,0,-5399.92822265625
100000000000000000000002,1,924125000,0,-44.5,3.77972866135022,0,0,0.040060001373291,1.63,0,-5399.92822265625
100000000000000000000003,1,924125000,0,-46.5,3.04341788316511,0,0,0.040060001373291,1.63,0,-5399.92822265625
100000000000000000000001,1,924125000,0,-45,1.50943709527947,0,0,0.040060001373291,1.63,0,-5399.92822265625
100000000000000000000000,1,924125000,0,-43.5,0.607456392002714,0,0,0.040060001373291,1.63,0,-5399.92822265625
100000000000000000000001,1,924125000,0,-45,1.51557301843101,0,0,0.040060001373291,1.63,0,-5399.92822265625
100000000000000000000004,1,924125000,0,-49.5,3.47906842692463,0,0,0.040060001373291,1.63,0,-5399.92822265625
100000000000000000000002,1,924125000,0,-44.5,3.76745681504713,0,0,0.040060001373291,1.63,0,-5399.92822265625
100000000000000000000003,1,924125000,0,-46.5,3.0556897294682,0,0,0.040060001373291,1.63,0,-5399.92822265625
100000000000000000000000,1,924125000,0,-43.5,0.582912699396544,0,0,0.040060001373291,1.63,0,-5399.92822265625
100000000000000000000002,1,924125000,0,-44.5,3.76745681504713,0,0,0.040060001373291,1.63,0,-5399.92822265625
100000000000000000000001,1,924125000,0,-45,1.50330117212793,0,0,0.040060001373291,1.63,0,-5399.92822265625
100000000000000000000004,1,924125000,0,-49.5,3.47906842692463,0,0,0.040060001373291,1.63,0,-5399.92822265625
100000000000000000000003,1,924125000,0,-46.5,3.03728196001357,0,0,0.040060001373291,1.63,0,-5399.92822265625
100000000000000000000003,1,924125000,0,-46.5,3.04341788316511,0,0,0.040060001373291,1.63,0,-5399.92822265625
100000000000000000000001,1,924125000,0,-45,1.50943709527947,0,0,0.040060001373291,1.63,0,-5399.92822265625
100000000000000000000002,1,924125000,0,-44.5,3.73677719928942,0,0,0.040060001373291,1.63,0,-5399.92822265625
100000000000000000000000,1,924125000,0,-44,0.595184545699629,0,0,0.040060001373291,1.63,0,-5399.92822265625
100000000000000000000004,1,924125000,0,-49.5,3.42998104171229,0,0,0.040060001373291,1.63,0,-5399.92822265625
100000000000000000000004,1,924125000,0,-49.5,3.46679658062155,0,0,0.040060001373291,1.63,0,-5399.92822265625
100000000000000000000003,1,924125000,0,-46.5,3.03728196001357,0,0,0.040060001373291,1.63,0,-5399.92822265625
100000000000000000000001,1,924125000,0,-45,1.50943709527947,0,0,0.040060001373291,1.63,0,-5399.92822265625
100000000000000000000000,1,924125000,0,-43.5,0.576776776245001,0,0,0.040060001373291,1.63,0,-5399.92822265625
100000000000000000000002,1,924125000,0,-44.5,3.73064127613788,0,0,0.040060001373291,1.63,0,-5399.92822265625
100000000000000000000001,1,924125000,0,-45.5,1.49716524897639,0,0,0.040060001373291,1.63,0,-5399.92822265625
100000000000000000000000,1,924125000,0,-44,0.601320468851172,0,0,0.040060001373291,1.63,0,-5399.92822265625
100000000000000000000002,1,924125000,0,-44.5,3.78586458450176,0,0,0.040060001373291,1.63,0,-5399.92822265625
100000000000000000000004,1,924125000,0,-49.5,3.5036121195308,0,0,0.040060001373291,1.63,0,-5399.92822265625
100000000000000000000003,1,924125000,0,-46.5,3.04341788316511,0,0,0.040060001373291,1.63,0,-5399.92822265625
100000000000000000000002,1,924125000,0,-45,3.75518496874405,0,0,0.040060001373291,1.63,0,-5399.92822265625
100000000000000000000000,1,924125000,0,-43.5,0.589048622548086,0,0,0.040060001373291,1.63,0,-5399.92822265625
100000000000000000000001,1,924125000,0,-45,1.51557301843101,0,0,0.040060001373291,1.63,0,-5399.92822265625
100000000000000000000004,1,924125000,0,-50,3.47906842692463,0,0,0.040060001373291,1.63,0,-5399.92822265625
100000000000000000000003,1,924125000,0,-46.5,3.0556897294682,0,0,0.040060001373291,1.63,0,-5399.92822265625
100000000000000000000002,1,924125000,0,-44.5,3.74291312244096,0,0,0.040060001373291,1.63,0,-5399.92822265625
100000000000000000000003,1,924125000,0,-46.5,3.04955380631665,0,0,0.040060001373291,1.63,0,-5399.92822265625
100000000000000000000001,1,924125000,0,-45.5,1.4848934026733,0,0,0.040060001373291,1.63,0,-5399.92822265625
100000000000000000000000,1,924125000,0,-44,0.595184545699629,0,0,0.040060001373291,1.63,0,-5399.92822265625
100000000000000000000004,1,924125000,0,-50,3.49134027322772,0,0,0.040060001373291,1.63,0,-5399.92822265625
100000000000000000000003,1,924125000,0,-46.5,3.06182565261974,0,0,0.040060001373291,1.63,0,-5399.92822265625
100000000000000000000001,1,924125000,0,-45,1.50943709527947,0,0,0.040060001373291,1.63,0,-5399.92822265625
100000000000000000000004,1,924125000,0,-49.5,3.45452473431846,0,0,0.040060001373291,1.63,0,-5399.92822265625
100000000000000000000002,1,924125000,0,-44.5,3.76132089189559,0,0,0.040060001373291,1.63,0,-5399.92822265625
100000000000000000000000,1,924125000,0,-44,0.607456392002714,0,0,0.040060001373291,1.63,0,-5399.92822265625
100000000000000000000000,1,924125000,0,-44,0.613592315154256,0,0,0.040060001373291,1.63,0,-5399.92822265625
100000000000000000000004,1,924125000,0,-50,3.47906842692463,0,0,0.040060001373291,1.63,0,-5399.92822265625
100000000000000000000001,1,924125000,0,-45,1.49716524897639,0,0,0.040060001373291,1.63,0,-5399.92822265625
100000000000000000000003,1,924125000,0,-46.5,3.0556897294682,0,0,0.040060001373291,1.63,0,-5399.92822265625
100000000000000000000002,1,924125000,0,-45,3.74904904559251,0,0,0.040060001373291,1.63,0,-5399.92822265625
100000000000000000000003,1,924125000,0,-46.5,3.06182565261974,0,0,0.040060001373291,1.63,0,-5399.92822265625
100000000000000000000004,1,924125000,0,-49.5,3.47906842692463,0,0,0.040060001373291,1.63,0,-5399.92822265625
100000000000000000000001,1,924125000,0,-45.5,1.50943709527947,0,0,0.040060001373291,1.63,0,-5399.92822265625
100000000000000000000002,1,924125000,0,-44.5,3.73677719928942,0,0,0.040060001373291,1.63,0,-5399.92822265625
100000000000000000000000,1,924125000,0,-44,0.607456392002714,0,0,0.040060001373291,1.63,0,-5399.92822265625
100000000000000000000002,1,924125000,0,-44.5,3.77359273819868,0,0,0.040060001373291,1.63,0,-5399.92822265625
100000000000000000000001,1,924125000,0,-45,1.49716524897639,0,0,0.040060001373291,1.63,0,-5399.92822265625
100000000000000000000003,1,924125000,0,-46.5,3.06182565261974,0,0,0.040060001373291,1.63,0,-5399.92822265625
100000000000000000000000,1,924125000,0,-43.5,0.582912699396544,0,0,0.040060001373291,1.63,0,-5399.92822265625
100000000000000000000004,1,924125000,0,-50,3.48520435007618,0,0,0.040060001373291,1.63,0,-5399.92822265625
100000000000000000000001,1,924125000,0,-45,1.49716524897639,0,0,0.040060001373291,1.63,0,-5399.92822265625
100000000000000000000003,1,924125000,0,-46.5,3.04955380631665,0,0,0.040060001373291,1.63,0,-5399.92822265625
100000000000000000000000,1,924125000,0,-44,0.582912699396544,0,0,0.040060001373291,1.63,0,-5399.92822265625
100000000000000000000004,1,924125000,0,-49.5,3.46066065747001,0,0,0.040060001373291,1.63,0,-5399.92822265625
100000000000000000000002,1,924125000,0,-44.5,3.74904904559251,0,0,0.040060001373291,1.63,0,-5399.92822265625
100000000000000000000004,1,924125000,0,-49.5,3.47906842692463,0,0,0.040060001373291,1.63,0,-5399.92822265625
100000000000000000000000,1,924125000,0,-43.5,0.625864161457342,0,0,0.040060001373291,1.63,0,-5399.92822265625
100000000000000000000002,1,924125000,0,-45,3.77972866135022,0,0,0.040060001373291,1.63,0,-5399.92822265625
100000000000000000000001,1,924125000,0,-45,1.49716524897639,0,0,0.040060001373291,1.63,0,-5399.92822265625
100000000000000000000003,1,924125000,0,-46.5,3.06182565261974,0,0,0.040060001373291,1.63,0,-5399.92822265625
100000000000000000000003,1,924125000,0,-46.5,3.03114603686203,0,0,0.040060001373291,1.63,0,-5399.92822265625
100000000000000000000004,1,924125000,0,-49.5,3.44838881116692,0,0,0.040060001373291,1.63,0,-5399.92822265625
100000000000000000000002,1,924125000,0,-45,3.77359273819868,0,0,0.040060001373291,1.63,0,-5399.92822265625
100000000000000000000001,1,924125000,0,-45.5,1.49102932582484,0,0,0.040060001373291,1.63,0,-5399.92822265625
100000000000000000000000,1,924125000,0,-44,0.582912699396544,0,0,0.040060001373291,1.63,0,-5399.92822265625
100000000000000000000004,1,924125000,0,-49.5,3.43611696486384,0,0,0.040060001373291,1.63,0,-5399.92822265625
100000000000000000000000,1,924125000,0,-44,0.576776776245001,0,0,0.040060001373291,1.63,0,-5399.92822265625
100000000000000000000002,1,924125000,0,-44.5,3.76745681504713,0,0,0.040060001373291,1.63,0,-5399.92822265625
100000000000000000000001,1,924125000,0,-45,1.49716524897639,0,0,0.040060001373291,1.63,0,-5399.92822265625
100000000000000000000003,1,924125000,0,-46.5,3.04341788316511,0,0,0.040060001373291,1.63,0,-5399.92822265625
100000000000000000000003,1,924125000,0,-46.5,3.06182565261974,0,0,0.040060001373291,1.63,0,-5399.92822265625
100000000000000000000002,1,924125000,0,-45,3.77972866135022,0,0,0.040060001373291,1.63,0,-5399.92822265625
100000000000000000000000,1,924125000,0,-44,0.595184545699629,0,0,0.040060001373291,1.63,0,-5399.92822265625
100000000000000000000001,1,924125000,0,-45,1.49102932582484,0,0,0.040060001373291,1.63,0,-5399.92822265625
100000000000000000000004,1,924125000,0,-49.5,3.47906842692463,0,0,0.040060001373291,1.63,0,-5399.92822265625
100000000000000000000001,1,924125000,0,-45,1.49716524897639,0,0,0.040060001373291,1.63,0,-5399.92822265625
100000000000000000000004,1,924125000,0,-49.5,3.47906842692463,0,0,0.040060001373291,1.63,0,-5399.92822265625
100000000000000000000000,1,924125000,0,-44,0.576776776245001,0,0,0.040060001373291,1.63,0,-5399.92822265625
100000000000000000000002,1,924125000,0,-44.5,3.76132089189559,0,0,0.040060001373291,1.63,0,-5399.92822265625
100000000000000000000003,1,924125000,0,-46.5,3.04341788316511,0,0,0.040060001373291,1.63,0,-5399.92822265625
100000000000000000000003,1,924125000,0,-46.5,3.04955380631665,0,0,0.040060001373291,1.63,0,-5399.92822265625
100000000000000000000000,1,924125000,0,-44,0.607456392002714,0,0,0.040060001373291,1.63,0,-5399.92822265625
100000000000000000000004,1,924125000,0,-49.5,3.44838881116692,0,0,0.040060001373291,1.63,0,-5399.92822265625
100000000000000000000001,1,924125000,0,-45,1.50330117212793,0,0,0.040060001373291,1.63,0,-5399.92822265625
100000000000000000000002,1,924125000,0,-44.5,3.76745681504713,0,0,0.040060001373291,1.63,0,-5399.92822265625
100000000000000000000003,1,924125000,0,-46.5,3.0556897294682,0,0,0.040060001373291,1.63,0,-5399.92822265625
100000000000000000000002,1,924125000,0,-44.5,3.76745681504713,0,0,0.040060001373291,1.63,0,-5399.92822265625
100000000000000000000004,1,924125000,0,-50,3.44225288801538,0,0,0.040060001373291,1.63,0,-5399.92822265625
100000000000000000000000,1,924125000,0,-44,0.582912699396544,0,0,0.040060001373291,1.63,0,-5399.92822265625
100000000000000000000001,1,924125000,0,-45,1.50330117212793,0,0,0.040060001373291,1.63,0,-5399.92822265625
100000000000000000000001,1,924125000,0,-45,1.51557301843101,0,0,0.040060001373291,1.63,0,-5399.92822265625
100000000000000000000002,1,924125000,0,-45,3.76132089189559,0,0,0.040060001373291,1.63,0,-5399.92822265625
100000000000000000000003,1,924125000,0,-46.5,3.04955380631665,0,0,0.040060001373291,1.63,0,-5399.92822265625
100000000000000000000004,1,924125000,0,-50,3.47906842692463,0,0,0.040060001373291,1.63,0,-5399.92822265625
100000000000000000000000,1,924125000,0,-44,0.607456392002714,0,0,0.040060001373291,1.63,0,-5399.92822265625
100000000000000000000004,1,924125000,0,-49.5,3.47293250377309,0,0,0.040060001373291,1.63,0,-5399.92822265625
100000000000000000000002,1,924125000,0,-44.5,3.75518496874405,0,0,0.040060001373291,1.63,0,-5399.92822265625
100000000000000000000001,1,924125000,0,-45,1.4848934026733,0,0,0.040060001373291,1.63,0,-5399.92822265625
100000000000000000000000,1,924125000,0,-44,0.576776776245001,0,0,0.040060001373291,1.63,0,-5399.92822265625
100000000000000000000003,1,924125000,0,-46.5,3.03114603686203,0,0,0.040060001373291,1.63,0,-5399.92822265625
100000000000000000000004,1,924125000,0,-50,3.49747619637926,0,0,0.040060001373291,1.63,0,-5399.92822265625
100000000000000000000002,1,924125000,0,-44.5,3.77359273819868,0,0,0.040060001373291,1.63,0,-5399.92822265625
100000000000000000000003,1,924125000,0,-46.5,3.04341788316511,0,0,0.040060001373291,1.63,0,-5399.92822265625
100000000000000000000000,1,924125000,0,-43.5,0.570640853093458,0,0,0.040060001373291,1.63,0,-5399.92822265625
100000000000000000000001,1,924125000,0,-45,1.50330117212793,0,0,0.040060001373291,1.63,0,-5399.92822265625
100000000000000000000004,1,924125000,0,-49.5,3.47906842692463,0,0,0.040060001373291,1.63,0,-5399.92822265625
100000000000000000000001,1,924125000,0,-45,1.49716524897639,0,0,0.040060001373291,1.63,0,-5399.92822265625
100000000000000000000002,1,924125000,0,-44.5,3.77359273819868,0,0,0.040060001373291,1.63,0,-5399.92822265625
100000000000000000000003,1,924125000,0,-46.5,3.03728196001357,0,0,0.040060001373291,1.63,0,-5399.92822265625
100000000000000000000000,1,924125000,0,-44,0.589048622548086,0,0,0.040060001373291,1.63,0,-5399.92822265625
100000000000000000000001,1,924125000,0,-45,1.49716524897639,0,0,0.040060001373291,1.63,0,-5399.92822265625
100000000000000000000004,1,924125000,0,-50,3.48520435007618,0,0,0.040060001373291,1.63,0,-5399.92822265625
100000000000000000000000,1,924125000,0,-44,0.589048622548086,0,0,0.040060001373291,1.63,0,-5399.92822265625
100000000000000000000003,1,924125000,0,-46.5,3.03114603686203,0,0,0.040060001373291,1.63,0,-5399.92822265625
100000000000000000000002,1,924125000,0,-44.5,3.73677719928942,0,0,0.040060001373291,1.63,0,-5399.92822265625
100000000000000000000001,1,924125000,0,-45,1.49716524897639,0,0,0.040060001373291,1.63,0,-5399.92822265625
100000000000000000000000,1,924125000,0,-44,0.595184545699629,0,0,0.040060001373291,1.63,0,-5399.92822265625
100000000000000000000003,1,924125000,0,-46.5,3.02501011371048,0,0,0.040060001373291,1.63,0,-5399.92822265625
100000000000000000000002,1,924125000,0,-44.5,3.73677719928942,0,0,0.040060001373291,1.63,0,-5399.92822265625
100000000000000000000004,1,924125000,0,-49.5,3.47906842692463,0,0,0.040060001373291,1.63,0,-5399.92822265625
100000000000000000000003,1,924125000,0,-46.5,3.04341788316511,0,0,0.040060001373291,1.63,0,-5399.92822265625
100000000000000000000001,1,924125000,0,-45,1.49102932582484,0,0,0.040060001373291,1.63,0,-5399.92822265625
100000000000000000000002,1,924125000,0,-44.5,3.78586458450176,0,0,0.040060001373291,1.63,0,-5399.92822265625
100000000000000000000000,1,924125000,0,-44,0.570640853093458,0,0,0.040060001373291,1.63,0,-5399.92822265625
100000000000000000000004,1,924125000,0,-49.5,3.46679658062155,0,0,0.040060001373291,1.63,0,-5399.92822265625
100000000000000000000002,1,924125000,0,-44.5,3.74904904559251,0,0,0.040060001373291,1.63,0,-5399.92822265625
100000000000000000000001,1,924125000,0,-45,1.49102932582484,0,0,0.040060001373291,1.63,0,-5399.92822265625
100000000000000000000003,1,924125000,0,-46.5,3.03728196001357,0,0,0.040060001373291,1.63,0,-5399.92822265625
100000000000000000000000,1,924125000,0,-44,0.576776776245001,0,0,0.040060001373291,1.63,0,-5399.92822265625
100000000000000000000004,1,924125000,0,-50,3.49134027322772,0,0,0.040060001373291,1.63,0,-5399.92822265625
100000000000000000000001,1,924125000,0,-45,1.49716524897639,0,0,0.040060001373291,1.63,0,-5399.92822265625
100000000000000000000003,1,924125000,0,-46.5,3.06182565261974,0,0,0.040060001373291,1.63,0,-5399.92822265625
100000000000000000000002,1,924125000,0,-44.5,3.77359273819868,0,0,0.040060001373291,1.63,0,-5399.92822265625
100000000000000000000000,1,924125000,0,-44,0.595184545699629,0,0,0.040060001373291,1.63,0,-5399.92822265625
100000000000000000000004,1,924125000,0,-49.5,3.45452473431846,0,0,0.040060001373291,1.63,0,-5399.92822265625
100000000000000000000000,1,924125000,0,-43.5,0.601320468851172,0,0,0.040060001373291,1.63,0,-5399.92822265625
100000000000000000000002,1,924125000,0,-44.5,3.75518496874405,0,0,0.040060001373291,1.63,0,-5399.92822265625
100000000000000000000004,1,924125000,0,-49.5,3.48520435007618,0,0,0.040060001373291,1.63,0,-5399.92822265625
100000000000000000000001,1,924125000,0,-45.5,1.50943709527947,0,0,0.040060001373291,1.63,0,-5399.92822265625
100000000000000000000003,1,924125000,0,-46.5,3.06796157577128,0,0,0.040060001373291,1.63,0,-5399.92822265625
100000000000000000000001,1,924125000,0,-45.5,1.51557301843101,0,0,0.040060001373291,1.63,0,-5399.92822265625
100000000000000000000002,1,924125000,0,-44.5,3.78586458450176,0,0,0.040060001373291,1.63,0,-5399.92822265625
100000000000000000000000,1,924125000,0,-44,0.582912699396544,0,0,0.040060001373291,1.63,0,-5399.92822265625
100000000000000000000003,1,924125000,0,-46.5,3.0556897294682,0,0,0.040060001373291,1.63,0,-5399.92822265625
100000000000000000000004,1,924125000,0,-50,3.46679658062155,0,0,0.040060001373291,1.63,0,-5399.92822265625
100000000000000000000004,1,924125000,0,-49.5,3.49134027322772,0,0,0.040060001373291,1.63,0,-5399.92822265625
100000000000000000000001,1,924125000,0,-45,1.49716524897639,0,0,0.040060001373291,1.63,0,-5399.92822265625
100000000000000000000003,1,924125000,0,-46.5,3.03728196001357,0,0,0.040060001373291,1.63,0,-5399.92822265625
100000000000000000000002,1,924125000,0,-45,3.78586458450176,0,0,0.040060001373291,1.63,0,-5399.92822265625
100000000000000000000000,1,924125000,0,-43.5,0.589048622548086,0,0,0.040060001373291,1.63,0,-5399.92822265625
100000000000000000000004,1,924125000,0,-49.5,3.49134027322772,0,0,0.040060001373291,1.63,0,-5399.92822265625
100000000000000000000000,1,924125000,0,-44,0.582912699396544,0,0,0.040060001373291,1.63,0,-5399.92822265625
100000000000000000000001,1,924125000,0,-45,1.51557301843101,0,0,0.040060001373291,1.63,0,-5399.92822265625
100000000000000000000003,1,924125000,0,-46.5,3.02501011371048,0,0,0.040060001373291,1.63,0,-5399.92822265625
100000000000000000000002,1,924125000,0,-45,3.76745681504713,0,0,0.040060001373291,1.63,0,-5399.92822265625
100000000000000000000001,1,924125000,0,-45,1.50943709527947,0,0,0.040060001373291,1.63,0,-5399.92822265625
100000000000000000000003,1,924125000,0,-46.5,3.04341788316511,0,0,0.040060001373291,1.63,0,-5399.92822265625
100000000000000000000002,1,924125000,0,-44.5,3.76745681504713,0,0,0.040060001373291,1.63,0,-5399.92822265625
100000000000000000000000,1,924125000,0,-44,0.589048622548086,0,0,0.040060001373291,1.63,0,-5399.92822265625
100000000000000000000004,1,924125000,0,-49.5,3.44225288801538,0,0,0.040060001373291,1.63,0,-5399.92822265625
100000000000000000000003,1,924125000,0,-46.5,3.04341788316511,0,0,0.040060001373291,1.63,0,-5399.92822265625
100000000000000000000001,1,924125000,0,-45,1.50943709527947,0,0,0.040060001373291,1.63,0,-5399.92822265625
100000000000000000000004,1,924125000,0,-49.5,3.49134027322772,0,0,0.040060001373291,1.63,0,-5399.92822265625
100000000000000000000000,1,924125000,0,-44,0.570640853093458,0,0,0.040060001373291,1.63,0,-5399.92822265625
100000000000000000000002,1,924125000,0,-44.5,3.74291312244096,0,0,0.040060001373291,1.63,0,-5399.92822265625
100000000000000000000004,1,924125000,0,-49.5,3.42384511856075,0,0,0.040060001373291,1.63,0,-5399.92822265625
100000000000000000000002,1,924125000,0,-45,3.77972866135022,0,0,0.040060001373291,1.63,0,-5399.92822265625
100000000000000000000003,1,924125000,0,-46.5,3.03114603686203,0,0,0.040060001373291,1.63,0,-5399.92822265625
100000000000000000000000,1,924125000,0,-44,0.595184545699629,0,0,0.040060001373291,1.63,0,-5399.92822265625
100000000000000000000001,1,924125000,0,-45,1.50943709527947,0,0,0.040060001373291,1.63,0,-5399.92822265625
100000000000000000000003,1,924125000,0,-46.5,3.0556897294682,0,0,0.040060001373291,1.63,0,-5399.92822265625
100000000000000000000004,1,924125000,0,-49.5,3.47906842692463,0,0,0.040060001373291,1.63,0,-5399.92822265625
100000000000000000000002,1,924125000,0,-44.5,3.74904904559251,0,0,0.040060001373291,1.63,0,-5399.92822265625
100000000000000000000001,1,924125000,0,-45,1.49102932582484,0,0,0.040060001373291,1.63,0,-5399.92822265625
100000000000000000000000,1,924125000,0,-44,0.613592315154256,0,0,0.040060001373291,1.63,0,-5399.92822265625
100000000000000000000003,1,924125000,0,-46.5,3.04341788316511,0,0,0.040060001373291,1.63,0,-5399.92822265625
100000000000000000000000,1,924125000,0,-44,0.601320468851172,0,0,0.040060001373291,1.63,0,-5399.92822265625
100000000000000000000002,1,924125000,0,-44.5,3.75518496874405,0,0,0.040060001373291,1.63,0,-5399.92822265625
100000000000000000000004,1,924125000,0,-49.5,3.48520435007618,0,0,0.040060001373291,1.63,0,-5399.92822265625
100000000000000000000001,1,924125000,0,-45,1.50330117212793,0,0,0.040060001373291,1.63,0,-5399.92822265625
100000000000000000000002,1,924125000,0,-44.5,3.74291312244096,0,0,0.040060001373291,1.63,0,-5399.92822265625
100000000000000000000004,1,924125000,0,-49.5,3.46679658062155,0,0,0.040060001373291,1.63,0,-5399.92822265625
100000000000000000000000,1,924125000,0,-44,0.613592315154256,0,0,0.040060001373291,1.63,0,-5399.92822265625
100000000000000000000001,1,924125000,0,-45.5,1.52170894158256,0,0,0.040060001373291,1.63,0,-5399.92822265625
100000000000000000000003,1,924125000,0,-46.5,3.07409749892282,0,0,0.040060001373291,1.63,0,-5399.92822265625
100000000000000000000000,1,924125000,0,-43.5,0.595184545699629,0,0,0.040060001373291,1.63,0,-5399.92822265625
100000000000000000000003,1,924125000,0,-46.5,3.03114603686203,0,0,0.040060001373291,1.63,0,-5399.92822265625
100000000000000000000002,1,924125000,0,-44.5,3.76745681504713,0,0,0.040060001373291,1.63,0,-5399.92822265625
100000000000000000000001,1,924125000,0,-45,1.50330117212793,0,0,0.040060001373291,1.63,0,-5399.92822265625
100000000000000000000004,1,924125000,0,-50,3.46066065747001,0,0,0.040060001373291,1.63,0,-5399.92822265625
100000000000000000000004,1,924125000,0,-49.5,3.42384511856075,0,0,0.040060001373291,1.63,0,-5399.92822265625
100000000000000000000002,1,924125000,0,-44.5,3.76132089189559,0,0,0.040060001373291,1.63,0,-5399.92822265625
100000000000000000000000,1,924125000,0,-43.5,0.564504929941916,0,0,0.040060001373291,1.63,0,-5399.92822265625
100000000000000000000001,1,924125000,0,-45.5,1.49102932582484,0,0,0.040060001373291,1.63,0,-5399.92822265625
100000000000000000000003,1,924125000,0,-46.5,3.04341788316511,0,0,0.040060001373291,1.63,0,-5399.92822265625
100000000000000000000001,1,924125000,0,-45,1.50943709527947,0,0,0.040060001373291,1.63,0,-5399.92822265625
100000000000000000000002,1,924125000,0,-44.5,3.74291312244096,0,0,0.040060001373291,1.63,0,-5399.92822265625
100000000000000000000004,1,924125000,0,-49.5,3.44838881116692,0,0,0.040060001373291,1.63,0,-5399.92822265625
100000000000000000000000,1,924125000,0,-43.5,0.589048622548086,0,0,0.040060001373291,1.63,0,-5399.92822265625
100000000000000000000003,1,924125000,0,-46.5,3.04955380631665,0,0,0.040060001373291,1.63,0,-5399.92822265625
100000000000000000000000,1,924125000,0,-43.5,0.582912699396544,0,0,0.040060001373291,1.63,0,-5399.92822265625
100000000000000000000001,1,924125000,0,-45,1.49716524897639,0,0,0.040060001373291,1.63,0,-5399.92822265625
100000000000000000000002,1,924125000,0,-44.5,3.77359273819868,0,0,0.040060001373291,1.63,0,-5399.92822265625
100000000000000000000003,1,924125000,0,-46.5,3.06796157577128,0,0,0.040060001373291,1.63,0,-5399.92822265625
100000000000000000000004,1,924125000,0,-49.5,3.47293250377309,0,0,0.040060001373291,1.63,0,-5399.92822265625
100000000000000000000001,1,924125000,0,-45,1.49716524897639,0,0,0.040060001373291,1.63,0,-5399.92822265625
100000000000000000000002,1,924125000,0,-44.5,3.76745681504713,0,0,0.040060001373291,1.63,0,-5399.92822265625
100000000000000000000003,1,924125000,0,-46.5,3.04341788316511,0,0,0.040060001373291,1.63,0,-5399.92822265625
100000000000000000000004,1,924125000,0,-49.5,3.45452473431846,0,0,0.040060001373291,1.63,0,-5399.92822265625
100000000000000000000000,1,924125000,0,-44,0.601320468851172,0,0,0.040060001373291,1.63,0,-5399.92822265625
100000000000000000000002,1,924125000,0,-44.5,3.77359273819868,0,0,0.040060001373291,1.63,0,-5399.92822265625
100000000000000000000001,1,924125000,0,-45.5,1.51557301843101,0,0,0.040060001373291,1.63,0,-5399.92822265625
100000000000000000000003,1,924125000,0,-46.5,3.06182565261974,0,0,0.040060001373291,1.63,0,-5399.92822265625
100000000000000000000000,1,924125000,0,-44,0.589048622548086,0,0,0.040060001373291,1.63,0,-5399.92822265625
100000000000000000000004,1,924125000,0,-50,3.45452473431846,0,0,0.040060001373291,1.63,0,-5399.92822265625
100000000000000000000003,1,924125000,0,-46.5,3.04341788316511,0,0,0.040060001373291,1.63,0,-5399.92822265625
100000000000000000000002,1,924125000,0,-44.5,3.72450535298634,0,0,0.040060001373291,1.63,0,-5399.92822265625
100000000000000000000000,1,924125000,0,-43.5,0.595184545699629,0,0,0.040060001373291,1.63,0,-5399.92822265625
100000000000000000000004,1,924125000,0,-49.5,3.47293250377309,0,0,0.040060001373291,1.63,0,-5399.92822265625
100000000000000000000001,1,924125000,0,-45,1.49716524897639,0,0,0.040060001373291,1.63,0,-5399.92822265625
100000000000000000000002,1,924125000,0,-44.5,3.74291312244096,0,0,0.040060001373291,1.63,0,-5399.92822265625
100000000000000000000003,1,924125000,0,-46.5,3.04341788316511,0,0,0.040060001373291,1.63,0,-5399.92822265625
100000000000000000000000,1,924125000,0,-44,0.576776776245001,0,0,0.040060001373291,1.63,0,-5399.92822265625
100000000000000000000001,1,924125000,0,-45.5,1.49716524897639,0,0,0.040060001373291,1.63,0,-5399.92822265625
100000000000000000000004,1,924125000,0,-49.5,3.45452473431846,0,0,0.040060001373291,1.63,0,-5399.92822265625
100000000000000000000001,1,924125000,0,-45,1.50943709527947,0,0,0.040060001373291,1.63,0,-5399.92822265625
100000000000000000000004,1,924125000,0,-49.5,3.47293250377309,0,0,0.040060001373291,1.63,0,-5399.92822265625
100000000000000000000003,1,924125000,0,-46,3.07409749892282,0,0,0.040060001373291,1.63,0,-5399.92822265625
100000000000000000000002,1,924125000,0,-44.5,3.73677719928942,0,0,0.040060001373291,1.63,0,-5399.92822265625
100000000000000000000000,1,924125000,0,-44,0.576776776245001,0,0,0.040060001373291,1.63,0,-5399.92822265625
100000000000000000000000,1,924125000,0,-44,0.589048622548086,0,0,0.040060001373291,1.63,0,-5399.92822265625
100000000000000000000002,1,924125000,0,-44.5,3.76132089189559,0,0,0.040060001373291,1.63,0,-5399.92822265625
100000000000000000000003,1,924125000,0,-46.5,3.0556897294682,0,0,0.040060001373291,1.63,0,-5399.92822265625
100000000000000000000001,1,924125000,0,-45,1.49716524897639,0,0,0.040060001373291,1.63,0,-5399.92822265625
100000000000000000000004,1,924125000,0,-49.5,3.46679658062155,0,0,0.040060001373291,1.63,0,-5399.92822265625
100000000000000000000003,1,924125000,0,-46.5,3.06182565261974,0,0,0.040060001373291,1.63,0,-5399.92822265625
100000000000000000000004,1,924125000,0,-49.5,3.44225288801538,0,0,0.040060001373291,1.63,0,-5399.92822265625
100000000000000000000002,1,924125000,0,-44.5,3.76745681504713,0,0,0.040060001373291,1.63,0,-5399.92822265625
100000000000000000000001,1,924125000,0,-45,1.49716524897639,0,0,0.040060001373291,1.63,0,-5399.92822265625
100000000000000000000000,1,924125000,0,-44,0.589048622548086,0,0,0.040060001373291,1.63,0,-5399.92822265625
100000000000000000000001,1,924125000,0,-45,1.49102932582484,0,0,0.040060001373291,1.63,0,-5399.92822265625
100000000000000000000004,1,924125000,0,-49.5,3.47906842692463,0,0,0.040060001373291,1.63,0,-5399.92822265625
100000000000000000000003,1,924125000,0,-46.5,3.0556897294682,0,0,0.040060001373291,1.63,0,-5399.92822265625
100000000000000000000000,1,924125000,0,-44,0.576776776245001,0,0,0.040060001373291,1.63,0,-5399.92822265625
100000000000000000000002,1,924125000,0,-44.5,3.75518496874405,0,0,0.040060001373291,1.63,0,-5399.92822265625
100000000000000000000000,1,924125000,0,-44,0.582912699396544,0,0,0.040060001373291,1.63,0,-5399.92822265625
100000000000000000000002,1,924125000,0,-44.5,3.77359273819868,0,0,0.040060001373291,1.63,0,-5399.92822265625
100000000000000000000004,1,924125000,0,-49.5,3.45452473431846,0,0,0.040060001373291,1.63,0,-5399.92822265625
100000000000000000000003,1,924125000,0,-46.5,3.04341788316511,0,0,0.040060001373291,1.63,0,-5399.92822265625
100000000000000000000001,1,924125000,0,-45.5,1.51557301843101,0,0,0.040060001373291,1.63,0,-5399.92822265625
100000000000000000000000,1,924125000,0,-43.5,0.601320468851172,0,0,0.040060001373291,1.63,0,-5399.92822265625
100000000000000000000004,1,924125000,0,-49.5,3.49747619637926,0,0,0.040060001373291,1.63,0,-5399.92822265625
100000000000000000000003,1,924125000,0,-46.5,3.06796157577128,0,0,0.040060001373291,1.63,0,-5399.92822265625
100000000000000000000002,1,924125000,0,-44.5,3.75518496874405,0,0,0.040060001373291,1.63,0,-5399.92822265625
100000000000000000000001,1,924125000,0,-45,1.50943709527947,0,0,0.040060001373291,1.63,0,-5399.92822265625
100000000000000000000003,1,924125000,0,-46.5,3.04955380631665,0,0,0.040060001373291,1.63,0,-5399.92822265625
100000000000000000000001,1,924125000,0,-45,1.50330117212793,0,0,0.040060001373291,1.63,0,-5399.92822265625
100000000000000000000000,1,924125000,0,-44,0.589048622548086,0,0,0.040060001373291,1.63,0,-5399.92822265625
100000000000000000000002,1,924125000,0,-44.5,3.77972866135022,0,0,0.040060001373291,1.63,0,-5399.92822265625
100000000000000000000004,1,924125000,0,-49.5,3.47293250377309,0,0,0.040060001373291,1.63,0,-5399.92822265625
100000000000000000000004,1,924125000,0,-50,3.46679658062155,0,0,0.040060001373291,1.63,0,-5399.92822265625
100000000000000000000000,1,924125000,0,-44,0.576776776245001,0,0,0.040060001373291,1.63,0,-5399.92822265625
100000000000000000000002,1,924125000,0,-44.5,3.74291312244096,0,0,0.040060001373291,1.63,0,-5399.92822265625
100000000000000000000003,1,924125000,0,-46,3.04955380631665,0,0,0.040060001373291,1.63,0,-5399.92822265625
100000000000000000000001,1,924125000,0,-45,1.49102932582484,0,0,0.040060001373291,1.63,0,-5399.92822265625
100000000000000000000000,1,924125000,0,-44,0.582912699396544,0,0,0.040060001373291,1.63,0,-5399.92822265625
100000000000000000000004,1,924125000,0,-50,3.42998104171229,0,0,0.040060001373291,1.63,0,-5399.92822265625
100000000000000000000002,1,924125000,0,-44.5,3.74291312244096,0,0,0.040060001373291,1.63,0,-5399.92822265625
100000000000000000000003,1,924125000,0,-46.5,3.0556897294682,0,0,0.040060001373291,1.63,0,-5399.92822265625
100000000000000000000001,1,924125000,0,-45.5,1.50330117212793,0,0,0.040060001373291,1.63,0,-5399.92822265625
100000000000000000000001,1,924125000,0,-45.5,1.50330117212793,0,0,0.040060001373291,1.63,0,-5399.92822265625
100000000000000000000003,1,924125000,0,-46.5,3.02501011371048,0,0,0.040060001373291,1.63,0,-5399.92822265625
100000000000000000000004,1,924125000,0,-49.5,3.47906842692463,0,0,0.040060001373291,1.63,0,-5399.92822265625
100000000000000000000002,1,924125000,0,-44.5,3.74904904559251,0,0,0.040060001373291,1.63,0,-5399.92822265625
100000000000000000000000,1,924125000,0,-44,0.570640853093458,0,0,0.040060001373291,1.63,0,-5399.92822265625
100000000000000000000003,1,924125000,0,-46.5,3.0556897294682,0,0,0.040060001373291,1.63,0,-5399.92822265625
100000000000000000000002,1,924125000,0,-44.5,3.74291312244096,0,0,0.040060001373291,1.63,0,-5399.92822265625
100000000000000000000001,1,924125000,0,-45,1.49716524897639,0,0,0.040060001373291,1.63,0,-5399.92822265625
100000000000000000000000,1,924125000,0,-44,0.607456392002714,0,0,0.040060001373291,1.63,0,-5399.92822265625
100000000000000000000004,1,924125000,0,-49.5,3.45452473431846,0,0,0.040060001373291,1.63,0,-5399.92822265625
100000000000000000000000,1,924125000,0,-43.5,0.589048622548086,0,0,0.040060001373291,1.63,0,-5399.92822265625
100000000000000000000004,1,924125000,0,-50,3.46066065747001,0,0,0.040060001373291,1.63,0,-5399.92822265625
100000000000000000000003,1,924125000,0,-46.5,3.03114603686203,0,0,0.040060001373291,1.63,0,-5399.92822265625
100000000000000000000001,1,924125000,0,-45.5,1.49102932582484,0,0,0.040060001373291,1.63,0,-5399.92822265625
100000000000000000000002,1,924125000,0,-44.5,3.76132089189559,0,0,0.040060001373291,1.63,0,-5399.92822265625
100000000000000000000002,1,924125000,0,-44.5,3.76745681504713,0,0,0.040060001373291,1.63,0,-5399.92822265625
100000000000000000000003,1,924125000,0,-46.5,3.04955380631665,0,0,0.040060001373291,1.63,0,-5399.92822265625
100000000000000000000000,1,924125000,0,-44,0.589048622548086,0,0,0.040060001373291,1.63,0,-5399.92822265625
100000000000000000000004,1,924125000,0,-49.5,3.46066065747001,0,0,0.040060001373291,1.63,0,-5399.92822265625
100000000000000000000001,1,924125000,0,-45.5,1.50330117212793,0,0,0.040060001373291,1.63,0,-5399.92822265625
100000000000000000000002,1,924125000,0,-45,3.77359273819868,0,0,0.040060001373291,1.63,0,-5399.92822265625
100000000000000000000004,1,924125000,0,-49.5,3.45452473431846,0,0,0.040060001373291,1.63,0,-5399.92822265625
100000000000000000000003,1,924125000,0,-46.5,3.04955380631665,0,0,0.040060001373291,1.63,0,-5399.92822265625
100000000000000000000001,1,924125000,0,-45,1.50943709527947,0,0,0.040060001373291,1.63,0,-5399.92822265625
100000000000000000000000,1,924125000,0,-44,0.601320468851172,0,0,0.040060001373291,1.63,0,-5399.92822265625
100000000000000000000004,1,924125000,0,-50,3.47293250377309,0,0,0.040060001373291,1.63,0,-5399.92822265625
100000000000000000000000,1,924125000,0,-44,0.601320468851172,0,0,0.040060001373291,1.63,0,-5399.92822265625
100000000000000000000001,1,924125000,0,-45,1.4848934026733,0,0,0.040060001373291,1.63,0,-5399.92822265625
100000000000000000000003,1,924125000,0,-46.5,3.03728196001357,0,0,0.040060001373291,1.63,0,-5399.92822265625
100000000000000000000002,1,924125000,0,-44.5,3.75518496874405,0,0,0.040060001373291,1.63,0,-5399.92822265625
100000000000000000000003,1,924125000,0,-46.5,3.04341788316511,0,0,0.040060001373291,1.63,0,-5399.92822265625
100000000000000000000000,1,924125000,0,-44,0.601320468851172,0,0,0.040060001373291,1.63,0,-5399.92822265625
100000000000000000000002,1,924125000,0,-44.5,3.78586458450176,0,0,0.040060001373291,1.63,0,-5399.92822265625
100000000000000000000001,1,924125000,0,-45.5,1.50943709527947,0,0,0.040060001373291,1.63,0,-5399.92822265625
100000000000000000000004,1,924125000,0,-49.5,3.42998104171229,0,0,0.040060001373291,1.63,0,-5399.92822265625
100000000000000000000003,1,924125000,0,-46.5,3.01887419055894,0,0,0.040060001373291,1.63,0,-5399.92822265625
100000000000000000000004,1,924125000,0,-49.5,3.49134027322772,0,0,0.040060001373291,1.63,0,-5399.92822265625
100000000000000000000000,1,924125000,0,-44,0.607456392002714,0,0,0.040060001373291,1.63,0,-5399.92822265625
100000000000000000000001,1,924125000,0,-45.5,1.49716524897639,0,0,0.040060001373291,1.63,0,-5399.92822265625
100000000000000000000002,1,924125000,0,-44.5,3.77359273819868,0,0,0.040060001373291,1.63,0,-5399.92822265625
100000000000000000000000,1,924125000,0,-43.5,0.589048622548086,0,0,0.040060001373291,1.63,0,-5399.92822265625
100000000000000000000002,1,924125000,0,-44.5,3.75518496874405,0,0,0.040060001373291,1.63,0,-5399.92822265625
100000000000000000000001,1,924125000,0,-45,1.49102932582484,0,0,0.040060001373291,1.63,0,-5399.92822265625
100000000000000000000003,1,924125000,0,-46.5,3.06796157577128,0,0,0.040060001373291,1.63,0,-5399.92822265625
100000000000000000000004,1,924125000,0,-49.5,3.47293250377309,0,0,0.040060001373291,1.63,0,-5399.92822265625
100000000000000000000000,1,924125000,0,-43.5,0.570640853093458,0,0,0.040060001373291,1.63,0,-5399.92822265625
100000000000000000000002,1,924125000,0,-44.5,3.73677719928942,0,0,0.040060001373291,1.63,0,-5399.92822265625
100000000000000000000004,1,924125000,0,-49.5,3.48520435007618,0,0,0.040060001373291,1.63,0,-5399.92822265625
100000000000000000000003,1,924125000,0,-46.5,3.06182565261974,0,0,0.040060001373291,1.63,0,-5399.92822265625
100000000000000000000001,1,924125000,0,-45,1.50330117212793,0,0,0.040060001373291,1.63,0,-5399.92822265625
100000000000000000000003,1,924125000,0,-46.5,3.04955380631665,0,0,0.040060001373291,1.63,0,-5399.92822265625
100000000000000000000002,1,924125000,0,-44.5,3.76132089189559,0,0,0.040060001373291,1.63,0,-5399.92822265625
100000000000000000000000,1,924125000,0,-43.5,0.582912699396544,0,0,0.040060001373291,1.63,0,-5399.92822265625
100000000000000000000004,1,924125000,0,-50,3.44838881116692,0,0,0.040060001373291,1.63,0,-5399.92822265625
100000000000000000000001,1,924125000,0,-45,1.50943709527947,0,0,0.040060001373291,1.63,0,-5399.92822265625
100000000000000000000002,1,924125000,0,-44.5,3.71836942983479,0,0,0.040060001373291,1.63,0,-5399.92822265625
100000000000000000000003,1,924125000,0,-46.5,3.06796157577128,0,0,0.040060001373291,1.63,0,-5399.92822265625
100000000000000000000001,1,924125000,0,-45,1.50330117212793,0,0,0.040060001373291,1.63,0,-5399.92822265625
100000000000000000000000,1,924125000,0,-44,0.564504929941916,0,0,0.040060001373291,1.63,0,-5399.92822265625
100000000000000000000004,1,924125000,0,-49.5,3.47293250377309,0,0,0.040060001373291,1.63,0,-5399.92822265625
100000000000000000000003,1,924125000,0,-46.5,3.06182565261974,0,0,0.040060001373291,1.63,0,-5399.92822265625
100000000000000000000001,1,924125000,0,-45.5,1.51557301843101,0,0,0.040060001373291,1.63,0,-5399.92822265625
100000000000000000000000,1,924125000,0,-43.5,0.589048622548086,0,0,0.040060001373291,1.63,0,-5399.92822265625
100000000000000000000004,1,924125000,0,-49.5,3.44838881116692,0,0,0.040060001373291,1.63,0,-5399.92822265625
100000000000000000000002,1,924125000,0,-44.5,3.74291312244096,0,0,0.040060001373291,1.63,0,-5399.92822265625
100000000000000000000002,1,924125000,0,-44.5,3.74291312244096,0,0,0.040060001373291,1.63,0,-5399.92822265625
100000000000000000000001,1,924125000,0,-45,1.50943709527947,0,0,0.040060001373291,1.63,0,-5399.92822265625
100000000000000000000004,1,924125000,0,-50,3.47906842692463,0,0,0.040060001373291,1.63,0,-5399.92822265625
100000000000000000000000,1,924125000,0,-44,0.582912699396544,0,0,0.040060001373291,1.63,0,-5399.92822265625
100000000000000000000003,1,924125000,0,-46.5,3.03114603686203,0,0,0.040060001373291,1.63,0,-5399.92822265625
100000000000000000000004,1,924125000,0,-49.5,3.47906842692463,0,0,0.040060001373291,1.63,0,-5399.92822265625
100000000000000000000000,1,924125000,0,-44,0.595184545699629,0,0,0.040060001373291,1.63,0,-5399.92822265625
100000000000000000000002,1,924125000,0,-44.5,3.76745681504713,0,0,0.040060001373291,1.63,0,-5399.92822265625
100000000000000000000001,1,924125000,0,-45,1.50330117212793,0,0,0.040060001373291,1.63,0,-5399.92822265625
100000000000000000000003,1,924125000,0,-46.5,3.0556897294682,0,0,0.040060001373291,1.63,0,-5399.92822265625
100000000000000000000002,1,924125000,0,-44.5,3.73677719928942,0,0,0.040060001373291,1.63,0,-5399.92822265625
100000000000000000000000,1,924125000,0,-43.5,0.570640853093458,0,0,0.040060001373291,1.63,0,-5399.92822265625
100000000000000000000004,1,924125000,0,-49.5,3.48520435007618,0,0,0.040060001373291,1.63,0,-5399.92822265625
100000000000000000000003,1,924125000,0,-46.5,3.0556897294682,0,0,0.040060001373291,1.63,0,-5399.92822265625
100000000000000000000001,1,924125000,0,-45,1.50330117212793,0,0,0.040060001373291,1.63,0,-5399.92822265625
100000000000000000000000,1,924125000,0,-44,0.582912699396544,0,0,0.040060001373291,1.63,0,-5399.92822265625
100000000000000000000003,1,924125000,0,-46.5,3.03728196001357,0,0,0.040060001373291,1.63,0,-5399.92822265625
100000000000000000000001,1,924125000,0,-45.5,1.51557301843101,0,0,0.040060001373291,1.63,0,-5399.92822265625
100000000000000000000004,1,924125000,0,-49.5,3.47906842692463,0,0,0.040060001373291,1.63,0,-5399.92822265625
100000000000000000000002,1,924125000,0,-44.5,3.76745681504713,0,0,0.040060001373291,1.63,0,-5399.92822265625
100000000000000000000000,1,924125000,0,-43.5,0.613592315154256,0,0,0.040060001373291,1.63,0,-5399.92822265625
100000000000000000000003,1,924125000,0,-46.5,3.03114603686203,0,0,0.040060001373291,1.63,0,-5399.92822265625
100000000000000000000004,1,924125000,0,-49.5,3.49134027322772,0,0,0.040060001373291,1.63,0,-5399.92822265625
100000000000000000000001,1,924125000,0,-45,1.50330117212793,0,0,0.040060001373291,1.63,0,-5399.92822265625
100000000000000000000002,1,924125000,0,-44.5,3.77359273819868,0,0,0.040060001373291,1.63,0,-5399.92822265625
100000000000000000000004,1,924125000,0,-49.5,3.46066065747001,0,0,0.040060001373291,1.63,0,-5399.92822265625
100000000000000000000000,1,924125000,0,-44,0.601320468851172,0,0,0.040060001373291,1.63,0,-5399.92822265625
100000000000000000000003,1,924125000,0,-46,3.03114603686203,0,0,0.040060001373291,1.63,0,-5399.92822265625
100000000000000000000001,1,924125000,0,-45.5,1.50330117212793,0,0,0.040060001373291,1.63,0,-5399.92822265625
100000000000000000000002,1,924125000,0,-44.5,3.77359273819868,0,0,0.040060001373291,1.63,0,-5399.92822265625
100000000000000000000004,1,924125000,0,-49.5,3.48520435007618,0,0,0.040060001373291,1.63,0,-5399.92822265625
100000000000000000000001,1,924125000,0,-45,1.49716524897639,0,0,0.040060001373291,1.63,0,-5399.92822265625
100000000000000000000002,1,924125000,0,-44.5,3.77972866135022,0,0,0.040060001373291,1.63,0,-5399.92822265625
100000000000000000000000,1,924125000,0,-44,0.570640853093458,0,0,0.040060001373291,1.63,0,-5399.92822265625
100000000000000000000003,1,924125000,0,-46.5,3.03728196001357,0,0,0.040060001373291,1.63,0,-5399.92822265625
100000000000000000000002,1,924125000,0,-44.5,3.78586458450176,0,0,0.040060001373291,1.63,0,-5399.92822265625
100000000000000000000003,1,924125000,0,-46.5,3.03114603686203,0,0,0.040060001373291,1.63,0,-5399.92822265625
100000000000000000000001,1,924125000,0,-45,1.50330117212793,0,0,0.040060001373291,1.63,0,-5399.92822265625
100000000000000000000000,1,924125000,0,-44,0.595184545699629,0,0,0.040060001373291,1.63,0,-5399.92822265625
100000000000000000000004,1,924125000,0,-50,3.46066065747001,0,0,0.040060001373291,1.63,0,-5399.92822265625
100000000000000000000000,1,924125000,0,-43.5,0.576776776245001,0,0,0.040060001373291,1.63,0,-5399.92822265625
100000000000000000000003,1,924125000,0,-46.5,3.04341788316511,0,0,0.040060001373291,1.63,0,-5399.92822265625
100000000000000000000002,1,924125000,0,-45,3.75518496874405,0,0,0.040060001373291,1.63,0,-5399.92822265625
100000000000000000000001,1,924125000,0,-45,1.49102932582484,0,0,0.040060001373291,1.63,0,-5399.92822265625
100000000000000000000004,1,924125000,0,-49.5,3.47293250377309,0,0,0.040060001373291,1.63,0,-5399.92822265625
100000000000000000000000,1,924125000,0,-44,0.576776776245001,0,0,0.040060001373291,1.63,0,-5399.92822265625
100000000000000000000002,1,924125000,0,-44.5,3.74291312244096,0,0,0.040060001373291,1.63,0,-5399.92822265625
100000000000000000000003,1,924125000,0,-46.5,3.0556897294682,0,0,0.040060001373291,1.63,0,-5399.92822265625
100000000000000000000001,1,924125000,0,-45,1.49716524897639,0,0,0.040060001373291,1.63,0,-5399.92822265625
100000000000000000000004,1,924125000,0,-50,3.47293250377309,0,0,0.040060001373291,1.63,0,-5399.92822265625
100000000000000000000000,1,924125000,0,-44,0.552233083638831,0,0,0.040060001373291,1.63,0,-5399.92822265625
100000000000000000000001,1,924125000,0,-45,1.4848934026733,0,0,0.040060001373291,1.63,0,-5399.92822265625
100000000000000000000004,1,924125000,0,-49.5,3.44225288801538,0,0,0.040060001373291,1.63,0,-5399.92822265625
100000000000000000000003,1,924125000,0,-46.5,3.03114603686203,0,0,0.040060001373291,1.63,0,-5399.92822265625
100000000000000000000002,1,924125000,0,-44.5,3.77359273819868,0,0,0.040060001373291,1.63,0,-5399.92822265625
100000000000000000000001,1,924125000,0,-45,1.50330117212793,0,0,0.040060001373291,1.63,0,-5399.92822265625
100000000000000000000002,1,924125000,0,-44.5,3.76132089189559,0,0,0.040060001373291,1.63,0,-5399.92822265625
100000000000000000000000,1,924125000,0,-43.5,0.589048622548086,0,0,0.040060001373291,1.63,0,-5399.92822265625
100000000000000000000003,1,924125000,0,-46.5,3.03728196001357,0,0,0.040060001373291,1.63,0,-5399.92822265625
100000000000000000000004,1,924125000,0,-50,3.40543734910612,0,0,0.040060001373291,1.63,0,-5399.92822265625
100000000000000000000003,1,924125000,0,-46.5,3.03114603686203,0,0,0.040060001373291,1.63,0,-5399.92822265625
100000000000000000000004,1,924125000,0,-50,3.46679658062155,0,0,0.040060001373291,1.63,0,-5399.92822265625
100000000000000000000001,1,924125000,0,-45.5,1.49102932582484,0,0,0.040060001373291,1.63,0,-5399.92822265625
100000000000000000000000,1,924125000,0,-44,0.595184545699629,0,0,0.040060001373291,1.63,0,-5399.92822265625
100000000000000000000002,1,924125000,0,-44.5,3.75518496874405,0,0,0.040060001373291,1.63,0,-5399.92822265625
100000000000000000000003,1,924125000,0,-46.5,3.04341788316511,0,0,0.040060001373291,1.63,0,-5399.92822265625
100000000000000000000001,1,924125000,0,-45,1.49716524897639,0,0,0.040060001373291,1.63,0,-5399.92822265625
100000000000000000000004,1,924125000,0,-49.5,3.46066065747001,0,0,0.040060001373291,1.63,0,-5399.92822265625
100000000000000000000000,1,924125000,0,-44,0.570640853093458,0,0,0.040060001373291,1.63,0,-5399.92822265625
100000000000000000000002,1,924125000,0,-44.5,3.77972866135022,0,0,0.040060001373291,1.63,0,-5399.92822265625
100000000000000000000001,1,924125000,0,-45,1.50330117212793,0,0,0.040060001373291,1.63,0,-5399.92822265625
100000000000000000000000,1,924125000,0,-44,0.570640853093458,0,0,0.040060001373291,1.63,0,-5399.92822265625
100000000000000000000002,1,924125000,0,-44.5,3.74291312244096,0,0,0.040060001373291,1.63,0,-5399.92822265625
100000000000000000000003,1,924125000,0,-46.5,3.04341788316511,0,0,0.040060001373291,1.63,0,-5399.92822265625
100000000000000000000004,1,924125000,0,-50,3.42998104171229,0,0,0.040060001373291,1.63,0,-5399.92822265625
100000000000000000000002,1,924125000,0,-44.5,3.77359273819868,0,0,0.040060001373291,1.63,0,-5399.92822265625
100000000000000000000000,1,924125000,0,-44,0.582912699396544,0,0,0.040060001373291,1.63,0,-5399.92822265625
100000000000000000000003,1,924125000,0,-46.5,3.0556897294682,0,0,0.040060001373291,1.63,0,-5399.92822265625
100000000000000000000004,1,924125000,0,-49.5,3.47293250377309,0,0,0.040060001373291,1.63,0,-5399.92822265625
100000000000000000000001,1,924125000,0,-45,1.50943709527947,0,0,0.040060001373291,1.63,0,-5399.92822265625
100000000000000000000000,1,924125000,0,-43.5,0.582912699396544,0,0,0.040060001373291,1.63,0,-5399.92822265625
100000000000000000000002,1,924125000,0,-44.5,3.76745681504713,0,0,0.040060001373291,1.63,0,-5399.92822265625
100000000000000000000001,1,924125000,0,-45,1.49102932582484,0,0,0.040060001373291,1.63,0,-5399.92822265625
100000000000000000000003,1,924125000,0,-46,3.0556897294682,0,0,0.040060001373291,1.63,0,-5399.92822265625
100000000000000000000004,1,924125000,0,-49.5,3.47906842692463,0,0,0.040060001373291,1.63,0,-5399.92822265625
100000000000000000000000,1,924125000,0,-44,0.595184545699629,0,0,0.040060001373291,1.63,0,-5399.92822265625
100000000000000000000001,1,924125000,0,-45.5,1.50943709527947,0,0,0.040060001373291,1.63,0,-5399.92822265625
100000000000000000000002,1,924125000,0,-44.5,3.73064127613788,0,0,0.040060001373291,1.63,0,-5399.92822265625
100000000000000000000004,1,924125000,0,-49.5,3.46679658062155,0,0,0.040060001373291,1.63,0,-5399.92822265625
100000000000000000000003,1,924125000,0,-46.5,3.04341788316511,0,0,0.040060001373291,1.63,0,-5399.92822265625
100000000000000000000000,1,924125000,0,-44,0.589048622548086,0,0,0.040060001373291,1.63,0,-5399.92822265625
100000000000000000000001,1,924125000,0,-45,1.49716524897639,0,0,0.040060001373291,1.63,0,-5399.92822265625
100000000000000000000002,1,924125000,0,-44.5,3.76132089189559,0,0,0.040060001373291,1.63,0,-5399.92822265625
100000000000000000000003,1,924125000,0,-46.5,3.04955380631665,0,0,0.040060001373291,1.63,0,-5399.92822265625
100000000000000000000004,1,924125000,0,-50,3.46679658062155,0,0,0.040060001373291,1.63,0,-5399.92822265625
100000000000000000000003,1,924125000,0,-46.5,3.04341788316511,0,0,0.040060001373291,1.63,0,-5399.92822265625
100000000000000000000002,1,924125000,0,-45,3.77972866135022,0,0,0.040060001373291,1.63,0,-5399.92822265625
100000000000000000000001,1,924125000,0,-45,1.50943709527947,0,0,0.040060001373291,1.63,0,-5399.92822265625
100000000000000000000000,1,924125000,0,-44,0.595184545699629,0,0,0.040060001373291,1.63,0,-5399.92822265625
100000000000000000000004,1,924125000,0,-50,3.44838881116692,0,0,0.040060001373291,1.63,0,-5399.92822265625
100000000000000000000000,1,924125000,0,-44,0.576776776245001,0,0,0.040060001373291,1.63,0,-5399.92822265625
100000000000000000000001,1,924125000,0,-45.5,1.50330117212793,0,0,0.040060001373291,1.63,0,-5399.92822265625
100000000000000000000004,1,924125000,0,-49.5,3.5036121195308,0,0,0.040060001373291,1.63,0,-5399.92822265625
100000000000000000000002,1,924125000,0,-44.5,3.76745681504713,0,0,0.040060001373291,1.63,0,-5399.92822265625
100000000000000000000003,1,924125000,0,-46.5,3.04955380631665,0,0,0.040060001373291,1.63,0,-5399.92822265625
100000000000000000000004,1,924125000,0,-49.5,3.47906842692463,0,0,0.040060001373291,1.63,0,-5399.92822265625
100000000000000000000001,1,924125000,0,-45,1.50943709527947,0,0,0.040060001373291,1.63,0,-5399.92822265625
100000000000000000000003,1,924125000,0,-46.5,3.01887419055894,0,0,0.040060001373291,1.63,0,-5399.92822265625
100000000000000000000002,1,924125000,0,-44.5,3.75518496874405,0,0,0.040060001373291,1.63,0,-5399.92822265625
100000000000000000000000,1,924125000,0,-43.5,0.582912699396544,0,0,0.040060001373291,1.63,0,-5399.92822265625
100000000000000000000002,1,924125000,0,-44.5,3.73064127613788,0,0,0.040060001373291,1.63,0,-5399.92822265625
100000000000000000000004,1,924125000,0,-49.5,3.44838881116692,0,0,0.040060001373291,1.63,0,-5399.92822265625
100000000000000000000000,1,924125000,0,-44,0.558369006790373,0,0,0.040060001373291,1.63,0,-5399.92822265625
100000000000000000000003,1,924125000,0,-46.5,3.04341788316511,0,0,0.040060001373291,1.63,0,-5399.92822265625
100000000000000000000001,1,924125000,0,-45.5,1.52170894158256,0,0,0.040060001373291,1.63,0,-5399.92822265625
100000000000000000000001,1,924125000,0,-45.5,1.50943709527947,0,0,0.040060001373291,1.63,0,-5399.92822265625
100000000000000000000003,1,924125000,0,-46.5,3.04341788316511,0,0,0.040060001373291,1.63,0,-5399.92822265625
100000000000000000000004,1,924125000,0,-49.5,3.47293250377309,0,0,0.040060001373291,1.63,0,-5399.92822265625
100000000000000000000000,1,924125000,0,-43.5,0.595184545699629,0,0,0.040060001373291,1.63,0,-5399.92822265625
100000000000000000000002,1,924125000,0,-44.5,3.76745681504713,0,0,0.040060001373291,1.63,0,-5399.92822265625
100000000000000000000002,1,924125000,0,-44.5,3.75518496874405,0,0,0.040060001373291,1.63,0,-5399.92822265625
100000000000000000000004,1,924125000,0,-49.5,3.48520435007618,0,0,0.040060001373291,1.63,0,-5399.92822265625
100000000000000000000000,1,924125000,0,-44,0.582912699396544,0,0,0.040060001373291,1.63,0,-5399.92822265625
100000000000000000000003,1,924125000,0,-46.5,3.04955380631665,0,0,0.040060001373291,1.63,0,-5399.92822265625
100000000000000000000001,1,924125000,0,-45,1.50330117212793,0,0,0.040060001373291,1.63,0,-5399.92822265625
100000000000000000000004,1,924125000,0,-49.5,3.44225288801538,0,0,0.040060001373291,1.63,0,-5399.92822265625
100000000000000000000002,1,924125000,0,-44.5,3.76745681504713,0,0,0.040060001373291,1.63,0,-5399.92822265625
100000000000000000000000,1,924125000,0,-44,0.595184545699629,0,0,0.040060001373291,1.63,0,-5399.92822265625
100000000000000000000003,1,924125000,0,-46.5,3.06796157577128,0,0,0.040060001373291,1.63,0,-5399.92822265625
100000000000000000000001,1,924125000,0,-45.5,1.50330117212793,0,0,0.040060001373291,1.63,0,-5399.92822265625
100000000000000000000000,1,924125000,0,-43.5,0.589048622548086,0,0,0.040060001373291,1.63,0,-5399.92822265625
100000000000000000000002,1,924125000,0,-44.5,3.74904904559251,0,0,0.040060001373291,1.63,0,-5399.92822265625
100000000000000000000004,1,924125000,0,-49.5,3.49747619637926,0,0,0.040060001373291,1.63,0,-5399.92822265625
100000000000000000000003,1,924125000,0,-46.5,3.06182565261974,0,0,0.040060001373291,1.63,0,-5399.92822265625
100000000000000000000001,1,924125000,0,-45,1.52170894158256,0,0,0.040060001373291,1.63,0,-5399.92822265625
100000000000000000000000,1,924125000,0,-44,0.595184545699629,0,0,0.040060001373291,1.63,0,-5399.92822265625
100000000000000000000003,1,924125000,0,-46.5,3.02501011371048,0,0,0.040060001373291,1.63,0,-5399.92822265625
100000000000000000000001,1,924125000,0,-45,1.51557301843101,0,0,0.040060001373291,1.63,0,-5399.92822265625
100000000000000000000002,1,924125000,0,-45,3.76745681504713,0,0,0.040060001373291,1.63,0,-5399.92822265625
100000000000000000000004,1,924125000,0,-50,3.47906842692463,0,0,0.040060001373291,1.63,0,-5399.92822265625
100000000000000000000000,1,924125000,0,-44,0.582912699396544,0,0,0.040060001373291,1.63,0,-5399.92822265625
100000000000000000000002,1,924125000,0,-44.5,3.76745681504713,0,0,0.040060001373291,1.63,0,-5399.92822265625
100000000000000000000004,1,924125000,0,-49.5,3.46679658062155,0,0,0.040060001373291,1.63,0,-5399.92822265625
100000000000000000000001,1,924125000,0,-45.5,1.50330117212793,0,0,0.040060001373291,1.63,0,-5399.92822265625
100000000000000000000003,1,924125000,0,-46.5,3.03728196001357,0,0,0.040060001373291,1.63,0,-5399.92822265625
100000000000000000000001,1,920625000,0,-45.5,6.08683576633022,0,0,0.040060001373291,1.63,0,-5399.92822265625
100000000000000000000002,1,920625000,0,-45,2.00031094740288,0,0,0.040060001373291,1.63,0,-5399.92822265625
100000000000000000000003,1,920625000,0,-46.5,1.19036909139926,0,0,0.040060001373291,1.63,0,-5399.92822265625
100000000000000000000000,1,920625000,0,-44,5.22167060196272,0,0,0.040060001373291,1.63,0,-5399.92822265625
100000000000000000000004,1,920625000,0,-51,1.85304879176585,0,0,0.040060001373291,1.63,0,-5399.92822265625
100000000000000000000001,1,920625000,0,-45.5,6.08683576633022,0,0,0.040060001373291,1.63,0,-5399.92822265625
100000000000000000000000,1,920625000,0,-44,5.22780652511427,0,0,0.040060001373291,1.63,0,-5399.92822265625
100000000000000000000002,1,920625000,0,-45,1.98803910109979,0,0,0.040060001373291,1.63,0,-5399.92822265625
100000000000000000000003,1,920625000,0,-46.5,1.18423316824772,0,0,0.040060001373291,1.63,0,-5399.92822265625
100000000000000000000004,1,920625000,0,-51,1.84691286861431,0,0,0.040060001373291,1.63,0,-5399.92822265625
100000000000000000000003,1,920625000,0,-46.5,1.14128170618692,0,0,0.040060001373291,1.63,0,-5399.92822265625
100000000000000000000004,1,920625000,0,-51,1.86532063806894,0,0,0.040060001373291,1.63,0,-5399.92822265625
100000000000000000000002,1,920625000,0,-45,2.00644687055442,0,0,0.040060001373291,1.63,0,-5399.92822265625
100000000000000000000001,1,920625000,0,-45.5,6.10524353578485,0,0,0.040060001373291,1.63,0,-5399.92822265625
100000000000000000000000,1,920625000,0,-44,5.22167060196272,0,0,0.040060001373291,1.63,0,-5399.92822265625
100000000000000000000003,1,920625000,0,-46.5,1.1965050145508,0,0,0.040060001373291,1.63,0,-5399.92822265625
100000000000000000000000,1,920625000,0,-44,5.23394244826581,0,0,0.040060001373291,1.63,0,-5399.92822265625
100000000000000000000004,1,920625000,0,-51,1.85304879176585,0,0,0.040060001373291,1.63,0,-5399.92822265625
100000000000000000000001,1,920625000,0,-45.5,6.08683576633022,0,0,0.040060001373291,1.63,0,-5399.92822265625
100000000000000000000002,1,920625000,0,-45,2.03099056316059,0,0,0.040060001373291,1.63,0,-5399.92822265625
100000000000000000000003,1,920625000,0,-46.5,1.17196132194463,0,0,0.040060001373291,1.63,0,-5399.92822265625
100000000000000000000004,1,920625000,0,-51,1.8591847149174,0,0,0.040060001373291,1.63,0,-5399.92822265625
100000000000000000000001,1,920625000,0,-45.5,6.08069984317868,0,0,0.040060001373291,1.63,0,-5399.92822265625
100000000000000000000000,1,920625000,0,-44,5.23394244826581,0,0,0.040060001373291,1.63,0,-5399.92822265625
100000000000000000000002,1,920625000,0,-45,2.00031094740288,0,0,0.040060001373291,1.63,0,-5399.92822265625
100000000000000000000004,1,920625000,0,-51,1.85304879176585,0,0,0.040060001373291,1.63,0,-5399.92822265625
100000000000000000000000,1,920625000,0,-44,5.24007837141735,0,0,0.040060001373291,1.63,0,-5399.92822265625
100000000000000000000001,1,920625000,0,-45.5,6.09297168948177,0,0,0.040060001373291,1.63,0,-5399.92822265625
100000000000000000000003,1,920625000,0,-46.5,1.19036909139926,0,0,0.040060001373291,1.63,0,-5399.92822265625
100000000000000000000002,1,920625000,0,-45,1.98190317794825,0,0,0.040060001373291,1.63,0,-5399.92822265625
100000000000000000000000,1,920625000,0,-44,5.23394244826581,0,0,0.040060001373291,1.63,0,-5399.92822265625
100000000000000000000001,1,920625000,0,-46,6.08683576633022,0,0,0.040060001373291,1.63,0,-5399.92822265625
100000000000000000000004,1,920625000,0,-51.5,1.84077694546277,0,0,0.040060001373291,1.63,0,-5399.92822265625
100000000000000000000002,1,920625000,0,-45,1.97576725479671,0,0,0.040060001373291,1.63,0,-5399.92822265625
100000000000000000000003,1,920625000,0,-46.5,1.17809724509617,0,0,0.040060001373291,1.63,0,-5399.92822265625
100000000000000000000004,1,920625000,0,-51.5,1.82236917600814,0,0,0.040060001373291,1.63,0,-5399.92822265625
100000000000000000000000,1,920625000,0,-44,5.23394244826581,0,0,0.040060001373291,1.63,0,-5399.92822265625
100000000000000000000002,1,920625000,0,-45,2.00644687055442,0,0,0.040060001373291,1.63,0,-5399.92822265625
100000000000000000000001,1,920625000,0,-45.5,6.09297168948177,0,0,0.040060001373291,1.63,0,-5399.92822265625
100000000000000000000003,1,920625000,0,-46.5,1.17196132194463,0,0,0.040060001373291,1.63,0,-5399.92822265625
100000000000000000000000,1,920625000,0,-44,5.22780652511427,0,0,0.040060001373291,1.63,0,-5399.92822265625
100000000000000000000004,1,920625000,0,-51.5,1.85304879176585,0,0,0.040060001373291,1.63,0,-5399.92822265625
100000000000000000000001,1,920625000,0,-45.5,6.08683576633022,0,0,0.040060001373291,1.63,0,-5399.92822265625
100000000000000000000003,1,920625000,0,-46,1.1965050145508,0,0,0.040060001373291,1.63,0,-5399.92822265625
100000000000000000000002,1,920625000,0,-45,1.98803910109979,0,0,0.040060001373291,1.63,0,-5399.92822265625
100000000000000000000002,1,920625000,0,-45,2.01258279370596,0,0,0.040060001373291,1.63,0,-5399.92822265625
100000000000000000000001,1,920625000,0,-45.5,6.09297168948177,0,0,0.040060001373291,1.63,0,-5399.92822265625
100000000000000000000003,1,920625000,0,-46.5,1.16582539879309,0,0,0.040060001373291,1.63,0,-5399.92822265625
100000000000000000000004,1,920625000,0,-51,1.83464102231123,0,0,0.040060001373291,1.63,0,-5399.92822265625
100000000000000000000000,1,920625000,0,-44,5.22167060196272,0,0,0.040060001373291,1.63,0,-5399.92822265625
100000000000000000000000,1,920625000,0,-44,5.23394244826581,0,0,0.040060001373291,1.63,0,-5399.92822265625
100000000000000000000001,1,920625000,0,-45.5,6.10524353578485,0,0,0.040060001373291,1.63,0,-5399.92822265625
100000000000000000000004,1,920625000,0,-51,1.84691286861431,0,0,0.040060001373291,1.63,0,-5399.92822265625
100000000000000000000003,1,920625000,0,-46.5,1.17196132194463,0,0,0.040060001373291,1.63,0,-5399.92822265625
100000000000000000000002,1,920625000,0,-45,2.01258279370596,0,0,0.040060001373291,1.63,0,-5399.92822265625
100000000000000000000002,1,920625000,0,-45,2.01258279370596,0,0,0.040060001373291,1.63,0,-5399.92822265625
100000000000000000000001,1,920625000,0,-45.5,6.08069984317868,0,0,0.040060001373291,1.63,0,-5399.92822265625
100000000000000000000000,1,920625000,0,-44,5.24007837141735,0,0,0.040060001373291,1.63,0,-5399.92822265625
100000000000000000000003,1,920625000,0,-46.5,1.1965050145508,0,0,0.040060001373291,1.63,0,-5399.92822265625
100000000000000000000004,1,920625000,0,-51,1.85304879176585,0,0,0.040060001373291,1.63,0,-5399.92822265625
100000000000000000000002,1,920625000,0,-45,1.98803910109979,0,0,0.040060001373291,1.63,0,-5399.92822265625
100000000000000000000004,1,920625000,0,-51,1.82850509915968,0,0,0.040060001373291,1.63,0,-5399.92822265625
100000000000000000000003,1,920625000,0,-46.5,1.18423316824772,0,0,0.040060001373291,1.63,0,-5399.92822265625
100000000000000000000000,1,920625000,0,-44,5.22780652511427,0,0,0.040060001373291,1.63,0,-5399.92822265625
100000000000000000000001,1,920625000,0,-45.5,6.08683576633022,0,0,0.040060001373291,1.63,0,-5399.92822265625
100000000000000000000000,1,920625000,0,-44,5.23394244826581,0,0,0.040060001373291,1.63,0,-5399.92822265625
100000000000000000000001,1,920625000,0,-45.5,6.08683576633022,0,0,0.040060001373291,1.63,0,-5399.92822265625
100000000000000000000004,1,920625000,0,-51,1.82236917600814,0,0,0.040060001373291,1.63,0,-5399.92822265625
100000000000000000000002,1,920625000,0,-45,1.98803910109979,0,0,0.040060001373291,1.63,0,-5399.92822265625
100000000000000000000003,1,920625000,0,-46.5,1.17809724509617,0,0,0.040060001373291,1.63,0,-5399.92822265625
100000000000000000000003,1,920625000,0,-46.5,1.17809724509617,0,0,0.040060001373291,1.63,0,-5399.92822265625
100000000000000000000000,1,920625000,0,-44,5.23394244826581,0,0,0.040060001373291,1.63,0,-5399.92822265625
100000000000000000000002,1,920625000,0,-45,1.98803910109979,0,0,0.040060001373291,1.63,0,-5399.92822265625
100000000000000000000001,1,920625000,0,-45.5,6.09297168948177,0,0,0.040060001373291,1.63,0,-5399.92822265625
100000000000000000000004,1,920625000,0,-51,1.85304879176585,0,0,0.040060001373291,1.63,0,-5399.92822265625
100000000000000000000000,1,920625000,0,-44,5.23394244826581,0,0,0.040060001373291,1.63,0,-5399.92822265625
100000000000000000000004,1,920625000,0,-51.5,1.8162332528566,0,0,0.040060001373291,1.63,0,-5399.92822265625
100000000000000000000001,1,920625000,0,-45.5,6.08683576633022,0,0,0.040060001373291,1.63,0,-5399.92822265625
100000000000000000000003,1,920625000,0,-46.5,1.17809724509617,0,0,0.040060001373291,1.63,0,-5399.92822265625
100000000000000000000002,1,920625000,0,-45,1.98190317794825,0,0,0.040060001373291,1.63,0,-5399.92822265625
100000000000000000000004,1,920625000,0,-51,1.84077694546277,0,0,0.040060001373291,1.63,0,-5399.92822265625
100000000000000000000000,1,920625000,0,-44,5.23394244826581,0,0,0.040060001373291,1.63,0,-5399.92822265625
100000000000000000000003,1,920625000,0,-46.5,1.14741762933846,0,0,0.040060001373291,1.63,0,-5399.92822265625
100000000000000000000001,1,920625000,0,-45.5,6.09910761263331,0,0,0.040060001373291,1.63,0,-5399.92822265625
100000000000000000000002,1,920625000,0,-45,2.01258279370596,0,0,0.040060001373291,1.63,0,-5399.92822265625
100000000000000000000003,1,920625000,0,-46.5,1.17196132194463,0,0,0.040060001373291,1.63,0,-5399.92822265625
100000000000000000000001,1,920625000,0,-45.5,6.08069984317868,0,0,0.040060001373291,1.63,0,-5399.92822265625
100000000000000000000004,1,920625000,0,-51,1.87145656122048,0,0,0.040060001373291,1.63,0,-5399.92822265625
100000000000000000000000,1,920625000,0,-44,5.22167060196272,0,0,0.040060001373291,1.63,0,-5399.92822265625
100000000000000000000002,1,920625000,0,-45,2.0187187168575,0,0,0.040060001373291,1.63,0,-5399.92822265625
100000000000000000000003,1,920625000,0,-46.5,1.17809724509617,0,0,0.040060001373291,1.63,0,-5399.92822265625
100000000000000000000002,1,920625000,0,-45,2.00031094740288,0,0,0.040060001373291,1.63,0,-5399.92822265625
100000000000000000000000,1,920625000,0,-44,5.24007837141735,0,0,0.040060001373291,1.63,0,-5399.92822265625
100000000000000000000001,1,920625000,0,-45.5,6.09297168948177,0,0,0.040060001373291,1.63,0,-5399.92822265625
100000000000000000000004,1,920625000,0,-51.5,1.8591847149174,0,0,0.040060001373291,1.63,0,-5399.92822265625
100000000000000000000003,1,920625000,0,-46.5,1.17809724509617,0,0,0.040060001373291,1.63,0,-5399.92822265625
100000000000000000000004,1,920625000,0,-51,1.85304879176585,0,0,0.040060001373291,1.63,0,-5399.92822265625
100000000000000000000000,1,920625000,0,-44,5.22780652511427,0,0,0.040060001373291,1.63,0,-5399.92822265625
100000000000000000000001,1,920625000,0,-45.5,6.09910761263331,0,0,0.040060001373291,1.63,0,-5399.92822265625
100000000000000000000002,1,920625000,0,-45,2.02485464000905,0,0,0.040060001373291,1.63,0,-5399.92822265625
100000000000000000000001,1,920625000,0,-45.5,6.09297168948177,0,0,0.040060001373291,1.63,0,-5399.92822265625
100000000000000000000004,1,920625000,0,-51,1.82236917600814,0,0,0.040060001373291,1.63,0,-5399.92822265625
100000000000000000000002,1,920625000,0,-45,1.96963133164516,0,0,0.040060001373291,1.63,0,-5399.92822265625
100000000000000000000003,1,920625000,0,-46,1.17809724509617,0,0,0.040060001373291,1.63,0,-5399.92822265625
100000000000000000000000,1,920625000,0,-44,5.25235021772044,0,0,0.040060001373291,1.63,0,-5399.92822265625
100000000000000000000003,1,920625000,0,-46.5,1.18423316824772,0,0,0.040060001373291,1.63,0,-5399.92822265625
100000000000000000000000,1,920625000,0,-44,5.24621429456889,0,0,0.040060001373291,1.63,0,-5399.92822265625
100000000000000000000004,1,920625000,0,-51.5,1.84077694546277,0,0,0.040060001373291,1.63,0,-5399.92822265625
100000000000000000000002,1,920625000,0,-45,1.98190317794825,0,0,0.040060001373291,1.63,0,-5399.92822265625
100000000000000000000001,1,920625000,0,-45.5,6.09297168948177,0,0,0.040060001373291,1.63,0,-5399.92822265625
100000000000000000000003,1,920625000,0,-46.5,1.17809724509617,0,0,0.040060001373291,1.63,0,-5399.92822265625
100000000000000000000004,1,920625000,0,-51,1.84077694546277,0,0,0.040060001373291,1.63,0,-5399.92822265625
100000000000000000000002,1,920625000,0,-45,1.97576725479671,0,0,0.040060001373291,1.63,0,-5399.92822265625
100000000000000000000000,1,920625000,0,-44,5.22780652511427,0,0,0.040060001373291,1.63,0,-5399.92822265625
100000000000000000000001,1,920625000,0,-45.5,6.07456392002714,0,0,0.040060001373291,1.63,0,-5399.92822265625
100000000000000000000001,1,920625000,0,-45.5,6.08683576633022,0,0,0.040060001373291,1.63,0,-5399.92822265625
100000000000000000000003,1,920625000,0,-46.5,1.17809724509617,0,0,0.040060001373291,1.63,0,-5399.92822265625
100000000000000000000004,1,920625000,0,-51,1.85304879176585,0,0,0.040060001373291,1.63,0,-5399.92822265625
100000000000000000000000,1,920625000,0,-44,5.25235021772044,0,0,0.040060001373291,1.63,0,-5399.92822265625
100000000000000000000002,1,920625000,0,-45,1.99417502425133,0,0,0.040060001373291,1.63,0,-5399.92822265625
100000000000000000000001,1,920625000,0,-45.5,6.08683576633022,0,0,0.040060001373291,1.63,0,-5399.92822265625
100000000000000000000000,1,920625000,0,-44,5.23394244826581,0,0,0.040060001373291,1.63,0,-5399.92822265625
100000000000000000000002,1,920625000,0,-45,2.0187187168575,0,0,0.040060001373291,1.63,0,-5399.92822265625
100000000000000000000003,1,920625000,0,-46.5,1.19036909139926,0,0,0.040060001373291,1.63,0,-5399.92822265625
100000000000000000000004,1,920625000,0,-51,1.85304879176585,0,0,0.040060001373291,1.63,0,-5399.92822265625
100000000000000000000004,1,920625000,0,-51.5,1.8591847149174,0,0,0.040060001373291,1.63,0,-5399.92822265625
100000000000000000000002,1,920625000,0,-45,2.0187187168575,0,0,0.040060001373291,1.63,0,-5399.92822265625
100000000000000000000003,1,920625000,0,-46.5,1.19036909139926,0,0,0.040060001373291,1.63,0,-5399.92822265625
100000000000000000000001,1,920625000,0,-45.5,6.09910761263331,0,0,0.040060001373291,1.63,0,-5399.92822265625
100000000000000000000000,1,920625000,0,-44,5.24007837141735,0,0,0.040060001373291,1.63,0,-5399.92822265625
100000000000000000000004,1,920625000,0,-51,1.82850509915968,0,0,0.040060001373291,1.63,0,-5399.92822265625
100000000000000000000003,1,920625000,0,-46.5,1.18423316824772,0,0,0.040060001373291,1.63,0,-5399.92822265625
100000000000000000000002,1,920625000,0,-45,1.98803910109979,0,0,0.040060001373291,1.63,0,-5399.92822265625
100000000000000000000000,1,920625000,0,-44,5.25235021772044,0,0,0.040060001373291,1.63,0,-5399.92822265625
100000000000000000000001,1,920625000,0,-45.5,6.08683576633022,0,0,0.040060001373291,1.63,0,-5399.92822265625
100000000000000000000000,1,920625000,0,-44,5.22780652511427,0,0,0.040060001373291,1.63,0,-5399.92822265625
100000000000000000000004,1,920625000,0,-51,1.86532063806894,0,0,0.040060001373291,1.63,0,-5399.92822265625
100000000000000000000003,1,920625000,0,-46,1.18423316824772,0,0,0.040060001373291,1.63,0,-5399.92822265625
100000000000000000000002,1,920625000,0,-45,2.00031094740288,0,0,0.040060001373291,1.63,0,-5399.92822265625
100000000000000000000001,1,920625000,0,-45.5,6.08069984317868,0,0,0.040060001373291,1.63,0,-5399.92822265625
100000000000000000000000,1,920625000,0,-44,5.22780652511427,0,0,0.040060001373291,1.63,0,-5399.92822265625
100000000000000000000004,1,920625000,0,-51.5,1.8591847149174,0,0,0.040060001373291,1.63,0,-5399.92822265625
100000000000000000000001,1,920625000,0,-45.5,6.07456392002714,0,0,0.040060001373291,1.63,0,-5399.92822265625
100000000000000000000002,1,920625000,0,-45,1.98803910109979,0,0,0.040060001373291,1.63,0,-5399.92822265625
100000000000000000000003,1,920625000,0,-46.5,1.17196132194463,0,0,0.040060001373291,1.63,0,-5399.92822265625
100000000000000000000004,1,920625000,0,-51,1.84691286861431,0,0,0.040060001373291,1.63,0,-5399.92822265625
100000000000000000000002,1,920625000,0,-45,1.98190317794825,0,0,0.040060001373291,1.63,0,-5399.92822265625
100000000000000000000001,1,920625000,0,-45.5,6.09297168948177,0,0,0.040060001373291,1.63,0,-5399.92822265625
100000000000000000000000,1,920625000,0,-44,5.24007837141735,0,0,0.040060001373291,1.63,0,-5399.92822265625
100000000000000000000003,1,920625000,0,-46.5,1.17809724509617,0,0,0.040060001373291,1.63,0,-5399.92822265625
100000000000000000000004,1,920625000,0,-51,1.83464102231123,0,0,0.040060001373291,1.63,0,-5399.92822265625
100000000000000000000000,1,920625000,0,-44,5.22167060196272,0,0,0.040060001373291,1.63,0,-5399.92822265625
100000000000000000000001,1,920625000,0,-45.5,6.09910761263331,0,0,0.040060001373291,1.63,0,-5399.92822265625
100000000000000000000003,1,920625000,0,-46.5,1.17196132194463,0,0,0.040060001373291,1.63,0,-5399.92822265625
100000000000000000000002,1,920625000,0,-45,2.02485464000905,0,0,0.040060001373291,1.63,0,-5399.92822265625
100000000000000000000002,1,920625000,0,-45,1.98190317794825,0,0,0.040060001373291,1.63,0,-5399.92822265625
100000000000000000000000,1,920625000,0,-44,5.25235021772044,0,0,0.040060001373291,1.63,0,-5399.92822265625
100000000000000000000003,1,920625000,0,-46.5,1.17196132194463,0,0,0.040060001373291,1.63,0,-5399.92822265625
100000000000000000000001,1,920625000,0,-45.5,6.08069984317868,0,0,0.040060001373291,1.63,0,-5399.92822265625
100000000000000000000004,1,920625000,0,-51.5,1.84691286861431,0,0,0.040060001373291,1.63,0,-5399.92822265625
100000000000000000000002,1,920625000,0,-45,2.00031094740288,0,0,0.040060001373291,1.63,0,-5399.92822265625
100000000000000000000000,1,920625000,0,-44,5.23394244826581,0,0,0.040060001373291,1.63,0,-5399.92822265625
100000000000000000000003,1,920625000,0,-46,1.19036909139926,0,0,0.040060001373291,1.63,0,-5399.92822265625
100000000000000000000004,1,920625000,0,-51,1.82850509915968,0,0,0.040060001373291,1.63,0,-5399.92822265625
100000000000000000000001,1,920625000,0,-45.5,6.08069984317868,0,0,0.040060001373291,1.63,0,-5399.92822265625
100000000000000000000004,1,920625000,0,-51,1.8591847149174,0,0,0.040060001373291,1.63,0,-5399.92822265625
100000000000000000000003,1,920625000,0,-46.5,1.18423316824772,0,0,0.040060001373291,1.63,0,-5399.92822265625
100000000000000000000002,1,920625000,0,-45,1.98190317794825,0,0,0.040060001373291,1.63,0,-5399.92822265625
100000000000000000000000,1,920625000,0,-44,5.24007837141735,0,0,0.040060001373291,1.63,0,-5399.92822265625
100000000000000000000001,1,920625000,0,-45.5,6.08683576633022,0,0,0.040060001373291,1.63,0,-5399.92822265625
100000000000000000000004,1,920625000,0,-51.5,1.85304879176585,0,0,0.040060001373291,1.63,0,-5399.92822265625
100000000000000000000000,1,920625000,0,-44,5.24007837141735,0,0,0.040060001373291,1.63,0,-5399.92822265625
100000000000000000000003,1,920625000,0,-46.5,1.19036909139926,0,0,0.040060001373291,1.63,0,-5399.92822265625
100000000000000000000002,1,920625000,0,-45,1.98190317794825,0,0,0.040060001373291,1.63,0,-5399.92822265625
100000000000000000000001,1,920625000,0,-45.5,6.09910761263331,0,0,0.040060001373291,1.63,0,-5399.92822265625
100000000000000000000004,1,920625000,0,-51,1.83464102231123,0,0,0.040060001373291,1.63,0,-5399.92822265625
100000000000000000000001,1,920625000,0,-45.5,6.08069984317868,0,0,0.040060001373291,1.63,0,-5399.92822265625
100000000000000000000003,1,920625000,0,-46,1.17196132194463,0,0,0.040060001373291,1.63,0,-5399.92822265625
100000000000000000000002,1,920625000,0,-45,2.03099056316059,0,0,0.040060001373291,1.63,0,-5399.92822265625
100000000000000000000000,1,920625000,0,-44,5.22167060196272,0,0,0.040060001373291,1.63,0,-5399.92822265625
100000000000000000000001,1,920625000,0,-45.5,6.0684279968756,0,0,0.040060001373291,1.63,0,-5399.92822265625
100000000000000000000002,1,920625000,0,-45,2.00031094740288,0,0,0.040060001373291,1.63,0,-5399.92822265625
100000000000000000000003,1,920625000,0,-46.5,1.18423316824772,0,0,0.040060001373291,1.63,0,-5399.92822265625
100000000000000000000000,1,920625000,0,-44,5.24007837141735,0,0,0.040060001373291,1.63,0,-5399.92822265625
100000000000000000000004,1,920625000,0,-51,1.84077694546277,0,0,0.040060001373291,1.63,0,-5399.92822265625
100000000000000000000004,1,920625000,0,-51,1.84077694546277,0,0,0.040060001373291,1.63,0,-5399.92822265625
100000000000000000000000,1,920625000,0,-44,5.21553467881118,0,0,0.040060001373291,1.63,0,-5399.92822265625
100000000000000000000002,1,920625000,0,-45,2.01258279370596,0,0,0.040060001373291,1.63,0,-5399.92822265625
100000000000000000000001,1,920625000,0,-45.5,6.09297168948177,0,0,0.040060001373291,1.63,0,-5399.92822265625
100000000000000000000003,1,920625000,0,-46.5,1.18423316824772,0,0,0.040060001373291,1.63,0,-5399.92822265625
100000000000000000000003,1,920625000,0,-46.5,1.17196132194463,0,0,0.040060001373291,1.63,0,-5399.92822265625
100000000000000000000000,1,920625000,0,-44,5.23394244826581,0,0,0.040060001373291,1.63,0,-5399.92822265625
100000000000000000000002,1,920625000,0,-45,1.98190317794825,0,0,0.040060001373291,1.63,0,-5399.92822265625
100000000000000000000004,1,920625000,0,-51,1.85304879176585,0,0,0.040060001373291,1.63,0,-5399.92822265625
100000000000000000000001,1,920625000,0,-45.5,6.10524353578485,0,0,0.040060001373291,1.63,0,-5399.92822265625
100000000000000000000002,1,920625000,0,-45,1.98190317794825,0,0,0.040060001373291,1.63,0,-5399.92822265625
100000000000000000000000,1,920625000,0,-44,5.24007837141735,0,0,0.040060001373291,1.63,0,-5399.92822265625
100000000000000000000001,1,920625000,0,-45.5,6.07456392002714,0,0,0.040060001373291,1.63,0,-5399.92822265625
100000000000000000000004,1,920625000,0,-51,1.82236917600814,0,0,0.040060001373291,1.63,0,-5399.92822265625
100000000000000000000003,1,920625000,0,-46.5,1.1965050145508,0,0,0.040060001373291,1.63,0,-5399.92822265625
100000000000000000000003,1,920625000,0,-46.5,1.17196132194463,0,0,0.040060001373291,1.63,0,-5399.92822265625
100000000000000000000002,1,920625000,0,-45,1.97576725479671,0,0,0.040060001373291,1.63,0,-5399.92822265625
100000000000000000000001,1,920625000,0,-45.5,6.09910761263331,0,0,0.040060001373291,1.63,0,-5399.92822265625
100000000000000000000000,1,920625000,0,-44,5.24007837141735,0,0,0.040060001373291,1.63,0,-5399.92822265625
100000000000000000000004,1,920625000,0,-51,1.85304879176585,0,0,0.040060001373291,1.63,0,-5399.92822265625
100000000000000000000000,1,920625000,0,-44,5.24007837141735,0,0,0.040060001373291,1.63,0,-5399.92822265625
100000000000000000000004,1,920625000,0,-51.5,1.84077694546277,0,0,0.040060001373291,1.63,0,-5399.92822265625
100000000000000000000002,1,920625000,0,-45,1.96963133164516,0,0,0.040060001373291,1.63,0,-5399.92822265625
100000000000000000000001,1,920625000,0,-45.5,6.09297168948177,0,0,0.040060001373291,1.63,0,-5399.92822265625
100000000000000000000003,1,920625000,0,-46.5,1.1965050145508,0,0,0.040060001373291,1.63,0,-5399.92822265625
100000000000000000000002,1,920625000,0,-45,1.98190317794825,0,0,0.040060001373291,1.63,0,-5399.92822265625
100000000000000000000000,1,920625000,0,-44,5.24621429456889,0,0,0.040060001373291,1.63,0,-5399.92822265625
100000000000000000000004,1,920625000,0,-51,1.85304879176585,0,0,0.040060001373291,1.63,0,-5399.92822265625
100000000000000000000001,1,920625000,0,-45.5,6.09910761263331,0,0,0.040060001373291,1.63,0,-5399.92822265625
100000000000000000000003,1,920625000,0,-46.5,1.18423316824772,0,0,0.040060001373291,1.63,0,-5399.92822265625
100000000000000000000003,1,920625000,0,-46.5,1.18423316824772,0,0,0.040060001373291,1.63,0,-5399.92822265625
100000000000000000000000,1,920625000,0,-44,5.25235021772044,0,0,0.040060001373291,1.63,0,-5399.92822265625
100000000000000000000002,1,920625000,0,-45,1.97576725479671,0,0,0.040060001373291,1.63,0,-5399.92822265625
100000000000000000000001,1,920625000,0,-45.5,6.08069984317868,0,0,0.040060001373291,1.63,0,-5399.92822265625
100000000000000000000004,1,920625000,0,-51,1.82236917600814,0,0,0.040060001373291,1.63,0,-5399.92822265625
100000000000000000000004,1,920625000,0,-51,1.82850509915968,0,0,0.040060001373291,1.63,0,-5399.92822265625
100000000000000000000003,1,920625000,0,-46,1.18423316824772,0,0,0.040060001373291,1.63,0,-5399.92822265625
100000000000000000000000,1,920625000,0,-44,5.22167060196272,0,0,0.040060001373291,1.63,0,-5399.92822265625
100000000000000000000002,1,920625000,0,-45,1.97576725479671,0,0,0.040060001373291,1.63,0,-5399.92822265625
100000000000000000000001,1,920625000,0,-45.5,6.08069984317868,0,0,0.040060001373291,1.63,0,-5399.92822265625
100000000000000000000004,1,920625000,0,-51,1.8591847149174,0,0,0.040060001373291,1.63,0,-5399.92822265625
100000000000000000000000,1,920625000,0,-44,5.23394244826581,0,0,0.040060001373291,1.63,0,-5399.92822265625
100000000000000000000001,1,920625000,0,-45.5,6.09910761263331,0,0,0.040060001373291,1.63,0,-5399.92822265625
100000000000000000000002,1,920625000,0,-45,2.00644687055442,0,0,0.040060001373291,1.63,0,-5399.92822265625
100000000000000000000003,1,920625000,0,-46.5,1.17809724509617,0,0,0.040060001373291,1.63,0,-5399.92822265625
100000000000000000000004,1,920625000,0,-51,1.87759248437203,0,0,0.040060001373291,1.63,0,-5399.92822265625
100000000000000000000001,1,920625000,0,-45.5,6.08683576633022,0,0,0.040060001373291,1.63,0,-5399.92822265625
100000000000000000000002,1,920625000,0,-45,2.00031094740288,0,0,0.040060001373291,1.63,0,-5399.92822265625
100000000000000000000000,1,920625000,0,-44,5.22167060196272,0,0,0.040060001373291,1.63,0,-5399.92822265625
100000000000000000000003,1,920625000,0,-46,1.17196132194463,0,0,0.040060001373291,1.63,0,-5399.92822265625
100000000000000000000004,1,920625000,0,-51,1.87145656122048,0,0,0.040060001373291,1.63,0,-5399.92822265625
100000000000000000000002,1,920625000,0,-45,1.98803910109979,0,0,0.040060001373291,1.63,0,-5399.92822265625
100000000000000000000001,1,920625000,0,-45.5,6.09910761263331,0,0,0.040060001373291,1.63,0,-5399.92822265625
100000000000000000000003,1,920625000,0,-46.5,1.17809724509617,0,0,0.040060001373291,1.63,0,-5399.92822265625
100000000000000000000000,1,920625000,0,-44,5.24007837141735,0,0,0.040060001373291,1.63,0,-5399.92822265625
100000000000000000000002,1,920625000,0,-45,2.01258279370596,0,0,0.040060001373291,1.63,0,-5399.92822265625
100000000000000000000003,1,920625000,0,-46.5,1.1965050145508,0,0,0.040060001373291,1.63,0,-5399.92822265625
100000000000000000000001,1,920625000,0,-45.5,6.07456392002714,0,0,0.040060001373291,1.63,0,-5399.92822265625
100000000000000000000004,1,920625000,0,-51,1.88986433067511,0,0,0.040060001373291,1.63,0,-5399.92822265625
100000000000000000000000,1,920625000,0,-44,5.23394244826581,0,0,0.040060001373291,1.63,0,-5399.92822265625
100000000000000000000004,1,920625000,0,-51,1.84691286861431,0,0,0.040060001373291,1.63,0,-5399.92822265625
100000000000000000000002,1,920625000,0,-45,2.01258279370596,0,0,0.040060001373291,1.63,0,-5399.92822265625
100000000000000000000000,1,920625000,0,-44,5.23394244826581,0,0,0.040060001373291,1.63,0,-5399.92822265625
100000000000000000000001,1,920625000,0,-45.5,6.08683576633022,0,0,0.040060001373291,1.63,0,-5399.92822265625
100000000000000000000003,1,920625000,0,-46.5,1.18423316824772,0,0,0.040060001373291,1.63,0,-5399.92822265625
100000000000000000000001,1,920625000,0,-45.5,6.09297168948177,0,0,0.040060001373291,1.63,0,-5399.92822265625
100000000000000000000002,1,920625000,0,-45,2.00031094740288,0,0,0.040060001373291,1.63,0,-5399.92822265625
100000000000000000000000,1,920625000,0,-44,5.25848614087198,0,0,0.040060001373291,1.63,0,-5399.92822265625
100000000000000000000003,1,920625000,0,-46.5,1.20264093770234,0,0,0.040060001373291,1.63,0,-5399.92822265625
100000000000000000000004,1,920625000,0,-51,1.82236917600814,0,0,0.040060001373291,1.63,0,-5399.92822265625
100000000000000000000004,1,920625000,0,-51,1.82236917600814,0,0,0.040060001373291,1.63,0,-5399.92822265625
100000000000000000000001,1,920625000,0,-45.5,6.08069984317868,0,0,0.040060001373291,1.63,0,-5399.92822265625
100000000000000000000003,1,920625000,0,-46.5,1.18423316824772,0,0,0.040060001373291,1.63,0,-5399.92822265625
100000000000000000000000,1,920625000,0,-44,5.24007837141735,0,0,0.040060001373291,1.63,0,-5399.92822265625
100000000000000000000002,1,920625000,0,-45,1.99417502425133,0,0,0.040060001373291,1.63,0,-5399.92822265625
100000000000000000000001,1,920625000,0,-45.5,6.08683576633022,0,0,0.040060001373291,1.63,0,-5399.92822265625
100000000000000000000000,1,920625000,0,-44,5.24007837141735,0,0,0.040060001373291,1.63,0,-5399.92822265625
100000000000000000000002,1,920625000,0,-45,2.00031094740288,0,0,0.040060001373291,1.63,0,-5399.92822265625
100000000000000000000004,1,920625000,0,-51,1.85304879176585,0,0,0.040060001373291,1.63,0,-5399.92822265625
100000000000000000000003,1,920625000,0,-46.5,1.16582539879309,0,0,0.040060001373291,1.63,0,-5399.92822265625
100000000000000000000004,1,920625000,0,-51,1.87145656122048,0,0,0.040060001373291,1.63,0,-5399.92822265625
100000000000000000000002,1,920625000,0,-45,2.01258279370596,0,0,0.040060001373291,1.63,0,-5399.92822265625
100000000000000000000000,1,920625000,0,-44,5.22780652511427,0,0,0.040060001373291,1.63,0,-5399.92822265625
100000000000000000000003,1,920625000,0,-46.5,1.1965050145508,0,0,0.040060001373291,1.63,0,-5399.92822265625
100000000000000000000001,1,920625000,0,-45.5,6.09297168948177,0,0,0.040060001373291,1.63,0,-5399.92822265625
100000000000000000000004,1,920625000,0,-51.5,1.87759248437203,0,0,0.040060001373291,1.63,0,-5399.92822265625
100000000000000000000003,1,920625000,0,-46.5,1.15968947564155,0,0,0.040060001373291,1.63,0,-5399.92822265625
100000000000000000000000,1,920625000,0,-44,5.21553467881118,0,0,0.040060001373291,1.63,0,-5399.92822265625
100000000000000000000001,1,920625000,0,-45.5,6.08069984317868,0,0,0.040060001373291,1.63,0,-5399.92822265625
100000000000000000000002,1,920625000,0,-45,2.0187187168575,0,0,0.040060001373291,1.63,0,-5399.92822265625
100000000000000000000004,1,920625000,0,-51.5,1.83464102231123,0,0,0.040060001373291,1.63,0,-5399.92822265625
100000000000000000000000,1,920625000,0,-44,5.23394244826581,0,0,0.040060001373291,1.63,0,-5399.92822265625
100000000000000000000002,1,920625000,0,-45,2.02485464000905,0,0,0.040060001373291,1.63,0,-5399.92822265625
100000000000000000000003,1,920625000,0,-46,1.18423316824772,0,0,0.040060001373291,1.63,0,-5399.92822265625
100000000000000000000001,1,920625000,0,-45.5,6.08683576633022,0,0,0.040060001373291,1.63,0,-5399.92822265625
100000000000000000000001,1,920625000,0,-45.5,6.08683576633022,0,0,0.040060001373291,1.63,0,-5399.92822265625
100000000000000000000004,1,920625000,0,-51,1.86532063806894,0,0,0.040060001373291,1.63,0,-5399.92822265625
100000000000000000000003,1,920625000,0,-46.5,1.17809724509617,0,0,0.040060001373291,1.63,0,-5399.92822265625
100000000000000000000000,1,920625000,0,-44,5.22780652511427,0,0,0.040060001373291,1.63,0,-5399.92822265625
100000000000000000000002,1,920625000,0,-45,2.02485464000905,0,0,0.040060001373291,1.63,0,-5399.92822265625
100000000000000000000002,1,920625000,0,-45,2.00644687055442,0,0,0.040060001373291,1.63,0,-5399.92822265625
100000000000000000000000,1,920625000,0,-44,5.21553467881118,0,0,0.040060001373291,1.63,0,-5399.92822265625
100000000000000000000003,1,920625000,0,-46.5,1.1965050145508,0,0,0.040060001373291,1.63,0,-5399.92822265625
100000000000000000000004,1,920625000,0,-51,1.82850509915968,0,0,0.040060001373291,1.63,0,-5399.92822265625
100000000000000000000001,1,920625000,0,-45.5,6.08683576633022,0,0,0.040060001373291,1.63,0,-5399.92822265625
100000000000000000000002,1,920625000,0,-45,2.00644687055442,0,0,0.040060001373291,1.63,0,-5399.92822265625
100000000000000000000000,1,920625000,0,-44,5.24007837141735,0,0,0.040060001373291,1.63,0,-5399.92822265625
100000000000000000000003,1,920625000,0,-46.5,1.18423316824772,0,0,0.040060001373291,1.63,0,-5399.92822265625
100000000000000000000001,1,920625000,0,-45.5,6.09910761263331,0,0,0.040060001373291,1.63,0,-5399.92822265625
100000000000000000000004,1,920625000,0,-51,1.81009732970506,0,0,0.040060001373291,1.63,0,-5399.92822265625
100000000000000000000002,1,920625000,0,-45,2.01258279370596,0,0,0.040060001373291,1.63,0,-5399.92822265625
100000000000000000000004,1,920625000,0,-51,1.84691286861431,0,0,0.040060001373291,1.63,0,-5399.92822265625
100000000000000000000003,1,920625000,0,-46.5,1.18423316824772,0,0,0.040060001373291,1.63,0,-5399.92822265625
100000000000000000000001,1,920625000,0,-45.5,6.09910761263331,0,0,0.040060001373291,1.63,0,-5399.92822265625
100000000000000000000000,1,920625000,0,-44,5.24007837141735,0,0,0.040060001373291,1.63,0,-5399.92822265625
100000000000000000000000,1,920625000,0,-44,5.23394244826581,0,0,0.040060001373291,1.63,0,-5399.92822265625
100000000000000000000002,1,920625000,0,-45,2.00031094740288,0,0,0.040060001373291,1.63,0,-5399.92822265625
100000000000000000000003,1,920625000,0,-46.5,1.19036909139926,0,0,0.040060001373291,1.63,0,-5399.92822265625
100000000000000000000004,1,920625000,0,-51,1.84077694546277,0,0,0.040060001373291,1.63,0,-5399.92822265625
100000000000000000000001,1,920625000,0,-45.5,6.08069984317868,0,0,0.040060001373291,1.63,0,-5399.92822265625
100000000000000000000000,1,920625000,0,-44,5.23394244826581,0,0,0.040060001373291,1.63,0,-5399.92822265625
100000000000000000000004,1,920625000,0,-51,1.8591847149174,0,0,0.040060001373291,1.63,0,-5399.92822265625
100000000000000000000001,1,920625000,0,-45.5,6.11751538208794,0,0,0.040060001373291,1.63,0,-5399.92822265625
100000000000000000000003,1,920625000,0,-46.5,1.15968947564155,0,0,0.040060001373291,1.63,0,-5399.92822265625
100000000000000000000002,1,920625000,0,-45,2.01258279370596,0,0,0.040060001373291,1.63,0,-5399.92822265625
100000000000000000000004,1,920625000,0,-51,1.82850509915968,0,0,0.040060001373291,1.63,0,-5399.92822265625
100000000000000000000000,1,920625000,0,-44,5.24007837141735,0,0,0.040060001373291,1.63,0,-5399.92822265625
100000000000000000000001,1,920625000,0,-45.5,6.09297168948177,0,0,0.040060001373291,1.63,0,-5399.92822265625
100000000000000000000002,1,920625000,0,-45,1.97576725479671,0,0,0.040060001373291,1.63,0,-5399.92822265625
100000000000000000000003,1,920625000,0,-46.5,1.17809724509617,0,0,0.040060001373291,1.63,0,-5399.92822265625
100000000000000000000000,1,920625000,0,-44,5.25235021772044,0,0,0.040060001373291,1.63,0,-5399.92822265625
100000000000000000000003,1,920625000,0,-46.5,1.18423316824772,0,0,0.040060001373291,1.63,0,-5399.92822265625
100000000000000000000001,1,920625000,0,-45.5,6.10524353578485,0,0,0.040060001373291,1.63,0,-5399.92822265625
100000000000000000000002,1,920625000,0,-45,1.99417502425133,0,0,0.040060001373291,1.63,0,-5399.92822265625
100000000000000000000004,1,920625000,0,-51,1.84077694546277,0,0,0.040060001373291,1.63,0,-5399.92822265625
100000000000000000000003,1,920625000,0,-46.5,1.17196132194463,0,0,0.040060001373291,1.63,0,-5399.92822265625
100000000000000000000001,1,920625000,0,-45.5,6.09910761263331,0,0,0.040060001373291,1.63,0,-5399.92822265625
100000000000000000000000,1,920625000,0,-44,5.21553467881118,0,0,0.040060001373291,1.63,0,-5399.92822265625
100000000000000000000002,1,920625000,0,-45,2.00031094740288,0,0,0.040060001373291,1.63,0,-5399.92822265625
100000000000000000000004,1,920625000,0,-51,1.86532063806894,0,0,0.040060001373291,1.63,0,-5399.92822265625
100000000000000000000001,1,920625000,0,-45.5,6.08683576633022,0,0,0.040060001373291,1.63,0,-5399.92822265625
100000000000000000000000,1,920625000,0,-44,5.22167060196272,0,0,0.040060001373291,1.63,0,-5399.92822265625
100000000000000000000002,1,920625000,0,-45,2.00031094740288,0,0,0.040060001373291,1.63,0,-5399.92822265625
100000000000000000000003,1,920625000,0,-46.5,1.18423316824772,0,0,0.040060001373291,1.63,0,-5399.92822265625
100000000000000000000004,1,920625000,0,-51,1.84691286861431,0,0,0.040060001373291,1.63,0,-5399.92822265625
100000000000000000000000,1,920625000,0,-44,5.24007837141735,0,0,0.040060001373291,1.63,0,-5399.92822265625
100000000000000000000001,1,920625000,0,-45.5,6.10524353578485,0,0,0.040060001373291,1.63,0,-5399.92822265625
100000000000000000000002,1,920625000,0,-45,2.01258279370596,0,0,0.040060001373291,1.63,0,-5399.92822265625
100000000000000000000004,1,920625000,0,-51,1.85304879176585,0,0,0.040060001373291,1.63,0,-5399.92822265625
100000000000000000000003,1,920625000,0,-46.5,1.20264093770234,0,0,0.040060001373291,1.63,0,-5399.92822265625
100000000000000000000001,1,920625000,0,-45.5,6.08069984317868,0,0,0.040060001373291,1.63,0,-5399.92822265625
100000000000000000000004,1,920625000,0,-51,1.8591847149174,0,0,0.040060001373291,1.63,0,-5399.92822265625
100000000000000000000000,1,920625000,0,-44,5.22780652511427,0,0,0.040060001373291,1.63,0,-5399.92822265625
100000000000000000000002,1,920625000,0,-45,1.99417502425133,0,0,0.040060001373291,1.63,0,-5399.92822265625
100000000000000000000003,1,920625000,0,-46,1.17196132194463,0,0,0.040060001373291,1.63,0,-5399.92822265625
100000000000000000000001,1,920625000,0,-45.5,6.08683576633022,0,0,0.040060001373291,1.63,0,-5399.92822265625
100000000000000000000000,1,920625000,0,-44,5.23394244826581,0,0,0.040060001373291,1.63,0,-5399.92822265625
100000000000000000000004,1,920625000,0,-51,1.84691286861431,0,0,0.040060001373291,1.63,0,-5399.92822265625
100000000000000000000002,1,920625000,0,-45,2.00644687055442,0,0,0.040060001373291,1.63,0,-5399.92822265625
100000000000000000000003,1,920625000,0,-46.5,1.17196132194463,0,0,0.040060001373291,1.63,0,-5399.92822265625
100000000000000000000004,1,920625000,0,-51,1.84077694546277,0,0,0.040060001373291,1.63,0,-5399.92822265625
100000000000000000000002,1,920625000,0,-45,2.00644687055442,0,0,0.040060001373291,1.63,0,-5399.92822265625
100000000000000000000000,1,920625000,0,-44,5.22167060196272,0,0,0.040060001373291,1.63,0,-5399.92822265625
100000000000000000000003,1,920625000,0,-46.5,1.17809724509617,0,0,0.040060001373291,1.63,0,-5399.92822265625
100000000000000000000001,1,920625000,0,-45.5,6.08683576633022,0,0,0.040060001373291,1.63,0,-5399.92822265625
100000000000000000000004,1,920625000,0,-51,1.84691286861431,0,0,0.040060001373291,1.63,0,-5399.92822265625
100000000000000000000003,1,920625000,0,-46.5,1.18423316824772,0,0,0.040060001373291,1.63,0,-5399.92822265625
100000000000000000000000,1,920625000,0,-44,5.24007837141735,0,0,0.040060001373291,1.63,0,-5399.92822265625
100000000000000000000001,1,920625000,0,-45.5,6.08683576633022,0,0,0.040060001373291,1.63,0,-5399.92822265625
100000000000000000000002,1,920625000,0,-45,1.99417502425133,0,0,0.040060001373291,1.63,0,-5399.92822265625
100000000000000000000000,1,920625000,0,-44,5.22167060196272,0,0,0.040060001373291,1.63,0,-5399.92822265625
100000000000000000000003,1,920625000,0,-46.5,1.17196132194463,0,0,0.040060001373291,1.63,0,-5399.92822265625
100000000000000000000004,1,920625000,0,-51,1.85304879176585,0,0,0.040060001373291,1.63,0,-5399.92822265625
100000000000000000000002,1,920625000,0,-45,2.0187187168575,0,0,0.040060001373291,1.63,0,-5399.92822265625
100000000000000000000001,1,920625000,0,-45.5,6.08069984317868,0,0,0.040060001373291,1.63,0,-5399.92822265625
100000000000000000000000,1,920625000,0,-44,5.22167060196272,0,0,0.040060001373291,1.63,0,-5399.92822265625
100000000000000000000004,1,920625000,0,-51,1.86532063806894,0,0,0.040060001373291,1.63,0,-5399.92822265625
100000000000000000000003,1,920625000,0,-46.5,1.17196132194463,0,0,0.040060001373291,1.63,0,-5399.92822265625
100000000000000000000001,1,920625000,0,-45.5,6.07456392002714,0,0,0.040060001373291,1.63,0,-5399.92822265625
100000000000000000000002,1,920625000,0,-45,1.99417502425133,0,0,0.040060001373291,1.63,0,-5399.92822265625
100000000000000000000002,1,920625000,0,-45,2.00644687055442,0,0,0.040060001373291,1.63,0,-5399.92822265625
100000000000000000000000,1,920625000,0,-44,5.22167060196272,0,0,0.040060001373291,1.63,0,-5399.92822265625
100000000000000000000003,1,920625000,0,-46,1.19036909139926,0,0,0.040060001373291,1.63,0,-5399.92822265625
100000000000000000000001,1,920625000,0,-45.5,6.08683576633022,0,0,0.040060001373291,1.63,0,-5399.92822265625
100000000000000000000004,1,920625000,0,-51.5,1.84077694546277,0,0,0.040060001373291,1.63,0,-5399.92822265625
100000000000000000000004,1,920625000,0,-51.5,1.84077694546277,0,0,0.040060001373291,1.63,0,-5399.92822265625
100000000000000000000002,1,920625000,0,-45,1.98190317794825,0,0,0.040060001373291,1.63,0,-5399.92822265625
100000000000000000000001,1,920625000,0,-45.5,6.09910761263331,0,0,0.040060001373291,1.63,0,-5399.92822265625
100000000000000000000000,1,920625000,0,-44,5.21553467881118,0,0,0.040060001373291,1.63,0,-5399.92822265625
100000000000000000000003,1,920625000,0,-46.5,1.18423316824772,0,0,0.040060001373291,1.63,0,-5399.92822265625
100000000000000000000001,1,920625000,0,-45.5,6.11137945893639,0,0,0.040060001373291,1.63,0,-5399.92822265625
100000000000000000000000,1,920625000,0,-44,5.22780652511427,0,0,0.040060001373291,1.63,0,-5399.92822265625
100000000000000000000002,1,920625000,0,-45,1.98803910109979,0,0,0.040060001373291,1.63,0,-5399.92822265625
100000000000000000000003,1,920625000,0,-46.5,1.18423316824772,0,0,0.040060001373291,1.63,0,-5399.92822265625
100000000000000000000004,1,920625000,0,-51.5,1.85304879176585,0,0,0.040060001373291,1.63,0,-5399.92822265625
100000000000000000000002,1,920625000,0,-45,2.00644687055442,0,0,0.040060001373291,1.63,0,-5399.92822265625
100000000000000000000003,1,920625000,0,-46.5,1.17809724509617,0,0,0.040060001373291,1.63,0,-5399.92822265625
100000000000000000000004,1,920625000,0,-51,1.82850509915968,0,0,0.040060001373291,1.63,0,-5399.92822265625
100000000000000000000001,1,920625000,0,-45.5,6.08069984317868,0,0,0.040060001373291,1.63,0,-5399.92822265625
100000000000000000000000,1,920625000,0,-44,5.21553467881118,0,0,0.040060001373291,1.63,0,-5399.92822265625
100000000000000000000004,1,920625000,0,-51,1.84077694546277,0,0,0.040060001373291,1.63,0,-5399.92822265625
100000000000000000000001,1,920625000,0,-46,6.09297168948177,0,0,0.040060001373291,1.63,0,-5399.92822265625
100000000000000000000000,1,920625000,0,-44,5.22167060196272,0,0,0.040060001373291,1.63,0,-5399.92822265625
100000000000000000000002,1,920625000,0,-45,2.03099056316059,0,0,0.040060001373291,1.63,0,-5399.92822265625
100000000000000000000003,1,920625000,0,-46.5,1.19036909139926,0,0,0.040060001373291,1.63,0,-5399.92822265625
100000000000000000000000,1,920625000,0,-44,5.23394244826581,0,0,0.040060001373291,1.63,0,-5399.92822265625
100000000000000000000001,1,920625000,0,-45.5,6.08683576633022,0,0,0.040060001373291,1.63,0,-5399.92822265625
100000000000000000000002,1,920625000,0,-45,1.97576725479671,0,0,0.040060001373291,1.63,0,-5399.92822265625
100000000000000000000003,1,920625000,0,-46.5,1.19036909139926,0,0,0.040060001373291,1.63,0,-5399.92822265625
100000000000000000000004,1,920625000,0,-51.5,1.86532063806894,0,0,0.040060001373291,1.63,0,-5399.92822265625
100000000000000000000001,1,920625000,0,-45.5,6.08683576633022,0,0,0.040060001373291,1.63,0,-5399.92822265625
100000000000000000000002,1,920625000,0,-45,2.01258279370596,0,0,0.040060001373291,1.63,0,-5399.92822265625
100000000000000000000000,1,920625000,0,-44,5.25235021772044,0,0,0.040060001373291,1.63,0,-5399.92822265625
100000000000000000000004,1,920625000,0,-51,1.85304879176585,0,0,0.040060001373291,1.63,0,-5399.92822265625
100000000000000000000003,1,920625000,0,-46.5,1.1965050145508,0,0,0.040060001373291,1.63,0,-5399.92822265625
100000000000000000000004,1,920625000,0,-51.5,1.8591847149174,0,0,0.040060001373291,1.63,0,-5399.92822265625
100000000000000000000002,1,920625000,0,-45,2.01258279370596,0,0,0.040060001373291,1.63,0,-5399.92822265625
100000000000000000000000,1,920625000,0,-44,5.21553467881118,0,0,0.040060001373291,1.63,0,-5399.92822265625
100000000000000000000003,1,920625000,0,-46.5,1.18423316824772,0,0,0.040060001373291,1.63,0,-5399.92822265625
100000000000000000000001,1,920625000,0,-46,6.08683576633022,0,0,0.040060001373291,1.63,0,-5399.92822265625
100000000000000000000003,1,920625000,0,-46.5,1.18423316824772,0,0,0.040060001373291,1.63,0,-5399.92822265625
100000000000000000000004,1,920625000,0,-51.5,1.84691286861431,0,0,0.040060001373291,1.63,0,-5399.92822265625
100000000000000000000002,1,920625000,0,-45,2.01258279370596,0,0,0.040060001373291,1.63,0,-5399.92822265625
100000000000000000000001,1,920625000,0,-45.5,6.10524353578485,0,0,0.040060001373291,1.63,0,-5399.92822265625
100000000000000000000000,1,920625000,0,-44,5.22780652511427,0,0,0.040060001373291,1.63,0,-5399.92822265625
100000000000000000000001,1,920625000,0,-45.5,6.10524353578485,0,0,0.040060001373291,1.63,0,-5399.92822265625
100000000000000000000000,1,920625000,0,-44,5.24007837141735,0,0,0.040060001373291,1.63,0,-5399.92822265625
100000000000000000000002,1,920625000,0,-45,2.00644687055442,0,0,0.040060001373291,1.63,0,-5399.92822265625
100000000000000000000004,1,920625000,0,-51,1.82236917600814,0,0,0.040060001373291,1.63,0,-5399.92822265625
100000000000000000000003,1,920625000,0,-46.5,1.19036909139926,0,0,0.040060001373291,1.63,0,-5399.92822265625
100000000000000000000003,1,920625000,0,-46.5,1.19036909139926,0,0,0.040060001373291,1.63,0,-5399.92822265625
100000000000000000000002,1,920625000,0,-45,2.00644687055442,0,0,0.040060001373291,1.63,0,-5399.92822265625
100000000000000000000001,1,920625000,0,-45.5,6.09297168948177,0,0,0.040060001373291,1.63,0,-5399.92822265625
100000000000000000000000,1,920625000,0,-44,5.22780652511427,0,0,0.040060001373291,1.63,0,-5399.92822265625
100000000000000000000004,1,920625000,0,-51,1.88372840752357,0,0,0.040060001373291,1.63,0,-5399.92822265625
100000000000000000000003,1,920625000,0,-46.5,1.17196132194463,0,0,0.040060001373291,1.63,0,-5399.92822265625
100000000000000000000004,1,920625000,0,-51,1.8591847149174,0,0,0.040060001373291,1.63,0,-5399.92822265625
100000000000000000000001,1,920625000,0,-45.5,6.09297168948177,0,0,0.040060001373291,1.63,0,-5399.92822265625
100000000000000000000002,1,920625000,0,-45,2.01258279370596,0,0,0.040060001373291,1.63,0,-5399.92822265625
100000000000000000000000,1,920625000,0,-44,5.22167060196272,0,0,0.040060001373291,1.63,0,-5399.92822265625
100000000000000000000000,1,920625000,0,-44,5.22167060196272,0,0,0.040060001373291,1.63,0,-5399.92822265625
100000000000000000000003,1,920625000,0,-46,1.17809724509617,0,0,0.040060001373291,1.63,0,-5399.92822265625
100000000000000000000002,1,920625000,0,-45,1.99417502425133,0,0,0.040060001373291,1.63,0,-5399.92822265625
100000000000000000000001,1,920625000,0,-45.5,6.09297168948177,0,0,0.040060001373291,1.63,0,-5399.92822265625
100000000000000000000004,1,920625000,0,-51,1.8591847149174,0,0,0.040060001373291,1.63,0,-5399.92822265625
100000000000000000000001,1,920625000,0,-45.5,6.08683576633022,0,0,0.040060001373291,1.63,0,-5399.92822265625
100000000000000000000002,1,920625000,0,-45,2.0187187168575,0,0,0.040060001373291,1.63,0,-5399.92822265625
100000000000000000000000,1,920625000,0,-44,5.20939875565964,0,0,0.040060001373291,1.63,0,-5399.92822265625
100000000000000000000003,1,920625000,0,-46.5,1.18423316824772,0,0,0.040060001373291,1.63,0,-5399.92822265625
100000000000000000000004,1,920625000,0,-51,1.84077694546277,0,0,0.040060001373291,1.63,0,-5399.92822265625
100000000000000000000003,1,920625000,0,-46.5,1.18423316824772,0,0,0.040060001373291,1.63,0,-5399.92822265625
100000000000000000000001,1,920625000,0,-45.5,6.08683576633022,0,0,0.040060001373291,1.63,0,-5399.92822265625
100000000000000000000002,1,920625000,0,-45,1.97576725479671,0,0,0.040060001373291,1.63,0,-5399.92822265625
100000000000000000000000,1,920625000,0,-44,5.24621429456889,0,0,0.040060001373291,1.63,0,-5399.92822265625
100000000000000000000004,1,920625000,0,-51.5,1.85304879176585,0,0,0.040060001373291,1.63,0,-5399.92822265625
100000000000000000000000,1,920625000,0,-44,5.24621429456889,0,0,0.040060001373291,1.63,0,-5399.92822265625
100000000000000000000001,1,920625000,0,-45.5,6.08069984317868,0,0,0.040060001373291,1.63,0,-5399.92822265625
100000000000000000000003,1,920625000,0,-46,1.17196132194463,0,0,0.040060001373291,1.63,0,-5399.92822265625
100000000000000000000002,1,920625000,0,-45,1.97576725479671,0,0,0.040060001373291,1.63,0,-5399.92822265625
100000000000000000000004,1,920625000,0,-51,1.84077694546277,0,0,0.040060001373291,1.63,0,-5399.92822265625
100000000000000000000001,1,920625000,0,-45.5,6.08069984317868,0,0,0.040060001373291,1.63,0,-5399.92822265625
100000000000000000000000,1,920625000,0,-44,5.23394244826581,0,0,0.040060001373291,1.63,0,-5399.92822265625
100000000000000000000002,1,920625000,0,-45,1.99417502425133,0,0,0.040060001373291,1.63,0,-5399.92822265625
100000000000000000000003,1,920625000,0,-46.5,1.19036909139926,0,0,0.040060001373291,1.63,0,-5399.92822265625
100000000000000000000004,1,920625000,0,-51.5,1.8591847149174,0,0,0.040060001373291,1.63,0,-5399.92822265625
100000000000000000000003,1,920625000,0,-46.5,1.17196132194463,0,0,0.040060001373291,1.63,0,-5399.92822265625
100000000000000000000002,1,920625000,0,-45,1.99417502425133,0,0,0.040060001373291,1.63,0,-5399.92822265625
100000000000000000000001,1,920625000,0,-45.5,6.08069984317868,0,0,0.040060001373291,1.63,0,-5399.92822265625
100000000000000000000000,1,920625000,0,-44,5.24007837141735,0,0,0.040060001373291,1.63,0,-5399.92822265625
100000000000000000000004,1,920625000,0,-51,1.87759248437203,0,0,0.040060001373291,1.63,0,-5399.92822265625
100000000000000000000003,1,920625000,0,-46.5,1.17809724509617,0,0,0.040060001373291,1.63,0,-5399.92822265625
100000000000000000000004,1,920625000,0,-51,1.8591847149174,0,0,0.040060001373291,1.63,0,-5399.92822265625
100000000000000000000001,1,920625000,0,-45.5,6.0684279968756,0,0,0.040060001373291,1.63,0,-5399.92822265625
100000000000000000000000,1,920625000,0,-44,5.24007837141735,0,0,0.040060001373291,1.63,0,-5399.92822265625
100000000000000000000002,1,920625000,0,-45,1.98190317794825,0,0,0.040060001373291,1.63,0,-5399.92822265625
100000000000000000000003,1,920625000,0,-46.5,1.18423316824772,0,0,0.040060001373291,1.63,0,-5399.92822265625
100000000000000000000000,1,920625000,0,-44,5.24007837141735,0,0,0.040060001373291,1.63,0,-5399.92822265625
100000000000000000000001,1,920625000,0,-45.5,6.08069984317868,0,0,0.040060001373291,1.63,0,-5399.92822265625
100000000000000000000002,1,920625000,0,-45,1.98803910109979,0,0,0.040060001373291,1.63,0,-5399.92822265625
100000000000000000000004,1,920625000,0,-51,1.84077694546277,0,0,0.040060001373291,1.63,0,-5399.92822265625
100000000000000000000000,1,920625000,0,-44,5.23394244826581,0,0,0.040060001373291,1.63,0,-5399.92822265625
100000000000000000000001,1,920625000,0,-45.5,6.09910761263331,0,0,0.040060001373291,1.63,0,-5399.92822265625
100000000000000000000002,1,920625000,0,-45,2.00031094740288,0,0,0.040060001373291,1.63,0,-5399.92822265625
100000000000000000000003,1,920625000,0,-46,1.17809724509617,0,0,0.040060001373291,1.63,0,-5399.92822265625
100000000000000000000004,1,920625000,0,-51,1.83464102231123,0,0,0.040060001373291,1.63,0,-5399.92822265625
100000000000000000000001,1,920625000,0,-45.5,6.09297168948177,0,0,0.040060001373291,1.63,0,-5399.92822265625
100000000000000000000002,1,920625000,0,-45,2.02485464000905,0,0,0.040060001373291,1.63,0,-5399.92822265625
100000000000000000000000,1,920625000,0,-44,5.23394244826581,0,0,0.040060001373291,1.63,0,-5399.92822265625
100000000000000000000004,1,920625000,0,-51.5,1.86532063806894,0,0,0.040060001373291,1.63,0,-5399.92822265625
100000000000000000000003,1,920625000,0,-46.5,1.18423316824772,0,0,0.040060001373291,1.63,0,-5399.92822265625
100000000000000000000001,1,920625000,0,-45.5,6.08683576633022,0,0,0.040060001373291,1.63,0,-5399.92822265625
100000000000000000000002,1,920625000,0,-45,1.97576725479671,0,0,0.040060001373291,1.63,0,-5399.92822265625
100000000000000000000004,1,920625000,0,-51,1.8591847149174,0,0,0.040060001373291,1.63,0,-5399.92822265625
100000000000000000000003,1,920625000,0,-46.5,1.17809724509617,0,0,0.040060001373291,1.63,0,-5399.92822265625
100000000000000000000000,1,920625000,0,-44,5.20939875565964,0,0,0.040060001373291,1.63,0,-5399.92822265625
100000000000000000000001,1,920625000,0,-45.5,6.07456392002714,0,0,0.040060001373291,1.63,0,-5399.92822265625
100000000000000000000000,1,920625000,0,-44,5.23394244826581,0,0,0.040060001373291,1.63,0,-5399.92822265625
100000000000000000000002,1,920625000,0,-45,1.98803910109979,0,0,0.040060001373291,1.63,0,-5399.92822265625
100000000000000000000003,1,920625000,0,-46.5,1.17809724509617,0,0,0.040060001373291,1.63,0,-5399.92822265625
100000000000000000000004,1,920625000,0,-51,1.86532063806894,0,0,0.040060001373291,1.63,0,-5399.92822265625
100000000000000000000001,1,920625000,0,-45.5,6.08069984317868,0,0,0.040060001373291,1.63,0,-5399.92822265625
100000000000000000000004,1,920625000,0,-51,1.84691286861431,0,0,0.040060001373291,1.63,0,-5399.92822265625
100000000000000000000003,1,920625000,0,-46.5,1.18423316824772,0,0,0.040060001373291,1.63,0,-5399.92822265625
100000000000000000000000,1,920625000,0,-44,5.22167060196272,0,0,0.040060001373291,1.63,0,-5399.92822265625
100000000000000000000002,1,920625000,0,-45,1.97576725479671,0,0,0.040060001373291,1.63,0,-5399.92822265625
100000000000000000000001,1,920625000,0,-45.5,6.09297168948177,0,0,0.040060001373291,1.63,0,-5399.92822265625
100000000000000000000004,1,920625000,0,-51,1.8591847149174,0,0,0.040060001373291,1.63,0,-5399.92822265625
100000000000000000000000,1,920625000,0,-44,5.21553467881118,0,0,0.040060001373291,1.63,0,-5399.92822265625
100000000000000000000002,1,920625000,0,-45,2.00031094740288,0,0,0.040060001373291,1.63,0,-5399.92822265625
100000000000000000000003,1,920625000,0,-46.5,1.20877686085389,0,0,0.040060001373291,1.63,0,-5399.92822265625
100000000000000000000001,1,920625000,0,-45.5,6.08683576633022,0,0,0.040060001373291,1.63,0,-5399.92822265625
100000000000000000000004,1,920625000,0,-51,1.86532063806894,0,0,0.040060001373291,1.63,0,-5399.92822265625
100000000000000000000002,1,920625000,0,-45,2.00031094740288,0,0,0.040060001373291,1.63,0,-5399.92822265625
100000000000000000000000,1,920625000,0,-44,5.22780652511427,0,0,0.040060001373291,1.63,0,-5399.92822265625
100000000000000000000003,1,920625000,0,-46,1.18423316824772,0,0,0.040060001373291,1.63,0,-5399.92822265625
100000000000000000000004,1,920625000,0,-51.5,1.84691286861431,0,0,0.040060001373291,1.63,0,-5399.92822265625
100000000000000000000000,1,920625000,0,-44,5.23394244826581,0,0,0.040060001373291,1.63,0,-5399.92822265625
100000000000000000000001,1,920625000,0,-45.5,6.10524353578485,0,0,0.040060001373291,1.63,0,-5399.92822265625
100000000000000000000003,1,920625000,0,-46.5,1.17196132194463,0,0,0.040060001373291,1.63,0,-5399.92822265625
100000000000000000000002,1,920625000,0,-45,2.00031094740288,0,0,0.040060001373291,1.63,0,-5399.92822265625
100000000000000000000002,1,920625000,0,-45,1.99417502425133,0,0,0.040060001373291,1.63,0,-5399.92822265625
100000000000000000000001,1,920625000,0,-45.5,6.08683576633022,0,0,0.040060001373291,1.63,0,-5399.92822265625
100000000000000000000000,1,920625000,0,-44,5.20939875565964,0,0,0.040060001373291,1.63,0,-5399.92822265625
100000000000000000000004,1,920625000,0,-51,1.88372840752357,0,0,0.040060001373291,1.63,0,-5399.92822265625
100000000000000000000003,1,920625000,0,-46.5,1.19036909139926,0,0,0.040060001373291,1.63,0,-5399.92822265625
100000000000000000000003,1,920625000,0,-46.5,1.18423316824772,0,0,0.040060001373291,1.63,0,-5399.92822265625
100000000000000000000002,1,920625000,0,-45,2.00031094740288,0,0,0.040060001373291,1.63,0,-5399.92822265625
100000000000000000000004,1,920625000,0,-51,1.82850509915968,0,0,0.040060001373291,1.63,0,-5399.92822265625
100000000000000000000000,1,920625000,0,-44,5.21553467881118,0,0,0.040060001373291,1.63,0,-5399.92822265625
100000000000000000000001,1,920625000,0,-45.5,6.09297168948177,0,0,0.040060001373291,1.63,0,-5399.92822265625
100000000000000000000004,1,920625000,0,-51,1.8162332528566,0,0,0.040060001373291,1.63,0,-5399.92822265625
100000000000000000000001,1,920625000,0,-45.5,6.09297168948177,0,0,0.040060001373291,1.63,0,-5399.92822265625
100000000000000000000000,1,920625000,0,-44,5.24621429456889,0,0,0.040060001373291,1.63,0,-5399.92822265625
100000000000000000000002,1,920625000,0,-45,2.00644687055442,0,0,0.040060001373291,1.63,0,-5399.92822265625
100000000000000000000003,1,920625000,0,-46,1.17809724509617,0,0,0.040060001373291,1.63,0,-5399.92822265625
100000000000000000000002,1,920625000,0,-45,2.00031094740288,0,0,0.040060001373291,1.63,0,-5399.92822265625
100000000000000000000000,1,920625000,0,-44,5.22167060196272,0,0,0.040060001373291,1.63,0,-5399.92822265625
100000000000000000000001,1,920625000,0,-45.5,6.08683576633022,0,0,0.040060001373291,1.63,0,-5399.92822265625
100000000000000000000003,1,920625000,0,-46.5,1.18423316824772,0,0,0.040060001373291,1.63,0,-5399.92822265625
100000000000000000000004,1,920625000,0,-51,1.85304879176585,0,0,0.040060001373291,1.63,0,-5399.92822265625
100000000000000000000002,1,920625000,0,-45,2.02485464000905,0,0,0.040060001373291,1.63,0,-5399.92822265625
100000000000000000000004,1,920625000,0,-51,1.84077694546277,0,0,0.040060001373291,1.63,0,-5399.92822265625
100000000000000000000000,1,920625000,0,-44,5.21553467881118,0,0,0.040060001373291,1.63,0,-5399.92822265625
100000000000000000000003,1,920625000,0,-46.5,1.18423316824772,0,0,0.040060001373291,1.63,0,-5399.92822265625
100000000000000000000001,1,920625000,0,-45.5,6.08683576633022,0,0,0.040060001373291,1.63,0,-5399.92822265625
100000000000000000000001,1,920625000,0,-45.5,6.09297168948177,0,0,0.040060001373291,1.63,0,-5399.92822265625
100000000000000000000004,1,920625000,0,-51.5,1.86532063806894,0,0,0.040060001373291,1.63,0,-5399.92822265625
100000000000000000000002,1,920625000,0,-45,2.02485464000905,0,0,0.040060001373291,1.63,0,-5399.92822265625
100000000000000000000000,1,920625000,0,-44,5.23394244826581,0,0,0.040060001373291,1.63,0,-5399.92822265625
100000000000000000000003,1,920625000,0,-46.5,1.17809724509617,0,0,0.040060001373291,1.63,0,-5399.92822265625
100000000000000000000000,1,920625000,0,-44,5.24007837141735,0,0,0.040060001373291,1.63,0,-5399.92822265625
100000000000000000000004,1,920625000,0,-51,1.85304879176585,0,0,0.040060001373291,1.63,0,-5399.92822265625
100000000000000000000001,1,920625000,0,-45.5,6.08069984317868,0,0,0.040060001373291,1.63,0,-5399.92822265625
100000000000000000000002,1,920625000,0,-45,1.96963133164516,0,0,0.040060001373291,1.63,0,-5399.92822265625
100000000000000000000003,1,920625000,0,-46.5,1.17196132194463,0,0,0.040060001373291,1.63,0,-5399.92822265625
100000000000000000000003,1,920625000,0,-46.5,1.19036909139926,0,0,0.040060001373291,1.63,0,-5399.92822265625
100000000000000000000004,1,920625000,0,-51.5,1.84077694546277,0,0,0.040060001373291,1.63,0,-5399.92822265625
100000000000000000000001,1,920625000,0,-45.5,6.09297168948177,0,0,0.040060001373291,1.63,0,-5399.92822265625
100000000000000000000000,1,920625000,0,-44,5.24007837141735,0,0,0.040060001373291,1.63,0,-5399.92822265625
100000000000000000000002,1,920625000,0,-45,2.00031094740288,0,0,0.040060001373291,1.63,0,-5399.92822265625
100000000000000000000004,1,920625000,0,-51.5,1.84691286861431,0,0,0.040060001373291,1.63,0,-5399.92822265625
100000000000000000000000,1,920625000,0,-44,5.22167060196272,0,0,0.040060001373291,1.63,0,-5399.92822265625
100000000000000000000002,1,920625000,0,-45,2.0187187168575,0,0,0.040060001373291,1.63,0,-5399.92822265625
100000000000000000000001,1,920625000,0,-45.5,6.08069984317868,0,0,0.040060001373291,1.63,0,-5399.92822265625
100000000000000000000003,1,920625000,0,-46.5,1.19036909139926,0,0,0.040060001373291,1.63,0,-5399.92822265625
100000000000000000000004,1,920625000,0,-51,1.85304879176585,0,0,0.040060001373291,1.63,0,-5399.92822265625
100000000000000000000001,1,920625000,0,-45.5,6.08683576633022,0,0,0.040060001373291,1.63,0,-5399.92822265625
100000000000000000000000,1,920625000,0,-44,5.24621429456889,0,0,0.040060001373291,1.63,0,-5399.92822265625
100000000000000000000002,1,920625000,0,-45,2.01258279370596,0,0,0.040060001373291,1.63,0,-5399.92822265625
100000000000000000000003,1,920625000,0,-46.5,1.18423316824772,0,0,0.040060001373291,1.63,0,-5399.92822265625
100000000000000000000001,1,920625000,0,-45.5,6.10524353578485,0,0,0.040060001373291,1.63,0,-5399.92822265625
100000000000000000000000,1,920625000,0,-44,5.23394244826581,0,0,0.040060001373291,1.63,0,-5399.92822265625
100000000000000000000004,1,920625000,0,-51,1.82850509915968,0,0,0.040060001373291,1.63,0,-5399.92822265625
100000000000000000000003,1,920625000,0,-46.5,1.17196132194463,0,0,0.040060001373291,1.63,0,-5399.92822265625
100000000000000000000002,1,920625000,0,-45,2.0187187168575,0,0,0.040060001373291,1.63,0,-5399.92822265625
100000000000000000000003,1,920625000,0,-46.5,1.18423316824772,0,0,0.040060001373291,1.63,0,-5399.92822265625
100000000000000000000000,1,920625000,0,-44,5.24007837141735,0,0,0.040060001373291,1.63,0,-5399.92822265625
100000000000000000000002,1,920625000,0,-45,2.01258279370596,0,0,0.040060001373291,1.63,0,-5399.92822265625
100000000000000000000001,1,920625000,0,-45.5,6.09297168948177,0,0,0.040060001373291,1.63,0,-5399.92822265625
100000000000000000000004,1,920625000,0,-51.5,1.82236917600814,0,0,0.040060001373291,1.63,0,-5399.92822265625
100000000000000000000004,1,920625000,0,-51,1.82850509915968,0,0,0.040060001373291,1.63,0,-5399.92822265625
100000000000000000000003,1,920625000,0,-46.5,1.17809724509617,0,0,0.040060001373291,1.63,0,-5399.92822265625
100000000000000000000001,1,920625000,0,-45.5,6.09297168948177,0,0,0.040060001373291,1.63,0,-5399.92822265625
100000000000000000000000,1,920625000,0,-44,5.23394244826581,0,0,0.040060001373291,1.63,0,-5399.92822265625
100000000000000000000002,1,920625000,0,-45,2.00031094740288,0,0,0.040060001373291,1.63,0,-5399.92822265625
100000000000000000000002,1,921125000,0,-45,2.25188379661612,0,0,0.040060001373291,1.63,0,-5399.92822265625
100000000000000000000000,1,921125000,0,-44.5,5.4486997585698,0,0,0.040060001373291,1.63,0,-5399.92822265625
100000000000000000000004,1,921125000,0,-51,2.04326240946367,0,0,0.040060001373291,1.63,0,-5399.92822265625
100000000000000000000003,1,921125000,0,-46.5,1.44807786376405,0,0,0.040060001373291,1.63,0,-5399.92822265625
100000000000000000000001,1,921125000,0,-46,0.0184077694546279,0,0,0.040060001373291,1.63,0,-5399.92822265625
100000000000000000000000,1,921125000,0,-44.5,5.44256383541826,0,0,0.040060001373291,1.63,0,-5399.92822265625
100000000000000000000002,1,921125000,0,-45,2.27642748922229,0,0,0.040060001373291,1.63,0,-5399.92822265625
100000000000000000000001,1,921125000,0,-46,0.0490873852123404,0,0,0.040060001373291,1.63,0,-5399.92822265625
100000000000000000000003,1,921125000,0,-46.5,1.43580601746096,0,0,0.040060001373291,1.63,0,-5399.92822265625
100000000000000000000004,1,921125000,0,-50.5,2.05553425576676,0,0,0.040060001373291,1.63,0,-5399.92822265625
100000000000000000000004,1,921125000,0,-51,2.04326240946367,0,0,0.040060001373291,1.63,0,-5399.92822265625
100000000000000000000001,1,921125000,0,-46,0.042951462060798,0,0,0.040060001373291,1.63,0,-5399.92822265625
100000000000000000000003,1,921125000,0,-46.5,1.44807786376405,0,0,0.040060001373291,1.63,0,-5399.92822265625
100000000000000000000000,1,921125000,0,-44.5,5.43642791226671,0,0,0.040060001373291,1.63,0,-5399.92822265625
100000000000000000000002,1,921125000,0,-45,2.27029156607075,0,0,0.040060001373291,1.63,0,-5399.92822265625
100000000000000000000004,1,921125000,0,-51,2.0187187168575,0,0,0.040060001373291,1.63,0,-5399.92822265625
100000000000000000000003,1,921125000,0,-46.5,1.44807786376405,0,0,0.040060001373291,1.63,0,-5399.92822265625
100000000000000000000002,1,921125000,0,-45,2.24574787346458,0,0,0.040060001373291,1.63,0,-5399.92822265625
100000000000000000000000,1,921125000,0,-44.5,5.4486997585698,0,0,0.040060001373291,1.63,0,-5399.92822265625
100000000000000000000001,1,921125000,0,-46,0.0368155389092557,0,0,0.040060001373291,1.63,0,-5399.92822265625
100000000000000000000000,1,921125000,0,-44.5,5.4486997585698,0,0,0.040060001373291,1.63,0,-5399.92822265625
100000000000000000000004,1,921125000,0,-51,2.05553425576676,0,0,0.040060001373291,1.63,0,-5399.92822265625
100000000000000000000002,1,921125000,0,-45.5,2.25801971976766,0,0,0.040060001373291,1.63,0,-5399.92822265625
100000000000000000000003,1,921125000,0,-46.5,1.4419419406125,0,0,0.040060001373291,1.63,0,-5399.92822265625
100000000000000000000001,1,921125000,0,-46,0.0552233083638827,0,0,0.040060001373291,1.63,0,-5399.92822265625
100000000000000000000001,1,921125000,0,-46,0.0245436926061702,0,0,0.040060001373291,1.63,0,-5399.92822265625
100000000000000000000000,1,921125000,0,-44.5,5.44256383541826,0,0,0.040060001373291,1.63,0,-5399.92822265625
100000000000000000000002,1,921125000,0,-45,2.26415564291921,0,0,0.040060001373291,1.63,0,-5399.92822265625
100000000000000000000003,1,921125000,0,-46.5,1.44807786376405,0,0,0.040060001373291,1.63,0,-5399.92822265625
100000000000000000000004,1,921125000,0,-51,2.08007794837293,0,0,0.040060001373291,1.63,0,-5399.92822265625
100000000000000000000004,1,921125000,0,-51,2.0616701789183,0,0,0.040060001373291,1.63,0,-5399.92822265625
100000000000000000000003,1,921125000,0,-46.5,1.46034971006713,0,0,0.040060001373291,1.63,0,-5399.92822265625
100000000000000000000002,1,921125000,0,-45,2.26415564291921,0,0,0.040060001373291,1.63,0,-5399.92822265625
100000000000000000000000,1,921125000,0,-44.5,5.46097160487288,0,0,0.040060001373291,1.63,0,-5399.92822265625
100000000000000000000001,1,921125000,0,-46,0.0306796157577125,0,0,0.040060001373291,1.63,0,-5399.92822265625
100000000000000000000001,1,921125000,0,-46,0.0184077694546279,0,0,0.040060001373291,1.63,0,-5399.92822265625
100000000000000000000000,1,921125000,0,-44.5,5.4486997585698,0,0,0.040060001373291,1.63,0,-5399.92822265625
100000000000000000000002,1,921125000,0,-45,2.27029156607075,0,0,0.040060001373291,1.63,0,-5399.92822265625
100000000000000000000003,1,921125000,0,-46.5,1.4419419406125,0,0,0.040060001373291,1.63,0,-5399.92822265625
100000000000000000000004,1,921125000,0,-51,2.0616701789183,0,0,0.040060001373291,1.63,0,-5399.92822265625
100000000000000000000003,1,921125000,0,-46.5,1.44807786376405,0,0,0.040060001373291,1.63,0,-5399.92822265625
100000000000000000000002,1,921125000,0,-45,2.25188379661612,0,0,0.040060001373291,1.63,0,-5399.92822265625
100000000000000000000001,1,921125000,0,-46,0.0368155389092557,0,0,0.040060001373291,1.63,0,-5399.92822265625
100000000000000000000000,1,921125000,0,-44.5,5.44256383541826,0,0,0.040060001373291,1.63,0,-5399.92822265625
100000000000000000000004,1,921125000,0,-51,2.09848571782756,0,0,0.040060001373291,1.63,0,-5399.92822265625
100000000000000000000000,1,921125000,0,-44.5,5.4486997585698,0,0,0.040060001373291,1.63,0,-5399.92822265625
100000000000000000000003,1,921125000,0,-46.5,1.41739824800633,0,0,0.040060001373291,1.63,0,-5399.92822265625
100000000000000000000004,1,921125000,0,-51,2.0616701789183,0,0,0.040060001373291,1.63,0,-5399.92822265625
100000000000000000000001,1,921125000,0,-46,0.0122718463030855,0,0,0.040060001373291,1.63,0,-5399.92822265625
100000000000000000000002,1,921125000,0,-45.5,2.26415564291921,0,0,0.040060001373291,1.63,0,-5399.92822265625
100000000000000000000003,1,921125000,0,-46.5,1.42967009430942,0,0,0.040060001373291,1.63,0,-5399.92822265625
100000000000000000000001,1,921125000,0,-46,0.0368155389092557,0,0,0.040060001373291,1.63,0,-5399.92822265625
100000000000000000000002,1,921125000,0,-45,2.25801971976766,0,0,0.040060001373291,1.63,0,-5399.92822265625
100000000000000000000000,1,921125000,0,-44.5,5.4486997585698,0,0,0.040060001373291,1.63,0,-5399.92822265625
100000000000000000000004,1,921125000,0,-51,2.03099056316059,0,0,0.040060001373291,1.63,0,-5399.92822265625
100000000000000000000000,1,921125000,0,-44.5,5.39961237335746,0,0,0.040060001373291,1.63,0,-5399.92822265625
100000000000000000000004,1,921125000,0,-51,2.03099056316059,0,0,0.040060001373291,1.63,0,-5399.92822265625
100000000000000000000003,1,921125000,0,-46.5,1.42967009430942,0,0,0.040060001373291,1.63,0,-5399.92822265625
100000000000000000000001,1,921125000,0,-46,0.0552233083638827,0,0,0.040060001373291,1.63,0,-5399.92822265625
100000000000000000000002,1,921125000,0,-45,2.25188379661612,0,0,0.040060001373291,1.63,0,-5399.92822265625
100000000000000000000001,1,921125000,0,-46,0.0245436926061702,0,0,0.040060001373291,1.63,0,-5399.92822265625
100000000000000000000002,1,921125000,0,-45,2.26415564291921,0,0,0.040060001373291,1.63,0,-5399.92822265625
100000000000000000000004,1,921125000,0,-51,2.03712648631213,0,0,0.040060001373291,1.63,0,-5399.92822265625
100000000000000000000000,1,921125000,0,-44.5,5.4486997585698,0,0,0.040060001373291,1.63,0,-5399.92822265625
100000000000000000000003,1,921125000,0,-46.5,1.44807786376405,0,0,0.040060001373291,1.63,0,-5399.92822265625
100000000000000000000004,1,921125000,0,-51,2.08007794837293,0,0,0.040060001373291,1.63,0,-5399.92822265625
100000000000000000000000,1,921125000,0,-44.5,5.46097160487288,0,0,0.040060001373291,1.63,0,-5399.92822265625
100000000000000000000001,1,921125000,0,-46,0.0674951546669682,0,0,0.040060001373291,1.63,0,-5399.92822265625
100000000000000000000002,1,921125000,0,-45.5,2.25188379661612,0,0,0.040060001373291,1.63,0,-5399.92822265625
100000000000000000000003,1,921125000,0,-46.5,1.4419419406125,0,0,0.040060001373291,1.63,0,-5399.92822265625
100000000000000000000003,1,921125000,0,-46.5,1.4419419406125,0,0,0.040060001373291,1.63,0,-5399.92822265625
100000000000000000000002,1,921125000,0,-45,2.27029156607075,0,0,0.040060001373291,1.63,0,-5399.92822265625
100000000000000000000001,1,921125000,0,-46,0.0368155389092557,0,0,0.040060001373291,1.63,0,-5399.92822265625
100000000000000000000004,1,921125000,0,-51,2.08007794837293,0,0,0.040060001373291,1.63,0,-5399.92822265625
100000000000000000000000,1,921125000,0,-44.5,5.46710752802443,0,0,0.040060001373291,1.63,0,-5399.92822265625
100000000000000000000001,1,921125000,0,-46,0.0490873852123404,0,0,0.040060001373291,1.63,0,-5399.92822265625
100000000000000000000002,1,921125000,0,-45,2.25801971976766,0,0,0.040060001373291,1.63,0,-5399.92822265625
100000000000000000000004,1,921125000,0,-51,2.0616701789183,0,0,0.040060001373291,1.63,0,-5399.92822265625
100000000000000000000000,1,921125000,0,-44.5,5.4486997585698,0,0,0.040060001373291,1.63,0,-5399.92822265625
100000000000000000000003,1,921125000,0,-46.5,1.45421378691559,0,0,0.040060001373291,1.63,0,-5399.92822265625
100000000000000000000003,1,921125000,0,-46.5,1.43580601746096,0,0,0.040060001373291,1.63,0,-5399.92822265625
100000000000000000000000,1,921125000,0,-44.5,5.44256383541826,0,0,0.040060001373291,1.63,0,-5399.92822265625
100000000000000000000002,1,921125000,0,-45,2.23961195031304,0,0,0.040060001373291,1.63,0,-5399.92822265625
100000000000000000000001,1,921125000,0,-46,0.0490873852123404,0,0,0.040060001373291,1.63,0,-5399.92822265625
100000000000000000000004,1,921125000,0,-51,2.0616701789183,0,0,0.040060001373291,1.63,0,-5399.92822265625
100000000000000000000000,1,921125000,0,-44.5,5.44256383541826,0,0,0.040060001373291,1.63,0,-5399.92822265625
100000000000000000000003,1,921125000,0,-46.5,1.43580601746096,0,0,0.040060001373291,1.63,0,-5399.92822265625
100000000000000000000004,1,921125000,0,-51,2.05553425576676,0,0,0.040060001373291,1.63,0,-5399.92822265625
100000000000000000000001,1,921125000,0,-46,0.0368155389092557,0,0,0.040060001373291,1.63,0,-5399.92822265625
100000000000000000000002,1,921125000,0,-45,2.27029156607075,0,0,0.040060001373291,1.63,0,-5399.92822265625
100000000000000000000003,1,921125000,0,-46.5,1.43580601746096,0,0,0.040060001373291,1.63,0,-5399.92822265625
100000000000000000000001,1,921125000,0,-46,0.0552233083638827,0,0,0.040060001373291,1.63,0,-5399.92822265625
100000000000000000000000,1,921125000,0,-44.5,5.41188421966054,0,0,0.040060001373291,1.63,0,-5399.92822265625
100000000000000000000002,1,921125000,0,-45,2.27029156607075,0,0,0.040060001373291,1.63,0,-5399.92822265625
100000000000000000000004,1,921125000,0,-51,2.07394202522139,0,0,0.040060001373291,1.63,0,-5399.92822265625
100000000000000000000000,1,921125000,0,-44.5,5.4486997585698,0,0,0.040060001373291,1.63,0,-5399.92822265625
100000000000000000000001,1,921125000,0,-46,0.042951462060798,0,0,0.040060001373291,1.63,0,-5399.92822265625
100000000000000000000002,1,921125000,0,-45,2.24574787346458,0,0,0.040060001373291,1.63,0,-5399.92822265625
100000000000000000000003,1,921125000,0,-46.5,1.44807786376405,0,0,0.040060001373291,1.63,0,-5399.92822265625
100000000000000000000004,1,921125000,0,-51,2.0616701789183,0,0,0.040060001373291,1.63,0,-5399.92822265625
100000000000000000000000,1,921125000,0,-44.5,5.45483568172134,0,0,0.040060001373291,1.63,0,-5399.92822265625
100000000000000000000002,1,921125000,0,-45,2.23347602716149,0,0,0.040060001373291,1.63,0,-5399.92822265625
100000000000000000000001,1,921125000,0,-46,0.0368155389092557,0,0,0.040060001373291,1.63,0,-5399.92822265625
100000000000000000000004,1,921125000,0,-51,2.05553425576676,0,0,0.040060001373291,1.63,0,-5399.92822265625
100000000000000000000003,1,921125000,0,-46.5,1.45421378691559,0,0,0.040060001373291,1.63,0,-5399.92822265625
100000000000000000000003,1,921125000,0,-46.5,1.45421378691559,0,0,0.040060001373291,1.63,0,-5399.92822265625
100000000000000000000001,1,921125000,0,-46,0.0245436926061702,0,0,0.040060001373291,1.63,0,-5399.92822265625
100000000000000000000004,1,921125000,0,-51,2.03099056316059,0,0,0.040060001373291,1.63,0,-5399.92822265625
100000000000000000000002,1,921125000,0,-45,2.23961195031304,0,0,0.040060001373291,1.63,0,-5399.92822265625
100000000000000000000000,1,921125000,0,-44.5,5.44256383541826,0,0,0.040060001373291,1.63,0,-5399.92822265625
100000000000000000000002,1,921125000,0,-45,2.26415564291921,0,0,0.040060001373291,1.63,0,-5399.92822265625
100000000000000000000004,1,921125000,0,-51,2.06780610206984,0,0,0.040060001373291,1.63,0,-5399.92822265625
100000000000000000000000,1,921125000,0,-44.5,5.43642791226671,0,0,0.040060001373291,1.63,0,-5399.92822265625
100000000000000000000003,1,921125000,0,-46.5,1.45421378691559,0,0,0.040060001373291,1.63,0,-5399.92822265625
100000000000000000000001,1,921125000,0,-46,0.0674951546669682,0,0,0.040060001373291,1.63,0,-5399.92822265625
100000000000000000000004,1,921125000,0,-51,2.03099056316059,0,0,0.040060001373291,1.63,0,-5399.92822265625
100000000000000000000000,1,921125000,0,-44.5,5.44256383541826,0,0,0.040060001373291,1.63,0,-5399.92822265625
100000000000000000000001,1,921125000,0,-46,0.0736310778185105,0,0,0.040060001373291,1.63,0,-5399.92822265625
100000000000000000000003,1,921125000,0,-46.5,1.4419419406125,0,0,0.040060001373291,1.63,0,-5399.92822265625
100000000000000000000002,1,921125000,0,-45.5,2.25188379661612,0,0,0.040060001373291,1.63,0,-5399.92822265625
100000000000000000000004,1,921125000,0,-51,2.08007794837293,0,0,0.040060001373291,1.63,0,-5399.92822265625
100000000000000000000002,1,921125000,0,-45.5,2.25801971976766,0,0,0.040060001373291,1.63,0,-5399.92822265625
100000000000000000000003,1,921125000,0,-46.5,1.4419419406125,0,0,0.040060001373291,1.63,0,-5399.92822265625
100000000000000000000000,1,921125000,0,-44.5,5.43029198911517,0,0,0.040060001373291,1.63,0,-5399.92822265625
100000000000000000000001,1,921125000,0,-46,0.0674951546669682,0,0,0.040060001373291,1.63,0,-5399.92822265625
100000000000000000000002,1,921125000,0,-45.5,2.26415564291921,0,0,0.040060001373291,1.63,0,-5399.92822265625
100000000000000000000001,1,921125000,0,-46,0.0490873852123404,0,0,0.040060001373291,1.63,0,-5399.92822265625
100000000000000000000004,1,921125000,0,-51,2.03712648631213,0,0,0.040060001373291,1.63,0,-5399.92822265625
100000000000000000000000,1,921125000,0,-44.5,5.46097160487288,0,0,0.040060001373291,1.63,0,-5399.92822265625
100000000000000000000003,1,921125000,0,-46.5,1.4419419406125,0,0,0.040060001373291,1.63,0,-5399.92822265625
100000000000000000000000,1,921125000,0,-44.5,5.45483568172134,0,0,0.040060001373291,1.63,0,-5399.92822265625
100000000000000000000004,1,921125000,0,-51,2.06780610206984,0,0,0.040060001373291,1.63,0,-5399.92822265625
100000000000000000000003,1,921125000,0,-46.5,1.46648563321867,0,0,0.040060001373291,1.63,0,-5399.92822265625
100000000000000000000001,1,921125000,0,-46,0.0184077694546279,0,0,0.040060001373291,1.63,0,-5399.92822265625
100000000000000000000002,1,921125000,0,-45,2.25801971976766,0,0,0.040060001373291,1.63,0,-5399.92822265625
100000000000000000000003,1,921125000,0,-46.5,1.43580601746096,0,0,0.040060001373291,1.63,0,-5399.92822265625
100000000000000000000002,1,921125000,0,-45.5,2.25188379661612,0,0,0.040060001373291,1.63,0,-5399.92822265625
100000000000000000000000,1,921125000,0,-44.5,5.44256383541826,0,0,0.040060001373291,1.63,0,-5399.92822265625
100000000000000000000004,1,921125000,0,-51,2.02485464000905,0,0,0.040060001373291,1.63,0,-5399.92822265625
100000000000000000000001,1,921125000,0,-46,0.0306796157577125,0,0,0.040060001373291,1.63,0,-5399.92822265625
100000000000000000000001,1,921125000,0,-46,0.0490873852123404,0,0,0.040060001373291,1.63,0,-5399.92822265625
100000000000000000000002,1,921125000,0,-45,2.23961195031304,0,0,0.040060001373291,1.63,0,-5399.92822265625
100000000000000000000000,1,921125000,0,-44.5,5.43029198911517,0,0,0.040060001373291,1.63,0,-5399.92822265625
100000000000000000000003,1,921125000,0,-46.5,1.43580601746096,0,0,0.040060001373291,1.63,0,-5399.92822265625
100000000000000000000004,1,921125000,0,-51,2.02485464000905,0,0,0.040060001373291,1.63,0,-5399.92822265625
100000000000000000000004,1,921125000,0,-51,2.03712648631213,0,0,0.040060001373291,1.63,0,-5399.92822265625
100000000000000000000000,1,921125000,0,-44.5,5.45483568172134,0,0,0.040060001373291,1.63,0,-5399.92822265625
100000000000000000000002,1,921125000,0,-45,2.25801971976766,0,0,0.040060001373291,1.63,0,-5399.92822265625
100000000000000000000001,1,921125000,0,-46,0.0552233083638827,0,0,0.040060001373291,1.63,0,-5399.92822265625
100000000000000000000003,1,921125000,0,-46.5,1.43580601746096,0,0,0.040060001373291,1.63,0,-5399.92822265625
100000000000000000000000,1,921125000,0,-44.5,5.46097160487288,0,0,0.040060001373291,1.63,0,-5399.92822265625
100000000000000000000001,1,921125000,0,-46,0.0552233083638827,0,0,0.040060001373291,1.63,0,-5399.92822265625
100000000000000000000004,1,921125000,0,-51,2.0616701789183,0,0,0.040060001373291,1.63,0,-5399.92822265625
100000000000000000000002,1,921125000,0,-45,2.26415564291921,0,0,0.040060001373291,1.63,0,-5399.92822265625
100000000000000000000003,1,921125000,0,-46.5,1.4419419406125,0,0,0.040060001373291,1.63,0,-5399.92822265625
100000000000000000000004,1,921125000,0,-51,2.03712648631213,0,0,0.040060001373291,1.63,0,-5399.92822265625
100000000000000000000002,1,921125000,0,-45,2.27642748922229,0,0,0.040060001373291,1.63,0,-5399.92822265625
100000000000000000000003,1,921125000,0,-47,1.4419419406125,0,0,0.040060001373291,1.63,0,-5399.92822265625
100000000000000000000000,1,921125000,0,-44.5,5.46710752802443,0,0,0.040060001373291,1.63,0,-5399.92822265625
100000000000000000000001,1,921125000,0,-46,0.0306796157577125,0,0,0.040060001373291,1.63,0,-5399.92822265625
100000000000000000000001,1,921125000,0,-46,0.042951462060798,0,0,0.040060001373291,1.63,0,-5399.92822265625
100000000000000000000002,1,921125000,0,-45,2.22734010400995,0,0,0.040060001373291,1.63,0,-5399.92822265625
100000000000000000000000,1,921125000,0,-44.5,5.47324345117597,0,0,0.040060001373291,1.63,0,-5399.92822265625
100000000000000000000003,1,921125000,0,-46.5,1.42967009430942,0,0,0.040060001373291,1.63,0,-5399.92822265625
100000000000000000000004,1,921125000,0,-51,2.0616701789183,0,0,0.040060001373291,1.63,0,-5399.92822265625
100000000000000000000004,1,921125000,0,-51,2.0616701789183,0,0,0.040060001373291,1.63,0,-5399.92822265625
100000000000000000000002,1,921125000,0,-45,2.23961195031304,0,0,0.040060001373291,1.63,0,-5399.92822265625
100000000000000000000003,1,921125000,0,-46.5,1.44807786376405,0,0,0.040060001373291,1.63,0,-5399.92822265625
100000000000000000000000,1,921125000,0,-44.5,5.41802014281208,0,0,0.040060001373291,1.63,0,-5399.92822265625
100000000000000000000001,1,921125000,0,-46,0.0490873852123404,0,0,0.040060001373291,1.63,0,-5399.92822265625
100000000000000000000001,1,921125000,0,-46,0.0368155389092557,0,0,0.040060001373291,1.63,0,-5399.92822265625
100000000000000000000003,1,921125000,0,-46.5,1.46034971006713,0,0,0.040060001373291,1.63,0,-5399.92822265625
100000000000000000000000,1,921125000,0,-44.5,5.4486997585698,0,0,0.040060001373291,1.63,0,-5399.92822265625
100000000000000000000002,1,921125000,0,-45,2.26415564291921,0,0,0.040060001373291,1.63,0,-5399.92822265625
100000000000000000000004,1,921125000,0,-51,2.07394202522139,0,0,0.040060001373291,1.63,0,-5399.92822265625
100000000000000000000000,1,921125000,0,-44.5,5.4486997585698,0,0,0.040060001373291,1.63,0,-5399.92822265625
100000000000000000000002,1,921125000,0,-45,2.25188379661612,0,0,0.040060001373291,1.63,0,-5399.92822265625
100000000000000000000003,1,921125000,0,-46.5,1.46034971006713,0,0,0.040060001373291,1.63,0,-5399.92822265625
100000000000000000000001,1,921125000,0,-46,0.042951462060798,0,0,0.040060001373291,1.63,0,-5399.92822265625
100000000000000000000004,1,921125000,0,-51,2.02485464000905,0,0,0.040060001373291,1.63,0,-5399.92822265625
100000000000000000000004,1,921125000,0,-51,2.03712648631213,0,0,0.040060001373291,1.63,0,-5399.92822265625
100000000000000000000000,1,921125000,0,-44.5,5.46097160487288,0,0,0.040060001373291,1.63,0,-5399.92822265625
100000000000000000000002,1,921125000,0,-45,2.25801971976766,0,0,0.040060001373291,1.63,0,-5399.92822265625
100000000000000000000001,1,921125000,0,-46,0.042951462060798,0,0,0.040060001373291,1.63,0,-5399.92822265625
100000000000000000000003,1,921125000,0,-46.5,1.4419419406125,0,0,0.040060001373291,1.63,0,-5399.92822265625
100000000000000000000000,1,921125000,0,-44.5,5.43642791226671,0,0,0.040060001373291,1.63,0,-5399.92822265625
100000000000000000000001,1,921125000,0,-46,0.0552233083638827,0,0,0.040060001373291,1.63,0,-5399.92822265625
100000000000000000000003,1,921125000,0,-46.5,1.45421378691559,0,0,0.040060001373291,1.63,0,-5399.92822265625
100000000000000000000004,1,921125000,0,-51,2.05553425576676,0,0,0.040060001373291,1.63,0,-5399.92822265625
100000000000000000000002,1,921125000,0,-45,2.25801971976766,0,0,0.040060001373291,1.63,0,-5399.92822265625
100000000000000000000000,1,921125000,0,-44.5,5.4486997585698,0,0,0.040060001373291,1.63,0,-5399.92822265625
100000000000000000000002,1,921125000,0,-45.5,2.25801971976766,0,0,0.040060001373291,1.63,0,-5399.92822265625
100000000000000000000003,1,921125000,0,-46.5,1.44807786376405,0,0,0.040060001373291,1.63,0,-5399.92822265625
100000000000000000000004,1,921125000,0,-51,2.08621387152447,0,0,0.040060001373291,1.63,0,-5399.92822265625
100000000000000000000001,1,921125000,0,-46,0.042951462060798,0,0,0.040060001373291,1.63,0,-5399.92822265625
100000000000000000000004,1,921125000,0,-51,2.04326240946367,0,0,0.040060001373291,1.63,0,-5399.92822265625
100000000000000000000001,1,921125000,0,-46,0.0613592315154259,0,0,0.040060001373291,1.63,0,-5399.92822265625
100000000000000000000000,1,921125000,0,-44.5,5.46097160487288,0,0,0.040060001373291,1.63,0,-5399.92822265625
100000000000000000000003,1,921125000,0,-46.5,1.44807786376405,0,0,0.040060001373291,1.63,0,-5399.92822265625
100000000000000000000002,1,921125000,0,-45,2.25801971976766,0,0,0.040060001373291,1.63,0,-5399.92822265625
100000000000000000000001,1,921125000,0,-46,0.042951462060798,0,0,0.040060001373291,1.63,0,-5399.92822265625
100000000000000000000000,1,921125000,0,-44.5,5.4486997585698,0,0,0.040060001373291,1.63,0,-5399.92822265625
100000000000000000000003,1,921125000,0,-46.5,1.4419419406125,0,0,0.040060001373291,1.63,0,-5399.92822265625
100000000000000000000004,1,921125000,0,-51,2.08621387152447,0,0,0.040060001373291,1.63,0,-5399.92822265625
100000000000000000000002,1,921125000,0,-45.5,2.24574787346458,0,0,0.040060001373291,1.63,0,-5399.92822265625
100000000000000000000001,1,921125000,0,-46,0.042951462060798,0,0,0.040060001373291,1.63,0,-5399.92822265625
100000000000000000000003,1,921125000,0,-46.5,1.44807786376405,0,0,0.040060001373291,1.63,0,-5399.92822265625
100000000000000000000000,1,921125000,0,-44.5,5.4486997585698,0,0,0.040060001373291,1.63,0,-5399.92822265625
100000000000000000000002,1,921125000,0,-45.5,2.25801971976766,0,0,0.040060001373291,1.63,0,-5399.92822265625
100000000000000000000004,1,921125000,0,-51,2.08621387152447,0,0,0.040060001373291,1.63,0,-5399.92822265625
100000000000000000000000,1,921125000,0,-44.5,5.45483568172134,0,0,0.040060001373291,1.63,0,-5399.92822265625
100000000000000000000003,1,921125000,0,-46.5,1.45421378691559,0,0,0.040060001373291,1.63,0,-5399.92822265625
100000000000000000000002,1,921125000,0,-45,2.23347602716149,0,0,0.040060001373291,1.63,0,-5399.92822265625
100000000000000000000001,1,921125000,0,-46,0.0306796157577125,0,0,0.040060001373291,1.63,0,-5399.92822265625
100000000000000000000004,1,921125000,0,-51,2.0616701789183,0,0,0.040060001373291,1.63,0,-5399.92822265625
100000000000000000000004,1,921125000,0,-51,2.03712648631213,0,0,0.040060001373291,1.63,0,-5399.92822265625
100000000000000000000002,1,921125000,0,-45,2.27642748922229,0,0,0.040060001373291,1.63,0,-5399.92822265625
100000000000000000000000,1,921125000,0,-44.5,5.46097160487288,0,0,0.040060001373291,1.63,0,-5399.92822265625
100000000000000000000003,1,921125000,0,-46.5,1.44807786376405,0,0,0.040060001373291,1.63,0,-5399.92822265625
100000000000000000000001,1,921125000,0,-46,0.0552233083638827,0,0,0.040060001373291,1.63,0,-5399.92822265625
