epc,antennaIndex,frequency,time,RSSI,phase,dopplerShift,velocity,x,y,z,angle
100000000000000000000002,1,921125000,0,-42.5,5.79231145505618,0,0,0.540036010742188,1.63,0,-5399.92822265625
100000000000000000000003,1,921125000,0,-46,2.41141779855623,0,0,0.540036010742188,1.63,0,-5399.92822265625
100000000000000000000000,1,921125000,0,-57,2.08621387152447,0,0,0.540036010742188,1.63,0,-5399.92822265625
100000000000000000000004,1,921125000,0,-52.5,3.85949566232027,0,0,0.540036010742188,1.63,0,-5399.92822265625
100000000000000000000002,1,921125000,0,-42.5,5.79231145505618,0,0,0.540036010742188,1.63,0,-5399.92822265625
100000000000000000000001,1,921125000,0,-44.5,2.89001980437655,0,0,0.540036010742188,1.63,0,-5399.92822265625
100000000000000000000003,1,921125000,0,-46,2.42368964485931,0,0,0.540036010742188,1.63,0,-5399.92822265625
100000000000000000000002,1,921125000,0,-42.5,5.79844737820772,0,0,0.540036010742188,1.63,0,-5399.92822265625
100000000000000000000001,1,921125000,0,-44.5,2.88388388122501,0,0,0.540036010742188,1.63,0,-5399.92822265625
100000000000000000000000,1,921125000,0,-56.5,2.07394202522139,0,0,0.540036010742188,1.63,0,-5399.92822265625
100000000000000000000004,1,921125000,0,-52,3.93312674013878,0,0,0.540036010742188,1.63,0,-5399.92822265625
100000000000000000000001,1,921125000,0,-44.5,2.89615572752809,0,0,0.540036010742188,1.63,0,-5399.92822265625
100000000000000000000000,1,921125000,0,-56.5,2.03099056316059,0,0,0.540036010742188,1.63,0,-5399.92822265625
100000000000000000000004,1,921125000,0,-52.5,3.9208548938357,0,0,0.540036010742188,1.63,0,-5399.92822265625
100000000000000000000003,1,921125000,0,-46,2.39914595225314,0,0,0.540036010742188,1.63,0,-5399.92822265625
100000000000000000000002,1,921125000,0,-42.5,5.80458330135927,0,0,0.540036010742188,1.63,0,-5399.92822265625
100000000000000000000003,1,921125000,0,-46,2.41755372170777,0,0,0.540036010742188,1.63,0,-5399.92822265625
100000000000000000000001,1,921125000,0,-44.5,2.88388388122501,0,0,0.540036010742188,1.63,0,-5399.92822265625
100000000000000000000002,1,921125000,0,-42.5,5.76776776245001,0,0,0.540036010742188,1.63,0,-5399.92822265625
100000000000000000000000,1,921125000,0,-56.5,2.00644687055442,0,0,0.540036010742188,1.63,0,-5399.92822265625
100000000000000000000004,1,921125000,0,-52.5,3.92699081698724,0,0,0.540036010742188,1.63,0,-5399.92822265625
100000000000000000000000,1,921125000,0,-56.5,2.04939833261522,0,0,0.540036010742188,1.63,0,-5399.92822265625
100000000000000000000004,1,921125000,0,-52.5,3.92699081698724,0,0,0.540036010742188,1.63,0,-5399.92822265625
100000000000000000000003,1,921125000,0,-46,2.41141779855623,0,0,0.540036010742188,1.63,0,-5399.92822265625
100000000000000000000001,1,921125000,0,-44.5,2.88388388122501,0,0,0.540036010742188,1.63,0,-5399.92822265625
100000000000000000000002,1,921125000,0,-42.5,5.78617553190464,0,0,0.540036010742188,1.63,0,-5399.92822265625
100000000000000000000002,1,921125000,0,-42.5,5.77390368560155,0,0,0.540036010742188,1.63,0,-5399.92822265625
100000000000000000000000,1,921125000,0,-56.5,2.07394202522139,0,0,0.540036010742188,1.63,0,-5399.92822265625
100000000000000000000004,1,921125000,0,-52.5,3.93312674013878,0,0,0.540036010742188,1.63,0,-5399.92822265625
100000000000000000000003,1,921125000,0,-46,2.42982556801086,0,0,0.540036010742188,1.63,0,-5399.92822265625
100000000000000000000001,1,921125000,0,-44.5,2.89615572752809,0,0,0.540036010742188,1.63,0,-5399.92822265625
100000000000000000000004,1,921125000,0,-52.5,3.93926266329033,0,0,0.540036010742188,1.63,0,-5399.92822265625
100000000000000000000003,1,921125000,0,-46,2.38687410595006,0,0,0.540036010742188,1.63,0,-5399.92822265625
100000000000000000000000,1,921125000,0,-56.5,2.04326240946367,0,0,0.540036010742188,1.63,0,-5399.92822265625
100000000000000000000001,1,921125000,0,-44.5,2.87774795807346,0,0,0.540036010742188,1.63,0,-5399.92822265625
100000000000000000000002,1,921125000,0,-42.5,5.79844737820772,0,0,0.540036010742188,1.63,0,-5399.92822265625
100000000000000000000003,1,921125000,0,-46,2.42368964485931,0,0,0.540036010742188,1.63,0,-5399.92822265625
100000000000000000000001,1,921125000,0,-44.5,2.89615572752809,0,0,0.540036010742188,1.63,0,-5399.92822265625
100000000000000000000002,1,921125000,0,-42.5,5.77390368560155,0,0,0.540036010742188,1.63,0,-5399.92822265625
100000000000000000000000,1,921125000,0,-56.5,2.05553425576676,0,0,0.540036010742188,1.63,0,-5399.92822265625
100000000000000000000004,1,921125000,0,-52.5,3.94539858644187,0,0,0.540036010742188,1.63,0,-5399.92822265625
100000000000000000000002,1,921125000,0,-42.5,5.79231145505618,0,0,0.540036010742188,1.63,0,-5399.92822265625
100000000000000000000003,1,921125000,0,-46,2.42982556801086,0,0,0.540036010742188,1.63,0,-5399.92822265625
100000000000000000000001,1,921125000,0,-44.5,2.87774795807346,0,0,0.540036010742188,1.63,0,-5399.92822265625
100000000000000000000000,1,921125000,0,-57,2.05553425576676,0,0,0.540036010742188,1.63,0,-5399.92822265625
100000000000000000000004,1,921125000,0,-52.5,3.90858304753261,0,0,0.540036010742188,1.63,0,-5399.92822265625
100000000000000000000003,1,921125000,0,-46,2.39914595225314,0,0,0.540036010742188,1.63,0,-5399.92822265625
100000000000000000000004,1,921125000,0,-52.5,3.86563158547182,0,0,0.540036010742188,1.63,0,-5399.92822265625
100000000000000000000002,1,921125000,0,-42.5,5.78617553190464,0,0,0.540036010742188,1.63,0,-5399.92822265625
100000000000000000000000,1,921125000,0,-56.5,2.03099056316059,0,0,0.540036010742188,1.63,0,-5399.92822265625
100000000000000000000001,1,921125000,0,-44.5,2.87161203492192,0,0,0.540036010742188,1.63,0,-5399.92822265625
100000000000000000000003,1,921125000,0,-46,2.40528187540469,0,0,0.540036010742188,1.63,0,-5399.92822265625
100000000000000000000002,1,921125000,0,-42.5,5.80458330135927,0,0,0.540036010742188,1.63,0,-5399.92822265625
100000000000000000000001,1,921125000,0,-44.5,2.90229165067963,0,0,0.540036010742188,1.63,0,-5399.92822265625
100000000000000000000004,1,921125000,0,-52.5,3.93312674013878,0,0,0.540036010742188,1.63,0,-5399.92822265625
100000000000000000000000,1,921125000,0,-56.5,2.08621387152447,0,0,0.540036010742188,1.63,0,-5399.92822265625
100000000000000000000003,1,921125000,0,-46,2.41755372170777,0,0,0.540036010742188,1.63,0,-5399.92822265625
100000000000000000000001,1,921125000,0,-44.5,2.89615572752809,0,0,0.540036010742188,1.63,0,-5399.92822265625
100000000000000000000002,1,921125000,0,-42.5,5.76776776245001,0,0,0.540036010742188,1.63,0,-5399.92822265625
100000000000000000000000,1,921125000,0,-56.5,2.08007794837293,0,0,0.540036010742188,1.63,0,-5399.92822265625
100000000000000000000004,1,921125000,0,-52.5,3.92699081698724,0,0,0.540036010742188,1.63,0,-5399.92822265625
100000000000000000000003,1,921125000,0,-46,2.41141779855623,0,0,0.540036010742188,1.63,0,-5399.92822265625
100000000000000000000000,1,921125000,0,-56.5,2.05553425576676,0,0,0.540036010742188,1.63,0,-5399.92822265625
100000000000000000000002,1,921125000,0,-42.5,5.80458330135927,0,0,0.540036010742188,1.63,0,-5399.92822265625
100000000000000000000004,1,921125000,0,-52,3.92699081698724,0,0,0.540036010742188,1.63,0,-5399.92822265625
100000000000000000000001,1,921125000,0,-44.5,2.87774795807346,0,0,0.540036010742188,1.63,0,-5399.92822265625
100000000000000000000003,1,921125000,0,-46,2.41141779855623,0,0,0.540036010742188,1.63,0,-5399.92822265625
100000000000000000000001,1,921125000,0,-44.5,2.87774795807346,0,0,0.540036010742188,1.63,0,-5399.92822265625
100000000000000000000000,1,921125000,0,-56.5,2.06780610206984,0,0,0.540036010742188,1.63,0,-5399.92822265625
100000000000000000000002,1,921125000,0,-42.5,5.79231145505618,0,0,0.540036010742188,1.63,0,-5399.92822265625
100000000000000000000004,1,921125000,0,-52.5,3.9208548938357,0,0,0.540036010742188,1.63,0,-5399.92822265625
100000000000000000000000,1,921125000,0,-56.5,2.09234979467601,0,0,0.540036010742188,1.63,0,-5399.92822265625
100000000000000000000004,1,921125000,0,-52.5,3.94539858644187,0,0,0.540036010742188,1.63,0,-5399.92822265625
100000000000000000000003,1,921125000,0,-46,2.42368964485931,0,0,0.540036010742188,1.63,0,-5399.92822265625
100000000000000000000002,1,921125000,0,-42.5,5.78617553190464,0,0,0.540036010742188,1.63,0,-5399.92822265625
100000000000000000000001,1,921125000,0,-44.5,2.88388388122501,0,0,0.540036010742188,1.63,0,-5399.92822265625
100000000000000000000003,1,921125000,0,-46,2.42368964485931,0,0,0.540036010742188,1.63,0,-5399.92822265625
100000000000000000000002,1,921125000,0,-42.5,5.78617553190464,0,0,0.540036010742188,1.63,0,-5399.92822265625
100000000000000000000001,1,921125000,0,-44.5,2.88388388122501,0,0,0.540036010742188,1.63,0,-5399.92822265625
100000000000000000000004,1,921125000,0,-52.5,3.89017527807799,0,0,0.540036010742188,1.63,0,-5399.92822265625
100000000000000000000000,1,921125000,0,-56.5,2.09234979467601,0,0,0.540036010742188,1.63,0,-5399.92822265625
100000000000000000000004,1,921125000,0,-52.5,3.9208548938357,0,0,0.540036010742188,1.63,0,-5399.92822265625
100000000000000000000000,1,921125000,0,-57,2.05553425576676,0,0,0.540036010742188,1.63,0,-5399.92822265625
100000000000000000000002,1,921125000,0,-42.5,5.79844737820772,0,0,0.540036010742188,1.63,0,-5399.92822265625
100000000000000000000003,1,921125000,0,-45.5,2.42368964485931,0,0,0.540036010742188,1.63,0,-5399.92822265625
100000000000000000000001,1,921125000,0,-44.5,2.89001980437655,0,0,0.540036010742188,1.63,0,-5399.92822265625
100000000000000000000000,1,921125000,0,-56.5,2.02485464000905,0,0,0.540036010742188,1.63,0,-5399.92822265625
100000000000000000000003,1,921125000,0,-46,2.38687410595006,0,0,0.540036010742188,1.63,0,-5399.92822265625
100000000000000000000002,1,921125000,0,-42.5,5.76776776245001,0,0,0.540036010742188,1.63,0,-5399.92822265625
100000000000000000000004,1,921125000,0,-52.5,3.93926266329033,0,0,0.540036010742188,1.63,0,-5399.92822265625
100000000000000000000001,1,921125000,0,-44.5,2.88388388122501,0,0,0.540036010742188,1.63,0,-5399.92822265625
100000000000000000000001,1,921125000,0,-44.5,2.87774795807346,0,0,0.540036010742188,1.63,0,-5399.92822265625
100000000000000000000003,1,921125000,0,-46,2.40528187540469,0,0,0.540036010742188,1.63,0,-5399.92822265625
100000000000000000000002,1,921125000,0,-42.5,5.79844737820772,0,0,0.540036010742188,1.63,0,-5399.92822265625
100000000000000000000004,1,921125000,0,-52.5,3.88403935492644,0,0,0.540036010742188,1.63,0,-5399.92822265625
100000000000000000000000,1,921125000,0,-56.5,2.08621387152447,0,0,0.540036010742188,1.63,0,-5399.92822265625
100000000000000000000000,1,921125000,0,-57,2.06780610206984,0,0,0.540036010742188,1.63,0,-5399.92822265625
100000000000000000000004,1,921125000,0,-52.5,3.90858304753261,0,0,0.540036010742188,1.63,0,-5399.92822265625
100000000000000000000001,1,921125000,0,-44.5,2.87774795807346,0,0,0.540036010742188,1.63,0,-5399.92822265625
100000000000000000000002,1,921125000,0,-42.5,5.7800396087531,0,0,0.540036010742188,1.63,0,-5399.92822265625
100000000000000000000003,1,921125000,0,-46,2.41755372170777,0,0,0.540036010742188,1.63,0,-5399.92822265625
100000000000000000000004,1,921125000,0,-52.5,3.92699081698724,0,0,0.540036010742188,1.63,0,-5399.92822265625
100000000000000000000001,1,921125000,0,-44.5,2.87161203492192,0,0,0.540036010742188,1.63,0,-5399.92822265625
100000000000000000000000,1,921125000,0,-56.5,2.1046216409791,0,0,0.540036010742188,1.63,0,-5399.92822265625
100000000000000000000002,1,921125000,0,-42.5,5.76163183929847,0,0,0.540036010742188,1.63,0,-5399.92822265625
100000000000000000000003,1,921125000,0,-46,2.41141779855623,0,0,0.540036010742188,1.63,0,-5399.92822265625
100000000000000000000003,1,921125000,0,-46,2.38687410595006,0,0,0.540036010742188,1.63,0,-5399.92822265625
100000000000000000000004,1,921125000,0,-52.5,3.92699081698724,0,0,0.540036010742188,1.63,0,-5399.92822265625
100000000000000000000001,1,921125000,0,-44.5,2.87774795807346,0,0,0.540036010742188,1.63,0,-5399.92822265625
100000000000000000000002,1,921125000,0,-42.5,5.79231145505618,0,0,0.540036010742188,1.63,0,-5399.92822265625
100000000000000000000000,1,921125000,0,-56.5,2.03099056316059,0,0,0.540036010742188,1.63,0,-5399.92822265625
100000000000000000000004,1,921125000,0,-53,3.93926266329033,0,0,0.540036010742188,1.63,0,-5399.92822265625
100000000000000000000000,1,921125000,0,-57,2.06780610206984,0,0,0.540036010742188,1.63,0,-5399.92822265625
100000000000000000000003,1,921125000,0,-46,2.42982556801086,0,0,0.540036010742188,1.63,0,-5399.92822265625
100000000000000000000002,1,921125000,0,-42.5,5.76776776245001,0,0,0.540036010742188,1.63,0,-5399.92822265625
100000000000000000000001,1,921125000,0,-44.5,2.87774795807346,0,0,0.540036010742188,1.63,0,-5399.92822265625
100000000000000000000001,1,921125000,0,-44.5,2.89001980437655,0,0,0.540036010742188,1.63,0,-5399.92822265625
100000000000000000000002,1,921125000,0,-42.5,5.80458330135927,0,0,0.540036010742188,1.63,0,-5399.92822265625
100000000000000000000003,1,921125000,0,-46,2.42368964485931,0,0,0.540036010742188,1.63,0,-5399.92822265625
100000000000000000000004,1,921125000,0,-52.5,3.86563158547182,0,0,0.540036010742188,1.63,0,-5399.92822265625
100000000000000000000000,1,921125000,0,-56.5,2.06780610206984,0,0,0.540036010742188,1.63,0,-5399.92822265625
100000000000000000000003,1,921125000,0,-46,2.41755372170777,0,0,0.540036010742188,1.63,0,-5399.92822265625
100000000000000000000002,1,921125000,0,-42.5,5.76776776245001,0,0,0.540036010742188,1.63,0,-5399.92822265625
100000000000000000000004,1,921125000,0,-52.5,3.91471897068416,0,0,0.540036010742188,1.63,0,-5399.92822265625
100000000000000000000000,1,921125000,0,-56.5,2.04326240946367,0,0,0.540036010742188,1.63,0,-5399.92822265625
100000000000000000000001,1,921125000,0,-44.5,2.89001980437655,0,0,0.540036010742188,1.63,0,-5399.92822265625
100000000000000000000004,1,921125000,0,-52.5,3.87176750862336,0,0,0.540036010742188,1.63,0,-5399.92822265625
100000000000000000000003,1,921125000,0,-46,2.3930100291016,0,0,0.540036010742188,1.63,0,-5399.92822265625
100000000000000000000000,1,921125000,0,-57,2.0616701789183,0,0,0.540036010742188,1.63,0,-5399.92822265625
100000000000000000000001,1,921125000,0,-44.5,2.88388388122501,0,0,0.540036010742188,1.63,0,-5399.92822265625
100000000000000000000002,1,921125000,0,-42.5,5.79231145505618,0,0,0.540036010742188,1.63,0,-5399.92822265625
100000000000000000000004,1,921125000,0,-52.5,3.91471897068416,0,0,0.540036010742188,1.63,0,-5399.92822265625
100000000000000000000002,1,921125000,0,-42.5,5.79231145505618,0,0,0.540036010742188,1.63,0,-5399.92822265625
100000000000000000000001,1,921125000,0,-44.5,2.89615572752809,0,0,0.540036010742188,1.63,0,-5399.92822265625
100000000000000000000003,1,921125000,0,-46,2.3930100291016,0,0,0.540036010742188,1.63,0,-5399.92822265625
100000000000000000000000,1,921125000,0,-57,2.08621387152447,0,0,0.540036010742188,1.63,0,-5399.92822265625
100000000000000000000002,1,921125000,0,-42.5,5.79231145505618,0,0,0.540036010742188,1.63,0,-5399.92822265625
100000000000000000000004,1,921125000,0,-52.5,3.86563158547182,0,0,0.540036010742188,1.63,0,-5399.92822265625
100000000000000000000001,1,921125000,0,-44.5,2.91456349698272,0,0,0.540036010742188,1.63,0,-5399.92822265625
100000000000000000000003,1,921125000,0,-46,2.40528187540469,0,0,0.540036010742188,1.63,0,-5399.92822265625
100000000000000000000000,1,921125000,0,-56.5,2.03099056316059,0,0,0.540036010742188,1.63,0,-5399.92822265625
100000000000000000000003,1,921125000,0,-46,2.41141779855623,0,0,0.540036010742188,1.63,0,-5399.92822265625
100000000000000000000004,1,921125000,0,-52.5,3.92699081698724,0,0,0.540036010742188,1.63,0,-5399.92822265625
100000000000000000000002,1,921125000,0,-42.5,5.77390368560155,0,0,0.540036010742188,1.63,0,-5399.92822265625
100000000000000000000000,1,921125000,0,-56.5,2.05553425576676,0,0,0.540036010742188,1.63,0,-5399.92822265625
100000000000000000000001,1,921125000,0,-44.5,2.87774795807346,0,0,0.540036010742188,1.63,0,-5399.92822265625
100000000000000000000001,1,921125000,0,-44.5,2.89001980437655,0,0,0.540036010742188,1.63,0,-5399.92822265625
100000000000000000000003,1,921125000,0,-46,2.37460225964697,0,0,0.540036010742188,1.63,0,-5399.92822265625
100000000000000000000002,1,921125000,0,-42.5,5.80458330135927,0,0,0.540036010742188,1.63,0,-5399.92822265625
100000000000000000000004,1,921125000,0,-52.5,3.91471897068416,0,0,0.540036010742188,1.63,0,-5399.92822265625
100000000000000000000000,1,921125000,0,-56.5,2.05553425576676,0,0,0.540036010742188,1.63,0,-5399.92822265625
100000000000000000000003,1,921125000,0,-46,2.42982556801086,0,0,0.540036010742188,1.63,0,-5399.92822265625
100000000000000000000004,1,921125000,0,-52.5,3.90858304753261,0,0,0.540036010742188,1.63,0,-5399.92822265625
100000000000000000000001,1,921125000,0,-44.5,2.88388388122501,0,0,0.540036010742188,1.63,0,-5399.92822265625
100000000000000000000002,1,921125000,0,-42.5,5.79844737820772,0,0,0.540036010742188,1.63,0,-5399.92822265625
100000000000000000000000,1,921125000,0,-57,2.08007794837293,0,0,0.540036010742188,1.63,0,-5399.92822265625
100000000000000000000000,1,921125000,0,-56.5,2.04326240946367,0,0,0.540036010742188,1.63,0,-5399.92822265625
100000000000000000000002,1,921125000,0,-42.5,5.77390368560155,0,0,0.540036010742188,1.63,0,-5399.92822265625
100000000000000000000003,1,921125000,0,-46,2.42368964485931,0,0,0.540036010742188,1.63,0,-5399.92822265625
100000000000000000000004,1,921125000,0,-52.5,3.90244712438107,0,0,0.540036010742188,1.63,0,-5399.92822265625
100000000000000000000001,1,921125000,0,-44.5,2.87161203492192,0,0,0.540036010742188,1.63,0,-5399.92822265625
100000000000000000000003,1,921125000,0,-46,2.3930100291016,0,0,0.540036010742188,1.63,0,-5399.92822265625
100000000000000000000004,1,921125000,0,-52.5,3.91471897068416,0,0,0.540036010742188,1.63,0,-5399.92822265625
100000000000000000000001,1,921125000,0,-44.5,2.87774795807346,0,0,0.540036010742188,1.63,0,-5399.92822265625
100000000000000000000002,1,921125000,0,-42.5,5.77390368560155,0,0,0.540036010742188,1.63,0,-5399.92822265625
100000000000000000000000,1,921125000,0,-56.5,2.11689348728218,0,0,0.540036010742188,1.63,0,-5399.92822265625
100000000000000000000002,1,921125000,0,-42.5,5.78617553190464,0,0,0.540036010742188,1.63,0,-5399.92822265625
100000000000000000000003,1,921125000,0,-46,2.39914595225314,0,0,0.540036010742188,1.63,0,-5399.92822265625
100000000000000000000001,1,921125000,0,-44.5,2.88388388122501,0,0,0.540036010742188,1.63,0,-5399.92822265625
100000000000000000000004,1,921125000,0,-52.5,3.93926266329033,0,0,0.540036010742188,1.63,0,-5399.92822265625
100000000000000000000000,1,921125000,0,-56.5,2.02485464000905,0,0,0.540036010742188,1.63,0,-5399.92822265625
100000000000000000000002,1,921125000,0,-42.5,5.76163183929847,0,0,0.540036010742188,1.63,0,-5399.92822265625
100000000000000000000001,1,921125000,0,-44.5,2.89001980437655,0,0,0.540036010742188,1.63,0,-5399.92822265625
100000000000000000000003,1,921125000,0,-46,2.3930100291016,0,0,0.540036010742188,1.63,0,-5399.92822265625
100000000000000000000004,1,921125000,0,-52.5,3.92699081698724,0,0,0.540036010742188,1.63,0,-5399.92822265625
100000000000000000000000,1,921125000,0,-56.5,2.04326240946367,0,0,0.540036010742188,1.63,0,-5399.92822265625
100000000000000000000002,1,921125000,0,-42.5,5.76776776245001,0,0,0.540036010742188,1.63,0,-5399.92822265625
100000000000000000000003,1,921125000,0,-46,2.42368964485931,0,0,0.540036010742188,1.63,0,-5399.92822265625
100000000000000000000001,1,921125000,0,-44.5,2.87774795807346,0,0,0.540036010742188,1.63,0,-5399.92822265625
100000000000000000000004,1,921125000,0,-52.5,3.91471897068416,0,0,0.540036010742188,1.63,0,-5399.92822265625
100000000000000000000000,1,921125000,0,-57,2.12302941043373,0,0,0.540036010742188,1.63,0,-5399.92822265625
100000000000000000000004,1,921125000,0,-52.5,3.93312674013878,0,0,0.540036010742188,1.63,0,-5399.92822265625
100000000000000000000000,1,921125000,0,-57,2.11075756413064,0,0,0.540036010742188,1.63,0,-5399.92822265625
100000000000000000000002,1,921125000,0,-42.5,5.76776776245001,0,0,0.540036010742188,1.63,0,-5399.92822265625
100000000000000000000001,1,921125000,0,-44.5,2.87774795807346,0,0,0.540036010742188,1.63,0,-5399.92822265625
100000000000000000000003,1,921125000,0,-46,2.42982556801086,0,0,0.540036010742188,1.63,0,-5399.92822265625
100000000000000000000003,1,921125000,0,-46,2.40528187540469,0,0,0.540036010742188,1.63,0,-5399.92822265625
100000000000000000000002,1,921125000,0,-42.5,5.80458330135927,0,0,0.540036010742188,1.63,0,-5399.92822265625
100000000000000000000004,1,921125000,0,-52.5,3.93312674013878,0,0,0.540036010742188,1.63,0,-5399.92822265625
100000000000000000000001,1,921125000,0,-44.5,2.89001980437655,0,0,0.540036010742188,1.63,0,-5399.92822265625
100000000000000000000000,1,921125000,0,-57,2.06780610206984,0,0,0.540036010742188,1.63,0,-5399.92822265625
100000000000000000000000,1,921125000,0,-56.5,2.06780610206984,0,0,0.540036010742188,1.63,0,-5399.92822265625
100000000000000000000003,1,921125000,0,-46,2.4359614911624,0,0,0.540036010742188,1.63,0,-5399.92822265625
100000000000000000000004,1,921125000,0,-53,3.89017527807799,0,0,0.540036010742188,1.63,0,-5399.92822265625
100000000000000000000001,1,921125000,0,-44.5,2.87774795807346,0,0,0.540036010742188,1.63,0,-5399.92822265625
100000000000000000000002,1,921125000,0,-42.5,5.76776776245001,0,0,0.540036010742188,1.63,0,-5399.92822265625
100000000000000000000004,1,921125000,0,-52.5,3.91471897068416,0,0,0.540036010742188,1.63,0,-5399.92822265625
100000000000000000000003,1,921125000,0,-46,2.40528187540469,0,0,0.540036010742188,1.63,0,-5399.92822265625
100000000000000000000002,1,921125000,0,-42.5,5.78617553190464,0,0,0.540036010742188,1.63,0,-5399.92822265625
100000000000000000000001,1,921125000,0,-44.5,2.88388388122501,0,0,0.540036010742188,1.63,0,-5399.92822265625
100000000000000000000000,1,921125000,0,-56.5,2.03712648631213,0,0,0.540036010742188,1.63,0,-5399.92822265625
100000000000000000000004,1,921125000,0,-52.5,3.90858304753261,0,0,0.540036010742188,1.63,0,-5399.92822265625
100000000000000000000001,1,921125000,0,-44.5,2.87774795807346,0,0,0.540036010742188,1.63,0,-5399.92822265625
100000000000000000000002,1,921125000,0,-42.5,5.79844737820772,0,0,0.540036010742188,1.63,0,-5399.92822265625
100000000000000000000003,1,921125000,0,-46,2.42368964485931,0,0,0.540036010742188,1.63,0,-5399.92822265625
100000000000000000000000,1,921125000,0,-56.5,2.08621387152447,0,0,0.540036010742188,1.63,0,-5399.92822265625
100000000000000000000002,1,921125000,0,-42.5,5.77390368560155,0,0,0.540036010742188,1.63,0,-5399.92822265625
100000000000000000000004,1,921125000,0,-52.5,3.93926266329033,0,0,0.540036010742188,1.63,0,-5399.92822265625
100000000000000000000001,1,921125000,0,-44.5,2.89615572752809,0,0,0.540036010742188,1.63,0,-5399.92822265625
100000000000000000000000,1,921125000,0,-56.5,2.08007794837293,0,0,0.540036010742188,1.63,0,-5399.92822265625
100000000000000000000003,1,921125000,0,-46,2.42982556801086,0,0,0.540036010742188,1.63,0,-5399.92822265625
100000000000000000000003,1,921125000,0,-46,2.41755372170777,0,0,0.540036010742188,1.63,0,-5399.92822265625
100000000000000000000004,1,921125000,0,-52.5,3.88403935492644,0,0,0.540036010742188,1.63,0,-5399.92822265625
100000000000000000000001,1,921125000,0,-44.5,2.88388388122501,0,0,0.540036010742188,1.63,0,-5399.92822265625
100000000000000000000000,1,921125000,0,-57,2.07394202522139,0,0,0.540036010742188,1.63,0,-5399.92822265625
100000000000000000000002,1,921125000,0,-42.5,5.81071922451081,0,0,0.540036010742188,1.63,0,-5399.92822265625
100000000000000000000004,1,921125000,0,-52.5,3.9208548938357,0,0,0.540036010742188,1.63,0,-5399.92822265625
100000000000000000000003,1,921125000,0,-46,2.41755372170777,0,0,0.540036010742188,1.63,0,-5399.92822265625
100000000000000000000001,1,921125000,0,-44.5,2.89615572752809,0,0,0.540036010742188,1.63,0,-5399.92822265625
100000000000000000000000,1,921125000,0,-56.5,2.09234979467601,0,0,0.540036010742188,1.63,0,-5399.92822265625
100000000000000000000002,1,921125000,0,-42.5,5.79231145505618,0,0,0.540036010742188,1.63,0,-5399.92822265625
100000000000000000000001,1,921125000,0,-44.5,2.87774795807346,0,0,0.540036010742188,1.63,0,-5399.92822265625
100000000000000000000003,1,921125000,0,-46,2.42368964485931,0,0,0.540036010742188,1.63,0,-5399.92822265625
100000000000000000000004,1,921125000,0,-52.5,3.9208548938357,0,0,0.540036010742188,1.63,0,-5399.92822265625
100000000000000000000002,1,921125000,0,-42.5,5.80458330135927,0,0,0.540036010742188,1.63,0,-5399.92822265625
100000000000000000000000,1,921125000,0,-56.5,2.12916533358527,0,0,0.540036010742188,1.63,0,-5399.92822265625
100000000000000000000000,1,921125000,0,-56.5,2.00644687055442,0,0,0.540036010742188,1.63,0,-5399.92822265625
100000000000000000000003,1,921125000,0,-46,2.39914595225314,0,0,0.540036010742188,1.63,0,-5399.92822265625
100000000000000000000002,1,921125000,0,-42.5,5.79231145505618,0,0,0.540036010742188,1.63,0,-5399.92822265625
100000000000000000000001,1,921125000,0,-44.5,2.87161203492192,0,0,0.540036010742188,1.63,0,-5399.92822265625
100000000000000000000004,1,921125000,0,-52.5,3.92699081698724,0,0,0.540036010742188,1.63,0,-5399.92822265625
100000000000000000000001,1,921125000,0,-44.5,2.87774795807346,0,0,0.540036010742188,1.63,0,-5399.92822265625
100000000000000000000003,1,921125000,0,-46,2.40528187540469,0,0,0.540036010742188,1.63,0,-5399.92822265625
100000000000000000000002,1,921125000,0,-42.5,5.7800396087531,0,0,0.540036010742188,1.63,0,-5399.92822265625
100000000000000000000004,1,921125000,0,-52.5,3.92699081698724,0,0,0.540036010742188,1.63,0,-5399.92822265625
100000000000000000000000,1,921125000,0,-56.5,2.09848571782756,0,0,0.540036010742188,1.63,0,-5399.92822265625
100000000000000000000003,1,921125000,0,-46,2.41755372170777,0,0,0.540036010742188,1.63,0,-5399.92822265625
100000000000000000000001,1,921125000,0,-44.5,2.89001980437655,0,0,0.540036010742188,1.63,0,-5399.92822265625
100000000000000000000000,1,921125000,0,-56.5,2.07394202522139,0,0,0.540036010742188,1.63,0,-5399.92822265625
100000000000000000000002,1,921125000,0,-42.5,5.78617553190464,0,0,0.540036010742188,1.63,0,-5399.92822265625
100000000000000000000004,1,921125000,0,-52.5,3.90858304753261,0,0,0.540036010742188,1.63,0,-5399.92822265625
100000000000000000000003,1,921125000,0,-46,2.4359614911624,0,0,0.540036010742188,1.63,0,-5399.92822265625
100000000000000000000004,1,921125000,0,-52.5,3.92699081698724,0,0,0.540036010742188,1.63,0,-5399.92822265625
100000000000000000000000,1,921125000,0,-56.5,2.1046216409791,0,0,0.540036010742188,1.63,0,-5399.92822265625
100000000000000000000001,1,921125000,0,-44.5,2.89001980437655,0,0,0.540036010742188,1.63,0,-5399.92822265625
100000000000000000000002,1,921125000,0,-42.5,5.79231145505618,0,0,0.540036010742188,1.63,0,-5399.92822265625
100000000000000000000002,1,921125000,0,-42.5,5.77390368560155,0,0,0.540036010742188,1.63,0,-5399.92822265625
100000000000000000000004,1,921125000,0,-52.5,3.90858304753261,0,0,0.540036010742188,1.63,0,-5399.92822265625
100000000000000000000000,1,921125000,0,-56.5,2.06780610206984,0,0,0.540036010742188,1.63,0,-5399.92822265625
100000000000000000000003,1,921125000,0,-46,2.41755372170777,0,0,0.540036010742188,1.63,0,-5399.92822265625
100000000000000000000001,1,921125000,0,-44.5,2.87774795807346,0,0,0.540036010742188,1.63,0,-5399.92822265625
100000000000000000000002,1,921125000,0,-42.5,5.75549591614693,0,0,0.540036010742188,1.63,0,-5399.92822265625
100000000000000000000003,1,921125000,0,-46,2.4359614911624,0,0,0.540036010742188,1.63,0,-5399.92822265625
100000000000000000000004,1,921125000,0,-52.5,3.92699081698724,0,0,0.540036010742188,1.63,0,-5399.92822265625
100000000000000000000001,1,921125000,0,-44.5,2.89615572752809,0,0,0.540036010742188,1.63,0,-5399.92822265625
100000000000000000000000,1,921125000,0,-56.5,2.09234979467601,0,0,0.540036010742188,1.63,0,-5399.92822265625
100000000000000000000003,1,921125000,0,-46,2.40528187540469,0,0,0.540036010742188,1.63,0,-5399.92822265625
100000000000000000000004,1,921125000,0,-52.5,3.92699081698724,0,0,0.540036010742188,1.63,0,-5399.92822265625
100000000000000000000002,1,921125000,0,-42.5,5.80458330135927,0,0,0.540036010742188,1.63,0,-5399.92822265625
100000000000000000000001,1,921125000,0,-44.5,2.85934018861884,0,0,0.540036010742188,1.63,0,-5399.92822265625
100000000000000000000000,1,921125000,0,-57,2.07394202522139,0,0,0.540036010742188,1.63,0,-5399.92822265625
100000000000000000000003,1,921125000,0,-46,2.40528187540469,0,0,0.540036010742188,1.63,0,-5399.92822265625
100000000000000000000001,1,921125000,0,-44.5,2.89001980437655,0,0,0.540036010742188,1.63,0,-5399.92822265625
100000000000000000000004,1,921125000,0,-52.5,3.90244712438107,0,0,0.540036010742188,1.63,0,-5399.92822265625
100000000000000000000002,1,921125000,0,-42.5,5.79844737820772,0,0,0.540036010742188,1.63,0,-5399.92822265625
100000000000000000000000,1,921125000,0,-56.5,2.07394202522139,0,0,0.540036010742188,1.63,0,-5399.92822265625
100000000000000000000000,1,921125000,0,-56.5,2.09848571782756,0,0,0.540036010742188,1.63,0,-5399.92822265625
100000000000000000000002,1,921125000,0,-42.5,5.79231145505618,0,0,0.540036010742188,1.63,0,-5399.92822265625
100000000000000000000003,1,921125000,0,-46,2.42368964485931,0,0,0.540036010742188,1.63,0,-5399.92822265625
100000000000000000000001,1,921125000,0,-44.5,2.87161203492192,0,0,0.540036010742188,1.63,0,-5399.92822265625
100000000000000000000004,1,921125000,0,-52.5,3.86563158547182,0,0,0.540036010742188,1.63,0,-5399.92822265625
100000000000000000000003,1,921125000,0,-46,2.42982556801086,0,0,0.540036010742188,1.63,0,-5399.92822265625
100000000000000000000001,1,921125000,0,-44.5,2.85934018861884,0,0,0.540036010742188,1.63,0,-5399.92822265625
100000000000000000000002,1,921125000,0,-42.5,5.80458330135927,0,0,0.540036010742188,1.63,0,-5399.92822265625
100000000000000000000000,1,921125000,0,-56.5,2.06780610206984,0,0,0.540036010742188,1.63,0,-5399.92822265625
100000000000000000000004,1,921125000,0,-52.5,3.92699081698724,0,0,0.540036010742188,1.63,0,-5399.92822265625
100000000000000000000002,1,921125000,0,-42.5,5.79231145505618,0,0,0.540036010742188,1.63,0,-5399.92822265625
100000000000000000000000,1,921125000,0,-56.5,2.0616701789183,0,0,0.540036010742188,1.63,0,-5399.92822265625
100000000000000000000004,1,921125000,0,-52.5,3.91471897068416,0,0,0.540036010742188,1.63,0,-5399.92822265625
100000000000000000000003,1,921125000,0,-46,2.44823333746548,0,0,0.540036010742188,1.63,0,-5399.92822265625
100000000000000000000001,1,921125000,0,-44.5,2.88388388122501,0,0,0.540036010742188,1.63,0,-5399.92822265625
100000000000000000000003,1,921125000,0,-46,2.41755372170777,0,0,0.540036010742188,1.63,0,-5399.92822265625
100000000000000000000002,1,921125000,0,-42.5,5.79844737820772,0,0,0.540036010742188,1.63,0,-5399.92822265625
100000000000000000000001,1,921125000,0,-44.5,2.88388388122501,0,0,0.540036010742188,1.63,0,-5399.92822265625
100000000000000000000000,1,921125000,0,-56.5,2.07394202522139,0,0,0.540036010742188,1.63,0,-5399.92822265625
100000000000000000000004,1,921125000,0,-52.5,3.90244712438107,0,0,0.540036010742188,1.63,0,-5399.92822265625
100000000000000000000000,1,921125000,0,-56.5,2.1046216409791,0,0,0.540036010742188,1.63,0,-5399.92822265625
100000000000000000000003,1,921125000,0,-46,2.39914595225314,0,0,0.540036010742188,1.63,0,-5399.92822265625
100000000000000000000002,1,921125000,0,-42.5,5.79844737820772,0,0,0.540036010742188,1.63,0,-5399.92822265625
100000000000000000000004,1,921125000,0,-52.5,3.93312674013878,0,0,0.540036010742188,1.63,0,-5399.92822265625
100000000000000000000001,1,921125000,0,-44.5,2.88388388122501,0,0,0.540036010742188,1.63,0,-5399.92822265625
100000000000000000000004,1,921125000,0,-52.5,3.93312674013878,0,0,0.540036010742188,1.63,0,-5399.92822265625
100000000000000000000000,1,921125000,0,-57,2.04939833261522,0,0,0.540036010742188,1.63,0,-5399.92822265625
100000000000000000000001,1,921125000,0,-44.5,2.88388388122501,0,0,0.540036010742188,1.63,0,-5399.92822265625
100000000000000000000003,1,921125000,0,-46,2.42368964485931,0,0,0.540036010742188,1.63,0,-5399.92822265625
100000000000000000000002,1,921125000,0,-42.5,5.79844737820772,0,0,0.540036010742188,1.63,0,-5399.92822265625
100000000000000000000000,1,921125000,0,-56.5,2.09848571782756,0,0,0.540036010742188,1.63,0,-5399.92822265625
100000000000000000000004,1,921125000,0,-52.5,3.90858304753261,0,0,0.540036010742188,1.63,0,-5399.92822265625
100000000000000000000002,1,921125000,0,-42.5,5.7800396087531,0,0,0.540036010742188,1.63,0,-5399.92822265625
100000000000000000000001,1,921125000,0,-44.5,2.88388388122501,0,0,0.540036010742188,1.63,0,-5399.92822265625
100000000000000000000003,1,921125000,0,-46,2.42368964485931,0,0,0.540036010742188,1.63,0,-5399.92822265625
100000000000000000000000,1,921125000,0,-57,2.02485464000905,0,0,0.540036010742188,1.63,0,-5399.92822265625
100000000000000000000002,1,921125000,0,-42.5,5.76776776245001,0,0,0.540036010742188,1.63,0,-5399.92822265625
100000000000000000000004,1,921125000,0,-52.5,3.88403935492644,0,0,0.540036010742188,1.63,0,-5399.92822265625
100000000000000000000003,1,921125000,0,-46,2.41755372170777,0,0,0.540036010742188,1.63,0,-5399.92822265625
100000000000000000000001,1,921125000,0,-44.5,2.87774795807346,0,0,0.540036010742188,1.63,0,-5399.92822265625
100000000000000000000003,1,921125000,0,-46,2.41755372170777,0,0,0.540036010742188,1.63,0,-5399.92822265625
100000000000000000000004,1,921125000,0,-52.5,3.91471897068416,0,0,0.540036010742188,1.63,0,-5399.92822265625
100000000000000000000000,1,921125000,0,-56.5,2.08621387152447,0,0,0.540036010742188,1.63,0,-5399.92822265625
100000000000000000000002,1,921125000,0,-42.5,5.79844737820772,0,0,0.540036010742188,1.63,0,-5399.92822265625
100000000000000000000001,1,921125000,0,-44.5,2.88388388122501,0,0,0.540036010742188,1.63,0,-5399.92822265625
100000000000000000000001,1,921125000,0,-44.5,2.87161203492192,0,0,0.540036010742188,1.63,0,-5399.92822265625
100000000000000000000004,1,921125000,0,-52.5,3.93926266329033,0,0,0.540036010742188,1.63,0,-5399.92822265625
100000000000000000000002,1,921125000,0,-42.5,5.76776776245001,0,0,0.540036010742188,1.63,0,-5399.92822265625
100000000000000000000000,1,921125000,0,-56.5,2.04326240946367,0,0,0.540036010742188,1.63,0,-5399.92822265625
100000000000000000000003,1,921125000,0,-46,2.39914595225314,0,0,0.540036010742188,1.63,0,-5399.92822265625
100000000000000000000001,1,921125000,0,-44.5,2.89001980437655,0,0,0.540036010742188,1.63,0,-5399.92822265625
100000000000000000000003,1,921125000,0,-46,2.3930100291016,0,0,0.540036010742188,1.63,0,-5399.92822265625
100000000000000000000002,1,921125000,0,-42.5,5.78617553190464,0,0,0.540036010742188,1.63,0,-5399.92822265625
100000000000000000000004,1,921125000,0,-52.5,3.95153450959341,0,0,0.540036010742188,1.63,0,-5399.92822265625
100000000000000000000000,1,921125000,0,-56.5,2.09234979467601,0,0,0.540036010742188,1.63,0,-5399.92822265625
100000000000000000000004,1,921125000,0,-52.5,3.89631120122953,0,0,0.540036010742188,1.63,0,-5399.92822265625
100000000000000000000000,1,921125000,0,-56.5,2.04326240946367,0,0,0.540036010742188,1.63,0,-5399.92822265625
100000000000000000000001,1,921125000,0,-44.5,2.88388388122501,0,0,0.540036010742188,1.63,0,-5399.92822265625
100000000000000000000002,1,921125000,0,-42.5,5.79231145505618,0,0,0.540036010742188,1.63,0,-5399.92822265625
100000000000000000000003,1,921125000,0,-46,2.42368964485931,0,0,0.540036010742188,1.63,0,-5399.92822265625
100000000000000000000001,1,921125000,0,-44.5,2.89615572752809,0,0,0.540036010742188,1.63,0,-5399.92822265625
100000000000000000000002,1,921125000,0,-42.5,5.75549591614693,0,0,0.540036010742188,1.63,0,-5399.92822265625
100000000000000000000004,1,921125000,0,-52.5,3.85335973916873,0,0,0.540036010742188,1.63,0,-5399.92822265625
100000000000000000000003,1,921125000,0,-46,2.41755372170777,0,0,0.540036010742188,1.63,0,-5399.92822265625
100000000000000000000000,1,921125000,0,-56.5,2.0616701789183,0,0,0.540036010742188,1.63,0,-5399.92822265625
100000000000000000000002,1,921125000,0,-42.5,5.7800396087531,0,0,0.540036010742188,1.63,0,-5399.92822265625
100000000000000000000004,1,921125000,0,-52.5,3.93926266329033,0,0,0.540036010742188,1.63,0,-5399.92822265625
100000000000000000000000,1,921125000,0,-56.5,2.06780610206984,0,0,0.540036010742188,1.63,0,-5399.92822265625
100000000000000000000001,1,921125000,0,-44.5,2.87774795807346,0,0,0.540036010742188,1.63,0,-5399.92822265625
100000000000000000000003,1,921125000,0,-46,2.41141779855623,0,0,0.540036010742188,1.63,0,-5399.92822265625
100000000000000000000004,1,921125000,0,-52.5,3.89017527807799,0,0,0.540036010742188,1.63,0,-5399.92822265625
100000000000000000000000,1,921125000,0,-57,2.04939833261522,0,0,0.540036010742188,1.63,0,-5399.92822265625
100000000000000000000002,1,921125000,0,-42.5,5.7800396087531,0,0,0.540036010742188,1.63,0,-5399.92822265625
100000000000000000000003,1,921125000,0,-46,2.41141779855623,0,0,0.540036010742188,1.63,0,-5399.92822265625
100000000000000000000001,1,921125000,0,-44.5,2.89001980437655,0,0,0.540036010742188,1.63,0,-5399.92822265625
100000000000000000000002,1,921125000,0,-42.5,5.78617553190464,0,0,0.540036010742188,1.63,0,-5399.92822265625
100000000000000000000001,1,921125000,0,-44.5,2.88388388122501,0,0,0.540036010742188,1.63,0,-5399.92822265625
100000000000000000000000,1,921125000,0,-56.5,2.06780610206984,0,0,0.540036010742188,1.63,0,-5399.92822265625
100000000000000000000003,1,921125000,0,-46,2.40528187540469,0,0,0.540036010742188,1.63,0,-5399.92822265625
100000000000000000000004,1,921125000,0,-52.5,3.91471897068416,0,0,0.540036010742188,1.63,0,-5399.92822265625
100000000000000000000002,1,921125000,0,-42.5,5.79844737820772,0,0,0.540036010742188,1.63,0,-5399.92822265625
100000000000000000000003,1,921125000,0,-46,2.40528187540469,0,0,0.540036010742188,1.63,0,-5399.92822265625
100000000000000000000004,1,921125000,0,-52.5,3.87176750862336,0,0,0.540036010742188,1.63,0,-5399.92822265625
100000000000000000000001,1,921125000,0,-44.5,2.88388388122501,0,0,0.540036010742188,1.63,0,-5399.92822265625
100000000000000000000000,1,921125000,0,-56.5,2.04939833261522,0,0,0.540036010742188,1.63,0,-5399.92822265625
100000000000000000000000,1,921125000,0,-56.5,2.06780610206984,0,0,0.540036010742188,1.63,0,-5399.92822265625
100000000000000000000004,1,921125000,0,-52.5,3.90858304753261,0,0,0.540036010742188,1.63,0,-5399.92822265625
100000000000000000000002,1,921125000,0,-42.5,5.79231145505618,0,0,0.540036010742188,1.63,0,-5399.92822265625
100000000000000000000001,1,921125000,0,-44.5,2.88388388122501,0,0,0.540036010742188,1.63,0,-5399.92822265625
100000000000000000000003,1,921125000,0,-46,2.3930100291016,0,0,0.540036010742188,1.63,0,-5399.92822265625
100000000000000000000003,1,921125000,0,-46,2.38073818279852,0,0,0.540036010742188,1.63,0,-5399.92822265625
100000000000000000000001,1,921125000,0,-44.5,2.87774795807346,0,0,0.540036010742188,1.63,0,-5399.92822265625
100000000000000000000004,1,921125000,0,-52.5,3.94539858644187,0,0,0.540036010742188,1.63,0,-5399.92822265625
100000000000000000000002,1,921125000,0,-42.5,5.78617553190464,0,0,0.540036010742188,1.63,0,-5399.92822265625
100000000000000000000000,1,921125000,0,-56.5,2.06780610206984,0,0,0.540036010742188,1.63,0,-5399.92822265625
100000000000000000000004,1,921125000,0,-52.5,3.90244712438107,0,0,0.540036010742188,1.63,0,-5399.92822265625
100000000000000000000001,1,921125000,0,-44.5,2.89001980437655,0,0,0.540036010742188,1.63,0,-5399.92822265625
100000000000000000000003,1,921125000,0,-46,2.41755372170777,0,0,0.540036010742188,1.63,0,-5399.92822265625
100000000000000000000000,1,921125000,0,-57,2.11075756413064,0,0,0.540036010742188,1.63,0,-5399.92822265625
100000000000000000000002,1,921125000,0,-42.5,5.79844737820772,0,0,0.540036010742188,1.63,0,-5399.92822265625
100000000000000000000003,1,921125000,0,-46,2.41755372170777,0,0,0.540036010742188,1.63,0,-5399.92822265625
100000000000000000000000,1,921125000,0,-57,2.09848571782756,0,0,0.540036010742188,1.63,0,-5399.92822265625
100000000000000000000004,1,921125000,0,-52.5,3.8779034317749,0,0,0.540036010742188,1.63,0,-5399.92822265625
100000000000000000000002,1,921125000,0,-42.5,5.77390368560155,0,0,0.540036010742188,1.63,0,-5399.92822265625
100000000000000000000001,1,921125000,0,-44.5,2.87774795807346,0,0,0.540036010742188,1.63,0,-5399.92822265625
100000000000000000000002,1,921125000,0,-42.5,5.75549591614693,0,0,0.540036010742188,1.63,0,-5399.92822265625
100000000000000000000003,1,921125000,0,-46,2.4359614911624,0,0,0.540036010742188,1.63,0,-5399.92822265625
100000000000000000000000,1,921125000,0,-57,2.06780610206984,0,0,0.540036010742188,1.63,0,-5399.92822265625
100000000000000000000001,1,921125000,0,-44.5,2.85320426546729,0,0,0.540036010742188,1.63,0,-5399.92822265625
100000000000000000000004,1,921125000,0,-52.5,3.89631120122953,0,0,0.540036010742188,1.63,0,-5399.92822265625
100000000000000000000001,1,921125000,0,-44.5,2.89001980437655,0,0,0.540036010742188,1.63,0,-5399.92822265625
100000000000000000000004,1,921125000,0,-52.5,3.9208548938357,0,0,0.540036010742188,1.63,0,-5399.92822265625
100000000000000000000000,1,921125000,0,-56.5,2.04326240946367,0,0,0.540036010742188,1.63,0,-5399.92822265625
100000000000000000000002,1,921125000,0,-42.5,5.78617553190464,0,0,0.540036010742188,1.63,0,-5399.92822265625
100000000000000000000003,1,921125000,0,-46,2.44209741431394,0,0,0.540036010742188,1.63,0,-5399.92822265625
100000000000000000000000,1,921125000,0,-56.5,2.06780610206984,0,0,0.540036010742188,1.63,0,-5399.92822265625
100000000000000000000001,1,921125000,0,-44.5,2.89001980437655,0,0,0.540036010742188,1.63,0,-5399.92822265625
100000000000000000000002,1,921125000,0,-42.5,5.79231145505618,0,0,0.540036010742188,1.63,0,-5399.92822265625
100000000000000000000004,1,921125000,0,-52.5,3.91471897068416,0,0,0.540036010742188,1.63,0,-5399.92822265625
100000000000000000000003,1,921125000,0,-46,2.40528187540469,0,0,0.540036010742188,1.63,0,-5399.92822265625
100000000000000000000000,1,921125000,0,-56.5,2.1046216409791,0,0,0.540036010742188,1.63,0,-5399.92822265625
100000000000000000000003,1,921125000,0,-46,2.41141779855623,0,0,0.540036010742188,1.63,0,-5399.92822265625
100000000000000000000004,1,921125000,0,-52.5,3.89631120122953,0,0,0.540036010742188,1.63,0,-5399.92822265625
100000000000000000000002,1,921125000,0,-42.5,5.79844737820772,0,0,0.540036010742188,1.63,0,-5399.92822265625
100000000000000000000001,1,921125000,0,-44.5,2.87774795807346,0,0,0.540036010742188,1.63,0,-5399.92822265625
100000000000000000000001,1,921125000,0,-44.5,2.87774795807346,0,0,0.540036010742188,1.63,0,-5399.92822265625
100000000000000000000004,1,921125000,0,-52.5,3.94539858644187,0,0,0.540036010742188,1.63,0,-5399.92822265625
100000000000000000000002,1,921125000,0,-42.5,5.80458330135927,0,0,0.540036010742188,1.63,0,-5399.92822265625
100000000000000000000000,1,921125000,0,-56.5,1.99417502425133,0,0,0.540036010742188,1.63,0,-5399.92822265625
100000000000000000000003,1,921125000,0,-46,2.37460225964697,0,0,0.540036010742188,1.63,0,-5399.92822265625
100000000000000000000004,1,921125000,0,-52.5,3.90244712438107,0,0,0.540036010742188,1.63,0,-5399.92822265625
100000000000000000000003,1,921125000,0,-46,2.42368964485931,0,0,0.540036010742188,1.63,0,-5399.92822265625
100000000000000000000001,1,921125000,0,-44.5,2.89615572752809,0,0,0.540036010742188,1.63,0,-5399.92822265625
100000000000000000000002,1,921125000,0,-42.5,5.79231145505618,0,0,0.540036010742188,1.63,0,-5399.92822265625
100000000000000000000000,1,921125000,0,-56,2.05553425576676,0,0,0.540036010742188,1.63,0,-5399.92822265625
100000000000000000000002,1,921125000,0,-42.5,5.74935999299538,0,0,0.540036010742188,1.63,0,-5399.92822265625
100000000000000000000001,1,921125000,0,-44.5,2.88388388122501,0,0,0.540036010742188,1.63,0,-5399.92822265625
100000000000000000000003,1,921125000,0,-45.5,2.42982556801086,0,0,0.540036010742188,1.63,0,-5399.92822265625
100000000000000000000004,1,921125000,0,-52.5,3.93312674013878,0,0,0.540036010742188,1.63,0,-5399.92822265625
100000000000000000000000,1,921125000,0,-56.5,2.04939833261522,0,0,0.540036010742188,1.63,0,-5399.92822265625
100000000000000000000004,1,921125000,0,-52.5,3.90244712438107,0,0,0.540036010742188,1.63,0,-5399.92822265625
100000000000000000000001,1,921125000,0,-44.5,2.89001980437655,0,0,0.540036010742188,1.63,0,-5399.92822265625
100000000000000000000002,1,921125000,0,-42.5,5.79231145505618,0,0,0.540036010742188,1.63,0,-5399.92822265625
100000000000000000000003,1,921125000,0,-45.5,2.41141779855623,0,0,0.540036010742188,1.63,0,-5399.92822265625
100000000000000000000000,1,921125000,0,-57,2.0616701789183,0,0,0.540036010742188,1.63,0,-5399.92822265625
100000000000000000000000,1,921125000,0,-56.5,2.11689348728218,0,0,0.540036010742188,1.63,0,-5399.92822265625
100000000000000000000004,1,921125000,0,-52.5,3.89017527807799,0,0,0.540036010742188,1.63,0,-5399.92822265625
100000000000000000000003,1,921125000,0,-46,2.39914595225314,0,0,0.540036010742188,1.63,0,-5399.92822265625
100000000000000000000001,1,921125000,0,-44.5,2.89001980437655,0,0,0.540036010742188,1.63,0,-5399.92822265625
100000000000000000000002,1,921125000,0,-42.5,5.78617553190464,0,0,0.540036010742188,1.63,0,-5399.92822265625
100000000000000000000003,1,921125000,0,-46,2.40528187540469,0,0,0.540036010742188,1.63,0,-5399.92822265625
100000000000000000000000,1,921125000,0,-56.5,2.08007794837293,0,0,0.540036010742188,1.63,0,-5399.92822265625
100000000000000000000002,1,921125000,0,-42.5,5.79231145505618,0,0,0.540036010742188,1.63,0,-5399.92822265625
100000000000000000000004,1,921125000,0,-52,3.85949566232027,0,0,0.540036010742188,1.63,0,-5399.92822265625
100000000000000000000001,1,921125000,0,-44.5,2.89001980437655,0,0,0.540036010742188,1.63,0,-5399.92822265625
100000000000000000000002,1,921125000,0,-42.5,5.77390368560155,0,0,0.540036010742188,1.63,0,-5399.92822265625
100000000000000000000001,1,921125000,0,-44.5,2.88388388122501,0,0,0.540036010742188,1.63,0,-5399.92822265625
100000000000000000000000,1,921125000,0,-56.5,2.0616701789183,0,0,0.540036010742188,1.63,0,-5399.92822265625
100000000000000000000004,1,921125000,0,-52.5,3.94539858644187,0,0,0.540036010742188,1.63,0,-5399.92822265625
100000000000000000000003,1,921125000,0,-46,2.39914595225314,0,0,0.540036010742188,1.63,0,-5399.92822265625
100000000000000000000002,1,921125000,0,-42.5,5.79231145505618,0,0,0.540036010742188,1.63,0,-5399.92822265625
100000000000000000000003,1,921125000,0,-46,2.4359614911624,0,0,0.540036010742188,1.63,0,-5399.92822265625
100000000000000000000000,1,921125000,0,-56.5,2.02485464000905,0,0,0.540036010742188,1.63,0,-5399.92822265625
100000000000000000000001,1,921125000,0,-44.5,2.87774795807346,0,0,0.540036010742188,1.63,0,-5399.92822265625
100000000000000000000004,1,921125000,0,-52.5,3.92699081698724,0,0,0.540036010742188,1.63,0,-5399.92822265625
100000000000000000000001,1,921125000,0,-44.5,2.88388388122501,0,0,0.540036010742188,1.63,0,-5399.92822265625
100000000000000000000000,1,921125000,0,-56.5,2.04326240946367,0,0,0.540036010742188,1.63,0,-5399.92822265625
100000000000000000000002,1,921125000,0,-42.5,5.76776776245001,0,0,0.540036010742188,1.63,0,-5399.92822265625
100000000000000000000003,1,921125000,0,-46,2.38687410595006,0,0,0.540036010742188,1.63,0,-5399.92822265625
100000000000000000000004,1,921125000,0,-52.5,3.92699081698724,0,0,0.540036010742188,1.63,0,-5399.92822265625
100000000000000000000004,1,921125000,0,-52.5,3.92699081698724,0,0,0.540036010742188,1.63,0,-5399.92822265625
100000000000000000000003,1,921125000,0,-46,2.42982556801086,0,0,0.540036010742188,1.63,0,-5399.92822265625
100000000000000000000001,1,921125000,0,-44.5,2.88388388122501,0,0,0.540036010742188,1.63,0,-5399.92822265625
100000000000000000000000,1,921125000,0,-56.5,2.0616701789183,0,0,0.540036010742188,1.63,0,-5399.92822265625
100000000000000000000002,1,921125000,0,-42.5,5.7800396087531,0,0,0.540036010742188,1.63,0,-5399.92822265625
100000000000000000000003,1,921125000,0,-46,2.39914595225314,0,0,0.540036010742188,1.63,0,-5399.92822265625
100000000000000000000004,1,921125000,0,-52.5,3.90858304753261,0,0,0.540036010742188,1.63,0,-5399.92822265625
100000000000000000000000,1,921125000,0,-56.5,2.01258279370596,0,0,0.540036010742188,1.63,0,-5399.92822265625
100000000000000000000002,1,921125000,0,-42.5,5.80458330135927,0,0,0.540036010742188,1.63,0,-5399.92822265625
100000000000000000000001,1,921125000,0,-44.5,2.88388388122501,0,0,0.540036010742188,1.63,0,-5399.92822265625
100000000000000000000004,1,921125000,0,-52.5,3.90858304753261,0,0,0.540036010742188,1.63,0,-5399.92822265625
100000000000000000000003,1,921125000,0,-46,2.39914595225314,0,0,0.540036010742188,1.63,0,-5399.92822265625
100000000000000000000000,1,921125000,0,-56.5,2.04326240946367,0,0,0.540036010742188,1.63,0,-5399.92822265625
100000000000000000000001,1,921125000,0,-44.5,2.89001980437655,0,0,0.540036010742188,1.63,0,-5399.92822265625
100000000000000000000002,1,921125000,0,-42.5,5.81071922451081,0,0,0.540036010742188,1.63,0,-5399.92822265625
100000000000000000000001,1,921125000,0,-44.5,2.87161203492192,0,0,0.540036010742188,1.63,0,-5399.92822265625
100000000000000000000000,1,921125000,0,-57,2.11075756413064,0,0,0.540036010742188,1.63,0,-5399.92822265625
100000000000000000000004,1,921125000,0,-52.5,3.89017527807799,0,0,0.540036010742188,1.63,0,-5399.92822265625
100000000000000000000002,1,921125000,0,-42.5,5.80458330135927,0,0,0.540036010742188,1.63,0,-5399.92822265625
100000000000000000000003,1,921125000,0,-46,2.42368964485931,0,0,0.540036010742188,1.63,0,-5399.92822265625
100000000000000000000002,1,921125000,0,-42.5,5.79231145505618,0,0,0.540036010742188,1.63,0,-5399.92822265625
100000000000000000000003,1,921125000,0,-46,2.42368964485931,0,0,0.540036010742188,1.63,0,-5399.92822265625
100000000000000000000001,1,921125000,0,-44.5,2.89001980437655,0,0,0.540036010742188,1.63,0,-5399.92822265625
100000000000000000000004,1,921125000,0,-52.5,3.93926266329033,0,0,0.540036010742188,1.63,0,-5399.92822265625
100000000000000000000000,1,921125000,0,-56.5,2.04326240946367,0,0,0.540036010742188,1.63,0,-5399.92822265625
100000000000000000000003,1,921125000,0,-46,2.39914595225314,0,0,0.540036010742188,1.63,0,-5399.92822265625
100000000000000000000000,1,921125000,0,-56.5,2.06780610206984,0,0,0.540036010742188,1.63,0,-5399.92822265625
100000000000000000000001,1,921125000,0,-44.5,2.88388388122501,0,0,0.540036010742188,1.63,0,-5399.92822265625
100000000000000000000002,1,921125000,0,-42.5,5.76776776245001,0,0,0.540036010742188,1.63,0,-5399.92822265625
100000000000000000000004,1,921125000,0,-52.5,3.93312674013878,0,0,0.540036010742188,1.63,0,-5399.92822265625
100000000000000000000004,1,921125000,0,-52.5,3.89017527807799,0,0,0.540036010742188,1.63,0,-5399.92822265625
100000000000000000000001,1,921125000,0,-44.5,2.88388388122501,0,0,0.540036010742188,1.63,0,-5399.92822265625
100000000000000000000000,1,921125000,0,-56.5,2.09234979467601,0,0,0.540036010742188,1.63,0,-5399.92822265625
100000000000000000000002,1,921125000,0,-42.5,5.7800396087531,0,0,0.540036010742188,1.63,0,-5399.92822265625
100000000000000000000003,1,921125000,0,-46,2.42368964485931,0,0,0.540036010742188,1.63,0,-5399.92822265625
100000000000000000000004,1,921125000,0,-52.5,3.93926266329033,0,0,0.540036010742188,1.63,0,-5399.92822265625
100000000000000000000003,1,921125000,0,-46,2.41141779855623,0,0,0.540036010742188,1.63,0,-5399.92822265625
100000000000000000000000,1,921125000,0,-56.5,2.08621387152447,0,0,0.540036010742188,1.63,0,-5399.92822265625
100000000000000000000001,1,921125000,0,-44.5,2.89001980437655,0,0,0.540036010742188,1.63,0,-5399.92822265625
100000000000000000000002,1,921125000,0,-42.5,5.79231145505618,0,0,0.540036010742188,1.63,0,-5399.92822265625
100000000000000000000001,1,921125000,0,-44.5,2.89615572752809,0,0,0.540036010742188,1.63,0,-5399.92822265625
100000000000000000000003,1,921125000,0,-46,2.40528187540469,0,0,0.540036010742188,1.63,0,-5399.92822265625
100000000000000000000004,1,921125000,0,-52.5,3.92699081698724,0,0,0.540036010742188,1.63,0,-5399.92822265625
100000000000000000000002,1,921125000,0,-42.5,5.80458330135927,0,0,0.540036010742188,1.63,0,-5399.92822265625
100000000000000000000000,1,921125000,0,-56.5,2.07394202522139,0,0,0.540036010742188,1.63,0,-5399.92822265625
100000000000000000000002,1,921125000,0,-42.5,5.76776776245001,0,0,0.540036010742188,1.63,0,-5399.92822265625
100000000000000000000001,1,921125000,0,-44.5,2.89001980437655,0,0,0.540036010742188,1.63,0,-5399.92822265625
100000000000000000000003,1,921125000,0,-46,2.4359614911624,0,0,0.540036010742188,1.63,0,-5399.92822265625
100000000000000000000000,1,921125000,0,-56.5,2.08007794837293,0,0,0.540036010742188,1.63,0,-5399.92822265625
100000000000000000000004,1,921125000,0,-52.5,3.92699081698724,0,0,0.540036010742188,1.63,0,-5399.92822265625
100000000000000000000001,1,921125000,0,-44.5,2.88388388122501,0,0,0.540036010742188,1.63,0,-5399.92822265625
100000000000000000000002,1,921125000,0,-42.5,5.76776776245001,0,0,0.540036010742188,1.63,0,-5399.92822265625
100000000000000000000003,1,921125000,0,-46,2.42982556801086,0,0,0.540036010742188,1.63,0,-5399.92822265625
100000000000000000000004,1,921125000,0,-52,3.92699081698724,0,0,0.540036010742188,1.63,0,-5399.92822265625
100000000000000000000000,1,921125000,0,-56.5,2.02485464000905,0,0,0.540036010742188,1.63,0,-5399.92822265625
100000000000000000000000,1,921125000,0,-56.5,2.04939833261522,0,0,0.540036010742188,1.63,0,-5399.92822265625
100000000000000000000001,1,921125000,0,-44.5,2.89615572752809,0,0,0.540036010742188,1.63,0,-5399.92822265625
100000000000000000000002,1,921125000,0,-42.5,5.79844737820772,0,0,0.540036010742188,1.63,0,-5399.92822265625
100000000000000000000003,1,921125000,0,-46,2.42368964485931,0,0,0.540036010742188,1.63,0,-5399.92822265625
100000000000000000000004,1,921125000,0,-52.5,3.90244712438107,0,0,0.540036010742188,1.63,0,-5399.92822265625
100000000000000000000002,1,921125000,0,-42.5,5.79231145505618,0,0,0.540036010742188,1.63,0,-5399.92822265625
100000000000000000000004,1,921125000,0,-52.5,3.90244712438107,0,0,0.540036010742188,1.63,0,-5399.92822265625
100000000000000000000001,1,921125000,0,-44.5,2.88388388122501,0,0,0.540036010742188,1.63,0,-5399.92822265625
100000000000000000000003,1,921125000,0,-46,2.41141779855623,0,0,0.540036010742188,1.63,0,-5399.92822265625
100000000000000000000000,1,921125000,0,-56.5,2.09848571782756,0,0,0.540036010742188,1.63,0,-5399.92822265625
100000000000000000000003,1,921125000,0,-46,2.39914595225314,0,0,0.540036010742188,1.63,0,-5399.92822265625
100000000000000000000000,1,921125000,0,-56.5,2.06780610206984,0,0,0.540036010742188,1.63,0,-5399.92822265625
100000000000000000000001,1,921125000,0,-44.5,2.88388388122501,0,0,0.540036010742188,1.63,0,-5399.92822265625
100000000000000000000002,1,921125000,0,-42.5,5.78617553190464,0,0,0.540036010742188,1.63,0,-5399.92822265625
100000000000000000000004,1,921125000,0,-52.5,3.92699081698724,0,0,0.540036010742188,1.63,0,-5399.92822265625
100000000000000000000003,1,921125000,0,-46,2.41141779855623,0,0,0.540036010742188,1.63,0,-5399.92822265625
100000000000000000000004,1,921125000,0,-52.5,3.91471897068416,0,0,0.540036010742188,1.63,0,-5399.92822265625
100000000000000000000000,1,921125000,0,-56.5,2.0616701789183,0,0,0.540036010742188,1.63,0,-5399.92822265625
100000000000000000000001,1,921125000,0,-44.5,2.87161203492192,0,0,0.540036010742188,1.63,0,-5399.92822265625
100000000000000000000002,1,921125000,0,-42.5,5.76776776245001,0,0,0.540036010742188,1.63,0,-5399.92822265625
100000000000000000000000,1,921125000,0,-56.5,2.06780610206984,0,0,0.540036010742188,1.63,0,-5399.92822265625
100000000000000000000001,1,921125000,0,-44.5,2.89001980437655,0,0,0.540036010742188,1.63,0,-5399.92822265625
100000000000000000000003,1,921125000,0,-46,2.41755372170777,0,0,0.540036010742188,1.63,0,-5399.92822265625
100000000000000000000002,1,921125000,0,-42.5,5.76776776245001,0,0,0.540036010742188,1.63,0,-5399.92822265625
100000000000000000000004,1,921125000,0,-52.5,3.9208548938357,0,0,0.540036010742188,1.63,0,-5399.92822265625
100000000000000000000004,1,921125000,0,-52.5,3.86563158547182,0,0,0.540036010742188,1.63,0,-5399.92822265625
100000000000000000000000,1,921125000,0,-56.5,2.06780610206984,0,0,0.540036010742188,1.63,0,-5399.92822265625
100000000000000000000001,1,921125000,0,-44.5,2.88388388122501,0,0,0.540036010742188,1.63,0,-5399.92822265625
100000000000000000000002,1,921125000,0,-42.5,5.79231145505618,0,0,0.540036010742188,1.63,0,-5399.92822265625
100000000000000000000003,1,921125000,0,-46,2.3930100291016,0,0,0.540036010742188,1.63,0,-5399.92822265625
100000000000000000000002,1,921125000,0,-42.5,5.79231145505618,0,0,0.540036010742188,1.63,0,-5399.92822265625
100000000000000000000001,1,921125000,0,-44.5,2.87774795807346,0,0,0.540036010742188,1.63,0,-5399.92822265625
100000000000000000000000,1,921125000,0,-56.5,2.09234979467601,0,0,0.540036010742188,1.63,0,-5399.92822265625
100000000000000000000003,1,921125000,0,-46,2.41755372170777,0,0,0.540036010742188,1.63,0,-5399.92822265625
100000000000000000000004,1,921125000,0,-52.5,3.90858304753261,0,0,0.540036010742188,1.63,0,-5399.92822265625
100000000000000000000001,1,921125000,0,-44.5,2.88388388122501,0,0,0.540036010742188,1.63,0,-5399.92822265625
100000000000000000000002,1,921125000,0,-42.5,5.7800396087531,0,0,0.540036010742188,1.63,0,-5399.92822265625
100000000000000000000003,1,921125000,0,-46,2.41141779855623,0,0,0.540036010742188,1.63,0,-5399.92822265625
100000000000000000000004,1,921125000,0,-52.5,3.93926266329033,0,0,0.540036010742188,1.63,0,-5399.92822265625
100000000000000000000000,1,921125000,0,-56.5,2.0616701789183,0,0,0.540036010742188,1.63,0,-5399.92822265625
100000000000000000000004,1,921125000,0,-52.5,3.93312674013878,0,0,0.540036010742188,1.63,0,-5399.92822265625
100000000000000000000002,1,921125000,0,-42.5,5.79844737820772,0,0,0.540036010742188,1.63,0,-5399.92822265625
100000000000000000000001,1,921125000,0,-44.5,2.87774795807346,0,0,0.540036010742188,1.63,0,-5399.92822265625
100000000000000000000000,1,921125000,0,-56.5,2.09234979467601,0,0,0.540036010742188,1.63,0,-5399.92822265625
100000000000000000000003,1,921125000,0,-46,2.41141779855623,0,0,0.540036010742188,1.63,0,-5399.92822265625
100000000000000000000000,1,921125000,0,-56.5,2.08621387152447,0,0,0.540036010742188,1.63,0,-5399.92822265625
100000000000000000000001,1,921125000,0,-44.5,2.88388388122501,0,0,0.540036010742188,1.63,0,-5399.92822265625
100000000000000000000002,1,921125000,0,-42.5,5.78617553190464,0,0,0.540036010742188,1.63,0,-5399.92822265625
100000000000000000000004,1,921125000,0,-52.5,3.93312674013878,0,0,0.540036010742188,1.63,0,-5399.92822265625
100000000000000000000003,1,921125000,0,-46,2.38687410595006,0,0,0.540036010742188,1.63,0,-5399.92822265625
100000000000000000000000,1,921125000,0,-56.5,2.07394202522139,0,0,0.540036010742188,1.63,0,-5399.92822265625
100000000000000000000003,1,921125000,0,-46,2.40528187540469,0,0,0.540036010742188,1.63,0,-5399.92822265625
100000000000000000000002,1,921125000,0,-42.5,5.7800396087531,0,0,0.540036010742188,1.63,0,-5399.92822265625
100000000000000000000001,1,921125000,0,-44.5,2.87774795807346,0,0,0.540036010742188,1.63,0,-5399.92822265625
100000000000000000000004,1,921125000,0,-52.5,3.93312674013878,0,0,0.540036010742188,1.63,0,-5399.92822265625
100000000000000000000004,1,921125000,0,-52.5,3.91471897068416,0,0,0.540036010742188,1.63,0,-5399.92822265625
100000000000000000000002,1,921125000,0,-42.5,5.80458330135927,0,0,0.540036010742188,1.63,0,-5399.92822265625
100000000000000000000001,1,921125000,0,-44.5,2.87161203492192,0,0,0.540036010742188,1.63,0,-5399.92822265625
100000000000000000000000,1,921125000,0,-56.5,2.04939833261522,0,0,0.540036010742188,1.63,0,-5399.92822265625
100000000000000000000003,1,921125000,0,-46,2.41755372170777,0,0,0.540036010742188,1.63,0,-5399.92822265625
100000000000000000000001,1,921125000,0,-44.5,2.87774795807346,0,0,0.540036010742188,1.63,0,-5399.92822265625
100000000000000000000002,1,921125000,0,-42.5,5.79844737820772,0,0,0.540036010742188,1.63,0,-5399.92822265625
100000000000000000000003,1,921125000,0,-46,2.40528187540469,0,0,0.540036010742188,1.63,0,-5399.92822265625
100000000000000000000004,1,921125000,0,-52.5,3.9208548938357,0,0,0.540036010742188,1.63,0,-5399.92822265625
100000000000000000000000,1,921125000,0,-56.5,2.09234979467601,0,0,0.540036010742188,1.63,0,-5399.92822265625
100000000000000000000000,1,921125000,0,-56.5,2.08621387152447,0,0,0.540036010742188,1.63,0,-5399.92822265625
100000000000000000000003,1,921125000,0,-46,2.4359614911624,0,0,0.540036010742188,1.63,0,-5399.92822265625
100000000000000000000002,1,921125000,0,-42.5,5.76776776245001,0,0,0.540036010742188,1.63,0,-5399.92822265625
100000000000000000000004,1,921125000,0,-52.5,3.87176750862336,0,0,0.540036010742188,1.63,0,-5399.92822265625
100000000000000000000001,1,921125000,0,-44.5,2.88388388122501,0,0,0.540036010742188,1.63,0,-5399.92822265625
100000000000000000000003,1,921125000,0,-46,2.41755372170777,0,0,0.540036010742188,1.63,0,-5399.92822265625
100000000000000000000004,1,921125000,0,-52.5,3.9208548938357,0,0,0.540036010742188,1.63,0,-5399.92822265625
100000000000000000000002,1,921125000,0,-42.5,5.79844737820772,0,0,0.540036010742188,1.63,0,-5399.92822265625
100000000000000000000001,1,921625000,0,-45,3.12932080728671,0,0,0.540036010742188,1.63,0,-5399.92822265625
100000000000000000000000,1,921625000,0,-58,2.35619449019234,0,0,0.540036010742188,1.63,0,-5399.92822265625
100000000000000000000000,1,921625000,0,-58,2.42982556801086,0,0,0.540036010742188,1.63,0,-5399.92822265625
100000000000000000000002,1,921625000,0,-42.5,6.00093284220863,0,0,0.540036010742188,1.63,0,-5399.92822265625
100000000000000000000001,1,921625000,0,-45,3.11704896098362,0,0,0.540036010742188,1.63,0,-5399.92822265625
100000000000000000000003,1,921625000,0,-45.5,2.63231103201176,0,0,0.540036010742188,1.63,0,-5399.92822265625
100000000000000000000004,1,921625000,0,-52,4.20310735880666,0,0,0.540036010742188,1.63,0,-5399.92822265625
100000000000000000000003,1,921625000,0,-45.5,2.65071880146639,0,0,0.540036010742188,1.63,0,-5399.92822265625
100000000000000000000002,1,921625000,0,-42.5,6.01934061166326,0,0,0.540036010742188,1.63,0,-5399.92822265625
100000000000000000000001,1,921625000,0,-45,3.12932080728671,0,0,0.540036010742188,1.63,0,-5399.92822265625
100000000000000000000000,1,921625000,0,-57.5,2.29483525867692,0,0,0.540036010742188,1.63,0,-5399.92822265625
100000000000000000000004,1,921625000,0,-52,4.1662918198974,0,0,0.540036010742188,1.63,0,-5399.92822265625
100000000000000000000002,1,921625000,0,-42.5,6.00093284220863,0,0,0.540036010742188,1.63,0,-5399.92822265625
100000000000000000000004,1,921625000,0,-51.5,4.2092432819582,0,0,0.540036010742188,1.63,0,-5399.92822265625
100000000000000000000003,1,921625000,0,-45.5,2.62617510886022,0,0,0.540036010742188,1.63,0,-5399.92822265625
100000000000000000000001,1,921625000,0,-45.5,3.14772857674134,0,0,0.540036010742188,1.63,0,-5399.92822265625
100000000000000000000000,1,921625000,0,-57.5,2.41755372170777,0,0,0.540036010742188,1.63,0,-5399.92822265625
100000000000000000000002,1,921625000,0,-42.5,5.99479691905709,0,0,0.540036010742188,1.63,0,-5399.92822265625
100000000000000000000000,1,921625000,0,-58,2.37460225964697,0,0,0.540036010742188,1.63,0,-5399.92822265625
100000000000000000000001,1,921625000,0,-45,3.11704896098362,0,0,0.540036010742188,1.63,0,-5399.92822265625
100000000000000000000003,1,921625000,0,-45.5,2.63231103201176,0,0,0.540036010742188,1.63,0,-5399.92822265625
100000000000000000000004,1,921625000,0,-52,4.18469958935203,0,0,0.540036010742188,1.63,0,-5399.92822265625
100000000000000000000001,1,921625000,0,-45,3.14159265358979,0,0,0.540036010742188,1.63,0,-5399.92822265625
100000000000000000000000,1,921625000,0,-57.5,2.35619449019234,0,0,0.540036010742188,1.63,0,-5399.92822265625
100000000000000000000002,1,921625000,0,-42.5,5.99479691905709,0,0,0.540036010742188,1.63,0,-5399.92822265625
100000000000000000000004,1,921625000,0,-51.5,4.21537920510974,0,0,0.540036010742188,1.63,0,-5399.92822265625
100000000000000000000003,1,921625000,0,-45.5,2.6384469551633,0,0,0.540036010742188,1.63,0,-5399.92822265625
100000000000000000000000,1,921625000,0,-57.5,2.3930100291016,0,0,0.540036010742188,1.63,0,-5399.92822265625
100000000000000000000004,1,921625000,0,-52,4.19083551250357,0,0,0.540036010742188,1.63,0,-5399.92822265625
100000000000000000000002,1,921625000,0,-42.5,6.01320468851171,0,0,0.540036010742188,1.63,0,-5399.92822265625
100000000000000000000001,1,921625000,0,-45,3.12932080728671,0,0,0.540036010742188,1.63,0,-5399.92822265625
100000000000000000000003,1,921625000,0,-45.5,2.62617510886022,0,0,0.540036010742188,1.63,0,-5399.92822265625
100000000000000000000003,1,921625000,0,-45.5,2.63231103201176,0,0,0.540036010742188,1.63,0,-5399.92822265625
100000000000000000000004,1,921625000,0,-51.5,4.23378697456437,0,0,0.540036010742188,1.63,0,-5399.92822265625
100000000000000000000001,1,921625000,0,-45,3.12318488413517,0,0,0.540036010742188,1.63,0,-5399.92822265625
100000000000000000000002,1,921625000,0,-42.5,6.03161245796634,0,0,0.540036010742188,1.63,0,-5399.92822265625
100000000000000000000000,1,921625000,0,-58,2.36233041334389,0,0,0.540036010742188,1.63,0,-5399.92822265625
100000000000000000000001,1,921625000,0,-45,3.12318488413517,0,0,0.540036010742188,1.63,0,-5399.92822265625
100000000000000000000000,1,921625000,0,-57.5,2.36233041334389,0,0,0.540036010742188,1.63,0,-5399.92822265625
100000000000000000000003,1,921625000,0,-45.5,2.6384469551633,0,0,0.540036010742188,1.63,0,-5399.92822265625
100000000000000000000002,1,921625000,0,-42.5,6.00093284220863,0,0,0.540036010742188,1.63,0,-5399.92822265625
100000000000000000000004,1,921625000,0,-51.5,4.17242774304894,0,0,0.540036010742188,1.63,0,-5399.92822265625
100000000000000000000001,1,921625000,0,-45,3.12318488413517,0,0,0.540036010742188,1.63,0,-5399.92822265625
100000000000000000000004,1,921625000,0,-52,4.19697143565511,0,0,0.540036010742188,1.63,0,-5399.92822265625
100000000000000000000002,1,921625000,0,-42.5,6.01934061166326,0,0,0.540036010742188,1.63,0,-5399.92822265625
100000000000000000000003,1,921625000,0,-45.5,2.6384469551633,0,0,0.540036010742188,1.63,0,-5399.92822265625
100000000000000000000000,1,921625000,0,-57.5,2.3930100291016,0,0,0.540036010742188,1.63,0,-5399.92822265625
100000000000000000000004,1,921625000,0,-51.5,4.22765105141283,0,0,0.540036010742188,1.63,0,-5399.92822265625
100000000000000000000001,1,921625000,0,-45,3.12318488413517,0,0,0.540036010742188,1.63,0,-5399.92822265625
100000000000000000000003,1,921625000,0,-45.5,2.6384469551633,0,0,0.540036010742188,1.63,0,-5399.92822265625
100000000000000000000000,1,921625000,0,-57.5,2.37460225964697,0,0,0.540036010742188,1.63,0,-5399.92822265625
100000000000000000000002,1,921625000,0,-42.5,6.03161245796634,0,0,0.540036010742188,1.63,0,-5399.92822265625
100000000000000000000001,1,921625000,0,-45,3.11704896098362,0,0,0.540036010742188,1.63,0,-5399.92822265625
100000000000000000000002,1,921625000,0,-42.5,6.00706876536017,0,0,0.540036010742188,1.63,0,-5399.92822265625
100000000000000000000004,1,921625000,0,-51.5,4.2092432819582,0,0,0.540036010742188,1.63,0,-5399.92822265625
100000000000000000000003,1,921625000,0,-45.5,2.61390326255713,0,0,0.540036010742188,1.63,0,-5399.92822265625
100000000000000000000000,1,921625000,0,-58,2.31937895128309,0,0,0.540036010742188,1.63,0,-5399.92822265625
100000000000000000000001,1,921625000,0,-45,3.11704896098362,0,0,0.540036010742188,1.63,0,-5399.92822265625
100000000000000000000003,1,921625000,0,-45.5,2.63231103201176,0,0,0.540036010742188,1.63,0,-5399.92822265625
100000000000000000000004,1,921625000,0,-52,4.18469958935203,0,0,0.540036010742188,1.63,0,-5399.92822265625
100000000000000000000000,1,921625000,0,-57.5,2.46050518376857,0,0,0.540036010742188,1.63,0,-5399.92822265625
100000000000000000000002,1,921625000,0,-42.5,6.01934061166326,0,0,0.540036010742188,1.63,0,-5399.92822265625
100000000000000000000003,1,921625000,0,-45.5,2.62003918570868,0,0,0.540036010742188,1.63,0,-5399.92822265625
100000000000000000000002,1,921625000,0,-42.5,6.00706876536017,0,0,0.540036010742188,1.63,0,-5399.92822265625
100000000000000000000000,1,921625000,0,-57.5,2.38073818279852,0,0,0.540036010742188,1.63,0,-5399.92822265625
100000000000000000000001,1,921625000,0,-45,3.13545673043825,0,0,0.540036010742188,1.63,0,-5399.92822265625
100000000000000000000004,1,921625000,0,-51.5,4.2092432819582,0,0,0.540036010742188,1.63,0,-5399.92822265625
100000000000000000000000,1,921625000,0,-58,2.37460225964697,0,0,0.540036010742188,1.63,0,-5399.92822265625
100000000000000000000002,1,921625000,0,-42.5,6.00706876536017,0,0,0.540036010742188,1.63,0,-5399.92822265625
100000000000000000000001,1,921625000,0,-45.5,3.14159265358979,0,0,0.540036010742188,1.63,0,-5399.92822265625
100000000000000000000003,1,921625000,0,-45.5,2.6384469551633,0,0,0.540036010742188,1.63,0,-5399.92822265625
100000000000000000000004,1,921625000,0,-52,4.2092432819582,0,0,0.540036010742188,1.63,0,-5399.92822265625
100000000000000000000004,1,921625000,0,-51.5,4.19697143565511,0,0,0.540036010742188,1.63,0,-5399.92822265625
100000000000000000000003,1,921625000,0,-45.5,2.63231103201176,0,0,0.540036010742188,1.63,0,-5399.92822265625
100000000000000000000002,1,921625000,0,-42.5,6.01320468851171,0,0,0.540036010742188,1.63,0,-5399.92822265625
100000000000000000000000,1,921625000,0,-58,2.45436926061703,0,0,0.540036010742188,1.63,0,-5399.92822265625
100000000000000000000001,1,921625000,0,-45,3.13545673043825,0,0,0.540036010742188,1.63,0,-5399.92822265625
100000000000000000000003,1,921625000,0,-45.5,2.62617510886022,0,0,0.540036010742188,1.63,0,-5399.92822265625
100000000000000000000001,1,921625000,0,-45,3.12318488413517,0,0,0.540036010742188,1.63,0,-5399.92822265625
100000000000000000000004,1,921625000,0,-51.5,4.20310735880666,0,0,0.540036010742188,1.63,0,-5399.92822265625
100000000000000000000002,1,921625000,0,-42.5,6.0254765348148,0,0,0.540036010742188,1.63,0,-5399.92822265625
100000000000000000000000,1,921625000,0,-58,2.38073818279852,0,0,0.540036010742188,1.63,0,-5399.92822265625
100000000000000000000002,1,921625000,0,-42.5,6.01320468851171,0,0,0.540036010742188,1.63,0,-5399.92822265625
100000000000000000000000,1,921625000,0,-57.5,2.41755372170777,0,0,0.540036010742188,1.63,0,-5399.92822265625
100000000000000000000001,1,921625000,0,-45,3.10477711468054,0,0,0.540036010742188,1.63,0,-5399.92822265625
100000000000000000000003,1,921625000,0,-45.5,2.6384469551633,0,0,0.540036010742188,1.63,0,-5399.92822265625
100000000000000000000004,1,921625000,0,-52,4.18469958935203,0,0,0.540036010742188,1.63,0,-5399.92822265625
100000000000000000000000,1,921625000,0,-57.5,2.3930100291016,0,0,0.540036010742188,1.63,0,-5399.92822265625
100000000000000000000003,1,921625000,0,-45.5,2.64458287831485,0,0,0.540036010742188,1.63,0,-5399.92822265625
100000000000000000000001,1,921625000,0,-45,3.14772857674134,0,0,0.540036010742188,1.63,0,-5399.92822265625
100000000000000000000004,1,921625000,0,-51.5,4.22151512826128,0,0,0.540036010742188,1.63,0,-5399.92822265625
100000000000000000000002,1,921625000,0,-42.5,6.0254765348148,0,0,0.540036010742188,1.63,0,-5399.92822265625
100000000000000000000003,1,921625000,0,-45.5,2.61390326255713,0,0,0.540036010742188,1.63,0,-5399.92822265625
100000000000000000000000,1,921625000,0,-57.5,2.3500585670408,0,0,0.540036010742188,1.63,0,-5399.92822265625
100000000000000000000001,1,921625000,0,-45,3.12318488413517,0,0,0.540036010742188,1.63,0,-5399.92822265625
100000000000000000000002,1,921625000,0,-42.5,6.03161245796634,0,0,0.540036010742188,1.63,0,-5399.92822265625
100000000000000000000004,1,921625000,0,-52,4.20310735880666,0,0,0.540036010742188,1.63,0,-5399.92822265625
100000000000000000000003,1,921625000,0,-45.5,2.62003918570868,0,0,0.540036010742188,1.63,0,-5399.92822265625
100000000000000000000001,1,921625000,0,-45,3.12318488413517,0,0,0.540036010742188,1.63,0,-5399.92822265625
100000000000000000000002,1,921625000,0,-42.5,6.00093284220863,0,0,0.540036010742188,1.63,0,-5399.92822265625
100000000000000000000004,1,921625000,0,-51.5,4.20310735880666,0,0,0.540036010742188,1.63,0,-5399.92822265625
100000000000000000000000,1,921625000,0,-57.5,2.39914595225314,0,0,0.540036010742188,1.63,0,-5399.92822265625
100000000000000000000003,1,921625000,0,-45.5,2.6384469551633,0,0,0.540036010742188,1.63,0,-5399.92822265625
100000000000000000000000,1,921625000,0,-57.5,2.34392264388926,0,0,0.540036010742188,1.63,0,-5399.92822265625
100000000000000000000001,1,921625000,0,-45,3.12318488413517,0,0,0.540036010742188,1.63,0,-5399.92822265625
100000000000000000000002,1,921625000,0,-42.5,6.01320468851171,0,0,0.540036010742188,1.63,0,-5399.92822265625
100000000000000000000004,1,921625000,0,-51.5,4.2092432819582,0,0,0.540036010742188,1.63,0,-5399.92822265625
100000000000000000000004,1,921625000,0,-51.5,4.19697143565511,0,0,0.540036010742188,1.63,0,-5399.92822265625
100000000000000000000003,1,921625000,0,-45.5,2.64458287831485,0,0,0.540036010742188,1.63,0,-5399.92822265625
100000000000000000000001,1,921625000,0,-45,3.12318488413517,0,0,0.540036010742188,1.63,0,-5399.92822265625
100000000000000000000002,1,921625000,0,-42.5,6.00093284220863,0,0,0.540036010742188,1.63,0,-5399.92822265625
100000000000000000000000,1,921625000,0,-57.5,2.37460225964697,0,0,0.540036010742188,1.63,0,-5399.92822265625
100000000000000000000001,1,921625000,0,-45,3.14159265358979,0,0,0.540036010742188,1.63,0,-5399.92822265625
100000000000000000000000,1,921625000,0,-57.5,2.38073818279852,0,0,0.540036010742188,1.63,0,-5399.92822265625
100000000000000000000003,1,921625000,0,-45.5,2.64458287831485,0,0,0.540036010742188,1.63,0,-5399.92822265625
100000000000000000000004,1,921625000,0,-51.5,4.22151512826128,0,0,0.540036010742188,1.63,0,-5399.92822265625
100000000000000000000002,1,921625000,0,-42.5,6.00093284220863,0,0,0.540036010742188,1.63,0,-5399.92822265625
100000000000000000000003,1,921625000,0,-45.5,2.64458287831485,0,0,0.540036010742188,1.63,0,-5399.92822265625
100000000000000000000002,1,921625000,0,-42.5,6.00093284220863,0,0,0.540036010742188,1.63,0,-5399.92822265625
100000000000000000000000,1,921625000,0,-58,2.38687410595006,0,0,0.540036010742188,1.63,0,-5399.92822265625
100000000000000000000001,1,921625000,0,-45,3.12932080728671,0,0,0.540036010742188,1.63,0,-5399.92822265625
100000000000000000000004,1,921625000,0,-51.5,4.21537920510974,0,0,0.540036010742188,1.63,0,-5399.92822265625
100000000000000000000003,1,921625000,0,-45.5,2.63231103201176,0,0,0.540036010742188,1.63,0,-5399.92822265625
100000000000000000000004,1,921625000,0,-51.5,4.22151512826128,0,0,0.540036010742188,1.63,0,-5399.92822265625
100000000000000000000002,1,921625000,0,-42.5,5.99479691905709,0,0,0.540036010742188,1.63,0,-5399.92822265625
100000000000000000000000,1,921625000,0,-57.5,2.35619449019234,0,0,0.540036010742188,1.63,0,-5399.92822265625
100000000000000000000001,1,921625000,0,-45,3.10477711468054,0,0,0.540036010742188,1.63,0,-5399.92822265625
100000000000000000000004,1,921625000,0,-51.5,4.18469958935203,0,0,0.540036010742188,1.63,0,-5399.92822265625
100000000000000000000002,1,921625000,0,-42.5,6.00093284220863,0,0,0.540036010742188,1.63,0,-5399.92822265625
100000000000000000000001,1,921625000,0,-45,3.11704896098362,0,0,0.540036010742188,1.63,0,-5399.92822265625
100000000000000000000003,1,921625000,0,-45.5,2.6384469551633,0,0,0.540036010742188,1.63,0,-5399.92822265625
100000000000000000000000,1,921625000,0,-57.5,2.3500585670408,0,0,0.540036010742188,1.63,0,-5399.92822265625
100000000000000000000004,1,921625000,0,-52,4.23378697456437,0,0,0.540036010742188,1.63,0,-5399.92822265625
100000000000000000000002,1,921625000,0,-42.5,6.00093284220863,0,0,0.540036010742188,1.63,0,-5399.92822265625
100000000000000000000001,1,921625000,0,-45,3.12318488413517,0,0,0.540036010742188,1.63,0,-5399.92822265625
100000000000000000000000,1,921625000,0,-58,2.53413626158708,0,0,0.540036010742188,1.63,0,-5399.92822265625
100000000000000000000003,1,921625000,0,-45.5,2.62617510886022,0,0,0.540036010742188,1.63,0,-5399.92822265625
100000000000000000000003,1,921625000,0,-45.5,2.63231103201176,0,0,0.540036010742188,1.63,0,-5399.92822265625
100000000000000000000000,1,921625000,0,-57.5,2.37460225964697,0,0,0.540036010742188,1.63,0,-5399.92822265625
100000000000000000000002,1,921625000,0,-42.5,6.01320468851171,0,0,0.540036010742188,1.63,0,-5399.92822265625
100000000000000000000004,1,921625000,0,-52,4.22151512826128,0,0,0.540036010742188,1.63,0,-5399.92822265625
100000000000000000000001,1,921625000,0,-45,3.11704896098362,0,0,0.540036010742188,1.63,0,-5399.92822265625
100000000000000000000002,1,921625000,0,-42.5,6.00706876536017,0,0,0.540036010742188,1.63,0,-5399.92822265625
100000000000000000000003,1,921625000,0,-45.5,2.62617510886022,0,0,0.540036010742188,1.63,0,-5399.92822265625
100000000000000000000000,1,921625000,0,-57.5,2.33778672073772,0,0,0.540036010742188,1.63,0,-5399.92822265625
100000000000000000000001,1,921625000,0,-45,3.12932080728671,0,0,0.540036010742188,1.63,0,-5399.92822265625
100000000000000000000004,1,921625000,0,-51.5,4.19697143565511,0,0,0.540036010742188,1.63,0,-5399.92822265625
100000000000000000000003,1,921625000,0,-45.5,2.6384469551633,0,0,0.540036010742188,1.63,0,-5399.92822265625
100000000000000000000001,1,921625000,0,-45,3.14159265358979,0,0,0.540036010742188,1.63,0,-5399.92822265625
100000000000000000000002,1,921625000,0,-42.5,6.00093284220863,0,0,0.540036010742188,1.63,0,-5399.92822265625
100000000000000000000000,1,921625000,0,-57.5,2.35619449019234,0,0,0.540036010742188,1.63,0,-5399.92822265625
100000000000000000000004,1,921625000,0,-51.5,4.1662918198974,0,0,0.540036010742188,1.63,0,-5399.92822265625
100000000000000000000001,1,921625000,0,-45,3.11704896098362,0,0,0.540036010742188,1.63,0,-5399.92822265625
100000000000000000000002,1,921625000,0,-42.5,5.99479691905709,0,0,0.540036010742188,1.63,0,-5399.92822265625
100000000000000000000000,1,921625000,0,-57.5,2.42982556801086,0,0,0.540036010742188,1.63,0,-5399.92822265625
100000000000000000000004,1,921625000,0,-51.5,4.19697143565511,0,0,0.540036010742188,1.63,0,-5399.92822265625
100000000000000000000003,1,921625000,0,-45.5,2.64458287831485,0,0,0.540036010742188,1.63,0,-5399.92822265625
100000000000000000000004,1,921625000,0,-52,4.19083551250357,0,0,0.540036010742188,1.63,0,-5399.92822265625
100000000000000000000000,1,921625000,0,-58,2.41141779855623,0,0,0.540036010742188,1.63,0,-5399.92822265625
100000000000000000000001,1,921625000,0,-45,3.13545673043825,0,0,0.540036010742188,1.63,0,-5399.92822265625
100000000000000000000002,1,921625000,0,-42.5,6.04388430426943,0,0,0.540036010742188,1.63,0,-5399.92822265625
100000000000000000000003,1,921625000,0,-45.5,2.62617510886022,0,0,0.540036010742188,1.63,0,-5399.92822265625
100000000000000000000004,1,921625000,0,-51.5,4.17856366620049,0,0,0.540036010742188,1.63,0,-5399.92822265625
100000000000000000000001,1,921625000,0,-45,3.12318488413517,0,0,0.540036010742188,1.63,0,-5399.92822265625
100000000000000000000003,1,921625000,0,-45.5,2.64458287831485,0,0,0.540036010742188,1.63,0,-5399.92822265625
100000000000000000000002,1,921625000,0,-42.5,6.04388430426943,0,0,0.540036010742188,1.63,0,-5399.92822265625
100000000000000000000000,1,921625000,0,-58,2.42368964485931,0,0,0.540036010742188,1.63,0,-5399.92822265625
100000000000000000000003,1,921625000,0,-45.5,2.6384469551633,0,0,0.540036010742188,1.63,0,-5399.92822265625
100000000000000000000000,1,921625000,0,-57.5,2.35619449019234,0,0,0.540036010742188,1.63,0,-5399.92822265625
100000000000000000000001,1,921625000,0,-45,3.14159265358979,0,0,0.540036010742188,1.63,0,-5399.92822265625
100000000000000000000002,1,921625000,0,-42.5,5.99479691905709,0,0,0.540036010742188,1.63,0,-5399.92822265625
100000000000000000000004,1,921625000,0,-51.5,4.2092432819582,0,0,0.540036010742188,1.63,0,-5399.92822265625
100000000000000000000001,1,921625000,0,-45,3.14159265358979,0,0,0.540036010742188,1.63,0,-5399.92822265625
100000000000000000000004,1,921625000,0,-52,4.23378697456437,0,0,0.540036010742188,1.63,0,-5399.92822265625
100000000000000000000003,1,921625000,0,-45.5,2.63231103201176,0,0,0.540036010742188,1.63,0,-5399.92822265625
100000000000000000000002,1,921625000,0,-42.5,6.01934061166326,0,0,0.540036010742188,1.63,0,-5399.92822265625
100000000000000000000000,1,921625000,0,-57.5,2.41755372170777,0,0,0.540036010742188,1.63,0,-5399.92822265625
100000000000000000000002,1,921625000,0,-42.5,6.01320468851171,0,0,0.540036010742188,1.63,0,-5399.92822265625
100000000000000000000001,1,921625000,0,-45,3.14159265358979,0,0,0.540036010742188,1.63,0,-5399.92822265625
100000000000000000000003,1,921625000,0,-45.5,2.6384469551633,0,0,0.540036010742188,1.63,0,-5399.92822265625
100000000000000000000000,1,921625000,0,-57.5,2.34392264388926,0,0,0.540036010742188,1.63,0,-5399.92822265625
100000000000000000000004,1,921625000,0,-51.5,4.17242774304894,0,0,0.540036010742188,1.63,0,-5399.92822265625
100000000000000000000003,1,921625000,0,-45.5,2.6384469551633,0,0,0.540036010742188,1.63,0,-5399.92822265625
100000000000000000000000,1,921625000,0,-57.5,2.3930100291016,0,0,0.540036010742188,1.63,0,-5399.92822265625
100000000000000000000002,1,921625000,0,-42.5,6.00093284220863,0,0,0.540036010742188,1.63,0,-5399.92822265625
100000000000000000000001,1,921625000,0,-45,3.13545673043825,0,0,0.540036010742188,1.63,0,-5399.92822265625
100000000000000000000004,1,921625000,0,-51.5,4.17856366620049,0,0,0.540036010742188,1.63,0,-5399.92822265625
100000000000000000000001,1,921625000,0,-45,3.12932080728671,0,0,0.540036010742188,1.63,0,-5399.92822265625
100000000000000000000003,1,921625000,0,-45.5,2.6384469551633,0,0,0.540036010742188,1.63,0,-5399.92822265625
100000000000000000000002,1,921625000,0,-42.5,5.99479691905709,0,0,0.540036010742188,1.63,0,-5399.92822265625
100000000000000000000000,1,921625000,0,-57.5,2.38687410595006,0,0,0.540036010742188,1.63,0,-5399.92822265625
100000000000000000000004,1,921625000,0,-51.5,4.18469958935203,0,0,0.540036010742188,1.63,0,-5399.92822265625
100000000000000000000002,1,921625000,0,-42.5,6.00706876536017,0,0,0.540036010742188,1.63,0,-5399.92822265625
100000000000000000000001,1,921625000,0,-45,3.12932080728671,0,0,0.540036010742188,1.63,0,-5399.92822265625
100000000000000000000000,1,921625000,0,-57.5,2.36233041334389,0,0,0.540036010742188,1.63,0,-5399.92822265625
100000000000000000000003,1,921625000,0,-45.5,2.62617510886022,0,0,0.540036010742188,1.63,0,-5399.92822265625
100000000000000000000004,1,921625000,0,-51.5,4.21537920510974,0,0,0.540036010742188,1.63,0,-5399.92822265625
100000000000000000000002,1,921625000,0,-42.5,6.01320468851171,0,0,0.540036010742188,1.63,0,-5399.92822265625
100000000000000000000003,1,921625000,0,-45.5,2.62617510886022,0,0,0.540036010742188,1.63,0,-5399.92822265625
100000000000000000000001,1,921625000,0,-45,3.14159265358979,0,0,0.540036010742188,1.63,0,-5399.92822265625
100000000000000000000000,1,921625000,0,-57.5,2.46050518376857,0,0,0.540036010742188,1.63,0,-5399.92822265625
100000000000000000000004,1,921625000,0,-52,4.2092432819582,0,0,0.540036010742188,1.63,0,-5399.92822265625
100000000000000000000004,1,921625000,0,-52,4.20310735880666,0,0,0.540036010742188,1.63,0,-5399.92822265625
100000000000000000000001,1,921625000,0,-45,3.12318488413517,0,0,0.540036010742188,1.63,0,-5399.92822265625
100000000000000000000000,1,921625000,0,-58,2.3930100291016,0,0,0.540036010742188,1.63,0,-5399.92822265625
100000000000000000000003,1,921625000,0,-45.5,2.62003918570868,0,0,0.540036010742188,1.63,0,-5399.92822265625
100000000000000000000002,1,921625000,0,-42.5,6.0254765348148,0,0,0.540036010742188,1.63,0,-5399.92822265625
100000000000000000000002,1,921625000,0,-42.5,6.01320468851171,0,0,0.540036010742188,1.63,0,-5399.92822265625
100000000000000000000001,1,921625000,0,-45,3.13545673043825,0,0,0.540036010742188,1.63,0,-5399.92822265625
100000000000000000000004,1,921625000,0,-52,4.19083551250357,0,0,0.540036010742188,1.63,0,-5399.92822265625
100000000000000000000003,1,921625000,0,-45.5,2.64458287831485,0,0,0.540036010742188,1.63,0,-5399.92822265625
100000000000000000000000,1,921625000,0,-58,2.46050518376857,0,0,0.540036010742188,1.63,0,-5399.92822265625
100000000000000000000000,1,921625000,0,-58,2.45436926061703,0,0,0.540036010742188,1.63,0,-5399.92822265625
100000000000000000000004,1,921625000,0,-51.5,4.18469958935203,0,0,0.540036010742188,1.63,0,-5399.92822265625
100000000000000000000001,1,921625000,0,-45,3.12318488413517,0,0,0.540036010742188,1.63,0,-5399.92822265625
100000000000000000000002,1,921625000,0,-42.5,5.99479691905709,0,0,0.540036010742188,1.63,0,-5399.92822265625
100000000000000000000003,1,921625000,0,-45.5,2.6384469551633,0,0,0.540036010742188,1.63,0,-5399.92822265625
100000000000000000000000,1,921625000,0,-58,2.41755372170777,0,0,0.540036010742188,1.63,0,-5399.92822265625
100000000000000000000002,1,921625000,0,-42.5,5.99479691905709,0,0,0.540036010742188,1.63,0,-5399.92822265625
100000000000000000000004,1,921625000,0,-51.5,4.1662918198974,0,0,0.540036010742188,1.63,0,-5399.92822265625
100000000000000000000001,1,921625000,0,-45,3.14159265358979,0,0,0.540036010742188,1.63,0,-5399.92822265625
100000000000000000000003,1,921625000,0,-45.5,2.6384469551633,0,0,0.540036010742188,1.63,0,-5399.92822265625
100000000000000000000002,1,921625000,0,-42.5,6.03774838111788,0,0,0.540036010742188,1.63,0,-5399.92822265625
100000000000000000000003,1,921625000,0,-45.5,2.63231103201176,0,0,0.540036010742188,1.63,0,-5399.92822265625
100000000000000000000001,1,921625000,0,-45,3.12932080728671,0,0,0.540036010742188,1.63,0,-5399.92822265625
100000000000000000000000,1,921625000,0,-58,2.44823333746548,0,0,0.540036010742188,1.63,0,-5399.92822265625
100000000000000000000004,1,921625000,0,-51.5,4.21537920510974,0,0,0.540036010742188,1.63,0,-5399.92822265625
100000000000000000000001,1,921625000,0,-45,3.13545673043825,0,0,0.540036010742188,1.63,0,-5399.92822265625
100000000000000000000003,1,921625000,0,-45.5,2.62617510886022,0,0,0.540036010742188,1.63,0,-5399.92822265625
100000000000000000000002,1,921625000,0,-42.5,6.00093284220863,0,0,0.540036010742188,1.63,0,-5399.92822265625
100000000000000000000004,1,921625000,0,-51.5,4.20310735880666,0,0,0.540036010742188,1.63,0,-5399.92822265625
100000000000000000000000,1,921625000,0,-57.5,2.40528187540469,0,0,0.540036010742188,1.63,0,-5399.92822265625
100000000000000000000003,1,921625000,0,-45.5,2.63231103201176,0,0,0.540036010742188,1.63,0,-5399.92822265625
100000000000000000000004,1,921625000,0,-52,4.16015589674586,0,0,0.540036010742188,1.63,0,-5399.92822265625
100000000000000000000001,1,921625000,0,-45,3.13545673043825,0,0,0.540036010742188,1.63,0,-5399.92822265625
100000000000000000000000,1,921625000,0,-58,2.35619449019234,0,0,0.540036010742188,1.63,0,-5399.92822265625
100000000000000000000002,1,921625000,0,-42.5,6.00706876536017,0,0,0.540036010742188,1.63,0,-5399.92822265625
100000000000000000000001,1,921625000,0,-45,3.11704896098362,0,0,0.540036010742188,1.63,0,-5399.92822265625
100000000000000000000004,1,921625000,0,-51.5,4.19083551250357,0,0,0.540036010742188,1.63,0,-5399.92822265625
100000000000000000000003,1,921625000,0,-45.5,2.6384469551633,0,0,0.540036010742188,1.63,0,-5399.92822265625
100000000000000000000002,1,921625000,0,-42.5,6.03161245796634,0,0,0.540036010742188,1.63,0,-5399.92822265625
100000000000000000000000,1,921625000,0,-57.5,2.40528187540469,0,0,0.540036010742188,1.63,0,-5399.92822265625
100000000000000000000003,1,921625000,0,-45.5,2.64458287831485,0,0,0.540036010742188,1.63,0,-5399.92822265625
100000000000000000000002,1,921625000,0,-42.5,6.00706876536017,0,0,0.540036010742188,1.63,0,-5399.92822265625
100000000000000000000004,1,921625000,0,-51.5,4.19083551250357,0,0,0.540036010742188,1.63,0,-5399.92822265625
100000000000000000000001,1,921625000,0,-45,3.15386449989288,0,0,0.540036010742188,1.63,0,-5399.92822265625
100000000000000000000000,1,921625000,0,-58,2.42368964485931,0,0,0.540036010742188,1.63,0,-5399.92822265625
100000000000000000000000,1,921625000,0,-57.5,2.36233041334389,0,0,0.540036010742188,1.63,0,-5399.92822265625
100000000000000000000004,1,921625000,0,-52,4.18469958935203,0,0,0.540036010742188,1.63,0,-5399.92822265625
100000000000000000000003,1,921625000,0,-45.5,2.62003918570868,0,0,0.540036010742188,1.63,0,-5399.92822265625
100000000000000000000002,1,921625000,0,-42.5,6.00706876536017,0,0,0.540036010742188,1.63,0,-5399.92822265625
100000000000000000000001,1,921625000,0,-45,3.14159265358979,0,0,0.540036010742188,1.63,0,-5399.92822265625
100000000000000000000004,1,921625000,0,-51.5,4.19083551250357,0,0,0.540036010742188,1.63,0,-5399.92822265625
100000000000000000000003,1,921625000,0,-45.5,2.65685472461793,0,0,0.540036010742188,1.63,0,-5399.92822265625
100000000000000000000002,1,921625000,0,-42.5,6.01934061166326,0,0,0.540036010742188,1.63,0,-5399.92822265625
100000000000000000000001,1,921625000,0,-45,3.14159265358979,0,0,0.540036010742188,1.63,0,-5399.92822265625
100000000000000000000000,1,921625000,0,-57.5,2.39914595225314,0,0,0.540036010742188,1.63,0,-5399.92822265625
100000000000000000000001,1,921625000,0,-45,3.12318488413517,0,0,0.540036010742188,1.63,0,-5399.92822265625
100000000000000000000000,1,921625000,0,-58,2.42982556801086,0,0,0.540036010742188,1.63,0,-5399.92822265625
100000000000000000000002,1,921625000,0,-42.5,6.00706876536017,0,0,0.540036010742188,1.63,0,-5399.92822265625
100000000000000000000003,1,921625000,0,-45.5,2.6384469551633,0,0,0.540036010742188,1.63,0,-5399.92822265625
100000000000000000000004,1,921625000,0,-52,4.2092432819582,0,0,0.540036010742188,1.63,0,-5399.92822265625
100000000000000000000002,1,921625000,0,-42.5,6.00093284220863,0,0,0.540036010742188,1.63,0,-5399.92822265625
100000000000000000000003,1,921625000,0,-45.5,2.63231103201176,0,0,0.540036010742188,1.63,0,-5399.92822265625
100000000000000000000000,1,921625000,0,-57.5,2.42368964485931,0,0,0.540036010742188,1.63,0,-5399.92822265625
100000000000000000000001,1,921625000,0,-45,3.14159265358979,0,0,0.540036010742188,1.63,0,-5399.92822265625
100000000000000000000004,1,921625000,0,-52,4.17856366620049,0,0,0.540036010742188,1.63,0,-5399.92822265625
100000000000000000000004,1,921625000,0,-52,4.20310735880666,0,0,0.540036010742188,1.63,0,-5399.92822265625
100000000000000000000002,1,921625000,0,-42.5,6.01934061166326,0,0,0.540036010742188,1.63,0,-5399.92822265625
100000000000000000000003,1,921625000,0,-45.5,2.63231103201176,0,0,0.540036010742188,1.63,0,-5399.92822265625
100000000000000000000000,1,921625000,0,-57.5,2.41141779855623,0,0,0.540036010742188,1.63,0,-5399.92822265625
100000000000000000000001,1,921625000,0,-45,3.14159265358979,0,0,0.540036010742188,1.63,0,-5399.92822265625
100000000000000000000003,1,921625000,0,-45.5,2.61390326255713,0,0,0.540036010742188,1.63,0,-5399.92822265625
100000000000000000000000,1,921625000,0,-57.5,2.39914595225314,0,0,0.540036010742188,1.63,0,-5399.92822265625
100000000000000000000004,1,921625000,0,-52,4.19697143565511,0,0,0.540036010742188,1.63,0,-5399.92822265625
100000000000000000000002,1,921625000,0,-42.5,6.01934061166326,0,0,0.540036010742188,1.63,0,-5399.92822265625
100000000000000000000001,1,921625000,0,-45,3.13545673043825,0,0,0.540036010742188,1.63,0,-5399.92822265625
100000000000000000000002,1,921625000,0,-42.5,6.00706876536017,0,0,0.540036010742188,1.63,0,-5399.92822265625
100000000000000000000003,1,921625000,0,-45.5,2.65071880146639,0,0,0.540036010742188,1.63,0,-5399.92822265625
100000000000000000000004,1,921625000,0,-52,4.19083551250357,0,0,0.540036010742188,1.63,0,-5399.92822265625
100000000000000000000001,1,921625000,0,-45,3.14772857674134,0,0,0.540036010742188,1.63,0,-5399.92822265625
100000000000000000000000,1,921625000,0,-57.5,2.38073818279852,0,0,0.540036010742188,1.63,0,-5399.92822265625
100000000000000000000001,1,921625000,0,-45,3.13545673043825,0,0,0.540036010742188,1.63,0,-5399.92822265625
100000000000000000000003,1,921625000,0,-45.5,2.64458287831485,0,0,0.540036010742188,1.63,0,-5399.92822265625
100000000000000000000002,1,921625000,0,-42.5,6.01320468851171,0,0,0.540036010742188,1.63,0,-5399.92822265625
100000000000000000000000,1,921625000,0,-57.5,2.30097118182846,0,0,0.540036010742188,1.63,0,-5399.92822265625
100000000000000000000004,1,921625000,0,-51.5,4.2092432819582,0,0,0.540036010742188,1.63,0,-5399.92822265625
100000000000000000000001,1,921625000,0,-45,3.12932080728671,0,0,0.540036010742188,1.63,0,-5399.92822265625
100000000000000000000000,1,921625000,0,-57.5,2.38687410595006,0,0,0.540036010742188,1.63,0,-5399.92822265625
100000000000000000000004,1,921625000,0,-51.5,4.17856366620049,0,0,0.540036010742188,1.63,0,-5399.92822265625
100000000000000000000003,1,921625000,0,-45.5,2.6384469551633,0,0,0.540036010742188,1.63,0,-5399.92822265625
100000000000000000000002,1,921625000,0,-42.5,6.0254765348148,0,0,0.540036010742188,1.63,0,-5399.92822265625
100000000000000000000002,1,921625000,0,-42.5,6.01934061166326,0,0,0.540036010742188,1.63,0,-5399.92822265625
100000000000000000000001,1,921625000,0,-45,3.13545673043825,0,0,0.540036010742188,1.63,0,-5399.92822265625
100000000000000000000004,1,921625000,0,-52,4.21537920510974,0,0,0.540036010742188,1.63,0,-5399.92822265625
100000000000000000000003,1,921625000,0,-45.5,2.6384469551633,0,0,0.540036010742188,1.63,0,-5399.92822265625
100000000000000000000000,1,921625000,0,-57.5,2.38073818279852,0,0,0.540036010742188,1.63,0,-5399.92822265625
100000000000000000000004,1,921625000,0,-52,4.19697143565511,0,0,0.540036010742188,1.63,0,-5399.92822265625
100000000000000000000001,1,921625000,0,-45.5,3.12318488413517,0,0,0.540036010742188,1.63,0,-5399.92822265625
100000000000000000000003,1,921625000,0,-45.5,2.63231103201176,0,0,0.540036010742188,1.63,0,-5399.92822265625
100000000000000000000002,1,921625000,0,-42.5,5.99479691905709,0,0,0.540036010742188,1.63,0,-5399.92822265625
100000000000000000000000,1,921625000,0,-58,2.40528187540469,0,0,0.540036010742188,1.63,0,-5399.92822265625
100000000000000000000003,1,921625000,0,-45.5,2.6384469551633,0,0,0.540036010742188,1.63,0,-5399.92822265625
100000000000000000000000,1,921625000,0,-57.5,2.34392264388926,0,0,0.540036010742188,1.63,0,-5399.92822265625
100000000000000000000001,1,921625000,0,-45,3.14159265358979,0,0,0.540036010742188,1.63,0,-5399.92822265625
100000000000000000000002,1,921625000,0,-42.5,6.00093284220863,0,0,0.540036010742188,1.63,0,-5399.92822265625
100000000000000000000004,1,921625000,0,-51.5,4.16015589674586,0,0,0.540036010742188,1.63,0,-5399.92822265625
100000000000000000000001,1,921625000,0,-45,3.11704896098362,0,0,0.540036010742188,1.63,0,-5399.92822265625
100000000000000000000000,1,921625000,0,-57.5,2.36846633649543,0,0,0.540036010742188,1.63,0,-5399.92822265625
100000000000000000000002,1,921625000,0,-42.5,6.00093284220863,0,0,0.540036010742188,1.63,0,-5399.92822265625
100000000000000000000004,1,921625000,0,-52,4.20310735880666,0,0,0.540036010742188,1.63,0,-5399.92822265625
100000000000000000000003,1,921625000,0,-45.5,2.63231103201176,0,0,0.540036010742188,1.63,0,-5399.92822265625
100000000000000000000002,1,921625000,0,-42.5,6.03161245796634,0,0,0.540036010742188,1.63,0,-5399.92822265625
100000000000000000000003,1,921625000,0,-45.5,2.65071880146639,0,0,0.540036010742188,1.63,0,-5399.92822265625
100000000000000000000001,1,921625000,0,-45,3.12932080728671,0,0,0.540036010742188,1.63,0,-5399.92822265625
100000000000000000000004,1,921625000,0,-52,4.19697143565511,0,0,0.540036010742188,1.63,0,-5399.92822265625
100000000000000000000000,1,921625000,0,-57.5,2.36846633649543,0,0,0.540036010742188,1.63,0,-5399.92822265625
100000000000000000000002,1,921625000,0,-42.5,6.00706876536017,0,0,0.540036010742188,1.63,0,-5399.92822265625
100000000000000000000003,1,921625000,0,-45.5,2.6384469551633,0,0,0.540036010742188,1.63,0,-5399.92822265625
100000000000000000000000,1,921625000,0,-57.5,2.37460225964697,0,0,0.540036010742188,1.63,0,-5399.92822265625
100000000000000000000001,1,921625000,0,-45.5,3.13545673043825,0,0,0.540036010742188,1.63,0,-5399.92822265625
100000000000000000000004,1,921625000,0,-51.5,4.18469958935203,0,0,0.540036010742188,1.63,0,-5399.92822265625
100000000000000000000000,1,921625000,0,-58,2.40528187540469,0,0,0.540036010742188,1.63,0,-5399.92822265625
100000000000000000000002,1,921625000,0,-42.5,5.99479691905709,0,0,0.540036010742188,1.63,0,-5399.92822265625
100000000000000000000001,1,921625000,0,-45,3.14159265358979,0,0,0.540036010742188,1.63,0,-5399.92822265625
100000000000000000000004,1,921625000,0,-52,4.23378697456437,0,0,0.540036010742188,1.63,0,-5399.92822265625
100000000000000000000003,1,921625000,0,-45.5,2.63231103201176,0,0,0.540036010742188,1.63,0,-5399.92822265625
100000000000000000000002,1,921625000,0,-42.5,5.99479691905709,0,0,0.540036010742188,1.63,0,-5399.92822265625
100000000000000000000001,1,921625000,0,-45,3.14159265358979,0,0,0.540036010742188,1.63,0,-5399.92822265625
100000000000000000000004,1,921625000,0,-51.5,4.2092432819582,0,0,0.540036010742188,1.63,0,-5399.92822265625
100000000000000000000003,1,921625000,0,-45.5,2.64458287831485,0,0,0.540036010742188,1.63,0,-5399.92822265625
100000000000000000000000,1,921625000,0,-58,2.35619449019234,0,0,0.540036010742188,1.63,0,-5399.92822265625
100000000000000000000000,1,921625000,0,-57.5,2.41755372170777,0,0,0.540036010742188,1.63,0,-5399.92822265625
100000000000000000000003,1,921625000,0,-45.5,2.63231103201176,0,0,0.540036010742188,1.63,0,-5399.92822265625
100000000000000000000002,1,921625000,0,-42.5,6.01934061166326,0,0,0.540036010742188,1.63,0,-5399.92822265625
100000000000000000000001,1,921625000,0,-45,3.12932080728671,0,0,0.540036010742188,1.63,0,-5399.92822265625
100000000000000000000004,1,921625000,0,-51.5,4.19083551250357,0,0,0.540036010742188,1.63,0,-5399.92822265625
100000000000000000000000,1,921625000,0,-57.5,2.42368964485931,0,0,0.540036010742188,1.63,0,-5399.92822265625
100000000000000000000003,1,921625000,0,-45.5,2.63231103201176,0,0,0.540036010742188,1.63,0,-5399.92822265625
100000000000000000000001,1,921625000,0,-45,3.14159265358979,0,0,0.540036010742188,1.63,0,-5399.92822265625
100000000000000000000002,1,921625000,0,-42.5,6.01934061166326,0,0,0.540036010742188,1.63,0,-5399.92822265625
100000000000000000000004,1,921625000,0,-51.5,4.19083551250357,0,0,0.540036010742188,1.63,0,-5399.92822265625
100000000000000000000004,1,921625000,0,-52,4.21537920510974,0,0,0.540036010742188,1.63,0,-5399.92822265625
100000000000000000000003,1,921625000,0,-45.5,2.6384469551633,0,0,0.540036010742188,1.63,0,-5399.92822265625
100000000000000000000000,1,921625000,0,-57.5,2.42368964485931,0,0,0.540036010742188,1.63,0,-5399.92822265625
100000000000000000000001,1,921625000,0,-45,3.11704896098362,0,0,0.540036010742188,1.63,0,-5399.92822265625
100000000000000000000002,1,921625000,0,-42.5,6.03161245796634,0,0,0.540036010742188,1.63,0,-5399.92822265625
100000000000000000000002,1,921625000,0,-42.5,6.00093284220863,0,0,0.540036010742188,1.63,0,-5399.92822265625
100000000000000000000000,1,921625000,0,-57.5,2.3930100291016,0,0,0.540036010742188,1.63,0,-5399.92822265625
100000000000000000000004,1,921625000,0,-51.5,4.20310735880666,0,0,0.540036010742188,1.63,0,-5399.92822265625
100000000000000000000003,1,921625000,0,-45.5,2.62617510886022,0,0,0.540036010742188,1.63,0,-5399.92822265625
100000000000000000000001,1,921625000,0,-45,3.13545673043825,0,0,0.540036010742188,1.63,0,-5399.92822265625
100000000000000000000004,1,921625000,0,-51.5,4.19083551250357,0,0,0.540036010742188,1.63,0,-5399.92822265625
100000000000000000000003,1,921625000,0,-45.5,2.6384469551633,0,0,0.540036010742188,1.63,0,-5399.92822265625
100000000000000000000000,1,921625000,0,-57.5,2.41755372170777,0,0,0.540036010742188,1.63,0,-5399.92822265625
100000000000000000000001,1,921625000,0,-45,3.12318488413517,0,0,0.540036010742188,1.63,0,-5399.92822265625
100000000000000000000002,1,921625000,0,-42.5,6.00706876536017,0,0,0.540036010742188,1.63,0,-5399.92822265625
100000000000000000000002,1,921625000,0,-42.5,6.0254765348148,0,0,0.540036010742188,1.63,0,-5399.92822265625
100000000000000000000003,1,921625000,0,-45.5,2.6384469551633,0,0,0.540036010742188,1.63,0,-5399.92822265625
100000000000000000000001,1,921625000,0,-45,3.12932080728671,0,0,0.540036010742188,1.63,0,-5399.92822265625
100000000000000000000004,1,921625000,0,-51.5,4.19083551250357,0,0,0.540036010742188,1.63,0,-5399.92822265625
100000000000000000000000,1,921625000,0,-58,2.4359614911624,0,0,0.540036010742188,1.63,0,-5399.92822265625
100000000000000000000004,1,921625000,0,-52,4.18469958935203,0,0,0.540036010742188,1.63,0,-5399.92822265625
100000000000000000000002,1,921625000,0,-42.5,6.00706876536017,0,0,0.540036010742188,1.63,0,-5399.92822265625
100000000000000000000001,1,921625000,0,-45,3.11704896098362,0,0,0.540036010742188,1.63,0,-5399.92822265625
100000000000000000000003,1,921625000,0,-45.5,2.6384469551633,0,0,0.540036010742188,1.63,0,-5399.92822265625
100000000000000000000000,1,921625000,0,-58,2.44209741431394,0,0,0.540036010742188,1.63,0,-5399.92822265625
100000000000000000000001,1,921625000,0,-45,3.11704896098362,0,0,0.540036010742188,1.63,0,-5399.92822265625
100000000000000000000003,1,921625000,0,-45.5,2.63231103201176,0,0,0.540036010742188,1.63,0,-5399.92822265625
100000000000000000000000,1,921625000,0,-57.5,2.41755372170777,0,0,0.540036010742188,1.63,0,-5399.92822265625
100000000000000000000002,1,921625000,0,-42.5,6.00093284220863,0,0,0.540036010742188,1.63,0,-5399.92822265625
100000000000000000000004,1,921625000,0,-51.5,4.19697143565511,0,0,0.540036010742188,1.63,0,-5399.92822265625
100000000000000000000001,1,921625000,0,-45,3.14159265358979,0,0,0.540036010742188,1.63,0,-5399.92822265625
100000000000000000000004,1,921625000,0,-51.5,4.19697143565511,0,0,0.540036010742188,1.63,0,-5399.92822265625
100000000000000000000002,1,921625000,0,-42.5,6.03161245796634,0,0,0.540036010742188,1.63,0,-5399.92822265625
100000000000000000000000,1,921625000,0,-58,2.38687410595006,0,0,0.540036010742188,1.63,0,-5399.92822265625
100000000000000000000003,1,921625000,0,-45.5,2.65071880146639,0,0,0.540036010742188,1.63,0,-5399.92822265625
100000000000000000000004,1,921625000,0,-51.5,4.21537920510974,0,0,0.540036010742188,1.63,0,-5399.92822265625
100000000000000000000003,1,921625000,0,-45.5,2.6384469551633,0,0,0.540036010742188,1.63,0,-5399.92822265625
100000000000000000000002,1,921625000,0,-42.5,6.01934061166326,0,0,0.540036010742188,1.63,0,-5399.92822265625
100000000000000000000000,1,921625000,0,-58,2.41755372170777,0,0,0.540036010742188,1.63,0,-5399.92822265625
100000000000000000000001,1,921625000,0,-45,3.14772857674134,0,0,0.540036010742188,1.63,0,-5399.92822265625
100000000000000000000001,1,921625000,0,-45,3.13545673043825,0,0,0.540036010742188,1.63,0,-5399.92822265625
100000000000000000000004,1,921625000,0,-52,4.21537920510974,0,0,0.540036010742188,1.63,0,-5399.92822265625
100000000000000000000003,1,921625000,0,-45.5,2.65071880146639,0,0,0.540036010742188,1.63,0,-5399.92822265625
100000000000000000000002,1,921625000,0,-42.5,6.00706876536017,0,0,0.540036010742188,1.63,0,-5399.92822265625
100000000000000000000000,1,921625000,0,-58,2.34392264388926,0,0,0.540036010742188,1.63,0,-5399.92822265625
100000000000000000000002,1,921625000,0,-42.5,6.00706876536017,0,0,0.540036010742188,1.63,0,-5399.92822265625
100000000000000000000003,1,921625000,0,-45.5,2.63231103201176,0,0,0.540036010742188,1.63,0,-5399.92822265625
100000000000000000000001,1,921625000,0,-45,3.12318488413517,0,0,0.540036010742188,1.63,0,-5399.92822265625
100000000000000000000004,1,921625000,0,-51.5,4.1662918198974,0,0,0.540036010742188,1.63,0,-5399.92822265625
100000000000000000000000,1,921625000,0,-57.5,2.37460225964697,0,0,0.540036010742188,1.63,0,-5399.92822265625
100000000000000000000004,1,921625000,0,-52,4.19697143565511,0,0,0.540036010742188,1.63,0,-5399.92822265625
100000000000000000000001,1,921625000,0,-45,3.14159265358979,0,0,0.540036010742188,1.63,0,-5399.92822265625
100000000000000000000002,1,921625000,0,-42.5,6.01320468851171,0,0,0.540036010742188,1.63,0,-5399.92822265625
100000000000000000000003,1,921625000,0,-45.5,2.61390326255713,0,0,0.540036010742188,1.63,0,-5399.92822265625
100000000000000000000000,1,921625000,0,-57.5,2.3930100291016,0,0,0.540036010742188,1.63,0,-5399.92822265625
100000000000000000000003,1,921625000,0,-45.5,2.65071880146639,0,0,0.540036010742188,1.63,0,-5399.92822265625
100000000000000000000000,1,921625000,0,-57.5,2.36846633649543,0,0,0.540036010742188,1.63,0,-5399.92822265625
100000000000000000000001,1,921625000,0,-45,3.12932080728671,0,0,0.540036010742188,1.63,0,-5399.92822265625
100000000000000000000002,1,921625000,0,-42.5,6.01320468851171,0,0,0.540036010742188,1.63,0,-5399.92822265625
100000000000000000000004,1,921625000,0,-51.5,4.2092432819582,0,0,0.540036010742188,1.63,0,-5399.92822265625
100000000000000000000000,1,921625000,0,-57.5,2.40528187540469,0,0,0.540036010742188,1.63,0,-5399.92822265625
100000000000000000000003,1,921625000,0,-45.5,2.6384469551633,0,0,0.540036010742188,1.63,0,-5399.92822265625
100000000000000000000004,1,921625000,0,-52,4.17856366620049,0,0,0.540036010742188,1.63,0,-5399.92822265625
100000000000000000000001,1,921625000,0,-45,3.13545673043825,0,0,0.540036010742188,1.63,0,-5399.92822265625
100000000000000000000002,1,921625000,0,-42.5,6.00706876536017,0,0,0.540036010742188,1.63,0,-5399.92822265625
100000000000000000000004,1,921625000,0,-52,4.20310735880666,0,0,0.540036010742188,1.63,0,-5399.92822265625
100000000000000000000002,1,921625000,0,-42.5,6.01320468851171,0,0,0.540036010742188,1.63,0,-5399.92822265625
100000000000000000000000,1,921625000,0,-58,2.36846633649543,0,0,0.540036010742188,1.63,0,-5399.92822265625
100000000000000000000003,1,921625000,0,-45.5,2.62617510886022,0,0,0.540036010742188,1.63,0,-5399.92822265625
100000000000000000000001,1,921625000,0,-45,3.13545673043825,0,0,0.540036010742188,1.63,0,-5399.92822265625
100000000000000000000000,1,921625000,0,-58,2.33778672073772,0,0,0.540036010742188,1.63,0,-5399.92822265625
100000000000000000000004,1,921625000,0,-52,4.2092432819582,0,0,0.540036010742188,1.63,0,-5399.92822265625
100000000000000000000003,1,921625000,0,-45.5,2.62617510886022,0,0,0.540036010742188,1.63,0,-5399.92822265625
100000000000000000000002,1,921625000,0,-42.5,6.00093284220863,0,0,0.540036010742188,1.63,0,-5399.92822265625
100000000000000000000001,1,921625000,0,-45,3.12932080728671,0,0,0.540036010742188,1.63,0,-5399.92822265625
100000000000000000000003,1,921625000,0,-45.5,2.60776733940559,0,0,0.540036010742188,1.63,0,-5399.92822265625
100000000000000000000002,1,921625000,0,-42.5,6.0254765348148,0,0,0.540036010742188,1.63,0,-5399.92822265625
100000000000000000000000,1,921625000,0,-58,2.40528187540469,0,0,0.540036010742188,1.63,0,-5399.92822265625
100000000000000000000001,1,921625000,0,-45,3.13545673043825,0,0,0.540036010742188,1.63,0,-5399.92822265625
100000000000000000000004,1,921625000,0,-51.5,4.17856366620049,0,0,0.540036010742188,1.63,0,-5399.92822265625
100000000000000000000002,1,921625000,0,-42.5,6.01934061166326,0,0,0.540036010742188,1.63,0,-5399.92822265625
100000000000000000000004,1,921625000,0,-51.5,4.22151512826128,0,0,0.540036010742188,1.63,0,-5399.92822265625
100000000000000000000000,1,921625000,0,-57.5,2.38073818279852,0,0,0.540036010742188,1.63,0,-5399.92822265625
100000000000000000000003,1,921625000,0,-45.5,2.64458287831485,0,0,0.540036010742188,1.63,0,-5399.92822265625
100000000000000000000001,1,921625000,0,-45,3.12932080728671,0,0,0.540036010742188,1.63,0,-5399.92822265625
100000000000000000000001,1,921625000,0,-45,3.13545673043825,0,0,0.540036010742188,1.63,0,-5399.92822265625
100000000000000000000004,1,921625000,0,-51.5,4.1662918198974,0,0,0.540036010742188,1.63,0,-5399.92822265625
100000000000000000000000,1,921625000,0,-58,2.33778672073772,0,0,0.540036010742188,1.63,0,-5399.92822265625
100000000000000000000003,1,921625000,0,-45.5,2.65071880146639,0,0,0.540036010742188,1.63,0,-5399.92822265625
100000000000000000000002,1,921625000,0,-42.5,6.01320468851171,0,0,0.540036010742188,1.63,0,-5399.92822265625
100000000000000000000004,1,921625000,0,-51.5,4.17242774304894,0,0,0.540036010742188,1.63,0,-5399.92822265625
100000000000000000000003,1,921625000,0,-45.5,2.62617510886022,0,0,0.540036010742188,1.63,0,-5399.92822265625
100000000000000000000000,1,921625000,0,-58,2.4789129532232,0,0,0.540036010742188,1.63,0,-5399.92822265625
100000000000000000000002,1,921625000,0,-42.5,6.01934061166326,0,0,0.540036010742188,1.63,0,-5399.92822265625
100000000000000000000001,1,921625000,0,-45,3.12932080728671,0,0,0.540036010742188,1.63,0,-5399.92822265625
100000000000000000000004,1,921625000,0,-51.5,4.20310735880666,0,0,0.540036010742188,1.63,0,-5399.92822265625
100000000000000000000003,1,921625000,0,-45.5,2.6384469551633,0,0,0.540036010742188,1.63,0,-5399.92822265625
100000000000000000000001,1,921625000,0,-45,3.13545673043825,0,0,0.540036010742188,1.63,0,-5399.92822265625
100000000000000000000002,1,921625000,0,-42.5,6.00093284220863,0,0,0.540036010742188,1.63,0,-5399.92822265625
100000000000000000000000,1,921625000,0,-57.5,2.38073818279852,0,0,0.540036010742188,1.63,0,-5399.92822265625
100000000000000000000001,1,921625000,0,-45,3.12318488413517,0,0,0.540036010742188,1.63,0,-5399.92822265625
100000000000000000000003,1,921625000,0,-45.5,2.63231103201176,0,0,0.540036010742188,1.63,0,-5399.92822265625
100000000000000000000002,1,921625000,0,-42.5,6.00093284220863,0,0,0.540036010742188,1.63,0,-5399.92822265625
100000000000000000000004,1,921625000,0,-51.5,4.21537920510974,0,0,0.540036010742188,1.63,0,-5399.92822265625
100000000000000000000000,1,921625000,0,-57.5,2.42982556801086,0,0,0.540036010742188,1.63,0,-5399.92822265625
100000000000000000000002,1,921625000,0,-42.5,6.01320468851171,0,0,0.540036010742188,1.63,0,-5399.92822265625
100000000000000000000003,1,921625000,0,-45.5,2.6384469551633,0,0,0.540036010742188,1.63,0,-5399.92822265625
100000000000000000000001,1,921625000,0,-45,3.13545673043825,0,0,0.540036010742188,1.63,0,-5399.92822265625
100000000000000000000004,1,921625000,0,-51.5,4.21537920510974,0,0,0.540036010742188,1.63,0,-5399.92822265625
100000000000000000000000,1,921625000,0,-57.5,2.40528187540469,0,0,0.540036010742188,1.63,0,-5399.92822265625
100000000000000000000000,1,921625000,0,-58,2.40528187540469,0,0,0.540036010742188,1.63,0,-5399.92822265625
100000000000000000000001,1,921625000,0,-45,3.15386449989288,0,0,0.540036010742188,1.63,0,-5399.92822265625
100000000000000000000003,1,921625000,0,-45.5,2.6384469551633,0,0,0.540036010742188,1.63,0,-5399.92822265625
100000000000000000000002,1,921625000,0,-42.5,6.00706876536017,0,0,0.540036010742188,1.63,0,-5399.92822265625
100000000000000000000004,1,921625000,0,-52,4.19083551250357,0,0,0.540036010742188,1.63,0,-5399.92822265625
100000000000000000000004,1,921625000,0,-52,4.19697143565511,0,0,0.540036010742188,1.63,0,-5399.92822265625
100000000000000000000001,1,921625000,0,-45,3.13545673043825,0,0,0.540036010742188,1.63,0,-5399.92822265625
100000000000000000000000,1,921625000,0,-57.5,2.38687410595006,0,0,0.540036010742188,1.63,0,-5399.92822265625
100000000000000000000002,1,921625000,0,-42.5,6.03161245796634,0,0,0.540036010742188,1.63,0,-5399.92822265625
100000000000000000000003,1,921625000,0,-45.5,2.62617510886022,0,0,0.540036010742188,1.63,0,-5399.92822265625
100000000000000000000002,1,921625000,0,-42.5,6.00706876536017,0,0,0.540036010742188,1.63,0,-5399.92822265625
100000000000000000000000,1,921625000,0,-58,2.37460225964697,0,0,0.540036010742188,1.63,0,-5399.92822265625
100000000000000000000001,1,921625000,0,-45,3.15386449989288,0,0,0.540036010742188,1.63,0,-5399.92822265625
100000000000000000000003,1,921625000,0,-45.5,2.63231103201176,0,0,0.540036010742188,1.63,0,-5399.92822265625
100000000000000000000004,1,921625000,0,-52,4.2092432819582,0,0,0.540036010742188,1.63,0,-5399.92822265625
100000000000000000000000,1,921625000,0,-57.5,2.45436926061703,0,0,0.540036010742188,1.63,0,-5399.92822265625
100000000000000000000002,1,921625000,0,-42.5,6.01320468851171,0,0,0.540036010742188,1.63,0,-5399.92822265625
100000000000000000000003,1,921625000,0,-45.5,2.63231103201176,0,0,0.540036010742188,1.63,0,-5399.92822265625
100000000000000000000001,1,921625000,0,-45,3.12932080728671,0,0,0.540036010742188,1.63,0,-5399.92822265625
100000000000000000000004,1,921625000,0,-52,4.20310735880666,0,0,0.540036010742188,1.63,0,-5399.92822265625
100000000000000000000004,1,921625000,0,-52,4.20310735880666,0,0,0.540036010742188,1.63,0,-5399.92822265625
100000000000000000000003,1,921625000,0,-45.5,2.61390326255713,0,0,0.540036010742188,1.63,0,-5399.92822265625
100000000000000000000001,1,921625000,0,-45,3.14159265358979,0,0,0.540036010742188,1.63,0,-5399.92822265625
100000000000000000000002,1,921625000,0,-42.5,6.03774838111788,0,0,0.540036010742188,1.63,0,-5399.92822265625
100000000000000000000000,1,921625000,0,-57.5,2.41141779855623,0,0,0.540036010742188,1.63,0,-5399.92822265625
100000000000000000000004,1,921625000,0,-52,4.21537920510974,0,0,0.540036010742188,1.63,0,-5399.92822265625
100000000000000000000003,1,921625000,0,-45.5,2.63231103201176,0,0,0.540036010742188,1.63,0,-5399.92822265625
100000000000000000000002,1,921625000,0,-42.5,6.00093284220863,0,0,0.540036010742188,1.63,0,-5399.92822265625
100000000000000000000001,1,921625000,0,-45,3.14159265358979,0,0,0.540036010742188,1.63,0,-5399.92822265625
100000000000000000000000,1,921625000,0,-58,2.34392264388926,0,0,0.540036010742188,1.63,0,-5399.92822265625
100000000000000000000003,1,921625000,0,-45.5,2.64458287831485,0,0,0.540036010742188,1.63,0,-5399.92822265625
100000000000000000000001,1,921625000,0,-45,3.12932080728671,0,0,0.540036010742188,1.63,0,-5399.92822265625
100000000000000000000002,1,921625000,0,-42.5,6.01320468851171,0,0,0.540036010742188,1.63,0,-5399.92822265625
100000000000000000000004,1,921625000,0,-52,4.17856366620049,0,0,0.540036010742188,1.63,0,-5399.92822265625
100000000000000000000000,1,921625000,0,-57.5,2.36846633649543,0,0,0.540036010742188,1.63,0,-5399.92822265625
100000000000000000000002,1,921625000,0,-42.5,6.01320468851171,0,0,0.540036010742188,1.63,0,-5399.92822265625
100000000000000000000000,1,921625000,0,-57.5,2.35619449019234,0,0,0.540036010742188,1.63,0,-5399.92822265625
100000000000000000000001,1,921625000,0,-45,3.13545673043825,0,0,0.540036010742188,1.63,0,-5399.92822265625
100000000000000000000003,1,921625000,0,-45.5,2.65071880146639,0,0,0.540036010742188,1.63,0,-5399.92822265625
100000000000000000000004,1,921625000,0,-52,4.19083551250357,0,0,0.540036010742188,1.63,0,-5399.92822265625
100000000000000000000004,1,921625000,0,-51.5,4.21537920510974,0,0,0.540036010742188,1.63,0,-5399.92822265625
100000000000000000000000,1,921625000,0,-58,2.33778672073772,0,0,0.540036010742188,1.63,0,-5399.92822265625
100000000000000000000002,1,921625000,0,-42.5,6.0254765348148,0,0,0.540036010742188,1.63,0,-5399.92822265625
100000000000000000000001,1,921625000,0,-45,3.12318488413517,0,0,0.540036010742188,1.63,0,-5399.92822265625
100000000000000000000003,1,921625000,0,-45.5,2.62617510886022,0,0,0.540036010742188,1.63,0,-5399.92822265625
100000000000000000000002,1,921625000,0,-42.5,6.00706876536017,0,0,0.540036010742188,1.63,0,-5399.92822265625
100000000000000000000004,1,921625000,0,-51.5,4.22151512826128,0,0,0.540036010742188,1.63,0,-5399.92822265625
100000000000000000000000,1,921625000,0,-57.5,2.36233041334389,0,0,0.540036010742188,1.63,0,-5399.92822265625
100000000000000000000003,1,921625000,0,-45.5,2.64458287831485,0,0,0.540036010742188,1.63,0,-5399.92822265625
100000000000000000000001,1,921625000,0,-45,3.14159265358979,0,0,0.540036010742188,1.63,0,-5399.92822265625
100000000000000000000003,1,921625000,0,-45.5,2.63231103201176,0,0,0.540036010742188,1.63,0,-5399.92822265625
100000000000000000000002,1,921625000,0,-42.5,6.01934061166326,0,0,0.540036010742188,1.63,0,-5399.92822265625
100000000000000000000004,1,921625000,0,-51.5,4.19697143565511,0,0,0.540036010742188,1.63,0,-5399.92822265625
100000000000000000000001,1,921625000,0,-45,3.13545673043825,0,0,0.540036010742188,1.63,0,-5399.92822265625
100000000000000000000000,1,921625000,0,-58,2.36846633649543,0,0,0.540036010742188,1.63,0,-5399.92822265625
100000000000000000000004,1,921625000,0,-52,4.19697143565511,0,0,0.540036010742188,1.63,0,-5399.92822265625
100000000000000000000003,1,921625000,0,-45.5,2.6384469551633,0,0,0.540036010742188,1.63,0,-5399.92822265625
100000000000000000000000,1,921625000,0,-58,2.38687410595006,0,0,0.540036010742188,1.63,0,-5399.92822265625
100000000000000000000001,1,921625000,0,-45,3.12318488413517,0,0,0.540036010742188,1.63,0,-5399.92822265625
100000000000000000000002,1,921625000,0,-42.5,6.00706876536017,0,0,0.540036010742188,1.63,0,-5399.92822265625
100000000000000000000003,1,921625000,0,-45.5,2.63231103201176,0,0,0.540036010742188,1.63,0,-5399.92822265625
100000000000000000000000,1,921625000,0,-57.5,2.42368964485931,0,0,0.540036010742188,1.63,0,-5399.92822265625
100000000000000000000001,1,921625000,0,-45,3.13545673043825,0,0,0.540036010742188,1.63,0,-5399.92822265625
100000000000000000000002,1,921625000,0,-42.5,6.01320468851171,0,0,0.540036010742188,1.63,0,-5399.92822265625
100000000000000000000004,1,921625000,0,-51.5,4.16015589674586,0,0,0.540036010742188,1.63,0,-5399.92822265625
100000000000000000000000,1,921625000,0,-57.5,2.41755372170777,0,0,0.540036010742188,1.63,0,-5399.92822265625
100000000000000000000001,1,921625000,0,-45.5,3.13545673043825,0,0,0.540036010742188,1.63,0,-5399.92822265625
100000000000000000000004,1,921625000,0,-51.5,4.19083551250357,0,0,0.540036010742188,1.63,0,-5399.92822265625
100000000000000000000003,1,921625000,0,-45.5,2.63231103201176,0,0,0.540036010742188,1.63,0,-5399.92822265625
100000000000000000000002,1,921625000,0,-42.5,6.00706876536017,0,0,0.540036010742188,1.63,0,-5399.92822265625
100000000000000000000003,1,921625000,0,-45.5,2.62617510886022,0,0,0.540036010742188,1.63,0,-5399.92822265625
100000000000000000000002,1,921625000,0,-42.5,6.03774838111788,0,0,0.540036010742188,1.63,0,-5399.92822265625
100000000000000000000004,1,921625000,0,-51.5,4.21537920510974,0,0,0.540036010742188,1.63,0,-5399.92822265625
100000000000000000000001,1,921625000,0,-45,3.12318488413517,0,0,0.540036010742188,1.63,0,-5399.92822265625
100000000000000000000000,1,921625000,0,-57.5,2.36233041334389,0,0,0.540036010742188,1.63,0,-5399.92822265625
100000000000000000000004,1,921625000,0,-51.5,4.17856366620049,0,0,0.540036010742188,1.63,0,-5399.92822265625
100000000000000000000001,1,921625000,0,-45,3.14159265358979,0,0,0.540036010742188,1.63,0,-5399.92822265625
100000000000000000000002,1,921625000,0,-42.5,6.00093284220863,0,0,0.540036010742188,1.63,0,-5399.92822265625
100000000000000000000000,1,921625000,0,-58,2.39914595225314,0,0,0.540036010742188,1.63,0,-5399.92822265625
100000000000000000000003,1,921625000,0,-45.5,2.62003918570868,0,0,0.540036010742188,1.63,0,-5399.92822265625
100000000000000000000000,1,921625000,0,-58,2.3930100291016,0,0,0.540036010742188,1.63,0,-5399.92822265625
100000000000000000000004,1,921625000,0,-51.5,4.20310735880666,0,0,0.540036010742188,1.63,0,-5399.92822265625
100000000000000000000002,1,921625000,0,-42.5,6.0254765348148,0,0,0.540036010742188,1.63,0,-5399.92822265625
100000000000000000000001,1,921625000,0,-45,3.14772857674134,0,0,0.540036010742188,1.63,0,-5399.92822265625
100000000000000000000003,1,921625000,0,-45.5,2.63231103201176,0,0,0.540036010742188,1.63,0,-5399.92822265625
100000000000000000000003,1,921625000,0,-45.5,2.62617510886022,0,0,0.540036010742188,1.63,0,-5399.92822265625
100000000000000000000004,1,921625000,0,-51.5,4.23378697456437,0,0,0.540036010742188,1.63,0,-5399.92822265625
100000000000000000000002,1,921625000,0,-42.5,6.0254765348148,0,0,0.540036010742188,1.63,0,-5399.92822265625
100000000000000000000000,1,921625000,0,-57.5,2.39914595225314,0,0,0.540036010742188,1.63,0,-5399.92822265625
100000000000000000000001,1,921625000,0,-45,3.12932080728671,0,0,0.540036010742188,1.63,0,-5399.92822265625
100000000000000000000003,1,921625000,0,-45.5,2.65071880146639,0,0,0.540036010742188,1.63,0,-5399.92822265625
100000000000000000000002,1,921625000,0,-42.5,6.00093284220863,0,0,0.540036010742188,1.63,0,-5399.92822265625
100000000000000000000004,1,921625000,0,-52,4.20310735880666,0,0,0.540036010742188,1.63,0,-5399.92822265625
100000000000000000000000,1,921625000,0,-57.5,2.36846633649543,0,0,0.540036010742188,1.63,0,-5399.92822265625
100000000000000000000001,1,921625000,0,-45,3.12318488413517,0,0,0.540036010742188,1.63,0,-5399.92822265625
100000000000000000000003,1,921625000,0,-45.5,2.63231103201176,0,0,0.540036010742188,1.63,0,-5399.92822265625
100000000000000000000004,1,921625000,0,-51.5,4.21537920510974,0,0,0.540036010742188,1.63,0,-5399.92822265625
100000000000000000000001,1,921625000,0,-45,3.13545673043825,0,0,0.540036010742188,1.63,0,-5399.92822265625
100000000000000000000002,1,921625000,0,-42.5,6.00706876536017,0,0,0.540036010742188,1.63,0,-5399.92822265625
100000000000000000000000,1,921625000,0,-58,2.44823333746548,0,0,0.540036010742188,1.63,0,-5399.92822265625
100000000000000000000000,1,921625000,0,-58,2.41141779855623,0,0,0.540036010742188,1.63,0,-5399.92822265625
100000000000000000000004,1,921625000,0,-52,4.18469958935203,0,0,0.540036010742188,1.63,0,-5399.92822265625
100000000000000000000002,1,921625000,0,-42.5,6.0254765348148,0,0,0.540036010742188,1.63,0,-5399.92822265625
100000000000000000000001,1,921625000,0,-45,3.11704896098362,0,0,0.540036010742188,1.63,0,-5399.92822265625
100000000000000000000003,1,921625000,0,-45.5,2.63231103201176,0,0,0.540036010742188,1.63,0,-5399.92822265625
100000000000000000000001,1,921625000,0,-45.5,3.12318488413517,0,0,0.540036010742188,1.63,0,-5399.92822265625
100000000000000000000004,1,921625000,0,-52,4.22151512826128,0,0,0.540036010742188,1.63,0,-5399.92822265625
100000000000000000000000,1,921625000,0,-58,2.42368964485931,0,0,0.540036010742188,1.63,0,-5399.92822265625
100000000000000000000003,1,921625000,0,-45.5,2.65071880146639,0,0,0.540036010742188,1.63,0,-5399.92822265625
100000000000000000000002,1,921625000,0,-42.5,5.99479691905709,0,0,0.540036010742188,1.63,0,-5399.92822265625
100000000000000000000002,1,922125000,0,-43,6.24023384511879,0,0,0.540036010742188,1.63,0,-5399.92822265625
100000000000000000000001,1,922125000,0,-44.5,3.36862181019687,0,0,0.540036010742188,1.63,0,-5399.92822265625
100000000000000000000003,1,922125000,0,-45.5,2.84706834231575,0,0,0.540036010742188,1.63,0,-5399.92822265625
100000000000000000000000,1,922125000,0,-58,2.7673013413457,0,0,0.540036010742188,1.63,0,-5399.92822265625
100000000000000000000004,1,922125000,0,-51.5,4.4117287459591,0,0,0.540036010742188,1.63,0,-5399.92822265625
100000000000000000000000,1,922125000,0,-58,2.73048580243644,0,0,0.540036010742188,1.63,0,-5399.92822265625
100000000000000000000001,1,922125000,0,-44.5,3.38089365649995,0,0,0.540036010742188,1.63,0,-5399.92822265625
100000000000000000000004,1,922125000,0,-51,4.42400059226219,0,0,0.540036010742188,1.63,0,-5399.92822265625
100000000000000000000002,1,922125000,0,-43,6.25250569142187,0,0,0.540036010742188,1.63,0,-5399.92822265625
100000000000000000000003,1,922125000,0,-45.5,2.85320426546729,0,0,0.540036010742188,1.63,0,-5399.92822265625
100000000000000000000001,1,922125000,0,-44.5,3.38089365649995,0,0,0.540036010742188,1.63,0,-5399.92822265625
100000000000000000000003,1,922125000,0,-45,2.85934018861884,0,0,0.540036010742188,1.63,0,-5399.92822265625
100000000000000000000004,1,922125000,0,-51.5,4.40559282280756,0,0,0.540036010742188,1.63,0,-5399.92822265625
100000000000000000000000,1,922125000,0,-58,2.69367026352719,0,0,0.540036010742188,1.63,0,-5399.92822265625
100000000000000000000002,1,922125000,0,-43,6.2709134608765,0,0,0.540036010742188,1.63,0,-5399.92822265625
100000000000000000000003,1,922125000,0,-45.5,2.84093241916421,0,0,0.540036010742188,1.63,0,-5399.92822265625
100000000000000000000002,1,922125000,0,-43,6.24636976827033,0,0,0.540036010742188,1.63,0,-5399.92822265625
100000000000000000000001,1,922125000,0,-44.5,3.3870295796515,0,0,0.540036010742188,1.63,0,-5399.92822265625
100000000000000000000000,1,922125000,0,-58,2.76116541819415,0,0,0.540036010742188,1.63,0,-5399.92822265625
100000000000000000000004,1,922125000,0,-51,4.4546802080199,0,0,0.540036010742188,1.63,0,-5399.92822265625
100000000000000000000004,1,922125000,0,-51,4.43013651541373,0,0,0.540036010742188,1.63,0,-5399.92822265625
100000000000000000000001,1,922125000,0,-44.5,3.39930142595458,0,0,0.540036010742188,1.63,0,-5399.92822265625
100000000000000000000002,1,922125000,0,-43,6.25250569142187,0,0,0.540036010742188,1.63,0,-5399.92822265625
100000000000000000000003,1,922125000,0,-45.5,2.84093241916421,0,0,0.540036010742188,1.63,0,-5399.92822265625
100000000000000000000000,1,922125000,0,-58,2.74889357189107,0,0,0.540036010742188,1.63,0,-5399.92822265625
100000000000000000000001,1,922125000,0,-44.5,3.3870295796515,0,0,0.540036010742188,1.63,0,-5399.92822265625
100000000000000000000003,1,922125000,0,-45,2.85934018861884,0,0,0.540036010742188,1.63,0,-5399.92822265625
100000000000000000000004,1,922125000,0,-51.5,4.42400059226219,0,0,0.540036010742188,1.63,0,-5399.92822265625
100000000000000000000002,1,922125000,0,-43,6.25250569142187,0,0,0.540036010742188,1.63,0,-5399.92822265625
100000000000000000000000,1,922125000,0,-58,2.7673013413457,0,0,0.540036010742188,1.63,0,-5399.92822265625
100000000000000000000001,1,922125000,0,-44.5,3.38089365649995,0,0,0.540036010742188,1.63,0,-5399.92822265625
100000000000000000000002,1,922125000,0,-43,6.24636976827033,0,0,0.540036010742188,1.63,0,-5399.92822265625
100000000000000000000000,1,922125000,0,-58,2.69367026352719,0,0,0.540036010742188,1.63,0,-5399.92822265625
100000000000000000000004,1,922125000,0,-51,4.39332097650448,0,0,0.540036010742188,1.63,0,-5399.92822265625
100000000000000000000003,1,922125000,0,-45.5,2.84093241916421,0,0,0.540036010742188,1.63,0,-5399.92822265625
100000000000000000000004,1,922125000,0,-51.5,4.44240836171682,0,0,0.540036010742188,1.63,0,-5399.92822265625
100000000000000000000001,1,922125000,0,-45,3.38089365649995,0,0,0.540036010742188,1.63,0,-5399.92822265625
100000000000000000000003,1,922125000,0,-45.5,2.85320426546729,0,0,0.540036010742188,1.63,0,-5399.92822265625
100000000000000000000000,1,922125000,0,-58,2.69980618667873,0,0,0.540036010742188,1.63,0,-5399.92822265625
100000000000000000000002,1,922125000,0,-43,6.25864161457342,0,0,0.540036010742188,1.63,0,-5399.92822265625
100000000000000000000000,1,922125000,0,-58,2.71207803298181,0,0,0.540036010742188,1.63,0,-5399.92822265625
100000000000000000000002,1,922125000,0,-43,6.24023384511879,0,0,0.540036010742188,1.63,0,-5399.92822265625
100000000000000000000001,1,922125000,0,-44.5,3.3870295796515,0,0,0.540036010742188,1.63,0,-5399.92822265625
100000000000000000000004,1,922125000,0,-51,4.42400059226219,0,0,0.540036010742188,1.63,0,-5399.92822265625
100000000000000000000003,1,922125000,0,-45,2.83479649601267,0,0,0.540036010742188,1.63,0,-5399.92822265625
100000000000000000000003,1,922125000,0,-45.5,2.84706834231575,0,0,0.540036010742188,1.63,0,-5399.92822265625
100000000000000000000004,1,922125000,0,-51.5,4.43627243856527,0,0,0.540036010742188,1.63,0,-5399.92822265625
100000000000000000000002,1,922125000,0,-43,6.25250569142187,0,0,0.540036010742188,1.63,0,-5399.92822265625
100000000000000000000001,1,922125000,0,-45,3.38089365649995,0,0,0.540036010742188,1.63,0,-5399.92822265625
100000000000000000000000,1,922125000,0,-58,2.76116541819415,0,0,0.540036010742188,1.63,0,-5399.92822265625
100000000000000000000003,1,922125000,0,-45.5,2.82252464970958,0,0,0.540036010742188,1.63,0,-5399.92822265625
100000000000000000000001,1,922125000,0,-44.5,3.38089365649995,0,0,0.540036010742188,1.63,0,-5399.92822265625
100000000000000000000000,1,922125000,0,-58,2.71821395613336,0,0,0.540036010742188,1.63,0,-5399.92822265625
100000000000000000000002,1,922125000,0,-43,6.25250569142187,0,0,0.540036010742188,1.63,0,-5399.92822265625
100000000000000000000004,1,922125000,0,-51,4.43627243856527,0,0,0.540036010742188,1.63,0,-5399.92822265625
100000000000000000000003,1,922125000,0,-45,2.84093241916421,0,0,0.540036010742188,1.63,0,-5399.92822265625
100000000000000000000001,1,922125000,0,-44.5,3.39930142595458,0,0,0.540036010742188,1.63,0,-5399.92822265625
100000000000000000000002,1,922125000,0,-43,6.25250569142187,0,0,0.540036010742188,1.63,0,-5399.92822265625
100000000000000000000004,1,922125000,0,-51,4.43013651541373,0,0,0.540036010742188,1.63,0,-5399.92822265625
100000000000000000000000,1,922125000,0,-58,2.69980618667873,0,0,0.540036010742188,1.63,0,-5399.92822265625
100000000000000000000002,1,922125000,0,-43,6.25864161457342,0,0,0.540036010742188,1.63,0,-5399.92822265625
100000000000000000000003,1,922125000,0,-45.5,2.86547611177038,0,0,0.540036010742188,1.63,0,-5399.92822265625
100000000000000000000001,1,922125000,0,-45,3.41157327225767,0,0,0.540036010742188,1.63,0,-5399.92822265625
100000000000000000000000,1,922125000,0,-58,2.76116541819415,0,0,0.540036010742188,1.63,0,-5399.92822265625
100000000000000000000004,1,922125000,0,-51.5,4.42400059226219,0,0,0.540036010742188,1.63,0,-5399.92822265625
100000000000000000000004,1,922125000,0,-51.5,4.42400059226219,0,0,0.540036010742188,1.63,0,-5399.92822265625
100000000000000000000003,1,922125000,0,-45.5,2.85320426546729,0,0,0.540036010742188,1.63,0,-5399.92822265625
100000000000000000000000,1,922125000,0,-58,2.66299064776947,0,0,0.540036010742188,1.63,0,-5399.92822265625
100000000000000000000002,1,922125000,0,-43,6.25864161457342,0,0,0.540036010742188,1.63,0,-5399.92822265625
100000000000000000000001,1,922125000,0,-44.5,3.37475773334841,0,0,0.540036010742188,1.63,0,-5399.92822265625
100000000000000000000003,1,922125000,0,-45.5,2.84706834231575,0,0,0.540036010742188,1.63,0,-5399.92822265625
100000000000000000000004,1,922125000,0,-51.5,4.43013651541373,0,0,0.540036010742188,1.63,0,-5399.92822265625
100000000000000000000002,1,922125000,0,-43,6.2709134608765,0,0,0.540036010742188,1.63,0,-5399.92822265625
100000000000000000000001,1,922125000,0,-44.5,3.39316550280304,0,0,0.540036010742188,1.63,0,-5399.92822265625
100000000000000000000000,1,922125000,0,-58,2.6813984172241,0,0,0.540036010742188,1.63,0,-5399.92822265625
100000000000000000000004,1,922125000,0,-51,4.46081613117144,0,0,0.540036010742188,1.63,0,-5399.92822265625
100000000000000000000003,1,922125000,0,-45.5,2.84706834231575,0,0,0.540036010742188,1.63,0,-5399.92822265625
100000000000000000000001,1,922125000,0,-44.5,3.39930142595458,0,0,0.540036010742188,1.63,0,-5399.92822265625
100000000000000000000000,1,922125000,0,-58,2.69367026352719,0,0,0.540036010742188,1.63,0,-5399.92822265625
100000000000000000000002,1,922125000,0,-43,6.2709134608765,0,0,0.540036010742188,1.63,0,-5399.92822265625
100000000000000000000002,1,922125000,0,-43,6.25864161457342,0,0,0.540036010742188,1.63,0,-5399.92822265625
100000000000000000000000,1,922125000,0,-58,2.73048580243644,0,0,0.540036010742188,1.63,0,-5399.92822265625
100000000000000000000004,1,922125000,0,-51.5,4.41786466911065,0,0,0.540036010742188,1.63,0,-5399.92822265625
100000000000000000000001,1,922125000,0,-45,3.38089365649995,0,0,0.540036010742188,1.63,0,-5399.92822265625
100000000000000000000003,1,922125000,0,-45.5,2.84093241916421,0,0,0.540036010742188,1.63,0,-5399.92822265625
100000000000000000000000,1,922125000,0,-58,2.74889357189107,0,0,0.540036010742188,1.63,0,-5399.92822265625
100000000000000000000002,1,922125000,0,-43,6.26477753772496,0,0,0.540036010742188,1.63,0,-5399.92822265625
100000000000000000000001,1,922125000,0,-44.5,3.38089365649995,0,0,0.540036010742188,1.63,0,-5399.92822265625
100000000000000000000003,1,922125000,0,-45.5,2.85320426546729,0,0,0.540036010742188,1.63,0,-5399.92822265625
100000000000000000000004,1,922125000,0,-51,4.44240836171682,0,0,0.540036010742188,1.63,0,-5399.92822265625
100000000000000000000004,1,922125000,0,-51.5,4.42400059226219,0,0,0.540036010742188,1.63,0,-5399.92822265625
100000000000000000000000,1,922125000,0,-58,2.74275764873953,0,0,0.540036010742188,1.63,0,-5399.92822265625
100000000000000000000001,1,922125000,0,-45,3.3870295796515,0,0,0.540036010742188,1.63,0,-5399.92822265625
100000000000000000000002,1,922125000,0,-43,6.25250569142187,0,0,0.540036010742188,1.63,0,-5399.92822265625
100000000000000000000003,1,922125000,0,-45.5,2.85320426546729,0,0,0.540036010742188,1.63,0,-5399.92822265625
100000000000000000000003,1,922125000,0,-45.5,2.86547611177038,0,0,0.540036010742188,1.63,0,-5399.92822265625
100000000000000000000002,1,922125000,0,-43,6.25250569142187,0,0,0.540036010742188,1.63,0,-5399.92822265625
100000000000000000000001,1,922125000,0,-44.5,3.3870295796515,0,0,0.540036010742188,1.63,0,-5399.92822265625
100000000000000000000004,1,922125000,0,-51.5,4.43013651541373,0,0,0.540036010742188,1.63,0,-5399.92822265625
100000000000000000000000,1,922125000,0,-58,2.77957318764878,0,0,0.540036010742188,1.63,0,-5399.92822265625
100000000000000000000001,1,922125000,0,-44.5,3.39316550280304,0,0,0.540036010742188,1.63,0,-5399.92822265625
100000000000000000000004,1,922125000,0,-51,4.42400059226219,0,0,0.540036010742188,1.63,0,-5399.92822265625
100000000000000000000002,1,922125000,0,-43,6.25864161457342,0,0,0.540036010742188,1.63,0,-5399.92822265625
100000000000000000000003,1,922125000,0,-45.5,2.84093241916421,0,0,0.540036010742188,1.63,0,-5399.92822265625
100000000000000000000000,1,922125000,0,-58,2.6813984172241,0,0,0.540036010742188,1.63,0,-5399.92822265625
100000000000000000000002,1,922125000,0,-43,6.27704938402804,0,0,0.540036010742188,1.63,0,-5399.92822265625
100000000000000000000000,1,922125000,0,-57.5,2.80411688025495,0,0,0.540036010742188,1.63,0,-5399.92822265625
100000000000000000000003,1,922125000,0,-45,2.84706834231575,0,0,0.540036010742188,1.63,0,-5399.92822265625
100000000000000000000004,1,922125000,0,-51,4.42400059226219,0,0,0.540036010742188,1.63,0,-5399.92822265625
100000000000000000000001,1,922125000,0,-44.5,3.36862181019687,0,0,0.540036010742188,1.63,0,-5399.92822265625
100000000000000000000001,1,922125000,0,-44.5,3.39316550280304,0,0,0.540036010742188,1.63,0,-5399.92822265625
100000000000000000000003,1,922125000,0,-45.5,2.83479649601267,0,0,0.540036010742188,1.63,0,-5399.92822265625
100000000000000000000000,1,922125000,0,-58,2.69980618667873,0,0,0.540036010742188,1.63,0,-5399.92822265625
100000000000000000000002,1,922125000,0,-43,6.24636976827033,0,0,0.540036010742188,1.63,0,-5399.92822265625
100000000000000000000004,1,922125000,0,-51,4.43627243856527,0,0,0.540036010742188,1.63,0,-5399.92822265625
100000000000000000000003,1,922125000,0,-45.5,2.84093241916421,0,0,0.540036010742188,1.63,0,-5399.92822265625
100000000000000000000004,1,922125000,0,-51.5,4.41786466911065,0,0,0.540036010742188,1.63,0,-5399.92822265625
100000000000000000000002,1,922125000,0,-43,6.25250569142187,0,0,0.540036010742188,1.63,0,-5399.92822265625
100000000000000000000001,1,922125000,0,-44.5,3.3870295796515,0,0,0.540036010742188,1.63,0,-5399.92822265625
100000000000000000000000,1,922125000,0,-58,2.71821395613336,0,0,0.540036010742188,1.63,0,-5399.92822265625
100000000000000000000002,1,922125000,0,-43,6.26477753772496,0,0,0.540036010742188,1.63,0,-5399.92822265625
100000000000000000000004,1,922125000,0,-51,4.44854428486836,0,0,0.540036010742188,1.63,0,-5399.92822265625
100000000000000000000003,1,922125000,0,-45.5,2.84093241916421,0,0,0.540036010742188,1.63,0,-5399.92822265625
100000000000000000000001,1,922125000,0,-44.5,3.41157327225767,0,0,0.540036010742188,1.63,0,-5399.92822265625
100000000000000000000000,1,922125000,0,-58.5,2.76116541819415,0,0,0.540036010742188,1.63,0,-5399.92822265625
100000000000000000000004,1,922125000,0,-51,4.42400059226219,0,0,0.540036010742188,1.63,0,-5399.92822265625
100000000000000000000001,1,922125000,0,-45,3.38089365649995,0,0,0.540036010742188,1.63,0,-5399.92822265625
100000000000000000000002,1,922125000,0,-43,6.26477753772496,0,0,0.540036010742188,1.63,0,-5399.92822265625
100000000000000000000003,1,922125000,0,-45.5,2.84093241916421,0,0,0.540036010742188,1.63,0,-5399.92822265625
100000000000000000000000,1,922125000,0,-58,2.70594210983027,0,0,0.540036010742188,1.63,0,-5399.92822265625
100000000000000000000004,1,922125000,0,-51,4.42400059226219,0,0,0.540036010742188,1.63,0,-5399.92822265625
100000000000000000000001,1,922125000,0,-44.5,3.39930142595458,0,0,0.540036010742188,1.63,0,-5399.92822265625
100000000000000000000000,1,922125000,0,-58,2.74275764873953,0,0,0.540036010742188,1.63,0,-5399.92822265625
100000000000000000000003,1,922125000,0,-45.5,2.84706834231575,0,0,0.540036010742188,1.63,0,-5399.92822265625
100000000000000000000002,1,922125000,0,-43,6.24636976827033,0,0,0.540036010742188,1.63,0,-5399.92822265625
100000000000000000000004,1,922125000,0,-51.5,4.39945689965602,0,0,0.540036010742188,1.63,0,-5399.92822265625
100000000000000000000003,1,922125000,0,-45.5,2.86547611177038,0,0,0.540036010742188,1.63,0,-5399.92822265625
100000000000000000000000,1,922125000,0,-58,2.67526249407256,0,0,0.540036010742188,1.63,0,-5399.92822265625
100000000000000000000001,1,922125000,0,-45,3.37475773334841,0,0,0.540036010742188,1.63,0,-5399.92822265625
100000000000000000000002,1,922125000,0,-43,6.2709134608765,0,0,0.540036010742188,1.63,0,-5399.92822265625
100000000000000000000004,1,922125000,0,-51,4.4117287459591,0,0,0.540036010742188,1.63,0,-5399.92822265625
100000000000000000000003,1,922125000,0,-45.5,2.83479649601267,0,0,0.540036010742188,1.63,0,-5399.92822265625
100000000000000000000002,1,922125000,0,-43,6.24636976827033,0,0,0.540036010742188,1.63,0,-5399.92822265625
100000000000000000000001,1,922125000,0,-44.5,3.37475773334841,0,0,0.540036010742188,1.63,0,-5399.92822265625
100000000000000000000000,1,922125000,0,-58,2.77343726449724,0,0,0.540036010742188,1.63,0,-5399.92822265625
100000000000000000000003,1,922125000,0,-45.5,2.84706834231575,0,0,0.540036010742188,1.63,0,-5399.92822265625
100000000000000000000002,1,922125000,0,-43,6.25864161457342,0,0,0.540036010742188,1.63,0,-5399.92822265625
100000000000000000000001,1,922125000,0,-45,3.37475773334841,0,0,0.540036010742188,1.63,0,-5399.92822265625
100000000000000000000004,1,922125000,0,-51,4.41786466911065,0,0,0.540036010742188,1.63,0,-5399.92822265625
100000000000000000000000,1,922125000,0,-57.5,2.76116541819415,0,0,0.540036010742188,1.63,0,-5399.92822265625
100000000000000000000000,1,922125000,0,-58,2.71821395613336,0,0,0.540036010742188,1.63,0,-5399.92822265625
100000000000000000000003,1,922125000,0,-45,2.84706834231575,0,0,0.540036010742188,1.63,0,-5399.92822265625
100000000000000000000002,1,922125000,0,-43,6.25250569142187,0,0,0.540036010742188,1.63,0,-5399.92822265625
100000000000000000000001,1,922125000,0,-45,3.3870295796515,0,0,0.540036010742188,1.63,0,-5399.92822265625
100000000000000000000004,1,922125000,0,-51.5,4.42400059226219,0,0,0.540036010742188,1.63,0,-5399.92822265625
100000000000000000000004,1,922125000,0,-51,4.39332097650448,0,0,0.540036010742188,1.63,0,-5399.92822265625
100000000000000000000001,1,922125000,0,-44.5,3.39316550280304,0,0,0.540036010742188,1.63,0,-5399.92822265625
100000000000000000000003,1,922125000,0,-45.5,2.85320426546729,0,0,0.540036010742188,1.63,0,-5399.92822265625
100000000000000000000002,1,922125000,0,-43,6.25864161457342,0,0,0.540036010742188,1.63,0,-5399.92822265625
100000000000000000000000,1,922125000,0,-58,2.68753434037564,0,0,0.540036010742188,1.63,0,-5399.92822265625
100000000000000000000002,1,922125000,0,-43,6.25864161457342,0,0,0.540036010742188,1.63,0,-5399.92822265625
100000000000000000000003,1,922125000,0,-45.5,2.84706834231575,0,0,0.540036010742188,1.63,0,-5399.92822265625
100000000000000000000004,1,922125000,0,-51,4.43627243856527,0,0,0.540036010742188,1.63,0,-5399.92822265625
100000000000000000000000,1,922125000,0,-58,2.66912657092102,0,0,0.540036010742188,1.63,0,-5399.92822265625
100000000000000000000001,1,922125000,0,-44.5,3.39316550280304,0,0,0.540036010742188,1.63,0,-5399.92822265625
100000000000000000000003,1,922125000,0,-45.5,2.85934018861884,0,0,0.540036010742188,1.63,0,-5399.92822265625
100000000000000000000004,1,922125000,0,-51.5,4.44240836171682,0,0,0.540036010742188,1.63,0,-5399.92822265625
100000000000000000000001,1,922125000,0,-44.5,3.38089365649995,0,0,0.540036010742188,1.63,0,-5399.92822265625
100000000000000000000002,1,922125000,0,-43,6.25250569142187,0,0,0.540036010742188,1.63,0,-5399.92822265625
100000000000000000000000,1,922125000,0,-58,2.73048580243644,0,0,0.540036010742188,1.63,0,-5399.92822265625
100000000000000000000003,1,922125000,0,-45.5,2.85320426546729,0,0,0.540036010742188,1.63,0,-5399.92822265625
100000000000000000000000,1,922125000,0,-58,2.73662172558798,0,0,0.540036010742188,1.63,0,-5399.92822265625
100000000000000000000001,1,922125000,0,-44.5,3.38089365649995,0,0,0.540036010742188,1.63,0,-5399.92822265625
100000000000000000000002,1,922125000,0,-43,6.24636976827033,0,0,0.540036010742188,1.63,0,-5399.92822265625
100000000000000000000004,1,922125000,0,-51.5,4.44240836171682,0,0,0.540036010742188,1.63,0,-5399.92822265625
100000000000000000000000,1,922125000,0,-58.5,2.73048580243644,0,0,0.540036010742188,1.63,0,-5399.92822265625
100000000000000000000002,1,922125000,0,-43,6.27704938402804,0,0,0.540036010742188,1.63,0,-5399.92822265625
100000000000000000000001,1,922125000,0,-45,3.3870295796515,0,0,0.540036010742188,1.63,0,-5399.92822265625
100000000000000000000003,1,922125000,0,-45.5,2.85320426546729,0,0,0.540036010742188,1.63,0,-5399.92822265625
100000000000000000000004,1,922125000,0,-51,4.42400059226219,0,0,0.540036010742188,1.63,0,-5399.92822265625
100000000000000000000000,1,922125000,0,-58,2.71821395613336,0,0,0.540036010742188,1.63,0,-5399.92822265625
100000000000000000000002,1,922125000,0,-43,6.25250569142187,0,0,0.540036010742188,1.63,0,-5399.92822265625
100000000000000000000001,1,922125000,0,-44.5,3.37475773334841,0,0,0.540036010742188,1.63,0,-5399.92822265625
100000000000000000000003,1,922125000,0,-45.5,2.84093241916421,0,0,0.540036010742188,1.63,0,-5399.92822265625
100000000000000000000004,1,922125000,0,-51.5,4.42400059226219,0,0,0.540036010742188,1.63,0,-5399.92822265625
100000000000000000000002,1,922125000,0,-43,6.24023384511879,0,0,0.540036010742188,1.63,0,-5399.92822265625
100000000000000000000003,1,922125000,0,-45,2.85934018861884,0,0,0.540036010742188,1.63,0,-5399.92822265625
100000000000000000000001,1,922125000,0,-44.5,3.38089365649995,0,0,0.540036010742188,1.63,0,-5399.92822265625
100000000000000000000004,1,922125000,0,-51,4.42400059226219,0,0,0.540036010742188,1.63,0,-5399.92822265625
100000000000000000000000,1,922125000,0,-58,2.76116541819415,0,0,0.540036010742188,1.63,0,-5399.92822265625
100000000000000000000003,1,922125000,0,-45,2.84706834231575,0,0,0.540036010742188,1.63,0,-5399.92822265625
100000000000000000000001,1,922125000,0,-44.5,3.40543734910612,0,0,0.540036010742188,1.63,0,-5399.92822265625
100000000000000000000004,1,922125000,0,-51.5,4.43627243856527,0,0,0.540036010742188,1.63,0,-5399.92822265625
100000000000000000000002,1,922125000,0,-43,6.25250569142187,0,0,0.540036010742188,1.63,0,-5399.92822265625
100000000000000000000000,1,922125000,0,-58,2.74889357189107,0,0,0.540036010742188,1.63,0,-5399.92822265625
100000000000000000000003,1,922125000,0,-45,2.84706834231575,0,0,0.540036010742188,1.63,0,-5399.92822265625
100000000000000000000001,1,922125000,0,-44.5,3.38089365649995,0,0,0.540036010742188,1.63,0,-5399.92822265625
100000000000000000000000,1,922125000,0,-58,2.69980618667873,0,0,0.540036010742188,1.63,0,-5399.92822265625
100000000000000000000002,1,922125000,0,-43,6.25250569142187,0,0,0.540036010742188,1.63,0,-5399.92822265625
100000000000000000000004,1,922125000,0,-51,4.39945689965602,0,0,0.540036010742188,1.63,0,-5399.92822265625
100000000000000000000001,1,922125000,0,-45,3.38089365649995,0,0,0.540036010742188,1.63,0,-5399.92822265625
100000000000000000000002,1,922125000,0,-43,6.24636976827033,0,0,0.540036010742188,1.63,0,-5399.92822265625
100000000000000000000003,1,922125000,0,-45.5,2.83479649601267,0,0,0.540036010742188,1.63,0,-5399.92822265625
100000000000000000000000,1,922125000,0,-57.5,2.70594210983027,0,0,0.540036010742188,1.63,0,-5399.92822265625
100000000000000000000004,1,922125000,0,-51.5,4.43627243856527,0,0,0.540036010742188,1.63,0,-5399.92822265625
100000000000000000000002,1,922125000,0,-43,6.26477753772496,0,0,0.540036010742188,1.63,0,-5399.92822265625
100000000000000000000003,1,922125000,0,-45.5,2.85934018861884,0,0,0.540036010742188,1.63,0,-5399.92822265625
100000000000000000000004,1,922125000,0,-51.5,4.40559282280756,0,0,0.540036010742188,1.63,0,-5399.92822265625
100000000000000000000001,1,922125000,0,-45,3.37475773334841,0,0,0.540036010742188,1.63,0,-5399.92822265625
100000000000000000000000,1,922125000,0,-58,2.71821395613336,0,0,0.540036010742188,1.63,0,-5399.92822265625
100000000000000000000002,1,922125000,0,-43,6.25250569142187,0,0,0.540036010742188,1.63,0,-5399.92822265625
100000000000000000000003,1,922125000,0,-45.5,2.84093241916421,0,0,0.540036010742188,1.63,0,-5399.92822265625
100000000000000000000001,1,922125000,0,-44.5,3.37475773334841,0,0,0.540036010742188,1.63,0,-5399.92822265625
100000000000000000000004,1,922125000,0,-51,4.40559282280756,0,0,0.540036010742188,1.63,0,-5399.92822265625
100000000000000000000000,1,922125000,0,-58,2.76116541819415,0,0,0.540036010742188,1.63,0,-5399.92822265625
100000000000000000000000,1,922125000,0,-58,2.78570911080032,0,0,0.540036010742188,1.63,0,-5399.92822265625
100000000000000000000002,1,922125000,0,-43,6.27704938402804,0,0,0.540036010742188,1.63,0,-5399.92822265625
100000000000000000000004,1,922125000,0,-51.5,4.39945689965602,0,0,0.540036010742188,1.63,0,-5399.92822265625
100000000000000000000003,1,922125000,0,-45.5,2.84706834231575,0,0,0.540036010742188,1.63,0,-5399.92822265625
100000000000000000000001,1,922125000,0,-44.5,3.3870295796515,0,0,0.540036010742188,1.63,0,-5399.92822265625
100000000000000000000004,1,922125000,0,-51.5,4.42400059226219,0,0,0.540036010742188,1.63,0,-5399.92822265625
100000000000000000000001,1,922125000,0,-44.5,3.39930142595458,0,0,0.540036010742188,1.63,0,-5399.92822265625
100000000000000000000000,1,922125000,0,-58,2.68753434037564,0,0,0.540036010742188,1.63,0,-5399.92822265625
100000000000000000000003,1,922125000,0,-45.5,2.84706834231575,0,0,0.540036010742188,1.63,0,-5399.92822265625
100000000000000000000002,1,922125000,0,-43,6.25250569142187,0,0,0.540036010742188,1.63,0,-5399.92822265625
100000000000000000000004,1,922125000,0,-51.5,4.44854428486836,0,0,0.540036010742188,1.63,0,-5399.92822265625
100000000000000000000001,1,922125000,0,-44.5,3.36248588704533,0,0,0.540036010742188,1.63,0,-5399.92822265625
100000000000000000000002,1,922125000,0,-43,6.24023384511879,0,0,0.540036010742188,1.63,0,-5399.92822265625
100000000000000000000003,1,922125000,0,-45,2.84093241916421,0,0,0.540036010742188,1.63,0,-5399.92822265625
100000000000000000000000,1,922125000,0,-58,2.71821395613336,0,0,0.540036010742188,1.63,0,-5399.92822265625
100000000000000000000002,1,922125000,0,-43,6.25250569142187,0,0,0.540036010742188,1.63,0,-5399.92822265625
100000000000000000000003,1,922125000,0,-45.5,2.85934018861884,0,0,0.540036010742188,1.63,0,-5399.92822265625
100000000000000000000000,1,922125000,0,-58.5,2.74275764873953,0,0,0.540036010742188,1.63,0,-5399.92822265625
100000000000000000000001,1,922125000,0,-44.5,3.39316550280304,0,0,0.540036010742188,1.63,0,-5399.92822265625
100000000000000000000004,1,922125000,0,-51.5,4.43013651541373,0,0,0.540036010742188,1.63,0,-5399.92822265625
100000000000000000000001,1,922125000,0,-45,3.38089365649995,0,0,0.540036010742188,1.63,0,-5399.92822265625
100000000000000000000000,1,922125000,0,-58,2.69367026352719,0,0,0.540036010742188,1.63,0,-5399.92822265625
100000000000000000000002,1,922125000,0,-43,6.24023384511879,0,0,0.540036010742188,1.63,0,-5399.92822265625
100000000000000000000003,1,922125000,0,-45.5,2.84093241916421,0,0,0.540036010742188,1.63,0,-5399.92822265625
100000000000000000000004,1,922125000,0,-51.5,4.44240836171682,0,0,0.540036010742188,1.63,0,-5399.92822265625
100000000000000000000002,1,922125000,0,-43,6.24636976827033,0,0,0.540036010742188,1.63,0,-5399.92822265625
100000000000000000000004,1,922125000,0,-51,4.43013651541373,0,0,0.540036010742188,1.63,0,-5399.92822265625
100000000000000000000001,1,922125000,0,-45,3.3870295796515,0,0,0.540036010742188,1.63,0,-5399.92822265625
100000000000000000000000,1,922125000,0,-58,2.75502949504261,0,0,0.540036010742188,1.63,0,-5399.92822265625
100000000000000000000003,1,922125000,0,-45.5,2.84093241916421,0,0,0.540036010742188,1.63,0,-5399.92822265625
100000000000000000000004,1,922125000,0,-51.5,4.40559282280756,0,0,0.540036010742188,1.63,0,-5399.92822265625
100000000000000000000000,1,922125000,0,-58,2.69367026352719,0,0,0.540036010742188,1.63,0,-5399.92822265625
100000000000000000000001,1,922125000,0,-44.5,3.39316550280304,0,0,0.540036010742188,1.63,0,-5399.92822265625
100000000000000000000003,1,922125000,0,-45.5,2.85320426546729,0,0,0.540036010742188,1.63,0,-5399.92822265625
100000000000000000000002,1,922125000,0,-43,6.25864161457342,0,0,0.540036010742188,1.63,0,-5399.92822265625
100000000000000000000003,1,922125000,0,-45.5,2.85320426546729,0,0,0.540036010742188,1.63,0,-5399.92822265625
100000000000000000000002,1,922125000,0,-43,6.25250569142187,0,0,0.540036010742188,1.63,0,-5399.92822265625
100000000000000000000000,1,922125000,0,-58,2.65685472461793,0,0,0.540036010742188,1.63,0,-5399.92822265625
100000000000000000000004,1,922125000,0,-51,4.43627243856527,0,0,0.540036010742188,1.63,0,-5399.92822265625
100000000000000000000001,1,922125000,0,-44.5,3.35634996389378,0,0,0.540036010742188,1.63,0,-5399.92822265625
100000000000000000000003,1,922125000,0,-45.5,2.84706834231575,0,0,0.540036010742188,1.63,0,-5399.92822265625
100000000000000000000001,1,922125000,0,-44.5,3.36862181019687,0,0,0.540036010742188,1.63,0,-5399.92822265625
100000000000000000000004,1,922125000,0,-51.5,4.41786466911065,0,0,0.540036010742188,1.63,0,-5399.92822265625
100000000000000000000002,1,922125000,0,-43,6.25864161457342,0,0,0.540036010742188,1.63,0,-5399.92822265625
100000000000000000000000,1,922125000,0,-58,2.70594210983027,0,0,0.540036010742188,1.63,0,-5399.92822265625
100000000000000000000001,1,922125000,0,-44.5,3.37475773334841,0,0,0.540036010742188,1.63,0,-5399.92822265625
100000000000000000000003,1,922125000,0,-45.5,2.84093241916421,0,0,0.540036010742188,1.63,0,-5399.92822265625
100000000000000000000002,1,922125000,0,-43,6.25864161457342,0,0,0.540036010742188,1.63,0,-5399.92822265625
100000000000000000000004,1,922125000,0,-51.5,4.43627243856527,0,0,0.540036010742188,1.63,0,-5399.92822265625
100000000000000000000000,1,922125000,0,-58.5,2.71821395613336,0,0,0.540036010742188,1.63,0,-5399.92822265625
100000000000000000000004,1,922125000,0,-51.5,4.41786466911065,0,0,0.540036010742188,1.63,0,-5399.92822265625
100000000000000000000001,1,922125000,0,-44.5,3.35634996389378,0,0,0.540036010742188,1.63,0,-5399.92822265625
100000000000000000000003,1,922125000,0,-45,2.83479649601267,0,0,0.540036010742188,1.63,0,-5399.92822265625
100000000000000000000002,1,922125000,0,-43,6.24636976827033,0,0,0.540036010742188,1.63,0,-5399.92822265625
100000000000000000000000,1,922125000,0,-58,2.73662172558798,0,0,0.540036010742188,1.63,0,-5399.92822265625
100000000000000000000004,1,922125000,0,-51.5,4.43013651541373,0,0,0.540036010742188,1.63,0,-5399.92822265625
100000000000000000000002,1,922125000,0,-43,6.25864161457342,0,0,0.540036010742188,1.63,0,-5399.92822265625
100000000000000000000000,1,922125000,0,-58,2.69980618667873,0,0,0.540036010742188,1.63,0,-5399.92822265625
100000000000000000000001,1,922125000,0,-44.5,3.39316550280304,0,0,0.540036010742188,1.63,0,-5399.92822265625
100000000000000000000003,1,922125000,0,-45.5,2.84706834231575,0,0,0.540036010742188,1.63,0,-5399.92822265625
100000000000000000000002,1,922125000,0,-43,6.26477753772496,0,0,0.540036010742188,1.63,0,-5399.92822265625
100000000000000000000000,1,922125000,0,-58.5,2.71207803298181,0,0,0.540036010742188,1.63,0,-5399.92822265625
100000000000000000000001,1,922125000,0,-44.5,3.3870295796515,0,0,0.540036010742188,1.63,0,-5399.92822265625
100000000000000000000003,1,922125000,0,-45.5,2.85320426546729,0,0,0.540036010742188,1.63,0,-5399.92822265625
100000000000000000000004,1,922125000,0,-51.5,4.43013651541373,0,0,0.540036010742188,1.63,0,-5399.92822265625
100000000000000000000001,1,922125000,0,-44.5,3.37475773334841,0,0,0.540036010742188,1.63,0,-5399.92822265625
100000000000000000000002,1,922125000,0,-43,6.25250569142187,0,0,0.540036010742188,1.63,0,-5399.92822265625
100000000000000000000003,1,922125000,0,-45.5,2.85934018861884,0,0,0.540036010742188,1.63,0,-5399.92822265625
100000000000000000000000,1,922125000,0,-58.5,2.69980618667873,0,0,0.540036010742188,1.63,0,-5399.92822265625
100000000000000000000004,1,922125000,0,-51.5,4.4117287459591,0,0,0.540036010742188,1.63,0,-5399.92822265625
100000000000000000000002,1,922125000,0,-43,6.25250569142187,0,0,0.540036010742188,1.63,0,-5399.92822265625
100000000000000000000004,1,922125000,0,-51,4.4117287459591,0,0,0.540036010742188,1.63,0,-5399.92822265625
100000000000000000000000,1,922125000,0,-58,2.7243498792849,0,0,0.540036010742188,1.63,0,-5399.92822265625
100000000000000000000003,1,922125000,0,-45.5,2.85934018861884,0,0,0.540036010742188,1.63,0,-5399.92822265625
100000000000000000000001,1,922125000,0,-44.5,3.36862181019687,0,0,0.540036010742188,1.63,0,-5399.92822265625
100000000000000000000003,1,922125000,0,-45.5,2.84706834231575,0,0,0.540036010742188,1.63,0,-5399.92822265625
100000000000000000000004,1,922125000,0,-51.5,4.41786466911065,0,0,0.540036010742188,1.63,0,-5399.92822265625
100000000000000000000002,1,922125000,0,-43,6.25864161457342,0,0,0.540036010742188,1.63,0,-5399.92822265625
100000000000000000000000,1,922125000,0,-58,2.66912657092102,0,0,0.540036010742188,1.63,0,-5399.92822265625
100000000000000000000001,1,922125000,0,-44.5,3.38089365649995,0,0,0.540036010742188,1.63,0,-5399.92822265625
100000000000000000000000,1,922125000,0,-58,2.75502949504261,0,0,0.540036010742188,1.63,0,-5399.92822265625
100000000000000000000004,1,922125000,0,-51.5,4.43013651541373,0,0,0.540036010742188,1.63,0,-5399.92822265625
100000000000000000000001,1,922125000,0,-45,3.37475773334841,0,0,0.540036010742188,1.63,0,-5399.92822265625
100000000000000000000002,1,922125000,0,-43,6.25864161457342,0,0,0.540036010742188,1.63,0,-5399.92822265625
100000000000000000000003,1,922125000,0,-45.5,2.85934018861884,0,0,0.540036010742188,1.63,0,-5399.92822265625
100000000000000000000000,1,922125000,0,-58,2.71207803298181,0,0,0.540036010742188,1.63,0,-5399.92822265625
100000000000000000000003,1,922125000,0,-45,2.84706834231575,0,0,0.540036010742188,1.63,0,-5399.92822265625
100000000000000000000002,1,922125000,0,-43,6.25250569142187,0,0,0.540036010742188,1.63,0,-5399.92822265625
100000000000000000000004,1,922125000,0,-51,4.43627243856527,0,0,0.540036010742188,1.63,0,-5399.92822265625
100000000000000000000001,1,922125000,0,-44.5,3.39930142595458,0,0,0.540036010742188,1.63,0,-5399.92822265625
100000000000000000000002,1,922125000,0,-43,0.0122718463030855,0,0,0.540036010742188,1.63,0,-5399.92822265625
100000000000000000000000,1,922125000,0,-58,2.77343726449724,0,0,0.540036010742188,1.63,0,-5399.92822265625
100000000000000000000004,1,922125000,0,-51.5,4.4117287459591,0,0,0.540036010742188,1.63,0,-5399.92822265625
100000000000000000000003,1,922125000,0,-45.5,2.83479649601267,0,0,0.540036010742188,1.63,0,-5399.92822265625
100000000000000000000001,1,922125000,0,-44.5,3.3870295796515,0,0,0.540036010742188,1.63,0,-5399.92822265625
100000000000000000000002,1,922125000,0,-43,6.25864161457342,0,0,0.540036010742188,1.63,0,-5399.92822265625
100000000000000000000004,1,922125000,0,-51,4.44854428486836,0,0,0.540036010742188,1.63,0,-5399.92822265625
100000000000000000000003,1,922125000,0,-45,2.85320426546729,0,0,0.540036010742188,1.63,0,-5399.92822265625
100000000000000000000000,1,922125000,0,-58,2.77343726449724,0,0,0.540036010742188,1.63,0,-5399.92822265625
100000000000000000000001,1,922125000,0,-44.5,3.37475773334841,0,0,0.540036010742188,1.63,0,-5399.92822265625
100000000000000000000001,1,922125000,0,-44.5,3.38089365649995,0,0,0.540036010742188,1.63,0,-5399.92822265625
100000000000000000000004,1,922125000,0,-51.5,4.43627243856527,0,0,0.540036010742188,1.63,0,-5399.92822265625
100000000000000000000000,1,922125000,0,-58,2.75502949504261,0,0,0.540036010742188,1.63,0,-5399.92822265625
100000000000000000000003,1,922125000,0,-45.5,2.85320426546729,0,0,0.540036010742188,1.63,0,-5399.92822265625
100000000000000000000002,1,922125000,0,-43,6.25250569142187,0,0,0.540036010742188,1.63,0,-5399.92822265625
100000000000000000000004,1,922125000,0,-51.5,4.44240836171682,0,0,0.540036010742188,1.63,0,-5399.92822265625
100000000000000000000002,1,922125000,0,-43,6.2709134608765,0,0,0.540036010742188,1.63,0,-5399.92822265625
100000000000000000000001,1,922125000,0,-44.5,3.3870295796515,0,0,0.540036010742188,1.63,0,-5399.92822265625
100000000000000000000003,1,922125000,0,-45.5,2.85320426546729,0,0,0.540036010742188,1.63,0,-5399.92822265625
100000000000000000000000,1,922125000,0,-58,2.74275764873953,0,0,0.540036010742188,1.63,0,-5399.92822265625
100000000000000000000001,1,922125000,0,-44.5,3.37475773334841,0,0,0.540036010742188,1.63,0,-5399.92822265625
100000000000000000000000,1,922125000,0,-58,2.70594210983027,0,0,0.540036010742188,1.63,0,-5399.92822265625
100000000000000000000002,1,922125000,0,-43,6.24023384511879,0,0,0.540036010742188,1.63,0,-5399.92822265625
100000000000000000000003,1,922125000,0,-45.5,2.86547611177038,0,0,0.540036010742188,1.63,0,-5399.92822265625
100000000000000000000004,1,922125000,0,-51.5,4.42400059226219,0,0,0.540036010742188,1.63,0,-5399.92822265625
100000000000000000000001,1,922125000,0,-44.5,3.37475773334841,0,0,0.540036010742188,1.63,0,-5399.92822265625
100000000000000000000000,1,922125000,0,-58,2.66912657092102,0,0,0.540036010742188,1.63,0,-5399.92822265625
100000000000000000000004,1,922125000,0,-51.5,4.4546802080199,0,0,0.540036010742188,1.63,0,-5399.92822265625
100000000000000000000002,1,922125000,0,-43,6.25864161457342,0,0,0.540036010742188,1.63,0,-5399.92822265625
100000000000000000000003,1,922125000,0,-45.5,2.84706834231575,0,0,0.540036010742188,1.63,0,-5399.92822265625
100000000000000000000000,1,922125000,0,-58,2.74275764873953,0,0,0.540036010742188,1.63,0,-5399.92822265625
100000000000000000000003,1,922125000,0,-45,2.84706834231575,0,0,0.540036010742188,1.63,0,-5399.92822265625
100000000000000000000002,1,922125000,0,-43,6.25864161457342,0,0,0.540036010742188,1.63,0,-5399.92822265625
100000000000000000000004,1,922125000,0,-51.5,4.41786466911065,0,0,0.540036010742188,1.63,0,-5399.92822265625
100000000000000000000001,1,922125000,0,-44.5,3.39930142595458,0,0,0.540036010742188,1.63,0,-5399.92822265625
100000000000000000000004,1,922125000,0,-51.5,4.42400059226219,0,0,0.540036010742188,1.63,0,-5399.92822265625
100000000000000000000003,1,922125000,0,-45.5,2.84093241916421,0,0,0.540036010742188,1.63,0,-5399.92822265625
100000000000000000000000,1,922125000,0,-58,2.76116541819415,0,0,0.540036010742188,1.63,0,-5399.92822265625
100000000000000000000001,1,922125000,0,-44.5,3.39316550280304,0,0,0.540036010742188,1.63,0,-5399.92822265625
100000000000000000000002,1,922125000,0,-43,6.2709134608765,0,0,0.540036010742188,1.63,0,-5399.92822265625
100000000000000000000004,1,922125000,0,-51.5,4.42400059226219,0,0,0.540036010742188,1.63,0,-5399.92822265625
100000000000000000000002,1,922125000,0,-43,6.24636976827033,0,0,0.540036010742188,1.63,0,-5399.92822265625
100000000000000000000001,1,922125000,0,-44.5,3.39930142595458,0,0,0.540036010742188,1.63,0,-5399.92822265625
100000000000000000000003,1,922125000,0,-45.5,2.85320426546729,0,0,0.540036010742188,1.63,0,-5399.92822265625
100000000000000000000000,1,922125000,0,-58,2.71207803298181,0,0,0.540036010742188,1.63,0,-5399.92822265625
100000000000000000000003,1,922125000,0,-45.5,2.84093241916421,0,0,0.540036010742188,1.63,0,-5399.92822265625
100000000000000000000002,1,922125000,0,-43,6.25864161457342,0,0,0.540036010742188,1.63,0,-5399.92822265625
100000000000000000000001,1,922125000,0,-44.5,3.39930142595458,0,0,0.540036010742188,1.63,0,-5399.92822265625
100000000000000000000004,1,922125000,0,-51.5,4.4117287459591,0,0,0.540036010742188,1.63,0,-5399.92822265625
100000000000000000000000,1,922125000,0,-57.5,2.71821395613336,0,0,0.540036010742188,1.63,0,-5399.92822265625
100000000000000000000004,1,922125000,0,-51,4.42400059226219,0,0,0.540036010742188,1.63,0,-5399.92822265625
100000000000000000000001,1,922125000,0,-45,3.3870295796515,0,0,0.540036010742188,1.63,0,-5399.92822265625
100000000000000000000002,1,922125000,0,-43,6.2709134608765,0,0,0.540036010742188,1.63,0,-5399.92822265625
100000000000000000000003,1,922125000,0,-45.5,2.84706834231575,0,0,0.540036010742188,1.63,0,-5399.92822265625
100000000000000000000000,1,922125000,0,-58,2.77957318764878,0,0,0.540036010742188,1.63,0,-5399.92822265625
100000000000000000000004,1,922125000,0,-51,4.44854428486836,0,0,0.540036010742188,1.63,0,-5399.92822265625
100000000000000000000003,1,922125000,0,-45,2.84706834231575,0,0,0.540036010742188,1.63,0,-5399.92822265625
100000000000000000000000,1,922125000,0,-58,2.76116541819415,0,0,0.540036010742188,1.63,0,-5399.92822265625
100000000000000000000001,1,922125000,0,-44.5,3.3870295796515,0,0,0.540036010742188,1.63,0,-5399.92822265625
100000000000000000000002,1,922125000,0,-43,6.24636976827033,0,0,0.540036010742188,1.63,0,-5399.92822265625
100000000000000000000001,1,922125000,0,-45,3.37475773334841,0,0,0.540036010742188,1.63,0,-5399.92822265625
100000000000000000000000,1,922125000,0,-58,2.68753434037564,0,0,0.540036010742188,1.63,0,-5399.92822265625
100000000000000000000004,1,922125000,0,-51.5,4.42400059226219,0,0,0.540036010742188,1.63,0,-5399.92822265625
100000000000000000000003,1,922125000,0,-45.5,2.84706834231575,0,0,0.540036010742188,1.63,0,-5399.92822265625
100000000000000000000002,1,922125000,0,-43,6.26477753772496,0,0,0.540036010742188,1.63,0,-5399.92822265625
100000000000000000000004,1,922125000,0,-51.5,4.41786466911065,0,0,0.540036010742188,1.63,0,-5399.92822265625
100000000000000000000001,1,922125000,0,-45,3.36862181019687,0,0,0.540036010742188,1.63,0,-5399.92822265625
100000000000000000000002,1,922125000,0,-43,6.25864161457342,0,0,0.540036010742188,1.63,0,-5399.92822265625
100000000000000000000003,1,922125000,0,-45.5,2.84706834231575,0,0,0.540036010742188,1.63,0,-5399.92822265625
100000000000000000000000,1,922125000,0,-58,2.74889357189107,0,0,0.540036010742188,1.63,0,-5399.92822265625
100000000000000000000004,1,922125000,0,-51.5,4.38718505335293,0,0,0.540036010742188,1.63,0,-5399.92822265625
100000000000000000000003,1,922125000,0,-45.5,2.84706834231575,0,0,0.540036010742188,1.63,0,-5399.92822265625
100000000000000000000000,1,922125000,0,-58,2.70594210983027,0,0,0.540036010742188,1.63,0,-5399.92822265625
100000000000000000000001,1,922125000,0,-44.5,3.39316550280304,0,0,0.540036010742188,1.63,0,-5399.92822265625
100000000000000000000002,1,922125000,0,-43,6.25250569142187,0,0,0.540036010742188,1.63,0,-5399.92822265625
100000000000000000000002,1,922125000,0,-43,6.24636976827033,0,0,0.540036010742188,1.63,0,-5399.92822265625
100000000000000000000000,1,922125000,0,-58,2.69980618667873,0,0,0.540036010742188,1.63,0,-5399.92822265625
100000000000000000000001,1,922125000,0,-44.5,3.38089365649995,0,0,0.540036010742188,1.63,0,-5399.92822265625
100000000000000000000003,1,922125000,0,-45.5,2.85320426546729,0,0,0.540036010742188,1.63,0,-5399.92822265625
100000000000000000000004,1,922125000,0,-51,4.42400059226219,0,0,0.540036010742188,1.63,0,-5399.92822265625
100000000000000000000000,1,922125000,0,-58,2.77343726449724,0,0,0.540036010742188,1.63,0,-5399.92822265625
100000000000000000000004,1,922125000,0,-51,4.39945689965602,0,0,0.540036010742188,1.63,0,-5399.92822265625
100000000000000000000001,1,922125000,0,-44.5,3.39316550280304,0,0,0.540036010742188,1.63,0,-5399.92822265625
100000000000000000000003,1,922125000,0,-45,2.84093241916421,0,0,0.540036010742188,1.63,0,-5399.92822265625
100000000000000000000002,1,922125000,0,-43,6.24636976827033,0,0,0.540036010742188,1.63,0,-5399.92822265625
100000000000000000000001,1,922125000,0,-44.5,3.3870295796515,0,0,0.540036010742188,1.63,0,-5399.92822265625
100000000000000000000004,1,922125000,0,-51.5,4.4117287459591,0,0,0.540036010742188,1.63,0,-5399.92822265625
100000000000000000000002,1,922125000,0,-43,6.25864161457342,0,0,0.540036010742188,1.63,0,-5399.92822265625
100000000000000000000000,1,922125000,0,-58,2.73662172558798,0,0,0.540036010742188,1.63,0,-5399.92822265625
100000000000000000000003,1,922125000,0,-45.5,2.85934018861884,0,0,0.540036010742188,1.63,0,-5399.92822265625
100000000000000000000002,1,922125000,0,-43,6.25864161457342,0,0,0.540036010742188,1.63,0,-5399.92822265625
100000000000000000000001,1,922125000,0,-45,3.39316550280304,0,0,0.540036010742188,1.63,0,-5399.92822265625
100000000000000000000000,1,922125000,0,-57.5,2.73048580243644,0,0,0.540036010742188,1.63,0,-5399.92822265625
100000000000000000000003,1,922125000,0,-45.5,2.85934018861884,0,0,0.540036010742188,1.63,0,-5399.92822265625
100000000000000000000004,1,922125000,0,-51,4.43013651541373,0,0,0.540036010742188,1.63,0,-5399.92822265625
100000000000000000000002,1,922125000,0,-43,6.25864161457342,0,0,0.540036010742188,1.63,0,-5399.92822265625
100000000000000000000004,1,922125000,0,-51.5,4.43013651541373,0,0,0.540036010742188,1.63,0,-5399.92822265625
100000000000000000000003,1,922125000,0,-45.5,2.84706834231575,0,0,0.540036010742188,1.63,0,-5399.92822265625
100000000000000000000001,1,922125000,0,-45,3.39316550280304,0,0,0.540036010742188,1.63,0,-5399.92822265625
100000000000000000000000,1,922125000,0,-58,2.71821395613336,0,0,0.540036010742188,1.63,0,-5399.92822265625
100000000000000000000000,1,922125000,0,-58,2.75502949504261,0,0,0.540036010742188,1.63,0,-5399.92822265625
100000000000000000000003,1,922125000,0,-45.5,2.85320426546729,0,0,0.540036010742188,1.63,0,-5399.92822265625
100000000000000000000004,1,922125000,0,-51.5,4.4117287459591,0,0,0.540036010742188,1.63,0,-5399.92822265625
100000000000000000000001,1,922125000,0,-44.5,3.38089365649995,0,0,0.540036010742188,1.63,0,-5399.92822265625
100000000000000000000002,1,922125000,0,-43,6.25250569142187,0,0,0.540036010742188,1.63,0,-5399.92822265625
100000000000000000000001,1,922125000,0,-44.5,3.37475773334841,0,0,0.540036010742188,1.63,0,-5399.92822265625
100000000000000000000000,1,922125000,0,-58,2.74275764873953,0,0,0.540036010742188,1.63,0,-5399.92822265625
100000000000000000000003,1,922125000,0,-45.5,2.85320426546729,0,0,0.540036010742188,1.63,0,-5399.92822265625
100000000000000000000004,1,922125000,0,-51,4.43627243856527,0,0,0.540036010742188,1.63,0,-5399.92822265625
100000000000000000000002,1,922125000,0,-43,6.24636976827033,0,0,0.540036010742188,1.63,0,-5399.92822265625
100000000000000000000003,1,922125000,0,-45,2.83479649601267,0,0,0.540036010742188,1.63,0,-5399.92822265625
100000000000000000000002,1,922125000,0,-43,6.24023384511879,0,0,0.540036010742188,1.63,0,-5399.92822265625
100000000000000000000001,1,922125000,0,-44.5,3.3870295796515,0,0,0.540036010742188,1.63,0,-5399.92822265625
100000000000000000000000,1,922125000,0,-58,2.7243498792849,0,0,0.540036010742188,1.63,0,-5399.92822265625
100000000000000000000004,1,922125000,0,-51.5,4.43627243856527,0,0,0.540036010742188,1.63,0,-5399.92822265625
100000000000000000000002,1,922125000,0,-43,6.24636976827033,0,0,0.540036010742188,1.63,0,-5399.92822265625
100000000000000000000004,1,922125000,0,-51.5,4.41786466911065,0,0,0.540036010742188,1.63,0,-5399.92822265625
100000000000000000000000,1,922125000,0,-57.5,2.69980618667873,0,0,0.540036010742188,1.63,0,-5399.92822265625
100000000000000000000003,1,922125000,0,-45.5,2.85934018861884,0,0,0.540036010742188,1.63,0,-5399.92822265625
100000000000000000000001,1,922125000,0,-44.5,3.3870295796515,0,0,0.540036010742188,1.63,0,-5399.92822265625
100000000000000000000004,1,922125000,0,-51.5,4.43013651541373,0,0,0.540036010742188,1.63,0,-5399.92822265625
100000000000000000000002,1,922125000,0,-43,6.25250569142187,0,0,0.540036010742188,1.63,0,-5399.92822265625
100000000000000000000001,1,922125000,0,-44.5,3.36862181019687,0,0,0.540036010742188,1.63,0,-5399.92822265625
100000000000000000000000,1,922125000,0,-58,2.69367026352719,0,0,0.540036010742188,1.63,0,-5399.92822265625
100000000000000000000003,1,922125000,0,-45.5,2.84093241916421,0,0,0.540036010742188,1.63,0,-5399.92822265625
100000000000000000000002,1,922125000,0,-43,6.24023384511879,0,0,0.540036010742188,1.63,0,-5399.92822265625
100000000000000000000001,1,922125000,0,-44.5,3.39316550280304,0,0,0.540036010742188,1.63,0,-5399.92822265625
100000000000000000000003,1,922125000,0,-45.5,2.86547611177038,0,0,0.540036010742188,1.63,0,-5399.92822265625
100000000000000000000004,1,922125000,0,-51,4.39945689965602,0,0,0.540036010742188,1.63,0,-5399.92822265625
100000000000000000000000,1,922125000,0,-58,2.69367026352719,0,0,0.540036010742188,1.63,0,-5399.92822265625
100000000000000000000002,1,922125000,0,-43,6.25250569142187,0,0,0.540036010742188,1.63,0,-5399.92822265625
100000000000000000000003,1,922125000,0,-45.5,2.85320426546729,0,0,0.540036010742188,1.63,0,-5399.92822265625
100000000000000000000001,1,922125000,0,-44.5,3.38089365649995,0,0,0.540036010742188,1.63,0,-5399.92822265625
100000000000000000000004,1,922125000,0,-51.5,4.44854428486836,0,0,0.540036010742188,1.63,0,-5399.92822265625
100000000000000000000000,1,922125000,0,-58,2.77957318764878,0,0,0.540036010742188,1.63,0,-5399.92822265625
100000000000000000000003,1,922125000,0,-45.5,2.84093241916421,0,0,0.540036010742188,1.63,0,-5399.92822265625
100000000000000000000001,1,922125000,0,-44.5,3.39316550280304,0,0,0.540036010742188,1.63,0,-5399.92822265625
100000000000000000000004,1,922125000,0,-51,4.43627243856527,0,0,0.540036010742188,1.63,0,-5399.92822265625
100000000000000000000002,1,922125000,0,-43,6.25864161457342,0,0,0.540036010742188,1.63,0,-5399.92822265625
100000000000000000000000,1,922125000,0,-58,2.75502949504261,0,0,0.540036010742188,1.63,0,-5399.92822265625
100000000000000000000004,1,922125000,0,-51.5,4.43627243856527,0,0,0.540036010742188,1.63,0,-5399.92822265625
100000000000000000000001,1,922125000,0,-44.5,3.38089365649995,0,0,0.540036010742188,1.63,0,-5399.92822265625
100000000000000000000003,1,922125000,0,-45.5,2.83479649601267,0,0,0.540036010742188,1.63,0,-5399.92822265625
100000000000000000000002,1,922125000,0,-43,6.25864161457342,0,0,0.540036010742188,1.63,0,-5399.92822265625
100000000000000000000000,1,922125000,0,-58,2.74889357189107,0,0,0.540036010742188,1.63,0,-5399.92822265625
100000000000000000000004,1,922125000,0,-51.5,4.42400059226219,0,0,0.540036010742188,1.63,0,-5399.92822265625
100000000000000000000003,1,922125000,0,-45.5,2.85320426546729,0,0,0.540036010742188,1.63,0,-5399.92822265625
100000000000000000000001,1,922125000,0,-45,3.39930142595458,0,0,0.540036010742188,1.63,0,-5399.92822265625
100000000000000000000002,1,922125000,0,-43,6.2709134608765,0,0,0.540036010742188,1.63,0,-5399.92822265625
100000000000000000000000,1,922125000,0,-58,2.7243498792849,0,0,0.540036010742188,1.63,0,-5399.92822265625
100000000000000000000003,1,922125000,0,-45.5,2.85320426546729,0,0,0.540036010742188,1.63,0,-5399.92822265625
100000000000000000000002,1,922125000,0,-43,6.25864161457342,0,0,0.540036010742188,1.63,0,-5399.92822265625
100000000000000000000000,1,922125000,0,-57.5,2.71207803298181,0,0,0.540036010742188,1.63,0,-5399.92822265625
100000000000000000000001,1,922125000,0,-44.5,3.3870295796515,0,0,0.540036010742188,1.63,0,-5399.92822265625
100000000000000000000004,1,922125000,0,-51,4.41786466911065,0,0,0.540036010742188,1.63,0,-5399.92822265625
100000000000000000000004,1,922125000,0,-51.5,4.4117287459591,0,0,0.540036010742188,1.63,0,-5399.92822265625
100000000000000000000001,1,922125000,0,-44.5,3.36862181019687,0,0,0.540036010742188,1.63,0,-5399.92822265625
100000000000000000000003,1,922125000,0,-45.5,2.84093241916421,0,0,0.540036010742188,1.63,0,-5399.92822265625
100000000000000000000002,1,922125000,0,-43,6.25864161457342,0,0,0.540036010742188,1.63,0,-5399.92822265625
100000000000000000000000,1,922125000,0,-58,2.75502949504261,0,0,0.540036010742188,1.63,0,-5399.92822265625
100000000000000000000001,1,922125000,0,-45,3.36862181019687,0,0,0.540036010742188,1.63,0,-5399.92822265625
100000000000000000000004,1,922125000,0,-51,4.44854428486836,0,0,0.540036010742188,1.63,0,-5399.92822265625
100000000000000000000002,1,922125000,0,-43,6.24023384511879,0,0,0.540036010742188,1.63,0,-5399.92822265625
100000000000000000000003,1,922125000,0,-45.5,2.85320426546729,0,0,0.540036010742188,1.63,0,-5399.92822265625
100000000000000000000000,1,922125000,0,-58,2.7673013413457,0,0,0.540036010742188,1.63,0,-5399.92822265625
100000000000000000000000,1,922125000,0,-57.5,2.70594210983027,0,0,0.540036010742188,1.63,0,-5399.92822265625
100000000000000000000001,1,922125000,0,-44.5,3.38089365649995,0,0,0.540036010742188,1.63,0,-5399.92822265625
100000000000000000000004,1,922125000,0,-51,4.37491320704985,0,0,0.540036010742188,1.63,0,-5399.92822265625
100000000000000000000003,1,922125000,0,-45.5,2.84706834231575,0,0,0.540036010742188,1.63,0,-5399.92822265625
100000000000000000000002,1,922125000,0,-43,6.27704938402804,0,0,0.540036010742188,1.63,0,-5399.92822265625
100000000000000000000002,1,922125000,0,-43,6.27704938402804,0,0,0.540036010742188,1.63,0,-5399.92822265625
100000000000000000000003,1,922125000,0,-45.5,2.84706834231575,0,0,0.540036010742188,1.63,0,-5399.92822265625
100000000000000000000004,1,922125000,0,-51,4.42400059226219,0,0,0.540036010742188,1.63,0,-5399.92822265625
100000000000000000000000,1,922125000,0,-58,2.69980618667873,0,0,0.540036010742188,1.63,0,-5399.92822265625
100000000000000000000001,1,922125000,0,-45,3.38089365649995,0,0,0.540036010742188,1.63,0,-5399.92822265625
100000000000000000000004,1,922125000,0,-51,4.43013651541373,0,0,0.540036010742188,1.63,0,-5399.92822265625
100000000000000000000001,1,922125000,0,-44.5,3.36248588704533,0,0,0.540036010742188,1.63,0,-5399.92822265625
100000000000000000000002,1,922125000,0,-43,6.24636976827033,0,0,0.540036010742188,1.63,0,-5399.92822265625
100000000000000000000003,1,922125000,0,-45.5,2.84093241916421,0,0,0.540036010742188,1.63,0,-5399.92822265625
100000000000000000000000,1,922125000,0,-58,2.69367026352719,0,0,0.540036010742188,1.63,0,-5399.92822265625
100000000000000000000000,1,922125000,0,-57.5,2.69980618667873,0,0,0.540036010742188,1.63,0,-5399.92822265625
100000000000000000000003,1,922125000,0,-45.5,2.85320426546729,0,0,0.540036010742188,1.63,0,-5399.92822265625
100000000000000000000004,1,922125000,0,-51,4.39332097650448,0,0,0.540036010742188,1.63,0,-5399.92822265625
100000000000000000000001,1,922125000,0,-44.5,3.39316550280304,0,0,0.540036010742188,1.63,0,-5399.92822265625
100000000000000000000002,1,922125000,0,-43,6.25250569142187,0,0,0.540036010742188,1.63,0,-5399.92822265625
100000000000000000000002,1,922125000,0,-43,6.24636976827033,0,0,0.540036010742188,1.63,0,-5399.92822265625
100000000000000000000004,1,922125000,0,-51.5,4.4117287459591,0,0,0.540036010742188,1.63,0,-5399.92822265625
100000000000000000000003,1,922125000,0,-45.5,2.83479649601267,0,0,0.540036010742188,1.63,0,-5399.92822265625
100000000000000000000001,1,922125000,0,-44.5,3.39316550280304,0,0,0.540036010742188,1.63,0,-5399.92822265625
100000000000000000000000,1,922125000,0,-58,2.71821395613336,0,0,0.540036010742188,1.63,0,-5399.92822265625
100000000000000000000004,1,922125000,0,-51.5,4.43013651541373,0,0,0.540036010742188,1.63,0,-5399.92822265625
100000000000000000000003,1,922125000,0,-45.5,2.84706834231575,0,0,0.540036010742188,1.63,0,-5399.92822265625
100000000000000000000002,1,922125000,0,-43,6.27704938402804,0,0,0.540036010742188,1.63,0,-5399.92822265625
100000000000000000000000,1,922125000,0,-58,2.74275764873953,0,0,0.540036010742188,1.63,0,-5399.92822265625
100000000000000000000001,1,922125000,0,-44.5,3.38089365649995,0,0,0.540036010742188,1.63,0,-5399.92822265625
100000000000000000000004,1,922125000,0,-51,4.41786466911065,0,0,0.540036010742188,1.63,0,-5399.92822265625
100000000000000000000001,1,922125000,0,-45,3.38089365649995,0,0,0.540036010742188,1.63,0,-5399.92822265625
100000000000000000000003,1,922125000,0,-45.5,2.84706834231575,0,0,0.540036010742188,1.63,0,-5399.92822265625
100000000000000000000002,1,922125000,0,-43,6.26477753772496,0,0,0.540036010742188,1.63,0,-5399.92822265625
100000000000000000000000,1,922125000,0,-58,2.74889357189107,0,0,0.540036010742188,1.63,0,-5399.92822265625
100000000000000000000003,1,922125000,0,-45.5,2.84706834231575,0,0,0.540036010742188,1.63,0,-5399.92822265625
100000000000000000000000,1,922125000,0,-58,2.71821395613336,0,0,0.540036010742188,1.63,0,-5399.92822265625
100000000000000000000001,1,922125000,0,-45,3.37475773334841,0,0,0.540036010742188,1.63,0,-5399.92822265625
100000000000000000000002,1,922125000,0,-43,6.27704938402804,0,0,0.540036010742188,1.63,0,-5399.92822265625
100000000000000000000004,1,922125000,0,-51.5,4.43627243856527,0,0,0.540036010742188,1.63,0,-5399.92822265625
100000000000000000000001,1,922125000,0,-45,3.3870295796515,0,0,0.540036010742188,1.63,0,-5399.92822265625
100000000000000000000002,1,922125000,0,-43,6.24636976827033,0,0,0.540036010742188,1.63,0,-5399.92822265625
100000000000000000000000,1,922125000,0,-57.5,2.69980618667873,0,0,0.540036010742188,1.63,0,-5399.92822265625
100000000000000000000003,1,922125000,0,-45.5,2.85934018861884,0,0,0.540036010742188,1.63,0,-5399.92822265625
100000000000000000000004,1,922125000,0,-51.5,4.42400059226219,0,0,0.540036010742188,1.63,0,-5399.92822265625
100000000000000000000003,1,922125000,0,-45.5,2.84093241916421,0,0,0.540036010742188,1.63,0,-5399.92822265625
100000000000000000000001,1,922125000,0,-45,3.37475773334841,0,0,0.540036010742188,1.63,0,-5399.92822265625
100000000000000000000004,1,922125000,0,-51,4.42400059226219,0,0,0.540036010742188,1.63,0,-5399.92822265625
100000000000000000000002,1,922125000,0,-43,6.26477753772496,0,0,0.540036010742188,1.63,0,-5399.92822265625
100000000000000000000000,1,922125000,0,-58,2.71821395613336,0,0,0.540036010742188,1.63,0,-5399.92822265625
100000000000000000000003,1,922125000,0,-45.5,2.85320426546729,0,0,0.540036010742188,1.63,0,-5399.92822265625
100000000000000000000001,1,922125000,0,-44.5,3.37475773334841,0,0,0.540036010742188,1.63,0,-5399.92822265625
100000000000000000000002,1,922125000,0,-43,6.25864161457342,0,0,0.540036010742188,1.63,0,-5399.92822265625
100000000000000000000000,1,922125000,0,-58,2.7673013413457,0,0,0.540036010742188,1.63,0,-5399.92822265625
100000000000000000000004,1,922125000,0,-51,4.4117287459591,0,0,0.540036010742188,1.63,0,-5399.92822265625
100000000000000000000002,1,922125000,0,-43,6.25250569142187,0,0,0.540036010742188,1.63,0,-5399.92822265625
100000000000000000000003,1,922125000,0,-45,2.84093241916421,0,0,0.540036010742188,1.63,0,-5399.92822265625
100000000000000000000004,1,922125000,0,-51.5,4.43627243856527,0,0,0.540036010742188,1.63,0,-5399.92822265625
100000000000000000000001,1,922125000,0,-45,3.36862181019687,0,0,0.540036010742188,1.63,0,-5399.92822265625
100000000000000000000000,1,922125000,0,-58,2.71207803298181,0,0,0.540036010742188,1.63,0,-5399.92822265625
100000000000000000000004,1,922125000,0,-51,4.44240836171682,0,0,0.540036010742188,1.63,0,-5399.92822265625
100000000000000000000003,1,922125000,0,-45.5,2.85320426546729,0,0,0.540036010742188,1.63,0,-5399.92822265625
100000000000000000000002,1,922125000,0,-43,6.24636976827033,0,0,0.540036010742188,1.63,0,-5399.92822265625
100000000000000000000001,1,922125000,0,-44.5,3.38089365649995,0,0,0.540036010742188,1.63,0,-5399.92822265625
100000000000000000000000,1,922125000,0,-58,2.70594210983027,0,0,0.540036010742188,1.63,0,-5399.92822265625
100000000000000000000003,1,922125000,0,-45.5,2.85320426546729,0,0,0.540036010742188,1.63,0,-5399.92822265625
100000000000000000000002,1,922125000,0,-43,6.25250569142187,0,0,0.540036010742188,1.63,0,-5399.92822265625
100000000000000000000001,1,922125000,0,-44.5,3.38089365649995,0,0,0.540036010742188,1.63,0,-5399.92822265625
100000000000000000000004,1,922125000,0,-51,4.43013651541373,0,0,0.540036010742188,1.63,0,-5399.92822265625
100000000000000000000000,1,922125000,0,-58,2.71207803298181,0,0,0.540036010742188,1.63,0,-5399.92822265625
100000000000000000000002,1,922125000,0,-43,6.2709134608765,0,0,0.540036010742188,1.63,0,-5399.92822265625
100000000000000000000004,1,922125000,0,-51.5,4.40559282280756,0,0,0.540036010742188,1.63,0,-5399.92822265625
100000000000000000000001,1,922125000,0,-44.5,3.3870295796515,0,0,0.540036010742188,1.63,0,-5399.92822265625
100000000000000000000003,1,922125000,0,-45.5,2.85320426546729,0,0,0.540036010742188,1.63,0,-5399.92822265625
100000000000000000000000,1,922125000,0,-58,2.69980618667873,0,0,0.540036010742188,1.63,0,-5399.92822265625
100000000000000000000004,1,922125000,0,-51.5,4.4546802080199,0,0,0.540036010742188,1.63,0,-5399.92822265625
100000000000000000000001,1,922125000,0,-44.5,3.39316550280304,0,0,0.540036010742188,1.63,0,-5399.92822265625
100000000000000000000002,1,922125000,0,-43,6.25864161457342,0,0,0.540036010742188,1.63,0,-5399.92822265625
100000000000000000000003,1,922125000,0,-45,2.84093241916421,0,0,0.540036010742188,1.63,0,-5399.92822265625
100000000000000000000000,1,922125000,0,-58,2.75502949504261,0,0,0.540036010742188,1.63,0,-5399.92822265625
100000000000000000000002,1,922125000,0,-43,6.25864161457342,0,0,0.540036010742188,1.63,0,-5399.92822265625
100000000000000000000003,1,922125000,0,-45.5,2.85934018861884,0,0,0.540036010742188,1.63,0,-5399.92822265625
100000000000000000000001,1,922125000,0,-45,3.36248588704533,0,0,0.540036010742188,1.63,0,-5399.92822265625
100000000000000000000004,1,922125000,0,-51.5,4.42400059226219,0,0,0.540036010742188,1.63,0,-5399.92822265625
100000000000000000000000,1,922125000,0,-58,2.69980618667873,0,0,0.540036010742188,1.63,0,-5399.92822265625
100000000000000000000001,1,922125000,0,-44.5,3.36248588704533,0,0,0.540036010742188,1.63,0,-5399.92822265625
100000000000000000000000,1,922125000,0,-58,2.73048580243644,0,0,0.540036010742188,1.63,0,-5399.92822265625
100000000000000000000004,1,922125000,0,-51.5,4.40559282280756,0,0,0.540036010742188,1.63,0,-5399.92822265625
100000000000000000000002,1,922125000,0,-43,6.28318530717959,0,0,0.540036010742188,1.63,0,-5399.92822265625
100000000000000000000003,1,922125000,0,-45,2.85320426546729,0,0,0.540036010742188,1.63,0,-5399.92822265625
100000000000000000000002,1,922125000,0,-43,6.25250569142187,0,0,0.540036010742188,1.63,0,-5399.92822265625
100000000000000000000001,1,922125000,0,-44.5,3.38089365649995,0,0,0.540036010742188,1.63,0,-5399.92822265625
100000000000000000000000,1,922125000,0,-58,2.7243498792849,0,0,0.540036010742188,1.63,0,-5399.92822265625
100000000000000000000003,1,922125000,0,-45,2.85320426546729,0,0,0.540036010742188,1.63,0,-5399.92822265625
100000000000000000000004,1,922125000,0,-51,4.43013651541373,0,0,0.540036010742188,1.63,0,-5399.92822265625
100000000000000000000000,1,922625000,0,-59,2.97592272849814,0,0,0.540036010742188,1.63,0,-5399.92822265625
100000000000000000000003,1,922625000,0,-45.5,3.04341788316511,0,0,0.540036010742188,1.63,0,-5399.92822265625
100000000000000000000004,1,922625000,0,-51,4.63875790256618,0,0,0.540036010742188,1.63,0,-5399.92822265625
100000000000000000000002,1,922625000,0,-42.5,0.220893233455532,0,0,0.540036010742188,1.63,0,-5399.92822265625
100000000000000000000001,1,922625000,0,-44.5,3.59565096680394,0,0,0.540036010742188,1.63,0,-5399.92822265625
100000000000000000000002,1,922625000,0,-42.5,0.208621387152447,0,0,0.540036010742188,1.63,0,-5399.92822265625
100000000000000000000001,1,922625000,0,-44.5,3.59565096680394,0,0,0.540036010742188,1.63,0,-5399.92822265625
100000000000000000000003,1,922625000,0,-45.5,3.04955380631665,0,0,0.540036010742188,1.63,0,-5399.92822265625
100000000000000000000000,1,922625000,0,-59,3.00046642110431,0,0,0.540036010742188,1.63,0,-5399.92822265625
100000000000000000000004,1,922625000,0,-51,4.63262197941464,0,0,0.540036010742188,1.63,0,-5399.92822265625
100000000000000000000004,1,922625000,0,-51,4.63262197941464,0,0,0.540036010742188,1.63,0,-5399.92822265625
100000000000000000000002,1,922625000,0,-42.5,0.220893233455532,0,0,0.540036010742188,1.63,0,-5399.92822265625
100000000000000000000001,1,922625000,0,-44.5,3.5895150436524,0,0,0.540036010742188,1.63,0,-5399.92822265625
100000000000000000000003,1,922625000,0,-45.5,3.06182565261974,0,0,0.540036010742188,1.63,0,-5399.92822265625
100000000000000000000000,1,922625000,0,-58.5,3.00046642110431,0,0,0.540036010742188,1.63,0,-5399.92822265625
100000000000000000000000,1,922625000,0,-59,2.99433049795277,0,0,0.540036010742188,1.63,0,-5399.92822265625
100000000000000000000003,1,922625000,0,-45.5,3.07409749892282,0,0,0.540036010742188,1.63,0,-5399.92822265625
100000000000000000000001,1,922625000,0,-44.5,3.57724319734932,0,0,0.540036010742188,1.63,0,-5399.92822265625
100000000000000000000004,1,922625000,0,-51,4.65102974886926,0,0,0.540036010742188,1.63,0,-5399.92822265625
100000000000000000000002,1,922625000,0,-42.5,0.23930100291016,0,0,0.540036010742188,1.63,0,-5399.92822265625
100000000000000000000001,1,922625000,0,-44.5,3.58337912050086,0,0,0.540036010742188,1.63,0,-5399.92822265625
100000000000000000000004,1,922625000,0,-51.5,4.63875790256618,0,0,0.540036010742188,1.63,0,-5399.92822265625
100000000000000000000003,1,922625000,0,-45.5,3.06182565261974,0,0,0.540036010742188,1.63,0,-5399.92822265625
100000000000000000000000,1,922625000,0,-59,3.00046642110431,0,0,0.540036010742188,1.63,0,-5399.92822265625
100000000000000000000002,1,922625000,0,-42.5,0.233165079758617,0,0,0.540036010742188,1.63,0,-5399.92822265625
100000000000000000000001,1,922625000,0,-44.5,3.59565096680394,0,0,0.540036010742188,1.63,0,-5399.92822265625
100000000000000000000002,1,922625000,0,-42.5,0.208621387152447,0,0,0.540036010742188,1.63,0,-5399.92822265625
100000000000000000000000,1,922625000,0,-59,3.03728196001357,0,0,0.540036010742188,1.63,0,-5399.92822265625
100000000000000000000003,1,922625000,0,-45.5,3.07409749892282,0,0,0.540036010742188,1.63,0,-5399.92822265625
100000000000000000000004,1,922625000,0,-51,4.63875790256618,0,0,0.540036010742188,1.63,0,-5399.92822265625
100000000000000000000001,1,922625000,0,-44.5,3.58337912050086,0,0,0.540036010742188,1.63,0,-5399.92822265625
100000000000000000000004,1,922625000,0,-51,4.66943751832389,0,0,0.540036010742188,1.63,0,-5399.92822265625
100000000000000000000003,1,922625000,0,-45.5,3.0556897294682,0,0,0.540036010742188,1.63,0,-5399.92822265625
100000000000000000000002,1,922625000,0,-42.5,0.251572849213245,0,0,0.540036010742188,1.63,0,-5399.92822265625
100000000000000000000000,1,922625000,0,-59,2.99433049795277,0,0,0.540036010742188,1.63,0,-5399.92822265625
100000000000000000000000,1,922625000,0,-59,2.96365088219506,0,0,0.540036010742188,1.63,0,-5399.92822265625
100000000000000000000003,1,922625000,0,-45.5,3.0556897294682,0,0,0.540036010742188,1.63,0,-5399.92822265625
100000000000000000000004,1,922625000,0,-51,4.63262197941464,0,0,0.540036010742188,1.63,0,-5399.92822265625
100000000000000000000002,1,922625000,0,-42.5,0.202485464000905,0,0,0.540036010742188,1.63,0,-5399.92822265625
100000000000000000000001,1,922625000,0,-44.5,3.5895150436524,0,0,0.540036010742188,1.63,0,-5399.92822265625
100000000000000000000000,1,922625000,0,-58.5,3.04341788316511,0,0,0.540036010742188,1.63,0,-5399.92822265625
100000000000000000000004,1,922625000,0,-51,4.63262197941464,0,0,0.540036010742188,1.63,0,-5399.92822265625
100000000000000000000001,1,922625000,0,-44.5,3.5895150436524,0,0,0.540036010742188,1.63,0,-5399.92822265625
100000000000000000000003,1,922625000,0,-45.5,3.03114603686203,0,0,0.540036010742188,1.63,0,-5399.92822265625
100000000000000000000002,1,922625000,0,-42.5,0.202485464000905,0,0,0.540036010742188,1.63,0,-5399.92822265625
100000000000000000000002,1,922625000,0,-42.5,0.202485464000905,0,0,0.540036010742188,1.63,0,-5399.92822265625
100000000000000000000001,1,922625000,0,-44.5,3.5895150436524,0,0,0.540036010742188,1.63,0,-5399.92822265625
100000000000000000000004,1,922625000,0,-51,4.63262197941464,0,0,0.540036010742188,1.63,0,-5399.92822265625
100000000000000000000003,1,922625000,0,-45.5,3.0556897294682,0,0,0.540036010742188,1.63,0,-5399.92822265625
100000000000000000000000,1,922625000,0,-59.5,2.98205865164969,0,0,0.540036010742188,1.63,0,-5399.92822265625
100000000000000000000004,1,922625000,0,-51,4.63262197941464,0,0,0.540036010742188,1.63,0,-5399.92822265625
100000000000000000000000,1,922625000,0,-58.5,3.03728196001357,0,0,0.540036010742188,1.63,0,-5399.92822265625
100000000000000000000001,1,922625000,0,-44,3.57724319734932,0,0,0.540036010742188,1.63,0,-5399.92822265625
100000000000000000000003,1,922625000,0,-45.5,3.04341788316511,0,0,0.540036010742188,1.63,0,-5399.92822265625
100000000000000000000002,1,922625000,0,-42.5,0.233165079758617,0,0,0.540036010742188,1.63,0,-5399.92822265625
100000000000000000000003,1,922625000,0,-45.5,3.04955380631665,0,0,0.540036010742188,1.63,0,-5399.92822265625
100000000000000000000001,1,922625000,0,-44,3.5895150436524,0,0,0.540036010742188,1.63,0,-5399.92822265625
100000000000000000000002,1,922625000,0,-42.5,0.227029156607075,0,0,0.540036010742188,1.63,0,-5399.92822265625
100000000000000000000004,1,922625000,0,-51.5,4.64489382571772,0,0,0.540036010742188,1.63,0,-5399.92822265625
100000000000000000000000,1,922625000,0,-59,3.03114603686203,0,0,0.540036010742188,1.63,0,-5399.92822265625
100000000000000000000000,1,922625000,0,-59,2.92069942013426,0,0,0.540036010742188,1.63,0,-5399.92822265625
100000000000000000000001,1,922625000,0,-44.5,3.57724319734932,0,0,0.540036010742188,1.63,0,-5399.92822265625
100000000000000000000002,1,922625000,0,-42.5,0.251572849213245,0,0,0.540036010742188,1.63,0,-5399.92822265625
100000000000000000000003,1,922625000,0,-45.5,3.0556897294682,0,0,0.540036010742188,1.63,0,-5399.92822265625
100000000000000000000004,1,922625000,0,-51,4.63875790256618,0,0,0.540036010742188,1.63,0,-5399.92822265625
100000000000000000000002,1,922625000,0,-42.5,0.23930100291016,0,0,0.540036010742188,1.63,0,-5399.92822265625
100000000000000000000004,1,922625000,0,-51.5,4.62648605626309,0,0,0.540036010742188,1.63,0,-5399.92822265625
100000000000000000000001,1,922625000,0,-44.5,3.57724319734932,0,0,0.540036010742188,1.63,0,-5399.92822265625
100000000000000000000003,1,922625000,0,-45.5,3.03114603686203,0,0,0.540036010742188,1.63,0,-5399.92822265625
100000000000000000000000,1,922625000,0,-59,2.99433049795277,0,0,0.540036010742188,1.63,0,-5399.92822265625
100000000000000000000003,1,922625000,0,-45.5,3.03114603686203,0,0,0.540036010742188,1.63,0,-5399.92822265625
100000000000000000000002,1,922625000,0,-42.5,0.21475731030399,0,0,0.540036010742188,1.63,0,-5399.92822265625
100000000000000000000001,1,922625000,0,-44.5,3.59565096680394,0,0,0.540036010742188,1.63,0,-5399.92822265625
100000000000000000000000,1,922625000,0,-59,3.0127382674074,0,0,0.540036010742188,1.63,0,-5399.92822265625
100000000000000000000004,1,922625000,0,-51.5,4.63262197941464,0,0,0.540036010742188,1.63,0,-5399.92822265625
100000000000000000000001,1,922625000,0,-44.5,3.5895150436524,0,0,0.540036010742188,1.63,0,-5399.92822265625
100000000000000000000003,1,922625000,0,-45.5,3.04955380631665,0,0,0.540036010742188,1.63,0,-5399.92822265625
100000000000000000000002,1,922625000,0,-42.5,0.208621387152447,0,0,0.540036010742188,1.63,0,-5399.92822265625
100000000000000000000004,1,922625000,0,-51,4.64489382571772,0,0,0.540036010742188,1.63,0,-5399.92822265625
100000000000000000000000,1,922625000,0,-59,3.03728196001357,0,0,0.540036010742188,1.63,0,-5399.92822265625
100000000000000000000004,1,922625000,0,-51.5,4.64489382571772,0,0,0.540036010742188,1.63,0,-5399.92822265625
100000000000000000000002,1,922625000,0,-42.5,0.233165079758617,0,0,0.540036010742188,1.63,0,-5399.92822265625
100000000000000000000000,1,922625000,0,-59,3.02501011371048,0,0,0.540036010742188,1.63,0,-5399.92822265625
100000000000000000000003,1,922625000,0,-45.5,3.03114603686203,0,0,0.540036010742188,1.63,0,-5399.92822265625
100000000000000000000001,1,922625000,0,-44.5,3.56497135104623,0,0,0.540036010742188,1.63,0,-5399.92822265625
100000000000000000000004,1,922625000,0,-51.5,4.62648605626309,0,0,0.540036010742188,1.63,0,-5399.92822265625
100000000000000000000002,1,922625000,0,-42.5,0.208621387152447,0,0,0.540036010742188,1.63,0,-5399.92822265625
100000000000000000000000,1,922625000,0,-58.5,3.02501011371048,0,0,0.540036010742188,1.63,0,-5399.92822265625
100000000000000000000001,1,922625000,0,-44.5,3.59565096680394,0,0,0.540036010742188,1.63,0,-5399.92822265625
100000000000000000000003,1,922625000,0,-45.5,3.04955380631665,0,0,0.540036010742188,1.63,0,-5399.92822265625
100000000000000000000003,1,922625000,0,-45.5,3.04955380631665,0,0,0.540036010742188,1.63,0,-5399.92822265625
100000000000000000000000,1,922625000,0,-59,3.02501011371048,0,0,0.540036010742188,1.63,0,-5399.92822265625
100000000000000000000002,1,922625000,0,-42.5,0.220893233455532,0,0,0.540036010742188,1.63,0,-5399.92822265625
100000000000000000000001,1,922625000,0,-44.5,3.57110727419777,0,0,0.540036010742188,1.63,0,-5399.92822265625
100000000000000000000004,1,922625000,0,-51,4.63262197941464,0,0,0.540036010742188,1.63,0,-5399.92822265625
100000000000000000000003,1,922625000,0,-45.5,3.04341788316511,0,0,0.540036010742188,1.63,0,-5399.92822265625
100000000000000000000004,1,922625000,0,-51,4.62648605626309,0,0,0.540036010742188,1.63,0,-5399.92822265625
100000000000000000000000,1,922625000,0,-59,3.03114603686203,0,0,0.540036010742188,1.63,0,-5399.92822265625
100000000000000000000001,1,922625000,0,-44.5,3.57724319734932,0,0,0.540036010742188,1.63,0,-5399.92822265625
100000000000000000000002,1,922625000,0,-42.5,0.227029156607075,0,0,0.540036010742188,1.63,0,-5399.92822265625
100000000000000000000004,1,922625000,0,-51.5,4.63875790256618,0,0,0.540036010742188,1.63,0,-5399.92822265625
100000000000000000000002,1,922625000,0,-42.5,0.21475731030399,0,0,0.540036010742188,1.63,0,-5399.92822265625
100000000000000000000003,1,922625000,0,-45.5,3.04341788316511,0,0,0.540036010742188,1.63,0,-5399.92822265625
100000000000000000000001,1,922625000,0,-44.5,3.58337912050086,0,0,0.540036010742188,1.63,0,-5399.92822265625
100000000000000000000000,1,922625000,0,-59,3.00046642110431,0,0,0.540036010742188,1.63,0,-5399.92822265625
100000000000000000000001,1,922625000,0,-44.5,3.57724319734932,0,0,0.540036010742188,1.63,0,-5399.92822265625
100000000000000000000000,1,922625000,0,-59,2.99433049795277,0,0,0.540036010742188,1.63,0,-5399.92822265625
100000000000000000000002,1,922625000,0,-42.5,0.233165079758617,0,0,0.540036010742188,1.63,0,-5399.92822265625
100000000000000000000003,1,922625000,0,-45.5,3.04955380631665,0,0,0.540036010742188,1.63,0,-5399.92822265625
100000000000000000000004,1,922625000,0,-51.5,4.63262197941464,0,0,0.540036010742188,1.63,0,-5399.92822265625
100000000000000000000001,1,922625000,0,-44.5,3.5895150436524,0,0,0.540036010742188,1.63,0,-5399.92822265625
100000000000000000000002,1,922625000,0,-42.5,0.233165079758617,0,0,0.540036010742188,1.63,0,-5399.92822265625
100000000000000000000003,1,922625000,0,-45.5,3.04955380631665,0,0,0.540036010742188,1.63,0,-5399.92822265625
100000000000000000000004,1,922625000,0,-51.5,4.63262197941464,0,0,0.540036010742188,1.63,0,-5399.92822265625
100000000000000000000000,1,922625000,0,-58.5,3.02501011371048,0,0,0.540036010742188,1.63,0,-5399.92822265625
100000000000000000000000,1,922625000,0,-58.5,2.98819457480123,0,0,0.540036010742188,1.63,0,-5399.92822265625
100000000000000000000002,1,922625000,0,-42.5,0.227029156607075,0,0,0.540036010742188,1.63,0,-5399.92822265625
100000000000000000000003,1,922625000,0,-45.5,3.04955380631665,0,0,0.540036010742188,1.63,0,-5399.92822265625
100000000000000000000001,1,922625000,0,-44.5,3.58337912050086,0,0,0.540036010742188,1.63,0,-5399.92822265625
100000000000000000000004,1,922625000,0,-51,4.63875790256618,0,0,0.540036010742188,1.63,0,-5399.92822265625
100000000000000000000002,1,922625000,0,-42.5,0.220893233455532,0,0,0.540036010742188,1.63,0,-5399.92822265625
100000000000000000000001,1,922625000,0,-44.5,3.56497135104623,0,0,0.540036010742188,1.63,0,-5399.92822265625
100000000000000000000000,1,922625000,0,-59,2.97592272849814,0,0,0.540036010742188,1.63,0,-5399.92822265625
100000000000000000000003,1,922625000,0,-45.5,3.06182565261974,0,0,0.540036010742188,1.63,0,-5399.92822265625
100000000000000000000004,1,922625000,0,-51,4.63262197941464,0,0,0.540036010742188,1.63,0,-5399.92822265625
100000000000000000000000,1,922625000,0,-59,3.00046642110431,0,0,0.540036010742188,1.63,0,-5399.92822265625
100000000000000000000003,1,922625000,0,-45.5,3.0556897294682,0,0,0.540036010742188,1.63,0,-5399.92822265625
100000000000000000000004,1,922625000,0,-51.5,4.64489382571772,0,0,0.540036010742188,1.63,0,-5399.92822265625
100000000000000000000002,1,922625000,0,-42.5,0.233165079758617,0,0,0.540036010742188,1.63,0,-5399.92822265625
100000000000000000000001,1,922625000,0,-44.5,3.58337912050086,0,0,0.540036010742188,1.63,0,-5399.92822265625
100000000000000000000001,1,922625000,0,-44.5,3.57110727419777,0,0,0.540036010742188,1.63,0,-5399.92822265625
100000000000000000000002,1,922625000,0,-42.5,0.21475731030399,0,0,0.540036010742188,1.63,0,-5399.92822265625
100000000000000000000004,1,922625000,0,-51.5,4.63262197941464,0,0,0.540036010742188,1.63,0,-5399.92822265625
100000000000000000000000,1,922625000,0,-59,3.0127382674074,0,0,0.540036010742188,1.63,0,-5399.92822265625
100000000000000000000003,1,922625000,0,-45.5,3.0556897294682,0,0,0.540036010742188,1.63,0,-5399.92822265625
100000000000000000000000,1,922625000,0,-59,3.0127382674074,0,0,0.540036010742188,1.63,0,-5399.92822265625
100000000000000000000002,1,922625000,0,-42.5,0.233165079758617,0,0,0.540036010742188,1.63,0,-5399.92822265625
100000000000000000000003,1,922625000,0,-45.5,3.0556897294682,0,0,0.540036010742188,1.63,0,-5399.92822265625
100000000000000000000004,1,922625000,0,-51.5,4.62035013311155,0,0,0.540036010742188,1.63,0,-5399.92822265625
100000000000000000000001,1,922625000,0,-44.5,3.55883542789469,0,0,0.540036010742188,1.63,0,-5399.92822265625
100000000000000000000002,1,922625000,0,-42.5,0.220893233455532,0,0,0.540036010742188,1.63,0,-5399.92822265625
100000000000000000000004,1,922625000,0,-51.5,4.63875790256618,0,0,0.540036010742188,1.63,0,-5399.92822265625
100000000000000000000000,1,922625000,0,-59,2.98205865164969,0,0,0.540036010742188,1.63,0,-5399.92822265625
100000000000000000000003,1,922625000,0,-45.5,3.0556897294682,0,0,0.540036010742188,1.63,0,-5399.92822265625
100000000000000000000001,1,922625000,0,-44.5,3.58337912050086,0,0,0.540036010742188,1.63,0,-5399.92822265625
100000000000000000000004,1,922625000,0,-51.5,4.63875790256618,0,0,0.540036010742188,1.63,0,-5399.92822265625
100000000000000000000003,1,922625000,0,-45.5,3.04955380631665,0,0,0.540036010742188,1.63,0,-5399.92822265625
100000000000000000000002,1,922625000,0,-42.5,0.21475731030399,0,0,0.540036010742188,1.63,0,-5399.92822265625
100000000000000000000000,1,922625000,0,-59,3.04341788316511,0,0,0.540036010742188,1.63,0,-5399.92822265625
100000000000000000000001,1,922625000,0,-44.5,3.62019465941011,0,0,0.540036010742188,1.63,0,-5399.92822265625
100000000000000000000003,1,922625000,0,-45.5,3.04341788316511,0,0,0.540036010742188,1.63,0,-5399.92822265625
100000000000000000000002,1,922625000,0,-42.5,0.21475731030399,0,0,0.540036010742188,1.63,0,-5399.92822265625
100000000000000000000000,1,922625000,0,-59,3.01887419055894,0,0,0.540036010742188,1.63,0,-5399.92822265625
100000000000000000000001,1,922625000,0,-44.5,3.59565096680394,0,0,0.540036010742188,1.63,0,-5399.92822265625
100000000000000000000004,1,922625000,0,-51,4.62035013311155,0,0,0.540036010742188,1.63,0,-5399.92822265625
100000000000000000000001,1,922625000,0,-44.5,3.57724319734932,0,0,0.540036010742188,1.63,0,-5399.92822265625
100000000000000000000002,1,922625000,0,-42.5,0.220893233455532,0,0,0.540036010742188,1.63,0,-5399.92822265625
100000000000000000000000,1,922625000,0,-58.5,2.9697868053466,0,0,0.540036010742188,1.63,0,-5399.92822265625
100000000000000000000003,1,922625000,0,-45.5,3.04955380631665,0,0,0.540036010742188,1.63,0,-5399.92822265625
100000000000000000000004,1,922625000,0,-51.5,4.63262197941464,0,0,0.540036010742188,1.63,0,-5399.92822265625
100000000000000000000004,1,922625000,0,-51.5,4.63262197941464,0,0,0.540036010742188,1.63,0,-5399.92822265625
100000000000000000000001,1,922625000,0,-44.5,3.5895150436524,0,0,0.540036010742188,1.63,0,-5399.92822265625
100000000000000000000002,1,922625000,0,-42.5,0.23930100291016,0,0,0.540036010742188,1.63,0,-5399.92822265625
100000000000000000000000,1,922625000,0,-59,3.01887419055894,0,0,0.540036010742188,1.63,0,-5399.92822265625
100000000000000000000003,1,922625000,0,-45.5,3.0556897294682,0,0,0.540036010742188,1.63,0,-5399.92822265625
100000000000000000000002,1,922625000,0,-42.5,0.21475731030399,0,0,0.540036010742188,1.63,0,-5399.92822265625
100000000000000000000001,1,922625000,0,-44.5,3.58337912050086,0,0,0.540036010742188,1.63,0,-5399.92822265625
100000000000000000000004,1,922625000,0,-51,4.63262197941464,0,0,0.540036010742188,1.63,0,-5399.92822265625
100000000000000000000003,1,922625000,0,-45.5,3.06182565261974,0,0,0.540036010742188,1.63,0,-5399.92822265625
100000000000000000000000,1,922625000,0,-59,3.0127382674074,0,0,0.540036010742188,1.63,0,-5399.92822265625
100000000000000000000002,1,922625000,0,-42.5,0.220893233455532,0,0,0.540036010742188,1.63,0,-5399.92822265625
100000000000000000000004,1,922625000,0,-51.5,4.63262197941464,0,0,0.540036010742188,1.63,0,-5399.92822265625
100000000000000000000000,1,922625000,0,-58.5,3.0127382674074,0,0,0.540036010742188,1.63,0,-5399.92822265625
100000000000000000000001,1,922625000,0,-44.5,3.5895150436524,0,0,0.540036010742188,1.63,0,-5399.92822265625
100000000000000000000003,1,922625000,0,-45.5,3.06182565261974,0,0,0.540036010742188,1.63,0,-5399.92822265625
100000000000000000000002,1,922625000,0,-42.5,0.227029156607075,0,0,0.540036010742188,1.63,0,-5399.92822265625
100000000000000000000004,1,922625000,0,-51.5,4.64489382571772,0,0,0.540036010742188,1.63,0,-5399.92822265625
100000000000000000000001,1,922625000,0,-44.5,3.60178688995549,0,0,0.540036010742188,1.63,0,-5399.92822265625
100000000000000000000003,1,922625000,0,-45.5,3.04341788316511,0,0,0.540036010742188,1.63,0,-5399.92822265625
100000000000000000000000,1,922625000,0,-59,2.96365088219506,0,0,0.540036010742188,1.63,0,-5399.92822265625
100000000000000000000004,1,922625000,0,-51.5,4.64489382571772,0,0,0.540036010742188,1.63,0,-5399.92822265625
100000000000000000000002,1,922625000,0,-42.5,0.245436926061703,0,0,0.540036010742188,1.63,0,-5399.92822265625
100000000000000000000003,1,922625000,0,-45.5,3.06182565261974,0,0,0.540036010742188,1.63,0,-5399.92822265625
100000000000000000000001,1,922625000,0,-44.5,3.58337912050086,0,0,0.540036010742188,1.63,0,-5399.92822265625
100000000000000000000000,1,922625000,0,-59,2.99433049795277,0,0,0.540036010742188,1.63,0,-5399.92822265625
100000000000000000000000,1,922625000,0,-58.5,3.00660234425586,0,0,0.540036010742188,1.63,0,-5399.92822265625
100000000000000000000002,1,922625000,0,-42.5,0.233165079758617,0,0,0.540036010742188,1.63,0,-5399.92822265625
100000000000000000000001,1,922625000,0,-44.5,3.59565096680394,0,0,0.540036010742188,1.63,0,-5399.92822265625
100000000000000000000003,1,922625000,0,-45.5,3.02501011371048,0,0,0.540036010742188,1.63,0,-5399.92822265625
100000000000000000000004,1,922625000,0,-51,4.63875790256618,0,0,0.540036010742188,1.63,0,-5399.92822265625
100000000000000000000003,1,922625000,0,-45.5,3.0556897294682,0,0,0.540036010742188,1.63,0,-5399.92822265625
100000000000000000000002,1,922625000,0,-42.5,0.208621387152447,0,0,0.540036010742188,1.63,0,-5399.92822265625
100000000000000000000004,1,922625000,0,-51,4.63262197941464,0,0,0.540036010742188,1.63,0,-5399.92822265625
100000000000000000000001,1,922625000,0,-44,3.58337912050086,0,0,0.540036010742188,1.63,0,-5399.92822265625
100000000000000000000000,1,922625000,0,-59,2.97592272849814,0,0,0.540036010742188,1.63,0,-5399.92822265625
100000000000000000000004,1,922625000,0,-51,4.60807828680847,0,0,0.540036010742188,1.63,0,-5399.92822265625
100000000000000000000003,1,922625000,0,-45.5,3.04341788316511,0,0,0.540036010742188,1.63,0,-5399.92822265625
100000000000000000000002,1,922625000,0,-42.5,0.227029156607075,0,0,0.540036010742188,1.63,0,-5399.92822265625
100000000000000000000000,1,922625000,0,-59,3.04341788316511,0,0,0.540036010742188,1.63,0,-5399.92822265625
100000000000000000000001,1,922625000,0,-44.5,3.57110727419777,0,0,0.540036010742188,1.63,0,-5399.92822265625
100000000000000000000001,1,922625000,0,-44.5,3.5895150436524,0,0,0.540036010742188,1.63,0,-5399.92822265625
100000000000000000000003,1,922625000,0,-45.5,3.0556897294682,0,0,0.540036010742188,1.63,0,-5399.92822265625
100000000000000000000004,1,922625000,0,-51.5,4.64489382571772,0,0,0.540036010742188,1.63,0,-5399.92822265625
100000000000000000000002,1,922625000,0,-42.5,0.233165079758617,0,0,0.540036010742188,1.63,0,-5399.92822265625
100000000000000000000000,1,922625000,0,-58.5,3.00660234425586,0,0,0.540036010742188,1.63,0,-5399.92822265625
100000000000000000000004,1,922625000,0,-51.5,4.63262197941464,0,0,0.540036010742188,1.63,0,-5399.92822265625
100000000000000000000003,1,922625000,0,-45.5,3.04955380631665,0,0,0.540036010742188,1.63,0,-5399.92822265625
100000000000000000000001,1,922625000,0,-44.5,3.57110727419777,0,0,0.540036010742188,1.63,0,-5399.92822265625
100000000000000000000002,1,922625000,0,-42.5,0.227029156607075,0,0,0.540036010742188,1.63,0,-5399.92822265625
100000000000000000000000,1,922625000,0,-58.5,2.96365088219506,0,0,0.540036010742188,1.63,0,-5399.92822265625
100000000000000000000004,1,922625000,0,-51,4.64489382571772,0,0,0.540036010742188,1.63,0,-5399.92822265625
100000000000000000000000,1,922625000,0,-59,2.99433049795277,0,0,0.540036010742188,1.63,0,-5399.92822265625
100000000000000000000002,1,922625000,0,-42.5,0.21475731030399,0,0,0.540036010742188,1.63,0,-5399.92822265625
100000000000000000000003,1,922625000,0,-45.5,3.0556897294682,0,0,0.540036010742188,1.63,0,-5399.92822265625
100000000000000000000001,1,922625000,0,-44.5,3.58337912050086,0,0,0.540036010742188,1.63,0,-5399.92822265625
100000000000000000000000,1,922625000,0,-59,3.03114603686203,0,0,0.540036010742188,1.63,0,-5399.92822265625
100000000000000000000004,1,922625000,0,-51,4.62648605626309,0,0,0.540036010742188,1.63,0,-5399.92822265625
100000000000000000000001,1,922625000,0,-44.5,3.59565096680394,0,0,0.540036010742188,1.63,0,-5399.92822265625
100000000000000000000002,1,922625000,0,-42.5,0.202485464000905,0,0,0.540036010742188,1.63,0,-5399.92822265625
100000000000000000000003,1,922625000,0,-45.5,3.0556897294682,0,0,0.540036010742188,1.63,0,-5399.92822265625
100000000000000000000001,1,922625000,0,-44.5,3.57724319734932,0,0,0.540036010742188,1.63,0,-5399.92822265625
100000000000000000000000,1,922625000,0,-58.5,2.98819457480123,0,0,0.540036010742188,1.63,0,-5399.92822265625
100000000000000000000003,1,922625000,0,-45.5,3.06182565261974,0,0,0.540036010742188,1.63,0,-5399.92822265625
100000000000000000000002,1,922625000,0,-42.5,0.23930100291016,0,0,0.540036010742188,1.63,0,-5399.92822265625
100000000000000000000004,1,922625000,0,-51,4.62035013311155,0,0,0.540036010742188,1.63,0,-5399.92822265625
100000000000000000000003,1,922625000,0,-45.5,3.04955380631665,0,0,0.540036010742188,1.63,0,-5399.92822265625
100000000000000000000000,1,922625000,0,-58.5,3.06796157577128,0,0,0.540036010742188,1.63,0,-5399.92822265625
100000000000000000000001,1,922625000,0,-44.5,3.60178688995549,0,0,0.540036010742188,1.63,0,-5399.92822265625
100000000000000000000002,1,922625000,0,-42.5,0.227029156607075,0,0,0.540036010742188,1.63,0,-5399.92822265625
100000000000000000000004,1,922625000,0,-51,4.63875790256618,0,0,0.540036010742188,1.63,0,-5399.92822265625
100000000000000000000001,1,922625000,0,-44.5,3.5895150436524,0,0,0.540036010742188,1.63,0,-5399.92822265625
100000000000000000000000,1,922625000,0,-59,3.01887419055894,0,0,0.540036010742188,1.63,0,-5399.92822265625
100000000000000000000004,1,922625000,0,-51,4.61421420996001,0,0,0.540036010742188,1.63,0,-5399.92822265625
100000000000000000000003,1,922625000,0,-45.5,3.04955380631665,0,0,0.540036010742188,1.63,0,-5399.92822265625
100000000000000000000002,1,922625000,0,-42.5,0.21475731030399,0,0,0.540036010742188,1.63,0,-5399.92822265625
100000000000000000000004,1,922625000,0,-51.5,4.62648605626309,0,0,0.540036010742188,1.63,0,-5399.92822265625
100000000000000000000000,1,922625000,0,-59,3.0127382674074,0,0,0.540036010742188,1.63,0,-5399.92822265625
100000000000000000000001,1,922625000,0,-44.5,3.60178688995549,0,0,0.540036010742188,1.63,0,-5399.92822265625
100000000000000000000002,1,922625000,0,-42.5,0.21475731030399,0,0,0.540036010742188,1.63,0,-5399.92822265625
100000000000000000000003,1,922625000,0,-45.5,3.0556897294682,0,0,0.540036010742188,1.63,0,-5399.92822265625
100000000000000000000004,1,922625000,0,-51.5,4.62648605626309,0,0,0.540036010742188,1.63,0,-5399.92822265625
100000000000000000000001,1,922625000,0,-44.5,3.58337912050086,0,0,0.540036010742188,1.63,0,-5399.92822265625
100000000000000000000003,1,922625000,0,-45.5,3.0556897294682,0,0,0.540036010742188,1.63,0,-5399.92822265625
100000000000000000000002,1,922625000,0,-42.5,0.21475731030399,0,0,0.540036010742188,1.63,0,-5399.92822265625
100000000000000000000000,1,922625000,0,-59,3.02501011371048,0,0,0.540036010742188,1.63,0,-5399.92822265625
100000000000000000000004,1,922625000,0,-51.5,4.64489382571772,0,0,0.540036010742188,1.63,0,-5399.92822265625
100000000000000000000003,1,922625000,0,-45.5,3.04955380631665,0,0,0.540036010742188,1.63,0,-5399.92822265625
100000000000000000000001,1,922625000,0,-44.5,3.56497135104623,0,0,0.540036010742188,1.63,0,-5399.92822265625
100000000000000000000002,1,922625000,0,-42.5,0.23930100291016,0,0,0.540036010742188,1.63,0,-5399.92822265625
100000000000000000000000,1,922625000,0,-59,3.0127382674074,0,0,0.540036010742188,1.63,0,-5399.92822265625
100000000000000000000004,1,922625000,0,-51.5,4.63875790256618,0,0,0.540036010742188,1.63,0,-5399.92822265625
100000000000000000000001,1,922625000,0,-44.5,3.5895150436524,0,0,0.540036010742188,1.63,0,-5399.92822265625
100000000000000000000000,1,922625000,0,-59,3.00046642110431,0,0,0.540036010742188,1.63,0,-5399.92822265625
100000000000000000000002,1,922625000,0,-42.5,0.220893233455532,0,0,0.540036010742188,1.63,0,-5399.92822265625
100000000000000000000003,1,922625000,0,-45.5,3.04341788316511,0,0,0.540036010742188,1.63,0,-5399.92822265625
100000000000000000000000,1,922625000,0,-59,2.96365088219506,0,0,0.540036010742188,1.63,0,-5399.92822265625
100000000000000000000001,1,922625000,0,-44.5,3.59565096680394,0,0,0.540036010742188,1.63,0,-5399.92822265625
100000000000000000000002,1,922625000,0,-42.5,0.227029156607075,0,0,0.540036010742188,1.63,0,-5399.92822265625
100000000000000000000003,1,922625000,0,-45.5,3.06182565261974,0,0,0.540036010742188,1.63,0,-5399.92822265625
100000000000000000000004,1,922625000,0,-51,4.65102974886926,0,0,0.540036010742188,1.63,0,-5399.92822265625
100000000000000000000003,1,922625000,0,-45.5,3.0556897294682,0,0,0.540036010742188,1.63,0,-5399.92822265625
100000000000000000000001,1,922625000,0,-44.5,3.57724319734932,0,0,0.540036010742188,1.63,0,-5399.92822265625
100000000000000000000004,1,922625000,0,-51.5,4.62035013311155,0,0,0.540036010742188,1.63,0,-5399.92822265625
100000000000000000000002,1,922625000,0,-42.5,0.220893233455532,0,0,0.540036010742188,1.63,0,-5399.92822265625
100000000000000000000000,1,922625000,0,-59,3.00660234425586,0,0,0.540036010742188,1.63,0,-5399.92822265625
100000000000000000000004,1,922625000,0,-51,4.65716567202081,0,0,0.540036010742188,1.63,0,-5399.92822265625
100000000000000000000002,1,922625000,0,-42.5,0.245436926061703,0,0,0.540036010742188,1.63,0,-5399.92822265625
100000000000000000000003,1,922625000,0,-45.5,3.06182565261974,0,0,0.540036010742188,1.63,0,-5399.92822265625
100000000000000000000001,1,922625000,0,-44.5,3.57724319734932,0,0,0.540036010742188,1.63,0,-5399.92822265625
100000000000000000000000,1,922625000,0,-59,2.98205865164969,0,0,0.540036010742188,1.63,0,-5399.92822265625
100000000000000000000004,1,922625000,0,-51,4.65102974886926,0,0,0.540036010742188,1.63,0,-5399.92822265625
100000000000000000000000,1,922625000,0,-59,3.00046642110431,0,0,0.540036010742188,1.63,0,-5399.92822265625
100000000000000000000002,1,922625000,0,-42.5,0.220893233455532,0,0,0.540036010742188,1.63,0,-5399.92822265625
100000000000000000000001,1,922625000,0,-44.5,3.57110727419777,0,0,0.540036010742188,1.63,0,-5399.92822265625
100000000000000000000003,1,922625000,0,-45.5,3.03728196001357,0,0,0.540036010742188,1.63,0,-5399.92822265625
100000000000000000000004,1,922625000,0,-51,4.63262197941464,0,0,0.540036010742188,1.63,0,-5399.92822265625
100000000000000000000001,1,922625000,0,-44.5,3.60178688995549,0,0,0.540036010742188,1.63,0,-5399.92822265625
100000000000000000000003,1,922625000,0,-45.5,3.04955380631665,0,0,0.540036010742188,1.63,0,-5399.92822265625
100000000000000000000002,1,922625000,0,-42.5,0.245436926061703,0,0,0.540036010742188,1.63,0,-5399.92822265625
100000000000000000000000,1,922625000,0,-59,3.01887419055894,0,0,0.540036010742188,1.63,0,-5399.92822265625
100000000000000000000001,1,922625000,0,-44.5,3.58337912050086,0,0,0.540036010742188,1.63,0,-5399.92822265625
100000000000000000000003,1,922625000,0,-45.5,3.06796157577128,0,0,0.540036010742188,1.63,0,-5399.92822265625
100000000000000000000002,1,922625000,0,-42.5,0.245436926061703,0,0,0.540036010742188,1.63,0,-5399.92822265625
100000000000000000000004,1,922625000,0,-51.5,4.64489382571772,0,0,0.540036010742188,1.63,0,-5399.92822265625
100000000000000000000000,1,922625000,0,-59,3.06182565261974,0,0,0.540036010742188,1.63,0,-5399.92822265625
100000000000000000000004,1,922625000,0,-51,4.64489382571772,0,0,0.540036010742188,1.63,0,-5399.92822265625
100000000000000000000003,1,922625000,0,-45.5,3.06182565261974,0,0,0.540036010742188,1.63,0,-5399.92822265625
100000000000000000000002,1,922625000,0,-42.5,0.21475731030399,0,0,0.540036010742188,1.63,0,-5399.92822265625
100000000000000000000001,1,922625000,0,-44.5,3.59565096680394,0,0,0.540036010742188,1.63,0,-5399.92822265625
100000000000000000000000,1,922625000,0,-58.5,2.95137903589197,0,0,0.540036010742188,1.63,0,-5399.92822265625
100000000000000000000004,1,922625000,0,-51.5,4.61421420996001,0,0,0.540036010742188,1.63,0,-5399.92822265625
100000000000000000000002,1,922625000,0,-42.5,0.251572849213245,0,0,0.540036010742188,1.63,0,-5399.92822265625
100000000000000000000001,1,922625000,0,-44.5,3.58337912050086,0,0,0.540036010742188,1.63,0,-5399.92822265625
100000000000000000000003,1,922625000,0,-45.5,3.06182565261974,0,0,0.540036010742188,1.63,0,-5399.92822265625
100000000000000000000000,1,922625000,0,-59,2.99433049795277,0,0,0.540036010742188,1.63,0,-5399.92822265625
100000000000000000000004,1,922625000,0,-51.5,4.62035013311155,0,0,0.540036010742188,1.63,0,-5399.92822265625
100000000000000000000001,1,922625000,0,-44.5,3.60178688995549,0,0,0.540036010742188,1.63,0,-5399.92822265625
100000000000000000000002,1,922625000,0,-42.5,0.196349540849362,0,0,0.540036010742188,1.63,0,-5399.92822265625
100000000000000000000000,1,922625000,0,-59,3.02501011371048,0,0,0.540036010742188,1.63,0,-5399.92822265625
100000000000000000000003,1,922625000,0,-45.5,3.0556897294682,0,0,0.540036010742188,1.63,0,-5399.92822265625
100000000000000000000002,1,922625000,0,-42.5,0.23930100291016,0,0,0.540036010742188,1.63,0,-5399.92822265625
100000000000000000000001,1,922625000,0,-44.5,3.58337912050086,0,0,0.540036010742188,1.63,0,-5399.92822265625
100000000000000000000000,1,922625000,0,-59,3.00660234425586,0,0,0.540036010742188,1.63,0,-5399.92822265625
100000000000000000000004,1,922625000,0,-51.5,4.63262197941464,0,0,0.540036010742188,1.63,0,-5399.92822265625
100000000000000000000003,1,922625000,0,-45.5,3.0556897294682,0,0,0.540036010742188,1.63,0,-5399.92822265625
100000000000000000000001,1,922625000,0,-44.5,3.57724319734932,0,0,0.540036010742188,1.63,0,-5399.92822265625
100000000000000000000000,1,922625000,0,-59,2.99433049795277,0,0,0.540036010742188,1.63,0,-5399.92822265625
100000000000000000000002,1,922625000,0,-42.5,0.23930100291016,0,0,0.540036010742188,1.63,0,-5399.92822265625
100000000000000000000003,1,922625000,0,-45.5,3.06182565261974,0,0,0.540036010742188,1.63,0,-5399.92822265625
100000000000000000000004,1,922625000,0,-51.5,4.62648605626309,0,0,0.540036010742188,1.63,0,-5399.92822265625
100000000000000000000003,1,922625000,0,-45.5,3.04341788316511,0,0,0.540036010742188,1.63,0,-5399.92822265625
100000000000000000000000,1,922625000,0,-59,3.00660234425586,0,0,0.540036010742188,1.63,0,-5399.92822265625
100000000000000000000004,1,922625000,0,-51.5,4.62035013311155,0,0,0.540036010742188,1.63,0,-5399.92822265625
100000000000000000000002,1,922625000,0,-42.5,0.23930100291016,0,0,0.540036010742188,1.63,0,-5399.92822265625
100000000000000000000001,1,922625000,0,-44.5,3.58337912050086,0,0,0.540036010742188,1.63,0,-5399.92822265625
100000000000000000000000,1,922625000,0,-58.5,2.95137903589197,0,0,0.540036010742188,1.63,0,-5399.92822265625
100000000000000000000004,1,922625000,0,-51,4.63875790256618,0,0,0.540036010742188,1.63,0,-5399.92822265625
100000000000000000000001,1,922625000,0,-44.5,3.58337912050086,0,0,0.540036010742188,1.63,0,-5399.92822265625
100000000000000000000003,1,922625000,0,-45.5,3.06182565261974,0,0,0.540036010742188,1.63,0,-5399.92822265625
100000000000000000000002,1,922625000,0,-42.5,0.251572849213245,0,0,0.540036010742188,1.63,0,-5399.92822265625
100000000000000000000000,1,922625000,0,-59,2.9697868053466,0,0,0.540036010742188,1.63,0,-5399.92822265625
100000000000000000000004,1,922625000,0,-51.5,4.63262197941464,0,0,0.540036010742188,1.63,0,-5399.92822265625
100000000000000000000003,1,922625000,0,-45.5,3.06182565261974,0,0,0.540036010742188,1.63,0,-5399.92822265625
100000000000000000000001,1,922625000,0,-44.5,3.57724319734932,0,0,0.540036010742188,1.63,0,-5399.92822265625
100000000000000000000002,1,922625000,0,-42.5,0.208621387152447,0,0,0.540036010742188,1.63,0,-5399.92822265625
100000000000000000000002,1,922625000,0,-42.5,0.21475731030399,0,0,0.540036010742188,1.63,0,-5399.92822265625
100000000000000000000004,1,922625000,0,-51.5,4.61421420996001,0,0,0.540036010742188,1.63,0,-5399.92822265625
100000000000000000000003,1,922625000,0,-45.5,3.06182565261974,0,0,0.540036010742188,1.63,0,-5399.92822265625
100000000000000000000001,1,922625000,0,-44.5,3.56497135104623,0,0,0.540036010742188,1.63,0,-5399.92822265625
100000000000000000000000,1,922625000,0,-58.5,3.00046642110431,0,0,0.540036010742188,1.63,0,-5399.92822265625
100000000000000000000004,1,922625000,0,-51.5,4.62035013311155,0,0,0.540036010742188,1.63,0,-5399.92822265625
100000000000000000000002,1,922625000,0,-42.5,0.227029156607075,0,0,0.540036010742188,1.63,0,-5399.92822265625
100000000000000000000003,1,922625000,0,-45.5,3.06796157577128,0,0,0.540036010742188,1.63,0,-5399.92822265625
100000000000000000000000,1,922625000,0,-59,3.00046642110431,0,0,0.540036010742188,1.63,0,-5399.92822265625
100000000000000000000001,1,922625000,0,-44.5,3.58337912050086,0,0,0.540036010742188,1.63,0,-5399.92822265625
100000000000000000000001,1,922625000,0,-44.5,3.60178688995549,0,0,0.540036010742188,1.63,0,-5399.92822265625
100000000000000000000002,1,922625000,0,-42.5,0.257708772364787,0,0,0.540036010742188,1.63,0,-5399.92822265625
100000000000000000000000,1,922625000,0,-59,3.0127382674074,0,0,0.540036010742188,1.63,0,-5399.92822265625
100000000000000000000004,1,922625000,0,-51.5,4.63262197941464,0,0,0.540036010742188,1.63,0,-5399.92822265625
100000000000000000000003,1,922625000,0,-45.5,3.04341788316511,0,0,0.540036010742188,1.63,0,-5399.92822265625
100000000000000000000003,1,922625000,0,-45.5,3.06182565261974,0,0,0.540036010742188,1.63,0,-5399.92822265625
100000000000000000000002,1,922625000,0,-42.5,0.23930100291016,0,0,0.540036010742188,1.63,0,-5399.92822265625
100000000000000000000004,1,922625000,0,-51,4.64489382571772,0,0,0.540036010742188,1.63,0,-5399.92822265625
100000000000000000000001,1,922625000,0,-44.5,3.56497135104623,0,0,0.540036010742188,1.63,0,-5399.92822265625
100000000000000000000000,1,922625000,0,-58.5,2.98205865164969,0,0,0.540036010742188,1.63,0,-5399.92822265625
100000000000000000000002,1,922625000,0,-42.5,0.233165079758617,0,0,0.540036010742188,1.63,0,-5399.92822265625
100000000000000000000003,1,922625000,0,-45.5,3.0556897294682,0,0,0.540036010742188,1.63,0,-5399.92822265625
100000000000000000000001,1,922625000,0,-44.5,3.58337912050086,0,0,0.540036010742188,1.63,0,-5399.92822265625
100000000000000000000004,1,922625000,0,-51.5,4.65102974886926,0,0,0.540036010742188,1.63,0,-5399.92822265625
100000000000000000000000,1,922625000,0,-59,3.00046642110431,0,0,0.540036010742188,1.63,0,-5399.92822265625
100000000000000000000004,1,922625000,0,-51.5,4.65102974886926,0,0,0.540036010742188,1.63,0,-5399.92822265625
100000000000000000000002,1,922625000,0,-42.5,0.23930100291016,0,0,0.540036010742188,1.63,0,-5399.92822265625
100000000000000000000000,1,922625000,0,-59,3.00660234425586,0,0,0.540036010742188,1.63,0,-5399.92822265625
100000000000000000000003,1,922625000,0,-45.5,3.06796157577128,0,0,0.540036010742188,1.63,0,-5399.92822265625
100000000000000000000001,1,922625000,0,-44.5,3.59565096680394,0,0,0.540036010742188,1.63,0,-5399.92822265625
100000000000000000000000,1,922625000,0,-59,3.0127382674074,0,0,0.540036010742188,1.63,0,-5399.92822265625
100000000000000000000001,1,922625000,0,-44.5,3.58337912050086,0,0,0.540036010742188,1.63,0,-5399.92822265625
100000000000000000000004,1,922625000,0,-51.5,4.63875790256618,0,0,0.540036010742188,1.63,0,-5399.92822265625
100000000000000000000002,1,922625000,0,-42.5,0.23930100291016,0,0,0.540036010742188,1.63,0,-5399.92822265625
100000000000000000000003,1,922625000,0,-45.5,3.04955380631665,0,0,0.540036010742188,1.63,0,-5399.92822265625
100000000000000000000000,1,922625000,0,-59,2.99433049795277,0,0,0.540036010742188,1.63,0,-5399.92822265625
100000000000000000000004,1,922625000,0,-51.5,4.59580644050538,0,0,0.540036010742188,1.63,0,-5399.92822265625
100000000000000000000003,1,922625000,0,-45.5,3.04341788316511,0,0,0.540036010742188,1.63,0,-5399.92822265625
100000000000000000000002,1,922625000,0,-42.5,0.245436926061703,0,0,0.540036010742188,1.63,0,-5399.92822265625
100000000000000000000001,1,922625000,0,-44.5,3.59565096680394,0,0,0.540036010742188,1.63,0,-5399.92822265625
100000000000000000000000,1,922625000,0,-58.5,2.97592272849814,0,0,0.540036010742188,1.63,0,-5399.92822265625
100000000000000000000002,1,922625000,0,-42.5,0.23930100291016,0,0,0.540036010742188,1.63,0,-5399.92822265625
100000000000000000000001,1,922625000,0,-44.5,3.5895150436524,0,0,0.540036010742188,1.63,0,-5399.92822265625
100000000000000000000003,1,922625000,0,-45.5,3.04955380631665,0,0,0.540036010742188,1.63,0,-5399.92822265625
100000000000000000000004,1,922625000,0,-51,4.63262197941464,0,0,0.540036010742188,1.63,0,-5399.92822265625
100000000000000000000001,1,922625000,0,-44.5,3.57724319734932,0,0,0.540036010742188,1.63,0,-5399.92822265625
100000000000000000000003,1,922625000,0,-45.5,3.04341788316511,0,0,0.540036010742188,1.63,0,-5399.92822265625
100000000000000000000002,1,922625000,0,-42.5,0.227029156607075,0,0,0.540036010742188,1.63,0,-5399.92822265625
100000000000000000000000,1,922625000,0,-59,2.93910718958889,0,0,0.540036010742188,1.63,0,-5399.92822265625
100000000000000000000004,1,922625000,0,-51.5,4.63875790256618,0,0,0.540036010742188,1.63,0,-5399.92822265625
100000000000000000000001,1,922625000,0,-44.5,3.57724319734932,0,0,0.540036010742188,1.63,0,-5399.92822265625
100000000000000000000004,1,922625000,0,-51,4.64489382571772,0,0,0.540036010742188,1.63,0,-5399.92822265625
100000000000000000000003,1,922625000,0,-45.5,3.04341788316511,0,0,0.540036010742188,1.63,0,-5399.92822265625
100000000000000000000000,1,922625000,0,-59,2.97592272849814,0,0,0.540036010742188,1.63,0,-5399.92822265625
100000000000000000000002,1,922625000,0,-42.5,0.245436926061703,0,0,0.540036010742188,1.63,0,-5399.92822265625
100000000000000000000002,1,922625000,0,-42.5,0.21475731030399,0,0,0.540036010742188,1.63,0,-5399.92822265625
100000000000000000000000,1,922625000,0,-58.5,2.98819457480123,0,0,0.540036010742188,1.63,0,-5399.92822265625
100000000000000000000001,1,922625000,0,-44.5,3.57724319734932,0,0,0.540036010742188,1.63,0,-5399.92822265625
100000000000000000000003,1,922625000,0,-45.5,3.0556897294682,0,0,0.540036010742188,1.63,0,-5399.92822265625
100000000000000000000004,1,922625000,0,-51.5,4.60807828680847,0,0,0.540036010742188,1.63,0,-5399.92822265625
100000000000000000000004,1,922625000,0,-51,4.65102974886926,0,0,0.540036010742188,1.63,0,-5399.92822265625
100000000000000000000001,1,922625000,0,-44.5,3.58337912050086,0,0,0.540036010742188,1.63,0,-5399.92822265625
100000000000000000000002,1,922625000,0,-42.5,0.23930100291016,0,0,0.540036010742188,1.63,0,-5399.92822265625
100000000000000000000000,1,922625000,0,-59,3.0127382674074,0,0,0.540036010742188,1.63,0,-5399.92822265625
100000000000000000000003,1,922625000,0,-45.5,3.03114603686203,0,0,0.540036010742188,1.63,0,-5399.92822265625
100000000000000000000003,1,922625000,0,-45.5,3.04341788316511,0,0,0.540036010742188,1.63,0,-5399.92822265625
100000000000000000000002,1,922625000,0,-42.5,0.220893233455532,0,0,0.540036010742188,1.63,0,-5399.92822265625
100000000000000000000004,1,922625000,0,-51,4.61421420996001,0,0,0.540036010742188,1.63,0,-5399.92822265625
100000000000000000000000,1,922625000,0,-59,3.03728196001357,0,0,0.540036010742188,1.63,0,-5399.92822265625
100000000000000000000001,1,922625000,0,-44.5,3.57724319734932,0,0,0.540036010742188,1.63,0,-5399.92822265625
100000000000000000000001,1,922625000,0,-44.5,3.57110727419777,0,0,0.540036010742188,1.63,0,-5399.92822265625
100000000000000000000000,1,922625000,0,-58.5,2.95137903589197,0,0,0.540036010742188,1.63,0,-5399.92822265625
100000000000000000000003,1,922625000,0,-45.5,3.04955380631665,0,0,0.540036010742188,1.63,0,-5399.92822265625
100000000000000000000002,1,922625000,0,-42.5,0.220893233455532,0,0,0.540036010742188,1.63,0,-5399.92822265625
100000000000000000000004,1,922625000,0,-51,4.62035013311155,0,0,0.540036010742188,1.63,0,-5399.92822265625
100000000000000000000003,1,922625000,0,-45.5,3.04341788316511,0,0,0.540036010742188,1.63,0,-5399.92822265625
100000000000000000000001,1,922625000,0,-44.5,3.60178688995549,0,0,0.540036010742188,1.63,0,-5399.92822265625
100000000000000000000004,1,922625000,0,-51,4.63262197941464,0,0,0.540036010742188,1.63,0,-5399.92822265625
100000000000000000000002,1,922625000,0,-42.5,0.23930100291016,0,0,0.540036010742188,1.63,0,-5399.92822265625
100000000000000000000000,1,922625000,0,-58.5,3.00660234425586,0,0,0.540036010742188,1.63,0,-5399.92822265625
100000000000000000000002,1,922625000,0,-42.5,0.233165079758617,0,0,0.540036010742188,1.63,0,-5399.92822265625
100000000000000000000003,1,922625000,0,-45.5,3.03728196001357,0,0,0.540036010742188,1.63,0,-5399.92822265625
100000000000000000000000,1,922625000,0,-59,2.98205865164969,0,0,0.540036010742188,1.63,0,-5399.92822265625
100000000000000000000001,1,922625000,0,-44.5,3.58337912050086,0,0,0.540036010742188,1.63,0,-5399.92822265625
100000000000000000000004,1,922625000,0,-51,4.62648605626309,0,0,0.540036010742188,1.63,0,-5399.92822265625
100000000000000000000003,1,922625000,0,-45.5,3.0556897294682,0,0,0.540036010742188,1.63,0,-5399.92822265625
100000000000000000000004,1,922625000,0,-51.5,4.62648605626309,0,0,0.540036010742188,1.63,0,-5399.92822265625
100000000000000000000001,1,922625000,0,-44.5,3.58337912050086,0,0,0.540036010742188,1.63,0,-5399.92822265625
100000000000000000000002,1,922625000,0,-42.5,0.220893233455532,0,0,0.540036010742188,1.63,0,-5399.92822265625
100000000000000000000000,1,922625000,0,-58.5,2.9697868053466,0,0,0.540036010742188,1.63,0,-5399.92822265625
100000000000000000000004,1,922625000,0,-51,4.61421420996001,0,0,0.540036010742188,1.63,0,-5399.92822265625
100000000000000000000002,1,922625000,0,-42.5,0.23930100291016,0,0,0.540036010742188,1.63,0,-5399.92822265625
100000000000000000000000,1,922625000,0,-59,3.0127382674074,0,0,0.540036010742188,1.63,0,-5399.92822265625
100000000000000000000003,1,922625000,0,-45.5,3.0556897294682,0,0,0.540036010742188,1.63,0,-5399.92822265625
100000000000000000000001,1,922625000,0,-44.5,3.5895150436524,0,0,0.540036010742188,1.63,0,-5399.92822265625
100000000000000000000003,1,922625000,0,-45.5,3.04955380631665,0,0,0.540036010742188,1.63,0,-5399.92822265625
100000000000000000000002,1,922625000,0,-42.5,0.233165079758617,0,0,0.540036010742188,1.63,0,-5399.92822265625
100000000000000000000000,1,922625000,0,-59,3.03728196001357,0,0,0.540036010742188,1.63,0,-5399.92822265625
100000000000000000000001,1,922625000,0,-44.5,3.56497135104623,0,0,0.540036010742188,1.63,0,-5399.92822265625
100000000000000000000004,1,922625000,0,-51,4.61421420996001,0,0,0.540036010742188,1.63,0,-5399.92822265625
100000000000000000000001,1,922625000,0,-44.5,3.58337912050086,0,0,0.540036010742188,1.63,0,-5399.92822265625
100000000000000000000002,1,922625000,0,-42.5,0.21475731030399,0,0,0.540036010742188,1.63,0,-5399.92822265625
100000000000000000000003,1,922625000,0,-45.5,3.0556897294682,0,0,0.540036010742188,1.63,0,-5399.92822265625
100000000000000000000004,1,922625000,0,-51.5,4.61421420996001,0,0,0.540036010742188,1.63,0,-5399.92822265625
100000000000000000000000,1,922625000,0,-59,3.00660234425586,0,0,0.540036010742188,1.63,0,-5399.92822265625
100000000000000000000002,1,922625000,0,-42.5,0.220893233455532,0,0,0.540036010742188,1.63,0,-5399.92822265625
100000000000000000000001,1,922625000,0,-44.5,3.58337912050086,0,0,0.540036010742188,1.63,0,-5399.92822265625
100000000000000000000000,1,922625000,0,-59,2.98205865164969,0,0,0.540036010742188,1.63,0,-5399.92822265625
100000000000000000000004,1,922625000,0,-51.5,4.65102974886926,0,0,0.540036010742188,1.63,0,-5399.92822265625
100000000000000000000003,1,922625000,0,-45.5,3.04955380631665,0,0,0.540036010742188,1.63,0,-5399.92822265625
100000000000000000000002,1,922625000,0,-42.5,0.220893233455532,0,0,0.540036010742188,1.63,0,-5399.92822265625
100000000000000000000000,1,922625000,0,-59,2.98819457480123,0,0,0.540036010742188,1.63,0,-5399.92822265625
100000000000000000000003,1,922625000,0,-45.5,3.06796157577128,0,0,0.540036010742188,1.63,0,-5399.92822265625
100000000000000000000001,1,922625000,0,-44.5,3.5895150436524,0,0,0.540036010742188,1.63,0,-5399.92822265625
100000000000000000000004,1,922625000,0,-51.5,4.63262197941464,0,0,0.540036010742188,1.63,0,-5399.92822265625
100000000000000000000001,1,922625000,0,-44.5,3.56497135104623,0,0,0.540036010742188,1.63,0,-5399.92822265625
100000000000000000000000,1,922625000,0,-59,2.98819457480123,0,0,0.540036010742188,1.63,0,-5399.92822265625
100000000000000000000003,1,922625000,0,-45.5,3.06182565261974,0,0,0.540036010742188,1.63,0,-5399.92822265625
100000000000000000000002,1,922625000,0,-42.5,0.21475731030399,0,0,0.540036010742188,1.63,0,-5399.92822265625
100000000000000000000004,1,922625000,0,-51,4.64489382571772,0,0,0.540036010742188,1.63,0,-5399.92822265625
100000000000000000000004,1,922625000,0,-51.5,4.63262197941464,0,0,0.540036010742188,1.63,0,-5399.92822265625
100000000000000000000000,1,922625000,0,-59,2.98205865164969,0,0,0.540036010742188,1.63,0,-5399.92822265625
100000000000000000000003,1,922625000,0,-45.5,3.06796157577128,0,0,0.540036010742188,1.63,0,-5399.92822265625
100000000000000000000001,1,922625000,0,-44.5,3.59565096680394,0,0,0.540036010742188,1.63,0,-5399.92822265625
100000000000000000000002,1,922625000,0,-42.5,0.245436926061703,0,0,0.540036010742188,1.63,0,-5399.92822265625
100000000000000000000000,1,922625000,0,-59,3.00660234425586,0,0,0.540036010742188,1.63,0,-5399.92822265625
100000000000000000000003,1,922625000,0,-45.5,3.04955380631665,0,0,0.540036010742188,1.63,0,-5399.92822265625
100000000000000000000002,1,922625000,0,-42.5,0.196349540849362,0,0,0.540036010742188,1.63,0,-5399.92822265625
100000000000000000000001,1,922625000,0,-44.5,3.57724319734932,0,0,0.540036010742188,1.63,0,-5399.92822265625
100000000000000000000004,1,922625000,0,-51.5,4.62648605626309,0,0,0.540036010742188,1.63,0,-5399.92822265625
100000000000000000000002,1,922625000,0,-42.5,0.233165079758617,0,0,0.540036010742188,1.63,0,-5399.92822265625
100000000000000000000001,1,922625000,0,-44.5,3.56497135104623,0,0,0.540036010742188,1.63,0,-5399.92822265625
100000000000000000000000,1,922625000,0,-59,3.01887419055894,0,0,0.540036010742188,1.63,0,-5399.92822265625
100000000000000000000003,1,922625000,0,-45.5,3.04341788316511,0,0,0.540036010742188,1.63,0,-5399.92822265625
100000000000000000000004,1,922625000,0,-51,4.63262197941464,0,0,0.540036010742188,1.63,0,-5399.92822265625
100000000000000000000002,1,922625000,0,-42.5,0.233165079758617,0,0,0.540036010742188,1.63,0,-5399.92822265625
100000000000000000000000,1,922625000,0,-58.5,3.00660234425586,0,0,0.540036010742188,1.63,0,-5399.92822265625
100000000000000000000003,1,922625000,0,-45.5,3.0556897294682,0,0,0.540036010742188,1.63,0,-5399.92822265625
100000000000000000000001,1,922625000,0,-44.5,3.59565096680394,0,0,0.540036010742188,1.63,0,-5399.92822265625
100000000000000000000004,1,922625000,0,-51,4.63262197941464,0,0,0.540036010742188,1.63,0,-5399.92822265625
100000000000000000000002,1,922625000,0,-42.5,0.233165079758617,0,0,0.540036010742188,1.63,0,-5399.92822265625
100000000000000000000001,1,922625000,0,-44.5,3.5895150436524,0,0,0.540036010742188,1.63,0,-5399.92822265625
100000000000000000000003,1,922625000,0,-45.5,3.02501011371048,0,0,0.540036010742188,1.63,0,-5399.92822265625
100000000000000000000004,1,922625000,0,-51.5,4.62035013311155,0,0,0.540036010742188,1.63,0,-5399.92822265625
100000000000000000000000,1,922625000,0,-59,3.0127382674074,0,0,0.540036010742188,1.63,0,-5399.92822265625
100000000000000000000003,1,922625000,0,-45.5,3.04341788316511,0,0,0.540036010742188,1.63,0,-5399.92822265625
100000000000000000000001,1,922625000,0,-44.5,3.5895150436524,0,0,0.540036010742188,1.63,0,-5399.92822265625
100000000000000000000000,1,922625000,0,-59,2.98819457480123,0,0,0.540036010742188,1.63,0,-5399.92822265625
100000000000000000000004,1,922625000,0,-51,4.62648605626309,0,0,0.540036010742188,1.63,0,-5399.92822265625
100000000000000000000002,1,922625000,0,-42.5,0.23930100291016,0,0,0.540036010742188,1.63,0,-5399.92822265625
100000000000000000000000,1,922625000,0,-58.5,3.01887419055894,0,0,0.540036010742188,1.63,0,-5399.92822265625
100000000000000000000002,1,922625000,0,-42.5,0.23930100291016,0,0,0.540036010742188,1.63,0,-5399.92822265625
100000000000000000000004,1,922625000,0,-51,4.61421420996001,0,0,0.540036010742188,1.63,0,-5399.92822265625
100000000000000000000003,1,922625000,0,-45.5,3.06182565261974,0,0,0.540036010742188,1.63,0,-5399.92822265625
100000000000000000000001,1,922625000,0,-44.5,3.59565096680394,0,0,0.540036010742188,1.63,0,-5399.92822265625
100000000000000000000004,1,922625000,0,-51.5,4.63262197941464,0,0,0.540036010742188,1.63,0,-5399.92822265625
100000000000000000000002,1,922625000,0,-42.5,0.220893233455532,0,0,0.540036010742188,1.63,0,-5399.92822265625
100000000000000000000000,1,922625000,0,-59,2.98819457480123,0,0,0.540036010742188,1.63,0,-5399.92822265625
100000000000000000000001,1,922625000,0,-44.5,3.56497135104623,0,0,0.540036010742188,1.63,0,-5399.92822265625
100000000000000000000003,1,922625000,0,-45.5,3.06182565261974,0,0,0.540036010742188,1.63,0,-5399.92822265625
100000000000000000000002,1,922625000,0,-42.5,0.233165079758617,0,0,0.540036010742188,1.63,0,-5399.92822265625
100000000000000000000004,1,922625000,0,-51,4.62035013311155,0,0,0.540036010742188,1.63,0,-5399.92822265625
100000000000000000000003,1,922625000,0,-45.5,3.04341788316511,0,0,0.540036010742188,1.63,0,-5399.92822265625
100000000000000000000001,1,922625000,0,-44.5,3.57724319734932,0,0,0.540036010742188,1.63,0,-5399.92822265625
100000000000000000000000,1,922625000,0,-59,2.91456349698272,0,0,0.540036010742188,1.63,0,-5399.92822265625
100000000000000000000001,1,922625000,0,-44.5,3.59565096680394,0,0,0.540036010742188,1.63,0,-5399.92822265625
100000000000000000000002,1,922625000,0,-42.5,0.233165079758617,0,0,0.540036010742188,1.63,0,-5399.92822265625
100000000000000000000004,1,922625000,0,-51.5,4.62035013311155,0,0,0.540036010742188,1.63,0,-5399.92822265625
100000000000000000000000,1,922625000,0,-59,2.93910718958889,0,0,0.540036010742188,1.63,0,-5399.92822265625
100000000000000000000003,1,922625000,0,-45.5,3.0556897294682,0,0,0.540036010742188,1.63,0,-5399.92822265625
100000000000000000000002,1,922625000,0,-42.5,0.23930100291016,0,0,0.540036010742188,1.63,0,-5399.92822265625
100000000000000000000004,1,922625000,0,-51.5,4.62035013311155,0,0,0.540036010742188,1.63,0,-5399.92822265625
100000000000000000000003,1,922625000,0,-45.5,3.04955380631665,0,0,0.540036010742188,1.63,0,-5399.92822265625
100000000000000000000001,1,922625000,0,-44.5,3.61405873625857,0,0,0.540036010742188,1.63,0,-5399.92822265625
100000000000000000000000,1,922625000,0,-59,2.99433049795277,0,0,0.540036010742188,1.63,0,-5399.92822265625
100000000000000000000002,1,922625000,0,-42.5,0.21475731030399,0,0,0.540036010742188,1.63,0,-5399.92822265625
100000000000000000000004,1,922625000,0,-51,4.60807828680847,0,0,0.540036010742188,1.63,0,-5399.92822265625
100000000000000000000003,1,922625000,0,-45.5,3.03114603686203,0,0,0.540036010742188,1.63,0,-5399.92822265625
100000000000000000000000,1,922625000,0,-59,3.03114603686203,0,0,0.540036010742188,1.63,0,-5399.92822265625
100000000000000000000001,1,922625000,0,-44.5,3.5895150436524,0,0,0.540036010742188,1.63,0,-5399.92822265625
100000000000000000000004,1,922625000,0,-51,4.61421420996001,0,0,0.540036010742188,1.63,0,-5399.92822265625
100000000000000000000001,1,922625000,0,-44.5,3.58337912050086,0,0,0.540036010742188,1.63,0,-5399.92822265625
100000000000000000000003,1,922625000,0,-45.5,3.0556897294682,0,0,0.540036010742188,1.63,0,-5399.92822265625
100000000000000000000000,1,922625000,0,-59,3.00046642110431,0,0,0.540036010742188,1.63,0,-5399.92822265625
100000000000000000000002,1,922625000,0,-42.5,0.21475731030399,0,0,0.540036010742188,1.63,0,-5399.92822265625
100000000000000000000002,1,922625000,0,-42.5,0.208621387152447,0,0,0.540036010742188,1.63,0,-5399.92822265625
100000000000000000000003,1,922625000,0,-45.5,3.04955380631665,0,0,0.540036010742188,1.63,0,-5399.92822265625
100000000000000000000001,1,922625000,0,-44.5,3.57724319734932,0,0,0.540036010742188,1.63,0,-5399.92822265625
100000000000000000000004,1,922625000,0,-51.5,4.63262197941464,0,0,0.540036010742188,1.63,0,-5399.92822265625
100000000000000000000000,1,922625000,0,-59,2.99433049795277,0,0,0.540036010742188,1.63,0,-5399.92822265625
100000000000000000000002,1,922625000,0,-42.5,0.227029156607075,0,0,0.540036010742188,1.63,0,-5399.92822265625
100000000000000000000003,1,922625000,0,-45.5,3.06182565261974,0,0,0.540036010742188,1.63,0,-5399.92822265625
100000000000000000000004,1,922625000,0,-51,4.65716567202081,0,0,0.540036010742188,1.63,0,-5399.92822265625
100000000000000000000001,1,922625000,0,-44.5,3.57110727419777,0,0,0.540036010742188,1.63,0,-5399.92822265625
100000000000000000000000,1,922625000,0,-59,3.00046642110431,0,0,0.540036010742188,1.63,0,-5399.92822265625
100000000000000000000003,1,922625000,0,-45.5,3.04955380631665,0,0,0.540036010742188,1.63,0,-5399.92822265625
100000000000000000000000,1,922625000,0,-59,3.00046642110431,0,0,0.540036010742188,1.63,0,-5399.92822265625
100000000000000000000001,1,922625000,0,-44.5,3.59565096680394,0,0,0.540036010742188,1.63,0,-5399.92822265625
100000000000000000000004,1,922625000,0,-51.5,4.62648605626309,0,0,0.540036010742188,1.63,0,-5399.92822265625
100000000000000000000002,1,922625000,0,-42.5,0.220893233455532,0,0,0.540036010742188,1.63,0,-5399.92822265625
100000000000000000000000,1,922625000,0,-59,2.93297126643735,0,0,0.540036010742188,1.63,0,-5399.92822265625
100000000000000000000003,1,922625000,0,-45.5,3.06182565261974,0,0,0.540036010742188,1.63,0,-5399.92822265625
100000000000000000000002,1,922625000,0,-42.5,0.233165079758617,0,0,0.540036010742188,1.63,0,-5399.92822265625
100000000000000000000001,1,922625000,0,-44.5,3.60178688995549,0,0,0.540036010742188,1.63,0,-5399.92822265625
100000000000000000000004,1,922625000,0,-51,4.63875790256618,0,0,0.540036010742188,1.63,0,-5399.92822265625
100000000000000000000003,1,922625000,0,-45.5,3.03728196001357,0,0,0.540036010742188,1.63,0,-5399.92822265625
100000000000000000000001,1,922625000,0,-44.5,3.58337912050086,0,0,0.540036010742188,1.63,0,-5399.92822265625
100000000000000000000000,1,922625000,0,-58.5,2.9697868053466,0,0,0.540036010742188,1.63,0,-5399.92822265625
100000000000000000000004,1,922625000,0,-51,4.62648605626309,0,0,0.540036010742188,1.63,0,-5399.92822265625
100000000000000000000002,1,922625000,0,-42.5,0.233165079758617,0,0,0.540036010742188,1.63,0,-5399.92822265625
100000000000000000000004,1,922625000,0,-51,4.59580644050538,0,0,0.540036010742188,1.63,0,-5399.92822265625
100000000000000000000000,1,922625000,0,-58.5,3.08023342207437,0,0,0.540036010742188,1.63,0,-5399.92822265625
100000000000000000000003,1,922625000,0,-45.5,3.0556897294682,0,0,0.540036010742188,1.63,0,-5399.92822265625
100000000000000000000001,1,922625000,0,-44.5,3.58337912050086,0,0,0.540036010742188,1.63,0,-5399.92822265625
100000000000000000000002,1,922625000,0,-42.5,0.227029156607075,0,0,0.540036010742188,1.63,0,-5399.92822265625
100000000000000000000002,1,922625000,0,-42.5,0.227029156607075,0,0,0.540036010742188,1.63,0,-5399.92822265625
100000000000000000000004,1,922625000,0,-51,4.60194236365692,0,0,0.540036010742188,1.63,0,-5399.92822265625
100000000000000000000003,1,922625000,0,-45.5,3.06182565261974,0,0,0.540036010742188,1.63,0,-5399.92822265625
100000000000000000000001,1,922625000,0,-44.5,3.56497135104623,0,0,0.540036010742188,1.63,0,-5399.92822265625
100000000000000000000000,1,922625000,0,-58.5,3.00660234425586,0,0,0.540036010742188,1.63,0,-5399.92822265625
100000000000000000000001,1,922625000,0,-44.5,3.59565096680394,0,0,0.540036010742188,1.63,0,-5399.92822265625
100000000000000000000000,1,922625000,0,-59,3.00660234425586,0,0,0.540036010742188,1.63,0,-5399.92822265625
100000000000000000000003,1,922625000,0,-45.5,3.03114603686203,0,0,0.540036010742188,1.63,0,-5399.92822265625
100000000000000000000002,1,922625000,0,-42.5,0.257708772364787,0,0,0.540036010742188,1.63,0,-5399.92822265625
100000000000000000000004,1,922625000,0,-51,4.64489382571772,0,0,0.540036010742188,1.63,0,-5399.92822265625
100000000000000000000001,1,922625000,0,-44.5,3.57724319734932,0,0,0.540036010742188,1.63,0,-5399.92822265625
100000000000000000000003,1,922625000,0,-45.5,3.0556897294682,0,0,0.540036010742188,1.63,0,-5399.92822265625
100000000000000000000002,1,922625000,0,-42.5,0.233165079758617,0,0,0.540036010742188,1.63,0,-5399.92822265625
100000000000000000000004,1,922625000,0,-51.5,4.62648605626309,0,0,0.540036010742188,1.63,0,-5399.92822265625
100000000000000000000000,1,922625000,0,-59,3.04341788316511,0,0,0.540036010742188,1.63,0,-5399.92822265625
100000000000000000000002,1,922625000,0,-42.5,0.227029156607075,0,0,0.540036010742188,1.63,0,-5399.92822265625
100000000000000000000001,1,922625000,0,-44.5,3.57110727419777,0,0,0.540036010742188,1.63,0,-5399.92822265625
100000000000000000000004,1,922625000,0,-51.5,4.63262197941464,0,0,0.540036010742188,1.63,0,-5399.92822265625
100000000000000000000000,1,922625000,0,-59,2.99433049795277,0,0,0.540036010742188,1.63,0,-5399.92822265625
100000000000000000000003,1,922625000,0,-45.5,3.03728196001357,0,0,0.540036010742188,1.63,0,-5399.92822265625
100000000000000000000004,1,922625000,0,-51,4.63262197941464,0,0,0.540036010742188,1.63,0,-5399.92822265625
100000000000000000000002,1,922625000,0,-42.5,0.227029156607075,0,0,0.540036010742188,1.63,0,-5399.92822265625
100000000000000000000003,1,922625000,0,-45.5,3.06182565261974,0,0,0.540036010742188,1.63,0,-5399.92822265625
100000000000000000000001,1,922625000,0,-44.5,3.58337912050086,0,0,0.540036010742188,1.63,0,-5399.92822265625
100000000000000000000000,1,922625000,0,-58.5,3.0127382674074,0,0,0.540036010742188,1.63,0,-5399.92822265625
100000000000000000000002,1,923125000,0,-42,0.472466082668777,0,0,0.540036010742188,1.63,0,-5399.92822265625
100000000000000000000003,1,923125000,0,-45,3.28271888607527,0,0,0.540036010742188,1.63,0,-5399.92822265625
100000000000000000000004,1,923125000,0,-51,4.86578705917325,0,0,0.540036010742188,1.63,0,-5399.92822265625
100000000000000000000000,1,923125000,0,-59.5,3.28271888607527,0,0,0.540036010742188,1.63,0,-5399.92822265625
100000000000000000000001,1,923125000,0,-44.5,3.79200050765331,0,0,0.540036010742188,1.63,0,-5399.92822265625
100000000000000000000003,1,923125000,0,-45,3.26431111662064,0,0,0.540036010742188,1.63,0,-5399.92822265625
100000000000000000000001,1,923125000,0,-44.5,3.78586458450176,0,0,0.540036010742188,1.63,0,-5399.92822265625
100000000000000000000000,1,923125000,0,-59.5,3.22749557771139,0,0,0.540036010742188,1.63,0,-5399.92822265625
100000000000000000000002,1,923125000,0,-42,0.466330159517235,0,0,0.540036010742188,1.63,0,-5399.92822265625
100000000000000000000004,1,923125000,0,-51,4.85965113602171,0,0,0.540036010742188,1.63,0,-5399.92822265625
100000000000000000000002,1,923125000,0,-42,0.490873852123405,0,0,0.540036010742188,1.63,0,-5399.92822265625
100000000000000000000003,1,923125000,0,-45.5,3.28885480922681,0,0,0.540036010742188,1.63,0,-5399.92822265625
100000000000000000000000,1,923125000,0,-59.5,3.3011266555299,0,0,0.540036010742188,1.63,0,-5399.92822265625
100000000000000000000001,1,923125000,0,-44.5,3.79813643080485,0,0,0.540036010742188,1.63,0,-5399.92822265625
100000000000000000000004,1,923125000,0,-51,4.89646667493097,0,0,0.540036010742188,1.63,0,-5399.92822265625
100000000000000000000002,1,923125000,0,-42,0.466330159517235,0,0,0.540036010742188,1.63,0,-5399.92822265625
100000000000000000000000,1,923125000,0,-60,3.27658296292373,0,0,0.540036010742188,1.63,0,-5399.92822265625
100000000000000000000001,1,923125000,0,-44.5,3.80427235395639,0,0,0.540036010742188,1.63,0,-5399.92822265625
100000000000000000000003,1,923125000,0,-45.5,3.24590334716602,0,0,0.540036010742188,1.63,0,-5399.92822265625
100000000000000000000004,1,923125000,0,-51,4.87805890547634,0,0,0.540036010742188,1.63,0,-5399.92822265625
100000000000000000000004,1,923125000,0,-51,4.87805890547634,0,0,0.540036010742188,1.63,0,-5399.92822265625
100000000000000000000000,1,923125000,0,-60,3.2152237314083,0,0,0.540036010742188,1.63,0,-5399.92822265625
100000000000000000000003,1,923125000,0,-45.5,3.27044703977219,0,0,0.540036010742188,1.63,0,-5399.92822265625
100000000000000000000002,1,923125000,0,-42,0.466330159517235,0,0,0.540036010742188,1.63,0,-5399.92822265625
100000000000000000000001,1,923125000,0,-44.5,3.80427235395639,0,0,0.540036010742188,1.63,0,-5399.92822265625
100000000000000000000002,1,923125000,0,-42,0.47860200582032,0,0,0.540036010742188,1.63,0,-5399.92822265625
100000000000000000000003,1,923125000,0,-45.5,3.25203927031756,0,0,0.540036010742188,1.63,0,-5399.92822265625
100000000000000000000000,1,923125000,0,-59.5,3.22749557771139,0,0,0.540036010742188,1.63,0,-5399.92822265625
100000000000000000000001,1,923125000,0,-44.5,3.78586458450176,0,0,0.540036010742188,1.63,0,-5399.92822265625
100000000000000000000004,1,923125000,0,-51,4.86578705917325,0,0,0.540036010742188,1.63,0,-5399.92822265625
100000000000000000000000,1,923125000,0,-60,3.2152237314083,0,0,0.540036010742188,1.63,0,-5399.92822265625
100000000000000000000002,1,923125000,0,-42,0.484737928971863,0,0,0.540036010742188,1.63,0,-5399.92822265625
100000000000000000000003,1,923125000,0,-45,3.25203927031756,0,0,0.540036010742188,1.63,0,-5399.92822265625
100000000000000000000001,1,923125000,0,-44.5,3.79200050765331,0,0,0.540036010742188,1.63,0,-5399.92822265625
100000000000000000000004,1,923125000,0,-51,4.88419482862788,0,0,0.540036010742188,1.63,0,-5399.92822265625
100000000000000000000002,1,923125000,0,-42,0.490873852123405,0,0,0.540036010742188,1.63,0,-5399.92822265625
100000000000000000000004,1,923125000,0,-51,4.85965113602171,0,0,0.540036010742188,1.63,0,-5399.92822265625
100000000000000000000003,1,923125000,0,-45.5,3.25203927031756,0,0,0.540036010742188,1.63,0,-5399.92822265625
100000000000000000000001,1,923125000,0,-44.5,3.78586458450176,0,0,0.540036010742188,1.63,0,-5399.92822265625
100000000000000000000000,1,923125000,0,-59.5,3.25203927031756,0,0,0.540036010742188,1.63,0,-5399.92822265625
100000000000000000000004,1,923125000,0,-51,4.87805890547634,0,0,0.540036010742188,1.63,0,-5399.92822265625
100000000000000000000000,1,923125000,0,-60,3.27044703977219,0,0,0.540036010742188,1.63,0,-5399.92822265625
100000000000000000000001,1,923125000,0,-44.5,3.81654420025948,0,0,0.540036010742188,1.63,0,-5399.92822265625
100000000000000000000002,1,923125000,0,-42,0.472466082668777,0,0,0.540036010742188,1.63,0,-5399.92822265625
100000000000000000000003,1,923125000,0,-45.5,3.2581751934691,0,0,0.540036010742188,1.63,0,-5399.92822265625
100000000000000000000000,1,923125000,0,-59.5,3.28271888607527,0,0,0.540036010742188,1.63,0,-5399.92822265625
100000000000000000000003,1,923125000,0,-45.5,3.23976742401447,0,0,0.540036010742188,1.63,0,-5399.92822265625
100000000000000000000001,1,923125000,0,-44.5,3.81040827710793,0,0,0.540036010742188,1.63,0,-5399.92822265625
100000000000000000000002,1,923125000,0,-42,0.472466082668777,0,0,0.540036010742188,1.63,0,-5399.92822265625
100000000000000000000004,1,923125000,0,-51,4.85965113602171,0,0,0.540036010742188,1.63,0,-5399.92822265625
100000000000000000000002,1,923125000,0,-42,0.47860200582032,0,0,0.540036010742188,1.63,0,-5399.92822265625
100000000000000000000004,1,923125000,0,-51,4.86578705917325,0,0,0.540036010742188,1.63,0,-5399.92822265625
100000000000000000000001,1,923125000,0,-44.5,3.79813643080485,0,0,0.540036010742188,1.63,0,-5399.92822265625
100000000000000000000003,1,923125000,0,-45.5,3.28271888607527,0,0,0.540036010742188,1.63,0,-5399.92822265625
100000000000000000000000,1,923125000,0,-59.5,3.28885480922681,0,0,0.540036010742188,1.63,0,-5399.92822265625
100000000000000000000003,1,923125000,0,-45.5,3.28885480922681,0,0,0.540036010742188,1.63,0,-5399.92822265625
100000000000000000000001,1,923125000,0,-44.5,3.80427235395639,0,0,0.540036010742188,1.63,0,-5399.92822265625
100000000000000000000002,1,923125000,0,-42,0.472466082668777,0,0,0.540036010742188,1.63,0,-5399.92822265625
100000000000000000000004,1,923125000,0,-51,4.88419482862788,0,0,0.540036010742188,1.63,0,-5399.92822265625
100000000000000000000000,1,923125000,0,-60,3.26431111662064,0,0,0.540036010742188,1.63,0,-5399.92822265625
100000000000000000000002,1,923125000,0,-42,0.466330159517235,0,0,0.540036010742188,1.63,0,-5399.92822265625
100000000000000000000001,1,923125000,0,-44.5,3.79813643080485,0,0,0.540036010742188,1.63,0,-5399.92822265625
100000000000000000000003,1,923125000,0,-45.5,3.26431111662064,0,0,0.540036010742188,1.63,0,-5399.92822265625
100000000000000000000004,1,923125000,0,-51,4.85351521287017,0,0,0.540036010742188,1.63,0,-5399.92822265625
100000000000000000000000,1,923125000,0,-60,3.24590334716602,0,0,0.540036010742188,1.63,0,-5399.92822265625
100000000000000000000002,1,923125000,0,-42,0.466330159517235,0,0,0.540036010742188,1.63,0,-5399.92822265625
100000000000000000000003,1,923125000,0,-45.5,3.28271888607527,0,0,0.540036010742188,1.63,0,-5399.92822265625
100000000000000000000001,1,923125000,0,-44.5,3.82268012341102,0,0,0.540036010742188,1.63,0,-5399.92822265625
100000000000000000000000,1,923125000,0,-60,3.2152237314083,0,0,0.540036010742188,1.63,0,-5399.92822265625
100000000000000000000004,1,923125000,0,-51,4.85351521287017,0,0,0.540036010742188,1.63,0,-5399.92822265625
100000000000000000000003,1,923125000,0,-45.5,3.29499073237836,0,0,0.540036010742188,1.63,0,-5399.92822265625
100000000000000000000002,1,923125000,0,-42,0.447922390062607,0,0,0.540036010742188,1.63,0,-5399.92822265625
100000000000000000000004,1,923125000,0,-51,4.87805890547634,0,0,0.540036010742188,1.63,0,-5399.92822265625
100000000000000000000001,1,923125000,0,-44.5,3.79200050765331,0,0,0.540036010742188,1.63,0,-5399.92822265625
100000000000000000000000,1,923125000,0,-59.5,3.23363150086293,0,0,0.540036010742188,1.63,0,-5399.92822265625
100000000000000000000001,1,923125000,0,-44.5,3.80427235395639,0,0,0.540036010742188,1.63,0,-5399.92822265625
100000000000000000000002,1,923125000,0,-42,0.47860200582032,0,0,0.540036010742188,1.63,0,-5399.92822265625
100000000000000000000000,1,923125000,0,-59.5,3.3011266555299,0,0,0.540036010742188,1.63,0,-5399.92822265625
100000000000000000000003,1,923125000,0,-45.5,3.27658296292373,0,0,0.540036010742188,1.63,0,-5399.92822265625
100000000000000000000004,1,923125000,0,-51,4.85965113602171,0,0,0.540036010742188,1.63,0,-5399.92822265625
100000000000000000000002,1,923125000,0,-42,0.45405831321415,0,0,0.540036010742188,1.63,0,-5399.92822265625
100000000000000000000004,1,923125000,0,-51,4.84124336656708,0,0,0.540036010742188,1.63,0,-5399.92822265625
100000000000000000000003,1,923125000,0,-45.5,3.27044703977219,0,0,0.540036010742188,1.63,0,-5399.92822265625
100000000000000000000001,1,923125000,0,-44.5,3.79200050765331,0,0,0.540036010742188,1.63,0,-5399.92822265625
100000000000000000000000,1,923125000,0,-59.5,3.2152237314083,0,0,0.540036010742188,1.63,0,-5399.92822265625
100000000000000000000000,1,923125000,0,-59.5,3.2152237314083,0,0,0.540036010742188,1.63,0,-5399.92822265625
100000000000000000000002,1,923125000,0,-42,0.466330159517235,0,0,0.540036010742188,1.63,0,-5399.92822265625
100000000000000000000004,1,923125000,0,-51,4.89033075177942,0,0,0.540036010742188,1.63,0,-5399.92822265625
100000000000000000000003,1,923125000,0,-45.5,3.25203927031756,0,0,0.540036010742188,1.63,0,-5399.92822265625
100000000000000000000001,1,923125000,0,-44.5,3.80427235395639,0,0,0.540036010742188,1.63,0,-5399.92822265625
100000000000000000000000,1,923125000,0,-59.5,3.31953442498453,0,0,0.540036010742188,1.63,0,-5399.92822265625
100000000000000000000003,1,923125000,0,-45.5,3.28271888607527,0,0,0.540036010742188,1.63,0,-5399.92822265625
100000000000000000000002,1,923125000,0,-42,0.47860200582032,0,0,0.540036010742188,1.63,0,-5399.92822265625
100000000000000000000001,1,923125000,0,-44.5,3.79813643080485,0,0,0.540036010742188,1.63,0,-5399.92822265625
100000000000000000000004,1,923125000,0,-51,4.88419482862788,0,0,0.540036010742188,1.63,0,-5399.92822265625
100000000000000000000004,1,923125000,0,-51,4.8719229823248,0,0,0.540036010742188,1.63,0,-5399.92822265625
100000000000000000000000,1,923125000,0,-59.5,3.24590334716602,0,0,0.540036010742188,1.63,0,-5399.92822265625
100000000000000000000002,1,923125000,0,-42,0.466330159517235,0,0,0.540036010742188,1.63,0,-5399.92822265625
100000000000000000000003,1,923125000,0,-45.5,3.27044703977219,0,0,0.540036010742188,1.63,0,-5399.92822265625
100000000000000000000001,1,923125000,0,-44.5,3.79813643080485,0,0,0.540036010742188,1.63,0,-5399.92822265625
100000000000000000000003,1,923125000,0,-45.5,3.2581751934691,0,0,0.540036010742188,1.63,0,-5399.92822265625
100000000000000000000000,1,923125000,0,-60,3.3011266555299,0,0,0.540036010742188,1.63,0,-5399.92822265625
100000000000000000000002,1,923125000,0,-42,0.472466082668777,0,0,0.540036010742188,1.63,0,-5399.92822265625
100000000000000000000004,1,923125000,0,-51,4.84737928971863,0,0,0.540036010742188,1.63,0,-5399.92822265625
100000000000000000000001,1,923125000,0,-44.5,3.80427235395639,0,0,0.540036010742188,1.63,0,-5399.92822265625
100000000000000000000002,1,923125000,0,-42,0.460194236365693,0,0,0.540036010742188,1.63,0,-5399.92822265625
100000000000000000000001,1,923125000,0,-44.5,3.78586458450176,0,0,0.540036010742188,1.63,0,-5399.92822265625
100000000000000000000000,1,923125000,0,-60,3.31953442498453,0,0,0.540036010742188,1.63,0,-5399.92822265625
100000000000000000000003,1,923125000,0,-45.5,3.28885480922681,0,0,0.540036010742188,1.63,0,-5399.92822265625
100000000000000000000004,1,923125000,0,-51,4.86578705917325,0,0,0.540036010742188,1.63,0,-5399.92822265625
100000000000000000000002,1,923125000,0,-42,0.484737928971863,0,0,0.540036010742188,1.63,0,-5399.92822265625
100000000000000000000004,1,923125000,0,-51,4.85351521287017,0,0,0.540036010742188,1.63,0,-5399.92822265625
100000000000000000000003,1,923125000,0,-45.5,3.27044703977219,0,0,0.540036010742188,1.63,0,-5399.92822265625
100000000000000000000001,1,923125000,0,-44.5,3.79200050765331,0,0,0.540036010742188,1.63,0,-5399.92822265625
100000000000000000000000,1,923125000,0,-59.5,3.25203927031756,0,0,0.540036010742188,1.63,0,-5399.92822265625
100000000000000000000004,1,923125000,0,-51,4.89033075177942,0,0,0.540036010742188,1.63,0,-5399.92822265625
100000000000000000000002,1,923125000,0,-42,0.466330159517235,0,0,0.540036010742188,1.63,0,-5399.92822265625
100000000000000000000001,1,923125000,0,-44.5,3.81654420025948,0,0,0.540036010742188,1.63,0,-5399.92822265625
100000000000000000000003,1,923125000,0,-45.5,3.29499073237836,0,0,0.540036010742188,1.63,0,-5399.92822265625
100000000000000000000000,1,923125000,0,-60,3.32567034813607,0,0,0.540036010742188,1.63,0,-5399.92822265625
100000000000000000000000,1,923125000,0,-59.5,3.27658296292373,0,0,0.540036010742188,1.63,0,-5399.92822265625
100000000000000000000003,1,923125000,0,-45.5,3.2581751934691,0,0,0.540036010742188,1.63,0,-5399.92822265625
100000000000000000000001,1,923125000,0,-44.5,3.80427235395639,0,0,0.540036010742188,1.63,0,-5399.92822265625
100000000000000000000002,1,923125000,0,-42,0.466330159517235,0,0,0.540036010742188,1.63,0,-5399.92822265625
100000000000000000000004,1,923125000,0,-51,4.84737928971863,0,0,0.540036010742188,1.63,0,-5399.92822265625
100000000000000000000002,1,923125000,0,-42,0.460194236365693,0,0,0.540036010742188,1.63,0,-5399.92822265625
100000000000000000000004,1,923125000,0,-51,4.86578705917325,0,0,0.540036010742188,1.63,0,-5399.92822265625
100000000000000000000000,1,923125000,0,-60,3.27044703977219,0,0,0.540036010742188,1.63,0,-5399.92822265625
100000000000000000000003,1,923125000,0,-45.5,3.27044703977219,0,0,0.540036010742188,1.63,0,-5399.92822265625
100000000000000000000001,1,923125000,0,-44.5,3.80427235395639,0,0,0.540036010742188,1.63,0,-5399.92822265625
100000000000000000000000,1,923125000,0,-60,3.31339850183298,0,0,0.540036010742188,1.63,0,-5399.92822265625
100000000000000000000002,1,923125000,0,-42,0.47860200582032,0,0,0.540036010742188,1.63,0,-5399.92822265625
100000000000000000000003,1,923125000,0,-45.5,3.25203927031756,0,0,0.540036010742188,1.63,0,-5399.92822265625
100000000000000000000001,1,923125000,0,-44.5,3.79200050765331,0,0,0.540036010742188,1.63,0,-5399.92822265625
100000000000000000000004,1,923125000,0,-51,4.87805890547634,0,0,0.540036010742188,1.63,0,-5399.92822265625
100000000000000000000002,1,923125000,0,-42,0.472466082668777,0,0,0.540036010742188,1.63,0,-5399.92822265625
100000000000000000000001,1,923125000,0,-44.5,3.81654420025948,0,0,0.540036010742188,1.63,0,-5399.92822265625
100000000000000000000000,1,923125000,0,-60,3.24590334716602,0,0,0.540036010742188,1.63,0,-5399.92822265625
100000000000000000000003,1,923125000,0,-45.5,3.27044703977219,0,0,0.540036010742188,1.63,0,-5399.92822265625
100000000000000000000004,1,923125000,0,-51,4.86578705917325,0,0,0.540036010742188,1.63,0,-5399.92822265625
100000000000000000000004,1,923125000,0,-51.5,4.8719229823248,0,0,0.540036010742188,1.63,0,-5399.92822265625
100000000000000000000000,1,923125000,0,-59.5,3.23363150086293,0,0,0.540036010742188,1.63,0,-5399.92822265625
100000000000000000000003,1,923125000,0,-45.5,3.28271888607527,0,0,0.540036010742188,1.63,0,-5399.92822265625
100000000000000000000002,1,923125000,0,-42,0.484737928971863,0,0,0.540036010742188,1.63,0,-5399.92822265625
100000000000000000000001,1,923125000,0,-44.5,3.79813643080485,0,0,0.540036010742188,1.63,0,-5399.92822265625
100000000000000000000001,1,923125000,0,-44.5,3.79200050765331,0,0,0.540036010742188,1.63,0,-5399.92822265625
100000000000000000000000,1,923125000,0,-60,3.36862181019687,0,0,0.540036010742188,1.63,0,-5399.92822265625
100000000000000000000003,1,923125000,0,-45.5,3.23363150086293,0,0,0.540036010742188,1.63,0,-5399.92822265625
100000000000000000000004,1,923125000,0,-51,4.85965113602171,0,0,0.540036010742188,1.63,0,-5399.92822265625
100000000000000000000002,1,923125000,0,-42,0.460194236365693,0,0,0.540036010742188,1.63,0,-5399.92822265625
100000000000000000000000,1,923125000,0,-59.5,3.30726257868144,0,0,0.540036010742188,1.63,0,-5399.92822265625
100000000000000000000002,1,923125000,0,-42,0.466330159517235,0,0,0.540036010742188,1.63,0,-5399.92822265625
100000000000000000000001,1,923125000,0,-44.5,3.80427235395639,0,0,0.540036010742188,1.63,0,-5399.92822265625
100000000000000000000003,1,923125000,0,-45.5,3.28885480922681,0,0,0.540036010742188,1.63,0,-5399.92822265625
100000000000000000000004,1,923125000,0,-51,4.87805890547634,0,0,0.540036010742188,1.63,0,-5399.92822265625
100000000000000000000004,1,923125000,0,-51,4.89033075177942,0,0,0.540036010742188,1.63,0,-5399.92822265625
100000000000000000000003,1,923125000,0,-45.5,3.28271888607527,0,0,0.540036010742188,1.63,0,-5399.92822265625
100000000000000000000002,1,923125000,0,-42,0.47860200582032,0,0,0.540036010742188,1.63,0,-5399.92822265625
100000000000000000000001,1,923125000,0,-44.5,3.78586458450176,0,0,0.540036010742188,1.63,0,-5399.92822265625
100000000000000000000000,1,923125000,0,-60,3.29499073237836,0,0,0.540036010742188,1.63,0,-5399.92822265625
100000000000000000000002,1,923125000,0,-42,0.47860200582032,0,0,0.540036010742188,1.63,0,-5399.92822265625
100000000000000000000003,1,923125000,0,-45.5,3.29499073237836,0,0,0.540036010742188,1.63,0,-5399.92822265625
100000000000000000000004,1,923125000,0,-51,4.84737928971863,0,0,0.540036010742188,1.63,0,-5399.92822265625
100000000000000000000000,1,923125000,0,-59.5,3.24590334716602,0,0,0.540036010742188,1.63,0,-5399.92822265625
100000000000000000000001,1,923125000,0,-44.5,3.81040827710793,0,0,0.540036010742188,1.63,0,-5399.92822265625
100000000000000000000004,1,923125000,0,-51,4.89646667493097,0,0,0.540036010742188,1.63,0,-5399.92822265625
100000000000000000000003,1,923125000,0,-45.5,3.27044703977219,0,0,0.540036010742188,1.63,0,-5399.92822265625
100000000000000000000002,1,923125000,0,-42,0.472466082668777,0,0,0.540036010742188,1.63,0,-5399.92822265625
100000000000000000000001,1,923125000,0,-44.5,3.79813643080485,0,0,0.540036010742188,1.63,0,-5399.92822265625
100000000000000000000000,1,923125000,0,-59.5,3.3440781175907,0,0,0.540036010742188,1.63,0,-5399.92822265625
100000000000000000000002,1,923125000,0,-42,0.466330159517235,0,0,0.540036010742188,1.63,0,-5399.92822265625
100000000000000000000003,1,923125000,0,-45.5,3.26431111662064,0,0,0.540036010742188,1.63,0,-5399.92822265625
100000000000000000000004,1,923125000,0,-51,4.8719229823248,0,0,0.540036010742188,1.63,0,-5399.92822265625
100000000000000000000001,1,923125000,0,-44.5,3.81040827710793,0,0,0.540036010742188,1.63,0,-5399.92822265625
100000000000000000000000,1,923125000,0,-60,3.33794219443916,0,0,0.540036010742188,1.63,0,-5399.92822265625
100000000000000000000000,1,923125000,0,-59.5,3.27044703977219,0,0,0.540036010742188,1.63,0,-5399.92822265625
100000000000000000000004,1,923125000,0,-51,4.84737928971863,0,0,0.540036010742188,1.63,0,-5399.92822265625
100000000000000000000002,1,923125000,0,-42,0.484737928971863,0,0,0.540036010742188,1.63,0,-5399.92822265625
100000000000000000000001,1,923125000,0,-44.5,3.82268012341102,0,0,0.540036010742188,1.63,0,-5399.92822265625
100000000000000000000003,1,923125000,0,-45.5,3.28271888607527,0,0,0.540036010742188,1.63,0,-5399.92822265625
100000000000000000000003,1,923125000,0,-45.5,3.27658296292373,0,0,0.540036010742188,1.63,0,-5399.92822265625
100000000000000000000004,1,923125000,0,-51,4.83510744341554,0,0,0.540036010742188,1.63,0,-5399.92822265625
100000000000000000000002,1,923125000,0,-42,0.490873852123405,0,0,0.540036010742188,1.63,0,-5399.92822265625
100000000000000000000001,1,923125000,0,-44.5,3.80427235395639,0,0,0.540036010742188,1.63,0,-5399.92822265625
100000000000000000000000,1,923125000,0,-60,3.2581751934691,0,0,0.540036010742188,1.63,0,-5399.92822265625
100000000000000000000000,1,923125000,0,-60,3.28885480922681,0,0,0.540036010742188,1.63,0,-5399.92822265625
100000000000000000000003,1,923125000,0,-45.5,3.28885480922681,0,0,0.540036010742188,1.63,0,-5399.92822265625
100000000000000000000004,1,923125000,0,-51,4.8719229823248,0,0,0.540036010742188,1.63,0,-5399.92822265625
100000000000000000000002,1,923125000,0,-42,0.472466082668777,0,0,0.540036010742188,1.63,0,-5399.92822265625
100000000000000000000001,1,923125000,0,-44.5,3.79813643080485,0,0,0.540036010742188,1.63,0,-5399.92822265625
100000000000000000000000,1,923125000,0,-59.5,3.26431111662064,0,0,0.540036010742188,1.63,0,-5399.92822265625
100000000000000000000004,1,923125000,0,-51,4.85351521287017,0,0,0.540036010742188,1.63,0,-5399.92822265625
100000000000000000000002,1,923125000,0,-42,0.466330159517235,0,0,0.540036010742188,1.63,0,-5399.92822265625
100000000000000000000001,1,923125000,0,-44.5,3.79200050765331,0,0,0.540036010742188,1.63,0,-5399.92822265625
100000000000000000000003,1,923125000,0,-45.5,3.2581751934691,0,0,0.540036010742188,1.63,0,-5399.92822265625
100000000000000000000003,1,923125000,0,-45.5,3.29499073237836,0,0,0.540036010742188,1.63,0,-5399.92822265625
100000000000000000000002,1,923125000,0,-42,0.484737928971863,0,0,0.540036010742188,1.63,0,-5399.92822265625
100000000000000000000001,1,923125000,0,-44.5,3.81040827710793,0,0,0.540036010742188,1.63,0,-5399.92822265625
100000000000000000000000,1,923125000,0,-59.5,3.26431111662064,0,0,0.540036010742188,1.63,0,-5399.92822265625
100000000000000000000004,1,923125000,0,-51,4.84737928971863,0,0,0.540036010742188,1.63,0,-5399.92822265625
100000000000000000000004,1,923125000,0,-51,4.84737928971863,0,0,0.540036010742188,1.63,0,-5399.92822265625
100000000000000000000002,1,923125000,0,-42,0.45405831321415,0,0,0.540036010742188,1.63,0,-5399.92822265625
100000000000000000000000,1,923125000,0,-60,3.28271888607527,0,0,0.540036010742188,1.63,0,-5399.92822265625
100000000000000000000001,1,923125000,0,-44.5,3.78586458450176,0,0,0.540036010742188,1.63,0,-5399.92822265625
100000000000000000000003,1,923125000,0,-45.5,3.27658296292373,0,0,0.540036010742188,1.63,0,-5399.92822265625
100000000000000000000003,1,923125000,0,-45.5,3.2581751934691,0,0,0.540036010742188,1.63,0,-5399.92822265625
100000000000000000000004,1,923125000,0,-51,4.87805890547634,0,0,0.540036010742188,1.63,0,-5399.92822265625
100000000000000000000001,1,923125000,0,-44.5,3.79200050765331,0,0,0.540036010742188,1.63,0,-5399.92822265625
100000000000000000000000,1,923125000,0,-60,3.22135965455985,0,0,0.540036010742188,1.63,0,-5399.92822265625
100000000000000000000002,1,923125000,0,-42,0.460194236365693,0,0,0.540036010742188,1.63,0,-5399.92822265625
100000000000000000000004,1,923125000,0,-51,4.87805890547634,0,0,0.540036010742188,1.63,0,-5399.92822265625
100000000000000000000000,1,923125000,0,-60,3.27044703977219,0,0,0.540036010742188,1.63,0,-5399.92822265625
100000000000000000000003,1,923125000,0,-45.5,3.23976742401447,0,0,0.540036010742188,1.63,0,-5399.92822265625
100000000000000000000001,1,923125000,0,-44.5,3.78586458450176,0,0,0.540036010742188,1.63,0,-5399.92822265625
100000000000000000000002,1,923125000,0,-42,0.472466082668777,0,0,0.540036010742188,1.63,0,-5399.92822265625
100000000000000000000004,1,923125000,0,-51,4.85965113602171,0,0,0.540036010742188,1.63,0,-5399.92822265625
100000000000000000000002,1,923125000,0,-42,0.490873852123405,0,0,0.540036010742188,1.63,0,-5399.92822265625
100000000000000000000003,1,923125000,0,-45.5,3.27044703977219,0,0,0.540036010742188,1.63,0,-5399.92822265625
100000000000000000000001,1,923125000,0,-44.5,3.80427235395639,0,0,0.540036010742188,1.63,0,-5399.92822265625
100000000000000000000000,1,923125000,0,-59.5,3.31953442498453,0,0,0.540036010742188,1.63,0,-5399.92822265625
100000000000000000000002,1,923125000,0,-42,0.484737928971863,0,0,0.540036010742188,1.63,0,-5399.92822265625
100000000000000000000000,1,923125000,0,-60,3.28271888607527,0,0,0.540036010742188,1.63,0,-5399.92822265625
100000000000000000000004,1,923125000,0,-51,4.85965113602171,0,0,0.540036010742188,1.63,0,-5399.92822265625
100000000000000000000003,1,923125000,0,-45.5,3.27658296292373,0,0,0.540036010742188,1.63,0,-5399.92822265625
100000000000000000000001,1,923125000,0,-44.5,3.80427235395639,0,0,0.540036010742188,1.63,0,-5399.92822265625
100000000000000000000002,1,923125000,0,-42,0.460194236365693,0,0,0.540036010742188,1.63,0,-5399.92822265625
100000000000000000000004,1,923125000,0,-51,4.88419482862788,0,0,0.540036010742188,1.63,0,-5399.92822265625
100000000000000000000000,1,923125000,0,-59.5,3.23363150086293,0,0,0.540036010742188,1.63,0,-5399.92822265625
100000000000000000000003,1,923125000,0,-45.5,3.25203927031756,0,0,0.540036010742188,1.63,0,-5399.92822265625
100000000000000000000001,1,923125000,0,-44.5,3.79813643080485,0,0,0.540036010742188,1.63,0,-5399.92822265625
100000000000000000000002,1,923125000,0,-42,0.490873852123405,0,0,0.540036010742188,1.63,0,-5399.92822265625
100000000000000000000004,1,923125000,0,-51,4.84124336656708,0,0,0.540036010742188,1.63,0,-5399.92822265625
100000000000000000000000,1,923125000,0,-59.5,3.36248588704533,0,0,0.540036010742188,1.63,0,-5399.92822265625
100000000000000000000003,1,923125000,0,-45.5,3.27044703977219,0,0,0.540036010742188,1.63,0,-5399.92822265625
100000000000000000000001,1,923125000,0,-44.5,3.79200050765331,0,0,0.540036010742188,1.63,0,-5399.92822265625
100000000000000000000001,1,923125000,0,-44.5,3.79813643080485,0,0,0.540036010742188,1.63,0,-5399.92822265625
100000000000000000000004,1,923125000,0,-51,4.87805890547634,0,0,0.540036010742188,1.63,0,-5399.92822265625
100000000000000000000000,1,923125000,0,-60,3.28885480922681,0,0,0.540036010742188,1.63,0,-5399.92822265625
100000000000000000000003,1,923125000,0,-45.5,3.2581751934691,0,0,0.540036010742188,1.63,0,-5399.92822265625
100000000000000000000002,1,923125000,0,-42,0.472466082668777,0,0,0.540036010742188,1.63,0,-5399.92822265625
100000000000000000000003,1,923125000,0,-45.5,3.24590334716602,0,0,0.540036010742188,1.63,0,-5399.92822265625
100000000000000000000002,1,923125000,0,-42,0.490873852123405,0,0,0.540036010742188,1.63,0,-5399.92822265625
100000000000000000000000,1,923125000,0,-59.5,3.28271888607527,0,0,0.540036010742188,1.63,0,-5399.92822265625
100000000000000000000004,1,923125000,0,-51,4.85351521287017,0,0,0.540036010742188,1.63,0,-5399.92822265625
100000000000000000000001,1,923125000,0,-44.5,3.78586458450176,0,0,0.540036010742188,1.63,0,-5399.92822265625
100000000000000000000004,1,923125000,0,-51.5,4.89646667493097,0,0,0.540036010742188,1.63,0,-5399.92822265625
100000000000000000000003,1,923125000,0,-45.5,3.29499073237836,0,0,0.540036010742188,1.63,0,-5399.92822265625
100000000000000000000002,1,923125000,0,-42,0.460194236365693,0,0,0.540036010742188,1.63,0,-5399.92822265625
100000000000000000000001,1,923125000,0,-44.5,3.80427235395639,0,0,0.540036010742188,1.63,0,-5399.92822265625
100000000000000000000000,1,923125000,0,-59.5,3.28885480922681,0,0,0.540036010742188,1.63,0,-5399.92822265625
100000000000000000000001,1,923125000,0,-44.5,3.80427235395639,0,0,0.540036010742188,1.63,0,-5399.92822265625
100000000000000000000002,1,923125000,0,-42,0.47860200582032,0,0,0.540036010742188,1.63,0,-5399.92822265625
100000000000000000000004,1,923125000,0,-51,4.86578705917325,0,0,0.540036010742188,1.63,0,-5399.92822265625
100000000000000000000000,1,923125000,0,-60,3.27044703977219,0,0,0.540036010742188,1.63,0,-5399.92822265625
100000000000000000000003,1,923125000,0,-45.5,3.2581751934691,0,0,0.540036010742188,1.63,0,-5399.92822265625
100000000000000000000004,1,923125000,0,-51,4.8719229823248,0,0,0.540036010742188,1.63,0,-5399.92822265625
100000000000000000000002,1,923125000,0,-42,0.447922390062607,0,0,0.540036010742188,1.63,0,-5399.92822265625
100000000000000000000000,1,923125000,0,-59.5,3.27658296292373,0,0,0.540036010742188,1.63,0,-5399.92822265625
100000000000000000000003,1,923125000,0,-45.5,3.25203927031756,0,0,0.540036010742188,1.63,0,-5399.92822265625
100000000000000000000001,1,923125000,0,-44.5,3.80427235395639,0,0,0.540036010742188,1.63,0,-5399.92822265625
100000000000000000000003,1,923125000,0,-45.5,3.27658296292373,0,0,0.540036010742188,1.63,0,-5399.92822265625
100000000000000000000002,1,923125000,0,-42,0.447922390062607,0,0,0.540036010742188,1.63,0,-5399.92822265625
100000000000000000000000,1,923125000,0,-59.5,3.23363150086293,0,0,0.540036010742188,1.63,0,-5399.92822265625
100000000000000000000004,1,923125000,0,-51,4.87805890547634,0,0,0.540036010742188,1.63,0,-5399.92822265625
100000000000000000000001,1,923125000,0,-44.5,3.81040827710793,0,0,0.540036010742188,1.63,0,-5399.92822265625
100000000000000000000000,1,923125000,0,-59.5,3.30726257868144,0,0,0.540036010742188,1.63,0,-5399.92822265625
100000000000000000000001,1,923125000,0,-44.5,3.77972866135022,0,0,0.540036010742188,1.63,0,-5399.92822265625
100000000000000000000003,1,923125000,0,-45.5,3.25203927031756,0,0,0.540036010742188,1.63,0,-5399.92822265625
100000000000000000000004,1,923125000,0,-51,4.89033075177942,0,0,0.540036010742188,1.63,0,-5399.92822265625
100000000000000000000002,1,923125000,0,-42,0.484737928971863,0,0,0.540036010742188,1.63,0,-5399.92822265625
100000000000000000000003,1,923125000,0,-45.5,3.27044703977219,0,0,0.540036010742188,1.63,0,-5399.92822265625
100000000000000000000001,1,923125000,0,-44.5,3.80427235395639,0,0,0.540036010742188,1.63,0,-5399.92822265625
100000000000000000000002,1,923125000,0,-42,0.47860200582032,0,0,0.540036010742188,1.63,0,-5399.92822265625
100000000000000000000004,1,923125000,0,-51,4.8719229823248,0,0,0.540036010742188,1.63,0,-5399.92822265625
100000000000000000000000,1,923125000,0,-60,3.35634996389378,0,0,0.540036010742188,1.63,0,-5399.92822265625
100000000000000000000004,1,923125000,0,-51,4.87805890547634,0,0,0.540036010742188,1.63,0,-5399.92822265625
100000000000000000000003,1,923125000,0,-45.5,3.24590334716602,0,0,0.540036010742188,1.63,0,-5399.92822265625
100000000000000000000001,1,923125000,0,-44.5,3.79813643080485,0,0,0.540036010742188,1.63,0,-5399.92822265625
100000000000000000000000,1,923125000,0,-60,3.22749557771139,0,0,0.540036010742188,1.63,0,-5399.92822265625
100000000000000000000002,1,923125000,0,-42,0.47860200582032,0,0,0.540036010742188,1.63,0,-5399.92822265625
100000000000000000000003,1,923125000,0,-45.5,3.27044703977219,0,0,0.540036010742188,1.63,0,-5399.92822265625
100000000000000000000000,1,923125000,0,-59.5,3.27658296292373,0,0,0.540036010742188,1.63,0,-5399.92822265625
100000000000000000000002,1,923125000,0,-42,0.484737928971863,0,0,0.540036010742188,1.63,0,-5399.92822265625
100000000000000000000004,1,923125000,0,-51,4.89033075177942,0,0,0.540036010742188,1.63,0,-5399.92822265625
100000000000000000000001,1,923125000,0,-44.5,3.81040827710793,0,0,0.540036010742188,1.63,0,-5399.92822265625
100000000000000000000004,1,923125000,0,-51,4.89646667493097,0,0,0.540036010742188,1.63,0,-5399.92822265625
100000000000000000000000,1,923125000,0,-60,3.29499073237836,0,0,0.540036010742188,1.63,0,-5399.92822265625
100000000000000000000002,1,923125000,0,-42,0.47860200582032,0,0,0.540036010742188,1.63,0,-5399.92822265625
100000000000000000000001,1,923125000,0,-44.5,3.81654420025948,0,0,0.540036010742188,1.63,0,-5399.92822265625
100000000000000000000003,1,923125000,0,-45.5,3.26431111662064,0,0,0.540036010742188,1.63,0,-5399.92822265625
100000000000000000000001,1,923125000,0,-44.5,3.81040827710793,0,0,0.540036010742188,1.63,0,-5399.92822265625
100000000000000000000002,1,923125000,0,-42,0.472466082668777,0,0,0.540036010742188,1.63,0,-5399.92822265625
100000000000000000000000,1,923125000,0,-60,3.31339850183298,0,0,0.540036010742188,1.63,0,-5399.92822265625
100000000000000000000003,1,923125000,0,-45.5,3.26431111662064,0,0,0.540036010742188,1.63,0,-5399.92822265625
100000000000000000000004,1,923125000,0,-51,4.87805890547634,0,0,0.540036010742188,1.63,0,-5399.92822265625
100000000000000000000001,1,923125000,0,-44.5,3.77972866135022,0,0,0.540036010742188,1.63,0,-5399.92822265625
100000000000000000000000,1,923125000,0,-60,3.28271888607527,0,0,0.540036010742188,1.63,0,-5399.92822265625
100000000000000000000002,1,923125000,0,-42,0.460194236365693,0,0,0.540036010742188,1.63,0,-5399.92822265625
100000000000000000000003,1,923125000,0,-45.5,3.27658296292373,0,0,0.540036010742188,1.63,0,-5399.92822265625
100000000000000000000004,1,923125000,0,-51,4.87805890547634,0,0,0.540036010742188,1.63,0,-5399.92822265625
100000000000000000000002,1,923125000,0,-42,0.490873852123405,0,0,0.540036010742188,1.63,0,-5399.92822265625
100000000000000000000000,1,923125000,0,-60,3.27044703977219,0,0,0.540036010742188,1.63,0,-5399.92822265625
100000000000000000000001,1,923125000,0,-44.5,3.81040827710793,0,0,0.540036010742188,1.63,0,-5399.92822265625
100000000000000000000003,1,923125000,0,-45.5,3.27658296292373,0,0,0.540036010742188,1.63,0,-5399.92822265625
100000000000000000000004,1,923125000,0,-51,4.88419482862788,0,0,0.540036010742188,1.63,0,-5399.92822265625
100000000000000000000001,1,923125000,0,-44.5,3.81040827710793,0,0,0.540036010742188,1.63,0,-5399.92822265625
100000000000000000000000,1,923125000,0,-60,3.35021404074224,0,0,0.540036010742188,1.63,0,-5399.92822265625
100000000000000000000002,1,923125000,0,-42,0.466330159517235,0,0,0.540036010742188,1.63,0,-5399.92822265625
100000000000000000000004,1,923125000,0,-51,4.89646667493097,0,0,0.540036010742188,1.63,0,-5399.92822265625
100000000000000000000003,1,923125000,0,-45.5,3.27658296292373,0,0,0.540036010742188,1.63,0,-5399.92822265625
100000000000000000000000,1,923125000,0,-59.5,3.28885480922681,0,0,0.540036010742188,1.63,0,-5399.92822265625
100000000000000000000003,1,923125000,0,-45.5,3.27044703977219,0,0,0.540036010742188,1.63,0,-5399.92822265625
100000000000000000000004,1,923125000,0,-51,4.88419482862788,0,0,0.540036010742188,1.63,0,-5399.92822265625
100000000000000000000002,1,923125000,0,-42,0.466330159517235,0,0,0.540036010742188,1.63,0,-5399.92822265625
100000000000000000000001,1,923125000,0,-44.5,3.80427235395639,0,0,0.540036010742188,1.63,0,-5399.92822265625
100000000000000000000004,1,923125000,0,-51,4.85965113602171,0,0,0.540036010742188,1.63,0,-5399.92822265625
100000000000000000000002,1,923125000,0,-42,0.472466082668777,0,0,0.540036010742188,1.63,0,-5399.92822265625
100000000000000000000001,1,923125000,0,-44.5,3.79813643080485,0,0,0.540036010742188,1.63,0,-5399.92822265625
100000000000000000000003,1,923125000,0,-45.5,3.27658296292373,0,0,0.540036010742188,1.63,0,-5399.92822265625
100000000000000000000000,1,923125000,0,-59.5,3.2581751934691,0,0,0.540036010742188,1.63,0,-5399.92822265625
100000000000000000000002,1,923125000,0,-42,0.466330159517235,0,0,0.540036010742188,1.63,0,-5399.92822265625
100000000000000000000004,1,923125000,0,-51,4.86578705917325,0,0,0.540036010742188,1.63,0,-5399.92822265625
100000000000000000000003,1,923125000,0,-45.5,3.27658296292373,0,0,0.540036010742188,1.63,0,-5399.92822265625
100000000000000000000001,1,923125000,0,-44.5,3.80427235395639,0,0,0.540036010742188,1.63,0,-5399.92822265625
100000000000000000000000,1,923125000,0,-59.5,3.24590334716602,0,0,0.540036010742188,1.63,0,-5399.92822265625
100000000000000000000002,1,923125000,0,-42,0.484737928971863,0,0,0.540036010742188,1.63,0,-5399.92822265625
100000000000000000000001,1,923125000,0,-44.5,3.80427235395639,0,0,0.540036010742188,1.63,0,-5399.92822265625
100000000000000000000003,1,923125000,0,-45.5,3.27044703977219,0,0,0.540036010742188,1.63,0,-5399.92822265625
100000000000000000000004,1,923125000,0,-51,4.86578705917325,0,0,0.540036010742188,1.63,0,-5399.92822265625
100000000000000000000000,1,923125000,0,-59.5,3.2581751934691,0,0,0.540036010742188,1.63,0,-5399.92822265625
100000000000000000000003,1,923125000,0,-45.5,3.26431111662064,0,0,0.540036010742188,1.63,0,-5399.92822265625
100000000000000000000000,1,923125000,0,-60,3.30726257868144,0,0,0.540036010742188,1.63,0,-5399.92822265625
100000000000000000000002,1,923125000,0,-42,0.460194236365693,0,0,0.540036010742188,1.63,0,-5399.92822265625
100000000000000000000001,1,923125000,0,-44.5,3.79813643080485,0,0,0.540036010742188,1.63,0,-5399.92822265625
100000000000000000000004,1,923125000,0,-51,4.85965113602171,0,0,0.540036010742188,1.63,0,-5399.92822265625
100000000000000000000002,1,923125000,0,-42,0.447922390062607,0,0,0.540036010742188,1.63,0,-5399.92822265625
100000000000000000000004,1,923125000,0,-51,4.86578705917325,0,0,0.540036010742188,1.63,0,-5399.92822265625
100000000000000000000000,1,923125000,0,-60,3.23976742401447,0,0,0.540036010742188,1.63,0,-5399.92822265625
100000000000000000000001,1,923125000,0,-44.5,3.81654420025948,0,0,0.540036010742188,1.63,0,-5399.92822265625
100000000000000000000003,1,923125000,0,-45.5,3.25203927031756,0,0,0.540036010742188,1.63,0,-5399.92822265625
100000000000000000000003,1,923125000,0,-45.5,3.2581751934691,0,0,0.540036010742188,1.63,0,-5399.92822265625
100000000000000000000002,1,923125000,0,-42,0.472466082668777,0,0,0.540036010742188,1.63,0,-5399.92822265625
100000000000000000000001,1,923125000,0,-44.5,3.79200050765331,0,0,0.540036010742188,1.63,0,-5399.92822265625
100000000000000000000004,1,923125000,0,-51.5,4.86578705917325,0,0,0.540036010742188,1.63,0,-5399.92822265625
100000000000000000000000,1,923125000,0,-59.5,3.26431111662064,0,0,0.540036010742188,1.63,0,-5399.92822265625
100000000000000000000004,1,923125000,0,-51,4.89033075177942,0,0,0.540036010742188,1.63,0,-5399.92822265625
100000000000000000000003,1,923125000,0,-45.5,3.23976742401447,0,0,0.540036010742188,1.63,0,-5399.92822265625
100000000000000000000002,1,923125000,0,-42,0.460194236365693,0,0,0.540036010742188,1.63,0,-5399.92822265625
100000000000000000000001,1,923125000,0,-44.5,3.79813643080485,0,0,0.540036010742188,1.63,0,-5399.92822265625
100000000000000000000000,1,923125000,0,-60,3.31339850183298,0,0,0.540036010742188,1.63,0,-5399.92822265625
100000000000000000000002,1,923125000,0,-42,0.466330159517235,0,0,0.540036010742188,1.63,0,-5399.92822265625
100000000000000000000000,1,923125000,0,-59.5,3.26431111662064,0,0,0.540036010742188,1.63,0,-5399.92822265625
100000000000000000000003,1,923125000,0,-45.5,3.27658296292373,0,0,0.540036010742188,1.63,0,-5399.92822265625
100000000000000000000001,1,923125000,0,-44.5,3.81654420025948,0,0,0.540036010742188,1.63,0,-5399.92822265625
100000000000000000000004,1,923125000,0,-51,4.84737928971863,0,0,0.540036010742188,1.63,0,-5399.92822265625
100000000000000000000000,1,923125000,0,-60,3.29499073237836,0,0,0.540036010742188,1.63,0,-5399.92822265625
100000000000000000000004,1,923125000,0,-51,4.8719229823248,0,0,0.540036010742188,1.63,0,-5399.92822265625
100000000000000000000003,1,923125000,0,-45.5,3.27658296292373,0,0,0.540036010742188,1.63,0,-5399.92822265625
100000000000000000000002,1,923125000,0,-42,0.466330159517235,0,0,0.540036010742188,1.63,0,-5399.92822265625
100000000000000000000001,1,923125000,0,-44.5,3.79813643080485,0,0,0.540036010742188,1.63,0,-5399.92822265625
100000000000000000000004,1,923125000,0,-51,4.87805890547634,0,0,0.540036010742188,1.63,0,-5399.92822265625
100000000000000000000000,1,923125000,0,-59.5,3.25203927031756,0,0,0.540036010742188,1.63,0,-5399.92822265625
100000000000000000000003,1,923125000,0,-45.5,3.25203927031756,0,0,0.540036010742188,1.63,0,-5399.92822265625
100000000000000000000002,1,923125000,0,-42,0.490873852123405,0,0,0.540036010742188,1.63,0,-5399.92822265625
100000000000000000000001,1,923125000,0,-44.5,3.79813643080485,0,0,0.540036010742188,1.63,0,-5399.92822265625
100000000000000000000002,1,923125000,0,-42,0.45405831321415,0,0,0.540036010742188,1.63,0,-5399.92822265625
100000000000000000000000,1,923125000,0,-59.5,3.25203927031756,0,0,0.540036010742188,1.63,0,-5399.92822265625
100000000000000000000004,1,923125000,0,-51,4.85965113602171,0,0,0.540036010742188,1.63,0,-5399.92822265625
100000000000000000000001,1,923125000,0,-44.5,3.79200050765331,0,0,0.540036010742188,1.63,0,-5399.92822265625
100000000000000000000003,1,923125000,0,-45.5,3.26431111662064,0,0,0.540036010742188,1.63,0,-5399.92822265625
100000000000000000000001,1,923125000,0,-44.5,3.78586458450176,0,0,0.540036010742188,1.63,0,-5399.92822265625
100000000000000000000003,1,923125000,0,-45,3.25203927031756,0,0,0.540036010742188,1.63,0,-5399.92822265625
100000000000000000000002,1,923125000,0,-42,0.466330159517235,0,0,0.540036010742188,1.63,0,-5399.92822265625
100000000000000000000004,1,923125000,0,-51,4.87805890547634,0,0,0.540036010742188,1.63,0,-5399.92822265625
100000000000000000000000,1,923125000,0,-59.5,3.24590334716602,0,0,0.540036010742188,1.63,0,-5399.92822265625
100000000000000000000003,1,923125000,0,-45.5,3.26431111662064,0,0,0.540036010742188,1.63,0,-5399.92822265625
100000000000000000000002,1,923125000,0,-42,0.466330159517235,0,0,0.540036010742188,1.63,0,-5399.92822265625
100000000000000000000000,1,923125000,0,-59.5,3.28271888607527,0,0,0.540036010742188,1.63,0,-5399.92822265625
100000000000000000000004,1,923125000,0,-51,4.85351521287017,0,0,0.540036010742188,1.63,0,-5399.92822265625
100000000000000000000001,1,923125000,0,-44.5,3.81040827710793,0,0,0.540036010742188,1.63,0,-5399.92822265625
100000000000000000000001,1,923125000,0,-44.5,3.79813643080485,0,0,0.540036010742188,1.63,0,-5399.92822265625
100000000000000000000003,1,923125000,0,-45.5,3.2581751934691,0,0,0.540036010742188,1.63,0,-5399.92822265625
100000000000000000000002,1,923125000,0,-42,0.466330159517235,0,0,0.540036010742188,1.63,0,-5399.92822265625
100000000000000000000004,1,923125000,0,-51,4.86578705917325,0,0,0.540036010742188,1.63,0,-5399.92822265625
100000000000000000000000,1,923125000,0,-59.5,3.23363150086293,0,0,0.540036010742188,1.63,0,-5399.92822265625
100000000000000000000003,1,923125000,0,-45.5,3.26431111662064,0,0,0.540036010742188,1.63,0,-5399.92822265625
100000000000000000000002,1,923125000,0,-42,0.466330159517235,0,0,0.540036010742188,1.63,0,-5399.92822265625
100000000000000000000001,1,923125000,0,-44.5,3.79200050765331,0,0,0.540036010742188,1.63,0,-5399.92822265625
100000000000000000000000,1,923125000,0,-60,3.23363150086293,0,0,0.540036010742188,1.63,0,-5399.92822265625
100000000000000000000004,1,923125000,0,-51,4.86578705917325,0,0,0.540036010742188,1.63,0,-5399.92822265625
100000000000000000000004,1,923125000,0,-51,4.86578705917325,0,0,0.540036010742188,1.63,0,-5399.92822265625
100000000000000000000000,1,923125000,0,-59.5,3.28271888607527,0,0,0.540036010742188,1.63,0,-5399.92822265625
100000000000000000000001,1,923125000,0,-44.5,3.79813643080485,0,0,0.540036010742188,1.63,0,-5399.92822265625
100000000000000000000003,1,923125000,0,-45.5,3.29499073237836,0,0,0.540036010742188,1.63,0,-5399.92822265625
100000000000000000000002,1,923125000,0,-42,0.490873852123405,0,0,0.540036010742188,1.63,0,-5399.92822265625
100000000000000000000002,1,923125000,0,-42,0.472466082668777,0,0,0.540036010742188,1.63,0,-5399.92822265625
100000000000000000000003,1,923125000,0,-45.5,3.26431111662064,0,0,0.540036010742188,1.63,0,-5399.92822265625
100000000000000000000004,1,923125000,0,-51,4.86578705917325,0,0,0.540036010742188,1.63,0,-5399.92822265625
100000000000000000000000,1,923125000,0,-59.5,3.28885480922681,0,0,0.540036010742188,1.63,0,-5399.92822265625
100000000000000000000001,1,923125000,0,-44.5,3.81040827710793,0,0,0.540036010742188,1.63,0,-5399.92822265625
100000000000000000000001,1,923125000,0,-44.5,3.79813643080485,0,0,0.540036010742188,1.63,0,-5399.92822265625
100000000000000000000000,1,923125000,0,-59.5,3.25203927031756,0,0,0.540036010742188,1.63,0,-5399.92822265625
100000000000000000000002,1,923125000,0,-42,0.460194236365693,0,0,0.540036010742188,1.63,0,-5399.92822265625
100000000000000000000004,1,923125000,0,-51,4.88419482862788,0,0,0.540036010742188,1.63,0,-5399.92822265625
100000000000000000000003,1,923125000,0,-45.5,3.27658296292373,0,0,0.540036010742188,1.63,0,-5399.92822265625
100000000000000000000003,1,923125000,0,-45.5,3.25203927031756,0,0,0.540036010742188,1.63,0,-5399.92822265625
100000000000000000000004,1,923125000,0,-51,4.87805890547634,0,0,0.540036010742188,1.63,0,-5399.92822265625
100000000000000000000000,1,923125000,0,-59.5,3.22135965455985,0,0,0.540036010742188,1.63,0,-5399.92822265625
100000000000000000000002,1,923125000,0,-42,0.45405831321415,0,0,0.540036010742188,1.63,0,-5399.92822265625
100000000000000000000001,1,923125000,0,-44.5,3.79200050765331,0,0,0.540036010742188,1.63,0,-5399.92822265625
100000000000000000000004,1,923125000,0,-51,4.8719229823248,0,0,0.540036010742188,1.63,0,-5399.92822265625
100000000000000000000002,1,923125000,0,-42,0.484737928971863,0,0,0.540036010742188,1.63,0,-5399.92822265625
100000000000000000000000,1,923125000,0,-59.5,3.22749557771139,0,0,0.540036010742188,1.63,0,-5399.92822265625
100000000000000000000001,1,923125000,0,-44.5,3.79813643080485,0,0,0.540036010742188,1.63,0,-5399.92822265625
100000000000000000000003,1,923125000,0,-45.5,3.24590334716602,0,0,0.540036010742188,1.63,0,-5399.92822265625
100000000000000000000002,1,923125000,0,-42,0.484737928971863,0,0,0.540036010742188,1.63,0,-5399.92822265625
100000000000000000000001,1,923125000,0,-44.5,3.78586458450176,0,0,0.540036010742188,1.63,0,-5399.92822265625
100000000000000000000004,1,923125000,0,-51,4.89033075177942,0,0,0.540036010742188,1.63,0,-5399.92822265625
100000000000000000000003,1,923125000,0,-45.5,3.27044703977219,0,0,0.540036010742188,1.63,0,-5399.92822265625
100000000000000000000000,1,923125000,0,-59.5,3.27044703977219,0,0,0.540036010742188,1.63,0,-5399.92822265625
100000000000000000000004,1,923125000,0,-51,4.8719229823248,0,0,0.540036010742188,1.63,0,-5399.92822265625
100000000000000000000003,1,923125000,0,-45.5,3.26431111662064,0,0,0.540036010742188,1.63,0,-5399.92822265625
100000000000000000000002,1,923125000,0,-42,0.45405831321415,0,0,0.540036010742188,1.63,0,-5399.92822265625
100000000000000000000001,1,923125000,0,-44.5,3.78586458450176,0,0,0.540036010742188,1.63,0,-5399.92822265625
100000000000000000000000,1,923125000,0,-60,3.31339850183298,0,0,0.540036010742188,1.63,0,-5399.92822265625
100000000000000000000004,1,923125000,0,-51,4.828971520264,0,0,0.540036010742188,1.63,0,-5399.92822265625
100000000000000000000000,1,923125000,0,-60,3.31953442498453,0,0,0.540036010742188,1.63,0,-5399.92822265625
100000000000000000000003,1,923125000,0,-45.5,3.28271888607527,0,0,0.540036010742188,1.63,0,-5399.92822265625
100000000000000000000002,1,923125000,0,-42,0.484737928971863,0,0,0.540036010742188,1.63,0,-5399.92822265625
100000000000000000000001,1,923125000,0,-44.5,3.79200050765331,0,0,0.540036010742188,1.63,0,-5399.92822265625
100000000000000000000002,1,923125000,0,-42,0.472466082668777,0,0,0.540036010742188,1.63,0,-5399.92822265625
100000000000000000000000,1,923125000,0,-59.5,3.28271888607527,0,0,0.540036010742188,1.63,0,-5399.92822265625
100000000000000000000001,1,923125000,0,-44.5,3.78586458450176,0,0,0.540036010742188,1.63,0,-5399.92822265625
100000000000000000000003,1,923125000,0,-45.5,3.2581751934691,0,0,0.540036010742188,1.63,0,-5399.92822265625
100000000000000000000004,1,923125000,0,-51,4.89646667493097,0,0,0.540036010742188,1.63,0,-5399.92822265625
100000000000000000000004,1,923125000,0,-51,4.88419482862788,0,0,0.540036010742188,1.63,0,-5399.92822265625
100000000000000000000000,1,923125000,0,-60,3.24590334716602,0,0,0.540036010742188,1.63,0,-5399.92822265625
100000000000000000000001,1,923125000,0,-44.5,3.80427235395639,0,0,0.540036010742188,1.63,0,-5399.92822265625
100000000000000000000002,1,923125000,0,-42,0.472466082668777,0,0,0.540036010742188,1.63,0,-5399.92822265625
100000000000000000000003,1,923125000,0,-45.5,3.26431111662064,0,0,0.540036010742188,1.63,0,-5399.92822265625
100000000000000000000001,1,923125000,0,-44.5,3.79813643080485,0,0,0.540036010742188,1.63,0,-5399.92822265625
100000000000000000000000,1,923125000,0,-60,3.23976742401447,0,0,0.540036010742188,1.63,0,-5399.92822265625
100000000000000000000002,1,923125000,0,-42,0.466330159517235,0,0,0.540036010742188,1.63,0,-5399.92822265625
100000000000000000000003,1,923125000,0,-45.5,3.27658296292373,0,0,0.540036010742188,1.63,0,-5399.92822265625
100000000000000000000004,1,923125000,0,-51,4.88419482862788,0,0,0.540036010742188,1.63,0,-5399.92822265625
100000000000000000000000,1,923125000,0,-59.5,3.29499073237836,0,0,0.540036010742188,1.63,0,-5399.92822265625
100000000000000000000003,1,923125000,0,-45.5,3.26431111662064,0,0,0.540036010742188,1.63,0,-5399.92822265625
100000000000000000000002,1,923125000,0,-42,0.47860200582032,0,0,0.540036010742188,1.63,0,-5399.92822265625
100000000000000000000004,1,923125000,0,-51,4.86578705917325,0,0,0.540036010742188,1.63,0,-5399.92822265625
100000000000000000000001,1,923125000,0,-44.5,3.80427235395639,0,0,0.540036010742188,1.63,0,-5399.92822265625
100000000000000000000000,1,923125000,0,-59.5,3.28885480922681,0,0,0.540036010742188,1.63,0,-5399.92822265625
100000000000000000000002,1,923125000,0,-42,0.466330159517235,0,0,0.540036010742188,1.63,0,-5399.92822265625
100000000000000000000001,1,923125000,0,-44.5,3.79200050765331,0,0,0.540036010742188,1.63,0,-5399.92822265625
100000000000000000000003,1,923125000,0,-45.5,3.27658296292373,0,0,0.540036010742188,1.63,0,-5399.92822265625
100000000000000000000004,1,923125000,0,-51,4.87805890547634,0,0,0.540036010742188,1.63,0,-5399.92822265625
100000000000000000000002,1,923125000,0,-42,0.490873852123405,0,0,0.540036010742188,1.63,0,-5399.92822265625
100000000000000000000003,1,923125000,0,-45.5,3.2581751934691,0,0,0.540036010742188,1.63,0,-5399.92822265625
100000000000000000000001,1,923125000,0,-44.5,3.80427235395639,0,0,0.540036010742188,1.63,0,-5399.92822265625
100000000000000000000004,1,923125000,0,-51,4.84124336656708,0,0,0.540036010742188,1.63,0,-5399.92822265625
100000000000000000000000,1,923125000,0,-60,3.25203927031756,0,0,0.540036010742188,1.63,0,-5399.92822265625
100000000000000000000000,1,923125000,0,-59.5,3.29499073237836,0,0,0.540036010742188,1.63,0,-5399.92822265625
100000000000000000000004,1,923125000,0,-51,4.8719229823248,0,0,0.540036010742188,1.63,0,-5399.92822265625
100000000000000000000001,1,923125000,0,-44.5,3.79813643080485,0,0,0.540036010742188,1.63,0,-5399.92822265625
100000000000000000000002,1,923125000,0,-42,0.472466082668777,0,0,0.540036010742188,1.63,0,-5399.92822265625
100000000000000000000003,1,923125000,0,-45.5,3.27044703977219,0,0,0.540036010742188,1.63,0,-5399.92822265625
100000000000000000000003,1,923125000,0,-45.5,3.2581751934691,0,0,0.540036010742188,1.63,0,-5399.92822265625
100000000000000000000002,1,923125000,0,-42,0.460194236365693,0,0,0.540036010742188,1.63,0,-5399.92822265625
100000000000000000000001,1,923125000,0,-44.5,3.79813643080485,0,0,0.540036010742188,1.63,0,-5399.92822265625
100000000000000000000004,1,923125000,0,-51,4.81056375080937,0,0,0.540036010742188,1.63,0,-5399.92822265625
100000000000000000000000,1,923125000,0,-60,3.2581751934691,0,0,0.540036010742188,1.63,0,-5399.92822265625
100000000000000000000001,1,923125000,0,-44.5,3.79813643080485,0,0,0.540036010742188,1.63,0,-5399.92822265625
100000000000000000000000,1,923125000,0,-60,3.27044703977219,0,0,0.540036010742188,1.63,0,-5399.92822265625
100000000000000000000002,1,923125000,0,-42,0.460194236365693,0,0,0.540036010742188,1.63,0,-5399.92822265625
100000000000000000000003,1,923125000,0,-45.5,3.3011266555299,0,0,0.540036010742188,1.63,0,-5399.92822265625
100000000000000000000004,1,923125000,0,-51,4.85351521287017,0,0,0.540036010742188,1.63,0,-5399.92822265625
100000000000000000000000,1,923125000,0,-60,3.29499073237836,0,0,0.540036010742188,1.63,0,-5399.92822265625
100000000000000000000004,1,923125000,0,-51,4.8719229823248,0,0,0.540036010742188,1.63,0,-5399.92822265625
100000000000000000000003,1,923125000,0,-45.5,3.25203927031756,0,0,0.540036010742188,1.63,0,-5399.92822265625
100000000000000000000001,1,923125000,0,-44.5,3.80427235395639,0,0,0.540036010742188,1.63,0,-5399.92822265625
100000000000000000000002,1,923125000,0,-42,0.45405831321415,0,0,0.540036010742188,1.63,0,-5399.92822265625
100000000000000000000000,1,923125000,0,-59.5,3.2581751934691,0,0,0.540036010742188,1.63,0,-5399.92822265625
100000000000000000000001,1,923125000,0,-44.5,3.76745681504713,0,0,0.540036010742188,1.63,0,-5399.92822265625
100000000000000000000004,1,923125000,0,-51,4.89033075177942,0,0,0.540036010742188,1.63,0,-5399.92822265625
100000000000000000000003,1,923125000,0,-45.5,3.24590334716602,0,0,0.540036010742188,1.63,0,-5399.92822265625
100000000000000000000002,1,923125000,0,-42,0.47860200582032,0,0,0.540036010742188,1.63,0,-5399.92822265625
100000000000000000000004,1,923125000,0,-51,4.87805890547634,0,0,0.540036010742188,1.63,0,-5399.92822265625
100000000000000000000003,1,923125000,0,-45.5,3.28271888607527,0,0,0.540036010742188,1.63,0,-5399.92822265625
100000000000000000000002,1,923125000,0,-42,0.484737928971863,0,0,0.540036010742188,1.63,0,-5399.92822265625
100000000000000000000001,1,923125000,0,-44.5,3.81040827710793,0,0,0.540036010742188,1.63,0,-5399.92822265625
100000000000000000000000,1,923125000,0,-59.5,3.19068003880213,0,0,0.540036010742188,1.63,0,-5399.92822265625
100000000000000000000002,1,923125000,0,-42,0.460194236365693,0,0,0.540036010742188,1.63,0,-5399.92822265625
100000000000000000000001,1,923125000,0,-44.5,3.82268012341102,0,0,0.540036010742188,1.63,0,-5399.92822265625
100000000000000000000004,1,923125000,0,-51,4.83510744341554,0,0,0.540036010742188,1.63,0,-5399.92822265625
100000000000000000000003,1,923125000,0,-45.5,3.26431111662064,0,0,0.540036010742188,1.63,0,-5399.92822265625
100000000000000000000000,1,923125000,0,-59.5,3.29499073237836,0,0,0.540036010742188,1.63,0,-5399.92822265625
100000000000000000000003,1,923125000,0,-45.5,3.2581751934691,0,0,0.540036010742188,1.63,0,-5399.92822265625
100000000000000000000000,1,923125000,0,-59.5,3.3011266555299,0,0,0.540036010742188,1.63,0,-5399.92822265625
100000000000000000000004,1,923125000,0,-51,4.8719229823248,0,0,0.540036010742188,1.63,0,-5399.92822265625
100000000000000000000001,1,923125000,0,-44.5,3.79200050765331,0,0,0.540036010742188,1.63,0,-5399.92822265625
100000000000000000000002,1,923125000,0,-42,0.472466082668777,0,0,0.540036010742188,1.63,0,-5399.92822265625
100000000000000000000001,1,923125000,0,-44.5,3.80427235395639,0,0,0.540036010742188,1.63,0,-5399.92822265625
100000000000000000000004,1,923125000,0,-51,4.86578705917325,0,0,0.540036010742188,1.63,0,-5399.92822265625
100000000000000000000003,1,923125000,0,-45.5,3.27658296292373,0,0,0.540036010742188,1.63,0,-5399.92822265625
100000000000000000000000,1,923125000,0,-60,3.24590334716602,0,0,0.540036010742188,1.63,0,-5399.92822265625
100000000000000000000002,1,923125000,0,-42,0.466330159517235,0,0,0.540036010742188,1.63,0,-5399.92822265625
100000000000000000000002,1,923125000,0,-42,0.47860200582032,0,0,0.540036010742188,1.63,0,-5399.92822265625
100000000000000000000003,1,923125000,0,-45.5,3.27658296292373,0,0,0.540036010742188,1.63,0,-5399.92822265625
100000000000000000000001,1,923125000,0,-44.5,3.77972866135022,0,0,0.540036010742188,1.63,0,-5399.92822265625
100000000000000000000004,1,923125000,0,-51,4.87805890547634,0,0,0.540036010742188,1.63,0,-5399.92822265625
100000000000000000000000,1,923125000,0,-60,3.23976742401447,0,0,0.540036010742188,1.63,0,-5399.92822265625
100000000000000000000003,1,923125000,0,-45.5,3.26431111662064,0,0,0.540036010742188,1.63,0,-5399.92822265625
100000000000000000000004,1,923125000,0,-51,4.87805890547634,0,0,0.540036010742188,1.63,0,-5399.92822265625
100000000000000000000001,1,923125000,0,-44.5,3.81040827710793,0,0,0.540036010742188,1.63,0,-5399.92822265625
100000000000000000000002,1,923125000,0,-42,0.484737928971863,0,0,0.540036010742188,1.63,0,-5399.92822265625
100000000000000000000000,1,923125000,0,-60,3.26431111662064,0,0,0.540036010742188,1.63,0,-5399.92822265625
100000000000000000000000,1,923125000,0,-59.5,3.22749557771139,0,0,0.540036010742188,1.63,0,-5399.92822265625
100000000000000000000004,1,923125000,0,-51,4.8719229823248,0,0,0.540036010742188,1.63,0,-5399.92822265625
100000000000000000000001,1,923125000,0,-44.5,3.82268012341102,0,0,0.540036010742188,1.63,0,-5399.92822265625
100000000000000000000002,1,923125000,0,-42,0.45405831321415,0,0,0.540036010742188,1.63,0,-5399.92822265625
100000000000000000000003,1,923125000,0,-45.5,3.27044703977219,0,0,0.540036010742188,1.63,0,-5399.92822265625
100000000000000000000003,1,923125000,0,-45.5,3.28271888607527,0,0,0.540036010742188,1.63,0,-5399.92822265625
100000000000000000000004,1,923125000,0,-51,4.87805890547634,0,0,0.540036010742188,1.63,0,-5399.92822265625
100000000000000000000002,1,923125000,0,-42,0.466330159517235,0,0,0.540036010742188,1.63,0,-5399.92822265625
100000000000000000000001,1,923125000,0,-44.5,3.81040827710793,0,0,0.540036010742188,1.63,0,-5399.92822265625
100000000000000000000000,1,923125000,0,-60,3.28271888607527,0,0,0.540036010742188,1.63,0,-5399.92822265625
100000000000000000000000,1,923125000,0,-59.5,3.23363150086293,0,0,0.540036010742188,1.63,0,-5399.92822265625
100000000000000000000004,1,923125000,0,-51,4.8719229823248,0,0,0.540036010742188,1.63,0,-5399.92822265625
100000000000000000000001,1,923125000,0,-44.5,3.80427235395639,0,0,0.540036010742188,1.63,0,-5399.92822265625
100000000000000000000003,1,923125000,0,-45,3.26431111662064,0,0,0.540036010742188,1.63,0,-5399.92822265625
100000000000000000000002,1,923125000,0,-42,0.472466082668777,0,0,0.540036010742188,1.63,0,-5399.92822265625
100000000000000000000002,1,923125000,0,-42,0.472466082668777,0,0,0.540036010742188,1.63,0,-5399.92822265625
100000000000000000000001,1,923125000,0,-44.5,3.79200050765331,0,0,0.540036010742188,1.63,0,-5399.92822265625
100000000000000000000004,1,923125000,0,-51,4.85965113602171,0,0,0.540036010742188,1.63,0,-5399.92822265625
100000000000000000000000,1,923125000,0,-60,3.2581751934691,0,0,0.540036010742188,1.63,0,-5399.92822265625
100000000000000000000003,1,923125000,0,-45.5,3.26431111662064,0,0,0.540036010742188,1.63,0,-5399.92822265625
100000000000000000000004,1,923125000,0,-51,4.90260259808251,0,0,0.540036010742188,1.63,0,-5399.92822265625
100000000000000000000002,1,923125000,0,-42,0.45405831321415,0,0,0.540036010742188,1.63,0,-5399.92822265625
100000000000000000000001,1,923125000,0,-44.5,3.79813643080485,0,0,0.540036010742188,1.63,0,-5399.92822265625
100000000000000000000003,1,923125000,0,-45.5,3.23976742401447,0,0,0.540036010742188,1.63,0,-5399.92822265625
100000000000000000000000,1,923125000,0,-60,3.26431111662064,0,0,0.540036010742188,1.63,0,-5399.92822265625
100000000000000000000002,1,923125000,0,-42,0.460194236365693,0,0,0.540036010742188,1.63,0,-5399.92822265625
100000000000000000000000,1,923125000,0,-59.5,3.3011266555299,0,0,0.540036010742188,1.63,0,-5399.92822265625
100000000000000000000004,1,923125000,0,-51,4.90260259808251,0,0,0.540036010742188,1.63,0,-5399.92822265625
100000000000000000000003,1,923125000,0,-45.5,3.2581751934691,0,0,0.540036010742188,1.63,0,-5399.92822265625
100000000000000000000001,1,923125000,0,-44.5,3.79813643080485,0,0,0.540036010742188,1.63,0,-5399.92822265625
100000000000000000000001,1,923125000,0,-44.5,3.82268012341102,0,0,0.540036010742188,1.63,0,-5399.92822265625
100000000000000000000004,1,923125000,0,-51,4.86578705917325,0,0,0.540036010742188,1.63,0,-5399.92822265625
100000000000000000000003,1,923125000,0,-45.5,3.28271888607527,0,0,0.540036010742188,1.63,0,-5399.92822265625
100000000000000000000002,1,923125000,0,-42,0.466330159517235,0,0,0.540036010742188,1.63,0,-5399.92822265625
100000000000000000000000,1,923125000,0,-60,3.27044703977219,0,0,0.540036010742188,1.63,0,-5399.92822265625
100000000000000000000003,1,923125000,0,-45.5,3.2581751934691,0,0,0.540036010742188,1.63,0,-5399.92822265625
100000000000000000000000,1,923125000,0,-59.5,3.25203927031756,0,0,0.540036010742188,1.63,0,-5399.92822265625
100000000000000000000001,1,923125000,0,-44.5,3.79813643080485,0,0,0.540036010742188,1.63,0,-5399.92822265625
100000000000000000000004,1,923125000,0,-51,4.8719229823248,0,0,0.540036010742188,1.63,0,-5399.92822265625
100000000000000000000002,1,923125000,0,-42,0.490873852123405,0,0,0.540036010742188,1.63,0,-5399.92822265625
100000000000000000000001,1,923125000,0,-44.5,3.80427235395639,0,0,0.540036010742188,1.63,0,-5399.92822265625
100000000000000000000000,1,923125000,0,-60,3.2581751934691,0,0,0.540036010742188,1.63,0,-5399.92822265625
100000000000000000000004,1,923125000,0,-51,4.88419482862788,0,0,0.540036010742188,1.63,0,-5399.92822265625
100000000000000000000003,1,923125000,0,-45.5,3.27658296292373,0,0,0.540036010742188,1.63,0,-5399.92822265625
100000000000000000000002,1,923125000,0,-42,0.447922390062607,0,0,0.540036010742188,1.63,0,-5399.92822265625
100000000000000000000002,1,923125000,0,-42,0.47860200582032,0,0,0.540036010742188,1.63,0,-5399.92822265625
100000000000000000000000,1,923125000,0,-60,3.2152237314083,0,0,0.540036010742188,1.63,0,-5399.92822265625
100000000000000000000003,1,923125000,0,-45,3.2581751934691,0,0,0.540036010742188,1.63,0,-5399.92822265625
100000000000000000000004,1,923125000,0,-51,4.88419482862788,0,0,0.540036010742188,1.63,0,-5399.92822265625
100000000000000000000001,1,923125000,0,-44.5,3.79200050765331,0,0,0.540036010742188,1.63,0,-5399.92822265625
100000000000000000000004,1,923125000,0,-51,4.85351521287017,0,0,0.540036010742188,1.63,0,-5399.92822265625
100000000000000000000000,1,923625000,0,-60,3.5895150436524,0,0,0.540036010742188,1.63,0,-5399.92822265625
100000000000000000000001,1,923625000,0,-44.5,4.04357335686655,0,0,0.540036010742188,1.63,0,-5399.92822265625
100000000000000000000003,1,923625000,0,-45,3.50974804268235,0,0,0.540036010742188,1.63,0,-5399.92822265625
100000000000000000000002,1,923625000,0,-42,0.711767085578938,0,0,0.540036010742188,1.63,0,-5399.92822265625
100000000000000000000004,1,923625000,0,-50.5,5.14190360099267,0,0,0.540036010742188,1.63,0,-5399.92822265625
100000000000000000000000,1,923625000,0,-60,3.60792281310703,0,0,0.540036010742188,1.63,0,-5399.92822265625
100000000000000000000003,1,923625000,0,-45,3.5036121195308,0,0,0.540036010742188,1.63,0,-5399.92822265625
100000000000000000000002,1,923625000,0,-42.5,0.687223392972768,0,0,0.540036010742188,1.63,0,-5399.92822265625
100000000000000000000001,1,923625000,0,-44.5,4.04357335686655,0,0,0.540036010742188,1.63,0,-5399.92822265625
100000000000000000000003,1,923625000,0,-45,3.5036121195308,0,0,0.540036010742188,1.63,0,-5399.92822265625
100000000000000000000001,1,923625000,0,-44.5,4.05584520316964,0,0,0.540036010742188,1.63,0,-5399.92822265625
100000000000000000000002,1,923625000,0,-42.5,0.724038931882022,0,0,0.540036010742188,1.63,0,-5399.92822265625
100000000000000000000000,1,923625000,0,-59.5,3.63860242886474,0,0,0.540036010742188,1.63,0,-5399.92822265625
100000000000000000000004,1,923625000,0,-50.5,5.12963175468958,0,0,0.540036010742188,1.63,0,-5399.92822265625
100000000000000000000000,1,923625000,0,-60,3.56497135104623,0,0,0.540036010742188,1.63,0,-5399.92822265625
100000000000000000000003,1,923625000,0,-45,3.47906842692463,0,0,0.540036010742188,1.63,0,-5399.92822265625
100000000000000000000001,1,923625000,0,-44.5,4.04357335686655,0,0,0.540036010742188,1.63,0,-5399.92822265625
100000000000000000000002,1,923625000,0,-42.5,0.681087469821224,0,0,0.540036010742188,1.63,0,-5399.92822265625
100000000000000000000004,1,923625000,0,-50.5,5.14803952414421,0,0,0.540036010742188,1.63,0,-5399.92822265625
100000000000000000000003,1,923625000,0,-45,3.50974804268235,0,0,0.540036010742188,1.63,0,-5399.92822265625
100000000000000000000002,1,923625000,0,-42.5,0.699495239275852,0,0,0.540036010742188,1.63,0,-5399.92822265625
100000000000000000000001,1,923625000,0,-44.5,4.03130151056346,0,0,0.540036010742188,1.63,0,-5399.92822265625
100000000000000000000004,1,923625000,0,-50.5,5.11122398523496,0,0,0.540036010742188,1.63,0,-5399.92822265625
100000000000000000000000,1,923625000,0,-60,3.49134027322772,0,0,0.540036010742188,1.63,0,-5399.92822265625
100000000000000000000001,1,923625000,0,-44.5,4.05584520316964,0,0,0.540036010742188,1.63,0,-5399.92822265625
100000000000000000000003,1,923625000,0,-45,3.49134027322772,0,0,0.540036010742188,1.63,0,-5399.92822265625
100000000000000000000000,1,923625000,0,-60,3.64473835201628,0,0,0.540036010742188,1.63,0,-5399.92822265625
100000000000000000000004,1,923625000,0,-50.5,5.14190360099267,0,0,0.540036010742188,1.63,0,-5399.92822265625
100000000000000000000002,1,923625000,0,-42.5,0.687223392972768,0,0,0.540036010742188,1.63,0,-5399.92822265625
100000000000000000000001,1,923625000,0,-44.5,4.04357335686655,0,0,0.540036010742188,1.63,0,-5399.92822265625
100000000000000000000000,1,923625000,0,-60.5,3.62633058256166,0,0,0.540036010742188,1.63,0,-5399.92822265625
100000000000000000000003,1,923625000,0,-45,3.52201988898543,0,0,0.540036010742188,1.63,0,-5399.92822265625
100000000000000000000002,1,923625000,0,-42.5,0.711767085578938,0,0,0.540036010742188,1.63,0,-5399.92822265625
100000000000000000000004,1,923625000,0,-50.5,5.12349583153804,0,0,0.540036010742188,1.63,0,-5399.92822265625
100000000000000000000000,1,923625000,0,-60,3.5895150436524,0,0,0.540036010742188,1.63,0,-5399.92822265625
100000000000000000000004,1,923625000,0,-50.5,5.14803952414421,0,0,0.540036010742188,1.63,0,-5399.92822265625
100000000000000000000003,1,923625000,0,-45,3.51588396583389,0,0,0.540036010742188,1.63,0,-5399.92822265625
100000000000000000000001,1,923625000,0,-44.5,4.05584520316964,0,0,0.540036010742188,1.63,0,-5399.92822265625
100000000000000000000002,1,923625000,0,-42.5,0.705631162427395,0,0,0.540036010742188,1.63,0,-5399.92822265625
100000000000000000000000,1,923625000,0,-60,3.6324665057132,0,0,0.540036010742188,1.63,0,-5399.92822265625
100000000000000000000004,1,923625000,0,-50.5,5.14803952414421,0,0,0.540036010742188,1.63,0,-5399.92822265625
100000000000000000000003,1,923625000,0,-45,3.50974804268235,0,0,0.540036010742188,1.63,0,-5399.92822265625
100000000000000000000002,1,923625000,0,-42.5,0.687223392972768,0,0,0.540036010742188,1.63,0,-5399.92822265625
100000000000000000000001,1,923625000,0,-44.5,4.04357335686655,0,0,0.540036010742188,1.63,0,-5399.92822265625
100000000000000000000003,1,923625000,0,-45,3.51588396583389,0,0,0.540036010742188,1.63,0,-5399.92822265625
100000000000000000000002,1,923625000,0,-42.5,0.69335931612431,0,0,0.540036010742188,1.63,0,-5399.92822265625
100000000000000000000004,1,923625000,0,-50.5,5.14803952414421,0,0,0.540036010742188,1.63,0,-5399.92822265625
100000000000000000000001,1,923625000,0,-44.5,4.06198112632118,0,0,0.540036010742188,1.63,0,-5399.92822265625
100000000000000000000000,1,923625000,0,-60.5,3.66314612147091,0,0,0.540036010742188,1.63,0,-5399.92822265625
100000000000000000000003,1,923625000,0,-45,3.50974804268235,0,0,0.540036010742188,1.63,0,-5399.92822265625
100000000000000000000002,1,923625000,0,-42.5,0.711767085578938,0,0,0.540036010742188,1.63,0,-5399.92822265625
100000000000000000000000,1,923625000,0,-60.5,3.60178688995549,0,0,0.540036010742188,1.63,0,-5399.92822265625
100000000000000000000001,1,923625000,0,-44.5,4.03130151056346,0,0,0.540036010742188,1.63,0,-5399.92822265625
100000000000000000000004,1,923625000,0,-50.5,5.14190360099267,0,0,0.540036010742188,1.63,0,-5399.92822265625
100000000000000000000000,1,923625000,0,-60,3.61405873625857,0,0,0.540036010742188,1.63,0,-5399.92822265625
100000000000000000000003,1,923625000,0,-45,3.50974804268235,0,0,0.540036010742188,1.63,0,-5399.92822265625
100000000000000000000002,1,923625000,0,-42.5,0.736310778185108,0,0,0.540036010742188,1.63,0,-5399.92822265625
100000000000000000000001,1,923625000,0,-44.5,4.05584520316964,0,0,0.540036010742188,1.63,0,-5399.92822265625
100000000000000000000004,1,923625000,0,-51,5.15417544729575,0,0,0.540036010742188,1.63,0,-5399.92822265625
100000000000000000000003,1,923625000,0,-45,3.52201988898543,0,0,0.540036010742188,1.63,0,-5399.92822265625
100000000000000000000001,1,923625000,0,-44.5,4.06198112632118,0,0,0.540036010742188,1.63,0,-5399.92822265625
100000000000000000000004,1,923625000,0,-50.5,5.12349583153804,0,0,0.540036010742188,1.63,0,-5399.92822265625
100000000000000000000002,1,923625000,0,-42.5,0.681087469821224,0,0,0.540036010742188,1.63,0,-5399.92822265625
100000000000000000000000,1,923625000,0,-60,3.56497135104623,0,0,0.540036010742188,1.63,0,-5399.92822265625
100000000000000000000000,1,923625000,0,-60,3.57724319734932,0,0,0.540036010742188,1.63,0,-5399.92822265625
100000000000000000000003,1,923625000,0,-45,3.51588396583389,0,0,0.540036010742188,1.63,0,-5399.92822265625
100000000000000000000002,1,923625000,0,-42.5,0.681087469821224,0,0,0.540036010742188,1.63,0,-5399.92822265625
100000000000000000000004,1,923625000,0,-50.5,5.12963175468958,0,0,0.540036010742188,1.63,0,-5399.92822265625
100000000000000000000001,1,923625000,0,-44.5,4.04970928001809,0,0,0.540036010742188,1.63,0,-5399.92822265625
100000000000000000000000,1,923625000,0,-60,3.56497135104623,0,0,0.540036010742188,1.63,0,-5399.92822265625
100000000000000000000002,1,923625000,0,-42.5,0.730174855033566,0,0,0.540036010742188,1.63,0,-5399.92822265625
100000000000000000000001,1,923625000,0,-44.5,4.05584520316964,0,0,0.540036010742188,1.63,0,-5399.92822265625
100000000000000000000003,1,923625000,0,-45,3.5036121195308,0,0,0.540036010742188,1.63,0,-5399.92822265625
100000000000000000000004,1,923625000,0,-50.5,5.14190360099267,0,0,0.540036010742188,1.63,0,-5399.92822265625
100000000000000000000000,1,923625000,0,-60,3.5465635815916,0,0,0.540036010742188,1.63,0,-5399.92822265625
100000000000000000000003,1,923625000,0,-45,3.48520435007618,0,0,0.540036010742188,1.63,0,-5399.92822265625
100000000000000000000004,1,923625000,0,-50.5,5.10508806208341,0,0,0.540036010742188,1.63,0,-5399.92822265625
100000000000000000000001,1,923625000,0,-44.5,4.04970928001809,0,0,0.540036010742188,1.63,0,-5399.92822265625
100000000000000000000002,1,923625000,0,-42.5,0.71790300873048,0,0,0.540036010742188,1.63,0,-5399.92822265625
100000000000000000000001,1,923625000,0,-44.5,4.04970928001809,0,0,0.540036010742188,1.63,0,-5399.92822265625
100000000000000000000002,1,923625000,0,-42.5,0.711767085578938,0,0,0.540036010742188,1.63,0,-5399.92822265625
100000000000000000000000,1,923625000,0,-60,3.61405873625857,0,0,0.540036010742188,1.63,0,-5399.92822265625
100000000000000000000003,1,923625000,0,-45,3.49747619637926,0,0,0.540036010742188,1.63,0,-5399.92822265625
100000000000000000000004,1,923625000,0,-50.5,5.1173599083865,0,0,0.540036010742188,1.63,0,-5399.92822265625
100000000000000000000004,1,923625000,0,-50.5,5.14803952414421,0,0,0.540036010742188,1.63,0,-5399.92822265625
100000000000000000000003,1,923625000,0,-45,3.5036121195308,0,0,0.540036010742188,1.63,0,-5399.92822265625
100000000000000000000000,1,923625000,0,-60,3.57110727419777,0,0,0.540036010742188,1.63,0,-5399.92822265625
100000000000000000000002,1,923625000,0,-42.5,0.705631162427395,0,0,0.540036010742188,1.63,0,-5399.92822265625
100000000000000000000001,1,923625000,0,-44.5,4.05584520316964,0,0,0.540036010742188,1.63,0,-5399.92822265625
100000000000000000000000,1,923625000,0,-60.5,3.53429173528852,0,0,0.540036010742188,1.63,0,-5399.92822265625
100000000000000000000003,1,923625000,0,-45,3.49747619637926,0,0,0.540036010742188,1.63,0,-5399.92822265625
100000000000000000000002,1,923625000,0,-42.5,0.69335931612431,0,0,0.540036010742188,1.63,0,-5399.92822265625
100000000000000000000001,1,923625000,0,-44.5,4.03130151056346,0,0,0.540036010742188,1.63,0,-5399.92822265625
100000000000000000000004,1,923625000,0,-50.5,5.1603113704473,0,0,0.540036010742188,1.63,0,-5399.92822265625
100000000000000000000001,1,923625000,0,-44.5,4.05584520316964,0,0,0.540036010742188,1.63,0,-5399.92822265625
100000000000000000000003,1,923625000,0,-45,3.48520435007618,0,0,0.540036010742188,1.63,0,-5399.92822265625
100000000000000000000004,1,923625000,0,-50.5,5.12963175468958,0,0,0.540036010742188,1.63,0,-5399.92822265625
100000000000000000000002,1,923625000,0,-42.5,0.711767085578938,0,0,0.540036010742188,1.63,0,-5399.92822265625
100000000000000000000000,1,923625000,0,-60,3.65087427516783,0,0,0.540036010742188,1.63,0,-5399.92822265625
100000000000000000000002,1,923625000,0,-42.5,0.711767085578938,0,0,0.540036010742188,1.63,0,-5399.92822265625
100000000000000000000001,1,923625000,0,-44.5,4.01289374110884,0,0,0.540036010742188,1.63,0,-5399.92822265625
100000000000000000000003,1,923625000,0,-45,3.52201988898543,0,0,0.540036010742188,1.63,0,-5399.92822265625
100000000000000000000004,1,923625000,0,-50.5,5.14190360099267,0,0,0.540036010742188,1.63,0,-5399.92822265625
100000000000000000000000,1,923625000,0,-60,3.62019465941011,0,0,0.540036010742188,1.63,0,-5399.92822265625
100000000000000000000004,1,923625000,0,-50.5,5.13576767784113,0,0,0.540036010742188,1.63,0,-5399.92822265625
100000000000000000000001,1,923625000,0,-44.5,4.06811704947272,0,0,0.540036010742188,1.63,0,-5399.92822265625
100000000000000000000002,1,923625000,0,-42.5,0.687223392972768,0,0,0.540036010742188,1.63,0,-5399.92822265625
100000000000000000000003,1,923625000,0,-45,3.50974804268235,0,0,0.540036010742188,1.63,0,-5399.92822265625
100000000000000000000000,1,923625000,0,-60,3.57724319734932,0,0,0.540036010742188,1.63,0,-5399.92822265625
100000000000000000000004,1,923625000,0,-50.5,5.17871913990192,0,0,0.540036010742188,1.63,0,-5399.92822265625
100000000000000000000003,1,923625000,0,-45,3.49747619637926,0,0,0.540036010742188,1.63,0,-5399.92822265625
100000000000000000000000,1,923625000,0,-59.5,3.58337912050086,0,0,0.540036010742188,1.63,0,-5399.92822265625
100000000000000000000002,1,923625000,0,-42.5,0.711767085578938,0,0,0.540036010742188,1.63,0,-5399.92822265625
100000000000000000000001,1,923625000,0,-44.5,4.04357335686655,0,0,0.540036010742188,1.63,0,-5399.92822265625
100000000000000000000002,1,923625000,0,-42.5,0.705631162427395,0,0,0.540036010742188,1.63,0,-5399.92822265625
100000000000000000000001,1,923625000,0,-44.5,4.02516558741192,0,0,0.540036010742188,1.63,0,-5399.92822265625
100000000000000000000003,1,923625000,0,-45,3.48520435007618,0,0,0.540036010742188,1.63,0,-5399.92822265625
100000000000000000000000,1,923625000,0,-60,3.53429173528852,0,0,0.540036010742188,1.63,0,-5399.92822265625
100000000000000000000004,1,923625000,0,-50.5,5.14190360099267,0,0,0.540036010742188,1.63,0,-5399.92822265625
100000000000000000000002,1,923625000,0,-42.5,0.69335931612431,0,0,0.540036010742188,1.63,0,-5399.92822265625
100000000000000000000001,1,923625000,0,-44.5,4.03743743371501,0,0,0.540036010742188,1.63,0,-5399.92822265625
100000000000000000000003,1,923625000,0,-45,3.5036121195308,0,0,0.540036010742188,1.63,0,-5399.92822265625
100000000000000000000004,1,923625000,0,-51,5.14803952414421,0,0,0.540036010742188,1.63,0,-5399.92822265625
100000000000000000000000,1,923625000,0,-60.5,3.48520435007618,0,0,0.540036010742188,1.63,0,-5399.92822265625
100000000000000000000004,1,923625000,0,-50.5,5.12349583153804,0,0,0.540036010742188,1.63,0,-5399.92822265625
100000000000000000000000,1,923625000,0,-60,3.60792281310703,0,0,0.540036010742188,1.63,0,-5399.92822265625
100000000000000000000002,1,923625000,0,-42.5,0.681087469821224,0,0,0.540036010742188,1.63,0,-5399.92822265625
100000000000000000000001,1,923625000,0,-44.5,4.04357335686655,0,0,0.540036010742188,1.63,0,-5399.92822265625
100000000000000000000003,1,923625000,0,-45,3.50974804268235,0,0,0.540036010742188,1.63,0,-5399.92822265625
100000000000000000000000,1,923625000,0,-60,3.62633058256166,0,0,0.540036010742188,1.63,0,-5399.92822265625
100000000000000000000002,1,923625000,0,-42.5,0.699495239275852,0,0,0.540036010742188,1.63,0,-5399.92822265625
100000000000000000000004,1,923625000,0,-50.5,5.15417544729575,0,0,0.540036010742188,1.63,0,-5399.92822265625
100000000000000000000001,1,923625000,0,-44.5,4.04970928001809,0,0,0.540036010742188,1.63,0,-5399.92822265625
100000000000000000000003,1,923625000,0,-45,3.48520435007618,0,0,0.540036010742188,1.63,0,-5399.92822265625
100000000000000000000001,1,923625000,0,-44.5,4.04357335686655,0,0,0.540036010742188,1.63,0,-5399.92822265625
100000000000000000000004,1,923625000,0,-50.5,5.15417544729575,0,0,0.540036010742188,1.63,0,-5399.92822265625
100000000000000000000003,1,923625000,0,-45,3.5036121195308,0,0,0.540036010742188,1.63,0,-5399.92822265625
100000000000000000000002,1,923625000,0,-42.5,0.711767085578938,0,0,0.540036010742188,1.63,0,-5399.92822265625
100000000000000000000000,1,923625000,0,-60,3.57724319734932,0,0,0.540036010742188,1.63,0,-5399.92822265625
100000000000000000000004,1,923625000,0,-50.5,5.14190360099267,0,0,0.540036010742188,1.63,0,-5399.92822265625
100000000000000000000002,1,923625000,0,-42.5,0.699495239275852,0,0,0.540036010742188,1.63,0,-5399.92822265625
100000000000000000000001,1,923625000,0,-44.5,4.04357335686655,0,0,0.540036010742188,1.63,0,-5399.92822265625
100000000000000000000000,1,923625000,0,-60,3.52201988898543,0,0,0.540036010742188,1.63,0,-5399.92822265625
100000000000000000000003,1,923625000,0,-45,3.5036121195308,0,0,0.540036010742188,1.63,0,-5399.92822265625
100000000000000000000003,1,923625000,0,-45,3.5036121195308,0,0,0.540036010742188,1.63,0,-5399.92822265625
100000000000000000000000,1,923625000,0,-60.5,3.5895150436524,0,0,0.540036010742188,1.63,0,-5399.92822265625
100000000000000000000004,1,923625000,0,-50.5,5.11122398523496,0,0,0.540036010742188,1.63,0,-5399.92822265625
100000000000000000000002,1,923625000,0,-42.5,0.705631162427395,0,0,0.540036010742188,1.63,0,-5399.92822265625
100000000000000000000001,1,923625000,0,-44.5,4.04970928001809,0,0,0.540036010742188,1.63,0,-5399.92822265625
100000000000000000000001,1,923625000,0,-44.5,4.04357335686655,0,0,0.540036010742188,1.63,0,-5399.92822265625
100000000000000000000003,1,923625000,0,-45,3.52201988898543,0,0,0.540036010742188,1.63,0,-5399.92822265625
100000000000000000000000,1,923625000,0,-60,3.59565096680394,0,0,0.540036010742188,1.63,0,-5399.92822265625
100000000000000000000002,1,923625000,0,-42.5,0.711767085578938,0,0,0.540036010742188,1.63,0,-5399.92822265625
100000000000000000000004,1,923625000,0,-50.5,5.15417544729575,0,0,0.540036010742188,1.63,0,-5399.92822265625
100000000000000000000003,1,923625000,0,-45,3.5036121195308,0,0,0.540036010742188,1.63,0,-5399.92822265625
100000000000000000000002,1,923625000,0,-42.5,0.71790300873048,0,0,0.540036010742188,1.63,0,-5399.92822265625
100000000000000000000004,1,923625000,0,-50.5,5.12349583153804,0,0,0.540036010742188,1.63,0,-5399.92822265625
100000000000000000000001,1,923625000,0,-44.5,4.03743743371501,0,0,0.540036010742188,1.63,0,-5399.92822265625
100000000000000000000000,1,923625000,0,-60.5,3.56497135104623,0,0,0.540036010742188,1.63,0,-5399.92822265625
100000000000000000000002,1,923625000,0,-42.5,0.724038931882022,0,0,0.540036010742188,1.63,0,-5399.92822265625
100000000000000000000000,1,923625000,0,-60.5,3.57724319734932,0,0,0.540036010742188,1.63,0,-5399.92822265625
100000000000000000000003,1,923625000,0,-45,3.5036121195308,0,0,0.540036010742188,1.63,0,-5399.92822265625
100000000000000000000004,1,923625000,0,-50.5,5.1603113704473,0,0,0.540036010742188,1.63,0,-5399.92822265625
100000000000000000000001,1,923625000,0,-44.5,4.03743743371501,0,0,0.540036010742188,1.63,0,-5399.92822265625
100000000000000000000001,1,923625000,0,-44.5,4.05584520316964,0,0,0.540036010742188,1.63,0,-5399.92822265625
100000000000000000000002,1,923625000,0,-42.5,0.681087469821224,0,0,0.540036010742188,1.63,0,-5399.92822265625
100000000000000000000003,1,923625000,0,-45,3.5036121195308,0,0,0.540036010742188,1.63,0,-5399.92822265625
100000000000000000000004,1,923625000,0,-50.5,5.13576767784113,0,0,0.540036010742188,1.63,0,-5399.92822265625
100000000000000000000000,1,923625000,0,-60,3.5895150436524,0,0,0.540036010742188,1.63,0,-5399.92822265625
100000000000000000000000,1,923625000,0,-60.5,3.66928204462245,0,0,0.540036010742188,1.63,0,-5399.92822265625
100000000000000000000002,1,923625000,0,-42.5,0.711767085578938,0,0,0.540036010742188,1.63,0,-5399.92822265625
100000000000000000000004,1,923625000,0,-50.5,5.14190360099267,0,0,0.540036010742188,1.63,0,-5399.92822265625
100000000000000000000003,1,923625000,0,-45,3.5036121195308,0,0,0.540036010742188,1.63,0,-5399.92822265625
100000000000000000000001,1,923625000,0,-44.5,4.04357335686655,0,0,0.540036010742188,1.63,0,-5399.92822265625
100000000000000000000003,1,923625000,0,-45,3.49747619637926,0,0,0.540036010742188,1.63,0,-5399.92822265625
100000000000000000000000,1,923625000,0,-60,3.58337912050086,0,0,0.540036010742188,1.63,0,-5399.92822265625
100000000000000000000004,1,923625000,0,-50.5,5.14803952414421,0,0,0.540036010742188,1.63,0,-5399.92822265625
100000000000000000000002,1,923625000,0,-42.5,0.69335931612431,0,0,0.540036010742188,1.63,0,-5399.92822265625
100000000000000000000001,1,923625000,0,-44.5,4.06198112632118,0,0,0.540036010742188,1.63,0,-5399.92822265625
100000000000000000000000,1,923625000,0,-60,3.57110727419777,0,0,0.540036010742188,1.63,0,-5399.92822265625
100000000000000000000004,1,923625000,0,-50.5,5.12963175468958,0,0,0.540036010742188,1.63,0,-5399.92822265625
100000000000000000000002,1,923625000,0,-42.5,0.69335931612431,0,0,0.540036010742188,1.63,0,-5399.92822265625
100000000000000000000001,1,923625000,0,-44.5,4.04357335686655,0,0,0.540036010742188,1.63,0,-5399.92822265625
100000000000000000000003,1,923625000,0,-45,3.49747619637926,0,0,0.540036010742188,1.63,0,-5399.92822265625
100000000000000000000004,1,923625000,0,-50.5,5.1173599083865,0,0,0.540036010742188,1.63,0,-5399.92822265625
100000000000000000000003,1,923625000,0,-45,3.5036121195308,0,0,0.540036010742188,1.63,0,-5399.92822265625
100000000000000000000000,1,923625000,0,-60,3.5465635815916,0,0,0.540036010742188,1.63,0,-5399.92822265625
100000000000000000000001,1,923625000,0,-44.5,4.04357335686655,0,0,0.540036010742188,1.63,0,-5399.92822265625
100000000000000000000002,1,923625000,0,-42.5,0.711767085578938,0,0,0.540036010742188,1.63,0,-5399.92822265625
100000000000000000000002,1,923625000,0,-42.5,0.730174855033566,0,0,0.540036010742188,1.63,0,-5399.92822265625
100000000000000000000001,1,923625000,0,-44.5,4.04357335686655,0,0,0.540036010742188,1.63,0,-5399.92822265625
100000000000000000000004,1,923625000,0,-51,5.13576767784113,0,0,0.540036010742188,1.63,0,-5399.92822265625
100000000000000000000003,1,923625000,0,-45,3.51588396583389,0,0,0.540036010742188,1.63,0,-5399.92822265625
100000000000000000000000,1,923625000,0,-60,3.57110727419777,0,0,0.540036010742188,1.63,0,-5399.92822265625
100000000000000000000002,1,923625000,0,-42.5,0.71790300873048,0,0,0.540036010742188,1.63,0,-5399.92822265625
100000000000000000000001,1,923625000,0,-44.5,4.04970928001809,0,0,0.540036010742188,1.63,0,-5399.92822265625
100000000000000000000003,1,923625000,0,-45,3.50974804268235,0,0,0.540036010742188,1.63,0,-5399.92822265625
100000000000000000000004,1,923625000,0,-50.5,5.14190360099267,0,0,0.540036010742188,1.63,0,-5399.92822265625
100000000000000000000000,1,923625000,0,-60.5,3.61405873625857,0,0,0.540036010742188,1.63,0,-5399.92822265625
100000000000000000000004,1,923625000,0,-50.5,5.16644729359884,0,0,0.540036010742188,1.63,0,-5399.92822265625
100000000000000000000000,1,923625000,0,-60,3.5465635815916,0,0,0.540036010742188,1.63,0,-5399.92822265625
100000000000000000000002,1,923625000,0,-42.5,0.711767085578938,0,0,0.540036010742188,1.63,0,-5399.92822265625
100000000000000000000001,1,923625000,0,-44.5,4.04357335686655,0,0,0.540036010742188,1.63,0,-5399.92822265625
100000000000000000000003,1,923625000,0,-45,3.51588396583389,0,0,0.540036010742188,1.63,0,-5399.92822265625
100000000000000000000002,1,923625000,0,-42.5,0.69335931612431,0,0,0.540036010742188,1.63,0,-5399.92822265625
100000000000000000000003,1,923625000,0,-45,3.51588396583389,0,0,0.540036010742188,1.63,0,-5399.92822265625
100000000000000000000000,1,923625000,0,-60,3.52815581213697,0,0,0.540036010742188,1.63,0,-5399.92822265625
100000000000000000000001,1,923625000,0,-44.5,4.04970928001809,0,0,0.540036010742188,1.63,0,-5399.92822265625
100000000000000000000004,1,923625000,0,-50.5,5.15417544729575,0,0,0.540036010742188,1.63,0,-5399.92822265625
100000000000000000000004,1,923625000,0,-50.5,5.1603113704473,0,0,0.540036010742188,1.63,0,-5399.92822265625
100000000000000000000001,1,923625000,0,-44.5,4.05584520316964,0,0,0.540036010742188,1.63,0,-5399.92822265625
100000000000000000000000,1,923625000,0,-60,3.62633058256166,0,0,0.540036010742188,1.63,0,-5399.92822265625
100000000000000000000003,1,923625000,0,-45,3.48520435007618,0,0,0.540036010742188,1.63,0,-5399.92822265625
100000000000000000000002,1,923625000,0,-42.5,0.724038931882022,0,0,0.540036010742188,1.63,0,-5399.92822265625
100000000000000000000004,1,923625000,0,-50.5,5.15417544729575,0,0,0.540036010742188,1.63,0,-5399.92822265625
100000000000000000000001,1,923625000,0,-44.5,4.06198112632118,0,0,0.540036010742188,1.63,0,-5399.92822265625
100000000000000000000003,1,923625000,0,-45,3.52201988898543,0,0,0.540036010742188,1.63,0,-5399.92822265625
100000000000000000000002,1,923625000,0,-42.5,0.71790300873048,0,0,0.540036010742188,1.63,0,-5399.92822265625
100000000000000000000000,1,923625000,0,-60,3.55269950474315,0,0,0.540036010742188,1.63,0,-5399.92822265625
100000000000000000000001,1,923625000,0,-44.5,4.04970928001809,0,0,0.540036010742188,1.63,0,-5399.92822265625
100000000000000000000004,1,923625000,0,-50.5,5.12963175468958,0,0,0.540036010742188,1.63,0,-5399.92822265625
100000000000000000000003,1,923625000,0,-45,3.49134027322772,0,0,0.540036010742188,1.63,0,-5399.92822265625
100000000000000000000002,1,923625000,0,-42.5,0.705631162427395,0,0,0.540036010742188,1.63,0,-5399.92822265625
100000000000000000000000,1,923625000,0,-60,3.53429173528852,0,0,0.540036010742188,1.63,0,-5399.92822265625
100000000000000000000002,1,923625000,0,-42.5,0.711767085578938,0,0,0.540036010742188,1.63,0,-5399.92822265625
100000000000000000000004,1,923625000,0,-51,5.14803952414421,0,0,0.540036010742188,1.63,0,-5399.92822265625
100000000000000000000001,1,923625000,0,-44.5,4.03743743371501,0,0,0.540036010742188,1.63,0,-5399.92822265625
100000000000000000000003,1,923625000,0,-45,3.49134027322772,0,0,0.540036010742188,1.63,0,-5399.92822265625
100000000000000000000000,1,923625000,0,-60.5,3.49747619637926,0,0,0.540036010742188,1.63,0,-5399.92822265625
100000000000000000000003,1,923625000,0,-45,3.50974804268235,0,0,0.540036010742188,1.63,0,-5399.92822265625
100000000000000000000004,1,923625000,0,-50.5,5.13576767784113,0,0,0.540036010742188,1.63,0,-5399.92822265625
100000000000000000000002,1,923625000,0,-42.5,0.699495239275852,0,0,0.540036010742188,1.63,0,-5399.92822265625
100000000000000000000001,1,923625000,0,-44.5,4.06198112632118,0,0,0.540036010742188,1.63,0,-5399.92822265625
100000000000000000000000,1,923625000,0,-60,3.57110727419777,0,0,0.540036010742188,1.63,0,-5399.92822265625
100000000000000000000003,1,923625000,0,-45,3.51588396583389,0,0,0.540036010742188,1.63,0,-5399.92822265625
100000000000000000000000,1,923625000,0,-60,3.59565096680394,0,0,0.540036010742188,1.63,0,-5399.92822265625
100000000000000000000001,1,923625000,0,-44.5,4.04357335686655,0,0,0.540036010742188,1.63,0,-5399.92822265625
100000000000000000000002,1,923625000,0,-42.5,0.724038931882022,0,0,0.540036010742188,1.63,0,-5399.92822265625
100000000000000000000004,1,923625000,0,-50.5,5.12349583153804,0,0,0.540036010742188,1.63,0,-5399.92822265625
100000000000000000000003,1,923625000,0,-45,3.49134027322772,0,0,0.540036010742188,1.63,0,-5399.92822265625
100000000000000000000001,1,923625000,0,-44.5,4.05584520316964,0,0,0.540036010742188,1.63,0,-5399.92822265625
100000000000000000000004,1,923625000,0,-50.5,5.1603113704473,0,0,0.540036010742188,1.63,0,-5399.92822265625
100000000000000000000000,1,923625000,0,-60.5,3.57110727419777,0,0,0.540036010742188,1.63,0,-5399.92822265625
100000000000000000000002,1,923625000,0,-42.5,0.69335931612431,0,0,0.540036010742188,1.63,0,-5399.92822265625
100000000000000000000003,1,923625000,0,-45,3.51588396583389,0,0,0.540036010742188,1.63,0,-5399.92822265625
100000000000000000000002,1,923625000,0,-42.5,0.699495239275852,0,0,0.540036010742188,1.63,0,-5399.92822265625
100000000000000000000004,1,923625000,0,-50.5,5.11122398523496,0,0,0.540036010742188,1.63,0,-5399.92822265625
100000000000000000000000,1,923625000,0,-60.5,3.53429173528852,0,0,0.540036010742188,1.63,0,-5399.92822265625
100000000000000000000001,1,923625000,0,-44.5,4.05584520316964,0,0,0.540036010742188,1.63,0,-5399.92822265625
100000000000000000000003,1,923625000,0,-45,3.48520435007618,0,0,0.540036010742188,1.63,0,-5399.92822265625
100000000000000000000000,1,923625000,0,-60,3.58337912050086,0,0,0.540036010742188,1.63,0,-5399.92822265625
100000000000000000000001,1,923625000,0,-44.5,4.04970928001809,0,0,0.540036010742188,1.63,0,-5399.92822265625
100000000000000000000002,1,923625000,0,-42.5,0.69335931612431,0,0,0.540036010742188,1.63,0,-5399.92822265625
100000000000000000000004,1,923625000,0,-50.5,5.11122398523496,0,0,0.540036010742188,1.63,0,-5399.92822265625
100000000000000000000001,1,923625000,0,-44.5,4.04357335686655,0,0,0.540036010742188,1.63,0,-5399.92822265625
100000000000000000000003,1,923625000,0,-45,3.47906842692463,0,0,0.540036010742188,1.63,0,-5399.92822265625
100000000000000000000002,1,923625000,0,-42.5,0.69335931612431,0,0,0.540036010742188,1.63,0,-5399.92822265625
100000000000000000000000,1,923625000,0,-60.5,3.64473835201628,0,0,0.540036010742188,1.63,0,-5399.92822265625
100000000000000000000004,1,923625000,0,-51,5.13576767784113,0,0,0.540036010742188,1.63,0,-5399.92822265625
100000000000000000000001,1,923625000,0,-44.5,4.04970928001809,0,0,0.540036010742188,1.63,0,-5399.92822265625
100000000000000000000003,1,923625000,0,-45,3.49747619637926,0,0,0.540036010742188,1.63,0,-5399.92822265625
100000000000000000000000,1,923625000,0,-60,3.60792281310703,0,0,0.540036010742188,1.63,0,-5399.92822265625
100000000000000000000004,1,923625000,0,-50.5,5.1173599083865,0,0,0.540036010742188,1.63,0,-5399.92822265625
100000000000000000000002,1,923625000,0,-42.5,0.711767085578938,0,0,0.540036010742188,1.63,0,-5399.92822265625
100000000000000000000004,1,923625000,0,-51,5.14803952414421,0,0,0.540036010742188,1.63,0,-5399.92822265625
100000000000000000000003,1,923625000,0,-45,3.5036121195308,0,0,0.540036010742188,1.63,0,-5399.92822265625
100000000000000000000002,1,923625000,0,-42.5,0.681087469821224,0,0,0.540036010742188,1.63,0,-5399.92822265625
100000000000000000000001,1,923625000,0,-44.5,4.03743743371501,0,0,0.540036010742188,1.63,0,-5399.92822265625
100000000000000000000000,1,923625000,0,-59.5,3.60178688995549,0,0,0.540036010742188,1.63,0,-5399.92822265625
100000000000000000000002,1,923625000,0,-42.5,0.699495239275852,0,0,0.540036010742188,1.63,0,-5399.92822265625
100000000000000000000003,1,923625000,0,-45,3.51588396583389,0,0,0.540036010742188,1.63,0,-5399.92822265625
100000000000000000000001,1,923625000,0,-44.5,4.03743743371501,0,0,0.540036010742188,1.63,0,-5399.92822265625
100000000000000000000004,1,923625000,0,-50.5,5.14803952414421,0,0,0.540036010742188,1.63,0,-5399.92822265625
100000000000000000000000,1,923625000,0,-60.5,3.52815581213697,0,0,0.540036010742188,1.63,0,-5399.92822265625
100000000000000000000001,1,923625000,0,-44.5,4.03743743371501,0,0,0.540036010742188,1.63,0,-5399.92822265625
100000000000000000000003,1,923625000,0,-45,3.52201988898543,0,0,0.540036010742188,1.63,0,-5399.92822265625
100000000000000000000002,1,923625000,0,-42.5,0.69335931612431,0,0,0.540036010742188,1.63,0,-5399.92822265625
100000000000000000000000,1,923625000,0,-60.5,3.56497135104623,0,0,0.540036010742188,1.63,0,-5399.92822265625
100000000000000000000004,1,923625000,0,-50.5,5.1603113704473,0,0,0.540036010742188,1.63,0,-5399.92822265625
100000000000000000000002,1,923625000,0,-42.5,0.705631162427395,0,0,0.540036010742188,1.63,0,-5399.92822265625
100000000000000000000001,1,923625000,0,-44.5,4.05584520316964,0,0,0.540036010742188,1.63,0,-5399.92822265625
100000000000000000000004,1,923625000,0,-50.5,5.13576767784113,0,0,0.540036010742188,1.63,0,-5399.92822265625
100000000000000000000003,1,923625000,0,-45,3.49747619637926,0,0,0.540036010742188,1.63,0,-5399.92822265625
100000000000000000000000,1,923625000,0,-60,3.65087427516783,0,0,0.540036010742188,1.63,0,-5399.92822265625
100000000000000000000000,1,923625000,0,-60,3.59565096680394,0,0,0.540036010742188,1.63,0,-5399.92822265625
100000000000000000000003,1,923625000,0,-45,3.5036121195308,0,0,0.540036010742188,1.63,0,-5399.92822265625
100000000000000000000001,1,923625000,0,-44.5,4.07425297262426,0,0,0.540036010742188,1.63,0,-5399.92822265625
100000000000000000000002,1,923625000,0,-42.5,0.705631162427395,0,0,0.540036010742188,1.63,0,-5399.92822265625
100000000000000000000004,1,923625000,0,-50.5,5.14190360099267,0,0,0.540036010742188,1.63,0,-5399.92822265625
100000000000000000000004,1,923625000,0,-50.5,5.13576767784113,0,0,0.540036010742188,1.63,0,-5399.92822265625
100000000000000000000002,1,923625000,0,-42.5,0.71790300873048,0,0,0.540036010742188,1.63,0,-5399.92822265625
100000000000000000000003,1,923625000,0,-45,3.49747619637926,0,0,0.540036010742188,1.63,0,-5399.92822265625
100000000000000000000001,1,923625000,0,-44.5,4.06198112632118,0,0,0.540036010742188,1.63,0,-5399.92822265625
100000000000000000000000,1,923625000,0,-60,3.55269950474315,0,0,0.540036010742188,1.63,0,-5399.92822265625
100000000000000000000002,1,923625000,0,-42.5,0.681087469821224,0,0,0.540036010742188,1.63,0,-5399.92822265625
100000000000000000000000,1,923625000,0,-60.5,3.58337912050086,0,0,0.540036010742188,1.63,0,-5399.92822265625
100000000000000000000003,1,923625000,0,-45,3.50974804268235,0,0,0.540036010742188,1.63,0,-5399.92822265625
100000000000000000000001,1,923625000,0,-44.5,4.01902966426038,0,0,0.540036010742188,1.63,0,-5399.92822265625
100000000000000000000004,1,923625000,0,-50.5,5.14190360099267,0,0,0.540036010742188,1.63,0,-5399.92822265625
100000000000000000000003,1,923625000,0,-45,3.49747619637926,0,0,0.540036010742188,1.63,0,-5399.92822265625
100000000000000000000002,1,923625000,0,-42.5,0.674951546669682,0,0,0.540036010742188,1.63,0,-5399.92822265625
100000000000000000000001,1,923625000,0,-44.5,4.05584520316964,0,0,0.540036010742188,1.63,0,-5399.92822265625
100000000000000000000000,1,923625000,0,-60,3.46679658062155,0,0,0.540036010742188,1.63,0,-5399.92822265625
100000000000000000000004,1,923625000,0,-50.5,5.14803952414421,0,0,0.540036010742188,1.63,0,-5399.92822265625
100000000000000000000004,1,923625000,0,-50.5,5.12349583153804,0,0,0.540036010742188,1.63,0,-5399.92822265625
100000000000000000000000,1,923625000,0,-60.5,3.50974804268235,0,0,0.540036010742188,1.63,0,-5399.92822265625
100000000000000000000001,1,923625000,0,-44.5,4.04970928001809,0,0,0.540036010742188,1.63,0,-5399.92822265625
100000000000000000000002,1,923625000,0,-42.5,0.681087469821224,0,0,0.540036010742188,1.63,0,-5399.92822265625
100000000000000000000003,1,923625000,0,-45,3.5036121195308,0,0,0.540036010742188,1.63,0,-5399.92822265625
100000000000000000000002,1,923625000,0,-42.5,0.687223392972768,0,0,0.540036010742188,1.63,0,-5399.92822265625
100000000000000000000004,1,923625000,0,-50.5,5.1603113704473,0,0,0.540036010742188,1.63,0,-5399.92822265625
100000000000000000000001,1,923625000,0,-44.5,4.02516558741192,0,0,0.540036010742188,1.63,0,-5399.92822265625
100000000000000000000003,1,923625000,0,-45,3.49747619637926,0,0,0.540036010742188,1.63,0,-5399.92822265625
100000000000000000000000,1,923625000,0,-60,3.65087427516783,0,0,0.540036010742188,1.63,0,-5399.92822265625
100000000000000000000004,1,923625000,0,-50.5,5.15417544729575,0,0,0.540036010742188,1.63,0,-5399.92822265625
100000000000000000000003,1,923625000,0,-45,3.49134027322772,0,0,0.540036010742188,1.63,0,-5399.92822265625
100000000000000000000002,1,923625000,0,-42.5,0.687223392972768,0,0,0.540036010742188,1.63,0,-5399.92822265625
100000000000000000000000,1,923625000,0,-60,3.53429173528852,0,0,0.540036010742188,1.63,0,-5399.92822265625
100000000000000000000001,1,923625000,0,-44.5,4.04357335686655,0,0,0.540036010742188,1.63,0,-5399.92822265625
100000000000000000000004,1,923625000,0,-50.5,5.12963175468958,0,0,0.540036010742188,1.63,0,-5399.92822265625
100000000000000000000003,1,923625000,0,-45,3.5036121195308,0,0,0.540036010742188,1.63,0,-5399.92822265625
100000000000000000000001,1,923625000,0,-44.5,4.04970928001809,0,0,0.540036010742188,1.63,0,-5399.92822265625
100000000000000000000002,1,923625000,0,-42.5,0.724038931882022,0,0,0.540036010742188,1.63,0,-5399.92822265625
100000000000000000000000,1,923625000,0,-60,3.60178688995549,0,0,0.540036010742188,1.63,0,-5399.92822265625
100000000000000000000003,1,923625000,0,-45,3.5036121195308,0,0,0.540036010742188,1.63,0,-5399.92822265625
100000000000000000000000,1,923625000,0,-60,3.5895150436524,0,0,0.540036010742188,1.63,0,-5399.92822265625
100000000000000000000002,1,923625000,0,-42.5,0.69335931612431,0,0,0.540036010742188,1.63,0,-5399.92822265625
100000000000000000000001,1,923625000,0,-44.5,4.05584520316964,0,0,0.540036010742188,1.63,0,-5399.92822265625
100000000000000000000004,1,923625000,0,-50.5,5.12349583153804,0,0,0.540036010742188,1.63,0,-5399.92822265625
100000000000000000000001,1,923625000,0,-44.5,4.05584520316964,0,0,0.540036010742188,1.63,0,-5399.92822265625
100000000000000000000003,1,923625000,0,-45,3.48520435007618,0,0,0.540036010742188,1.63,0,-5399.92822265625
100000000000000000000004,1,923625000,0,-50.5,5.1603113704473,0,0,0.540036010742188,1.63,0,-5399.92822265625
100000000000000000000000,1,923625000,0,-60,3.53429173528852,0,0,0.540036010742188,1.63,0,-5399.92822265625
100000000000000000000002,1,923625000,0,-42.5,0.71790300873048,0,0,0.540036010742188,1.63,0,-5399.92822265625
100000000000000000000001,1,923625000,0,-44.5,4.06198112632118,0,0,0.540036010742188,1.63,0,-5399.92822265625
100000000000000000000000,1,923625000,0,-60,3.61405873625857,0,0,0.540036010742188,1.63,0,-5399.92822265625
100000000000000000000004,1,923625000,0,-50.5,5.13576767784113,0,0,0.540036010742188,1.63,0,-5399.92822265625
100000000000000000000003,1,923625000,0,-45,3.49747619637926,0,0,0.540036010742188,1.63,0,-5399.92822265625
100000000000000000000002,1,923625000,0,-42.5,0.711767085578938,0,0,0.540036010742188,1.63,0,-5399.92822265625
100000000000000000000000,1,923625000,0,-60,3.50974804268235,0,0,0.540036010742188,1.63,0,-5399.92822265625
100000000000000000000002,1,923625000,0,-42.5,0.69335931612431,0,0,0.540036010742188,1.63,0,-5399.92822265625
100000000000000000000003,1,923625000,0,-45,3.5036121195308,0,0,0.540036010742188,1.63,0,-5399.92822265625
100000000000000000000004,1,923625000,0,-50.5,5.15417544729575,0,0,0.540036010742188,1.63,0,-5399.92822265625
100000000000000000000001,1,923625000,0,-44.5,4.06198112632118,0,0,0.540036010742188,1.63,0,-5399.92822265625
100000000000000000000000,1,923625000,0,-60.5,3.5895150436524,0,0,0.540036010742188,1.63,0,-5399.92822265625
100000000000000000000002,1,923625000,0,-42.5,0.705631162427395,0,0,0.540036010742188,1.63,0,-5399.92822265625
100000000000000000000004,1,923625000,0,-50.5,5.12349583153804,0,0,0.540036010742188,1.63,0,-5399.92822265625
100000000000000000000003,1,923625000,0,-45,3.49134027322772,0,0,0.540036010742188,1.63,0,-5399.92822265625
100000000000000000000001,1,923625000,0,-44.5,4.04970928001809,0,0,0.540036010742188,1.63,0,-5399.92822265625
100000000000000000000001,1,923625000,0,-44.5,4.05584520316964,0,0,0.540036010742188,1.63,0,-5399.92822265625
100000000000000000000000,1,923625000,0,-60,3.5465635815916,0,0,0.540036010742188,1.63,0,-5399.92822265625
100000000000000000000003,1,923625000,0,-45,3.51588396583389,0,0,0.540036010742188,1.63,0,-5399.92822265625
100000000000000000000004,1,923625000,0,-50.5,5.14190360099267,0,0,0.540036010742188,1.63,0,-5399.92822265625
100000000000000000000002,1,923625000,0,-42.5,0.724038931882022,0,0,0.540036010742188,1.63,0,-5399.92822265625
100000000000000000000003,1,923625000,0,-45,3.51588396583389,0,0,0.540036010742188,1.63,0,-5399.92822265625
100000000000000000000001,1,923625000,0,-44.5,4.02516558741192,0,0,0.540036010742188,1.63,0,-5399.92822265625
100000000000000000000002,1,923625000,0,-42.5,0.687223392972768,0,0,0.540036010742188,1.63,0,-5399.92822265625
100000000000000000000004,1,923625000,0,-50.5,5.14803952414421,0,0,0.540036010742188,1.63,0,-5399.92822265625
100000000000000000000000,1,923625000,0,-60.5,3.57724319734932,0,0,0.540036010742188,1.63,0,-5399.92822265625
100000000000000000000004,1,923625000,0,-50.5,5.12349583153804,0,0,0.540036010742188,1.63,0,-5399.92822265625
100000000000000000000002,1,923625000,0,-42.5,0.705631162427395,0,0,0.540036010742188,1.63,0,-5399.92822265625
100000000000000000000001,1,923625000,0,-44.5,4.06198112632118,0,0,0.540036010742188,1.63,0,-5399.92822265625
100000000000000000000000,1,923625000,0,-60,3.60792281310703,0,0,0.540036010742188,1.63,0,-5399.92822265625
100000000000000000000003,1,923625000,0,-45,3.5036121195308,0,0,0.540036010742188,1.63,0,-5399.92822265625
100000000000000000000002,1,923625000,0,-42.5,0.69335931612431,0,0,0.540036010742188,1.63,0,-5399.92822265625
100000000000000000000001,1,923625000,0,-44.5,4.03743743371501,0,0,0.540036010742188,1.63,0,-5399.92822265625
100000000000000000000003,1,923625000,0,-45,3.51588396583389,0,0,0.540036010742188,1.63,0,-5399.92822265625
100000000000000000000000,1,923625000,0,-60,3.63860242886474,0,0,0.540036010742188,1.63,0,-5399.92822265625
100000000000000000000004,1,923625000,0,-50.5,5.13576767784113,0,0,0.540036010742188,1.63,0,-5399.92822265625
100000000000000000000003,1,923625000,0,-45,3.49134027322772,0,0,0.540036010742188,1.63,0,-5399.92822265625
100000000000000000000002,1,923625000,0,-42.5,0.730174855033566,0,0,0.540036010742188,1.63,0,-5399.92822265625
100000000000000000000000,1,923625000,0,-60,3.5895150436524,0,0,0.540036010742188,1.63,0,-5399.92822265625
100000000000000000000001,1,923625000,0,-44.5,4.05584520316964,0,0,0.540036010742188,1.63,0,-5399.92822265625
100000000000000000000004,1,923625000,0,-50.5,5.14803952414421,0,0,0.540036010742188,1.63,0,-5399.92822265625
100000000000000000000002,1,923625000,0,-42.5,0.711767085578938,0,0,0.540036010742188,1.63,0,-5399.92822265625
100000000000000000000001,1,923625000,0,-44.5,4.05584520316964,0,0,0.540036010742188,1.63,0,-5399.92822265625
100000000000000000000003,1,923625000,0,-45,3.51588396583389,0,0,0.540036010742188,1.63,0,-5399.92822265625
100000000000000000000000,1,923625000,0,-60,3.50974804268235,0,0,0.540036010742188,1.63,0,-5399.92822265625
100000000000000000000004,1,923625000,0,-50.5,5.14803952414421,0,0,0.540036010742188,1.63,0,-5399.92822265625
100000000000000000000001,1,923625000,0,-44.5,4.04357335686655,0,0,0.540036010742188,1.63,0,-5399.92822265625
100000000000000000000004,1,923625000,0,-50.5,5.15417544729575,0,0,0.540036010742188,1.63,0,-5399.92822265625
100000000000000000000002,1,923625000,0,-42,0.71790300873048,0,0,0.540036010742188,1.63,0,-5399.92822265625
100000000000000000000003,1,923625000,0,-45,3.50974804268235,0,0,0.540036010742188,1.63,0,-5399.92822265625
100000000000000000000000,1,923625000,0,-60,3.60792281310703,0,0,0.540036010742188,1.63,0,-5399.92822265625
100000000000000000000004,1,923625000,0,-50.5,5.15417544729575,0,0,0.540036010742188,1.63,0,-5399.92822265625
100000000000000000000001,1,923625000,0,-44.5,4.04970928001809,0,0,0.540036010742188,1.63,0,-5399.92822265625
100000000000000000000003,1,923625000,0,-45,3.51588396583389,0,0,0.540036010742188,1.63,0,-5399.92822265625
100000000000000000000002,1,923625000,0,-42.5,0.724038931882022,0,0,0.540036010742188,1.63,0,-5399.92822265625
100000000000000000000000,1,923625000,0,-60,3.55269950474315,0,0,0.540036010742188,1.63,0,-5399.92822265625
100000000000000000000003,1,923625000,0,-45,3.50974804268235,0,0,0.540036010742188,1.63,0,-5399.92822265625
100000000000000000000001,1,923625000,0,-44.5,4.03743743371501,0,0,0.540036010742188,1.63,0,-5399.92822265625
100000000000000000000004,1,923625000,0,-50.5,5.13576767784113,0,0,0.540036010742188,1.63,0,-5399.92822265625
100000000000000000000002,1,923625000,0,-42.5,0.69335931612431,0,0,0.540036010742188,1.63,0,-5399.92822265625
100000000000000000000000,1,923625000,0,-59.5,3.55269950474315,0,0,0.540036010742188,1.63,0,-5399.92822265625
100000000000000000000001,1,923625000,0,-44.5,4.03743743371501,0,0,0.540036010742188,1.63,0,-5399.92822265625
100000000000000000000000,1,923625000,0,-60,3.53429173528852,0,0,0.540036010742188,1.63,0,-5399.92822265625
100000000000000000000004,1,923625000,0,-50.5,5.1173599083865,0,0,0.540036010742188,1.63,0,-5399.92822265625
100000000000000000000002,1,923625000,0,-42.5,0.711767085578938,0,0,0.540036010742188,1.63,0,-5399.92822265625
100000000000000000000003,1,923625000,0,-45,3.5036121195308,0,0,0.540036010742188,1.63,0,-5399.92822265625
100000000000000000000002,1,923625000,0,-42.5,0.730174855033566,0,0,0.540036010742188,1.63,0,-5399.92822265625
100000000000000000000003,1,923625000,0,-45,3.50974804268235,0,0,0.540036010742188,1.63,0,-5399.92822265625
100000000000000000000004,1,923625000,0,-50.5,5.11122398523496,0,0,0.540036010742188,1.63,0,-5399.92822265625
100000000000000000000001,1,923625000,0,-44.5,4.06198112632118,0,0,0.540036010742188,1.63,0,-5399.92822265625
100000000000000000000000,1,923625000,0,-60.5,3.57110727419777,0,0,0.540036010742188,1.63,0,-5399.92822265625
100000000000000000000000,1,923625000,0,-60,3.57110727419777,0,0,0.540036010742188,1.63,0,-5399.92822265625
100000000000000000000001,1,923625000,0,-44.5,4.06198112632118,0,0,0.540036010742188,1.63,0,-5399.92822265625
100000000000000000000002,1,923625000,0,-42.5,0.687223392972768,0,0,0.540036010742188,1.63,0,-5399.92822265625
100000000000000000000003,1,923625000,0,-45,3.51588396583389,0,0,0.540036010742188,1.63,0,-5399.92822265625
100000000000000000000004,1,923625000,0,-50.5,5.14803952414421,0,0,0.540036010742188,1.63,0,-5399.92822265625
100000000000000000000004,1,923625000,0,-50.5,5.15417544729575,0,0,0.540036010742188,1.63,0,-5399.92822265625
100000000000000000000003,1,923625000,0,-45,3.49134027322772,0,0,0.540036010742188,1.63,0,-5399.92822265625
100000000000000000000002,1,923625000,0,-42.5,0.705631162427395,0,0,0.540036010742188,1.63,0,-5399.92822265625
100000000000000000000001,1,923625000,0,-44.5,4.04970928001809,0,0,0.540036010742188,1.63,0,-5399.92822265625
100000000000000000000000,1,923625000,0,-60,3.6324665057132,0,0,0.540036010742188,1.63,0,-5399.92822265625
100000000000000000000000,1,923625000,0,-60,3.5465635815916,0,0,0.540036010742188,1.63,0,-5399.92822265625
100000000000000000000004,1,923625000,0,-50.5,5.14190360099267,0,0,0.540036010742188,1.63,0,-5399.92822265625
100000000000000000000001,1,923625000,0,-44.5,4.04970928001809,0,0,0.540036010742188,1.63,0,-5399.92822265625
100000000000000000000003,1,923625000,0,-45,3.50974804268235,0,0,0.540036010742188,1.63,0,-5399.92822265625
100000000000000000000002,1,923625000,0,-42.5,0.724038931882022,0,0,0.540036010742188,1.63,0,-5399.92822265625
100000000000000000000001,1,923625000,0,-44.5,4.02516558741192,0,0,0.540036010742188,1.63,0,-5399.92822265625
100000000000000000000004,1,923625000,0,-51,5.1603113704473,0,0,0.540036010742188,1.63,0,-5399.92822265625
100000000000000000000002,1,923625000,0,-42.5,0.71790300873048,0,0,0.540036010742188,1.63,0,-5399.92822265625
100000000000000000000000,1,923625000,0,-59.5,3.52815581213697,0,0,0.540036010742188,1.63,0,-5399.92822265625
100000000000000000000003,1,923625000,0,-45,3.49747619637926,0,0,0.540036010742188,1.63,0,-5399.92822265625
100000000000000000000004,1,923625000,0,-50.5,5.14803952414421,0,0,0.540036010742188,1.63,0,-5399.92822265625
100000000000000000000000,1,923625000,0,-60,3.57724319734932,0,0,0.540036010742188,1.63,0,-5399.92822265625
100000000000000000000003,1,923625000,0,-45,3.49747619637926,0,0,0.540036010742188,1.63,0,-5399.92822265625
100000000000000000000002,1,923625000,0,-42.5,0.705631162427395,0,0,0.540036010742188,1.63,0,-5399.92822265625
100000000000000000000001,1,923625000,0,-44.5,4.05584520316964,0,0,0.540036010742188,1.63,0,-5399.92822265625
100000000000000000000001,1,923625000,0,-44.5,4.06198112632118,0,0,0.540036010742188,1.63,0,-5399.92822265625
100000000000000000000002,1,923625000,0,-42.5,0.69335931612431,0,0,0.540036010742188,1.63,0,-5399.92822265625
100000000000000000000003,1,923625000,0,-45,3.5036121195308,0,0,0.540036010742188,1.63,0,-5399.92822265625
100000000000000000000004,1,923625000,0,-50.5,5.14803952414421,0,0,0.540036010742188,1.63,0,-5399.92822265625
100000000000000000000000,1,923625000,0,-60.5,3.60178688995549,0,0,0.540036010742188,1.63,0,-5399.92822265625
100000000000000000000001,1,923625000,0,-44.5,4.04970928001809,0,0,0.540036010742188,1.63,0,-5399.92822265625
100000000000000000000004,1,923625000,0,-50.5,5.10508806208341,0,0,0.540036010742188,1.63,0,-5399.92822265625
100000000000000000000000,1,923625000,0,-60,3.56497135104623,0,0,0.540036010742188,1.63,0,-5399.92822265625
100000000000000000000002,1,923625000,0,-42.5,0.687223392972768,0,0,0.540036010742188,1.63,0,-5399.92822265625
100000000000000000000003,1,923625000,0,-45,3.49134027322772,0,0,0.540036010742188,1.63,0,-5399.92822265625
100000000000000000000002,1,923625000,0,-42.5,0.736310778185108,0,0,0.540036010742188,1.63,0,-5399.92822265625
100000000000000000000004,1,923625000,0,-50.5,5.17871913990192,0,0,0.540036010742188,1.63,0,-5399.92822265625
100000000000000000000000,1,923625000,0,-60,3.62019465941011,0,0,0.540036010742188,1.63,0,-5399.92822265625
100000000000000000000001,1,923625000,0,-44.5,4.04357335686655,0,0,0.540036010742188,1.63,0,-5399.92822265625
100000000000000000000003,1,923625000,0,-45,3.5036121195308,0,0,0.540036010742188,1.63,0,-5399.92822265625
100000000000000000000004,1,923625000,0,-50.5,5.13576767784113,0,0,0.540036010742188,1.63,0,-5399.92822265625
100000000000000000000003,1,923625000,0,-45,3.50974804268235,0,0,0.540036010742188,1.63,0,-5399.92822265625
100000000000000000000002,1,923625000,0,-42.5,0.699495239275852,0,0,0.540036010742188,1.63,0,-5399.92822265625
100000000000000000000001,1,923625000,0,-44.5,4.04970928001809,0,0,0.540036010742188,1.63,0,-5399.92822265625
100000000000000000000000,1,923625000,0,-60,3.60792281310703,0,0,0.540036010742188,1.63,0,-5399.92822265625
100000000000000000000004,1,923625000,0,-50.5,5.1173599083865,0,0,0.540036010742188,1.63,0,-5399.92822265625
100000000000000000000002,1,923625000,0,-42.5,0.69335931612431,0,0,0.540036010742188,1.63,0,-5399.92822265625
100000000000000000000001,1,923625000,0,-44.5,4.04357335686655,0,0,0.540036010742188,1.63,0,-5399.92822265625
100000000000000000000000,1,923625000,0,-60,3.52815581213697,0,0,0.540036010742188,1.63,0,-5399.92822265625
100000000000000000000003,1,923625000,0,-45,3.50974804268235,0,0,0.540036010742188,1.63,0,-5399.92822265625
100000000000000000000004,1,923625000,0,-50.5,5.12963175468958,0,0,0.540036010742188,1.63,0,-5399.92822265625
100000000000000000000000,1,923625000,0,-60,3.57110727419777,0,0,0.540036010742188,1.63,0,-5399.92822265625
100000000000000000000001,1,923625000,0,-44.5,4.04357335686655,0,0,0.540036010742188,1.63,0,-5399.92822265625
100000000000000000000002,1,923625000,0,-42.5,0.711767085578938,0,0,0.540036010742188,1.63,0,-5399.92822265625
100000000000000000000003,1,923625000,0,-45,3.5036121195308,0,0,0.540036010742188,1.63,0,-5399.92822265625
100000000000000000000000,1,923625000,0,-60,3.57724319734932,0,0,0.540036010742188,1.63,0,-5399.92822265625
100000000000000000000003,1,923625000,0,-45,3.49747619637926,0,0,0.540036010742188,1.63,0,-5399.92822265625
100000000000000000000001,1,923625000,0,-44.5,4.04970928001809,0,0,0.540036010742188,1.63,0,-5399.92822265625
100000000000000000000004,1,923625000,0,-50.5,5.15417544729575,0,0,0.540036010742188,1.63,0,-5399.92822265625
100000000000000000000002,1,923625000,0,-42.5,0.705631162427395,0,0,0.540036010742188,1.63,0,-5399.92822265625
100000000000000000000001,1,923625000,0,-44.5,4.03743743371501,0,0,0.540036010742188,1.63,0,-5399.92822265625
100000000000000000000002,1,923625000,0,-42.5,0.705631162427395,0,0,0.540036010742188,1.63,0,-5399.92822265625
100000000000000000000003,1,923625000,0,-45,3.51588396583389,0,0,0.540036010742188,1.63,0,-5399.92822265625
100000000000000000000000,1,923625000,0,-60,3.58337912050086,0,0,0.540036010742188,1.63,0,-5399.92822265625
100000000000000000000004,1,923625000,0,-50.5,5.10508806208341,0,0,0.540036010742188,1.63,0,-5399.92822265625
100000000000000000000000,1,923625000,0,-60.5,3.5465635815916,0,0,0.540036010742188,1.63,0,-5399.92822265625
100000000000000000000002,1,923625000,0,-42.5,0.69335931612431,0,0,0.540036010742188,1.63,0,-5399.92822265625
100000000000000000000001,1,923625000,0,-44.5,4.06198112632118,0,0,0.540036010742188,1.63,0,-5399.92822265625
100000000000000000000003,1,923625000,0,-45,3.52201988898543,0,0,0.540036010742188,1.63,0,-5399.92822265625
100000000000000000000004,1,923625000,0,-50.5,5.11122398523496,0,0,0.540036010742188,1.63,0,-5399.92822265625
100000000000000000000001,1,923625000,0,-44.5,4.01902966426038,0,0,0.540036010742188,1.63,0,-5399.92822265625
100000000000000000000000,1,923625000,0,-60,3.57724319734932,0,0,0.540036010742188,1.63,0,-5399.92822265625
100000000000000000000002,1,923625000,0,-42.5,0.681087469821224,0,0,0.540036010742188,1.63,0,-5399.92822265625
100000000000000000000003,1,923625000,0,-45,3.5036121195308,0,0,0.540036010742188,1.63,0,-5399.92822265625
100000000000000000000004,1,923625000,0,-50.5,5.1603113704473,0,0,0.540036010742188,1.63,0,-5399.92822265625
100000000000000000000001,1,923625000,0,-44.5,4.04357335686655,0,0,0.540036010742188,1.63,0,-5399.92822265625
100000000000000000000002,1,923625000,0,-42.5,0.705631162427395,0,0,0.540036010742188,1.63,0,-5399.92822265625
100000000000000000000004,1,923625000,0,-50.5,5.14803952414421,0,0,0.540036010742188,1.63,0,-5399.92822265625
100000000000000000000003,1,923625000,0,-45,3.50974804268235,0,0,0.540036010742188,1.63,0,-5399.92822265625
100000000000000000000000,1,923625000,0,-60,3.60792281310703,0,0,0.540036010742188,1.63,0,-5399.92822265625
100000000000000000000004,1,923625000,0,-50.5,5.15417544729575,0,0,0.540036010742188,1.63,0,-5399.92822265625
100000000000000000000003,1,923625000,0,-45,3.50974804268235,0,0,0.540036010742188,1.63,0,-5399.92822265625
100000000000000000000002,1,923625000,0,-42.5,0.69335931612431,0,0,0.540036010742188,1.63,0,-5399.92822265625
100000000000000000000000,1,923625000,0,-60,3.5465635815916,0,0,0.540036010742188,1.63,0,-5399.92822265625
100000000000000000000001,1,923625000,0,-44.5,4.03743743371501,0,0,0.540036010742188,1.63,0,-5399.92822265625
100000000000000000000004,1,923625000,0,-50.5,5.15417544729575,0,0,0.540036010742188,1.63,0,-5399.92822265625
100000000000000000000003,1,923625000,0,-45,3.51588396583389,0,0,0.540036010742188,1.63,0,-5399.92822265625
100000000000000000000001,1,923625000,0,-44.5,4.05584520316964,0,0,0.540036010742188,1.63,0,-5399.92822265625
100000000000000000000000,1,923625000,0,-60,3.62019465941011,0,0,0.540036010742188,1.63,0,-5399.92822265625
100000000000000000000002,1,923625000,0,-42.5,0.674951546669682,0,0,0.540036010742188,1.63,0,-5399.92822265625
100000000000000000000004,1,923625000,0,-50.5,5.15417544729575,0,0,0.540036010742188,1.63,0,-5399.92822265625
100000000000000000000002,1,923625000,0,-42,0.69335931612431,0,0,0.540036010742188,1.63,0,-5399.92822265625
100000000000000000000001,1,923625000,0,-44.5,4.04357335686655,0,0,0.540036010742188,1.63,0,-5399.92822265625
100000000000000000000003,1,923625000,0,-45,3.51588396583389,0,0,0.540036010742188,1.63,0,-5399.92822265625
100000000000000000000000,1,923625000,0,-60,3.46679658062155,0,0,0.540036010742188,1.63,0,-5399.92822265625
100000000000000000000004,1,923625000,0,-50.5,5.1603113704473,0,0,0.540036010742188,1.63,0,-5399.92822265625
100000000000000000000002,1,923625000,0,-42.5,0.724038931882022,0,0,0.540036010742188,1.63,0,-5399.92822265625
100000000000000000000000,1,923625000,0,-60.5,3.59565096680394,0,0,0.540036010742188,1.63,0,-5399.92822265625
100000000000000000000001,1,923625000,0,-44.5,4.06198112632118,0,0,0.540036010742188,1.63,0,-5399.92822265625
100000000000000000000003,1,923625000,0,-45,3.5036121195308,0,0,0.540036010742188,1.63,0,-5399.92822265625
100000000000000000000004,1,923625000,0,-50.5,5.14803952414421,0,0,0.540036010742188,1.63,0,-5399.92822265625
100000000000000000000003,1,923625000,0,-45,3.51588396583389,0,0,0.540036010742188,1.63,0,-5399.92822265625
100000000000000000000002,1,923625000,0,-42.5,0.687223392972768,0,0,0.540036010742188,1.63,0,-5399.92822265625
100000000000000000000001,1,923625000,0,-44.5,4.04357335686655,0,0,0.540036010742188,1.63,0,-5399.92822265625
100000000000000000000000,1,923625000,0,-60,3.56497135104623,0,0,0.540036010742188,1.63,0,-5399.92822265625
100000000000000000000002,1,923625000,0,-42.5,0.687223392972768,0,0,0.540036010742188,1.63,0,-5399.92822265625
100000000000000000000001,1,923625000,0,-44.5,4.05584520316964,0,0,0.540036010742188,1.63,0,-5399.92822265625
100000000000000000000000,1,923625000,0,-60,3.5036121195308,0,0,0.540036010742188,1.63,0,-5399.92822265625
100000000000000000000003,1,923625000,0,-45,3.47906842692463,0,0,0.540036010742188,1.63,0,-5399.92822265625
100000000000000000000004,1,923625000,0,-50.5,5.08668029262879,0,0,0.540036010742188,1.63,0,-5399.92822265625
100000000000000000000004,1,923625000,0,-50.5,5.1603113704473,0,0,0.540036010742188,1.63,0,-5399.92822265625
100000000000000000000001,1,923625000,0,-44.5,4.04970928001809,0,0,0.540036010742188,1.63,0,-5399.92822265625
100000000000000000000003,1,923625000,0,-45,3.52201988898543,0,0,0.540036010742188,1.63,0,-5399.92822265625
100000000000000000000002,1,923625000,0,-42.5,0.69335931612431,0,0,0.540036010742188,1.63,0,-5399.92822265625
100000000000000000000000,1,923625000,0,-60,3.52815581213697,0,0,0.540036010742188,1.63,0,-5399.92822265625
100000000000000000000002,1,923625000,0,-42.5,0.69335931612431,0,0,0.540036010742188,1.63,0,-5399.92822265625
100000000000000000000003,1,923625000,0,-45,3.50974804268235,0,0,0.540036010742188,1.63,0,-5399.92822265625
100000000000000000000000,1,923625000,0,-60,3.56497135104623,0,0,0.540036010742188,1.63,0,-5399.92822265625
100000000000000000000004,1,923625000,0,-50.5,5.15417544729575,0,0,0.540036010742188,1.63,0,-5399.92822265625
100000000000000000000001,1,923625000,0,-44.5,4.03130151056346,0,0,0.540036010742188,1.63,0,-5399.92822265625
100000000000000000000001,1,923625000,0,-44.5,4.05584520316964,0,0,0.540036010742188,1.63,0,-5399.92822265625
100000000000000000000002,1,923625000,0,-42.5,0.730174855033566,0,0,0.540036010742188,1.63,0,-5399.92822265625
100000000000000000000000,1,923625000,0,-60,3.53429173528852,0,0,0.540036010742188,1.63,0,-5399.92822265625
100000000000000000000003,1,923625000,0,-45,3.52201988898543,0,0,0.540036010742188,1.63,0,-5399.92822265625
100000000000000000000004,1,923625000,0,-50.5,5.14803952414421,0,0,0.540036010742188,1.63,0,-5399.92822265625
100000000000000000000000,1,923625000,0,-60.5,3.58337912050086,0,0,0.540036010742188,1.63,0,-5399.92822265625
100000000000000000000003,1,923625000,0,-45,3.49747619637926,0,0,0.540036010742188,1.63,0,-5399.92822265625
100000000000000000000001,1,923625000,0,-44.5,4.03743743371501,0,0,0.540036010742188,1.63,0,-5399.92822265625
100000000000000000000004,1,923625000,0,-50.5,5.14190360099267,0,0,0.540036010742188,1.63,0,-5399.92822265625
100000000000000000000002,1,923625000,0,-42.5,0.699495239275852,0,0,0.540036010742188,1.63,0,-5399.92822265625
100000000000000000000002,1,923625000,0,-42.5,0.705631162427395,0,0,0.540036010742188,1.63,0,-5399.92822265625
100000000000000000000003,1,923625000,0,-45,3.50974804268235,0,0,0.540036010742188,1.63,0,-5399.92822265625
100000000000000000000000,1,923625000,0,-60,3.54042765844006,0,0,0.540036010742188,1.63,0,-5399.92822265625
100000000000000000000001,1,923625000,0,-44.5,4.01289374110884,0,0,0.540036010742188,1.63,0,-5399.92822265625
100000000000000000000004,1,923625000,0,-50.5,5.18485506305347,0,0,0.540036010742188,1.63,0,-5399.92822265625
100000000000000000000001,1,923625000,0,-44.5,4.05584520316964,0,0,0.540036010742188,1.63,0,-5399.92822265625
100000000000000000000003,1,923625000,0,-45,3.49747619637926,0,0,0.540036010742188,1.63,0,-5399.92822265625
100000000000000000000004,1,923625000,0,-50.5,5.12349583153804,0,0,0.540036010742188,1.63,0,-5399.92822265625
100000000000000000000000,1,923625000,0,-60,3.59565096680394,0,0,0.540036010742188,1.63,0,-5399.92822265625
100000000000000000000002,1,923625000,0,-42.5,0.69335931612431,0,0,0.540036010742188,1.63,0,-5399.92822265625
100000000000000000000004,1,923625000,0,-50.5,5.13576767784113,0,0,0.540036010742188,1.63,0,-5399.92822265625
100000000000000000000000,1,923625000,0,-60,3.55883542789469,0,0,0.540036010742188,1.63,0,-5399.92822265625
100000000000000000000002,1,923625000,0,-42.5,0.724038931882022,0,0,0.540036010742188,1.63,0,-5399.92822265625
100000000000000000000001,1,923625000,0,-44.5,4.01902966426038,0,0,0.540036010742188,1.63,0,-5399.92822265625
100000000000000000000003,1,923625000,0,-45,3.5036121195308,0,0,0.540036010742188,1.63,0,-5399.92822265625
100000000000000000000000,1,923625000,0,-60,3.6324665057132,0,0,0.540036010742188,1.63,0,-5399.92822265625
100000000000000000000002,1,923625000,0,-42.5,0.699495239275852,0,0,0.540036010742188,1.63,0,-5399.92822265625
100000000000000000000003,1,923625000,0,-45,3.49134027322772,0,0,0.540036010742188,1.63,0,-5399.92822265625
100000000000000000000001,1,923625000,0,-44.5,4.06198112632118,0,0,0.540036010742188,1.63,0,-5399.92822265625
100000000000000000000004,1,923625000,0,-50.5,5.15417544729575,0,0,0.540036010742188,1.63,0,-5399.92822265625
100000000000000000000001,1,923625000,0,-45,4.03743743371501,0,0,0.540036010742188,1.63,0,-5399.92822265625
100000000000000000000002,1,923625000,0,-42.5,0.711767085578938,0,0,0.540036010742188,1.63,0,-5399.92822265625
100000000000000000000000,1,923625000,0,-60,3.5895150436524,0,0,0.540036010742188,1.63,0,-5399.92822265625
100000000000000000000003,1,923625000,0,-45,3.51588396583389,0,0,0.540036010742188,1.63,0,-5399.92822265625
100000000000000000000004,1,923625000,0,-50.5,5.13576767784113,0,0,0.540036010742188,1.63,0,-5399.92822265625
100000000000000000000002,1,923625000,0,-42.5,0.71790300873048,0,0,0.540036010742188,1.63,0,-5399.92822265625
100000000000000000000004,1,923625000,0,-50.5,5.15417544729575,0,0,0.540036010742188,1.63,0,-5399.92822265625
100000000000000000000001,1,923625000,0,-44.5,4.03130151056346,0,0,0.540036010742188,1.63,0,-5399.92822265625
100000000000000000000000,1,923625000,0,-60,3.57724319734932,0,0,0.540036010742188,1.63,0,-5399.92822265625
100000000000000000000003,1,923625000,0,-45,3.52201988898543,0,0,0.540036010742188,1.63,0,-5399.92822265625
100000000000000000000001,1,923625000,0,-44.5,4.04970928001809,0,0,0.540036010742188,1.63,0,-5399.92822265625
100000000000000000000004,1,923625000,0,-50.5,5.13576767784113,0,0,0.540036010742188,1.63,0,-5399.92822265625
100000000000000000000002,1,924125000,0,-42,0.914252549579842,0,0,0.540036010742188,1.63,0,-5399.92822265625
100000000000000000000003,1,924125000,0,-45,3.73064127613788,0,0,0.540036010742188,1.63,0,-5399.92822265625
100000000000000000000000,1,924125000,0,-60.5,3.77359273819868,0,0,0.540036010742188,1.63,0,-5399.92822265625
100000000000000000000002,1,924125000,0,-42,0.963339934792183,0,0,0.540036010742188,1.63,0,-5399.92822265625
100000000000000000000001,1,924125000,0,-44,4.27060251347362,0,0,0.540036010742188,1.63,0,-5399.92822265625
100000000000000000000004,1,924125000,0,-50.5,5.36893275759974,0,0,0.540036010742188,1.63,0,-5399.92822265625
100000000000000000000000,1,924125000,0,-61,3.75518496874405,0,0,0.540036010742188,1.63,0,-5399.92822265625
100000000000000000000003,1,924125000,0,-45,3.72450535298634,0,0,0.540036010742188,1.63,0,-5399.92822265625
100000000000000000000001,1,924125000,0,-44,4.26446659032208,0,0,0.540036010742188,1.63,0,-5399.92822265625
100000000000000000000003,1,924125000,0,-45,3.71836942983479,0,0,0.540036010742188,1.63,0,-5399.92822265625
100000000000000000000000,1,924125000,0,-61,3.90244712438107,0,0,0.540036010742188,1.63,0,-5399.92822265625
100000000000000000000002,1,924125000,0,-42,0.969475857943725,0,0,0.540036010742188,1.63,0,-5399.92822265625
100000000000000000000004,1,924125000,0,-51,5.36893275759974,0,0,0.540036010742188,1.63,0,-5399.92822265625
100000000000000000000004,1,924125000,0,-50.5,5.3627968344482,0,0,0.540036010742188,1.63,0,-5399.92822265625
100000000000000000000003,1,924125000,0,-45,3.71223350668325,0,0,0.540036010742188,1.63,0,-5399.92822265625
100000000000000000000002,1,924125000,0,-42,0.981747704246811,0,0,0.540036010742188,1.63,0,-5399.92822265625
100000000000000000000000,1,924125000,0,-61,3.82268012341102,0,0,0.540036010742188,1.63,0,-5399.92822265625
100000000000000000000001,1,924125000,0,-44,4.25833066717054,0,0,0.540036010742188,1.63,0,-5399.92822265625
100000000000000000000004,1,924125000,0,-50.5,5.36893275759974,0,0,0.540036010742188,1.63,0,-5399.92822265625
100000000000000000000001,1,924125000,0,-44,4.26446659032208,0,0,0.540036010742188,1.63,0,-5399.92822265625
100000000000000000000000,1,924125000,0,-60.5,3.85335973916873,0,0,0.540036010742188,1.63,0,-5399.92822265625
100000000000000000000003,1,924125000,0,-45,3.71836942983479,0,0,0.540036010742188,1.63,0,-5399.92822265625
100000000000000000000002,1,924125000,0,-42,0.95720401164064,0,0,0.540036010742188,1.63,0,-5399.92822265625
100000000000000000000001,1,924125000,0,-44,4.26446659032208,0,0,0.540036010742188,1.63,0,-5399.92822265625
100000000000000000000002,1,924125000,0,-42,0.969475857943725,0,0,0.540036010742188,1.63,0,-5399.92822265625
100000000000000000000003,1,924125000,0,-45,3.71836942983479,0,0,0.540036010742188,1.63,0,-5399.92822265625
100000000000000000000000,1,924125000,0,-61,3.77359273819868,0,0,0.540036010742188,1.63,0,-5399.92822265625
100000000000000000000004,1,924125000,0,-50.5,5.36893275759974,0,0,0.540036010742188,1.63,0,-5399.92822265625
100000000000000000000001,1,924125000,0,-44,4.25833066717054,0,0,0.540036010742188,1.63,0,-5399.92822265625
100000000000000000000002,1,924125000,0,-42,0.938796242186013,0,0,0.540036010742188,1.63,0,-5399.92822265625
100000000000000000000003,1,924125000,0,-45,3.71836942983479,0,0,0.540036010742188,1.63,0,-5399.92822265625
100000000000000000000000,1,924125000,0,-60.5,3.74904904559251,0,0,0.540036010742188,1.63,0,-5399.92822265625
100000000000000000000004,1,924125000,0,-50.5,5.36893275759974,0,0,0.540036010742188,1.63,0,-5399.92822265625
100000000000000000000003,1,924125000,0,-44.5,3.72450535298634,0,0,0.540036010742188,1.63,0,-5399.92822265625
100000000000000000000001,1,924125000,0,-44,4.25833066717054,0,0,0.540036010742188,1.63,0,-5399.92822265625
100000000000000000000004,1,924125000,0,-50.5,5.39347645020591,0,0,0.540036010742188,1.63,0,-5399.92822265625
100000000000000000000000,1,924125000,0,-61,3.74904904559251,0,0,0.540036010742188,1.63,0,-5399.92822265625
100000000000000000000002,1,924125000,0,-42,0.951068088489097,0,0,0.540036010742188,1.63,0,-5399.92822265625
100000000000000000000002,1,924125000,0,-42,0.969475857943725,0,0,0.540036010742188,1.63,0,-5399.92822265625
100000000000000000000001,1,924125000,0,-44,4.25833066717054,0,0,0.540036010742188,1.63,0,-5399.92822265625
100000000000000000000004,1,924125000,0,-50.5,5.38734052705437,0,0,0.540036010742188,1.63,0,-5399.92822265625
100000000000000000000003,1,924125000,0,-45,3.71836942983479,0,0,0.540036010742188,1.63,0,-5399.92822265625
100000000000000000000000,1,924125000,0,-61.5,3.75518496874405,0,0,0.540036010742188,1.63,0,-5399.92822265625
100000000000000000000000,1,924125000,0,-61,3.85949566232027,0,0,0.540036010742188,1.63,0,-5399.92822265625
100000000000000000000004,1,924125000,0,-50.5,5.36893275759974,0,0,0.540036010742188,1.63,0,-5399.92822265625
100000000000000000000002,1,924125000,0,-42,0.951068088489097,0,0,0.540036010742188,1.63,0,-5399.92822265625
100000000000000000000001,1,924125000,0,-44,4.27060251347362,0,0,0.540036010742188,1.63,0,-5399.92822265625
100000000000000000000003,1,924125000,0,-45,3.71836942983479,0,0,0.540036010742188,1.63,0,-5399.92822265625
100000000000000000000000,1,924125000,0,-61,3.82881604656256,0,0,0.540036010742188,1.63,0,-5399.92822265625
100000000000000000000002,1,924125000,0,-42,0.969475857943725,0,0,0.540036010742188,1.63,0,-5399.92822265625
100000000000000000000001,1,924125000,0,-44,4.26446659032208,0,0,0.540036010742188,1.63,0,-5399.92822265625
100000000000000000000003,1,924125000,0,-44.5,3.71223350668325,0,0,0.540036010742188,1.63,0,-5399.92822265625
100000000000000000000004,1,924125000,0,-51,5.3627968344482,0,0,0.540036010742188,1.63,0,-5399.92822265625
100000000000000000000002,1,924125000,0,-42,0.951068088489097,0,0,0.540036010742188,1.63,0,-5399.92822265625
100000000000000000000003,1,924125000,0,-44.5,3.73064127613788,0,0,0.540036010742188,1.63,0,-5399.92822265625
100000000000000000000000,1,924125000,0,-61,3.81654420025948,0,0,0.540036010742188,1.63,0,-5399.92822265625
100000000000000000000004,1,924125000,0,-50.5,5.35666091129666,0,0,0.540036010742188,1.63,0,-5399.92822265625
100000000000000000000001,1,924125000,0,-44,4.26446659032208,0,0,0.540036010742188,1.63,0,-5399.92822265625
100000000000000000000004,1,924125000,0,-51,5.3627968344482,0,0,0.540036010742188,1.63,0,-5399.92822265625
100000000000000000000000,1,924125000,0,-61,3.82881604656256,0,0,0.540036010742188,1.63,0,-5399.92822265625
100000000000000000000003,1,924125000,0,-45,3.71836942983479,0,0,0.540036010742188,1.63,0,-5399.92822265625
100000000000000000000002,1,924125000,0,-42,0.963339934792183,0,0,0.540036010742188,1.63,0,-5399.92822265625
100000000000000000000001,1,924125000,0,-44,4.23378697456437,0,0,0.540036010742188,1.63,0,-5399.92822265625
100000000000000000000004,1,924125000,0,-50.5,5.35666091129666,0,0,0.540036010742188,1.63,0,-5399.92822265625
100000000000000000000000,1,924125000,0,-61,3.81654420025948,0,0,0.540036010742188,1.63,0,-5399.92822265625
100000000000000000000002,1,924125000,0,-42,0.944932165337555,0,0,0.540036010742188,1.63,0,-5399.92822265625
100000000000000000000001,1,924125000,0,-44,4.27060251347362,0,0,0.540036010742188,1.63,0,-5399.92822265625
100000000000000000000003,1,924125000,0,-44.5,3.71836942983479,0,0,0.540036010742188,1.63,0,-5399.92822265625
100000000000000000000002,1,924125000,0,-42,0.969475857943725,0,0,0.540036010742188,1.63,0,-5399.92822265625
100000000000000000000001,1,924125000,0,-44,4.25833066717054,0,0,0.540036010742188,1.63,0,-5399.92822265625
100000000000000000000004,1,924125000,0,-50.5,5.36893275759974,0,0,0.540036010742188,1.63,0,-5399.92822265625
100000000000000000000003,1,924125000,0,-44.5,3.71836942983479,0,0,0.540036010742188,1.63,0,-5399.92822265625
100000000000000000000000,1,924125000,0,-61,3.87176750862336,0,0,0.540036010742188,1.63,0,-5399.92822265625
100000000000000000000002,1,924125000,0,-42,0.95720401164064,0,0,0.540036010742188,1.63,0,-5399.92822265625
100000000000000000000001,1,924125000,0,-44,4.26446659032208,0,0,0.540036010742188,1.63,0,-5399.92822265625
100000000000000000000003,1,924125000,0,-45,3.71223350668325,0,0,0.540036010742188,1.63,0,-5399.92822265625
100000000000000000000004,1,924125000,0,-50.5,5.3627968344482,0,0,0.540036010742188,1.63,0,-5399.92822265625
100000000000000000000000,1,924125000,0,-61,3.79200050765331,0,0,0.540036010742188,1.63,0,-5399.92822265625
100000000000000000000002,1,924125000,0,-42,0.963339934792183,0,0,0.540036010742188,1.63,0,-5399.92822265625
100000000000000000000004,1,924125000,0,-51,5.35666091129666,0,0,0.540036010742188,1.63,0,-5399.92822265625
100000000000000000000001,1,924125000,0,-44,4.25833066717054,0,0,0.540036010742188,1.63,0,-5399.92822265625
100000000000000000000003,1,924125000,0,-45,3.71836942983479,0,0,0.540036010742188,1.63,0,-5399.92822265625
100000000000000000000000,1,924125000,0,-61,3.84108789286565,0,0,0.540036010742188,1.63,0,-5399.92822265625
100000000000000000000003,1,924125000,0,-45,3.71223350668325,0,0,0.540036010742188,1.63,0,-5399.92822265625
100000000000000000000004,1,924125000,0,-50.5,5.38734052705437,0,0,0.540036010742188,1.63,0,-5399.92822265625
100000000000000000000002,1,924125000,0,-42,0.975611781095267,0,0,0.540036010742188,1.63,0,-5399.92822265625
100000000000000000000001,1,924125000,0,-44,4.252194744019,0,0,0.540036010742188,1.63,0,-5399.92822265625
100000000000000000000000,1,924125000,0,-61,3.74291312244096,0,0,0.540036010742188,1.63,0,-5399.92822265625
100000000000000000000004,1,924125000,0,-50.5,5.32598129553895,0,0,0.540036010742188,1.63,0,-5399.92822265625
100000000000000000000002,1,924125000,0,-42,0.969475857943725,0,0,0.540036010742188,1.63,0,-5399.92822265625
100000000000000000000003,1,924125000,0,-44.5,3.73677719928942,0,0,0.540036010742188,1.63,0,-5399.92822265625
100000000000000000000001,1,924125000,0,-44,4.26446659032208,0,0,0.540036010742188,1.63,0,-5399.92822265625
100000000000000000000000,1,924125000,0,-61,3.82881604656256,0,0,0.540036010742188,1.63,0,-5399.92822265625
100000000000000000000001,1,924125000,0,-44,4.25833066717054,0,0,0.540036010742188,1.63,0,-5399.92822265625
100000000000000000000003,1,924125000,0,-45,3.69382573722862,0,0,0.540036010742188,1.63,0,-5399.92822265625
100000000000000000000002,1,924125000,0,-42,0.944932165337555,0,0,0.540036010742188,1.63,0,-5399.92822265625
100000000000000000000000,1,924125000,0,-61.5,3.80427235395639,0,0,0.540036010742188,1.63,0,-5399.92822265625
100000000000000000000004,1,924125000,0,-50.5,5.3627968344482,0,0,0.540036010742188,1.63,0,-5399.92822265625
100000000000000000000003,1,924125000,0,-45,3.71836942983479,0,0,0.540036010742188,1.63,0,-5399.92822265625
100000000000000000000002,1,924125000,0,-42,0.938796242186013,0,0,0.540036010742188,1.63,0,-5399.92822265625
100000000000000000000000,1,924125000,0,-61.5,3.81040827710793,0,0,0.540036010742188,1.63,0,-5399.92822265625
100000000000000000000004,1,924125000,0,-50.5,5.35052498814512,0,0,0.540036010742188,1.63,0,-5399.92822265625
100000000000000000000001,1,924125000,0,-44,4.24605882086745,0,0,0.540036010742188,1.63,0,-5399.92822265625
100000000000000000000004,1,924125000,0,-50.5,5.38734052705437,0,0,0.540036010742188,1.63,0,-5399.92822265625
100000000000000000000000,1,924125000,0,-61,3.81040827710793,0,0,0.540036010742188,1.63,0,-5399.92822265625
100000000000000000000003,1,924125000,0,-45,3.71223350668325,0,0,0.540036010742188,1.63,0,-5399.92822265625
100000000000000000000002,1,924125000,0,-42,0.93266031903447,0,0,0.540036010742188,1.63,0,-5399.92822265625
100000000000000000000001,1,924125000,0,-44,4.26446659032208,0,0,0.540036010742188,1.63,0,-5399.92822265625
100000000000000000000003,1,924125000,0,-44.5,3.68768981407708,0,0,0.540036010742188,1.63,0,-5399.92822265625
100000000000000000000000,1,924125000,0,-61,3.77972866135022,0,0,0.540036010742188,1.63,0,-5399.92822265625
100000000000000000000001,1,924125000,0,-44,4.27060251347362,0,0,0.540036010742188,1.63,0,-5399.92822265625
100000000000000000000004,1,924125000,0,-50.5,5.36893275759974,0,0,0.540036010742188,1.63,0,-5399.92822265625
100000000000000000000002,1,924125000,0,-42,0.95720401164064,0,0,0.540036010742188,1.63,0,-5399.92822265625
100000000000000000000000,1,924125000,0,-61,3.75518496874405,0,0,0.540036010742188,1.63,0,-5399.92822265625
100000000000000000000002,1,924125000,0,-42,0.944932165337555,0,0,0.540036010742188,1.63,0,-5399.92822265625
100000000000000000000004,1,924125000,0,-51,5.3627968344482,0,0,0.540036010742188,1.63,0,-5399.92822265625
100000000000000000000003,1,924125000,0,-45,3.69996166038017,0,0,0.540036010742188,1.63,0,-5399.92822265625
100000000000000000000001,1,924125000,0,-44,4.26446659032208,0,0,0.540036010742188,1.63,0,-5399.92822265625
100000000000000000000002,1,924125000,0,-42,0.938796242186013,0,0,0.540036010742188,1.63,0,-5399.92822265625
100000000000000000000000,1,924125000,0,-61,3.76745681504713,0,0,0.540036010742188,1.63,0,-5399.92822265625
100000000000000000000003,1,924125000,0,-45,3.72450535298634,0,0,0.540036010742188,1.63,0,-5399.92822265625
100000000000000000000001,1,924125000,0,-44,4.23378697456437,0,0,0.540036010742188,1.63,0,-5399.92822265625
100000000000000000000004,1,924125000,0,-50.5,5.3627968344482,0,0,0.540036010742188,1.63,0,-5399.92822265625
100000000000000000000001,1,924125000,0,-44,4.26446659032208,0,0,0.540036010742188,1.63,0,-5399.92822265625
100000000000000000000000,1,924125000,0,-61,3.82881604656256,0,0,0.540036010742188,1.63,0,-5399.92822265625
100000000000000000000003,1,924125000,0,-45,3.73064127613788,0,0,0.540036010742188,1.63,0,-5399.92822265625
100000000000000000000004,1,924125000,0,-51,5.38734052705437,0,0,0.540036010742188,1.63,0,-5399.92822265625
100000000000000000000002,1,924125000,0,-42,0.969475857943725,0,0,0.540036010742188,1.63,0,-5399.92822265625
100000000000000000000001,1,924125000,0,-44,4.26446659032208,0,0,0.540036010742188,1.63,0,-5399.92822265625
100000000000000000000003,1,924125000,0,-45,3.72450535298634,0,0,0.540036010742188,1.63,0,-5399.92822265625
100000000000000000000000,1,924125000,0,-60.5,3.79813643080485,0,0,0.540036010742188,1.63,0,-5399.92822265625
100000000000000000000002,1,924125000,0,-42,0.963339934792183,0,0,0.540036010742188,1.63,0,-5399.92822265625
100000000000000000000004,1,924125000,0,-50.5,5.33211721869049,0,0,0.540036010742188,1.63,0,-5399.92822265625
100000000000000000000004,1,924125000,0,-50.5,5.36893275759974,0,0,0.540036010742188,1.63,0,-5399.92822265625
100000000000000000000001,1,924125000,0,-44,4.252194744019,0,0,0.540036010742188,1.63,0,-5399.92822265625
100000000000000000000003,1,924125000,0,-44.5,3.71836942983479,0,0,0.540036010742188,1.63,0,-5399.92822265625
100000000000000000000002,1,924125000,0,-42,0.93266031903447,0,0,0.540036010742188,1.63,0,-5399.92822265625
100000000000000000000000,1,924125000,0,-61,3.81654420025948,0,0,0.540036010742188,1.63,0,-5399.92822265625
100000000000000000000001,1,924125000,0,-44,4.26446659032208,0,0,0.540036010742188,1.63,0,-5399.92822265625
100000000000000000000002,1,924125000,0,-42,0.969475857943725,0,0,0.540036010742188,1.63,0,-5399.92822265625
100000000000000000000003,1,924125000,0,-45,3.72450535298634,0,0,0.540036010742188,1.63,0,-5399.92822265625
100000000000000000000004,1,924125000,0,-51,5.35666091129666,0,0,0.540036010742188,1.63,0,-5399.92822265625
100000000000000000000000,1,924125000,0,-60.5,3.74291312244096,0,0,0.540036010742188,1.63,0,-5399.92822265625
100000000000000000000003,1,924125000,0,-45,3.71836942983479,0,0,0.540036010742188,1.63,0,-5399.92822265625
100000000000000000000002,1,924125000,0,-42,0.938796242186013,0,0,0.540036010742188,1.63,0,-5399.92822265625
100000000000000000000000,1,924125000,0,-61.5,3.84108789286565,0,0,0.540036010742188,1.63,0,-5399.92822265625
100000000000000000000004,1,924125000,0,-51,5.33825314184203,0,0,0.540036010742188,1.63,0,-5399.92822265625
100000000000000000000001,1,924125000,0,-44,4.27673843662517,0,0,0.540036010742188,1.63,0,-5399.92822265625
100000000000000000000000,1,924125000,0,-61,3.84108789286565,0,0,0.540036010742188,1.63,0,-5399.92822265625
100000000000000000000003,1,924125000,0,-44.5,3.71836942983479,0,0,0.540036010742188,1.63,0,-5399.92822265625
100000000000000000000001,1,924125000,0,-44,4.26446659032208,0,0,0.540036010742188,1.63,0,-5399.92822265625
100000000000000000000002,1,924125000,0,-42,0.975611781095267,0,0,0.540036010742188,1.63,0,-5399.92822265625
100000000000000000000004,1,924125000,0,-50.5,5.3627968344482,0,0,0.540036010742188,1.63,0,-5399.92822265625
100000000000000000000004,1,924125000,0,-50.5,5.38734052705437,0,0,0.540036010742188,1.63,0,-5399.92822265625
100000000000000000000000,1,924125000,0,-61,3.79200050765331,0,0,0.540036010742188,1.63,0,-5399.92822265625
100000000000000000000002,1,924125000,0,-42,0.951068088489097,0,0,0.540036010742188,1.63,0,-5399.92822265625
100000000000000000000001,1,924125000,0,-44,4.25833066717054,0,0,0.540036010742188,1.63,0,-5399.92822265625
100000000000000000000003,1,924125000,0,-45,3.71836942983479,0,0,0.540036010742188,1.63,0,-5399.92822265625
100000000000000000000000,1,924125000,0,-60.5,3.78586458450176,0,0,0.540036010742188,1.63,0,-5399.92822265625
100000000000000000000004,1,924125000,0,-51,5.405748296509,0,0,0.540036010742188,1.63,0,-5399.92822265625
100000000000000000000003,1,924125000,0,-45,3.70609758353171,0,0,0.540036010742188,1.63,0,-5399.92822265625
100000000000000000000002,1,924125000,0,-42,0.975611781095267,0,0,0.540036010742188,1.63,0,-5399.92822265625
100000000000000000000001,1,924125000,0,-44,4.25833066717054,0,0,0.540036010742188,1.63,0,-5399.92822265625
100000000000000000000001,1,924125000,0,-44,4.252194744019,0,0,0.540036010742188,1.63,0,-5399.92822265625
100000000000000000000004,1,924125000,0,-50.5,5.3627968344482,0,0,0.540036010742188,1.63,0,-5399.92822265625
100000000000000000000000,1,924125000,0,-60.5,3.82268012341102,0,0,0.540036010742188,1.63,0,-5399.92822265625
100000000000000000000003,1,924125000,0,-45,3.72450535298634,0,0,0.540036010742188,1.63,0,-5399.92822265625
100000000000000000000002,1,924125000,0,-42,0.963339934792183,0,0,0.540036010742188,1.63,0,-5399.92822265625
100000000000000000000004,1,924125000,0,-50.5,5.36893275759974,0,0,0.540036010742188,1.63,0,-5399.92822265625
100000000000000000000001,1,924125000,0,-44,4.26446659032208,0,0,0.540036010742188,1.63,0,-5399.92822265625
100000000000000000000000,1,924125000,0,-61,3.89631120122953,0,0,0.540036010742188,1.63,0,-5399.92822265625
100000000000000000000003,1,924125000,0,-45,3.73064127613788,0,0,0.540036010742188,1.63,0,-5399.92822265625
100000000000000000000002,1,924125000,0,-42,0.963339934792183,0,0,0.540036010742188,1.63,0,-5399.92822265625
100000000000000000000004,1,924125000,0,-50.5,5.3627968344482,0,0,0.540036010742188,1.63,0,-5399.92822265625
100000000000000000000003,1,924125000,0,-45,3.72450535298634,0,0,0.540036010742188,1.63,0,-5399.92822265625
100000000000000000000000,1,924125000,0,-61,3.80427235395639,0,0,0.540036010742188,1.63,0,-5399.92822265625
100000000000000000000001,1,924125000,0,-44,4.26446659032208,0,0,0.540036010742188,1.63,0,-5399.92822265625
100000000000000000000002,1,924125000,0,-42,0.969475857943725,0,0,0.540036010742188,1.63,0,-5399.92822265625
100000000000000000000004,1,924125000,0,-51,5.38120460390283,0,0,0.540036010742188,1.63,0,-5399.92822265625
100000000000000000000001,1,924125000,0,-44,4.25833066717054,0,0,0.540036010742188,1.63,0,-5399.92822265625
100000000000000000000003,1,924125000,0,-45,3.71223350668325,0,0,0.540036010742188,1.63,0,-5399.92822265625
100000000000000000000002,1,924125000,0,-42,0.951068088489097,0,0,0.540036010742188,1.63,0,-5399.92822265625
100000000000000000000000,1,924125000,0,-60.5,3.81040827710793,0,0,0.540036010742188,1.63,0,-5399.92822265625
100000000000000000000003,1,924125000,0,-44.5,3.73677719928942,0,0,0.540036010742188,1.63,0,-5399.92822265625
100000000000000000000001,1,924125000,0,-44,4.25833066717054,0,0,0.540036010742188,1.63,0,-5399.92822265625
100000000000000000000000,1,924125000,0,-61,3.81654420025948,0,0,0.540036010742188,1.63,0,-5399.92822265625
100000000000000000000004,1,924125000,0,-50.5,5.39961237335746,0,0,0.540036010742188,1.63,0,-5399.92822265625
100000000000000000000002,1,924125000,0,-42,0.95720401164064,0,0,0.540036010742188,1.63,0,-5399.92822265625
100000000000000000000004,1,924125000,0,-50.5,5.33211721869049,0,0,0.540036010742188,1.63,0,-5399.92822265625
100000000000000000000001,1,924125000,0,-44,4.26446659032208,0,0,0.540036010742188,1.63,0,-5399.92822265625
100000000000000000000000,1,924125000,0,-61.5,3.82881604656256,0,0,0.540036010742188,1.63,0,-5399.92822265625
100000000000000000000003,1,924125000,0,-45,3.72450535298634,0,0,0.540036010742188,1.63,0,-5399.92822265625
100000000000000000000002,1,924125000,0,-42,0.975611781095267,0,0,0.540036010742188,1.63,0,-5399.92822265625
100000000000000000000003,1,924125000,0,-45,3.70609758353171,0,0,0.540036010742188,1.63,0,-5399.92822265625
100000000000000000000001,1,924125000,0,-44,4.27673843662517,0,0,0.540036010742188,1.63,0,-5399.92822265625
100000000000000000000000,1,924125000,0,-60.5,3.80427235395639,0,0,0.540036010742188,1.63,0,-5399.92822265625
100000000000000000000002,1,924125000,0,-42,0.969475857943725,0,0,0.540036010742188,1.63,0,-5399.92822265625
100000000000000000000004,1,924125000,0,-50.5,5.38120460390283,0,0,0.540036010742188,1.63,0,-5399.92822265625
100000000000000000000003,1,924125000,0,-45,3.71836942983479,0,0,0.540036010742188,1.63,0,-5399.92822265625
100000000000000000000002,1,924125000,0,-42,0.951068088489097,0,0,0.540036010742188,1.63,0,-5399.92822265625
100000000000000000000000,1,924125000,0,-61.5,3.76745681504713,0,0,0.540036010742188,1.63,0,-5399.92822265625
100000000000000000000001,1,924125000,0,-44,4.25833066717054,0,0,0.540036010742188,1.63,0,-5399.92822265625
100000000000000000000004,1,924125000,0,-50.5,5.35052498814512,0,0,0.540036010742188,1.63,0,-5399.92822265625
100000000000000000000000,1,924125000,0,-61,3.77972866135022,0,0,0.540036010742188,1.63,0,-5399.92822265625
100000000000000000000001,1,924125000,0,-44,4.26446659032208,0,0,0.540036010742188,1.63,0,-5399.92822265625
100000000000000000000002,1,924125000,0,-42,0.938796242186013,0,0,0.540036010742188,1.63,0,-5399.92822265625
100000000000000000000003,1,924125000,0,-45,3.69996166038017,0,0,0.540036010742188,1.63,0,-5399.92822265625
100000000000000000000004,1,924125000,0,-50.5,5.35052498814512,0,0,0.540036010742188,1.63,0,-5399.92822265625
100000000000000000000004,1,924125000,0,-50.5,5.35666091129666,0,0,0.540036010742188,1.63,0,-5399.92822265625
100000000000000000000003,1,924125000,0,-45,3.72450535298634,0,0,0.540036010742188,1.63,0,-5399.92822265625
100000000000000000000002,1,924125000,0,-42,0.969475857943725,0,0,0.540036010742188,1.63,0,-5399.92822265625
100000000000000000000001,1,924125000,0,-44,4.27060251347362,0,0,0.540036010742188,1.63,0,-5399.92822265625
100000000000000000000000,1,924125000,0,-61,3.82268012341102,0,0,0.540036010742188,1.63,0,-5399.92822265625
100000000000000000000004,1,924125000,0,-50.5,5.37506868075129,0,0,0.540036010742188,1.63,0,-5399.92822265625
100000000000000000000002,1,924125000,0,-42,0.969475857943725,0,0,0.540036010742188,1.63,0,-5399.92822265625
100000000000000000000001,1,924125000,0,-44,4.27060251347362,0,0,0.540036010742188,1.63,0,-5399.92822265625
100000000000000000000003,1,924125000,0,-44.5,3.72450535298634,0,0,0.540036010742188,1.63,0,-5399.92822265625
100000000000000000000000,1,924125000,0,-61,3.8349519697141,0,0,0.540036010742188,1.63,0,-5399.92822265625
100000000000000000000003,1,924125000,0,-45,3.71223350668325,0,0,0.540036010742188,1.63,0,-5399.92822265625
100000000000000000000000,1,924125000,0,-61.5,3.85949566232027,0,0,0.540036010742188,1.63,0,-5399.92822265625
100000000000000000000002,1,924125000,0,-42,0.969475857943725,0,0,0.540036010742188,1.63,0,-5399.92822265625
100000000000000000000004,1,924125000,0,-50.5,5.3627968344482,0,0,0.540036010742188,1.63,0,-5399.92822265625
100000000000000000000001,1,924125000,0,-44,4.252194744019,0,0,0.540036010742188,1.63,0,-5399.92822265625
100000000000000000000001,1,924125000,0,-44,4.252194744019,0,0,0.540036010742188,1.63,0,-5399.92822265625
100000000000000000000004,1,924125000,0,-50.5,5.37506868075129,0,0,0.540036010742188,1.63,0,-5399.92822265625
100000000000000000000003,1,924125000,0,-45,3.70609758353171,0,0,0.540036010742188,1.63,0,-5399.92822265625
100000000000000000000000,1,924125000,0,-61,3.85949566232027,0,0,0.540036010742188,1.63,0,-5399.92822265625
100000000000000000000002,1,924125000,0,-42,0.944932165337555,0,0,0.540036010742188,1.63,0,-5399.92822265625
100000000000000000000004,1,924125000,0,-50.5,5.36893275759974,0,0,0.540036010742188,1.63,0,-5399.92822265625
100000000000000000000003,1,924125000,0,-45,3.70609758353171,0,0,0.540036010742188,1.63,0,-5399.92822265625
100000000000000000000001,1,924125000,0,-44,4.27060251347362,0,0,0.540036010742188,1.63,0,-5399.92822265625
100000000000000000000002,1,924125000,0,-42,0.951068088489097,0,0,0.540036010742188,1.63,0,-5399.92822265625
100000000000000000000000,1,924125000,0,-61,3.82881604656256,0,0,0.540036010742188,1.63,0,-5399.92822265625
100000000000000000000000,1,924125000,0,-60.5,3.71836942983479,0,0,0.540036010742188,1.63,0,-5399.92822265625
100000000000000000000004,1,924125000,0,-51,5.39347645020591,0,0,0.540036010742188,1.63,0,-5399.92822265625
100000000000000000000002,1,924125000,0,-42,0.951068088489097,0,0,0.540036010742188,1.63,0,-5399.92822265625
100000000000000000000003,1,924125000,0,-45,3.70609758353171,0,0,0.540036010742188,1.63,0,-5399.92822265625
100000000000000000000001,1,924125000,0,-44,4.24605882086745,0,0,0.540036010742188,1.63,0,-5399.92822265625
100000000000000000000003,1,924125000,0,-44.5,3.70609758353171,0,0,0.540036010742188,1.63,0,-5399.92822265625
100000000000000000000001,1,924125000,0,-44,4.26446659032208,0,0,0.540036010742188,1.63,0,-5399.92822265625
100000000000000000000002,1,924125000,0,-42,0.95720401164064,0,0,0.540036010742188,1.63,0,-5399.92822265625
100000000000000000000000,1,924125000,0,-61,3.77972866135022,0,0,0.540036010742188,1.63,0,-5399.92822265625
100000000000000000000004,1,924125000,0,-50.5,5.35052498814512,0,0,0.540036010742188,1.63,0,-5399.92822265625
100000000000000000000000,1,924125000,0,-61,3.79813643080485,0,0,0.540036010742188,1.63,0,-5399.92822265625
100000000000000000000002,1,924125000,0,-42,0.938796242186013,0,0,0.540036010742188,1.63,0,-5399.92822265625
100000000000000000000001,1,924125000,0,-44,4.27060251347362,0,0,0.540036010742188,1.63,0,-5399.92822265625
100000000000000000000004,1,924125000,0,-50.5,5.35052498814512,0,0,0.540036010742188,1.63,0,-5399.92822265625
100000000000000000000003,1,924125000,0,-44.5,3.71836942983479,0,0,0.540036010742188,1.63,0,-5399.92822265625
100000000000000000000002,1,924125000,0,-42,0.969475857943725,0,0,0.540036010742188,1.63,0,-5399.92822265625
100000000000000000000000,1,924125000,0,-61,3.84108789286565,0,0,0.540036010742188,1.63,0,-5399.92822265625
100000000000000000000001,1,924125000,0,-44,4.252194744019,0,0,0.540036010742188,1.63,0,-5399.92822265625
100000000000000000000003,1,924125000,0,-45,3.70609758353171,0,0,0.540036010742188,1.63,0,-5399.92822265625
100000000000000000000004,1,924125000,0,-50.5,5.34438906499357,0,0,0.540036010742188,1.63,0,-5399.92822265625
100000000000000000000002,1,924125000,0,-42,0.969475857943725,0,0,0.540036010742188,1.63,0,-5399.92822265625
100000000000000000000003,1,924125000,0,-45,3.71836942983479,0,0,0.540036010742188,1.63,0,-5399.92822265625
100000000000000000000001,1,924125000,0,-44,4.26446659032208,0,0,0.540036010742188,1.63,0,-5399.92822265625
100000000000000000000004,1,924125000,0,-50.5,5.38734052705437,0,0,0.540036010742188,1.63,0,-5399.92822265625
100000000000000000000000,1,924125000,0,-61,3.89631120122953,0,0,0.540036010742188,1.63,0,-5399.92822265625
100000000000000000000003,1,924125000,0,-45,3.71836942983479,0,0,0.540036010742188,1.63,0,-5399.92822265625
100000000000000000000000,1,924125000,0,-61,3.82268012341102,0,0,0.540036010742188,1.63,0,-5399.92822265625
100000000000000000000002,1,924125000,0,-42,0.969475857943725,0,0,0.540036010742188,1.63,0,-5399.92822265625
100000000000000000000001,1,924125000,0,-44,4.25833066717054,0,0,0.540036010742188,1.63,0,-5399.92822265625
100000000000000000000004,1,924125000,0,-50.5,5.34438906499357,0,0,0.540036010742188,1.63,0,-5399.92822265625
100000000000000000000001,1,924125000,0,-44,4.25833066717054,0,0,0.540036010742188,1.63,0,-5399.92822265625
100000000000000000000002,1,924125000,0,-42,0.963339934792183,0,0,0.540036010742188,1.63,0,-5399.92822265625
100000000000000000000003,1,924125000,0,-45,3.73064127613788,0,0,0.540036010742188,1.63,0,-5399.92822265625
100000000000000000000004,1,924125000,0,-50.5,5.35052498814512,0,0,0.540036010742188,1.63,0,-5399.92822265625
100000000000000000000000,1,924125000,0,-60.5,3.86563158547182,0,0,0.540036010742188,1.63,0,-5399.92822265625
100000000000000000000002,1,924125000,0,-42,0.944932165337555,0,0,0.540036010742188,1.63,0,-5399.92822265625
100000000000000000000004,1,924125000,0,-50.5,5.3627968344482,0,0,0.540036010742188,1.63,0,-5399.92822265625
100000000000000000000001,1,924125000,0,-44,4.27060251347362,0,0,0.540036010742188,1.63,0,-5399.92822265625
100000000000000000000003,1,924125000,0,-45,3.71836942983479,0,0,0.540036010742188,1.63,0,-5399.92822265625
100000000000000000000000,1,924125000,0,-61,3.76132089189559,0,0,0.540036010742188,1.63,0,-5399.92822265625
100000000000000000000004,1,924125000,0,-51,5.3627968344482,0,0,0.540036010742188,1.63,0,-5399.92822265625
100000000000000000000003,1,924125000,0,-45,3.70609758353171,0,0,0.540036010742188,1.63,0,-5399.92822265625
100000000000000000000000,1,924125000,0,-61,3.82268012341102,0,0,0.540036010742188,1.63,0,-5399.92822265625
100000000000000000000002,1,924125000,0,-42,0.969475857943725,0,0,0.540036010742188,1.63,0,-5399.92822265625
100000000000000000000001,1,924125000,0,-44,4.26446659032208,0,0,0.540036010742188,1.63,0,-5399.92822265625
100000000000000000000000,1,924125000,0,-61,3.80427235395639,0,0,0.540036010742188,1.63,0,-5399.92822265625
100000000000000000000002,1,924125000,0,-42,0.963339934792183,0,0,0.540036010742188,1.63,0,-5399.92822265625
100000000000000000000004,1,924125000,0,-51,5.37506868075129,0,0,0.540036010742188,1.63,0,-5399.92822265625
100000000000000000000001,1,924125000,0,-44,4.26446659032208,0,0,0.540036010742188,1.63,0,-5399.92822265625
100000000000000000000003,1,924125000,0,-45,3.71836942983479,0,0,0.540036010742188,1.63,0,-5399.92822265625
100000000000000000000000,1,924125000,0,-60.5,3.78586458450176,0,0,0.540036010742188,1.63,0,-5399.92822265625
100000000000000000000003,1,924125000,0,-45,3.73064127613788,0,0,0.540036010742188,1.63,0,-5399.92822265625
100000000000000000000001,1,924125000,0,-44,4.26446659032208,0,0,0.540036010742188,1.63,0,-5399.92822265625
100000000000000000000002,1,924125000,0,-42,0.969475857943725,0,0,0.540036010742188,1.63,0,-5399.92822265625
100000000000000000000004,1,924125000,0,-50.5,5.35052498814512,0,0,0.540036010742188,1.63,0,-5399.92822265625
100000000000000000000002,1,924125000,0,-42,0.944932165337555,0,0,0.540036010742188,1.63,0,-5399.92822265625
100000000000000000000001,1,924125000,0,-44,4.25833066717054,0,0,0.540036010742188,1.63,0,-5399.92822265625
100000000000000000000003,1,924125000,0,-45,3.72450535298634,0,0,0.540036010742188,1.63,0,-5399.92822265625
100000000000000000000000,1,924125000,0,-61,3.86563158547182,0,0,0.540036010742188,1.63,0,-5399.92822265625
100000000000000000000004,1,924125000,0,-51,5.38734052705437,0,0,0.540036010742188,1.63,0,-5399.92822265625
100000000000000000000003,1,924125000,0,-45,3.71223350668325,0,0,0.540036010742188,1.63,0,-5399.92822265625
100000000000000000000000,1,924125000,0,-61,3.78586458450176,0,0,0.540036010742188,1.63,0,-5399.92822265625
100000000000000000000004,1,924125000,0,-51,5.32598129553895,0,0,0.540036010742188,1.63,0,-5399.92822265625
100000000000000000000001,1,924125000,0,-44,4.25833066717054,0,0,0.540036010742188,1.63,0,-5399.92822265625
100000000000000000000002,1,924125000,0,-42,0.975611781095267,0,0,0.540036010742188,1.63,0,-5399.92822265625
100000000000000000000004,1,924125000,0,-50.5,5.38120460390283,0,0,0.540036010742188,1.63,0,-5399.92822265625
100000000000000000000001,1,924125000,0,-44,4.24605882086745,0,0,0.540036010742188,1.63,0,-5399.92822265625
100000000000000000000000,1,924125000,0,-61,3.81040827710793,0,0,0.540036010742188,1.63,0,-5399.92822265625
100000000000000000000002,1,924125000,0,-42,0.938796242186013,0,0,0.540036010742188,1.63,0,-5399.92822265625
100000000000000000000003,1,924125000,0,-45,3.69996166038017,0,0,0.540036010742188,1.63,0,-5399.92822265625
100000000000000000000001,1,924125000,0,-44,4.27060251347362,0,0,0.540036010742188,1.63,0,-5399.92822265625
100000000000000000000003,1,924125000,0,-45,3.73064127613788,0,0,0.540036010742188,1.63,0,-5399.92822265625
100000000000000000000002,1,924125000,0,-42,0.95720401164064,0,0,0.540036010742188,1.63,0,-5399.92822265625
100000000000000000000004,1,924125000,0,-50.5,5.37506868075129,0,0,0.540036010742188,1.63,0,-5399.92822265625
100000000000000000000000,1,924125000,0,-61.5,3.79200050765331,0,0,0.540036010742188,1.63,0,-5399.92822265625
100000000000000000000003,1,924125000,0,-44.5,3.71223350668325,0,0,0.540036010742188,1.63,0,-5399.92822265625
100000000000000000000002,1,924125000,0,-42,0.963339934792183,0,0,0.540036010742188,1.63,0,-5399.92822265625
100000000000000000000001,1,924125000,0,-44,4.252194744019,0,0,0.540036010742188,1.63,0,-5399.92822265625
100000000000000000000000,1,924125000,0,-61,3.73677719928942,0,0,0.540036010742188,1.63,0,-5399.92822265625
100000000000000000000004,1,924125000,0,-50.5,5.3627968344482,0,0,0.540036010742188,1.63,0,-5399.92822265625
100000000000000000000002,1,924125000,0,-42,0.944932165337555,0,0,0.540036010742188,1.63,0,-5399.92822265625
100000000000000000000000,1,924125000,0,-61,3.79813643080485,0,0,0.540036010742188,1.63,0,-5399.92822265625
100000000000000000000004,1,924125000,0,-50.5,5.35052498814512,0,0,0.540036010742188,1.63,0,-5399.92822265625
100000000000000000000001,1,924125000,0,-44,4.26446659032208,0,0,0.540036010742188,1.63,0,-5399.92822265625
100000000000000000000003,1,924125000,0,-44.5,3.72450535298634,0,0,0.540036010742188,1.63,0,-5399.92822265625
100000000000000000000002,1,924125000,0,-42,0.944932165337555,0,0,0.540036010742188,1.63,0,-5399.92822265625
100000000000000000000004,1,924125000,0,-50.5,5.3627968344482,0,0,0.540036010742188,1.63,0,-5399.92822265625
100000000000000000000001,1,924125000,0,-44,4.25833066717054,0,0,0.540036010742188,1.63,0,-5399.92822265625
100000000000000000000003,1,924125000,0,-45,3.70609758353171,0,0,0.540036010742188,1.63,0,-5399.92822265625
100000000000000000000000,1,924125000,0,-61.5,3.81654420025948,0,0,0.540036010742188,1.63,0,-5399.92822265625
100000000000000000000000,1,924125000,0,-61,3.76132089189559,0,0,0.540036010742188,1.63,0,-5399.92822265625
100000000000000000000001,1,924125000,0,-44,4.25833066717054,0,0,0.540036010742188,1.63,0,-5399.92822265625
100000000000000000000002,1,924125000,0,-42,0.975611781095267,0,0,0.540036010742188,1.63,0,-5399.92822265625
100000000000000000000004,1,924125000,0,-51,5.37506868075129,0,0,0.540036010742188,1.63,0,-5399.92822265625
100000000000000000000003,1,924125000,0,-45,3.69382573722862,0,0,0.540036010742188,1.63,0,-5399.92822265625
100000000000000000000003,1,924125000,0,-45,3.71836942983479,0,0,0.540036010742188,1.63,0,-5399.92822265625
100000000000000000000000,1,924125000,0,-61,3.76745681504713,0,0,0.540036010742188,1.63,0,-5399.92822265625
100000000000000000000002,1,924125000,0,-42,0.963339934792183,0,0,0.540036010742188,1.63,0,-5399.92822265625
100000000000000000000001,1,924125000,0,-44,4.26446659032208,0,0,0.540036010742188,1.63,0,-5399.92822265625
100000000000000000000004,1,924125000,0,-50.5,5.3627968344482,0,0,0.540036010742188,1.63,0,-5399.92822265625
100000000000000000000003,1,924125000,0,-45,3.71223350668325,0,0,0.540036010742188,1.63,0,-5399.92822265625
100000000000000000000001,1,924125000,0,-44,4.27060251347362,0,0,0.540036010742188,1.63,0,-5399.92822265625
100000000000000000000002,1,924125000,0,-42,0.938796242186013,0,0,0.540036010742188,1.63,0,-5399.92822265625
100000000000000000000000,1,924125000,0,-60.5,3.79200050765331,0,0,0.540036010742188,1.63,0,-5399.92822265625
100000000000000000000004,1,924125000,0,-50.5,5.38120460390283,0,0,0.540036010742188,1.63,0,-5399.92822265625
100000000000000000000003,1,924125000,0,-45,3.71223350668325,0,0,0.540036010742188,1.63,0,-5399.92822265625
100000000000000000000001,1,924125000,0,-44,4.25833066717054,0,0,0.540036010742188,1.63,0,-5399.92822265625
100000000000000000000004,1,924125000,0,-50.5,5.35052498814512,0,0,0.540036010742188,1.63,0,-5399.92822265625
100000000000000000000002,1,924125000,0,-42,0.963339934792183,0,0,0.540036010742188,1.63,0,-5399.92822265625
100000000000000000000000,1,924125000,0,-61,3.81040827710793,0,0,0.540036010742188,1.63,0,-5399.92822265625
100000000000000000000002,1,924125000,0,-42,0.938796242186013,0,0,0.540036010742188,1.63,0,-5399.92822265625
100000000000000000000004,1,924125000,0,-51,5.33825314184203,0,0,0.540036010742188,1.63,0,-5399.92822265625
100000000000000000000000,1,924125000,0,-61,3.87176750862336,0,0,0.540036010742188,1.63,0,-5399.92822265625
100000000000000000000001,1,924125000,0,-44,4.25833066717054,0,0,0.540036010742188,1.63,0,-5399.92822265625
100000000000000000000003,1,924125000,0,-45,3.70609758353171,0,0,0.540036010742188,1.63,0,-5399.92822265625
100000000000000000000000,1,924125000,0,-61,3.82268012341102,0,0,0.540036010742188,1.63,0,-5399.92822265625
100000000000000000000001,1,924125000,0,-44,4.252194744019,0,0,0.540036010742188,1.63,0,-5399.92822265625
100000000000000000000002,1,924125000,0,-42,0.951068088489097,0,0,0.540036010742188,1.63,0,-5399.92822265625
100000000000000000000004,1,924125000,0,-50.5,5.37506868075129,0,0,0.540036010742188,1.63,0,-5399.92822265625
100000000000000000000003,1,924125000,0,-44.5,3.71223350668325,0,0,0.540036010742188,1.63,0,-5399.92822265625
100000000000000000000001,1,924125000,0,-44,4.27060251347362,0,0,0.540036010742188,1.63,0,-5399.92822265625
100000000000000000000002,1,924125000,0,-42,0.963339934792183,0,0,0.540036010742188,1.63,0,-5399.92822265625
100000000000000000000004,1,924125000,0,-50.5,5.31370944923586,0,0,0.540036010742188,1.63,0,-5399.92822265625
100000000000000000000003,1,924125000,0,-45,3.71836942983479,0,0,0.540036010742188,1.63,0,-5399.92822265625
100000000000000000000000,1,924125000,0,-61,3.78586458450176,0,0,0.540036010742188,1.63,0,-5399.92822265625
100000000000000000000004,1,924125000,0,-51,5.37506868075129,0,0,0.540036010742188,1.63,0,-5399.92822265625
100000000000000000000002,1,924125000,0,-42,0.95720401164064,0,0,0.540036010742188,1.63,0,-5399.92822265625
100000000000000000000003,1,924125000,0,-45,3.71836942983479,0,0,0.540036010742188,1.63,0,-5399.92822265625
100000000000000000000001,1,924125000,0,-44,4.252194744019,0,0,0.540036010742188,1.63,0,-5399.92822265625
100000000000000000000000,1,924125000,0,-61,3.76745681504713,0,0,0.540036010742188,1.63,0,-5399.92822265625
100000000000000000000002,1,924125000,0,-42,0.969475857943725,0,0,0.540036010742188,1.63,0,-5399.92822265625
100000000000000000000001,1,924125000,0,-44,4.252194744019,0,0,0.540036010742188,1.63,0,-5399.92822265625
100000000000000000000004,1,924125000,0,-51,5.35052498814512,0,0,0.540036010742188,1.63,0,-5399.92822265625
100000000000000000000003,1,924125000,0,-45,3.71836942983479,0,0,0.540036010742188,1.63,0,-5399.92822265625
100000000000000000000000,1,924125000,0,-61,3.74291312244096,0,0,0.540036010742188,1.63,0,-5399.92822265625
100000000000000000000004,1,924125000,0,-51,5.3627968344482,0,0,0.540036010742188,1.63,0,-5399.92822265625
100000000000000000000003,1,924125000,0,-45,3.71223350668325,0,0,0.540036010742188,1.63,0,-5399.92822265625
100000000000000000000002,1,924125000,0,-42,0.969475857943725,0,0,0.540036010742188,1.63,0,-5399.92822265625
100000000000000000000001,1,924125000,0,-44,4.26446659032208,0,0,0.540036010742188,1.63,0,-5399.92822265625
100000000000000000000000,1,924125000,0,-61,3.85335973916873,0,0,0.540036010742188,1.63,0,-5399.92822265625
100000000000000000000000,1,924125000,0,-61,3.82881604656256,0,0,0.540036010742188,1.63,0,-5399.92822265625
100000000000000000000004,1,924125000,0,-51,5.3627968344482,0,0,0.540036010742188,1.63,0,-5399.92822265625
100000000000000000000002,1,924125000,0,-42,0.95720401164064,0,0,0.540036010742188,1.63,0,-5399.92822265625
100000000000000000000001,1,924125000,0,-44,4.27673843662517,0,0,0.540036010742188,1.63,0,-5399.92822265625
100000000000000000000003,1,924125000,0,-45,3.68155389092554,0,0,0.540036010742188,1.63,0,-5399.92822265625
100000000000000000000004,1,924125000,0,-50.5,5.37506868075129,0,0,0.540036010742188,1.63,0,-5399.92822265625
100000000000000000000003,1,924125000,0,-45,3.72450535298634,0,0,0.540036010742188,1.63,0,-5399.92822265625
100000000000000000000000,1,924125000,0,-60.5,3.81654420025948,0,0,0.540036010742188,1.63,0,-5399.92822265625
100000000000000000000002,1,924125000,0,-42,0.975611781095267,0,0,0.540036010742188,1.63,0,-5399.92822265625
100000000000000000000001,1,924125000,0,-44,4.27060251347362,0,0,0.540036010742188,1.63,0,-5399.92822265625
100000000000000000000001,1,924125000,0,-44,4.25833066717054,0,0,0.540036010742188,1.63,0,-5399.92822265625
100000000000000000000002,1,924125000,0,-42,0.95720401164064,0,0,0.540036010742188,1.63,0,-5399.92822265625
100000000000000000000003,1,924125000,0,-44.5,3.70609758353171,0,0,0.540036010742188,1.63,0,-5399.92822265625
100000000000000000000004,1,924125000,0,-50.5,5.35666091129666,0,0,0.540036010742188,1.63,0,-5399.92822265625
100000000000000000000000,1,924125000,0,-61,3.8779034317749,0,0,0.540036010742188,1.63,0,-5399.92822265625
100000000000000000000002,1,924125000,0,-42,0.95720401164064,0,0,0.540036010742188,1.63,0,-5399.92822265625
100000000000000000000000,1,924125000,0,-60.5,3.82881604656256,0,0,0.540036010742188,1.63,0,-5399.92822265625
100000000000000000000003,1,924125000,0,-45,3.71223350668325,0,0,0.540036010742188,1.63,0,-5399.92822265625
100000000000000000000001,1,924125000,0,-44,4.26446659032208,0,0,0.540036010742188,1.63,0,-5399.92822265625
100000000000000000000004,1,924125000,0,-50.5,5.36893275759974,0,0,0.540036010742188,1.63,0,-5399.92822265625
100000000000000000000000,1,924125000,0,-61,3.74291312244096,0,0,0.540036010742188,1.63,0,-5399.92822265625
100000000000000000000003,1,924125000,0,-45,3.71223350668325,0,0,0.540036010742188,1.63,0,-5399.92822265625
100000000000000000000002,1,924125000,0,-42,0.963339934792183,0,0,0.540036010742188,1.63,0,-5399.92822265625
100000000000000000000004,1,924125000,0,-50.5,5.33825314184203,0,0,0.540036010742188,1.63,0,-5399.92822265625
100000000000000000000001,1,924125000,0,-44,4.252194744019,0,0,0.540036010742188,1.63,0,-5399.92822265625
100000000000000000000004,1,924125000,0,-50.5,5.3627968344482,0,0,0.540036010742188,1.63,0,-5399.92822265625
100000000000000000000002,1,924125000,0,-42,0.975611781095267,0,0,0.540036010742188,1.63,0,-5399.92822265625
100000000000000000000000,1,924125000,0,-60.5,3.81040827710793,0,0,0.540036010742188,1.63,0,-5399.92822265625
100000000000000000000003,1,924125000,0,-45,3.71223350668325,0,0,0.540036010742188,1.63,0,-5399.92822265625
100000000000000000000001,1,924125000,0,-44,4.25833066717054,0,0,0.540036010742188,1.63,0,-5399.92822265625
100000000000000000000004,1,924125000,0,-50.5,5.38120460390283,0,0,0.540036010742188,1.63,0,-5399.92822265625
100000000000000000000002,1,924125000,0,-42,0.951068088489097,0,0,0.540036010742188,1.63,0,-5399.92822265625
100000000000000000000000,1,924125000,0,-60.5,3.90858304753261,0,0,0.540036010742188,1.63,0,-5399.92822265625
100000000000000000000001,1,924125000,0,-44,4.26446659032208,0,0,0.540036010742188,1.63,0,-5399.92822265625
100000000000000000000003,1,924125000,0,-45,3.71836942983479,0,0,0.540036010742188,1.63,0,-5399.92822265625
100000000000000000000000,1,924125000,0,-61,3.79200050765331,0,0,0.540036010742188,1.63,0,-5399.92822265625
100000000000000000000004,1,924125000,0,-50.5,5.39347645020591,0,0,0.540036010742188,1.63,0,-5399.92822265625
100000000000000000000002,1,924125000,0,-42,0.951068088489097,0,0,0.540036010742188,1.63,0,-5399.92822265625
100000000000000000000003,1,924125000,0,-45,3.71223350668325,0,0,0.540036010742188,1.63,0,-5399.92822265625
100000000000000000000001,1,924125000,0,-44,4.26446659032208,0,0,0.540036010742188,1.63,0,-5399.92822265625
100000000000000000000002,1,924125000,0,-42,0.969475857943725,0,0,0.540036010742188,1.63,0,-5399.92822265625
100000000000000000000004,1,924125000,0,-50.5,5.36893275759974,0,0,0.540036010742188,1.63,0,-5399.92822265625
100000000000000000000000,1,924125000,0,-61,3.77972866135022,0,0,0.540036010742188,1.63,0,-5399.92822265625
100000000000000000000003,1,924125000,0,-45,3.71223350668325,0,0,0.540036010742188,1.63,0,-5399.92822265625
100000000000000000000001,1,924125000,0,-44,4.25833066717054,0,0,0.540036010742188,1.63,0,-5399.92822265625
100000000000000000000000,1,924125000,0,-61,3.87176750862336,0,0,0.540036010742188,1.63,0,-5399.92822265625
100000000000000000000004,1,924125000,0,-50.5,5.38120460390283,0,0,0.540036010742188,1.63,0,-5399.92822265625
100000000000000000000001,1,924125000,0,-44,4.24605882086745,0,0,0.540036010742188,1.63,0,-5399.92822265625
100000000000000000000002,1,924125000,0,-42,0.951068088489097,0,0,0.540036010742188,1.63,0,-5399.92822265625
100000000000000000000003,1,924125000,0,-45,3.71223350668325,0,0,0.540036010742188,1.63,0,-5399.92822265625
100000000000000000000003,1,924125000,0,-44.5,3.73064127613788,0,0,0.540036010742188,1.63,0,-5399.92822265625
100000000000000000000002,1,924125000,0,-42,0.975611781095267,0,0,0.540036010742188,1.63,0,-5399.92822265625
100000000000000000000001,1,924125000,0,-44,4.252194744019,0,0,0.540036010742188,1.63,0,-5399.92822265625
100000000000000000000000,1,924125000,0,-61,3.8779034317749,0,0,0.540036010742188,1.63,0,-5399.92822265625
100000000000000000000004,1,924125000,0,-50.5,5.36893275759974,0,0,0.540036010742188,1.63,0,-5399.92822265625
100000000000000000000000,1,924125000,0,-61.5,3.80427235395639,0,0,0.540036010742188,1.63,0,-5399.92822265625
100000000000000000000003,1,924125000,0,-45,3.71223350668325,0,0,0.540036010742188,1.63,0,-5399.92822265625
100000000000000000000001,1,924125000,0,-44,4.27060251347362,0,0,0.540036010742188,1.63,0,-5399.92822265625
100000000000000000000002,1,924125000,0,-42,0.944932165337555,0,0,0.540036010742188,1.63,0,-5399.92822265625
100000000000000000000004,1,924125000,0,-50.5,5.35052498814512,0,0,0.540036010742188,1.63,0,-5399.92822265625
100000000000000000000000,1,924125000,0,-61,3.77359273819868,0,0,0.540036010742188,1.63,0,-5399.92822265625
100000000000000000000001,1,924125000,0,-44,4.25833066717054,0,0,0.540036010742188,1.63,0,-5399.92822265625
100000000000000000000003,1,924125000,0,-45,3.71836942983479,0,0,0.540036010742188,1.63,0,-5399.92822265625
100000000000000000000002,1,924125000,0,-42,0.951068088489097,0,0,0.540036010742188,1.63,0,-5399.92822265625
100000000000000000000004,1,924125000,0,-50.5,5.37506868075129,0,0,0.540036010742188,1.63,0,-5399.92822265625
100000000000000000000003,1,924125000,0,-45,3.71223350668325,0,0,0.540036010742188,1.63,0,-5399.92822265625
100000000000000000000004,1,924125000,0,-50.5,5.3627968344482,0,0,0.540036010742188,1.63,0,-5399.92822265625
100000000000000000000001,1,924125000,0,-44,4.25833066717054,0,0,0.540036010742188,1.63,0,-5399.92822265625
100000000000000000000002,1,924125000,0,-42,0.944932165337555,0,0,0.540036010742188,1.63,0,-5399.92822265625
100000000000000000000000,1,924125000,0,-61,3.8779034317749,0,0,0.540036010742188,1.63,0,-5399.92822265625
100000000000000000000003,1,924125000,0,-45,3.70609758353171,0,0,0.540036010742188,1.63,0,-5399.92822265625
100000000000000000000004,1,924125000,0,-51,5.36893275759974,0,0,0.540036010742188,1.63,0,-5399.92822265625
100000000000000000000001,1,924125000,0,-44,4.26446659032208,0,0,0.540036010742188,1.63,0,-5399.92822265625
100000000000000000000000,1,924125000,0,-61.5,3.78586458450176,0,0,0.540036010742188,1.63,0,-5399.92822265625
100000000000000000000002,1,924125000,0,-42,0.963339934792183,0,0,0.540036010742188,1.63,0,-5399.92822265625
100000000000000000000004,1,924125000,0,-50.5,5.3627968344482,0,0,0.540036010742188,1.63,0,-5399.92822265625
100000000000000000000002,1,924125000,0,-42,0.944932165337555,0,0,0.540036010742188,1.63,0,-5399.92822265625
100000000000000000000003,1,924125000,0,-45,3.72450535298634,0,0,0.540036010742188,1.63,0,-5399.92822265625
100000000000000000000000,1,924125000,0,-61,3.79813643080485,0,0,0.540036010742188,1.63,0,-5399.92822265625
100000000000000000000001,1,924125000,0,-44,4.24605882086745,0,0,0.540036010742188,1.63,0,-5399.92822265625
100000000000000000000002,1,924125000,0,-42,0.969475857943725,0,0,0.540036010742188,1.63,0,-5399.92822265625
100000000000000000000004,1,924125000,0,-50.5,5.35666091129666,0,0,0.540036010742188,1.63,0,-5399.92822265625
100000000000000000000000,1,924125000,0,-61,3.82268012341102,0,0,0.540036010742188,1.63,0,-5399.92822265625
100000000000000000000003,1,924125000,0,-45,3.73064127613788,0,0,0.540036010742188,1.63,0,-5399.92822265625
100000000000000000000001,1,924125000,0,-44,4.27060251347362,0,0,0.540036010742188,1.63,0,-5399.92822265625
100000000000000000000004,1,924125000,0,-51,5.35666091129666,0,0,0.540036010742188,1.63,0,-5399.92822265625
100000000000000000000002,1,924125000,0,-42,0.951068088489097,0,0,0.540036010742188,1.63,0,-5399.92822265625
100000000000000000000003,1,924125000,0,-45,3.71223350668325,0,0,0.540036010742188,1.63,0,-5399.92822265625
100000000000000000000001,1,924125000,0,-44,4.25833066717054,0,0,0.540036010742188,1.63,0,-5399.92822265625
100000000000000000000000,1,924125000,0,-61,3.88403935492644,0,0,0.540036010742188,1.63,0,-5399.92822265625
100000000000000000000004,1,924125000,0,-50.5,5.36893275759974,0,0,0.540036010742188,1.63,0,-5399.92822265625
100000000000000000000001,1,924125000,0,-44,4.25833066717054,0,0,0.540036010742188,1.63,0,-5399.92822265625
100000000000000000000003,1,924125000,0,-45,3.71836942983479,0,0,0.540036010742188,1.63,0,-5399.92822265625
100000000000000000000002,1,924125000,0,-42,0.963339934792183,0,0,0.540036010742188,1.63,0,-5399.92822265625
100000000000000000000000,1,924125000,0,-61,3.78586458450176,0,0,0.540036010742188,1.63,0,-5399.92822265625
100000000000000000000004,1,924125000,0,-51,5.35052498814512,0,0,0.540036010742188,1.63,0,-5399.92822265625
100000000000000000000002,1,924125000,0,-42,0.93266031903447,0,0,0.540036010742188,1.63,0,-5399.92822265625
100000000000000000000001,1,924125000,0,-44,4.26446659032208,0,0,0.540036010742188,1.63,0,-5399.92822265625
100000000000000000000003,1,924125000,0,-44.5,3.71223350668325,0,0,0.540036010742188,1.63,0,-5399.92822265625
100000000000000000000000,1,924125000,0,-61,3.77359273819868,0,0,0.540036010742188,1.63,0,-5399.92822265625
100000000000000000000001,1,924125000,0,-44,4.26446659032208,0,0,0.540036010742188,1.63,0,-5399.92822265625
100000000000000000000003,1,924125000,0,-44.5,3.72450535298634,0,0,0.540036010742188,1.63,0,-5399.92822265625
100000000000000000000002,1,924125000,0,-42,0.969475857943725,0,0,0.540036010742188,1.63,0,-5399.92822265625
100000000000000000000004,1,924125000,0,-50.5,5.37506868075129,0,0,0.540036010742188,1.63,0,-5399.92822265625
100000000000000000000000,1,924125000,0,-61,3.80427235395639,0,0,0.540036010742188,1.63,0,-5399.92822265625
100000000000000000000003,1,924125000,0,-45,3.71836942983479,0,0,0.540036010742188,1.63,0,-5399.92822265625
100000000000000000000000,1,924125000,0,-61,3.79200050765331,0,0,0.540036010742188,1.63,0,-5399.92822265625
100000000000000000000002,1,924125000,0,-42,0.95720401164064,0,0,0.540036010742188,1.63,0,-5399.92822265625
100000000000000000000004,1,924125000,0,-50.5,5.36893275759974,0,0,0.540036010742188,1.63,0,-5399.92822265625
100000000000000000000001,1,924125000,0,-44,4.26446659032208,0,0,0.540036010742188,1.63,0,-5399.92822265625
100000000000000000000003,1,924125000,0,-45,3.72450535298634,0,0,0.540036010742188,1.63,0,-5399.92822265625
100000000000000000000004,1,924125000,0,-51,5.35666091129666,0,0,0.540036010742188,1.63,0,-5399.92822265625
100000000000000000000001,1,924125000,0,-44,4.27060251347362,0,0,0.540036010742188,1.63,0,-5399.92822265625
100000000000000000000002,1,924125000,0,-42,0.969475857943725,0,0,0.540036010742188,1.63,0,-5399.92822265625
100000000000000000000000,1,924125000,0,-61,3.84722381601719,0,0,0.540036010742188,1.63,0,-5399.92822265625
100000000000000000000003,1,924125000,0,-45,3.73064127613788,0,0,0.540036010742188,1.63,0,-5399.92822265625
100000000000000000000001,1,924125000,0,-44,4.25833066717054,0,0,0.540036010742188,1.63,0,-5399.92822265625
100000000000000000000004,1,924125000,0,-50.5,5.34438906499357,0,0,0.540036010742188,1.63,0,-5399.92822265625
100000000000000000000002,1,924125000,0,-42,0.95720401164064,0,0,0.540036010742188,1.63,0,-5399.92822265625
100000000000000000000000,1,924125000,0,-61,3.86563158547182,0,0,0.540036010742188,1.63,0,-5399.92822265625
100000000000000000000003,1,924125000,0,-45,3.71223350668325,0,0,0.540036010742188,1.63,0,-5399.92822265625
100000000000000000000000,1,924125000,0,-61,3.85335973916873,0,0,0.540036010742188,1.63,0,-5399.92822265625
100000000000000000000002,1,924125000,0,-42,0.93266031903447,0,0,0.540036010742188,1.63,0,-5399.92822265625
100000000000000000000001,1,924125000,0,-44,4.25833066717054,0,0,0.540036010742188,1.63,0,-5399.92822265625
100000000000000000000004,1,924125000,0,-50.5,5.34438906499357,0,0,0.540036010742188,1.63,0,-5399.92822265625
100000000000000000000000,1,924125000,0,-61,3.85335973916873,0,0,0.540036010742188,1.63,0,-5399.92822265625
100000000000000000000003,1,924125000,0,-45,3.70609758353171,0,0,0.540036010742188,1.63,0,-5399.92822265625
100000000000000000000001,1,924125000,0,-44,4.26446659032208,0,0,0.540036010742188,1.63,0,-5399.92822265625
100000000000000000000002,1,924125000,0,-42,0.95720401164064,0,0,0.540036010742188,1.63,0,-5399.92822265625
100000000000000000000004,1,924125000,0,-50.5,5.35666091129666,0,0,0.540036010742188,1.63,0,-5399.92822265625
100000000000000000000002,1,924125000,0,-42,0.951068088489097,0,0,0.540036010742188,1.63,0,-5399.92822265625
100000000000000000000003,1,924125000,0,-44.5,3.71223350668325,0,0,0.540036010742188,1.63,0,-5399.92822265625
100000000000000000000000,1,924125000,0,-61,3.77359273819868,0,0,0.540036010742188,1.63,0,-5399.92822265625
100000000000000000000001,1,924125000,0,-44,4.27060251347362,0,0,0.540036010742188,1.63,0,-5399.92822265625
100000000000000000000004,1,924125000,0,-50.5,5.35666091129666,0,0,0.540036010742188,1.63,0,-5399.92822265625
100000000000000000000002,1,924125000,0,-42,0.969475857943725,0,0,0.540036010742188,1.63,0,-5399.92822265625
100000000000000000000003,1,924125000,0,-45,3.72450535298634,0,0,0.540036010742188,1.63,0,-5399.92822265625
100000000000000000000000,1,924125000,0,-61,3.77359273819868,0,0,0.540036010742188,1.63,0,-5399.92822265625
100000000000000000000004,1,924125000,0,-50.5,5.37506868075129,0,0,0.540036010742188,1.63,0,-5399.92822265625
100000000000000000000001,1,924125000,0,-44,4.24605882086745,0,0,0.540036010742188,1.63,0,-5399.92822265625
100000000000000000000003,1,924125000,0,-44.5,3.70609758353171,0,0,0.540036010742188,1.63,0,-5399.92822265625
100000000000000000000004,1,924125000,0,-50.5,5.36893275759974,0,0,0.540036010742188,1.63,0,-5399.92822265625
100000000000000000000000,1,924125000,0,-60.5,3.84108789286565,0,0,0.540036010742188,1.63,0,-5399.92822265625
100000000000000000000002,1,924125000,0,-42,0.95720401164064,0,0,0.540036010742188,1.63,0,-5399.92822265625
100000000000000000000001,1,924125000,0,-44,4.27060251347362,0,0,0.540036010742188,1.63,0,-5399.92822265625
100000000000000000000000,1,924125000,0,-61,3.79813643080485,0,0,0.540036010742188,1.63,0,-5399.92822265625
100000000000000000000002,1,924125000,0,-42,0.963339934792183,0,0,0.540036010742188,1.63,0,-5399.92822265625
100000000000000000000004,1,924125000,0,-50.5,5.3627968344482,0,0,0.540036010742188,1.63,0,-5399.92822265625
100000000000000000000003,1,924125000,0,-45,3.72450535298634,0,0,0.540036010742188,1.63,0,-5399.92822265625
100000000000000000000001,1,924125000,0,-44,4.25833066717054,0,0,0.540036010742188,1.63,0,-5399.92822265625
100000000000000000000000,1,924125000,0,-61,3.80427235395639,0,0,0.540036010742188,1.63,0,-5399.92822265625
100000000000000000000004,1,924125000,0,-51,5.35052498814512,0,0,0.540036010742188,1.63,0,-5399.92822265625
100000000000000000000003,1,924125000,0,-45,3.72450535298634,0,0,0.540036010742188,1.63,0,-5399.92822265625
100000000000000000000002,1,924125000,0,-42,0.951068088489097,0,0,0.540036010742188,1.63,0,-5399.92822265625
100000000000000000000001,1,924125000,0,-44,4.25833066717054,0,0,0.540036010742188,1.63,0,-5399.92822265625
100000000000000000000002,1,924125000,0,-42,0.963339934792183,0,0,0.540036010742188,1.63,0,-5399.92822265625
100000000000000000000003,1,924125000,0,-45,3.72450535298634,0,0,0.540036010742188,1.63,0,-5399.92822265625
100000000000000000000004,1,924125000,0,-51,5.34438906499357,0,0,0.540036010742188,1.63,0,-5399.92822265625
100000000000000000000001,1,924125000,0,-44,4.252194744019,0,0,0.540036010742188,1.63,0,-5399.92822265625
100000000000000000000000,1,924125000,0,-61,3.86563158547182,0,0,0.540036010742188,1.63,0,-5399.92822265625
100000000000000000000003,1,924125000,0,-45,3.71836942983479,0,0,0.540036010742188,1.63,0,-5399.92822265625
100000000000000000000000,1,924125000,0,-61,3.82268012341102,0,0,0.540036010742188,1.63,0,-5399.92822265625
100000000000000000000004,1,924125000,0,-50.5,5.36893275759974,0,0,0.540036010742188,1.63,0,-5399.92822265625
100000000000000000000001,1,924125000,0,-44,4.25833066717054,0,0,0.540036010742188,1.63,0,-5399.92822265625
100000000000000000000002,1,924125000,0,-42,0.95720401164064,0,0,0.540036010742188,1.63,0,-5399.92822265625
100000000000000000000004,1,924125000,0,-50.5,5.35666091129666,0,0,0.540036010742188,1.63,0,-5399.92822265625
100000000000000000000000,1,924125000,0,-61,3.77359273819868,0,0,0.540036010742188,1.63,0,-5399.92822265625
100000000000000000000003,1,924125000,0,-45,3.71836942983479,0,0,0.540036010742188,1.63,0,-5399.92822265625
100000000000000000000001,1,924125000,0,-44,4.26446659032208,0,0,0.540036010742188,1.63,0,-5399.92822265625
100000000000000000000002,1,924125000,0,-42,0.951068088489097,0,0,0.540036010742188,1.63,0,-5399.92822265625
100000000000000000000004,1,924125000,0,-50.5,5.36893275759974,0,0,0.540036010742188,1.63,0,-5399.92822265625
100000000000000000000000,1,924125000,0,-61,3.84108789286565,0,0,0.540036010742188,1.63,0,-5399.92822265625
100000000000000000000002,1,924125000,0,-42,0.944932165337555,0,0,0.540036010742188,1.63,0,-5399.92822265625
100000000000000000000001,1,924125000,0,-44,4.252194744019,0,0,0.540036010742188,1.63,0,-5399.92822265625
100000000000000000000003,1,924125000,0,-44.5,3.71836942983479,0,0,0.540036010742188,1.63,0,-5399.92822265625
100000000000000000000003,1,924125000,0,-44.5,3.71223350668325,0,0,0.540036010742188,1.63,0,-5399.92822265625
100000000000000000000001,1,924125000,0,-44,4.26446659032208,0,0,0.540036010742188,1.63,0,-5399.92822265625
100000000000000000000004,1,924125000,0,-50.5,5.34438906499357,0,0,0.540036010742188,1.63,0,-5399.92822265625
100000000000000000000002,1,924125000,0,-42,0.944932165337555,0,0,0.540036010742188,1.63,0,-5399.92822265625
100000000000000000000000,1,924125000,0,-61,3.71223350668325,0,0,0.540036010742188,1.63,0,-5399.92822265625
100000000000000000000004,1,924125000,0,-50.5,5.36893275759974,0,0,0.540036010742188,1.63,0,-5399.92822265625
100000000000000000000000,1,924125000,0,-61,3.85949566232027,0,0,0.540036010742188,1.63,0,-5399.92822265625
100000000000000000000002,1,924125000,0,-42,0.938796242186013,0,0,0.540036010742188,1.63,0,-5399.92822265625
100000000000000000000003,1,924125000,0,-45,3.71836942983479,0,0,0.540036010742188,1.63,0,-5399.92822265625
100000000000000000000001,1,924125000,0,-44,4.27673843662517,0,0,0.540036010742188,1.63,0,-5399.92822265625
100000000000000000000004,1,924125000,0,-50.5,5.37506868075129,0,0,0.540036010742188,1.63,0,-5399.92822265625
100000000000000000000003,1,924125000,0,-45,3.71223350668325,0,0,0.540036010742188,1.63,0,-5399.92822265625
100000000000000000000000,1,924125000,0,-61,3.77972866135022,0,0,0.540036010742188,1.63,0,-5399.92822265625
100000000000000000000001,1,920625000,0,-44.5,2.63231103201176,0,0,0.540036010742188,1.63,0,-5399.92822265625
100000000000000000000002,1,920625000,0,-43,5.52233083638831,0,0,0.540036010742188,1.63,0,-5399.92822265625
100000000000000000000003,1,920625000,0,-45.5,2.21506825770687,0,0,0.540036010742188,1.63,0,-5399.92822265625
100000000000000000000002,1,920625000,0,-43,5.52233083638831,0,0,0.540036010742188,1.63,0,-5399.92822265625
100000000000000000000004,1,920625000,0,-52.5,3.73677719928942,0,0,0.540036010742188,1.63,0,-5399.92822265625
100000000000000000000001,1,920625000,0,-44.5,2.65071880146639,0,0,0.540036010742188,1.63,0,-5399.92822265625
100000000000000000000000,1,920625000,0,-56.5,1.73646625188655,0,0,0.540036010742188,1.63,0,-5399.92822265625
100000000000000000000003,1,920625000,0,-46,2.20279641140378,0,0,0.540036010742188,1.63,0,-5399.92822265625
100000000000000000000000,1,920625000,0,-56.5,1.66897109721958,0,0,0.540036010742188,1.63,0,-5399.92822265625
100000000000000000000002,1,920625000,0,-43,5.54073860584294,0,0,0.540036010742188,1.63,0,-5399.92822265625
100000000000000000000001,1,920625000,0,-44.5,2.65071880146639,0,0,0.540036010742188,1.63,0,-5399.92822265625
100000000000000000000004,1,920625000,0,-52.5,3.73677719928942,0,0,0.540036010742188,1.63,0,-5399.92822265625
100000000000000000000004,1,920625000,0,-52.5,3.73064127613788,0,0,0.540036010742188,1.63,0,-5399.92822265625
100000000000000000000002,1,920625000,0,-43,5.51619491323677,0,0,0.540036010742188,1.63,0,-5399.92822265625
100000000000000000000003,1,920625000,0,-45.5,2.21506825770687,0,0,0.540036010742188,1.63,0,-5399.92822265625
100000000000000000000000,1,920625000,0,-57,1.69351478982575,0,0,0.540036010742188,1.63,0,-5399.92822265625
100000000000000000000001,1,920625000,0,-44.5,2.6384469551633,0,0,0.540036010742188,1.63,0,-5399.92822265625
100000000000000000000000,1,920625000,0,-56.5,1.73646625188655,0,0,0.540036010742188,1.63,0,-5399.92822265625
100000000000000000000002,1,920625000,0,-43,5.53460268269139,0,0,0.540036010742188,1.63,0,-5399.92822265625
100000000000000000000004,1,920625000,0,-52.5,3.73064127613788,0,0,0.540036010742188,1.63,0,-5399.92822265625
100000000000000000000003,1,920625000,0,-45.5,2.20893233455532,0,0,0.540036010742188,1.63,0,-5399.92822265625
100000000000000000000001,1,920625000,0,-44.5,2.65071880146639,0,0,0.540036010742188,1.63,0,-5399.92822265625
100000000000000000000004,1,920625000,0,-52.5,3.74904904559251,0,0,0.540036010742188,1.63,0,-5399.92822265625
100000000000000000000000,1,920625000,0,-57,1.71192255928038,0,0,0.540036010742188,1.63,0,-5399.92822265625
100000000000000000000001,1,920625000,0,-44.5,2.65071880146639,0,0,0.540036010742188,1.63,0,-5399.92822265625
100000000000000000000002,1,920625000,0,-43,5.51005899008522,0,0,0.540036010742188,1.63,0,-5399.92822265625
100000000000000000000003,1,920625000,0,-45.5,2.20279641140378,0,0,0.540036010742188,1.63,0,-5399.92822265625
100000000000000000000001,1,920625000,0,-45,2.64458287831485,0,0,0.540036010742188,1.63,0,-5399.92822265625
100000000000000000000000,1,920625000,0,-57,1.68737886667421,0,0,0.540036010742188,1.63,0,-5399.92822265625
100000000000000000000002,1,920625000,0,-43,5.52233083638831,0,0,0.540036010742188,1.63,0,-5399.92822265625
100000000000000000000003,1,920625000,0,-46,2.21506825770687,0,0,0.540036010742188,1.63,0,-5399.92822265625
100000000000000000000004,1,920625000,0,-52.5,3.72450535298634,0,0,0.540036010742188,1.63,0,-5399.92822265625
100000000000000000000001,1,920625000,0,-44.5,2.64458287831485,0,0,0.540036010742188,1.63,0,-5399.92822265625
100000000000000000000003,1,920625000,0,-45.5,2.21506825770687,0,0,0.540036010742188,1.63,0,-5399.92822265625
100000000000000000000002,1,920625000,0,-43,5.51005899008522,0,0,0.540036010742188,1.63,0,-5399.92822265625
100000000000000000000000,1,920625000,0,-56.5,1.66897109721958,0,0,0.540036010742188,1.63,0,-5399.92822265625
100000000000000000000004,1,920625000,0,-52.5,3.72450535298634,0,0,0.540036010742188,1.63,0,-5399.92822265625
100000000000000000000001,1,920625000,0,-44.5,2.65071880146639,0,0,0.540036010742188,1.63,0,-5399.92822265625
100000000000000000000002,1,920625000,0,-43,5.52233083638831,0,0,0.540036010742188,1.63,0,-5399.92822265625
100000000000000000000003,1,920625000,0,-45.5,2.23347602716149,0,0,0.540036010742188,1.63,0,-5399.92822265625
100000000000000000000004,1,920625000,0,-52.5,3.74904904559251,0,0,0.540036010742188,1.63,0,-5399.92822265625
100000000000000000000000,1,920625000,0,-56.5,1.66897109721958,0,0,0.540036010742188,1.63,0,-5399.92822265625
100000000000000000000003,1,920625000,0,-45.5,2.20893233455532,0,0,0.540036010742188,1.63,0,-5399.92822265625
100000000000000000000002,1,920625000,0,-43,5.54687452899448,0,0,0.540036010742188,1.63,0,-5399.92822265625
100000000000000000000004,1,920625000,0,-52.5,3.71223350668325,0,0,0.540036010742188,1.63,0,-5399.92822265625
100000000000000000000001,1,920625000,0,-44.5,2.63231103201176,0,0,0.540036010742188,1.63,0,-5399.92822265625
100000000000000000000000,1,920625000,0,-56.5,1.68737886667421,0,0,0.540036010742188,1.63,0,-5399.92822265625
100000000000000000000001,1,920625000,0,-44.5,2.62617510886022,0,0,0.540036010742188,1.63,0,-5399.92822265625
100000000000000000000002,1,920625000,0,-43,5.53460268269139,0,0,0.540036010742188,1.63,0,-5399.92822265625
100000000000000000000004,1,920625000,0,-53,3.70609758353171,0,0,0.540036010742188,1.63,0,-5399.92822265625
100000000000000000000003,1,920625000,0,-46,2.17825271879761,0,0,0.540036010742188,1.63,0,-5399.92822265625
100000000000000000000000,1,920625000,0,-56.5,1.69351478982575,0,0,0.540036010742188,1.63,0,-5399.92822265625
100000000000000000000001,1,920625000,0,-44.5,2.6384469551633,0,0,0.540036010742188,1.63,0,-5399.92822265625
100000000000000000000002,1,920625000,0,-43,5.54687452899448,0,0,0.540036010742188,1.63,0,-5399.92822265625
100000000000000000000004,1,920625000,0,-52.5,3.75518496874405,0,0,0.540036010742188,1.63,0,-5399.92822265625
100000000000000000000003,1,920625000,0,-45.5,2.19666048825224,0,0,0.540036010742188,1.63,0,-5399.92822265625
100000000000000000000000,1,920625000,0,-57,1.76714586764426,0,0,0.540036010742188,1.63,0,-5399.92822265625
100000000000000000000004,1,920625000,0,-52.5,3.75518496874405,0,0,0.540036010742188,1.63,0,-5399.92822265625
100000000000000000000003,1,920625000,0,-46,2.20279641140378,0,0,0.540036010742188,1.63,0,-5399.92822265625
100000000000000000000001,1,920625000,0,-44.5,2.6384469551633,0,0,0.540036010742188,1.63,0,-5399.92822265625
100000000000000000000002,1,920625000,0,-43,5.53460268269139,0,0,0.540036010742188,1.63,0,-5399.92822265625
100000000000000000000000,1,920625000,0,-57,1.67510702037112,0,0,0.540036010742188,1.63,0,-5399.92822265625
100000000000000000000001,1,920625000,0,-44.5,2.63231103201176,0,0,0.540036010742188,1.63,0,-5399.92822265625
100000000000000000000002,1,920625000,0,-43,5.54073860584294,0,0,0.540036010742188,1.63,0,-5399.92822265625
100000000000000000000003,1,920625000,0,-46,2.20893233455532,0,0,0.540036010742188,1.63,0,-5399.92822265625
100000000000000000000000,1,920625000,0,-56.5,1.66283517406803,0,0,0.540036010742188,1.63,0,-5399.92822265625
100000000000000000000004,1,920625000,0,-52.5,3.71223350668325,0,0,0.540036010742188,1.63,0,-5399.92822265625
100000000000000000000003,1,920625000,0,-45.5,2.20279641140378,0,0,0.540036010742188,1.63,0,-5399.92822265625
100000000000000000000002,1,920625000,0,-43,5.54687452899448,0,0,0.540036010742188,1.63,0,-5399.92822265625
100000000000000000000001,1,920625000,0,-44.5,2.62617510886022,0,0,0.540036010742188,1.63,0,-5399.92822265625
100000000000000000000004,1,920625000,0,-52.5,3.71836942983479,0,0,0.540036010742188,1.63,0,-5399.92822265625
100000000000000000000000,1,920625000,0,-56.5,1.68124294352266,0,0,0.540036010742188,1.63,0,-5399.92822265625
100000000000000000000004,1,920625000,0,-52.5,3.69996166038017,0,0,0.540036010742188,1.63,0,-5399.92822265625
100000000000000000000003,1,920625000,0,-46,2.21506825770687,0,0,0.540036010742188,1.63,0,-5399.92822265625
100000000000000000000002,1,920625000,0,-43,5.49778714378214,0,0,0.540036010742188,1.63,0,-5399.92822265625
100000000000000000000001,1,920625000,0,-44.5,2.64458287831485,0,0,0.540036010742188,1.63,0,-5399.92822265625
100000000000000000000000,1,920625000,0,-56.5,1.69965071297729,0,0,0.540036010742188,1.63,0,-5399.92822265625
100000000000000000000003,1,920625000,0,-45.5,2.20279641140378,0,0,0.540036010742188,1.63,0,-5399.92822265625
100000000000000000000000,1,920625000,0,-57,1.69351478982575,0,0,0.540036010742188,1.63,0,-5399.92822265625
100000000000000000000002,1,920625000,0,-43,5.51619491323677,0,0,0.540036010742188,1.63,0,-5399.92822265625
100000000000000000000001,1,920625000,0,-44.5,2.62003918570868,0,0,0.540036010742188,1.63,0,-5399.92822265625
100000000000000000000004,1,920625000,0,-52.5,3.72450535298634,0,0,0.540036010742188,1.63,0,-5399.92822265625
100000000000000000000002,1,920625000,0,-43,5.51005899008522,0,0,0.540036010742188,1.63,0,-5399.92822265625
100000000000000000000004,1,920625000,0,-52.5,3.71836942983479,0,0,0.540036010742188,1.63,0,-5399.92822265625
100000000000000000000000,1,920625000,0,-57,1.71192255928038,0,0,0.540036010742188,1.63,0,-5399.92822265625
100000000000000000000001,1,920625000,0,-44.5,2.63231103201176,0,0,0.540036010742188,1.63,0,-5399.92822265625
100000000000000000000003,1,920625000,0,-45.5,2.20893233455532,0,0,0.540036010742188,1.63,0,-5399.92822265625
100000000000000000000003,1,920625000,0,-45.5,2.17825271879761,0,0,0.540036010742188,1.63,0,-5399.92822265625
100000000000000000000002,1,920625000,0,-43,5.52846675953985,0,0,0.540036010742188,1.63,0,-5399.92822265625
100000000000000000000004,1,920625000,0,-52.5,3.72450535298634,0,0,0.540036010742188,1.63,0,-5399.92822265625
100000000000000000000001,1,920625000,0,-44.5,2.6384469551633,0,0,0.540036010742188,1.63,0,-5399.92822265625
100000000000000000000000,1,920625000,0,-56.5,1.65056332776495,0,0,0.540036010742188,1.63,0,-5399.92822265625
100000000000000000000002,1,920625000,0,-43,5.51619491323677,0,0,0.540036010742188,1.63,0,-5399.92822265625
100000000000000000000003,1,920625000,0,-45.5,2.20893233455532,0,0,0.540036010742188,1.63,0,-5399.92822265625
100000000000000000000001,1,920625000,0,-44.5,2.6384469551633,0,0,0.540036010742188,1.63,0,-5399.92822265625
100000000000000000000000,1,920625000,0,-56.5,1.68737886667421,0,0,0.540036010742188,1.63,0,-5399.92822265625
100000000000000000000004,1,920625000,0,-52.5,3.70609758353171,0,0,0.540036010742188,1.63,0,-5399.92822265625
100000000000000000000004,1,920625000,0,-52.5,3.71836942983479,0,0,0.540036010742188,1.63,0,-5399.92822265625
100000000000000000000001,1,920625000,0,-44.5,2.65071880146639,0,0,0.540036010742188,1.63,0,-5399.92822265625
100000000000000000000000,1,920625000,0,-57,1.71805848243192,0,0,0.540036010742188,1.63,0,-5399.92822265625
100000000000000000000003,1,920625000,0,-45.5,2.22120418085841,0,0,0.540036010742188,1.63,0,-5399.92822265625
100000000000000000000002,1,920625000,0,-43,5.52233083638831,0,0,0.540036010742188,1.63,0,-5399.92822265625
100000000000000000000001,1,920625000,0,-44.5,2.65071880146639,0,0,0.540036010742188,1.63,0,-5399.92822265625
100000000000000000000000,1,920625000,0,-56.5,1.730330328735,0,0,0.540036010742188,1.63,0,-5399.92822265625
100000000000000000000003,1,920625000,0,-45.5,2.19666048825224,0,0,0.540036010742188,1.63,0,-5399.92822265625
100000000000000000000004,1,920625000,0,-52.5,3.68768981407708,0,0,0.540036010742188,1.63,0,-5399.92822265625
100000000000000000000002,1,920625000,0,-43,5.51005899008522,0,0,0.540036010742188,1.63,0,-5399.92822265625
100000000000000000000001,1,920625000,0,-44.5,2.64458287831485,0,0,0.540036010742188,1.63,0,-5399.92822265625
100000000000000000000002,1,920625000,0,-43,5.51619491323677,0,0,0.540036010742188,1.63,0,-5399.92822265625
100000000000000000000000,1,920625000,0,-57,1.68124294352266,0,0,0.540036010742188,1.63,0,-5399.92822265625
100000000000000000000004,1,920625000,0,-53,3.73677719928942,0,0,0.540036010742188,1.63,0,-5399.92822265625
100000000000000000000003,1,920625000,0,-46,2.21506825770687,0,0,0.540036010742188,1.63,0,-5399.92822265625
100000000000000000000003,1,920625000,0,-45.5,2.23347602716149,0,0,0.540036010742188,1.63,0,-5399.92822265625
100000000000000000000004,1,920625000,0,-52.5,3.73064127613788,0,0,0.540036010742188,1.63,0,-5399.92822265625
100000000000000000000002,1,920625000,0,-43,5.53460268269139,0,0,0.540036010742188,1.63,0,-5399.92822265625
100000000000000000000000,1,920625000,0,-56.5,1.65056332776495,0,0,0.540036010742188,1.63,0,-5399.92822265625
100000000000000000000001,1,920625000,0,-44.5,2.62617510886022,0,0,0.540036010742188,1.63,0,-5399.92822265625
100000000000000000000001,1,920625000,0,-44.5,2.65071880146639,0,0,0.540036010742188,1.63,0,-5399.92822265625
100000000000000000000004,1,920625000,0,-52.5,3.72450535298634,0,0,0.540036010742188,1.63,0,-5399.92822265625
100000000000000000000003,1,920625000,0,-45.5,2.1905245651007,0,0,0.540036010742188,1.63,0,-5399.92822265625
100000000000000000000000,1,920625000,0,-57,1.70578663612883,0,0,0.540036010742188,1.63,0,-5399.92822265625
100000000000000000000002,1,920625000,0,-43,5.52233083638831,0,0,0.540036010742188,1.63,0,-5399.92822265625
100000000000000000000001,1,920625000,0,-44.5,2.62617510886022,0,0,0.540036010742188,1.63,0,-5399.92822265625
100000000000000000000004,1,920625000,0,-52.5,3.73677719928942,0,0,0.540036010742188,1.63,0,-5399.92822265625
100000000000000000000003,1,920625000,0,-46,2.22734010400995,0,0,0.540036010742188,1.63,0,-5399.92822265625
100000000000000000000002,1,920625000,0,-43,5.55301045214602,0,0,0.540036010742188,1.63,0,-5399.92822265625
100000000000000000000000,1,920625000,0,-56.5,1.67510702037112,0,0,0.540036010742188,1.63,0,-5399.92822265625
100000000000000000000000,1,920625000,0,-57,1.69965071297729,0,0,0.540036010742188,1.63,0,-5399.92822265625
100000000000000000000004,1,920625000,0,-52.5,3.68155389092554,0,0,0.540036010742188,1.63,0,-5399.92822265625
100000000000000000000003,1,920625000,0,-45.5,2.19666048825224,0,0,0.540036010742188,1.63,0,-5399.92822265625
100000000000000000000001,1,920625000,0,-44.5,2.64458287831485,0,0,0.540036010742188,1.63,0,-5399.92822265625
100000000000000000000002,1,920625000,0,-43,5.52233083638831,0,0,0.540036010742188,1.63,0,-5399.92822265625
100000000000000000000002,1,920625000,0,-43,5.52233083638831,0,0,0.540036010742188,1.63,0,-5399.92822265625
100000000000000000000004,1,920625000,0,-52.5,3.73064127613788,0,0,0.540036010742188,1.63,0,-5399.92822265625
100000000000000000000001,1,920625000,0,-44.5,2.63231103201176,0,0,0.540036010742188,1.63,0,-5399.92822265625
100000000000000000000003,1,920625000,0,-45.5,2.21506825770687,0,0,0.540036010742188,1.63,0,-5399.92822265625
100000000000000000000000,1,920625000,0,-57,1.64442740461341,0,0,0.540036010742188,1.63,0,-5399.92822265625
100000000000000000000000,1,920625000,0,-56.5,1.68124294352266,0,0,0.540036010742188,1.63,0,-5399.92822265625
100000000000000000000002,1,920625000,0,-43,5.53460268269139,0,0,0.540036010742188,1.63,0,-5399.92822265625
100000000000000000000001,1,920625000,0,-45,2.63231103201176,0,0,0.540036010742188,1.63,0,-5399.92822265625
100000000000000000000004,1,920625000,0,-53,3.72450535298634,0,0,0.540036010742188,1.63,0,-5399.92822265625
100000000000000000000003,1,920625000,0,-45.5,2.19666048825224,0,0,0.540036010742188,1.63,0,-5399.92822265625
100000000000000000000004,1,920625000,0,-52.5,3.73677719928942,0,0,0.540036010742188,1.63,0,-5399.92822265625
100000000000000000000000,1,920625000,0,-56.5,1.70578663612883,0,0,0.540036010742188,1.63,0,-5399.92822265625
100000000000000000000001,1,920625000,0,-44.5,2.6384469551633,0,0,0.540036010742188,1.63,0,-5399.92822265625
100000000000000000000002,1,920625000,0,-43,5.51005899008522,0,0,0.540036010742188,1.63,0,-5399.92822265625
100000000000000000000003,1,920625000,0,-45.5,2.22120418085841,0,0,0.540036010742188,1.63,0,-5399.92822265625
100000000000000000000002,1,920625000,0,-43,5.53460268269139,0,0,0.540036010742188,1.63,0,-5399.92822265625
100000000000000000000001,1,920625000,0,-44.5,2.64458287831485,0,0,0.540036010742188,1.63,0,-5399.92822265625
100000000000000000000000,1,920625000,0,-56.5,1.64442740461341,0,0,0.540036010742188,1.63,0,-5399.92822265625
100000000000000000000004,1,920625000,0,-52.5,3.72450535298634,0,0,0.540036010742188,1.63,0,-5399.92822265625
100000000000000000000003,1,920625000,0,-45.5,2.20279641140378,0,0,0.540036010742188,1.63,0,-5399.92822265625
100000000000000000000000,1,920625000,0,-57,1.66283517406803,0,0,0.540036010742188,1.63,0,-5399.92822265625
100000000000000000000001,1,920625000,0,-44.5,2.64458287831485,0,0,0.540036010742188,1.63,0,-5399.92822265625
100000000000000000000003,1,920625000,0,-45.5,2.21506825770687,0,0,0.540036010742188,1.63,0,-5399.92822265625
100000000000000000000004,1,920625000,0,-53,3.72450535298634,0,0,0.540036010742188,1.63,0,-5399.92822265625
100000000000000000000002,1,920625000,0,-43,5.54073860584294,0,0,0.540036010742188,1.63,0,-5399.92822265625
100000000000000000000002,1,920625000,0,-43,5.50392306693368,0,0,0.540036010742188,1.63,0,-5399.92822265625
100000000000000000000001,1,920625000,0,-44.5,2.63231103201176,0,0,0.540036010742188,1.63,0,-5399.92822265625
100000000000000000000003,1,920625000,0,-46,2.22120418085841,0,0,0.540036010742188,1.63,0,-5399.92822265625
100000000000000000000004,1,920625000,0,-52.5,3.73064127613788,0,0,0.540036010742188,1.63,0,-5399.92822265625
100000000000000000000000,1,920625000,0,-56.5,1.66283517406803,0,0,0.540036010742188,1.63,0,-5399.92822265625
100000000000000000000001,1,920625000,0,-44.5,2.65071880146639,0,0,0.540036010742188,1.63,0,-5399.92822265625
100000000000000000000000,1,920625000,0,-56.5,1.66283517406803,0,0,0.540036010742188,1.63,0,-5399.92822265625
100000000000000000000003,1,920625000,0,-45.5,2.20893233455532,0,0,0.540036010742188,1.63,0,-5399.92822265625
100000000000000000000002,1,920625000,0,-43,5.52846675953985,0,0,0.540036010742188,1.63,0,-5399.92822265625
100000000000000000000004,1,920625000,0,-53,3.71223350668325,0,0,0.540036010742188,1.63,0,-5399.92822265625
100000000000000000000001,1,920625000,0,-44.5,2.6384469551633,0,0,0.540036010742188,1.63,0,-5399.92822265625
100000000000000000000003,1,920625000,0,-46,2.22120418085841,0,0,0.540036010742188,1.63,0,-5399.92822265625
100000000000000000000000,1,920625000,0,-57,1.66897109721958,0,0,0.540036010742188,1.63,0,-5399.92822265625
100000000000000000000004,1,920625000,0,-52.5,3.71223350668325,0,0,0.540036010742188,1.63,0,-5399.92822265625
100000000000000000000002,1,920625000,0,-43,5.52233083638831,0,0,0.540036010742188,1.63,0,-5399.92822265625
100000000000000000000004,1,920625000,0,-53,3.74291312244096,0,0,0.540036010742188,1.63,0,-5399.92822265625
100000000000000000000002,1,920625000,0,-43,5.52846675953985,0,0,0.540036010742188,1.63,0,-5399.92822265625
100000000000000000000000,1,920625000,0,-56.5,1.68124294352266,0,0,0.540036010742188,1.63,0,-5399.92822265625
100000000000000000000003,1,920625000,0,-45.5,2.22120418085841,0,0,0.540036010742188,1.63,0,-5399.92822265625
100000000000000000000001,1,920625000,0,-44.5,2.6384469551633,0,0,0.540036010742188,1.63,0,-5399.92822265625
100000000000000000000000,1,920625000,0,-56.5,1.74873809818963,0,0,0.540036010742188,1.63,0,-5399.92822265625
100000000000000000000004,1,920625000,0,-52.5,3.73677719928942,0,0,0.540036010742188,1.63,0,-5399.92822265625
100000000000000000000001,1,920625000,0,-44.5,2.6384469551633,0,0,0.540036010742188,1.63,0,-5399.92822265625
100000000000000000000002,1,920625000,0,-43,5.50392306693368,0,0,0.540036010742188,1.63,0,-5399.92822265625
100000000000000000000003,1,920625000,0,-45.5,2.20279641140378,0,0,0.540036010742188,1.63,0,-5399.92822265625
100000000000000000000000,1,920625000,0,-56.5,1.68737886667421,0,0,0.540036010742188,1.63,0,-5399.92822265625
100000000000000000000003,1,920625000,0,-45.5,2.22734010400995,0,0,0.540036010742188,1.63,0,-5399.92822265625
100000000000000000000004,1,920625000,0,-52.5,3.72450535298634,0,0,0.540036010742188,1.63,0,-5399.92822265625
100000000000000000000002,1,920625000,0,-43,5.53460268269139,0,0,0.540036010742188,1.63,0,-5399.92822265625
100000000000000000000001,1,920625000,0,-44.5,2.63231103201176,0,0,0.540036010742188,1.63,0,-5399.92822265625
100000000000000000000004,1,920625000,0,-53,3.71223350668325,0,0,0.540036010742188,1.63,0,-5399.92822265625
100000000000000000000000,1,920625000,0,-56.5,1.69351478982575,0,0,0.540036010742188,1.63,0,-5399.92822265625
100000000000000000000003,1,920625000,0,-46,2.20893233455532,0,0,0.540036010742188,1.63,0,-5399.92822265625
100000000000000000000002,1,920625000,0,-43,5.52846675953985,0,0,0.540036010742188,1.63,0,-5399.92822265625
100000000000000000000001,1,920625000,0,-44.5,2.65071880146639,0,0,0.540036010742188,1.63,0,-5399.92822265625
100000000000000000000002,1,920625000,0,-43,5.52233083638831,0,0,0.540036010742188,1.63,0,-5399.92822265625
100000000000000000000003,1,920625000,0,-45.5,2.19666048825224,0,0,0.540036010742188,1.63,0,-5399.92822265625
100000000000000000000004,1,920625000,0,-52.5,3.70609758353171,0,0,0.540036010742188,1.63,0,-5399.92822265625
100000000000000000000001,1,920625000,0,-45,2.6384469551633,0,0,0.540036010742188,1.63,0,-5399.92822265625
100000000000000000000000,1,920625000,0,-56.5,1.66283517406803,0,0,0.540036010742188,1.63,0,-5399.92822265625
100000000000000000000002,1,920625000,0,-43,5.54073860584294,0,0,0.540036010742188,1.63,0,-5399.92822265625
100000000000000000000001,1,920625000,0,-44.5,2.64458287831485,0,0,0.540036010742188,1.63,0,-5399.92822265625
100000000000000000000003,1,920625000,0,-45.5,2.20893233455532,0,0,0.540036010742188,1.63,0,-5399.92822265625
100000000000000000000004,1,920625000,0,-52.5,3.73677719928942,0,0,0.540036010742188,1.63,0,-5399.92822265625
100000000000000000000000,1,920625000,0,-56.5,1.69351478982575,0,0,0.540036010742188,1.63,0,-5399.92822265625
100000000000000000000004,1,920625000,0,-52.5,3.74291312244096,0,0,0.540036010742188,1.63,0,-5399.92822265625
100000000000000000000002,1,920625000,0,-43,5.54073860584294,0,0,0.540036010742188,1.63,0,-5399.92822265625
100000000000000000000003,1,920625000,0,-46,2.20279641140378,0,0,0.540036010742188,1.63,0,-5399.92822265625
100000000000000000000001,1,920625000,0,-44.5,2.64458287831485,0,0,0.540036010742188,1.63,0,-5399.92822265625
100000000000000000000000,1,920625000,0,-56.5,1.65669925091649,0,0,0.540036010742188,1.63,0,-5399.92822265625
100000000000000000000004,1,920625000,0,-52.5,3.73677719928942,0,0,0.540036010742188,1.63,0,-5399.92822265625
100000000000000000000000,1,920625000,0,-57,1.65669925091649,0,0,0.540036010742188,1.63,0,-5399.92822265625
100000000000000000000003,1,920625000,0,-45.5,2.22120418085841,0,0,0.540036010742188,1.63,0,-5399.92822265625
100000000000000000000001,1,920625000,0,-44.5,2.64458287831485,0,0,0.540036010742188,1.63,0,-5399.92822265625
100000000000000000000002,1,920625000,0,-43,5.55301045214602,0,0,0.540036010742188,1.63,0,-5399.92822265625
100000000000000000000000,1,920625000,0,-57,1.64442740461341,0,0,0.540036010742188,1.63,0,-5399.92822265625
100000000000000000000003,1,920625000,0,-45.5,2.22120418085841,0,0,0.540036010742188,1.63,0,-5399.92822265625
100000000000000000000002,1,920625000,0,-43,5.51619491323677,0,0,0.540036010742188,1.63,0,-5399.92822265625
100000000000000000000001,1,920625000,0,-44.5,2.65071880146639,0,0,0.540036010742188,1.63,0,-5399.92822265625
100000000000000000000004,1,920625000,0,-52.5,3.72450535298634,0,0,0.540036010742188,1.63,0,-5399.92822265625
100000000000000000000003,1,920625000,0,-45.5,2.20279641140378,0,0,0.540036010742188,1.63,0,-5399.92822265625
100000000000000000000002,1,920625000,0,-43,5.54073860584294,0,0,0.540036010742188,1.63,0,-5399.92822265625
100000000000000000000001,1,920625000,0,-44.5,2.63231103201176,0,0,0.540036010742188,1.63,0,-5399.92822265625
100000000000000000000000,1,920625000,0,-57,1.70578663612883,0,0,0.540036010742188,1.63,0,-5399.92822265625
100000000000000000000004,1,920625000,0,-53,3.73064127613788,0,0,0.540036010742188,1.63,0,-5399.92822265625
100000000000000000000004,1,920625000,0,-52.5,3.73064127613788,0,0,0.540036010742188,1.63,0,-5399.92822265625
100000000000000000000001,1,920625000,0,-44.5,2.62003918570868,0,0,0.540036010742188,1.63,0,-5399.92822265625
100000000000000000000003,1,920625000,0,-45.5,2.20279641140378,0,0,0.540036010742188,1.63,0,-5399.92822265625
100000000000000000000000,1,920625000,0,-56.5,1.68737886667421,0,0,0.540036010742188,1.63,0,-5399.92822265625
100000000000000000000002,1,920625000,0,-43,5.54687452899448,0,0,0.540036010742188,1.63,0,-5399.92822265625
100000000000000000000001,1,920625000,0,-45,2.62617510886022,0,0,0.540036010742188,1.63,0,-5399.92822265625
100000000000000000000000,1,920625000,0,-56.5,1.66283517406803,0,0,0.540036010742188,1.63,0,-5399.92822265625
100000000000000000000002,1,920625000,0,-43,5.53460268269139,0,0,0.540036010742188,1.63,0,-5399.92822265625
100000000000000000000003,1,920625000,0,-46,2.1905245651007,0,0,0.540036010742188,1.63,0,-5399.92822265625
100000000000000000000004,1,920625000,0,-52.5,3.69382573722862,0,0,0.540036010742188,1.63,0,-5399.92822265625
100000000000000000000003,1,920625000,0,-45.5,2.21506825770687,0,0,0.540036010742188,1.63,0,-5399.92822265625
100000000000000000000002,1,920625000,0,-43,5.54687452899448,0,0,0.540036010742188,1.63,0,-5399.92822265625
100000000000000000000000,1,920625000,0,-56.5,1.66897109721958,0,0,0.540036010742188,1.63,0,-5399.92822265625
100000000000000000000004,1,920625000,0,-52.5,3.72450535298634,0,0,0.540036010742188,1.63,0,-5399.92822265625
100000000000000000000001,1,920625000,0,-45,2.63231103201176,0,0,0.540036010742188,1.63,0,-5399.92822265625
100000000000000000000004,1,920625000,0,-52.5,3.72450535298634,0,0,0.540036010742188,1.63,0,-5399.92822265625
100000000000000000000002,1,920625000,0,-43.5,5.54687452899448,0,0,0.540036010742188,1.63,0,-5399.92822265625
100000000000000000000000,1,920625000,0,-56.5,1.69965071297729,0,0,0.540036010742188,1.63,0,-5399.92822265625
100000000000000000000001,1,920625000,0,-44.5,2.65071880146639,0,0,0.540036010742188,1.63,0,-5399.92822265625
100000000000000000000003,1,920625000,0,-45.5,2.17825271879761,0,0,0.540036010742188,1.63,0,-5399.92822265625
100000000000000000000000,1,920625000,0,-57,1.67510702037112,0,0,0.540036010742188,1.63,0,-5399.92822265625
100000000000000000000002,1,920625000,0,-43,5.54073860584294,0,0,0.540036010742188,1.63,0,-5399.92822265625
100000000000000000000003,1,920625000,0,-45.5,2.20279641140378,0,0,0.540036010742188,1.63,0,-5399.92822265625
100000000000000000000001,1,920625000,0,-44.5,2.65071880146639,0,0,0.540036010742188,1.63,0,-5399.92822265625
100000000000000000000004,1,920625000,0,-52.5,3.73064127613788,0,0,0.540036010742188,1.63,0,-5399.92822265625
100000000000000000000003,1,920625000,0,-45.5,2.1905245651007,0,0,0.540036010742188,1.63,0,-5399.92822265625
100000000000000000000001,1,920625000,0,-44.5,2.65071880146639,0,0,0.540036010742188,1.63,0,-5399.92822265625
100000000000000000000000,1,920625000,0,-57,1.66283517406803,0,0,0.540036010742188,1.63,0,-5399.92822265625
100000000000000000000002,1,920625000,0,-43,5.55914637529756,0,0,0.540036010742188,1.63,0,-5399.92822265625
100000000000000000000004,1,920625000,0,-52.5,3.70609758353171,0,0,0.540036010742188,1.63,0,-5399.92822265625
100000000000000000000000,1,920625000,0,-57,1.67510702037112,0,0,0.540036010742188,1.63,0,-5399.92822265625
100000000000000000000001,1,920625000,0,-44.5,2.6384469551633,0,0,0.540036010742188,1.63,0,-5399.92822265625
100000000000000000000002,1,920625000,0,-43,5.53460268269139,0,0,0.540036010742188,1.63,0,-5399.92822265625
100000000000000000000004,1,920625000,0,-52.5,3.71836942983479,0,0,0.540036010742188,1.63,0,-5399.92822265625
100000000000000000000003,1,920625000,0,-45.5,2.21506825770687,0,0,0.540036010742188,1.63,0,-5399.92822265625
100000000000000000000004,1,920625000,0,-52.5,3.72450535298634,0,0,0.540036010742188,1.63,0,-5399.92822265625
100000000000000000000000,1,920625000,0,-56.5,1.65056332776495,0,0,0.540036010742188,1.63,0,-5399.92822265625
100000000000000000000001,1,920625000,0,-44.5,2.6384469551633,0,0,0.540036010742188,1.63,0,-5399.92822265625
100000000000000000000003,1,920625000,0,-46,2.18438864194915,0,0,0.540036010742188,1.63,0,-5399.92822265625
100000000000000000000002,1,920625000,0,-43,5.51619491323677,0,0,0.540036010742188,1.63,0,-5399.92822265625
100000000000000000000003,1,920625000,0,-45.5,2.20893233455532,0,0,0.540036010742188,1.63,0,-5399.92822265625
100000000000000000000001,1,920625000,0,-44.5,2.63231103201176,0,0,0.540036010742188,1.63,0,-5399.92822265625
100000000000000000000004,1,920625000,0,-53,3.68768981407708,0,0,0.540036010742188,1.63,0,-5399.92822265625
100000000000000000000002,1,920625000,0,-43,5.52233083638831,0,0,0.540036010742188,1.63,0,-5399.92822265625
100000000000000000000000,1,920625000,0,-57,1.66283517406803,0,0,0.540036010742188,1.63,0,-5399.92822265625
100000000000000000000003,1,920625000,0,-46,2.20893233455532,0,0,0.540036010742188,1.63,0,-5399.92822265625
100000000000000000000002,1,920625000,0,-43,5.55301045214602,0,0,0.540036010742188,1.63,0,-5399.92822265625
100000000000000000000000,1,920625000,0,-57,1.66897109721958,0,0,0.540036010742188,1.63,0,-5399.92822265625
100000000000000000000004,1,920625000,0,-52.5,3.73677719928942,0,0,0.540036010742188,1.63,0,-5399.92822265625
100000000000000000000001,1,920625000,0,-44.5,2.65071880146639,0,0,0.540036010742188,1.63,0,-5399.92822265625
100000000000000000000003,1,920625000,0,-45.5,2.22734010400995,0,0,0.540036010742188,1.63,0,-5399.92822265625
100000000000000000000002,1,920625000,0,-43,5.54687452899448,0,0,0.540036010742188,1.63,0,-5399.92822265625
100000000000000000000001,1,920625000,0,-44.5,2.62617510886022,0,0,0.540036010742188,1.63,0,-5399.92822265625
100000000000000000000000,1,920625000,0,-56.5,1.68124294352266,0,0,0.540036010742188,1.63,0,-5399.92822265625
100000000000000000000004,1,920625000,0,-52.5,3.72450535298634,0,0,0.540036010742188,1.63,0,-5399.92822265625
100000000000000000000001,1,920625000,0,-44.5,2.66299064776947,0,0,0.540036010742188,1.63,0,-5399.92822265625
100000000000000000000000,1,920625000,0,-56.5,1.69351478982575,0,0,0.540036010742188,1.63,0,-5399.92822265625
100000000000000000000002,1,920625000,0,-43,5.51005899008522,0,0,0.540036010742188,1.63,0,-5399.92822265625
100000000000000000000004,1,920625000,0,-52.5,3.70609758353171,0,0,0.540036010742188,1.63,0,-5399.92822265625
100000000000000000000003,1,920625000,0,-45.5,2.20893233455532,0,0,0.540036010742188,1.63,0,-5399.92822265625
100000000000000000000001,1,920625000,0,-44.5,2.6384469551633,0,0,0.540036010742188,1.63,0,-5399.92822265625
100000000000000000000002,1,920625000,0,-43,5.53460268269139,0,0,0.540036010742188,1.63,0,-5399.92822265625
100000000000000000000003,1,920625000,0,-45.5,2.20893233455532,0,0,0.540036010742188,1.63,0,-5399.92822265625
100000000000000000000004,1,920625000,0,-52.5,3.70609758353171,0,0,0.540036010742188,1.63,0,-5399.92822265625
100000000000000000000000,1,920625000,0,-56.5,1.64442740461341,0,0,0.540036010742188,1.63,0,-5399.92822265625
100000000000000000000001,1,920625000,0,-44.5,2.63231103201176,0,0,0.540036010742188,1.63,0,-5399.92822265625
100000000000000000000003,1,920625000,0,-45.5,2.17825271879761,0,0,0.540036010742188,1.63,0,-5399.92822265625
100000000000000000000004,1,920625000,0,-52.5,3.76132089189559,0,0,0.540036010742188,1.63,0,-5399.92822265625
100000000000000000000000,1,920625000,0,-57,1.67510702037112,0,0,0.540036010742188,1.63,0,-5399.92822265625
100000000000000000000002,1,920625000,0,-43,5.51619491323677,0,0,0.540036010742188,1.63,0,-5399.92822265625
100000000000000000000003,1,920625000,0,-45.5,2.19666048825224,0,0,0.540036010742188,1.63,0,-5399.92822265625
100000000000000000000002,1,920625000,0,-43,5.54073860584294,0,0,0.540036010742188,1.63,0,-5399.92822265625
100000000000000000000004,1,920625000,0,-52.5,3.72450535298634,0,0,0.540036010742188,1.63,0,-5399.92822265625
100000000000000000000001,1,920625000,0,-44.5,2.6384469551633,0,0,0.540036010742188,1.63,0,-5399.92822265625
100000000000000000000000,1,920625000,0,-56.5,1.66897109721958,0,0,0.540036010742188,1.63,0,-5399.92822265625
100000000000000000000001,1,920625000,0,-44.5,2.62617510886022,0,0,0.540036010742188,1.63,0,-5399.92822265625
100000000000000000000002,1,920625000,0,-43,5.53460268269139,0,0,0.540036010742188,1.63,0,-5399.92822265625
100000000000000000000000,1,920625000,0,-57,1.67510702037112,0,0,0.540036010742188,1.63,0,-5399.92822265625
100000000000000000000003,1,920625000,0,-45.5,2.17825271879761,0,0,0.540036010742188,1.63,0,-5399.92822265625
100000000000000000000004,1,920625000,0,-52.5,3.73677719928942,0,0,0.540036010742188,1.63,0,-5399.92822265625
100000000000000000000004,1,920625000,0,-52.5,3.73677719928942,0,0,0.540036010742188,1.63,0,-5399.92822265625
100000000000000000000002,1,920625000,0,-43,5.54073860584294,0,0,0.540036010742188,1.63,0,-5399.92822265625
100000000000000000000003,1,920625000,0,-45.5,2.22120418085841,0,0,0.540036010742188,1.63,0,-5399.92822265625
100000000000000000000000,1,920625000,0,-56.5,1.69351478982575,0,0,0.540036010742188,1.63,0,-5399.92822265625
100000000000000000000001,1,920625000,0,-44.5,2.64458287831485,0,0,0.540036010742188,1.63,0,-5399.92822265625
100000000000000000000001,1,920625000,0,-45,2.64458287831485,0,0,0.540036010742188,1.63,0,-5399.92822265625
100000000000000000000004,1,920625000,0,-53,3.73677719928942,0,0,0.540036010742188,1.63,0,-5399.92822265625
100000000000000000000002,1,920625000,0,-43,5.53460268269139,0,0,0.540036010742188,1.63,0,-5399.92822265625
100000000000000000000003,1,920625000,0,-45.5,2.21506825770687,0,0,0.540036010742188,1.63,0,-5399.92822265625
100000000000000000000000,1,920625000,0,-56.5,1.68737886667421,0,0,0.540036010742188,1.63,0,-5399.92822265625
100000000000000000000002,1,920625000,0,-43,5.52846675953985,0,0,0.540036010742188,1.63,0,-5399.92822265625
100000000000000000000001,1,920625000,0,-44.5,2.64458287831485,0,0,0.540036010742188,1.63,0,-5399.92822265625
100000000000000000000003,1,920625000,0,-45.5,2.20893233455532,0,0,0.540036010742188,1.63,0,-5399.92822265625
100000000000000000000004,1,920625000,0,-53,3.72450535298634,0,0,0.540036010742188,1.63,0,-5399.92822265625
100000000000000000000000,1,920625000,0,-57,1.68124294352266,0,0,0.540036010742188,1.63,0,-5399.92822265625
100000000000000000000001,1,920625000,0,-44.5,2.6384469551633,0,0,0.540036010742188,1.63,0,-5399.92822265625
100000000000000000000004,1,920625000,0,-52.5,3.73677719928942,0,0,0.540036010742188,1.63,0,-5399.92822265625
100000000000000000000003,1,920625000,0,-46,2.23347602716149,0,0,0.540036010742188,1.63,0,-5399.92822265625
100000000000000000000002,1,920625000,0,-43,5.54073860584294,0,0,0.540036010742188,1.63,0,-5399.92822265625
100000000000000000000000,1,920625000,0,-56.5,1.69965071297729,0,0,0.540036010742188,1.63,0,-5399.92822265625
100000000000000000000004,1,920625000,0,-52.5,3.73064127613788,0,0,0.540036010742188,1.63,0,-5399.92822265625
100000000000000000000000,1,920625000,0,-56.5,1.69965071297729,0,0,0.540036010742188,1.63,0,-5399.92822265625
100000000000000000000001,1,920625000,0,-44.5,2.64458287831485,0,0,0.540036010742188,1.63,0,-5399.92822265625
100000000000000000000002,1,920625000,0,-43,5.54687452899448,0,0,0.540036010742188,1.63,0,-5399.92822265625
100000000000000000000003,1,920625000,0,-45.5,2.20279641140378,0,0,0.540036010742188,1.63,0,-5399.92822265625
100000000000000000000003,1,920625000,0,-45.5,2.22120418085841,0,0,0.540036010742188,1.63,0,-5399.92822265625
100000000000000000000000,1,920625000,0,-57,1.68124294352266,0,0,0.540036010742188,1.63,0,-5399.92822265625
100000000000000000000001,1,920625000,0,-44.5,2.6384469551633,0,0,0.540036010742188,1.63,0,-5399.92822265625
100000000000000000000002,1,920625000,0,-43,5.52233083638831,0,0,0.540036010742188,1.63,0,-5399.92822265625
100000000000000000000004,1,920625000,0,-52.5,3.71223350668325,0,0,0.540036010742188,1.63,0,-5399.92822265625
100000000000000000000002,1,920625000,0,-43,5.50392306693368,0,0,0.540036010742188,1.63,0,-5399.92822265625
100000000000000000000001,1,920625000,0,-44.5,2.6384469551633,0,0,0.540036010742188,1.63,0,-5399.92822265625
100000000000000000000004,1,920625000,0,-52.5,3.71836942983479,0,0,0.540036010742188,1.63,0,-5399.92822265625
100000000000000000000003,1,920625000,0,-45.5,2.20893233455532,0,0,0.540036010742188,1.63,0,-5399.92822265625
100000000000000000000000,1,920625000,0,-56.5,1.72419440558346,0,0,0.540036010742188,1.63,0,-5399.92822265625
100000000000000000000004,1,920625000,0,-52.5,3.73064127613788,0,0,0.540036010742188,1.63,0,-5399.92822265625
100000000000000000000002,1,920625000,0,-43,5.53460268269139,0,0,0.540036010742188,1.63,0,-5399.92822265625
100000000000000000000000,1,920625000,0,-56.5,1.66283517406803,0,0,0.540036010742188,1.63,0,-5399.92822265625
100000000000000000000003,1,920625000,0,-46,2.20893233455532,0,0,0.540036010742188,1.63,0,-5399.92822265625
100000000000000000000001,1,920625000,0,-44.5,2.64458287831485,0,0,0.540036010742188,1.63,0,-5399.92822265625
100000000000000000000004,1,920625000,0,-52.5,3.72450535298634,0,0,0.540036010742188,1.63,0,-5399.92822265625
100000000000000000000000,1,920625000,0,-57,1.69965071297729,0,0,0.540036010742188,1.63,0,-5399.92822265625
100000000000000000000002,1,920625000,0,-43,5.54073860584294,0,0,0.540036010742188,1.63,0,-5399.92822265625
100000000000000000000003,1,920625000,0,-45.5,2.20893233455532,0,0,0.540036010742188,1.63,0,-5399.92822265625
100000000000000000000001,1,920625000,0,-44.5,2.62003918570868,0,0,0.540036010742188,1.63,0,-5399.92822265625
100000000000000000000002,1,920625000,0,-43,5.55301045214602,0,0,0.540036010742188,1.63,0,-5399.92822265625
100000000000000000000004,1,920625000,0,-52.5,3.70609758353171,0,0,0.540036010742188,1.63,0,-5399.92822265625
100000000000000000000000,1,920625000,0,-56.5,1.70578663612883,0,0,0.540036010742188,1.63,0,-5399.92822265625
100000000000000000000003,1,920625000,0,-45.5,2.1905245651007,0,0,0.540036010742188,1.63,0,-5399.92822265625
100000000000000000000001,1,920625000,0,-44.5,2.6384469551633,0,0,0.540036010742188,1.63,0,-5399.92822265625
100000000000000000000004,1,920625000,0,-53,3.73064127613788,0,0,0.540036010742188,1.63,0,-5399.92822265625
100000000000000000000003,1,920625000,0,-46,2.20893233455532,0,0,0.540036010742188,1.63,0,-5399.92822265625
100000000000000000000001,1,920625000,0,-44.5,2.64458287831485,0,0,0.540036010742188,1.63,0,-5399.92822265625
100000000000000000000000,1,920625000,0,-56.5,1.68737886667421,0,0,0.540036010742188,1.63,0,-5399.92822265625
100000000000000000000002,1,920625000,0,-43,5.52846675953985,0,0,0.540036010742188,1.63,0,-5399.92822265625
100000000000000000000003,1,920625000,0,-45.5,2.22120418085841,0,0,0.540036010742188,1.63,0,-5399.92822265625
100000000000000000000002,1,920625000,0,-43,5.54687452899448,0,0,0.540036010742188,1.63,0,-5399.92822265625
100000000000000000000001,1,920625000,0,-44.5,2.62003918570868,0,0,0.540036010742188,1.63,0,-5399.92822265625
100000000000000000000000,1,920625000,0,-57,1.65669925091649,0,0,0.540036010742188,1.63,0,-5399.92822265625
100000000000000000000004,1,920625000,0,-53,3.71223350668325,0,0,0.540036010742188,1.63,0,-5399.92822265625
100000000000000000000001,1,920625000,0,-44.5,2.64458287831485,0,0,0.540036010742188,1.63,0,-5399.92822265625
100000000000000000000004,1,920625000,0,-52.5,3.75518496874405,0,0,0.540036010742188,1.63,0,-5399.92822265625
100000000000000000000002,1,920625000,0,-43,5.52846675953985,0,0,0.540036010742188,1.63,0,-5399.92822265625
100000000000000000000000,1,920625000,0,-57,1.66283517406803,0,0,0.540036010742188,1.63,0,-5399.92822265625
100000000000000000000003,1,920625000,0,-45.5,2.19666048825224,0,0,0.540036010742188,1.63,0,-5399.92822265625
100000000000000000000003,1,920625000,0,-45.5,2.20279641140378,0,0,0.540036010742188,1.63,0,-5399.92822265625
100000000000000000000000,1,920625000,0,-56.5,1.65669925091649,0,0,0.540036010742188,1.63,0,-5399.92822265625
100000000000000000000001,1,920625000,0,-44.5,2.6384469551633,0,0,0.540036010742188,1.63,0,-5399.92822265625
100000000000000000000002,1,920625000,0,-43,5.53460268269139,0,0,0.540036010742188,1.63,0,-5399.92822265625
100000000000000000000004,1,920625000,0,-52.5,3.74291312244096,0,0,0.540036010742188,1.63,0,-5399.92822265625
100000000000000000000004,1,920625000,0,-52.5,3.72450535298634,0,0,0.540036010742188,1.63,0,-5399.92822265625
100000000000000000000003,1,920625000,0,-45.5,2.19666048825224,0,0,0.540036010742188,1.63,0,-5399.92822265625
100000000000000000000001,1,920625000,0,-44.5,2.63231103201176,0,0,0.540036010742188,1.63,0,-5399.92822265625
100000000000000000000002,1,920625000,0,-43,5.52846675953985,0,0,0.540036010742188,1.63,0,-5399.92822265625
100000000000000000000000,1,920625000,0,-57,1.69965071297729,0,0,0.540036010742188,1.63,0,-5399.92822265625
100000000000000000000001,1,920625000,0,-44.5,2.6384469551633,0,0,0.540036010742188,1.63,0,-5399.92822265625
100000000000000000000003,1,920625000,0,-45.5,2.23347602716149,0,0,0.540036010742188,1.63,0,-5399.92822265625
100000000000000000000002,1,920625000,0,-43,5.54073860584294,0,0,0.540036010742188,1.63,0,-5399.92822265625
100000000000000000000000,1,920625000,0,-57,1.65056332776495,0,0,0.540036010742188,1.63,0,-5399.92822265625
100000000000000000000004,1,920625000,0,-52.5,3.73064127613788,0,0,0.540036010742188,1.63,0,-5399.92822265625
100000000000000000000004,1,920625000,0,-52.5,3.68768981407708,0,0,0.540036010742188,1.63,0,-5399.92822265625
100000000000000000000001,1,920625000,0,-44.5,2.6384469551633,0,0,0.540036010742188,1.63,0,-5399.92822265625
100000000000000000000003,1,920625000,0,-45.5,2.20893233455532,0,0,0.540036010742188,1.63,0,-5399.92822265625
100000000000000000000000,1,920625000,0,-56.5,1.68737886667421,0,0,0.540036010742188,1.63,0,-5399.92822265625
100000000000000000000002,1,920625000,0,-43,5.54073860584294,0,0,0.540036010742188,1.63,0,-5399.92822265625
100000000000000000000000,1,920625000,0,-57,1.72419440558346,0,0,0.540036010742188,1.63,0,-5399.92822265625
100000000000000000000004,1,920625000,0,-52.5,3.73677719928942,0,0,0.540036010742188,1.63,0,-5399.92822265625
100000000000000000000001,1,920625000,0,-44.5,2.63231103201176,0,0,0.540036010742188,1.63,0,-5399.92822265625
100000000000000000000003,1,920625000,0,-45.5,2.20279641140378,0,0,0.540036010742188,1.63,0,-5399.92822265625
100000000000000000000002,1,920625000,0,-43,5.54687452899448,0,0,0.540036010742188,1.63,0,-5399.92822265625
100000000000000000000000,1,920625000,0,-57,1.67510702037112,0,0,0.540036010742188,1.63,0,-5399.92822265625
100000000000000000000003,1,920625000,0,-46,2.22120418085841,0,0,0.540036010742188,1.63,0,-5399.92822265625
100000000000000000000001,1,920625000,0,-44.5,2.6384469551633,0,0,0.540036010742188,1.63,0,-5399.92822265625
100000000000000000000004,1,920625000,0,-52.5,3.72450535298634,0,0,0.540036010742188,1.63,0,-5399.92822265625
100000000000000000000002,1,920625000,0,-43,5.55914637529756,0,0,0.540036010742188,1.63,0,-5399.92822265625
100000000000000000000004,1,920625000,0,-52.5,3.69382573722862,0,0,0.540036010742188,1.63,0,-5399.92822265625
100000000000000000000003,1,920625000,0,-45.5,2.20893233455532,0,0,0.540036010742188,1.63,0,-5399.92822265625
100000000000000000000001,1,920625000,0,-44.5,2.62617510886022,0,0,0.540036010742188,1.63,0,-5399.92822265625
100000000000000000000000,1,920625000,0,-57,1.67510702037112,0,0,0.540036010742188,1.63,0,-5399.92822265625
100000000000000000000002,1,920625000,0,-43,5.52233083638831,0,0,0.540036010742188,1.63,0,-5399.92822265625
100000000000000000000000,1,920625000,0,-56.5,1.70578663612883,0,0,0.540036010742188,1.63,0,-5399.92822265625
100000000000000000000004,1,920625000,0,-53,3.72450535298634,0,0,0.540036010742188,1.63,0,-5399.92822265625
100000000000000000000003,1,920625000,0,-45.5,2.19666048825224,0,0,0.540036010742188,1.63,0,-5399.92822265625
100000000000000000000002,1,920625000,0,-43,5.55914637529756,0,0,0.540036010742188,1.63,0,-5399.92822265625
100000000000000000000001,1,920625000,0,-44.5,2.6384469551633,0,0,0.540036010742188,1.63,0,-5399.92822265625
100000000000000000000004,1,920625000,0,-52.5,3.74291312244096,0,0,0.540036010742188,1.63,0,-5399.92822265625
100000000000000000000001,1,920625000,0,-44.5,2.6384469551633,0,0,0.540036010742188,1.63,0,-5399.92822265625
100000000000000000000002,1,920625000,0,-43,5.54073860584294,0,0,0.540036010742188,1.63,0,-5399.92822265625
100000000000000000000000,1,920625000,0,-57,1.67510702037112,0,0,0.540036010742188,1.63,0,-5399.92822265625
100000000000000000000003,1,920625000,0,-45.5,2.21506825770687,0,0,0.540036010742188,1.63,0,-5399.92822265625
100000000000000000000004,1,920625000,0,-52.5,3.72450535298634,0,0,0.540036010742188,1.63,0,-5399.92822265625
100000000000000000000003,1,920625000,0,-46,2.20893233455532,0,0,0.540036010742188,1.63,0,-5399.92822265625
100000000000000000000000,1,920625000,0,-56.5,1.69351478982575,0,0,0.540036010742188,1.63,0,-5399.92822265625
100000000000000000000002,1,920625000,0,-43,5.52233083638831,0,0,0.540036010742188,1.63,0,-5399.92822265625
100000000000000000000001,1,920625000,0,-44.5,2.65071880146639,0,0,0.540036010742188,1.63,0,-5399.92822265625
100000000000000000000002,1,920625000,0,-43,5.54073860584294,0,0,0.540036010742188,1.63,0,-5399.92822265625
100000000000000000000004,1,920625000,0,-53,3.72450535298634,0,0,0.540036010742188,1.63,0,-5399.92822265625
100000000000000000000001,1,920625000,0,-44.5,2.65071880146639,0,0,0.540036010742188,1.63,0,-5399.92822265625
100000000000000000000003,1,920625000,0,-46,2.20279641140378,0,0,0.540036010742188,1.63,0,-5399.92822265625
100000000000000000000000,1,920625000,0,-56.5,1.68124294352266,0,0,0.540036010742188,1.63,0,-5399.92822265625
100000000000000000000003,1,920625000,0,-45.5,2.20279641140378,0,0,0.540036010742188,1.63,0,-5399.92822265625
100000000000000000000001,1,920625000,0,-44.5,2.6384469551633,0,0,0.540036010742188,1.63,0,-5399.92822265625
100000000000000000000000,1,920625000,0,-56.5,1.66897109721958,0,0,0.540036010742188,1.63,0,-5399.92822265625
100000000000000000000002,1,920625000,0,-43,5.51619491323677,0,0,0.540036010742188,1.63,0,-5399.92822265625
100000000000000000000004,1,920625000,0,-52.5,3.71836942983479,0,0,0.540036010742188,1.63,0,-5399.92822265625
100000000000000000000001,1,920625000,0,-44.5,2.64458287831485,0,0,0.540036010742188,1.63,0,-5399.92822265625
100000000000000000000004,1,920625000,0,-52.5,3.69382573722862,0,0,0.540036010742188,1.63,0,-5399.92822265625
100000000000000000000003,1,920625000,0,-45.5,2.20893233455532,0,0,0.540036010742188,1.63,0,-5399.92822265625
100000000000000000000002,1,920625000,0,-43,5.52233083638831,0,0,0.540036010742188,1.63,0,-5399.92822265625
100000000000000000000000,1,920625000,0,-56.5,1.70578663612883,0,0,0.540036010742188,1.63,0,-5399.92822265625
100000000000000000000002,1,920625000,0,-43,5.54073860584294,0,0,0.540036010742188,1.63,0,-5399.92822265625
100000000000000000000001,1,920625000,0,-44.5,2.6384469551633,0,0,0.540036010742188,1.63,0,-5399.92822265625
100000000000000000000004,1,920625000,0,-52.5,3.73677719928942,0,0,0.540036010742188,1.63,0,-5399.92822265625
100000000000000000000003,1,920625000,0,-45.5,2.21506825770687,0,0,0.540036010742188,1.63,0,-5399.92822265625
100000000000000000000000,1,920625000,0,-57,1.64442740461341,0,0,0.540036010742188,1.63,0,-5399.92822265625
100000000000000000000000,1,920625000,0,-56.5,1.68737886667421,0,0,0.540036010742188,1.63,0,-5399.92822265625
100000000000000000000002,1,920625000,0,-43,5.55301045214602,0,0,0.540036010742188,1.63,0,-5399.92822265625
100000000000000000000003,1,920625000,0,-45.5,2.19666048825224,0,0,0.540036010742188,1.63,0,-5399.92822265625
100000000000000000000001,1,920625000,0,-44.5,2.65071880146639,0,0,0.540036010742188,1.63,0,-5399.92822265625
100000000000000000000004,1,920625000,0,-52.5,3.70609758353171,0,0,0.540036010742188,1.63,0,-5399.92822265625
100000000000000000000000,1,920625000,0,-56.5,1.68737886667421,0,0,0.540036010742188,1.63,0,-5399.92822265625
100000000000000000000001,1,920625000,0,-44.5,2.63231103201176,0,0,0.540036010742188,1.63,0,-5399.92822265625
100000000000000000000004,1,920625000,0,-53,3.72450535298634,0,0,0.540036010742188,1.63,0,-5399.92822265625
100000000000000000000002,1,920625000,0,-43,5.55914637529756,0,0,0.540036010742188,1.63,0,-5399.92822265625
100000000000000000000003,1,920625000,0,-45.5,2.21506825770687,0,0,0.540036010742188,1.63,0,-5399.92822265625
100000000000000000000004,1,920625000,0,-52.5,3.71223350668325,0,0,0.540036010742188,1.63,0,-5399.92822265625
100000000000000000000003,1,920625000,0,-45.5,2.20893233455532,0,0,0.540036010742188,1.63,0,-5399.92822265625
100000000000000000000002,1,920625000,0,-43,5.52233083638831,0,0,0.540036010742188,1.63,0,-5399.92822265625
100000000000000000000001,1,920625000,0,-44.5,2.64458287831485,0,0,0.540036010742188,1.63,0,-5399.92822265625
100000000000000000000000,1,920625000,0,-56.5,1.69965071297729,0,0,0.540036010742188,1.63,0,-5399.92822265625
100000000000000000000000,1,920625000,0,-57,1.70578663612883,0,0,0.540036010742188,1.63,0,-5399.92822265625
100000000000000000000003,1,920625000,0,-46,2.22120418085841,0,0,0.540036010742188,1.63,0,-5399.92822265625
100000000000000000000004,1,920625000,0,-52.5,3.73064127613788,0,0,0.540036010742188,1.63,0,-5399.92822265625
100000000000000000000002,1,920625000,0,-43,5.55914637529756,0,0,0.540036010742188,1.63,0,-5399.92822265625
100000000000000000000001,1,920625000,0,-44.5,2.64458287831485,0,0,0.540036010742188,1.63,0,-5399.92822265625
100000000000000000000000,1,920625000,0,-56.5,1.68737886667421,0,0,0.540036010742188,1.63,0,-5399.92822265625
100000000000000000000001,1,920625000,0,-44.5,2.64458287831485,0,0,0.540036010742188,1.63,0,-5399.92822265625
100000000000000000000003,1,920625000,0,-45.5,2.20279641140378,0,0,0.540036010742188,1.63,0,-5399.92822265625
100000000000000000000004,1,920625000,0,-52.5,3.74904904559251,0,0,0.540036010742188,1.63,0,-5399.92822265625
100000000000000000000002,1,920625000,0,-43,5.54073860584294,0,0,0.540036010742188,1.63,0,-5399.92822265625
100000000000000000000004,1,920625000,0,-52.5,3.73677719928942,0,0,0.540036010742188,1.63,0,-5399.92822265625
100000000000000000000003,1,920625000,0,-45.5,2.20893233455532,0,0,0.540036010742188,1.63,0,-5399.92822265625
100000000000000000000000,1,920625000,0,-56.5,1.63829148146186,0,0,0.540036010742188,1.63,0,-5399.92822265625
100000000000000000000002,1,920625000,0,-43,5.51619491323677,0,0,0.540036010742188,1.63,0,-5399.92822265625
100000000000000000000001,1,920625000,0,-44.5,2.64458287831485,0,0,0.540036010742188,1.63,0,-5399.92822265625
100000000000000000000001,1,920625000,0,-44.5,2.6384469551633,0,0,0.540036010742188,1.63,0,-5399.92822265625
100000000000000000000004,1,920625000,0,-52.5,3.70609758353171,0,0,0.540036010742188,1.63,0,-5399.92822265625
100000000000000000000000,1,920625000,0,-57,1.71192255928038,0,0,0.540036010742188,1.63,0,-5399.92822265625
100000000000000000000002,1,920625000,0,-43,5.52233083638831,0,0,0.540036010742188,1.63,0,-5399.92822265625
100000000000000000000003,1,920625000,0,-45.5,2.20279641140378,0,0,0.540036010742188,1.63,0,-5399.92822265625
100000000000000000000001,1,920625000,0,-44.5,2.63231103201176,0,0,0.540036010742188,1.63,0,-5399.92822265625
100000000000000000000000,1,920625000,0,-56.5,1.69965071297729,0,0,0.540036010742188,1.63,0,-5399.92822265625
100000000000000000000003,1,920625000,0,-45.5,2.20279641140378,0,0,0.540036010742188,1.63,0,-5399.92822265625
100000000000000000000002,1,920625000,0,-43,5.53460268269139,0,0,0.540036010742188,1.63,0,-5399.92822265625
100000000000000000000004,1,920625000,0,-52.5,3.71223350668325,0,0,0.540036010742188,1.63,0,-5399.92822265625
100000000000000000000001,1,920625000,0,-44.5,2.65071880146639,0,0,0.540036010742188,1.63,0,-5399.92822265625
100000000000000000000004,1,920625000,0,-52.5,3.73064127613788,0,0,0.540036010742188,1.63,0,-5399.92822265625
100000000000000000000000,1,920625000,0,-56.5,1.67510702037112,0,0,0.540036010742188,1.63,0,-5399.92822265625
100000000000000000000002,1,920625000,0,-43,5.54687452899448,0,0,0.540036010742188,1.63,0,-5399.92822265625
100000000000000000000003,1,920625000,0,-45.5,2.21506825770687,0,0,0.540036010742188,1.63,0,-5399.92822265625
100000000000000000000000,1,920625000,0,-57,1.69351478982575,0,0,0.540036010742188,1.63,0,-5399.92822265625
100000000000000000000002,1,920625000,0,-43,5.54687452899448,0,0,0.540036010742188,1.63,0,-5399.92822265625
100000000000000000000001,1,920625000,0,-44.5,2.63231103201176,0,0,0.540036010742188,1.63,0,-5399.92822265625
100000000000000000000003,1,920625000,0,-45.5,2.21506825770687,0,0,0.540036010742188,1.63,0,-5399.92822265625
100000000000000000000004,1,920625000,0,-52.5,3.74291312244096,0,0,0.540036010742188,1.63,0,-5399.92822265625
100000000000000000000001,1,920625000,0,-45,2.63231103201176,0,0,0.540036010742188,1.63,0,-5399.92822265625
100000000000000000000002,1,920625000,0,-43,5.54073860584294,0,0,0.540036010742188,1.63,0,-5399.92822265625
100000000000000000000004,1,920625000,0,-53,3.71836942983479,0,0,0.540036010742188,1.63,0,-5399.92822265625
100000000000000000000000,1,920625000,0,-56.5,1.71192255928038,0,0,0.540036010742188,1.63,0,-5399.92822265625
100000000000000000000003,1,920625000,0,-46,2.19666048825224,0,0,0.540036010742188,1.63,0,-5399.92822265625
100000000000000000000002,1,920625000,0,-43,5.54687452899448,0,0,0.540036010742188,1.63,0,-5399.92822265625
100000000000000000000001,1,920625000,0,-44.5,2.64458287831485,0,0,0.540036010742188,1.63,0,-5399.92822265625
100000000000000000000003,1,920625000,0,-46,2.19666048825224,0,0,0.540036010742188,1.63,0,-5399.92822265625
100000000000000000000004,1,920625000,0,-52.5,3.73677719928942,0,0,0.540036010742188,1.63,0,-5399.92822265625
100000000000000000000000,1,920625000,0,-57,1.64442740461341,0,0,0.540036010742188,1.63,0,-5399.92822265625
100000000000000000000003,1,920625000,0,-46,2.20279641140378,0,0,0.540036010742188,1.63,0,-5399.92822265625
100000000000000000000004,1,920625000,0,-52.5,3.74904904559251,0,0,0.540036010742188,1.63,0,-5399.92822265625
100000000000000000000002,1,920625000,0,-43,5.53460268269139,0,0,0.540036010742188,1.63,0,-5399.92822265625
100000000000000000000001,1,920625000,0,-44.5,2.62617510886022,0,0,0.540036010742188,1.63,0,-5399.92822265625
100000000000000000000000,1,920625000,0,-57,1.69965071297729,0,0,0.540036010742188,1.63,0,-5399.92822265625
100000000000000000000004,1,920625000,0,-52.5,3.74291312244096,0,0,0.540036010742188,1.63,0,-5399.92822265625
100000000000000000000000,1,920625000,0,-56.5,1.65669925091649,0,0,0.540036010742188,1.63,0,-5399.92822265625
100000000000000000000003,1,920625000,0,-46,2.20279641140378,0,0,0.540036010742188,1.63,0,-5399.92822265625
100000000000000000000002,1,920625000,0,-43,5.52846675953985,0,0,0.540036010742188,1.63,0,-5399.92822265625
100000000000000000000001,1,920625000,0,-44.5,2.63231103201176,0,0,0.540036010742188,1.63,0,-5399.92822265625
100000000000000000000003,1,920625000,0,-45.5,2.21506825770687,0,0,0.540036010742188,1.63,0,-5399.92822265625
100000000000000000000004,1,920625000,0,-53,3.73064127613788,0,0,0.540036010742188,1.63,0,-5399.92822265625
100000000000000000000001,1,920625000,0,-45,2.64458287831485,0,0,0.540036010742188,1.63,0,-5399.92822265625
100000000000000000000002,1,920625000,0,-43,5.54073860584294,0,0,0.540036010742188,1.63,0,-5399.92822265625
100000000000000000000000,1,920625000,0,-57,1.69965071297729,0,0,0.540036010742188,1.63,0,-5399.92822265625
100000000000000000000004,1,920625000,0,-52.5,3.73677719928942,0,0,0.540036010742188,1.63,0,-5399.92822265625
100000000000000000000003,1,920625000,0,-45.5,2.22120418085841,0,0,0.540036010742188,1.63,0,-5399.92822265625
100000000000000000000001,1,920625000,0,-44.5,2.6384469551633,0,0,0.540036010742188,1.63,0,-5399.92822265625
100000000000000000000002,1,920625000,0,-43,5.53460268269139,0,0,0.540036010742188,1.63,0,-5399.92822265625
100000000000000000000000,1,920625000,0,-56.5,1.68737886667421,0,0,0.540036010742188,1.63,0,-5399.92822265625
100000000000000000000002,1,920625000,0,-43,5.54687452899448,0,0,0.540036010742188,1.63,0,-5399.92822265625
100000000000000000000004,1,920625000,0,-52.5,3.70609758353171,0,0,0.540036010742188,1.63,0,-5399.92822265625
100000000000000000000003,1,920625000,0,-46,2.20279641140378,0,0,0.540036010742188,1.63,0,-5399.92822265625
100000000000000000000000,1,920625000,0,-56.5,1.68737886667421,0,0,0.540036010742188,1.63,0,-5399.92822265625
100000000000000000000001,1,920625000,0,-44.5,2.6384469551633,0,0,0.540036010742188,1.63,0,-5399.92822265625
100000000000000000000004,1,920625000,0,-52.5,3.71836942983479,0,0,0.540036010742188,1.63,0,-5399.92822265625
100000000000000000000000,1,920625000,0,-57,1.68737886667421,0,0,0.540036010742188,1.63,0,-5399.92822265625
100000000000000000000003,1,920625000,0,-45.5,2.18438864194915,0,0,0.540036010742188,1.63,0,-5399.92822265625
100000000000000000000001,1,920625000,0,-44.5,2.64458287831485,0,0,0.540036010742188,1.63,0,-5399.92822265625
100000000000000000000002,1,920625000,0,-43,5.52846675953985,0,0,0.540036010742188,1.63,0,-5399.92822265625
100000000000000000000001,1,920625000,0,-44.5,2.64458287831485,0,0,0.540036010742188,1.63,0,-5399.92822265625
100000000000000000000000,1,920625000,0,-57,1.63829148146186,0,0,0.540036010742188,1.63,0,-5399.92822265625
100000000000000000000003,1,920625000,0,-45.5,2.21506825770687,0,0,0.540036010742188,1.63,0,-5399.92822265625
100000000000000000000002,1,920625000,0,-43,5.55914637529756,0,0,0.540036010742188,1.63,0,-5399.92822265625
100000000000000000000004,1,920625000,0,-52.5,3.72450535298634,0,0,0.540036010742188,1.63,0,-5399.92822265625
100000000000000000000002,1,920625000,0,-43,5.54687452899448,0,0,0.540036010742188,1.63,0,-5399.92822265625
100000000000000000000000,1,920625000,0,-57,1.71192255928038,0,0,0.540036010742188,1.63,0,-5399.92822265625
100000000000000000000001,1,920625000,0,-44.5,2.6384469551633,0,0,0.540036010742188,1.63,0,-5399.92822265625
100000000000000000000004,1,920625000,0,-53,3.69996166038017,0,0,0.540036010742188,1.63,0,-5399.92822265625
100000000000000000000003,1,920625000,0,-46,2.20893233455532,0,0,0.540036010742188,1.63,0,-5399.92822265625
100000000000000000000004,1,920625000,0,-52.5,3.74291312244096,0,0,0.540036010742188,1.63,0,-5399.92822265625
100000000000000000000000,1,920625000,0,-56.5,1.66897109721958,0,0,0.540036010742188,1.63,0,-5399.92822265625
100000000000000000000002,1,920625000,0,-43,5.51619491323677,0,0,0.540036010742188,1.63,0,-5399.92822265625
100000000000000000000001,1,920625000,0,-44.5,2.64458287831485,0,0,0.540036010742188,1.63,0,-5399.92822265625
100000000000000000000003,1,920625000,0,-45.5,2.20279641140378,0,0,0.540036010742188,1.63,0,-5399.92822265625
100000000000000000000001,1,920625000,0,-44.5,2.6384469551633,0,0,0.540036010742188,1.63,0,-5399.92822265625
100000000000000000000002,1,920625000,0,-43,5.54073860584294,0,0,0.540036010742188,1.63,0,-5399.92822265625
100000000000000000000004,1,920625000,0,-52.5,3.73677719928942,0,0,0.540036010742188,1.63,0,-5399.92822265625
100000000000000000000000,1,920625000,0,-56.5,1.67510702037112,0,0,0.540036010742188,1.63,0,-5399.92822265625
100000000000000000000003,1,920625000,0,-45.5,2.22734010400995,0,0,0.540036010742188,1.63,0,-5399.92822265625
100000000000000000000004,1,920625000,0,-53,3.72450535298634,0,0,0.540036010742188,1.63,0,-5399.92822265625
100000000000000000000003,1,920625000,0,-45.5,2.20893233455532,0,0,0.540036010742188,1.63,0,-5399.92822265625
100000000000000000000001,1,920625000,0,-44.5,2.6384469551633,0,0,0.540036010742188,1.63,0,-5399.92822265625
100000000000000000000002,1,920625000,0,-43,5.51619491323677,0,0,0.540036010742188,1.63,0,-5399.92822265625
100000000000000000000000,1,920625000,0,-57,1.68124294352266,0,0,0.540036010742188,1.63,0,-5399.92822265625
100000000000000000000000,1,920625000,0,-56.5,1.67510702037112,0,0,0.540036010742188,1.63,0,-5399.92822265625
100000000000000000000001,1,920625000,0,-44.5,2.63231103201176,0,0,0.540036010742188,1.63,0,-5399.92822265625
100000000000000000000004,1,920625000,0,-52.5,3.73064127613788,0,0,0.540036010742188,1.63,0,-5399.92822265625
100000000000000000000003,1,920625000,0,-45.5,2.20279641140378,0,0,0.540036010742188,1.63,0,-5399.92822265625
100000000000000000000002,1,920625000,0,-43,5.52846675953985,0,0,0.540036010742188,1.63,0,-5399.92822265625
100000000000000000000002,1,920625000,0,-43,5.51619491323677,0,0,0.540036010742188,1.63,0,-5399.92822265625
100000000000000000000003,1,920625000,0,-45.5,2.23347602716149,0,0,0.540036010742188,1.63,0,-5399.92822265625
100000000000000000000004,1,920625000,0,-52.5,3.71836942983479,0,0,0.540036010742188,1.63,0,-5399.92822265625
100000000000000000000000,1,920625000,0,-57,1.70578663612883,0,0,0.540036010742188,1.63,0,-5399.92822265625
100000000000000000000001,1,920625000,0,-44.5,2.63231103201176,0,0,0.540036010742188,1.63,0,-5399.92822265625
100000000000000000000004,1,920625000,0,-52.5,3.73677719928942,0,0,0.540036010742188,1.63,0,-5399.92822265625
100000000000000000000002,1,920625000,0,-43,5.54073860584294,0,0,0.540036010742188,1.63,0,-5399.92822265625
100000000000000000000000,1,920625000,0,-57,1.67510702037112,0,0,0.540036010742188,1.63,0,-5399.92822265625
100000000000000000000003,1,920625000,0,-45.5,2.20279641140378,0,0,0.540036010742188,1.63,0,-5399.92822265625
100000000000000000000001,1,921125000,0,-44.5,2.89001980437655,0,0,0.540036010742188,1.63,0,-5399.92822265625
100000000000000000000001,1,921125000,0,-44.5,2.90229165067963,0,0,0.540036010742188,1.63,0,-5399.92822265625
100000000000000000000003,1,921125000,0,-46,2.41755372170777,0,0,0.540036010742188,1.63,0,-5399.92822265625
100000000000000000000000,1,921125000,0,-56.5,2.08007794837293,0,0,0.540036010742188,1.63,0,-5399.92822265625
100000000000000000000002,1,921125000,0,-42.5,5.79231145505618,0,0,0.540036010742188,1.63,0,-5399.92822265625
100000000000000000000004,1,921125000,0,-52.5,3.92699081698724,0,0,0.540036010742188,1.63,0,-5399.92822265625
100000000000000000000000,1,921125000,0,-56.5,2.06780610206984,0,0,0.540036010742188,1.63,0,-5399.92822265625
100000000000000000000002,1,921125000,0,-42.5,5.78617553190464,0,0,0.540036010742188,1.63,0,-5399.92822265625
100000000000000000000004,1,921125000,0,-52.5,3.90858304753261,0,0,0.540036010742188,1.63,0,-5399.92822265625
100000000000000000000003,1,921125000,0,-46,2.40528187540469,0,0,0.540036010742188,1.63,0,-5399.92822265625
100000000000000000000001,1,921125000,0,-44.5,2.87161203492192,0,0,0.540036010742188,1.63,0,-5399.92822265625
100000000000000000000001,1,921125000,0,-44.5,2.89001980437655,0,0,0.540036010742188,1.63,0,-5399.92822265625
100000000000000000000003,1,921125000,0,-46,2.41141779855623,0,0,0.540036010742188,1.63,0,-5399.92822265625
100000000000000000000000,1,921125000,0,-57,2.04939833261522,0,0,0.540036010742188,1.63,0,-5399.92822265625
100000000000000000000004,1,921125000,0,-52.5,3.92699081698724,0,0,0.540036010742188,1.63,0,-5399.92822265625
100000000000000000000002,1,921125000,0,-42.5,5.78617553190464,0,0,0.540036010742188,1.63,0,-5399.92822265625
100000000000000000000002,1,921125000,0,-42.5,5.79231145505618,0,0,0.540036010742188,1.63,0,-5399.92822265625
100000000000000000000000,1,921125000,0,-56.5,2.03099056316059,0,0,0.540036010742188,1.63,0,-5399.92822265625
100000000000000000000003,1,921125000,0,-45.5,2.41755372170777,0,0,0.540036010742188,1.63,0,-5399.92822265625
100000000000000000000004,1,921125000,0,-52.5,3.9208548938357,0,0,0.540036010742188,1.63,0,-5399.92822265625
100000000000000000000001,1,921125000,0,-44.5,2.88388388122501,0,0,0.540036010742188,1.63,0,-5399.92822265625
100000000000000000000001,1,921125000,0,-44.5,2.89615572752809,0,0,0.540036010742188,1.63,0,-5399.92822265625
100000000000000000000000,1,921125000,0,-56.5,2.04939833261522,0,0,0.540036010742188,1.63,0,-5399.92822265625
100000000000000000000002,1,921125000,0,-42.5,5.79844737820772,0,0,0.540036010742188,1.63,0,-5399.92822265625
100000000000000000000004,1,921125000,0,-52,3.9208548938357,0,0,0.540036010742188,1.63,0,-5399.92822265625
100000000000000000000003,1,921125000,0,-46,2.40528187540469,0,0,0.540036010742188,1.63,0,-5399.92822265625
100000000000000000000000,1,921125000,0,-56.5,2.05553425576676,0,0,0.540036010742188,1.63,0,-5399.92822265625
100000000000000000000002,1,921125000,0,-42.5,5.78617553190464,0,0,0.540036010742188,1.63,0,-5399.92822265625
100000000000000000000003,1,921125000,0,-46,2.39914595225314,0,0,0.540036010742188,1.63,0,-5399.92822265625
100000000000000000000004,1,921125000,0,-53,3.90858304753261,0,0,0.540036010742188,1.63,0,-5399.92822265625
100000000000000000000001,1,921125000,0,-44.5,2.89615572752809,0,0,0.540036010742188,1.63,0,-5399.92822265625
100000000000000000000002,1,921125000,0,-42.5,5.78617553190464,0,0,0.540036010742188,1.63,0,-5399.92822265625
100000000000000000000000,1,921125000,0,-57,2.03712648631213,0,0,0.540036010742188,1.63,0,-5399.92822265625
100000000000000000000004,1,921125000,0,-52.5,3.94539858644187,0,0,0.540036010742188,1.63,0,-5399.92822265625
100000000000000000000003,1,921125000,0,-46,2.42368964485931,0,0,0.540036010742188,1.63,0,-5399.92822265625
100000000000000000000001,1,921125000,0,-44.5,2.88388388122501,0,0,0.540036010742188,1.63,0,-5399.92822265625
100000000000000000000002,1,921125000,0,-42.5,5.80458330135927,0,0,0.540036010742188,1.63,0,-5399.92822265625
100000000000000000000001,1,921125000,0,-44.5,2.90842757383118,0,0,0.540036010742188,1.63,0,-5399.92822265625
100000000000000000000004,1,921125000,0,-52.5,3.95153450959341,0,0,0.540036010742188,1.63,0,-5399.92822265625
100000000000000000000000,1,921125000,0,-57,2.03099056316059,0,0,0.540036010742188,1.63,0,-5399.92822265625
100000000000000000000003,1,921125000,0,-46,2.39914595225314,0,0,0.540036010742188,1.63,0,-5399.92822265625
100000000000000000000001,1,921125000,0,-44.5,2.88388388122501,0,0,0.540036010742188,1.63,0,-5399.92822265625
100000000000000000000000,1,921125000,0,-56.5,2.08621387152447,0,0,0.540036010742188,1.63,0,-5399.92822265625
100000000000000000000002,1,921125000,0,-42.5,5.79231145505618,0,0,0.540036010742188,1.63,0,-5399.92822265625
100000000000000000000003,1,921125000,0,-46,2.41755372170777,0,0,0.540036010742188,1.63,0,-5399.92822265625
100000000000000000000004,1,921125000,0,-52.5,3.86563158547182,0,0,0.540036010742188,1.63,0,-5399.92822265625
100000000000000000000003,1,921125000,0,-46,2.42982556801086,0,0,0.540036010742188,1.63,0,-5399.92822265625
100000000000000000000002,1,921125000,0,-42.5,5.7800396087531,0,0,0.540036010742188,1.63,0,-5399.92822265625
100000000000000000000001,1,921125000,0,-44.5,2.87774795807346,0,0,0.540036010742188,1.63,0,-5399.92822265625
100000000000000000000004,1,921125000,0,-53,3.89631120122953,0,0,0.540036010742188,1.63,0,-5399.92822265625
100000000000000000000000,1,921125000,0,-56.5,2.08007794837293,0,0,0.540036010742188,1.63,0,-5399.92822265625
100000000000000000000003,1,921125000,0,-46,2.36846633649543,0,0,0.540036010742188,1.63,0,-5399.92822265625
100000000000000000000002,1,921125000,0,-42.5,5.81071922451081,0,0,0.540036010742188,1.63,0,-5399.92822265625
100000000000000000000000,1,921125000,0,-56.5,2.0616701789183,0,0,0.540036010742188,1.63,0,-5399.92822265625
100000000000000000000001,1,921125000,0,-44.5,2.89615572752809,0,0,0.540036010742188,1.63,0,-5399.92822265625
100000000000000000000004,1,921125000,0,-52.5,3.88403935492644,0,0,0.540036010742188,1.63,0,-5399.92822265625
100000000000000000000002,1,921125000,0,-42.5,5.77390368560155,0,0,0.540036010742188,1.63,0,-5399.92822265625
100000000000000000000000,1,921125000,0,-57,2.08007794837293,0,0,0.540036010742188,1.63,0,-5399.92822265625
100000000000000000000004,1,921125000,0,-52.5,3.95767043274495,0,0,0.540036010742188,1.63,0,-5399.92822265625
100000000000000000000001,1,921125000,0,-44.5,2.88388388122501,0,0,0.540036010742188,1.63,0,-5399.92822265625
100000000000000000000003,1,921125000,0,-46,2.44209741431394,0,0,0.540036010742188,1.63,0,-5399.92822265625
100000000000000000000000,1,921125000,0,-56.5,2.08621387152447,0,0,0.540036010742188,1.63,0,-5399.92822265625
100000000000000000000001,1,921125000,0,-44.5,2.89001980437655,0,0,0.540036010742188,1.63,0,-5399.92822265625
100000000000000000000003,1,921125000,0,-46,2.41755372170777,0,0,0.540036010742188,1.63,0,-5399.92822265625
100000000000000000000002,1,921125000,0,-42.5,5.77390368560155,0,0,0.540036010742188,1.63,0,-5399.92822265625
100000000000000000000004,1,921125000,0,-52.5,3.94539858644187,0,0,0.540036010742188,1.63,0,-5399.92822265625
100000000000000000000004,1,921125000,0,-52.5,3.93926266329033,0,0,0.540036010742188,1.63,0,-5399.92822265625
100000000000000000000002,1,921125000,0,-42.5,5.7800396087531,0,0,0.540036010742188,1.63,0,-5399.92822265625
100000000000000000000000,1,921125000,0,-56.5,2.04939833261522,0,0,0.540036010742188,1.63,0,-5399.92822265625
100000000000000000000003,1,921125000,0,-46,2.4359614911624,0,0,0.540036010742188,1.63,0,-5399.92822265625
100000000000000000000001,1,921125000,0,-44.5,2.89001980437655,0,0,0.540036010742188,1.63,0,-5399.92822265625
100000000000000000000003,1,921125000,0,-46,2.39914595225314,0,0,0.540036010742188,1.63,0,-5399.92822265625
100000000000000000000002,1,921125000,0,-42.5,5.77390368560155,0,0,0.540036010742188,1.63,0,-5399.92822265625
100000000000000000000004,1,921125000,0,-52.5,3.92699081698724,0,0,0.540036010742188,1.63,0,-5399.92822265625
100000000000000000000001,1,921125000,0,-44.5,2.89001980437655,0,0,0.540036010742188,1.63,0,-5399.92822265625
100000000000000000000000,1,921125000,0,-57,2.06780610206984,0,0,0.540036010742188,1.63,0,-5399.92822265625
100000000000000000000004,1,921125000,0,-52,3.93926266329033,0,0,0.540036010742188,1.63,0,-5399.92822265625
100000000000000000000003,1,921125000,0,-46,2.42368964485931,0,0,0.540036010742188,1.63,0,-5399.92822265625
100000000000000000000000,1,921125000,0,-56.5,2.04939833261522,0,0,0.540036010742188,1.63,0,-5399.92822265625
100000000000000000000002,1,921125000,0,-42.5,5.76163183929847,0,0,0.540036010742188,1.63,0,-5399.92822265625
100000000000000000000001,1,921125000,0,-44.5,2.88388388122501,0,0,0.540036010742188,1.63,0,-5399.92822265625
100000000000000000000003,1,921125000,0,-46,2.39914595225314,0,0,0.540036010742188,1.63,0,-5399.92822265625
100000000000000000000000,1,921125000,0,-56.5,2.08007794837293,0,0,0.540036010742188,1.63,0,-5399.92822265625
100000000000000000000002,1,921125000,0,-42.5,5.7800396087531,0,0,0.540036010742188,1.63,0,-5399.92822265625
100000000000000000000001,1,921125000,0,-44.5,2.87774795807346,0,0,0.540036010742188,1.63,0,-5399.92822265625
100000000000000000000004,1,921125000,0,-52.5,3.92699081698724,0,0,0.540036010742188,1.63,0,-5399.92822265625
100000000000000000000004,1,921125000,0,-52.5,3.9208548938357,0,0,0.540036010742188,1.63,0,-5399.92822265625
100000000000000000000000,1,921125000,0,-56.5,2.02485464000905,0,0,0.540036010742188,1.63,0,-5399.92822265625
100000000000000000000002,1,921125000,0,-42.5,5.79844737820772,0,0,0.540036010742188,1.63,0,-5399.92822265625
100000000000000000000003,1,921125000,0,-46,2.41141779855623,0,0,0.540036010742188,1.63,0,-5399.92822265625
100000000000000000000001,1,921125000,0,-44.5,2.88388388122501,0,0,0.540036010742188,1.63,0,-5399.92822265625
100000000000000000000004,1,921125000,0,-52.5,3.88403935492644,0,0,0.540036010742188,1.63,0,-5399.92822265625
100000000000000000000001,1,921125000,0,-44.5,2.88388388122501,0,0,0.540036010742188,1.63,0,-5399.92822265625
100000000000000000000000,1,921125000,0,-56.5,2.08621387152447,0,0,0.540036010742188,1.63,0,-5399.92822265625
100000000000000000000002,1,921125000,0,-42.5,5.7800396087531,0,0,0.540036010742188,1.63,0,-5399.92822265625
100000000000000000000003,1,921125000,0,-46,2.41755372170777,0,0,0.540036010742188,1.63,0,-5399.92822265625
100000000000000000000000,1,921125000,0,-57,2.04326240946367,0,0,0.540036010742188,1.63,0,-5399.92822265625
100000000000000000000003,1,921125000,0,-46,2.42368964485931,0,0,0.540036010742188,1.63,0,-5399.92822265625
100000000000000000000004,1,921125000,0,-52.5,3.89017527807799,0,0,0.540036010742188,1.63,0,-5399.92822265625
100000000000000000000001,1,921125000,0,-44.5,2.87774795807346,0,0,0.540036010742188,1.63,0,-5399.92822265625
100000000000000000000002,1,921125000,0,-42.5,5.7800396087531,0,0,0.540036010742188,1.63,0,-5399.92822265625
100000000000000000000000,1,921125000,0,-56.5,2.04326240946367,0,0,0.540036010742188,1.63,0,-5399.92822265625
100000000000000000000002,1,921125000,0,-42.5,5.7800396087531,0,0,0.540036010742188,1.63,0,-5399.92822265625
100000000000000000000004,1,921125000,0,-52.5,3.88403935492644,0,0,0.540036010742188,1.63,0,-5399.92822265625
100000000000000000000001,1,921125000,0,-44.5,2.89615572752809,0,0,0.540036010742188,1.63,0,-5399.92822265625
100000000000000000000003,1,921125000,0,-46,2.40528187540469,0,0,0.540036010742188,1.63,0,-5399.92822265625
100000000000000000000001,1,921125000,0,-44.5,2.87774795807346,0,0,0.540036010742188,1.63,0,-5399.92822265625
100000000000000000000003,1,921125000,0,-46,2.42982556801086,0,0,0.540036010742188,1.63,0,-5399.92822265625
100000000000000000000004,1,921125000,0,-52.5,3.9208548938357,0,0,0.540036010742188,1.63,0,-5399.92822265625
100000000000000000000002,1,921125000,0,-42.5,5.7800396087531,0,0,0.540036010742188,1.63,0,-5399.92822265625
100000000000000000000000,1,921125000,0,-56.5,2.08621387152447,0,0,0.540036010742188,1.63,0,-5399.92822265625
100000000000000000000001,1,921125000,0,-44.5,2.89615572752809,0,0,0.540036010742188,1.63,0,-5399.92822265625
100000000000000000000003,1,921125000,0,-46,2.41141779855623,0,0,0.540036010742188,1.63,0,-5399.92822265625
100000000000000000000004,1,921125000,0,-52.5,3.89631120122953,0,0,0.540036010742188,1.63,0,-5399.92822265625
100000000000000000000002,1,921125000,0,-42.5,5.79231145505618,0,0,0.540036010742188,1.63,0,-5399.92822265625
100000000000000000000000,1,921125000,0,-56.5,2.08007794837293,0,0,0.540036010742188,1.63,0,-5399.92822265625
100000000000000000000000,1,921125000,0,-56.5,2.04326240946367,0,0,0.540036010742188,1.63,0,-5399.92822265625
100000000000000000000003,1,921125000,0,-46,2.4359614911624,0,0,0.540036010742188,1.63,0,-5399.92822265625
100000000000000000000002,1,921125000,0,-42.5,5.79231145505618,0,0,0.540036010742188,1.63,0,-5399.92822265625
100000000000000000000001,1,921125000,0,-44.5,2.89001980437655,0,0,0.540036010742188,1.63,0,-5399.92822265625
100000000000000000000004,1,921125000,0,-52.5,3.90858304753261,0,0,0.540036010742188,1.63,0,-5399.92822265625
100000000000000000000003,1,921125000,0,-46,2.41141779855623,0,0,0.540036010742188,1.63,0,-5399.92822265625
100000000000000000000001,1,921125000,0,-44.5,2.88388388122501,0,0,0.540036010742188,1.63,0,-5399.92822265625
100000000000000000000002,1,921125000,0,-42.5,5.78617553190464,0,0,0.540036010742188,1.63,0,-5399.92822265625
100000000000000000000004,1,921125000,0,-52.5,3.90858304753261,0,0,0.540036010742188,1.63,0,-5399.92822265625
100000000000000000000000,1,921125000,0,-57,2.03712648631213,0,0,0.540036010742188,1.63,0,-5399.92822265625
100000000000000000000004,1,921125000,0,-52.5,3.94539858644187,0,0,0.540036010742188,1.63,0,-5399.92822265625
100000000000000000000001,1,921125000,0,-44.5,2.90842757383118,0,0,0.540036010742188,1.63,0,-5399.92822265625
100000000000000000000002,1,921125000,0,-42.5,5.7800396087531,0,0,0.540036010742188,1.63,0,-5399.92822265625
100000000000000000000000,1,921125000,0,-57,2.08007794837293,0,0,0.540036010742188,1.63,0,-5399.92822265625
100000000000000000000003,1,921125000,0,-46,2.41755372170777,0,0,0.540036010742188,1.63,0,-5399.92822265625
100000000000000000000001,1,921125000,0,-44.5,2.88388388122501,0,0,0.540036010742188,1.63,0,-5399.92822265625
100000000000000000000000,1,921125000,0,-57,2.04326240946367,0,0,0.540036010742188,1.63,0,-5399.92822265625
100000000000000000000004,1,921125000,0,-52.5,3.88403935492644,0,0,0.540036010742188,1.63,0,-5399.92822265625
100000000000000000000003,1,921125000,0,-46,2.42368964485931,0,0,0.540036010742188,1.63,0,-5399.92822265625
100000000000000000000002,1,921125000,0,-42.5,5.7800396087531,0,0,0.540036010742188,1.63,0,-5399.92822265625
100000000000000000000003,1,921125000,0,-46,2.4359614911624,0,0,0.540036010742188,1.63,0,-5399.92822265625
100000000000000000000001,1,921125000,0,-44.5,2.90229165067963,0,0,0.540036010742188,1.63,0,-5399.92822265625
100000000000000000000002,1,921125000,0,-42.5,5.78617553190464,0,0,0.540036010742188,1.63,0,-5399.92822265625
100000000000000000000004,1,921125000,0,-52.5,3.90858304753261,0,0,0.540036010742188,1.63,0,-5399.92822265625
100000000000000000000000,1,921125000,0,-56.5,2.06780610206984,0,0,0.540036010742188,1.63,0,-5399.92822265625
100000000000000000000001,1,921125000,0,-44.5,2.88388388122501,0,0,0.540036010742188,1.63,0,-5399.92822265625
100000000000000000000003,1,921125000,0,-46,2.41755372170777,0,0,0.540036010742188,1.63,0,-5399.92822265625
100000000000000000000004,1,921125000,0,-52.5,3.93926266329033,0,0,0.540036010742188,1.63,0,-5399.92822265625
100000000000000000000000,1,921125000,0,-57,2.07394202522139,0,0,0.540036010742188,1.63,0,-5399.92822265625
100000000000000000000002,1,921125000,0,-42.5,5.80458330135927,0,0,0.540036010742188,1.63,0,-5399.92822265625
100000000000000000000003,1,921125000,0,-46,2.4359614911624,0,0,0.540036010742188,1.63,0,-5399.92822265625
100000000000000000000002,1,921125000,0,-42.5,5.7800396087531,0,0,0.540036010742188,1.63,0,-5399.92822265625
100000000000000000000001,1,921125000,0,-44.5,2.89001980437655,0,0,0.540036010742188,1.63,0,-5399.92822265625
100000000000000000000004,1,921125000,0,-52.5,3.91471897068416,0,0,0.540036010742188,1.63,0,-5399.92822265625
100000000000000000000000,1,921125000,0,-56.5,2.07394202522139,0,0,0.540036010742188,1.63,0,-5399.92822265625
100000000000000000000001,1,921125000,0,-44.5,2.89001980437655,0,0,0.540036010742188,1.63,0,-5399.92822265625
100000000000000000000002,1,921125000,0,-42.5,5.79844737820772,0,0,0.540036010742188,1.63,0,-5399.92822265625
100000000000000000000003,1,921125000,0,-46,2.41755372170777,0,0,0.540036010742188,1.63,0,-5399.92822265625
100000000000000000000000,1,921125000,0,-56.5,2.08007794837293,0,0,0.540036010742188,1.63,0,-5399.92822265625
100000000000000000000004,1,921125000,0,-52.5,3.94539858644187,0,0,0.540036010742188,1.63,0,-5399.92822265625
100000000000000000000000,1,921125000,0,-56.5,2.0187187168575,0,0,0.540036010742188,1.63,0,-5399.92822265625
100000000000000000000003,1,921125000,0,-46,2.42982556801086,0,0,0.540036010742188,1.63,0,-5399.92822265625
100000000000000000000001,1,921125000,0,-44.5,2.89615572752809,0,0,0.540036010742188,1.63,0,-5399.92822265625
100000000000000000000002,1,921125000,0,-42.5,5.75549591614693,0,0,0.540036010742188,1.63,0,-5399.92822265625
100000000000000000000004,1,921125000,0,-52.5,3.89631120122953,0,0,0.540036010742188,1.63,0,-5399.92822265625
100000000000000000000000,1,921125000,0,-56.5,2.06780610206984,0,0,0.540036010742188,1.63,0,-5399.92822265625
100000000000000000000002,1,921125000,0,-42.5,5.79844737820772,0,0,0.540036010742188,1.63,0,-5399.92822265625
100000000000000000000003,1,921125000,0,-45.5,2.41141779855623,0,0,0.540036010742188,1.63,0,-5399.92822265625
100000000000000000000001,1,921125000,0,-44.5,2.87774795807346,0,0,0.540036010742188,1.63,0,-5399.92822265625
100000000000000000000004,1,921125000,0,-52,3.90244712438107,0,0,0.540036010742188,1.63,0,-5399.92822265625
100000000000000000000003,1,921125000,0,-46,2.41141779855623,0,0,0.540036010742188,1.63,0,-5399.92822265625
100000000000000000000000,1,921125000,0,-56.5,2.11075756413064,0,0,0.540036010742188,1.63,0,-5399.92822265625
100000000000000000000002,1,921125000,0,-42.5,5.77390368560155,0,0,0.540036010742188,1.63,0,-5399.92822265625
100000000000000000000001,1,921125000,0,-44.5,2.89001980437655,0,0,0.540036010742188,1.63,0,-5399.92822265625
100000000000000000000004,1,921125000,0,-52.5,3.94539858644187,0,0,0.540036010742188,1.63,0,-5399.92822265625
100000000000000000000003,1,921125000,0,-46,2.41141779855623,0,0,0.540036010742188,1.63,0,-5399.92822265625
100000000000000000000000,1,921125000,0,-56.5,2.1046216409791,0,0,0.540036010742188,1.63,0,-5399.92822265625
100000000000000000000004,1,921125000,0,-52.5,3.9208548938357,0,0,0.540036010742188,1.63,0,-5399.92822265625
100000000000000000000002,1,921125000,0,-42.5,5.79231145505618,0,0,0.540036010742188,1.63,0,-5399.92822265625
100000000000000000000001,1,921125000,0,-44.5,2.89001980437655,0,0,0.540036010742188,1.63,0,-5399.92822265625
100000000000000000000000,1,921125000,0,-56.5,2.1046216409791,0,0,0.540036010742188,1.63,0,-5399.92822265625
100000000000000000000003,1,921125000,0,-46,2.4359614911624,0,0,0.540036010742188,1.63,0,-5399.92822265625
100000000000000000000002,1,921125000,0,-42.5,5.77390368560155,0,0,0.540036010742188,1.63,0,-5399.92822265625
100000000000000000000001,1,921125000,0,-44.5,2.88388388122501,0,0,0.540036010742188,1.63,0,-5399.92822265625
100000000000000000000004,1,921125000,0,-52.5,3.9208548938357,0,0,0.540036010742188,1.63,0,-5399.92822265625
100000000000000000000001,1,921125000,0,-44.5,2.89001980437655,0,0,0.540036010742188,1.63,0,-5399.92822265625
100000000000000000000000,1,921125000,0,-56.5,2.06780610206984,0,0,0.540036010742188,1.63,0,-5399.92822265625
100000000000000000000004,1,921125000,0,-52.5,3.92699081698724,0,0,0.540036010742188,1.63,0,-5399.92822265625
100000000000000000000003,1,921125000,0,-46,2.40528187540469,0,0,0.540036010742188,1.63,0,-5399.92822265625
100000000000000000000002,1,921125000,0,-42.5,5.77390368560155,0,0,0.540036010742188,1.63,0,-5399.92822265625
100000000000000000000000,1,921125000,0,-56.5,2.09234979467601,0,0,0.540036010742188,1.63,0,-5399.92822265625
100000000000000000000001,1,921125000,0,-44.5,2.88388388122501,0,0,0.540036010742188,1.63,0,-5399.92822265625
100000000000000000000002,1,921125000,0,-42.5,5.78617553190464,0,0,0.540036010742188,1.63,0,-5399.92822265625
100000000000000000000004,1,921125000,0,-52,3.90244712438107,0,0,0.540036010742188,1.63,0,-5399.92822265625
100000000000000000000003,1,921125000,0,-46,2.42982556801086,0,0,0.540036010742188,1.63,0,-5399.92822265625
100000000000000000000001,1,921125000,0,-44.5,2.90229165067963,0,0,0.540036010742188,1.63,0,-5399.92822265625
100000000000000000000000,1,921125000,0,-56.5,2.06780610206984,0,0,0.540036010742188,1.63,0,-5399.92822265625
100000000000000000000004,1,921125000,0,-52.5,3.90858304753261,0,0,0.540036010742188,1.63,0,-5399.92822265625
100000000000000000000002,1,921125000,0,-42.5,5.77390368560155,0,0,0.540036010742188,1.63,0,-5399.92822265625
100000000000000000000003,1,921125000,0,-46,2.41141779855623,0,0,0.540036010742188,1.63,0,-5399.92822265625
100000000000000000000000,1,921125000,0,-57,2.0616701789183,0,0,0.540036010742188,1.63,0,-5399.92822265625
100000000000000000000003,1,921125000,0,-46,2.41141779855623,0,0,0.540036010742188,1.63,0,-5399.92822265625
100000000000000000000001,1,921125000,0,-44.5,2.89001980437655,0,0,0.540036010742188,1.63,0,-5399.92822265625
100000000000000000000002,1,921125000,0,-42.5,5.7800396087531,0,0,0.540036010742188,1.63,0,-5399.92822265625
100000000000000000000004,1,921125000,0,-52.5,3.9208548938357,0,0,0.540036010742188,1.63,0,-5399.92822265625
100000000000000000000003,1,921125000,0,-46,2.42368964485931,0,0,0.540036010742188,1.63,0,-5399.92822265625
100000000000000000000000,1,921125000,0,-57,2.08621387152447,0,0,0.540036010742188,1.63,0,-5399.92822265625
100000000000000000000004,1,921125000,0,-52.5,3.93926266329033,0,0,0.540036010742188,1.63,0,-5399.92822265625
100000000000000000000002,1,921125000,0,-42.5,5.80458330135927,0,0,0.540036010742188,1.63,0,-5399.92822265625
100000000000000000000001,1,921125000,0,-44.5,2.88388388122501,0,0,0.540036010742188,1.63,0,-5399.92822265625
100000000000000000000002,1,921125000,0,-42.5,5.77390368560155,0,0,0.540036010742188,1.63,0,-5399.92822265625
100000000000000000000000,1,921125000,0,-57,2.0616701789183,0,0,0.540036010742188,1.63,0,-5399.92822265625
100000000000000000000004,1,921125000,0,-52.5,3.92699081698724,0,0,0.540036010742188,1.63,0,-5399.92822265625
100000000000000000000003,1,921125000,0,-46,2.42368964485931,0,0,0.540036010742188,1.63,0,-5399.92822265625
100000000000000000000001,1,921125000,0,-44.5,2.88388388122501,0,0,0.540036010742188,1.63,0,-5399.92822265625
100000000000000000000000,1,921125000,0,-56.5,2.07394202522139,0,0,0.540036010742188,1.63,0,-5399.92822265625
100000000000000000000003,1,921125000,0,-46,2.42368964485931,0,0,0.540036010742188,1.63,0,-5399.92822265625
100000000000000000000001,1,921125000,0,-44.5,2.89001980437655,0,0,0.540036010742188,1.63,0,-5399.92822265625
100000000000000000000002,1,921125000,0,-42.5,5.80458330135927,0,0,0.540036010742188,1.63,0,-5399.92822265625
100000000000000000000004,1,921125000,0,-52.5,3.94539858644187,0,0,0.540036010742188,1.63,0,-5399.92822265625
100000000000000000000004,1,921125000,0,-52.5,3.95153450959341,0,0,0.540036010742188,1.63,0,-5399.92822265625
100000000000000000000003,1,921125000,0,-46,2.40528187540469,0,0,0.540036010742188,1.63,0,-5399.92822265625
100000000000000000000000,1,921125000,0,-56.5,2.04939833261522,0,0,0.540036010742188,1.63,0,-5399.92822265625
100000000000000000000002,1,921125000,0,-42.5,5.76776776245001,0,0,0.540036010742188,1.63,0,-5399.92822265625
100000000000000000000001,1,921125000,0,-44.5,2.89001980437655,0,0,0.540036010742188,1.63,0,-5399.92822265625
