epc,antennaIndex,frequency,time,RSSI,phase,dopplerShift,velocity,x,y,z,angle
100000000000000000000003,1,920625000,0,-46.5,5.97025322645092,0,0,0.280023986816406,1.63,0,-5399.904296875
100000000000000000000001,1,920625000,0,-48,2.49118479952628,0,0,0.280023986816406,1.63,0,-5399.904296875
100000000000000000000002,1,920625000,0,-45,1.42967009430942,0,0,0.280023986816406,1.63,0,-5399.904296875
100000000000000000000000,1,920625000,0,-48,3.65087427516783,0,0,0.280023986816406,1.63,0,-5399.904296875
100000000000000000000004,1,920625000,0,-53.5,5.08054436947724,0,0,0.280023986816406,1.63,0,-5399.904296875
100000000000000000000001,1,920625000,0,-48,2.44209741431394,0,0,0.280023986816406,1.63,0,-5399.904296875
100000000000000000000003,1,920625000,0,-46.5,5.99479691905709,0,0,0.280023986816406,1.63,0,-5399.904296875
100000000000000000000002,1,920625000,0,-45,1.4419419406125,0,0,0.280023986816406,1.63,0,-5399.904296875
100000000000000000000004,1,920625000,0,-53.5,5.09895213893187,0,0,0.280023986816406,1.63,0,-5399.904296875
100000000000000000000000,1,920625000,0,-48,3.64473835201628,0,0,0.280023986816406,1.63,0,-5399.904296875
100000000000000000000004,1,920625000,0,-53,5.09281621578033,0,0,0.280023986816406,1.63,0,-5399.904296875
100000000000000000000002,1,920625000,0,-45.5,1.43580601746096,0,0,0.280023986816406,1.63,0,-5399.904296875
100000000000000000000001,1,920625000,0,-48,2.45436926061703,0,0,0.280023986816406,1.63,0,-5399.904296875
100000000000000000000000,1,920625000,0,-48,3.62633058256166,0,0,0.280023986816406,1.63,0,-5399.904296875
100000000000000000000003,1,920625000,0,-46.5,5.98866099590554,0,0,0.280023986816406,1.63,0,-5399.904296875
100000000000000000000003,1,920625000,0,-46.5,6.00093284220863,0,0,0.280023986816406,1.63,0,-5399.904296875
100000000000000000000000,1,920625000,0,-48,3.63860242886474,0,0,0.280023986816406,1.63,0,-5399.904296875
100000000000000000000001,1,920625000,0,-48,2.44209741431394,0,0,0.280023986816406,1.63,0,-5399.904296875
100000000000000000000002,1,920625000,0,-45.5,1.43580601746096,0,0,0.280023986816406,1.63,0,-5399.904296875
100000000000000000000004,1,920625000,0,-53.5,5.08054436947724,0,0,0.280023986816406,1.63,0,-5399.904296875
100000000000000000000003,1,920625000,0,-46.5,6.00093284220863,0,0,0.280023986816406,1.63,0,-5399.904296875
100000000000000000000000,1,920625000,0,-48,3.64473835201628,0,0,0.280023986816406,1.63,0,-5399.904296875
100000000000000000000004,1,920625000,0,-53.5,5.08668029262879,0,0,0.280023986816406,1.63,0,-5399.904296875
100000000000000000000001,1,920625000,0,-48,2.49118479952628,0,0,0.280023986816406,1.63,0,-5399.904296875
100000000000000000000002,1,920625000,0,-45.5,1.43580601746096,0,0,0.280023986816406,1.63,0,-5399.904296875
100000000000000000000002,1,920625000,0,-45.5,1.43580601746096,0,0,0.280023986816406,1.63,0,-5399.904296875
100000000000000000000003,1,920625000,0,-46,6.00093284220863,0,0,0.280023986816406,1.63,0,-5399.904296875
100000000000000000000001,1,920625000,0,-48,2.42982556801086,0,0,0.280023986816406,1.63,0,-5399.904296875
100000000000000000000000,1,920625000,0,-48,3.6324665057132,0,0,0.280023986816406,1.63,0,-5399.904296875
100000000000000000000004,1,920625000,0,-53.5,5.09895213893187,0,0,0.280023986816406,1.63,0,-5399.904296875
100000000000000000000003,1,920625000,0,-46.5,5.99479691905709,0,0,0.280023986816406,1.63,0,-5399.904296875
100000000000000000000000,1,920625000,0,-48,3.63860242886474,0,0,0.280023986816406,1.63,0,-5399.904296875
100000000000000000000002,1,920625000,0,-45.5,1.42967009430942,0,0,0.280023986816406,1.63,0,-5399.904296875
100000000000000000000004,1,920625000,0,-53.5,5.09895213893187,0,0,0.280023986816406,1.63,0,-5399.904296875
100000000000000000000001,1,920625000,0,-48,2.46664110692011,0,0,0.280023986816406,1.63,0,-5399.904296875
100000000000000000000004,1,920625000,0,-53,5.11122398523496,0,0,0.280023986816406,1.63,0,-5399.904296875
100000000000000000000001,1,920625000,0,-48,2.45436926061703,0,0,0.280023986816406,1.63,0,-5399.904296875
100000000000000000000000,1,920625000,0,-48,3.6324665057132,0,0,0.280023986816406,1.63,0,-5399.904296875
100000000000000000000002,1,920625000,0,-45.5,1.4419419406125,0,0,0.280023986816406,1.63,0,-5399.904296875
100000000000000000000003,1,920625000,0,-46.5,5.99479691905709,0,0,0.280023986816406,1.63,0,-5399.904296875
100000000000000000000001,1,920625000,0,-48,2.42982556801086,0,0,0.280023986816406,1.63,0,-5399.904296875
100000000000000000000002,1,920625000,0,-45.5,1.42967009430942,0,0,0.280023986816406,1.63,0,-5399.904296875
100000000000000000000000,1,920625000,0,-48,3.62019465941011,0,0,0.280023986816406,1.63,0,-5399.904296875
100000000000000000000003,1,920625000,0,-46.5,5.982525072754,0,0,0.280023986816406,1.63,0,-5399.904296875
100000000000000000000004,1,920625000,0,-53.5,5.09895213893187,0,0,0.280023986816406,1.63,0,-5399.904296875
100000000000000000000003,1,920625000,0,-46.5,6.00093284220863,0,0,0.280023986816406,1.63,0,-5399.904296875
100000000000000000000001,1,920625000,0,-48,2.42982556801086,0,0,0.280023986816406,1.63,0,-5399.904296875
100000000000000000000002,1,920625000,0,-45.5,1.45421378691559,0,0,0.280023986816406,1.63,0,-5399.904296875
100000000000000000000000,1,920625000,0,-48,3.62633058256166,0,0,0.280023986816406,1.63,0,-5399.904296875
100000000000000000000004,1,920625000,0,-53,5.13576767784113,0,0,0.280023986816406,1.63,0,-5399.904296875
100000000000000000000002,1,920625000,0,-45.5,1.4419419406125,0,0,0.280023986816406,1.63,0,-5399.904296875
100000000000000000000001,1,920625000,0,-48,2.42982556801086,0,0,0.280023986816406,1.63,0,-5399.904296875
100000000000000000000004,1,920625000,0,-53.5,5.10508806208341,0,0,0.280023986816406,1.63,0,-5399.904296875
100000000000000000000003,1,920625000,0,-46.5,6.01320468851171,0,0,0.280023986816406,1.63,0,-5399.904296875
100000000000000000000000,1,920625000,0,-48,3.60792281310703,0,0,0.280023986816406,1.63,0,-5399.904296875
100000000000000000000003,1,920625000,0,-46.5,5.98866099590554,0,0,0.280023986816406,1.63,0,-5399.904296875
100000000000000000000000,1,920625000,0,-48,3.62633058256166,0,0,0.280023986816406,1.63,0,-5399.904296875
100000000000000000000001,1,920625000,0,-48,2.42368964485931,0,0,0.280023986816406,1.63,0,-5399.904296875
100000000000000000000002,1,920625000,0,-45.5,1.42967009430942,0,0,0.280023986816406,1.63,0,-5399.904296875
100000000000000000000004,1,920625000,0,-53.5,5.11122398523496,0,0,0.280023986816406,1.63,0,-5399.904296875
100000000000000000000001,1,920625000,0,-48,2.46664110692011,0,0,0.280023986816406,1.63,0,-5399.904296875
100000000000000000000000,1,920625000,0,-48,3.63860242886474,0,0,0.280023986816406,1.63,0,-5399.904296875
100000000000000000000002,1,920625000,0,-45,1.44807786376405,0,0,0.280023986816406,1.63,0,-5399.904296875
100000000000000000000003,1,920625000,0,-46.5,5.98866099590554,0,0,0.280023986816406,1.63,0,-5399.904296875
100000000000000000000004,1,920625000,0,-53.5,5.08668029262879,0,0,0.280023986816406,1.63,0,-5399.904296875
100000000000000000000003,1,920625000,0,-46.5,6.00093284220863,0,0,0.280023986816406,1.63,0,-5399.904296875
100000000000000000000001,1,920625000,0,-48,2.41141779855623,0,0,0.280023986816406,1.63,0,-5399.904296875
100000000000000000000002,1,920625000,0,-45.5,1.43580601746096,0,0,0.280023986816406,1.63,0,-5399.904296875
100000000000000000000000,1,920625000,0,-48,3.62633058256166,0,0,0.280023986816406,1.63,0,-5399.904296875
100000000000000000000004,1,920625000,0,-53,5.10508806208341,0,0,0.280023986816406,1.63,0,-5399.904296875
100000000000000000000002,1,920625000,0,-45.5,1.43580601746096,0,0,0.280023986816406,1.63,0,-5399.904296875
100000000000000000000003,1,920625000,0,-46.5,6.00093284220863,0,0,0.280023986816406,1.63,0,-5399.904296875
100000000000000000000001,1,920625000,0,-48,2.44823333746548,0,0,0.280023986816406,1.63,0,-5399.904296875
100000000000000000000000,1,920625000,0,-48,3.64473835201628,0,0,0.280023986816406,1.63,0,-5399.904296875
100000000000000000000004,1,920625000,0,-53.5,5.09281621578033,0,0,0.280023986816406,1.63,0,-5399.904296875
100000000000000000000000,1,920625000,0,-48,3.62633058256166,0,0,0.280023986816406,1.63,0,-5399.904296875
100000000000000000000001,1,920625000,0,-48,2.42368964485931,0,0,0.280023986816406,1.63,0,-5399.904296875
100000000000000000000004,1,920625000,0,-53.5,5.09895213893187,0,0,0.280023986816406,1.63,0,-5399.904296875
100000000000000000000003,1,920625000,0,-46.5,5.982525072754,0,0,0.280023986816406,1.63,0,-5399.904296875
100000000000000000000002,1,920625000,0,-45,1.44807786376405,0,0,0.280023986816406,1.63,0,-5399.904296875
100000000000000000000000,1,920625000,0,-48,3.62633058256166,0,0,0.280023986816406,1.63,0,-5399.904296875
100000000000000000000003,1,920625000,0,-46.5,6.00093284220863,0,0,0.280023986816406,1.63,0,-5399.904296875
100000000000000000000001,1,920625000,0,-48,2.46664110692011,0,0,0.280023986816406,1.63,0,-5399.904296875
100000000000000000000004,1,920625000,0,-53.5,5.1173599083865,0,0,0.280023986816406,1.63,0,-5399.904296875
100000000000000000000002,1,920625000,0,-45,1.44807786376405,0,0,0.280023986816406,1.63,0,-5399.904296875
100000000000000000000003,1,920625000,0,-46.5,5.982525072754,0,0,0.280023986816406,1.63,0,-5399.904296875
100000000000000000000002,1,920625000,0,-45.5,1.44807786376405,0,0,0.280023986816406,1.63,0,-5399.904296875
100000000000000000000001,1,920625000,0,-48,2.44823333746548,0,0,0.280023986816406,1.63,0,-5399.904296875
100000000000000000000004,1,920625000,0,-53.5,5.10508806208341,0,0,0.280023986816406,1.63,0,-5399.904296875
100000000000000000000000,1,920625000,0,-48,3.64473835201628,0,0,0.280023986816406,1.63,0,-5399.904296875
100000000000000000000004,1,920625000,0,-53,5.06827252317416,0,0,0.280023986816406,1.63,0,-5399.904296875
100000000000000000000003,1,920625000,0,-46.5,5.99479691905709,0,0,0.280023986816406,1.63,0,-5399.904296875
100000000000000000000001,1,920625000,0,-48,2.45436926061703,0,0,0.280023986816406,1.63,0,-5399.904296875
100000000000000000000002,1,920625000,0,-45.5,1.43580601746096,0,0,0.280023986816406,1.63,0,-5399.904296875
100000000000000000000000,1,920625000,0,-48,3.66314612147091,0,0,0.280023986816406,1.63,0,-5399.904296875
100000000000000000000001,1,920625000,0,-48,2.44823333746548,0,0,0.280023986816406,1.63,0,-5399.904296875
100000000000000000000002,1,920625000,0,-45,1.45421378691559,0,0,0.280023986816406,1.63,0,-5399.904296875
100000000000000000000003,1,920625000,0,-46.5,5.99479691905709,0,0,0.280023986816406,1.63,0,-5399.904296875
100000000000000000000000,1,920625000,0,-48,3.63860242886474,0,0,0.280023986816406,1.63,0,-5399.904296875
100000000000000000000004,1,920625000,0,-53.5,5.06213660002262,0,0,0.280023986816406,1.63,0,-5399.904296875
100000000000000000000001,1,920625000,0,-48,2.4359614911624,0,0,0.280023986816406,1.63,0,-5399.904296875
100000000000000000000000,1,920625000,0,-48,3.62019465941011,0,0,0.280023986816406,1.63,0,-5399.904296875
100000000000000000000004,1,920625000,0,-53.5,5.08668029262879,0,0,0.280023986816406,1.63,0,-5399.904296875
100000000000000000000002,1,920625000,0,-45.5,1.44807786376405,0,0,0.280023986816406,1.63,0,-5399.904296875
100000000000000000000003,1,920625000,0,-46.5,5.98866099590554,0,0,0.280023986816406,1.63,0,-5399.904296875
100000000000000000000000,1,920625000,0,-48,3.63860242886474,0,0,0.280023986816406,1.63,0,-5399.904296875
100000000000000000000003,1,920625000,0,-46.5,6.00706876536017,0,0,0.280023986816406,1.63,0,-5399.904296875
100000000000000000000001,1,920625000,0,-48,2.44823333746548,0,0,0.280023986816406,1.63,0,-5399.904296875
100000000000000000000004,1,920625000,0,-53.5,5.08054436947724,0,0,0.280023986816406,1.63,0,-5399.904296875
100000000000000000000002,1,920625000,0,-45.5,1.4419419406125,0,0,0.280023986816406,1.63,0,-5399.904296875
100000000000000000000002,1,920625000,0,-45.5,1.42967009430942,0,0,0.280023986816406,1.63,0,-5399.904296875
100000000000000000000001,1,920625000,0,-48,2.45436926061703,0,0,0.280023986816406,1.63,0,-5399.904296875
100000000000000000000003,1,920625000,0,-46.5,6.01320468851171,0,0,0.280023986816406,1.63,0,-5399.904296875
100000000000000000000000,1,920625000,0,-48,3.64473835201628,0,0,0.280023986816406,1.63,0,-5399.904296875
100000000000000000000004,1,920625000,0,-53,5.12349583153804,0,0,0.280023986816406,1.63,0,-5399.904296875
100000000000000000000004,1,920625000,0,-53.5,5.08668029262879,0,0,0.280023986816406,1.63,0,-5399.904296875
100000000000000000000002,1,920625000,0,-45,1.44807786376405,0,0,0.280023986816406,1.63,0,-5399.904296875
100000000000000000000001,1,920625000,0,-48,2.44209741431394,0,0,0.280023986816406,1.63,0,-5399.904296875
100000000000000000000003,1,920625000,0,-46.5,5.98866099590554,0,0,0.280023986816406,1.63,0,-5399.904296875
100000000000000000000000,1,920625000,0,-48,3.62633058256166,0,0,0.280023986816406,1.63,0,-5399.904296875
100000000000000000000003,1,920625000,0,-46.5,6.00706876536017,0,0,0.280023986816406,1.63,0,-5399.904296875
100000000000000000000000,1,920625000,0,-48,3.62633058256166,0,0,0.280023986816406,1.63,0,-5399.904296875
100000000000000000000004,1,920625000,0,-53.5,5.09281621578033,0,0,0.280023986816406,1.63,0,-5399.904296875
100000000000000000000002,1,920625000,0,-45,1.4419419406125,0,0,0.280023986816406,1.63,0,-5399.904296875
100000000000000000000001,1,920625000,0,-48,2.42982556801086,0,0,0.280023986816406,1.63,0,-5399.904296875
100000000000000000000003,1,920625000,0,-46.5,6.00093284220863,0,0,0.280023986816406,1.63,0,-5399.904296875
100000000000000000000001,1,920625000,0,-48,2.44209741431394,0,0,0.280023986816406,1.63,0,-5399.904296875
100000000000000000000000,1,920625000,0,-48,3.6324665057132,0,0,0.280023986816406,1.63,0,-5399.904296875
100000000000000000000002,1,920625000,0,-45,1.43580601746096,0,0,0.280023986816406,1.63,0,-5399.904296875
100000000000000000000004,1,920625000,0,-53.5,5.06827252317416,0,0,0.280023986816406,1.63,0,-5399.904296875
100000000000000000000000,1,920625000,0,-48,3.6324665057132,0,0,0.280023986816406,1.63,0,-5399.904296875
100000000000000000000003,1,920625000,0,-46.5,5.98866099590554,0,0,0.280023986816406,1.63,0,-5399.904296875
100000000000000000000004,1,920625000,0,-53.5,5.06213660002262,0,0,0.280023986816406,1.63,0,-5399.904296875
100000000000000000000002,1,920625000,0,-45.5,1.44807786376405,0,0,0.280023986816406,1.63,0,-5399.904296875
100000000000000000000001,1,920625000,0,-48,2.44823333746548,0,0,0.280023986816406,1.63,0,-5399.904296875
100000000000000000000001,1,920625000,0,-48,2.44209741431394,0,0,0.280023986816406,1.63,0,-5399.904296875
100000000000000000000004,1,920625000,0,-53.5,5.05600067687107,0,0,0.280023986816406,1.63,0,-5399.904296875
100000000000000000000002,1,920625000,0,-45.5,1.44807786376405,0,0,0.280023986816406,1.63,0,-5399.904296875
100000000000000000000003,1,920625000,0,-46.5,5.98866099590554,0,0,0.280023986816406,1.63,0,-5399.904296875
100000000000000000000000,1,920625000,0,-48,3.62633058256166,0,0,0.280023986816406,1.63,0,-5399.904296875
100000000000000000000003,1,920625000,0,-46.5,5.98866099590554,0,0,0.280023986816406,1.63,0,-5399.904296875
100000000000000000000004,1,920625000,0,-53.5,5.09895213893187,0,0,0.280023986816406,1.63,0,-5399.904296875
100000000000000000000002,1,920625000,0,-45.5,1.43580601746096,0,0,0.280023986816406,1.63,0,-5399.904296875
100000000000000000000000,1,920625000,0,-48,3.60178688995549,0,0,0.280023986816406,1.63,0,-5399.904296875
100000000000000000000001,1,920625000,0,-48,2.4359614911624,0,0,0.280023986816406,1.63,0,-5399.904296875
100000000000000000000002,1,920625000,0,-45.5,1.44807786376405,0,0,0.280023986816406,1.63,0,-5399.904296875
100000000000000000000000,1,920625000,0,-48,3.6324665057132,0,0,0.280023986816406,1.63,0,-5399.904296875
100000000000000000000004,1,920625000,0,-53.5,5.0744084463257,0,0,0.280023986816406,1.63,0,-5399.904296875
100000000000000000000003,1,920625000,0,-46.5,6.00093284220863,0,0,0.280023986816406,1.63,0,-5399.904296875
100000000000000000000001,1,920625000,0,-48,2.41755372170777,0,0,0.280023986816406,1.63,0,-5399.904296875
100000000000000000000000,1,920625000,0,-48,3.62633058256166,0,0,0.280023986816406,1.63,0,-5399.904296875
100000000000000000000001,1,920625000,0,-48,2.45436926061703,0,0,0.280023986816406,1.63,0,-5399.904296875
100000000000000000000003,1,920625000,0,-46.5,6.00093284220863,0,0,0.280023986816406,1.63,0,-5399.904296875
100000000000000000000004,1,920625000,0,-53.5,5.09895213893187,0,0,0.280023986816406,1.63,0,-5399.904296875
100000000000000000000002,1,920625000,0,-45,1.43580601746096,0,0,0.280023986816406,1.63,0,-5399.904296875
100000000000000000000002,1,920625000,0,-45.5,1.42967009430942,0,0,0.280023986816406,1.63,0,-5399.904296875
100000000000000000000001,1,920625000,0,-48,2.46664110692011,0,0,0.280023986816406,1.63,0,-5399.904296875
100000000000000000000004,1,920625000,0,-53,5.1173599083865,0,0,0.280023986816406,1.63,0,-5399.904296875
100000000000000000000003,1,920625000,0,-46.5,6.00706876536017,0,0,0.280023986816406,1.63,0,-5399.904296875
100000000000000000000000,1,920625000,0,-48,3.65087427516783,0,0,0.280023986816406,1.63,0,-5399.904296875
100000000000000000000000,1,920625000,0,-48,3.62019465941011,0,0,0.280023986816406,1.63,0,-5399.904296875
100000000000000000000001,1,920625000,0,-48,2.4359614911624,0,0,0.280023986816406,1.63,0,-5399.904296875
100000000000000000000002,1,920625000,0,-45,1.44807786376405,0,0,0.280023986816406,1.63,0,-5399.904296875
100000000000000000000003,1,920625000,0,-46.5,6.00093284220863,0,0,0.280023986816406,1.63,0,-5399.904296875
100000000000000000000004,1,920625000,0,-53.5,5.08054436947724,0,0,0.280023986816406,1.63,0,-5399.904296875
100000000000000000000002,1,920625000,0,-45.5,1.45421378691559,0,0,0.280023986816406,1.63,0,-5399.904296875
100000000000000000000001,1,920625000,0,-48,2.4359614911624,0,0,0.280023986816406,1.63,0,-5399.904296875
100000000000000000000000,1,920625000,0,-48,3.60178688995549,0,0,0.280023986816406,1.63,0,-5399.904296875
100000000000000000000003,1,920625000,0,-46.5,5.98866099590554,0,0,0.280023986816406,1.63,0,-5399.904296875
100000000000000000000004,1,920625000,0,-53.5,5.12349583153804,0,0,0.280023986816406,1.63,0,-5399.904296875
100000000000000000000002,1,920625000,0,-45,1.4419419406125,0,0,0.280023986816406,1.63,0,-5399.904296875
100000000000000000000003,1,920625000,0,-46,5.97638914960246,0,0,0.280023986816406,1.63,0,-5399.904296875
100000000000000000000004,1,920625000,0,-53.5,5.08054436947724,0,0,0.280023986816406,1.63,0,-5399.904296875
100000000000000000000000,1,920625000,0,-48,3.63860242886474,0,0,0.280023986816406,1.63,0,-5399.904296875
100000000000000000000001,1,920625000,0,-48,2.4359614911624,0,0,0.280023986816406,1.63,0,-5399.904296875
100000000000000000000002,1,920625000,0,-45,1.4419419406125,0,0,0.280023986816406,1.63,0,-5399.904296875
100000000000000000000003,1,920625000,0,-46.5,6.00093284220863,0,0,0.280023986816406,1.63,0,-5399.904296875
100000000000000000000000,1,920625000,0,-48,3.61405873625857,0,0,0.280023986816406,1.63,0,-5399.904296875
100000000000000000000001,1,920625000,0,-48,2.42368964485931,0,0,0.280023986816406,1.63,0,-5399.904296875
100000000000000000000004,1,920625000,0,-53.5,5.10508806208341,0,0,0.280023986816406,1.63,0,-5399.904296875
100000000000000000000004,1,920625000,0,-53.5,5.09895213893187,0,0,0.280023986816406,1.63,0,-5399.904296875
100000000000000000000002,1,920625000,0,-45.5,1.4419419406125,0,0,0.280023986816406,1.63,0,-5399.904296875
100000000000000000000000,1,920625000,0,-48,3.6324665057132,0,0,0.280023986816406,1.63,0,-5399.904296875
100000000000000000000001,1,920625000,0,-48,2.44209741431394,0,0,0.280023986816406,1.63,0,-5399.904296875
100000000000000000000003,1,920625000,0,-46.5,5.99479691905709,0,0,0.280023986816406,1.63,0,-5399.904296875
100000000000000000000004,1,920625000,0,-53,5.08668029262879,0,0,0.280023986816406,1.63,0,-5399.904296875
100000000000000000000002,1,920625000,0,-45.5,1.43580601746096,0,0,0.280023986816406,1.63,0,-5399.904296875
100000000000000000000003,1,920625000,0,-46.5,5.99479691905709,0,0,0.280023986816406,1.63,0,-5399.904296875
100000000000000000000001,1,920625000,0,-48,2.46050518376857,0,0,0.280023986816406,1.63,0,-5399.904296875
100000000000000000000000,1,920625000,0,-48,3.63860242886474,0,0,0.280023986816406,1.63,0,-5399.904296875
100000000000000000000004,1,920625000,0,-53,5.05600067687107,0,0,0.280023986816406,1.63,0,-5399.904296875
100000000000000000000000,1,920625000,0,-48,3.62633058256166,0,0,0.280023986816406,1.63,0,-5399.904296875
100000000000000000000002,1,920625000,0,-45,1.44807786376405,0,0,0.280023986816406,1.63,0,-5399.904296875
100000000000000000000003,1,920625000,0,-46.5,6.00093284220863,0,0,0.280023986816406,1.63,0,-5399.904296875
100000000000000000000001,1,920625000,0,-48,2.44823333746548,0,0,0.280023986816406,1.63,0,-5399.904296875
100000000000000000000004,1,920625000,0,-53.5,5.10508806208341,0,0,0.280023986816406,1.63,0,-5399.904296875
100000000000000000000002,1,920625000,0,-45.5,1.42967009430942,0,0,0.280023986816406,1.63,0,-5399.904296875
100000000000000000000000,1,920625000,0,-48,3.62019465941011,0,0,0.280023986816406,1.63,0,-5399.904296875
100000000000000000000003,1,920625000,0,-46.5,5.98866099590554,0,0,0.280023986816406,1.63,0,-5399.904296875
100000000000000000000001,1,920625000,0,-48,2.44209741431394,0,0,0.280023986816406,1.63,0,-5399.904296875
100000000000000000000001,1,920625000,0,-48,2.42368964485931,0,0,0.280023986816406,1.63,0,-5399.904296875
100000000000000000000000,1,920625000,0,-48,3.6324665057132,0,0,0.280023986816406,1.63,0,-5399.904296875
100000000000000000000004,1,920625000,0,-53.5,5.11122398523496,0,0,0.280023986816406,1.63,0,-5399.904296875
100000000000000000000003,1,920625000,0,-46.5,6.00093284220863,0,0,0.280023986816406,1.63,0,-5399.904296875
100000000000000000000002,1,920625000,0,-45.5,1.45421378691559,0,0,0.280023986816406,1.63,0,-5399.904296875
100000000000000000000002,1,920625000,0,-45,1.43580601746096,0,0,0.280023986816406,1.63,0,-5399.904296875
100000000000000000000001,1,920625000,0,-48,2.46050518376857,0,0,0.280023986816406,1.63,0,-5399.904296875
100000000000000000000000,1,920625000,0,-48,3.64473835201628,0,0,0.280023986816406,1.63,0,-5399.904296875
100000000000000000000003,1,920625000,0,-46.5,5.99479691905709,0,0,0.280023986816406,1.63,0,-5399.904296875
100000000000000000000004,1,920625000,0,-53.5,5.10508806208341,0,0,0.280023986816406,1.63,0,-5399.904296875
100000000000000000000001,1,920625000,0,-48,2.45436926061703,0,0,0.280023986816406,1.63,0,-5399.904296875
100000000000000000000004,1,920625000,0,-53.5,5.1173599083865,0,0,0.280023986816406,1.63,0,-5399.904296875
100000000000000000000002,1,920625000,0,-45.5,1.44807786376405,0,0,0.280023986816406,1.63,0,-5399.904296875
100000000000000000000003,1,920625000,0,-46.5,6.01320468851171,0,0,0.280023986816406,1.63,0,-5399.904296875
100000000000000000000000,1,920625000,0,-48,3.60792281310703,0,0,0.280023986816406,1.63,0,-5399.904296875
100000000000000000000003,1,920625000,0,-46.5,6.00093284220863,0,0,0.280023986816406,1.63,0,-5399.904296875
100000000000000000000001,1,920625000,0,-48,2.44823333746548,0,0,0.280023986816406,1.63,0,-5399.904296875
100000000000000000000000,1,920625000,0,-48,3.6324665057132,0,0,0.280023986816406,1.63,0,-5399.904296875
100000000000000000000004,1,920625000,0,-53.5,5.04986475371953,0,0,0.280023986816406,1.63,0,-5399.904296875
100000000000000000000002,1,920625000,0,-45,1.45421378691559,0,0,0.280023986816406,1.63,0,-5399.904296875
100000000000000000000000,1,920625000,0,-48,3.61405873625857,0,0,0.280023986816406,1.63,0,-5399.904296875
100000000000000000000002,1,920625000,0,-45.5,1.4419419406125,0,0,0.280023986816406,1.63,0,-5399.904296875
100000000000000000000001,1,920625000,0,-48,2.41141779855623,0,0,0.280023986816406,1.63,0,-5399.904296875
100000000000000000000004,1,920625000,0,-53.5,5.09281621578033,0,0,0.280023986816406,1.63,0,-5399.904296875
100000000000000000000003,1,920625000,0,-46.5,6.00093284220863,0,0,0.280023986816406,1.63,0,-5399.904296875
100000000000000000000002,1,920625000,0,-45.5,1.43580601746096,0,0,0.280023986816406,1.63,0,-5399.904296875
100000000000000000000003,1,920625000,0,-46.5,6.00706876536017,0,0,0.280023986816406,1.63,0,-5399.904296875
100000000000000000000000,1,920625000,0,-48,3.6324665057132,0,0,0.280023986816406,1.63,0,-5399.904296875
100000000000000000000001,1,920625000,0,-48,2.45436926061703,0,0,0.280023986816406,1.63,0,-5399.904296875
100000000000000000000004,1,920625000,0,-53.5,5.09895213893187,0,0,0.280023986816406,1.63,0,-5399.904296875
100000000000000000000002,1,920625000,0,-45,1.42967009430942,0,0,0.280023986816406,1.63,0,-5399.904296875
100000000000000000000003,1,920625000,0,-46.5,5.99479691905709,0,0,0.280023986816406,1.63,0,-5399.904296875
100000000000000000000001,1,920625000,0,-48,2.44209741431394,0,0,0.280023986816406,1.63,0,-5399.904296875
100000000000000000000004,1,920625000,0,-53.5,5.1173599083865,0,0,0.280023986816406,1.63,0,-5399.904296875
100000000000000000000000,1,920625000,0,-48,3.61405873625857,0,0,0.280023986816406,1.63,0,-5399.904296875
100000000000000000000002,1,920625000,0,-45.5,1.4419419406125,0,0,0.280023986816406,1.63,0,-5399.904296875
100000000000000000000003,1,920625000,0,-46.5,5.99479691905709,0,0,0.280023986816406,1.63,0,-5399.904296875
100000000000000000000000,1,920625000,0,-48,3.6324665057132,0,0,0.280023986816406,1.63,0,-5399.904296875
100000000000000000000004,1,920625000,0,-53.5,5.09895213893187,0,0,0.280023986816406,1.63,0,-5399.904296875
100000000000000000000001,1,920625000,0,-48,2.4359614911624,0,0,0.280023986816406,1.63,0,-5399.904296875
100000000000000000000000,1,920625000,0,-48,3.6324665057132,0,0,0.280023986816406,1.63,0,-5399.904296875
100000000000000000000003,1,920625000,0,-46.5,6.00093284220863,0,0,0.280023986816406,1.63,0,-5399.904296875
100000000000000000000002,1,920625000,0,-45.5,1.43580601746096,0,0,0.280023986816406,1.63,0,-5399.904296875
100000000000000000000001,1,920625000,0,-48,2.47277703007165,0,0,0.280023986816406,1.63,0,-5399.904296875
100000000000000000000004,1,920625000,0,-53.5,5.08668029262879,0,0,0.280023986816406,1.63,0,-5399.904296875
100000000000000000000002,1,920625000,0,-45,1.43580601746096,0,0,0.280023986816406,1.63,0,-5399.904296875
100000000000000000000000,1,920625000,0,-48,3.64473835201628,0,0,0.280023986816406,1.63,0,-5399.904296875
100000000000000000000001,1,920625000,0,-48,2.44209741431394,0,0,0.280023986816406,1.63,0,-5399.904296875
100000000000000000000003,1,920625000,0,-46.5,6.00093284220863,0,0,0.280023986816406,1.63,0,-5399.904296875
100000000000000000000004,1,920625000,0,-53.5,5.08054436947724,0,0,0.280023986816406,1.63,0,-5399.904296875
100000000000000000000003,1,920625000,0,-46.5,6.00706876536017,0,0,0.280023986816406,1.63,0,-5399.904296875
100000000000000000000002,1,920625000,0,-45,1.4419419406125,0,0,0.280023986816406,1.63,0,-5399.904296875
100000000000000000000004,1,920625000,0,-53,5.09895213893187,0,0,0.280023986816406,1.63,0,-5399.904296875
100000000000000000000000,1,920625000,0,-48,3.6324665057132,0,0,0.280023986816406,1.63,0,-5399.904296875
100000000000000000000001,1,920625000,0,-48,2.49118479952628,0,0,0.280023986816406,1.63,0,-5399.904296875
100000000000000000000004,1,920625000,0,-53.5,5.11122398523496,0,0,0.280023986816406,1.63,0,-5399.904296875
100000000000000000000002,1,920625000,0,-45.5,1.4419419406125,0,0,0.280023986816406,1.63,0,-5399.904296875
100000000000000000000000,1,920625000,0,-48,3.62633058256166,0,0,0.280023986816406,1.63,0,-5399.904296875
100000000000000000000003,1,920625000,0,-46.5,5.95798138014783,0,0,0.280023986816406,1.63,0,-5399.904296875
100000000000000000000001,1,920625000,0,-48,2.4359614911624,0,0,0.280023986816406,1.63,0,-5399.904296875
100000000000000000000002,1,920625000,0,-45,1.4419419406125,0,0,0.280023986816406,1.63,0,-5399.904296875
100000000000000000000004,1,920625000,0,-53.5,5.12349583153804,0,0,0.280023986816406,1.63,0,-5399.904296875
100000000000000000000000,1,920625000,0,-48,3.61405873625857,0,0,0.280023986816406,1.63,0,-5399.904296875
100000000000000000000003,1,920625000,0,-46.5,5.98866099590554,0,0,0.280023986816406,1.63,0,-5399.904296875
100000000000000000000001,1,920625000,0,-48,2.46664110692011,0,0,0.280023986816406,1.63,0,-5399.904296875
100000000000000000000003,1,920625000,0,-46.5,5.99479691905709,0,0,0.280023986816406,1.63,0,-5399.904296875
100000000000000000000000,1,920625000,0,-48,3.62019465941011,0,0,0.280023986816406,1.63,0,-5399.904296875
100000000000000000000002,1,920625000,0,-45,1.46648563321867,0,0,0.280023986816406,1.63,0,-5399.904296875
100000000000000000000001,1,920625000,0,-48,2.44823333746548,0,0,0.280023986816406,1.63,0,-5399.904296875
100000000000000000000004,1,920625000,0,-53.5,5.06213660002262,0,0,0.280023986816406,1.63,0,-5399.904296875
100000000000000000000004,1,920625000,0,-53.5,5.08668029262879,0,0,0.280023986816406,1.63,0,-5399.904296875
100000000000000000000001,1,920625000,0,-48,2.44209741431394,0,0,0.280023986816406,1.63,0,-5399.904296875
100000000000000000000002,1,920625000,0,-45,1.42967009430942,0,0,0.280023986816406,1.63,0,-5399.904296875
100000000000000000000000,1,920625000,0,-48,3.63860242886474,0,0,0.280023986816406,1.63,0,-5399.904296875
100000000000000000000003,1,920625000,0,-46.5,5.99479691905709,0,0,0.280023986816406,1.63,0,-5399.904296875
100000000000000000000001,1,920625000,0,-48,2.46050518376857,0,0,0.280023986816406,1.63,0,-5399.904296875
100000000000000000000003,1,920625000,0,-46.5,5.982525072754,0,0,0.280023986816406,1.63,0,-5399.904296875
100000000000000000000004,1,920625000,0,-53,5.09281621578033,0,0,0.280023986816406,1.63,0,-5399.904296875
100000000000000000000000,1,920625000,0,-48,3.62633058256166,0,0,0.280023986816406,1.63,0,-5399.904296875
100000000000000000000002,1,920625000,0,-45.5,1.4419419406125,0,0,0.280023986816406,1.63,0,-5399.904296875
100000000000000000000003,1,920625000,0,-46,5.98866099590554,0,0,0.280023986816406,1.63,0,-5399.904296875
100000000000000000000002,1,920625000,0,-45,1.4419419406125,0,0,0.280023986816406,1.63,0,-5399.904296875
100000000000000000000004,1,920625000,0,-53.5,5.11122398523496,0,0,0.280023986816406,1.63,0,-5399.904296875
100000000000000000000001,1,920625000,0,-48,2.42982556801086,0,0,0.280023986816406,1.63,0,-5399.904296875
100000000000000000000000,1,920625000,0,-48,3.6324665057132,0,0,0.280023986816406,1.63,0,-5399.904296875
100000000000000000000003,1,920625000,0,-46.5,6.01320468851171,0,0,0.280023986816406,1.63,0,-5399.904296875
100000000000000000000001,1,920625000,0,-48,2.4359614911624,0,0,0.280023986816406,1.63,0,-5399.904296875
100000000000000000000000,1,920625000,0,-48,3.63860242886474,0,0,0.280023986816406,1.63,0,-5399.904296875
100000000000000000000002,1,920625000,0,-45,1.4419419406125,0,0,0.280023986816406,1.63,0,-5399.904296875
100000000000000000000004,1,920625000,0,-53,5.08668029262879,0,0,0.280023986816406,1.63,0,-5399.904296875
100000000000000000000002,1,920625000,0,-45,1.44807786376405,0,0,0.280023986816406,1.63,0,-5399.904296875
100000000000000000000000,1,920625000,0,-48,3.6324665057132,0,0,0.280023986816406,1.63,0,-5399.904296875
100000000000000000000003,1,920625000,0,-46.5,5.98866099590554,0,0,0.280023986816406,1.63,0,-5399.904296875
100000000000000000000001,1,920625000,0,-48,2.44823333746548,0,0,0.280023986816406,1.63,0,-5399.904296875
100000000000000000000004,1,920625000,0,-53.5,5.09895213893187,0,0,0.280023986816406,1.63,0,-5399.904296875
100000000000000000000000,1,920625000,0,-48,3.62633058256166,0,0,0.280023986816406,1.63,0,-5399.904296875
100000000000000000000001,1,920625000,0,-48,2.45436926061703,0,0,0.280023986816406,1.63,0,-5399.904296875
100000000000000000000002,1,920625000,0,-45.5,1.44807786376405,0,0,0.280023986816406,1.63,0,-5399.904296875
100000000000000000000003,1,920625000,0,-46.5,5.99479691905709,0,0,0.280023986816406,1.63,0,-5399.904296875
100000000000000000000004,1,920625000,0,-53.5,5.11122398523496,0,0,0.280023986816406,1.63,0,-5399.904296875
100000000000000000000003,1,920625000,0,-46.5,6.01320468851171,0,0,0.280023986816406,1.63,0,-5399.904296875
100000000000000000000001,1,920625000,0,-48,2.42368964485931,0,0,0.280023986816406,1.63,0,-5399.904296875
100000000000000000000004,1,920625000,0,-53.5,5.0744084463257,0,0,0.280023986816406,1.63,0,-5399.904296875
100000000000000000000000,1,920625000,0,-48,3.62019465941011,0,0,0.280023986816406,1.63,0,-5399.904296875
100000000000000000000002,1,920625000,0,-45,1.44807786376405,0,0,0.280023986816406,1.63,0,-5399.904296875
100000000000000000000002,1,920625000,0,-45.5,1.42353417115787,0,0,0.280023986816406,1.63,0,-5399.904296875
100000000000000000000000,1,920625000,0,-48,3.60178688995549,0,0,0.280023986816406,1.63,0,-5399.904296875
100000000000000000000004,1,920625000,0,-53.5,5.0744084463257,0,0,0.280023986816406,1.63,0,-5399.904296875
100000000000000000000001,1,920625000,0,-48,2.44209741431394,0,0,0.280023986816406,1.63,0,-5399.904296875
100000000000000000000003,1,920625000,0,-46.5,5.99479691905709,0,0,0.280023986816406,1.63,0,-5399.904296875
100000000000000000000001,1,920625000,0,-48,2.44823333746548,0,0,0.280023986816406,1.63,0,-5399.904296875
100000000000000000000004,1,920625000,0,-53.5,5.09281621578033,0,0,0.280023986816406,1.63,0,-5399.904296875
100000000000000000000002,1,920625000,0,-45,1.44807786376405,0,0,0.280023986816406,1.63,0,-5399.904296875
100000000000000000000000,1,920625000,0,-48,3.59565096680394,0,0,0.280023986816406,1.63,0,-5399.904296875
100000000000000000000003,1,920625000,0,-46.5,5.99479691905709,0,0,0.280023986816406,1.63,0,-5399.904296875
100000000000000000000004,1,920625000,0,-53.5,5.09895213893187,0,0,0.280023986816406,1.63,0,-5399.904296875
100000000000000000000002,1,920625000,0,-45,1.4419419406125,0,0,0.280023986816406,1.63,0,-5399.904296875
100000000000000000000001,1,920625000,0,-48,2.45436926061703,0,0,0.280023986816406,1.63,0,-5399.904296875
100000000000000000000003,1,920625000,0,-46.5,5.99479691905709,0,0,0.280023986816406,1.63,0,-5399.904296875
100000000000000000000000,1,920625000,0,-48,3.62019465941011,0,0,0.280023986816406,1.63,0,-5399.904296875
100000000000000000000002,1,920625000,0,-45,1.4419419406125,0,0,0.280023986816406,1.63,0,-5399.904296875
100000000000000000000003,1,920625000,0,-46.5,5.982525072754,0,0,0.280023986816406,1.63,0,-5399.904296875
100000000000000000000000,1,920625000,0,-48,3.5895150436524,0,0,0.280023986816406,1.63,0,-5399.904296875
100000000000000000000004,1,920625000,0,-53.5,5.09281621578033,0,0,0.280023986816406,1.63,0,-5399.904296875
100000000000000000000001,1,920625000,0,-48,2.42982556801086,0,0,0.280023986816406,1.63,0,-5399.904296875
100000000000000000000004,1,920625000,0,-53.5,5.11122398523496,0,0,0.280023986816406,1.63,0,-5399.904296875
100000000000000000000002,1,920625000,0,-45,1.44807786376405,0,0,0.280023986816406,1.63,0,-5399.904296875
100000000000000000000003,1,920625000,0,-46.5,6.01320468851171,0,0,0.280023986816406,1.63,0,-5399.904296875
100000000000000000000001,1,920625000,0,-48,2.48504887637474,0,0,0.280023986816406,1.63,0,-5399.904296875
100000000000000000000000,1,920625000,0,-48,3.61405873625857,0,0,0.280023986816406,1.63,0,-5399.904296875
100000000000000000000003,1,920625000,0,-46,6.00093284220863,0,0,0.280023986816406,1.63,0,-5399.904296875
100000000000000000000002,1,920625000,0,-45,1.45421378691559,0,0,0.280023986816406,1.63,0,-5399.904296875
100000000000000000000004,1,920625000,0,-53.5,5.08668029262879,0,0,0.280023986816406,1.63,0,-5399.904296875
100000000000000000000001,1,920625000,0,-48,2.45436926061703,0,0,0.280023986816406,1.63,0,-5399.904296875
100000000000000000000000,1,920625000,0,-48,3.5895150436524,0,0,0.280023986816406,1.63,0,-5399.904296875
100000000000000000000002,1,920625000,0,-45,1.4419419406125,0,0,0.280023986816406,1.63,0,-5399.904296875
100000000000000000000001,1,920625000,0,-48,2.42982556801086,0,0,0.280023986816406,1.63,0,-5399.904296875
100000000000000000000003,1,920625000,0,-46.5,5.98866099590554,0,0,0.280023986816406,1.63,0,-5399.904296875
100000000000000000000004,1,920625000,0,-53.5,5.08054436947724,0,0,0.280023986816406,1.63,0,-5399.904296875
100000000000000000000000,1,920625000,0,-48,3.62633058256166,0,0,0.280023986816406,1.63,0,-5399.904296875
100000000000000000000001,1,920625000,0,-48,2.42982556801086,0,0,0.280023986816406,1.63,0,-5399.904296875
100000000000000000000004,1,920625000,0,-53.5,5.09895213893187,0,0,0.280023986816406,1.63,0,-5399.904296875
100000000000000000000002,1,920625000,0,-45,1.44807786376405,0,0,0.280023986816406,1.63,0,-5399.904296875
100000000000000000000003,1,920625000,0,-46.5,5.99479691905709,0,0,0.280023986816406,1.63,0,-5399.904296875
100000000000000000000000,1,920625000,0,-48,3.61405873625857,0,0,0.280023986816406,1.63,0,-5399.904296875
100000000000000000000000,1,920625000,0,-48,3.62633058256166,0,0,0.280023986816406,1.63,0,-5399.904296875
100000000000000000000004,1,920625000,0,-53.5,5.12963175468958,0,0,0.280023986816406,1.63,0,-5399.904296875
100000000000000000000001,1,920625000,0,-48,2.42368964485931,0,0,0.280023986816406,1.63,0,-5399.904296875
100000000000000000000002,1,920625000,0,-45.5,1.4419419406125,0,0,0.280023986816406,1.63,0,-5399.904296875
100000000000000000000003,1,920625000,0,-46.5,6.01320468851171,0,0,0.280023986816406,1.63,0,-5399.904296875
100000000000000000000004,1,920625000,0,-53.5,5.06213660002262,0,0,0.280023986816406,1.63,0,-5399.904296875
100000000000000000000000,1,920625000,0,-48,3.61405873625857,0,0,0.280023986816406,1.63,0,-5399.904296875
100000000000000000000003,1,920625000,0,-46.5,6.01320468851171,0,0,0.280023986816406,1.63,0,-5399.904296875
100000000000000000000002,1,920625000,0,-45.5,1.44807786376405,0,0,0.280023986816406,1.63,0,-5399.904296875
100000000000000000000001,1,920625000,0,-48,2.42982556801086,0,0,0.280023986816406,1.63,0,-5399.904296875
100000000000000000000004,1,920625000,0,-53.5,5.1173599083865,0,0,0.280023986816406,1.63,0,-5399.904296875
100000000000000000000003,1,920625000,0,-46.5,6.00093284220863,0,0,0.280023986816406,1.63,0,-5399.904296875
100000000000000000000000,1,920625000,0,-48,3.64473835201628,0,0,0.280023986816406,1.63,0,-5399.904296875
100000000000000000000001,1,920625000,0,-48,2.45436926061703,0,0,0.280023986816406,1.63,0,-5399.904296875
100000000000000000000002,1,920625000,0,-45.5,1.43580601746096,0,0,0.280023986816406,1.63,0,-5399.904296875
100000000000000000000002,1,920625000,0,-45,1.4419419406125,0,0,0.280023986816406,1.63,0,-5399.904296875
100000000000000000000000,1,920625000,0,-48,3.62633058256166,0,0,0.280023986816406,1.63,0,-5399.904296875
100000000000000000000004,1,920625000,0,-53.5,5.08054436947724,0,0,0.280023986816406,1.63,0,-5399.904296875
100000000000000000000001,1,920625000,0,-48,2.45436926061703,0,0,0.280023986816406,1.63,0,-5399.904296875
100000000000000000000003,1,920625000,0,-46.5,5.98866099590554,0,0,0.280023986816406,1.63,0,-5399.904296875
100000000000000000000002,1,920625000,0,-45,1.44807786376405,0,0,0.280023986816406,1.63,0,-5399.904296875
100000000000000000000001,1,920625000,0,-48,2.42368964485931,0,0,0.280023986816406,1.63,0,-5399.904296875
100000000000000000000003,1,920625000,0,-46.5,6.00706876536017,0,0,0.280023986816406,1.63,0,-5399.904296875
100000000000000000000004,1,920625000,0,-53.5,5.10508806208341,0,0,0.280023986816406,1.63,0,-5399.904296875
100000000000000000000000,1,920625000,0,-48,3.62019465941011,0,0,0.280023986816406,1.63,0,-5399.904296875
100000000000000000000004,1,920625000,0,-53.5,5.09281621578033,0,0,0.280023986816406,1.63,0,-5399.904296875
100000000000000000000003,1,920625000,0,-46.5,6.01320468851171,0,0,0.280023986816406,1.63,0,-5399.904296875
100000000000000000000002,1,920625000,0,-45.5,1.45421378691559,0,0,0.280023986816406,1.63,0,-5399.904296875
100000000000000000000001,1,920625000,0,-48,2.46050518376857,0,0,0.280023986816406,1.63,0,-5399.904296875
100000000000000000000000,1,920625000,0,-48,3.62633058256166,0,0,0.280023986816406,1.63,0,-5399.904296875
100000000000000000000000,1,920625000,0,-48,3.60792281310703,0,0,0.280023986816406,1.63,0,-5399.904296875
100000000000000000000001,1,920625000,0,-48,2.44823333746548,0,0,0.280023986816406,1.63,0,-5399.904296875
100000000000000000000002,1,920625000,0,-45,1.46648563321867,0,0,0.280023986816406,1.63,0,-5399.904296875
100000000000000000000003,1,920625000,0,-46.5,6.01320468851171,0,0,0.280023986816406,1.63,0,-5399.904296875
100000000000000000000004,1,920625000,0,-53,5.08668029262879,0,0,0.280023986816406,1.63,0,-5399.904296875
100000000000000000000000,1,920625000,0,-48,3.65701019831937,0,0,0.280023986816406,1.63,0,-5399.904296875
100000000000000000000002,1,920625000,0,-45,1.45421378691559,0,0,0.280023986816406,1.63,0,-5399.904296875
100000000000000000000001,1,920625000,0,-48,2.4359614911624,0,0,0.280023986816406,1.63,0,-5399.904296875
100000000000000000000004,1,920625000,0,-53.5,5.10508806208341,0,0,0.280023986816406,1.63,0,-5399.904296875
100000000000000000000003,1,920625000,0,-46.5,5.97638914960246,0,0,0.280023986816406,1.63,0,-5399.904296875
100000000000000000000001,1,920625000,0,-48,2.44209741431394,0,0,0.280023986816406,1.63,0,-5399.904296875
100000000000000000000000,1,920625000,0,-48,3.59565096680394,0,0,0.280023986816406,1.63,0,-5399.904296875
100000000000000000000002,1,920625000,0,-45.5,1.4419419406125,0,0,0.280023986816406,1.63,0,-5399.904296875
100000000000000000000003,1,920625000,0,-46.5,5.99479691905709,0,0,0.280023986816406,1.63,0,-5399.904296875
100000000000000000000004,1,920625000,0,-53.5,5.09895213893187,0,0,0.280023986816406,1.63,0,-5399.904296875
100000000000000000000000,1,920625000,0,-48,3.62633058256166,0,0,0.280023986816406,1.63,0,-5399.904296875
100000000000000000000001,1,920625000,0,-48,2.46050518376857,0,0,0.280023986816406,1.63,0,-5399.904296875
100000000000000000000002,1,920625000,0,-45.5,1.44807786376405,0,0,0.280023986816406,1.63,0,-5399.904296875
100000000000000000000004,1,920625000,0,-53.5,5.08668029262879,0,0,0.280023986816406,1.63,0,-5399.904296875
100000000000000000000003,1,920625000,0,-46.5,6.01934061166326,0,0,0.280023986816406,1.63,0,-5399.904296875
100000000000000000000001,1,920625000,0,-48,2.42982556801086,0,0,0.280023986816406,1.63,0,-5399.904296875
100000000000000000000004,1,920625000,0,-53.5,5.0744084463257,0,0,0.280023986816406,1.63,0,-5399.904296875
100000000000000000000002,1,920625000,0,-45.5,1.43580601746096,0,0,0.280023986816406,1.63,0,-5399.904296875
100000000000000000000003,1,920625000,0,-46.5,5.982525072754,0,0,0.280023986816406,1.63,0,-5399.904296875
100000000000000000000000,1,920625000,0,-48,3.6324665057132,0,0,0.280023986816406,1.63,0,-5399.904296875
100000000000000000000002,1,920625000,0,-45.5,1.45421378691559,0,0,0.280023986816406,1.63,0,-5399.904296875
100000000000000000000004,1,920625000,0,-53.5,5.08668029262879,0,0,0.280023986816406,1.63,0,-5399.904296875
100000000000000000000001,1,920625000,0,-48,2.46050518376857,0,0,0.280023986816406,1.63,0,-5399.904296875
100000000000000000000003,1,920625000,0,-46.5,5.98866099590554,0,0,0.280023986816406,1.63,0,-5399.904296875
100000000000000000000000,1,920625000,0,-48,3.62019465941011,0,0,0.280023986816406,1.63,0,-5399.904296875
100000000000000000000001,1,920625000,0,-48,2.47277703007165,0,0,0.280023986816406,1.63,0,-5399.904296875
100000000000000000000002,1,920625000,0,-45.5,1.4419419406125,0,0,0.280023986816406,1.63,0,-5399.904296875
100000000000000000000004,1,920625000,0,-53.5,5.1173599083865,0,0,0.280023986816406,1.63,0,-5399.904296875
100000000000000000000003,1,920625000,0,-46.5,6.00093284220863,0,0,0.280023986816406,1.63,0,-5399.904296875
100000000000000000000000,1,920625000,0,-48,3.63860242886474,0,0,0.280023986816406,1.63,0,-5399.904296875
100000000000000000000003,1,920625000,0,-46.5,6.00093284220863,0,0,0.280023986816406,1.63,0,-5399.904296875
100000000000000000000001,1,920625000,0,-48,2.45436926061703,0,0,0.280023986816406,1.63,0,-5399.904296875
100000000000000000000000,1,920625000,0,-48,3.61405873625857,0,0,0.280023986816406,1.63,0,-5399.904296875
100000000000000000000004,1,920625000,0,-53.5,5.09281621578033,0,0,0.280023986816406,1.63,0,-5399.904296875
100000000000000000000002,1,920625000,0,-45.5,1.45421378691559,0,0,0.280023986816406,1.63,0,-5399.904296875
100000000000000000000004,1,920625000,0,-53.5,5.11122398523496,0,0,0.280023986816406,1.63,0,-5399.904296875
100000000000000000000003,1,920625000,0,-46.5,5.98866099590554,0,0,0.280023986816406,1.63,0,-5399.904296875
100000000000000000000001,1,920625000,0,-48,2.44823333746548,0,0,0.280023986816406,1.63,0,-5399.904296875
100000000000000000000002,1,920625000,0,-45,1.4419419406125,0,0,0.280023986816406,1.63,0,-5399.904296875
100000000000000000000000,1,920625000,0,-48,3.62019465941011,0,0,0.280023986816406,1.63,0,-5399.904296875
100000000000000000000000,1,920625000,0,-48,3.61405873625857,0,0,0.280023986816406,1.63,0,-5399.904296875
100000000000000000000001,1,920625000,0,-48,2.46664110692011,0,0,0.280023986816406,1.63,0,-5399.904296875
100000000000000000000004,1,920625000,0,-53.5,5.09281621578033,0,0,0.280023986816406,1.63,0,-5399.904296875
100000000000000000000003,1,920625000,0,-46.5,5.982525072754,0,0,0.280023986816406,1.63,0,-5399.904296875
100000000000000000000002,1,920625000,0,-45,1.4419419406125,0,0,0.280023986816406,1.63,0,-5399.904296875
100000000000000000000000,1,920625000,0,-48,3.63860242886474,0,0,0.280023986816406,1.63,0,-5399.904296875
100000000000000000000003,1,920625000,0,-46.5,6.01934061166326,0,0,0.280023986816406,1.63,0,-5399.904296875
100000000000000000000002,1,920625000,0,-45.5,1.42967009430942,0,0,0.280023986816406,1.63,0,-5399.904296875
100000000000000000000004,1,920625000,0,-53.5,5.10508806208341,0,0,0.280023986816406,1.63,0,-5399.904296875
100000000000000000000001,1,920625000,0,-48,2.44823333746548,0,0,0.280023986816406,1.63,0,-5399.904296875
100000000000000000000003,1,920625000,0,-46.5,5.98866099590554,0,0,0.280023986816406,1.63,0,-5399.904296875
100000000000000000000001,1,920625000,0,-48,2.46050518376857,0,0,0.280023986816406,1.63,0,-5399.904296875
100000000000000000000000,1,920625000,0,-48,3.6324665057132,0,0,0.280023986816406,1.63,0,-5399.904296875
100000000000000000000002,1,920625000,0,-45,1.43580601746096,0,0,0.280023986816406,1.63,0,-5399.904296875
100000000000000000000004,1,920625000,0,-53.5,5.1173599083865,0,0,0.280023986816406,1.63,0,-5399.904296875
100000000000000000000003,1,920625000,0,-46.5,6.00706876536017,0,0,0.280023986816406,1.63,0,-5399.904296875
100000000000000000000001,1,920625000,0,-48,2.42982556801086,0,0,0.280023986816406,1.63,0,-5399.904296875
100000000000000000000002,1,920625000,0,-45.5,1.42967009430942,0,0,0.280023986816406,1.63,0,-5399.904296875
100000000000000000000000,1,920625000,0,-48,3.6324665057132,0,0,0.280023986816406,1.63,0,-5399.904296875
100000000000000000000004,1,920625000,0,-53.5,5.0744084463257,0,0,0.280023986816406,1.63,0,-5399.904296875
100000000000000000000003,1,920625000,0,-46.5,5.99479691905709,0,0,0.280023986816406,1.63,0,-5399.904296875
100000000000000000000000,1,920625000,0,-48,3.62019465941011,0,0,0.280023986816406,1.63,0,-5399.904296875
100000000000000000000004,1,920625000,0,-53.5,5.0744084463257,0,0,0.280023986816406,1.63,0,-5399.904296875
100000000000000000000001,1,920625000,0,-48,2.42982556801086,0,0,0.280023986816406,1.63,0,-5399.904296875
100000000000000000000002,1,920625000,0,-45.5,1.45421378691559,0,0,0.280023986816406,1.63,0,-5399.904296875
100000000000000000000002,1,920625000,0,-45,1.45421378691559,0,0,0.280023986816406,1.63,0,-5399.904296875
100000000000000000000000,1,920625000,0,-48,3.64473835201628,0,0,0.280023986816406,1.63,0,-5399.904296875
100000000000000000000003,1,920625000,0,-46,6.00706876536017,0,0,0.280023986816406,1.63,0,-5399.904296875
100000000000000000000004,1,920625000,0,-53.5,5.06827252317416,0,0,0.280023986816406,1.63,0,-5399.904296875
100000000000000000000001,1,920625000,0,-48,2.44823333746548,0,0,0.280023986816406,1.63,0,-5399.904296875
100000000000000000000002,1,920625000,0,-45,1.44807786376405,0,0,0.280023986816406,1.63,0,-5399.904296875
100000000000000000000004,1,920625000,0,-53.5,5.09895213893187,0,0,0.280023986816406,1.63,0,-5399.904296875
100000000000000000000000,1,920625000,0,-48,3.62633058256166,0,0,0.280023986816406,1.63,0,-5399.904296875
100000000000000000000001,1,920625000,0,-48,2.46664110692011,0,0,0.280023986816406,1.63,0,-5399.904296875
100000000000000000000003,1,920625000,0,-46.5,6.00093284220863,0,0,0.280023986816406,1.63,0,-5399.904296875
100000000000000000000004,1,920625000,0,-53.5,5.12963175468958,0,0,0.280023986816406,1.63,0,-5399.904296875
100000000000000000000000,1,920625000,0,-48,3.63860242886474,0,0,0.280023986816406,1.63,0,-5399.904296875
100000000000000000000002,1,920625000,0,-45.5,1.44807786376405,0,0,0.280023986816406,1.63,0,-5399.904296875
100000000000000000000001,1,920625000,0,-48,2.44209741431394,0,0,0.280023986816406,1.63,0,-5399.904296875
100000000000000000000003,1,920625000,0,-46.5,5.982525072754,0,0,0.280023986816406,1.63,0,-5399.904296875
100000000000000000000002,1,920625000,0,-45,1.43580601746096,0,0,0.280023986816406,1.63,0,-5399.904296875
100000000000000000000004,1,920625000,0,-53,5.11122398523496,0,0,0.280023986816406,1.63,0,-5399.904296875
100000000000000000000001,1,920625000,0,-48,2.44209741431394,0,0,0.280023986816406,1.63,0,-5399.904296875
100000000000000000000000,1,920625000,0,-48,3.62019465941011,0,0,0.280023986816406,1.63,0,-5399.904296875
100000000000000000000003,1,920625000,0,-46.5,6.00093284220863,0,0,0.280023986816406,1.63,0,-5399.904296875
100000000000000000000004,1,920625000,0,-53.5,5.09895213893187,0,0,0.280023986816406,1.63,0,-5399.904296875
100000000000000000000002,1,920625000,0,-45,1.43580601746096,0,0,0.280023986816406,1.63,0,-5399.904296875
100000000000000000000000,1,920625000,0,-48,3.62019465941011,0,0,0.280023986816406,1.63,0,-5399.904296875
100000000000000000000001,1,920625000,0,-48,2.4789129532232,0,0,0.280023986816406,1.63,0,-5399.904296875
100000000000000000000003,1,920625000,0,-46.5,5.982525072754,0,0,0.280023986816406,1.63,0,-5399.904296875
100000000000000000000000,1,920625000,0,-48,3.64473835201628,0,0,0.280023986816406,1.63,0,-5399.904296875
100000000000000000000001,1,920625000,0,-48,2.44209741431394,0,0,0.280023986816406,1.63,0,-5399.904296875
100000000000000000000002,1,920625000,0,-45.5,1.43580601746096,0,0,0.280023986816406,1.63,0,-5399.904296875
100000000000000000000003,1,920625000,0,-46.5,5.97025322645092,0,0,0.280023986816406,1.63,0,-5399.904296875
100000000000000000000004,1,920625000,0,-53,5.08668029262879,0,0,0.280023986816406,1.63,0,-5399.904296875
100000000000000000000003,1,920625000,0,-46.5,5.98866099590554,0,0,0.280023986816406,1.63,0,-5399.904296875
100000000000000000000000,1,920625000,0,-48,3.62019465941011,0,0,0.280023986816406,1.63,0,-5399.904296875
100000000000000000000001,1,920625000,0,-48,2.44823333746548,0,0,0.280023986816406,1.63,0,-5399.904296875
100000000000000000000002,1,920625000,0,-45,1.45421378691559,0,0,0.280023986816406,1.63,0,-5399.904296875
100000000000000000000004,1,920625000,0,-53.5,5.12349583153804,0,0,0.280023986816406,1.63,0,-5399.904296875
100000000000000000000004,1,920625000,0,-53.5,5.12349583153804,0,0,0.280023986816406,1.63,0,-5399.904296875
100000000000000000000002,1,920625000,0,-45,1.44807786376405,0,0,0.280023986816406,1.63,0,-5399.904296875
100000000000000000000000,1,920625000,0,-48,3.63860242886474,0,0,0.280023986816406,1.63,0,-5399.904296875
100000000000000000000001,1,920625000,0,-48,2.44209741431394,0,0,0.280023986816406,1.63,0,-5399.904296875
100000000000000000000003,1,920625000,0,-46.5,5.99479691905709,0,0,0.280023986816406,1.63,0,-5399.904296875
100000000000000000000002,1,920625000,0,-45.5,1.42967009430942,0,0,0.280023986816406,1.63,0,-5399.904296875
100000000000000000000001,1,920625000,0,-48,2.44209741431394,0,0,0.280023986816406,1.63,0,-5399.904296875
100000000000000000000004,1,920625000,0,-53.5,5.1173599083865,0,0,0.280023986816406,1.63,0,-5399.904296875
100000000000000000000003,1,920625000,0,-46.5,6.00706876536017,0,0,0.280023986816406,1.63,0,-5399.904296875
100000000000000000000000,1,920625000,0,-48,3.62633058256166,0,0,0.280023986816406,1.63,0,-5399.904296875
100000000000000000000000,1,920625000,0,-48,3.64473835201628,0,0,0.280023986816406,1.63,0,-5399.904296875
100000000000000000000004,1,920625000,0,-53.5,5.12349583153804,0,0,0.280023986816406,1.63,0,-5399.904296875
100000000000000000000003,1,920625000,0,-46.5,5.99479691905709,0,0,0.280023986816406,1.63,0,-5399.904296875
100000000000000000000001,1,920625000,0,-48,2.44209741431394,0,0,0.280023986816406,1.63,0,-5399.904296875
100000000000000000000002,1,920625000,0,-45.5,1.45421378691559,0,0,0.280023986816406,1.63,0,-5399.904296875
100000000000000000000004,1,920625000,0,-53.5,5.09281621578033,0,0,0.280023986816406,1.63,0,-5399.904296875
100000000000000000000000,1,920625000,0,-48,3.6324665057132,0,0,0.280023986816406,1.63,0,-5399.904296875
100000000000000000000001,1,920625000,0,-48,2.44823333746548,0,0,0.280023986816406,1.63,0,-5399.904296875
100000000000000000000003,1,920625000,0,-46.5,6.00706876536017,0,0,0.280023986816406,1.63,0,-5399.904296875
100000000000000000000002,1,920625000,0,-45,1.4419419406125,0,0,0.280023986816406,1.63,0,-5399.904296875
100000000000000000000002,1,920625000,0,-45,1.44807786376405,0,0,0.280023986816406,1.63,0,-5399.904296875
100000000000000000000000,1,920625000,0,-48,3.64473835201628,0,0,0.280023986816406,1.63,0,-5399.904296875
100000000000000000000003,1,920625000,0,-46.5,5.99479691905709,0,0,0.280023986816406,1.63,0,-5399.904296875
100000000000000000000001,1,920625000,0,-48,2.4789129532232,0,0,0.280023986816406,1.63,0,-5399.904296875
100000000000000000000004,1,920625000,0,-53.5,5.09895213893187,0,0,0.280023986816406,1.63,0,-5399.904296875
100000000000000000000004,1,920625000,0,-53.5,5.09895213893187,0,0,0.280023986816406,1.63,0,-5399.904296875
100000000000000000000000,1,920625000,0,-48,3.65701019831937,0,0,0.280023986816406,1.63,0,-5399.904296875
100000000000000000000002,1,920625000,0,-45.5,1.44807786376405,0,0,0.280023986816406,1.63,0,-5399.904296875
100000000000000000000001,1,920625000,0,-48,2.44209741431394,0,0,0.280023986816406,1.63,0,-5399.904296875
100000000000000000000003,1,920625000,0,-46,6.00093284220863,0,0,0.280023986816406,1.63,0,-5399.904296875
100000000000000000000001,1,920625000,0,-48,2.47277703007165,0,0,0.280023986816406,1.63,0,-5399.904296875
100000000000000000000000,1,920625000,0,-48,3.6324665057132,0,0,0.280023986816406,1.63,0,-5399.904296875
100000000000000000000003,1,920625000,0,-46.5,5.99479691905709,0,0,0.280023986816406,1.63,0,-5399.904296875
100000000000000000000002,1,920625000,0,-45.5,1.46034971006713,0,0,0.280023986816406,1.63,0,-5399.904296875
100000000000000000000004,1,920625000,0,-53.5,5.09895213893187,0,0,0.280023986816406,1.63,0,-5399.904296875
100000000000000000000001,1,920625000,0,-48,2.44209741431394,0,0,0.280023986816406,1.63,0,-5399.904296875
100000000000000000000003,1,920625000,0,-46.5,5.99479691905709,0,0,0.280023986816406,1.63,0,-5399.904296875
100000000000000000000000,1,920625000,0,-48,3.64473835201628,0,0,0.280023986816406,1.63,0,-5399.904296875
100000000000000000000004,1,920625000,0,-53.5,5.14190360099267,0,0,0.280023986816406,1.63,0,-5399.904296875
100000000000000000000002,1,920625000,0,-45.5,1.46034971006713,0,0,0.280023986816406,1.63,0,-5399.904296875
100000000000000000000001,1,920625000,0,-48,2.47277703007165,0,0,0.280023986816406,1.63,0,-5399.904296875
100000000000000000000000,1,920625000,0,-48,3.66314612147091,0,0,0.280023986816406,1.63,0,-5399.904296875
100000000000000000000004,1,920625000,0,-53.5,5.08054436947724,0,0,0.280023986816406,1.63,0,-5399.904296875
100000000000000000000002,1,920625000,0,-45,1.43580601746096,0,0,0.280023986816406,1.63,0,-5399.904296875
100000000000000000000003,1,920625000,0,-46.5,5.982525072754,0,0,0.280023986816406,1.63,0,-5399.904296875
100000000000000000000002,1,920625000,0,-45,1.4419419406125,0,0,0.280023986816406,1.63,0,-5399.904296875
100000000000000000000000,1,920625000,0,-48,3.63860242886474,0,0,0.280023986816406,1.63,0,-5399.904296875
100000000000000000000003,1,920625000,0,-46,5.99479691905709,0,0,0.280023986816406,1.63,0,-5399.904296875
100000000000000000000001,1,920625000,0,-48,2.44209741431394,0,0,0.280023986816406,1.63,0,-5399.904296875
100000000000000000000004,1,920625000,0,-53.5,5.1173599083865,0,0,0.280023986816406,1.63,0,-5399.904296875
100000000000000000000003,1,920625000,0,-46.5,6.00093284220863,0,0,0.280023986816406,1.63,0,-5399.904296875
100000000000000000000000,1,920625000,0,-48,3.65701019831937,0,0,0.280023986816406,1.63,0,-5399.904296875
100000000000000000000004,1,920625000,0,-53,5.08668029262879,0,0,0.280023986816406,1.63,0,-5399.904296875
100000000000000000000001,1,920625000,0,-48,2.4359614911624,0,0,0.280023986816406,1.63,0,-5399.904296875
100000000000000000000002,1,920625000,0,-45.5,1.43580601746096,0,0,0.280023986816406,1.63,0,-5399.904296875
100000000000000000000002,1,920625000,0,-45.5,1.43580601746096,0,0,0.280023986816406,1.63,0,-5399.904296875
100000000000000000000001,1,920625000,0,-48,2.46664110692011,0,0,0.280023986816406,1.63,0,-5399.904296875
100000000000000000000004,1,920625000,0,-53.5,5.0744084463257,0,0,0.280023986816406,1.63,0,-5399.904296875
100000000000000000000003,1,920625000,0,-46.5,5.99479691905709,0,0,0.280023986816406,1.63,0,-5399.904296875
100000000000000000000000,1,920625000,0,-48,3.64473835201628,0,0,0.280023986816406,1.63,0,-5399.904296875
100000000000000000000001,1,920625000,0,-48,2.46664110692011,0,0,0.280023986816406,1.63,0,-5399.904296875
100000000000000000000004,1,920625000,0,-53.5,5.0744084463257,0,0,0.280023986816406,1.63,0,-5399.904296875
100000000000000000000002,1,920625000,0,-45.5,1.4419419406125,0,0,0.280023986816406,1.63,0,-5399.904296875
100000000000000000000003,1,920625000,0,-46.5,5.99479691905709,0,0,0.280023986816406,1.63,0,-5399.904296875
100000000000000000000000,1,920625000,0,-48,3.63860242886474,0,0,0.280023986816406,1.63,0,-5399.904296875
100000000000000000000004,1,920625000,0,-53.5,5.12963175468958,0,0,0.280023986816406,1.63,0,-5399.904296875
100000000000000000000002,1,920625000,0,-45.5,1.4419419406125,0,0,0.280023986816406,1.63,0,-5399.904296875
100000000000000000000000,1,920625000,0,-48,3.60792281310703,0,0,0.280023986816406,1.63,0,-5399.904296875
100000000000000000000003,1,920625000,0,-46.5,6.00093284220863,0,0,0.280023986816406,1.63,0,-5399.904296875
100000000000000000000001,1,920625000,0,-48,2.42982556801086,0,0,0.280023986816406,1.63,0,-5399.904296875
100000000000000000000001,1,920625000,0,-48,2.42368964485931,0,0,0.280023986816406,1.63,0,-5399.904296875
100000000000000000000002,1,920625000,0,-45,1.44807786376405,0,0,0.280023986816406,1.63,0,-5399.904296875
100000000000000000000003,1,920625000,0,-46.5,6.00706876536017,0,0,0.280023986816406,1.63,0,-5399.904296875
100000000000000000000004,1,920625000,0,-53.5,5.10508806208341,0,0,0.280023986816406,1.63,0,-5399.904296875
100000000000000000000000,1,920625000,0,-48,3.60792281310703,0,0,0.280023986816406,1.63,0,-5399.904296875
100000000000000000000004,1,920625000,0,-53.5,5.12349583153804,0,0,0.280023986816406,1.63,0,-5399.904296875
100000000000000000000001,1,920625000,0,-48,2.41755372170777,0,0,0.280023986816406,1.63,0,-5399.904296875
100000000000000000000000,1,920625000,0,-48,3.64473835201628,0,0,0.280023986816406,1.63,0,-5399.904296875
100000000000000000000003,1,920625000,0,-46.5,5.98866099590554,0,0,0.280023986816406,1.63,0,-5399.904296875
100000000000000000000002,1,920625000,0,-45,1.44807786376405,0,0,0.280023986816406,1.63,0,-5399.904296875
100000000000000000000001,1,920625000,0,-48,2.46664110692011,0,0,0.280023986816406,1.63,0,-5399.904296875
100000000000000000000002,1,920625000,0,-45,1.45421378691559,0,0,0.280023986816406,1.63,0,-5399.904296875
100000000000000000000003,1,920625000,0,-46.5,6.00093284220863,0,0,0.280023986816406,1.63,0,-5399.904296875
100000000000000000000000,1,920625000,0,-48,3.62019465941011,0,0,0.280023986816406,1.63,0,-5399.904296875
100000000000000000000004,1,920625000,0,-53,5.09281621578033,0,0,0.280023986816406,1.63,0,-5399.904296875
100000000000000000000003,1,920625000,0,-46.5,5.98866099590554,0,0,0.280023986816406,1.63,0,-5399.904296875
100000000000000000000000,1,920625000,0,-48,3.6324665057132,0,0,0.280023986816406,1.63,0,-5399.904296875
100000000000000000000004,1,921125000,0,-54,5.42415606596363,0,0,0.280023986816406,1.63,0,-5399.904296875
100000000000000000000001,1,921125000,0,-47.5,2.6813984172241,0,0,0.280023986816406,1.63,0,-5399.904296875
100000000000000000000002,1,921125000,0,-45.5,1.66897109721958,0,0,0.280023986816406,1.63,0,-5399.904296875
100000000000000000000003,1,921125000,0,-46.5,6.20341830620953,0,0,0.280023986816406,1.63,0,-5399.904296875
100000000000000000000001,1,921125000,0,-47.5,2.66912657092102,0,0,0.280023986816406,1.63,0,-5399.904296875
100000000000000000000000,1,921125000,0,-48,3.84722381601719,0,0,0.280023986816406,1.63,0,-5399.904296875
100000000000000000000002,1,921125000,0,-45.5,1.65669925091649,0,0,0.280023986816406,1.63,0,-5399.904296875
100000000000000000000004,1,921125000,0,-53.5,5.39347645020591,0,0,0.280023986816406,1.63,0,-5399.904296875
100000000000000000000002,1,921125000,0,-45.5,1.65056332776495,0,0,0.280023986816406,1.63,0,-5399.904296875
100000000000000000000001,1,921125000,0,-47.5,2.65685472461793,0,0,0.280023986816406,1.63,0,-5399.904296875
100000000000000000000003,1,921125000,0,-46.5,6.21569015251262,0,0,0.280023986816406,1.63,0,-5399.904296875
100000000000000000000000,1,921125000,0,-48,3.82881604656256,0,0,0.280023986816406,1.63,0,-5399.904296875
100000000000000000000004,1,921125000,0,-54,5.38734052705437,0,0,0.280023986816406,1.63,0,-5399.904296875
100000000000000000000003,1,921125000,0,-46.5,6.21569015251262,0,0,0.280023986816406,1.63,0,-5399.904296875
100000000000000000000004,1,921125000,0,-54,5.39347645020591,0,0,0.280023986816406,1.63,0,-5399.904296875
100000000000000000000001,1,921125000,0,-47.5,2.65685472461793,0,0,0.280023986816406,1.63,0,-5399.904296875
100000000000000000000002,1,921125000,0,-45.5,1.65056332776495,0,0,0.280023986816406,1.63,0,-5399.904296875
100000000000000000000000,1,921125000,0,-48,3.81654420025948,0,0,0.280023986816406,1.63,0,-5399.904296875
100000000000000000000000,1,921125000,0,-48,3.82881604656256,0,0,0.280023986816406,1.63,0,-5399.904296875
100000000000000000000002,1,921125000,0,-45.5,1.67510702037112,0,0,0.280023986816406,1.63,0,-5399.904296875
100000000000000000000001,1,921125000,0,-47.5,2.66912657092102,0,0,0.280023986816406,1.63,0,-5399.904296875
100000000000000000000003,1,921125000,0,-47,6.20341830620953,0,0,0.280023986816406,1.63,0,-5399.904296875
100000000000000000000004,1,921125000,0,-54,5.37506868075129,0,0,0.280023986816406,1.63,0,-5399.904296875
100000000000000000000004,1,921125000,0,-54,5.41802014281208,0,0,0.280023986816406,1.63,0,-5399.904296875
100000000000000000000002,1,921125000,0,-45.5,1.64442740461341,0,0,0.280023986816406,1.63,0,-5399.904296875
100000000000000000000000,1,921125000,0,-48,3.81040827710793,0,0,0.280023986816406,1.63,0,-5399.904296875
100000000000000000000001,1,921125000,0,-47.5,2.66912657092102,0,0,0.280023986816406,1.63,0,-5399.904296875
100000000000000000000003,1,921125000,0,-46.5,6.21569015251262,0,0,0.280023986816406,1.63,0,-5399.904296875
100000000000000000000002,1,921125000,0,-45.5,1.66283517406803,0,0,0.280023986816406,1.63,0,-5399.904296875
100000000000000000000001,1,921125000,0,-47.5,2.6813984172241,0,0,0.280023986816406,1.63,0,-5399.904296875
100000000000000000000003,1,921125000,0,-46.5,6.21569015251262,0,0,0.280023986816406,1.63,0,-5399.904296875
100000000000000000000000,1,921125000,0,-48,3.81654420025948,0,0,0.280023986816406,1.63,0,-5399.904296875
100000000000000000000004,1,921125000,0,-54,5.38734052705437,0,0,0.280023986816406,1.63,0,-5399.904296875
100000000000000000000002,1,921125000,0,-45.5,1.68124294352266,0,0,0.280023986816406,1.63,0,-5399.904296875
100000000000000000000003,1,921125000,0,-46.5,6.22182607566416,0,0,0.280023986816406,1.63,0,-5399.904296875
100000000000000000000004,1,921125000,0,-53.5,5.36893275759974,0,0,0.280023986816406,1.63,0,-5399.904296875
100000000000000000000001,1,921125000,0,-47.5,2.67526249407256,0,0,0.280023986816406,1.63,0,-5399.904296875
100000000000000000000000,1,921125000,0,-48,3.82268012341102,0,0,0.280023986816406,1.63,0,-5399.904296875
100000000000000000000001,1,921125000,0,-47.5,2.65685472461793,0,0,0.280023986816406,1.63,0,-5399.904296875
100000000000000000000002,1,921125000,0,-45.5,1.66283517406803,0,0,0.280023986816406,1.63,0,-5399.904296875
100000000000000000000003,1,921125000,0,-47,6.20955422936108,0,0,0.280023986816406,1.63,0,-5399.904296875
100000000000000000000004,1,921125000,0,-53.5,5.41188421966054,0,0,0.280023986816406,1.63,0,-5399.904296875
100000000000000000000000,1,921125000,0,-48,3.81654420025948,0,0,0.280023986816406,1.63,0,-5399.904296875
100000000000000000000003,1,921125000,0,-46.5,6.22182607566416,0,0,0.280023986816406,1.63,0,-5399.904296875
100000000000000000000001,1,921125000,0,-47.5,2.66912657092102,0,0,0.280023986816406,1.63,0,-5399.904296875
100000000000000000000000,1,921125000,0,-48,3.84108789286565,0,0,0.280023986816406,1.63,0,-5399.904296875
100000000000000000000002,1,921125000,0,-45.5,1.66283517406803,0,0,0.280023986816406,1.63,0,-5399.904296875
100000000000000000000004,1,921125000,0,-54,5.37506868075129,0,0,0.280023986816406,1.63,0,-5399.904296875
100000000000000000000004,1,921125000,0,-53.5,5.38734052705437,0,0,0.280023986816406,1.63,0,-5399.904296875
100000000000000000000000,1,921125000,0,-48,3.80427235395639,0,0,0.280023986816406,1.63,0,-5399.904296875
100000000000000000000001,1,921125000,0,-47.5,2.69367026352719,0,0,0.280023986816406,1.63,0,-5399.904296875
100000000000000000000002,1,921125000,0,-45.5,1.65056332776495,0,0,0.280023986816406,1.63,0,-5399.904296875
100000000000000000000003,1,921125000,0,-46.5,6.21569015251262,0,0,0.280023986816406,1.63,0,-5399.904296875
100000000000000000000001,1,921125000,0,-47.5,2.66299064776947,0,0,0.280023986816406,1.63,0,-5399.904296875
100000000000000000000000,1,921125000,0,-48,3.8349519697141,0,0,0.280023986816406,1.63,0,-5399.904296875
100000000000000000000004,1,921125000,0,-53.5,5.41802014281208,0,0,0.280023986816406,1.63,0,-5399.904296875
100000000000000000000003,1,921125000,0,-46.5,6.19728238305799,0,0,0.280023986816406,1.63,0,-5399.904296875
100000000000000000000002,1,921125000,0,-45.5,1.71192255928038,0,0,0.280023986816406,1.63,0,-5399.904296875
100000000000000000000003,1,921125000,0,-46.5,6.20955422936108,0,0,0.280023986816406,1.63,0,-5399.904296875
100000000000000000000001,1,921125000,0,-47.5,2.65685472461793,0,0,0.280023986816406,1.63,0,-5399.904296875
100000000000000000000004,1,921125000,0,-54,5.39961237335746,0,0,0.280023986816406,1.63,0,-5399.904296875
100000000000000000000002,1,921125000,0,-45.5,1.63829148146186,0,0,0.280023986816406,1.63,0,-5399.904296875
100000000000000000000000,1,921125000,0,-48,3.80427235395639,0,0,0.280023986816406,1.63,0,-5399.904296875
100000000000000000000002,1,921125000,0,-45.5,1.65669925091649,0,0,0.280023986816406,1.63,0,-5399.904296875
100000000000000000000001,1,921125000,0,-47.5,2.6813984172241,0,0,0.280023986816406,1.63,0,-5399.904296875
100000000000000000000000,1,921125000,0,-48,3.81040827710793,0,0,0.280023986816406,1.63,0,-5399.904296875
100000000000000000000003,1,921125000,0,-46.5,6.21569015251262,0,0,0.280023986816406,1.63,0,-5399.904296875
100000000000000000000004,1,921125000,0,-54,5.39961237335746,0,0,0.280023986816406,1.63,0,-5399.904296875
100000000000000000000002,1,921125000,0,-45.5,1.67510702037112,0,0,0.280023986816406,1.63,0,-5399.904296875
100000000000000000000004,1,921125000,0,-53.5,5.39347645020591,0,0,0.280023986816406,1.63,0,-5399.904296875
100000000000000000000003,1,921125000,0,-46.5,6.18501053675491,0,0,0.280023986816406,1.63,0,-5399.904296875
100000000000000000000001,1,921125000,0,-47.5,2.65071880146639,0,0,0.280023986816406,1.63,0,-5399.904296875
100000000000000000000000,1,921125000,0,-48,3.82881604656256,0,0,0.280023986816406,1.63,0,-5399.904296875
100000000000000000000000,1,921125000,0,-48,3.80427235395639,0,0,0.280023986816406,1.63,0,-5399.904296875
100000000000000000000003,1,921125000,0,-46.5,6.21569015251262,0,0,0.280023986816406,1.63,0,-5399.904296875
100000000000000000000004,1,921125000,0,-53.5,5.39961237335746,0,0,0.280023986816406,1.63,0,-5399.904296875
100000000000000000000002,1,921125000,0,-45.5,1.67510702037112,0,0,0.280023986816406,1.63,0,-5399.904296875
100000000000000000000001,1,921125000,0,-47.5,2.65071880146639,0,0,0.280023986816406,1.63,0,-5399.904296875
100000000000000000000003,1,921125000,0,-46.5,6.22182607566416,0,0,0.280023986816406,1.63,0,-5399.904296875
100000000000000000000001,1,921125000,0,-47.5,2.63231103201176,0,0,0.280023986816406,1.63,0,-5399.904296875
100000000000000000000000,1,921125000,0,-48,3.82268012341102,0,0,0.280023986816406,1.63,0,-5399.904296875
100000000000000000000004,1,921125000,0,-54,5.38734052705437,0,0,0.280023986816406,1.63,0,-5399.904296875
100000000000000000000002,1,921125000,0,-45.5,1.66283517406803,0,0,0.280023986816406,1.63,0,-5399.904296875
100000000000000000000002,1,921125000,0,-45.5,1.66283517406803,0,0,0.280023986816406,1.63,0,-5399.904296875
100000000000000000000001,1,921125000,0,-47.5,2.67526249407256,0,0,0.280023986816406,1.63,0,-5399.904296875
100000000000000000000004,1,921125000,0,-54,5.41188421966054,0,0,0.280023986816406,1.63,0,-5399.904296875
100000000000000000000003,1,921125000,0,-46.5,6.20341830620953,0,0,0.280023986816406,1.63,0,-5399.904296875
100000000000000000000000,1,921125000,0,-48,3.85949566232027,0,0,0.280023986816406,1.63,0,-5399.904296875
100000000000000000000003,1,921125000,0,-46.5,6.21569015251262,0,0,0.280023986816406,1.63,0,-5399.904296875
100000000000000000000000,1,921125000,0,-48,3.84108789286565,0,0,0.280023986816406,1.63,0,-5399.904296875
100000000000000000000002,1,921125000,0,-45.5,1.68737886667421,0,0,0.280023986816406,1.63,0,-5399.904296875
100000000000000000000004,1,921125000,0,-54,5.41188421966054,0,0,0.280023986816406,1.63,0,-5399.904296875
100000000000000000000001,1,921125000,0,-47.5,2.67526249407256,0,0,0.280023986816406,1.63,0,-5399.904296875
100000000000000000000002,1,921125000,0,-45.5,1.65669925091649,0,0,0.280023986816406,1.63,0,-5399.904296875
100000000000000000000001,1,921125000,0,-47.5,2.68753434037564,0,0,0.280023986816406,1.63,0,-5399.904296875
100000000000000000000003,1,921125000,0,-46.5,6.2279619988157,0,0,0.280023986816406,1.63,0,-5399.904296875
100000000000000000000000,1,921125000,0,-48,3.82268012341102,0,0,0.280023986816406,1.63,0,-5399.904296875
100000000000000000000004,1,921125000,0,-54,5.38120460390283,0,0,0.280023986816406,1.63,0,-5399.904296875
100000000000000000000004,1,921125000,0,-53.5,5.405748296509,0,0,0.280023986816406,1.63,0,-5399.904296875
100000000000000000000001,1,921125000,0,-47.5,2.65071880146639,0,0,0.280023986816406,1.63,0,-5399.904296875
100000000000000000000000,1,921125000,0,-48,3.82881604656256,0,0,0.280023986816406,1.63,0,-5399.904296875
100000000000000000000003,1,921125000,0,-46.5,6.21569015251262,0,0,0.280023986816406,1.63,0,-5399.904296875
100000000000000000000002,1,921125000,0,-45,1.65056332776495,0,0,0.280023986816406,1.63,0,-5399.904296875
100000000000000000000004,1,921125000,0,-54,5.39961237335746,0,0,0.280023986816406,1.63,0,-5399.904296875
100000000000000000000001,1,921125000,0,-47.5,2.6813984172241,0,0,0.280023986816406,1.63,0,-5399.904296875
100000000000000000000002,1,921125000,0,-45.5,1.65669925091649,0,0,0.280023986816406,1.63,0,-5399.904296875
100000000000000000000000,1,921125000,0,-48,3.82268012341102,0,0,0.280023986816406,1.63,0,-5399.904296875
100000000000000000000003,1,921125000,0,-46.5,6.20341830620953,0,0,0.280023986816406,1.63,0,-5399.904296875
100000000000000000000004,1,921125000,0,-54,5.39961237335746,0,0,0.280023986816406,1.63,0,-5399.904296875
100000000000000000000001,1,921125000,0,-47.5,2.65685472461793,0,0,0.280023986816406,1.63,0,-5399.904296875
100000000000000000000003,1,921125000,0,-46.5,6.21569015251262,0,0,0.280023986816406,1.63,0,-5399.904296875
100000000000000000000000,1,921125000,0,-48,3.8349519697141,0,0,0.280023986816406,1.63,0,-5399.904296875
100000000000000000000002,1,921125000,0,-45.5,1.63829148146186,0,0,0.280023986816406,1.63,0,-5399.904296875
100000000000000000000004,1,921125000,0,-53.5,5.41188421966054,0,0,0.280023986816406,1.63,0,-5399.904296875
100000000000000000000002,1,921125000,0,-45.5,1.64442740461341,0,0,0.280023986816406,1.63,0,-5399.904296875
100000000000000000000000,1,921125000,0,-48,3.84722381601719,0,0,0.280023986816406,1.63,0,-5399.904296875
100000000000000000000003,1,921125000,0,-46.5,6.22182607566416,0,0,0.280023986816406,1.63,0,-5399.904296875
100000000000000000000001,1,921125000,0,-47.5,2.66912657092102,0,0,0.280023986816406,1.63,0,-5399.904296875
100000000000000000000004,1,921125000,0,-53.5,5.405748296509,0,0,0.280023986816406,1.63,0,-5399.904296875
100000000000000000000002,1,921125000,0,-45.5,1.65669925091649,0,0,0.280023986816406,1.63,0,-5399.904296875
100000000000000000000003,1,921125000,0,-46.5,6.2279619988157,0,0,0.280023986816406,1.63,0,-5399.904296875
100000000000000000000001,1,921125000,0,-47.5,2.67526249407256,0,0,0.280023986816406,1.63,0,-5399.904296875
100000000000000000000000,1,921125000,0,-48,3.81040827710793,0,0,0.280023986816406,1.63,0,-5399.904296875
100000000000000000000002,1,921125000,0,-45.5,1.68124294352266,0,0,0.280023986816406,1.63,0,-5399.904296875
100000000000000000000001,1,921125000,0,-47.5,2.66299064776947,0,0,0.280023986816406,1.63,0,-5399.904296875
100000000000000000000003,1,921125000,0,-46.5,6.20955422936108,0,0,0.280023986816406,1.63,0,-5399.904296875
100000000000000000000000,1,921125000,0,-48,3.84108789286565,0,0,0.280023986816406,1.63,0,-5399.904296875
100000000000000000000004,1,921125000,0,-53.5,5.42415606596363,0,0,0.280023986816406,1.63,0,-5399.904296875
100000000000000000000001,1,921125000,0,-47.5,2.67526249407256,0,0,0.280023986816406,1.63,0,-5399.904296875
100000000000000000000002,1,921125000,0,-45,1.63829148146186,0,0,0.280023986816406,1.63,0,-5399.904296875
100000000000000000000004,1,921125000,0,-54,5.405748296509,0,0,0.280023986816406,1.63,0,-5399.904296875
100000000000000000000000,1,921125000,0,-48,3.81040827710793,0,0,0.280023986816406,1.63,0,-5399.904296875
100000000000000000000003,1,921125000,0,-46.5,6.2279619988157,0,0,0.280023986816406,1.63,0,-5399.904296875
100000000000000000000002,1,921125000,0,-45.5,1.64442740461341,0,0,0.280023986816406,1.63,0,-5399.904296875
100000000000000000000004,1,921125000,0,-54,5.39961237335746,0,0,0.280023986816406,1.63,0,-5399.904296875
100000000000000000000001,1,921125000,0,-47.5,2.66299064776947,0,0,0.280023986816406,1.63,0,-5399.904296875
100000000000000000000003,1,921125000,0,-46.5,6.22182607566416,0,0,0.280023986816406,1.63,0,-5399.904296875
100000000000000000000000,1,921125000,0,-48,3.82881604656256,0,0,0.280023986816406,1.63,0,-5399.904296875
100000000000000000000000,1,921125000,0,-48,3.81654420025948,0,0,0.280023986816406,1.63,0,-5399.904296875
100000000000000000000004,1,921125000,0,-54,5.3627968344482,0,0,0.280023986816406,1.63,0,-5399.904296875
100000000000000000000002,1,921125000,0,-45.5,1.63829148146186,0,0,0.280023986816406,1.63,0,-5399.904296875
100000000000000000000001,1,921125000,0,-47.5,2.6813984172241,0,0,0.280023986816406,1.63,0,-5399.904296875
100000000000000000000003,1,921125000,0,-46.5,6.20955422936108,0,0,0.280023986816406,1.63,0,-5399.904296875
100000000000000000000002,1,921125000,0,-45.5,1.62601963515878,0,0,0.280023986816406,1.63,0,-5399.904296875
100000000000000000000003,1,921125000,0,-46.5,6.21569015251262,0,0,0.280023986816406,1.63,0,-5399.904296875
100000000000000000000001,1,921125000,0,-47.5,2.67526249407256,0,0,0.280023986816406,1.63,0,-5399.904296875
100000000000000000000004,1,921125000,0,-53.5,5.36893275759974,0,0,0.280023986816406,1.63,0,-5399.904296875
100000000000000000000000,1,921125000,0,-48,3.80427235395639,0,0,0.280023986816406,1.63,0,-5399.904296875
100000000000000000000002,1,921125000,0,-45,1.65669925091649,0,0,0.280023986816406,1.63,0,-5399.904296875
100000000000000000000000,1,921125000,0,-48,3.8349519697141,0,0,0.280023986816406,1.63,0,-5399.904296875
100000000000000000000003,1,921125000,0,-46.5,6.21569015251262,0,0,0.280023986816406,1.63,0,-5399.904296875
100000000000000000000001,1,921125000,0,-47.5,2.66912657092102,0,0,0.280023986816406,1.63,0,-5399.904296875
100000000000000000000004,1,921125000,0,-54,5.41802014281208,0,0,0.280023986816406,1.63,0,-5399.904296875
100000000000000000000003,1,921125000,0,-46.5,6.21569015251262,0,0,0.280023986816406,1.63,0,-5399.904296875
100000000000000000000001,1,921125000,0,-47.5,2.65685472461793,0,0,0.280023986816406,1.63,0,-5399.904296875
100000000000000000000002,1,921125000,0,-45.5,1.66897109721958,0,0,0.280023986816406,1.63,0,-5399.904296875
100000000000000000000004,1,921125000,0,-53.5,5.39347645020591,0,0,0.280023986816406,1.63,0,-5399.904296875
100000000000000000000000,1,921125000,0,-48,3.81040827710793,0,0,0.280023986816406,1.63,0,-5399.904296875
100000000000000000000000,1,921125000,0,-48,3.79813643080485,0,0,0.280023986816406,1.63,0,-5399.904296875
100000000000000000000004,1,921125000,0,-54,5.38734052705437,0,0,0.280023986816406,1.63,0,-5399.904296875
100000000000000000000003,1,921125000,0,-46.5,6.22182607566416,0,0,0.280023986816406,1.63,0,-5399.904296875
100000000000000000000001,1,921125000,0,-47.5,2.66299064776947,0,0,0.280023986816406,1.63,0,-5399.904296875
100000000000000000000002,1,921125000,0,-45.5,1.66897109721958,0,0,0.280023986816406,1.63,0,-5399.904296875
100000000000000000000001,1,921125000,0,-47.5,2.66912657092102,0,0,0.280023986816406,1.63,0,-5399.904296875
100000000000000000000002,1,921125000,0,-45.5,1.65056332776495,0,0,0.280023986816406,1.63,0,-5399.904296875
100000000000000000000003,1,921125000,0,-46.5,6.20955422936108,0,0,0.280023986816406,1.63,0,-5399.904296875
100000000000000000000000,1,921125000,0,-48,3.79200050765331,0,0,0.280023986816406,1.63,0,-5399.904296875
100000000000000000000004,1,921125000,0,-54,5.41188421966054,0,0,0.280023986816406,1.63,0,-5399.904296875
100000000000000000000003,1,921125000,0,-46.5,6.20341830620953,0,0,0.280023986816406,1.63,0,-5399.904296875
100000000000000000000004,1,921125000,0,-54,5.35666091129666,0,0,0.280023986816406,1.63,0,-5399.904296875
100000000000000000000000,1,921125000,0,-48,3.81040827710793,0,0,0.280023986816406,1.63,0,-5399.904296875
100000000000000000000002,1,921125000,0,-45.5,1.65056332776495,0,0,0.280023986816406,1.63,0,-5399.904296875
100000000000000000000001,1,921125000,0,-47.5,2.66299064776947,0,0,0.280023986816406,1.63,0,-5399.904296875
100000000000000000000000,1,921125000,0,-48,3.8349519697141,0,0,0.280023986816406,1.63,0,-5399.904296875
100000000000000000000002,1,921125000,0,-45.5,1.66283517406803,0,0,0.280023986816406,1.63,0,-5399.904296875
100000000000000000000001,1,921125000,0,-47.5,2.66912657092102,0,0,0.280023986816406,1.63,0,-5399.904296875
100000000000000000000003,1,921125000,0,-46.5,6.21569015251262,0,0,0.280023986816406,1.63,0,-5399.904296875
100000000000000000000004,1,921125000,0,-53.5,5.39347645020591,0,0,0.280023986816406,1.63,0,-5399.904296875
100000000000000000000002,1,921125000,0,-45.5,1.66897109721958,0,0,0.280023986816406,1.63,0,-5399.904296875
100000000000000000000004,1,921125000,0,-54,5.41802014281208,0,0,0.280023986816406,1.63,0,-5399.904296875
100000000000000000000003,1,921125000,0,-46.5,6.20341830620953,0,0,0.280023986816406,1.63,0,-5399.904296875
100000000000000000000001,1,921125000,0,-47.5,2.63231103201176,0,0,0.280023986816406,1.63,0,-5399.904296875
100000000000000000000000,1,921125000,0,-48,3.84722381601719,0,0,0.280023986816406,1.63,0,-5399.904296875
100000000000000000000000,1,921125000,0,-48,3.82268012341102,0,0,0.280023986816406,1.63,0,-5399.904296875
100000000000000000000004,1,921125000,0,-54,5.405748296509,0,0,0.280023986816406,1.63,0,-5399.904296875
100000000000000000000001,1,921125000,0,-47.5,2.62617510886022,0,0,0.280023986816406,1.63,0,-5399.904296875
100000000000000000000002,1,921125000,0,-45.5,1.65669925091649,0,0,0.280023986816406,1.63,0,-5399.904296875
100000000000000000000003,1,921125000,0,-46.5,6.21569015251262,0,0,0.280023986816406,1.63,0,-5399.904296875
100000000000000000000003,1,921125000,0,-46.5,6.19728238305799,0,0,0.280023986816406,1.63,0,-5399.904296875
100000000000000000000002,1,921125000,0,-45,1.66897109721958,0,0,0.280023986816406,1.63,0,-5399.904296875
100000000000000000000001,1,921125000,0,-47.5,2.64458287831485,0,0,0.280023986816406,1.63,0,-5399.904296875
100000000000000000000000,1,921125000,0,-48,3.82268012341102,0,0,0.280023986816406,1.63,0,-5399.904296875
100000000000000000000004,1,921125000,0,-53.5,5.41188421966054,0,0,0.280023986816406,1.63,0,-5399.904296875
100000000000000000000002,1,921125000,0,-45.5,1.65669925091649,0,0,0.280023986816406,1.63,0,-5399.904296875
100000000000000000000001,1,921125000,0,-47.5,2.66299064776947,0,0,0.280023986816406,1.63,0,-5399.904296875
100000000000000000000003,1,921125000,0,-46.5,6.22182607566416,0,0,0.280023986816406,1.63,0,-5399.904296875
100000000000000000000000,1,921125000,0,-48,3.81040827710793,0,0,0.280023986816406,1.63,0,-5399.904296875
100000000000000000000004,1,921125000,0,-53.5,5.405748296509,0,0,0.280023986816406,1.63,0,-5399.904296875
100000000000000000000002,1,921125000,0,-45.5,1.66897109721958,0,0,0.280023986816406,1.63,0,-5399.904296875
100000000000000000000000,1,921125000,0,-48.5,3.82268012341102,0,0,0.280023986816406,1.63,0,-5399.904296875
100000000000000000000001,1,921125000,0,-47.5,2.65685472461793,0,0,0.280023986816406,1.63,0,-5399.904296875
100000000000000000000003,1,921125000,0,-46.5,6.20341830620953,0,0,0.280023986816406,1.63,0,-5399.904296875
100000000000000000000004,1,921125000,0,-53.5,5.38734052705437,0,0,0.280023986816406,1.63,0,-5399.904296875
100000000000000000000004,1,921125000,0,-54,5.39961237335746,0,0,0.280023986816406,1.63,0,-5399.904296875
100000000000000000000003,1,921125000,0,-46.5,6.21569015251262,0,0,0.280023986816406,1.63,0,-5399.904296875
100000000000000000000002,1,921125000,0,-45.5,1.61988371200724,0,0,0.280023986816406,1.63,0,-5399.904296875
100000000000000000000000,1,921125000,0,-48,3.81654420025948,0,0,0.280023986816406,1.63,0,-5399.904296875
100000000000000000000001,1,921125000,0,-47.5,2.67526249407256,0,0,0.280023986816406,1.63,0,-5399.904296875
100000000000000000000003,1,921125000,0,-46.5,6.21569015251262,0,0,0.280023986816406,1.63,0,-5399.904296875
100000000000000000000002,1,921125000,0,-45,1.66897109721958,0,0,0.280023986816406,1.63,0,-5399.904296875
100000000000000000000004,1,921125000,0,-54,5.37506868075129,0,0,0.280023986816406,1.63,0,-5399.904296875
100000000000000000000001,1,921125000,0,-47.5,2.66299064776947,0,0,0.280023986816406,1.63,0,-5399.904296875
100000000000000000000000,1,921125000,0,-48,3.82881604656256,0,0,0.280023986816406,1.63,0,-5399.904296875
100000000000000000000004,1,921125000,0,-54,5.35666091129666,0,0,0.280023986816406,1.63,0,-5399.904296875
100000000000000000000001,1,921125000,0,-47.5,2.65071880146639,0,0,0.280023986816406,1.63,0,-5399.904296875
100000000000000000000000,1,921125000,0,-48,3.82268012341102,0,0,0.280023986816406,1.63,0,-5399.904296875
100000000000000000000003,1,921125000,0,-46.5,6.20955422936108,0,0,0.280023986816406,1.63,0,-5399.904296875
100000000000000000000002,1,921125000,0,-45.5,1.65056332776495,0,0,0.280023986816406,1.63,0,-5399.904296875
100000000000000000000001,1,921125000,0,-47.5,2.65685472461793,0,0,0.280023986816406,1.63,0,-5399.904296875
100000000000000000000002,1,921125000,0,-45.5,1.63829148146186,0,0,0.280023986816406,1.63,0,-5399.904296875
100000000000000000000003,1,921125000,0,-46.5,6.2279619988157,0,0,0.280023986816406,1.63,0,-5399.904296875
100000000000000000000004,1,921125000,0,-54,5.38734052705437,0,0,0.280023986816406,1.63,0,-5399.904296875
100000000000000000000000,1,921125000,0,-48,3.8349519697141,0,0,0.280023986816406,1.63,0,-5399.904296875
100000000000000000000002,1,921125000,0,-45.5,1.65056332776495,0,0,0.280023986816406,1.63,0,-5399.904296875
100000000000000000000001,1,921125000,0,-47.5,2.66912657092102,0,0,0.280023986816406,1.63,0,-5399.904296875
100000000000000000000004,1,921125000,0,-53.5,5.39961237335746,0,0,0.280023986816406,1.63,0,-5399.904296875
100000000000000000000003,1,921125000,0,-46.5,6.17273869045182,0,0,0.280023986816406,1.63,0,-5399.904296875
100000000000000000000000,1,921125000,0,-48,3.81040827710793,0,0,0.280023986816406,1.63,0,-5399.904296875
100000000000000000000003,1,921125000,0,-46.5,6.21569015251262,0,0,0.280023986816406,1.63,0,-5399.904296875
100000000000000000000000,1,921125000,0,-48,3.81654420025948,0,0,0.280023986816406,1.63,0,-5399.904296875
100000000000000000000001,1,921125000,0,-47.5,2.66299064776947,0,0,0.280023986816406,1.63,0,-5399.904296875
100000000000000000000002,1,921125000,0,-45.5,1.67510702037112,0,0,0.280023986816406,1.63,0,-5399.904296875
100000000000000000000004,1,921125000,0,-54,5.34438906499357,0,0,0.280023986816406,1.63,0,-5399.904296875
100000000000000000000002,1,921125000,0,-45.5,1.66897109721958,0,0,0.280023986816406,1.63,0,-5399.904296875
100000000000000000000003,1,921125000,0,-46.5,6.20955422936108,0,0,0.280023986816406,1.63,0,-5399.904296875
100000000000000000000000,1,921125000,0,-48,3.82881604656256,0,0,0.280023986816406,1.63,0,-5399.904296875
100000000000000000000001,1,921125000,0,-47.5,2.6813984172241,0,0,0.280023986816406,1.63,0,-5399.904296875
100000000000000000000004,1,921125000,0,-54,5.3627968344482,0,0,0.280023986816406,1.63,0,-5399.904296875
100000000000000000000002,1,921125000,0,-45.5,1.65056332776495,0,0,0.280023986816406,1.63,0,-5399.904296875
100000000000000000000001,1,921125000,0,-47.5,2.66299064776947,0,0,0.280023986816406,1.63,0,-5399.904296875
100000000000000000000004,1,921125000,0,-53.5,5.38734052705437,0,0,0.280023986816406,1.63,0,-5399.904296875
100000000000000000000000,1,921125000,0,-48,3.81654420025948,0,0,0.280023986816406,1.63,0,-5399.904296875
100000000000000000000003,1,921125000,0,-46.5,6.20341830620953,0,0,0.280023986816406,1.63,0,-5399.904296875
100000000000000000000004,1,921125000,0,-54,5.41802014281208,0,0,0.280023986816406,1.63,0,-5399.904296875
100000000000000000000000,1,921125000,0,-48,3.82268012341102,0,0,0.280023986816406,1.63,0,-5399.904296875
100000000000000000000003,1,921125000,0,-46.5,6.22182607566416,0,0,0.280023986816406,1.63,0,-5399.904296875
100000000000000000000002,1,921125000,0,-45,1.64442740461341,0,0,0.280023986816406,1.63,0,-5399.904296875
100000000000000000000001,1,921125000,0,-47.5,2.65685472461793,0,0,0.280023986816406,1.63,0,-5399.904296875
100000000000000000000002,1,921125000,0,-45.5,1.66283517406803,0,0,0.280023986816406,1.63,0,-5399.904296875
100000000000000000000001,1,921125000,0,-47.5,2.64458287831485,0,0,0.280023986816406,1.63,0,-5399.904296875
100000000000000000000004,1,921125000,0,-54,5.39961237335746,0,0,0.280023986816406,1.63,0,-5399.904296875
100000000000000000000003,1,921125000,0,-46.5,6.21569015251262,0,0,0.280023986816406,1.63,0,-5399.904296875
100000000000000000000000,1,921125000,0,-48,3.81654420025948,0,0,0.280023986816406,1.63,0,-5399.904296875
100000000000000000000001,1,921125000,0,-47.5,2.65685472461793,0,0,0.280023986816406,1.63,0,-5399.904296875
100000000000000000000002,1,921125000,0,-45.5,1.65669925091649,0,0,0.280023986816406,1.63,0,-5399.904296875
100000000000000000000003,1,921125000,0,-46.5,6.21569015251262,0,0,0.280023986816406,1.63,0,-5399.904296875
100000000000000000000000,1,921125000,0,-48,3.8349519697141,0,0,0.280023986816406,1.63,0,-5399.904296875
100000000000000000000004,1,921125000,0,-54,5.38120460390283,0,0,0.280023986816406,1.63,0,-5399.904296875
100000000000000000000002,1,921125000,0,-45.5,1.67510702037112,0,0,0.280023986816406,1.63,0,-5399.904296875
100000000000000000000004,1,921125000,0,-54,5.3627968344482,0,0,0.280023986816406,1.63,0,-5399.904296875
100000000000000000000003,1,921125000,0,-46.5,6.21569015251262,0,0,0.280023986816406,1.63,0,-5399.904296875
100000000000000000000000,1,921125000,0,-48,3.81654420025948,0,0,0.280023986816406,1.63,0,-5399.904296875
100000000000000000000001,1,921125000,0,-47.5,2.66912657092102,0,0,0.280023986816406,1.63,0,-5399.904296875
100000000000000000000003,1,921125000,0,-46.5,6.2279619988157,0,0,0.280023986816406,1.63,0,-5399.904296875
100000000000000000000002,1,921125000,0,-45.5,1.65669925091649,0,0,0.280023986816406,1.63,0,-5399.904296875
100000000000000000000001,1,921125000,0,-47.5,2.68753434037564,0,0,0.280023986816406,1.63,0,-5399.904296875
100000000000000000000000,1,921125000,0,-48,3.79200050765331,0,0,0.280023986816406,1.63,0,-5399.904296875
100000000000000000000004,1,921125000,0,-54,5.37506868075129,0,0,0.280023986816406,1.63,0,-5399.904296875
100000000000000000000003,1,921125000,0,-46.5,6.21569015251262,0,0,0.280023986816406,1.63,0,-5399.904296875
100000000000000000000000,1,921125000,0,-48,3.8349519697141,0,0,0.280023986816406,1.63,0,-5399.904296875
100000000000000000000001,1,921125000,0,-47.5,2.6813984172241,0,0,0.280023986816406,1.63,0,-5399.904296875
100000000000000000000004,1,921125000,0,-54,5.39961237335746,0,0,0.280023986816406,1.63,0,-5399.904296875
100000000000000000000002,1,921125000,0,-45.5,1.65669925091649,0,0,0.280023986816406,1.63,0,-5399.904296875
100000000000000000000002,1,921125000,0,-45,1.67510702037112,0,0,0.280023986816406,1.63,0,-5399.904296875
100000000000000000000000,1,921125000,0,-48,3.82268012341102,0,0,0.280023986816406,1.63,0,-5399.904296875
100000000000000000000001,1,921125000,0,-47.5,2.66912657092102,0,0,0.280023986816406,1.63,0,-5399.904296875
100000000000000000000004,1,921125000,0,-54,5.38734052705437,0,0,0.280023986816406,1.63,0,-5399.904296875
100000000000000000000003,1,921125000,0,-46.5,6.20341830620953,0,0,0.280023986816406,1.63,0,-5399.904296875
100000000000000000000004,1,921125000,0,-53.5,5.37506868075129,0,0,0.280023986816406,1.63,0,-5399.904296875
100000000000000000000001,1,921125000,0,-47.5,2.66912657092102,0,0,0.280023986816406,1.63,0,-5399.904296875
100000000000000000000000,1,921125000,0,-48,3.80427235395639,0,0,0.280023986816406,1.63,0,-5399.904296875
100000000000000000000002,1,921125000,0,-45.5,1.65056332776495,0,0,0.280023986816406,1.63,0,-5399.904296875
100000000000000000000003,1,921125000,0,-46.5,6.21569015251262,0,0,0.280023986816406,1.63,0,-5399.904296875
100000000000000000000004,1,921125000,0,-53.5,5.37506868075129,0,0,0.280023986816406,1.63,0,-5399.904296875
100000000000000000000001,1,921125000,0,-47.5,2.65685472461793,0,0,0.280023986816406,1.63,0,-5399.904296875
100000000000000000000000,1,921125000,0,-48,3.78586458450176,0,0,0.280023986816406,1.63,0,-5399.904296875
100000000000000000000002,1,921125000,0,-45.5,1.64442740461341,0,0,0.280023986816406,1.63,0,-5399.904296875
100000000000000000000003,1,921125000,0,-46.5,6.21569015251262,0,0,0.280023986816406,1.63,0,-5399.904296875
100000000000000000000003,1,921125000,0,-46.5,6.20955422936108,0,0,0.280023986816406,1.63,0,-5399.904296875
100000000000000000000001,1,921125000,0,-47.5,2.68753434037564,0,0,0.280023986816406,1.63,0,-5399.904296875
100000000000000000000004,1,921125000,0,-53.5,5.3627968344482,0,0,0.280023986816406,1.63,0,-5399.904296875
100000000000000000000000,1,921125000,0,-48,3.82268012341102,0,0,0.280023986816406,1.63,0,-5399.904296875
100000000000000000000002,1,921125000,0,-45.5,1.65669925091649,0,0,0.280023986816406,1.63,0,-5399.904296875
100000000000000000000002,1,921125000,0,-45.5,1.68124294352266,0,0,0.280023986816406,1.63,0,-5399.904296875
100000000000000000000001,1,921125000,0,-47.5,2.66299064776947,0,0,0.280023986816406,1.63,0,-5399.904296875
100000000000000000000003,1,921125000,0,-46.5,6.21569015251262,0,0,0.280023986816406,1.63,0,-5399.904296875
100000000000000000000000,1,921125000,0,-48,3.79813643080485,0,0,0.280023986816406,1.63,0,-5399.904296875
100000000000000000000004,1,921125000,0,-53.5,5.38120460390283,0,0,0.280023986816406,1.63,0,-5399.904296875
100000000000000000000004,1,921125000,0,-54,5.36893275759974,0,0,0.280023986816406,1.63,0,-5399.904296875
100000000000000000000000,1,921125000,0,-48,3.81654420025948,0,0,0.280023986816406,1.63,0,-5399.904296875
100000000000000000000002,1,921125000,0,-45.5,1.65056332776495,0,0,0.280023986816406,1.63,0,-5399.904296875
100000000000000000000003,1,921125000,0,-46.5,6.22182607566416,0,0,0.280023986816406,1.63,0,-5399.904296875
100000000000000000000001,1,921125000,0,-47.5,2.66912657092102,0,0,0.280023986816406,1.63,0,-5399.904296875
100000000000000000000002,1,921125000,0,-45.5,1.66283517406803,0,0,0.280023986816406,1.63,0,-5399.904296875
100000000000000000000000,1,921125000,0,-48,3.79200050765331,0,0,0.280023986816406,1.63,0,-5399.904296875
100000000000000000000004,1,921125000,0,-54,5.38734052705437,0,0,0.280023986816406,1.63,0,-5399.904296875
100000000000000000000003,1,921125000,0,-46.5,6.21569015251262,0,0,0.280023986816406,1.63,0,-5399.904296875
100000000000000000000001,1,921125000,0,-47.5,2.67526249407256,0,0,0.280023986816406,1.63,0,-5399.904296875
100000000000000000000004,1,921125000,0,-54,5.39961237335746,0,0,0.280023986816406,1.63,0,-5399.904296875
100000000000000000000000,1,921125000,0,-48,3.8349519697141,0,0,0.280023986816406,1.63,0,-5399.904296875
100000000000000000000001,1,921125000,0,-47.5,2.6813984172241,0,0,0.280023986816406,1.63,0,-5399.904296875
100000000000000000000003,1,921125000,0,-46.5,6.19728238305799,0,0,0.280023986816406,1.63,0,-5399.904296875
100000000000000000000002,1,921125000,0,-45.5,1.65056332776495,0,0,0.280023986816406,1.63,0,-5399.904296875
100000000000000000000001,1,921125000,0,-47.5,2.65071880146639,0,0,0.280023986816406,1.63,0,-5399.904296875
100000000000000000000003,1,921125000,0,-46.5,6.19728238305799,0,0,0.280023986816406,1.63,0,-5399.904296875
100000000000000000000000,1,921125000,0,-48,3.82881604656256,0,0,0.280023986816406,1.63,0,-5399.904296875
100000000000000000000002,1,921125000,0,-45.5,1.66283517406803,0,0,0.280023986816406,1.63,0,-5399.904296875
100000000000000000000004,1,921125000,0,-53.5,5.38734052705437,0,0,0.280023986816406,1.63,0,-5399.904296875
100000000000000000000002,1,921125000,0,-45.5,1.65056332776495,0,0,0.280023986816406,1.63,0,-5399.904296875
100000000000000000000003,1,921125000,0,-46.5,6.20341830620953,0,0,0.280023986816406,1.63,0,-5399.904296875
100000000000000000000004,1,921125000,0,-54,5.37506868075129,0,0,0.280023986816406,1.63,0,-5399.904296875
100000000000000000000001,1,921125000,0,-47.5,2.6813984172241,0,0,0.280023986816406,1.63,0,-5399.904296875
100000000000000000000000,1,921125000,0,-48,3.82881604656256,0,0,0.280023986816406,1.63,0,-5399.904296875
100000000000000000000001,1,921125000,0,-47.5,2.65685472461793,0,0,0.280023986816406,1.63,0,-5399.904296875
100000000000000000000002,1,921125000,0,-45.5,1.65056332776495,0,0,0.280023986816406,1.63,0,-5399.904296875
100000000000000000000000,1,921125000,0,-48,3.82268012341102,0,0,0.280023986816406,1.63,0,-5399.904296875
100000000000000000000003,1,921125000,0,-46.5,6.21569015251262,0,0,0.280023986816406,1.63,0,-5399.904296875
100000000000000000000004,1,921125000,0,-54,5.38734052705437,0,0,0.280023986816406,1.63,0,-5399.904296875
100000000000000000000000,1,921125000,0,-48,3.80427235395639,0,0,0.280023986816406,1.63,0,-5399.904296875
100000000000000000000001,1,921125000,0,-47.5,2.66912657092102,0,0,0.280023986816406,1.63,0,-5399.904296875
100000000000000000000004,1,921125000,0,-54,5.38734052705437,0,0,0.280023986816406,1.63,0,-5399.904296875
100000000000000000000002,1,921125000,0,-45.5,1.62601963515878,0,0,0.280023986816406,1.63,0,-5399.904296875
100000000000000000000003,1,921125000,0,-46.5,6.20341830620953,0,0,0.280023986816406,1.63,0,-5399.904296875
100000000000000000000000,1,921125000,0,-48,3.82268012341102,0,0,0.280023986816406,1.63,0,-5399.904296875
100000000000000000000003,1,921125000,0,-46.5,6.20955422936108,0,0,0.280023986816406,1.63,0,-5399.904296875
100000000000000000000004,1,921125000,0,-54,5.36893275759974,0,0,0.280023986816406,1.63,0,-5399.904296875
100000000000000000000001,1,921125000,0,-47.5,2.66299064776947,0,0,0.280023986816406,1.63,0,-5399.904296875
100000000000000000000002,1,921125000,0,-45.5,1.65056332776495,0,0,0.280023986816406,1.63,0,-5399.904296875
100000000000000000000001,1,921125000,0,-47.5,2.66299064776947,0,0,0.280023986816406,1.63,0,-5399.904296875
100000000000000000000000,1,921125000,0,-48,3.81040827710793,0,0,0.280023986816406,1.63,0,-5399.904296875
100000000000000000000004,1,921125000,0,-54,5.38734052705437,0,0,0.280023986816406,1.63,0,-5399.904296875
100000000000000000000002,1,921125000,0,-45.5,1.65669925091649,0,0,0.280023986816406,1.63,0,-5399.904296875
100000000000000000000003,1,921125000,0,-46.5,6.21569015251262,0,0,0.280023986816406,1.63,0,-5399.904296875
100000000000000000000004,1,921125000,0,-53.5,5.405748296509,0,0,0.280023986816406,1.63,0,-5399.904296875
100000000000000000000003,1,921125000,0,-46.5,6.21569015251262,0,0,0.280023986816406,1.63,0,-5399.904296875
100000000000000000000000,1,921125000,0,-48,3.79200050765331,0,0,0.280023986816406,1.63,0,-5399.904296875
100000000000000000000002,1,921125000,0,-45.5,1.67510702037112,0,0,0.280023986816406,1.63,0,-5399.904296875
100000000000000000000001,1,921125000,0,-47.5,2.66912657092102,0,0,0.280023986816406,1.63,0,-5399.904296875
100000000000000000000001,1,921125000,0,-47.5,2.67526249407256,0,0,0.280023986816406,1.63,0,-5399.904296875
100000000000000000000002,1,921125000,0,-45.5,1.62601963515878,0,0,0.280023986816406,1.63,0,-5399.904296875
100000000000000000000000,1,921125000,0,-48,3.81040827710793,0,0,0.280023986816406,1.63,0,-5399.904296875
100000000000000000000003,1,921125000,0,-47,6.19728238305799,0,0,0.280023986816406,1.63,0,-5399.904296875
100000000000000000000004,1,921125000,0,-54,5.35666091129666,0,0,0.280023986816406,1.63,0,-5399.904296875
100000000000000000000002,1,921125000,0,-45.5,1.65056332776495,0,0,0.280023986816406,1.63,0,-5399.904296875
100000000000000000000001,1,921125000,0,-47.5,2.66912657092102,0,0,0.280023986816406,1.63,0,-5399.904296875
100000000000000000000003,1,921125000,0,-46.5,6.20955422936108,0,0,0.280023986816406,1.63,0,-5399.904296875
100000000000000000000000,1,921125000,0,-48,3.78586458450176,0,0,0.280023986816406,1.63,0,-5399.904296875
100000000000000000000004,1,921125000,0,-53.5,5.37506868075129,0,0,0.280023986816406,1.63,0,-5399.904296875
100000000000000000000003,1,921125000,0,-46.5,6.21569015251262,0,0,0.280023986816406,1.63,0,-5399.904296875
100000000000000000000004,1,921125000,0,-54,5.41802014281208,0,0,0.280023986816406,1.63,0,-5399.904296875
100000000000000000000002,1,921125000,0,-45.5,1.65056332776495,0,0,0.280023986816406,1.63,0,-5399.904296875
100000000000000000000000,1,921125000,0,-48,3.81040827710793,0,0,0.280023986816406,1.63,0,-5399.904296875
100000000000000000000001,1,921125000,0,-47.5,2.66299064776947,0,0,0.280023986816406,1.63,0,-5399.904296875
100000000000000000000000,1,921125000,0,-48,3.80427235395639,0,0,0.280023986816406,1.63,0,-5399.904296875
100000000000000000000001,1,921125000,0,-47.5,2.66299064776947,0,0,0.280023986816406,1.63,0,-5399.904296875
100000000000000000000002,1,921125000,0,-45.5,1.66283517406803,0,0,0.280023986816406,1.63,0,-5399.904296875
100000000000000000000003,1,921125000,0,-46.5,6.21569015251262,0,0,0.280023986816406,1.63,0,-5399.904296875
100000000000000000000004,1,921125000,0,-54,5.39347645020591,0,0,0.280023986816406,1.63,0,-5399.904296875
100000000000000000000000,1,921125000,0,-48,3.79200050765331,0,0,0.280023986816406,1.63,0,-5399.904296875
100000000000000000000004,1,921125000,0,-53.5,5.3627968344482,0,0,0.280023986816406,1.63,0,-5399.904296875
100000000000000000000001,1,921125000,0,-47.5,2.67526249407256,0,0,0.280023986816406,1.63,0,-5399.904296875
100000000000000000000003,1,921125000,0,-46.5,6.21569015251262,0,0,0.280023986816406,1.63,0,-5399.904296875
100000000000000000000002,1,921125000,0,-45.5,1.63215555831032,0,0,0.280023986816406,1.63,0,-5399.904296875
100000000000000000000001,1,921125000,0,-47.5,2.66299064776947,0,0,0.280023986816406,1.63,0,-5399.904296875
100000000000000000000000,1,921125000,0,-48,3.82881604656256,0,0,0.280023986816406,1.63,0,-5399.904296875
100000000000000000000002,1,921125000,0,-45.5,1.64442740461341,0,0,0.280023986816406,1.63,0,-5399.904296875
100000000000000000000003,1,921125000,0,-46.5,6.22182607566416,0,0,0.280023986816406,1.63,0,-5399.904296875
100000000000000000000004,1,921125000,0,-54,5.38120460390283,0,0,0.280023986816406,1.63,0,-5399.904296875
100000000000000000000002,1,921125000,0,-45.5,1.63215555831032,0,0,0.280023986816406,1.63,0,-5399.904296875
100000000000000000000003,1,921125000,0,-46.5,6.21569015251262,0,0,0.280023986816406,1.63,0,-5399.904296875
100000000000000000000001,1,921125000,0,-47.5,2.66299064776947,0,0,0.280023986816406,1.63,0,-5399.904296875
100000000000000000000004,1,921125000,0,-53.5,5.39961237335746,0,0,0.280023986816406,1.63,0,-5399.904296875
100000000000000000000000,1,921125000,0,-48,3.77972866135022,0,0,0.280023986816406,1.63,0,-5399.904296875
100000000000000000000002,1,921125000,0,-45.5,1.64442740461341,0,0,0.280023986816406,1.63,0,-5399.904296875
100000000000000000000000,1,921125000,0,-48,3.80427235395639,0,0,0.280023986816406,1.63,0,-5399.904296875
100000000000000000000003,1,921125000,0,-46.5,6.21569015251262,0,0,0.280023986816406,1.63,0,-5399.904296875
100000000000000000000001,1,921125000,0,-47.5,2.65685472461793,0,0,0.280023986816406,1.63,0,-5399.904296875
100000000000000000000004,1,921125000,0,-54,5.38734052705437,0,0,0.280023986816406,1.63,0,-5399.904296875
100000000000000000000002,1,921125000,0,-45,1.66897109721958,0,0,0.280023986816406,1.63,0,-5399.904296875
100000000000000000000001,1,921125000,0,-47.5,2.6813984172241,0,0,0.280023986816406,1.63,0,-5399.904296875
100000000000000000000004,1,921125000,0,-54,5.38734052705437,0,0,0.280023986816406,1.63,0,-5399.904296875
100000000000000000000000,1,921125000,0,-48,3.82268012341102,0,0,0.280023986816406,1.63,0,-5399.904296875
100000000000000000000003,1,921125000,0,-46.5,6.20341830620953,0,0,0.280023986816406,1.63,0,-5399.904296875
100000000000000000000004,1,921125000,0,-53.5,5.39961237335746,0,0,0.280023986816406,1.63,0,-5399.904296875
100000000000000000000003,1,921125000,0,-46.5,6.22182607566416,0,0,0.280023986816406,1.63,0,-5399.904296875
100000000000000000000002,1,921125000,0,-45.5,1.65056332776495,0,0,0.280023986816406,1.63,0,-5399.904296875
100000000000000000000000,1,921125000,0,-48,3.81040827710793,0,0,0.280023986816406,1.63,0,-5399.904296875
100000000000000000000001,1,921125000,0,-47.5,2.66912657092102,0,0,0.280023986816406,1.63,0,-5399.904296875
100000000000000000000000,1,921125000,0,-48,3.82268012341102,0,0,0.280023986816406,1.63,0,-5399.904296875
100000000000000000000004,1,921125000,0,-54,5.41802014281208,0,0,0.280023986816406,1.63,0,-5399.904296875
100000000000000000000001,1,921125000,0,-47.5,2.67526249407256,0,0,0.280023986816406,1.63,0,-5399.904296875
100000000000000000000003,1,921125000,0,-46.5,6.20955422936108,0,0,0.280023986816406,1.63,0,-5399.904296875
100000000000000000000002,1,921125000,0,-45.5,1.63215555831032,0,0,0.280023986816406,1.63,0,-5399.904296875
100000000000000000000001,1,921125000,0,-47.5,2.67526249407256,0,0,0.280023986816406,1.63,0,-5399.904296875
100000000000000000000004,1,921125000,0,-54,5.42415606596363,0,0,0.280023986816406,1.63,0,-5399.904296875
100000000000000000000003,1,921125000,0,-46.5,6.22182607566416,0,0,0.280023986816406,1.63,0,-5399.904296875
100000000000000000000000,1,921125000,0,-48,3.78586458450176,0,0,0.280023986816406,1.63,0,-5399.904296875
100000000000000000000002,1,921125000,0,-45.5,1.64442740461341,0,0,0.280023986816406,1.63,0,-5399.904296875
100000000000000000000003,1,921125000,0,-46.5,6.17887461360336,0,0,0.280023986816406,1.63,0,-5399.904296875
100000000000000000000002,1,921125000,0,-45.5,1.65669925091649,0,0,0.280023986816406,1.63,0,-5399.904296875
100000000000000000000001,1,921125000,0,-47.5,2.64458287831485,0,0,0.280023986816406,1.63,0,-5399.904296875
100000000000000000000000,1,921125000,0,-48,3.81654420025948,0,0,0.280023986816406,1.63,0,-5399.904296875
100000000000000000000004,1,921125000,0,-54,5.37506868075129,0,0,0.280023986816406,1.63,0,-5399.904296875
100000000000000000000000,1,921125000,0,-48,3.80427235395639,0,0,0.280023986816406,1.63,0,-5399.904296875
100000000000000000000002,1,921125000,0,-45.5,1.63829148146186,0,0,0.280023986816406,1.63,0,-5399.904296875
100000000000000000000003,1,921125000,0,-46.5,6.21569015251262,0,0,0.280023986816406,1.63,0,-5399.904296875
100000000000000000000001,1,921125000,0,-47.5,2.6813984172241,0,0,0.280023986816406,1.63,0,-5399.904296875
100000000000000000000004,1,921125000,0,-53.5,5.39961237335746,0,0,0.280023986816406,1.63,0,-5399.904296875
100000000000000000000003,1,921125000,0,-46.5,6.22182607566416,0,0,0.280023986816406,1.63,0,-5399.904296875
100000000000000000000001,1,921125000,0,-47.5,2.67526249407256,0,0,0.280023986816406,1.63,0,-5399.904296875
100000000000000000000002,1,921125000,0,-45.5,1.65669925091649,0,0,0.280023986816406,1.63,0,-5399.904296875
100000000000000000000004,1,921125000,0,-54,5.39347645020591,0,0,0.280023986816406,1.63,0,-5399.904296875
100000000000000000000000,1,921125000,0,-48,3.81040827710793,0,0,0.280023986816406,1.63,0,-5399.904296875
100000000000000000000002,1,921125000,0,-45.5,1.61988371200724,0,0,0.280023986816406,1.63,0,-5399.904296875
100000000000000000000000,1,921125000,0,-48,3.84108789286565,0,0,0.280023986816406,1.63,0,-5399.904296875
100000000000000000000004,1,921125000,0,-53.5,5.39347645020591,0,0,0.280023986816406,1.63,0,-5399.904296875
100000000000000000000001,1,921125000,0,-47.5,2.67526249407256,0,0,0.280023986816406,1.63,0,-5399.904296875
100000000000000000000003,1,921125000,0,-46.5,6.21569015251262,0,0,0.280023986816406,1.63,0,-5399.904296875
100000000000000000000004,1,921125000,0,-54,5.38734052705437,0,0,0.280023986816406,1.63,0,-5399.904296875
100000000000000000000003,1,921125000,0,-46.5,6.22182607566416,0,0,0.280023986816406,1.63,0,-5399.904296875
100000000000000000000000,1,921125000,0,-48,3.85335973916873,0,0,0.280023986816406,1.63,0,-5399.904296875
100000000000000000000001,1,921125000,0,-47.5,2.65685472461793,0,0,0.280023986816406,1.63,0,-5399.904296875
100000000000000000000002,1,921125000,0,-45.5,1.65669925091649,0,0,0.280023986816406,1.63,0,-5399.904296875
100000000000000000000003,1,921125000,0,-46.5,6.19728238305799,0,0,0.280023986816406,1.63,0,-5399.904296875
100000000000000000000004,1,921125000,0,-54,5.405748296509,0,0,0.280023986816406,1.63,0,-5399.904296875
100000000000000000000002,1,921125000,0,-45.5,1.65669925091649,0,0,0.280023986816406,1.63,0,-5399.904296875
100000000000000000000000,1,921125000,0,-48,3.80427235395639,0,0,0.280023986816406,1.63,0,-5399.904296875
100000000000000000000001,1,921125000,0,-47.5,2.66912657092102,0,0,0.280023986816406,1.63,0,-5399.904296875
100000000000000000000002,1,921125000,0,-45.5,1.65056332776495,0,0,0.280023986816406,1.63,0,-5399.904296875
100000000000000000000004,1,921125000,0,-54,5.39347645020591,0,0,0.280023986816406,1.63,0,-5399.904296875
100000000000000000000003,1,921125000,0,-46.5,6.2279619988157,0,0,0.280023986816406,1.63,0,-5399.904296875
100000000000000000000001,1,921125000,0,-47.5,2.67526249407256,0,0,0.280023986816406,1.63,0,-5399.904296875
100000000000000000000000,1,921125000,0,-48,3.79200050765331,0,0,0.280023986816406,1.63,0,-5399.904296875
100000000000000000000002,1,921125000,0,-45.5,1.65056332776495,0,0,0.280023986816406,1.63,0,-5399.904296875
100000000000000000000001,1,921125000,0,-47.5,2.65685472461793,0,0,0.280023986816406,1.63,0,-5399.904296875
100000000000000000000003,1,921125000,0,-46.5,6.2279619988157,0,0,0.280023986816406,1.63,0,-5399.904296875
100000000000000000000000,1,921125000,0,-48,3.81040827710793,0,0,0.280023986816406,1.63,0,-5399.904296875
100000000000000000000004,1,921125000,0,-54,5.36893275759974,0,0,0.280023986816406,1.63,0,-5399.904296875
100000000000000000000004,1,921125000,0,-54,5.41188421966054,0,0,0.280023986816406,1.63,0,-5399.904296875
100000000000000000000002,1,921125000,0,-45.5,1.65669925091649,0,0,0.280023986816406,1.63,0,-5399.904296875
100000000000000000000001,1,921125000,0,-47.5,2.68753434037564,0,0,0.280023986816406,1.63,0,-5399.904296875
100000000000000000000003,1,921125000,0,-46.5,6.22182607566416,0,0,0.280023986816406,1.63,0,-5399.904296875
100000000000000000000000,1,921125000,0,-48,3.79200050765331,0,0,0.280023986816406,1.63,0,-5399.904296875
100000000000000000000002,1,921125000,0,-45.5,1.66283517406803,0,0,0.280023986816406,1.63,0,-5399.904296875
100000000000000000000003,1,921125000,0,-46.5,6.22182607566416,0,0,0.280023986816406,1.63,0,-5399.904296875
100000000000000000000000,1,921125000,0,-48,3.82268012341102,0,0,0.280023986816406,1.63,0,-5399.904296875
100000000000000000000004,1,921125000,0,-54,5.405748296509,0,0,0.280023986816406,1.63,0,-5399.904296875
100000000000000000000001,1,921125000,0,-47.5,2.66299064776947,0,0,0.280023986816406,1.63,0,-5399.904296875
100000000000000000000004,1,921125000,0,-54,5.37506868075129,0,0,0.280023986816406,1.63,0,-5399.904296875
100000000000000000000000,1,921125000,0,-48,3.79813643080485,0,0,0.280023986816406,1.63,0,-5399.904296875
100000000000000000000002,1,921125000,0,-45.5,1.68124294352266,0,0,0.280023986816406,1.63,0,-5399.904296875
100000000000000000000003,1,921125000,0,-46.5,6.22182607566416,0,0,0.280023986816406,1.63,0,-5399.904296875
100000000000000000000001,1,921125000,0,-47.5,2.66912657092102,0,0,0.280023986816406,1.63,0,-5399.904296875
100000000000000000000002,1,921125000,0,-45.5,1.62601963515878,0,0,0.280023986816406,1.63,0,-5399.904296875
100000000000000000000000,1,921125000,0,-48,3.82268012341102,0,0,0.280023986816406,1.63,0,-5399.904296875
100000000000000000000001,1,921125000,0,-47.5,2.67526249407256,0,0,0.280023986816406,1.63,0,-5399.904296875
100000000000000000000003,1,921125000,0,-46.5,6.2279619988157,0,0,0.280023986816406,1.63,0,-5399.904296875
100000000000000000000004,1,921125000,0,-54,5.3627968344482,0,0,0.280023986816406,1.63,0,-5399.904296875
100000000000000000000002,1,921125000,0,-45.5,1.65669925091649,0,0,0.280023986816406,1.63,0,-5399.904296875
100000000000000000000004,1,921125000,0,-53.5,5.41188421966054,0,0,0.280023986816406,1.63,0,-5399.904296875
100000000000000000000001,1,921125000,0,-47.5,2.67526249407256,0,0,0.280023986816406,1.63,0,-5399.904296875
100000000000000000000003,1,921125000,0,-46.5,6.22182607566416,0,0,0.280023986816406,1.63,0,-5399.904296875
100000000000000000000000,1,921125000,0,-48,3.79200050765331,0,0,0.280023986816406,1.63,0,-5399.904296875
100000000000000000000004,1,921125000,0,-53.5,5.39961237335746,0,0,0.280023986816406,1.63,0,-5399.904296875
100000000000000000000002,1,921125000,0,-45.5,1.63829148146186,0,0,0.280023986816406,1.63,0,-5399.904296875
100000000000000000000001,1,921125000,0,-47.5,2.67526249407256,0,0,0.280023986816406,1.63,0,-5399.904296875
100000000000000000000000,1,921125000,0,-48,3.82881604656256,0,0,0.280023986816406,1.63,0,-5399.904296875
100000000000000000000003,1,921125000,0,-46.5,6.20341830620953,0,0,0.280023986816406,1.63,0,-5399.904296875
100000000000000000000000,1,921125000,0,-48,3.81040827710793,0,0,0.280023986816406,1.63,0,-5399.904296875
100000000000000000000004,1,921125000,0,-54,5.41188421966054,0,0,0.280023986816406,1.63,0,-5399.904296875
100000000000000000000002,1,921125000,0,-45.5,1.65056332776495,0,0,0.280023986816406,1.63,0,-5399.904296875
100000000000000000000001,1,921125000,0,-47.5,2.67526249407256,0,0,0.280023986816406,1.63,0,-5399.904296875
100000000000000000000003,1,921125000,0,-46.5,6.20341830620953,0,0,0.280023986816406,1.63,0,-5399.904296875
100000000000000000000002,1,921125000,0,-45.5,1.67510702037112,0,0,0.280023986816406,1.63,0,-5399.904296875
100000000000000000000004,1,921125000,0,-54,5.3627968344482,0,0,0.280023986816406,1.63,0,-5399.904296875
100000000000000000000003,1,921125000,0,-46.5,6.20341830620953,0,0,0.280023986816406,1.63,0,-5399.904296875
100000000000000000000000,1,921125000,0,-48,3.82268012341102,0,0,0.280023986816406,1.63,0,-5399.904296875
100000000000000000000001,1,921125000,0,-47.5,2.67526249407256,0,0,0.280023986816406,1.63,0,-5399.904296875
100000000000000000000000,1,921125000,0,-48,3.82881604656256,0,0,0.280023986816406,1.63,0,-5399.904296875
100000000000000000000003,1,921125000,0,-46.5,6.22182607566416,0,0,0.280023986816406,1.63,0,-5399.904296875
100000000000000000000004,1,921125000,0,-53.5,5.39961237335746,0,0,0.280023986816406,1.63,0,-5399.904296875
100000000000000000000002,1,921125000,0,-45.5,1.61988371200724,0,0,0.280023986816406,1.63,0,-5399.904296875
100000000000000000000001,1,921125000,0,-47.5,2.66299064776947,0,0,0.280023986816406,1.63,0,-5399.904296875
100000000000000000000004,1,921125000,0,-53.5,5.41188421966054,0,0,0.280023986816406,1.63,0,-5399.904296875
100000000000000000000002,1,921125000,0,-45.5,1.68737886667421,0,0,0.280023986816406,1.63,0,-5399.904296875
100000000000000000000000,1,921125000,0,-48,3.79813643080485,0,0,0.280023986816406,1.63,0,-5399.904296875
100000000000000000000003,1,921125000,0,-46.5,6.20341830620953,0,0,0.280023986816406,1.63,0,-5399.904296875
100000000000000000000001,1,921125000,0,-47.5,2.66299064776947,0,0,0.280023986816406,1.63,0,-5399.904296875
100000000000000000000003,1,921125000,0,-46.5,6.22182607566416,0,0,0.280023986816406,1.63,0,-5399.904296875
100000000000000000000000,1,921125000,0,-48,3.80427235395639,0,0,0.280023986816406,1.63,0,-5399.904296875
100000000000000000000001,1,921125000,0,-47.5,2.66912657092102,0,0,0.280023986816406,1.63,0,-5399.904296875
100000000000000000000002,1,921125000,0,-45.5,1.66897109721958,0,0,0.280023986816406,1.63,0,-5399.904296875
100000000000000000000004,1,921125000,0,-54,5.35666091129666,0,0,0.280023986816406,1.63,0,-5399.904296875
100000000000000000000004,1,921125000,0,-54,5.41802014281208,0,0,0.280023986816406,1.63,0,-5399.904296875
100000000000000000000003,1,921125000,0,-46.5,6.2279619988157,0,0,0.280023986816406,1.63,0,-5399.904296875
100000000000000000000002,1,921125000,0,-45.5,1.67510702037112,0,0,0.280023986816406,1.63,0,-5399.904296875
100000000000000000000000,1,921125000,0,-48,3.79813643080485,0,0,0.280023986816406,1.63,0,-5399.904296875
100000000000000000000001,1,921125000,0,-47.5,2.66299064776947,0,0,0.280023986816406,1.63,0,-5399.904296875
100000000000000000000000,1,921125000,0,-48,3.81040827710793,0,0,0.280023986816406,1.63,0,-5399.904296875
100000000000000000000004,1,921125000,0,-53.5,5.405748296509,0,0,0.280023986816406,1.63,0,-5399.904296875
100000000000000000000001,1,921125000,0,-47.5,2.68753434037564,0,0,0.280023986816406,1.63,0,-5399.904296875
100000000000000000000002,1,921125000,0,-45,1.68124294352266,0,0,0.280023986816406,1.63,0,-5399.904296875
100000000000000000000003,1,921125000,0,-46.5,6.20955422936108,0,0,0.280023986816406,1.63,0,-5399.904296875
100000000000000000000000,1,921125000,0,-48,3.79813643080485,0,0,0.280023986816406,1.63,0,-5399.904296875
100000000000000000000002,1,921125000,0,-45.5,1.64442740461341,0,0,0.280023986816406,1.63,0,-5399.904296875
100000000000000000000004,1,921125000,0,-54,5.405748296509,0,0,0.280023986816406,1.63,0,-5399.904296875
100000000000000000000003,1,921125000,0,-47,6.21569015251262,0,0,0.280023986816406,1.63,0,-5399.904296875
100000000000000000000001,1,921125000,0,-47.5,2.67526249407256,0,0,0.280023986816406,1.63,0,-5399.904296875
100000000000000000000000,1,921125000,0,-48,3.81040827710793,0,0,0.280023986816406,1.63,0,-5399.904296875
100000000000000000000001,1,921125000,0,-47.5,2.6813984172241,0,0,0.280023986816406,1.63,0,-5399.904296875
100000000000000000000002,1,921125000,0,-45.5,1.63829148146186,0,0,0.280023986816406,1.63,0,-5399.904296875
100000000000000000000004,1,921125000,0,-54,5.39347645020591,0,0,0.280023986816406,1.63,0,-5399.904296875
100000000000000000000003,1,921125000,0,-46.5,6.2279619988157,0,0,0.280023986816406,1.63,0,-5399.904296875
100000000000000000000000,1,921125000,0,-48,3.81654420025948,0,0,0.280023986816406,1.63,0,-5399.904296875
100000000000000000000004,1,921125000,0,-54,5.405748296509,0,0,0.280023986816406,1.63,0,-5399.904296875
100000000000000000000001,1,921125000,0,-47.5,2.67526249407256,0,0,0.280023986816406,1.63,0,-5399.904296875
100000000000000000000002,1,921125000,0,-45.5,1.65669925091649,0,0,0.280023986816406,1.63,0,-5399.904296875
100000000000000000000003,1,921125000,0,-46.5,6.20341830620953,0,0,0.280023986816406,1.63,0,-5399.904296875
100000000000000000000001,1,921125000,0,-47.5,2.67526249407256,0,0,0.280023986816406,1.63,0,-5399.904296875
100000000000000000000002,1,921125000,0,-45.5,1.66897109721958,0,0,0.280023986816406,1.63,0,-5399.904296875
100000000000000000000003,1,921125000,0,-46.5,6.20955422936108,0,0,0.280023986816406,1.63,0,-5399.904296875
100000000000000000000004,1,921125000,0,-53.5,5.3627968344482,0,0,0.280023986816406,1.63,0,-5399.904296875
100000000000000000000000,1,921125000,0,-48,3.81654420025948,0,0,0.280023986816406,1.63,0,-5399.904296875
100000000000000000000004,1,921125000,0,-53.5,5.405748296509,0,0,0.280023986816406,1.63,0,-5399.904296875
100000000000000000000003,1,921125000,0,-46.5,6.21569015251262,0,0,0.280023986816406,1.63,0,-5399.904296875
100000000000000000000001,1,921125000,0,-47.5,2.6813984172241,0,0,0.280023986816406,1.63,0,-5399.904296875
100000000000000000000002,1,921125000,0,-45.5,1.65056332776495,0,0,0.280023986816406,1.63,0,-5399.904296875
100000000000000000000000,1,921125000,0,-48,3.80427235395639,0,0,0.280023986816406,1.63,0,-5399.904296875
100000000000000000000003,1,921125000,0,-46.5,6.22182607566416,0,0,0.280023986816406,1.63,0,-5399.904296875
100000000000000000000000,1,921125000,0,-48,3.8349519697141,0,0,0.280023986816406,1.63,0,-5399.904296875
100000000000000000000002,1,921125000,0,-45.5,1.65669925091649,0,0,0.280023986816406,1.63,0,-5399.904296875
100000000000000000000001,1,921125000,0,-47.5,2.6813984172241,0,0,0.280023986816406,1.63,0,-5399.904296875
100000000000000000000004,1,921125000,0,-53.5,5.39961237335746,0,0,0.280023986816406,1.63,0,-5399.904296875
100000000000000000000001,1,921125000,0,-47.5,2.65685472461793,0,0,0.280023986816406,1.63,0,-5399.904296875
100000000000000000000004,1,921125000,0,-54,5.38734052705437,0,0,0.280023986816406,1.63,0,-5399.904296875
100000000000000000000003,1,921125000,0,-47,6.22182607566416,0,0,0.280023986816406,1.63,0,-5399.904296875
100000000000000000000002,1,921125000,0,-45.5,1.67510702037112,0,0,0.280023986816406,1.63,0,-5399.904296875
100000000000000000000000,1,921125000,0,-48,3.81040827710793,0,0,0.280023986816406,1.63,0,-5399.904296875
100000000000000000000000,1,921125000,0,-48,3.80427235395639,0,0,0.280023986816406,1.63,0,-5399.904296875
100000000000000000000001,1,921125000,0,-47.5,2.66299064776947,0,0,0.280023986816406,1.63,0,-5399.904296875
100000000000000000000004,1,921125000,0,-54,5.39961237335746,0,0,0.280023986816406,1.63,0,-5399.904296875
100000000000000000000002,1,921125000,0,-45.5,1.65056332776495,0,0,0.280023986816406,1.63,0,-5399.904296875
100000000000000000000003,1,921125000,0,-46.5,6.21569015251262,0,0,0.280023986816406,1.63,0,-5399.904296875
100000000000000000000003,1,921125000,0,-46.5,6.21569015251262,0,0,0.280023986816406,1.63,0,-5399.904296875
100000000000000000000002,1,921125000,0,-45.5,1.64442740461341,0,0,0.280023986816406,1.63,0,-5399.904296875
100000000000000000000001,1,921125000,0,-47.5,2.65685472461793,0,0,0.280023986816406,1.63,0,-5399.904296875
100000000000000000000004,1,921125000,0,-53.5,5.38734052705437,0,0,0.280023986816406,1.63,0,-5399.904296875
100000000000000000000000,1,921125000,0,-48,3.81040827710793,0,0,0.280023986816406,1.63,0,-5399.904296875
100000000000000000000002,1,921125000,0,-45.5,1.66283517406803,0,0,0.280023986816406,1.63,0,-5399.904296875
100000000000000000000004,1,921125000,0,-54,5.41188421966054,0,0,0.280023986816406,1.63,0,-5399.904296875
100000000000000000000003,1,921125000,0,-46.5,6.23409792196725,0,0,0.280023986816406,1.63,0,-5399.904296875
100000000000000000000000,1,921125000,0,-48,3.81040827710793,0,0,0.280023986816406,1.63,0,-5399.904296875
100000000000000000000001,1,921125000,0,-47.5,2.65685472461793,0,0,0.280023986816406,1.63,0,-5399.904296875
100000000000000000000000,1,921625000,0,-48,3.99448597165421,0,0,0.280023986816406,1.63,0,-5399.904296875
100000000000000000000004,1,921625000,0,-54,5.66959299202533,0,0,0.280023986816406,1.63,0,-5399.904296875
100000000000000000000002,1,921625000,0,-45,1.88986433067511,0,0,0.280023986816406,1.63,0,-5399.904296875
100000000000000000000003,1,921625000,0,-46.5,0.141126232485479,0,0,0.280023986816406,1.63,0,-5399.904296875
100000000000000000000001,1,921625000,0,-47.5,2.88388388122501,0,0,0.280023986816406,1.63,0,-5399.904296875
100000000000000000000001,1,921625000,0,-47.5,2.91456349698272,0,0,0.280023986816406,1.63,0,-5399.904296875
100000000000000000000002,1,921625000,0,-45,1.89600025382665,0,0,0.280023986816406,1.63,0,-5399.904296875
100000000000000000000003,1,921625000,0,-46,0.159534001940107,0,0,0.280023986816406,1.63,0,-5399.904296875
100000000000000000000000,1,921625000,0,-48,4.01902966426038,0,0,0.280023986816406,1.63,0,-5399.904296875
100000000000000000000004,1,921625000,0,-54,5.64504929941916,0,0,0.280023986816406,1.63,0,-5399.904296875
100000000000000000000000,1,921625000,0,-48,3.98221412535112,0,0,0.280023986816406,1.63,0,-5399.904296875
100000000000000000000002,1,921625000,0,-45,1.88986433067511,0,0,0.280023986816406,1.63,0,-5399.904296875
100000000000000000000001,1,921625000,0,-47.5,2.89615572752809,0,0,0.280023986816406,1.63,0,-5399.904296875
100000000000000000000004,1,921625000,0,-54,5.66345706887379,0,0,0.280023986816406,1.63,0,-5399.904296875
100000000000000000000003,1,921625000,0,-46.5,0.147262155637022,0,0,0.280023986816406,1.63,0,-5399.904296875
100000000000000000000004,1,921625000,0,-54,5.66345706887379,0,0,0.280023986816406,1.63,0,-5399.904296875
100000000000000000000001,1,921625000,0,-47.5,2.87161203492192,0,0,0.280023986816406,1.63,0,-5399.904296875
100000000000000000000002,1,921625000,0,-45,1.9021361769782,0,0,0.280023986816406,1.63,0,-5399.904296875
100000000000000000000003,1,921625000,0,-46.5,0.153398078788564,0,0,0.280023986816406,1.63,0,-5399.904296875
100000000000000000000000,1,921625000,0,-48,4.00062189480575,0,0,0.280023986816406,1.63,0,-5399.904296875
100000000000000000000001,1,921625000,0,-47.5,2.88388388122501,0,0,0.280023986816406,1.63,0,-5399.904296875
100000000000000000000002,1,921625000,0,-45,1.9021361769782,0,0,0.280023986816406,1.63,0,-5399.904296875
100000000000000000000004,1,921625000,0,-54,5.6511852225707,0,0,0.280023986816406,1.63,0,-5399.904296875
100000000000000000000000,1,921625000,0,-48,4.01902966426038,0,0,0.280023986816406,1.63,0,-5399.904296875
100000000000000000000003,1,921625000,0,-46.5,0.141126232485479,0,0,0.280023986816406,1.63,0,-5399.904296875
100000000000000000000002,1,921625000,0,-45,1.87145656122048,0,0,0.280023986816406,1.63,0,-5399.904296875
100000000000000000000003,1,921625000,0,-46.5,0.147262155637022,0,0,0.280023986816406,1.63,0,-5399.904296875
100000000000000000000001,1,921625000,0,-47.5,2.89001980437655,0,0,0.280023986816406,1.63,0,-5399.904296875
100000000000000000000000,1,921625000,0,-48,4.01902966426038,0,0,0.280023986816406,1.63,0,-5399.904296875
100000000000000000000004,1,921625000,0,-54,5.67572891517687,0,0,0.280023986816406,1.63,0,-5399.904296875
100000000000000000000001,1,921625000,0,-47.5,2.89615572752809,0,0,0.280023986816406,1.63,0,-5399.904296875
100000000000000000000000,1,921625000,0,-48,3.99448597165421,0,0,0.280023986816406,1.63,0,-5399.904296875
100000000000000000000003,1,921625000,0,-46.5,0.165669925091649,0,0,0.280023986816406,1.63,0,-5399.904296875
100000000000000000000004,1,921625000,0,-54,5.67572891517687,0,0,0.280023986816406,1.63,0,-5399.904296875
100000000000000000000002,1,921625000,0,-45,1.88986433067511,0,0,0.280023986816406,1.63,0,-5399.904296875
100000000000000000000000,1,921625000,0,-48,4.00062189480575,0,0,0.280023986816406,1.63,0,-5399.904296875
100000000000000000000001,1,921625000,0,-47.5,2.88388388122501,0,0,0.280023986816406,1.63,0,-5399.904296875
100000000000000000000002,1,921625000,0,-45,1.91440802328128,0,0,0.280023986816406,1.63,0,-5399.904296875
100000000000000000000003,1,921625000,0,-46.5,0.171805848243192,0,0,0.280023986816406,1.63,0,-5399.904296875
100000000000000000000004,1,921625000,0,-54,5.62050560681299,0,0,0.280023986816406,1.63,0,-5399.904296875
100000000000000000000000,1,921625000,0,-48,4.00062189480575,0,0,0.280023986816406,1.63,0,-5399.904296875
100000000000000000000002,1,921625000,0,-45,1.88372840752357,0,0,0.280023986816406,1.63,0,-5399.904296875
100000000000000000000003,1,921625000,0,-46.5,0.165669925091649,0,0,0.280023986816406,1.63,0,-5399.904296875
100000000000000000000001,1,921625000,0,-47.5,2.89001980437655,0,0,0.280023986816406,1.63,0,-5399.904296875
100000000000000000000004,1,921625000,0,-54,5.63891337626762,0,0,0.280023986816406,1.63,0,-5399.904296875
100000000000000000000000,1,921625000,0,-48,4.00062189480575,0,0,0.280023986816406,1.63,0,-5399.904296875
100000000000000000000003,1,921625000,0,-46.5,0.141126232485479,0,0,0.280023986816406,1.63,0,-5399.904296875
100000000000000000000004,1,921625000,0,-54,5.59596191420682,0,0,0.280023986816406,1.63,0,-5399.904296875
100000000000000000000002,1,921625000,0,-45,1.92667986958437,0,0,0.280023986816406,1.63,0,-5399.904296875
100000000000000000000001,1,921625000,0,-47.5,2.88388388122501,0,0,0.280023986816406,1.63,0,-5399.904296875
100000000000000000000004,1,921625000,0,-54,5.62664152996453,0,0,0.280023986816406,1.63,0,-5399.904296875
100000000000000000000003,1,921625000,0,-46.5,0.147262155637022,0,0,0.280023986816406,1.63,0,-5399.904296875
100000000000000000000001,1,921625000,0,-47.5,2.89001980437655,0,0,0.280023986816406,1.63,0,-5399.904296875
100000000000000000000000,1,921625000,0,-48,4.0067578179573,0,0,0.280023986816406,1.63,0,-5399.904296875
100000000000000000000002,1,921625000,0,-45,1.88372840752357,0,0,0.280023986816406,1.63,0,-5399.904296875
100000000000000000000000,1,921625000,0,-48,4.02516558741192,0,0,0.280023986816406,1.63,0,-5399.904296875
100000000000000000000003,1,921625000,0,-46.5,0.147262155637022,0,0,0.280023986816406,1.63,0,-5399.904296875
100000000000000000000001,1,921625000,0,-47.5,2.89615572752809,0,0,0.280023986816406,1.63,0,-5399.904296875
100000000000000000000004,1,921625000,0,-54,5.63891337626762,0,0,0.280023986816406,1.63,0,-5399.904296875
100000000000000000000002,1,921625000,0,-45,1.88986433067511,0,0,0.280023986816406,1.63,0,-5399.904296875
100000000000000000000001,1,921625000,0,-47.5,2.90229165067963,0,0,0.280023986816406,1.63,0,-5399.904296875
100000000000000000000000,1,921625000,0,-48,4.00062189480575,0,0,0.280023986816406,1.63,0,-5399.904296875
100000000000000000000004,1,921625000,0,-54,5.64504929941916,0,0,0.280023986816406,1.63,0,-5399.904296875
100000000000000000000003,1,921625000,0,-46.5,0.177941771394734,0,0,0.280023986816406,1.63,0,-5399.904296875
100000000000000000000002,1,921625000,0,-45,1.9021361769782,0,0,0.280023986816406,1.63,0,-5399.904296875
100000000000000000000004,1,921625000,0,-54,5.65732114572224,0,0,0.280023986816406,1.63,0,-5399.904296875
100000000000000000000001,1,921625000,0,-47.5,2.88388388122501,0,0,0.280023986816406,1.63,0,-5399.904296875
100000000000000000000002,1,921625000,0,-45,1.87145656122048,0,0,0.280023986816406,1.63,0,-5399.904296875
100000000000000000000000,1,921625000,0,-48,3.98835004850267,0,0,0.280023986816406,1.63,0,-5399.904296875
100000000000000000000003,1,921625000,0,-46.5,0.153398078788564,0,0,0.280023986816406,1.63,0,-5399.904296875
100000000000000000000003,1,921625000,0,-46.5,0.165669925091649,0,0,0.280023986816406,1.63,0,-5399.904296875
100000000000000000000002,1,921625000,0,-45,1.92054394643282,0,0,0.280023986816406,1.63,0,-5399.904296875
100000000000000000000001,1,921625000,0,-47.5,2.89615572752809,0,0,0.280023986816406,1.63,0,-5399.904296875
100000000000000000000000,1,921625000,0,-48,4.00062189480575,0,0,0.280023986816406,1.63,0,-5399.904296875
100000000000000000000004,1,921625000,0,-54,5.63891337626762,0,0,0.280023986816406,1.63,0,-5399.904296875
100000000000000000000000,1,921625000,0,-48,4.00062189480575,0,0,0.280023986816406,1.63,0,-5399.904296875
100000000000000000000003,1,921625000,0,-46.5,0.159534001940107,0,0,0.280023986816406,1.63,0,-5399.904296875
100000000000000000000002,1,921625000,0,-45,1.86532063806894,0,0,0.280023986816406,1.63,0,-5399.904296875
100000000000000000000004,1,921625000,0,-54,5.67572891517687,0,0,0.280023986816406,1.63,0,-5399.904296875
100000000000000000000001,1,921625000,0,-47.5,2.89001980437655,0,0,0.280023986816406,1.63,0,-5399.904296875
100000000000000000000004,1,921625000,0,-54.5,5.68186483832841,0,0,0.280023986816406,1.63,0,-5399.904296875
100000000000000000000001,1,921625000,0,-47.5,2.89615572752809,0,0,0.280023986816406,1.63,0,-5399.904296875
100000000000000000000002,1,921625000,0,-45,1.87759248437203,0,0,0.280023986816406,1.63,0,-5399.904296875
100000000000000000000000,1,921625000,0,-48,4.0067578179573,0,0,0.280023986816406,1.63,0,-5399.904296875
100000000000000000000003,1,921625000,0,-46,0.147262155637022,0,0,0.280023986816406,1.63,0,-5399.904296875
100000000000000000000004,1,921625000,0,-54,5.65732114572224,0,0,0.280023986816406,1.63,0,-5399.904296875
100000000000000000000000,1,921625000,0,-48,3.98221412535112,0,0,0.280023986816406,1.63,0,-5399.904296875
100000000000000000000002,1,921625000,0,-45,1.88372840752357,0,0,0.280023986816406,1.63,0,-5399.904296875
100000000000000000000001,1,921625000,0,-47.5,2.89001980437655,0,0,0.280023986816406,1.63,0,-5399.904296875
100000000000000000000003,1,921625000,0,-46.5,0.165669925091649,0,0,0.280023986816406,1.63,0,-5399.904296875
100000000000000000000001,1,921625000,0,-47.5,2.89615572752809,0,0,0.280023986816406,1.63,0,-5399.904296875
100000000000000000000002,1,921625000,0,-45,1.91440802328128,0,0,0.280023986816406,1.63,0,-5399.904296875
100000000000000000000000,1,921625000,0,-48,4.01902966426038,0,0,0.280023986816406,1.63,0,-5399.904296875
100000000000000000000003,1,921625000,0,-46.5,0.165669925091649,0,0,0.280023986816406,1.63,0,-5399.904296875
100000000000000000000004,1,921625000,0,-54,5.63277745311607,0,0,0.280023986816406,1.63,0,-5399.904296875
100000000000000000000000,1,921625000,0,-48,4.00062189480575,0,0,0.280023986816406,1.63,0,-5399.904296875
100000000000000000000004,1,921625000,0,-54,5.64504929941916,0,0,0.280023986816406,1.63,0,-5399.904296875
100000000000000000000003,1,921625000,0,-46.5,0.153398078788564,0,0,0.280023986816406,1.63,0,-5399.904296875
100000000000000000000001,1,921625000,0,-47.5,2.87774795807346,0,0,0.280023986816406,1.63,0,-5399.904296875
100000000000000000000002,1,921625000,0,-45,1.92054394643282,0,0,0.280023986816406,1.63,0,-5399.904296875
100000000000000000000000,1,921625000,0,-48,3.98835004850267,0,0,0.280023986816406,1.63,0,-5399.904296875
100000000000000000000004,1,921625000,0,-54,5.65732114572224,0,0,0.280023986816406,1.63,0,-5399.904296875
100000000000000000000002,1,921625000,0,-45,1.88986433067511,0,0,0.280023986816406,1.63,0,-5399.904296875
100000000000000000000001,1,921625000,0,-47.5,2.89001980437655,0,0,0.280023986816406,1.63,0,-5399.904296875
100000000000000000000003,1,921625000,0,-46.5,0.141126232485479,0,0,0.280023986816406,1.63,0,-5399.904296875
100000000000000000000004,1,921625000,0,-54,5.66345706887379,0,0,0.280023986816406,1.63,0,-5399.904296875
100000000000000000000003,1,921625000,0,-46.5,0.141126232485479,0,0,0.280023986816406,1.63,0,-5399.904296875
100000000000000000000002,1,921625000,0,-45,1.9021361769782,0,0,0.280023986816406,1.63,0,-5399.904296875
100000000000000000000001,1,921625000,0,-47.5,2.89615572752809,0,0,0.280023986816406,1.63,0,-5399.904296875
100000000000000000000000,1,921625000,0,-48,4.00062189480575,0,0,0.280023986816406,1.63,0,-5399.904296875
100000000000000000000004,1,921625000,0,-54,5.67572891517687,0,0,0.280023986816406,1.63,0,-5399.904296875
100000000000000000000002,1,921625000,0,-45,1.88372840752357,0,0,0.280023986816406,1.63,0,-5399.904296875
100000000000000000000001,1,921625000,0,-47.5,2.88388388122501,0,0,0.280023986816406,1.63,0,-5399.904296875
100000000000000000000000,1,921625000,0,-48,3.98835004850267,0,0,0.280023986816406,1.63,0,-5399.904296875
100000000000000000000003,1,921625000,0,-46.5,0.159534001940107,0,0,0.280023986816406,1.63,0,-5399.904296875
100000000000000000000001,1,921625000,0,-47.5,2.90229165067963,0,0,0.280023986816406,1.63,0,-5399.904296875
100000000000000000000002,1,921625000,0,-45,1.8591847149174,0,0,0.280023986816406,1.63,0,-5399.904296875
100000000000000000000003,1,921625000,0,-46.5,0.134990309333936,0,0,0.280023986816406,1.63,0,-5399.904296875
100000000000000000000000,1,921625000,0,-48,3.98835004850267,0,0,0.280023986816406,1.63,0,-5399.904296875
100000000000000000000004,1,921625000,0,-54,5.6511852225707,0,0,0.280023986816406,1.63,0,-5399.904296875
100000000000000000000002,1,921625000,0,-45,1.89600025382665,0,0,0.280023986816406,1.63,0,-5399.904296875
100000000000000000000000,1,921625000,0,-48,3.98221412535112,0,0,0.280023986816406,1.63,0,-5399.904296875
100000000000000000000004,1,921625000,0,-54,5.63891337626762,0,0,0.280023986816406,1.63,0,-5399.904296875
100000000000000000000001,1,921625000,0,-47.5,2.89001980437655,0,0,0.280023986816406,1.63,0,-5399.904296875
100000000000000000000003,1,921625000,0,-46.5,0.165669925091649,0,0,0.280023986816406,1.63,0,-5399.904296875
100000000000000000000003,1,921625000,0,-46.5,0.153398078788564,0,0,0.280023986816406,1.63,0,-5399.904296875
100000000000000000000002,1,921625000,0,-45,1.90827210012974,0,0,0.280023986816406,1.63,0,-5399.904296875
100000000000000000000000,1,921625000,0,-48,4.00062189480575,0,0,0.280023986816406,1.63,0,-5399.904296875
100000000000000000000001,1,921625000,0,-47.5,2.90842757383118,0,0,0.280023986816406,1.63,0,-5399.904296875
100000000000000000000004,1,921625000,0,-54,5.68800076147996,0,0,0.280023986816406,1.63,0,-5399.904296875
100000000000000000000002,1,921625000,0,-45,1.91440802328128,0,0,0.280023986816406,1.63,0,-5399.904296875
100000000000000000000004,1,921625000,0,-54,5.6511852225707,0,0,0.280023986816406,1.63,0,-5399.904296875
100000000000000000000003,1,921625000,0,-46.5,0.165669925091649,0,0,0.280023986816406,1.63,0,-5399.904296875
100000000000000000000001,1,921625000,0,-47.5,2.88388388122501,0,0,0.280023986816406,1.63,0,-5399.904296875
100000000000000000000000,1,921625000,0,-48,4.00062189480575,0,0,0.280023986816406,1.63,0,-5399.904296875
100000000000000000000003,1,921625000,0,-46.5,0.153398078788564,0,0,0.280023986816406,1.63,0,-5399.904296875
100000000000000000000000,1,921625000,0,-48,3.99448597165421,0,0,0.280023986816406,1.63,0,-5399.904296875
100000000000000000000002,1,921625000,0,-45,1.88372840752357,0,0,0.280023986816406,1.63,0,-5399.904296875
100000000000000000000001,1,921625000,0,-47.5,2.87774795807346,0,0,0.280023986816406,1.63,0,-5399.904296875
100000000000000000000004,1,921625000,0,-54,5.65732114572224,0,0,0.280023986816406,1.63,0,-5399.904296875
100000000000000000000001,1,921625000,0,-47.5,2.89615572752809,0,0,0.280023986816406,1.63,0,-5399.904296875
100000000000000000000002,1,921625000,0,-45,1.88372840752357,0,0,0.280023986816406,1.63,0,-5399.904296875
100000000000000000000003,1,921625000,0,-46.5,0.177941771394734,0,0,0.280023986816406,1.63,0,-5399.904296875
100000000000000000000004,1,921625000,0,-54,5.68186483832841,0,0,0.280023986816406,1.63,0,-5399.904296875
100000000000000000000000,1,921625000,0,-48,3.98221412535112,0,0,0.280023986816406,1.63,0,-5399.904296875
100000000000000000000002,1,921625000,0,-45,1.88372840752357,0,0,0.280023986816406,1.63,0,-5399.904296875
100000000000000000000003,1,921625000,0,-46.5,0.128854386182394,0,0,0.280023986816406,1.63,0,-5399.904296875
100000000000000000000004,1,921625000,0,-54,5.65732114572224,0,0,0.280023986816406,1.63,0,-5399.904296875
100000000000000000000000,1,921625000,0,-48,4.0067578179573,0,0,0.280023986816406,1.63,0,-5399.904296875
100000000000000000000001,1,921625000,0,-47.5,2.88388388122501,0,0,0.280023986816406,1.63,0,-5399.904296875
100000000000000000000001,1,921625000,0,-47.5,2.89001980437655,0,0,0.280023986816406,1.63,0,-5399.904296875
100000000000000000000002,1,921625000,0,-45,1.87759248437203,0,0,0.280023986816406,1.63,0,-5399.904296875
100000000000000000000003,1,921625000,0,-46.5,0.159534001940107,0,0,0.280023986816406,1.63,0,-5399.904296875
100000000000000000000004,1,921625000,0,-54,5.6511852225707,0,0,0.280023986816406,1.63,0,-5399.904296875
100000000000000000000000,1,921625000,0,-48,4.00062189480575,0,0,0.280023986816406,1.63,0,-5399.904296875
100000000000000000000001,1,921625000,0,-47.5,2.87161203492192,0,0,0.280023986816406,1.63,0,-5399.904296875
100000000000000000000004,1,921625000,0,-54,5.64504929941916,0,0,0.280023986816406,1.63,0,-5399.904296875
100000000000000000000003,1,921625000,0,-46.5,0.147262155637022,0,0,0.280023986816406,1.63,0,-5399.904296875
100000000000000000000000,1,921625000,0,-48,4.03130151056346,0,0,0.280023986816406,1.63,0,-5399.904296875
100000000000000000000002,1,921625000,0,-45,1.87759248437203,0,0,0.280023986816406,1.63,0,-5399.904296875
100000000000000000000003,1,921625000,0,-46.5,0.165669925091649,0,0,0.280023986816406,1.63,0,-5399.904296875
100000000000000000000004,1,921625000,0,-54,5.65732114572224,0,0,0.280023986816406,1.63,0,-5399.904296875
100000000000000000000002,1,921625000,0,-45,1.87145656122048,0,0,0.280023986816406,1.63,0,-5399.904296875
100000000000000000000000,1,921625000,0,-48,4.0067578179573,0,0,0.280023986816406,1.63,0,-5399.904296875
100000000000000000000001,1,921625000,0,-47.5,2.90842757383118,0,0,0.280023986816406,1.63,0,-5399.904296875
100000000000000000000000,1,921625000,0,-48,4.01902966426038,0,0,0.280023986816406,1.63,0,-5399.904296875
100000000000000000000002,1,921625000,0,-45,1.90827210012974,0,0,0.280023986816406,1.63,0,-5399.904296875
100000000000000000000001,1,921625000,0,-47.5,2.87774795807346,0,0,0.280023986816406,1.63,0,-5399.904296875
100000000000000000000004,1,921625000,0,-54,5.66345706887379,0,0,0.280023986816406,1.63,0,-5399.904296875
100000000000000000000003,1,921625000,0,-46.5,0.122718463030851,0,0,0.280023986816406,1.63,0,-5399.904296875
100000000000000000000003,1,921625000,0,-46.5,0.177941771394734,0,0,0.280023986816406,1.63,0,-5399.904296875
100000000000000000000002,1,921625000,0,-45,1.88372840752357,0,0,0.280023986816406,1.63,0,-5399.904296875
100000000000000000000000,1,921625000,0,-48,3.99448597165421,0,0,0.280023986816406,1.63,0,-5399.904296875
100000000000000000000001,1,921625000,0,-47.5,2.88388388122501,0,0,0.280023986816406,1.63,0,-5399.904296875
100000000000000000000004,1,921625000,0,-54.5,5.64504929941916,0,0,0.280023986816406,1.63,0,-5399.904296875
100000000000000000000004,1,921625000,0,-54,5.66345706887379,0,0,0.280023986816406,1.63,0,-5399.904296875
100000000000000000000002,1,921625000,0,-45,1.90827210012974,0,0,0.280023986816406,1.63,0,-5399.904296875
100000000000000000000000,1,921625000,0,-48,4.03130151056346,0,0,0.280023986816406,1.63,0,-5399.904296875
100000000000000000000001,1,921625000,0,-47.5,2.89001980437655,0,0,0.280023986816406,1.63,0,-5399.904296875
100000000000000000000003,1,921625000,0,-46.5,0.147262155637022,0,0,0.280023986816406,1.63,0,-5399.904296875
100000000000000000000002,1,921625000,0,-45,1.9021361769782,0,0,0.280023986816406,1.63,0,-5399.904296875
100000000000000000000003,1,921625000,0,-46.5,0.122718463030851,0,0,0.280023986816406,1.63,0,-5399.904296875
100000000000000000000001,1,921625000,0,-47.5,2.87774795807346,0,0,0.280023986816406,1.63,0,-5399.904296875
100000000000000000000000,1,921625000,0,-48,4.01289374110884,0,0,0.280023986816406,1.63,0,-5399.904296875
100000000000000000000004,1,921625000,0,-54,5.62664152996453,0,0,0.280023986816406,1.63,0,-5399.904296875
100000000000000000000003,1,921625000,0,-46.5,0.141126232485479,0,0,0.280023986816406,1.63,0,-5399.904296875
100000000000000000000000,1,921625000,0,-48,4.00062189480575,0,0,0.280023986816406,1.63,0,-5399.904296875
100000000000000000000002,1,921625000,0,-45,1.89600025382665,0,0,0.280023986816406,1.63,0,-5399.904296875
100000000000000000000001,1,921625000,0,-47.5,2.90229165067963,0,0,0.280023986816406,1.63,0,-5399.904296875
100000000000000000000004,1,921625000,0,-54,5.66345706887379,0,0,0.280023986816406,1.63,0,-5399.904296875
100000000000000000000001,1,921625000,0,-47.5,2.88388388122501,0,0,0.280023986816406,1.63,0,-5399.904296875
100000000000000000000004,1,921625000,0,-54,5.6511852225707,0,0,0.280023986816406,1.63,0,-5399.904296875
100000000000000000000002,1,921625000,0,-45,1.88372840752357,0,0,0.280023986816406,1.63,0,-5399.904296875
100000000000000000000000,1,921625000,0,-48,3.98221412535112,0,0,0.280023986816406,1.63,0,-5399.904296875
100000000000000000000003,1,921625000,0,-46,0.153398078788564,0,0,0.280023986816406,1.63,0,-5399.904296875
100000000000000000000003,1,921625000,0,-46.5,0.128854386182394,0,0,0.280023986816406,1.63,0,-5399.904296875
100000000000000000000000,1,921625000,0,-48,4.0067578179573,0,0,0.280023986816406,1.63,0,-5399.904296875
100000000000000000000001,1,921625000,0,-47.5,2.88388388122501,0,0,0.280023986816406,1.63,0,-5399.904296875
100000000000000000000002,1,921625000,0,-45,1.88372840752357,0,0,0.280023986816406,1.63,0,-5399.904296875
100000000000000000000004,1,921625000,0,-54,5.6511852225707,0,0,0.280023986816406,1.63,0,-5399.904296875
100000000000000000000000,1,921625000,0,-48,3.99448597165421,0,0,0.280023986816406,1.63,0,-5399.904296875
100000000000000000000003,1,921625000,0,-46.5,0.141126232485479,0,0,0.280023986816406,1.63,0,-5399.904296875
100000000000000000000002,1,921625000,0,-45,1.87145656122048,0,0,0.280023986816406,1.63,0,-5399.904296875
100000000000000000000001,1,921625000,0,-47.5,2.87161203492192,0,0,0.280023986816406,1.63,0,-5399.904296875
100000000000000000000004,1,921625000,0,-54,5.65732114572224,0,0,0.280023986816406,1.63,0,-5399.904296875
100000000000000000000001,1,921625000,0,-47.5,2.89001980437655,0,0,0.280023986816406,1.63,0,-5399.904296875
100000000000000000000003,1,921625000,0,-46.5,0.147262155637022,0,0,0.280023986816406,1.63,0,-5399.904296875
100000000000000000000000,1,921625000,0,-48,3.98835004850267,0,0,0.280023986816406,1.63,0,-5399.904296875
100000000000000000000002,1,921625000,0,-45,1.87759248437203,0,0,0.280023986816406,1.63,0,-5399.904296875
100000000000000000000004,1,921625000,0,-54,5.68800076147996,0,0,0.280023986816406,1.63,0,-5399.904296875
100000000000000000000000,1,921625000,0,-48,4.01289374110884,0,0,0.280023986816406,1.63,0,-5399.904296875
100000000000000000000002,1,921625000,0,-45,1.88986433067511,0,0,0.280023986816406,1.63,0,-5399.904296875
100000000000000000000004,1,921625000,0,-54,5.63891337626762,0,0,0.280023986816406,1.63,0,-5399.904296875
100000000000000000000003,1,921625000,0,-46.5,0.159534001940107,0,0,0.280023986816406,1.63,0,-5399.904296875
100000000000000000000001,1,921625000,0,-47.5,2.88388388122501,0,0,0.280023986816406,1.63,0,-5399.904296875
100000000000000000000003,1,921625000,0,-46.5,0.171805848243192,0,0,0.280023986816406,1.63,0,-5399.904296875
100000000000000000000001,1,921625000,0,-47.5,2.90229165067963,0,0,0.280023986816406,1.63,0,-5399.904296875
100000000000000000000004,1,921625000,0,-54,5.66959299202533,0,0,0.280023986816406,1.63,0,-5399.904296875
100000000000000000000000,1,921625000,0,-48,4.02516558741192,0,0,0.280023986816406,1.63,0,-5399.904296875
100000000000000000000002,1,921625000,0,-45,1.88372840752357,0,0,0.280023986816406,1.63,0,-5399.904296875
100000000000000000000003,1,921625000,0,-46.5,0.141126232485479,0,0,0.280023986816406,1.63,0,-5399.904296875
100000000000000000000000,1,921625000,0,-48,4.02516558741192,0,0,0.280023986816406,1.63,0,-5399.904296875
100000000000000000000001,1,921625000,0,-47.5,2.89001980437655,0,0,0.280023986816406,1.63,0,-5399.904296875
100000000000000000000002,1,921625000,0,-45,1.87145656122048,0,0,0.280023986816406,1.63,0,-5399.904296875
100000000000000000000004,1,921625000,0,-54,5.65732114572224,0,0,0.280023986816406,1.63,0,-5399.904296875
100000000000000000000000,1,921625000,0,-48,4.0067578179573,0,0,0.280023986816406,1.63,0,-5399.904296875
100000000000000000000003,1,921625000,0,-46.5,0.153398078788564,0,0,0.280023986816406,1.63,0,-5399.904296875
100000000000000000000001,1,921625000,0,-47.5,2.89001980437655,0,0,0.280023986816406,1.63,0,-5399.904296875
100000000000000000000004,1,921625000,0,-54,5.6941366846315,0,0,0.280023986816406,1.63,0,-5399.904296875
100000000000000000000002,1,921625000,0,-45,1.87759248437203,0,0,0.280023986816406,1.63,0,-5399.904296875
100000000000000000000001,1,921625000,0,-47.5,2.89615572752809,0,0,0.280023986816406,1.63,0,-5399.904296875
100000000000000000000004,1,921625000,0,-54,5.67572891517687,0,0,0.280023986816406,1.63,0,-5399.904296875
100000000000000000000003,1,921625000,0,-46.5,0.171805848243192,0,0,0.280023986816406,1.63,0,-5399.904296875
100000000000000000000002,1,921625000,0,-45,1.87145656122048,0,0,0.280023986816406,1.63,0,-5399.904296875
100000000000000000000000,1,921625000,0,-48,3.96994227904804,0,0,0.280023986816406,1.63,0,-5399.904296875
100000000000000000000004,1,921625000,0,-54,5.60209783735836,0,0,0.280023986816406,1.63,0,-5399.904296875
100000000000000000000002,1,921625000,0,-45,1.9021361769782,0,0,0.280023986816406,1.63,0,-5399.904296875
100000000000000000000001,1,921625000,0,-47.5,2.87774795807346,0,0,0.280023986816406,1.63,0,-5399.904296875
100000000000000000000000,1,921625000,0,-48,4.03130151056346,0,0,0.280023986816406,1.63,0,-5399.904296875
100000000000000000000003,1,921625000,0,-46.5,0.153398078788564,0,0,0.280023986816406,1.63,0,-5399.904296875
100000000000000000000004,1,921625000,0,-54,5.6511852225707,0,0,0.280023986816406,1.63,0,-5399.904296875
100000000000000000000002,1,921625000,0,-45,1.90827210012974,0,0,0.280023986816406,1.63,0,-5399.904296875
100000000000000000000003,1,921625000,0,-46.5,0.128854386182394,0,0,0.280023986816406,1.63,0,-5399.904296875
100000000000000000000000,1,921625000,0,-48,3.99448597165421,0,0,0.280023986816406,1.63,0,-5399.904296875
100000000000000000000001,1,921625000,0,-47.5,2.89615572752809,0,0,0.280023986816406,1.63,0,-5399.904296875
100000000000000000000000,1,921625000,0,-48,4.04357335686655,0,0,0.280023986816406,1.63,0,-5399.904296875
100000000000000000000002,1,921625000,0,-45,1.92054394643282,0,0,0.280023986816406,1.63,0,-5399.904296875
100000000000000000000004,1,921625000,0,-54,5.66345706887379,0,0,0.280023986816406,1.63,0,-5399.904296875
100000000000000000000001,1,921625000,0,-47.5,2.89615572752809,0,0,0.280023986816406,1.63,0,-5399.904296875
100000000000000000000003,1,921625000,0,-46,0.171805848243192,0,0,0.280023986816406,1.63,0,-5399.904296875
100000000000000000000003,1,921625000,0,-46.5,0.141126232485479,0,0,0.280023986816406,1.63,0,-5399.904296875
100000000000000000000001,1,921625000,0,-47.5,2.89615572752809,0,0,0.280023986816406,1.63,0,-5399.904296875
100000000000000000000004,1,921625000,0,-54,5.63277745311607,0,0,0.280023986816406,1.63,0,-5399.904296875
100000000000000000000000,1,921625000,0,-48,3.98835004850267,0,0,0.280023986816406,1.63,0,-5399.904296875
100000000000000000000002,1,921625000,0,-45,1.87759248437203,0,0,0.280023986816406,1.63,0,-5399.904296875
100000000000000000000003,1,921625000,0,-46.5,0.159534001940107,0,0,0.280023986816406,1.63,0,-5399.904296875
100000000000000000000000,1,921625000,0,-48,4.01289374110884,0,0,0.280023986816406,1.63,0,-5399.904296875
100000000000000000000001,1,921625000,0,-47.5,2.90842757383118,0,0,0.280023986816406,1.63,0,-5399.904296875
100000000000000000000002,1,921625000,0,-45,1.86532063806894,0,0,0.280023986816406,1.63,0,-5399.904296875
100000000000000000000004,1,921625000,0,-54,5.64504929941916,0,0,0.280023986816406,1.63,0,-5399.904296875
100000000000000000000003,1,921625000,0,-46.5,0.171805848243192,0,0,0.280023986816406,1.63,0,-5399.904296875
100000000000000000000002,1,921625000,0,-45,1.88372840752357,0,0,0.280023986816406,1.63,0,-5399.904296875
100000000000000000000001,1,921625000,0,-47.5,2.89615572752809,0,0,0.280023986816406,1.63,0,-5399.904296875
100000000000000000000000,1,921625000,0,-48,4.00062189480575,0,0,0.280023986816406,1.63,0,-5399.904296875
100000000000000000000004,1,921625000,0,-54,5.64504929941916,0,0,0.280023986816406,1.63,0,-5399.904296875
100000000000000000000001,1,921625000,0,-47.5,2.89001980437655,0,0,0.280023986816406,1.63,0,-5399.904296875
100000000000000000000004,1,921625000,0,-54,5.65732114572224,0,0,0.280023986816406,1.63,0,-5399.904296875
100000000000000000000000,1,921625000,0,-48,4.04970928001809,0,0,0.280023986816406,1.63,0,-5399.904296875
100000000000000000000003,1,921625000,0,-46.5,0.165669925091649,0,0,0.280023986816406,1.63,0,-5399.904296875
100000000000000000000002,1,921625000,0,-45,1.88986433067511,0,0,0.280023986816406,1.63,0,-5399.904296875
100000000000000000000002,1,921625000,0,-45,1.9021361769782,0,0,0.280023986816406,1.63,0,-5399.904296875
100000000000000000000001,1,921625000,0,-47.5,2.89001980437655,0,0,0.280023986816406,1.63,0,-5399.904296875
100000000000000000000000,1,921625000,0,-48,4.01289374110884,0,0,0.280023986816406,1.63,0,-5399.904296875
100000000000000000000003,1,921625000,0,-46.5,0.165669925091649,0,0,0.280023986816406,1.63,0,-5399.904296875
100000000000000000000004,1,921625000,0,-54,5.64504929941916,0,0,0.280023986816406,1.63,0,-5399.904296875
100000000000000000000003,1,921625000,0,-46.5,0.147262155637022,0,0,0.280023986816406,1.63,0,-5399.904296875
100000000000000000000000,1,921625000,0,-48,4.01902966426038,0,0,0.280023986816406,1.63,0,-5399.904296875
100000000000000000000001,1,921625000,0,-47.5,2.90229165067963,0,0,0.280023986816406,1.63,0,-5399.904296875
100000000000000000000002,1,921625000,0,-45,1.90827210012974,0,0,0.280023986816406,1.63,0,-5399.904296875
100000000000000000000004,1,921625000,0,-54,5.70027260778304,0,0,0.280023986816406,1.63,0,-5399.904296875
100000000000000000000001,1,921625000,0,-47.5,2.89615572752809,0,0,0.280023986816406,1.63,0,-5399.904296875
100000000000000000000004,1,921625000,0,-54,5.67572891517687,0,0,0.280023986816406,1.63,0,-5399.904296875
100000000000000000000002,1,921625000,0,-45,1.92054394643282,0,0,0.280023986816406,1.63,0,-5399.904296875
100000000000000000000000,1,921625000,0,-48,4.0067578179573,0,0,0.280023986816406,1.63,0,-5399.904296875
100000000000000000000003,1,921625000,0,-46.5,0.147262155637022,0,0,0.280023986816406,1.63,0,-5399.904296875
100000000000000000000000,1,921625000,0,-48,4.02516558741192,0,0,0.280023986816406,1.63,0,-5399.904296875
100000000000000000000001,1,921625000,0,-47.5,2.90229165067963,0,0,0.280023986816406,1.63,0,-5399.904296875
100000000000000000000003,1,921625000,0,-46.5,0.153398078788564,0,0,0.280023986816406,1.63,0,-5399.904296875
100000000000000000000002,1,921625000,0,-45,1.88986433067511,0,0,0.280023986816406,1.63,0,-5399.904296875
100000000000000000000004,1,921625000,0,-54,5.66959299202533,0,0,0.280023986816406,1.63,0,-5399.904296875
100000000000000000000001,1,921625000,0,-47.5,2.89001980437655,0,0,0.280023986816406,1.63,0,-5399.904296875
100000000000000000000002,1,921625000,0,-45,1.90827210012974,0,0,0.280023986816406,1.63,0,-5399.904296875
100000000000000000000004,1,921625000,0,-54,5.65732114572224,0,0,0.280023986816406,1.63,0,-5399.904296875
100000000000000000000003,1,921625000,0,-46.5,0.134990309333936,0,0,0.280023986816406,1.63,0,-5399.904296875
100000000000000000000000,1,921625000,0,-48,3.98835004850267,0,0,0.280023986816406,1.63,0,-5399.904296875
100000000000000000000003,1,921625000,0,-46.5,0.153398078788564,0,0,0.280023986816406,1.63,0,-5399.904296875
100000000000000000000000,1,921625000,0,-48,4.01289374110884,0,0,0.280023986816406,1.63,0,-5399.904296875
100000000000000000000001,1,921625000,0,-47.5,2.88388388122501,0,0,0.280023986816406,1.63,0,-5399.904296875
100000000000000000000004,1,921625000,0,-54,5.67572891517687,0,0,0.280023986816406,1.63,0,-5399.904296875
100000000000000000000002,1,921625000,0,-45,1.91440802328128,0,0,0.280023986816406,1.63,0,-5399.904296875
100000000000000000000001,1,921625000,0,-47.5,2.87774795807346,0,0,0.280023986816406,1.63,0,-5399.904296875
100000000000000000000002,1,921625000,0,-45,1.9021361769782,0,0,0.280023986816406,1.63,0,-5399.904296875
100000000000000000000000,1,921625000,0,-48,4.0067578179573,0,0,0.280023986816406,1.63,0,-5399.904296875
100000000000000000000003,1,921625000,0,-46.5,0.159534001940107,0,0,0.280023986816406,1.63,0,-5399.904296875
100000000000000000000004,1,921625000,0,-54,5.6511852225707,0,0,0.280023986816406,1.63,0,-5399.904296875
100000000000000000000002,1,921625000,0,-45,1.91440802328128,0,0,0.280023986816406,1.63,0,-5399.904296875
100000000000000000000001,1,921625000,0,-47.5,2.89615572752809,0,0,0.280023986816406,1.63,0,-5399.904296875
100000000000000000000004,1,921625000,0,-54.5,5.64504929941916,0,0,0.280023986816406,1.63,0,-5399.904296875
100000000000000000000003,1,921625000,0,-46,0.122718463030851,0,0,0.280023986816406,1.63,0,-5399.904296875
100000000000000000000000,1,921625000,0,-48,4.01902966426038,0,0,0.280023986816406,1.63,0,-5399.904296875
100000000000000000000004,1,921625000,0,-54,5.66345706887379,0,0,0.280023986816406,1.63,0,-5399.904296875
100000000000000000000000,1,921625000,0,-48,3.97607820219958,0,0,0.280023986816406,1.63,0,-5399.904296875
100000000000000000000001,1,921625000,0,-47.5,2.89615572752809,0,0,0.280023986816406,1.63,0,-5399.904296875
100000000000000000000002,1,921625000,0,-45,1.89600025382665,0,0,0.280023986816406,1.63,0,-5399.904296875
100000000000000000000003,1,921625000,0,-46.5,0.171805848243192,0,0,0.280023986816406,1.63,0,-5399.904296875
100000000000000000000004,1,921625000,0,-54,5.63277745311607,0,0,0.280023986816406,1.63,0,-5399.904296875
100000000000000000000003,1,921625000,0,-46.5,0.147262155637022,0,0,0.280023986816406,1.63,0,-5399.904296875
100000000000000000000002,1,921625000,0,-45,1.88372840752357,0,0,0.280023986816406,1.63,0,-5399.904296875
100000000000000000000001,1,921625000,0,-47.5,2.86547611177038,0,0,0.280023986816406,1.63,0,-5399.904296875
100000000000000000000000,1,921625000,0,-48,4.02516558741192,0,0,0.280023986816406,1.63,0,-5399.904296875
100000000000000000000002,1,921625000,0,-45,1.88372840752357,0,0,0.280023986816406,1.63,0,-5399.904296875
100000000000000000000000,1,921625000,0,-48,4.0067578179573,0,0,0.280023986816406,1.63,0,-5399.904296875
100000000000000000000003,1,921625000,0,-46.5,0.177941771394734,0,0,0.280023986816406,1.63,0,-5399.904296875
100000000000000000000004,1,921625000,0,-54,5.66345706887379,0,0,0.280023986816406,1.63,0,-5399.904296875
100000000000000000000001,1,921625000,0,-47.5,2.90229165067963,0,0,0.280023986816406,1.63,0,-5399.904296875
100000000000000000000000,1,921625000,0,-48,4.00062189480575,0,0,0.280023986816406,1.63,0,-5399.904296875
100000000000000000000003,1,921625000,0,-46.5,0.134990309333936,0,0,0.280023986816406,1.63,0,-5399.904296875
100000000000000000000001,1,921625000,0,-47.5,2.89615572752809,0,0,0.280023986816406,1.63,0,-5399.904296875
100000000000000000000004,1,921625000,0,-54,5.6511852225707,0,0,0.280023986816406,1.63,0,-5399.904296875
100000000000000000000002,1,921625000,0,-45,1.87759248437203,0,0,0.280023986816406,1.63,0,-5399.904296875
100000000000000000000004,1,921625000,0,-54,5.62050560681299,0,0,0.280023986816406,1.63,0,-5399.904296875
100000000000000000000000,1,921625000,0,-48,3.97607820219958,0,0,0.280023986816406,1.63,0,-5399.904296875
100000000000000000000002,1,921625000,0,-45,1.88986433067511,0,0,0.280023986816406,1.63,0,-5399.904296875
100000000000000000000003,1,921625000,0,-46.5,0.177941771394734,0,0,0.280023986816406,1.63,0,-5399.904296875
100000000000000000000001,1,921625000,0,-47.5,2.90842757383118,0,0,0.280023986816406,1.63,0,-5399.904296875
100000000000000000000004,1,921625000,0,-54,5.68186483832841,0,0,0.280023986816406,1.63,0,-5399.904296875
100000000000000000000001,1,921625000,0,-47.5,2.87774795807346,0,0,0.280023986816406,1.63,0,-5399.904296875
100000000000000000000002,1,921625000,0,-45,1.87759248437203,0,0,0.280023986816406,1.63,0,-5399.904296875
100000000000000000000003,1,921625000,0,-46.5,0.147262155637022,0,0,0.280023986816406,1.63,0,-5399.904296875
100000000000000000000000,1,921625000,0,-48,4.04970928001809,0,0,0.280023986816406,1.63,0,-5399.904296875
100000000000000000000001,1,921625000,0,-47.5,2.88388388122501,0,0,0.280023986816406,1.63,0,-5399.904296875
100000000000000000000000,1,921625000,0,-48,4.00062189480575,0,0,0.280023986816406,1.63,0,-5399.904296875
100000000000000000000002,1,921625000,0,-45,1.90827210012974,0,0,0.280023986816406,1.63,0,-5399.904296875
100000000000000000000004,1,921625000,0,-54,5.66345706887379,0,0,0.280023986816406,1.63,0,-5399.904296875
100000000000000000000003,1,921625000,0,-46.5,0.165669925091649,0,0,0.280023986816406,1.63,0,-5399.904296875
100000000000000000000004,1,921625000,0,-54,5.63891337626762,0,0,0.280023986816406,1.63,0,-5399.904296875
100000000000000000000000,1,921625000,0,-48,4.02516558741192,0,0,0.280023986816406,1.63,0,-5399.904296875
100000000000000000000001,1,921625000,0,-47.5,2.89001980437655,0,0,0.280023986816406,1.63,0,-5399.904296875
100000000000000000000003,1,921625000,0,-46.5,0.171805848243192,0,0,0.280023986816406,1.63,0,-5399.904296875
100000000000000000000002,1,921625000,0,-45,1.91440802328128,0,0,0.280023986816406,1.63,0,-5399.904296875
100000000000000000000000,1,921625000,0,-48,4.01902966426038,0,0,0.280023986816406,1.63,0,-5399.904296875
100000000000000000000001,1,921625000,0,-47.5,2.88388388122501,0,0,0.280023986816406,1.63,0,-5399.904296875
100000000000000000000003,1,921625000,0,-46.5,0.134990309333936,0,0,0.280023986816406,1.63,0,-5399.904296875
100000000000000000000004,1,921625000,0,-54,5.64504929941916,0,0,0.280023986816406,1.63,0,-5399.904296875
100000000000000000000002,1,921625000,0,-45,1.87759248437203,0,0,0.280023986816406,1.63,0,-5399.904296875
100000000000000000000004,1,921625000,0,-54,5.6511852225707,0,0,0.280023986816406,1.63,0,-5399.904296875
100000000000000000000003,1,921625000,0,-46.5,0.147262155637022,0,0,0.280023986816406,1.63,0,-5399.904296875
100000000000000000000002,1,921625000,0,-45,1.88986433067511,0,0,0.280023986816406,1.63,0,-5399.904296875
100000000000000000000000,1,921625000,0,-48,4.00062189480575,0,0,0.280023986816406,1.63,0,-5399.904296875
100000000000000000000001,1,921625000,0,-47.5,2.89001980437655,0,0,0.280023986816406,1.63,0,-5399.904296875
100000000000000000000004,1,921625000,0,-54,5.67572891517687,0,0,0.280023986816406,1.63,0,-5399.904296875
100000000000000000000003,1,921625000,0,-46.5,0.153398078788564,0,0,0.280023986816406,1.63,0,-5399.904296875
100000000000000000000002,1,921625000,0,-45,1.88986433067511,0,0,0.280023986816406,1.63,0,-5399.904296875
100000000000000000000001,1,921625000,0,-47.5,2.89001980437655,0,0,0.280023986816406,1.63,0,-5399.904296875
100000000000000000000000,1,921625000,0,-48,3.99448597165421,0,0,0.280023986816406,1.63,0,-5399.904296875
100000000000000000000003,1,921625000,0,-46.5,0.147262155637022,0,0,0.280023986816406,1.63,0,-5399.904296875
100000000000000000000000,1,921625000,0,-48,4.0067578179573,0,0,0.280023986816406,1.63,0,-5399.904296875
100000000000000000000004,1,921625000,0,-54,5.65732114572224,0,0,0.280023986816406,1.63,0,-5399.904296875
100000000000000000000001,1,921625000,0,-47.5,2.87774795807346,0,0,0.280023986816406,1.63,0,-5399.904296875
100000000000000000000002,1,921625000,0,-45,1.89600025382665,0,0,0.280023986816406,1.63,0,-5399.904296875
100000000000000000000004,1,921625000,0,-54,5.66959299202533,0,0,0.280023986816406,1.63,0,-5399.904296875
100000000000000000000000,1,921625000,0,-48,4.02516558741192,0,0,0.280023986816406,1.63,0,-5399.904296875
100000000000000000000001,1,921625000,0,-47.5,2.89615572752809,0,0,0.280023986816406,1.63,0,-5399.904296875
100000000000000000000003,1,921625000,0,-46.5,0.153398078788564,0,0,0.280023986816406,1.63,0,-5399.904296875
100000000000000000000002,1,921625000,0,-45,1.88986433067511,0,0,0.280023986816406,1.63,0,-5399.904296875
100000000000000000000003,1,921625000,0,-46.5,0.165669925091649,0,0,0.280023986816406,1.63,0,-5399.904296875
100000000000000000000001,1,921625000,0,-47.5,2.88388388122501,0,0,0.280023986816406,1.63,0,-5399.904296875
100000000000000000000002,1,921625000,0,-45,1.9021361769782,0,0,0.280023986816406,1.63,0,-5399.904296875
100000000000000000000000,1,921625000,0,-48,4.01289374110884,0,0,0.280023986816406,1.63,0,-5399.904296875
100000000000000000000004,1,921625000,0,-54,5.66345706887379,0,0,0.280023986816406,1.63,0,-5399.904296875
100000000000000000000004,1,921625000,0,-54,5.64504929941916,0,0,0.280023986816406,1.63,0,-5399.904296875
100000000000000000000000,1,921625000,0,-48,3.97607820219958,0,0,0.280023986816406,1.63,0,-5399.904296875
100000000000000000000002,1,921625000,0,-45,1.89600025382665,0,0,0.280023986816406,1.63,0,-5399.904296875
100000000000000000000003,1,921625000,0,-46.5,0.147262155637022,0,0,0.280023986816406,1.63,0,-5399.904296875
100000000000000000000001,1,921625000,0,-47.5,2.89615572752809,0,0,0.280023986816406,1.63,0,-5399.904296875
100000000000000000000003,1,921625000,0,-46.5,0.122718463030851,0,0,0.280023986816406,1.63,0,-5399.904296875
100000000000000000000002,1,921625000,0,-45,1.90827210012974,0,0,0.280023986816406,1.63,0,-5399.904296875
100000000000000000000000,1,921625000,0,-48,3.99448597165421,0,0,0.280023986816406,1.63,0,-5399.904296875
100000000000000000000001,1,921625000,0,-47.5,2.90842757383118,0,0,0.280023986816406,1.63,0,-5399.904296875
100000000000000000000004,1,921625000,0,-54.5,5.62664152996453,0,0,0.280023986816406,1.63,0,-5399.904296875
100000000000000000000001,1,921625000,0,-47.5,2.89615572752809,0,0,0.280023986816406,1.63,0,-5399.904296875
100000000000000000000004,1,921625000,0,-54,5.66959299202533,0,0,0.280023986816406,1.63,0,-5399.904296875
100000000000000000000002,1,921625000,0,-45,1.91440802328128,0,0,0.280023986816406,1.63,0,-5399.904296875
100000000000000000000000,1,921625000,0,-48,3.99448597165421,0,0,0.280023986816406,1.63,0,-5399.904296875
100000000000000000000003,1,921625000,0,-46.5,0.159534001940107,0,0,0.280023986816406,1.63,0,-5399.904296875
100000000000000000000001,1,921625000,0,-47.5,2.87774795807346,0,0,0.280023986816406,1.63,0,-5399.904296875
100000000000000000000003,1,921625000,0,-46.5,0.141126232485479,0,0,0.280023986816406,1.63,0,-5399.904296875
100000000000000000000002,1,921625000,0,-45,1.88986433067511,0,0,0.280023986816406,1.63,0,-5399.904296875
100000000000000000000004,1,921625000,0,-54,5.6511852225707,0,0,0.280023986816406,1.63,0,-5399.904296875
100000000000000000000000,1,921625000,0,-48,3.99448597165421,0,0,0.280023986816406,1.63,0,-5399.904296875
100000000000000000000004,1,921625000,0,-54,5.68800076147996,0,0,0.280023986816406,1.63,0,-5399.904296875
100000000000000000000003,1,921625000,0,-46.5,0.159534001940107,0,0,0.280023986816406,1.63,0,-5399.904296875
100000000000000000000001,1,921625000,0,-47.5,2.87774795807346,0,0,0.280023986816406,1.63,0,-5399.904296875
100000000000000000000002,1,921625000,0,-45,1.88986433067511,0,0,0.280023986816406,1.63,0,-5399.904296875
100000000000000000000000,1,921625000,0,-48,4.03743743371501,0,0,0.280023986816406,1.63,0,-5399.904296875
100000000000000000000003,1,921625000,0,-46.5,0.147262155637022,0,0,0.280023986816406,1.63,0,-5399.904296875
100000000000000000000004,1,921625000,0,-54,5.68186483832841,0,0,0.280023986816406,1.63,0,-5399.904296875
100000000000000000000001,1,921625000,0,-47.5,2.89001980437655,0,0,0.280023986816406,1.63,0,-5399.904296875
100000000000000000000000,1,921625000,0,-48,4.0067578179573,0,0,0.280023986816406,1.63,0,-5399.904296875
100000000000000000000002,1,921625000,0,-45,1.87759248437203,0,0,0.280023986816406,1.63,0,-5399.904296875
100000000000000000000003,1,921625000,0,-46.5,0.153398078788564,0,0,0.280023986816406,1.63,0,-5399.904296875
100000000000000000000002,1,921625000,0,-45,1.88986433067511,0,0,0.280023986816406,1.63,0,-5399.904296875
100000000000000000000004,1,921625000,0,-54,5.67572891517687,0,0,0.280023986816406,1.63,0,-5399.904296875
100000000000000000000000,1,921625000,0,-48,4.01289374110884,0,0,0.280023986816406,1.63,0,-5399.904296875
100000000000000000000001,1,921625000,0,-47.5,2.87774795807346,0,0,0.280023986816406,1.63,0,-5399.904296875
100000000000000000000001,1,921625000,0,-47.5,2.87161203492192,0,0,0.280023986816406,1.63,0,-5399.904296875
100000000000000000000003,1,921625000,0,-46.5,0.147262155637022,0,0,0.280023986816406,1.63,0,-5399.904296875
100000000000000000000002,1,921625000,0,-45,1.89600025382665,0,0,0.280023986816406,1.63,0,-5399.904296875
100000000000000000000000,1,921625000,0,-48,3.96994227904804,0,0,0.280023986816406,1.63,0,-5399.904296875
100000000000000000000004,1,921625000,0,-54,5.67572891517687,0,0,0.280023986816406,1.63,0,-5399.904296875
100000000000000000000001,1,921625000,0,-47.5,2.88388388122501,0,0,0.280023986816406,1.63,0,-5399.904296875
100000000000000000000000,1,921625000,0,-48,4.01902966426038,0,0,0.280023986816406,1.63,0,-5399.904296875
100000000000000000000003,1,921625000,0,-46.5,0.171805848243192,0,0,0.280023986816406,1.63,0,-5399.904296875
100000000000000000000002,1,921625000,0,-45,1.88372840752357,0,0,0.280023986816406,1.63,0,-5399.904296875
100000000000000000000004,1,921625000,0,-54,5.6511852225707,0,0,0.280023986816406,1.63,0,-5399.904296875
100000000000000000000003,1,921625000,0,-46.5,0.141126232485479,0,0,0.280023986816406,1.63,0,-5399.904296875
100000000000000000000000,1,921625000,0,-48,4.00062189480575,0,0,0.280023986816406,1.63,0,-5399.904296875
100000000000000000000002,1,921625000,0,-45,1.87145656122048,0,0,0.280023986816406,1.63,0,-5399.904296875
100000000000000000000004,1,921625000,0,-54,5.65732114572224,0,0,0.280023986816406,1.63,0,-5399.904296875
100000000000000000000001,1,921625000,0,-47.5,2.89001980437655,0,0,0.280023986816406,1.63,0,-5399.904296875
100000000000000000000002,1,921625000,0,-45,1.88986433067511,0,0,0.280023986816406,1.63,0,-5399.904296875
100000000000000000000001,1,921625000,0,-47.5,2.88388388122501,0,0,0.280023986816406,1.63,0,-5399.904296875
100000000000000000000003,1,921625000,0,-46.5,0.147262155637022,0,0,0.280023986816406,1.63,0,-5399.904296875
100000000000000000000000,1,921625000,0,-48,4.00062189480575,0,0,0.280023986816406,1.63,0,-5399.904296875
100000000000000000000004,1,921625000,0,-54,5.66959299202533,0,0,0.280023986816406,1.63,0,-5399.904296875
100000000000000000000001,1,921625000,0,-47.5,2.89615572752809,0,0,0.280023986816406,1.63,0,-5399.904296875
100000000000000000000000,1,921625000,0,-48,4.00062189480575,0,0,0.280023986816406,1.63,0,-5399.904296875
100000000000000000000003,1,921625000,0,-46.5,0.177941771394734,0,0,0.280023986816406,1.63,0,-5399.904296875
100000000000000000000002,1,921625000,0,-45,1.87759248437203,0,0,0.280023986816406,1.63,0,-5399.904296875
100000000000000000000004,1,921625000,0,-54,5.6511852225707,0,0,0.280023986816406,1.63,0,-5399.904296875
100000000000000000000002,1,921625000,0,-45,1.87759248437203,0,0,0.280023986816406,1.63,0,-5399.904296875
100000000000000000000004,1,921625000,0,-54,5.60209783735836,0,0,0.280023986816406,1.63,0,-5399.904296875
100000000000000000000000,1,921625000,0,-48,4.02516558741192,0,0,0.280023986816406,1.63,0,-5399.904296875
100000000000000000000003,1,921625000,0,-46,0.122718463030851,0,0,0.280023986816406,1.63,0,-5399.904296875
100000000000000000000001,1,921625000,0,-47.5,2.87774795807346,0,0,0.280023986816406,1.63,0,-5399.904296875
100000000000000000000002,1,921625000,0,-45,1.88372840752357,0,0,0.280023986816406,1.63,0,-5399.904296875
100000000000000000000001,1,921625000,0,-47.5,2.88388388122501,0,0,0.280023986816406,1.63,0,-5399.904296875
100000000000000000000000,1,921625000,0,-48,4.00062189480575,0,0,0.280023986816406,1.63,0,-5399.904296875
100000000000000000000003,1,921625000,0,-46.5,0.147262155637022,0,0,0.280023986816406,1.63,0,-5399.904296875
100000000000000000000004,1,921625000,0,-54,5.64504929941916,0,0,0.280023986816406,1.63,0,-5399.904296875
100000000000000000000004,1,921625000,0,-54,5.64504929941916,0,0,0.280023986816406,1.63,0,-5399.904296875
100000000000000000000002,1,921625000,0,-45,1.87759248437203,0,0,0.280023986816406,1.63,0,-5399.904296875
100000000000000000000000,1,921625000,0,-48,4.0067578179573,0,0,0.280023986816406,1.63,0,-5399.904296875
100000000000000000000001,1,921625000,0,-47.5,2.89615572752809,0,0,0.280023986816406,1.63,0,-5399.904296875
100000000000000000000003,1,921625000,0,-46.5,0.122718463030851,0,0,0.280023986816406,1.63,0,-5399.904296875
100000000000000000000003,1,921625000,0,-46.5,0.184077694546277,0,0,0.280023986816406,1.63,0,-5399.904296875
100000000000000000000000,1,921625000,0,-48,4.01289374110884,0,0,0.280023986816406,1.63,0,-5399.904296875
100000000000000000000002,1,921625000,0,-45,1.89600025382665,0,0,0.280023986816406,1.63,0,-5399.904296875
100000000000000000000001,1,921625000,0,-47.5,2.87774795807346,0,0,0.280023986816406,1.63,0,-5399.904296875
100000000000000000000004,1,921625000,0,-54,5.62050560681299,0,0,0.280023986816406,1.63,0,-5399.904296875
100000000000000000000000,1,921625000,0,-48,4.00062189480575,0,0,0.280023986816406,1.63,0,-5399.904296875
100000000000000000000004,1,921625000,0,-54,5.59596191420682,0,0,0.280023986816406,1.63,0,-5399.904296875
100000000000000000000002,1,921625000,0,-45,1.87759248437203,0,0,0.280023986816406,1.63,0,-5399.904296875
100000000000000000000003,1,921625000,0,-46,0.159534001940107,0,0,0.280023986816406,1.63,0,-5399.904296875
100000000000000000000001,1,921625000,0,-47.5,2.89001980437655,0,0,0.280023986816406,1.63,0,-5399.904296875
100000000000000000000000,1,921625000,0,-48,4.00062189480575,0,0,0.280023986816406,1.63,0,-5399.904296875
100000000000000000000004,1,921625000,0,-54,5.67572891517687,0,0,0.280023986816406,1.63,0,-5399.904296875
100000000000000000000001,1,921625000,0,-47.5,2.89001980437655,0,0,0.280023986816406,1.63,0,-5399.904296875
100000000000000000000002,1,921625000,0,-45,1.88986433067511,0,0,0.280023986816406,1.63,0,-5399.904296875
100000000000000000000003,1,921625000,0,-46.5,0.153398078788564,0,0,0.280023986816406,1.63,0,-5399.904296875
100000000000000000000004,1,921625000,0,-54,5.65732114572224,0,0,0.280023986816406,1.63,0,-5399.904296875
100000000000000000000003,1,921625000,0,-46.5,0.147262155637022,0,0,0.280023986816406,1.63,0,-5399.904296875
100000000000000000000000,1,921625000,0,-48,3.98835004850267,0,0,0.280023986816406,1.63,0,-5399.904296875
100000000000000000000002,1,921625000,0,-45,1.9021361769782,0,0,0.280023986816406,1.63,0,-5399.904296875
100000000000000000000001,1,921625000,0,-47.5,2.88388388122501,0,0,0.280023986816406,1.63,0,-5399.904296875
100000000000000000000002,1,921625000,0,-45,1.89600025382665,0,0,0.280023986816406,1.63,0,-5399.904296875
100000000000000000000003,1,921625000,0,-46.5,0.159534001940107,0,0,0.280023986816406,1.63,0,-5399.904296875
100000000000000000000000,1,921625000,0,-48,4.01289374110884,0,0,0.280023986816406,1.63,0,-5399.904296875
100000000000000000000004,1,921625000,0,-54,5.66345706887379,0,0,0.280023986816406,1.63,0,-5399.904296875
100000000000000000000001,1,921625000,0,-47.5,2.89001980437655,0,0,0.280023986816406,1.63,0,-5399.904296875
100000000000000000000000,1,921625000,0,-48,4.0067578179573,0,0,0.280023986816406,1.63,0,-5399.904296875
100000000000000000000002,1,921625000,0,-45,1.86532063806894,0,0,0.280023986816406,1.63,0,-5399.904296875
100000000000000000000001,1,921625000,0,-47.5,2.89001980437655,0,0,0.280023986816406,1.63,0,-5399.904296875
100000000000000000000004,1,921625000,0,-54,5.64504929941916,0,0,0.280023986816406,1.63,0,-5399.904296875
100000000000000000000003,1,921625000,0,-46.5,0.134990309333936,0,0,0.280023986816406,1.63,0,-5399.904296875
100000000000000000000004,1,921625000,0,-54,5.6082337605099,0,0,0.280023986816406,1.63,0,-5399.904296875
100000000000000000000003,1,921625000,0,-46.5,0.141126232485479,0,0,0.280023986816406,1.63,0,-5399.904296875
100000000000000000000001,1,921625000,0,-47.5,2.90229165067963,0,0,0.280023986816406,1.63,0,-5399.904296875
100000000000000000000000,1,921625000,0,-48,3.98835004850267,0,0,0.280023986816406,1.63,0,-5399.904296875
100000000000000000000002,1,921625000,0,-45,1.87759248437203,0,0,0.280023986816406,1.63,0,-5399.904296875
100000000000000000000001,1,921625000,0,-47.5,2.89615572752809,0,0,0.280023986816406,1.63,0,-5399.904296875
100000000000000000000003,1,921625000,0,-46.5,0.147262155637022,0,0,0.280023986816406,1.63,0,-5399.904296875
100000000000000000000002,1,921625000,0,-45,1.9021361769782,0,0,0.280023986816406,1.63,0,-5399.904296875
100000000000000000000004,1,921625000,0,-54,5.66959299202533,0,0,0.280023986816406,1.63,0,-5399.904296875
100000000000000000000000,1,921625000,0,-48,4.0067578179573,0,0,0.280023986816406,1.63,0,-5399.904296875
100000000000000000000002,1,921625000,0,-45,1.89600025382665,0,0,0.280023986816406,1.63,0,-5399.904296875
100000000000000000000001,1,921625000,0,-47.5,2.89001980437655,0,0,0.280023986816406,1.63,0,-5399.904296875
100000000000000000000004,1,921625000,0,-54,5.67572891517687,0,0,0.280023986816406,1.63,0,-5399.904296875
100000000000000000000003,1,921625000,0,-46.5,0.147262155637022,0,0,0.280023986816406,1.63,0,-5399.904296875
100000000000000000000000,1,921625000,0,-48,3.99448597165421,0,0,0.280023986816406,1.63,0,-5399.904296875
100000000000000000000002,1,921625000,0,-45,1.89600025382665,0,0,0.280023986816406,1.63,0,-5399.904296875
100000000000000000000001,1,921625000,0,-47.5,2.90229165067963,0,0,0.280023986816406,1.63,0,-5399.904296875
100000000000000000000004,1,921625000,0,-54,5.63891337626762,0,0,0.280023986816406,1.63,0,-5399.904296875
100000000000000000000000,1,921625000,0,-48,3.95767043274495,0,0,0.280023986816406,1.63,0,-5399.904296875
100000000000000000000003,1,921625000,0,-46.5,0.147262155637022,0,0,0.280023986816406,1.63,0,-5399.904296875
100000000000000000000002,1,921625000,0,-45,1.9021361769782,0,0,0.280023986816406,1.63,0,-5399.904296875
100000000000000000000000,1,921625000,0,-48,4.00062189480575,0,0,0.280023986816406,1.63,0,-5399.904296875
100000000000000000000003,1,921625000,0,-46.5,0.177941771394734,0,0,0.280023986816406,1.63,0,-5399.904296875
100000000000000000000001,1,921625000,0,-47.5,2.90229165067963,0,0,0.280023986816406,1.63,0,-5399.904296875
100000000000000000000004,1,921625000,0,-54,5.64504929941916,0,0,0.280023986816406,1.63,0,-5399.904296875
100000000000000000000004,1,921625000,0,-54,5.67572891517687,0,0,0.280023986816406,1.63,0,-5399.904296875
100000000000000000000001,1,921625000,0,-47.5,2.89001980437655,0,0,0.280023986816406,1.63,0,-5399.904296875
100000000000000000000003,1,921625000,0,-46.5,0.141126232485479,0,0,0.280023986816406,1.63,0,-5399.904296875
100000000000000000000000,1,921625000,0,-48,4.01902966426038,0,0,0.280023986816406,1.63,0,-5399.904296875
100000000000000000000002,1,921625000,0,-45,1.89600025382665,0,0,0.280023986816406,1.63,0,-5399.904296875
100000000000000000000003,1,921625000,0,-46.5,0.147262155637022,0,0,0.280023986816406,1.63,0,-5399.904296875
100000000000000000000004,1,921625000,0,-54,5.66345706887379,0,0,0.280023986816406,1.63,0,-5399.904296875
100000000000000000000001,1,921625000,0,-47.5,2.89615572752809,0,0,0.280023986816406,1.63,0,-5399.904296875
100000000000000000000002,1,921625000,0,-45,1.88986433067511,0,0,0.280023986816406,1.63,0,-5399.904296875
100000000000000000000000,1,921625000,0,-48,4.00062189480575,0,0,0.280023986816406,1.63,0,-5399.904296875
100000000000000000000004,1,921625000,0,-54.5,5.66959299202533,0,0,0.280023986816406,1.63,0,-5399.904296875
100000000000000000000001,1,921625000,0,-47.5,2.89001980437655,0,0,0.280023986816406,1.63,0,-5399.904296875
100000000000000000000000,1,921625000,0,-48,3.98221412535112,0,0,0.280023986816406,1.63,0,-5399.904296875
100000000000000000000002,1,921625000,0,-45,1.9021361769782,0,0,0.280023986816406,1.63,0,-5399.904296875
100000000000000000000003,1,921625000,0,-46.5,0.171805848243192,0,0,0.280023986816406,1.63,0,-5399.904296875
100000000000000000000001,1,921625000,0,-47.5,2.89001980437655,0,0,0.280023986816406,1.63,0,-5399.904296875
100000000000000000000002,1,921625000,0,-45,1.89600025382665,0,0,0.280023986816406,1.63,0,-5399.904296875
100000000000000000000004,1,921625000,0,-54,5.63277745311607,0,0,0.280023986816406,1.63,0,-5399.904296875
100000000000000000000000,1,921625000,0,-48,3.98835004850267,0,0,0.280023986816406,1.63,0,-5399.904296875
100000000000000000000003,1,921625000,0,-46.5,0.171805848243192,0,0,0.280023986816406,1.63,0,-5399.904296875
100000000000000000000000,1,921625000,0,-48,4.0067578179573,0,0,0.280023986816406,1.63,0,-5399.904296875
100000000000000000000004,1,921625000,0,-54,5.62050560681299,0,0,0.280023986816406,1.63,0,-5399.904296875
100000000000000000000002,1,921625000,0,-45,1.87759248437203,0,0,0.280023986816406,1.63,0,-5399.904296875
100000000000000000000001,1,921625000,0,-47.5,2.90229165067963,0,0,0.280023986816406,1.63,0,-5399.904296875
100000000000000000000003,1,921625000,0,-46.5,0.141126232485479,0,0,0.280023986816406,1.63,0,-5399.904296875
100000000000000000000002,1,921625000,0,-45,1.88986433067511,0,0,0.280023986816406,1.63,0,-5399.904296875
100000000000000000000003,1,921625000,0,-46.5,0.141126232485479,0,0,0.280023986816406,1.63,0,-5399.904296875
100000000000000000000004,1,921625000,0,-54,5.66959299202533,0,0,0.280023986816406,1.63,0,-5399.904296875
100000000000000000000000,1,921625000,0,-48,4.0067578179573,0,0,0.280023986816406,1.63,0,-5399.904296875
100000000000000000000001,1,921625000,0,-47.5,2.88388388122501,0,0,0.280023986816406,1.63,0,-5399.904296875
100000000000000000000000,1,921625000,0,-48,4.03130151056346,0,0,0.280023986816406,1.63,0,-5399.904296875
100000000000000000000003,1,921625000,0,-46.5,0.147262155637022,0,0,0.280023986816406,1.63,0,-5399.904296875
100000000000000000000001,1,921625000,0,-47.5,2.89001980437655,0,0,0.280023986816406,1.63,0,-5399.904296875
100000000000000000000002,1,921625000,0,-45,1.89600025382665,0,0,0.280023986816406,1.63,0,-5399.904296875
100000000000000000000004,1,921625000,0,-54,5.68800076147996,0,0,0.280023986816406,1.63,0,-5399.904296875
100000000000000000000002,1,921625000,0,-45,1.87759248437203,0,0,0.280023986816406,1.63,0,-5399.904296875
100000000000000000000001,1,921625000,0,-47.5,2.88388388122501,0,0,0.280023986816406,1.63,0,-5399.904296875
100000000000000000000000,1,921625000,0,-48,3.99448597165421,0,0,0.280023986816406,1.63,0,-5399.904296875
100000000000000000000004,1,921625000,0,-54,5.6511852225707,0,0,0.280023986816406,1.63,0,-5399.904296875
100000000000000000000003,1,921625000,0,-46.5,0.134990309333936,0,0,0.280023986816406,1.63,0,-5399.904296875
100000000000000000000001,1,921625000,0,-47.5,2.88388388122501,0,0,0.280023986816406,1.63,0,-5399.904296875
100000000000000000000000,1,921625000,0,-48,3.99448597165421,0,0,0.280023986816406,1.63,0,-5399.904296875
100000000000000000000004,1,921625000,0,-54,5.67572891517687,0,0,0.280023986816406,1.63,0,-5399.904296875
100000000000000000000002,1,921625000,0,-45,1.87759248437203,0,0,0.280023986816406,1.63,0,-5399.904296875
100000000000000000000003,1,921625000,0,-46.5,0.171805848243192,0,0,0.280023986816406,1.63,0,-5399.904296875
100000000000000000000004,1,921625000,0,-54,5.62050560681299,0,0,0.280023986816406,1.63,0,-5399.904296875
100000000000000000000003,1,921625000,0,-46.5,0.159534001940107,0,0,0.280023986816406,1.63,0,-5399.904296875
100000000000000000000002,1,921625000,0,-45,1.90827210012974,0,0,0.280023986816406,1.63,0,-5399.904296875
100000000000000000000000,1,921625000,0,-48,4.0067578179573,0,0,0.280023986816406,1.63,0,-5399.904296875
100000000000000000000001,1,921625000,0,-47.5,2.88388388122501,0,0,0.280023986816406,1.63,0,-5399.904296875
100000000000000000000000,1,922125000,0,-47.5,4.19697143565511,0,0,0.280023986816406,1.63,0,-5399.904296875
100000000000000000000003,1,922125000,0,-46,0.368155389092554,0,0,0.280023986816406,1.63,0,-5399.904296875
100000000000000000000002,1,922125000,0,-45,2.1046216409791,0,0,0.280023986816406,1.63,0,-5399.904296875
100000000000000000000001,1,922125000,0,-48,3.11704896098362,0,0,0.280023986816406,1.63,0,-5399.904296875
100000000000000000000004,1,922125000,0,-54,5.87821437917778,0,0,0.280023986816406,1.63,0,-5399.904296875
100000000000000000000001,1,922125000,0,-47.5,3.08636934522591,0,0,0.280023986816406,1.63,0,-5399.904296875
100000000000000000000004,1,922125000,0,-53.5,5.88435030232932,0,0,0.280023986816406,1.63,0,-5399.904296875
100000000000000000000003,1,922125000,0,-46,0.392699081698725,0,0,0.280023986816406,1.63,0,-5399.904296875
100000000000000000000002,1,922125000,0,-45,2.1046216409791,0,0,0.280023986816406,1.63,0,-5399.904296875
100000000000000000000000,1,922125000,0,-47.5,4.19083551250357,0,0,0.280023986816406,1.63,0,-5399.904296875
100000000000000000000003,1,922125000,0,-46,0.386563158547181,0,0,0.280023986816406,1.63,0,-5399.904296875
100000000000000000000002,1,922125000,0,-45,2.09848571782756,0,0,0.280023986816406,1.63,0,-5399.904296875
100000000000000000000004,1,922125000,0,-54,5.92116584123858,0,0,0.280023986816406,1.63,0,-5399.904296875
100000000000000000000001,1,922125000,0,-48,3.10477711468054,0,0,0.280023986816406,1.63,0,-5399.904296875
100000000000000000000000,1,922125000,0,-47.5,4.18469958935203,0,0,0.280023986816406,1.63,0,-5399.904296875
100000000000000000000000,1,922125000,0,-47.5,4.20310735880666,0,0,0.280023986816406,1.63,0,-5399.904296875
100000000000000000000001,1,922125000,0,-48,3.11091303783208,0,0,0.280023986816406,1.63,0,-5399.904296875
100000000000000000000002,1,922125000,0,-45,2.12302941043373,0,0,0.280023986816406,1.63,0,-5399.904296875
100000000000000000000003,1,922125000,0,-45.5,0.368155389092554,0,0,0.280023986816406,1.63,0,-5399.904296875
100000000000000000000004,1,922125000,0,-54,5.8966221486324,0,0,0.280023986816406,1.63,0,-5399.904296875
100000000000000000000001,1,922125000,0,-48,3.11704896098362,0,0,0.280023986816406,1.63,0,-5399.904296875
100000000000000000000000,1,922125000,0,-47.5,4.19083551250357,0,0,0.280023986816406,1.63,0,-5399.904296875
100000000000000000000002,1,922125000,0,-45,2.1046216409791,0,0,0.280023986816406,1.63,0,-5399.904296875
100000000000000000000003,1,922125000,0,-46,0.362019465941011,0,0,0.280023986816406,1.63,0,-5399.904296875
100000000000000000000004,1,922125000,0,-54,5.8966221486324,0,0,0.280023986816406,1.63,0,-5399.904296875
100000000000000000000002,1,922125000,0,-45,2.1046216409791,0,0,0.280023986816406,1.63,0,-5399.904296875
100000000000000000000001,1,922125000,0,-47.5,3.09250526837745,0,0,0.280023986816406,1.63,0,-5399.904296875
100000000000000000000000,1,922125000,0,-47.5,4.21537920510974,0,0,0.280023986816406,1.63,0,-5399.904296875
100000000000000000000003,1,922125000,0,-46,0.380427235395639,0,0,0.280023986816406,1.63,0,-5399.904296875
100000000000000000000004,1,922125000,0,-54,5.89048622548086,0,0,0.280023986816406,1.63,0,-5399.904296875
100000000000000000000003,1,922125000,0,-46,0.380427235395639,0,0,0.280023986816406,1.63,0,-5399.904296875
100000000000000000000002,1,922125000,0,-44.5,2.1046216409791,0,0,0.280023986816406,1.63,0,-5399.904296875
100000000000000000000004,1,922125000,0,-54,5.85980660972315,0,0,0.280023986816406,1.63,0,-5399.904296875
100000000000000000000000,1,922125000,0,-47.5,4.20310735880666,0,0,0.280023986816406,1.63,0,-5399.904296875
100000000000000000000001,1,922125000,0,-48,3.11704896098362,0,0,0.280023986816406,1.63,0,-5399.904296875
100000000000000000000002,1,922125000,0,-45,2.12302941043373,0,0,0.280023986816406,1.63,0,-5399.904296875
100000000000000000000001,1,922125000,0,-48,3.09250526837745,0,0,0.280023986816406,1.63,0,-5399.904296875
100000000000000000000003,1,922125000,0,-46,0.380427235395639,0,0,0.280023986816406,1.63,0,-5399.904296875
100000000000000000000004,1,922125000,0,-54,5.88435030232932,0,0,0.280023986816406,1.63,0,-5399.904296875
100000000000000000000000,1,922125000,0,-47.5,4.2092432819582,0,0,0.280023986816406,1.63,0,-5399.904296875
100000000000000000000000,1,922125000,0,-47.5,4.21537920510974,0,0,0.280023986816406,1.63,0,-5399.904296875
100000000000000000000004,1,922125000,0,-53.5,5.88435030232932,0,0,0.280023986816406,1.63,0,-5399.904296875
100000000000000000000003,1,922125000,0,-46,0.362019465941011,0,0,0.280023986816406,1.63,0,-5399.904296875
100000000000000000000002,1,922125000,0,-45,2.1046216409791,0,0,0.280023986816406,1.63,0,-5399.904296875
100000000000000000000001,1,922125000,0,-48,3.11704896098362,0,0,0.280023986816406,1.63,0,-5399.904296875
100000000000000000000001,1,922125000,0,-48,3.11091303783208,0,0,0.280023986816406,1.63,0,-5399.904296875
100000000000000000000002,1,922125000,0,-45,2.09848571782756,0,0,0.280023986816406,1.63,0,-5399.904296875
100000000000000000000003,1,922125000,0,-46,0.392699081698725,0,0,0.280023986816406,1.63,0,-5399.904296875
100000000000000000000000,1,922125000,0,-47.5,4.19083551250357,0,0,0.280023986816406,1.63,0,-5399.904296875
100000000000000000000004,1,922125000,0,-54,5.90889399493549,0,0,0.280023986816406,1.63,0,-5399.904296875
100000000000000000000002,1,922125000,0,-45,2.09234979467601,0,0,0.280023986816406,1.63,0,-5399.904296875
100000000000000000000003,1,922125000,0,-46,0.386563158547181,0,0,0.280023986816406,1.63,0,-5399.904296875
100000000000000000000001,1,922125000,0,-48,3.11091303783208,0,0,0.280023986816406,1.63,0,-5399.904296875
100000000000000000000000,1,922125000,0,-47.5,4.17242774304894,0,0,0.280023986816406,1.63,0,-5399.904296875
100000000000000000000004,1,922125000,0,-54,5.89048622548086,0,0,0.280023986816406,1.63,0,-5399.904296875
100000000000000000000004,1,922125000,0,-54,5.91502991808703,0,0,0.280023986816406,1.63,0,-5399.904296875
100000000000000000000002,1,922125000,0,-45,2.09848571782756,0,0,0.280023986816406,1.63,0,-5399.904296875
100000000000000000000001,1,922125000,0,-47.5,3.11091303783208,0,0,0.280023986816406,1.63,0,-5399.904296875
100000000000000000000000,1,922125000,0,-47.5,4.22765105141283,0,0,0.280023986816406,1.63,0,-5399.904296875
100000000000000000000003,1,922125000,0,-46,0.386563158547181,0,0,0.280023986816406,1.63,0,-5399.904296875
100000000000000000000002,1,922125000,0,-45,2.12916533358527,0,0,0.280023986816406,1.63,0,-5399.904296875
100000000000000000000004,1,922125000,0,-54,5.92116584123858,0,0,0.280023986816406,1.63,0,-5399.904296875
100000000000000000000003,1,922125000,0,-46,0.380427235395639,0,0,0.280023986816406,1.63,0,-5399.904296875
100000000000000000000000,1,922125000,0,-47.5,4.19083551250357,0,0,0.280023986816406,1.63,0,-5399.904296875
100000000000000000000001,1,922125000,0,-48,3.10477711468054,0,0,0.280023986816406,1.63,0,-5399.904296875
100000000000000000000001,1,922125000,0,-48,3.10477711468054,0,0,0.280023986816406,1.63,0,-5399.904296875
100000000000000000000002,1,922125000,0,-45,2.1046216409791,0,0,0.280023986816406,1.63,0,-5399.904296875
100000000000000000000000,1,922125000,0,-47.5,4.19697143565511,0,0,0.280023986816406,1.63,0,-5399.904296875
100000000000000000000003,1,922125000,0,-46,0.362019465941011,0,0,0.280023986816406,1.63,0,-5399.904296875
100000000000000000000004,1,922125000,0,-54,5.91502991808703,0,0,0.280023986816406,1.63,0,-5399.904296875
100000000000000000000000,1,922125000,0,-47.5,4.2092432819582,0,0,0.280023986816406,1.63,0,-5399.904296875
100000000000000000000003,1,922125000,0,-46,0.368155389092554,0,0,0.280023986816406,1.63,0,-5399.904296875
100000000000000000000001,1,922125000,0,-48,3.11704896098362,0,0,0.280023986816406,1.63,0,-5399.904296875
100000000000000000000002,1,922125000,0,-45,2.11075756413064,0,0,0.280023986816406,1.63,0,-5399.904296875
100000000000000000000004,1,922125000,0,-54,5.90889399493549,0,0,0.280023986816406,1.63,0,-5399.904296875
100000000000000000000002,1,922125000,0,-45,2.08621387152447,0,0,0.280023986816406,1.63,0,-5399.904296875
100000000000000000000003,1,922125000,0,-46,0.349747619637927,0,0,0.280023986816406,1.63,0,-5399.904296875
100000000000000000000004,1,922125000,0,-54.5,5.8966221486324,0,0,0.280023986816406,1.63,0,-5399.904296875
100000000000000000000001,1,922125000,0,-48,3.10477711468054,0,0,0.280023986816406,1.63,0,-5399.904296875
100000000000000000000000,1,922125000,0,-47.5,4.19083551250357,0,0,0.280023986816406,1.63,0,-5399.904296875
100000000000000000000003,1,922125000,0,-45.5,0.368155389092554,0,0,0.280023986816406,1.63,0,-5399.904296875
100000000000000000000002,1,922125000,0,-45,2.11689348728218,0,0,0.280023986816406,1.63,0,-5399.904296875
100000000000000000000000,1,922125000,0,-47.5,4.22151512826128,0,0,0.280023986816406,1.63,0,-5399.904296875
100000000000000000000004,1,922125000,0,-54,5.92730176439012,0,0,0.280023986816406,1.63,0,-5399.904296875
100000000000000000000001,1,922125000,0,-48,3.10477711468054,0,0,0.280023986816406,1.63,0,-5399.904296875
100000000000000000000001,1,922125000,0,-48,3.11704896098362,0,0,0.280023986816406,1.63,0,-5399.904296875
100000000000000000000003,1,922125000,0,-46,0.362019465941011,0,0,0.280023986816406,1.63,0,-5399.904296875
100000000000000000000004,1,922125000,0,-54,5.90889399493549,0,0,0.280023986816406,1.63,0,-5399.904296875
100000000000000000000002,1,922125000,0,-45,2.12916533358527,0,0,0.280023986816406,1.63,0,-5399.904296875
100000000000000000000000,1,922125000,0,-47.5,4.19083551250357,0,0,0.280023986816406,1.63,0,-5399.904296875
100000000000000000000002,1,922125000,0,-45,2.1046216409791,0,0,0.280023986816406,1.63,0,-5399.904296875
100000000000000000000003,1,922125000,0,-46,0.374291312244097,0,0,0.280023986816406,1.63,0,-5399.904296875
100000000000000000000000,1,922125000,0,-47.5,4.1662918198974,0,0,0.280023986816406,1.63,0,-5399.904296875
100000000000000000000001,1,922125000,0,-48,3.098641191529,0,0,0.280023986816406,1.63,0,-5399.904296875
100000000000000000000004,1,922125000,0,-54,5.8966221486324,0,0,0.280023986816406,1.63,0,-5399.904296875
100000000000000000000002,1,922125000,0,-45,2.11075756413064,0,0,0.280023986816406,1.63,0,-5399.904296875
100000000000000000000004,1,922125000,0,-54,5.87207845602623,0,0,0.280023986816406,1.63,0,-5399.904296875
100000000000000000000003,1,922125000,0,-45.5,0.349747619637927,0,0,0.280023986816406,1.63,0,-5399.904296875
100000000000000000000001,1,922125000,0,-47.5,3.12318488413517,0,0,0.280023986816406,1.63,0,-5399.904296875
100000000000000000000000,1,922125000,0,-47.5,4.17856366620049,0,0,0.280023986816406,1.63,0,-5399.904296875
100000000000000000000000,1,922125000,0,-47.5,4.23378697456437,0,0,0.280023986816406,1.63,0,-5399.904296875
100000000000000000000003,1,922125000,0,-46,0.380427235395639,0,0,0.280023986816406,1.63,0,-5399.904296875
100000000000000000000002,1,922125000,0,-45,2.12302941043373,0,0,0.280023986816406,1.63,0,-5399.904296875
100000000000000000000001,1,922125000,0,-48,3.12932080728671,0,0,0.280023986816406,1.63,0,-5399.904296875
100000000000000000000004,1,922125000,0,-54,5.87821437917778,0,0,0.280023986816406,1.63,0,-5399.904296875
100000000000000000000003,1,922125000,0,-46,0.368155389092554,0,0,0.280023986816406,1.63,0,-5399.904296875
100000000000000000000001,1,922125000,0,-47.5,3.07409749892282,0,0,0.280023986816406,1.63,0,-5399.904296875
100000000000000000000000,1,922125000,0,-47.5,4.19697143565511,0,0,0.280023986816406,1.63,0,-5399.904296875
100000000000000000000004,1,922125000,0,-53.5,5.88435030232932,0,0,0.280023986816406,1.63,0,-5399.904296875
100000000000000000000002,1,922125000,0,-45,2.12302941043373,0,0,0.280023986816406,1.63,0,-5399.904296875
100000000000000000000001,1,922125000,0,-47.5,3.098641191529,0,0,0.280023986816406,1.63,0,-5399.904296875
100000000000000000000003,1,922125000,0,-46,0.380427235395639,0,0,0.280023986816406,1.63,0,-5399.904296875
100000000000000000000002,1,922125000,0,-45,2.11075756413064,0,0,0.280023986816406,1.63,0,-5399.904296875
100000000000000000000000,1,922125000,0,-47.5,4.19697143565511,0,0,0.280023986816406,1.63,0,-5399.904296875
100000000000000000000004,1,922125000,0,-54,5.89048622548086,0,0,0.280023986816406,1.63,0,-5399.904296875
100000000000000000000002,1,922125000,0,-45,2.14143717988835,0,0,0.280023986816406,1.63,0,-5399.904296875
100000000000000000000003,1,922125000,0,-46,0.380427235395639,0,0,0.280023986816406,1.63,0,-5399.904296875
100000000000000000000001,1,922125000,0,-48,3.10477711468054,0,0,0.280023986816406,1.63,0,-5399.904296875
100000000000000000000000,1,922125000,0,-47.5,4.19697143565511,0,0,0.280023986816406,1.63,0,-5399.904296875
100000000000000000000004,1,922125000,0,-54,5.90275807178395,0,0,0.280023986816406,1.63,0,-5399.904296875
100000000000000000000000,1,922125000,0,-47.5,4.2092432819582,0,0,0.280023986816406,1.63,0,-5399.904296875
100000000000000000000003,1,922125000,0,-46,0.355883542789469,0,0,0.280023986816406,1.63,0,-5399.904296875
100000000000000000000001,1,922125000,0,-48,3.11091303783208,0,0,0.280023986816406,1.63,0,-5399.904296875
100000000000000000000002,1,922125000,0,-45,2.11075756413064,0,0,0.280023986816406,1.63,0,-5399.904296875
100000000000000000000004,1,922125000,0,-54,5.87207845602623,0,0,0.280023986816406,1.63,0,-5399.904296875
100000000000000000000003,1,922125000,0,-46,0.362019465941011,0,0,0.280023986816406,1.63,0,-5399.904296875
100000000000000000000002,1,922125000,0,-45,2.11689348728218,0,0,0.280023986816406,1.63,0,-5399.904296875
100000000000000000000000,1,922125000,0,-47.5,4.19083551250357,0,0,0.280023986816406,1.63,0,-5399.904296875
100000000000000000000001,1,922125000,0,-48,3.098641191529,0,0,0.280023986816406,1.63,0,-5399.904296875
100000000000000000000004,1,922125000,0,-54,5.90275807178395,0,0,0.280023986816406,1.63,0,-5399.904296875
100000000000000000000001,1,922125000,0,-48,3.11091303783208,0,0,0.280023986816406,1.63,0,-5399.904296875
100000000000000000000003,1,922125000,0,-46,0.374291312244097,0,0,0.280023986816406,1.63,0,-5399.904296875
100000000000000000000000,1,922125000,0,-47.5,4.19697143565511,0,0,0.280023986816406,1.63,0,-5399.904296875
100000000000000000000004,1,922125000,0,-54,5.87821437917778,0,0,0.280023986816406,1.63,0,-5399.904296875
100000000000000000000002,1,922125000,0,-45,2.1046216409791,0,0,0.280023986816406,1.63,0,-5399.904296875
100000000000000000000003,1,922125000,0,-46,0.368155389092554,0,0,0.280023986816406,1.63,0,-5399.904296875
100000000000000000000004,1,922125000,0,-54,5.91502991808703,0,0,0.280023986816406,1.63,0,-5399.904296875
100000000000000000000002,1,922125000,0,-45,2.11075756413064,0,0,0.280023986816406,1.63,0,-5399.904296875
100000000000000000000000,1,922125000,0,-47.5,4.19083551250357,0,0,0.280023986816406,1.63,0,-5399.904296875
100000000000000000000001,1,922125000,0,-48,3.10477711468054,0,0,0.280023986816406,1.63,0,-5399.904296875
100000000000000000000000,1,922125000,0,-47.5,4.2092432819582,0,0,0.280023986816406,1.63,0,-5399.904296875
100000000000000000000001,1,922125000,0,-48,3.10477711468054,0,0,0.280023986816406,1.63,0,-5399.904296875
100000000000000000000002,1,922125000,0,-45,2.12916533358527,0,0,0.280023986816406,1.63,0,-5399.904296875
100000000000000000000004,1,922125000,0,-54,5.90275807178395,0,0,0.280023986816406,1.63,0,-5399.904296875
100000000000000000000003,1,922125000,0,-46,0.386563158547181,0,0,0.280023986816406,1.63,0,-5399.904296875
100000000000000000000003,1,922125000,0,-45.5,0.374291312244097,0,0,0.280023986816406,1.63,0,-5399.904296875
100000000000000000000000,1,922125000,0,-47.5,4.20310735880666,0,0,0.280023986816406,1.63,0,-5399.904296875
100000000000000000000004,1,922125000,0,-54,5.90889399493549,0,0,0.280023986816406,1.63,0,-5399.904296875
100000000000000000000001,1,922125000,0,-48,3.098641191529,0,0,0.280023986816406,1.63,0,-5399.904296875
100000000000000000000002,1,922125000,0,-45,2.11689348728218,0,0,0.280023986816406,1.63,0,-5399.904296875
100000000000000000000002,1,922125000,0,-45,2.11689348728218,0,0,0.280023986816406,1.63,0,-5399.904296875
100000000000000000000004,1,922125000,0,-54,5.90889399493549,0,0,0.280023986816406,1.63,0,-5399.904296875
100000000000000000000003,1,922125000,0,-46,0.362019465941011,0,0,0.280023986816406,1.63,0,-5399.904296875
100000000000000000000001,1,922125000,0,-48,3.10477711468054,0,0,0.280023986816406,1.63,0,-5399.904296875
100000000000000000000000,1,922125000,0,-47.5,4.14788405044277,0,0,0.280023986816406,1.63,0,-5399.904296875
100000000000000000000004,1,922125000,0,-54,5.87821437917778,0,0,0.280023986816406,1.63,0,-5399.904296875
100000000000000000000002,1,922125000,0,-45,2.12302941043373,0,0,0.280023986816406,1.63,0,-5399.904296875
100000000000000000000001,1,922125000,0,-48,3.11091303783208,0,0,0.280023986816406,1.63,0,-5399.904296875
100000000000000000000003,1,922125000,0,-46,0.362019465941011,0,0,0.280023986816406,1.63,0,-5399.904296875
100000000000000000000000,1,922125000,0,-47.5,4.2092432819582,0,0,0.280023986816406,1.63,0,-5399.904296875
100000000000000000000003,1,922125000,0,-46,0.386563158547181,0,0,0.280023986816406,1.63,0,-5399.904296875
100000000000000000000000,1,922125000,0,-47.5,4.22151512826128,0,0,0.280023986816406,1.63,0,-5399.904296875
100000000000000000000001,1,922125000,0,-48,3.11091303783208,0,0,0.280023986816406,1.63,0,-5399.904296875
100000000000000000000004,1,922125000,0,-54,5.92116584123858,0,0,0.280023986816406,1.63,0,-5399.904296875
100000000000000000000002,1,922125000,0,-45,2.11075756413064,0,0,0.280023986816406,1.63,0,-5399.904296875
100000000000000000000004,1,922125000,0,-54,5.8966221486324,0,0,0.280023986816406,1.63,0,-5399.904296875
100000000000000000000002,1,922125000,0,-45,2.11075756413064,0,0,0.280023986816406,1.63,0,-5399.904296875
100000000000000000000001,1,922125000,0,-48,3.11091303783208,0,0,0.280023986816406,1.63,0,-5399.904296875
100000000000000000000000,1,922125000,0,-47.5,4.19697143565511,0,0,0.280023986816406,1.63,0,-5399.904296875
100000000000000000000003,1,922125000,0,-45.5,0.374291312244097,0,0,0.280023986816406,1.63,0,-5399.904296875
100000000000000000000001,1,922125000,0,-47.5,3.12318488413517,0,0,0.280023986816406,1.63,0,-5399.904296875
100000000000000000000002,1,922125000,0,-45,2.11075756413064,0,0,0.280023986816406,1.63,0,-5399.904296875
100000000000000000000000,1,922125000,0,-47.5,4.19083551250357,0,0,0.280023986816406,1.63,0,-5399.904296875
100000000000000000000004,1,922125000,0,-54,5.87207845602623,0,0,0.280023986816406,1.63,0,-5399.904296875
100000000000000000000003,1,922125000,0,-46,0.362019465941011,0,0,0.280023986816406,1.63,0,-5399.904296875
100000000000000000000001,1,922125000,0,-48,3.098641191529,0,0,0.280023986816406,1.63,0,-5399.904296875
100000000000000000000004,1,922125000,0,-54,5.89048622548086,0,0,0.280023986816406,1.63,0,-5399.904296875
100000000000000000000000,1,922125000,0,-47.5,4.19697143565511,0,0,0.280023986816406,1.63,0,-5399.904296875
100000000000000000000003,1,922125000,0,-46,0.362019465941011,0,0,0.280023986816406,1.63,0,-5399.904296875
100000000000000000000002,1,922125000,0,-45,2.11075756413064,0,0,0.280023986816406,1.63,0,-5399.904296875
100000000000000000000004,1,922125000,0,-54,5.8966221486324,0,0,0.280023986816406,1.63,0,-5399.904296875
100000000000000000000001,1,922125000,0,-48,3.12318488413517,0,0,0.280023986816406,1.63,0,-5399.904296875
100000000000000000000002,1,922125000,0,-45,2.12916533358527,0,0,0.280023986816406,1.63,0,-5399.904296875
100000000000000000000000,1,922125000,0,-47.5,4.18469958935203,0,0,0.280023986816406,1.63,0,-5399.904296875
100000000000000000000003,1,922125000,0,-46,0.380427235395639,0,0,0.280023986816406,1.63,0,-5399.904296875
100000000000000000000001,1,922125000,0,-48,3.12318488413517,0,0,0.280023986816406,1.63,0,-5399.904296875
100000000000000000000002,1,922125000,0,-45,2.13530125673681,0,0,0.280023986816406,1.63,0,-5399.904296875
100000000000000000000000,1,922125000,0,-47.5,4.21537920510974,0,0,0.280023986816406,1.63,0,-5399.904296875
100000000000000000000003,1,922125000,0,-46,0.380427235395639,0,0,0.280023986816406,1.63,0,-5399.904296875
100000000000000000000004,1,922125000,0,-54,5.87207845602623,0,0,0.280023986816406,1.63,0,-5399.904296875
100000000000000000000000,1,922125000,0,-47.5,4.21537920510974,0,0,0.280023986816406,1.63,0,-5399.904296875
100000000000000000000002,1,922125000,0,-45,2.11689348728218,0,0,0.280023986816406,1.63,0,-5399.904296875
100000000000000000000001,1,922125000,0,-47.5,3.098641191529,0,0,0.280023986816406,1.63,0,-5399.904296875
100000000000000000000004,1,922125000,0,-54,5.87207845602623,0,0,0.280023986816406,1.63,0,-5399.904296875
100000000000000000000003,1,922125000,0,-46,0.355883542789469,0,0,0.280023986816406,1.63,0,-5399.904296875
100000000000000000000000,1,922125000,0,-47.5,4.19697143565511,0,0,0.280023986816406,1.63,0,-5399.904296875
100000000000000000000001,1,922125000,0,-48,3.11704896098362,0,0,0.280023986816406,1.63,0,-5399.904296875
100000000000000000000002,1,922125000,0,-45,2.12302941043373,0,0,0.280023986816406,1.63,0,-5399.904296875
100000000000000000000003,1,922125000,0,-46,0.349747619637927,0,0,0.280023986816406,1.63,0,-5399.904296875
100000000000000000000004,1,922125000,0,-54,5.89048622548086,0,0,0.280023986816406,1.63,0,-5399.904296875
100000000000000000000000,1,922125000,0,-47.5,4.17856366620049,0,0,0.280023986816406,1.63,0,-5399.904296875
100000000000000000000004,1,922125000,0,-53.5,5.91502991808703,0,0,0.280023986816406,1.63,0,-5399.904296875
100000000000000000000002,1,922125000,0,-45,2.11689348728218,0,0,0.280023986816406,1.63,0,-5399.904296875
100000000000000000000001,1,922125000,0,-47.5,3.098641191529,0,0,0.280023986816406,1.63,0,-5399.904296875
100000000000000000000003,1,922125000,0,-46,0.355883542789469,0,0,0.280023986816406,1.63,0,-5399.904296875
100000000000000000000003,1,922125000,0,-46,0.374291312244097,0,0,0.280023986816406,1.63,0,-5399.904296875
100000000000000000000002,1,922125000,0,-45,2.13530125673681,0,0,0.280023986816406,1.63,0,-5399.904296875
100000000000000000000001,1,922125000,0,-48,3.12932080728671,0,0,0.280023986816406,1.63,0,-5399.904296875
100000000000000000000000,1,922125000,0,-47.5,4.20310735880666,0,0,0.280023986816406,1.63,0,-5399.904296875
100000000000000000000004,1,922125000,0,-53.5,5.8966221486324,0,0,0.280023986816406,1.63,0,-5399.904296875
100000000000000000000002,1,922125000,0,-45,2.09234979467601,0,0,0.280023986816406,1.63,0,-5399.904296875
100000000000000000000004,1,922125000,0,-54,5.92730176439012,0,0,0.280023986816406,1.63,0,-5399.904296875
100000000000000000000003,1,922125000,0,-46,0.380427235395639,0,0,0.280023986816406,1.63,0,-5399.904296875
100000000000000000000000,1,922125000,0,-47.5,4.19083551250357,0,0,0.280023986816406,1.63,0,-5399.904296875
100000000000000000000001,1,922125000,0,-48,3.11091303783208,0,0,0.280023986816406,1.63,0,-5399.904296875
100000000000000000000003,1,922125000,0,-46,0.355883542789469,0,0,0.280023986816406,1.63,0,-5399.904296875
100000000000000000000002,1,922125000,0,-45,2.12302941043373,0,0,0.280023986816406,1.63,0,-5399.904296875
100000000000000000000001,1,922125000,0,-48,3.11704896098362,0,0,0.280023986816406,1.63,0,-5399.904296875
100000000000000000000000,1,922125000,0,-47.5,4.19083551250357,0,0,0.280023986816406,1.63,0,-5399.904296875
100000000000000000000004,1,922125000,0,-53.5,5.90889399493549,0,0,0.280023986816406,1.63,0,-5399.904296875
100000000000000000000003,1,922125000,0,-46,0.380427235395639,0,0,0.280023986816406,1.63,0,-5399.904296875
100000000000000000000002,1,922125000,0,-45,2.11075756413064,0,0,0.280023986816406,1.63,0,-5399.904296875
100000000000000000000004,1,922125000,0,-54,5.90275807178395,0,0,0.280023986816406,1.63,0,-5399.904296875
100000000000000000000001,1,922125000,0,-48,3.10477711468054,0,0,0.280023986816406,1.63,0,-5399.904296875
100000000000000000000000,1,922125000,0,-47.5,4.20310735880666,0,0,0.280023986816406,1.63,0,-5399.904296875
100000000000000000000002,1,922125000,0,-45,2.12916533358527,0,0,0.280023986816406,1.63,0,-5399.904296875
100000000000000000000001,1,922125000,0,-48,3.098641191529,0,0,0.280023986816406,1.63,0,-5399.904296875
100000000000000000000003,1,922125000,0,-45.5,0.392699081698725,0,0,0.280023986816406,1.63,0,-5399.904296875
100000000000000000000000,1,922125000,0,-47.5,4.19697143565511,0,0,0.280023986816406,1.63,0,-5399.904296875
100000000000000000000004,1,922125000,0,-54,5.90889399493549,0,0,0.280023986816406,1.63,0,-5399.904296875
100000000000000000000002,1,922125000,0,-45,2.12916533358527,0,0,0.280023986816406,1.63,0,-5399.904296875
100000000000000000000001,1,922125000,0,-48,3.11091303783208,0,0,0.280023986816406,1.63,0,-5399.904296875
100000000000000000000000,1,922125000,0,-47.5,4.2092432819582,0,0,0.280023986816406,1.63,0,-5399.904296875
100000000000000000000003,1,922125000,0,-46,0.374291312244097,0,0,0.280023986816406,1.63,0,-5399.904296875
100000000000000000000004,1,922125000,0,-53.5,5.90275807178395,0,0,0.280023986816406,1.63,0,-5399.904296875
100000000000000000000002,1,922125000,0,-45,2.08007794837293,0,0,0.280023986816406,1.63,0,-5399.904296875
100000000000000000000003,1,922125000,0,-46,0.380427235395639,0,0,0.280023986816406,1.63,0,-5399.904296875
100000000000000000000004,1,922125000,0,-53.5,5.90889399493549,0,0,0.280023986816406,1.63,0,-5399.904296875
100000000000000000000001,1,922125000,0,-48,3.10477711468054,0,0,0.280023986816406,1.63,0,-5399.904296875
100000000000000000000000,1,922125000,0,-47.5,4.16015589674586,0,0,0.280023986816406,1.63,0,-5399.904296875
100000000000000000000000,1,922125000,0,-47.5,4.2092432819582,0,0,0.280023986816406,1.63,0,-5399.904296875
100000000000000000000004,1,922125000,0,-54,5.90275807178395,0,0,0.280023986816406,1.63,0,-5399.904296875
100000000000000000000002,1,922125000,0,-45,2.1046216409791,0,0,0.280023986816406,1.63,0,-5399.904296875
100000000000000000000001,1,922125000,0,-47.5,3.11091303783208,0,0,0.280023986816406,1.63,0,-5399.904296875
100000000000000000000003,1,922125000,0,-45.5,0.374291312244097,0,0,0.280023986816406,1.63,0,-5399.904296875
100000000000000000000000,1,922125000,0,-47.5,4.22765105141283,0,0,0.280023986816406,1.63,0,-5399.904296875
100000000000000000000004,1,922125000,0,-54,5.8966221486324,0,0,0.280023986816406,1.63,0,-5399.904296875
100000000000000000000001,1,922125000,0,-48,3.098641191529,0,0,0.280023986816406,1.63,0,-5399.904296875
100000000000000000000003,1,922125000,0,-46,0.355883542789469,0,0,0.280023986816406,1.63,0,-5399.904296875
100000000000000000000002,1,922125000,0,-45,2.09234979467601,0,0,0.280023986816406,1.63,0,-5399.904296875
100000000000000000000002,1,922125000,0,-45,2.11689348728218,0,0,0.280023986816406,1.63,0,-5399.904296875
100000000000000000000004,1,922125000,0,-54,5.91502991808703,0,0,0.280023986816406,1.63,0,-5399.904296875
100000000000000000000001,1,922125000,0,-48,3.11091303783208,0,0,0.280023986816406,1.63,0,-5399.904296875
100000000000000000000003,1,922125000,0,-46,0.380427235395639,0,0,0.280023986816406,1.63,0,-5399.904296875
100000000000000000000000,1,922125000,0,-47.5,4.21537920510974,0,0,0.280023986816406,1.63,0,-5399.904296875
100000000000000000000004,1,922125000,0,-53.5,5.90889399493549,0,0,0.280023986816406,1.63,0,-5399.904296875
100000000000000000000000,1,922125000,0,-47.5,4.19697143565511,0,0,0.280023986816406,1.63,0,-5399.904296875
100000000000000000000001,1,922125000,0,-48,3.098641191529,0,0,0.280023986816406,1.63,0,-5399.904296875
100000000000000000000002,1,922125000,0,-45,2.12916533358527,0,0,0.280023986816406,1.63,0,-5399.904296875
100000000000000000000003,1,922125000,0,-46,0.380427235395639,0,0,0.280023986816406,1.63,0,-5399.904296875
100000000000000000000000,1,922125000,0,-47.5,4.19083551250357,0,0,0.280023986816406,1.63,0,-5399.904296875
100000000000000000000003,1,922125000,0,-46,0.368155389092554,0,0,0.280023986816406,1.63,0,-5399.904296875
100000000000000000000004,1,922125000,0,-54,5.90889399493549,0,0,0.280023986816406,1.63,0,-5399.904296875
100000000000000000000001,1,922125000,0,-48,3.09250526837745,0,0,0.280023986816406,1.63,0,-5399.904296875
100000000000000000000002,1,922125000,0,-45,2.13530125673681,0,0,0.280023986816406,1.63,0,-5399.904296875
100000000000000000000000,1,922125000,0,-47.5,4.19083551250357,0,0,0.280023986816406,1.63,0,-5399.904296875
100000000000000000000002,1,922125000,0,-45,2.12302941043373,0,0,0.280023986816406,1.63,0,-5399.904296875
100000000000000000000003,1,922125000,0,-46,0.368155389092554,0,0,0.280023986816406,1.63,0,-5399.904296875
100000000000000000000004,1,922125000,0,-54,5.8966221486324,0,0,0.280023986816406,1.63,0,-5399.904296875
100000000000000000000001,1,922125000,0,-47.5,3.11091303783208,0,0,0.280023986816406,1.63,0,-5399.904296875
100000000000000000000002,1,922125000,0,-45,2.09234979467601,0,0,0.280023986816406,1.63,0,-5399.904296875
100000000000000000000001,1,922125000,0,-48,3.11091303783208,0,0,0.280023986816406,1.63,0,-5399.904296875
100000000000000000000004,1,922125000,0,-54,5.87821437917778,0,0,0.280023986816406,1.63,0,-5399.904296875
100000000000000000000003,1,922125000,0,-46,0.398835004850267,0,0,0.280023986816406,1.63,0,-5399.904296875
100000000000000000000000,1,922125000,0,-47.5,4.20310735880666,0,0,0.280023986816406,1.63,0,-5399.904296875
100000000000000000000001,1,922125000,0,-48,3.098641191529,0,0,0.280023986816406,1.63,0,-5399.904296875
100000000000000000000000,1,922125000,0,-47.5,4.18469958935203,0,0,0.280023986816406,1.63,0,-5399.904296875
100000000000000000000003,1,922125000,0,-46,0.374291312244097,0,0,0.280023986816406,1.63,0,-5399.904296875
100000000000000000000002,1,922125000,0,-45,2.11689348728218,0,0,0.280023986816406,1.63,0,-5399.904296875
100000000000000000000004,1,922125000,0,-54,5.90275807178395,0,0,0.280023986816406,1.63,0,-5399.904296875
100000000000000000000004,1,922125000,0,-54,5.88435030232932,0,0,0.280023986816406,1.63,0,-5399.904296875
100000000000000000000001,1,922125000,0,-48,3.11704896098362,0,0,0.280023986816406,1.63,0,-5399.904296875
100000000000000000000003,1,922125000,0,-45.5,0.398835004850267,0,0,0.280023986816406,1.63,0,-5399.904296875
100000000000000000000000,1,922125000,0,-47.5,4.19083551250357,0,0,0.280023986816406,1.63,0,-5399.904296875
100000000000000000000002,1,922125000,0,-45,2.1046216409791,0,0,0.280023986816406,1.63,0,-5399.904296875
100000000000000000000003,1,922125000,0,-46,0.398835004850267,0,0,0.280023986816406,1.63,0,-5399.904296875
100000000000000000000000,1,922125000,0,-47.5,4.20310735880666,0,0,0.280023986816406,1.63,0,-5399.904296875
100000000000000000000004,1,922125000,0,-54,5.8966221486324,0,0,0.280023986816406,1.63,0,-5399.904296875
100000000000000000000001,1,922125000,0,-48,3.10477711468054,0,0,0.280023986816406,1.63,0,-5399.904296875
100000000000000000000002,1,922125000,0,-45,2.13530125673681,0,0,0.280023986816406,1.63,0,-5399.904296875
100000000000000000000004,1,922125000,0,-54,5.87821437917778,0,0,0.280023986816406,1.63,0,-5399.904296875
100000000000000000000001,1,922125000,0,-48,3.10477711468054,0,0,0.280023986816406,1.63,0,-5399.904296875
100000000000000000000003,1,922125000,0,-45.5,0.368155389092554,0,0,0.280023986816406,1.63,0,-5399.904296875
100000000000000000000002,1,922125000,0,-45,2.11075756413064,0,0,0.280023986816406,1.63,0,-5399.904296875
100000000000000000000000,1,922125000,0,-47.5,4.21537920510974,0,0,0.280023986816406,1.63,0,-5399.904296875
100000000000000000000003,1,922125000,0,-46,0.368155389092554,0,0,0.280023986816406,1.63,0,-5399.904296875
100000000000000000000000,1,922125000,0,-47.5,4.22765105141283,0,0,0.280023986816406,1.63,0,-5399.904296875
100000000000000000000002,1,922125000,0,-45,2.1475731030399,0,0,0.280023986816406,1.63,0,-5399.904296875
100000000000000000000001,1,922125000,0,-48,3.11091303783208,0,0,0.280023986816406,1.63,0,-5399.904296875
100000000000000000000004,1,922125000,0,-54,5.86594253287469,0,0,0.280023986816406,1.63,0,-5399.904296875
100000000000000000000000,1,922125000,0,-47.5,4.18469958935203,0,0,0.280023986816406,1.63,0,-5399.904296875
100000000000000000000002,1,922125000,0,-45,2.12302941043373,0,0,0.280023986816406,1.63,0,-5399.904296875
100000000000000000000004,1,922125000,0,-54,5.90275807178395,0,0,0.280023986816406,1.63,0,-5399.904296875
100000000000000000000001,1,922125000,0,-48,3.11091303783208,0,0,0.280023986816406,1.63,0,-5399.904296875
100000000000000000000003,1,922125000,0,-46,0.374291312244097,0,0,0.280023986816406,1.63,0,-5399.904296875
100000000000000000000002,1,922125000,0,-45,2.12916533358527,0,0,0.280023986816406,1.63,0,-5399.904296875
100000000000000000000003,1,922125000,0,-46,0.398835004850267,0,0,0.280023986816406,1.63,0,-5399.904296875
100000000000000000000001,1,922125000,0,-48,3.10477711468054,0,0,0.280023986816406,1.63,0,-5399.904296875
100000000000000000000004,1,922125000,0,-54,5.87821437917778,0,0,0.280023986816406,1.63,0,-5399.904296875
100000000000000000000000,1,922125000,0,-47.5,4.24605882086745,0,0,0.280023986816406,1.63,0,-5399.904296875
100000000000000000000003,1,922125000,0,-46,0.349747619637927,0,0,0.280023986816406,1.63,0,-5399.904296875
100000000000000000000000,1,922125000,0,-47.5,4.18469958935203,0,0,0.280023986816406,1.63,0,-5399.904296875
100000000000000000000001,1,922125000,0,-48,3.10477711468054,0,0,0.280023986816406,1.63,0,-5399.904296875
100000000000000000000002,1,922125000,0,-45,2.11075756413064,0,0,0.280023986816406,1.63,0,-5399.904296875
100000000000000000000004,1,922125000,0,-54,5.90889399493549,0,0,0.280023986816406,1.63,0,-5399.904296875
100000000000000000000004,1,922125000,0,-54,5.87821437917778,0,0,0.280023986816406,1.63,0,-5399.904296875
100000000000000000000003,1,922125000,0,-46,0.355883542789469,0,0,0.280023986816406,1.63,0,-5399.904296875
100000000000000000000000,1,922125000,0,-47.5,4.18469958935203,0,0,0.280023986816406,1.63,0,-5399.904296875
100000000000000000000001,1,922125000,0,-48,3.098641191529,0,0,0.280023986816406,1.63,0,-5399.904296875
100000000000000000000002,1,922125000,0,-45,2.13530125673681,0,0,0.280023986816406,1.63,0,-5399.904296875
100000000000000000000003,1,922125000,0,-46,0.362019465941011,0,0,0.280023986816406,1.63,0,-5399.904296875
100000000000000000000004,1,922125000,0,-54,5.8966221486324,0,0,0.280023986816406,1.63,0,-5399.904296875
100000000000000000000002,1,922125000,0,-45,2.12916533358527,0,0,0.280023986816406,1.63,0,-5399.904296875
100000000000000000000001,1,922125000,0,-48,3.06796157577128,0,0,0.280023986816406,1.63,0,-5399.904296875
100000000000000000000000,1,922125000,0,-48,4.2092432819582,0,0,0.280023986816406,1.63,0,-5399.904296875
100000000000000000000004,1,922125000,0,-54,5.88435030232932,0,0,0.280023986816406,1.63,0,-5399.904296875
100000000000000000000002,1,922125000,0,-45,2.11689348728218,0,0,0.280023986816406,1.63,0,-5399.904296875
100000000000000000000001,1,922125000,0,-48,3.11704896098362,0,0,0.280023986816406,1.63,0,-5399.904296875
100000000000000000000003,1,922125000,0,-45.5,0.374291312244097,0,0,0.280023986816406,1.63,0,-5399.904296875
100000000000000000000000,1,922125000,0,-47.5,4.19697143565511,0,0,0.280023986816406,1.63,0,-5399.904296875
100000000000000000000000,1,922125000,0,-47.5,4.19083551250357,0,0,0.280023986816406,1.63,0,-5399.904296875
100000000000000000000003,1,922125000,0,-46,0.355883542789469,0,0,0.280023986816406,1.63,0,-5399.904296875
100000000000000000000002,1,922125000,0,-45,2.11075756413064,0,0,0.280023986816406,1.63,0,-5399.904296875
100000000000000000000001,1,922125000,0,-47.5,3.09250526837745,0,0,0.280023986816406,1.63,0,-5399.904296875
100000000000000000000004,1,922125000,0,-54,5.88435030232932,0,0,0.280023986816406,1.63,0,-5399.904296875
100000000000000000000003,1,922125000,0,-46,0.368155389092554,0,0,0.280023986816406,1.63,0,-5399.904296875
100000000000000000000004,1,922125000,0,-54,5.92116584123858,0,0,0.280023986816406,1.63,0,-5399.904296875
100000000000000000000002,1,922125000,0,-45,2.1046216409791,0,0,0.280023986816406,1.63,0,-5399.904296875
100000000000000000000001,1,922125000,0,-48,3.10477711468054,0,0,0.280023986816406,1.63,0,-5399.904296875
100000000000000000000000,1,922125000,0,-47.5,4.22151512826128,0,0,0.280023986816406,1.63,0,-5399.904296875
100000000000000000000001,1,922125000,0,-48,3.098641191529,0,0,0.280023986816406,1.63,0,-5399.904296875
100000000000000000000003,1,922125000,0,-46,0.374291312244097,0,0,0.280023986816406,1.63,0,-5399.904296875
100000000000000000000002,1,922125000,0,-45,2.09848571782756,0,0,0.280023986816406,1.63,0,-5399.904296875
100000000000000000000000,1,922125000,0,-47.5,4.19083551250357,0,0,0.280023986816406,1.63,0,-5399.904296875
100000000000000000000004,1,922125000,0,-54,5.8966221486324,0,0,0.280023986816406,1.63,0,-5399.904296875
100000000000000000000002,1,922125000,0,-45,2.1046216409791,0,0,0.280023986816406,1.63,0,-5399.904296875
100000000000000000000004,1,922125000,0,-54,5.89048622548086,0,0,0.280023986816406,1.63,0,-5399.904296875
100000000000000000000003,1,922125000,0,-46,0.374291312244097,0,0,0.280023986816406,1.63,0,-5399.904296875
100000000000000000000000,1,922125000,0,-47.5,4.18469958935203,0,0,0.280023986816406,1.63,0,-5399.904296875
100000000000000000000001,1,922125000,0,-48,3.11091303783208,0,0,0.280023986816406,1.63,0,-5399.904296875
100000000000000000000002,1,922125000,0,-45,2.12302941043373,0,0,0.280023986816406,1.63,0,-5399.904296875
100000000000000000000000,1,922125000,0,-47.5,4.19083551250357,0,0,0.280023986816406,1.63,0,-5399.904296875
100000000000000000000001,1,922125000,0,-48,3.11091303783208,0,0,0.280023986816406,1.63,0,-5399.904296875
100000000000000000000003,1,922125000,0,-46,0.355883542789469,0,0,0.280023986816406,1.63,0,-5399.904296875
100000000000000000000004,1,922125000,0,-54,5.8966221486324,0,0,0.280023986816406,1.63,0,-5399.904296875
100000000000000000000003,1,922125000,0,-46,0.386563158547181,0,0,0.280023986816406,1.63,0,-5399.904296875
100000000000000000000000,1,922125000,0,-47.5,4.20310735880666,0,0,0.280023986816406,1.63,0,-5399.904296875
100000000000000000000002,1,922125000,0,-45,2.13530125673681,0,0,0.280023986816406,1.63,0,-5399.904296875
100000000000000000000004,1,922125000,0,-53.5,5.87821437917778,0,0,0.280023986816406,1.63,0,-5399.904296875
100000000000000000000001,1,922125000,0,-48,3.098641191529,0,0,0.280023986816406,1.63,0,-5399.904296875
100000000000000000000003,1,922125000,0,-46,0.398835004850267,0,0,0.280023986816406,1.63,0,-5399.904296875
100000000000000000000002,1,922125000,0,-45,2.11075756413064,0,0,0.280023986816406,1.63,0,-5399.904296875
100000000000000000000000,1,922125000,0,-47.5,4.17856366620049,0,0,0.280023986816406,1.63,0,-5399.904296875
100000000000000000000001,1,922125000,0,-47.5,3.11704896098362,0,0,0.280023986816406,1.63,0,-5399.904296875
100000000000000000000004,1,922125000,0,-54,5.90889399493549,0,0,0.280023986816406,1.63,0,-5399.904296875
100000000000000000000004,1,922125000,0,-53.5,5.9395736106932,0,0,0.280023986816406,1.63,0,-5399.904296875
100000000000000000000002,1,922125000,0,-45,2.12302941043373,0,0,0.280023986816406,1.63,0,-5399.904296875
100000000000000000000001,1,922125000,0,-48,3.11091303783208,0,0,0.280023986816406,1.63,0,-5399.904296875
100000000000000000000003,1,922125000,0,-46,0.368155389092554,0,0,0.280023986816406,1.63,0,-5399.904296875
100000000000000000000000,1,922125000,0,-47.5,4.2092432819582,0,0,0.280023986816406,1.63,0,-5399.904296875
100000000000000000000004,1,922125000,0,-54,5.86594253287469,0,0,0.280023986816406,1.63,0,-5399.904296875
100000000000000000000002,1,922125000,0,-45,2.12302941043373,0,0,0.280023986816406,1.63,0,-5399.904296875
100000000000000000000000,1,922125000,0,-47.5,4.21537920510974,0,0,0.280023986816406,1.63,0,-5399.904296875
100000000000000000000001,1,922125000,0,-47.5,3.12318488413517,0,0,0.280023986816406,1.63,0,-5399.904296875
100000000000000000000003,1,922125000,0,-46,0.355883542789469,0,0,0.280023986816406,1.63,0,-5399.904296875
100000000000000000000003,1,922125000,0,-46,0.392699081698725,0,0,0.280023986816406,1.63,0,-5399.904296875
100000000000000000000000,1,922125000,0,-47.5,4.19083551250357,0,0,0.280023986816406,1.63,0,-5399.904296875
100000000000000000000002,1,922125000,0,-45,2.09848571782756,0,0,0.280023986816406,1.63,0,-5399.904296875
100000000000000000000001,1,922125000,0,-48,3.11091303783208,0,0,0.280023986816406,1.63,0,-5399.904296875
100000000000000000000004,1,922125000,0,-53.5,5.89048622548086,0,0,0.280023986816406,1.63,0,-5399.904296875
100000000000000000000004,1,922125000,0,-54,5.89048622548086,0,0,0.280023986816406,1.63,0,-5399.904296875
100000000000000000000000,1,922125000,0,-47.5,4.18469958935203,0,0,0.280023986816406,1.63,0,-5399.904296875
100000000000000000000002,1,922125000,0,-45,2.09234979467601,0,0,0.280023986816406,1.63,0,-5399.904296875
100000000000000000000003,1,922125000,0,-46,0.374291312244097,0,0,0.280023986816406,1.63,0,-5399.904296875
100000000000000000000001,1,922125000,0,-48,3.10477711468054,0,0,0.280023986816406,1.63,0,-5399.904296875
100000000000000000000000,1,922125000,0,-47.5,4.19697143565511,0,0,0.280023986816406,1.63,0,-5399.904296875
100000000000000000000001,1,922125000,0,-48,3.11704896098362,0,0,0.280023986816406,1.63,0,-5399.904296875
100000000000000000000003,1,922125000,0,-46,0.368155389092554,0,0,0.280023986816406,1.63,0,-5399.904296875
100000000000000000000002,1,922125000,0,-45,2.11075756413064,0,0,0.280023986816406,1.63,0,-5399.904296875
100000000000000000000004,1,922125000,0,-54,5.90889399493549,0,0,0.280023986816406,1.63,0,-5399.904296875
100000000000000000000000,1,922125000,0,-47.5,4.22765105141283,0,0,0.280023986816406,1.63,0,-5399.904296875
100000000000000000000001,1,922125000,0,-48,3.10477711468054,0,0,0.280023986816406,1.63,0,-5399.904296875
100000000000000000000002,1,922125000,0,-45,2.11689348728218,0,0,0.280023986816406,1.63,0,-5399.904296875
100000000000000000000004,1,922125000,0,-54,5.90889399493549,0,0,0.280023986816406,1.63,0,-5399.904296875
100000000000000000000003,1,922125000,0,-45.5,0.374291312244097,0,0,0.280023986816406,1.63,0,-5399.904296875
100000000000000000000001,1,922125000,0,-48,3.11704896098362,0,0,0.280023986816406,1.63,0,-5399.904296875
100000000000000000000000,1,922125000,0,-47.5,4.2092432819582,0,0,0.280023986816406,1.63,0,-5399.904296875
100000000000000000000004,1,922125000,0,-54,5.92116584123858,0,0,0.280023986816406,1.63,0,-5399.904296875
100000000000000000000002,1,922125000,0,-45,2.11075756413064,0,0,0.280023986816406,1.63,0,-5399.904296875
100000000000000000000003,1,922125000,0,-46,0.386563158547181,0,0,0.280023986816406,1.63,0,-5399.904296875
100000000000000000000002,1,922125000,0,-45,2.13530125673681,0,0,0.280023986816406,1.63,0,-5399.904296875
100000000000000000000003,1,922125000,0,-46,0.386563158547181,0,0,0.280023986816406,1.63,0,-5399.904296875
100000000000000000000001,1,922125000,0,-48,3.11091303783208,0,0,0.280023986816406,1.63,0,-5399.904296875
100000000000000000000000,1,922125000,0,-47.5,4.18469958935203,0,0,0.280023986816406,1.63,0,-5399.904296875
100000000000000000000004,1,922125000,0,-54,5.90275807178395,0,0,0.280023986816406,1.63,0,-5399.904296875
100000000000000000000003,1,922125000,0,-46,0.355883542789469,0,0,0.280023986816406,1.63,0,-5399.904296875
100000000000000000000002,1,922125000,0,-45,2.12916533358527,0,0,0.280023986816406,1.63,0,-5399.904296875
100000000000000000000000,1,922125000,0,-47.5,4.20310735880666,0,0,0.280023986816406,1.63,0,-5399.904296875
100000000000000000000004,1,922125000,0,-53.5,5.91502991808703,0,0,0.280023986816406,1.63,0,-5399.904296875
100000000000000000000001,1,922125000,0,-48,3.11091303783208,0,0,0.280023986816406,1.63,0,-5399.904296875
100000000000000000000002,1,922125000,0,-45,2.1046216409791,0,0,0.280023986816406,1.63,0,-5399.904296875
100000000000000000000001,1,922125000,0,-48,3.11091303783208,0,0,0.280023986816406,1.63,0,-5399.904296875
100000000000000000000000,1,922125000,0,-47.5,4.19083551250357,0,0,0.280023986816406,1.63,0,-5399.904296875
100000000000000000000003,1,922125000,0,-46,0.362019465941011,0,0,0.280023986816406,1.63,0,-5399.904296875
100000000000000000000004,1,922125000,0,-54,5.87207845602623,0,0,0.280023986816406,1.63,0,-5399.904296875
100000000000000000000001,1,922125000,0,-48,3.11704896098362,0,0,0.280023986816406,1.63,0,-5399.904296875
100000000000000000000000,1,922125000,0,-47.5,4.19083551250357,0,0,0.280023986816406,1.63,0,-5399.904296875
100000000000000000000003,1,922125000,0,-46,0.343611696486383,0,0,0.280023986816406,1.63,0,-5399.904296875
100000000000000000000004,1,922125000,0,-54,5.90275807178395,0,0,0.280023986816406,1.63,0,-5399.904296875
100000000000000000000002,1,922125000,0,-45,2.11075756413064,0,0,0.280023986816406,1.63,0,-5399.904296875
100000000000000000000001,1,922125000,0,-48,3.10477711468054,0,0,0.280023986816406,1.63,0,-5399.904296875
100000000000000000000002,1,922125000,0,-45,2.11689348728218,0,0,0.280023986816406,1.63,0,-5399.904296875
100000000000000000000003,1,922125000,0,-46,0.374291312244097,0,0,0.280023986816406,1.63,0,-5399.904296875
100000000000000000000000,1,922125000,0,-47.5,4.18469958935203,0,0,0.280023986816406,1.63,0,-5399.904296875
100000000000000000000004,1,922125000,0,-54,5.8966221486324,0,0,0.280023986816406,1.63,0,-5399.904296875
100000000000000000000000,1,922125000,0,-47.5,4.19697143565511,0,0,0.280023986816406,1.63,0,-5399.904296875
100000000000000000000002,1,922125000,0,-45,2.11075756413064,0,0,0.280023986816406,1.63,0,-5399.904296875
100000000000000000000004,1,922125000,0,-53.5,5.91502991808703,0,0,0.280023986816406,1.63,0,-5399.904296875
100000000000000000000001,1,922125000,0,-48,3.098641191529,0,0,0.280023986816406,1.63,0,-5399.904296875
100000000000000000000003,1,922125000,0,-46,0.380427235395639,0,0,0.280023986816406,1.63,0,-5399.904296875
100000000000000000000000,1,922125000,0,-47.5,4.19083551250357,0,0,0.280023986816406,1.63,0,-5399.904296875
100000000000000000000002,1,922125000,0,-45,2.09234979467601,0,0,0.280023986816406,1.63,0,-5399.904296875
100000000000000000000001,1,922125000,0,-48,3.11091303783208,0,0,0.280023986816406,1.63,0,-5399.904296875
100000000000000000000003,1,922125000,0,-46,0.398835004850267,0,0,0.280023986816406,1.63,0,-5399.904296875
100000000000000000000004,1,922125000,0,-54,5.90889399493549,0,0,0.280023986816406,1.63,0,-5399.904296875
100000000000000000000003,1,922125000,0,-46,0.374291312244097,0,0,0.280023986816406,1.63,0,-5399.904296875
100000000000000000000004,1,922125000,0,-54,5.90889399493549,0,0,0.280023986816406,1.63,0,-5399.904296875
100000000000000000000002,1,922125000,0,-45,2.09234979467601,0,0,0.280023986816406,1.63,0,-5399.904296875
100000000000000000000000,1,922125000,0,-47.5,4.20310735880666,0,0,0.280023986816406,1.63,0,-5399.904296875
100000000000000000000001,1,922125000,0,-48,3.10477711468054,0,0,0.280023986816406,1.63,0,-5399.904296875
100000000000000000000002,1,922125000,0,-45,2.11075756413064,0,0,0.280023986816406,1.63,0,-5399.904296875
100000000000000000000003,1,922125000,0,-46,0.337475773334841,0,0,0.280023986816406,1.63,0,-5399.904296875
100000000000000000000000,1,922125000,0,-47.5,4.22765105141283,0,0,0.280023986816406,1.63,0,-5399.904296875
100000000000000000000001,1,922125000,0,-48,3.11704896098362,0,0,0.280023986816406,1.63,0,-5399.904296875
100000000000000000000004,1,922125000,0,-54,5.90889399493549,0,0,0.280023986816406,1.63,0,-5399.904296875
100000000000000000000004,1,922125000,0,-54,5.89048622548086,0,0,0.280023986816406,1.63,0,-5399.904296875
100000000000000000000003,1,922125000,0,-46,0.386563158547181,0,0,0.280023986816406,1.63,0,-5399.904296875
100000000000000000000002,1,922125000,0,-45,2.12302941043373,0,0,0.280023986816406,1.63,0,-5399.904296875
100000000000000000000001,1,922125000,0,-48,3.098641191529,0,0,0.280023986816406,1.63,0,-5399.904296875
100000000000000000000000,1,922125000,0,-47.5,4.20310735880666,0,0,0.280023986816406,1.63,0,-5399.904296875
100000000000000000000002,1,922125000,0,-45,2.12302941043373,0,0,0.280023986816406,1.63,0,-5399.904296875
100000000000000000000004,1,922125000,0,-54,5.90275807178395,0,0,0.280023986816406,1.63,0,-5399.904296875
100000000000000000000000,1,922125000,0,-47.5,4.18469958935203,0,0,0.280023986816406,1.63,0,-5399.904296875
100000000000000000000001,1,922125000,0,-48,3.12318488413517,0,0,0.280023986816406,1.63,0,-5399.904296875
100000000000000000000003,1,922125000,0,-46,0.362019465941011,0,0,0.280023986816406,1.63,0,-5399.904296875
100000000000000000000003,1,922125000,0,-46,0.355883542789469,0,0,0.280023986816406,1.63,0,-5399.904296875
100000000000000000000002,1,922125000,0,-45,2.1046216409791,0,0,0.280023986816406,1.63,0,-5399.904296875
100000000000000000000001,1,922125000,0,-48,3.08636934522591,0,0,0.280023986816406,1.63,0,-5399.904296875
100000000000000000000004,1,922125000,0,-54,5.90275807178395,0,0,0.280023986816406,1.63,0,-5399.904296875
100000000000000000000000,1,922125000,0,-47.5,4.19697143565511,0,0,0.280023986816406,1.63,0,-5399.904296875
100000000000000000000004,1,922125000,0,-53.5,5.90275807178395,0,0,0.280023986816406,1.63,0,-5399.904296875
100000000000000000000000,1,922125000,0,-47.5,4.22151512826128,0,0,0.280023986816406,1.63,0,-5399.904296875
100000000000000000000001,1,922125000,0,-48,3.11704896098362,0,0,0.280023986816406,1.63,0,-5399.904296875
100000000000000000000002,1,922125000,0,-45,2.11075756413064,0,0,0.280023986816406,1.63,0,-5399.904296875
100000000000000000000003,1,922125000,0,-45.5,0.355883542789469,0,0,0.280023986816406,1.63,0,-5399.904296875
100000000000000000000000,1,922125000,0,-47.5,4.20310735880666,0,0,0.280023986816406,1.63,0,-5399.904296875
100000000000000000000004,1,922125000,0,-53.5,5.86594253287469,0,0,0.280023986816406,1.63,0,-5399.904296875
100000000000000000000002,1,922125000,0,-45,2.09848571782756,0,0,0.280023986816406,1.63,0,-5399.904296875
100000000000000000000003,1,922125000,0,-46,0.368155389092554,0,0,0.280023986816406,1.63,0,-5399.904296875
100000000000000000000001,1,922125000,0,-48,3.11091303783208,0,0,0.280023986816406,1.63,0,-5399.904296875
100000000000000000000002,1,922125000,0,-45,2.13530125673681,0,0,0.280023986816406,1.63,0,-5399.904296875
100000000000000000000003,1,922125000,0,-46,0.349747619637927,0,0,0.280023986816406,1.63,0,-5399.904296875
100000000000000000000001,1,922125000,0,-48,3.11704896098362,0,0,0.280023986816406,1.63,0,-5399.904296875
100000000000000000000000,1,922125000,0,-47.5,4.19083551250357,0,0,0.280023986816406,1.63,0,-5399.904296875
100000000000000000000004,1,922125000,0,-54,5.87821437917778,0,0,0.280023986816406,1.63,0,-5399.904296875
100000000000000000000004,1,922125000,0,-54,5.89048622548086,0,0,0.280023986816406,1.63,0,-5399.904296875
100000000000000000000002,1,922125000,0,-45,2.11075756413064,0,0,0.280023986816406,1.63,0,-5399.904296875
100000000000000000000000,1,922125000,0,-47.5,4.19083551250357,0,0,0.280023986816406,1.63,0,-5399.904296875
100000000000000000000001,1,922125000,0,-48,3.12318488413517,0,0,0.280023986816406,1.63,0,-5399.904296875
100000000000000000000003,1,922125000,0,-46,0.362019465941011,0,0,0.280023986816406,1.63,0,-5399.904296875
100000000000000000000002,1,922125000,0,-45,2.11075756413064,0,0,0.280023986816406,1.63,0,-5399.904296875
100000000000000000000003,1,922125000,0,-46,0.368155389092554,0,0,0.280023986816406,1.63,0,-5399.904296875
100000000000000000000001,1,922125000,0,-48,3.11704896098362,0,0,0.280023986816406,1.63,0,-5399.904296875
100000000000000000000000,1,922125000,0,-47.5,4.19083551250357,0,0,0.280023986816406,1.63,0,-5399.904296875
100000000000000000000004,1,922125000,0,-54,5.90889399493549,0,0,0.280023986816406,1.63,0,-5399.904296875
100000000000000000000000,1,922125000,0,-47.5,4.18469958935203,0,0,0.280023986816406,1.63,0,-5399.904296875
100000000000000000000001,1,922125000,0,-47.5,3.098641191529,0,0,0.280023986816406,1.63,0,-5399.904296875
100000000000000000000003,1,922125000,0,-46,0.374291312244097,0,0,0.280023986816406,1.63,0,-5399.904296875
100000000000000000000002,1,922125000,0,-45,2.13530125673681,0,0,0.280023986816406,1.63,0,-5399.904296875
100000000000000000000004,1,922125000,0,-54,5.92116584123858,0,0,0.280023986816406,1.63,0,-5399.904296875
100000000000000000000003,1,922125000,0,-45.5,0.380427235395639,0,0,0.280023986816406,1.63,0,-5399.904296875
100000000000000000000000,1,922125000,0,-47.5,4.21537920510974,0,0,0.280023986816406,1.63,0,-5399.904296875
100000000000000000000002,1,922125000,0,-45,2.1046216409791,0,0,0.280023986816406,1.63,0,-5399.904296875
100000000000000000000004,1,922125000,0,-54,5.89048622548086,0,0,0.280023986816406,1.63,0,-5399.904296875
100000000000000000000001,1,922125000,0,-48,3.11704896098362,0,0,0.280023986816406,1.63,0,-5399.904296875
100000000000000000000000,1,922125000,0,-47.5,4.22765105141283,0,0,0.280023986816406,1.63,0,-5399.904296875
100000000000000000000004,1,922125000,0,-54,5.93343768754166,0,0,0.280023986816406,1.63,0,-5399.904296875
100000000000000000000003,1,922125000,0,-46,0.368155389092554,0,0,0.280023986816406,1.63,0,-5399.904296875
100000000000000000000002,1,922125000,0,-45,2.09848571782756,0,0,0.280023986816406,1.63,0,-5399.904296875
100000000000000000000001,1,922125000,0,-48,3.11704896098362,0,0,0.280023986816406,1.63,0,-5399.904296875
100000000000000000000004,1,922125000,0,-54,5.92730176439012,0,0,0.280023986816406,1.63,0,-5399.904296875
100000000000000000000001,1,922125000,0,-48,3.11704896098362,0,0,0.280023986816406,1.63,0,-5399.904296875
100000000000000000000000,1,922125000,0,-47.5,4.18469958935203,0,0,0.280023986816406,1.63,0,-5399.904296875
100000000000000000000003,1,922125000,0,-46,0.392699081698725,0,0,0.280023986816406,1.63,0,-5399.904296875
100000000000000000000002,1,922125000,0,-45,2.09234979467601,0,0,0.280023986816406,1.63,0,-5399.904296875
100000000000000000000004,1,922125000,0,-54,5.90275807178395,0,0,0.280023986816406,1.63,0,-5399.904296875
100000000000000000000002,1,922125000,0,-45,2.12302941043373,0,0,0.280023986816406,1.63,0,-5399.904296875
100000000000000000000000,1,922125000,0,-47.5,4.19083551250357,0,0,0.280023986816406,1.63,0,-5399.904296875
100000000000000000000003,1,922125000,0,-46,0.355883542789469,0,0,0.280023986816406,1.63,0,-5399.904296875
100000000000000000000001,1,922125000,0,-48,3.098641191529,0,0,0.280023986816406,1.63,0,-5399.904296875
100000000000000000000000,1,922125000,0,-47.5,4.2092432819582,0,0,0.280023986816406,1.63,0,-5399.904296875
100000000000000000000003,1,922125000,0,-46,0.380427235395639,0,0,0.280023986816406,1.63,0,-5399.904296875
100000000000000000000002,1,922125000,0,-45,2.13530125673681,0,0,0.280023986816406,1.63,0,-5399.904296875
100000000000000000000004,1,922125000,0,-54,5.88435030232932,0,0,0.280023986816406,1.63,0,-5399.904296875
100000000000000000000001,1,922125000,0,-48,3.098641191529,0,0,0.280023986816406,1.63,0,-5399.904296875
100000000000000000000001,1,922125000,0,-48,3.12318488413517,0,0,0.280023986816406,1.63,0,-5399.904296875
100000000000000000000000,1,922125000,0,-47.5,4.18469958935203,0,0,0.280023986816406,1.63,0,-5399.904296875
100000000000000000000003,1,922125000,0,-46,0.349747619637927,0,0,0.280023986816406,1.63,0,-5399.904296875
100000000000000000000002,1,922125000,0,-45,2.1046216409791,0,0,0.280023986816406,1.63,0,-5399.904296875
100000000000000000000004,1,922125000,0,-54,5.87821437917778,0,0,0.280023986816406,1.63,0,-5399.904296875
100000000000000000000003,1,922125000,0,-46,0.368155389092554,0,0,0.280023986816406,1.63,0,-5399.904296875
100000000000000000000004,1,922125000,0,-54,5.88435030232932,0,0,0.280023986816406,1.63,0,-5399.904296875
100000000000000000000002,1,922125000,0,-45,2.11075756413064,0,0,0.280023986816406,1.63,0,-5399.904296875
100000000000000000000000,1,922125000,0,-47.5,4.1662918198974,0,0,0.280023986816406,1.63,0,-5399.904296875
100000000000000000000001,1,922125000,0,-48,3.098641191529,0,0,0.280023986816406,1.63,0,-5399.904296875
100000000000000000000003,1,922125000,0,-46,0.380427235395639,0,0,0.280023986816406,1.63,0,-5399.904296875
100000000000000000000004,1,922125000,0,-54,5.87821437917778,0,0,0.280023986816406,1.63,0,-5399.904296875
100000000000000000000000,1,922125000,0,-47.5,4.22765105141283,0,0,0.280023986816406,1.63,0,-5399.904296875
100000000000000000000002,1,922125000,0,-45,2.11689348728218,0,0,0.280023986816406,1.63,0,-5399.904296875
100000000000000000000001,1,922125000,0,-47.5,3.11704896098362,0,0,0.280023986816406,1.63,0,-5399.904296875
100000000000000000000002,1,922125000,0,-45,2.12916533358527,0,0,0.280023986816406,1.63,0,-5399.904296875
100000000000000000000004,1,922125000,0,-54,5.90275807178395,0,0,0.280023986816406,1.63,0,-5399.904296875
100000000000000000000003,1,922125000,0,-46,0.374291312244097,0,0,0.280023986816406,1.63,0,-5399.904296875
100000000000000000000000,1,922125000,0,-47.5,4.19697143565511,0,0,0.280023986816406,1.63,0,-5399.904296875
100000000000000000000001,1,922125000,0,-48,3.11091303783208,0,0,0.280023986816406,1.63,0,-5399.904296875
100000000000000000000002,1,922125000,0,-45,2.11689348728218,0,0,0.280023986816406,1.63,0,-5399.904296875
100000000000000000000003,1,922125000,0,-46,0.374291312244097,0,0,0.280023986816406,1.63,0,-5399.904296875
100000000000000000000001,1,922125000,0,-48,3.10477711468054,0,0,0.280023986816406,1.63,0,-5399.904296875
100000000000000000000000,1,922125000,0,-47.5,4.19083551250357,0,0,0.280023986816406,1.63,0,-5399.904296875
100000000000000000000004,1,922125000,0,-54,5.92730176439012,0,0,0.280023986816406,1.63,0,-5399.904296875
100000000000000000000000,1,922625000,0,-47.5,4.39945689965602,0,0,0.280023986816406,1.63,0,-5399.904296875
100000000000000000000004,1,922625000,0,-54.5,6.12365130523948,0,0,0.280023986816406,1.63,0,-5399.904296875
100000000000000000000003,1,922625000,0,-45.5,0.582912699396544,0,0,0.280023986816406,1.63,0,-5399.904296875
100000000000000000000001,1,922625000,0,-47.5,3.32567034813607,0,0,0.280023986816406,1.63,0,-5399.904296875
100000000000000000000002,1,922625000,0,-45,2.31324302813155,0,0,0.280023986816406,1.63,0,-5399.904296875
100000000000000000000001,1,922625000,0,-47.5,3.32567034813607,0,0,0.280023986816406,1.63,0,-5399.904296875
100000000000000000000003,1,922625000,0,-45.5,0.589048622548086,0,0,0.280023986816406,1.63,0,-5399.904296875
100000000000000000000004,1,922625000,0,-54,6.13592315154256,0,0,0.280023986816406,1.63,0,-5399.904296875
100000000000000000000000,1,922625000,0,-47.5,4.38718505335293,0,0,0.280023986816406,1.63,0,-5399.904296875
100000000000000000000002,1,922625000,0,-45.5,2.33165079758617,0,0,0.280023986816406,1.63,0,-5399.904296875
100000000000000000000002,1,922625000,0,-45.5,2.32551487443463,0,0,0.280023986816406,1.63,0,-5399.904296875
100000000000000000000001,1,922625000,0,-47.5,3.33794219443916,0,0,0.280023986816406,1.63,0,-5399.904296875
100000000000000000000004,1,922625000,0,-54,6.14205907469411,0,0,0.280023986816406,1.63,0,-5399.904296875
100000000000000000000000,1,922625000,0,-47.5,4.39332097650448,0,0,0.280023986816406,1.63,0,-5399.904296875
100000000000000000000003,1,922625000,0,-45.5,0.595184545699629,0,0,0.280023986816406,1.63,0,-5399.904296875
100000000000000000000001,1,922625000,0,-47.5,3.35021404074224,0,0,0.280023986816406,1.63,0,-5399.904296875
100000000000000000000000,1,922625000,0,-47.5,4.38104913020139,0,0,0.280023986816406,1.63,0,-5399.904296875
100000000000000000000003,1,922625000,0,-45.5,0.582912699396544,0,0,0.280023986816406,1.63,0,-5399.904296875
100000000000000000000002,1,922625000,0,-45.5,2.34392264388926,0,0,0.280023986816406,1.63,0,-5399.904296875
100000000000000000000004,1,922625000,0,-54,6.14205907469411,0,0,0.280023986816406,1.63,0,-5399.904296875
100000000000000000000001,1,922625000,0,-47.5,3.35634996389378,0,0,0.280023986816406,1.63,0,-5399.904296875
100000000000000000000002,1,922625000,0,-45.5,2.36233041334389,0,0,0.280023986816406,1.63,0,-5399.904296875
100000000000000000000004,1,922625000,0,-54.5,6.09910761263331,0,0,0.280023986816406,1.63,0,-5399.904296875
100000000000000000000003,1,922625000,0,-45.5,0.582912699396544,0,0,0.280023986816406,1.63,0,-5399.904296875
100000000000000000000000,1,922625000,0,-47.5,4.36877728389831,0,0,0.280023986816406,1.63,0,-5399.904296875
100000000000000000000002,1,922625000,0,-45,2.32551487443463,0,0,0.280023986816406,1.63,0,-5399.904296875
100000000000000000000001,1,922625000,0,-47.5,3.3440781175907,0,0,0.280023986816406,1.63,0,-5399.904296875
100000000000000000000000,1,922625000,0,-47.5,4.33809766814059,0,0,0.280023986816406,1.63,0,-5399.904296875
100000000000000000000003,1,922625000,0,-45.5,0.570640853093458,0,0,0.280023986816406,1.63,0,-5399.904296875
100000000000000000000004,1,922625000,0,-54,6.11751538208794,0,0,0.280023986816406,1.63,0,-5399.904296875
100000000000000000000000,1,922625000,0,-47.5,4.39332097650448,0,0,0.280023986816406,1.63,0,-5399.904296875
100000000000000000000001,1,922625000,0,-47.5,3.32567034813607,0,0,0.280023986816406,1.63,0,-5399.904296875
100000000000000000000002,1,922625000,0,-45,2.33165079758617,0,0,0.280023986816406,1.63,0,-5399.904296875
100000000000000000000003,1,922625000,0,-46,0.558369006790373,0,0,0.280023986816406,1.63,0,-5399.904296875
100000000000000000000004,1,922625000,0,-54,6.13592315154256,0,0,0.280023986816406,1.63,0,-5399.904296875
100000000000000000000004,1,922625000,0,-54.5,6.12978722839102,0,0,0.280023986816406,1.63,0,-5399.904296875
100000000000000000000000,1,922625000,0,-47.5,4.38718505335293,0,0,0.280023986816406,1.63,0,-5399.904296875
100000000000000000000002,1,922625000,0,-45.5,2.32551487443463,0,0,0.280023986816406,1.63,0,-5399.904296875
100000000000000000000003,1,922625000,0,-46,0.582912699396544,0,0,0.280023986816406,1.63,0,-5399.904296875
100000000000000000000001,1,922625000,0,-47.5,3.33794219443916,0,0,0.280023986816406,1.63,0,-5399.904296875
100000000000000000000002,1,922625000,0,-45.5,2.31324302813155,0,0,0.280023986816406,1.63,0,-5399.904296875
100000000000000000000004,1,922625000,0,-54.5,6.16046684414874,0,0,0.280023986816406,1.63,0,-5399.904296875
100000000000000000000000,1,922625000,0,-47.5,4.37491320704985,0,0,0.280023986816406,1.63,0,-5399.904296875
100000000000000000000001,1,922625000,0,-47.5,3.32567034813607,0,0,0.280023986816406,1.63,0,-5399.904296875
100000000000000000000003,1,922625000,0,-46,0.589048622548086,0,0,0.280023986816406,1.63,0,-5399.904296875
100000000000000000000001,1,922625000,0,-47.5,3.33794219443916,0,0,0.280023986816406,1.63,0,-5399.904296875
100000000000000000000002,1,922625000,0,-45.5,2.3500585670408,0,0,0.280023986816406,1.63,0,-5399.904296875
100000000000000000000000,1,922625000,0,-47.5,4.38104913020139,0,0,0.280023986816406,1.63,0,-5399.904296875
100000000000000000000003,1,922625000,0,-45.5,0.558369006790373,0,0,0.280023986816406,1.63,0,-5399.904296875
100000000000000000000004,1,922625000,0,-54,6.17887461360336,0,0,0.280023986816406,1.63,0,-5399.904296875
100000000000000000000004,1,922625000,0,-54,6.09297168948177,0,0,0.280023986816406,1.63,0,-5399.904296875
100000000000000000000001,1,922625000,0,-47.5,3.33180627128761,0,0,0.280023986816406,1.63,0,-5399.904296875
100000000000000000000003,1,922625000,0,-45.5,0.601320468851172,0,0,0.280023986816406,1.63,0,-5399.904296875
100000000000000000000002,1,922625000,0,-45.5,2.31324302813155,0,0,0.280023986816406,1.63,0,-5399.904296875
100000000000000000000000,1,922625000,0,-47.5,4.39945689965602,0,0,0.280023986816406,1.63,0,-5399.904296875
100000000000000000000000,1,922625000,0,-47.5,4.42400059226219,0,0,0.280023986816406,1.63,0,-5399.904296875
100000000000000000000003,1,922625000,0,-45.5,0.589048622548086,0,0,0.280023986816406,1.63,0,-5399.904296875
100000000000000000000004,1,922625000,0,-54,6.14205907469411,0,0,0.280023986816406,1.63,0,-5399.904296875
100000000000000000000001,1,922625000,0,-47.5,3.3440781175907,0,0,0.280023986816406,1.63,0,-5399.904296875
100000000000000000000002,1,922625000,0,-45.5,2.34392264388926,0,0,0.280023986816406,1.63,0,-5399.904296875
100000000000000000000000,1,922625000,0,-47.5,4.38104913020139,0,0,0.280023986816406,1.63,0,-5399.904296875
100000000000000000000003,1,922625000,0,-45.5,0.582912699396544,0,0,0.280023986816406,1.63,0,-5399.904296875
100000000000000000000004,1,922625000,0,-54.5,6.10524353578485,0,0,0.280023986816406,1.63,0,-5399.904296875
100000000000000000000001,1,922625000,0,-47.5,3.3440781175907,0,0,0.280023986816406,1.63,0,-5399.904296875
100000000000000000000002,1,922625000,0,-45,2.31324302813155,0,0,0.280023986816406,1.63,0,-5399.904296875
100000000000000000000002,1,922625000,0,-45.5,2.34392264388926,0,0,0.280023986816406,1.63,0,-5399.904296875
100000000000000000000003,1,922625000,0,-45.5,0.582912699396544,0,0,0.280023986816406,1.63,0,-5399.904296875
100000000000000000000001,1,922625000,0,-47.5,3.3440781175907,0,0,0.280023986816406,1.63,0,-5399.904296875
100000000000000000000000,1,922625000,0,-47.5,4.40559282280756,0,0,0.280023986816406,1.63,0,-5399.904296875
100000000000000000000004,1,922625000,0,-54,6.10524353578485,0,0,0.280023986816406,1.63,0,-5399.904296875
100000000000000000000004,1,922625000,0,-54,6.11137945893639,0,0,0.280023986816406,1.63,0,-5399.904296875
100000000000000000000002,1,922625000,0,-45,2.31324302813155,0,0,0.280023986816406,1.63,0,-5399.904296875
100000000000000000000001,1,922625000,0,-47.5,3.3440781175907,0,0,0.280023986816406,1.63,0,-5399.904296875
100000000000000000000000,1,922625000,0,-47.5,4.38104913020139,0,0,0.280023986816406,1.63,0,-5399.904296875
100000000000000000000003,1,922625000,0,-45.5,0.589048622548086,0,0,0.280023986816406,1.63,0,-5399.904296875
100000000000000000000001,1,922625000,0,-47.5,3.33794219443916,0,0,0.280023986816406,1.63,0,-5399.904296875
100000000000000000000002,1,922625000,0,-45,2.31324302813155,0,0,0.280023986816406,1.63,0,-5399.904296875
100000000000000000000003,1,922625000,0,-45.5,0.595184545699629,0,0,0.280023986816406,1.63,0,-5399.904296875
100000000000000000000004,1,922625000,0,-54,6.14819499784565,0,0,0.280023986816406,1.63,0,-5399.904296875
100000000000000000000000,1,922625000,0,-47.5,4.4117287459591,0,0,0.280023986816406,1.63,0,-5399.904296875
100000000000000000000004,1,922625000,0,-54.5,6.12365130523948,0,0,0.280023986816406,1.63,0,-5399.904296875
100000000000000000000003,1,922625000,0,-46,0.576776776245001,0,0,0.280023986816406,1.63,0,-5399.904296875
100000000000000000000001,1,922625000,0,-47.5,3.33180627128761,0,0,0.280023986816406,1.63,0,-5399.904296875
100000000000000000000000,1,922625000,0,-47.5,4.36264136074676,0,0,0.280023986816406,1.63,0,-5399.904296875
100000000000000000000002,1,922625000,0,-45,2.31937895128309,0,0,0.280023986816406,1.63,0,-5399.904296875
100000000000000000000000,1,922625000,0,-47.5,4.39945689965602,0,0,0.280023986816406,1.63,0,-5399.904296875
100000000000000000000001,1,922625000,0,-47.5,3.33180627128761,0,0,0.280023986816406,1.63,0,-5399.904296875
100000000000000000000002,1,922625000,0,-45.5,2.34392264388926,0,0,0.280023986816406,1.63,0,-5399.904296875
100000000000000000000003,1,922625000,0,-46,0.576776776245001,0,0,0.280023986816406,1.63,0,-5399.904296875
100000000000000000000004,1,922625000,0,-54,6.14205907469411,0,0,0.280023986816406,1.63,0,-5399.904296875
100000000000000000000000,1,922625000,0,-47.5,4.39332097650448,0,0,0.280023986816406,1.63,0,-5399.904296875
100000000000000000000001,1,922625000,0,-47.5,3.33794219443916,0,0,0.280023986816406,1.63,0,-5399.904296875
100000000000000000000003,1,922625000,0,-45.5,0.582912699396544,0,0,0.280023986816406,1.63,0,-5399.904296875
100000000000000000000004,1,922625000,0,-54,6.11137945893639,0,0,0.280023986816406,1.63,0,-5399.904296875
100000000000000000000002,1,922625000,0,-45,2.31937895128309,0,0,0.280023986816406,1.63,0,-5399.904296875
100000000000000000000001,1,922625000,0,-47.5,3.32567034813607,0,0,0.280023986816406,1.63,0,-5399.904296875
100000000000000000000000,1,922625000,0,-47.5,4.37491320704985,0,0,0.280023986816406,1.63,0,-5399.904296875
100000000000000000000004,1,922625000,0,-54,6.10524353578485,0,0,0.280023986816406,1.63,0,-5399.904296875
100000000000000000000003,1,922625000,0,-45.5,0.601320468851172,0,0,0.280023986816406,1.63,0,-5399.904296875
100000000000000000000002,1,922625000,0,-45.5,2.33778672073772,0,0,0.280023986816406,1.63,0,-5399.904296875
100000000000000000000002,1,922625000,0,-45,2.33778672073772,0,0,0.280023986816406,1.63,0,-5399.904296875
100000000000000000000001,1,922625000,0,-47.5,3.36248588704533,0,0,0.280023986816406,1.63,0,-5399.904296875
100000000000000000000000,1,922625000,0,-47.5,4.39332097650448,0,0,0.280023986816406,1.63,0,-5399.904296875
100000000000000000000003,1,922625000,0,-45.5,0.595184545699629,0,0,0.280023986816406,1.63,0,-5399.904296875
100000000000000000000004,1,922625000,0,-54,6.09910761263331,0,0,0.280023986816406,1.63,0,-5399.904296875
100000000000000000000000,1,922625000,0,-47.5,4.38718505335293,0,0,0.280023986816406,1.63,0,-5399.904296875
100000000000000000000001,1,922625000,0,-47.5,3.3440781175907,0,0,0.280023986816406,1.63,0,-5399.904296875
100000000000000000000003,1,922625000,0,-46,0.570640853093458,0,0,0.280023986816406,1.63,0,-5399.904296875
100000000000000000000002,1,922625000,0,-45,2.30097118182846,0,0,0.280023986816406,1.63,0,-5399.904296875
100000000000000000000004,1,922625000,0,-54,6.12978722839102,0,0,0.280023986816406,1.63,0,-5399.904296875
100000000000000000000003,1,922625000,0,-46,0.576776776245001,0,0,0.280023986816406,1.63,0,-5399.904296875
100000000000000000000004,1,922625000,0,-54,6.11137945893639,0,0,0.280023986816406,1.63,0,-5399.904296875
100000000000000000000000,1,922625000,0,-47.5,4.36264136074676,0,0,0.280023986816406,1.63,0,-5399.904296875
100000000000000000000001,1,922625000,0,-47.5,3.3440781175907,0,0,0.280023986816406,1.63,0,-5399.904296875
100000000000000000000002,1,922625000,0,-45,2.3500585670408,0,0,0.280023986816406,1.63,0,-5399.904296875
100000000000000000000002,1,922625000,0,-45,2.33165079758617,0,0,0.280023986816406,1.63,0,-5399.904296875
100000000000000000000000,1,922625000,0,-47.5,4.36877728389831,0,0,0.280023986816406,1.63,0,-5399.904296875
100000000000000000000004,1,922625000,0,-54,6.12365130523948,0,0,0.280023986816406,1.63,0,-5399.904296875
100000000000000000000001,1,922625000,0,-47.5,3.33180627128761,0,0,0.280023986816406,1.63,0,-5399.904296875
100000000000000000000003,1,922625000,0,-45.5,0.570640853093458,0,0,0.280023986816406,1.63,0,-5399.904296875
100000000000000000000004,1,922625000,0,-54,6.16046684414874,0,0,0.280023986816406,1.63,0,-5399.904296875
100000000000000000000000,1,922625000,0,-47.5,4.37491320704985,0,0,0.280023986816406,1.63,0,-5399.904296875
100000000000000000000002,1,922625000,0,-45,2.34392264388926,0,0,0.280023986816406,1.63,0,-5399.904296875
100000000000000000000001,1,922625000,0,-47.5,3.33794219443916,0,0,0.280023986816406,1.63,0,-5399.904296875
100000000000000000000003,1,922625000,0,-46,0.582912699396544,0,0,0.280023986816406,1.63,0,-5399.904296875
100000000000000000000003,1,922625000,0,-45.5,0.576776776245001,0,0,0.280023986816406,1.63,0,-5399.904296875
100000000000000000000004,1,922625000,0,-54.5,6.17273869045182,0,0,0.280023986816406,1.63,0,-5399.904296875
100000000000000000000000,1,922625000,0,-47.5,4.37491320704985,0,0,0.280023986816406,1.63,0,-5399.904296875
100000000000000000000001,1,922625000,0,-47.5,3.32567034813607,0,0,0.280023986816406,1.63,0,-5399.904296875
100000000000000000000002,1,922625000,0,-45.5,2.31324302813155,0,0,0.280023986816406,1.63,0,-5399.904296875
100000000000000000000004,1,922625000,0,-54.5,6.16046684414874,0,0,0.280023986816406,1.63,0,-5399.904296875
100000000000000000000002,1,922625000,0,-45.5,2.32551487443463,0,0,0.280023986816406,1.63,0,-5399.904296875
100000000000000000000001,1,922625000,0,-47.5,3.3440781175907,0,0,0.280023986816406,1.63,0,-5399.904296875
100000000000000000000003,1,922625000,0,-45.5,0.576776776245001,0,0,0.280023986816406,1.63,0,-5399.904296875
100000000000000000000000,1,922625000,0,-47.5,4.40559282280756,0,0,0.280023986816406,1.63,0,-5399.904296875
100000000000000000000002,1,922625000,0,-45.5,2.30097118182846,0,0,0.280023986816406,1.63,0,-5399.904296875
100000000000000000000001,1,922625000,0,-47.5,3.35634996389378,0,0,0.280023986816406,1.63,0,-5399.904296875
100000000000000000000003,1,922625000,0,-45.5,0.576776776245001,0,0,0.280023986816406,1.63,0,-5399.904296875
100000000000000000000000,1,922625000,0,-47.5,4.36877728389831,0,0,0.280023986816406,1.63,0,-5399.904296875
100000000000000000000004,1,922625000,0,-54,6.10524353578485,0,0,0.280023986816406,1.63,0,-5399.904296875
100000000000000000000000,1,922625000,0,-47.5,4.39332097650448,0,0,0.280023986816406,1.63,0,-5399.904296875
100000000000000000000003,1,922625000,0,-46,0.570640853093458,0,0,0.280023986816406,1.63,0,-5399.904296875
100000000000000000000004,1,922625000,0,-54,6.16046684414874,0,0,0.280023986816406,1.63,0,-5399.904296875
100000000000000000000002,1,922625000,0,-45.5,2.31324302813155,0,0,0.280023986816406,1.63,0,-5399.904296875
100000000000000000000001,1,922625000,0,-47.5,3.33180627128761,0,0,0.280023986816406,1.63,0,-5399.904296875
100000000000000000000001,1,922625000,0,-47.5,3.3440781175907,0,0,0.280023986816406,1.63,0,-5399.904296875
100000000000000000000000,1,922625000,0,-47.5,4.39332097650448,0,0,0.280023986816406,1.63,0,-5399.904296875
100000000000000000000002,1,922625000,0,-45,2.33778672073772,0,0,0.280023986816406,1.63,0,-5399.904296875
100000000000000000000003,1,922625000,0,-46,0.576776776245001,0,0,0.280023986816406,1.63,0,-5399.904296875
100000000000000000000004,1,922625000,0,-54,6.12365130523948,0,0,0.280023986816406,1.63,0,-5399.904296875
100000000000000000000004,1,922625000,0,-54,6.13592315154256,0,0,0.280023986816406,1.63,0,-5399.904296875
100000000000000000000003,1,922625000,0,-45.5,0.601320468851172,0,0,0.280023986816406,1.63,0,-5399.904296875
100000000000000000000001,1,922625000,0,-47.5,3.33180627128761,0,0,0.280023986816406,1.63,0,-5399.904296875
100000000000000000000002,1,922625000,0,-45,2.30097118182846,0,0,0.280023986816406,1.63,0,-5399.904296875
100000000000000000000000,1,922625000,0,-47.5,4.39945689965602,0,0,0.280023986816406,1.63,0,-5399.904296875
100000000000000000000002,1,922625000,0,-45,2.32551487443463,0,0,0.280023986816406,1.63,0,-5399.904296875
100000000000000000000001,1,922625000,0,-47.5,3.35021404074224,0,0,0.280023986816406,1.63,0,-5399.904296875
100000000000000000000004,1,922625000,0,-54,6.14819499784565,0,0,0.280023986816406,1.63,0,-5399.904296875
100000000000000000000003,1,922625000,0,-45.5,0.595184545699629,0,0,0.280023986816406,1.63,0,-5399.904296875
100000000000000000000000,1,922625000,0,-47.5,4.36264136074676,0,0,0.280023986816406,1.63,0,-5399.904296875
100000000000000000000000,1,922625000,0,-47.5,4.39332097650448,0,0,0.280023986816406,1.63,0,-5399.904296875
100000000000000000000002,1,922625000,0,-45,2.32551487443463,0,0,0.280023986816406,1.63,0,-5399.904296875
100000000000000000000003,1,922625000,0,-46,0.589048622548086,0,0,0.280023986816406,1.63,0,-5399.904296875
100000000000000000000001,1,922625000,0,-47.5,3.33180627128761,0,0,0.280023986816406,1.63,0,-5399.904296875
100000000000000000000004,1,922625000,0,-54,6.11751538208794,0,0,0.280023986816406,1.63,0,-5399.904296875
100000000000000000000001,1,922625000,0,-47.5,3.3440781175907,0,0,0.280023986816406,1.63,0,-5399.904296875
100000000000000000000004,1,922625000,0,-54,6.12365130523948,0,0,0.280023986816406,1.63,0,-5399.904296875
100000000000000000000003,1,922625000,0,-46,0.576776776245001,0,0,0.280023986816406,1.63,0,-5399.904296875
100000000000000000000000,1,922625000,0,-47.5,4.36877728389831,0,0,0.280023986816406,1.63,0,-5399.904296875
100000000000000000000002,1,922625000,0,-45.5,2.31324302813155,0,0,0.280023986816406,1.63,0,-5399.904296875
100000000000000000000002,1,922625000,0,-45.5,2.31937895128309,0,0,0.280023986816406,1.63,0,-5399.904296875
100000000000000000000000,1,922625000,0,-47.5,4.38718505335293,0,0,0.280023986816406,1.63,0,-5399.904296875
100000000000000000000001,1,922625000,0,-47.5,3.32567034813607,0,0,0.280023986816406,1.63,0,-5399.904296875
100000000000000000000003,1,922625000,0,-45.5,0.576776776245001,0,0,0.280023986816406,1.63,0,-5399.904296875
100000000000000000000004,1,922625000,0,-54.5,6.08683576633022,0,0,0.280023986816406,1.63,0,-5399.904296875
100000000000000000000003,1,922625000,0,-46,0.564504929941916,0,0,0.280023986816406,1.63,0,-5399.904296875
100000000000000000000004,1,922625000,0,-54.5,6.10524353578485,0,0,0.280023986816406,1.63,0,-5399.904296875
100000000000000000000001,1,922625000,0,-47.5,3.33794219443916,0,0,0.280023986816406,1.63,0,-5399.904296875
100000000000000000000000,1,922625000,0,-47.5,4.38718505335293,0,0,0.280023986816406,1.63,0,-5399.904296875
100000000000000000000002,1,922625000,0,-45.5,2.32551487443463,0,0,0.280023986816406,1.63,0,-5399.904296875
100000000000000000000002,1,922625000,0,-45,2.31937895128309,0,0,0.280023986816406,1.63,0,-5399.904296875
100000000000000000000000,1,922625000,0,-47.5,4.40559282280756,0,0,0.280023986816406,1.63,0,-5399.904296875
100000000000000000000003,1,922625000,0,-45.5,0.570640853093458,0,0,0.280023986816406,1.63,0,-5399.904296875
100000000000000000000004,1,922625000,0,-54.5,6.11137945893639,0,0,0.280023986816406,1.63,0,-5399.904296875
100000000000000000000001,1,922625000,0,-47.5,3.3440781175907,0,0,0.280023986816406,1.63,0,-5399.904296875
100000000000000000000001,1,922625000,0,-47.5,3.33794219443916,0,0,0.280023986816406,1.63,0,-5399.904296875
100000000000000000000003,1,922625000,0,-45.5,0.558369006790373,0,0,0.280023986816406,1.63,0,-5399.904296875
100000000000000000000002,1,922625000,0,-45.5,2.31324302813155,0,0,0.280023986816406,1.63,0,-5399.904296875
100000000000000000000000,1,922625000,0,-47.5,4.39945689965602,0,0,0.280023986816406,1.63,0,-5399.904296875
100000000000000000000004,1,922625000,0,-54,6.13592315154256,0,0,0.280023986816406,1.63,0,-5399.904296875
100000000000000000000002,1,922625000,0,-45.5,2.31937895128309,0,0,0.280023986816406,1.63,0,-5399.904296875
100000000000000000000004,1,922625000,0,-54,6.12365130523948,0,0,0.280023986816406,1.63,0,-5399.904296875
100000000000000000000000,1,922625000,0,-47.5,4.38718505335293,0,0,0.280023986816406,1.63,0,-5399.904296875
100000000000000000000001,1,922625000,0,-47.5,3.33180627128761,0,0,0.280023986816406,1.63,0,-5399.904296875
100000000000000000000003,1,922625000,0,-45.5,0.552233083638831,0,0,0.280023986816406,1.63,0,-5399.904296875
100000000000000000000002,1,922625000,0,-45,2.32551487443463,0,0,0.280023986816406,1.63,0,-5399.904296875
100000000000000000000004,1,922625000,0,-54.5,6.09297168948177,0,0,0.280023986816406,1.63,0,-5399.904296875
100000000000000000000000,1,922625000,0,-47.5,4.35650543759522,0,0,0.280023986816406,1.63,0,-5399.904296875
100000000000000000000003,1,922625000,0,-46,0.589048622548086,0,0,0.280023986816406,1.63,0,-5399.904296875
100000000000000000000001,1,922625000,0,-47.5,3.35634996389378,0,0,0.280023986816406,1.63,0,-5399.904296875
100000000000000000000002,1,922625000,0,-45.5,2.33165079758617,0,0,0.280023986816406,1.63,0,-5399.904296875
100000000000000000000000,1,922625000,0,-47.5,4.38718505335293,0,0,0.280023986816406,1.63,0,-5399.904296875
100000000000000000000003,1,922625000,0,-46,0.589048622548086,0,0,0.280023986816406,1.63,0,-5399.904296875
100000000000000000000004,1,922625000,0,-54.5,6.11751538208794,0,0,0.280023986816406,1.63,0,-5399.904296875
100000000000000000000001,1,922625000,0,-47.5,3.35634996389378,0,0,0.280023986816406,1.63,0,-5399.904296875
100000000000000000000002,1,922625000,0,-45,2.31937895128309,0,0,0.280023986816406,1.63,0,-5399.904296875
100000000000000000000000,1,922625000,0,-47.5,4.40559282280756,0,0,0.280023986816406,1.63,0,-5399.904296875
100000000000000000000004,1,922625000,0,-54,6.12978722839102,0,0,0.280023986816406,1.63,0,-5399.904296875
100000000000000000000003,1,922625000,0,-46,0.564504929941916,0,0,0.280023986816406,1.63,0,-5399.904296875
100000000000000000000001,1,922625000,0,-47.5,3.36248588704533,0,0,0.280023986816406,1.63,0,-5399.904296875
100000000000000000000001,1,922625000,0,-47.5,3.33180627128761,0,0,0.280023986816406,1.63,0,-5399.904296875
100000000000000000000002,1,922625000,0,-45,2.31937895128309,0,0,0.280023986816406,1.63,0,-5399.904296875
100000000000000000000000,1,922625000,0,-47.5,4.35650543759522,0,0,0.280023986816406,1.63,0,-5399.904296875
100000000000000000000004,1,922625000,0,-54.5,6.12365130523948,0,0,0.280023986816406,1.63,0,-5399.904296875
100000000000000000000003,1,922625000,0,-45.5,0.601320468851172,0,0,0.280023986816406,1.63,0,-5399.904296875
100000000000000000000002,1,922625000,0,-45,2.33165079758617,0,0,0.280023986816406,1.63,0,-5399.904296875
100000000000000000000004,1,922625000,0,-54,6.12978722839102,0,0,0.280023986816406,1.63,0,-5399.904296875
100000000000000000000003,1,922625000,0,-45.5,0.595184545699629,0,0,0.280023986816406,1.63,0,-5399.904296875
100000000000000000000001,1,922625000,0,-47.5,3.32567034813607,0,0,0.280023986816406,1.63,0,-5399.904296875
100000000000000000000000,1,922625000,0,-47.5,4.40559282280756,0,0,0.280023986816406,1.63,0,-5399.904296875
100000000000000000000000,1,922625000,0,-47.5,4.37491320704985,0,0,0.280023986816406,1.63,0,-5399.904296875
100000000000000000000002,1,922625000,0,-45,2.31937895128309,0,0,0.280023986816406,1.63,0,-5399.904296875
100000000000000000000001,1,922625000,0,-47.5,3.35634996389378,0,0,0.280023986816406,1.63,0,-5399.904296875
100000000000000000000003,1,922625000,0,-46,0.552233083638831,0,0,0.280023986816406,1.63,0,-5399.904296875
100000000000000000000004,1,922625000,0,-54,6.07456392002714,0,0,0.280023986816406,1.63,0,-5399.904296875
100000000000000000000002,1,922625000,0,-45,2.33778672073772,0,0,0.280023986816406,1.63,0,-5399.904296875
100000000000000000000001,1,922625000,0,-47.5,3.33794219443916,0,0,0.280023986816406,1.63,0,-5399.904296875
100000000000000000000000,1,922625000,0,-47.5,4.36877728389831,0,0,0.280023986816406,1.63,0,-5399.904296875
100000000000000000000003,1,922625000,0,-45.5,0.589048622548086,0,0,0.280023986816406,1.63,0,-5399.904296875
100000000000000000000004,1,922625000,0,-54.5,6.09910761263331,0,0,0.280023986816406,1.63,0,-5399.904296875
100000000000000000000001,1,922625000,0,-47.5,3.35634996389378,0,0,0.280023986816406,1.63,0,-5399.904296875
100000000000000000000003,1,922625000,0,-45.5,0.582912699396544,0,0,0.280023986816406,1.63,0,-5399.904296875
100000000000000000000002,1,922625000,0,-45.5,2.31937895128309,0,0,0.280023986816406,1.63,0,-5399.904296875
100000000000000000000004,1,922625000,0,-54,6.11751538208794,0,0,0.280023986816406,1.63,0,-5399.904296875
100000000000000000000000,1,922625000,0,-47.5,4.42400059226219,0,0,0.280023986816406,1.63,0,-5399.904296875
100000000000000000000004,1,922625000,0,-54,6.16046684414874,0,0,0.280023986816406,1.63,0,-5399.904296875
100000000000000000000001,1,922625000,0,-47.5,3.35021404074224,0,0,0.280023986816406,1.63,0,-5399.904296875
100000000000000000000003,1,922625000,0,-45.5,0.582912699396544,0,0,0.280023986816406,1.63,0,-5399.904296875
100000000000000000000000,1,922625000,0,-47.5,4.36877728389831,0,0,0.280023986816406,1.63,0,-5399.904296875
100000000000000000000002,1,922625000,0,-45.5,2.31937895128309,0,0,0.280023986816406,1.63,0,-5399.904296875
100000000000000000000002,1,922625000,0,-45,2.33778672073772,0,0,0.280023986816406,1.63,0,-5399.904296875
100000000000000000000000,1,922625000,0,-47.5,4.40559282280756,0,0,0.280023986816406,1.63,0,-5399.904296875
100000000000000000000004,1,922625000,0,-54,6.13592315154256,0,0,0.280023986816406,1.63,0,-5399.904296875
100000000000000000000003,1,922625000,0,-45.5,0.601320468851172,0,0,0.280023986816406,1.63,0,-5399.904296875
100000000000000000000001,1,922625000,0,-47.5,3.31339850183298,0,0,0.280023986816406,1.63,0,-5399.904296875
100000000000000000000001,1,922625000,0,-47.5,3.37475773334841,0,0,0.280023986816406,1.63,0,-5399.904296875
100000000000000000000004,1,922625000,0,-54.5,6.11137945893639,0,0,0.280023986816406,1.63,0,-5399.904296875
100000000000000000000003,1,922625000,0,-45.5,0.589048622548086,0,0,0.280023986816406,1.63,0,-5399.904296875
100000000000000000000000,1,922625000,0,-47.5,4.38718505335293,0,0,0.280023986816406,1.63,0,-5399.904296875
100000000000000000000002,1,922625000,0,-45.5,2.31324302813155,0,0,0.280023986816406,1.63,0,-5399.904296875
100000000000000000000004,1,922625000,0,-54,6.15433092099719,0,0,0.280023986816406,1.63,0,-5399.904296875
100000000000000000000001,1,922625000,0,-47.5,3.3440781175907,0,0,0.280023986816406,1.63,0,-5399.904296875
100000000000000000000002,1,922625000,0,-45,2.3500585670408,0,0,0.280023986816406,1.63,0,-5399.904296875
100000000000000000000003,1,922625000,0,-46,0.570640853093458,0,0,0.280023986816406,1.63,0,-5399.904296875
100000000000000000000000,1,922625000,0,-47.5,4.39945689965602,0,0,0.280023986816406,1.63,0,-5399.904296875
100000000000000000000001,1,922625000,0,-47.5,3.35021404074224,0,0,0.280023986816406,1.63,0,-5399.904296875
100000000000000000000000,1,922625000,0,-47.5,4.38718505335293,0,0,0.280023986816406,1.63,0,-5399.904296875
100000000000000000000003,1,922625000,0,-45.5,0.570640853093458,0,0,0.280023986816406,1.63,0,-5399.904296875
100000000000000000000002,1,922625000,0,-45,2.31324302813155,0,0,0.280023986816406,1.63,0,-5399.904296875
100000000000000000000004,1,922625000,0,-54,6.11751538208794,0,0,0.280023986816406,1.63,0,-5399.904296875
100000000000000000000001,1,922625000,0,-47.5,3.33180627128761,0,0,0.280023986816406,1.63,0,-5399.904296875
100000000000000000000000,1,922625000,0,-47.5,4.38718505335293,0,0,0.280023986816406,1.63,0,-5399.904296875
100000000000000000000002,1,922625000,0,-45.5,2.30710710498,0,0,0.280023986816406,1.63,0,-5399.904296875
100000000000000000000003,1,922625000,0,-45.5,0.564504929941916,0,0,0.280023986816406,1.63,0,-5399.904296875
100000000000000000000004,1,922625000,0,-54,6.11751538208794,0,0,0.280023986816406,1.63,0,-5399.904296875
100000000000000000000004,1,922625000,0,-54.5,6.14205907469411,0,0,0.280023986816406,1.63,0,-5399.904296875
100000000000000000000003,1,922625000,0,-45.5,0.589048622548086,0,0,0.280023986816406,1.63,0,-5399.904296875
100000000000000000000002,1,922625000,0,-45.5,2.33778672073772,0,0,0.280023986816406,1.63,0,-5399.904296875
100000000000000000000001,1,922625000,0,-47.5,3.33794219443916,0,0,0.280023986816406,1.63,0,-5399.904296875
100000000000000000000000,1,922625000,0,-47.5,4.38718505335293,0,0,0.280023986816406,1.63,0,-5399.904296875
100000000000000000000003,1,922625000,0,-45.5,0.564504929941916,0,0,0.280023986816406,1.63,0,-5399.904296875
100000000000000000000002,1,922625000,0,-45.5,2.31324302813155,0,0,0.280023986816406,1.63,0,-5399.904296875
100000000000000000000004,1,922625000,0,-54.5,6.11137945893639,0,0,0.280023986816406,1.63,0,-5399.904296875
100000000000000000000001,1,922625000,0,-47.5,3.32567034813607,0,0,0.280023986816406,1.63,0,-5399.904296875
100000000000000000000000,1,922625000,0,-47.5,4.36877728389831,0,0,0.280023986816406,1.63,0,-5399.904296875
100000000000000000000001,1,922625000,0,-47.5,3.35021404074224,0,0,0.280023986816406,1.63,0,-5399.904296875
100000000000000000000003,1,922625000,0,-45.5,0.589048622548086,0,0,0.280023986816406,1.63,0,-5399.904296875
100000000000000000000000,1,922625000,0,-47.5,4.38104913020139,0,0,0.280023986816406,1.63,0,-5399.904296875
100000000000000000000004,1,922625000,0,-54,6.10524353578485,0,0,0.280023986816406,1.63,0,-5399.904296875
100000000000000000000002,1,922625000,0,-45.5,2.31324302813155,0,0,0.280023986816406,1.63,0,-5399.904296875
100000000000000000000001,1,922625000,0,-47.5,3.33794219443916,0,0,0.280023986816406,1.63,0,-5399.904296875
100000000000000000000000,1,922625000,0,-47.5,4.37491320704985,0,0,0.280023986816406,1.63,0,-5399.904296875
100000000000000000000004,1,922625000,0,-54,6.15433092099719,0,0,0.280023986816406,1.63,0,-5399.904296875
100000000000000000000002,1,922625000,0,-45.5,2.32551487443463,0,0,0.280023986816406,1.63,0,-5399.904296875
100000000000000000000003,1,922625000,0,-45.5,0.576776776245001,0,0,0.280023986816406,1.63,0,-5399.904296875
100000000000000000000003,1,922625000,0,-46,0.558369006790373,0,0,0.280023986816406,1.63,0,-5399.904296875
100000000000000000000002,1,922625000,0,-45.5,2.31937895128309,0,0,0.280023986816406,1.63,0,-5399.904296875
100000000000000000000001,1,922625000,0,-47.5,3.33794219443916,0,0,0.280023986816406,1.63,0,-5399.904296875
100000000000000000000000,1,922625000,0,-47.5,4.38718505335293,0,0,0.280023986816406,1.63,0,-5399.904296875
100000000000000000000004,1,922625000,0,-54.5,6.09910761263331,0,0,0.280023986816406,1.63,0,-5399.904296875
100000000000000000000004,1,922625000,0,-54.5,6.14205907469411,0,0,0.280023986816406,1.63,0,-5399.904296875
100000000000000000000003,1,922625000,0,-45.5,0.595184545699629,0,0,0.280023986816406,1.63,0,-5399.904296875
100000000000000000000000,1,922625000,0,-47.5,4.36264136074676,0,0,0.280023986816406,1.63,0,-5399.904296875
100000000000000000000001,1,922625000,0,-47.5,3.3440781175907,0,0,0.280023986816406,1.63,0,-5399.904296875
100000000000000000000002,1,922625000,0,-45.5,2.31324302813155,0,0,0.280023986816406,1.63,0,-5399.904296875
100000000000000000000003,1,922625000,0,-46,0.558369006790373,0,0,0.280023986816406,1.63,0,-5399.904296875
100000000000000000000001,1,922625000,0,-47.5,3.35634996389378,0,0,0.280023986816406,1.63,0,-5399.904296875
100000000000000000000004,1,922625000,0,-54,6.14205907469411,0,0,0.280023986816406,1.63,0,-5399.904296875
100000000000000000000000,1,922625000,0,-47.5,4.39332097650448,0,0,0.280023986816406,1.63,0,-5399.904296875
100000000000000000000002,1,922625000,0,-45,2.35619449019234,0,0,0.280023986816406,1.63,0,-5399.904296875
100000000000000000000001,1,922625000,0,-47.5,3.32567034813607,0,0,0.280023986816406,1.63,0,-5399.904296875
100000000000000000000003,1,922625000,0,-45.5,0.589048622548086,0,0,0.280023986816406,1.63,0,-5399.904296875
100000000000000000000000,1,922625000,0,-47.5,4.36877728389831,0,0,0.280023986816406,1.63,0,-5399.904296875
100000000000000000000002,1,922625000,0,-45,2.34392264388926,0,0,0.280023986816406,1.63,0,-5399.904296875
100000000000000000000004,1,922625000,0,-54,6.11137945893639,0,0,0.280023986816406,1.63,0,-5399.904296875
100000000000000000000001,1,922625000,0,-47.5,3.31953442498453,0,0,0.280023986816406,1.63,0,-5399.904296875
100000000000000000000000,1,922625000,0,-47.5,4.39332097650448,0,0,0.280023986816406,1.63,0,-5399.904296875
100000000000000000000003,1,922625000,0,-46,0.558369006790373,0,0,0.280023986816406,1.63,0,-5399.904296875
100000000000000000000004,1,922625000,0,-54,6.12365130523948,0,0,0.280023986816406,1.63,0,-5399.904296875
100000000000000000000002,1,922625000,0,-45,2.33778672073772,0,0,0.280023986816406,1.63,0,-5399.904296875
100000000000000000000002,1,922625000,0,-45.5,2.33778672073772,0,0,0.280023986816406,1.63,0,-5399.904296875
100000000000000000000003,1,922625000,0,-45.5,0.582912699396544,0,0,0.280023986816406,1.63,0,-5399.904296875
100000000000000000000000,1,922625000,0,-47.5,4.38718505335293,0,0,0.280023986816406,1.63,0,-5399.904296875
100000000000000000000004,1,922625000,0,-54.5,6.09910761263331,0,0,0.280023986816406,1.63,0,-5399.904296875
100000000000000000000001,1,922625000,0,-47.5,3.33794219443916,0,0,0.280023986816406,1.63,0,-5399.904296875
100000000000000000000003,1,922625000,0,-45.5,0.589048622548086,0,0,0.280023986816406,1.63,0,-5399.904296875
100000000000000000000004,1,922625000,0,-54.5,6.12978722839102,0,0,0.280023986816406,1.63,0,-5399.904296875
100000000000000000000002,1,922625000,0,-45.5,2.31937895128309,0,0,0.280023986816406,1.63,0,-5399.904296875
100000000000000000000001,1,922625000,0,-47.5,3.33180627128761,0,0,0.280023986816406,1.63,0,-5399.904296875
100000000000000000000000,1,922625000,0,-47.5,4.42400059226219,0,0,0.280023986816406,1.63,0,-5399.904296875
100000000000000000000001,1,922625000,0,-47.5,3.32567034813607,0,0,0.280023986816406,1.63,0,-5399.904296875
100000000000000000000000,1,922625000,0,-47.5,4.42400059226219,0,0,0.280023986816406,1.63,0,-5399.904296875
100000000000000000000002,1,922625000,0,-45.5,2.32551487443463,0,0,0.280023986816406,1.63,0,-5399.904296875
100000000000000000000004,1,922625000,0,-54,6.12365130523948,0,0,0.280023986816406,1.63,0,-5399.904296875
100000000000000000000003,1,922625000,0,-46,0.552233083638831,0,0,0.280023986816406,1.63,0,-5399.904296875
100000000000000000000004,1,922625000,0,-54,6.16660276730028,0,0,0.280023986816406,1.63,0,-5399.904296875
100000000000000000000002,1,922625000,0,-45.5,2.31324302813155,0,0,0.280023986816406,1.63,0,-5399.904296875
100000000000000000000003,1,922625000,0,-46,0.607456392002714,0,0,0.280023986816406,1.63,0,-5399.904296875
100000000000000000000001,1,922625000,0,-47.5,3.35021404074224,0,0,0.280023986816406,1.63,0,-5399.904296875
100000000000000000000000,1,922625000,0,-47.5,4.38718505335293,0,0,0.280023986816406,1.63,0,-5399.904296875
100000000000000000000003,1,922625000,0,-45.5,0.576776776245001,0,0,0.280023986816406,1.63,0,-5399.904296875
100000000000000000000004,1,922625000,0,-54,6.10524353578485,0,0,0.280023986816406,1.63,0,-5399.904296875
100000000000000000000002,1,922625000,0,-45,2.3500585670408,0,0,0.280023986816406,1.63,0,-5399.904296875
100000000000000000000000,1,922625000,0,-47.5,4.39332097650448,0,0,0.280023986816406,1.63,0,-5399.904296875
100000000000000000000001,1,922625000,0,-47.5,3.3440781175907,0,0,0.280023986816406,1.63,0,-5399.904296875
100000000000000000000001,1,922625000,0,-47.5,3.31339850183298,0,0,0.280023986816406,1.63,0,-5399.904296875
100000000000000000000002,1,922625000,0,-45,2.31937895128309,0,0,0.280023986816406,1.63,0,-5399.904296875
100000000000000000000003,1,922625000,0,-46,0.589048622548086,0,0,0.280023986816406,1.63,0,-5399.904296875
100000000000000000000000,1,922625000,0,-47.5,4.40559282280756,0,0,0.280023986816406,1.63,0,-5399.904296875
100000000000000000000004,1,922625000,0,-54.5,6.12978722839102,0,0,0.280023986816406,1.63,0,-5399.904296875
100000000000000000000002,1,922625000,0,-45,2.32551487443463,0,0,0.280023986816406,1.63,0,-5399.904296875
100000000000000000000000,1,922625000,0,-47.5,4.38718505335293,0,0,0.280023986816406,1.63,0,-5399.904296875
100000000000000000000001,1,922625000,0,-47.5,3.31953442498453,0,0,0.280023986816406,1.63,0,-5399.904296875
100000000000000000000003,1,922625000,0,-45.5,0.558369006790373,0,0,0.280023986816406,1.63,0,-5399.904296875
100000000000000000000004,1,922625000,0,-54,6.14205907469411,0,0,0.280023986816406,1.63,0,-5399.904296875
100000000000000000000003,1,922625000,0,-45.5,0.582912699396544,0,0,0.280023986816406,1.63,0,-5399.904296875
100000000000000000000004,1,922625000,0,-54.5,6.13592315154256,0,0,0.280023986816406,1.63,0,-5399.904296875
100000000000000000000002,1,922625000,0,-45,2.31324302813155,0,0,0.280023986816406,1.63,0,-5399.904296875
100000000000000000000001,1,922625000,0,-47.5,3.33180627128761,0,0,0.280023986816406,1.63,0,-5399.904296875
100000000000000000000000,1,922625000,0,-47.5,4.38104913020139,0,0,0.280023986816406,1.63,0,-5399.904296875
100000000000000000000003,1,922625000,0,-46,0.576776776245001,0,0,0.280023986816406,1.63,0,-5399.904296875
100000000000000000000001,1,922625000,0,-47.5,3.3440781175907,0,0,0.280023986816406,1.63,0,-5399.904296875
100000000000000000000002,1,922625000,0,-45.5,2.30710710498,0,0,0.280023986816406,1.63,0,-5399.904296875
100000000000000000000000,1,922625000,0,-47.5,4.4117287459591,0,0,0.280023986816406,1.63,0,-5399.904296875
100000000000000000000004,1,922625000,0,-54.5,6.11751538208794,0,0,0.280023986816406,1.63,0,-5399.904296875
100000000000000000000000,1,922625000,0,-47.5,4.37491320704985,0,0,0.280023986816406,1.63,0,-5399.904296875
100000000000000000000004,1,922625000,0,-54,6.12978722839102,0,0,0.280023986816406,1.63,0,-5399.904296875
100000000000000000000003,1,922625000,0,-46,0.589048622548086,0,0,0.280023986816406,1.63,0,-5399.904296875
100000000000000000000001,1,922625000,0,-47.5,3.33794219443916,0,0,0.280023986816406,1.63,0,-5399.904296875
100000000000000000000002,1,922625000,0,-45.5,2.31937895128309,0,0,0.280023986816406,1.63,0,-5399.904296875
100000000000000000000001,1,922625000,0,-47.5,3.33794219443916,0,0,0.280023986816406,1.63,0,-5399.904296875
100000000000000000000003,1,922625000,0,-45.5,0.582912699396544,0,0,0.280023986816406,1.63,0,-5399.904296875
100000000000000000000002,1,922625000,0,-45.5,2.31324302813155,0,0,0.280023986816406,1.63,0,-5399.904296875
100000000000000000000000,1,922625000,0,-47.5,4.37491320704985,0,0,0.280023986816406,1.63,0,-5399.904296875
100000000000000000000004,1,922625000,0,-54.5,6.13592315154256,0,0,0.280023986816406,1.63,0,-5399.904296875
100000000000000000000002,1,922625000,0,-45.5,2.36846633649543,0,0,0.280023986816406,1.63,0,-5399.904296875
100000000000000000000004,1,922625000,0,-54.5,6.12978722839102,0,0,0.280023986816406,1.63,0,-5399.904296875
100000000000000000000003,1,922625000,0,-46,0.558369006790373,0,0,0.280023986816406,1.63,0,-5399.904296875
100000000000000000000001,1,922625000,0,-47.5,3.33180627128761,0,0,0.280023986816406,1.63,0,-5399.904296875
100000000000000000000000,1,922625000,0,-47.5,4.38718505335293,0,0,0.280023986816406,1.63,0,-5399.904296875
100000000000000000000003,1,922625000,0,-46,0.539961237335746,0,0,0.280023986816406,1.63,0,-5399.904296875
100000000000000000000002,1,922625000,0,-45.5,2.32551487443463,0,0,0.280023986816406,1.63,0,-5399.904296875
100000000000000000000001,1,922625000,0,-47.5,3.31953442498453,0,0,0.280023986816406,1.63,0,-5399.904296875
100000000000000000000000,1,922625000,0,-47.5,4.4117287459591,0,0,0.280023986816406,1.63,0,-5399.904296875
100000000000000000000004,1,922625000,0,-54,6.12365130523948,0,0,0.280023986816406,1.63,0,-5399.904296875
100000000000000000000000,1,922625000,0,-47.5,4.40559282280756,0,0,0.280023986816406,1.63,0,-5399.904296875
100000000000000000000001,1,922625000,0,-47.5,3.36248588704533,0,0,0.280023986816406,1.63,0,-5399.904296875
100000000000000000000003,1,922625000,0,-45.5,0.570640853093458,0,0,0.280023986816406,1.63,0,-5399.904296875
100000000000000000000002,1,922625000,0,-45.5,2.33778672073772,0,0,0.280023986816406,1.63,0,-5399.904296875
100000000000000000000004,1,922625000,0,-54,6.13592315154256,0,0,0.280023986816406,1.63,0,-5399.904296875
100000000000000000000000,1,922625000,0,-47.5,4.38104913020139,0,0,0.280023986816406,1.63,0,-5399.904296875
100000000000000000000002,1,922625000,0,-45,2.32551487443463,0,0,0.280023986816406,1.63,0,-5399.904296875
100000000000000000000004,1,922625000,0,-54,6.12365130523948,0,0,0.280023986816406,1.63,0,-5399.904296875
100000000000000000000001,1,922625000,0,-47.5,3.33794219443916,0,0,0.280023986816406,1.63,0,-5399.904296875
100000000000000000000003,1,922625000,0,-46,0.582912699396544,0,0,0.280023986816406,1.63,0,-5399.904296875
100000000000000000000002,1,922625000,0,-45,2.32551487443463,0,0,0.280023986816406,1.63,0,-5399.904296875
100000000000000000000001,1,922625000,0,-47.5,3.32567034813607,0,0,0.280023986816406,1.63,0,-5399.904296875
100000000000000000000003,1,922625000,0,-45.5,0.582912699396544,0,0,0.280023986816406,1.63,0,-5399.904296875
100000000000000000000000,1,922625000,0,-47.5,4.39332097650448,0,0,0.280023986816406,1.63,0,-5399.904296875
100000000000000000000004,1,922625000,0,-54,6.15433092099719,0,0,0.280023986816406,1.63,0,-5399.904296875
100000000000000000000002,1,922625000,0,-45.5,2.35619449019234,0,0,0.280023986816406,1.63,0,-5399.904296875
100000000000000000000003,1,922625000,0,-45.5,0.595184545699629,0,0,0.280023986816406,1.63,0,-5399.904296875
100000000000000000000000,1,922625000,0,-47.5,4.35650543759522,0,0,0.280023986816406,1.63,0,-5399.904296875
100000000000000000000004,1,922625000,0,-54,6.14205907469411,0,0,0.280023986816406,1.63,0,-5399.904296875
100000000000000000000001,1,922625000,0,-47.5,3.33794219443916,0,0,0.280023986816406,1.63,0,-5399.904296875
100000000000000000000000,1,922625000,0,-47.5,4.39945689965602,0,0,0.280023986816406,1.63,0,-5399.904296875
100000000000000000000001,1,922625000,0,-47.5,3.35021404074224,0,0,0.280023986816406,1.63,0,-5399.904296875
100000000000000000000004,1,922625000,0,-54,6.14205907469411,0,0,0.280023986816406,1.63,0,-5399.904296875
100000000000000000000003,1,922625000,0,-45.5,0.564504929941916,0,0,0.280023986816406,1.63,0,-5399.904296875
100000000000000000000002,1,922625000,0,-45.5,2.36233041334389,0,0,0.280023986816406,1.63,0,-5399.904296875
100000000000000000000003,1,922625000,0,-45.5,0.570640853093458,0,0,0.280023986816406,1.63,0,-5399.904296875
100000000000000000000004,1,922625000,0,-54,6.13592315154256,0,0,0.280023986816406,1.63,0,-5399.904296875
100000000000000000000002,1,922625000,0,-45.5,2.31937895128309,0,0,0.280023986816406,1.63,0,-5399.904296875
100000000000000000000001,1,922625000,0,-47.5,3.33180627128761,0,0,0.280023986816406,1.63,0,-5399.904296875
100000000000000000000000,1,922625000,0,-47.5,4.39332097650448,0,0,0.280023986816406,1.63,0,-5399.904296875
100000000000000000000002,1,922625000,0,-45,2.31324302813155,0,0,0.280023986816406,1.63,0,-5399.904296875
100000000000000000000000,1,922625000,0,-47.5,4.38718505335293,0,0,0.280023986816406,1.63,0,-5399.904296875
100000000000000000000004,1,922625000,0,-54,6.10524353578485,0,0,0.280023986816406,1.63,0,-5399.904296875
100000000000000000000001,1,922625000,0,-47.5,3.3440781175907,0,0,0.280023986816406,1.63,0,-5399.904296875
100000000000000000000003,1,922625000,0,-46,0.589048622548086,0,0,0.280023986816406,1.63,0,-5399.904296875
100000000000000000000004,1,922625000,0,-54.5,6.12365130523948,0,0,0.280023986816406,1.63,0,-5399.904296875
100000000000000000000001,1,922625000,0,-47.5,3.35021404074224,0,0,0.280023986816406,1.63,0,-5399.904296875
100000000000000000000002,1,922625000,0,-45.5,2.32551487443463,0,0,0.280023986816406,1.63,0,-5399.904296875
100000000000000000000000,1,922625000,0,-47.5,4.37491320704985,0,0,0.280023986816406,1.63,0,-5399.904296875
100000000000000000000003,1,922625000,0,-46,0.582912699396544,0,0,0.280023986816406,1.63,0,-5399.904296875
100000000000000000000001,1,922625000,0,-47.5,3.33794219443916,0,0,0.280023986816406,1.63,0,-5399.904296875
100000000000000000000003,1,922625000,0,-46,0.576776776245001,0,0,0.280023986816406,1.63,0,-5399.904296875
100000000000000000000002,1,922625000,0,-45,2.31324302813155,0,0,0.280023986816406,1.63,0,-5399.904296875
100000000000000000000000,1,922625000,0,-47.5,4.39332097650448,0,0,0.280023986816406,1.63,0,-5399.904296875
100000000000000000000004,1,922625000,0,-54,6.11137945893639,0,0,0.280023986816406,1.63,0,-5399.904296875
100000000000000000000002,1,922625000,0,-45.5,2.31937895128309,0,0,0.280023986816406,1.63,0,-5399.904296875
100000000000000000000003,1,922625000,0,-46,0.533825314184203,0,0,0.280023986816406,1.63,0,-5399.904296875
100000000000000000000000,1,922625000,0,-47.5,4.38718505335293,0,0,0.280023986816406,1.63,0,-5399.904296875
100000000000000000000001,1,922625000,0,-47.5,3.3440781175907,0,0,0.280023986816406,1.63,0,-5399.904296875
100000000000000000000004,1,922625000,0,-54,6.12978722839102,0,0,0.280023986816406,1.63,0,-5399.904296875
100000000000000000000001,1,922625000,0,-47.5,3.35634996389378,0,0,0.280023986816406,1.63,0,-5399.904296875
100000000000000000000002,1,922625000,0,-45.5,2.33165079758617,0,0,0.280023986816406,1.63,0,-5399.904296875
100000000000000000000003,1,922625000,0,-46,0.601320468851172,0,0,0.280023986816406,1.63,0,-5399.904296875
100000000000000000000004,1,922625000,0,-54.5,6.14205907469411,0,0,0.280023986816406,1.63,0,-5399.904296875
100000000000000000000000,1,922625000,0,-47.5,4.37491320704985,0,0,0.280023986816406,1.63,0,-5399.904296875
100000000000000000000003,1,922625000,0,-45.5,0.589048622548086,0,0,0.280023986816406,1.63,0,-5399.904296875
100000000000000000000004,1,922625000,0,-54,6.13592315154256,0,0,0.280023986816406,1.63,0,-5399.904296875
100000000000000000000002,1,922625000,0,-45,2.34392264388926,0,0,0.280023986816406,1.63,0,-5399.904296875
100000000000000000000000,1,922625000,0,-47.5,4.40559282280756,0,0,0.280023986816406,1.63,0,-5399.904296875
100000000000000000000001,1,922625000,0,-47.5,3.36862181019687,0,0,0.280023986816406,1.63,0,-5399.904296875
100000000000000000000002,1,922625000,0,-45.5,2.31937895128309,0,0,0.280023986816406,1.63,0,-5399.904296875
100000000000000000000000,1,922625000,0,-47.5,4.38718505335293,0,0,0.280023986816406,1.63,0,-5399.904296875
100000000000000000000001,1,922625000,0,-47.5,3.36248588704533,0,0,0.280023986816406,1.63,0,-5399.904296875
100000000000000000000004,1,922625000,0,-54,6.12978722839102,0,0,0.280023986816406,1.63,0,-5399.904296875
100000000000000000000003,1,922625000,0,-46,0.595184545699629,0,0,0.280023986816406,1.63,0,-5399.904296875
100000000000000000000001,1,922625000,0,-47.5,3.35021404074224,0,0,0.280023986816406,1.63,0,-5399.904296875
100000000000000000000002,1,922625000,0,-45,2.35619449019234,0,0,0.280023986816406,1.63,0,-5399.904296875
100000000000000000000000,1,922625000,0,-47.5,4.38718505335293,0,0,0.280023986816406,1.63,0,-5399.904296875
100000000000000000000004,1,922625000,0,-54.5,6.12978722839102,0,0,0.280023986816406,1.63,0,-5399.904296875
100000000000000000000003,1,922625000,0,-45.5,0.601320468851172,0,0,0.280023986816406,1.63,0,-5399.904296875
100000000000000000000004,1,922625000,0,-54.5,6.14819499784565,0,0,0.280023986816406,1.63,0,-5399.904296875
100000000000000000000000,1,922625000,0,-47.5,4.4117287459591,0,0,0.280023986816406,1.63,0,-5399.904296875
100000000000000000000003,1,922625000,0,-45.5,0.564504929941916,0,0,0.280023986816406,1.63,0,-5399.904296875
100000000000000000000001,1,922625000,0,-47.5,3.33794219443916,0,0,0.280023986816406,1.63,0,-5399.904296875
100000000000000000000002,1,922625000,0,-45,2.31937895128309,0,0,0.280023986816406,1.63,0,-5399.904296875
100000000000000000000002,1,922625000,0,-45.5,2.33165079758617,0,0,0.280023986816406,1.63,0,-5399.904296875
100000000000000000000001,1,922625000,0,-47.5,3.32567034813607,0,0,0.280023986816406,1.63,0,-5399.904296875
100000000000000000000003,1,922625000,0,-46,0.564504929941916,0,0,0.280023986816406,1.63,0,-5399.904296875
100000000000000000000004,1,922625000,0,-54.5,6.11751538208794,0,0,0.280023986816406,1.63,0,-5399.904296875
100000000000000000000000,1,922625000,0,-47.5,4.38104913020139,0,0,0.280023986816406,1.63,0,-5399.904296875
100000000000000000000004,1,922625000,0,-54.5,6.12365130523948,0,0,0.280023986816406,1.63,0,-5399.904296875
100000000000000000000001,1,922625000,0,-47.5,3.31953442498453,0,0,0.280023986816406,1.63,0,-5399.904296875
100000000000000000000002,1,922625000,0,-45.5,2.32551487443463,0,0,0.280023986816406,1.63,0,-5399.904296875
100000000000000000000000,1,922625000,0,-47.5,4.38718505335293,0,0,0.280023986816406,1.63,0,-5399.904296875
100000000000000000000003,1,922625000,0,-45.5,0.589048622548086,0,0,0.280023986816406,1.63,0,-5399.904296875
100000000000000000000000,1,922625000,0,-47.5,4.39332097650448,0,0,0.280023986816406,1.63,0,-5399.904296875
100000000000000000000003,1,922625000,0,-45.5,0.558369006790373,0,0,0.280023986816406,1.63,0,-5399.904296875
100000000000000000000001,1,922625000,0,-47.5,3.35021404074224,0,0,0.280023986816406,1.63,0,-5399.904296875
100000000000000000000002,1,922625000,0,-45.5,2.32551487443463,0,0,0.280023986816406,1.63,0,-5399.904296875
100000000000000000000004,1,922625000,0,-54.5,6.11751538208794,0,0,0.280023986816406,1.63,0,-5399.904296875
100000000000000000000000,1,922625000,0,-47.5,4.39945689965602,0,0,0.280023986816406,1.63,0,-5399.904296875
100000000000000000000002,1,922625000,0,-45.5,2.30097118182846,0,0,0.280023986816406,1.63,0,-5399.904296875
100000000000000000000004,1,922625000,0,-54,6.12978722839102,0,0,0.280023986816406,1.63,0,-5399.904296875
100000000000000000000001,1,922625000,0,-47.5,3.33794219443916,0,0,0.280023986816406,1.63,0,-5399.904296875
100000000000000000000003,1,922625000,0,-46,0.607456392002714,0,0,0.280023986816406,1.63,0,-5399.904296875
100000000000000000000001,1,922625000,0,-47.5,3.33180627128761,0,0,0.280023986816406,1.63,0,-5399.904296875
100000000000000000000002,1,922625000,0,-45,2.31937895128309,0,0,0.280023986816406,1.63,0,-5399.904296875
100000000000000000000003,1,922625000,0,-45.5,0.582912699396544,0,0,0.280023986816406,1.63,0,-5399.904296875
100000000000000000000000,1,922625000,0,-47.5,4.38718505335293,0,0,0.280023986816406,1.63,0,-5399.904296875
100000000000000000000004,1,922625000,0,-54.5,6.13592315154256,0,0,0.280023986816406,1.63,0,-5399.904296875
100000000000000000000004,1,922625000,0,-54,6.13592315154256,0,0,0.280023986816406,1.63,0,-5399.904296875
100000000000000000000002,1,922625000,0,-45.5,2.31937895128309,0,0,0.280023986816406,1.63,0,-5399.904296875
100000000000000000000003,1,922625000,0,-46,0.589048622548086,0,0,0.280023986816406,1.63,0,-5399.904296875
100000000000000000000001,1,922625000,0,-47.5,3.3440781175907,0,0,0.280023986816406,1.63,0,-5399.904296875
100000000000000000000000,1,922625000,0,-47.5,4.38718505335293,0,0,0.280023986816406,1.63,0,-5399.904296875
100000000000000000000002,1,922625000,0,-45.5,2.33778672073772,0,0,0.280023986816406,1.63,0,-5399.904296875
100000000000000000000003,1,922625000,0,-45.5,0.576776776245001,0,0,0.280023986816406,1.63,0,-5399.904296875
100000000000000000000001,1,922625000,0,-47.5,3.3440781175907,0,0,0.280023986816406,1.63,0,-5399.904296875
100000000000000000000000,1,922625000,0,-47.5,4.40559282280756,0,0,0.280023986816406,1.63,0,-5399.904296875
100000000000000000000004,1,922625000,0,-54,6.10524353578485,0,0,0.280023986816406,1.63,0,-5399.904296875
100000000000000000000001,1,922625000,0,-47.5,3.35021404074224,0,0,0.280023986816406,1.63,0,-5399.904296875
100000000000000000000004,1,922625000,0,-54,6.12365130523948,0,0,0.280023986816406,1.63,0,-5399.904296875
100000000000000000000003,1,922625000,0,-46,0.564504929941916,0,0,0.280023986816406,1.63,0,-5399.904296875
100000000000000000000000,1,922625000,0,-47.5,4.38104913020139,0,0,0.280023986816406,1.63,0,-5399.904296875
100000000000000000000002,1,922625000,0,-45.5,2.32551487443463,0,0,0.280023986816406,1.63,0,-5399.904296875
100000000000000000000002,1,922625000,0,-45,2.33165079758617,0,0,0.280023986816406,1.63,0,-5399.904296875
100000000000000000000000,1,922625000,0,-47.5,4.40559282280756,0,0,0.280023986816406,1.63,0,-5399.904296875
100000000000000000000001,1,922625000,0,-47.5,3.35021404074224,0,0,0.280023986816406,1.63,0,-5399.904296875
100000000000000000000003,1,922625000,0,-45.5,0.564504929941916,0,0,0.280023986816406,1.63,0,-5399.904296875
100000000000000000000004,1,922625000,0,-54,6.14819499784565,0,0,0.280023986816406,1.63,0,-5399.904296875
100000000000000000000000,1,922625000,0,-47.5,4.35036951444368,0,0,0.280023986816406,1.63,0,-5399.904296875
100000000000000000000003,1,922625000,0,-45.5,0.576776776245001,0,0,0.280023986816406,1.63,0,-5399.904296875
100000000000000000000001,1,922625000,0,-47.5,3.33180627128761,0,0,0.280023986816406,1.63,0,-5399.904296875
100000000000000000000004,1,922625000,0,-54,6.15433092099719,0,0,0.280023986816406,1.63,0,-5399.904296875
100000000000000000000002,1,922625000,0,-45.5,2.34392264388926,0,0,0.280023986816406,1.63,0,-5399.904296875
100000000000000000000002,1,922625000,0,-45,2.33165079758617,0,0,0.280023986816406,1.63,0,-5399.904296875
100000000000000000000004,1,922625000,0,-54.5,6.12978722839102,0,0,0.280023986816406,1.63,0,-5399.904296875
100000000000000000000001,1,922625000,0,-47.5,3.36248588704533,0,0,0.280023986816406,1.63,0,-5399.904296875
100000000000000000000000,1,922625000,0,-47.5,4.36264136074676,0,0,0.280023986816406,1.63,0,-5399.904296875
100000000000000000000003,1,922625000,0,-46,0.582912699396544,0,0,0.280023986816406,1.63,0,-5399.904296875
100000000000000000000002,1,922625000,0,-45,2.31324302813155,0,0,0.280023986816406,1.63,0,-5399.904296875
100000000000000000000003,1,922625000,0,-45.5,0.601320468851172,0,0,0.280023986816406,1.63,0,-5399.904296875
100000000000000000000000,1,922625000,0,-47.5,4.39332097650448,0,0,0.280023986816406,1.63,0,-5399.904296875
100000000000000000000004,1,922625000,0,-54.5,6.12978722839102,0,0,0.280023986816406,1.63,0,-5399.904296875
100000000000000000000001,1,922625000,0,-47.5,3.3440781175907,0,0,0.280023986816406,1.63,0,-5399.904296875
100000000000000000000003,1,922625000,0,-46,0.576776776245001,0,0,0.280023986816406,1.63,0,-5399.904296875
100000000000000000000000,1,922625000,0,-47.5,4.37491320704985,0,0,0.280023986816406,1.63,0,-5399.904296875
100000000000000000000004,1,922625000,0,-54,6.12978722839102,0,0,0.280023986816406,1.63,0,-5399.904296875
100000000000000000000001,1,922625000,0,-47.5,3.3440781175907,0,0,0.280023986816406,1.63,0,-5399.904296875
100000000000000000000002,1,922625000,0,-45,2.35619449019234,0,0,0.280023986816406,1.63,0,-5399.904296875
100000000000000000000003,1,922625000,0,-45.5,0.570640853093458,0,0,0.280023986816406,1.63,0,-5399.904296875
100000000000000000000001,1,922625000,0,-47.5,3.35634996389378,0,0,0.280023986816406,1.63,0,-5399.904296875
100000000000000000000004,1,922625000,0,-54.5,6.11751538208794,0,0,0.280023986816406,1.63,0,-5399.904296875
100000000000000000000002,1,922625000,0,-45,2.31937895128309,0,0,0.280023986816406,1.63,0,-5399.904296875
100000000000000000000000,1,922625000,0,-47.5,4.35650543759522,0,0,0.280023986816406,1.63,0,-5399.904296875
100000000000000000000003,1,922625000,0,-46,0.570640853093458,0,0,0.280023986816406,1.63,0,-5399.904296875
100000000000000000000001,1,922625000,0,-47.5,3.33794219443916,0,0,0.280023986816406,1.63,0,-5399.904296875
100000000000000000000004,1,922625000,0,-54,6.14819499784565,0,0,0.280023986816406,1.63,0,-5399.904296875
100000000000000000000000,1,922625000,0,-47.5,4.4117287459591,0,0,0.280023986816406,1.63,0,-5399.904296875
100000000000000000000002,1,922625000,0,-45.5,2.31324302813155,0,0,0.280023986816406,1.63,0,-5399.904296875
100000000000000000000001,1,922625000,0,-47.5,3.33180627128761,0,0,0.280023986816406,1.63,0,-5399.904296875
100000000000000000000002,1,922625000,0,-45,2.33778672073772,0,0,0.280023986816406,1.63,0,-5399.904296875
100000000000000000000000,1,922625000,0,-47.5,4.38718505335293,0,0,0.280023986816406,1.63,0,-5399.904296875
100000000000000000000004,1,922625000,0,-54,6.11137945893639,0,0,0.280023986816406,1.63,0,-5399.904296875
100000000000000000000003,1,922625000,0,-45.5,0.564504929941916,0,0,0.280023986816406,1.63,0,-5399.904296875
100000000000000000000002,1,922625000,0,-45.5,2.31324302813155,0,0,0.280023986816406,1.63,0,-5399.904296875
100000000000000000000001,1,922625000,0,-47.5,3.3440781175907,0,0,0.280023986816406,1.63,0,-5399.904296875
100000000000000000000004,1,922625000,0,-54.5,6.12978722839102,0,0,0.280023986816406,1.63,0,-5399.904296875
100000000000000000000003,1,922625000,0,-46,0.558369006790373,0,0,0.280023986816406,1.63,0,-5399.904296875
100000000000000000000000,1,922625000,0,-47.5,4.37491320704985,0,0,0.280023986816406,1.63,0,-5399.904296875
100000000000000000000002,1,922625000,0,-45,2.31937895128309,0,0,0.280023986816406,1.63,0,-5399.904296875
100000000000000000000004,1,922625000,0,-54,6.11137945893639,0,0,0.280023986816406,1.63,0,-5399.904296875
100000000000000000000000,1,922625000,0,-47.5,4.37491320704985,0,0,0.280023986816406,1.63,0,-5399.904296875
100000000000000000000003,1,922625000,0,-45.5,0.589048622548086,0,0,0.280023986816406,1.63,0,-5399.904296875
100000000000000000000001,1,922625000,0,-47.5,3.3440781175907,0,0,0.280023986816406,1.63,0,-5399.904296875
100000000000000000000003,1,923125000,0,-46,0.773126317094363,0,0,0.280023986816406,1.63,0,-5399.904296875
100000000000000000000001,1,923125000,0,-47,3.56497135104623,0,0,0.280023986816406,1.63,0,-5399.904296875
100000000000000000000004,1,923125000,0,-54.5,0.0674951546669682,0,0,0.280023986816406,1.63,0,-5399.904296875
100000000000000000000002,1,923125000,0,-45,2.58322364679942,0,0,0.280023986816406,1.63,0,-5399.904296875
100000000000000000000000,1,923125000,0,-47.5,4.58967051735384,0,0,0.280023986816406,1.63,0,-5399.904296875
100000000000000000000000,1,923125000,0,-47.5,4.60194236365692,0,0,0.280023986816406,1.63,0,-5399.904296875
100000000000000000000001,1,923125000,0,-47,3.57110727419777,0,0,0.280023986816406,1.63,0,-5399.904296875
100000000000000000000004,1,923125000,0,-54.5,0.0613592315154259,0,0,0.280023986816406,1.63,0,-5399.904296875
100000000000000000000002,1,923125000,0,-45,2.5954954931025,0,0,0.280023986816406,1.63,0,-5399.904296875
100000000000000000000003,1,923125000,0,-46,0.773126317094363,0,0,0.280023986816406,1.63,0,-5399.904296875
100000000000000000000001,1,923125000,0,-47,3.55269950474315,0,0,0.280023986816406,1.63,0,-5399.904296875
100000000000000000000000,1,923125000,0,-47.5,4.57126274789921,0,0,0.280023986816406,1.63,0,-5399.904296875
100000000000000000000004,1,923125000,0,-54.5,0.0920388472731384,0,0,0.280023986816406,1.63,0,-5399.904296875
100000000000000000000002,1,923125000,0,-45,2.57708772364788,0,0,0.280023986816406,1.63,0,-5399.904296875
100000000000000000000003,1,923125000,0,-46,0.797670009700534,0,0,0.280023986816406,1.63,0,-5399.904296875
100000000000000000000000,1,923125000,0,-47.5,4.60807828680847,0,0,0.280023986816406,1.63,0,-5399.904296875
100000000000000000000001,1,923125000,0,-47,3.57724319734932,0,0,0.280023986816406,1.63,0,-5399.904296875
100000000000000000000003,1,923125000,0,-46,0.773126317094363,0,0,0.280023986816406,1.63,0,-5399.904296875
100000000000000000000002,1,923125000,0,-45,2.58322364679942,0,0,0.280023986816406,1.63,0,-5399.904296875
100000000000000000000004,1,923125000,0,-54,0.0981747704246807,0,0,0.280023986816406,1.63,0,-5399.904296875
100000000000000000000004,1,923125000,0,-54.5,0.0736310778185105,0,0,0.280023986816406,1.63,0,-5399.904296875
100000000000000000000003,1,923125000,0,-46,0.76699039394282,0,0,0.280023986816406,1.63,0,-5399.904296875
100000000000000000000002,1,923125000,0,-45,2.57708772364788,0,0,0.280023986816406,1.63,0,-5399.904296875
100000000000000000000001,1,923125000,0,-47,3.5465635815916,0,0,0.280023986816406,1.63,0,-5399.904296875
100000000000000000000000,1,923125000,0,-47.5,4.58967051735384,0,0,0.280023986816406,1.63,0,-5399.904296875
100000000000000000000004,1,923125000,0,-54.5,0.0674951546669682,0,0,0.280023986816406,1.63,0,-5399.904296875
100000000000000000000000,1,923125000,0,-47.5,4.59580644050538,0,0,0.280023986816406,1.63,0,-5399.904296875
100000000000000000000002,1,923125000,0,-45,2.57708772364788,0,0,0.280023986816406,1.63,0,-5399.904296875
100000000000000000000001,1,923125000,0,-47,3.55883542789469,0,0,0.280023986816406,1.63,0,-5399.904296875
100000000000000000000003,1,923125000,0,-46,0.773126317094363,0,0,0.280023986816406,1.63,0,-5399.904296875
100000000000000000000003,1,923125000,0,-46,0.76699039394282,0,0,0.280023986816406,1.63,0,-5399.904296875
100000000000000000000000,1,923125000,0,-47.5,4.60194236365692,0,0,0.280023986816406,1.63,0,-5399.904296875
100000000000000000000001,1,923125000,0,-47,3.54042765844006,0,0,0.280023986816406,1.63,0,-5399.904296875
100000000000000000000004,1,923125000,0,-54.5,0.0736310778185105,0,0,0.280023986816406,1.63,0,-5399.904296875
100000000000000000000002,1,923125000,0,-45,2.57708772364788,0,0,0.280023986816406,1.63,0,-5399.904296875
100000000000000000000001,1,923125000,0,-47,3.55269950474315,0,0,0.280023986816406,1.63,0,-5399.904296875
100000000000000000000003,1,923125000,0,-46,0.748582624488193,0,0,0.280023986816406,1.63,0,-5399.904296875
100000000000000000000000,1,923125000,0,-47.5,4.61421420996001,0,0,0.280023986816406,1.63,0,-5399.904296875
100000000000000000000002,1,923125000,0,-45,2.58322364679942,0,0,0.280023986816406,1.63,0,-5399.904296875
100000000000000000000004,1,923125000,0,-54.5,0.0797670009700537,0,0,0.280023986816406,1.63,0,-5399.904296875
100000000000000000000002,1,923125000,0,-45,2.58322364679942,0,0,0.280023986816406,1.63,0,-5399.904296875
100000000000000000000003,1,923125000,0,-46,0.779262240245906,0,0,0.280023986816406,1.63,0,-5399.904296875
100000000000000000000001,1,923125000,0,-47,3.55883542789469,0,0,0.280023986816406,1.63,0,-5399.904296875
100000000000000000000000,1,923125000,0,-47.5,4.60807828680847,0,0,0.280023986816406,1.63,0,-5399.904296875
100000000000000000000004,1,923125000,0,-54.5,0.0859029241215961,0,0,0.280023986816406,1.63,0,-5399.904296875
100000000000000000000002,1,923125000,0,-45,2.57708772364788,0,0,0.280023986816406,1.63,0,-5399.904296875
100000000000000000000003,1,923125000,0,-46,0.773126317094363,0,0,0.280023986816406,1.63,0,-5399.904296875
100000000000000000000004,1,923125000,0,-54.5,0.0797670009700537,0,0,0.280023986816406,1.63,0,-5399.904296875
100000000000000000000001,1,923125000,0,-47,3.5465635815916,0,0,0.280023986816406,1.63,0,-5399.904296875
100000000000000000000000,1,923125000,0,-47.5,4.59580644050538,0,0,0.280023986816406,1.63,0,-5399.904296875
100000000000000000000001,1,923125000,0,-47,3.55883542789469,0,0,0.280023986816406,1.63,0,-5399.904296875
100000000000000000000000,1,923125000,0,-47.5,4.58967051735384,0,0,0.280023986816406,1.63,0,-5399.904296875
100000000000000000000004,1,923125000,0,-54.5,0.0981747704246807,0,0,0.280023986816406,1.63,0,-5399.904296875
100000000000000000000003,1,923125000,0,-46,0.785398163397448,0,0,0.280023986816406,1.63,0,-5399.904296875
100000000000000000000002,1,923125000,0,-45,2.58935956995096,0,0,0.280023986816406,1.63,0,-5399.904296875
100000000000000000000002,1,923125000,0,-45,2.57095180049633,0,0,0.280023986816406,1.63,0,-5399.904296875
100000000000000000000003,1,923125000,0,-46,0.785398163397448,0,0,0.280023986816406,1.63,0,-5399.904296875
100000000000000000000000,1,923125000,0,-47.5,4.61421420996001,0,0,0.280023986816406,1.63,0,-5399.904296875
100000000000000000000001,1,923125000,0,-47,3.55883542789469,0,0,0.280023986816406,1.63,0,-5399.904296875
100000000000000000000004,1,923125000,0,-54.5,0.0859029241215961,0,0,0.280023986816406,1.63,0,-5399.904296875
100000000000000000000001,1,923125000,0,-47,3.56497135104623,0,0,0.280023986816406,1.63,0,-5399.904296875
100000000000000000000002,1,923125000,0,-45,2.57708772364788,0,0,0.280023986816406,1.63,0,-5399.904296875
100000000000000000000004,1,923125000,0,-54.5,0.0674951546669682,0,0,0.280023986816406,1.63,0,-5399.904296875
100000000000000000000003,1,923125000,0,-46,0.779262240245906,0,0,0.280023986816406,1.63,0,-5399.904296875
100000000000000000000000,1,923125000,0,-47.5,4.60194236365692,0,0,0.280023986816406,1.63,0,-5399.904296875
100000000000000000000002,1,923125000,0,-45,2.58322364679942,0,0,0.280023986816406,1.63,0,-5399.904296875
100000000000000000000000,1,923125000,0,-47.5,4.5835345942023,0,0,0.280023986816406,1.63,0,-5399.904296875
100000000000000000000001,1,923125000,0,-47,3.55883542789469,0,0,0.280023986816406,1.63,0,-5399.904296875
100000000000000000000003,1,923125000,0,-46,0.773126317094363,0,0,0.280023986816406,1.63,0,-5399.904296875
100000000000000000000004,1,923125000,0,-54,0.0736310778185105,0,0,0.280023986816406,1.63,0,-5399.904296875
100000000000000000000004,1,923125000,0,-54.5,0.0920388472731384,0,0,0.280023986816406,1.63,0,-5399.904296875
100000000000000000000003,1,923125000,0,-46,0.797670009700534,0,0,0.280023986816406,1.63,0,-5399.904296875
100000000000000000000002,1,923125000,0,-45,2.5954954931025,0,0,0.280023986816406,1.63,0,-5399.904296875
100000000000000000000000,1,923125000,0,-47.5,4.60807828680847,0,0,0.280023986816406,1.63,0,-5399.904296875
100000000000000000000001,1,923125000,0,-47,3.58337912050086,0,0,0.280023986816406,1.63,0,-5399.904296875
100000000000000000000002,1,923125000,0,-45,2.58322364679942,0,0,0.280023986816406,1.63,0,-5399.904296875
100000000000000000000000,1,923125000,0,-47.5,4.60807828680847,0,0,0.280023986816406,1.63,0,-5399.904296875
100000000000000000000001,1,923125000,0,-47,3.55883542789469,0,0,0.280023986816406,1.63,0,-5399.904296875
100000000000000000000003,1,923125000,0,-46,0.773126317094363,0,0,0.280023986816406,1.63,0,-5399.904296875
100000000000000000000004,1,923125000,0,-54.5,0.0736310778185105,0,0,0.280023986816406,1.63,0,-5399.904296875
100000000000000000000002,1,923125000,0,-44.5,2.56481587734479,0,0,0.280023986816406,1.63,0,-5399.904296875
100000000000000000000001,1,923125000,0,-47,3.56497135104623,0,0,0.280023986816406,1.63,0,-5399.904296875
100000000000000000000000,1,923125000,0,-47.5,4.5835345942023,0,0,0.280023986816406,1.63,0,-5399.904296875
100000000000000000000004,1,923125000,0,-54.5,0.0674951546669682,0,0,0.280023986816406,1.63,0,-5399.904296875
100000000000000000000003,1,923125000,0,-46,0.779262240245906,0,0,0.280023986816406,1.63,0,-5399.904296875
100000000000000000000002,1,923125000,0,-45,2.58935956995096,0,0,0.280023986816406,1.63,0,-5399.904296875
100000000000000000000000,1,923125000,0,-47.5,4.60807828680847,0,0,0.280023986816406,1.63,0,-5399.904296875
100000000000000000000001,1,923125000,0,-47,3.56497135104623,0,0,0.280023986816406,1.63,0,-5399.904296875
100000000000000000000004,1,923125000,0,-54.5,0.0736310778185105,0,0,0.280023986816406,1.63,0,-5399.904296875
100000000000000000000003,1,923125000,0,-46,0.785398163397448,0,0,0.280023986816406,1.63,0,-5399.904296875
100000000000000000000000,1,923125000,0,-47.5,4.58967051735384,0,0,0.280023986816406,1.63,0,-5399.904296875
100000000000000000000002,1,923125000,0,-45,2.5954954931025,0,0,0.280023986816406,1.63,0,-5399.904296875
100000000000000000000003,1,923125000,0,-46,0.76699039394282,0,0,0.280023986816406,1.63,0,-5399.904296875
100000000000000000000001,1,923125000,0,-47,3.55883542789469,0,0,0.280023986816406,1.63,0,-5399.904296875
100000000000000000000004,1,923125000,0,-54.5,6.27704938402804,0,0,0.280023986816406,1.63,0,-5399.904296875
100000000000000000000003,1,923125000,0,-46,0.760854470791278,0,0,0.280023986816406,1.63,0,-5399.904296875
100000000000000000000001,1,923125000,0,-47,3.56497135104623,0,0,0.280023986816406,1.63,0,-5399.904296875
100000000000000000000002,1,923125000,0,-45,2.57708772364788,0,0,0.280023986816406,1.63,0,-5399.904296875
100000000000000000000000,1,923125000,0,-47.5,4.55899090159613,0,0,0.280023986816406,1.63,0,-5399.904296875
100000000000000000000004,1,923125000,0,-55,0.0613592315154259,0,0,0.280023986816406,1.63,0,-5399.904296875
100000000000000000000003,1,923125000,0,-46,0.785398163397448,0,0,0.280023986816406,1.63,0,-5399.904296875
100000000000000000000002,1,923125000,0,-45,2.56481587734479,0,0,0.280023986816406,1.63,0,-5399.904296875
100000000000000000000004,1,923125000,0,-54.5,0.0859029241215961,0,0,0.280023986816406,1.63,0,-5399.904296875
100000000000000000000001,1,923125000,0,-47,3.55269950474315,0,0,0.280023986816406,1.63,0,-5399.904296875
100000000000000000000000,1,923125000,0,-47.5,4.60807828680847,0,0,0.280023986816406,1.63,0,-5399.904296875
100000000000000000000000,1,923125000,0,-47.5,4.5835345942023,0,0,0.280023986816406,1.63,0,-5399.904296875
100000000000000000000001,1,923125000,0,-47,3.57110727419777,0,0,0.280023986816406,1.63,0,-5399.904296875
100000000000000000000002,1,923125000,0,-45,2.5954954931025,0,0,0.280023986816406,1.63,0,-5399.904296875
100000000000000000000004,1,923125000,0,-54.5,0.0859029241215961,0,0,0.280023986816406,1.63,0,-5399.904296875
100000000000000000000003,1,923125000,0,-46,0.773126317094363,0,0,0.280023986816406,1.63,0,-5399.904296875
100000000000000000000001,1,923125000,0,-47,3.57724319734932,0,0,0.280023986816406,1.63,0,-5399.904296875
100000000000000000000004,1,923125000,0,-54.5,0.042951462060798,0,0,0.280023986816406,1.63,0,-5399.904296875
100000000000000000000002,1,923125000,0,-45,2.58322364679942,0,0,0.280023986816406,1.63,0,-5399.904296875
100000000000000000000000,1,923125000,0,-47.5,4.60807828680847,0,0,0.280023986816406,1.63,0,-5399.904296875
100000000000000000000003,1,923125000,0,-46,0.779262240245906,0,0,0.280023986816406,1.63,0,-5399.904296875
100000000000000000000004,1,923125000,0,-54.5,0.128854386182394,0,0,0.280023986816406,1.63,0,-5399.904296875
100000000000000000000001,1,923125000,0,-47,3.56497135104623,0,0,0.280023986816406,1.63,0,-5399.904296875
100000000000000000000000,1,923125000,0,-47.5,4.59580644050538,0,0,0.280023986816406,1.63,0,-5399.904296875
100000000000000000000003,1,923125000,0,-46,0.785398163397448,0,0,0.280023986816406,1.63,0,-5399.904296875
100000000000000000000002,1,923125000,0,-45,2.57095180049633,0,0,0.280023986816406,1.63,0,-5399.904296875
100000000000000000000002,1,923125000,0,-45,2.58935956995096,0,0,0.280023986816406,1.63,0,-5399.904296875
100000000000000000000001,1,923125000,0,-47,3.57724319734932,0,0,0.280023986816406,1.63,0,-5399.904296875
100000000000000000000004,1,923125000,0,-54.5,0.0674951546669682,0,0,0.280023986816406,1.63,0,-5399.904296875
100000000000000000000003,1,923125000,0,-46,0.760854470791278,0,0,0.280023986816406,1.63,0,-5399.904296875
100000000000000000000000,1,923125000,0,-47.5,4.60807828680847,0,0,0.280023986816406,1.63,0,-5399.904296875
100000000000000000000001,1,923125000,0,-47,3.57110727419777,0,0,0.280023986816406,1.63,0,-5399.904296875
100000000000000000000000,1,923125000,0,-47.5,4.60807828680847,0,0,0.280023986816406,1.63,0,-5399.904296875
100000000000000000000003,1,923125000,0,-46,0.773126317094363,0,0,0.280023986816406,1.63,0,-5399.904296875
100000000000000000000002,1,923125000,0,-45,2.58322364679942,0,0,0.280023986816406,1.63,0,-5399.904296875
100000000000000000000004,1,923125000,0,-54.5,0.0859029241215961,0,0,0.280023986816406,1.63,0,-5399.904296875
100000000000000000000000,1,923125000,0,-47.5,4.5835345942023,0,0,0.280023986816406,1.63,0,-5399.904296875
100000000000000000000002,1,923125000,0,-45,2.57095180049633,0,0,0.280023986816406,1.63,0,-5399.904296875
100000000000000000000003,1,923125000,0,-46,0.760854470791278,0,0,0.280023986816406,1.63,0,-5399.904296875
100000000000000000000001,1,923125000,0,-47,3.57110727419777,0,0,0.280023986816406,1.63,0,-5399.904296875
100000000000000000000004,1,923125000,0,-54.5,0.104310693576224,0,0,0.280023986816406,1.63,0,-5399.904296875
100000000000000000000001,1,923125000,0,-47,3.56497135104623,0,0,0.280023986816406,1.63,0,-5399.904296875
100000000000000000000004,1,923125000,0,-54.5,0.104310693576224,0,0,0.280023986816406,1.63,0,-5399.904296875
100000000000000000000000,1,923125000,0,-47.5,4.5835345942023,0,0,0.280023986816406,1.63,0,-5399.904296875
100000000000000000000003,1,923125000,0,-46,0.773126317094363,0,0,0.280023986816406,1.63,0,-5399.904296875
100000000000000000000002,1,923125000,0,-45,2.58322364679942,0,0,0.280023986816406,1.63,0,-5399.904296875
100000000000000000000000,1,923125000,0,-47.5,4.60807828680847,0,0,0.280023986816406,1.63,0,-5399.904296875
100000000000000000000002,1,923125000,0,-45,2.5954954931025,0,0,0.280023986816406,1.63,0,-5399.904296875
100000000000000000000003,1,923125000,0,-46,0.791534086548991,0,0,0.280023986816406,1.63,0,-5399.904296875
100000000000000000000001,1,923125000,0,-47,3.55883542789469,0,0,0.280023986816406,1.63,0,-5399.904296875
100000000000000000000004,1,923125000,0,-54.5,0.0981747704246807,0,0,0.280023986816406,1.63,0,-5399.904296875
100000000000000000000001,1,923125000,0,-47,3.53429173528852,0,0,0.280023986816406,1.63,0,-5399.904296875
100000000000000000000000,1,923125000,0,-47.5,4.5835345942023,0,0,0.280023986816406,1.63,0,-5399.904296875
100000000000000000000003,1,923125000,0,-46,0.779262240245906,0,0,0.280023986816406,1.63,0,-5399.904296875
100000000000000000000002,1,923125000,0,-45,2.60163141625405,0,0,0.280023986816406,1.63,0,-5399.904296875
100000000000000000000004,1,923125000,0,-54,0.0552233083638827,0,0,0.280023986816406,1.63,0,-5399.904296875
100000000000000000000004,1,923125000,0,-54.5,0.0859029241215961,0,0,0.280023986816406,1.63,0,-5399.904296875
100000000000000000000000,1,923125000,0,-47.5,4.61421420996001,0,0,0.280023986816406,1.63,0,-5399.904296875
100000000000000000000003,1,923125000,0,-46,0.797670009700534,0,0,0.280023986816406,1.63,0,-5399.904296875
100000000000000000000002,1,923125000,0,-45,2.58322364679942,0,0,0.280023986816406,1.63,0,-5399.904296875
100000000000000000000001,1,923125000,0,-47,3.56497135104623,0,0,0.280023986816406,1.63,0,-5399.904296875
100000000000000000000003,1,923125000,0,-46,0.779262240245906,0,0,0.280023986816406,1.63,0,-5399.904296875
100000000000000000000000,1,923125000,0,-47.5,4.59580644050538,0,0,0.280023986816406,1.63,0,-5399.904296875
100000000000000000000001,1,923125000,0,-47,3.55269950474315,0,0,0.280023986816406,1.63,0,-5399.904296875
100000000000000000000002,1,923125000,0,-45,2.58935956995096,0,0,0.280023986816406,1.63,0,-5399.904296875
100000000000000000000004,1,923125000,0,-54.5,0.0920388472731384,0,0,0.280023986816406,1.63,0,-5399.904296875
100000000000000000000003,1,923125000,0,-46,0.785398163397448,0,0,0.280023986816406,1.63,0,-5399.904296875
100000000000000000000004,1,923125000,0,-54.5,0.0981747704246807,0,0,0.280023986816406,1.63,0,-5399.904296875
100000000000000000000002,1,923125000,0,-44.5,2.58322364679942,0,0,0.280023986816406,1.63,0,-5399.904296875
100000000000000000000000,1,923125000,0,-47.5,4.57739867105075,0,0,0.280023986816406,1.63,0,-5399.904296875
100000000000000000000001,1,923125000,0,-47,3.58337912050086,0,0,0.280023986816406,1.63,0,-5399.904296875
100000000000000000000000,1,923125000,0,-47.5,4.61421420996001,0,0,0.280023986816406,1.63,0,-5399.904296875
100000000000000000000003,1,923125000,0,-46,0.74244670133665,0,0,0.280023986816406,1.63,0,-5399.904296875
100000000000000000000001,1,923125000,0,-47,3.57110727419777,0,0,0.280023986816406,1.63,0,-5399.904296875
100000000000000000000002,1,923125000,0,-45,2.57708772364788,0,0,0.280023986816406,1.63,0,-5399.904296875
100000000000000000000004,1,923125000,0,-54,0.0859029241215961,0,0,0.280023986816406,1.63,0,-5399.904296875
100000000000000000000003,1,923125000,0,-46,0.785398163397448,0,0,0.280023986816406,1.63,0,-5399.904296875
100000000000000000000001,1,923125000,0,-47,3.56497135104623,0,0,0.280023986816406,1.63,0,-5399.904296875
100000000000000000000004,1,923125000,0,-54.5,0.110446616727766,0,0,0.280023986816406,1.63,0,-5399.904296875
100000000000000000000000,1,923125000,0,-47.5,4.61421420996001,0,0,0.280023986816406,1.63,0,-5399.904296875
100000000000000000000002,1,923125000,0,-44.5,2.57708772364788,0,0,0.280023986816406,1.63,0,-5399.904296875
100000000000000000000003,1,923125000,0,-46,0.791534086548991,0,0,0.280023986816406,1.63,0,-5399.904296875
100000000000000000000002,1,923125000,0,-45,2.57708772364788,0,0,0.280023986816406,1.63,0,-5399.904296875
100000000000000000000001,1,923125000,0,-47,3.55269950474315,0,0,0.280023986816406,1.63,0,-5399.904296875
100000000000000000000000,1,923125000,0,-47.5,4.61421420996001,0,0,0.280023986816406,1.63,0,-5399.904296875
100000000000000000000004,1,923125000,0,-54.5,0.0736310778185105,0,0,0.280023986816406,1.63,0,-5399.904296875
100000000000000000000002,1,923125000,0,-45,2.57708772364788,0,0,0.280023986816406,1.63,0,-5399.904296875
100000000000000000000004,1,923125000,0,-54.5,0.0859029241215961,0,0,0.280023986816406,1.63,0,-5399.904296875
100000000000000000000001,1,923125000,0,-47,3.55269950474315,0,0,0.280023986816406,1.63,0,-5399.904296875
100000000000000000000003,1,923125000,0,-46,0.754718547639736,0,0,0.280023986816406,1.63,0,-5399.904296875
100000000000000000000000,1,923125000,0,-47.5,4.59580644050538,0,0,0.280023986816406,1.63,0,-5399.904296875
100000000000000000000002,1,923125000,0,-45,2.58322364679942,0,0,0.280023986816406,1.63,0,-5399.904296875
100000000000000000000004,1,923125000,0,-54.5,0.104310693576224,0,0,0.280023986816406,1.63,0,-5399.904296875
100000000000000000000000,1,923125000,0,-47.5,4.59580644050538,0,0,0.280023986816406,1.63,0,-5399.904296875
100000000000000000000001,1,923125000,0,-47,3.55883542789469,0,0,0.280023986816406,1.63,0,-5399.904296875
100000000000000000000003,1,923125000,0,-46,0.773126317094363,0,0,0.280023986816406,1.63,0,-5399.904296875
100000000000000000000001,1,923125000,0,-47,3.55883542789469,0,0,0.280023986816406,1.63,0,-5399.904296875
100000000000000000000000,1,923125000,0,-47.5,4.57739867105075,0,0,0.280023986816406,1.63,0,-5399.904296875
100000000000000000000004,1,923125000,0,-54,0.0920388472731384,0,0,0.280023986816406,1.63,0,-5399.904296875
100000000000000000000002,1,923125000,0,-44.5,2.55867995419325,0,0,0.280023986816406,1.63,0,-5399.904296875
100000000000000000000003,1,923125000,0,-46,0.773126317094363,0,0,0.280023986816406,1.63,0,-5399.904296875
100000000000000000000003,1,923125000,0,-46,0.779262240245906,0,0,0.280023986816406,1.63,0,-5399.904296875
100000000000000000000000,1,923125000,0,-47.5,4.60194236365692,0,0,0.280023986816406,1.63,0,-5399.904296875
100000000000000000000001,1,923125000,0,-47,3.55883542789469,0,0,0.280023986816406,1.63,0,-5399.904296875
100000000000000000000004,1,923125000,0,-54.5,0.0920388472731384,0,0,0.280023986816406,1.63,0,-5399.904296875
100000000000000000000002,1,923125000,0,-45,2.5954954931025,0,0,0.280023986816406,1.63,0,-5399.904296875
100000000000000000000000,1,923125000,0,-47.5,4.60194236365692,0,0,0.280023986816406,1.63,0,-5399.904296875
100000000000000000000003,1,923125000,0,-46,0.760854470791278,0,0,0.280023986816406,1.63,0,-5399.904296875
100000000000000000000002,1,923125000,0,-45,2.58935956995096,0,0,0.280023986816406,1.63,0,-5399.904296875
100000000000000000000001,1,923125000,0,-47,3.5465635815916,0,0,0.280023986816406,1.63,0,-5399.904296875
100000000000000000000004,1,923125000,0,-54.5,0.0920388472731384,0,0,0.280023986816406,1.63,0,-5399.904296875
100000000000000000000004,1,923125000,0,-55,0.0613592315154259,0,0,0.280023986816406,1.63,0,-5399.904296875
100000000000000000000003,1,923125000,0,-46,0.779262240245906,0,0,0.280023986816406,1.63,0,-5399.904296875
100000000000000000000000,1,923125000,0,-47.5,4.57739867105075,0,0,0.280023986816406,1.63,0,-5399.904296875
100000000000000000000001,1,923125000,0,-47,3.57110727419777,0,0,0.280023986816406,1.63,0,-5399.904296875
100000000000000000000002,1,923125000,0,-45,2.57708772364788,0,0,0.280023986816406,1.63,0,-5399.904296875
100000000000000000000004,1,923125000,0,-54.5,0.0490873852123404,0,0,0.280023986816406,1.63,0,-5399.904296875
100000000000000000000002,1,923125000,0,-45,2.57708772364788,0,0,0.280023986816406,1.63,0,-5399.904296875
100000000000000000000001,1,923125000,0,-47,3.56497135104623,0,0,0.280023986816406,1.63,0,-5399.904296875
100000000000000000000000,1,923125000,0,-47.5,4.58967051735384,0,0,0.280023986816406,1.63,0,-5399.904296875
100000000000000000000003,1,923125000,0,-46,0.797670009700534,0,0,0.280023986816406,1.63,0,-5399.904296875
100000000000000000000003,1,923125000,0,-46,0.773126317094363,0,0,0.280023986816406,1.63,0,-5399.904296875
100000000000000000000000,1,923125000,0,-47.5,4.60807828680847,0,0,0.280023986816406,1.63,0,-5399.904296875
100000000000000000000004,1,923125000,0,-54.5,0.0613592315154259,0,0,0.280023986816406,1.63,0,-5399.904296875
100000000000000000000002,1,923125000,0,-45,2.58322364679942,0,0,0.280023986816406,1.63,0,-5399.904296875
100000000000000000000001,1,923125000,0,-47,3.56497135104623,0,0,0.280023986816406,1.63,0,-5399.904296875
100000000000000000000003,1,923125000,0,-46,0.785398163397448,0,0,0.280023986816406,1.63,0,-5399.904296875
100000000000000000000002,1,923125000,0,-45,2.57095180049633,0,0,0.280023986816406,1.63,0,-5399.904296875
100000000000000000000004,1,923125000,0,-54.5,0.0920388472731384,0,0,0.280023986816406,1.63,0,-5399.904296875
100000000000000000000000,1,923125000,0,-47.5,4.58967051735384,0,0,0.280023986816406,1.63,0,-5399.904296875
100000000000000000000001,1,923125000,0,-47,3.57110727419777,0,0,0.280023986816406,1.63,0,-5399.904296875
100000000000000000000001,1,923125000,0,-47,3.55883542789469,0,0,0.280023986816406,1.63,0,-5399.904296875
100000000000000000000004,1,923125000,0,-54,0.0613592315154259,0,0,0.280023986816406,1.63,0,-5399.904296875
100000000000000000000002,1,923125000,0,-45,2.58935956995096,0,0,0.280023986816406,1.63,0,-5399.904296875
100000000000000000000000,1,923125000,0,-47.5,4.59580644050538,0,0,0.280023986816406,1.63,0,-5399.904296875
100000000000000000000003,1,923125000,0,-46,0.803805932852076,0,0,0.280023986816406,1.63,0,-5399.904296875
100000000000000000000004,1,923125000,0,-54.5,0.0859029241215961,0,0,0.280023986816406,1.63,0,-5399.904296875
100000000000000000000002,1,923125000,0,-45,2.5954954931025,0,0,0.280023986816406,1.63,0,-5399.904296875
100000000000000000000000,1,923125000,0,-47.5,4.59580644050538,0,0,0.280023986816406,1.63,0,-5399.904296875
100000000000000000000001,1,923125000,0,-47,3.5465635815916,0,0,0.280023986816406,1.63,0,-5399.904296875
100000000000000000000003,1,923125000,0,-46,0.773126317094363,0,0,0.280023986816406,1.63,0,-5399.904296875
100000000000000000000001,1,923125000,0,-47,3.57724319734932,0,0,0.280023986816406,1.63,0,-5399.904296875
100000000000000000000003,1,923125000,0,-46,0.785398163397448,0,0,0.280023986816406,1.63,0,-5399.904296875
100000000000000000000002,1,923125000,0,-45,2.60776733940559,0,0,0.280023986816406,1.63,0,-5399.904296875
100000000000000000000000,1,923125000,0,-47.5,4.60194236365692,0,0,0.280023986816406,1.63,0,-5399.904296875
100000000000000000000004,1,923125000,0,-54.5,0.0859029241215961,0,0,0.280023986816406,1.63,0,-5399.904296875
100000000000000000000002,1,923125000,0,-45,2.57708772364788,0,0,0.280023986816406,1.63,0,-5399.904296875
100000000000000000000003,1,923125000,0,-46,0.76699039394282,0,0,0.280023986816406,1.63,0,-5399.904296875
100000000000000000000000,1,923125000,0,-47.5,4.58967051735384,0,0,0.280023986816406,1.63,0,-5399.904296875
100000000000000000000004,1,923125000,0,-54.5,0.0920388472731384,0,0,0.280023986816406,1.63,0,-5399.904296875
100000000000000000000001,1,923125000,0,-47,3.58337912050086,0,0,0.280023986816406,1.63,0,-5399.904296875
100000000000000000000004,1,923125000,0,-54.5,0.0736310778185105,0,0,0.280023986816406,1.63,0,-5399.904296875
100000000000000000000003,1,923125000,0,-46,0.785398163397448,0,0,0.280023986816406,1.63,0,-5399.904296875
100000000000000000000001,1,923125000,0,-47,3.55883542789469,0,0,0.280023986816406,1.63,0,-5399.904296875
100000000000000000000002,1,923125000,0,-45,2.57708772364788,0,0,0.280023986816406,1.63,0,-5399.904296875
100000000000000000000000,1,923125000,0,-47.5,4.5835345942023,0,0,0.280023986816406,1.63,0,-5399.904296875
100000000000000000000000,1,923125000,0,-47.5,4.5835345942023,0,0,0.280023986816406,1.63,0,-5399.904296875
100000000000000000000001,1,923125000,0,-47,3.5895150436524,0,0,0.280023986816406,1.63,0,-5399.904296875
100000000000000000000004,1,923125000,0,-54.5,0.0981747704246807,0,0,0.280023986816406,1.63,0,-5399.904296875
100000000000000000000002,1,923125000,0,-45,2.57708772364788,0,0,0.280023986816406,1.63,0,-5399.904296875
100000000000000000000003,1,923125000,0,-46,0.785398163397448,0,0,0.280023986816406,1.63,0,-5399.904296875
100000000000000000000000,1,923125000,0,-47.5,4.60194236365692,0,0,0.280023986816406,1.63,0,-5399.904296875
100000000000000000000001,1,923125000,0,-47,3.56497135104623,0,0,0.280023986816406,1.63,0,-5399.904296875
100000000000000000000002,1,923125000,0,-45,2.58322364679942,0,0,0.280023986816406,1.63,0,-5399.904296875
100000000000000000000003,1,923125000,0,-46,0.76699039394282,0,0,0.280023986816406,1.63,0,-5399.904296875
100000000000000000000004,1,923125000,0,-54.5,0.104310693576224,0,0,0.280023986816406,1.63,0,-5399.904296875
100000000000000000000003,1,923125000,0,-46,0.779262240245906,0,0,0.280023986816406,1.63,0,-5399.904296875
100000000000000000000001,1,923125000,0,-47,3.56497135104623,0,0,0.280023986816406,1.63,0,-5399.904296875
100000000000000000000004,1,923125000,0,-54.5,0.0613592315154259,0,0,0.280023986816406,1.63,0,-5399.904296875
100000000000000000000002,1,923125000,0,-45,2.60163141625405,0,0,0.280023986816406,1.63,0,-5399.904296875
100000000000000000000000,1,923125000,0,-47.5,4.59580644050538,0,0,0.280023986816406,1.63,0,-5399.904296875
100000000000000000000004,1,923125000,0,-54.5,0.0736310778185105,0,0,0.280023986816406,1.63,0,-5399.904296875
100000000000000000000003,1,923125000,0,-46,0.76699039394282,0,0,0.280023986816406,1.63,0,-5399.904296875
100000000000000000000001,1,923125000,0,-47,3.57724319734932,0,0,0.280023986816406,1.63,0,-5399.904296875
100000000000000000000002,1,923125000,0,-45,2.60163141625405,0,0,0.280023986816406,1.63,0,-5399.904296875
100000000000000000000000,1,923125000,0,-47.5,4.58967051735384,0,0,0.280023986816406,1.63,0,-5399.904296875
100000000000000000000000,1,923125000,0,-47.5,4.58967051735384,0,0,0.280023986816406,1.63,0,-5399.904296875
100000000000000000000004,1,923125000,0,-54.5,0.116582539879309,0,0,0.280023986816406,1.63,0,-5399.904296875
100000000000000000000002,1,923125000,0,-45,2.5954954931025,0,0,0.280023986816406,1.63,0,-5399.904296875
100000000000000000000003,1,923125000,0,-46,0.785398163397448,0,0,0.280023986816406,1.63,0,-5399.904296875
100000000000000000000001,1,923125000,0,-47,3.56497135104623,0,0,0.280023986816406,1.63,0,-5399.904296875
100000000000000000000003,1,923125000,0,-46,0.791534086548991,0,0,0.280023986816406,1.63,0,-5399.904296875
100000000000000000000002,1,923125000,0,-45,2.58322364679942,0,0,0.280023986816406,1.63,0,-5399.904296875
100000000000000000000001,1,923125000,0,-47,3.55883542789469,0,0,0.280023986816406,1.63,0,-5399.904296875
100000000000000000000004,1,923125000,0,-54.5,0.0736310778185105,0,0,0.280023986816406,1.63,0,-5399.904296875
100000000000000000000000,1,923125000,0,-47.5,4.63262197941464,0,0,0.280023986816406,1.63,0,-5399.904296875
100000000000000000000001,1,923125000,0,-47,3.56497135104623,0,0,0.280023986816406,1.63,0,-5399.904296875
100000000000000000000003,1,923125000,0,-46,0.791534086548991,0,0,0.280023986816406,1.63,0,-5399.904296875
100000000000000000000002,1,923125000,0,-45,2.57708772364788,0,0,0.280023986816406,1.63,0,-5399.904296875
100000000000000000000000,1,923125000,0,-47.5,4.60194236365692,0,0,0.280023986816406,1.63,0,-5399.904296875
100000000000000000000004,1,923125000,0,-54.5,0.0552233083638827,0,0,0.280023986816406,1.63,0,-5399.904296875
100000000000000000000002,1,923125000,0,-45,2.58322364679942,0,0,0.280023986816406,1.63,0,-5399.904296875
100000000000000000000004,1,923125000,0,-54.5,0.116582539879309,0,0,0.280023986816406,1.63,0,-5399.904296875
100000000000000000000003,1,923125000,0,-46,0.760854470791278,0,0,0.280023986816406,1.63,0,-5399.904296875
100000000000000000000001,1,923125000,0,-47,3.55269950474315,0,0,0.280023986816406,1.63,0,-5399.904296875
100000000000000000000000,1,923125000,0,-47.5,4.59580644050538,0,0,0.280023986816406,1.63,0,-5399.904296875
100000000000000000000002,1,923125000,0,-45,2.57708772364788,0,0,0.280023986816406,1.63,0,-5399.904296875
100000000000000000000004,1,923125000,0,-54.5,0.0674951546669682,0,0,0.280023986816406,1.63,0,-5399.904296875
100000000000000000000003,1,923125000,0,-46,0.760854470791278,0,0,0.280023986816406,1.63,0,-5399.904296875
100000000000000000000001,1,923125000,0,-47,3.55883542789469,0,0,0.280023986816406,1.63,0,-5399.904296875
100000000000000000000000,1,923125000,0,-47.5,4.62648605626309,0,0,0.280023986816406,1.63,0,-5399.904296875
100000000000000000000002,1,923125000,0,-44.5,2.58935956995096,0,0,0.280023986816406,1.63,0,-5399.904296875
100000000000000000000000,1,923125000,0,-47.5,4.58967051735384,0,0,0.280023986816406,1.63,0,-5399.904296875
100000000000000000000003,1,923125000,0,-46,0.785398163397448,0,0,0.280023986816406,1.63,0,-5399.904296875
100000000000000000000001,1,923125000,0,-47,3.55269950474315,0,0,0.280023986816406,1.63,0,-5399.904296875
100000000000000000000004,1,923125000,0,-54.5,0.0859029241215961,0,0,0.280023986816406,1.63,0,-5399.904296875
100000000000000000000001,1,923125000,0,-47,3.55883542789469,0,0,0.280023986816406,1.63,0,-5399.904296875
100000000000000000000002,1,923125000,0,-45,2.58322364679942,0,0,0.280023986816406,1.63,0,-5399.904296875
100000000000000000000004,1,923125000,0,-54.5,0.0613592315154259,0,0,0.280023986816406,1.63,0,-5399.904296875
100000000000000000000000,1,923125000,0,-47.5,4.60807828680847,0,0,0.280023986816406,1.63,0,-5399.904296875
100000000000000000000003,1,923125000,0,-46,0.779262240245906,0,0,0.280023986816406,1.63,0,-5399.904296875
100000000000000000000000,1,923125000,0,-47.5,4.60807828680847,0,0,0.280023986816406,1.63,0,-5399.904296875
100000000000000000000002,1,923125000,0,-45,2.58935956995096,0,0,0.280023986816406,1.63,0,-5399.904296875
100000000000000000000001,1,923125000,0,-47,3.55269950474315,0,0,0.280023986816406,1.63,0,-5399.904296875
100000000000000000000004,1,923125000,0,-54.5,0.0920388472731384,0,0,0.280023986816406,1.63,0,-5399.904296875
100000000000000000000003,1,923125000,0,-46,0.748582624488193,0,0,0.280023986816406,1.63,0,-5399.904296875
100000000000000000000004,1,923125000,0,-54.5,0.0859029241215961,0,0,0.280023986816406,1.63,0,-5399.904296875
100000000000000000000000,1,923125000,0,-47.5,4.59580644050538,0,0,0.280023986816406,1.63,0,-5399.904296875
100000000000000000000003,1,923125000,0,-46,0.760854470791278,0,0,0.280023986816406,1.63,0,-5399.904296875
100000000000000000000001,1,923125000,0,-47,3.55883542789469,0,0,0.280023986816406,1.63,0,-5399.904296875
100000000000000000000002,1,923125000,0,-45,2.57708772364788,0,0,0.280023986816406,1.63,0,-5399.904296875
100000000000000000000000,1,923125000,0,-47.5,4.60194236365692,0,0,0.280023986816406,1.63,0,-5399.904296875
100000000000000000000002,1,923125000,0,-45,2.5954954931025,0,0,0.280023986816406,1.63,0,-5399.904296875
100000000000000000000003,1,923125000,0,-46,0.760854470791278,0,0,0.280023986816406,1.63,0,-5399.904296875
100000000000000000000001,1,923125000,0,-47,3.55269950474315,0,0,0.280023986816406,1.63,0,-5399.904296875
100000000000000000000004,1,923125000,0,-54.5,0.0674951546669682,0,0,0.280023986816406,1.63,0,-5399.904296875
100000000000000000000001,1,923125000,0,-47,3.57110727419777,0,0,0.280023986816406,1.63,0,-5399.904296875
100000000000000000000000,1,923125000,0,-47.5,4.60807828680847,0,0,0.280023986816406,1.63,0,-5399.904296875
100000000000000000000004,1,923125000,0,-54.5,0.0920388472731384,0,0,0.280023986816406,1.63,0,-5399.904296875
100000000000000000000003,1,923125000,0,-46,0.797670009700534,0,0,0.280023986816406,1.63,0,-5399.904296875
100000000000000000000002,1,923125000,0,-45,2.57708772364788,0,0,0.280023986816406,1.63,0,-5399.904296875
100000000000000000000000,1,923125000,0,-47.5,4.59580644050538,0,0,0.280023986816406,1.63,0,-5399.904296875
100000000000000000000003,1,923125000,0,-46,0.791534086548991,0,0,0.280023986816406,1.63,0,-5399.904296875
100000000000000000000001,1,923125000,0,-47,3.57724319734932,0,0,0.280023986816406,1.63,0,-5399.904296875
100000000000000000000002,1,923125000,0,-45,2.58322364679942,0,0,0.280023986816406,1.63,0,-5399.904296875
100000000000000000000004,1,923125000,0,-54.5,0.0920388472731384,0,0,0.280023986816406,1.63,0,-5399.904296875
100000000000000000000000,1,923125000,0,-47.5,4.60194236365692,0,0,0.280023986816406,1.63,0,-5399.904296875
100000000000000000000001,1,923125000,0,-47,3.54042765844006,0,0,0.280023986816406,1.63,0,-5399.904296875
100000000000000000000002,1,923125000,0,-45,2.58322364679942,0,0,0.280023986816406,1.63,0,-5399.904296875
100000000000000000000003,1,923125000,0,-46,0.773126317094363,0,0,0.280023986816406,1.63,0,-5399.904296875
100000000000000000000004,1,923125000,0,-54,0.0674951546669682,0,0,0.280023986816406,1.63,0,-5399.904296875
100000000000000000000003,1,923125000,0,-46,0.760854470791278,0,0,0.280023986816406,1.63,0,-5399.904296875
100000000000000000000002,1,923125000,0,-45,2.57708772364788,0,0,0.280023986816406,1.63,0,-5399.904296875
100000000000000000000001,1,923125000,0,-47,3.5465635815916,0,0,0.280023986816406,1.63,0,-5399.904296875
100000000000000000000000,1,923125000,0,-47.5,4.58967051735384,0,0,0.280023986816406,1.63,0,-5399.904296875
100000000000000000000004,1,923125000,0,-54.5,0.0613592315154259,0,0,0.280023986816406,1.63,0,-5399.904296875
100000000000000000000001,1,923125000,0,-47,3.55883542789469,0,0,0.280023986816406,1.63,0,-5399.904296875
100000000000000000000003,1,923125000,0,-46,0.791534086548991,0,0,0.280023986816406,1.63,0,-5399.904296875
100000000000000000000004,1,923125000,0,-54.5,0.042951462060798,0,0,0.280023986816406,1.63,0,-5399.904296875
100000000000000000000002,1,923125000,0,-45,2.57708772364788,0,0,0.280023986816406,1.63,0,-5399.904296875
100000000000000000000000,1,923125000,0,-47.5,4.59580644050538,0,0,0.280023986816406,1.63,0,-5399.904296875
100000000000000000000000,1,923125000,0,-47.5,4.62035013311155,0,0,0.280023986816406,1.63,0,-5399.904296875
100000000000000000000002,1,923125000,0,-45,2.5954954931025,0,0,0.280023986816406,1.63,0,-5399.904296875
100000000000000000000001,1,923125000,0,-47,3.55883542789469,0,0,0.280023986816406,1.63,0,-5399.904296875
100000000000000000000003,1,923125000,0,-46,0.773126317094363,0,0,0.280023986816406,1.63,0,-5399.904296875
100000000000000000000004,1,923125000,0,-54.5,0.0736310778185105,0,0,0.280023986816406,1.63,0,-5399.904296875
100000000000000000000000,1,923125000,0,-47.5,4.60807828680847,0,0,0.280023986816406,1.63,0,-5399.904296875
100000000000000000000001,1,923125000,0,-47,3.5895150436524,0,0,0.280023986816406,1.63,0,-5399.904296875
100000000000000000000002,1,923125000,0,-45,2.5954954931025,0,0,0.280023986816406,1.63,0,-5399.904296875
100000000000000000000003,1,923125000,0,-46,0.773126317094363,0,0,0.280023986816406,1.63,0,-5399.904296875
100000000000000000000004,1,923125000,0,-54.5,0.122718463030851,0,0,0.280023986816406,1.63,0,-5399.904296875
100000000000000000000002,1,923125000,0,-45,2.5954954931025,0,0,0.280023986816406,1.63,0,-5399.904296875
100000000000000000000003,1,923125000,0,-46,0.76699039394282,0,0,0.280023986816406,1.63,0,-5399.904296875
100000000000000000000001,1,923125000,0,-47,3.55883542789469,0,0,0.280023986816406,1.63,0,-5399.904296875
100000000000000000000004,1,923125000,0,-54.5,0.0981747704246807,0,0,0.280023986816406,1.63,0,-5399.904296875
100000000000000000000000,1,923125000,0,-47.5,4.57126274789921,0,0,0.280023986816406,1.63,0,-5399.904296875
100000000000000000000000,1,923125000,0,-47.5,4.56512682474767,0,0,0.280023986816406,1.63,0,-5399.904296875
100000000000000000000003,1,923125000,0,-46,0.76699039394282,0,0,0.280023986816406,1.63,0,-5399.904296875
100000000000000000000001,1,923125000,0,-47,3.55269950474315,0,0,0.280023986816406,1.63,0,-5399.904296875
100000000000000000000002,1,923125000,0,-45,2.58322364679942,0,0,0.280023986816406,1.63,0,-5399.904296875
100000000000000000000004,1,923125000,0,-54.5,0.104310693576224,0,0,0.280023986816406,1.63,0,-5399.904296875
100000000000000000000000,1,923125000,0,-47.5,4.60194236365692,0,0,0.280023986816406,1.63,0,-5399.904296875
100000000000000000000003,1,923125000,0,-46,0.797670009700534,0,0,0.280023986816406,1.63,0,-5399.904296875
100000000000000000000002,1,923125000,0,-44.5,2.58935956995096,0,0,0.280023986816406,1.63,0,-5399.904296875
100000000000000000000001,1,923125000,0,-47,3.57110727419777,0,0,0.280023986816406,1.63,0,-5399.904296875
100000000000000000000004,1,923125000,0,-54,0.0920388472731384,0,0,0.280023986816406,1.63,0,-5399.904296875
100000000000000000000004,1,923125000,0,-54.5,0.110446616727766,0,0,0.280023986816406,1.63,0,-5399.904296875
100000000000000000000003,1,923125000,0,-46,0.773126317094363,0,0,0.280023986816406,1.63,0,-5399.904296875
100000000000000000000002,1,923125000,0,-45,2.57095180049633,0,0,0.280023986816406,1.63,0,-5399.904296875
100000000000000000000001,1,923125000,0,-47,3.55269950474315,0,0,0.280023986816406,1.63,0,-5399.904296875
100000000000000000000000,1,923125000,0,-47.5,4.58967051735384,0,0,0.280023986816406,1.63,0,-5399.904296875
100000000000000000000002,1,923125000,0,-45,2.57708772364788,0,0,0.280023986816406,1.63,0,-5399.904296875
100000000000000000000000,1,923125000,0,-47.5,4.58967051735384,0,0,0.280023986816406,1.63,0,-5399.904296875
100000000000000000000003,1,923125000,0,-46,0.773126317094363,0,0,0.280023986816406,1.63,0,-5399.904296875
100000000000000000000001,1,923125000,0,-47,3.56497135104623,0,0,0.280023986816406,1.63,0,-5399.904296875
100000000000000000000004,1,923125000,0,-54.5,0.0981747704246807,0,0,0.280023986816406,1.63,0,-5399.904296875
100000000000000000000002,1,923125000,0,-45,2.57708772364788,0,0,0.280023986816406,1.63,0,-5399.904296875
100000000000000000000001,1,923125000,0,-47,3.55883542789469,0,0,0.280023986816406,1.63,0,-5399.904296875
100000000000000000000004,1,923125000,0,-54,0.0981747704246807,0,0,0.280023986816406,1.63,0,-5399.904296875
100000000000000000000003,1,923125000,0,-46,0.779262240245906,0,0,0.280023986816406,1.63,0,-5399.904296875
100000000000000000000000,1,923125000,0,-48,4.61421420996001,0,0,0.280023986816406,1.63,0,-5399.904296875
100000000000000000000002,1,923125000,0,-45,2.58322364679942,0,0,0.280023986816406,1.63,0,-5399.904296875
100000000000000000000003,1,923125000,0,-46,0.773126317094363,0,0,0.280023986816406,1.63,0,-5399.904296875
100000000000000000000001,1,923125000,0,-47,3.56497135104623,0,0,0.280023986816406,1.63,0,-5399.904296875
100000000000000000000000,1,923125000,0,-47.5,4.59580644050538,0,0,0.280023986816406,1.63,0,-5399.904296875
100000000000000000000004,1,923125000,0,-54.5,0.0613592315154259,0,0,0.280023986816406,1.63,0,-5399.904296875
100000000000000000000004,1,923125000,0,-54.5,0.0981747704246807,0,0,0.280023986816406,1.63,0,-5399.904296875
100000000000000000000002,1,923125000,0,-45,2.57095180049633,0,0,0.280023986816406,1.63,0,-5399.904296875
100000000000000000000000,1,923125000,0,-47.5,4.59580644050538,0,0,0.280023986816406,1.63,0,-5399.904296875
100000000000000000000003,1,923125000,0,-46,0.785398163397448,0,0,0.280023986816406,1.63,0,-5399.904296875
100000000000000000000001,1,923125000,0,-47,3.55269950474315,0,0,0.280023986816406,1.63,0,-5399.904296875
100000000000000000000003,1,923125000,0,-46,0.779262240245906,0,0,0.280023986816406,1.63,0,-5399.904296875
100000000000000000000004,1,923125000,0,-54.5,0.0613592315154259,0,0,0.280023986816406,1.63,0,-5399.904296875
100000000000000000000002,1,923125000,0,-45,2.57708772364788,0,0,0.280023986816406,1.63,0,-5399.904296875
100000000000000000000001,1,923125000,0,-47,3.55883542789469,0,0,0.280023986816406,1.63,0,-5399.904296875
100000000000000000000000,1,923125000,0,-47.5,4.57126274789921,0,0,0.280023986816406,1.63,0,-5399.904296875
100000000000000000000002,1,923125000,0,-45,2.58322364679942,0,0,0.280023986816406,1.63,0,-5399.904296875
100000000000000000000000,1,923125000,0,-47.5,4.61421420996001,0,0,0.280023986816406,1.63,0,-5399.904296875
100000000000000000000001,1,923125000,0,-47,3.57110727419777,0,0,0.280023986816406,1.63,0,-5399.904296875
100000000000000000000003,1,923125000,0,-46,0.785398163397448,0,0,0.280023986816406,1.63,0,-5399.904296875
100000000000000000000004,1,923125000,0,-54,0.0920388472731384,0,0,0.280023986816406,1.63,0,-5399.904296875
100000000000000000000003,1,923125000,0,-46,0.773126317094363,0,0,0.280023986816406,1.63,0,-5399.904296875
100000000000000000000001,1,923125000,0,-47,3.55269950474315,0,0,0.280023986816406,1.63,0,-5399.904296875
100000000000000000000002,1,923125000,0,-44.5,2.58935956995096,0,0,0.280023986816406,1.63,0,-5399.904296875
100000000000000000000000,1,923125000,0,-47.5,4.60807828680847,0,0,0.280023986816406,1.63,0,-5399.904296875
100000000000000000000004,1,923125000,0,-54.5,0.042951462060798,0,0,0.280023986816406,1.63,0,-5399.904296875
100000000000000000000000,1,923125000,0,-47.5,4.5835345942023,0,0,0.280023986816406,1.63,0,-5399.904296875
100000000000000000000004,1,923125000,0,-54.5,0.0920388472731384,0,0,0.280023986816406,1.63,0,-5399.904296875
100000000000000000000002,1,923125000,0,-45,2.58322364679942,0,0,0.280023986816406,1.63,0,-5399.904296875
100000000000000000000003,1,923125000,0,-46,0.779262240245906,0,0,0.280023986816406,1.63,0,-5399.904296875
100000000000000000000001,1,923125000,0,-47,3.56497135104623,0,0,0.280023986816406,1.63,0,-5399.904296875
100000000000000000000000,1,923125000,0,-47.5,4.59580644050538,0,0,0.280023986816406,1.63,0,-5399.904296875
100000000000000000000003,1,923125000,0,-46,0.773126317094363,0,0,0.280023986816406,1.63,0,-5399.904296875
100000000000000000000001,1,923125000,0,-47,3.57724319734932,0,0,0.280023986816406,1.63,0,-5399.904296875
100000000000000000000004,1,923125000,0,-54.5,0.0613592315154259,0,0,0.280023986816406,1.63,0,-5399.904296875
100000000000000000000002,1,923125000,0,-45,2.56481587734479,0,0,0.280023986816406,1.63,0,-5399.904296875
100000000000000000000004,1,923125000,0,-54.5,0.0859029241215961,0,0,0.280023986816406,1.63,0,-5399.904296875
100000000000000000000002,1,923125000,0,-45,2.60163141625405,0,0,0.280023986816406,1.63,0,-5399.904296875
100000000000000000000001,1,923125000,0,-47,3.58337912050086,0,0,0.280023986816406,1.63,0,-5399.904296875
100000000000000000000000,1,923125000,0,-47.5,4.56512682474767,0,0,0.280023986816406,1.63,0,-5399.904296875
100000000000000000000003,1,923125000,0,-46,0.779262240245906,0,0,0.280023986816406,1.63,0,-5399.904296875
100000000000000000000004,1,923125000,0,-54,0.0859029241215961,0,0,0.280023986816406,1.63,0,-5399.904296875
100000000000000000000000,1,923125000,0,-47.5,4.60194236365692,0,0,0.280023986816406,1.63,0,-5399.904296875
100000000000000000000001,1,923125000,0,-47,3.56497135104623,0,0,0.280023986816406,1.63,0,-5399.904296875
100000000000000000000003,1,923125000,0,-46,0.779262240245906,0,0,0.280023986816406,1.63,0,-5399.904296875
100000000000000000000002,1,923125000,0,-45,2.58322364679942,0,0,0.280023986816406,1.63,0,-5399.904296875
100000000000000000000000,1,923125000,0,-47.5,4.62035013311155,0,0,0.280023986816406,1.63,0,-5399.904296875
100000000000000000000001,1,923125000,0,-47,3.54042765844006,0,0,0.280023986816406,1.63,0,-5399.904296875
100000000000000000000002,1,923125000,0,-45,2.57708772364788,0,0,0.280023986816406,1.63,0,-5399.904296875
100000000000000000000003,1,923125000,0,-46,0.773126317094363,0,0,0.280023986816406,1.63,0,-5399.904296875
100000000000000000000004,1,923125000,0,-54.5,0.104310693576224,0,0,0.280023986816406,1.63,0,-5399.904296875
100000000000000000000003,1,923125000,0,-46,0.785398163397448,0,0,0.280023986816406,1.63,0,-5399.904296875
100000000000000000000000,1,923125000,0,-47.5,4.60807828680847,0,0,0.280023986816406,1.63,0,-5399.904296875
100000000000000000000004,1,923125000,0,-54.5,0.104310693576224,0,0,0.280023986816406,1.63,0,-5399.904296875
100000000000000000000001,1,923125000,0,-47,3.5895150436524,0,0,0.280023986816406,1.63,0,-5399.904296875
100000000000000000000002,1,923125000,0,-45,2.58935956995096,0,0,0.280023986816406,1.63,0,-5399.904296875
100000000000000000000004,1,923125000,0,-54.5,0.0736310778185105,0,0,0.280023986816406,1.63,0,-5399.904296875
100000000000000000000003,1,923125000,0,-46,0.785398163397448,0,0,0.280023986816406,1.63,0,-5399.904296875
100000000000000000000001,1,923125000,0,-47,3.57110727419777,0,0,0.280023986816406,1.63,0,-5399.904296875
100000000000000000000000,1,923125000,0,-47.5,4.60807828680847,0,0,0.280023986816406,1.63,0,-5399.904296875
100000000000000000000002,1,923125000,0,-45,2.5954954931025,0,0,0.280023986816406,1.63,0,-5399.904296875
100000000000000000000003,1,923125000,0,-46,0.797670009700534,0,0,0.280023986816406,1.63,0,-5399.904296875
100000000000000000000002,1,923125000,0,-45,2.60163141625405,0,0,0.280023986816406,1.63,0,-5399.904296875
100000000000000000000001,1,923125000,0,-47,3.55269950474315,0,0,0.280023986816406,1.63,0,-5399.904296875
100000000000000000000000,1,923125000,0,-47.5,4.60807828680847,0,0,0.280023986816406,1.63,0,-5399.904296875
100000000000000000000004,1,923125000,0,-54,0.0552233083638827,0,0,0.280023986816406,1.63,0,-5399.904296875
100000000000000000000001,1,923125000,0,-47,3.58337912050086,0,0,0.280023986816406,1.63,0,-5399.904296875
100000000000000000000003,1,923125000,0,-46,0.76699039394282,0,0,0.280023986816406,1.63,0,-5399.904296875
100000000000000000000004,1,923125000,0,-54.5,0.0859029241215961,0,0,0.280023986816406,1.63,0,-5399.904296875
100000000000000000000000,1,923125000,0,-47.5,4.61421420996001,0,0,0.280023986816406,1.63,0,-5399.904296875
100000000000000000000002,1,923125000,0,-45,2.58322364679942,0,0,0.280023986816406,1.63,0,-5399.904296875
100000000000000000000003,1,923125000,0,-46,0.779262240245906,0,0,0.280023986816406,1.63,0,-5399.904296875
100000000000000000000000,1,923125000,0,-47.5,4.58967051735384,0,0,0.280023986816406,1.63,0,-5399.904296875
100000000000000000000002,1,923125000,0,-45,2.60163141625405,0,0,0.280023986816406,1.63,0,-5399.904296875
100000000000000000000001,1,923125000,0,-47,3.57110727419777,0,0,0.280023986816406,1.63,0,-5399.904296875
100000000000000000000004,1,923125000,0,-54.5,0.0920388472731384,0,0,0.280023986816406,1.63,0,-5399.904296875
100000000000000000000001,1,923125000,0,-47,3.55269950474315,0,0,0.280023986816406,1.63,0,-5399.904296875
100000000000000000000003,1,923125000,0,-46,0.779262240245906,0,0,0.280023986816406,1.63,0,-5399.904296875
100000000000000000000000,1,923125000,0,-47.5,4.57739867105075,0,0,0.280023986816406,1.63,0,-5399.904296875
100000000000000000000004,1,923125000,0,-54,0.0981747704246807,0,0,0.280023986816406,1.63,0,-5399.904296875
100000000000000000000002,1,923125000,0,-45,2.56481587734479,0,0,0.280023986816406,1.63,0,-5399.904296875
100000000000000000000002,1,923125000,0,-45,2.58322364679942,0,0,0.280023986816406,1.63,0,-5399.904296875
100000000000000000000000,1,923125000,0,-47.5,4.5835345942023,0,0,0.280023986816406,1.63,0,-5399.904296875
100000000000000000000004,1,923125000,0,-54.5,0.0859029241215961,0,0,0.280023986816406,1.63,0,-5399.904296875
100000000000000000000003,1,923125000,0,-46,0.773126317094363,0,0,0.280023986816406,1.63,0,-5399.904296875
100000000000000000000001,1,923125000,0,-47,3.57110727419777,0,0,0.280023986816406,1.63,0,-5399.904296875
100000000000000000000003,1,923125000,0,-46,0.785398163397448,0,0,0.280023986816406,1.63,0,-5399.904296875
100000000000000000000000,1,923125000,0,-47.5,4.57739867105075,0,0,0.280023986816406,1.63,0,-5399.904296875
100000000000000000000001,1,923125000,0,-47,3.55883542789469,0,0,0.280023986816406,1.63,0,-5399.904296875
100000000000000000000002,1,923125000,0,-45,2.5954954931025,0,0,0.280023986816406,1.63,0,-5399.904296875
100000000000000000000004,1,923125000,0,-54.5,0.0859029241215961,0,0,0.280023986816406,1.63,0,-5399.904296875
100000000000000000000000,1,923125000,0,-47.5,4.61421420996001,0,0,0.280023986816406,1.63,0,-5399.904296875
100000000000000000000003,1,923125000,0,-46,0.754718547639736,0,0,0.280023986816406,1.63,0,-5399.904296875
100000000000000000000004,1,923125000,0,-54,0.0859029241215961,0,0,0.280023986816406,1.63,0,-5399.904296875
100000000000000000000001,1,923125000,0,-47,3.55883542789469,0,0,0.280023986816406,1.63,0,-5399.904296875
100000000000000000000002,1,923125000,0,-45,2.56481587734479,0,0,0.280023986816406,1.63,0,-5399.904296875
100000000000000000000002,1,923125000,0,-45,2.58322364679942,0,0,0.280023986816406,1.63,0,-5399.904296875
100000000000000000000001,1,923125000,0,-47,3.54042765844006,0,0,0.280023986816406,1.63,0,-5399.904296875
100000000000000000000004,1,923125000,0,-54.5,0.0859029241215961,0,0,0.280023986816406,1.63,0,-5399.904296875
100000000000000000000000,1,923125000,0,-47.5,4.59580644050538,0,0,0.280023986816406,1.63,0,-5399.904296875
100000000000000000000003,1,923125000,0,-46,0.791534086548991,0,0,0.280023986816406,1.63,0,-5399.904296875
100000000000000000000003,1,923125000,0,-46,0.797670009700534,0,0,0.280023986816406,1.63,0,-5399.904296875
100000000000000000000000,1,923125000,0,-47.5,4.61421420996001,0,0,0.280023986816406,1.63,0,-5399.904296875
100000000000000000000001,1,923125000,0,-47,3.54042765844006,0,0,0.280023986816406,1.63,0,-5399.904296875
100000000000000000000004,1,923125000,0,-54,0.116582539879309,0,0,0.280023986816406,1.63,0,-5399.904296875
100000000000000000000002,1,923125000,0,-45,2.60163141625405,0,0,0.280023986816406,1.63,0,-5399.904296875
100000000000000000000000,1,923125000,0,-47.5,4.57739867105075,0,0,0.280023986816406,1.63,0,-5399.904296875
100000000000000000000004,1,923125000,0,-54,0.104310693576224,0,0,0.280023986816406,1.63,0,-5399.904296875
100000000000000000000001,1,923125000,0,-47,3.56497135104623,0,0,0.280023986816406,1.63,0,-5399.904296875
100000000000000000000002,1,923125000,0,-45,2.58935956995096,0,0,0.280023986816406,1.63,0,-5399.904296875
100000000000000000000003,1,923125000,0,-46,0.791534086548991,0,0,0.280023986816406,1.63,0,-5399.904296875
100000000000000000000003,1,923125000,0,-46,0.791534086548991,0,0,0.280023986816406,1.63,0,-5399.904296875
100000000000000000000001,1,923125000,0,-47,3.57110727419777,0,0,0.280023986816406,1.63,0,-5399.904296875
100000000000000000000000,1,923125000,0,-47.5,4.58967051735384,0,0,0.280023986816406,1.63,0,-5399.904296875
100000000000000000000002,1,923125000,0,-45,2.58322364679942,0,0,0.280023986816406,1.63,0,-5399.904296875
100000000000000000000004,1,923125000,0,-54.5,0.104310693576224,0,0,0.280023986816406,1.63,0,-5399.904296875
100000000000000000000002,1,923125000,0,-45,2.57095180049633,0,0,0.280023986816406,1.63,0,-5399.904296875
100000000000000000000003,1,923125000,0,-46,0.791534086548991,0,0,0.280023986816406,1.63,0,-5399.904296875
100000000000000000000000,1,923125000,0,-47.5,4.58967051735384,0,0,0.280023986816406,1.63,0,-5399.904296875
100000000000000000000004,1,923125000,0,-54,0.0245436926061702,0,0,0.280023986816406,1.63,0,-5399.904296875
100000000000000000000001,1,923125000,0,-47,3.56497135104623,0,0,0.280023986816406,1.63,0,-5399.904296875
100000000000000000000001,1,923125000,0,-47,3.55269950474315,0,0,0.280023986816406,1.63,0,-5399.904296875
100000000000000000000002,1,923125000,0,-45,2.58322364679942,0,0,0.280023986816406,1.63,0,-5399.904296875
100000000000000000000004,1,923125000,0,-54.5,0.134990309333936,0,0,0.280023986816406,1.63,0,-5399.904296875
100000000000000000000003,1,923125000,0,-46,0.785398163397448,0,0,0.280023986816406,1.63,0,-5399.904296875
100000000000000000000000,1,923125000,0,-47.5,4.58967051735384,0,0,0.280023986816406,1.63,0,-5399.904296875
100000000000000000000003,1,923125000,0,-46,0.76699039394282,0,0,0.280023986816406,1.63,0,-5399.904296875
100000000000000000000000,1,923125000,0,-47.5,4.61421420996001,0,0,0.280023986816406,1.63,0,-5399.904296875
100000000000000000000002,1,923125000,0,-45,2.58322364679942,0,0,0.280023986816406,1.63,0,-5399.904296875
100000000000000000000001,1,923125000,0,-47,3.56497135104623,0,0,0.280023986816406,1.63,0,-5399.904296875
100000000000000000000004,1,923125000,0,-54.5,0.110446616727766,0,0,0.280023986816406,1.63,0,-5399.904296875
100000000000000000000003,1,923125000,0,-46,0.791534086548991,0,0,0.280023986816406,1.63,0,-5399.904296875
100000000000000000000000,1,923125000,0,-47.5,4.59580644050538,0,0,0.280023986816406,1.63,0,-5399.904296875
100000000000000000000001,1,923125000,0,-47,3.55883542789469,0,0,0.280023986816406,1.63,0,-5399.904296875
100000000000000000000004,1,923125000,0,-54,0.104310693576224,0,0,0.280023986816406,1.63,0,-5399.904296875
100000000000000000000002,1,923125000,0,-45,2.5954954931025,0,0,0.280023986816406,1.63,0,-5399.904296875
100000000000000000000001,1,923125000,0,-47,3.5465635815916,0,0,0.280023986816406,1.63,0,-5399.904296875
100000000000000000000000,1,923125000,0,-47.5,4.58967051735384,0,0,0.280023986816406,1.63,0,-5399.904296875
100000000000000000000004,1,923125000,0,-54,0.0859029241215961,0,0,0.280023986816406,1.63,0,-5399.904296875
100000000000000000000002,1,923125000,0,-45,2.57095180049633,0,0,0.280023986816406,1.63,0,-5399.904296875
100000000000000000000003,1,923125000,0,-46,0.779262240245906,0,0,0.280023986816406,1.63,0,-5399.904296875
100000000000000000000002,1,923125000,0,-45,2.5954954931025,0,0,0.280023986816406,1.63,0,-5399.904296875
100000000000000000000003,1,923125000,0,-46,0.785398163397448,0,0,0.280023986816406,1.63,0,-5399.904296875
100000000000000000000001,1,923125000,0,-47,3.57724319734932,0,0,0.280023986816406,1.63,0,-5399.904296875
100000000000000000000004,1,923125000,0,-54,0.0920388472731384,0,0,0.280023986816406,1.63,0,-5399.904296875
100000000000000000000000,1,923125000,0,-47.5,4.60194236365692,0,0,0.280023986816406,1.63,0,-5399.904296875
100000000000000000000004,1,923125000,0,-54.5,0.116582539879309,0,0,0.280023986816406,1.63,0,-5399.904296875
100000000000000000000002,1,923125000,0,-45,2.57708772364788,0,0,0.280023986816406,1.63,0,-5399.904296875
100000000000000000000000,1,923125000,0,-47.5,4.60807828680847,0,0,0.280023986816406,1.63,0,-5399.904296875
100000000000000000000003,1,923125000,0,-46,0.785398163397448,0,0,0.280023986816406,1.63,0,-5399.904296875
100000000000000000000001,1,923125000,0,-47,3.55269950474315,0,0,0.280023986816406,1.63,0,-5399.904296875
100000000000000000000001,1,923125000,0,-47,3.56497135104623,0,0,0.280023986816406,1.63,0,-5399.904296875
100000000000000000000004,1,923125000,0,-54.5,0.110446616727766,0,0,0.280023986816406,1.63,0,-5399.904296875
100000000000000000000002,1,923125000,0,-45,2.57708772364788,0,0,0.280023986816406,1.63,0,-5399.904296875
100000000000000000000003,1,923125000,0,-46,0.791534086548991,0,0,0.280023986816406,1.63,0,-5399.904296875
100000000000000000000000,1,923125000,0,-47.5,4.60807828680847,0,0,0.280023986816406,1.63,0,-5399.904296875
100000000000000000000000,1,923625000,0,-47.5,4.79829190450629,0,0,0.280023986816406,1.63,0,-5399.904296875
100000000000000000000004,1,923625000,0,-54,0.337475773334841,0,0,0.280023986816406,1.63,0,-5399.904296875
100000000000000000000002,1,923625000,0,-44.5,2.81025280340649,0,0,0.280023986816406,1.63,0,-5399.904296875
100000000000000000000001,1,923625000,0,-47,3.76745681504713,0,0,0.280023986816406,1.63,0,-5399.904296875
100000000000000000000003,1,923625000,0,-45.5,1.02469916630761,0,0,0.280023986816406,1.63,0,-5399.904296875
100000000000000000000003,1,923625000,0,-45,1.03083508945915,0,0,0.280023986816406,1.63,0,-5399.904296875
100000000000000000000002,1,923625000,0,-44.5,2.81025280340649,0,0,0.280023986816406,1.63,0,-5399.904296875
100000000000000000000001,1,923625000,0,-47,3.77972866135022,0,0,0.280023986816406,1.63,0,-5399.904296875
100000000000000000000004,1,923625000,0,-54,0.355883542789469,0,0,0.280023986816406,1.63,0,-5399.904296875
100000000000000000000000,1,923625000,0,-47.5,4.80442782765783,0,0,0.280023986816406,1.63,0,-5399.904296875
100000000000000000000002,1,923625000,0,-44.5,2.80411688025495,0,0,0.280023986816406,1.63,0,-5399.904296875
100000000000000000000001,1,923625000,0,-47,3.77972866135022,0,0,0.280023986816406,1.63,0,-5399.904296875
100000000000000000000000,1,923625000,0,-47.5,4.81669967396091,0,0,0.280023986816406,1.63,0,-5399.904296875
100000000000000000000004,1,923625000,0,-54,0.362019465941011,0,0,0.280023986816406,1.63,0,-5399.904296875
100000000000000000000003,1,923625000,0,-45.5,1.03083508945915,0,0,0.280023986816406,1.63,0,-5399.904296875
100000000000000000000002,1,923625000,0,-44.5,2.82252464970958,0,0,0.280023986816406,1.63,0,-5399.904296875
100000000000000000000004,1,923625000,0,-54,0.349747619637927,0,0,0.280023986816406,1.63,0,-5399.904296875
100000000000000000000000,1,923625000,0,-47.5,4.79215598135474,0,0,0.280023986816406,1.63,0,-5399.904296875
100000000000000000000001,1,923625000,0,-47,3.77972866135022,0,0,0.280023986816406,1.63,0,-5399.904296875
100000000000000000000003,1,923625000,0,-45.5,1.02469916630761,0,0,0.280023986816406,1.63,0,-5399.904296875
100000000000000000000003,1,923625000,0,-45.5,1.04924285891378,0,0,0.280023986816406,1.63,0,-5399.904296875
100000000000000000000004,1,923625000,0,-54,0.306796157577129,0,0,0.280023986816406,1.63,0,-5399.904296875
100000000000000000000002,1,923625000,0,-44.5,2.81025280340649,0,0,0.280023986816406,1.63,0,-5399.904296875
100000000000000000000000,1,923625000,0,-47.5,4.81056375080937,0,0,0.280023986816406,1.63,0,-5399.904296875
100000000000000000000001,1,923625000,0,-47,3.77359273819868,0,0,0.280023986816406,1.63,0,-5399.904296875
100000000000000000000002,1,923625000,0,-44.5,2.81638872655804,0,0,0.280023986816406,1.63,0,-5399.904296875
100000000000000000000001,1,923625000,0,-47,3.76745681504713,0,0,0.280023986816406,1.63,0,-5399.904296875
100000000000000000000000,1,923625000,0,-47.5,4.82283559711246,0,0,0.280023986816406,1.63,0,-5399.904296875
100000000000000000000004,1,923625000,0,-54,0.300660234425585,0,0,0.280023986816406,1.63,0,-5399.904296875
100000000000000000000003,1,923625000,0,-45.5,1.04924285891378,0,0,0.280023986816406,1.63,0,-5399.904296875
100000000000000000000004,1,923625000,0,-54,0.368155389092554,0,0,0.280023986816406,1.63,0,-5399.904296875
100000000000000000000000,1,923625000,0,-47.5,4.83510744341554,0,0,0.280023986816406,1.63,0,-5399.904296875
100000000000000000000002,1,923625000,0,-44.5,2.81025280340649,0,0,0.280023986816406,1.63,0,-5399.904296875
100000000000000000000003,1,923625000,0,-45.5,1.02469916630761,0,0,0.280023986816406,1.63,0,-5399.904296875
100000000000000000000001,1,923625000,0,-47,3.79813643080485,0,0,0.280023986816406,1.63,0,-5399.904296875
100000000000000000000001,1,923625000,0,-47,3.77972866135022,0,0,0.280023986816406,1.63,0,-5399.904296875
100000000000000000000004,1,923625000,0,-54,0.343611696486383,0,0,0.280023986816406,1.63,0,-5399.904296875
100000000000000000000002,1,923625000,0,-44.5,2.80411688025495,0,0,0.280023986816406,1.63,0,-5399.904296875
100000000000000000000000,1,923625000,0,-47.5,4.85965113602171,0,0,0.280023986816406,1.63,0,-5399.904296875
100000000000000000000003,1,923625000,0,-45.5,1.02469916630761,0,0,0.280023986816406,1.63,0,-5399.904296875
100000000000000000000000,1,923625000,0,-47.5,4.81669967396091,0,0,0.280023986816406,1.63,0,-5399.904296875
100000000000000000000001,1,923625000,0,-47,3.77359273819868,0,0,0.280023986816406,1.63,0,-5399.904296875
100000000000000000000003,1,923625000,0,-45,1.02469916630761,0,0,0.280023986816406,1.63,0,-5399.904296875
100000000000000000000004,1,923625000,0,-54,0.343611696486383,0,0,0.280023986816406,1.63,0,-5399.904296875
100000000000000000000002,1,923625000,0,-44.5,2.81025280340649,0,0,0.280023986816406,1.63,0,-5399.904296875
100000000000000000000002,1,923625000,0,-44.5,2.82866057286112,0,0,0.280023986816406,1.63,0,-5399.904296875
100000000000000000000001,1,923625000,0,-47,3.77972866135022,0,0,0.280023986816406,1.63,0,-5399.904296875
100000000000000000000000,1,923625000,0,-47.5,4.82283559711246,0,0,0.280023986816406,1.63,0,-5399.904296875
100000000000000000000003,1,923625000,0,-45.5,1.01856324315607,0,0,0.280023986816406,1.63,0,-5399.904296875
100000000000000000000004,1,923625000,0,-54,0.362019465941011,0,0,0.280023986816406,1.63,0,-5399.904296875
100000000000000000000001,1,923625000,0,-47,3.79200050765331,0,0,0.280023986816406,1.63,0,-5399.904296875
100000000000000000000004,1,923625000,0,-54,0.368155389092554,0,0,0.280023986816406,1.63,0,-5399.904296875
100000000000000000000000,1,923625000,0,-47.5,4.81056375080937,0,0,0.280023986816406,1.63,0,-5399.904296875
100000000000000000000003,1,923625000,0,-45.5,1.03697101261069,0,0,0.280023986816406,1.63,0,-5399.904296875
100000000000000000000002,1,923625000,0,-44.5,2.82252464970958,0,0,0.280023986816406,1.63,0,-5399.904296875
100000000000000000000000,1,923625000,0,-47.5,4.83510744341554,0,0,0.280023986816406,1.63,0,-5399.904296875
100000000000000000000004,1,923625000,0,-54,0.337475773334841,0,0,0.280023986816406,1.63,0,-5399.904296875
100000000000000000000002,1,923625000,0,-44.5,2.81025280340649,0,0,0.280023986816406,1.63,0,-5399.904296875
100000000000000000000003,1,923625000,0,-45,1.01856324315607,0,0,0.280023986816406,1.63,0,-5399.904296875
100000000000000000000001,1,923625000,0,-47,3.76745681504713,0,0,0.280023986816406,1.63,0,-5399.904296875
100000000000000000000003,1,923625000,0,-45.5,1.03697101261069,0,0,0.280023986816406,1.63,0,-5399.904296875
100000000000000000000002,1,923625000,0,-44.5,2.79798095710341,0,0,0.280023986816406,1.63,0,-5399.904296875
100000000000000000000001,1,923625000,0,-47,3.77359273819868,0,0,0.280023986816406,1.63,0,-5399.904296875
100000000000000000000004,1,923625000,0,-54,0.374291312244097,0,0,0.280023986816406,1.63,0,-5399.904296875
100000000000000000000000,1,923625000,0,-47.5,4.81056375080937,0,0,0.280023986816406,1.63,0,-5399.904296875
100000000000000000000002,1,923625000,0,-44.5,2.82252464970958,0,0,0.280023986816406,1.63,0,-5399.904296875
100000000000000000000003,1,923625000,0,-45.5,1.02469916630761,0,0,0.280023986816406,1.63,0,-5399.904296875
100000000000000000000001,1,923625000,0,-47,3.76132089189559,0,0,0.280023986816406,1.63,0,-5399.904296875
100000000000000000000000,1,923625000,0,-47.5,4.828971520264,0,0,0.280023986816406,1.63,0,-5399.904296875
100000000000000000000004,1,923625000,0,-54,0.337475773334841,0,0,0.280023986816406,1.63,0,-5399.904296875
100000000000000000000003,1,923625000,0,-45.5,1.03083508945915,0,0,0.280023986816406,1.63,0,-5399.904296875
100000000000000000000002,1,923625000,0,-44.5,2.78570911080032,0,0,0.280023986816406,1.63,0,-5399.904296875
100000000000000000000000,1,923625000,0,-47.5,4.83510744341554,0,0,0.280023986816406,1.63,0,-5399.904296875
100000000000000000000001,1,923625000,0,-47,3.76132089189559,0,0,0.280023986816406,1.63,0,-5399.904296875
100000000000000000000004,1,923625000,0,-54,0.331339850183299,0,0,0.280023986816406,1.63,0,-5399.904296875
100000000000000000000002,1,923625000,0,-44.5,2.81025280340649,0,0,0.280023986816406,1.63,0,-5399.904296875
100000000000000000000004,1,923625000,0,-53.5,0.312932080728671,0,0,0.280023986816406,1.63,0,-5399.904296875
100000000000000000000003,1,923625000,0,-45.5,1.02469916630761,0,0,0.280023986816406,1.63,0,-5399.904296875
100000000000000000000000,1,923625000,0,-47.5,4.83510744341554,0,0,0.280023986816406,1.63,0,-5399.904296875
100000000000000000000001,1,923625000,0,-47,3.79200050765331,0,0,0.280023986816406,1.63,0,-5399.904296875
100000000000000000000004,1,923625000,0,-53.5,0.343611696486383,0,0,0.280023986816406,1.63,0,-5399.904296875
100000000000000000000000,1,923625000,0,-47.5,4.82283559711246,0,0,0.280023986816406,1.63,0,-5399.904296875
100000000000000000000003,1,923625000,0,-45.5,1.03697101261069,0,0,0.280023986816406,1.63,0,-5399.904296875
100000000000000000000002,1,923625000,0,-44.5,2.80411688025495,0,0,0.280023986816406,1.63,0,-5399.904296875
100000000000000000000001,1,923625000,0,-47,3.77972866135022,0,0,0.280023986816406,1.63,0,-5399.904296875
100000000000000000000002,1,923625000,0,-44.5,2.80411688025495,0,0,0.280023986816406,1.63,0,-5399.904296875
100000000000000000000003,1,923625000,0,-45.5,1.03083508945915,0,0,0.280023986816406,1.63,0,-5399.904296875
100000000000000000000000,1,923625000,0,-47.5,4.828971520264,0,0,0.280023986816406,1.63,0,-5399.904296875
100000000000000000000001,1,923625000,0,-47,3.78586458450176,0,0,0.280023986816406,1.63,0,-5399.904296875
100000000000000000000004,1,923625000,0,-53.5,0.331339850183299,0,0,0.280023986816406,1.63,0,-5399.904296875
100000000000000000000002,1,923625000,0,-44.5,2.81638872655804,0,0,0.280023986816406,1.63,0,-5399.904296875
100000000000000000000004,1,923625000,0,-53.5,0.343611696486383,0,0,0.280023986816406,1.63,0,-5399.904296875
100000000000000000000000,1,923625000,0,-47.5,4.82283559711246,0,0,0.280023986816406,1.63,0,-5399.904296875
100000000000000000000001,1,923625000,0,-47,3.78586458450176,0,0,0.280023986816406,1.63,0,-5399.904296875
100000000000000000000003,1,923625000,0,-45.5,1.03083508945915,0,0,0.280023986816406,1.63,0,-5399.904296875
100000000000000000000004,1,923625000,0,-54,0.349747619637927,0,0,0.280023986816406,1.63,0,-5399.904296875
100000000000000000000001,1,923625000,0,-47,3.76132089189559,0,0,0.280023986816406,1.63,0,-5399.904296875
100000000000000000000002,1,923625000,0,-44.5,2.81025280340649,0,0,0.280023986816406,1.63,0,-5399.904296875
100000000000000000000003,1,923625000,0,-45.5,1.03083508945915,0,0,0.280023986816406,1.63,0,-5399.904296875
100000000000000000000000,1,923625000,0,-47.5,4.83510744341554,0,0,0.280023986816406,1.63,0,-5399.904296875
100000000000000000000004,1,923625000,0,-54,0.349747619637927,0,0,0.280023986816406,1.63,0,-5399.904296875
100000000000000000000002,1,923625000,0,-44.5,2.82252464970958,0,0,0.280023986816406,1.63,0,-5399.904296875
100000000000000000000003,1,923625000,0,-45.5,1.03083508945915,0,0,0.280023986816406,1.63,0,-5399.904296875
100000000000000000000001,1,923625000,0,-47,3.79200050765331,0,0,0.280023986816406,1.63,0,-5399.904296875
100000000000000000000000,1,923625000,0,-47.5,4.81669967396091,0,0,0.280023986816406,1.63,0,-5399.904296875
100000000000000000000000,1,923625000,0,-47.5,4.84124336656708,0,0,0.280023986816406,1.63,0,-5399.904296875
100000000000000000000002,1,923625000,0,-44.5,2.80411688025495,0,0,0.280023986816406,1.63,0,-5399.904296875
100000000000000000000003,1,923625000,0,-45.5,1.02469916630761,0,0,0.280023986816406,1.63,0,-5399.904296875
100000000000000000000001,1,923625000,0,-47,3.77972866135022,0,0,0.280023986816406,1.63,0,-5399.904296875
100000000000000000000004,1,923625000,0,-54,0.294524311274043,0,0,0.280023986816406,1.63,0,-5399.904296875
100000000000000000000001,1,923625000,0,-47,3.76745681504713,0,0,0.280023986816406,1.63,0,-5399.904296875
100000000000000000000000,1,923625000,0,-47.5,4.81056375080937,0,0,0.280023986816406,1.63,0,-5399.904296875
100000000000000000000004,1,923625000,0,-53.5,0.331339850183299,0,0,0.280023986816406,1.63,0,-5399.904296875
100000000000000000000003,1,923625000,0,-45.5,1.04310693576224,0,0,0.280023986816406,1.63,0,-5399.904296875
100000000000000000000002,1,923625000,0,-44.5,2.82252464970958,0,0,0.280023986816406,1.63,0,-5399.904296875
100000000000000000000001,1,923625000,0,-47,3.77359273819868,0,0,0.280023986816406,1.63,0,-5399.904296875
100000000000000000000004,1,923625000,0,-53.5,0.337475773334841,0,0,0.280023986816406,1.63,0,-5399.904296875
100000000000000000000003,1,923625000,0,-45.5,1.03697101261069,0,0,0.280023986816406,1.63,0,-5399.904296875
100000000000000000000002,1,923625000,0,-44.5,2.83479649601267,0,0,0.280023986816406,1.63,0,-5399.904296875
100000000000000000000000,1,923625000,0,-47.5,4.81669967396091,0,0,0.280023986816406,1.63,0,-5399.904296875
100000000000000000000004,1,923625000,0,-54,0.325203927031755,0,0,0.280023986816406,1.63,0,-5399.904296875
100000000000000000000001,1,923625000,0,-47,3.79813643080485,0,0,0.280023986816406,1.63,0,-5399.904296875
100000000000000000000000,1,923625000,0,-47.5,4.81056375080937,0,0,0.280023986816406,1.63,0,-5399.904296875
100000000000000000000002,1,923625000,0,-44.5,2.81638872655804,0,0,0.280023986816406,1.63,0,-5399.904296875
100000000000000000000003,1,923625000,0,-45,1.03083508945915,0,0,0.280023986816406,1.63,0,-5399.904296875
100000000000000000000000,1,923625000,0,-47.5,4.83510744341554,0,0,0.280023986816406,1.63,0,-5399.904296875
100000000000000000000003,1,923625000,0,-45.5,1.02469916630761,0,0,0.280023986816406,1.63,0,-5399.904296875
100000000000000000000004,1,923625000,0,-54,0.380427235395639,0,0,0.280023986816406,1.63,0,-5399.904296875
100000000000000000000001,1,923625000,0,-47,3.77972866135022,0,0,0.280023986816406,1.63,0,-5399.904296875
100000000000000000000002,1,923625000,0,-44.5,2.82866057286112,0,0,0.280023986816406,1.63,0,-5399.904296875
100000000000000000000001,1,923625000,0,-47,3.77359273819868,0,0,0.280023986816406,1.63,0,-5399.904296875
100000000000000000000004,1,923625000,0,-54,0.325203927031755,0,0,0.280023986816406,1.63,0,-5399.904296875
100000000000000000000002,1,923625000,0,-44.5,2.81638872655804,0,0,0.280023986816406,1.63,0,-5399.904296875
100000000000000000000000,1,923625000,0,-47.5,4.80442782765783,0,0,0.280023986816406,1.63,0,-5399.904296875
100000000000000000000003,1,923625000,0,-45.5,1.03697101261069,0,0,0.280023986816406,1.63,0,-5399.904296875
100000000000000000000000,1,923625000,0,-47.5,4.84124336656708,0,0,0.280023986816406,1.63,0,-5399.904296875
100000000000000000000001,1,923625000,0,-47,3.76745681504713,0,0,0.280023986816406,1.63,0,-5399.904296875
100000000000000000000004,1,923625000,0,-53.5,0.349747619637927,0,0,0.280023986816406,1.63,0,-5399.904296875
100000000000000000000003,1,923625000,0,-45.5,1.03083508945915,0,0,0.280023986816406,1.63,0,-5399.904296875
100000000000000000000002,1,923625000,0,-44.5,2.82252464970958,0,0,0.280023986816406,1.63,0,-5399.904296875
100000000000000000000001,1,923625000,0,-47,3.77972866135022,0,0,0.280023986816406,1.63,0,-5399.904296875
100000000000000000000002,1,923625000,0,-44.5,2.81638872655804,0,0,0.280023986816406,1.63,0,-5399.904296875
100000000000000000000003,1,923625000,0,-45,1.03697101261069,0,0,0.280023986816406,1.63,0,-5399.904296875
100000000000000000000004,1,923625000,0,-54,0.319068003880213,0,0,0.280023986816406,1.63,0,-5399.904296875
100000000000000000000000,1,923625000,0,-47.5,4.85351521287017,0,0,0.280023986816406,1.63,0,-5399.904296875
100000000000000000000000,1,923625000,0,-47.5,4.82283559711246,0,0,0.280023986816406,1.63,0,-5399.904296875
100000000000000000000001,1,923625000,0,-47,3.79200050765331,0,0,0.280023986816406,1.63,0,-5399.904296875
100000000000000000000004,1,923625000,0,-53.5,0.306796157577129,0,0,0.280023986816406,1.63,0,-5399.904296875
100000000000000000000002,1,923625000,0,-44.5,2.82252464970958,0,0,0.280023986816406,1.63,0,-5399.904296875
100000000000000000000003,1,923625000,0,-45,1.03083508945915,0,0,0.280023986816406,1.63,0,-5399.904296875
100000000000000000000002,1,923625000,0,-44.5,2.81638872655804,0,0,0.280023986816406,1.63,0,-5399.904296875
100000000000000000000001,1,923625000,0,-47,3.79200050765331,0,0,0.280023986816406,1.63,0,-5399.904296875
100000000000000000000003,1,923625000,0,-45.5,1.03697101261069,0,0,0.280023986816406,1.63,0,-5399.904296875
100000000000000000000004,1,923625000,0,-54,0.362019465941011,0,0,0.280023986816406,1.63,0,-5399.904296875
100000000000000000000000,1,923625000,0,-47.5,4.84737928971863,0,0,0.280023986816406,1.63,0,-5399.904296875
100000000000000000000002,1,923625000,0,-44.5,2.81638872655804,0,0,0.280023986816406,1.63,0,-5399.904296875
100000000000000000000003,1,923625000,0,-45.5,1.01856324315607,0,0,0.280023986816406,1.63,0,-5399.904296875
100000000000000000000004,1,923625000,0,-54,0.331339850183299,0,0,0.280023986816406,1.63,0,-5399.904296875
100000000000000000000001,1,923625000,0,-47,3.77359273819868,0,0,0.280023986816406,1.63,0,-5399.904296875
100000000000000000000000,1,923625000,0,-47.5,4.84124336656708,0,0,0.280023986816406,1.63,0,-5399.904296875
100000000000000000000002,1,923625000,0,-44.5,2.81638872655804,0,0,0.280023986816406,1.63,0,-5399.904296875
100000000000000000000001,1,923625000,0,-47,3.79200050765331,0,0,0.280023986816406,1.63,0,-5399.904296875
100000000000000000000000,1,923625000,0,-47.5,4.828971520264,0,0,0.280023986816406,1.63,0,-5399.904296875
100000000000000000000003,1,923625000,0,-45.5,1.01856324315607,0,0,0.280023986816406,1.63,0,-5399.904296875
100000000000000000000004,1,923625000,0,-54,0.355883542789469,0,0,0.280023986816406,1.63,0,-5399.904296875
100000000000000000000003,1,923625000,0,-45.5,1.03697101261069,0,0,0.280023986816406,1.63,0,-5399.904296875
100000000000000000000001,1,923625000,0,-47,3.78586458450176,0,0,0.280023986816406,1.63,0,-5399.904296875
100000000000000000000004,1,923625000,0,-54,0.331339850183299,0,0,0.280023986816406,1.63,0,-5399.904296875
100000000000000000000000,1,923625000,0,-47.5,4.81669967396091,0,0,0.280023986816406,1.63,0,-5399.904296875
100000000000000000000002,1,923625000,0,-44.5,2.81025280340649,0,0,0.280023986816406,1.63,0,-5399.904296875
100000000000000000000000,1,923625000,0,-47.5,4.828971520264,0,0,0.280023986816406,1.63,0,-5399.904296875
100000000000000000000002,1,923625000,0,-44.5,2.82252464970958,0,0,0.280023986816406,1.63,0,-5399.904296875
100000000000000000000003,1,923625000,0,-45.5,1.03697101261069,0,0,0.280023986816406,1.63,0,-5399.904296875
100000000000000000000004,1,923625000,0,-54,0.362019465941011,0,0,0.280023986816406,1.63,0,-5399.904296875
100000000000000000000001,1,923625000,0,-47,3.79200050765331,0,0,0.280023986816406,1.63,0,-5399.904296875
100000000000000000000003,1,923625000,0,-45.5,1.02469916630761,0,0,0.280023986816406,1.63,0,-5399.904296875
100000000000000000000001,1,923625000,0,-47,3.76132089189559,0,0,0.280023986816406,1.63,0,-5399.904296875
100000000000000000000004,1,923625000,0,-54,0.337475773334841,0,0,0.280023986816406,1.63,0,-5399.904296875
100000000000000000000000,1,923625000,0,-47.5,4.79829190450629,0,0,0.280023986816406,1.63,0,-5399.904296875
100000000000000000000002,1,923625000,0,-44.5,2.79798095710341,0,0,0.280023986816406,1.63,0,-5399.904296875
100000000000000000000001,1,923625000,0,-47,3.77972866135022,0,0,0.280023986816406,1.63,0,-5399.904296875
100000000000000000000002,1,923625000,0,-44.5,2.81638872655804,0,0,0.280023986816406,1.63,0,-5399.904296875
100000000000000000000004,1,923625000,0,-54,0.337475773334841,0,0,0.280023986816406,1.63,0,-5399.904296875
100000000000000000000003,1,923625000,0,-45.5,1.03083508945915,0,0,0.280023986816406,1.63,0,-5399.904296875
100000000000000000000000,1,923625000,0,-47.5,4.85351521287017,0,0,0.280023986816406,1.63,0,-5399.904296875
100000000000000000000001,1,923625000,0,-47,3.78586458450176,0,0,0.280023986816406,1.63,0,-5399.904296875
100000000000000000000000,1,923625000,0,-47.5,4.81056375080937,0,0,0.280023986816406,1.63,0,-5399.904296875
100000000000000000000004,1,923625000,0,-54,0.349747619637927,0,0,0.280023986816406,1.63,0,-5399.904296875
100000000000000000000002,1,923625000,0,-44.5,2.82252464970958,0,0,0.280023986816406,1.63,0,-5399.904296875
100000000000000000000003,1,923625000,0,-45.5,1.03083508945915,0,0,0.280023986816406,1.63,0,-5399.904296875
100000000000000000000004,1,923625000,0,-54,0.331339850183299,0,0,0.280023986816406,1.63,0,-5399.904296875
100000000000000000000003,1,923625000,0,-45.5,1.03083508945915,0,0,0.280023986816406,1.63,0,-5399.904296875
100000000000000000000002,1,923625000,0,-44.5,2.80411688025495,0,0,0.280023986816406,1.63,0,-5399.904296875
100000000000000000000000,1,923625000,0,-47.5,4.84124336656708,0,0,0.280023986816406,1.63,0,-5399.904296875
100000000000000000000001,1,923625000,0,-47,3.75518496874405,0,0,0.280023986816406,1.63,0,-5399.904296875
100000000000000000000003,1,923625000,0,-45.5,1.03697101261069,0,0,0.280023986816406,1.63,0,-5399.904296875
100000000000000000000001,1,923625000,0,-47,3.78586458450176,0,0,0.280023986816406,1.63,0,-5399.904296875
100000000000000000000004,1,923625000,0,-53.5,0.349747619637927,0,0,0.280023986816406,1.63,0,-5399.904296875
100000000000000000000002,1,923625000,0,-44.5,2.81638872655804,0,0,0.280023986816406,1.63,0,-5399.904296875
100000000000000000000000,1,923625000,0,-47.5,4.84737928971863,0,0,0.280023986816406,1.63,0,-5399.904296875
100000000000000000000000,1,923625000,0,-47.5,4.828971520264,0,0,0.280023986816406,1.63,0,-5399.904296875
100000000000000000000004,1,923625000,0,-54,0.331339850183299,0,0,0.280023986816406,1.63,0,-5399.904296875
100000000000000000000002,1,923625000,0,-44.5,2.82252464970958,0,0,0.280023986816406,1.63,0,-5399.904296875
100000000000000000000001,1,923625000,0,-47,3.78586458450176,0,0,0.280023986816406,1.63,0,-5399.904296875
100000000000000000000003,1,923625000,0,-45.5,1.02469916630761,0,0,0.280023986816406,1.63,0,-5399.904296875
100000000000000000000000,1,923625000,0,-47.5,4.82283559711246,0,0,0.280023986816406,1.63,0,-5399.904296875
100000000000000000000002,1,923625000,0,-44.5,2.79798095710341,0,0,0.280023986816406,1.63,0,-5399.904296875
100000000000000000000001,1,923625000,0,-47,3.77359273819868,0,0,0.280023986816406,1.63,0,-5399.904296875
100000000000000000000004,1,923625000,0,-54,0.362019465941011,0,0,0.280023986816406,1.63,0,-5399.904296875
100000000000000000000003,1,923625000,0,-45.5,1.02469916630761,0,0,0.280023986816406,1.63,0,-5399.904296875
100000000000000000000004,1,923625000,0,-54,0.355883542789469,0,0,0.280023986816406,1.63,0,-5399.904296875
100000000000000000000000,1,923625000,0,-47.5,4.81056375080937,0,0,0.280023986816406,1.63,0,-5399.904296875
100000000000000000000002,1,923625000,0,-44.5,2.80411688025495,0,0,0.280023986816406,1.63,0,-5399.904296875
100000000000000000000001,1,923625000,0,-47,3.78586458450176,0,0,0.280023986816406,1.63,0,-5399.904296875
100000000000000000000003,1,923625000,0,-45,1.01242732000452,0,0,0.280023986816406,1.63,0,-5399.904296875
100000000000000000000004,1,923625000,0,-54,0.355883542789469,0,0,0.280023986816406,1.63,0,-5399.904296875
100000000000000000000001,1,923625000,0,-47,3.77359273819868,0,0,0.280023986816406,1.63,0,-5399.904296875
100000000000000000000000,1,923625000,0,-47.5,4.83510744341554,0,0,0.280023986816406,1.63,0,-5399.904296875
100000000000000000000002,1,923625000,0,-44.5,2.81025280340649,0,0,0.280023986816406,1.63,0,-5399.904296875
100000000000000000000003,1,923625000,0,-45.5,1.02469916630761,0,0,0.280023986816406,1.63,0,-5399.904296875
100000000000000000000004,1,923625000,0,-53.5,0.355883542789469,0,0,0.280023986816406,1.63,0,-5399.904296875
100000000000000000000001,1,923625000,0,-47,3.76745681504713,0,0,0.280023986816406,1.63,0,-5399.904296875
100000000000000000000002,1,923625000,0,-44.5,2.80411688025495,0,0,0.280023986816406,1.63,0,-5399.904296875
100000000000000000000000,1,923625000,0,-47.5,4.81669967396091,0,0,0.280023986816406,1.63,0,-5399.904296875
100000000000000000000003,1,923625000,0,-45.5,1.03083508945915,0,0,0.280023986816406,1.63,0,-5399.904296875
100000000000000000000004,1,923625000,0,-54,0.331339850183299,0,0,0.280023986816406,1.63,0,-5399.904296875
100000000000000000000003,1,923625000,0,-45.5,1.02469916630761,0,0,0.280023986816406,1.63,0,-5399.904296875
100000000000000000000002,1,923625000,0,-44.5,2.82866057286112,0,0,0.280023986816406,1.63,0,-5399.904296875
100000000000000000000000,1,923625000,0,-47.5,4.81669967396091,0,0,0.280023986816406,1.63,0,-5399.904296875
100000000000000000000001,1,923625000,0,-47,3.78586458450176,0,0,0.280023986816406,1.63,0,-5399.904296875
100000000000000000000000,1,923625000,0,-47.5,4.7860200582032,0,0,0.280023986816406,1.63,0,-5399.904296875
100000000000000000000001,1,923625000,0,-47.5,3.78586458450176,0,0,0.280023986816406,1.63,0,-5399.904296875
100000000000000000000003,1,923625000,0,-45.5,1.03697101261069,0,0,0.280023986816406,1.63,0,-5399.904296875
100000000000000000000002,1,923625000,0,-44.5,2.80411688025495,0,0,0.280023986816406,1.63,0,-5399.904296875
100000000000000000000004,1,923625000,0,-54,0.343611696486383,0,0,0.280023986816406,1.63,0,-5399.904296875
100000000000000000000003,1,923625000,0,-45.5,1.03083508945915,0,0,0.280023986816406,1.63,0,-5399.904296875
100000000000000000000000,1,923625000,0,-47.5,4.81056375080937,0,0,0.280023986816406,1.63,0,-5399.904296875
100000000000000000000001,1,923625000,0,-47,3.76745681504713,0,0,0.280023986816406,1.63,0,-5399.904296875
100000000000000000000002,1,923625000,0,-44.5,2.81025280340649,0,0,0.280023986816406,1.63,0,-5399.904296875
100000000000000000000004,1,923625000,0,-54,0.349747619637927,0,0,0.280023986816406,1.63,0,-5399.904296875
100000000000000000000001,1,923625000,0,-47,3.76745681504713,0,0,0.280023986816406,1.63,0,-5399.904296875
100000000000000000000002,1,923625000,0,-44.5,2.79798095710341,0,0,0.280023986816406,1.63,0,-5399.904296875
100000000000000000000004,1,923625000,0,-54,0.312932080728671,0,0,0.280023986816406,1.63,0,-5399.904296875
100000000000000000000000,1,923625000,0,-47.5,4.81669967396091,0,0,0.280023986816406,1.63,0,-5399.904296875
100000000000000000000003,1,923625000,0,-45.5,1.03697101261069,0,0,0.280023986816406,1.63,0,-5399.904296875
100000000000000000000004,1,923625000,0,-54,0.294524311274043,0,0,0.280023986816406,1.63,0,-5399.904296875
100000000000000000000002,1,923625000,0,-44.5,2.81025280340649,0,0,0.280023986816406,1.63,0,-5399.904296875
100000000000000000000001,1,923625000,0,-47,3.77359273819868,0,0,0.280023986816406,1.63,0,-5399.904296875
100000000000000000000000,1,923625000,0,-47.5,4.82283559711246,0,0,0.280023986816406,1.63,0,-5399.904296875
100000000000000000000003,1,923625000,0,-45.5,1.03083508945915,0,0,0.280023986816406,1.63,0,-5399.904296875
100000000000000000000002,1,923625000,0,-44.5,2.79798095710341,0,0,0.280023986816406,1.63,0,-5399.904296875
100000000000000000000003,1,923625000,0,-45.5,1.03697101261069,0,0,0.280023986816406,1.63,0,-5399.904296875
100000000000000000000000,1,923625000,0,-47.5,4.81669967396091,0,0,0.280023986816406,1.63,0,-5399.904296875
100000000000000000000004,1,923625000,0,-54,0.337475773334841,0,0,0.280023986816406,1.63,0,-5399.904296875
100000000000000000000001,1,923625000,0,-47,3.77359273819868,0,0,0.280023986816406,1.63,0,-5399.904296875
100000000000000000000004,1,923625000,0,-54,0.343611696486383,0,0,0.280023986816406,1.63,0,-5399.904296875
100000000000000000000003,1,923625000,0,-45.5,1.02469916630761,0,0,0.280023986816406,1.63,0,-5399.904296875
100000000000000000000001,1,923625000,0,-47,3.78586458450176,0,0,0.280023986816406,1.63,0,-5399.904296875
100000000000000000000002,1,923625000,0,-44.5,2.81025280340649,0,0,0.280023986816406,1.63,0,-5399.904296875
100000000000000000000000,1,923625000,0,-47.5,4.79829190450629,0,0,0.280023986816406,1.63,0,-5399.904296875
100000000000000000000003,1,923625000,0,-45.5,1.02469916630761,0,0,0.280023986816406,1.63,0,-5399.904296875
100000000000000000000001,1,923625000,0,-47,3.74904904559251,0,0,0.280023986816406,1.63,0,-5399.904296875
100000000000000000000002,1,923625000,0,-44.5,2.79184503395187,0,0,0.280023986816406,1.63,0,-5399.904296875
100000000000000000000004,1,923625000,0,-54,0.331339850183299,0,0,0.280023986816406,1.63,0,-5399.904296875
100000000000000000000000,1,923625000,0,-47.5,4.80442782765783,0,0,0.280023986816406,1.63,0,-5399.904296875
100000000000000000000002,1,923625000,0,-44.5,2.81025280340649,0,0,0.280023986816406,1.63,0,-5399.904296875
100000000000000000000001,1,923625000,0,-47,3.77359273819868,0,0,0.280023986816406,1.63,0,-5399.904296875
100000000000000000000003,1,923625000,0,-45.5,1.04924285891378,0,0,0.280023986816406,1.63,0,-5399.904296875
100000000000000000000000,1,923625000,0,-47.5,4.82283559711246,0,0,0.280023986816406,1.63,0,-5399.904296875
100000000000000000000004,1,923625000,0,-54.5,0.349747619637927,0,0,0.280023986816406,1.63,0,-5399.904296875
100000000000000000000001,1,923625000,0,-47,3.77359273819868,0,0,0.280023986816406,1.63,0,-5399.904296875
100000000000000000000003,1,923625000,0,-45.5,1.02469916630761,0,0,0.280023986816406,1.63,0,-5399.904296875
100000000000000000000000,1,923625000,0,-47.5,4.80442782765783,0,0,0.280023986816406,1.63,0,-5399.904296875
100000000000000000000002,1,923625000,0,-44.5,2.82252464970958,0,0,0.280023986816406,1.63,0,-5399.904296875
100000000000000000000004,1,923625000,0,-54,0.349747619637927,0,0,0.280023986816406,1.63,0,-5399.904296875
100000000000000000000000,1,923625000,0,-47.5,4.81056375080937,0,0,0.280023986816406,1.63,0,-5399.904296875
100000000000000000000001,1,923625000,0,-47,3.79200050765331,0,0,0.280023986816406,1.63,0,-5399.904296875
100000000000000000000003,1,923625000,0,-45.5,1.01242732000452,0,0,0.280023986816406,1.63,0,-5399.904296875
100000000000000000000004,1,923625000,0,-54,0.294524311274043,0,0,0.280023986816406,1.63,0,-5399.904296875
100000000000000000000002,1,923625000,0,-44.5,2.82252464970958,0,0,0.280023986816406,1.63,0,-5399.904296875
100000000000000000000001,1,923625000,0,-47,3.77972866135022,0,0,0.280023986816406,1.63,0,-5399.904296875
100000000000000000000000,1,923625000,0,-47.5,4.828971520264,0,0,0.280023986816406,1.63,0,-5399.904296875
100000000000000000000004,1,923625000,0,-54,0.319068003880213,0,0,0.280023986816406,1.63,0,-5399.904296875
100000000000000000000002,1,923625000,0,-44.5,2.81025280340649,0,0,0.280023986816406,1.63,0,-5399.904296875
100000000000000000000003,1,923625000,0,-45.5,1.02469916630761,0,0,0.280023986816406,1.63,0,-5399.904296875
100000000000000000000001,1,923625000,0,-47,3.78586458450176,0,0,0.280023986816406,1.63,0,-5399.904296875
100000000000000000000002,1,923625000,0,-44.5,2.81025280340649,0,0,0.280023986816406,1.63,0,-5399.904296875
100000000000000000000003,1,923625000,0,-45.5,1.02469916630761,0,0,0.280023986816406,1.63,0,-5399.904296875
100000000000000000000000,1,923625000,0,-47.5,4.83510744341554,0,0,0.280023986816406,1.63,0,-5399.904296875
100000000000000000000004,1,923625000,0,-54,0.306796157577129,0,0,0.280023986816406,1.63,0,-5399.904296875
100000000000000000000003,1,923625000,0,-45.5,1.03697101261069,0,0,0.280023986816406,1.63,0,-5399.904296875
100000000000000000000004,1,923625000,0,-54,0.343611696486383,0,0,0.280023986816406,1.63,0,-5399.904296875
100000000000000000000002,1,923625000,0,-44.5,2.82252464970958,0,0,0.280023986816406,1.63,0,-5399.904296875
100000000000000000000000,1,923625000,0,-47.5,4.84124336656708,0,0,0.280023986816406,1.63,0,-5399.904296875
100000000000000000000001,1,923625000,0,-47,3.77972866135022,0,0,0.280023986816406,1.63,0,-5399.904296875
100000000000000000000004,1,923625000,0,-54,0.362019465941011,0,0,0.280023986816406,1.63,0,-5399.904296875
100000000000000000000001,1,923625000,0,-47,3.77359273819868,0,0,0.280023986816406,1.63,0,-5399.904296875
100000000000000000000003,1,923625000,0,-45.5,1.02469916630761,0,0,0.280023986816406,1.63,0,-5399.904296875
100000000000000000000002,1,923625000,0,-44.5,2.81638872655804,0,0,0.280023986816406,1.63,0,-5399.904296875
100000000000000000000000,1,923625000,0,-47.5,4.83510744341554,0,0,0.280023986816406,1.63,0,-5399.904296875
100000000000000000000001,1,923625000,0,-47,3.76745681504713,0,0,0.280023986816406,1.63,0,-5399.904296875
100000000000000000000003,1,923625000,0,-45.5,1.03083508945915,0,0,0.280023986816406,1.63,0,-5399.904296875
100000000000000000000000,1,923625000,0,-47.5,4.828971520264,0,0,0.280023986816406,1.63,0,-5399.904296875
100000000000000000000002,1,923625000,0,-44.5,2.81638872655804,0,0,0.280023986816406,1.63,0,-5399.904296875
100000000000000000000004,1,923625000,0,-54,0.362019465941011,0,0,0.280023986816406,1.63,0,-5399.904296875
100000000000000000000000,1,923625000,0,-47.5,4.86578705917325,0,0,0.280023986816406,1.63,0,-5399.904296875
100000000000000000000001,1,923625000,0,-47,3.77359273819868,0,0,0.280023986816406,1.63,0,-5399.904296875
100000000000000000000002,1,923625000,0,-44.5,2.82866057286112,0,0,0.280023986816406,1.63,0,-5399.904296875
100000000000000000000003,1,923625000,0,-45.5,1.04310693576224,0,0,0.280023986816406,1.63,0,-5399.904296875
100000000000000000000004,1,923625000,0,-54,0.349747619637927,0,0,0.280023986816406,1.63,0,-5399.904296875
100000000000000000000003,1,923625000,0,-45.5,1.01242732000452,0,0,0.280023986816406,1.63,0,-5399.904296875
100000000000000000000001,1,923625000,0,-47,3.77359273819868,0,0,0.280023986816406,1.63,0,-5399.904296875
100000000000000000000004,1,923625000,0,-54,0.306796157577129,0,0,0.280023986816406,1.63,0,-5399.904296875
100000000000000000000002,1,923625000,0,-44.5,2.79798095710341,0,0,0.280023986816406,1.63,0,-5399.904296875
100000000000000000000000,1,923625000,0,-47.5,4.82283559711246,0,0,0.280023986816406,1.63,0,-5399.904296875
100000000000000000000002,1,923625000,0,-44.5,2.81025280340649,0,0,0.280023986816406,1.63,0,-5399.904296875
100000000000000000000003,1,923625000,0,-45.5,1.03083508945915,0,0,0.280023986816406,1.63,0,-5399.904296875
100000000000000000000001,1,923625000,0,-47,3.76745681504713,0,0,0.280023986816406,1.63,0,-5399.904296875
100000000000000000000000,1,923625000,0,-47.5,4.82283559711246,0,0,0.280023986816406,1.63,0,-5399.904296875
100000000000000000000004,1,923625000,0,-54,0.325203927031755,0,0,0.280023986816406,1.63,0,-5399.904296875
100000000000000000000004,1,923625000,0,-54,0.343611696486383,0,0,0.280023986816406,1.63,0,-5399.904296875
100000000000000000000001,1,923625000,0,-47,3.77359273819868,0,0,0.280023986816406,1.63,0,-5399.904296875
100000000000000000000000,1,923625000,0,-47.5,4.84124336656708,0,0,0.280023986816406,1.63,0,-5399.904296875
100000000000000000000002,1,923625000,0,-44.5,2.81025280340649,0,0,0.280023986816406,1.63,0,-5399.904296875
100000000000000000000003,1,923625000,0,-45.5,1.03697101261069,0,0,0.280023986816406,1.63,0,-5399.904296875
100000000000000000000001,1,923625000,0,-47,3.78586458450176,0,0,0.280023986816406,1.63,0,-5399.904296875
100000000000000000000000,1,923625000,0,-47.5,4.81056375080937,0,0,0.280023986816406,1.63,0,-5399.904296875
100000000000000000000003,1,923625000,0,-45,1.04310693576224,0,0,0.280023986816406,1.63,0,-5399.904296875
100000000000000000000004,1,923625000,0,-54,0.337475773334841,0,0,0.280023986816406,1.63,0,-5399.904296875
100000000000000000000002,1,923625000,0,-44.5,2.81025280340649,0,0,0.280023986816406,1.63,0,-5399.904296875
100000000000000000000003,1,923625000,0,-45.5,1.03697101261069,0,0,0.280023986816406,1.63,0,-5399.904296875
100000000000000000000001,1,923625000,0,-47,3.77359273819868,0,0,0.280023986816406,1.63,0,-5399.904296875
100000000000000000000000,1,923625000,0,-47.5,4.85965113602171,0,0,0.280023986816406,1.63,0,-5399.904296875
100000000000000000000002,1,923625000,0,-44.5,2.81638872655804,0,0,0.280023986816406,1.63,0,-5399.904296875
100000000000000000000004,1,923625000,0,-54,0.362019465941011,0,0,0.280023986816406,1.63,0,-5399.904296875
100000000000000000000002,1,923625000,0,-44.5,2.82866057286112,0,0,0.280023986816406,1.63,0,-5399.904296875
100000000000000000000001,1,923625000,0,-47,3.77359273819868,0,0,0.280023986816406,1.63,0,-5399.904296875
100000000000000000000003,1,923625000,0,-45.5,1.04924285891378,0,0,0.280023986816406,1.63,0,-5399.904296875
100000000000000000000004,1,923625000,0,-54,0.349747619637927,0,0,0.280023986816406,1.63,0,-5399.904296875
100000000000000000000000,1,923625000,0,-47.5,4.81056375080937,0,0,0.280023986816406,1.63,0,-5399.904296875
100000000000000000000002,1,923625000,0,-44.5,2.81025280340649,0,0,0.280023986816406,1.63,0,-5399.904296875
100000000000000000000000,1,923625000,0,-47.5,4.81669967396091,0,0,0.280023986816406,1.63,0,-5399.904296875
100000000000000000000004,1,923625000,0,-54,0.349747619637927,0,0,0.280023986816406,1.63,0,-5399.904296875
100000000000000000000003,1,923625000,0,-45.5,1.03697101261069,0,0,0.280023986816406,1.63,0,-5399.904296875
100000000000000000000001,1,923625000,0,-47,3.77359273819868,0,0,0.280023986816406,1.63,0,-5399.904296875
100000000000000000000000,1,923625000,0,-47.5,4.79215598135474,0,0,0.280023986816406,1.63,0,-5399.904296875
100000000000000000000001,1,923625000,0,-47,3.79200050765331,0,0,0.280023986816406,1.63,0,-5399.904296875
100000000000000000000002,1,923625000,0,-44.5,2.80411688025495,0,0,0.280023986816406,1.63,0,-5399.904296875
100000000000000000000004,1,923625000,0,-54,0.306796157577129,0,0,0.280023986816406,1.63,0,-5399.904296875
100000000000000000000003,1,923625000,0,-45.5,1.03083508945915,0,0,0.280023986816406,1.63,0,-5399.904296875
100000000000000000000003,1,923625000,0,-45.5,1.03697101261069,0,0,0.280023986816406,1.63,0,-5399.904296875
100000000000000000000000,1,923625000,0,-47.5,4.81669967396091,0,0,0.280023986816406,1.63,0,-5399.904296875
100000000000000000000002,1,923625000,0,-44.5,2.81025280340649,0,0,0.280023986816406,1.63,0,-5399.904296875
100000000000000000000001,1,923625000,0,-47,3.76745681504713,0,0,0.280023986816406,1.63,0,-5399.904296875
100000000000000000000004,1,923625000,0,-54,0.337475773334841,0,0,0.280023986816406,1.63,0,-5399.904296875
100000000000000000000004,1,923625000,0,-54,0.355883542789469,0,0,0.280023986816406,1.63,0,-5399.904296875
100000000000000000000003,1,923625000,0,-45.5,1.03697101261069,0,0,0.280023986816406,1.63,0,-5399.904296875
100000000000000000000001,1,923625000,0,-47,3.76745681504713,0,0,0.280023986816406,1.63,0,-5399.904296875
100000000000000000000002,1,923625000,0,-44.5,2.80411688025495,0,0,0.280023986816406,1.63,0,-5399.904296875
100000000000000000000000,1,923625000,0,-47.5,4.81669967396091,0,0,0.280023986816406,1.63,0,-5399.904296875
100000000000000000000001,1,923625000,0,-47,3.78586458450176,0,0,0.280023986816406,1.63,0,-5399.904296875
100000000000000000000004,1,923625000,0,-54,0.306796157577129,0,0,0.280023986816406,1.63,0,-5399.904296875
100000000000000000000003,1,923625000,0,-45.5,1.03083508945915,0,0,0.280023986816406,1.63,0,-5399.904296875
100000000000000000000002,1,923625000,0,-44.5,2.80411688025495,0,0,0.280023986816406,1.63,0,-5399.904296875
100000000000000000000000,1,923625000,0,-47.5,4.84124336656708,0,0,0.280023986816406,1.63,0,-5399.904296875
100000000000000000000003,1,923625000,0,-45.5,1.02469916630761,0,0,0.280023986816406,1.63,0,-5399.904296875
100000000000000000000000,1,923625000,0,-47.5,4.82283559711246,0,0,0.280023986816406,1.63,0,-5399.904296875
100000000000000000000004,1,923625000,0,-53.5,0.362019465941011,0,0,0.280023986816406,1.63,0,-5399.904296875
100000000000000000000002,1,923625000,0,-44.5,2.81025280340649,0,0,0.280023986816406,1.63,0,-5399.904296875
100000000000000000000001,1,923625000,0,-47,3.77972866135022,0,0,0.280023986816406,1.63,0,-5399.904296875
100000000000000000000002,1,923625000,0,-44.5,2.81025280340649,0,0,0.280023986816406,1.63,0,-5399.904296875
100000000000000000000004,1,923625000,0,-54,0.331339850183299,0,0,0.280023986816406,1.63,0,-5399.904296875
100000000000000000000000,1,923625000,0,-47.5,4.79829190450629,0,0,0.280023986816406,1.63,0,-5399.904296875
100000000000000000000003,1,923625000,0,-45.5,1.03083508945915,0,0,0.280023986816406,1.63,0,-5399.904296875
100000000000000000000001,1,923625000,0,-47,3.76745681504713,0,0,0.280023986816406,1.63,0,-5399.904296875
100000000000000000000002,1,923625000,0,-44.5,2.79798095710341,0,0,0.280023986816406,1.63,0,-5399.904296875
100000000000000000000000,1,923625000,0,-47.5,4.84124336656708,0,0,0.280023986816406,1.63,0,-5399.904296875
100000000000000000000001,1,923625000,0,-47,3.79200050765331,0,0,0.280023986816406,1.63,0,-5399.904296875
100000000000000000000003,1,923625000,0,-45.5,1.03083508945915,0,0,0.280023986816406,1.63,0,-5399.904296875
100000000000000000000004,1,923625000,0,-53.5,0.337475773334841,0,0,0.280023986816406,1.63,0,-5399.904296875
100000000000000000000004,1,923625000,0,-53.5,0.362019465941011,0,0,0.280023986816406,1.63,0,-5399.904296875
100000000000000000000002,1,923625000,0,-44.5,2.81025280340649,0,0,0.280023986816406,1.63,0,-5399.904296875
100000000000000000000003,1,923625000,0,-45.5,1.03083508945915,0,0,0.280023986816406,1.63,0,-5399.904296875
100000000000000000000001,1,923625000,0,-47,3.77972866135022,0,0,0.280023986816406,1.63,0,-5399.904296875
100000000000000000000000,1,923625000,0,-47.5,4.83510744341554,0,0,0.280023986816406,1.63,0,-5399.904296875
100000000000000000000004,1,923625000,0,-54,0.355883542789469,0,0,0.280023986816406,1.63,0,-5399.904296875
100000000000000000000003,1,923625000,0,-45.5,1.03697101261069,0,0,0.280023986816406,1.63,0,-5399.904296875
100000000000000000000001,1,923625000,0,-47,3.77972866135022,0,0,0.280023986816406,1.63,0,-5399.904296875
100000000000000000000002,1,923625000,0,-44.5,2.82866057286112,0,0,0.280023986816406,1.63,0,-5399.904296875
100000000000000000000000,1,923625000,0,-47.5,4.77988413505166,0,0,0.280023986816406,1.63,0,-5399.904296875
100000000000000000000002,1,923625000,0,-44.5,2.81025280340649,0,0,0.280023986816406,1.63,0,-5399.904296875
100000000000000000000001,1,923625000,0,-47,3.76132089189559,0,0,0.280023986816406,1.63,0,-5399.904296875
100000000000000000000003,1,923625000,0,-45,1.01856324315607,0,0,0.280023986816406,1.63,0,-5399.904296875
100000000000000000000000,1,923625000,0,-47.5,4.7860200582032,0,0,0.280023986816406,1.63,0,-5399.904296875
100000000000000000000004,1,923625000,0,-54,0.325203927031755,0,0,0.280023986816406,1.63,0,-5399.904296875
100000000000000000000000,1,923625000,0,-47.5,4.79215598135474,0,0,0.280023986816406,1.63,0,-5399.904296875
100000000000000000000002,1,923625000,0,-44.5,2.80411688025495,0,0,0.280023986816406,1.63,0,-5399.904296875
100000000000000000000001,1,923625000,0,-47,3.77359273819868,0,0,0.280023986816406,1.63,0,-5399.904296875
100000000000000000000003,1,923625000,0,-45.5,1.03083508945915,0,0,0.280023986816406,1.63,0,-5399.904296875
100000000000000000000004,1,923625000,0,-54,0.331339850183299,0,0,0.280023986816406,1.63,0,-5399.904296875
100000000000000000000003,1,923625000,0,-45.5,1.02469916630761,0,0,0.280023986816406,1.63,0,-5399.904296875
100000000000000000000002,1,923625000,0,-44.5,2.82866057286112,0,0,0.280023986816406,1.63,0,-5399.904296875
100000000000000000000000,1,923625000,0,-47.5,4.828971520264,0,0,0.280023986816406,1.63,0,-5399.904296875
100000000000000000000004,1,923625000,0,-54,0.343611696486383,0,0,0.280023986816406,1.63,0,-5399.904296875
100000000000000000000001,1,923625000,0,-47,3.79200050765331,0,0,0.280023986816406,1.63,0,-5399.904296875
100000000000000000000004,1,923625000,0,-54,0.355883542789469,0,0,0.280023986816406,1.63,0,-5399.904296875
100000000000000000000001,1,923625000,0,-47,3.76132089189559,0,0,0.280023986816406,1.63,0,-5399.904296875
100000000000000000000000,1,923625000,0,-47.5,4.84124336656708,0,0,0.280023986816406,1.63,0,-5399.904296875
100000000000000000000002,1,923625000,0,-44.5,2.82866057286112,0,0,0.280023986816406,1.63,0,-5399.904296875
100000000000000000000003,1,923625000,0,-45.5,1.03697101261069,0,0,0.280023986816406,1.63,0,-5399.904296875
100000000000000000000003,1,923625000,0,-45.5,1.03697101261069,0,0,0.280023986816406,1.63,0,-5399.904296875
100000000000000000000002,1,923625000,0,-44.5,2.81638872655804,0,0,0.280023986816406,1.63,0,-5399.904296875
100000000000000000000004,1,923625000,0,-54,0.337475773334841,0,0,0.280023986816406,1.63,0,-5399.904296875
100000000000000000000001,1,923625000,0,-47,3.74904904559251,0,0,0.280023986816406,1.63,0,-5399.904296875
100000000000000000000000,1,923625000,0,-47.5,4.80442782765783,0,0,0.280023986816406,1.63,0,-5399.904296875
100000000000000000000003,1,923625000,0,-45.5,1.03697101261069,0,0,0.280023986816406,1.63,0,-5399.904296875
100000000000000000000004,1,923625000,0,-53.5,0.325203927031755,0,0,0.280023986816406,1.63,0,-5399.904296875
100000000000000000000000,1,923625000,0,-47.5,4.82283559711246,0,0,0.280023986816406,1.63,0,-5399.904296875
100000000000000000000001,1,923625000,0,-47,3.77359273819868,0,0,0.280023986816406,1.63,0,-5399.904296875
100000000000000000000002,1,923625000,0,-44.5,2.81638872655804,0,0,0.280023986816406,1.63,0,-5399.904296875
100000000000000000000002,1,923625000,0,-44.5,2.81025280340649,0,0,0.280023986816406,1.63,0,-5399.904296875
100000000000000000000004,1,923625000,0,-54,0.337475773334841,0,0,0.280023986816406,1.63,0,-5399.904296875
100000000000000000000003,1,923625000,0,-45.5,1.02469916630761,0,0,0.280023986816406,1.63,0,-5399.904296875
100000000000000000000000,1,923625000,0,-47.5,4.84737928971863,0,0,0.280023986816406,1.63,0,-5399.904296875
100000000000000000000001,1,923625000,0,-47,3.77972866135022,0,0,0.280023986816406,1.63,0,-5399.904296875
100000000000000000000003,1,923625000,0,-45.5,1.03083508945915,0,0,0.280023986816406,1.63,0,-5399.904296875
100000000000000000000002,1,923625000,0,-44.5,2.82252464970958,0,0,0.280023986816406,1.63,0,-5399.904296875
100000000000000000000001,1,923625000,0,-47,3.78586458450176,0,0,0.280023986816406,1.63,0,-5399.904296875
100000000000000000000000,1,923625000,0,-47.5,4.79215598135474,0,0,0.280023986816406,1.63,0,-5399.904296875
100000000000000000000004,1,923625000,0,-54,0.337475773334841,0,0,0.280023986816406,1.63,0,-5399.904296875
100000000000000000000004,1,923625000,0,-54,0.343611696486383,0,0,0.280023986816406,1.63,0,-5399.904296875
100000000000000000000002,1,923625000,0,-44.5,2.79184503395187,0,0,0.280023986816406,1.63,0,-5399.904296875
100000000000000000000000,1,923625000,0,-47.5,4.79215598135474,0,0,0.280023986816406,1.63,0,-5399.904296875
100000000000000000000001,1,923625000,0,-47,3.76132089189559,0,0,0.280023986816406,1.63,0,-5399.904296875
100000000000000000000003,1,923625000,0,-45,1.03083508945915,0,0,0.280023986816406,1.63,0,-5399.904296875
100000000000000000000001,1,923625000,0,-47,3.76745681504713,0,0,0.280023986816406,1.63,0,-5399.904296875
100000000000000000000002,1,923625000,0,-44.5,2.81025280340649,0,0,0.280023986816406,1.63,0,-5399.904296875
100000000000000000000000,1,923625000,0,-47.5,4.84737928971863,0,0,0.280023986816406,1.63,0,-5399.904296875
100000000000000000000003,1,923625000,0,-45.5,1.01856324315607,0,0,0.280023986816406,1.63,0,-5399.904296875
100000000000000000000004,1,923625000,0,-54,0.343611696486383,0,0,0.280023986816406,1.63,0,-5399.904296875
100000000000000000000002,1,923625000,0,-44.5,2.82866057286112,0,0,0.280023986816406,1.63,0,-5399.904296875
100000000000000000000004,1,923625000,0,-54,0.355883542789469,0,0,0.280023986816406,1.63,0,-5399.904296875
100000000000000000000001,1,923625000,0,-47,3.78586458450176,0,0,0.280023986816406,1.63,0,-5399.904296875
100000000000000000000000,1,923625000,0,-47.5,4.79829190450629,0,0,0.280023986816406,1.63,0,-5399.904296875
100000000000000000000003,1,923625000,0,-45.5,1.03697101261069,0,0,0.280023986816406,1.63,0,-5399.904296875
100000000000000000000001,1,923625000,0,-47,3.76132089189559,0,0,0.280023986816406,1.63,0,-5399.904296875
100000000000000000000002,1,923625000,0,-44.5,2.79798095710341,0,0,0.280023986816406,1.63,0,-5399.904296875
100000000000000000000003,1,923625000,0,-45.5,1.01856324315607,0,0,0.280023986816406,1.63,0,-5399.904296875
100000000000000000000000,1,923625000,0,-47.5,4.83510744341554,0,0,0.280023986816406,1.63,0,-5399.904296875
100000000000000000000004,1,923625000,0,-53.5,0.343611696486383,0,0,0.280023986816406,1.63,0,-5399.904296875
100000000000000000000003,1,923625000,0,-45.5,1.02469916630761,0,0,0.280023986816406,1.63,0,-5399.904296875
100000000000000000000001,1,923625000,0,-47,3.79813643080485,0,0,0.280023986816406,1.63,0,-5399.904296875
100000000000000000000004,1,923625000,0,-54,0.343611696486383,0,0,0.280023986816406,1.63,0,-5399.904296875
100000000000000000000002,1,923625000,0,-44.5,2.82866057286112,0,0,0.280023986816406,1.63,0,-5399.904296875
100000000000000000000000,1,923625000,0,-47.5,4.79829190450629,0,0,0.280023986816406,1.63,0,-5399.904296875
100000000000000000000001,1,923625000,0,-47,3.77972866135022,0,0,0.280023986816406,1.63,0,-5399.904296875
100000000000000000000003,1,923625000,0,-45,1.03083508945915,0,0,0.280023986816406,1.63,0,-5399.904296875
100000000000000000000004,1,923625000,0,-54,0.355883542789469,0,0,0.280023986816406,1.63,0,-5399.904296875
100000000000000000000002,1,923625000,0,-44.5,2.82252464970958,0,0,0.280023986816406,1.63,0,-5399.904296875
100000000000000000000000,1,923625000,0,-47.5,4.76761228874857,0,0,0.280023986816406,1.63,0,-5399.904296875
100000000000000000000000,1,923625000,0,-47.5,4.81056375080937,0,0,0.280023986816406,1.63,0,-5399.904296875
100000000000000000000003,1,923625000,0,-45.5,1.04310693576224,0,0,0.280023986816406,1.63,0,-5399.904296875
100000000000000000000004,1,923625000,0,-54,0.306796157577129,0,0,0.280023986816406,1.63,0,-5399.904296875
100000000000000000000002,1,923625000,0,-44.5,2.81638872655804,0,0,0.280023986816406,1.63,0,-5399.904296875
100000000000000000000001,1,923625000,0,-47,3.77359273819868,0,0,0.280023986816406,1.63,0,-5399.904296875
100000000000000000000004,1,923625000,0,-53.5,0.355883542789469,0,0,0.280023986816406,1.63,0,-5399.904296875
100000000000000000000003,1,923625000,0,-45.5,1.00629139685298,0,0,0.280023986816406,1.63,0,-5399.904296875
100000000000000000000001,1,923625000,0,-47,3.79200050765331,0,0,0.280023986816406,1.63,0,-5399.904296875
100000000000000000000002,1,923625000,0,-44.5,2.81025280340649,0,0,0.280023986816406,1.63,0,-5399.904296875
100000000000000000000000,1,923625000,0,-47.5,4.81669967396091,0,0,0.280023986816406,1.63,0,-5399.904296875
100000000000000000000000,1,923625000,0,-47.5,4.80442782765783,0,0,0.280023986816406,1.63,0,-5399.904296875
100000000000000000000003,1,923625000,0,-45.5,1.03697101261069,0,0,0.280023986816406,1.63,0,-5399.904296875
100000000000000000000001,1,923625000,0,-47,3.76745681504713,0,0,0.280023986816406,1.63,0,-5399.904296875
100000000000000000000004,1,923625000,0,-54,0.362019465941011,0,0,0.280023986816406,1.63,0,-5399.904296875
100000000000000000000002,1,923625000,0,-44.5,2.82252464970958,0,0,0.280023986816406,1.63,0,-5399.904296875
100000000000000000000002,1,923625000,0,-44.5,2.81638872655804,0,0,0.280023986816406,1.63,0,-5399.904296875
100000000000000000000001,1,923625000,0,-47,3.77359273819868,0,0,0.280023986816406,1.63,0,-5399.904296875
100000000000000000000000,1,923625000,0,-47.5,4.828971520264,0,0,0.280023986816406,1.63,0,-5399.904296875
100000000000000000000003,1,923625000,0,-45.5,1.00629139685298,0,0,0.280023986816406,1.63,0,-5399.904296875
100000000000000000000004,1,923625000,0,-54,0.343611696486383,0,0,0.280023986816406,1.63,0,-5399.904296875
100000000000000000000004,1,923625000,0,-54,0.343611696486383,0,0,0.280023986816406,1.63,0,-5399.904296875
100000000000000000000002,1,923625000,0,-44.5,2.81638872655804,0,0,0.280023986816406,1.63,0,-5399.904296875
100000000000000000000003,1,923625000,0,-45.5,1.03083508945915,0,0,0.280023986816406,1.63,0,-5399.904296875
100000000000000000000000,1,923625000,0,-47.5,4.79215598135474,0,0,0.280023986816406,1.63,0,-5399.904296875
100000000000000000000001,1,923625000,0,-47,3.77359273819868,0,0,0.280023986816406,1.63,0,-5399.904296875
100000000000000000000002,1,923625000,0,-44.5,2.81025280340649,0,0,0.280023986816406,1.63,0,-5399.904296875
100000000000000000000001,1,923625000,0,-47,3.76745681504713,0,0,0.280023986816406,1.63,0,-5399.904296875
100000000000000000000003,1,923625000,0,-45,1.02469916630761,0,0,0.280023986816406,1.63,0,-5399.904296875
100000000000000000000000,1,923625000,0,-47.5,4.84124336656708,0,0,0.280023986816406,1.63,0,-5399.904296875
100000000000000000000004,1,923625000,0,-54,0.362019465941011,0,0,0.280023986816406,1.63,0,-5399.904296875
100000000000000000000002,1,923625000,0,-44.5,2.80411688025495,0,0,0.280023986816406,1.63,0,-5399.904296875
100000000000000000000000,1,923625000,0,-47.5,4.83510744341554,0,0,0.280023986816406,1.63,0,-5399.904296875
100000000000000000000004,1,923625000,0,-54,0.349747619637927,0,0,0.280023986816406,1.63,0,-5399.904296875
100000000000000000000001,1,923625000,0,-47,3.78586458450176,0,0,0.280023986816406,1.63,0,-5399.904296875
100000000000000000000003,1,923625000,0,-45.5,1.02469916630761,0,0,0.280023986816406,1.63,0,-5399.904296875
100000000000000000000004,1,923625000,0,-54,0.337475773334841,0,0,0.280023986816406,1.63,0,-5399.904296875
100000000000000000000001,1,923625000,0,-47,3.77972866135022,0,0,0.280023986816406,1.63,0,-5399.904296875
100000000000000000000003,1,923625000,0,-45.5,1.03083508945915,0,0,0.280023986816406,1.63,0,-5399.904296875
100000000000000000000000,1,923625000,0,-47.5,4.81056375080937,0,0,0.280023986816406,1.63,0,-5399.904296875
100000000000000000000002,1,923625000,0,-44.5,2.81638872655804,0,0,0.280023986816406,1.63,0,-5399.904296875
100000000000000000000000,1,923625000,0,-47.5,4.828971520264,0,0,0.280023986816406,1.63,0,-5399.904296875
100000000000000000000004,1,923625000,0,-54,0.343611696486383,0,0,0.280023986816406,1.63,0,-5399.904296875
100000000000000000000001,1,923625000,0,-47,3.77972866135022,0,0,0.280023986816406,1.63,0,-5399.904296875
100000000000000000000003,1,923625000,0,-45.5,1.02469916630761,0,0,0.280023986816406,1.63,0,-5399.904296875
100000000000000000000002,1,923625000,0,-44.5,2.80411688025495,0,0,0.280023986816406,1.63,0,-5399.904296875
100000000000000000000001,1,923625000,0,-47,3.77972866135022,0,0,0.280023986816406,1.63,0,-5399.904296875
100000000000000000000000,1,923625000,0,-47.5,4.79215598135474,0,0,0.280023986816406,1.63,0,-5399.904296875
100000000000000000000003,1,923625000,0,-45.5,1.03697101261069,0,0,0.280023986816406,1.63,0,-5399.904296875
100000000000000000000004,1,923625000,0,-54,0.374291312244097,0,0,0.280023986816406,1.63,0,-5399.904296875
100000000000000000000002,1,923625000,0,-44.5,2.81025280340649,0,0,0.280023986816406,1.63,0,-5399.904296875
100000000000000000000000,1,923625000,0,-47.5,4.86578705917325,0,0,0.280023986816406,1.63,0,-5399.904296875
100000000000000000000003,1,923625000,0,-45.5,1.03697101261069,0,0,0.280023986816406,1.63,0,-5399.904296875
100000000000000000000002,1,923625000,0,-44.5,2.81025280340649,0,0,0.280023986816406,1.63,0,-5399.904296875
100000000000000000000001,1,923625000,0,-47,3.77972866135022,0,0,0.280023986816406,1.63,0,-5399.904296875
100000000000000000000004,1,923625000,0,-53.5,0.331339850183299,0,0,0.280023986816406,1.63,0,-5399.904296875
100000000000000000000000,1,923625000,0,-47.5,4.84124336656708,0,0,0.280023986816406,1.63,0,-5399.904296875
100000000000000000000004,1,923625000,0,-54,0.331339850183299,0,0,0.280023986816406,1.63,0,-5399.904296875
100000000000000000000002,1,923625000,0,-44.5,2.81025280340649,0,0,0.280023986816406,1.63,0,-5399.904296875
100000000000000000000001,1,923625000,0,-47,3.76745681504713,0,0,0.280023986816406,1.63,0,-5399.904296875
100000000000000000000003,1,923625000,0,-45,1.04310693576224,0,0,0.280023986816406,1.63,0,-5399.904296875
100000000000000000000001,1,923625000,0,-47,3.79200050765331,0,0,0.280023986816406,1.63,0,-5399.904296875
100000000000000000000003,1,923625000,0,-45.5,1.03697101261069,0,0,0.280023986816406,1.63,0,-5399.904296875
100000000000000000000000,1,923625000,0,-47.5,4.828971520264,0,0,0.280023986816406,1.63,0,-5399.904296875
100000000000000000000002,1,923625000,0,-44.5,2.81025280340649,0,0,0.280023986816406,1.63,0,-5399.904296875
100000000000000000000004,1,923625000,0,-54,0.355883542789469,0,0,0.280023986816406,1.63,0,-5399.904296875
100000000000000000000004,1,923625000,0,-54,0.343611696486383,0,0,0.280023986816406,1.63,0,-5399.904296875
100000000000000000000000,1,923625000,0,-47.5,4.81056375080937,0,0,0.280023986816406,1.63,0,-5399.904296875
100000000000000000000001,1,923625000,0,-47,3.76745681504713,0,0,0.280023986816406,1.63,0,-5399.904296875
100000000000000000000003,1,923625000,0,-45.5,1.01856324315607,0,0,0.280023986816406,1.63,0,-5399.904296875
100000000000000000000002,1,923625000,0,-44.5,2.82252464970958,0,0,0.280023986816406,1.63,0,-5399.904296875
100000000000000000000000,1,923625000,0,-47.5,4.81669967396091,0,0,0.280023986816406,1.63,0,-5399.904296875
100000000000000000000001,1,923625000,0,-47,3.76745681504713,0,0,0.280023986816406,1.63,0,-5399.904296875
100000000000000000000002,1,923625000,0,-44.5,2.82252464970958,0,0,0.280023986816406,1.63,0,-5399.904296875
100000000000000000000003,1,923625000,0,-45.5,1.03697101261069,0,0,0.280023986816406,1.63,0,-5399.904296875
100000000000000000000004,1,923625000,0,-54,0.349747619637927,0,0,0.280023986816406,1.63,0,-5399.904296875
100000000000000000000002,1,923625000,0,-44.5,2.81025280340649,0,0,0.280023986816406,1.63,0,-5399.904296875
100000000000000000000001,1,924125000,0,-47,4.0067578179573,0,0,0.280023986816406,1.63,0,-5399.904296875
100000000000000000000003,1,924125000,0,-45,1.26400016921777,0,0,0.280023986816406,1.63,0,-5399.904296875
100000000000000000000004,1,924125000,0,-54,0.576776776245001,0,0,0.280023986816406,1.63,0,-5399.904296875
100000000000000000000000,1,924125000,0,-47,5.06827252317416,0,0,0.280023986816406,1.63,0,-5399.904296875
100000000000000000000002,1,924125000,0,-45,3.0556897294682,0,0,0.280023986816406,1.63,0,-5399.904296875
100000000000000000000004,1,924125000,0,-54,0.546097160487288,0,0,0.280023986816406,1.63,0,-5399.904296875
100000000000000000000001,1,924125000,0,-47.5,3.9638063558965,0,0,0.280023986816406,1.63,0,-5399.904296875
100000000000000000000003,1,924125000,0,-45,1.22718463030851,0,0,0.280023986816406,1.63,0,-5399.904296875
100000000000000000000000,1,924125000,0,-47,5.04986475371953,0,0,0.280023986816406,1.63,0,-5399.904296875
100000000000000000000005,1,924125000,0,-67.5,3.58337912050086,0,0,0.280023986816406,1.63,0,-5399.904296875
100000000000000000000001,1,924125000,0,-47.5,4.00062189480575,0,0,0.280023986816406,1.63,0,-5399.904296875
100000000000000000000004,1,924125000,0,-54.5,0.576776776245001,0,0,0.280023986816406,1.63,0,-5399.904296875
100000000000000000000000,1,924125000,0,-47,5.08054436947724,0,0,0.280023986816406,1.63,0,-5399.904296875
100000000000000000000003,1,924125000,0,-45,1.25786424606623,0,0,0.280023986816406,1.63,0,-5399.904296875
100000000000000000000002,1,924125000,0,-45,3.04341788316511,0,0,0.280023986816406,1.63,0,-5399.904296875
100000000000000000000005,1,924125000,0,-66,3.50974804268235,0,0,0.280023986816406,1.63,0,-5399.904296875
100000000000000000000004,1,924125000,0,-54,0.539961237335746,0,0,0.280023986816406,1.63,0,-5399.904296875
100000000000000000000000,1,924125000,0,-47,5.06213660002262,0,0,0.280023986816406,1.63,0,-5399.904296875
100000000000000000000003,1,924125000,0,-45,1.26400016921777,0,0,0.280023986816406,1.63,0,-5399.904296875
100000000000000000000001,1,924125000,0,-47.5,3.98221412535112,0,0,0.280023986816406,1.63,0,-5399.904296875
100000000000000000000002,1,924125000,0,-45,3.03114603686203,0,0,0.280023986816406,1.63,0,-5399.904296875
100000000000000000000005,1,924125000,0,-67,3.53429173528852,0,0,0.280023986816406,1.63,0,-5399.904296875
100000000000000000000001,1,924125000,0,-47.5,4.01902966426038,0,0,0.280023986816406,1.63,0,-5399.904296875
100000000000000000000004,1,924125000,0,-54,0.552233083638831,0,0,0.280023986816406,1.63,0,-5399.904296875
100000000000000000000002,1,924125000,0,-45,3.0556897294682,0,0,0.280023986816406,1.63,0,-5399.904296875
100000000000000000000005,1,924125000,0,-67,3.49134027322772,0,0,0.280023986816406,1.63,0,-5399.904296875
100000000000000000000003,1,924125000,0,-45,1.26400016921777,0,0,0.280023986816406,1.63,0,-5399.904296875
100000000000000000000000,1,924125000,0,-47,5.06827252317416,0,0,0.280023986816406,1.63,0,-5399.904296875
100000000000000000000003,1,924125000,0,-45,1.26400016921777,0,0,0.280023986816406,1.63,0,-5399.904296875
100000000000000000000000,1,924125000,0,-47,5.04986475371953,0,0,0.280023986816406,1.63,0,-5399.904296875
100000000000000000000002,1,924125000,0,-45,3.04955380631665,0,0,0.280023986816406,1.63,0,-5399.904296875
100000000000000000000001,1,924125000,0,-47.5,4.0067578179573,0,0,0.280023986816406,1.63,0,-5399.904296875
100000000000000000000004,1,924125000,0,-54,0.576776776245001,0,0,0.280023986816406,1.63,0,-5399.904296875
100000000000000000000003,1,924125000,0,-45,1.25786424606623,0,0,0.280023986816406,1.63,0,-5399.904296875
100000000000000000000000,1,924125000,0,-47,5.06213660002262,0,0,0.280023986816406,1.63,0,-5399.904296875
100000000000000000000004,1,924125000,0,-54,0.533825314184203,0,0,0.280023986816406,1.63,0,-5399.904296875
100000000000000000000002,1,924125000,0,-45,3.04955380631665,0,0,0.280023986816406,1.63,0,-5399.904296875
100000000000000000000001,1,924125000,0,-47.5,4.00062189480575,0,0,0.280023986816406,1.63,0,-5399.904296875
100000000000000000000003,1,924125000,0,-45,1.26400016921777,0,0,0.280023986816406,1.63,0,-5399.904296875
100000000000000000000002,1,924125000,0,-44.5,3.0556897294682,0,0,0.280023986816406,1.63,0,-5399.904296875
100000000000000000000001,1,924125000,0,-47.5,4.0067578179573,0,0,0.280023986816406,1.63,0,-5399.904296875
100000000000000000000004,1,924125000,0,-54,0.546097160487288,0,0,0.280023986816406,1.63,0,-5399.904296875
100000000000000000000005,1,924125000,0,-66.5,3.55883542789469,0,0,0.280023986816406,1.63,0,-5399.904296875
100000000000000000000000,1,924125000,0,-47,5.0744084463257,0,0,0.280023986816406,1.63,0,-5399.904296875
100000000000000000000002,1,924125000,0,-45,3.04341788316511,0,0,0.280023986816406,1.63,0,-5399.904296875
100000000000000000000003,1,924125000,0,-45,1.26400016921777,0,0,0.280023986816406,1.63,0,-5399.904296875
100000000000000000000001,1,924125000,0,-47.5,3.99448597165421,0,0,0.280023986816406,1.63,0,-5399.904296875
100000000000000000000004,1,924125000,0,-54,0.558369006790373,0,0,0.280023986816406,1.63,0,-5399.904296875
100000000000000000000000,1,924125000,0,-47,5.06213660002262,0,0,0.280023986816406,1.63,0,-5399.904296875
100000000000000000000001,1,924125000,0,-47.5,3.98221412535112,0,0,0.280023986816406,1.63,0,-5399.904296875
100000000000000000000000,1,924125000,0,-47,5.0744084463257,0,0,0.280023986816406,1.63,0,-5399.904296875
100000000000000000000003,1,924125000,0,-45,1.25172832291468,0,0,0.280023986816406,1.63,0,-5399.904296875
100000000000000000000002,1,924125000,0,-44.5,3.06182565261974,0,0,0.280023986816406,1.63,0,-5399.904296875
100000000000000000000004,1,924125000,0,-54,0.552233083638831,0,0,0.280023986816406,1.63,0,-5399.904296875
100000000000000000000000,1,924125000,0,-47,5.06213660002262,0,0,0.280023986816406,1.63,0,-5399.904296875
100000000000000000000003,1,924125000,0,-45,1.27013609236931,0,0,0.280023986816406,1.63,0,-5399.904296875
100000000000000000000004,1,924125000,0,-54.5,0.607456392002714,0,0,0.280023986816406,1.63,0,-5399.904296875
100000000000000000000001,1,924125000,0,-47.5,3.98835004850267,0,0,0.280023986816406,1.63,0,-5399.904296875
100000000000000000000005,1,924125000,0,-66,3.63860242886474,0,0,0.280023986816406,1.63,0,-5399.904296875
100000000000000000000002,1,924125000,0,-45,3.06182565261974,0,0,0.280023986816406,1.63,0,-5399.904296875
100000000000000000000000,1,924125000,0,-47,5.03759290741645,0,0,0.280023986816406,1.63,0,-5399.904296875
100000000000000000000002,1,924125000,0,-44.5,3.04341788316511,0,0,0.280023986816406,1.63,0,-5399.904296875
100000000000000000000004,1,924125000,0,-54,0.552233083638831,0,0,0.280023986816406,1.63,0,-5399.904296875
100000000000000000000001,1,924125000,0,-47.5,3.98835004850267,0,0,0.280023986816406,1.63,0,-5399.904296875
100000000000000000000003,1,924125000,0,-45,1.27013609236931,0,0,0.280023986816406,1.63,0,-5399.904296875
100000000000000000000005,1,924125000,0,-67,3.48520435007618,0,0,0.280023986816406,1.63,0,-5399.904296875
100000000000000000000000,1,924125000,0,-47,5.04986475371953,0,0,0.280023986816406,1.63,0,-5399.904296875
100000000000000000000001,1,924125000,0,-47.5,4.00062189480575,0,0,0.280023986816406,1.63,0,-5399.904296875
100000000000000000000003,1,924125000,0,-45,1.25786424606623,0,0,0.280023986816406,1.63,0,-5399.904296875
100000000000000000000005,1,924125000,0,-66.5,3.46066065747001,0,0,0.280023986816406,1.63,0,-5399.904296875
100000000000000000000002,1,924125000,0,-45,3.06182565261974,0,0,0.280023986816406,1.63,0,-5399.904296875
100000000000000000000004,1,924125000,0,-54,0.527689391032661,0,0,0.280023986816406,1.63,0,-5399.904296875
100000000000000000000004,1,924125000,0,-54,0.570640853093458,0,0,0.280023986816406,1.63,0,-5399.904296875
100000000000000000000005,1,924125000,0,-66,3.56497135104623,0,0,0.280023986816406,1.63,0,-5399.904296875
100000000000000000000001,1,924125000,0,-47.5,3.99448597165421,0,0,0.280023986816406,1.63,0,-5399.904296875
100000000000000000000002,1,924125000,0,-45,3.06182565261974,0,0,0.280023986816406,1.63,0,-5399.904296875
100000000000000000000000,1,924125000,0,-47,5.06827252317416,0,0,0.280023986816406,1.63,0,-5399.904296875
100000000000000000000003,1,924125000,0,-45,1.27013609236931,0,0,0.280023986816406,1.63,0,-5399.904296875
100000000000000000000004,1,924125000,0,-54,0.576776776245001,0,0,0.280023986816406,1.63,0,-5399.904296875
100000000000000000000003,1,924125000,0,-45.5,1.2394564766116,0,0,0.280023986816406,1.63,0,-5399.904296875
100000000000000000000002,1,924125000,0,-45,3.04341788316511,0,0,0.280023986816406,1.63,0,-5399.904296875
100000000000000000000001,1,924125000,0,-47.5,3.98835004850267,0,0,0.280023986816406,1.63,0,-5399.904296875
100000000000000000000005,1,924125000,0,-67,3.57110727419777,0,0,0.280023986816406,1.63,0,-5399.904296875
100000000000000000000000,1,924125000,0,-47,5.04986475371953,0,0,0.280023986816406,1.63,0,-5399.904296875
100000000000000000000002,1,924125000,0,-45,3.03728196001357,0,0,0.280023986816406,1.63,0,-5399.904296875
100000000000000000000000,1,924125000,0,-47,5.03759290741645,0,0,0.280023986816406,1.63,0,-5399.904296875
100000000000000000000001,1,924125000,0,-47.5,4.01902966426038,0,0,0.280023986816406,1.63,0,-5399.904296875
100000000000000000000003,1,924125000,0,-45,1.27627201552085,0,0,0.280023986816406,1.63,0,-5399.904296875
100000000000000000000004,1,924125000,0,-54,0.533825314184203,0,0,0.280023986816406,1.63,0,-5399.904296875
100000000000000000000005,1,924125000,0,-66.5,3.63860242886474,0,0,0.280023986816406,1.63,0,-5399.904296875
100000000000000000000004,1,924125000,0,-54,0.564504929941916,0,0,0.280023986816406,1.63,0,-5399.904296875
100000000000000000000002,1,924125000,0,-45,3.0556897294682,0,0,0.280023986816406,1.63,0,-5399.904296875
100000000000000000000005,1,924125000,0,-66.5,3.68155389092554,0,0,0.280023986816406,1.63,0,-5399.904296875
100000000000000000000001,1,924125000,0,-47.5,3.97607820219958,0,0,0.280023986816406,1.63,0,-5399.904296875
100000000000000000000000,1,924125000,0,-47,5.0744084463257,0,0,0.280023986816406,1.63,0,-5399.904296875
100000000000000000000003,1,924125000,0,-45,1.26400016921777,0,0,0.280023986816406,1.63,0,-5399.904296875
100000000000000000000003,1,924125000,0,-45,1.25786424606623,0,0,0.280023986816406,1.63,0,-5399.904296875
100000000000000000000001,1,924125000,0,-47.5,3.98221412535112,0,0,0.280023986816406,1.63,0,-5399.904296875
100000000000000000000004,1,924125000,0,-54.5,0.619728238305799,0,0,0.280023986816406,1.63,0,-5399.904296875
100000000000000000000000,1,924125000,0,-47,5.08054436947724,0,0,0.280023986816406,1.63,0,-5399.904296875
100000000000000000000005,1,924125000,0,-67,3.58337912050086,0,0,0.280023986816406,1.63,0,-5399.904296875
100000000000000000000002,1,924125000,0,-45,3.04341788316511,0,0,0.280023986816406,1.63,0,-5399.904296875
100000000000000000000003,1,924125000,0,-45,1.27627201552085,0,0,0.280023986816406,1.63,0,-5399.904296875
100000000000000000000002,1,924125000,0,-45,3.06182565261974,0,0,0.280023986816406,1.63,0,-5399.904296875
100000000000000000000001,1,924125000,0,-47,3.99448597165421,0,0,0.280023986816406,1.63,0,-5399.904296875
100000000000000000000000,1,924125000,0,-47,5.08054436947724,0,0,0.280023986816406,1.63,0,-5399.904296875
100000000000000000000005,1,924125000,0,-67.5,3.50974804268235,0,0,0.280023986816406,1.63,0,-5399.904296875
100000000000000000000004,1,924125000,0,-54,0.539961237335746,0,0,0.280023986816406,1.63,0,-5399.904296875
100000000000000000000002,1,924125000,0,-45,3.0556897294682,0,0,0.280023986816406,1.63,0,-5399.904296875
100000000000000000000000,1,924125000,0,-47,5.02532106111336,0,0,0.280023986816406,1.63,0,-5399.904296875
100000000000000000000001,1,924125000,0,-47.5,3.99448597165421,0,0,0.280023986816406,1.63,0,-5399.904296875
100000000000000000000003,1,924125000,0,-45,1.25172832291468,0,0,0.280023986816406,1.63,0,-5399.904296875
100000000000000000000004,1,924125000,0,-54,0.539961237335746,0,0,0.280023986816406,1.63,0,-5399.904296875
100000000000000000000005,1,924125000,0,-66,3.57110727419777,0,0,0.280023986816406,1.63,0,-5399.904296875
100000000000000000000004,1,924125000,0,-54,0.570640853093458,0,0,0.280023986816406,1.63,0,-5399.904296875
100000000000000000000002,1,924125000,0,-45,3.0556897294682,0,0,0.280023986816406,1.63,0,-5399.904296875
100000000000000000000001,1,924125000,0,-47.5,4.0067578179573,0,0,0.280023986816406,1.63,0,-5399.904296875
100000000000000000000003,1,924125000,0,-45,1.26400016921777,0,0,0.280023986816406,1.63,0,-5399.904296875
100000000000000000000000,1,924125000,0,-47,5.04986475371953,0,0,0.280023986816406,1.63,0,-5399.904296875
100000000000000000000005,1,924125000,0,-66.5,3.62633058256166,0,0,0.280023986816406,1.63,0,-5399.904296875
100000000000000000000002,1,924125000,0,-45,3.06796157577128,0,0,0.280023986816406,1.63,0,-5399.904296875
100000000000000000000000,1,924125000,0,-47,5.06827252317416,0,0,0.280023986816406,1.63,0,-5399.904296875
100000000000000000000003,1,924125000,0,-45,1.27013609236931,0,0,0.280023986816406,1.63,0,-5399.904296875
100000000000000000000001,1,924125000,0,-47.5,3.99448597165421,0,0,0.280023986816406,1.63,0,-5399.904296875
100000000000000000000004,1,924125000,0,-54,0.582912699396544,0,0,0.280023986816406,1.63,0,-5399.904296875
100000000000000000000005,1,924125000,0,-68,3.60178688995549,0,0,0.280023986816406,1.63,0,-5399.904296875
100000000000000000000004,1,924125000,0,-54,0.570640853093458,0,0,0.280023986816406,1.63,0,-5399.904296875
100000000000000000000005,1,924125000,0,-67,3.46679658062155,0,0,0.280023986816406,1.63,0,-5399.904296875
100000000000000000000001,1,924125000,0,-47.5,3.99448597165421,0,0,0.280023986816406,1.63,0,-5399.904296875
100000000000000000000002,1,924125000,0,-45,3.0556897294682,0,0,0.280023986816406,1.63,0,-5399.904296875
100000000000000000000003,1,924125000,0,-45,1.27627201552085,0,0,0.280023986816406,1.63,0,-5399.904296875
100000000000000000000000,1,924125000,0,-47,5.06213660002262,0,0,0.280023986816406,1.63,0,-5399.904296875
100000000000000000000000,1,924125000,0,-47,5.05600067687107,0,0,0.280023986816406,1.63,0,-5399.904296875
100000000000000000000003,1,924125000,0,-45,1.26400016921777,0,0,0.280023986816406,1.63,0,-5399.904296875
100000000000000000000005,1,924125000,0,-68,3.69382573722862,0,0,0.280023986816406,1.63,0,-5399.904296875
100000000000000000000001,1,924125000,0,-47.5,3.96994227904804,0,0,0.280023986816406,1.63,0,-5399.904296875
100000000000000000000002,1,924125000,0,-45,3.04341788316511,0,0,0.280023986816406,1.63,0,-5399.904296875
100000000000000000000004,1,924125000,0,-54,0.533825314184203,0,0,0.280023986816406,1.63,0,-5399.904296875
100000000000000000000004,1,924125000,0,-54,0.570640853093458,0,0,0.280023986816406,1.63,0,-5399.904296875
100000000000000000000002,1,924125000,0,-45,3.06796157577128,0,0,0.280023986816406,1.63,0,-5399.904296875
100000000000000000000000,1,924125000,0,-47,5.05600067687107,0,0,0.280023986816406,1.63,0,-5399.904296875
100000000000000000000003,1,924125000,0,-45,1.25786424606623,0,0,0.280023986816406,1.63,0,-5399.904296875
100000000000000000000001,1,924125000,0,-47.5,3.97607820219958,0,0,0.280023986816406,1.63,0,-5399.904296875
100000000000000000000005,1,924125000,0,-66.5,3.54042765844006,0,0,0.280023986816406,1.63,0,-5399.904296875
100000000000000000000001,1,924125000,0,-47.5,4.00062189480575,0,0,0.280023986816406,1.63,0,-5399.904296875
100000000000000000000002,1,924125000,0,-45,3.0556897294682,0,0,0.280023986816406,1.63,0,-5399.904296875
100000000000000000000003,1,924125000,0,-45,1.2824079386724,0,0,0.280023986816406,1.63,0,-5399.904296875
100000000000000000000000,1,924125000,0,-47,5.04986475371953,0,0,0.280023986816406,1.63,0,-5399.904296875
100000000000000000000004,1,924125000,0,-54,0.570640853093458,0,0,0.280023986816406,1.63,0,-5399.904296875
100000000000000000000005,1,924125000,0,-67.5,3.46066065747001,0,0,0.280023986816406,1.63,0,-5399.904296875
100000000000000000000001,1,924125000,0,-47.5,4.0067578179573,0,0,0.280023986816406,1.63,0,-5399.904296875
100000000000000000000002,1,924125000,0,-45,3.06182565261974,0,0,0.280023986816406,1.63,0,-5399.904296875
100000000000000000000000,1,924125000,0,-47,5.06213660002262,0,0,0.280023986816406,1.63,0,-5399.904296875
100000000000000000000004,1,924125000,0,-54,0.570640853093458,0,0,0.280023986816406,1.63,0,-5399.904296875
100000000000000000000003,1,924125000,0,-45,1.27013609236931,0,0,0.280023986816406,1.63,0,-5399.904296875
100000000000000000000004,1,924125000,0,-54,0.546097160487288,0,0,0.280023986816406,1.63,0,-5399.904296875
100000000000000000000003,1,924125000,0,-45,1.26400016921777,0,0,0.280023986816406,1.63,0,-5399.904296875
100000000000000000000002,1,924125000,0,-45,3.06182565261974,0,0,0.280023986816406,1.63,0,-5399.904296875
100000000000000000000001,1,924125000,0,-47.5,4.01902966426038,0,0,0.280023986816406,1.63,0,-5399.904296875
100000000000000000000000,1,924125000,0,-47,5.06827252317416,0,0,0.280023986816406,1.63,0,-5399.904296875
100000000000000000000000,1,924125000,0,-47,5.06827252317416,0,0,0.280023986816406,1.63,0,-5399.904296875
100000000000000000000005,1,924125000,0,-66,3.51588396583389,0,0,0.280023986816406,1.63,0,-5399.904296875
100000000000000000000003,1,924125000,0,-45,1.27013609236931,0,0,0.280023986816406,1.63,0,-5399.904296875
100000000000000000000001,1,924125000,0,-47.5,3.97607820219958,0,0,0.280023986816406,1.63,0,-5399.904296875
100000000000000000000002,1,924125000,0,-45,3.04341788316511,0,0,0.280023986816406,1.63,0,-5399.904296875
100000000000000000000004,1,924125000,0,-54,0.570640853093458,0,0,0.280023986816406,1.63,0,-5399.904296875
100000000000000000000003,1,924125000,0,-45,1.26400016921777,0,0,0.280023986816406,1.63,0,-5399.904296875
100000000000000000000002,1,924125000,0,-45,3.06182565261974,0,0,0.280023986816406,1.63,0,-5399.904296875
100000000000000000000000,1,924125000,0,-47,5.03759290741645,0,0,0.280023986816406,1.63,0,-5399.904296875
100000000000000000000001,1,924125000,0,-47,3.98221412535112,0,0,0.280023986816406,1.63,0,-5399.904296875
100000000000000000000005,1,924125000,0,-66.5,3.48520435007618,0,0,0.280023986816406,1.63,0,-5399.904296875
100000000000000000000004,1,924125000,0,-54,0.552233083638831,0,0,0.280023986816406,1.63,0,-5399.904296875
100000000000000000000000,1,924125000,0,-47,5.0744084463257,0,0,0.280023986816406,1.63,0,-5399.904296875
100000000000000000000003,1,924125000,0,-45,1.25172832291468,0,0,0.280023986816406,1.63,0,-5399.904296875
100000000000000000000001,1,924125000,0,-47.5,4.01902966426038,0,0,0.280023986816406,1.63,0,-5399.904296875
100000000000000000000002,1,924125000,0,-45,3.0556897294682,0,0,0.280023986816406,1.63,0,-5399.904296875
100000000000000000000004,1,924125000,0,-54,0.570640853093458,0,0,0.280023986816406,1.63,0,-5399.904296875
100000000000000000000005,1,924125000,0,-66.5,3.5465635815916,0,0,0.280023986816406,1.63,0,-5399.904296875
100000000000000000000004,1,924125000,0,-54,0.595184545699629,0,0,0.280023986816406,1.63,0,-5399.904296875
100000000000000000000005,1,924125000,0,-66,3.43611696486384,0,0,0.280023986816406,1.63,0,-5399.904296875
100000000000000000000002,1,924125000,0,-45,3.04955380631665,0,0,0.280023986816406,1.63,0,-5399.904296875
100000000000000000000000,1,924125000,0,-47,5.06213660002262,0,0,0.280023986816406,1.63,0,-5399.904296875
100000000000000000000001,1,924125000,0,-47.5,3.96994227904804,0,0,0.280023986816406,1.63,0,-5399.904296875
100000000000000000000003,1,924125000,0,-45,1.26400016921777,0,0,0.280023986816406,1.63,0,-5399.904296875
100000000000000000000004,1,924125000,0,-54,0.576776776245001,0,0,0.280023986816406,1.63,0,-5399.904296875
100000000000000000000000,1,924125000,0,-47,5.05600067687107,0,0,0.280023986816406,1.63,0,-5399.904296875
100000000000000000000001,1,924125000,0,-47.5,4.0067578179573,0,0,0.280023986816406,1.63,0,-5399.904296875
100000000000000000000003,1,924125000,0,-45,1.27013609236931,0,0,0.280023986816406,1.63,0,-5399.904296875
100000000000000000000002,1,924125000,0,-45,3.06182565261974,0,0,0.280023986816406,1.63,0,-5399.904296875
100000000000000000000005,1,924125000,0,-66.5,3.59565096680394,0,0,0.280023986816406,1.63,0,-5399.904296875
100000000000000000000001,1,924125000,0,-47.5,4.0067578179573,0,0,0.280023986816406,1.63,0,-5399.904296875
100000000000000000000000,1,924125000,0,-47,5.00691329165873,0,0,0.280023986816406,1.63,0,-5399.904296875
100000000000000000000002,1,924125000,0,-45,3.06182565261974,0,0,0.280023986816406,1.63,0,-5399.904296875
100000000000000000000003,1,924125000,0,-45,1.25786424606623,0,0,0.280023986816406,1.63,0,-5399.904296875
100000000000000000000005,1,924125000,0,-66.5,3.5895150436524,0,0,0.280023986816406,1.63,0,-5399.904296875
100000000000000000000004,1,924125000,0,-54,0.576776776245001,0,0,0.280023986816406,1.63,0,-5399.904296875
100000000000000000000005,1,924125000,0,-67.5,3.47293250377309,0,0,0.280023986816406,1.63,0,-5399.904296875
100000000000000000000000,1,924125000,0,-47,5.06827252317416,0,0,0.280023986816406,1.63,0,-5399.904296875
100000000000000000000001,1,924125000,0,-47.5,3.99448597165421,0,0,0.280023986816406,1.63,0,-5399.904296875
100000000000000000000003,1,924125000,0,-45,1.26400016921777,0,0,0.280023986816406,1.63,0,-5399.904296875
100000000000000000000002,1,924125000,0,-45,3.06182565261974,0,0,0.280023986816406,1.63,0,-5399.904296875
100000000000000000000004,1,924125000,0,-54,0.558369006790373,0,0,0.280023986816406,1.63,0,-5399.904296875
100000000000000000000005,1,924125000,0,-65.5,3.5465635815916,0,0,0.280023986816406,1.63,0,-5399.904296875
100000000000000000000002,1,924125000,0,-45,3.04955380631665,0,0,0.280023986816406,1.63,0,-5399.904296875
100000000000000000000003,1,924125000,0,-45,1.27013609236931,0,0,0.280023986816406,1.63,0,-5399.904296875
100000000000000000000001,1,924125000,0,-47.5,4.00062189480575,0,0,0.280023986816406,1.63,0,-5399.904296875
100000000000000000000000,1,924125000,0,-47,5.09895213893187,0,0,0.280023986816406,1.63,0,-5399.904296875
100000000000000000000004,1,924125000,0,-54,0.595184545699629,0,0,0.280023986816406,1.63,0,-5399.904296875
100000000000000000000004,1,924125000,0,-54,0.595184545699629,0,0,0.280023986816406,1.63,0,-5399.904296875
100000000000000000000002,1,924125000,0,-45,3.04955380631665,0,0,0.280023986816406,1.63,0,-5399.904296875
100000000000000000000001,1,924125000,0,-47.5,3.99448597165421,0,0,0.280023986816406,1.63,0,-5399.904296875
100000000000000000000000,1,924125000,0,-47,5.04986475371953,0,0,0.280023986816406,1.63,0,-5399.904296875
100000000000000000000003,1,924125000,0,-45,1.27627201552085,0,0,0.280023986816406,1.63,0,-5399.904296875
100000000000000000000002,1,924125000,0,-45,3.03728196001357,0,0,0.280023986816406,1.63,0,-5399.904296875
100000000000000000000003,1,924125000,0,-45,1.25786424606623,0,0,0.280023986816406,1.63,0,-5399.904296875
100000000000000000000001,1,924125000,0,-47.5,3.98221412535112,0,0,0.280023986816406,1.63,0,-5399.904296875
100000000000000000000000,1,924125000,0,-47,5.08054436947724,0,0,0.280023986816406,1.63,0,-5399.904296875
100000000000000000000004,1,924125000,0,-53.5,0.576776776245001,0,0,0.280023986816406,1.63,0,-5399.904296875
100000000000000000000002,1,924125000,0,-45,3.04955380631665,0,0,0.280023986816406,1.63,0,-5399.904296875
100000000000000000000003,1,924125000,0,-45,1.25786424606623,0,0,0.280023986816406,1.63,0,-5399.904296875
100000000000000000000005,1,924125000,0,-66,3.45452473431846,0,0,0.280023986816406,1.63,0,-5399.904296875
100000000000000000000001,1,924125000,0,-47.5,3.98221412535112,0,0,0.280023986816406,1.63,0,-5399.904296875
100000000000000000000000,1,924125000,0,-47,5.08668029262879,0,0,0.280023986816406,1.63,0,-5399.904296875
100000000000000000000004,1,924125000,0,-54,0.533825314184203,0,0,0.280023986816406,1.63,0,-5399.904296875
100000000000000000000005,1,924125000,0,-67.5,3.46066065747001,0,0,0.280023986816406,1.63,0,-5399.904296875
100000000000000000000001,1,924125000,0,-47.5,3.99448597165421,0,0,0.280023986816406,1.63,0,-5399.904296875
100000000000000000000004,1,924125000,0,-54,0.570640853093458,0,0,0.280023986816406,1.63,0,-5399.904296875
100000000000000000000002,1,924125000,0,-45,3.0556897294682,0,0,0.280023986816406,1.63,0,-5399.904296875
100000000000000000000003,1,924125000,0,-45,1.25786424606623,0,0,0.280023986816406,1.63,0,-5399.904296875
100000000000000000000000,1,924125000,0,-47,5.08054436947724,0,0,0.280023986816406,1.63,0,-5399.904296875
100000000000000000000005,1,924125000,0,-67,3.52815581213697,0,0,0.280023986816406,1.63,0,-5399.904296875
100000000000000000000000,1,924125000,0,-47,5.03759290741645,0,0,0.280023986816406,1.63,0,-5399.904296875
100000000000000000000001,1,924125000,0,-47.5,4.01902966426038,0,0,0.280023986816406,1.63,0,-5399.904296875
100000000000000000000002,1,924125000,0,-45,3.0556897294682,0,0,0.280023986816406,1.63,0,-5399.904296875
100000000000000000000004,1,924125000,0,-54,0.558369006790373,0,0,0.280023986816406,1.63,0,-5399.904296875
100000000000000000000003,1,924125000,0,-45.5,1.26400016921777,0,0,0.280023986816406,1.63,0,-5399.904296875
100000000000000000000003,1,924125000,0,-45,1.27627201552085,0,0,0.280023986816406,1.63,0,-5399.904296875
100000000000000000000004,1,924125000,0,-53.5,0.564504929941916,0,0,0.280023986816406,1.63,0,-5399.904296875
100000000000000000000000,1,924125000,0,-47,5.04986475371953,0,0,0.280023986816406,1.63,0,-5399.904296875
100000000000000000000001,1,924125000,0,-47.5,4.0067578179573,0,0,0.280023986816406,1.63,0,-5399.904296875
100000000000000000000002,1,924125000,0,-45,3.04955380631665,0,0,0.280023986816406,1.63,0,-5399.904296875
100000000000000000000005,1,924125000,0,-67,3.61405873625857,0,0,0.280023986816406,1.63,0,-5399.904296875
100000000000000000000003,1,924125000,0,-45.5,1.27013609236931,0,0,0.280023986816406,1.63,0,-5399.904296875
100000000000000000000002,1,924125000,0,-45,3.04341788316511,0,0,0.280023986816406,1.63,0,-5399.904296875
100000000000000000000001,1,924125000,0,-47.5,4.0067578179573,0,0,0.280023986816406,1.63,0,-5399.904296875
100000000000000000000000,1,924125000,0,-47,5.06213660002262,0,0,0.280023986816406,1.63,0,-5399.904296875
100000000000000000000005,1,924125000,0,-65.5,3.62633058256166,0,0,0.280023986816406,1.63,0,-5399.904296875
100000000000000000000004,1,924125000,0,-54,0.564504929941916,0,0,0.280023986816406,1.63,0,-5399.904296875
100000000000000000000004,1,924125000,0,-54,0.564504929941916,0,0,0.280023986816406,1.63,0,-5399.904296875
100000000000000000000001,1,924125000,0,-47.5,3.96994227904804,0,0,0.280023986816406,1.63,0,-5399.904296875
100000000000000000000005,1,924125000,0,-66.5,3.56497135104623,0,0,0.280023986816406,1.63,0,-5399.904296875
100000000000000000000000,1,924125000,0,-47,5.04986475371953,0,0,0.280023986816406,1.63,0,-5399.904296875
100000000000000000000003,1,924125000,0,-45,1.27013609236931,0,0,0.280023986816406,1.63,0,-5399.904296875
100000000000000000000002,1,924125000,0,-45,3.08023342207437,0,0,0.280023986816406,1.63,0,-5399.904296875
100000000000000000000004,1,924125000,0,-54,0.595184545699629,0,0,0.280023986816406,1.63,0,-5399.904296875
100000000000000000000000,1,924125000,0,-47,5.03759290741645,0,0,0.280023986816406,1.63,0,-5399.904296875
100000000000000000000001,1,924125000,0,-47.5,3.98835004850267,0,0,0.280023986816406,1.63,0,-5399.904296875
100000000000000000000003,1,924125000,0,-45,1.26400016921777,0,0,0.280023986816406,1.63,0,-5399.904296875
100000000000000000000002,1,924125000,0,-45,3.06796157577128,0,0,0.280023986816406,1.63,0,-5399.904296875
100000000000000000000005,1,924125000,0,-67,3.52815581213697,0,0,0.280023986816406,1.63,0,-5399.904296875
100000000000000000000001,1,924125000,0,-47.5,3.98221412535112,0,0,0.280023986816406,1.63,0,-5399.904296875
100000000000000000000000,1,924125000,0,-47,5.04986475371953,0,0,0.280023986816406,1.63,0,-5399.904296875
100000000000000000000003,1,924125000,0,-45,1.26400016921777,0,0,0.280023986816406,1.63,0,-5399.904296875
100000000000000000000002,1,924125000,0,-45,3.0556897294682,0,0,0.280023986816406,1.63,0,-5399.904296875
100000000000000000000004,1,924125000,0,-53.5,0.546097160487288,0,0,0.280023986816406,1.63,0,-5399.904296875
100000000000000000000005,1,924125000,0,-66.5,3.54042765844006,0,0,0.280023986816406,1.63,0,-5399.904296875
100000000000000000000003,1,924125000,0,-45,1.25172832291468,0,0,0.280023986816406,1.63,0,-5399.904296875
100000000000000000000000,1,924125000,0,-47,5.06827252317416,0,0,0.280023986816406,1.63,0,-5399.904296875
100000000000000000000002,1,924125000,0,-45,3.0556897294682,0,0,0.280023986816406,1.63,0,-5399.904296875
100000000000000000000001,1,924125000,0,-47.5,4.01289374110884,0,0,0.280023986816406,1.63,0,-5399.904296875
100000000000000000000004,1,924125000,0,-54,0.558369006790373,0,0,0.280023986816406,1.63,0,-5399.904296875
100000000000000000000004,1,924125000,0,-54,0.613592315154256,0,0,0.280023986816406,1.63,0,-5399.904296875
100000000000000000000001,1,924125000,0,-47.5,3.98221412535112,0,0,0.280023986816406,1.63,0,-5399.904296875
100000000000000000000000,1,924125000,0,-47,5.0314569842649,0,0,0.280023986816406,1.63,0,-5399.904296875
100000000000000000000003,1,924125000,0,-45,1.26400016921777,0,0,0.280023986816406,1.63,0,-5399.904296875
100000000000000000000002,1,924125000,0,-45,3.06796157577128,0,0,0.280023986816406,1.63,0,-5399.904296875
100000000000000000000000,1,924125000,0,-47,5.03759290741645,0,0,0.280023986816406,1.63,0,-5399.904296875
100000000000000000000003,1,924125000,0,-45,1.27013609236931,0,0,0.280023986816406,1.63,0,-5399.904296875
100000000000000000000001,1,924125000,0,-47.5,3.98221412535112,0,0,0.280023986816406,1.63,0,-5399.904296875
100000000000000000000002,1,924125000,0,-45,3.06182565261974,0,0,0.280023986816406,1.63,0,-5399.904296875
100000000000000000000005,1,924125000,0,-67,3.49747619637926,0,0,0.280023986816406,1.63,0,-5399.904296875
100000000000000000000004,1,924125000,0,-54,0.570640853093458,0,0,0.280023986816406,1.63,0,-5399.904296875
100000000000000000000000,1,924125000,0,-47,5.06213660002262,0,0,0.280023986816406,1.63,0,-5399.904296875
100000000000000000000005,1,924125000,0,-66.5,3.61405873625857,0,0,0.280023986816406,1.63,0,-5399.904296875
100000000000000000000002,1,924125000,0,-45,3.04955380631665,0,0,0.280023986816406,1.63,0,-5399.904296875
100000000000000000000001,1,924125000,0,-47.5,3.98221412535112,0,0,0.280023986816406,1.63,0,-5399.904296875
100000000000000000000003,1,924125000,0,-45.5,1.26400016921777,0,0,0.280023986816406,1.63,0,-5399.904296875
100000000000000000000004,1,924125000,0,-54,0.576776776245001,0,0,0.280023986816406,1.63,0,-5399.904296875
100000000000000000000000,1,924125000,0,-47,5.03759290741645,0,0,0.280023986816406,1.63,0,-5399.904296875
100000000000000000000002,1,924125000,0,-45,3.0556897294682,0,0,0.280023986816406,1.63,0,-5399.904296875
100000000000000000000005,1,924125000,0,-67,3.56497135104623,0,0,0.280023986816406,1.63,0,-5399.904296875
100000000000000000000004,1,924125000,0,-54,0.552233083638831,0,0,0.280023986816406,1.63,0,-5399.904296875
100000000000000000000001,1,924125000,0,-47.5,3.98221412535112,0,0,0.280023986816406,1.63,0,-5399.904296875
100000000000000000000003,1,924125000,0,-45,1.25786424606623,0,0,0.280023986816406,1.63,0,-5399.904296875
100000000000000000000003,1,924125000,0,-45,1.25786424606623,0,0,0.280023986816406,1.63,0,-5399.904296875
100000000000000000000004,1,924125000,0,-54,0.582912699396544,0,0,0.280023986816406,1.63,0,-5399.904296875
100000000000000000000000,1,924125000,0,-47,5.04986475371953,0,0,0.280023986816406,1.63,0,-5399.904296875
100000000000000000000002,1,924125000,0,-45,3.04341788316511,0,0,0.280023986816406,1.63,0,-5399.904296875
100000000000000000000005,1,924125000,0,-67,3.66314612147091,0,0,0.280023986816406,1.63,0,-5399.904296875
100000000000000000000001,1,924125000,0,-47.5,3.97607820219958,0,0,0.280023986816406,1.63,0,-5399.904296875
100000000000000000000000,1,924125000,0,-47,5.06213660002262,0,0,0.280023986816406,1.63,0,-5399.904296875
100000000000000000000002,1,924125000,0,-45,3.06796157577128,0,0,0.280023986816406,1.63,0,-5399.904296875
100000000000000000000003,1,924125000,0,-45,1.25786424606623,0,0,0.280023986816406,1.63,0,-5399.904296875
100000000000000000000004,1,924125000,0,-53.5,0.564504929941916,0,0,0.280023986816406,1.63,0,-5399.904296875
100000000000000000000001,1,924125000,0,-47.5,4.00062189480575,0,0,0.280023986816406,1.63,0,-5399.904296875
100000000000000000000005,1,924125000,0,-66.5,3.49134027322772,0,0,0.280023986816406,1.63,0,-5399.904296875
100000000000000000000003,1,924125000,0,-45,1.25786424606623,0,0,0.280023986816406,1.63,0,-5399.904296875
100000000000000000000001,1,924125000,0,-47.5,3.98835004850267,0,0,0.280023986816406,1.63,0,-5399.904296875
100000000000000000000005,1,924125000,0,-66.5,3.5465635815916,0,0,0.280023986816406,1.63,0,-5399.904296875
100000000000000000000002,1,924125000,0,-45,3.0556897294682,0,0,0.280023986816406,1.63,0,-5399.904296875
100000000000000000000004,1,924125000,0,-54,0.564504929941916,0,0,0.280023986816406,1.63,0,-5399.904296875
100000000000000000000000,1,924125000,0,-47,5.06827252317416,0,0,0.280023986816406,1.63,0,-5399.904296875
100000000000000000000002,1,924125000,0,-44.5,3.04341788316511,0,0,0.280023986816406,1.63,0,-5399.904296875
100000000000000000000003,1,924125000,0,-45,1.27013609236931,0,0,0.280023986816406,1.63,0,-5399.904296875
100000000000000000000005,1,924125000,0,-66,3.6324665057132,0,0,0.280023986816406,1.63,0,-5399.904296875
100000000000000000000001,1,924125000,0,-47.5,3.98835004850267,0,0,0.280023986816406,1.63,0,-5399.904296875
100000000000000000000000,1,924125000,0,-47,5.04986475371953,0,0,0.280023986816406,1.63,0,-5399.904296875
100000000000000000000004,1,924125000,0,-54,0.533825314184203,0,0,0.280023986816406,1.63,0,-5399.904296875
100000000000000000000005,1,924125000,0,-66.5,3.66928204462245,0,0,0.280023986816406,1.63,0,-5399.904296875
100000000000000000000001,1,924125000,0,-47.5,3.99448597165421,0,0,0.280023986816406,1.63,0,-5399.904296875
100000000000000000000004,1,924125000,0,-54,0.570640853093458,0,0,0.280023986816406,1.63,0,-5399.904296875
100000000000000000000002,1,924125000,0,-45,3.0556897294682,0,0,0.280023986816406,1.63,0,-5399.904296875
100000000000000000000000,1,924125000,0,-47,5.0314569842649,0,0,0.280023986816406,1.63,0,-5399.904296875
100000000000000000000003,1,924125000,0,-45,1.26400016921777,0,0,0.280023986816406,1.63,0,-5399.904296875
100000000000000000000002,1,924125000,0,-45,3.04341788316511,0,0,0.280023986816406,1.63,0,-5399.904296875
100000000000000000000001,1,924125000,0,-47.5,3.98221412535112,0,0,0.280023986816406,1.63,0,-5399.904296875
100000000000000000000004,1,924125000,0,-53.5,0.509281621578033,0,0,0.280023986816406,1.63,0,-5399.904296875
100000000000000000000003,1,924125000,0,-45.5,1.25172832291468,0,0,0.280023986816406,1.63,0,-5399.904296875
100000000000000000000000,1,924125000,0,-47,5.05600067687107,0,0,0.280023986816406,1.63,0,-5399.904296875
100000000000000000000005,1,924125000,0,-66,3.53429173528852,0,0,0.280023986816406,1.63,0,-5399.904296875
100000000000000000000004,1,924125000,0,-54,0.558369006790373,0,0,0.280023986816406,1.63,0,-5399.904296875
100000000000000000000005,1,924125000,0,-67,3.57724319734932,0,0,0.280023986816406,1.63,0,-5399.904296875
100000000000000000000002,1,924125000,0,-45,3.04955380631665,0,0,0.280023986816406,1.63,0,-5399.904296875
100000000000000000000000,1,924125000,0,-47,5.06827252317416,0,0,0.280023986816406,1.63,0,-5399.904296875
100000000000000000000003,1,924125000,0,-45,1.25786424606623,0,0,0.280023986816406,1.63,0,-5399.904296875
100000000000000000000001,1,924125000,0,-47.5,3.98835004850267,0,0,0.280023986816406,1.63,0,-5399.904296875
100000000000000000000002,1,924125000,0,-45,3.06182565261974,0,0,0.280023986816406,1.63,0,-5399.904296875
100000000000000000000000,1,924125000,0,-47,5.04372883056799,0,0,0.280023986816406,1.63,0,-5399.904296875
100000000000000000000004,1,924125000,0,-54,0.552233083638831,0,0,0.280023986816406,1.63,0,-5399.904296875
100000000000000000000001,1,924125000,0,-47.5,4.01289374110884,0,0,0.280023986816406,1.63,0,-5399.904296875
100000000000000000000003,1,924125000,0,-45,1.25172832291468,0,0,0.280023986816406,1.63,0,-5399.904296875
100000000000000000000005,1,924125000,0,-65.5,3.46679658062155,0,0,0.280023986816406,1.63,0,-5399.904296875
100000000000000000000003,1,924125000,0,-45,1.25786424606623,0,0,0.280023986816406,1.63,0,-5399.904296875
100000000000000000000004,1,924125000,0,-54,0.552233083638831,0,0,0.280023986816406,1.63,0,-5399.904296875
100000000000000000000002,1,924125000,0,-45,3.03114603686203,0,0,0.280023986816406,1.63,0,-5399.904296875
100000000000000000000001,1,924125000,0,-47,4.00062189480575,0,0,0.280023986816406,1.63,0,-5399.904296875
100000000000000000000000,1,924125000,0,-47,5.0744084463257,0,0,0.280023986816406,1.63,0,-5399.904296875
100000000000000000000005,1,924125000,0,-66.5,3.52201988898543,0,0,0.280023986816406,1.63,0,-5399.904296875
100000000000000000000001,1,924125000,0,-47.5,4.00062189480575,0,0,0.280023986816406,1.63,0,-5399.904296875
100000000000000000000000,1,924125000,0,-47,5.0744084463257,0,0,0.280023986816406,1.63,0,-5399.904296875
100000000000000000000002,1,924125000,0,-44.5,3.02501011371048,0,0,0.280023986816406,1.63,0,-5399.904296875
100000000000000000000003,1,924125000,0,-45,1.25786424606623,0,0,0.280023986816406,1.63,0,-5399.904296875
100000000000000000000005,1,924125000,0,-66.5,3.50974804268235,0,0,0.280023986816406,1.63,0,-5399.904296875
100000000000000000000004,1,924125000,0,-54,0.533825314184203,0,0,0.280023986816406,1.63,0,-5399.904296875
100000000000000000000002,1,924125000,0,-45,3.03728196001357,0,0,0.280023986816406,1.63,0,-5399.904296875
100000000000000000000005,1,924125000,0,-66,3.55883542789469,0,0,0.280023986816406,1.63,0,-5399.904296875
100000000000000000000003,1,924125000,0,-45,1.25786424606623,0,0,0.280023986816406,1.63,0,-5399.904296875
100000000000000000000000,1,924125000,0,-47,5.06827252317416,0,0,0.280023986816406,1.63,0,-5399.904296875
100000000000000000000001,1,924125000,0,-47.5,3.9638063558965,0,0,0.280023986816406,1.63,0,-5399.904296875
100000000000000000000004,1,924125000,0,-54,0.558369006790373,0,0,0.280023986816406,1.63,0,-5399.904296875
100000000000000000000000,1,924125000,0,-47,5.06213660002262,0,0,0.280023986816406,1.63,0,-5399.904296875
100000000000000000000005,1,924125000,0,-67,3.46066065747001,0,0,0.280023986816406,1.63,0,-5399.904296875
100000000000000000000003,1,924125000,0,-45,1.25786424606623,0,0,0.280023986816406,1.63,0,-5399.904296875
100000000000000000000004,1,924125000,0,-54,0.582912699396544,0,0,0.280023986816406,1.63,0,-5399.904296875
100000000000000000000002,1,924125000,0,-45,3.04955380631665,0,0,0.280023986816406,1.63,0,-5399.904296875
100000000000000000000001,1,924125000,0,-47.5,3.99448597165421,0,0,0.280023986816406,1.63,0,-5399.904296875
100000000000000000000004,1,924125000,0,-54,0.625864161457342,0,0,0.280023986816406,1.63,0,-5399.904296875
100000000000000000000003,1,924125000,0,-45,1.25786424606623,0,0,0.280023986816406,1.63,0,-5399.904296875
100000000000000000000002,1,924125000,0,-45,3.03728196001357,0,0,0.280023986816406,1.63,0,-5399.904296875
100000000000000000000005,1,924125000,0,-66.5,3.56497135104623,0,0,0.280023986816406,1.63,0,-5399.904296875
100000000000000000000000,1,924125000,0,-47,5.06213660002262,0,0,0.280023986816406,1.63,0,-5399.904296875
100000000000000000000001,1,924125000,0,-47.5,3.98221412535112,0,0,0.280023986816406,1.63,0,-5399.904296875
100000000000000000000004,1,924125000,0,-54,0.533825314184203,0,0,0.280023986816406,1.63,0,-5399.904296875
100000000000000000000002,1,924125000,0,-45,3.06182565261974,0,0,0.280023986816406,1.63,0,-5399.904296875
100000000000000000000005,1,924125000,0,-67,3.26431111662064,0,0,0.280023986816406,1.63,0,-5399.904296875
100000000000000000000001,1,924125000,0,-47.5,3.99448597165421,0,0,0.280023986816406,1.63,0,-5399.904296875
100000000000000000000000,1,924125000,0,-47,5.08054436947724,0,0,0.280023986816406,1.63,0,-5399.904296875
100000000000000000000003,1,924125000,0,-45,1.27013609236931,0,0,0.280023986816406,1.63,0,-5399.904296875
100000000000000000000004,1,924125000,0,-53.5,0.546097160487288,0,0,0.280023986816406,1.63,0,-5399.904296875
100000000000000000000001,1,924125000,0,-47.5,3.98221412535112,0,0,0.280023986816406,1.63,0,-5399.904296875
100000000000000000000003,1,924125000,0,-45,1.27627201552085,0,0,0.280023986816406,1.63,0,-5399.904296875
100000000000000000000002,1,924125000,0,-44.5,3.04955380631665,0,0,0.280023986816406,1.63,0,-5399.904296875
100000000000000000000000,1,924125000,0,-47,5.08668029262879,0,0,0.280023986816406,1.63,0,-5399.904296875
100000000000000000000005,1,924125000,0,-66.5,3.60178688995549,0,0,0.280023986816406,1.63,0,-5399.904296875
100000000000000000000000,1,924125000,0,-47,5.06213660002262,0,0,0.280023986816406,1.63,0,-5399.904296875
100000000000000000000001,1,924125000,0,-47,3.99448597165421,0,0,0.280023986816406,1.63,0,-5399.904296875
100000000000000000000002,1,924125000,0,-45,3.02501011371048,0,0,0.280023986816406,1.63,0,-5399.904296875
100000000000000000000003,1,924125000,0,-45.5,1.26400016921777,0,0,0.280023986816406,1.63,0,-5399.904296875
100000000000000000000005,1,924125000,0,-67,3.65087427516783,0,0,0.280023986816406,1.63,0,-5399.904296875
100000000000000000000004,1,924125000,0,-54,0.533825314184203,0,0,0.280023986816406,1.63,0,-5399.904296875
100000000000000000000000,1,924125000,0,-47,5.06213660002262,0,0,0.280023986816406,1.63,0,-5399.904296875
100000000000000000000001,1,924125000,0,-47.5,4.0067578179573,0,0,0.280023986816406,1.63,0,-5399.904296875
100000000000000000000002,1,924125000,0,-45,3.04955380631665,0,0,0.280023986816406,1.63,0,-5399.904296875
100000000000000000000003,1,924125000,0,-45,1.27013609236931,0,0,0.280023986816406,1.63,0,-5399.904296875
100000000000000000000004,1,924125000,0,-54,0.576776776245001,0,0,0.280023986816406,1.63,0,-5399.904296875
100000000000000000000005,1,924125000,0,-66,3.44838881116692,0,0,0.280023986816406,1.63,0,-5399.904296875
100000000000000000000002,1,924125000,0,-45,3.04341788316511,0,0,0.280023986816406,1.63,0,-5399.904296875
100000000000000000000001,1,924125000,0,-47.5,4.00062189480575,0,0,0.280023986816406,1.63,0,-5399.904296875
100000000000000000000003,1,924125000,0,-45,1.2824079386724,0,0,0.280023986816406,1.63,0,-5399.904296875
100000000000000000000000,1,924125000,0,-47,5.04372883056799,0,0,0.280023986816406,1.63,0,-5399.904296875
100000000000000000000005,1,924125000,0,-66.5,3.50974804268235,0,0,0.280023986816406,1.63,0,-5399.904296875
100000000000000000000004,1,924125000,0,-54,0.527689391032661,0,0,0.280023986816406,1.63,0,-5399.904296875
100000000000000000000004,1,924125000,0,-54,0.570640853093458,0,0,0.280023986816406,1.63,0,-5399.904296875
100000000000000000000003,1,924125000,0,-45,1.25786424606623,0,0,0.280023986816406,1.63,0,-5399.904296875
100000000000000000000001,1,924125000,0,-47.5,4.0067578179573,0,0,0.280023986816406,1.63,0,-5399.904296875
100000000000000000000000,1,924125000,0,-47,5.05600067687107,0,0,0.280023986816406,1.63,0,-5399.904296875
100000000000000000000002,1,924125000,0,-45,3.06182565261974,0,0,0.280023986816406,1.63,0,-5399.904296875
100000000000000000000005,1,924125000,0,-65.5,3.53429173528852,0,0,0.280023986816406,1.63,0,-5399.904296875
100000000000000000000005,1,924125000,0,-67,3.47293250377309,0,0,0.280023986816406,1.63,0,-5399.904296875
100000000000000000000004,1,924125000,0,-53.5,0.576776776245001,0,0,0.280023986816406,1.63,0,-5399.904296875
100000000000000000000001,1,924125000,0,-47.5,4.01902966426038,0,0,0.280023986816406,1.63,0,-5399.904296875
100000000000000000000003,1,924125000,0,-45,1.24559239976314,0,0,0.280023986816406,1.63,0,-5399.904296875
100000000000000000000002,1,924125000,0,-45,3.04341788316511,0,0,0.280023986816406,1.63,0,-5399.904296875
100000000000000000000000,1,924125000,0,-47,5.03759290741645,0,0,0.280023986816406,1.63,0,-5399.904296875
100000000000000000000002,1,924125000,0,-45,3.0556897294682,0,0,0.280023986816406,1.63,0,-5399.904296875
100000000000000000000004,1,924125000,0,-53.5,0.539961237335746,0,0,0.280023986816406,1.63,0,-5399.904296875
100000000000000000000005,1,924125000,0,-66,3.61405873625857,0,0,0.280023986816406,1.63,0,-5399.904296875
100000000000000000000001,1,924125000,0,-47.5,4.0067578179573,0,0,0.280023986816406,1.63,0,-5399.904296875
100000000000000000000003,1,924125000,0,-45,1.26400016921777,0,0,0.280023986816406,1.63,0,-5399.904296875
100000000000000000000000,1,924125000,0,-47,5.06213660002262,0,0,0.280023986816406,1.63,0,-5399.904296875
100000000000000000000002,1,924125000,0,-45,3.03728196001357,0,0,0.280023986816406,1.63,0,-5399.904296875
100000000000000000000003,1,924125000,0,-45,1.25172832291468,0,0,0.280023986816406,1.63,0,-5399.904296875
100000000000000000000000,1,924125000,0,-47,5.04986475371953,0,0,0.280023986816406,1.63,0,-5399.904296875
100000000000000000000001,1,924125000,0,-47.5,4.00062189480575,0,0,0.280023986816406,1.63,0,-5399.904296875
100000000000000000000005,1,924125000,0,-66,3.64473835201628,0,0,0.280023986816406,1.63,0,-5399.904296875
100000000000000000000004,1,924125000,0,-54,0.527689391032661,0,0,0.280023986816406,1.63,0,-5399.904296875
100000000000000000000004,1,924125000,0,-54,0.582912699396544,0,0,0.280023986816406,1.63,0,-5399.904296875
100000000000000000000003,1,924125000,0,-45,1.27013609236931,0,0,0.280023986816406,1.63,0,-5399.904296875
100000000000000000000005,1,924125000,0,-67,3.66314612147091,0,0,0.280023986816406,1.63,0,-5399.904296875
100000000000000000000001,1,924125000,0,-47.5,3.99448597165421,0,0,0.280023986816406,1.63,0,-5399.904296875
100000000000000000000002,1,924125000,0,-45,3.0556897294682,0,0,0.280023986816406,1.63,0,-5399.904296875
100000000000000000000000,1,924125000,0,-47,5.04372883056799,0,0,0.280023986816406,1.63,0,-5399.904296875
100000000000000000000002,1,924125000,0,-45,3.06182565261974,0,0,0.280023986816406,1.63,0,-5399.904296875
100000000000000000000001,1,924125000,0,-47.5,3.98835004850267,0,0,0.280023986816406,1.63,0,-5399.904296875
100000000000000000000003,1,924125000,0,-45,1.24559239976314,0,0,0.280023986816406,1.63,0,-5399.904296875
100000000000000000000000,1,924125000,0,-47,5.06827252317416,0,0,0.280023986816406,1.63,0,-5399.904296875
100000000000000000000004,1,924125000,0,-54,0.576776776245001,0,0,0.280023986816406,1.63,0,-5399.904296875
100000000000000000000005,1,924125000,0,-66,3.57724319734932,0,0,0.280023986816406,1.63,0,-5399.904296875
100000000000000000000001,1,924125000,0,-47.5,4.01902966426038,0,0,0.280023986816406,1.63,0,-5399.904296875
100000000000000000000004,1,924125000,0,-54,0.533825314184203,0,0,0.280023986816406,1.63,0,-5399.904296875
100000000000000000000003,1,924125000,0,-45,1.2824079386724,0,0,0.280023986816406,1.63,0,-5399.904296875
100000000000000000000002,1,924125000,0,-45,3.04955380631665,0,0,0.280023986816406,1.63,0,-5399.904296875
100000000000000000000000,1,924125000,0,-47,5.08054436947724,0,0,0.280023986816406,1.63,0,-5399.904296875
100000000000000000000003,1,924125000,0,-45,1.25786424606623,0,0,0.280023986816406,1.63,0,-5399.904296875
100000000000000000000001,1,924125000,0,-47.5,4.01289374110884,0,0,0.280023986816406,1.63,0,-5399.904296875
100000000000000000000002,1,924125000,0,-45,3.04955380631665,0,0,0.280023986816406,1.63,0,-5399.904296875
100000000000000000000000,1,924125000,0,-47,5.06213660002262,0,0,0.280023986816406,1.63,0,-5399.904296875
100000000000000000000004,1,924125000,0,-54,0.564504929941916,0,0,0.280023986816406,1.63,0,-5399.904296875
100000000000000000000001,1,924125000,0,-47.5,4.01289374110884,0,0,0.280023986816406,1.63,0,-5399.904296875
100000000000000000000000,1,924125000,0,-47,5.06827252317416,0,0,0.280023986816406,1.63,0,-5399.904296875
100000000000000000000003,1,924125000,0,-45,1.27013609236931,0,0,0.280023986816406,1.63,0,-5399.904296875
100000000000000000000004,1,924125000,0,-54,0.570640853093458,0,0,0.280023986816406,1.63,0,-5399.904296875
100000000000000000000002,1,924125000,0,-45,3.06182565261974,0,0,0.280023986816406,1.63,0,-5399.904296875
100000000000000000000005,1,924125000,0,-67.5,3.60792281310703,0,0,0.280023986816406,1.63,0,-5399.904296875
100000000000000000000002,1,924125000,0,-45,3.0556897294682,0,0,0.280023986816406,1.63,0,-5399.904296875
100000000000000000000005,1,924125000,0,-66,3.48520435007618,0,0,0.280023986816406,1.63,0,-5399.904296875
100000000000000000000000,1,924125000,0,-47,5.05600067687107,0,0,0.280023986816406,1.63,0,-5399.904296875
100000000000000000000003,1,924125000,0,-45,1.26400016921777,0,0,0.280023986816406,1.63,0,-5399.904296875
100000000000000000000004,1,924125000,0,-54,0.539961237335746,0,0,0.280023986816406,1.63,0,-5399.904296875
100000000000000000000001,1,924125000,0,-47.5,3.98835004850267,0,0,0.280023986816406,1.63,0,-5399.904296875
100000000000000000000001,1,924125000,0,-47.5,4.00062189480575,0,0,0.280023986816406,1.63,0,-5399.904296875
100000000000000000000005,1,924125000,0,-66.5,3.60792281310703,0,0,0.280023986816406,1.63,0,-5399.904296875
100000000000000000000004,1,924125000,0,-54,0.533825314184203,0,0,0.280023986816406,1.63,0,-5399.904296875
100000000000000000000000,1,924125000,0,-47,5.06213660002262,0,0,0.280023986816406,1.63,0,-5399.904296875
100000000000000000000003,1,924125000,0,-45,1.26400016921777,0,0,0.280023986816406,1.63,0,-5399.904296875
100000000000000000000002,1,924125000,0,-45,3.04341788316511,0,0,0.280023986816406,1.63,0,-5399.904296875
100000000000000000000000,1,924125000,0,-47,5.03759290741645,0,0,0.280023986816406,1.63,0,-5399.904296875
100000000000000000000002,1,924125000,0,-44.5,3.04341788316511,0,0,0.280023986816406,1.63,0,-5399.904296875
100000000000000000000003,1,924125000,0,-45,1.27627201552085,0,0,0.280023986816406,1.63,0,-5399.904296875
100000000000000000000001,1,924125000,0,-47,3.99448597165421,0,0,0.280023986816406,1.63,0,-5399.904296875
100000000000000000000004,1,924125000,0,-54,0.589048622548086,0,0,0.280023986816406,1.63,0,-5399.904296875
100000000000000000000005,1,924125000,0,-67,3.47906842692463,0,0,0.280023986816406,1.63,0,-5399.904296875
100000000000000000000000,1,924125000,0,-47,5.02532106111336,0,0,0.280023986816406,1.63,0,-5399.904296875
100000000000000000000001,1,924125000,0,-47.5,3.98221412535112,0,0,0.280023986816406,1.63,0,-5399.904296875
100000000000000000000004,1,924125000,0,-54,0.558369006790373,0,0,0.280023986816406,1.63,0,-5399.904296875
100000000000000000000002,1,924125000,0,-45,3.04341788316511,0,0,0.280023986816406,1.63,0,-5399.904296875
100000000000000000000003,1,924125000,0,-45,1.27013609236931,0,0,0.280023986816406,1.63,0,-5399.904296875
100000000000000000000005,1,924125000,0,-67,3.57724319734932,0,0,0.280023986816406,1.63,0,-5399.904296875
100000000000000000000002,1,924125000,0,-45,3.06182565261974,0,0,0.280023986816406,1.63,0,-5399.904296875
100000000000000000000000,1,924125000,0,-47,5.04372883056799,0,0,0.280023986816406,1.63,0,-5399.904296875
100000000000000000000004,1,924125000,0,-54,0.558369006790373,0,0,0.280023986816406,1.63,0,-5399.904296875
100000000000000000000003,1,924125000,0,-45,1.27627201552085,0,0,0.280023986816406,1.63,0,-5399.904296875
100000000000000000000001,1,924125000,0,-47.5,3.99448597165421,0,0,0.280023986816406,1.63,0,-5399.904296875
100000000000000000000005,1,924125000,0,-66.5,3.60792281310703,0,0,0.280023986816406,1.63,0,-5399.904296875
100000000000000000000000,1,924125000,0,-47,5.04372883056799,0,0,0.280023986816406,1.63,0,-5399.904296875
100000000000000000000004,1,924125000,0,-54,0.570640853093458,0,0,0.280023986816406,1.63,0,-5399.904296875
100000000000000000000002,1,924125000,0,-45,3.0556897294682,0,0,0.280023986816406,1.63,0,-5399.904296875
100000000000000000000005,1,924125000,0,-66.5,3.44225288801538,0,0,0.280023986816406,1.63,0,-5399.904296875
100000000000000000000001,1,924125000,0,-47,4.00062189480575,0,0,0.280023986816406,1.63,0,-5399.904296875
100000000000000000000003,1,924125000,0,-45,1.27013609236931,0,0,0.280023986816406,1.63,0,-5399.904296875
100000000000000000000002,1,924125000,0,-45,3.04955380631665,0,0,0.280023986816406,1.63,0,-5399.904296875
100000000000000000000000,1,924125000,0,-47,5.05600067687107,0,0,0.280023986816406,1.63,0,-5399.904296875
100000000000000000000004,1,924125000,0,-54,0.576776776245001,0,0,0.280023986816406,1.63,0,-5399.904296875
100000000000000000000005,1,924125000,0,-66.5,3.52815581213697,0,0,0.280023986816406,1.63,0,-5399.904296875
100000000000000000000003,1,924125000,0,-45,1.26400016921777,0,0,0.280023986816406,1.63,0,-5399.904296875
100000000000000000000001,1,924125000,0,-47.5,3.98835004850267,0,0,0.280023986816406,1.63,0,-5399.904296875
100000000000000000000003,1,924125000,0,-45,1.26400016921777,0,0,0.280023986816406,1.63,0,-5399.904296875
100000000000000000000002,1,924125000,0,-44.5,3.06796157577128,0,0,0.280023986816406,1.63,0,-5399.904296875
100000000000000000000004,1,924125000,0,-54,0.527689391032661,0,0,0.280023986816406,1.63,0,-5399.904296875
100000000000000000000001,1,924125000,0,-47.5,4.01289374110884,0,0,0.280023986816406,1.63,0,-5399.904296875
100000000000000000000000,1,924125000,0,-47,5.04986475371953,0,0,0.280023986816406,1.63,0,-5399.904296875
100000000000000000000005,1,924125000,0,-67.5,3.59565096680394,0,0,0.280023986816406,1.63,0,-5399.904296875
100000000000000000000002,1,924125000,0,-45,3.04955380631665,0,0,0.280023986816406,1.63,0,-5399.904296875
100000000000000000000003,1,924125000,0,-45,1.27013609236931,0,0,0.280023986816406,1.63,0,-5399.904296875
100000000000000000000001,1,924125000,0,-47.5,4.0067578179573,0,0,0.280023986816406,1.63,0,-5399.904296875
100000000000000000000004,1,924125000,0,-54,0.576776776245001,0,0,0.280023986816406,1.63,0,-5399.904296875
100000000000000000000000,1,924125000,0,-47,5.05600067687107,0,0,0.280023986816406,1.63,0,-5399.904296875
100000000000000000000005,1,924125000,0,-66.5,3.74904904559251,0,0,0.280023986816406,1.63,0,-5399.904296875
100000000000000000000004,1,924125000,0,-54,0.582912699396544,0,0,0.280023986816406,1.63,0,-5399.904296875
100000000000000000000003,1,924125000,0,-45,1.27013609236931,0,0,0.280023986816406,1.63,0,-5399.904296875
100000000000000000000000,1,924125000,0,-47,5.04986475371953,0,0,0.280023986816406,1.63,0,-5399.904296875
100000000000000000000005,1,924125000,0,-66.5,3.63860242886474,0,0,0.280023986816406,1.63,0,-5399.904296875
100000000000000000000001,1,924125000,0,-47,4.0067578179573,0,0,0.280023986816406,1.63,0,-5399.904296875
100000000000000000000002,1,924125000,0,-45,3.04341788316511,0,0,0.280023986816406,1.63,0,-5399.904296875
100000000000000000000002,1,924125000,0,-45,3.04955380631665,0,0,0.280023986816406,1.63,0,-5399.904296875
100000000000000000000001,1,924125000,0,-47.5,4.0067578179573,0,0,0.280023986816406,1.63,0,-5399.904296875
100000000000000000000005,1,924125000,0,-66.5,3.68155389092554,0,0,0.280023986816406,1.63,0,-5399.904296875
100000000000000000000003,1,924125000,0,-45,1.27013609236931,0,0,0.280023986816406,1.63,0,-5399.904296875
100000000000000000000004,1,924125000,0,-54,0.576776776245001,0,0,0.280023986816406,1.63,0,-5399.904296875
100000000000000000000000,1,924125000,0,-47,5.01304921481028,0,0,0.280023986816406,1.63,0,-5399.904296875
100000000000000000000001,1,924125000,0,-47.5,3.99448597165421,0,0,0.280023986816406,1.63,0,-5399.904296875
100000000000000000000004,1,924125000,0,-54,0.576776776245001,0,0,0.280023986816406,1.63,0,-5399.904296875
100000000000000000000000,1,924125000,0,-47,5.09281621578033,0,0,0.280023986816406,1.63,0,-5399.904296875
100000000000000000000002,1,924125000,0,-45,3.0556897294682,0,0,0.280023986816406,1.63,0,-5399.904296875
100000000000000000000003,1,924125000,0,-45.5,1.27013609236931,0,0,0.280023986816406,1.63,0,-5399.904296875
100000000000000000000005,1,924125000,0,-67,3.53429173528852,0,0,0.280023986816406,1.63,0,-5399.904296875
100000000000000000000003,1,924125000,0,-45,1.27627201552085,0,0,0.280023986816406,1.63,0,-5399.904296875
100000000000000000000000,1,924125000,0,-47,5.06213660002262,0,0,0.280023986816406,1.63,0,-5399.904296875
100000000000000000000004,1,924125000,0,-54,0.576776776245001,0,0,0.280023986816406,1.63,0,-5399.904296875
100000000000000000000002,1,924125000,0,-45,3.03114603686203,0,0,0.280023986816406,1.63,0,-5399.904296875
100000000000000000000005,1,924125000,0,-66,3.60178688995549,0,0,0.280023986816406,1.63,0,-5399.904296875
100000000000000000000001,1,924125000,0,-47.5,3.99448597165421,0,0,0.280023986816406,1.63,0,-5399.904296875
100000000000000000000000,1,924125000,0,-47,5.03759290741645,0,0,0.280023986816406,1.63,0,-5399.904296875
100000000000000000000001,1,924125000,0,-47.5,4.00062189480575,0,0,0.280023986816406,1.63,0,-5399.904296875
100000000000000000000002,1,924125000,0,-44.5,3.0556897294682,0,0,0.280023986816406,1.63,0,-5399.904296875
100000000000000000000004,1,924125000,0,-53.5,0.589048622548086,0,0,0.280023986816406,1.63,0,-5399.904296875
100000000000000000000005,1,924125000,0,-67.5,3.65087427516783,0,0,0.280023986816406,1.63,0,-5399.904296875
100000000000000000000003,1,924125000,0,-45,1.24559239976314,0,0,0.280023986816406,1.63,0,-5399.904296875
100000000000000000000003,1,924125000,0,-45,1.27013609236931,0,0,0.280023986816406,1.63,0,-5399.904296875
100000000000000000000004,1,924125000,0,-54,0.546097160487288,0,0,0.280023986816406,1.63,0,-5399.904296875
100000000000000000000002,1,924125000,0,-45,3.03728196001357,0,0,0.280023986816406,1.63,0,-5399.904296875
100000000000000000000000,1,924125000,0,-47,5.06213660002262,0,0,0.280023986816406,1.63,0,-5399.904296875
100000000000000000000001,1,924125000,0,-47.5,4.00062189480575,0,0,0.280023986816406,1.63,0,-5399.904296875
100000000000000000000005,1,924125000,0,-66,3.68155389092554,0,0,0.280023986816406,1.63,0,-5399.904296875
100000000000000000000003,1,924125000,0,-45,1.27627201552085,0,0,0.280023986816406,1.63,0,-5399.904296875
100000000000000000000004,1,924125000,0,-54,0.552233083638831,0,0,0.280023986816406,1.63,0,-5399.904296875
100000000000000000000001,1,924125000,0,-47.5,4.00062189480575,0,0,0.280023986816406,1.63,0,-5399.904296875
100000000000000000000002,1,924125000,0,-45,3.04341788316511,0,0,0.280023986816406,1.63,0,-5399.904296875
100000000000000000000000,1,924125000,0,-47,5.00691329165873,0,0,0.280023986816406,1.63,0,-5399.904296875
100000000000000000000005,1,924125000,0,-67,3.54042765844006,0,0,0.280023986816406,1.63,0,-5399.904296875
100000000000000000000004,1,924125000,0,-53.5,0.564504929941916,0,0,0.280023986816406,1.63,0,-5399.904296875
100000000000000000000001,1,924125000,0,-47.5,4.01289374110884,0,0,0.280023986816406,1.63,0,-5399.904296875
100000000000000000000005,1,924125000,0,-66.5,3.44838881116692,0,0,0.280023986816406,1.63,0,-5399.904296875
100000000000000000000002,1,924125000,0,-45,3.06182565261974,0,0,0.280023986816406,1.63,0,-5399.904296875
100000000000000000000000,1,924125000,0,-47,5.04986475371953,0,0,0.280023986816406,1.63,0,-5399.904296875
100000000000000000000003,1,924125000,0,-45,1.25172832291468,0,0,0.280023986816406,1.63,0,-5399.904296875
100000000000000000000005,1,924125000,0,-66.5,3.52815581213697,0,0,0.280023986816406,1.63,0,-5399.904296875
100000000000000000000002,1,924125000,0,-45,3.07409749892282,0,0,0.280023986816406,1.63,0,-5399.904296875
100000000000000000000003,1,924125000,0,-45,1.27627201552085,0,0,0.280023986816406,1.63,0,-5399.904296875
100000000000000000000004,1,924125000,0,-54,0.533825314184203,0,0,0.280023986816406,1.63,0,-5399.904296875
100000000000000000000000,1,924125000,0,-47,5.06213660002262,0,0,0.280023986816406,1.63,0,-5399.904296875
100000000000000000000001,1,924125000,0,-47.5,3.98221412535112,0,0,0.280023986816406,1.63,0,-5399.904296875
100000000000000000000000,1,924125000,0,-47,5.04986475371953,0,0,0.280023986816406,1.63,0,-5399.904296875
100000000000000000000001,1,924125000,0,-47.5,4.00062189480575,0,0,0.280023986816406,1.63,0,-5399.904296875
100000000000000000000002,1,924125000,0,-45,3.04955380631665,0,0,0.280023986816406,1.63,0,-5399.904296875
100000000000000000000005,1,924125000,0,-66.5,3.5895150436524,0,0,0.280023986816406,1.63,0,-5399.904296875
100000000000000000000004,1,924125000,0,-54,0.558369006790373,0,0,0.280023986816406,1.63,0,-5399.904296875
100000000000000000000003,1,924125000,0,-45,1.26400016921777,0,0,0.280023986816406,1.63,0,-5399.904296875
100000000000000000000004,1,924125000,0,-53.5,0.546097160487288,0,0,0.280023986816406,1.63,0,-5399.904296875
100000000000000000000001,1,924125000,0,-47.5,3.98835004850267,0,0,0.280023986816406,1.63,0,-5399.904296875
100000000000000000000002,1,924125000,0,-45,3.04341788316511,0,0,0.280023986816406,1.63,0,-5399.904296875
100000000000000000000003,1,924125000,0,-45,1.26400016921777,0,0,0.280023986816406,1.63,0,-5399.904296875
100000000000000000000000,1,924125000,0,-47,5.03759290741645,0,0,0.280023986816406,1.63,0,-5399.904296875
100000000000000000000003,1,924125000,0,-45,1.26400016921777,0,0,0.280023986816406,1.63,0,-5399.904296875
100000000000000000000000,1,924125000,0,-47,5.0314569842649,0,0,0.280023986816406,1.63,0,-5399.904296875
100000000000000000000002,1,924125000,0,-45,3.04955380631665,0,0,0.280023986816406,1.63,0,-5399.904296875
100000000000000000000004,1,924125000,0,-54,0.576776776245001,0,0,0.280023986816406,1.63,0,-5399.904296875
100000000000000000000001,1,924125000,0,-47.5,4.0067578179573,0,0,0.280023986816406,1.63,0,-5399.904296875
100000000000000000000003,1,924125000,0,-45,1.26400016921777,0,0,0.280023986816406,1.63,0,-5399.904296875
100000000000000000000005,1,924125000,0,-65.5,3.56497135104623,0,0,0.280023986816406,1.63,0,-5399.904296875
100000000000000000000002,1,924125000,0,-45,3.04341788316511,0,0,0.280023986816406,1.63,0,-5399.904296875
100000000000000000000004,1,924125000,0,-54,0.539961237335746,0,0,0.280023986816406,1.63,0,-5399.904296875
100000000000000000000000,1,924125000,0,-47,5.06213660002262,0,0,0.280023986816406,1.63,0,-5399.904296875
100000000000000000000001,1,924125000,0,-47.5,3.98221412535112,0,0,0.280023986816406,1.63,0,-5399.904296875
100000000000000000000000,1,924125000,0,-47,5.03759290741645,0,0,0.280023986816406,1.63,0,-5399.904296875
100000000000000000000001,1,924125000,0,-47.5,3.98835004850267,0,0,0.280023986816406,1.63,0,-5399.904296875
100000000000000000000004,1,924125000,0,-54,0.570640853093458,0,0,0.280023986816406,1.63,0,-5399.904296875
100000000000000000000002,1,924125000,0,-45,3.0556897294682,0,0,0.280023986816406,1.63,0,-5399.904296875
100000000000000000000003,1,924125000,0,-45,1.27627201552085,0,0,0.280023986816406,1.63,0,-5399.904296875
100000000000000000000005,1,924125000,0,-66.5,3.55269950474315,0,0,0.280023986816406,1.63,0,-5399.904296875
100000000000000000000005,1,924125000,0,-66,3.60792281310703,0,0,0.280023986816406,1.63,0,-5399.904296875
100000000000000000000002,1,924125000,0,-45,3.04955380631665,0,0,0.280023986816406,1.63,0,-5399.904296875
100000000000000000000001,1,924125000,0,-47.5,4.01289374110884,0,0,0.280023986816406,1.63,0,-5399.904296875
100000000000000000000004,1,924125000,0,-54,0.521553467881118,0,0,0.280023986816406,1.63,0,-5399.904296875
100000000000000000000003,1,924125000,0,-45,1.27627201552085,0,0,0.280023986816406,1.63,0,-5399.904296875
100000000000000000000000,1,924125000,0,-47,5.02532106111336,0,0,0.280023986816406,1.63,0,-5399.904296875
100000000000000000000002,1,924125000,0,-45,3.0556897294682,0,0,0.280023986816406,1.63,0,-5399.904296875
100000000000000000000005,1,924125000,0,-66,3.48520435007618,0,0,0.280023986816406,1.63,0,-5399.904296875
100000000000000000000004,1,924125000,0,-54,0.539961237335746,0,0,0.280023986816406,1.63,0,-5399.904296875
100000000000000000000001,1,924125000,0,-47.5,3.98835004850267,0,0,0.280023986816406,1.63,0,-5399.904296875
100000000000000000000003,1,924125000,0,-45,1.27627201552085,0,0,0.280023986816406,1.63,0,-5399.904296875
100000000000000000000000,1,924125000,0,-47,5.09281621578033,0,0,0.280023986816406,1.63,0,-5399.904296875
100000000000000000000004,1,920625000,0,-53.5,5.12349583153804,0,0,0.280023986816406,1.63,0,-5399.904296875
100000000000000000000003,1,920625000,0,-46.5,6.01320468851171,0,0,0.280023986816406,1.63,0,-5399.904296875
100000000000000000000002,1,920625000,0,-45,1.42967009430942,0,0,0.280023986816406,1.63,0,-5399.904296875
100000000000000000000001,1,920625000,0,-48,2.44823333746548,0,0,0.280023986816406,1.63,0,-5399.904296875
100000000000000000000000,1,920625000,0,-48,3.63860242886474,0,0,0.280023986816406,1.63,0,-5399.904296875
100000000000000000000001,1,920625000,0,-48,2.46050518376857,0,0,0.280023986816406,1.63,0,-5399.904296875
100000000000000000000004,1,920625000,0,-53.5,5.09895213893187,0,0,0.280023986816406,1.63,0,-5399.904296875
100000000000000000000003,1,920625000,0,-46.5,6.00093284220863,0,0,0.280023986816406,1.63,0,-5399.904296875
100000000000000000000002,1,920625000,0,-45,1.45421378691559,0,0,0.280023986816406,1.63,0,-5399.904296875
100000000000000000000000,1,920625000,0,-48,3.65087427516783,0,0,0.280023986816406,1.63,0,-5399.904296875
100000000000000000000002,1,920625000,0,-45,1.43580601746096,0,0,0.280023986816406,1.63,0,-5399.904296875
100000000000000000000003,1,920625000,0,-46.5,5.99479691905709,0,0,0.280023986816406,1.63,0,-5399.904296875
100000000000000000000004,1,920625000,0,-53.5,5.11122398523496,0,0,0.280023986816406,1.63,0,-5399.904296875
100000000000000000000001,1,920625000,0,-48,2.46664110692011,0,0,0.280023986816406,1.63,0,-5399.904296875
100000000000000000000000,1,920625000,0,-48,3.63860242886474,0,0,0.280023986816406,1.63,0,-5399.904296875
100000000000000000000001,1,920625000,0,-48,2.42368964485931,0,0,0.280023986816406,1.63,0,-5399.904296875
100000000000000000000003,1,920625000,0,-46.5,6.01934061166326,0,0,0.280023986816406,1.63,0,-5399.904296875
100000000000000000000004,1,920625000,0,-53.5,5.08668029262879,0,0,0.280023986816406,1.63,0,-5399.904296875
100000000000000000000002,1,920625000,0,-45,1.44807786376405,0,0,0.280023986816406,1.63,0,-5399.904296875
100000000000000000000000,1,920625000,0,-48,3.65087427516783,0,0,0.280023986816406,1.63,0,-5399.904296875
100000000000000000000000,1,920625000,0,-48,3.62019465941011,0,0,0.280023986816406,1.63,0,-5399.904296875
100000000000000000000001,1,920625000,0,-48,2.44209741431394,0,0,0.280023986816406,1.63,0,-5399.904296875
100000000000000000000002,1,920625000,0,-45,1.45421378691559,0,0,0.280023986816406,1.63,0,-5399.904296875
100000000000000000000004,1,920625000,0,-53.5,5.11122398523496,0,0,0.280023986816406,1.63,0,-5399.904296875
100000000000000000000003,1,920625000,0,-46.5,5.98866099590554,0,0,0.280023986816406,1.63,0,-5399.904296875
100000000000000000000002,1,920625000,0,-45.5,1.4419419406125,0,0,0.280023986816406,1.63,0,-5399.904296875
100000000000000000000000,1,920625000,0,-48,3.66314612147091,0,0,0.280023986816406,1.63,0,-5399.904296875
100000000000000000000001,1,920625000,0,-48,2.41141779855623,0,0,0.280023986816406,1.63,0,-5399.904296875
100000000000000000000003,1,920625000,0,-46.5,5.99479691905709,0,0,0.280023986816406,1.63,0,-5399.904296875
100000000000000000000004,1,920625000,0,-53.5,5.11122398523496,0,0,0.280023986816406,1.63,0,-5399.904296875
100000000000000000000003,1,920625000,0,-46.5,6.00093284220863,0,0,0.280023986816406,1.63,0,-5399.904296875
100000000000000000000004,1,920625000,0,-53.5,5.08054436947724,0,0,0.280023986816406,1.63,0,-5399.904296875
100000000000000000000000,1,920625000,0,-48,3.63860242886474,0,0,0.280023986816406,1.63,0,-5399.904296875
100000000000000000000001,1,920625000,0,-48,2.42982556801086,0,0,0.280023986816406,1.63,0,-5399.904296875
100000000000000000000002,1,920625000,0,-45.5,1.44807786376405,0,0,0.280023986816406,1.63,0,-5399.904296875
100000000000000000000004,1,920625000,0,-53.5,5.09281621578033,0,0,0.280023986816406,1.63,0,-5399.904296875
100000000000000000000003,1,920625000,0,-46.5,6.00093284220863,0,0,0.280023986816406,1.63,0,-5399.904296875
100000000000000000000000,1,920625000,0,-48,3.62633058256166,0,0,0.280023986816406,1.63,0,-5399.904296875
100000000000000000000002,1,920625000,0,-45,1.44807786376405,0,0,0.280023986816406,1.63,0,-5399.904296875
100000000000000000000001,1,920625000,0,-48,2.4359614911624,0,0,0.280023986816406,1.63,0,-5399.904296875
100000000000000000000002,1,920625000,0,-45,1.45421378691559,0,0,0.280023986816406,1.63,0,-5399.904296875
100000000000000000000003,1,920625000,0,-46.5,6.01934061166326,0,0,0.280023986816406,1.63,0,-5399.904296875
100000000000000000000001,1,920625000,0,-48,2.42368964485931,0,0,0.280023986816406,1.63,0,-5399.904296875
100000000000000000000004,1,920625000,0,-53.5,5.11122398523496,0,0,0.280023986816406,1.63,0,-5399.904296875
100000000000000000000000,1,920625000,0,-48,3.65087427516783,0,0,0.280023986816406,1.63,0,-5399.904296875
100000000000000000000000,1,920625000,0,-48,3.61405873625857,0,0,0.280023986816406,1.63,0,-5399.904296875
100000000000000000000004,1,920625000,0,-53.5,5.09895213893187,0,0,0.280023986816406,1.63,0,-5399.904296875
100000000000000000000001,1,920625000,0,-48,2.4359614911624,0,0,0.280023986816406,1.63,0,-5399.904296875
100000000000000000000002,1,920625000,0,-45,1.4419419406125,0,0,0.280023986816406,1.63,0,-5399.904296875
100000000000000000000003,1,920625000,0,-46.5,6.01320468851171,0,0,0.280023986816406,1.63,0,-5399.904296875
100000000000000000000004,1,920625000,0,-53.5,5.08668029262879,0,0,0.280023986816406,1.63,0,-5399.904296875
100000000000000000000000,1,920625000,0,-48,3.60792281310703,0,0,0.280023986816406,1.63,0,-5399.904296875
100000000000000000000001,1,920625000,0,-48,2.42982556801086,0,0,0.280023986816406,1.63,0,-5399.904296875
100000000000000000000003,1,920625000,0,-46.5,5.98866099590554,0,0,0.280023986816406,1.63,0,-5399.904296875
100000000000000000000002,1,920625000,0,-45.5,1.43580601746096,0,0,0.280023986816406,1.63,0,-5399.904296875
100000000000000000000003,1,920625000,0,-46.5,5.99479691905709,0,0,0.280023986816406,1.63,0,-5399.904296875
100000000000000000000000,1,920625000,0,-48,3.6324665057132,0,0,0.280023986816406,1.63,0,-5399.904296875
100000000000000000000002,1,920625000,0,-45,1.4419419406125,0,0,0.280023986816406,1.63,0,-5399.904296875
100000000000000000000001,1,920625000,0,-48,2.44823333746548,0,0,0.280023986816406,1.63,0,-5399.904296875
100000000000000000000004,1,920625000,0,-53.5,5.1173599083865,0,0,0.280023986816406,1.63,0,-5399.904296875
100000000000000000000004,1,920625000,0,-53.5,5.11122398523496,0,0,0.280023986816406,1.63,0,-5399.904296875
100000000000000000000001,1,920625000,0,-48,2.46050518376857,0,0,0.280023986816406,1.63,0,-5399.904296875
100000000000000000000002,1,920625000,0,-45,1.4419419406125,0,0,0.280023986816406,1.63,0,-5399.904296875
100000000000000000000000,1,920625000,0,-48,3.62633058256166,0,0,0.280023986816406,1.63,0,-5399.904296875
100000000000000000000003,1,920625000,0,-46.5,6.00093284220863,0,0,0.280023986816406,1.63,0,-5399.904296875
100000000000000000000000,1,920625000,0,-48,3.6324665057132,0,0,0.280023986816406,1.63,0,-5399.904296875
100000000000000000000001,1,920625000,0,-48,2.4359614911624,0,0,0.280023986816406,1.63,0,-5399.904296875
100000000000000000000003,1,920625000,0,-46.5,5.98866099590554,0,0,0.280023986816406,1.63,0,-5399.904296875
100000000000000000000004,1,920625000,0,-53.5,5.11122398523496,0,0,0.280023986816406,1.63,0,-5399.904296875
100000000000000000000002,1,920625000,0,-45,1.4419419406125,0,0,0.280023986816406,1.63,0,-5399.904296875
100000000000000000000002,1,920625000,0,-45.5,1.43580601746096,0,0,0.280023986816406,1.63,0,-5399.904296875
100000000000000000000001,1,920625000,0,-48,2.44209741431394,0,0,0.280023986816406,1.63,0,-5399.904296875
100000000000000000000003,1,920625000,0,-46.5,6.00093284220863,0,0,0.280023986816406,1.63,0,-5399.904296875
100000000000000000000000,1,920625000,0,-48,3.64473835201628,0,0,0.280023986816406,1.63,0,-5399.904296875
100000000000000000000004,1,920625000,0,-53,5.14803952414421,0,0,0.280023986816406,1.63,0,-5399.904296875
100000000000000000000004,1,920625000,0,-53.5,5.11122398523496,0,0,0.280023986816406,1.63,0,-5399.904296875
100000000000000000000003,1,920625000,0,-46.5,6.00706876536017,0,0,0.280023986816406,1.63,0,-5399.904296875
100000000000000000000000,1,920625000,0,-48,3.62633058256166,0,0,0.280023986816406,1.63,0,-5399.904296875
100000000000000000000002,1,920625000,0,-45,1.44807786376405,0,0,0.280023986816406,1.63,0,-5399.904296875
100000000000000000000001,1,920625000,0,-48,2.45436926061703,0,0,0.280023986816406,1.63,0,-5399.904296875
100000000000000000000001,1,920625000,0,-48,2.42368964485931,0,0,0.280023986816406,1.63,0,-5399.904296875
100000000000000000000003,1,920625000,0,-46.5,5.99479691905709,0,0,0.280023986816406,1.63,0,-5399.904296875
100000000000000000000002,1,920625000,0,-45.5,1.43580601746096,0,0,0.280023986816406,1.63,0,-5399.904296875
100000000000000000000000,1,920625000,0,-48,3.64473835201628,0,0,0.280023986816406,1.63,0,-5399.904296875
100000000000000000000004,1,920625000,0,-53.5,5.08054436947724,0,0,0.280023986816406,1.63,0,-5399.904296875
100000000000000000000002,1,920625000,0,-45,1.44807786376405,0,0,0.280023986816406,1.63,0,-5399.904296875
100000000000000000000000,1,920625000,0,-48,3.60792281310703,0,0,0.280023986816406,1.63,0,-5399.904296875
100000000000000000000001,1,920625000,0,-48,2.45436926061703,0,0,0.280023986816406,1.63,0,-5399.904296875
100000000000000000000003,1,920625000,0,-46.5,5.99479691905709,0,0,0.280023986816406,1.63,0,-5399.904296875
100000000000000000000004,1,920625000,0,-53.5,5.1173599083865,0,0,0.280023986816406,1.63,0,-5399.904296875
100000000000000000000002,1,920625000,0,-45,1.46648563321867,0,0,0.280023986816406,1.63,0,-5399.904296875
100000000000000000000001,1,920625000,0,-48,2.44823333746548,0,0,0.280023986816406,1.63,0,-5399.904296875
100000000000000000000000,1,920625000,0,-48,3.6324665057132,0,0,0.280023986816406,1.63,0,-5399.904296875
100000000000000000000004,1,920625000,0,-53.5,5.12349583153804,0,0,0.280023986816406,1.63,0,-5399.904296875
100000000000000000000003,1,920625000,0,-46.5,5.99479691905709,0,0,0.280023986816406,1.63,0,-5399.904296875
100000000000000000000002,1,920625000,0,-45.5,1.44807786376405,0,0,0.280023986816406,1.63,0,-5399.904296875
100000000000000000000000,1,920625000,0,-48,3.62633058256166,0,0,0.280023986816406,1.63,0,-5399.904296875
100000000000000000000003,1,920625000,0,-46.5,5.99479691905709,0,0,0.280023986816406,1.63,0,-5399.904296875
100000000000000000000004,1,920625000,0,-53.5,5.08054436947724,0,0,0.280023986816406,1.63,0,-5399.904296875
100000000000000000000001,1,920625000,0,-48,2.46664110692011,0,0,0.280023986816406,1.63,0,-5399.904296875
100000000000000000000002,1,920625000,0,-45,1.41126232485479,0,0,0.280023986816406,1.63,0,-5399.904296875
100000000000000000000001,1,920625000,0,-48,2.4789129532232,0,0,0.280023986816406,1.63,0,-5399.904296875
100000000000000000000003,1,920625000,0,-46.5,6.00093284220863,0,0,0.280023986816406,1.63,0,-5399.904296875
100000000000000000000000,1,920625000,0,-48,3.62019465941011,0,0,0.280023986816406,1.63,0,-5399.904296875
100000000000000000000004,1,920625000,0,-53.5,5.1173599083865,0,0,0.280023986816406,1.63,0,-5399.904296875
100000000000000000000004,1,920625000,0,-53.5,5.12963175468958,0,0,0.280023986816406,1.63,0,-5399.904296875
100000000000000000000001,1,920625000,0,-48,2.42368964485931,0,0,0.280023986816406,1.63,0,-5399.904296875
100000000000000000000003,1,920625000,0,-46.5,6.00706876536017,0,0,0.280023986816406,1.63,0,-5399.904296875
100000000000000000000000,1,920625000,0,-48,3.63860242886474,0,0,0.280023986816406,1.63,0,-5399.904296875
100000000000000000000002,1,920625000,0,-45,1.44807786376405,0,0,0.280023986816406,1.63,0,-5399.904296875
100000000000000000000004,1,920625000,0,-53.5,5.08668029262879,0,0,0.280023986816406,1.63,0,-5399.904296875
100000000000000000000003,1,920625000,0,-46.5,6.00093284220863,0,0,0.280023986816406,1.63,0,-5399.904296875
100000000000000000000001,1,920625000,0,-48,2.46050518376857,0,0,0.280023986816406,1.63,0,-5399.904296875
100000000000000000000000,1,920625000,0,-48,3.64473835201628,0,0,0.280023986816406,1.63,0,-5399.904296875
100000000000000000000002,1,920625000,0,-45,1.4419419406125,0,0,0.280023986816406,1.63,0,-5399.904296875
100000000000000000000000,1,920625000,0,-48,3.64473835201628,0,0,0.280023986816406,1.63,0,-5399.904296875
100000000000000000000003,1,920625000,0,-46.5,5.99479691905709,0,0,0.280023986816406,1.63,0,-5399.904296875
100000000000000000000002,1,920625000,0,-45,1.41739824800633,0,0,0.280023986816406,1.63,0,-5399.904296875
100000000000000000000004,1,920625000,0,-53.5,5.08054436947724,0,0,0.280023986816406,1.63,0,-5399.904296875
100000000000000000000001,1,920625000,0,-48,2.42368964485931,0,0,0.280023986816406,1.63,0,-5399.904296875
100000000000000000000001,1,920625000,0,-48,2.44209741431394,0,0,0.280023986816406,1.63,0,-5399.904296875
100000000000000000000002,1,920625000,0,-45.5,1.4419419406125,0,0,0.280023986816406,1.63,0,-5399.904296875
100000000000000000000004,1,920625000,0,-53.5,5.06213660002262,0,0,0.280023986816406,1.63,0,-5399.904296875
100000000000000000000003,1,920625000,0,-46.5,6.00706876536017,0,0,0.280023986816406,1.63,0,-5399.904296875
100000000000000000000000,1,920625000,0,-48,3.63860242886474,0,0,0.280023986816406,1.63,0,-5399.904296875
100000000000000000000004,1,920625000,0,-53.5,5.12349583153804,0,0,0.280023986816406,1.63,0,-5399.904296875
100000000000000000000000,1,920625000,0,-48,3.63860242886474,0,0,0.280023986816406,1.63,0,-5399.904296875
100000000000000000000002,1,920625000,0,-45.5,1.44807786376405,0,0,0.280023986816406,1.63,0,-5399.904296875
100000000000000000000001,1,920625000,0,-48,2.4359614911624,0,0,0.280023986816406,1.63,0,-5399.904296875
100000000000000000000003,1,920625000,0,-46.5,6.00093284220863,0,0,0.280023986816406,1.63,0,-5399.904296875
100000000000000000000000,1,920625000,0,-48,3.62633058256166,0,0,0.280023986816406,1.63,0,-5399.904296875
100000000000000000000001,1,920625000,0,-48,2.4359614911624,0,0,0.280023986816406,1.63,0,-5399.904296875
100000000000000000000003,1,920625000,0,-46.5,5.98866099590554,0,0,0.280023986816406,1.63,0,-5399.904296875
100000000000000000000002,1,920625000,0,-45.5,1.45421378691559,0,0,0.280023986816406,1.63,0,-5399.904296875
100000000000000000000004,1,920625000,0,-53.5,5.10508806208341,0,0,0.280023986816406,1.63,0,-5399.904296875
100000000000000000000003,1,920625000,0,-46.5,6.00093284220863,0,0,0.280023986816406,1.63,0,-5399.904296875
100000000000000000000002,1,920625000,0,-45,1.45421378691559,0,0,0.280023986816406,1.63,0,-5399.904296875
100000000000000000000001,1,920625000,0,-48,2.44823333746548,0,0,0.280023986816406,1.63,0,-5399.904296875
100000000000000000000004,1,920625000,0,-53.5,5.10508806208341,0,0,0.280023986816406,1.63,0,-5399.904296875
100000000000000000000000,1,920625000,0,-48,3.63860242886474,0,0,0.280023986816406,1.63,0,-5399.904296875
100000000000000000000000,1,920625000,0,-48,3.59565096680394,0,0,0.280023986816406,1.63,0,-5399.904296875
100000000000000000000001,1,920625000,0,-48,2.42982556801086,0,0,0.280023986816406,1.63,0,-5399.904296875
100000000000000000000003,1,920625000,0,-46.5,5.99479691905709,0,0,0.280023986816406,1.63,0,-5399.904296875
100000000000000000000002,1,920625000,0,-45.5,1.46648563321867,0,0,0.280023986816406,1.63,0,-5399.904296875
100000000000000000000004,1,920625000,0,-53.5,5.10508806208341,0,0,0.280023986816406,1.63,0,-5399.904296875
100000000000000000000000,1,920625000,0,-48,3.62019465941011,0,0,0.280023986816406,1.63,0,-5399.904296875
100000000000000000000001,1,920625000,0,-48,2.44823333746548,0,0,0.280023986816406,1.63,0,-5399.904296875
100000000000000000000003,1,920625000,0,-46.5,5.98866099590554,0,0,0.280023986816406,1.63,0,-5399.904296875
100000000000000000000002,1,920625000,0,-45.5,1.44807786376405,0,0,0.280023986816406,1.63,0,-5399.904296875
100000000000000000000004,1,920625000,0,-53.5,5.11122398523496,0,0,0.280023986816406,1.63,0,-5399.904296875
100000000000000000000000,1,920625000,0,-48,3.65087427516783,0,0,0.280023986816406,1.63,0,-5399.904296875
100000000000000000000002,1,920625000,0,-45.5,1.45421378691559,0,0,0.280023986816406,1.63,0,-5399.904296875
100000000000000000000001,1,920625000,0,-48,2.42982556801086,0,0,0.280023986816406,1.63,0,-5399.904296875
100000000000000000000003,1,920625000,0,-46.5,6.00093284220863,0,0,0.280023986816406,1.63,0,-5399.904296875
100000000000000000000004,1,920625000,0,-53.5,5.10508806208341,0,0,0.280023986816406,1.63,0,-5399.904296875
100000000000000000000002,1,920625000,0,-45,1.45421378691559,0,0,0.280023986816406,1.63,0,-5399.904296875
100000000000000000000004,1,920625000,0,-53.5,5.11122398523496,0,0,0.280023986816406,1.63,0,-5399.904296875
100000000000000000000003,1,920625000,0,-46,5.99479691905709,0,0,0.280023986816406,1.63,0,-5399.904296875
100000000000000000000000,1,920625000,0,-48,3.62633058256166,0,0,0.280023986816406,1.63,0,-5399.904296875
100000000000000000000001,1,920625000,0,-48,2.44209741431394,0,0,0.280023986816406,1.63,0,-5399.904296875
100000000000000000000003,1,920625000,0,-46.5,5.982525072754,0,0,0.280023986816406,1.63,0,-5399.904296875
100000000000000000000004,1,920625000,0,-53.5,5.08668029262879,0,0,0.280023986816406,1.63,0,-5399.904296875
100000000000000000000002,1,920625000,0,-45,1.43580601746096,0,0,0.280023986816406,1.63,0,-5399.904296875
100000000000000000000000,1,920625000,0,-48,3.6324665057132,0,0,0.280023986816406,1.63,0,-5399.904296875
100000000000000000000001,1,920625000,0,-48,2.4359614911624,0,0,0.280023986816406,1.63,0,-5399.904296875
100000000000000000000001,1,920625000,0,-48,2.44823333746548,0,0,0.280023986816406,1.63,0,-5399.904296875
100000000000000000000000,1,920625000,0,-48,3.65087427516783,0,0,0.280023986816406,1.63,0,-5399.904296875
100000000000000000000004,1,920625000,0,-53.5,5.1173599083865,0,0,0.280023986816406,1.63,0,-5399.904296875
100000000000000000000002,1,920625000,0,-45,1.4419419406125,0,0,0.280023986816406,1.63,0,-5399.904296875
100000000000000000000003,1,920625000,0,-46,5.982525072754,0,0,0.280023986816406,1.63,0,-5399.904296875
100000000000000000000004,1,920625000,0,-53.5,5.11122398523496,0,0,0.280023986816406,1.63,0,-5399.904296875
100000000000000000000001,1,920625000,0,-48,2.4359614911624,0,0,0.280023986816406,1.63,0,-5399.904296875
100000000000000000000000,1,920625000,0,-48,3.62633058256166,0,0,0.280023986816406,1.63,0,-5399.904296875
100000000000000000000003,1,920625000,0,-46.5,5.98866099590554,0,0,0.280023986816406,1.63,0,-5399.904296875
100000000000000000000002,1,920625000,0,-45,1.44807786376405,0,0,0.280023986816406,1.63,0,-5399.904296875
100000000000000000000000,1,920625000,0,-48,3.63860242886474,0,0,0.280023986816406,1.63,0,-5399.904296875
100000000000000000000002,1,920625000,0,-45,1.43580601746096,0,0,0.280023986816406,1.63,0,-5399.904296875
100000000000000000000004,1,920625000,0,-53.5,5.09895213893187,0,0,0.280023986816406,1.63,0,-5399.904296875
100000000000000000000003,1,920625000,0,-46.5,5.98866099590554,0,0,0.280023986816406,1.63,0,-5399.904296875
100000000000000000000001,1,920625000,0,-48,2.46050518376857,0,0,0.280023986816406,1.63,0,-5399.904296875
100000000000000000000003,1,920625000,0,-46.5,6.00706876536017,0,0,0.280023986816406,1.63,0,-5399.904296875
100000000000000000000004,1,920625000,0,-53.5,5.08054436947724,0,0,0.280023986816406,1.63,0,-5399.904296875
100000000000000000000001,1,920625000,0,-48,2.44209741431394,0,0,0.280023986816406,1.63,0,-5399.904296875
100000000000000000000000,1,920625000,0,-48,3.64473835201628,0,0,0.280023986816406,1.63,0,-5399.904296875
100000000000000000000002,1,920625000,0,-45,1.46034971006713,0,0,0.280023986816406,1.63,0,-5399.904296875
100000000000000000000001,1,920625000,0,-48,2.44209741431394,0,0,0.280023986816406,1.63,0,-5399.904296875
100000000000000000000002,1,920625000,0,-45,1.45421378691559,0,0,0.280023986816406,1.63,0,-5399.904296875
100000000000000000000003,1,920625000,0,-46.5,6.00093284220863,0,0,0.280023986816406,1.63,0,-5399.904296875
100000000000000000000000,1,920625000,0,-48,3.64473835201628,0,0,0.280023986816406,1.63,0,-5399.904296875
100000000000000000000004,1,920625000,0,-53.5,5.12963175468958,0,0,0.280023986816406,1.63,0,-5399.904296875
100000000000000000000003,1,920625000,0,-46.5,6.00093284220863,0,0,0.280023986816406,1.63,0,-5399.904296875
100000000000000000000004,1,920625000,0,-53,5.1173599083865,0,0,0.280023986816406,1.63,0,-5399.904296875
100000000000000000000002,1,920625000,0,-45,1.43580601746096,0,0,0.280023986816406,1.63,0,-5399.904296875
100000000000000000000001,1,920625000,0,-48,2.4359614911624,0,0,0.280023986816406,1.63,0,-5399.904296875
100000000000000000000000,1,920625000,0,-48,3.62633058256166,0,0,0.280023986816406,1.63,0,-5399.904296875
100000000000000000000001,1,920625000,0,-48,2.4789129532232,0,0,0.280023986816406,1.63,0,-5399.904296875
100000000000000000000000,1,920625000,0,-48,3.63860242886474,0,0,0.280023986816406,1.63,0,-5399.904296875
100000000000000000000002,1,920625000,0,-45,1.46034971006713,0,0,0.280023986816406,1.63,0,-5399.904296875
100000000000000000000004,1,920625000,0,-53.5,5.09281621578033,0,0,0.280023986816406,1.63,0,-5399.904296875
100000000000000000000003,1,920625000,0,-46.5,5.99479691905709,0,0,0.280023986816406,1.63,0,-5399.904296875
100000000000000000000000,1,920625000,0,-48,3.65701019831937,0,0,0.280023986816406,1.63,0,-5399.904296875
100000000000000000000004,1,920625000,0,-53.5,5.06213660002262,0,0,0.280023986816406,1.63,0,-5399.904296875
100000000000000000000002,1,920625000,0,-45.5,1.42967009430942,0,0,0.280023986816406,1.63,0,-5399.904296875
100000000000000000000001,1,920625000,0,-48,2.4789129532232,0,0,0.280023986816406,1.63,0,-5399.904296875
100000000000000000000003,1,920625000,0,-46.5,6.01934061166326,0,0,0.280023986816406,1.63,0,-5399.904296875
100000000000000000000003,1,920625000,0,-46.5,5.99479691905709,0,0,0.280023986816406,1.63,0,-5399.904296875
100000000000000000000000,1,920625000,0,-48,3.6324665057132,0,0,0.280023986816406,1.63,0,-5399.904296875
100000000000000000000004,1,920625000,0,-53.5,5.1173599083865,0,0,0.280023986816406,1.63,0,-5399.904296875
100000000000000000000002,1,920625000,0,-45,1.4419419406125,0,0,0.280023986816406,1.63,0,-5399.904296875
100000000000000000000001,1,920625000,0,-48,2.4359614911624,0,0,0.280023986816406,1.63,0,-5399.904296875
100000000000000000000002,1,920625000,0,-45,1.43580601746096,0,0,0.280023986816406,1.63,0,-5399.904296875
100000000000000000000003,1,920625000,0,-46.5,5.98866099590554,0,0,0.280023986816406,1.63,0,-5399.904296875
100000000000000000000001,1,920625000,0,-48,2.42368964485931,0,0,0.280023986816406,1.63,0,-5399.904296875
100000000000000000000004,1,920625000,0,-53.5,5.1173599083865,0,0,0.280023986816406,1.63,0,-5399.904296875
100000000000000000000000,1,920625000,0,-48,3.63860242886474,0,0,0.280023986816406,1.63,0,-5399.904296875
100000000000000000000004,1,920625000,0,-53.5,5.13576767784113,0,0,0.280023986816406,1.63,0,-5399.904296875
100000000000000000000002,1,920625000,0,-45.5,1.43580601746096,0,0,0.280023986816406,1.63,0,-5399.904296875
100000000000000000000003,1,920625000,0,-46.5,5.99479691905709,0,0,0.280023986816406,1.63,0,-5399.904296875
100000000000000000000001,1,920625000,0,-48,2.44209741431394,0,0,0.280023986816406,1.63,0,-5399.904296875
100000000000000000000000,1,920625000,0,-48,3.64473835201628,0,0,0.280023986816406,1.63,0,-5399.904296875
100000000000000000000003,1,920625000,0,-46.5,6.01320468851171,0,0,0.280023986816406,1.63,0,-5399.904296875
100000000000000000000000,1,920625000,0,-48,3.6324665057132,0,0,0.280023986816406,1.63,0,-5399.904296875
100000000000000000000004,1,920625000,0,-53.5,5.09281621578033,0,0,0.280023986816406,1.63,0,-5399.904296875
100000000000000000000001,1,920625000,0,-48,2.42982556801086,0,0,0.280023986816406,1.63,0,-5399.904296875
100000000000000000000002,1,920625000,0,-45,1.4419419406125,0,0,0.280023986816406,1.63,0,-5399.904296875
