epc,antennaIndex,frequency,time,RSSI,phase,dopplerShift,velocity,x,y,z,angle
100000000000000000000002,1,920625000,0,-45.5,1.05537878206532,0,0,0.640056030273437,1.63,0,-5399.97607421875
100000000000000000000001,1,920625000,0,-49,5.44256383541826,0,0,0.640056030273437,1.63,0,-5399.97607421875
100000000000000000000002,1,920625000,0,-45.5,1.07378655151995,0,0,0.640056030273437,1.63,0,-5399.97607421875
100000000000000000000001,1,920625000,0,-49,5.43642791226671,0,0,0.640056030273437,1.63,0,-5399.97607421875
100000000000000000000003,1,920625000,0,-48.5,2.40528187540469,0,0,0.640056030273437,1.63,0,-5399.97607421875
100000000000000000000000,1,920625000,0,-54,3.93926266329033,0,0,0.640056030273437,1.63,0,-5399.97607421875
100000000000000000000005,1,920625000,0,-65,0.441786466911065,0,0,0.640056030273437,1.63,0,-5399.97607421875
100000000000000000000004,1,920625000,0,-50.5,3.0556897294682,0,0,0.640056030273437,1.63,0,-5399.97607421875
100000000000000000000004,1,920625000,0,-50.5,3.02501011371048,0,0,0.640056030273437,1.63,0,-5399.97607421875
100000000000000000000003,1,920625000,0,-48.5,2.41141779855623,0,0,0.640056030273437,1.63,0,-5399.97607421875
100000000000000000000002,1,920625000,0,-45.5,1.05537878206532,0,0,0.640056030273437,1.63,0,-5399.97607421875
100000000000000000000005,1,920625000,0,-65.5,0.527689391032661,0,0,0.640056030273437,1.63,0,-5399.97607421875
100000000000000000000000,1,920625000,0,-54.5,3.93312674013878,0,0,0.640056030273437,1.63,0,-5399.97607421875
100000000000000000000001,1,920625000,0,-49,5.44256383541826,0,0,0.640056030273437,1.63,0,-5399.97607421875
100000000000000000000001,1,920625000,0,-49,5.43029198911517,0,0,0.640056030273437,1.63,0,-5399.97607421875
100000000000000000000002,1,920625000,0,-45.5,1.04310693576224,0,0,0.640056030273437,1.63,0,-5399.97607421875
100000000000000000000000,1,920625000,0,-54,3.93926266329033,0,0,0.640056030273437,1.63,0,-5399.97607421875
100000000000000000000004,1,920625000,0,-50,3.0556897294682,0,0,0.640056030273437,1.63,0,-5399.97607421875
100000000000000000000003,1,920625000,0,-48,2.39914595225314,0,0,0.640056030273437,1.63,0,-5399.97607421875
100000000000000000000005,1,920625000,0,-65,0.466330159517235,0,0,0.640056030273437,1.63,0,-5399.97607421875
100000000000000000000001,1,920625000,0,-49,5.44256383541826,0,0,0.640056030273437,1.63,0,-5399.97607421875
100000000000000000000002,1,920625000,0,-45.5,1.03697101261069,0,0,0.640056030273437,1.63,0,-5399.97607421875
100000000000000000000003,1,920625000,0,-48.5,2.41141779855623,0,0,0.640056030273437,1.63,0,-5399.97607421875
100000000000000000000004,1,920625000,0,-50,3.07409749892282,0,0,0.640056030273437,1.63,0,-5399.97607421875
100000000000000000000000,1,920625000,0,-54,3.90244712438107,0,0,0.640056030273437,1.63,0,-5399.97607421875
100000000000000000000005,1,920625000,0,-65.5,0.515417544729575,0,0,0.640056030273437,1.63,0,-5399.97607421875
100000000000000000000001,1,920625000,0,-49,5.43029198911517,0,0,0.640056030273437,1.63,0,-5399.97607421875
100000000000000000000004,1,920625000,0,-50.5,3.06796157577128,0,0,0.640056030273437,1.63,0,-5399.97607421875
100000000000000000000002,1,920625000,0,-45.5,1.05537878206532,0,0,0.640056030273437,1.63,0,-5399.97607421875
100000000000000000000000,1,920625000,0,-54,3.91471897068416,0,0,0.640056030273437,1.63,0,-5399.97607421875
100000000000000000000005,1,920625000,0,-65.5,0.558369006790373,0,0,0.640056030273437,1.63,0,-5399.97607421875
100000000000000000000003,1,920625000,0,-48.5,2.41141779855623,0,0,0.640056030273437,1.63,0,-5399.97607421875
100000000000000000000000,1,920625000,0,-54.5,3.92699081698724,0,0,0.640056030273437,1.63,0,-5399.97607421875
100000000000000000000004,1,920625000,0,-50,3.04955380631665,0,0,0.640056030273437,1.63,0,-5399.97607421875
100000000000000000000005,1,920625000,0,-65.5,0.589048622548086,0,0,0.640056030273437,1.63,0,-5399.97607421875
100000000000000000000003,1,920625000,0,-48.5,2.41755372170777,0,0,0.640056030273437,1.63,0,-5399.97607421875
100000000000000000000002,1,920625000,0,-45.5,1.05537878206532,0,0,0.640056030273437,1.63,0,-5399.97607421875
100000000000000000000001,1,920625000,0,-49,5.45483568172134,0,0,0.640056030273437,1.63,0,-5399.97607421875
100000000000000000000004,1,920625000,0,-50.5,3.06182565261974,0,0,0.640056030273437,1.63,0,-5399.97607421875
100000000000000000000002,1,920625000,0,-45.5,1.04924285891378,0,0,0.640056030273437,1.63,0,-5399.97607421875
100000000000000000000001,1,920625000,0,-49,5.46097160487288,0,0,0.640056030273437,1.63,0,-5399.97607421875
100000000000000000000000,1,920625000,0,-54,3.93926266329033,0,0,0.640056030273437,1.63,0,-5399.97607421875
100000000000000000000003,1,920625000,0,-48.5,2.40528187540469,0,0,0.640056030273437,1.63,0,-5399.97607421875
100000000000000000000005,1,920625000,0,-64.5,0.576776776245001,0,0,0.640056030273437,1.63,0,-5399.97607421875
100000000000000000000000,1,920625000,0,-54.5,3.93312674013878,0,0,0.640056030273437,1.63,0,-5399.97607421875
100000000000000000000005,1,920625000,0,-65.5,0.570640853093458,0,0,0.640056030273437,1.63,0,-5399.97607421875
100000000000000000000004,1,920625000,0,-50.5,3.06182565261974,0,0,0.640056030273437,1.63,0,-5399.97607421875
100000000000000000000002,1,920625000,0,-45.5,1.02469916630761,0,0,0.640056030273437,1.63,0,-5399.97607421875
100000000000000000000001,1,920625000,0,-49,5.43029198911517,0,0,0.640056030273437,1.63,0,-5399.97607421875
100000000000000000000003,1,920625000,0,-48.5,2.42982556801086,0,0,0.640056030273437,1.63,0,-5399.97607421875
100000000000000000000001,1,920625000,0,-49,5.44256383541826,0,0,0.640056030273437,1.63,0,-5399.97607421875
100000000000000000000004,1,920625000,0,-50.5,3.04955380631665,0,0,0.640056030273437,1.63,0,-5399.97607421875
100000000000000000000003,1,920625000,0,-48.5,2.41755372170777,0,0,0.640056030273437,1.63,0,-5399.97607421875
100000000000000000000005,1,920625000,0,-66,0.613592315154256,0,0,0.640056030273437,1.63,0,-5399.97607421875
100000000000000000000002,1,920625000,0,-45.5,1.06765062836841,0,0,0.640056030273437,1.63,0,-5399.97607421875
100000000000000000000000,1,920625000,0,-54,3.91471897068416,0,0,0.640056030273437,1.63,0,-5399.97607421875
100000000000000000000002,1,920625000,0,-45.5,1.06151470521686,0,0,0.640056030273437,1.63,0,-5399.97607421875
100000000000000000000000,1,920625000,0,-54.5,3.90244712438107,0,0,0.640056030273437,1.63,0,-5399.97607421875
100000000000000000000001,1,920625000,0,-49,5.405748296509,0,0,0.640056030273437,1.63,0,-5399.97607421875
100000000000000000000004,1,920625000,0,-50,3.04955380631665,0,0,0.640056030273437,1.63,0,-5399.97607421875
100000000000000000000003,1,920625000,0,-48,2.4359614911624,0,0,0.640056030273437,1.63,0,-5399.97607421875
100000000000000000000005,1,920625000,0,-65,0.558369006790373,0,0,0.640056030273437,1.63,0,-5399.97607421875
100000000000000000000000,1,920625000,0,-54,3.9638063558965,0,0,0.640056030273437,1.63,0,-5399.97607421875
100000000000000000000004,1,920625000,0,-50.5,3.06796157577128,0,0,0.640056030273437,1.63,0,-5399.97607421875
100000000000000000000003,1,920625000,0,-48.5,2.42982556801086,0,0,0.640056030273437,1.63,0,-5399.97607421875
100000000000000000000001,1,920625000,0,-49,5.43029198911517,0,0,0.640056030273437,1.63,0,-5399.97607421875
100000000000000000000002,1,920625000,0,-45.5,1.07378655151995,0,0,0.640056030273437,1.63,0,-5399.97607421875
100000000000000000000005,1,920625000,0,-65.5,0.552233083638831,0,0,0.640056030273437,1.63,0,-5399.97607421875
100000000000000000000001,1,920625000,0,-49,5.41802014281208,0,0,0.640056030273437,1.63,0,-5399.97607421875
100000000000000000000004,1,920625000,0,-50,3.0556897294682,0,0,0.640056030273437,1.63,0,-5399.97607421875
100000000000000000000003,1,920625000,0,-48.5,2.42368964485931,0,0,0.640056030273437,1.63,0,-5399.97607421875
100000000000000000000005,1,920625000,0,-65,0.576776776245001,0,0,0.640056030273437,1.63,0,-5399.97607421875
100000000000000000000002,1,920625000,0,-45.5,1.06765062836841,0,0,0.640056030273437,1.63,0,-5399.97607421875
100000000000000000000000,1,920625000,0,-54.5,3.93312674013878,0,0,0.640056030273437,1.63,0,-5399.97607421875
100000000000000000000003,1,920625000,0,-48.5,2.44209741431394,0,0,0.640056030273437,1.63,0,-5399.97607421875
100000000000000000000002,1,920625000,0,-45.5,1.05537878206532,0,0,0.640056030273437,1.63,0,-5399.97607421875
100000000000000000000000,1,920625000,0,-54,3.9638063558965,0,0,0.640056030273437,1.63,0,-5399.97607421875
100000000000000000000001,1,920625000,0,-49,5.42415606596363,0,0,0.640056030273437,1.63,0,-5399.97607421875
100000000000000000000004,1,920625000,0,-50,3.0556897294682,0,0,0.640056030273437,1.63,0,-5399.97607421875
100000000000000000000005,1,920625000,0,-64.5,0.625864161457342,0,0,0.640056030273437,1.63,0,-5399.97607421875
100000000000000000000004,1,920625000,0,-50,3.06796157577128,0,0,0.640056030273437,1.63,0,-5399.97607421875
100000000000000000000001,1,920625000,0,-49,5.43029198911517,0,0,0.640056030273437,1.63,0,-5399.97607421875
100000000000000000000002,1,920625000,0,-45.5,1.06151470521686,0,0,0.640056030273437,1.63,0,-5399.97607421875
100000000000000000000003,1,920625000,0,-48.5,2.41755372170777,0,0,0.640056030273437,1.63,0,-5399.97607421875
100000000000000000000005,1,920625000,0,-65.5,0.466330159517235,0,0,0.640056030273437,1.63,0,-5399.97607421875
100000000000000000000000,1,920625000,0,-54,3.91471897068416,0,0,0.640056030273437,1.63,0,-5399.97607421875
100000000000000000000003,1,920625000,0,-48.5,2.41755372170777,0,0,0.640056030273437,1.63,0,-5399.97607421875
100000000000000000000001,1,920625000,0,-49,5.45483568172134,0,0,0.640056030273437,1.63,0,-5399.97607421875
100000000000000000000004,1,920625000,0,-50.5,3.0556897294682,0,0,0.640056030273437,1.63,0,-5399.97607421875
100000000000000000000005,1,920625000,0,-65,0.509281621578033,0,0,0.640056030273437,1.63,0,-5399.97607421875
100000000000000000000002,1,920625000,0,-45.5,1.08605839782303,0,0,0.640056030273437,1.63,0,-5399.97607421875
100000000000000000000000,1,920625000,0,-54,3.95153450959341,0,0,0.640056030273437,1.63,0,-5399.97607421875
100000000000000000000004,1,920625000,0,-50,3.06796157577128,0,0,0.640056030273437,1.63,0,-5399.97607421875
100000000000000000000002,1,920625000,0,-45.5,1.04924285891378,0,0,0.640056030273437,1.63,0,-5399.97607421875
100000000000000000000000,1,920625000,0,-54,3.93926266329033,0,0,0.640056030273437,1.63,0,-5399.97607421875
100000000000000000000003,1,920625000,0,-48.5,2.42982556801086,0,0,0.640056030273437,1.63,0,-5399.97607421875
100000000000000000000001,1,920625000,0,-49,5.43642791226671,0,0,0.640056030273437,1.63,0,-5399.97607421875
100000000000000000000005,1,920625000,0,-65.5,0.546097160487288,0,0,0.640056030273437,1.63,0,-5399.97607421875
100000000000000000000000,1,920625000,0,-54.5,3.90244712438107,0,0,0.640056030273437,1.63,0,-5399.97607421875
100000000000000000000005,1,920625000,0,-64.5,0.582912699396544,0,0,0.640056030273437,1.63,0,-5399.97607421875
100000000000000000000003,1,920625000,0,-48.5,2.42982556801086,0,0,0.640056030273437,1.63,0,-5399.97607421875
100000000000000000000001,1,920625000,0,-49,5.41188421966054,0,0,0.640056030273437,1.63,0,-5399.97607421875
100000000000000000000004,1,920625000,0,-50,3.0556897294682,0,0,0.640056030273437,1.63,0,-5399.97607421875
100000000000000000000002,1,920625000,0,-45.5,1.05537878206532,0,0,0.640056030273437,1.63,0,-5399.97607421875
100000000000000000000002,1,920625000,0,-45.5,1.06765062836841,0,0,0.640056030273437,1.63,0,-5399.97607421875
100000000000000000000001,1,920625000,0,-49,5.41802014281208,0,0,0.640056030273437,1.63,0,-5399.97607421875
100000000000000000000003,1,920625000,0,-48.5,2.39914595225314,0,0,0.640056030273437,1.63,0,-5399.97607421875
100000000000000000000004,1,920625000,0,-50.5,3.06182565261974,0,0,0.640056030273437,1.63,0,-5399.97607421875
100000000000000000000000,1,920625000,0,-54.5,3.89631120122953,0,0,0.640056030273437,1.63,0,-5399.97607421875
100000000000000000000005,1,920625000,0,-65.5,0.619728238305799,0,0,0.640056030273437,1.63,0,-5399.97607421875
100000000000000000000003,1,920625000,0,-48.5,2.42368964485931,0,0,0.640056030273437,1.63,0,-5399.97607421875
100000000000000000000005,1,920625000,0,-65.5,0.423378697456437,0,0,0.640056030273437,1.63,0,-5399.97607421875
100000000000000000000001,1,920625000,0,-49,5.43642791226671,0,0,0.640056030273437,1.63,0,-5399.97607421875
100000000000000000000000,1,920625000,0,-54,3.92699081698724,0,0,0.640056030273437,1.63,0,-5399.97607421875
100000000000000000000002,1,920625000,0,-45.5,1.05537878206532,0,0,0.640056030273437,1.63,0,-5399.97607421875
100000000000000000000004,1,920625000,0,-50,3.06796157577128,0,0,0.640056030273437,1.63,0,-5399.97607421875
100000000000000000000005,1,920625000,0,-65,0.533825314184203,0,0,0.640056030273437,1.63,0,-5399.97607421875
100000000000000000000002,1,920625000,0,-45.5,1.04310693576224,0,0,0.640056030273437,1.63,0,-5399.97607421875
100000000000000000000001,1,920625000,0,-49,5.39961237335746,0,0,0.640056030273437,1.63,0,-5399.97607421875
100000000000000000000004,1,920625000,0,-50,3.07409749892282,0,0,0.640056030273437,1.63,0,-5399.97607421875
100000000000000000000003,1,920625000,0,-48.5,2.41141779855623,0,0,0.640056030273437,1.63,0,-5399.97607421875
100000000000000000000000,1,920625000,0,-54.5,3.93312674013878,0,0,0.640056030273437,1.63,0,-5399.97607421875
100000000000000000000004,1,920625000,0,-50,3.0556897294682,0,0,0.640056030273437,1.63,0,-5399.97607421875
100000000000000000000002,1,920625000,0,-45.5,1.06151470521686,0,0,0.640056030273437,1.63,0,-5399.97607421875
100000000000000000000000,1,920625000,0,-54,3.90858304753261,0,0,0.640056030273437,1.63,0,-5399.97607421875
100000000000000000000001,1,920625000,0,-49,5.43642791226671,0,0,0.640056030273437,1.63,0,-5399.97607421875
100000000000000000000005,1,920625000,0,-65.5,0.539961237335746,0,0,0.640056030273437,1.63,0,-5399.97607421875
100000000000000000000003,1,920625000,0,-48.5,2.40528187540469,0,0,0.640056030273437,1.63,0,-5399.97607421875
100000000000000000000004,1,920625000,0,-50.5,3.06182565261974,0,0,0.640056030273437,1.63,0,-5399.97607421875
100000000000000000000001,1,920625000,0,-49,5.43029198911517,0,0,0.640056030273437,1.63,0,-5399.97607421875
100000000000000000000002,1,920625000,0,-45.5,1.05537878206532,0,0,0.640056030273437,1.63,0,-5399.97607421875
100000000000000000000005,1,920625000,0,-65.5,0.589048622548086,0,0,0.640056030273437,1.63,0,-5399.97607421875
100000000000000000000000,1,920625000,0,-54.5,3.90858304753261,0,0,0.640056030273437,1.63,0,-5399.97607421875
100000000000000000000003,1,920625000,0,-48,2.40528187540469,0,0,0.640056030273437,1.63,0,-5399.97607421875
100000000000000000000002,1,920625000,0,-45.5,1.03697101261069,0,0,0.640056030273437,1.63,0,-5399.97607421875
100000000000000000000003,1,920625000,0,-48.5,2.40528187540469,0,0,0.640056030273437,1.63,0,-5399.97607421875
100000000000000000000001,1,920625000,0,-49,5.41802014281208,0,0,0.640056030273437,1.63,0,-5399.97607421875
100000000000000000000000,1,920625000,0,-54.5,3.93312674013878,0,0,0.640056030273437,1.63,0,-5399.97607421875
100000000000000000000004,1,920625000,0,-50.5,3.0556897294682,0,0,0.640056030273437,1.63,0,-5399.97607421875
100000000000000000000005,1,920625000,0,-66,0.607456392002714,0,0,0.640056030273437,1.63,0,-5399.97607421875
100000000000000000000001,1,920625000,0,-49,5.41188421966054,0,0,0.640056030273437,1.63,0,-5399.97607421875
100000000000000000000002,1,920625000,0,-45.5,1.04924285891378,0,0,0.640056030273437,1.63,0,-5399.97607421875
100000000000000000000000,1,920625000,0,-54.5,3.95153450959341,0,0,0.640056030273437,1.63,0,-5399.97607421875
100000000000000000000003,1,920625000,0,-48,2.41141779855623,0,0,0.640056030273437,1.63,0,-5399.97607421875
100000000000000000000004,1,920625000,0,-50,3.06796157577128,0,0,0.640056030273437,1.63,0,-5399.97607421875
100000000000000000000005,1,920625000,0,-65,0.576776776245001,0,0,0.640056030273437,1.63,0,-5399.97607421875
100000000000000000000000,1,920625000,0,-54,3.9208548938357,0,0,0.640056030273437,1.63,0,-5399.97607421875
100000000000000000000003,1,920625000,0,-48.5,2.41755372170777,0,0,0.640056030273437,1.63,0,-5399.97607421875
100000000000000000000001,1,920625000,0,-49,5.43642791226671,0,0,0.640056030273437,1.63,0,-5399.97607421875
100000000000000000000004,1,920625000,0,-50.5,3.06796157577128,0,0,0.640056030273437,1.63,0,-5399.97607421875
100000000000000000000002,1,920625000,0,-45.5,1.06151470521686,0,0,0.640056030273437,1.63,0,-5399.97607421875
100000000000000000000005,1,920625000,0,-65,0.619728238305799,0,0,0.640056030273437,1.63,0,-5399.97607421875
100000000000000000000004,1,920625000,0,-50.5,3.06182565261974,0,0,0.640056030273437,1.63,0,-5399.97607421875
100000000000000000000002,1,920625000,0,-45.5,1.07992247467149,0,0,0.640056030273437,1.63,0,-5399.97607421875
100000000000000000000000,1,920625000,0,-54.5,3.9638063558965,0,0,0.640056030273437,1.63,0,-5399.97607421875
100000000000000000000001,1,920625000,0,-49,5.43642791226671,0,0,0.640056030273437,1.63,0,-5399.97607421875
100000000000000000000003,1,920625000,0,-48.5,2.4359614911624,0,0,0.640056030273437,1.63,0,-5399.97607421875
100000000000000000000005,1,920625000,0,-66.5,0.595184545699629,0,0,0.640056030273437,1.63,0,-5399.97607421875
100000000000000000000003,1,920625000,0,-48.5,2.41755372170777,0,0,0.640056030273437,1.63,0,-5399.97607421875
100000000000000000000000,1,920625000,0,-54,3.92699081698724,0,0,0.640056030273437,1.63,0,-5399.97607421875
100000000000000000000005,1,920625000,0,-65.5,0.50314569842649,0,0,0.640056030273437,1.63,0,-5399.97607421875
100000000000000000000002,1,920625000,0,-45.5,1.07378655151995,0,0,0.640056030273437,1.63,0,-5399.97607421875
100000000000000000000001,1,920625000,0,-49,5.43029198911517,0,0,0.640056030273437,1.63,0,-5399.97607421875
100000000000000000000004,1,920625000,0,-50.5,3.06182565261974,0,0,0.640056030273437,1.63,0,-5399.97607421875
100000000000000000000003,1,920625000,0,-48.5,2.39914595225314,0,0,0.640056030273437,1.63,0,-5399.97607421875
100000000000000000000000,1,920625000,0,-54,3.93312674013878,0,0,0.640056030273437,1.63,0,-5399.97607421875
100000000000000000000001,1,920625000,0,-49,5.41802014281208,0,0,0.640056030273437,1.63,0,-5399.97607421875
100000000000000000000005,1,920625000,0,-64.5,0.460194236365693,0,0,0.640056030273437,1.63,0,-5399.97607421875
100000000000000000000004,1,920625000,0,-50.5,3.0556897294682,0,0,0.640056030273437,1.63,0,-5399.97607421875
100000000000000000000002,1,920625000,0,-45.5,1.06151470521686,0,0,0.640056030273437,1.63,0,-5399.97607421875
100000000000000000000003,1,920625000,0,-48.5,2.3930100291016,0,0,0.640056030273437,1.63,0,-5399.97607421875
100000000000000000000002,1,920625000,0,-45.5,1.04310693576224,0,0,0.640056030273437,1.63,0,-5399.97607421875
100000000000000000000005,1,920625000,0,-65.5,0.552233083638831,0,0,0.640056030273437,1.63,0,-5399.97607421875
100000000000000000000004,1,920625000,0,-50,3.0556897294682,0,0,0.640056030273437,1.63,0,-5399.97607421875
100000000000000000000001,1,920625000,0,-49,5.405748296509,0,0,0.640056030273437,1.63,0,-5399.97607421875
100000000000000000000000,1,920625000,0,-54,3.95153450959341,0,0,0.640056030273437,1.63,0,-5399.97607421875
100000000000000000000001,1,920625000,0,-49,5.41188421966054,0,0,0.640056030273437,1.63,0,-5399.97607421875
100000000000000000000004,1,920625000,0,-50.5,3.08023342207437,0,0,0.640056030273437,1.63,0,-5399.97607421875
100000000000000000000000,1,920625000,0,-54.5,3.93312674013878,0,0,0.640056030273437,1.63,0,-5399.97607421875
100000000000000000000003,1,920625000,0,-48,2.41755372170777,0,0,0.640056030273437,1.63,0,-5399.97607421875
100000000000000000000005,1,920625000,0,-66,0.589048622548086,0,0,0.640056030273437,1.63,0,-5399.97607421875
100000000000000000000002,1,920625000,0,-45.5,1.05537878206532,0,0,0.640056030273437,1.63,0,-5399.97607421875
100000000000000000000004,1,920625000,0,-50.5,3.0556897294682,0,0,0.640056030273437,1.63,0,-5399.97607421875
100000000000000000000001,1,920625000,0,-49,5.44256383541826,0,0,0.640056030273437,1.63,0,-5399.97607421875
100000000000000000000003,1,920625000,0,-48.5,2.42368964485931,0,0,0.640056030273437,1.63,0,-5399.97607421875
100000000000000000000000,1,920625000,0,-54,3.89631120122953,0,0,0.640056030273437,1.63,0,-5399.97607421875
100000000000000000000002,1,920625000,0,-45.5,1.07378655151995,0,0,0.640056030273437,1.63,0,-5399.97607421875
100000000000000000000005,1,920625000,0,-65,0.539961237335746,0,0,0.640056030273437,1.63,0,-5399.97607421875
100000000000000000000001,1,920625000,0,-49,5.42415606596363,0,0,0.640056030273437,1.63,0,-5399.97607421875
100000000000000000000002,1,920625000,0,-45.5,1.05537878206532,0,0,0.640056030273437,1.63,0,-5399.97607421875
100000000000000000000000,1,920625000,0,-54,3.90244712438107,0,0,0.640056030273437,1.63,0,-5399.97607421875
100000000000000000000003,1,920625000,0,-48.5,2.42368964485931,0,0,0.640056030273437,1.63,0,-5399.97607421875
100000000000000000000004,1,920625000,0,-50,3.06182565261974,0,0,0.640056030273437,1.63,0,-5399.97607421875
100000000000000000000005,1,920625000,0,-64.5,0.527689391032661,0,0,0.640056030273437,1.63,0,-5399.97607421875
100000000000000000000005,1,920625000,0,-65,0.417242774304895,0,0,0.640056030273437,1.63,0,-5399.97607421875
100000000000000000000001,1,920625000,0,-49,5.43029198911517,0,0,0.640056030273437,1.63,0,-5399.97607421875
100000000000000000000003,1,920625000,0,-48.5,2.44823333746548,0,0,0.640056030273437,1.63,0,-5399.97607421875
100000000000000000000000,1,920625000,0,-54.5,3.90858304753261,0,0,0.640056030273437,1.63,0,-5399.97607421875
100000000000000000000002,1,920625000,0,-45.5,1.05537878206532,0,0,0.640056030273437,1.63,0,-5399.97607421875
100000000000000000000004,1,920625000,0,-50.5,3.03114603686203,0,0,0.640056030273437,1.63,0,-5399.97607421875
100000000000000000000002,1,920625000,0,-45.5,1.05537878206532,0,0,0.640056030273437,1.63,0,-5399.97607421875
100000000000000000000005,1,920625000,0,-65,0.515417544729575,0,0,0.640056030273437,1.63,0,-5399.97607421875
100000000000000000000004,1,920625000,0,-50.5,3.04955380631665,0,0,0.640056030273437,1.63,0,-5399.97607421875
100000000000000000000001,1,920625000,0,-49,5.44256383541826,0,0,0.640056030273437,1.63,0,-5399.97607421875
100000000000000000000003,1,920625000,0,-48,2.41755372170777,0,0,0.640056030273437,1.63,0,-5399.97607421875
100000000000000000000000,1,920625000,0,-54,3.89631120122953,0,0,0.640056030273437,1.63,0,-5399.97607421875
100000000000000000000005,1,920625000,0,-65,0.515417544729575,0,0,0.640056030273437,1.63,0,-5399.97607421875
100000000000000000000001,1,920625000,0,-49,5.41188421966054,0,0,0.640056030273437,1.63,0,-5399.97607421875
100000000000000000000002,1,920625000,0,-45.5,1.07378655151995,0,0,0.640056030273437,1.63,0,-5399.97607421875
100000000000000000000004,1,920625000,0,-50.5,3.06796157577128,0,0,0.640056030273437,1.63,0,-5399.97607421875
100000000000000000000003,1,920625000,0,-48.5,2.37460225964697,0,0,0.640056030273437,1.63,0,-5399.97607421875
100000000000000000000000,1,920625000,0,-54.5,3.93926266329033,0,0,0.640056030273437,1.63,0,-5399.97607421875
100000000000000000000001,1,920625000,0,-49,5.44256383541826,0,0,0.640056030273437,1.63,0,-5399.97607421875
100000000000000000000002,1,920625000,0,-45.5,1.04924285891378,0,0,0.640056030273437,1.63,0,-5399.97607421875
100000000000000000000003,1,920625000,0,-48.5,2.41755372170777,0,0,0.640056030273437,1.63,0,-5399.97607421875
100000000000000000000000,1,920625000,0,-54,3.92699081698724,0,0,0.640056030273437,1.63,0,-5399.97607421875
100000000000000000000005,1,920625000,0,-65.5,0.601320468851172,0,0,0.640056030273437,1.63,0,-5399.97607421875
100000000000000000000004,1,920625000,0,-50.5,3.0556897294682,0,0,0.640056030273437,1.63,0,-5399.97607421875
100000000000000000000001,1,920625000,0,-49,5.42415606596363,0,0,0.640056030273437,1.63,0,-5399.97607421875
100000000000000000000004,1,920625000,0,-50,3.01887419055894,0,0,0.640056030273437,1.63,0,-5399.97607421875
100000000000000000000002,1,920625000,0,-45.5,1.05537878206532,0,0,0.640056030273437,1.63,0,-5399.97607421875
100000000000000000000003,1,920625000,0,-48,2.38073818279852,0,0,0.640056030273437,1.63,0,-5399.97607421875
100000000000000000000000,1,920625000,0,-54,3.89017527807799,0,0,0.640056030273437,1.63,0,-5399.97607421875
100000000000000000000005,1,920625000,0,-65.5,0.527689391032661,0,0,0.640056030273437,1.63,0,-5399.97607421875
100000000000000000000003,1,920625000,0,-48.5,2.41141779855623,0,0,0.640056030273437,1.63,0,-5399.97607421875
100000000000000000000001,1,920625000,0,-49,5.44256383541826,0,0,0.640056030273437,1.63,0,-5399.97607421875
100000000000000000000004,1,920625000,0,-50.5,3.04955380631665,0,0,0.640056030273437,1.63,0,-5399.97607421875
100000000000000000000002,1,920625000,0,-45.5,1.04924285891378,0,0,0.640056030273437,1.63,0,-5399.97607421875
100000000000000000000005,1,920625000,0,-65,0.460194236365693,0,0,0.640056030273437,1.63,0,-5399.97607421875
100000000000000000000000,1,920625000,0,-54,3.89017527807799,0,0,0.640056030273437,1.63,0,-5399.97607421875
100000000000000000000003,1,920625000,0,-48.5,2.41141779855623,0,0,0.640056030273437,1.63,0,-5399.97607421875
100000000000000000000005,1,920625000,0,-65.5,0.699495239275852,0,0,0.640056030273437,1.63,0,-5399.97607421875
100000000000000000000000,1,920625000,0,-54.5,3.90244712438107,0,0,0.640056030273437,1.63,0,-5399.97607421875
100000000000000000000002,1,920625000,0,-45.5,1.04924285891378,0,0,0.640056030273437,1.63,0,-5399.97607421875
100000000000000000000004,1,920625000,0,-50,3.06182565261974,0,0,0.640056030273437,1.63,0,-5399.97607421875
100000000000000000000001,1,920625000,0,-49,5.42415606596363,0,0,0.640056030273437,1.63,0,-5399.97607421875
100000000000000000000001,1,920625000,0,-49,5.43642791226671,0,0,0.640056030273437,1.63,0,-5399.97607421875
100000000000000000000002,1,920625000,0,-45.5,1.04310693576224,0,0,0.640056030273437,1.63,0,-5399.97607421875
100000000000000000000005,1,920625000,0,-65.5,0.619728238305799,0,0,0.640056030273437,1.63,0,-5399.97607421875
100000000000000000000004,1,920625000,0,-50.5,3.0556897294682,0,0,0.640056030273437,1.63,0,-5399.97607421875
100000000000000000000000,1,920625000,0,-54.5,3.92699081698724,0,0,0.640056030273437,1.63,0,-5399.97607421875
100000000000000000000003,1,920625000,0,-48.5,2.41141779855623,0,0,0.640056030273437,1.63,0,-5399.97607421875
100000000000000000000004,1,920625000,0,-50.5,3.0556897294682,0,0,0.640056030273437,1.63,0,-5399.97607421875
100000000000000000000003,1,920625000,0,-48.5,2.40528187540469,0,0,0.640056030273437,1.63,0,-5399.97607421875
100000000000000000000002,1,920625000,0,-45.5,1.07378655151995,0,0,0.640056030273437,1.63,0,-5399.97607421875
100000000000000000000005,1,920625000,0,-65.5,0.527689391032661,0,0,0.640056030273437,1.63,0,-5399.97607421875
100000000000000000000001,1,920625000,0,-49,5.43029198911517,0,0,0.640056030273437,1.63,0,-5399.97607421875
100000000000000000000000,1,920625000,0,-54.5,3.93312674013878,0,0,0.640056030273437,1.63,0,-5399.97607421875
100000000000000000000001,1,920625000,0,-49,5.44256383541826,0,0,0.640056030273437,1.63,0,-5399.97607421875
100000000000000000000004,1,920625000,0,-50,3.06796157577128,0,0,0.640056030273437,1.63,0,-5399.97607421875
100000000000000000000002,1,920625000,0,-45.5,1.05537878206532,0,0,0.640056030273437,1.63,0,-5399.97607421875
100000000000000000000000,1,920625000,0,-54.5,3.90858304753261,0,0,0.640056030273437,1.63,0,-5399.97607421875
100000000000000000000005,1,920625000,0,-65.5,0.539961237335746,0,0,0.640056030273437,1.63,0,-5399.97607421875
100000000000000000000003,1,920625000,0,-48.5,2.41141779855623,0,0,0.640056030273437,1.63,0,-5399.97607421875
100000000000000000000004,1,920625000,0,-50.5,3.04955380631665,0,0,0.640056030273437,1.63,0,-5399.97607421875
100000000000000000000003,1,920625000,0,-48.5,2.40528187540469,0,0,0.640056030273437,1.63,0,-5399.97607421875
100000000000000000000002,1,920625000,0,-45.5,1.05537878206532,0,0,0.640056030273437,1.63,0,-5399.97607421875
100000000000000000000000,1,920625000,0,-54,3.9208548938357,0,0,0.640056030273437,1.63,0,-5399.97607421875
100000000000000000000005,1,920625000,0,-65,0.539961237335746,0,0,0.640056030273437,1.63,0,-5399.97607421875
100000000000000000000001,1,920625000,0,-49,5.43029198911517,0,0,0.640056030273437,1.63,0,-5399.97607421875
100000000000000000000005,1,920625000,0,-65,0.576776776245001,0,0,0.640056030273437,1.63,0,-5399.97607421875
100000000000000000000001,1,920625000,0,-49,5.41802014281208,0,0,0.640056030273437,1.63,0,-5399.97607421875
100000000000000000000002,1,920625000,0,-45.5,1.06765062836841,0,0,0.640056030273437,1.63,0,-5399.97607421875
100000000000000000000003,1,920625000,0,-48.5,2.41755372170777,0,0,0.640056030273437,1.63,0,-5399.97607421875
100000000000000000000004,1,920625000,0,-50,3.04341788316511,0,0,0.640056030273437,1.63,0,-5399.97607421875
100000000000000000000000,1,920625000,0,-54.5,3.8779034317749,0,0,0.640056030273437,1.63,0,-5399.97607421875
100000000000000000000001,1,920625000,0,-49,5.43642791226671,0,0,0.640056030273437,1.63,0,-5399.97607421875
100000000000000000000000,1,920625000,0,-54.5,3.93926266329033,0,0,0.640056030273437,1.63,0,-5399.97607421875
100000000000000000000004,1,920625000,0,-50.5,3.06182565261974,0,0,0.640056030273437,1.63,0,-5399.97607421875
100000000000000000000005,1,920625000,0,-65,0.47860200582032,0,0,0.640056030273437,1.63,0,-5399.97607421875
100000000000000000000002,1,920625000,0,-45.5,1.06151470521686,0,0,0.640056030273437,1.63,0,-5399.97607421875
100000000000000000000003,1,920625000,0,-48.5,2.41755372170777,0,0,0.640056030273437,1.63,0,-5399.97607421875
100000000000000000000003,1,920625000,0,-48.5,2.44209741431394,0,0,0.640056030273437,1.63,0,-5399.97607421875
100000000000000000000004,1,920625000,0,-50,3.0556897294682,0,0,0.640056030273437,1.63,0,-5399.97607421875
100000000000000000000001,1,920625000,0,-49,5.44256383541826,0,0,0.640056030273437,1.63,0,-5399.97607421875
100000000000000000000005,1,920625000,0,-65,0.484737928971863,0,0,0.640056030273437,1.63,0,-5399.97607421875
100000000000000000000002,1,920625000,0,-45.5,1.03697101261069,0,0,0.640056030273437,1.63,0,-5399.97607421875
100000000000000000000000,1,920625000,0,-54.5,3.90858304753261,0,0,0.640056030273437,1.63,0,-5399.97607421875
100000000000000000000005,1,920625000,0,-66,0.533825314184203,0,0,0.640056030273437,1.63,0,-5399.97607421875
100000000000000000000002,1,920625000,0,-45.5,1.04310693576224,0,0,0.640056030273437,1.63,0,-5399.97607421875
100000000000000000000003,1,920625000,0,-48.5,2.3930100291016,0,0,0.640056030273437,1.63,0,-5399.97607421875
100000000000000000000001,1,920625000,0,-49,5.44256383541826,0,0,0.640056030273437,1.63,0,-5399.97607421875
100000000000000000000004,1,920625000,0,-50,3.08023342207437,0,0,0.640056030273437,1.63,0,-5399.97607421875
100000000000000000000000,1,920625000,0,-54.5,3.94539858644187,0,0,0.640056030273437,1.63,0,-5399.97607421875
100000000000000000000002,1,920625000,0,-45.5,1.07378655151995,0,0,0.640056030273437,1.63,0,-5399.97607421875
100000000000000000000003,1,920625000,0,-48.5,2.39914595225314,0,0,0.640056030273437,1.63,0,-5399.97607421875
100000000000000000000001,1,920625000,0,-49,5.42415606596363,0,0,0.640056030273437,1.63,0,-5399.97607421875
100000000000000000000000,1,920625000,0,-54.5,3.93926266329033,0,0,0.640056030273437,1.63,0,-5399.97607421875
100000000000000000000004,1,920625000,0,-50.5,3.06796157577128,0,0,0.640056030273437,1.63,0,-5399.97607421875
100000000000000000000005,1,920625000,0,-65.5,0.564504929941916,0,0,0.640056030273437,1.63,0,-5399.97607421875
100000000000000000000005,1,920625000,0,-65.5,0.539961237335746,0,0,0.640056030273437,1.63,0,-5399.97607421875
100000000000000000000001,1,920625000,0,-49,5.43642791226671,0,0,0.640056030273437,1.63,0,-5399.97607421875
100000000000000000000002,1,920625000,0,-45.5,1.06151470521686,0,0,0.640056030273437,1.63,0,-5399.97607421875
100000000000000000000000,1,920625000,0,-54,3.89017527807799,0,0,0.640056030273437,1.63,0,-5399.97607421875
100000000000000000000003,1,920625000,0,-48.5,2.41755372170777,0,0,0.640056030273437,1.63,0,-5399.97607421875
100000000000000000000004,1,920625000,0,-50.5,3.06182565261974,0,0,0.640056030273437,1.63,0,-5399.97607421875
100000000000000000000003,1,920625000,0,-48.5,2.40528187540469,0,0,0.640056030273437,1.63,0,-5399.97607421875
100000000000000000000004,1,920625000,0,-50.5,3.0556897294682,0,0,0.640056030273437,1.63,0,-5399.97607421875
100000000000000000000001,1,920625000,0,-49,5.43029198911517,0,0,0.640056030273437,1.63,0,-5399.97607421875
100000000000000000000002,1,920625000,0,-45.5,1.07378655151995,0,0,0.640056030273437,1.63,0,-5399.97607421875
100000000000000000000000,1,920625000,0,-54,3.94539858644187,0,0,0.640056030273437,1.63,0,-5399.97607421875
100000000000000000000005,1,920625000,0,-65.5,0.521553467881118,0,0,0.640056030273437,1.63,0,-5399.97607421875
100000000000000000000004,1,920625000,0,-50,3.0556897294682,0,0,0.640056030273437,1.63,0,-5399.97607421875
100000000000000000000000,1,920625000,0,-54.5,3.90858304753261,0,0,0.640056030273437,1.63,0,-5399.97607421875
100000000000000000000002,1,920625000,0,-45.5,1.06151470521686,0,0,0.640056030273437,1.63,0,-5399.97607421875
100000000000000000000001,1,920625000,0,-49,5.43029198911517,0,0,0.640056030273437,1.63,0,-5399.97607421875
100000000000000000000003,1,920625000,0,-48.5,2.40528187540469,0,0,0.640056030273437,1.63,0,-5399.97607421875
100000000000000000000005,1,920625000,0,-65,0.558369006790373,0,0,0.640056030273437,1.63,0,-5399.97607421875
100000000000000000000000,1,920625000,0,-54,3.90244712438107,0,0,0.640056030273437,1.63,0,-5399.97607421875
100000000000000000000002,1,920625000,0,-45.5,1.06765062836841,0,0,0.640056030273437,1.63,0,-5399.97607421875
100000000000000000000001,1,920625000,0,-49,5.4486997585698,0,0,0.640056030273437,1.63,0,-5399.97607421875
100000000000000000000004,1,920625000,0,-50,3.06182565261974,0,0,0.640056030273437,1.63,0,-5399.97607421875
100000000000000000000003,1,920625000,0,-48.5,2.39914595225314,0,0,0.640056030273437,1.63,0,-5399.97607421875
100000000000000000000005,1,920625000,0,-65.5,0.497009775274948,0,0,0.640056030273437,1.63,0,-5399.97607421875
100000000000000000000000,1,920625000,0,-54,3.93312674013878,0,0,0.640056030273437,1.63,0,-5399.97607421875
100000000000000000000002,1,920625000,0,-45.5,1.04310693576224,0,0,0.640056030273437,1.63,0,-5399.97607421875
100000000000000000000003,1,920625000,0,-48.5,2.42982556801086,0,0,0.640056030273437,1.63,0,-5399.97607421875
100000000000000000000005,1,920625000,0,-65.5,0.552233083638831,0,0,0.640056030273437,1.63,0,-5399.97607421875
100000000000000000000004,1,920625000,0,-50,3.0556897294682,0,0,0.640056030273437,1.63,0,-5399.97607421875
100000000000000000000001,1,920625000,0,-49,5.42415606596363,0,0,0.640056030273437,1.63,0,-5399.97607421875
100000000000000000000005,1,920625000,0,-65,0.638136007760426,0,0,0.640056030273437,1.63,0,-5399.97607421875
100000000000000000000002,1,920625000,0,-45.5,1.06151470521686,0,0,0.640056030273437,1.63,0,-5399.97607421875
100000000000000000000003,1,920625000,0,-48.5,2.40528187540469,0,0,0.640056030273437,1.63,0,-5399.97607421875
100000000000000000000001,1,920625000,0,-49,5.42415606596363,0,0,0.640056030273437,1.63,0,-5399.97607421875
100000000000000000000004,1,920625000,0,-50,3.08023342207437,0,0,0.640056030273437,1.63,0,-5399.97607421875
100000000000000000000000,1,920625000,0,-54,3.93926266329033,0,0,0.640056030273437,1.63,0,-5399.97607421875
100000000000000000000000,1,920625000,0,-54.5,3.88403935492644,0,0,0.640056030273437,1.63,0,-5399.97607421875
100000000000000000000001,1,920625000,0,-49,5.44256383541826,0,0,0.640056030273437,1.63,0,-5399.97607421875
100000000000000000000003,1,920625000,0,-48,2.40528187540469,0,0,0.640056030273437,1.63,0,-5399.97607421875
100000000000000000000004,1,920625000,0,-50.5,3.03728196001357,0,0,0.640056030273437,1.63,0,-5399.97607421875
100000000000000000000002,1,920625000,0,-45.5,1.04310693576224,0,0,0.640056030273437,1.63,0,-5399.97607421875
100000000000000000000005,1,920625000,0,-65.5,0.589048622548086,0,0,0.640056030273437,1.63,0,-5399.97607421875
100000000000000000000005,1,920625000,0,-64.5,0.589048622548086,0,0,0.640056030273437,1.63,0,-5399.97607421875
100000000000000000000004,1,920625000,0,-50.5,3.06182565261974,0,0,0.640056030273437,1.63,0,-5399.97607421875
100000000000000000000001,1,920625000,0,-49,5.42415606596363,0,0,0.640056030273437,1.63,0,-5399.97607421875
100000000000000000000002,1,920625000,0,-45.5,1.03697101261069,0,0,0.640056030273437,1.63,0,-5399.97607421875
100000000000000000000003,1,920625000,0,-48.5,2.40528187540469,0,0,0.640056030273437,1.63,0,-5399.97607421875
100000000000000000000000,1,920625000,0,-54,3.89631120122953,0,0,0.640056030273437,1.63,0,-5399.97607421875
100000000000000000000005,1,920625000,0,-65,0.760854470791278,0,0,0.640056030273437,1.63,0,-5399.97607421875
100000000000000000000000,1,920625000,0,-54.5,3.92699081698724,0,0,0.640056030273437,1.63,0,-5399.97607421875
100000000000000000000001,1,920625000,0,-49,5.43029198911517,0,0,0.640056030273437,1.63,0,-5399.97607421875
100000000000000000000004,1,920625000,0,-50.5,3.03728196001357,0,0,0.640056030273437,1.63,0,-5399.97607421875
100000000000000000000003,1,920625000,0,-48.5,2.42368964485931,0,0,0.640056030273437,1.63,0,-5399.97607421875
100000000000000000000002,1,920625000,0,-45.5,1.05537878206532,0,0,0.640056030273437,1.63,0,-5399.97607421875
100000000000000000000004,1,920625000,0,-50,3.04955380631665,0,0,0.640056030273437,1.63,0,-5399.97607421875
100000000000000000000000,1,920625000,0,-54.5,3.93926266329033,0,0,0.640056030273437,1.63,0,-5399.97607421875
100000000000000000000002,1,920625000,0,-45.5,1.06765062836841,0,0,0.640056030273437,1.63,0,-5399.97607421875
100000000000000000000001,1,920625000,0,-49,5.4486997585698,0,0,0.640056030273437,1.63,0,-5399.97607421875
100000000000000000000003,1,920625000,0,-48,2.41755372170777,0,0,0.640056030273437,1.63,0,-5399.97607421875
100000000000000000000005,1,920625000,0,-65,0.760854470791278,0,0,0.640056030273437,1.63,0,-5399.97607421875
100000000000000000000005,1,920625000,0,-65,0.601320468851172,0,0,0.640056030273437,1.63,0,-5399.97607421875
100000000000000000000004,1,920625000,0,-50,3.06182565261974,0,0,0.640056030273437,1.63,0,-5399.97607421875
100000000000000000000002,1,920625000,0,-45.5,1.06151470521686,0,0,0.640056030273437,1.63,0,-5399.97607421875
100000000000000000000003,1,920625000,0,-48,2.41141779855623,0,0,0.640056030273437,1.63,0,-5399.97607421875
100000000000000000000000,1,920625000,0,-54.5,3.9208548938357,0,0,0.640056030273437,1.63,0,-5399.97607421875
100000000000000000000001,1,920625000,0,-49,5.43029198911517,0,0,0.640056030273437,1.63,0,-5399.97607421875
100000000000000000000001,1,920625000,0,-49,5.42415606596363,0,0,0.640056030273437,1.63,0,-5399.97607421875
100000000000000000000000,1,920625000,0,-54.5,3.90858304753261,0,0,0.640056030273437,1.63,0,-5399.97607421875
100000000000000000000002,1,920625000,0,-45.5,1.06151470521686,0,0,0.640056030273437,1.63,0,-5399.97607421875
100000000000000000000003,1,920625000,0,-48.5,2.39914595225314,0,0,0.640056030273437,1.63,0,-5399.97607421875
100000000000000000000004,1,920625000,0,-50,3.08636934522591,0,0,0.640056030273437,1.63,0,-5399.97607421875
100000000000000000000005,1,920625000,0,-64.5,0.435650543759522,0,0,0.640056030273437,1.63,0,-5399.97607421875
100000000000000000000004,1,920625000,0,-50.5,3.08023342207437,0,0,0.640056030273437,1.63,0,-5399.97607421875
100000000000000000000000,1,920625000,0,-54,3.84722381601719,0,0,0.640056030273437,1.63,0,-5399.97607421875
100000000000000000000001,1,920625000,0,-49,5.39347645020591,0,0,0.640056030273437,1.63,0,-5399.97607421875
100000000000000000000003,1,920625000,0,-48.5,2.42982556801086,0,0,0.640056030273437,1.63,0,-5399.97607421875
100000000000000000000002,1,920625000,0,-45.5,1.07992247467149,0,0,0.640056030273437,1.63,0,-5399.97607421875
100000000000000000000005,1,920625000,0,-65,0.632000084608884,0,0,0.640056030273437,1.63,0,-5399.97607421875
100000000000000000000003,1,920625000,0,-48.5,2.40528187540469,0,0,0.640056030273437,1.63,0,-5399.97607421875
100000000000000000000005,1,920625000,0,-65.5,0.50314569842649,0,0,0.640056030273437,1.63,0,-5399.97607421875
100000000000000000000000,1,920625000,0,-54,3.89631120122953,0,0,0.640056030273437,1.63,0,-5399.97607421875
100000000000000000000002,1,920625000,0,-45.5,1.06151470521686,0,0,0.640056030273437,1.63,0,-5399.97607421875
100000000000000000000004,1,920625000,0,-50.5,3.03114603686203,0,0,0.640056030273437,1.63,0,-5399.97607421875
100000000000000000000001,1,920625000,0,-49,5.42415606596363,0,0,0.640056030273437,1.63,0,-5399.97607421875
100000000000000000000000,1,920625000,0,-54,3.90244712438107,0,0,0.640056030273437,1.63,0,-5399.97607421875
100000000000000000000003,1,920625000,0,-48.5,2.42982556801086,0,0,0.640056030273437,1.63,0,-5399.97607421875
100000000000000000000001,1,920625000,0,-49,5.44256383541826,0,0,0.640056030273437,1.63,0,-5399.97607421875
100000000000000000000002,1,920625000,0,-45.5,1.04310693576224,0,0,0.640056030273437,1.63,0,-5399.97607421875
100000000000000000000004,1,920625000,0,-50.5,3.07409749892282,0,0,0.640056030273437,1.63,0,-5399.97607421875
100000000000000000000005,1,920625000,0,-66,0.564504929941916,0,0,0.640056030273437,1.63,0,-5399.97607421875
100000000000000000000001,1,920625000,0,-49,5.41802014281208,0,0,0.640056030273437,1.63,0,-5399.97607421875
100000000000000000000000,1,920625000,0,-54,3.90244712438107,0,0,0.640056030273437,1.63,0,-5399.97607421875
100000000000000000000003,1,920625000,0,-48.5,2.42368964485931,0,0,0.640056030273437,1.63,0,-5399.97607421875
100000000000000000000005,1,920625000,0,-65,0.711767085578938,0,0,0.640056030273437,1.63,0,-5399.97607421875
100000000000000000000004,1,920625000,0,-50.5,3.06182565261974,0,0,0.640056030273437,1.63,0,-5399.97607421875
100000000000000000000002,1,920625000,0,-45.5,1.07378655151995,0,0,0.640056030273437,1.63,0,-5399.97607421875
100000000000000000000000,1,920625000,0,-54.5,3.93312674013878,0,0,0.640056030273437,1.63,0,-5399.97607421875
100000000000000000000004,1,920625000,0,-50,3.04341788316511,0,0,0.640056030273437,1.63,0,-5399.97607421875
100000000000000000000002,1,920625000,0,-45.5,1.05537878206532,0,0,0.640056030273437,1.63,0,-5399.97607421875
100000000000000000000003,1,920625000,0,-48.5,2.41141779855623,0,0,0.640056030273437,1.63,0,-5399.97607421875
100000000000000000000001,1,920625000,0,-49,5.43029198911517,0,0,0.640056030273437,1.63,0,-5399.97607421875
100000000000000000000005,1,920625000,0,-65,0.595184545699629,0,0,0.640056030273437,1.63,0,-5399.97607421875
100000000000000000000004,1,920625000,0,-50.5,3.06182565261974,0,0,0.640056030273437,1.63,0,-5399.97607421875
100000000000000000000001,1,920625000,0,-49,5.44256383541826,0,0,0.640056030273437,1.63,0,-5399.97607421875
100000000000000000000002,1,920625000,0,-45.5,1.06151470521686,0,0,0.640056030273437,1.63,0,-5399.97607421875
100000000000000000000000,1,920625000,0,-54,3.95767043274495,0,0,0.640056030273437,1.63,0,-5399.97607421875
100000000000000000000003,1,920625000,0,-48.5,2.41755372170777,0,0,0.640056030273437,1.63,0,-5399.97607421875
100000000000000000000005,1,920625000,0,-65.5,0.466330159517235,0,0,0.640056030273437,1.63,0,-5399.97607421875
100000000000000000000000,1,920625000,0,-54.5,3.89631120122953,0,0,0.640056030273437,1.63,0,-5399.97607421875
100000000000000000000002,1,920625000,0,-45.5,1.04924285891378,0,0,0.640056030273437,1.63,0,-5399.97607421875
100000000000000000000001,1,920625000,0,-49,5.38120460390283,0,0,0.640056030273437,1.63,0,-5399.97607421875
100000000000000000000004,1,920625000,0,-50.5,3.07409749892282,0,0,0.640056030273437,1.63,0,-5399.97607421875
100000000000000000000003,1,920625000,0,-48.5,2.40528187540469,0,0,0.640056030273437,1.63,0,-5399.97607421875
100000000000000000000005,1,920625000,0,-65.5,0.527689391032661,0,0,0.640056030273437,1.63,0,-5399.97607421875
100000000000000000000003,1,920625000,0,-48.5,2.42368964485931,0,0,0.640056030273437,1.63,0,-5399.97607421875
100000000000000000000005,1,920625000,0,-65.5,0.306796157577129,0,0,0.640056030273437,1.63,0,-5399.97607421875
100000000000000000000000,1,920625000,0,-54,3.93926266329033,0,0,0.640056030273437,1.63,0,-5399.97607421875
100000000000000000000002,1,920625000,0,-45.5,1.05537878206532,0,0,0.640056030273437,1.63,0,-5399.97607421875
100000000000000000000004,1,920625000,0,-50.5,3.04341788316511,0,0,0.640056030273437,1.63,0,-5399.97607421875
100000000000000000000001,1,920625000,0,-49,5.4486997585698,0,0,0.640056030273437,1.63,0,-5399.97607421875
100000000000000000000000,1,920625000,0,-54.5,3.93312674013878,0,0,0.640056030273437,1.63,0,-5399.97607421875
100000000000000000000001,1,920625000,0,-49,5.41188421966054,0,0,0.640056030273437,1.63,0,-5399.97607421875
100000000000000000000003,1,920625000,0,-48.5,2.39914595225314,0,0,0.640056030273437,1.63,0,-5399.97607421875
100000000000000000000004,1,920625000,0,-50,3.03728196001357,0,0,0.640056030273437,1.63,0,-5399.97607421875
100000000000000000000002,1,920625000,0,-45.5,1.06151470521686,0,0,0.640056030273437,1.63,0,-5399.97607421875
100000000000000000000005,1,920625000,0,-64.5,0.558369006790373,0,0,0.640056030273437,1.63,0,-5399.97607421875
100000000000000000000004,1,920625000,0,-50,3.06182565261974,0,0,0.640056030273437,1.63,0,-5399.97607421875
100000000000000000000001,1,920625000,0,-49,5.43029198911517,0,0,0.640056030273437,1.63,0,-5399.97607421875
100000000000000000000000,1,920625000,0,-54,3.94539858644187,0,0,0.640056030273437,1.63,0,-5399.97607421875
100000000000000000000003,1,920625000,0,-48.5,2.41755372170777,0,0,0.640056030273437,1.63,0,-5399.97607421875
100000000000000000000005,1,920625000,0,-65,0.527689391032661,0,0,0.640056030273437,1.63,0,-5399.97607421875
100000000000000000000002,1,920625000,0,-45.5,1.08605839782303,0,0,0.640056030273437,1.63,0,-5399.97607421875
100000000000000000000000,1,920625000,0,-54.5,3.89631120122953,0,0,0.640056030273437,1.63,0,-5399.97607421875
100000000000000000000002,1,920625000,0,-45.5,1.07992247467149,0,0,0.640056030273437,1.63,0,-5399.97607421875
100000000000000000000005,1,920625000,0,-65,0.521553467881118,0,0,0.640056030273437,1.63,0,-5399.97607421875
100000000000000000000004,1,920625000,0,-50,3.0556897294682,0,0,0.640056030273437,1.63,0,-5399.97607421875
100000000000000000000003,1,920625000,0,-48.5,2.41755372170777,0,0,0.640056030273437,1.63,0,-5399.97607421875
100000000000000000000001,1,920625000,0,-49,5.44256383541826,0,0,0.640056030273437,1.63,0,-5399.97607421875
100000000000000000000003,1,920625000,0,-48,2.40528187540469,0,0,0.640056030273437,1.63,0,-5399.97607421875
100000000000000000000000,1,920625000,0,-54,3.96994227904804,0,0,0.640056030273437,1.63,0,-5399.97607421875
100000000000000000000004,1,920625000,0,-50.5,3.06182565261974,0,0,0.640056030273437,1.63,0,-5399.97607421875
100000000000000000000005,1,920625000,0,-65,0.576776776245001,0,0,0.640056030273437,1.63,0,-5399.97607421875
100000000000000000000002,1,920625000,0,-45.5,1.04924285891378,0,0,0.640056030273437,1.63,0,-5399.97607421875
100000000000000000000001,1,920625000,0,-49,5.43029198911517,0,0,0.640056030273437,1.63,0,-5399.97607421875
100000000000000000000001,1,920625000,0,-49,5.41802014281208,0,0,0.640056030273437,1.63,0,-5399.97607421875
100000000000000000000004,1,920625000,0,-50.5,3.04955380631665,0,0,0.640056030273437,1.63,0,-5399.97607421875
100000000000000000000005,1,920625000,0,-65.5,0.533825314184203,0,0,0.640056030273437,1.63,0,-5399.97607421875
100000000000000000000003,1,920625000,0,-48,2.42368964485931,0,0,0.640056030273437,1.63,0,-5399.97607421875
100000000000000000000000,1,920625000,0,-54,3.92699081698724,0,0,0.640056030273437,1.63,0,-5399.97607421875
100000000000000000000002,1,920625000,0,-45.5,1.06151470521686,0,0,0.640056030273437,1.63,0,-5399.97607421875
100000000000000000000004,1,920625000,0,-50.5,3.06182565261974,0,0,0.640056030273437,1.63,0,-5399.97607421875
100000000000000000000003,1,920625000,0,-48.5,2.40528187540469,0,0,0.640056030273437,1.63,0,-5399.97607421875
100000000000000000000000,1,920625000,0,-54.5,3.9208548938357,0,0,0.640056030273437,1.63,0,-5399.97607421875
100000000000000000000002,1,920625000,0,-45.5,1.06765062836841,0,0,0.640056030273437,1.63,0,-5399.97607421875
100000000000000000000005,1,920625000,0,-65,0.539961237335746,0,0,0.640056030273437,1.63,0,-5399.97607421875
100000000000000000000001,1,920625000,0,-49,5.42415606596363,0,0,0.640056030273437,1.63,0,-5399.97607421875
100000000000000000000000,1,920625000,0,-54.5,3.90244712438107,0,0,0.640056030273437,1.63,0,-5399.97607421875
100000000000000000000004,1,920625000,0,-50.5,3.04955380631665,0,0,0.640056030273437,1.63,0,-5399.97607421875
100000000000000000000002,1,920625000,0,-45.5,1.05537878206532,0,0,0.640056030273437,1.63,0,-5399.97607421875
100000000000000000000001,1,920625000,0,-49,5.43642791226671,0,0,0.640056030273437,1.63,0,-5399.97607421875
100000000000000000000005,1,920625000,0,-65,0.607456392002714,0,0,0.640056030273437,1.63,0,-5399.97607421875
100000000000000000000003,1,920625000,0,-48.5,2.39914595225314,0,0,0.640056030273437,1.63,0,-5399.97607421875
100000000000000000000001,1,920625000,0,-49,5.41188421966054,0,0,0.640056030273437,1.63,0,-5399.97607421875
100000000000000000000003,1,920625000,0,-48.5,2.41755372170777,0,0,0.640056030273437,1.63,0,-5399.97607421875
100000000000000000000002,1,920625000,0,-45.5,1.04924285891378,0,0,0.640056030273437,1.63,0,-5399.97607421875
100000000000000000000004,1,920625000,0,-50,3.0556897294682,0,0,0.640056030273437,1.63,0,-5399.97607421875
100000000000000000000000,1,920625000,0,-54.5,3.91471897068416,0,0,0.640056030273437,1.63,0,-5399.97607421875
100000000000000000000005,1,920625000,0,-65,0.380427235395639,0,0,0.640056030273437,1.63,0,-5399.97607421875
100000000000000000000004,1,920625000,0,-50,3.04341788316511,0,0,0.640056030273437,1.63,0,-5399.97607421875
100000000000000000000003,1,920625000,0,-48.5,2.40528187540469,0,0,0.640056030273437,1.63,0,-5399.97607421875
100000000000000000000002,1,920625000,0,-45.5,1.07378655151995,0,0,0.640056030273437,1.63,0,-5399.97607421875
100000000000000000000000,1,920625000,0,-54,3.90858304753261,0,0,0.640056030273437,1.63,0,-5399.97607421875
100000000000000000000001,1,920625000,0,-49,5.44256383541826,0,0,0.640056030273437,1.63,0,-5399.97607421875
100000000000000000000005,1,920625000,0,-64.5,0.699495239275852,0,0,0.640056030273437,1.63,0,-5399.97607421875
100000000000000000000001,1,920625000,0,-49,5.42415606596363,0,0,0.640056030273437,1.63,0,-5399.97607421875
100000000000000000000002,1,920625000,0,-45.5,1.04310693576224,0,0,0.640056030273437,1.63,0,-5399.97607421875
100000000000000000000000,1,920625000,0,-54,3.9208548938357,0,0,0.640056030273437,1.63,0,-5399.97607421875
100000000000000000000004,1,920625000,0,-50,3.06182565261974,0,0,0.640056030273437,1.63,0,-5399.97607421875
100000000000000000000003,1,920625000,0,-48,2.4359614911624,0,0,0.640056030273437,1.63,0,-5399.97607421875
100000000000000000000005,1,920625000,0,-65,0.558369006790373,0,0,0.640056030273437,1.63,0,-5399.97607421875
100000000000000000000000,1,920625000,0,-54.5,3.9208548938357,0,0,0.640056030273437,1.63,0,-5399.97607421875
100000000000000000000001,1,920625000,0,-49,5.43029198911517,0,0,0.640056030273437,1.63,0,-5399.97607421875
100000000000000000000002,1,920625000,0,-45.5,1.05537878206532,0,0,0.640056030273437,1.63,0,-5399.97607421875
100000000000000000000004,1,920625000,0,-50.5,3.03114603686203,0,0,0.640056030273437,1.63,0,-5399.97607421875
100000000000000000000003,1,920625000,0,-48,2.41755372170777,0,0,0.640056030273437,1.63,0,-5399.97607421875
100000000000000000000005,1,920625000,0,-65.5,0.319068003880213,0,0,0.640056030273437,1.63,0,-5399.97607421875
100000000000000000000005,1,920625000,0,-64.5,0.546097160487288,0,0,0.640056030273437,1.63,0,-5399.97607421875
100000000000000000000000,1,920625000,0,-54,3.85949566232027,0,0,0.640056030273437,1.63,0,-5399.97607421875
100000000000000000000003,1,920625000,0,-48.5,2.41141779855623,0,0,0.640056030273437,1.63,0,-5399.97607421875
100000000000000000000001,1,920625000,0,-49,5.43029198911517,0,0,0.640056030273437,1.63,0,-5399.97607421875
100000000000000000000004,1,920625000,0,-50,3.0556897294682,0,0,0.640056030273437,1.63,0,-5399.97607421875
100000000000000000000002,1,920625000,0,-45.5,1.07378655151995,0,0,0.640056030273437,1.63,0,-5399.97607421875
100000000000000000000002,1,920625000,0,-45.5,1.04924285891378,0,0,0.640056030273437,1.63,0,-5399.97607421875
100000000000000000000003,1,920625000,0,-48.5,2.39914595225314,0,0,0.640056030273437,1.63,0,-5399.97607421875
100000000000000000000001,1,920625000,0,-49,5.4486997585698,0,0,0.640056030273437,1.63,0,-5399.97607421875
100000000000000000000004,1,920625000,0,-50.5,3.03728196001357,0,0,0.640056030273437,1.63,0,-5399.97607421875
100000000000000000000005,1,920625000,0,-65,0.589048622548086,0,0,0.640056030273437,1.63,0,-5399.97607421875
100000000000000000000000,1,920625000,0,-54.5,3.95767043274495,0,0,0.640056030273437,1.63,0,-5399.97607421875
100000000000000000000002,1,920625000,0,-45.5,1.06765062836841,0,0,0.640056030273437,1.63,0,-5399.97607421875
100000000000000000000004,1,920625000,0,-50,3.06796157577128,0,0,0.640056030273437,1.63,0,-5399.97607421875
100000000000000000000000,1,920625000,0,-54.5,3.92699081698724,0,0,0.640056030273437,1.63,0,-5399.97607421875
100000000000000000000003,1,920625000,0,-48.5,2.42368964485931,0,0,0.640056030273437,1.63,0,-5399.97607421875
100000000000000000000001,1,920625000,0,-49,5.42415606596363,0,0,0.640056030273437,1.63,0,-5399.97607421875
100000000000000000000005,1,920625000,0,-65,0.816077779155161,0,0,0.640056030273437,1.63,0,-5399.97607421875
100000000000000000000002,1,920625000,0,-45.5,1.06151470521686,0,0,0.640056030273437,1.63,0,-5399.97607421875
100000000000000000000005,1,920625000,0,-65.5,0.558369006790373,0,0,0.640056030273437,1.63,0,-5399.97607421875
100000000000000000000004,1,920625000,0,-50,3.0556897294682,0,0,0.640056030273437,1.63,0,-5399.97607421875
100000000000000000000000,1,920625000,0,-54.5,3.93312674013878,0,0,0.640056030273437,1.63,0,-5399.97607421875
100000000000000000000001,1,920625000,0,-49,5.43029198911517,0,0,0.640056030273437,1.63,0,-5399.97607421875
100000000000000000000003,1,920625000,0,-48.5,2.38073818279852,0,0,0.640056030273437,1.63,0,-5399.97607421875
100000000000000000000005,1,920625000,0,-64.5,0.607456392002714,0,0,0.640056030273437,1.63,0,-5399.97607421875
100000000000000000000002,1,920625000,0,-45.5,1.06151470521686,0,0,0.640056030273437,1.63,0,-5399.97607421875
100000000000000000000003,1,920625000,0,-48.5,2.41141779855623,0,0,0.640056030273437,1.63,0,-5399.97607421875
100000000000000000000001,1,920625000,0,-49,5.39347645020591,0,0,0.640056030273437,1.63,0,-5399.97607421875
100000000000000000000004,1,920625000,0,-50.5,3.0556897294682,0,0,0.640056030273437,1.63,0,-5399.97607421875
100000000000000000000000,1,920625000,0,-54.5,3.91471897068416,0,0,0.640056030273437,1.63,0,-5399.97607421875
100000000000000000000000,1,920625000,0,-54.5,3.93312674013878,0,0,0.640056030273437,1.63,0,-5399.97607421875
100000000000000000000004,1,920625000,0,-50,3.06182565261974,0,0,0.640056030273437,1.63,0,-5399.97607421875
100000000000000000000005,1,920625000,0,-65,0.50314569842649,0,0,0.640056030273437,1.63,0,-5399.97607421875
100000000000000000000001,1,920625000,0,-49,5.41802014281208,0,0,0.640056030273437,1.63,0,-5399.97607421875
100000000000000000000003,1,920625000,0,-48.5,2.39914595225314,0,0,0.640056030273437,1.63,0,-5399.97607421875
100000000000000000000002,1,920625000,0,-45.5,1.05537878206532,0,0,0.640056030273437,1.63,0,-5399.97607421875
100000000000000000000001,1,920625000,0,-49,5.41188421966054,0,0,0.640056030273437,1.63,0,-5399.97607421875
100000000000000000000000,1,920625000,0,-54,3.95153450959341,0,0,0.640056030273437,1.63,0,-5399.97607421875
100000000000000000000002,1,920625000,0,-45.5,1.06765062836841,0,0,0.640056030273437,1.63,0,-5399.97607421875
100000000000000000000005,1,920625000,0,-65.5,0.466330159517235,0,0,0.640056030273437,1.63,0,-5399.97607421875
100000000000000000000004,1,920625000,0,-50.5,3.07409749892282,0,0,0.640056030273437,1.63,0,-5399.97607421875
100000000000000000000003,1,920625000,0,-48.5,2.42368964485931,0,0,0.640056030273437,1.63,0,-5399.97607421875
100000000000000000000005,1,920625000,0,-66,0.539961237335746,0,0,0.640056030273437,1.63,0,-5399.97607421875
100000000000000000000003,1,920625000,0,-48.5,2.41141779855623,0,0,0.640056030273437,1.63,0,-5399.97607421875
100000000000000000000002,1,920625000,0,-45.5,1.06151470521686,0,0,0.640056030273437,1.63,0,-5399.97607421875
100000000000000000000001,1,920625000,0,-49,5.42415606596363,0,0,0.640056030273437,1.63,0,-5399.97607421875
100000000000000000000004,1,920625000,0,-50,3.06796157577128,0,0,0.640056030273437,1.63,0,-5399.97607421875
100000000000000000000000,1,920625000,0,-54,3.94539858644187,0,0,0.640056030273437,1.63,0,-5399.97607421875
100000000000000000000005,1,920625000,0,-66,0.595184545699629,0,0,0.640056030273437,1.63,0,-5399.97607421875
100000000000000000000001,1,920625000,0,-49,5.45483568172134,0,0,0.640056030273437,1.63,0,-5399.97607421875
100000000000000000000002,1,920625000,0,-45.5,1.08605839782303,0,0,0.640056030273437,1.63,0,-5399.97607421875
100000000000000000000000,1,920625000,0,-54.5,3.90244712438107,0,0,0.640056030273437,1.63,0,-5399.97607421875
100000000000000000000003,1,920625000,0,-48.5,2.40528187540469,0,0,0.640056030273437,1.63,0,-5399.97607421875
100000000000000000000004,1,920625000,0,-50,3.06182565261974,0,0,0.640056030273437,1.63,0,-5399.97607421875
100000000000000000000005,1,920625000,0,-65.5,0.558369006790373,0,0,0.640056030273437,1.63,0,-5399.97607421875
100000000000000000000003,1,920625000,0,-48.5,2.42368964485931,0,0,0.640056030273437,1.63,0,-5399.97607421875
100000000000000000000000,1,920625000,0,-54.5,3.91471897068416,0,0,0.640056030273437,1.63,0,-5399.97607421875
100000000000000000000004,1,920625000,0,-50.5,3.06796157577128,0,0,0.640056030273437,1.63,0,-5399.97607421875
100000000000000000000002,1,920625000,0,-45.5,1.06765062836841,0,0,0.640056030273437,1.63,0,-5399.97607421875
100000000000000000000001,1,920625000,0,-49,5.405748296509,0,0,0.640056030273437,1.63,0,-5399.97607421875
100000000000000000000001,1,920625000,0,-49,5.4486997585698,0,0,0.640056030273437,1.63,0,-5399.97607421875
100000000000000000000005,1,920625000,0,-65,0.687223392972768,0,0,0.640056030273437,1.63,0,-5399.97607421875
100000000000000000000000,1,920625000,0,-54,3.93926266329033,0,0,0.640056030273437,1.63,0,-5399.97607421875
100000000000000000000004,1,920625000,0,-50,3.06182565261974,0,0,0.640056030273437,1.63,0,-5399.97607421875
100000000000000000000002,1,920625000,0,-45.5,1.05537878206532,0,0,0.640056030273437,1.63,0,-5399.97607421875
100000000000000000000003,1,920625000,0,-48.5,2.42368964485931,0,0,0.640056030273437,1.63,0,-5399.97607421875
100000000000000000000000,1,920625000,0,-54.5,3.87176750862336,0,0,0.640056030273437,1.63,0,-5399.97607421875
100000000000000000000004,1,920625000,0,-50,3.06182565261974,0,0,0.640056030273437,1.63,0,-5399.97607421875
100000000000000000000003,1,920625000,0,-48.5,2.40528187540469,0,0,0.640056030273437,1.63,0,-5399.97607421875
100000000000000000000002,1,920625000,0,-45.5,1.07378655151995,0,0,0.640056030273437,1.63,0,-5399.97607421875
100000000000000000000001,1,920625000,0,-49,5.41802014281208,0,0,0.640056030273437,1.63,0,-5399.97607421875
100000000000000000000005,1,920625000,0,-65,0.552233083638831,0,0,0.640056030273437,1.63,0,-5399.97607421875
100000000000000000000004,1,920625000,0,-50,3.06182565261974,0,0,0.640056030273437,1.63,0,-5399.97607421875
100000000000000000000002,1,920625000,0,-45.5,1.04924285891378,0,0,0.640056030273437,1.63,0,-5399.97607421875
100000000000000000000003,1,920625000,0,-48.5,2.40528187540469,0,0,0.640056030273437,1.63,0,-5399.97607421875
100000000000000000000005,1,920625000,0,-65.5,0.306796157577129,0,0,0.640056030273437,1.63,0,-5399.97607421875
100000000000000000000000,1,920625000,0,-54,3.91471897068416,0,0,0.640056030273437,1.63,0,-5399.97607421875
100000000000000000000001,1,920625000,0,-49,5.42415606596363,0,0,0.640056030273437,1.63,0,-5399.97607421875
100000000000000000000002,1,920625000,0,-45.5,1.04924285891378,0,0,0.640056030273437,1.63,0,-5399.97607421875
100000000000000000000004,1,920625000,0,-50.5,3.0556897294682,0,0,0.640056030273437,1.63,0,-5399.97607421875
100000000000000000000000,1,920625000,0,-54.5,3.9208548938357,0,0,0.640056030273437,1.63,0,-5399.97607421875
100000000000000000000005,1,920625000,0,-65.5,0.619728238305799,0,0,0.640056030273437,1.63,0,-5399.97607421875
100000000000000000000003,1,920625000,0,-48.5,2.39914595225314,0,0,0.640056030273437,1.63,0,-5399.97607421875
100000000000000000000001,1,920625000,0,-49,5.42415606596363,0,0,0.640056030273437,1.63,0,-5399.97607421875
100000000000000000000005,1,920625000,0,-64.5,0.613592315154256,0,0,0.640056030273437,1.63,0,-5399.97607421875
100000000000000000000002,1,920625000,0,-45.5,1.06765062836841,0,0,0.640056030273437,1.63,0,-5399.97607421875
100000000000000000000003,1,920625000,0,-48.5,2.4359614911624,0,0,0.640056030273437,1.63,0,-5399.97607421875
100000000000000000000001,1,920625000,0,-49,5.41188421966054,0,0,0.640056030273437,1.63,0,-5399.97607421875
100000000000000000000000,1,920625000,0,-54.5,3.92699081698724,0,0,0.640056030273437,1.63,0,-5399.97607421875
100000000000000000000004,1,920625000,0,-50,3.0556897294682,0,0,0.640056030273437,1.63,0,-5399.97607421875
100000000000000000000002,1,920625000,0,-45.5,1.06151470521686,0,0,0.640056030273437,1.63,0,-5399.97607421875
100000000000000000000004,1,920625000,0,-50,3.04955380631665,0,0,0.640056030273437,1.63,0,-5399.97607421875
100000000000000000000003,1,920625000,0,-48.5,2.41755372170777,0,0,0.640056030273437,1.63,0,-5399.97607421875
100000000000000000000000,1,920625000,0,-54,3.9208548938357,0,0,0.640056030273437,1.63,0,-5399.97607421875
100000000000000000000001,1,920625000,0,-49,5.41188421966054,0,0,0.640056030273437,1.63,0,-5399.97607421875
100000000000000000000005,1,920625000,0,-65.5,0.791534086548991,0,0,0.640056030273437,1.63,0,-5399.97607421875
100000000000000000000001,1,920625000,0,-49,5.43642791226671,0,0,0.640056030273437,1.63,0,-5399.97607421875
100000000000000000000005,1,920625000,0,-65.5,0.527689391032661,0,0,0.640056030273437,1.63,0,-5399.97607421875
100000000000000000000003,1,920625000,0,-48,2.42368964485931,0,0,0.640056030273437,1.63,0,-5399.97607421875
100000000000000000000002,1,920625000,0,-45.5,1.07378655151995,0,0,0.640056030273437,1.63,0,-5399.97607421875
100000000000000000000000,1,920625000,0,-54.5,3.89631120122953,0,0,0.640056030273437,1.63,0,-5399.97607421875
100000000000000000000004,1,920625000,0,-50.5,3.04955380631665,0,0,0.640056030273437,1.63,0,-5399.97607421875
100000000000000000000003,1,920625000,0,-48,2.42368964485931,0,0,0.640056030273437,1.63,0,-5399.97607421875
100000000000000000000001,1,920625000,0,-49,5.43642791226671,0,0,0.640056030273437,1.63,0,-5399.97607421875
100000000000000000000002,1,920625000,0,-45.5,1.07992247467149,0,0,0.640056030273437,1.63,0,-5399.97607421875
100000000000000000000000,1,920625000,0,-54,3.92699081698724,0,0,0.640056030273437,1.63,0,-5399.97607421875
100000000000000000000004,1,920625000,0,-50,3.08023342207437,0,0,0.640056030273437,1.63,0,-5399.97607421875
100000000000000000000005,1,920625000,0,-65.5,0.576776776245001,0,0,0.640056030273437,1.63,0,-5399.97607421875
100000000000000000000004,1,920625000,0,-50,3.0556897294682,0,0,0.640056030273437,1.63,0,-5399.97607421875
100000000000000000000003,1,920625000,0,-48.5,2.41141779855623,0,0,0.640056030273437,1.63,0,-5399.97607421875
100000000000000000000002,1,920625000,0,-45.5,1.06765062836841,0,0,0.640056030273437,1.63,0,-5399.97607421875
100000000000000000000001,1,920625000,0,-49,5.44256383541826,0,0,0.640056030273437,1.63,0,-5399.97607421875
100000000000000000000005,1,920625000,0,-65.5,0.625864161457342,0,0,0.640056030273437,1.63,0,-5399.97607421875
100000000000000000000000,1,920625000,0,-54,3.91471897068416,0,0,0.640056030273437,1.63,0,-5399.97607421875
100000000000000000000002,1,920625000,0,-45.5,1.06151470521686,0,0,0.640056030273437,1.63,0,-5399.97607421875
100000000000000000000005,1,920625000,0,-66,0.625864161457342,0,0,0.640056030273437,1.63,0,-5399.97607421875
100000000000000000000000,1,920625000,0,-54.5,3.88403935492644,0,0,0.640056030273437,1.63,0,-5399.97607421875
100000000000000000000001,1,920625000,0,-49,5.46097160487288,0,0,0.640056030273437,1.63,0,-5399.97607421875
100000000000000000000004,1,920625000,0,-50,3.06796157577128,0,0,0.640056030273437,1.63,0,-5399.97607421875
100000000000000000000003,1,920625000,0,-48,2.41755372170777,0,0,0.640056030273437,1.63,0,-5399.97607421875
100000000000000000000003,1,920625000,0,-48.5,2.40528187540469,0,0,0.640056030273437,1.63,0,-5399.97607421875
100000000000000000000001,1,920625000,0,-49,5.44256383541826,0,0,0.640056030273437,1.63,0,-5399.97607421875
100000000000000000000004,1,920625000,0,-50,3.06796157577128,0,0,0.640056030273437,1.63,0,-5399.97607421875
100000000000000000000005,1,920625000,0,-65,0.533825314184203,0,0,0.640056030273437,1.63,0,-5399.97607421875
100000000000000000000000,1,920625000,0,-54,3.93926266329033,0,0,0.640056030273437,1.63,0,-5399.97607421875
100000000000000000000002,1,920625000,0,-45.5,1.06151470521686,0,0,0.640056030273437,1.63,0,-5399.97607421875
100000000000000000000000,1,920625000,0,-54.5,3.91471897068416,0,0,0.640056030273437,1.63,0,-5399.97607421875
100000000000000000000004,1,920625000,0,-50,3.0556897294682,0,0,0.640056030273437,1.63,0,-5399.97607421875
100000000000000000000001,1,920625000,0,-49,5.41188421966054,0,0,0.640056030273437,1.63,0,-5399.97607421875
100000000000000000000003,1,920625000,0,-48,2.41755372170777,0,0,0.640056030273437,1.63,0,-5399.97607421875
100000000000000000000002,1,920625000,0,-45.5,1.07992247467149,0,0,0.640056030273437,1.63,0,-5399.97607421875
100000000000000000000005,1,920625000,0,-65,0.558369006790373,0,0,0.640056030273437,1.63,0,-5399.97607421875
100000000000000000000004,1,920625000,0,-50.5,3.06182565261974,0,0,0.640056030273437,1.63,0,-5399.97607421875
100000000000000000000001,1,920625000,0,-49,5.41188421966054,0,0,0.640056030273437,1.63,0,-5399.97607421875
100000000000000000000005,1,920625000,0,-65.5,0.466330159517235,0,0,0.640056030273437,1.63,0,-5399.97607421875
100000000000000000000003,1,920625000,0,-48.5,2.4359614911624,0,0,0.640056030273437,1.63,0,-5399.97607421875
100000000000000000000002,1,920625000,0,-45.5,1.05537878206532,0,0,0.640056030273437,1.63,0,-5399.97607421875
100000000000000000000000,1,920625000,0,-54,3.91471897068416,0,0,0.640056030273437,1.63,0,-5399.97607421875
100000000000000000000001,1,920625000,0,-49,5.39961237335746,0,0,0.640056030273437,1.63,0,-5399.97607421875
100000000000000000000000,1,920625000,0,-54,3.8779034317749,0,0,0.640056030273437,1.63,0,-5399.97607421875
100000000000000000000003,1,920625000,0,-48.5,2.4359614911624,0,0,0.640056030273437,1.63,0,-5399.97607421875
100000000000000000000004,1,920625000,0,-50.5,3.04341788316511,0,0,0.640056030273437,1.63,0,-5399.97607421875
100000000000000000000002,1,920625000,0,-45.5,1.05537878206532,0,0,0.640056030273437,1.63,0,-5399.97607421875
100000000000000000000005,1,920625000,0,-65.5,0.638136007760426,0,0,0.640056030273437,1.63,0,-5399.97607421875
100000000000000000000004,1,920625000,0,-50,3.0556897294682,0,0,0.640056030273437,1.63,0,-5399.97607421875
100000000000000000000001,1,920625000,0,-49,5.43029198911517,0,0,0.640056030273437,1.63,0,-5399.97607421875
100000000000000000000005,1,920625000,0,-65,0.546097160487288,0,0,0.640056030273437,1.63,0,-5399.97607421875
100000000000000000000002,1,920625000,0,-45.5,1.07378655151995,0,0,0.640056030273437,1.63,0,-5399.97607421875
100000000000000000000003,1,921125000,0,-48,2.67526249407256,0,0,0.640056030273437,1.63,0,-5399.97607421875
100000000000000000000000,1,921125000,0,-53.5,4.22765105141283,0,0,0.640056030273437,1.63,0,-5399.97607421875
100000000000000000000001,1,921125000,0,-48.5,5.6511852225707,0,0,0.640056030273437,1.63,0,-5399.97607421875
100000000000000000000005,1,921125000,0,-66,0.74244670133665,0,0,0.640056030273437,1.63,0,-5399.97607421875
100000000000000000000004,1,921125000,0,-50,3.29499073237836,0,0,0.640056030273437,1.63,0,-5399.97607421875
100000000000000000000003,1,921125000,0,-48,2.6813984172241,0,0,0.640056030273437,1.63,0,-5399.97607421875
100000000000000000000002,1,921125000,0,-45.5,1.25172832291468,0,0,0.640056030273437,1.63,0,-5399.97607421875
100000000000000000000000,1,921125000,0,-53.5,4.21537920510974,0,0,0.640056030273437,1.63,0,-5399.97607421875
100000000000000000000004,1,921125000,0,-50,3.24590334716602,0,0,0.640056030273437,1.63,0,-5399.97607421875
100000000000000000000000,1,921125000,0,-53.5,4.21537920510974,0,0,0.640056030273437,1.63,0,-5399.97607421875
100000000000000000000002,1,921125000,0,-45.5,1.27013609236931,0,0,0.640056030273437,1.63,0,-5399.97607421875
100000000000000000000003,1,921125000,0,-48,2.66912657092102,0,0,0.640056030273437,1.63,0,-5399.97607421875
100000000000000000000001,1,921125000,0,-48.5,5.65732114572224,0,0,0.640056030273437,1.63,0,-5399.97607421875
100000000000000000000005,1,921125000,0,-65,0.773126317094363,0,0,0.640056030273437,1.63,0,-5399.97607421875
100000000000000000000003,1,921125000,0,-48,2.64458287831485,0,0,0.640056030273437,1.63,0,-5399.97607421875
100000000000000000000004,1,921125000,0,-50,3.25203927031756,0,0,0.640056030273437,1.63,0,-5399.97607421875
100000000000000000000000,1,921125000,0,-53.5,4.2092432819582,0,0,0.640056030273437,1.63,0,-5399.97607421875
100000000000000000000002,1,921125000,0,-45.5,1.24559239976314,0,0,0.640056030273437,1.63,0,-5399.97607421875
100000000000000000000001,1,921125000,0,-48.5,5.68186483832841,0,0,0.640056030273437,1.63,0,-5399.97607421875
100000000000000000000005,1,921125000,0,-65,0.785398163397448,0,0,0.640056030273437,1.63,0,-5399.97607421875
100000000000000000000004,1,921125000,0,-50,3.27044703977219,0,0,0.640056030273437,1.63,0,-5399.97607421875
100000000000000000000003,1,921125000,0,-48,2.67526249407256,0,0,0.640056030273437,1.63,0,-5399.97607421875
100000000000000000000001,1,921125000,0,-48.5,5.63277745311607,0,0,0.640056030273437,1.63,0,-5399.97607421875
100000000000000000000005,1,921125000,0,-66,0.69335931612431,0,0,0.640056030273437,1.63,0,-5399.97607421875
100000000000000000000000,1,921125000,0,-53.5,4.23992289771591,0,0,0.640056030273437,1.63,0,-5399.97607421875
100000000000000000000002,1,921125000,0,-45.5,1.2394564766116,0,0,0.640056030273437,1.63,0,-5399.97607421875
100000000000000000000002,1,921125000,0,-45.5,1.24559239976314,0,0,0.640056030273437,1.63,0,-5399.97607421875
100000000000000000000001,1,921125000,0,-48.5,5.66345706887379,0,0,0.640056030273437,1.63,0,-5399.97607421875
100000000000000000000004,1,921125000,0,-49.5,3.27658296292373,0,0,0.640056030273437,1.63,0,-5399.97607421875
100000000000000000000003,1,921125000,0,-48,2.65685472461793,0,0,0.640056030273437,1.63,0,-5399.97607421875
100000000000000000000000,1,921125000,0,-53.5,4.22151512826128,0,0,0.640056030273437,1.63,0,-5399.97607421875
100000000000000000000005,1,921125000,0,-65.5,0.754718547639736,0,0,0.640056030273437,1.63,0,-5399.97607421875
100000000000000000000000,1,921125000,0,-53.5,4.20310735880666,0,0,0.640056030273437,1.63,0,-5399.97607421875
100000000000000000000005,1,921125000,0,-65.5,0.773126317094363,0,0,0.640056030273437,1.63,0,-5399.97607421875
100000000000000000000003,1,921125000,0,-48,2.67526249407256,0,0,0.640056030273437,1.63,0,-5399.97607421875
100000000000000000000002,1,921125000,0,-45.5,1.24559239976314,0,0,0.640056030273437,1.63,0,-5399.97607421875
100000000000000000000001,1,921125000,0,-48.5,5.68800076147996,0,0,0.640056030273437,1.63,0,-5399.97607421875
100000000000000000000004,1,921125000,0,-50,3.23976742401447,0,0,0.640056030273437,1.63,0,-5399.97607421875
100000000000000000000002,1,921125000,0,-45.5,1.26400016921777,0,0,0.640056030273437,1.63,0,-5399.97607421875
100000000000000000000000,1,921125000,0,-53.5,4.22765105141283,0,0,0.640056030273437,1.63,0,-5399.97607421875
100000000000000000000005,1,921125000,0,-65.5,0.613592315154256,0,0,0.640056030273437,1.63,0,-5399.97607421875
100000000000000000000001,1,921125000,0,-48.5,5.66345706887379,0,0,0.640056030273437,1.63,0,-5399.97607421875
100000000000000000000003,1,921125000,0,-48,2.66912657092102,0,0,0.640056030273437,1.63,0,-5399.97607421875
100000000000000000000004,1,921125000,0,-50,3.28885480922681,0,0,0.640056030273437,1.63,0,-5399.97607421875
100000000000000000000002,1,921125000,0,-45.5,1.25172832291468,0,0,0.640056030273437,1.63,0,-5399.97607421875
100000000000000000000004,1,921125000,0,-50,3.28271888607527,0,0,0.640056030273437,1.63,0,-5399.97607421875
100000000000000000000001,1,921125000,0,-48.5,5.66345706887379,0,0,0.640056030273437,1.63,0,-5399.97607421875
100000000000000000000000,1,921125000,0,-54,4.2092432819582,0,0,0.640056030273437,1.63,0,-5399.97607421875
100000000000000000000003,1,921125000,0,-48,2.66299064776947,0,0,0.640056030273437,1.63,0,-5399.97607421875
100000000000000000000005,1,921125000,0,-65.5,0.69335931612431,0,0,0.640056030273437,1.63,0,-5399.97607421875
100000000000000000000000,1,921125000,0,-53.5,4.21537920510974,0,0,0.640056030273437,1.63,0,-5399.97607421875
100000000000000000000005,1,921125000,0,-66,0.76699039394282,0,0,0.640056030273437,1.63,0,-5399.97607421875
100000000000000000000003,1,921125000,0,-48,2.6813984172241,0,0,0.640056030273437,1.63,0,-5399.97607421875
100000000000000000000001,1,921125000,0,-49,5.68800076147996,0,0,0.640056030273437,1.63,0,-5399.97607421875
100000000000000000000002,1,921125000,0,-45.5,1.25786424606623,0,0,0.640056030273437,1.63,0,-5399.97607421875
100000000000000000000004,1,921125000,0,-50,3.23363150086293,0,0,0.640056030273437,1.63,0,-5399.97607421875
100000000000000000000004,1,921125000,0,-50,3.24590334716602,0,0,0.640056030273437,1.63,0,-5399.97607421875
100000000000000000000002,1,921125000,0,-45.5,1.24559239976314,0,0,0.640056030273437,1.63,0,-5399.97607421875
100000000000000000000005,1,921125000,0,-65.5,0.895844780125215,0,0,0.640056030273437,1.63,0,-5399.97607421875
100000000000000000000000,1,921125000,0,-54,4.21537920510974,0,0,0.640056030273437,1.63,0,-5399.97607421875
100000000000000000000003,1,921125000,0,-48,2.6813984172241,0,0,0.640056030273437,1.63,0,-5399.97607421875
100000000000000000000001,1,921125000,0,-48.5,5.67572891517687,0,0,0.640056030273437,1.63,0,-5399.97607421875
100000000000000000000003,1,921125000,0,-48,2.69367026352719,0,0,0.640056030273437,1.63,0,-5399.97607421875
100000000000000000000001,1,921125000,0,-48.5,5.67572891517687,0,0,0.640056030273437,1.63,0,-5399.97607421875
100000000000000000000000,1,921125000,0,-53.5,4.2092432819582,0,0,0.640056030273437,1.63,0,-5399.97607421875
100000000000000000000002,1,921125000,0,-45.5,1.24559239976314,0,0,0.640056030273437,1.63,0,-5399.97607421875
100000000000000000000004,1,921125000,0,-49.5,3.25203927031756,0,0,0.640056030273437,1.63,0,-5399.97607421875
100000000000000000000005,1,921125000,0,-65.5,0.834485548609789,0,0,0.640056030273437,1.63,0,-5399.97607421875
100000000000000000000005,1,921125000,0,-65.5,0.828349625458246,0,0,0.640056030273437,1.63,0,-5399.97607421875
100000000000000000000001,1,921125000,0,-48.5,5.68186483832841,0,0,0.640056030273437,1.63,0,-5399.97607421875
100000000000000000000000,1,921125000,0,-54,4.22151512826128,0,0,0.640056030273437,1.63,0,-5399.97607421875
100000000000000000000002,1,921125000,0,-45.5,1.25786424606623,0,0,0.640056030273437,1.63,0,-5399.97607421875
100000000000000000000003,1,921125000,0,-48,2.65685472461793,0,0,0.640056030273437,1.63,0,-5399.97607421875
100000000000000000000004,1,921125000,0,-50,3.27044703977219,0,0,0.640056030273437,1.63,0,-5399.97607421875
100000000000000000000000,1,921125000,0,-54,4.23378697456437,0,0,0.640056030273437,1.63,0,-5399.97607421875
100000000000000000000004,1,921125000,0,-50,3.26431111662064,0,0,0.640056030273437,1.63,0,-5399.97607421875
100000000000000000000002,1,921125000,0,-45.5,1.25786424606623,0,0,0.640056030273437,1.63,0,-5399.97607421875
100000000000000000000001,1,921125000,0,-48.5,5.66345706887379,0,0,0.640056030273437,1.63,0,-5399.97607421875
100000000000000000000003,1,921125000,0,-48,2.66299064776947,0,0,0.640056030273437,1.63,0,-5399.97607421875
100000000000000000000005,1,921125000,0,-65.5,0.76699039394282,0,0,0.640056030273437,1.63,0,-5399.97607421875
100000000000000000000004,1,921125000,0,-50,3.25203927031756,0,0,0.640056030273437,1.63,0,-5399.97607421875
100000000000000000000000,1,921125000,0,-53.5,4.24605882086745,0,0,0.640056030273437,1.63,0,-5399.97607421875
100000000000000000000005,1,921125000,0,-65,0.748582624488193,0,0,0.640056030273437,1.63,0,-5399.97607421875
100000000000000000000001,1,921125000,0,-48.5,5.67572891517687,0,0,0.640056030273437,1.63,0,-5399.97607421875
100000000000000000000002,1,921125000,0,-45.5,1.25786424606623,0,0,0.640056030273437,1.63,0,-5399.97607421875
100000000000000000000003,1,921125000,0,-48,2.66299064776947,0,0,0.640056030273437,1.63,0,-5399.97607421875
100000000000000000000000,1,921125000,0,-53.5,4.2092432819582,0,0,0.640056030273437,1.63,0,-5399.97607421875
100000000000000000000002,1,921125000,0,-45.5,1.25172832291468,0,0,0.640056030273437,1.63,0,-5399.97607421875
100000000000000000000004,1,921125000,0,-50,3.27658296292373,0,0,0.640056030273437,1.63,0,-5399.97607421875
100000000000000000000005,1,921125000,0,-65,0.705631162427395,0,0,0.640056030273437,1.63,0,-5399.97607421875
100000000000000000000003,1,921125000,0,-48,2.6813984172241,0,0,0.640056030273437,1.63,0,-5399.97607421875
100000000000000000000001,1,921125000,0,-48.5,5.68800076147996,0,0,0.640056030273437,1.63,0,-5399.97607421875
100000000000000000000002,1,921125000,0,-45.5,1.24559239976314,0,0,0.640056030273437,1.63,0,-5399.97607421875
100000000000000000000001,1,921125000,0,-48.5,5.64504929941916,0,0,0.640056030273437,1.63,0,-5399.97607421875
100000000000000000000005,1,921125000,0,-66,0.803805932852076,0,0,0.640056030273437,1.63,0,-5399.97607421875
100000000000000000000003,1,921125000,0,-48,2.68753434037564,0,0,0.640056030273437,1.63,0,-5399.97607421875
100000000000000000000004,1,921125000,0,-50,3.2581751934691,0,0,0.640056030273437,1.63,0,-5399.97607421875
100000000000000000000000,1,921125000,0,-54,4.20310735880666,0,0,0.640056030273437,1.63,0,-5399.97607421875
100000000000000000000005,1,921125000,0,-65.5,0.951068088489097,0,0,0.640056030273437,1.63,0,-5399.97607421875
100000000000000000000004,1,921125000,0,-50,3.24590334716602,0,0,0.640056030273437,1.63,0,-5399.97607421875
100000000000000000000003,1,921125000,0,-47.5,2.66912657092102,0,0,0.640056030273437,1.63,0,-5399.97607421875
100000000000000000000002,1,921125000,0,-45.5,1.2394564766116,0,0,0.640056030273437,1.63,0,-5399.97607421875
100000000000000000000000,1,921125000,0,-53.5,4.22765105141283,0,0,0.640056030273437,1.63,0,-5399.97607421875
100000000000000000000001,1,921125000,0,-48.5,5.66959299202533,0,0,0.640056030273437,1.63,0,-5399.97607421875
100000000000000000000002,1,921125000,0,-45.5,1.24559239976314,0,0,0.640056030273437,1.63,0,-5399.97607421875
100000000000000000000003,1,921125000,0,-48,2.65071880146639,0,0,0.640056030273437,1.63,0,-5399.97607421875
100000000000000000000004,1,921125000,0,-50,3.28885480922681,0,0,0.640056030273437,1.63,0,-5399.97607421875
100000000000000000000001,1,921125000,0,-48.5,5.66959299202533,0,0,0.640056030273437,1.63,0,-5399.97607421875
100000000000000000000005,1,921125000,0,-66,0.724038931882022,0,0,0.640056030273437,1.63,0,-5399.97607421875
100000000000000000000000,1,921125000,0,-53.5,4.23992289771591,0,0,0.640056030273437,1.63,0,-5399.97607421875
100000000000000000000003,1,921125000,0,-48,2.69367026352719,0,0,0.640056030273437,1.63,0,-5399.97607421875
100000000000000000000000,1,921125000,0,-53.5,4.21537920510974,0,0,0.640056030273437,1.63,0,-5399.97607421875
100000000000000000000001,1,921125000,0,-48.5,5.67572891517687,0,0,0.640056030273437,1.63,0,-5399.97607421875
100000000000000000000002,1,921125000,0,-45.5,1.25172832291468,0,0,0.640056030273437,1.63,0,-5399.97607421875
100000000000000000000004,1,921125000,0,-50,3.22749557771139,0,0,0.640056030273437,1.63,0,-5399.97607421875
100000000000000000000005,1,921125000,0,-65.5,0.791534086548991,0,0,0.640056030273437,1.63,0,-5399.97607421875
100000000000000000000000,1,921125000,0,-53.5,4.22765105141283,0,0,0.640056030273437,1.63,0,-5399.97607421875
100000000000000000000002,1,921125000,0,-45.5,1.25172832291468,0,0,0.640056030273437,1.63,0,-5399.97607421875
100000000000000000000005,1,921125000,0,-65.5,0.816077779155161,0,0,0.640056030273437,1.63,0,-5399.97607421875
100000000000000000000001,1,921125000,0,-48.5,5.65732114572224,0,0,0.640056030273437,1.63,0,-5399.97607421875
100000000000000000000003,1,921125000,0,-48,2.68753434037564,0,0,0.640056030273437,1.63,0,-5399.97607421875
100000000000000000000004,1,921125000,0,-50,3.27658296292373,0,0,0.640056030273437,1.63,0,-5399.97607421875
100000000000000000000003,1,921125000,0,-48,2.69980618667873,0,0,0.640056030273437,1.63,0,-5399.97607421875
100000000000000000000002,1,921125000,0,-45.5,1.23332055346006,0,0,0.640056030273437,1.63,0,-5399.97607421875
100000000000000000000000,1,921125000,0,-53.5,4.23378697456437,0,0,0.640056030273437,1.63,0,-5399.97607421875
100000000000000000000001,1,921125000,0,-48.5,5.66345706887379,0,0,0.640056030273437,1.63,0,-5399.97607421875
100000000000000000000004,1,921125000,0,-50,3.2581751934691,0,0,0.640056030273437,1.63,0,-5399.97607421875
100000000000000000000005,1,921125000,0,-65.5,0.748582624488193,0,0,0.640056030273437,1.63,0,-5399.97607421875
100000000000000000000002,1,921125000,0,-45,1.24559239976314,0,0,0.640056030273437,1.63,0,-5399.97607421875
100000000000000000000001,1,921125000,0,-48.5,5.66345706887379,0,0,0.640056030273437,1.63,0,-5399.97607421875
100000000000000000000005,1,921125000,0,-65,0.834485548609789,0,0,0.640056030273437,1.63,0,-5399.97607421875
100000000000000000000003,1,921125000,0,-48,2.66299064776947,0,0,0.640056030273437,1.63,0,-5399.97607421875
100000000000000000000004,1,921125000,0,-50,3.20908780825676,0,0,0.640056030273437,1.63,0,-5399.97607421875
100000000000000000000000,1,921125000,0,-54,4.22151512826128,0,0,0.640056030273437,1.63,0,-5399.97607421875
100000000000000000000002,1,921125000,0,-45.5,1.22718463030851,0,0,0.640056030273437,1.63,0,-5399.97607421875
100000000000000000000004,1,921125000,0,-50,3.25203927031756,0,0,0.640056030273437,1.63,0,-5399.97607421875
100000000000000000000005,1,921125000,0,-66,0.736310778185108,0,0,0.640056030273437,1.63,0,-5399.97607421875
100000000000000000000003,1,921125000,0,-48,2.68753434037564,0,0,0.640056030273437,1.63,0,-5399.97607421875
100000000000000000000001,1,921125000,0,-48.5,5.68186483832841,0,0,0.640056030273437,1.63,0,-5399.97607421875
100000000000000000000000,1,921125000,0,-53.5,4.22151512826128,0,0,0.640056030273437,1.63,0,-5399.97607421875
100000000000000000000004,1,921125000,0,-50,3.28271888607527,0,0,0.640056030273437,1.63,0,-5399.97607421875
100000000000000000000002,1,921125000,0,-45.5,1.25786424606623,0,0,0.640056030273437,1.63,0,-5399.97607421875
100000000000000000000000,1,921125000,0,-53.5,4.23992289771591,0,0,0.640056030273437,1.63,0,-5399.97607421875
100000000000000000000001,1,921125000,0,-48.5,5.66345706887379,0,0,0.640056030273437,1.63,0,-5399.97607421875
100000000000000000000003,1,921125000,0,-48,2.66299064776947,0,0,0.640056030273437,1.63,0,-5399.97607421875
100000000000000000000005,1,921125000,0,-66,0.785398163397448,0,0,0.640056030273437,1.63,0,-5399.97607421875
100000000000000000000003,1,921125000,0,-48,2.67526249407256,0,0,0.640056030273437,1.63,0,-5399.97607421875
100000000000000000000005,1,921125000,0,-65,0.785398163397448,0,0,0.640056030273437,1.63,0,-5399.97607421875
100000000000000000000000,1,921125000,0,-54,4.20310735880666,0,0,0.640056030273437,1.63,0,-5399.97607421875
100000000000000000000001,1,921125000,0,-48.5,5.63277745311607,0,0,0.640056030273437,1.63,0,-5399.97607421875
100000000000000000000002,1,921125000,0,-45.5,1.24559239976314,0,0,0.640056030273437,1.63,0,-5399.97607421875
100000000000000000000004,1,921125000,0,-50,3.23976742401447,0,0,0.640056030273437,1.63,0,-5399.97607421875
100000000000000000000004,1,921125000,0,-50,3.25203927031756,0,0,0.640056030273437,1.63,0,-5399.97607421875
100000000000000000000002,1,921125000,0,-45.5,1.23332055346006,0,0,0.640056030273437,1.63,0,-5399.97607421875
100000000000000000000001,1,921125000,0,-48.5,5.65732114572224,0,0,0.640056030273437,1.63,0,-5399.97607421875
100000000000000000000000,1,921125000,0,-53.5,4.19697143565511,0,0,0.640056030273437,1.63,0,-5399.97607421875
100000000000000000000005,1,921125000,0,-65.5,0.705631162427395,0,0,0.640056030273437,1.63,0,-5399.97607421875
100000000000000000000003,1,921125000,0,-48,2.6813984172241,0,0,0.640056030273437,1.63,0,-5399.97607421875
100000000000000000000001,1,921125000,0,-48.5,5.66959299202533,0,0,0.640056030273437,1.63,0,-5399.97607421875
100000000000000000000003,1,921125000,0,-47.5,2.66912657092102,0,0,0.640056030273437,1.63,0,-5399.97607421875
100000000000000000000004,1,921125000,0,-50,3.25203927031756,0,0,0.640056030273437,1.63,0,-5399.97607421875
100000000000000000000002,1,921125000,0,-45.5,1.2394564766116,0,0,0.640056030273437,1.63,0,-5399.97607421875
100000000000000000000005,1,921125000,0,-65,0.748582624488193,0,0,0.640056030273437,1.63,0,-5399.97607421875
100000000000000000000000,1,921125000,0,-53.5,4.17856366620049,0,0,0.640056030273437,1.63,0,-5399.97607421875
100000000000000000000002,1,921125000,0,-45.5,1.25172832291468,0,0,0.640056030273437,1.63,0,-5399.97607421875
100000000000000000000000,1,921125000,0,-53.5,4.19697143565511,0,0,0.640056030273437,1.63,0,-5399.97607421875
100000000000000000000003,1,921125000,0,-48,2.65685472461793,0,0,0.640056030273437,1.63,0,-5399.97607421875
100000000000000000000001,1,921125000,0,-48.5,5.66345706887379,0,0,0.640056030273437,1.63,0,-5399.97607421875
100000000000000000000004,1,921125000,0,-50,3.28271888607527,0,0,0.640056030273437,1.63,0,-5399.97607421875
100000000000000000000005,1,921125000,0,-65.5,0.852893318064416,0,0,0.640056030273437,1.63,0,-5399.97607421875
100000000000000000000001,1,921125000,0,-48.5,5.67572891517687,0,0,0.640056030273437,1.63,0,-5399.97607421875
100000000000000000000005,1,921125000,0,-65.5,0.681087469821224,0,0,0.640056030273437,1.63,0,-5399.97607421875
100000000000000000000003,1,921125000,0,-48,2.66299064776947,0,0,0.640056030273437,1.63,0,-5399.97607421875
100000000000000000000004,1,921125000,0,-50,3.26431111662064,0,0,0.640056030273437,1.63,0,-5399.97607421875
100000000000000000000000,1,921125000,0,-53.5,4.22151512826128,0,0,0.640056030273437,1.63,0,-5399.97607421875
100000000000000000000002,1,921125000,0,-45.5,1.25172832291468,0,0,0.640056030273437,1.63,0,-5399.97607421875
100000000000000000000000,1,921125000,0,-53.5,4.19697143565511,0,0,0.640056030273437,1.63,0,-5399.97607421875
100000000000000000000002,1,921125000,0,-45.5,1.2394564766116,0,0,0.640056030273437,1.63,0,-5399.97607421875
100000000000000000000001,1,921125000,0,-48.5,5.66959299202533,0,0,0.640056030273437,1.63,0,-5399.97607421875
100000000000000000000003,1,921125000,0,-48,2.64458287831485,0,0,0.640056030273437,1.63,0,-5399.97607421875
100000000000000000000004,1,921125000,0,-50,3.22135965455985,0,0,0.640056030273437,1.63,0,-5399.97607421875
100000000000000000000005,1,921125000,0,-65.5,0.754718547639736,0,0,0.640056030273437,1.63,0,-5399.97607421875
100000000000000000000002,1,921125000,0,-45.5,1.25172832291468,0,0,0.640056030273437,1.63,0,-5399.97607421875
100000000000000000000004,1,921125000,0,-50,3.28885480922681,0,0,0.640056030273437,1.63,0,-5399.97607421875
100000000000000000000001,1,921125000,0,-48.5,5.66345706887379,0,0,0.640056030273437,1.63,0,-5399.97607421875
100000000000000000000003,1,921125000,0,-48,2.65071880146639,0,0,0.640056030273437,1.63,0,-5399.97607421875
100000000000000000000000,1,921125000,0,-53.5,4.22151512826128,0,0,0.640056030273437,1.63,0,-5399.97607421875
100000000000000000000005,1,921125000,0,-65.5,0.791534086548991,0,0,0.640056030273437,1.63,0,-5399.97607421875
100000000000000000000004,1,921125000,0,-50,3.2581751934691,0,0,0.640056030273437,1.63,0,-5399.97607421875
100000000000000000000002,1,921125000,0,-45.5,1.22718463030851,0,0,0.640056030273437,1.63,0,-5399.97607421875
100000000000000000000000,1,921125000,0,-53.5,4.2092432819582,0,0,0.640056030273437,1.63,0,-5399.97607421875
100000000000000000000001,1,921125000,0,-48.5,5.65732114572224,0,0,0.640056030273437,1.63,0,-5399.97607421875
100000000000000000000003,1,921125000,0,-48,2.66912657092102,0,0,0.640056030273437,1.63,0,-5399.97607421875
100000000000000000000005,1,921125000,0,-66,0.754718547639736,0,0,0.640056030273437,1.63,0,-5399.97607421875
100000000000000000000005,1,921125000,0,-65.5,0.748582624488193,0,0,0.640056030273437,1.63,0,-5399.97607421875
100000000000000000000000,1,921125000,0,-53.5,4.20310735880666,0,0,0.640056030273437,1.63,0,-5399.97607421875
100000000000000000000004,1,921125000,0,-50,3.25203927031756,0,0,0.640056030273437,1.63,0,-5399.97607421875
100000000000000000000002,1,921125000,0,-45.5,1.25786424606623,0,0,0.640056030273437,1.63,0,-5399.97607421875
100000000000000000000003,1,921125000,0,-48,2.66912657092102,0,0,0.640056030273437,1.63,0,-5399.97607421875
100000000000000000000001,1,921125000,0,-48.5,5.6511852225707,0,0,0.640056030273437,1.63,0,-5399.97607421875
100000000000000000000002,1,921125000,0,-45.5,1.22718463030851,0,0,0.640056030273437,1.63,0,-5399.97607421875
100000000000000000000004,1,921125000,0,-49.5,3.2581751934691,0,0,0.640056030273437,1.63,0,-5399.97607421875
100000000000000000000001,1,921125000,0,-48.5,5.6511852225707,0,0,0.640056030273437,1.63,0,-5399.97607421875
100000000000000000000000,1,921125000,0,-53.5,4.18469958935203,0,0,0.640056030273437,1.63,0,-5399.97607421875
100000000000000000000003,1,921125000,0,-48,2.65685472461793,0,0,0.640056030273437,1.63,0,-5399.97607421875
100000000000000000000005,1,921125000,0,-66,0.908116626428299,0,0,0.640056030273437,1.63,0,-5399.97607421875
100000000000000000000003,1,921125000,0,-48,2.6813984172241,0,0,0.640056030273437,1.63,0,-5399.97607421875
100000000000000000000001,1,921125000,0,-48.5,5.63891337626762,0,0,0.640056030273437,1.63,0,-5399.97607421875
100000000000000000000000,1,921125000,0,-53.5,4.20310735880666,0,0,0.640056030273437,1.63,0,-5399.97607421875
100000000000000000000004,1,921125000,0,-50,3.24590334716602,0,0,0.640056030273437,1.63,0,-5399.97607421875
100000000000000000000005,1,921125000,0,-66,0.785398163397448,0,0,0.640056030273437,1.63,0,-5399.97607421875
100000000000000000000002,1,921125000,0,-45.5,1.25172832291468,0,0,0.640056030273437,1.63,0,-5399.97607421875
100000000000000000000000,1,921125000,0,-53.5,4.19083551250357,0,0,0.640056030273437,1.63,0,-5399.97607421875
100000000000000000000002,1,921125000,0,-45.5,1.25172832291468,0,0,0.640056030273437,1.63,0,-5399.97607421875
100000000000000000000001,1,921125000,0,-49,5.62050560681299,0,0,0.640056030273437,1.63,0,-5399.97607421875
100000000000000000000003,1,921125000,0,-48,2.66912657092102,0,0,0.640056030273437,1.63,0,-5399.97607421875
100000000000000000000005,1,921125000,0,-65,0.797670009700534,0,0,0.640056030273437,1.63,0,-5399.97607421875
100000000000000000000004,1,921125000,0,-50,3.2581751934691,0,0,0.640056030273437,1.63,0,-5399.97607421875
100000000000000000000000,1,921125000,0,-54,4.22765105141283,0,0,0.640056030273437,1.63,0,-5399.97607421875
100000000000000000000001,1,921125000,0,-49,5.6511852225707,0,0,0.640056030273437,1.63,0,-5399.97607421875
100000000000000000000003,1,921125000,0,-48,2.65071880146639,0,0,0.640056030273437,1.63,0,-5399.97607421875
100000000000000000000004,1,921125000,0,-50,3.25203927031756,0,0,0.640056030273437,1.63,0,-5399.97607421875
100000000000000000000002,1,921125000,0,-45.5,1.2394564766116,0,0,0.640056030273437,1.63,0,-5399.97607421875
100000000000000000000005,1,921125000,0,-65,0.76699039394282,0,0,0.640056030273437,1.63,0,-5399.97607421875
100000000000000000000004,1,921125000,0,-49.5,3.22135965455985,0,0,0.640056030273437,1.63,0,-5399.97607421875
100000000000000000000003,1,921125000,0,-48,2.66299064776947,0,0,0.640056030273437,1.63,0,-5399.97607421875
100000000000000000000005,1,921125000,0,-66,0.816077779155161,0,0,0.640056030273437,1.63,0,-5399.97607421875
100000000000000000000000,1,921125000,0,-53.5,4.18469958935203,0,0,0.640056030273437,1.63,0,-5399.97607421875
100000000000000000000002,1,921125000,0,-45.5,1.2394564766116,0,0,0.640056030273437,1.63,0,-5399.97607421875
100000000000000000000001,1,921125000,0,-48.5,5.66345706887379,0,0,0.640056030273437,1.63,0,-5399.97607421875
100000000000000000000002,1,921125000,0,-45.5,1.25172832291468,0,0,0.640056030273437,1.63,0,-5399.97607421875
100000000000000000000005,1,921125000,0,-66,0.840621471761331,0,0,0.640056030273437,1.63,0,-5399.97607421875
100000000000000000000003,1,921125000,0,-48,2.64458287831485,0,0,0.640056030273437,1.63,0,-5399.97607421875
100000000000000000000001,1,921125000,0,-48.5,5.68186483832841,0,0,0.640056030273437,1.63,0,-5399.97607421875
100000000000000000000004,1,921125000,0,-50,3.2581751934691,0,0,0.640056030273437,1.63,0,-5399.97607421875
100000000000000000000000,1,921125000,0,-53.5,4.22151512826128,0,0,0.640056030273437,1.63,0,-5399.97607421875
100000000000000000000000,1,921125000,0,-53.5,4.20310735880666,0,0,0.640056030273437,1.63,0,-5399.97607421875
100000000000000000000001,1,921125000,0,-48.5,5.66345706887379,0,0,0.640056030273437,1.63,0,-5399.97607421875
100000000000000000000002,1,921125000,0,-45.5,1.25172832291468,0,0,0.640056030273437,1.63,0,-5399.97607421875
100000000000000000000004,1,921125000,0,-50,3.24590334716602,0,0,0.640056030273437,1.63,0,-5399.97607421875
100000000000000000000003,1,921125000,0,-48,2.66912657092102,0,0,0.640056030273437,1.63,0,-5399.97607421875
100000000000000000000005,1,921125000,0,-66,0.773126317094363,0,0,0.640056030273437,1.63,0,-5399.97607421875
100000000000000000000000,1,921125000,0,-53.5,4.2092432819582,0,0,0.640056030273437,1.63,0,-5399.97607421875
100000000000000000000001,1,921125000,0,-48.5,5.65732114572224,0,0,0.640056030273437,1.63,0,-5399.97607421875
100000000000000000000003,1,921125000,0,-48,2.65685472461793,0,0,0.640056030273437,1.63,0,-5399.97607421875
100000000000000000000004,1,921125000,0,-50,3.29499073237836,0,0,0.640056030273437,1.63,0,-5399.97607421875
100000000000000000000005,1,921125000,0,-65,0.76699039394282,0,0,0.640056030273437,1.63,0,-5399.97607421875
100000000000000000000002,1,921125000,0,-45.5,1.25172832291468,0,0,0.640056030273437,1.63,0,-5399.97607421875
100000000000000000000002,1,921125000,0,-45.5,1.25172832291468,0,0,0.640056030273437,1.63,0,-5399.97607421875
100000000000000000000005,1,921125000,0,-64.5,0.840621471761331,0,0,0.640056030273437,1.63,0,-5399.97607421875
100000000000000000000004,1,921125000,0,-50,3.24590334716602,0,0,0.640056030273437,1.63,0,-5399.97607421875
100000000000000000000003,1,921125000,0,-48,2.66912657092102,0,0,0.640056030273437,1.63,0,-5399.97607421875
100000000000000000000001,1,921125000,0,-48.5,5.66345706887379,0,0,0.640056030273437,1.63,0,-5399.97607421875
100000000000000000000000,1,921125000,0,-53.5,4.2092432819582,0,0,0.640056030273437,1.63,0,-5399.97607421875
100000000000000000000004,1,921125000,0,-50,3.2581751934691,0,0,0.640056030273437,1.63,0,-5399.97607421875
100000000000000000000003,1,921125000,0,-48,2.6813984172241,0,0,0.640056030273437,1.63,0,-5399.97607421875
100000000000000000000002,1,921125000,0,-45.5,1.24559239976314,0,0,0.640056030273437,1.63,0,-5399.97607421875
100000000000000000000005,1,921125000,0,-65.5,0.822213702306704,0,0,0.640056030273437,1.63,0,-5399.97607421875
100000000000000000000001,1,921125000,0,-48.5,5.66345706887379,0,0,0.640056030273437,1.63,0,-5399.97607421875
100000000000000000000000,1,921125000,0,-53.5,4.2092432819582,0,0,0.640056030273437,1.63,0,-5399.97607421875
100000000000000000000005,1,921125000,0,-65.5,0.699495239275852,0,0,0.640056030273437,1.63,0,-5399.97607421875
100000000000000000000001,1,921125000,0,-48.5,5.66959299202533,0,0,0.640056030273437,1.63,0,-5399.97607421875
100000000000000000000000,1,921125000,0,-53.5,4.2092432819582,0,0,0.640056030273437,1.63,0,-5399.97607421875
100000000000000000000004,1,921125000,0,-50,3.22749557771139,0,0,0.640056030273437,1.63,0,-5399.97607421875
100000000000000000000003,1,921125000,0,-48,2.67526249407256,0,0,0.640056030273437,1.63,0,-5399.97607421875
100000000000000000000002,1,921125000,0,-45.5,1.26400016921777,0,0,0.640056030273437,1.63,0,-5399.97607421875
100000000000000000000000,1,921125000,0,-53.5,4.22765105141283,0,0,0.640056030273437,1.63,0,-5399.97607421875
100000000000000000000004,1,921125000,0,-50,3.25203927031756,0,0,0.640056030273437,1.63,0,-5399.97607421875
100000000000000000000005,1,921125000,0,-65.5,0.803805932852076,0,0,0.640056030273437,1.63,0,-5399.97607421875
100000000000000000000002,1,921125000,0,-45.5,1.23332055346006,0,0,0.640056030273437,1.63,0,-5399.97607421875
100000000000000000000001,1,921125000,0,-48.5,5.66959299202533,0,0,0.640056030273437,1.63,0,-5399.97607421875
100000000000000000000003,1,921125000,0,-48,2.66299064776947,0,0,0.640056030273437,1.63,0,-5399.97607421875
100000000000000000000005,1,921125000,0,-65.5,0.871301087519044,0,0,0.640056030273437,1.63,0,-5399.97607421875
100000000000000000000000,1,921125000,0,-53.5,4.23378697456437,0,0,0.640056030273437,1.63,0,-5399.97607421875
100000000000000000000001,1,921125000,0,-48.5,5.63891337626762,0,0,0.640056030273437,1.63,0,-5399.97607421875
100000000000000000000004,1,921125000,0,-50,3.2581751934691,0,0,0.640056030273437,1.63,0,-5399.97607421875
100000000000000000000003,1,921125000,0,-48,2.67526249407256,0,0,0.640056030273437,1.63,0,-5399.97607421875
100000000000000000000002,1,921125000,0,-45.5,1.25172832291468,0,0,0.640056030273437,1.63,0,-5399.97607421875
100000000000000000000002,1,921125000,0,-45.5,1.26400016921777,0,0,0.640056030273437,1.63,0,-5399.97607421875
100000000000000000000005,1,921125000,0,-65.5,0.754718547639736,0,0,0.640056030273437,1.63,0,-5399.97607421875
100000000000000000000000,1,921125000,0,-54,4.21537920510974,0,0,0.640056030273437,1.63,0,-5399.97607421875
100000000000000000000003,1,921125000,0,-48,2.67526249407256,0,0,0.640056030273437,1.63,0,-5399.97607421875
100000000000000000000001,1,921125000,0,-49,5.65732114572224,0,0,0.640056030273437,1.63,0,-5399.97607421875
100000000000000000000004,1,921125000,0,-50,3.25203927031756,0,0,0.640056030273437,1.63,0,-5399.97607421875
100000000000000000000004,1,921125000,0,-50,3.24590334716602,0,0,0.640056030273437,1.63,0,-5399.97607421875
100000000000000000000003,1,921125000,0,-48,2.6813984172241,0,0,0.640056030273437,1.63,0,-5399.97607421875
100000000000000000000002,1,921125000,0,-45.5,1.24559239976314,0,0,0.640056030273437,1.63,0,-5399.97607421875
100000000000000000000005,1,921125000,0,-65.5,0.760854470791278,0,0,0.640056030273437,1.63,0,-5399.97607421875
100000000000000000000001,1,921125000,0,-48.5,5.63891337626762,0,0,0.640056030273437,1.63,0,-5399.97607421875
100000000000000000000000,1,921125000,0,-53.5,4.20310735880666,0,0,0.640056030273437,1.63,0,-5399.97607421875
100000000000000000000000,1,921125000,0,-53.5,4.22151512826128,0,0,0.640056030273437,1.63,0,-5399.97607421875
100000000000000000000004,1,921125000,0,-50,3.28885480922681,0,0,0.640056030273437,1.63,0,-5399.97607421875
100000000000000000000001,1,921125000,0,-49,5.65732114572224,0,0,0.640056030273437,1.63,0,-5399.97607421875
100000000000000000000002,1,921125000,0,-45.5,1.24559239976314,0,0,0.640056030273437,1.63,0,-5399.97607421875
100000000000000000000005,1,921125000,0,-65.5,0.816077779155161,0,0,0.640056030273437,1.63,0,-5399.97607421875
100000000000000000000003,1,921125000,0,-48,2.66912657092102,0,0,0.640056030273437,1.63,0,-5399.97607421875
100000000000000000000005,1,921125000,0,-66,0.791534086548991,0,0,0.640056030273437,1.63,0,-5399.97607421875
100000000000000000000000,1,921125000,0,-54,4.22765105141283,0,0,0.640056030273437,1.63,0,-5399.97607421875
100000000000000000000002,1,921125000,0,-45.5,1.25172832291468,0,0,0.640056030273437,1.63,0,-5399.97607421875
100000000000000000000003,1,921125000,0,-48,2.66912657092102,0,0,0.640056030273437,1.63,0,-5399.97607421875
100000000000000000000001,1,921125000,0,-48.5,5.67572891517687,0,0,0.640056030273437,1.63,0,-5399.97607421875
100000000000000000000004,1,921125000,0,-50,3.23976742401447,0,0,0.640056030273437,1.63,0,-5399.97607421875
100000000000000000000003,1,921125000,0,-47.5,2.67526249407256,0,0,0.640056030273437,1.63,0,-5399.97607421875
100000000000000000000000,1,921125000,0,-53.5,4.22765105141283,0,0,0.640056030273437,1.63,0,-5399.97607421875
100000000000000000000001,1,921125000,0,-48.5,5.65732114572224,0,0,0.640056030273437,1.63,0,-5399.97607421875
100000000000000000000005,1,921125000,0,-65.5,0.816077779155161,0,0,0.640056030273437,1.63,0,-5399.97607421875
100000000000000000000004,1,921125000,0,-50,3.27658296292373,0,0,0.640056030273437,1.63,0,-5399.97607421875
100000000000000000000002,1,921125000,0,-45.5,1.23332055346006,0,0,0.640056030273437,1.63,0,-5399.97607421875
100000000000000000000001,1,921125000,0,-48.5,5.61436968366145,0,0,0.640056030273437,1.63,0,-5399.97607421875
100000000000000000000000,1,921125000,0,-54,4.22765105141283,0,0,0.640056030273437,1.63,0,-5399.97607421875
100000000000000000000005,1,921125000,0,-66,0.797670009700534,0,0,0.640056030273437,1.63,0,-5399.97607421875
100000000000000000000004,1,921125000,0,-50,3.23363150086293,0,0,0.640056030273437,1.63,0,-5399.97607421875
100000000000000000000002,1,921125000,0,-45.5,1.25786424606623,0,0,0.640056030273437,1.63,0,-5399.97607421875
100000000000000000000003,1,921125000,0,-48,2.67526249407256,0,0,0.640056030273437,1.63,0,-5399.97607421875
100000000000000000000004,1,921125000,0,-50,3.26431111662064,0,0,0.640056030273437,1.63,0,-5399.97607421875
100000000000000000000001,1,921125000,0,-48.5,5.63891337626762,0,0,0.640056030273437,1.63,0,-5399.97607421875
100000000000000000000002,1,921125000,0,-45.5,1.24559239976314,0,0,0.640056030273437,1.63,0,-5399.97607421875
100000000000000000000000,1,921125000,0,-54,4.2092432819582,0,0,0.640056030273437,1.63,0,-5399.97607421875
100000000000000000000003,1,921125000,0,-48,2.6813984172241,0,0,0.640056030273437,1.63,0,-5399.97607421875
100000000000000000000005,1,921125000,0,-65.5,0.730174855033566,0,0,0.640056030273437,1.63,0,-5399.97607421875
100000000000000000000001,1,921125000,0,-48.5,5.64504929941916,0,0,0.640056030273437,1.63,0,-5399.97607421875
100000000000000000000005,1,921125000,0,-65.5,0.889708856973672,0,0,0.640056030273437,1.63,0,-5399.97607421875
100000000000000000000000,1,921125000,0,-53.5,4.19083551250357,0,0,0.640056030273437,1.63,0,-5399.97607421875
100000000000000000000002,1,921125000,0,-45.5,1.24559239976314,0,0,0.640056030273437,1.63,0,-5399.97607421875
100000000000000000000003,1,921125000,0,-48,2.68753434037564,0,0,0.640056030273437,1.63,0,-5399.97607421875
100000000000000000000004,1,921125000,0,-50,3.2581751934691,0,0,0.640056030273437,1.63,0,-5399.97607421875
100000000000000000000000,1,921125000,0,-53.5,4.22765105141283,0,0,0.640056030273437,1.63,0,-5399.97607421875
100000000000000000000001,1,921125000,0,-48.5,5.63277745311607,0,0,0.640056030273437,1.63,0,-5399.97607421875
100000000000000000000003,1,921125000,0,-48,2.6813984172241,0,0,0.640056030273437,1.63,0,-5399.97607421875
100000000000000000000005,1,921125000,0,-66.5,0.791534086548991,0,0,0.640056030273437,1.63,0,-5399.97607421875
100000000000000000000004,1,921125000,0,-50,3.23976742401447,0,0,0.640056030273437,1.63,0,-5399.97607421875
100000000000000000000002,1,921125000,0,-45.5,1.24559239976314,0,0,0.640056030273437,1.63,0,-5399.97607421875
100000000000000000000001,1,921125000,0,-48.5,5.6511852225707,0,0,0.640056030273437,1.63,0,-5399.97607421875
100000000000000000000000,1,921125000,0,-53.5,4.21537920510974,0,0,0.640056030273437,1.63,0,-5399.97607421875
100000000000000000000003,1,921125000,0,-48,2.66912657092102,0,0,0.640056030273437,1.63,0,-5399.97607421875
100000000000000000000004,1,921125000,0,-49.5,3.2581751934691,0,0,0.640056030273437,1.63,0,-5399.97607421875
100000000000000000000005,1,921125000,0,-65.5,0.760854470791278,0,0,0.640056030273437,1.63,0,-5399.97607421875
100000000000000000000002,1,921125000,0,-45.5,1.24559239976314,0,0,0.640056030273437,1.63,0,-5399.97607421875
100000000000000000000002,1,921125000,0,-45.5,1.24559239976314,0,0,0.640056030273437,1.63,0,-5399.97607421875
100000000000000000000004,1,921125000,0,-50,3.23976742401447,0,0,0.640056030273437,1.63,0,-5399.97607421875
100000000000000000000005,1,921125000,0,-65.5,0.871301087519044,0,0,0.640056030273437,1.63,0,-5399.97607421875
100000000000000000000003,1,921125000,0,-48,2.6813984172241,0,0,0.640056030273437,1.63,0,-5399.97607421875
100000000000000000000000,1,921125000,0,-53.5,4.22151512826128,0,0,0.640056030273437,1.63,0,-5399.97607421875
100000000000000000000001,1,921125000,0,-48.5,5.6511852225707,0,0,0.640056030273437,1.63,0,-5399.97607421875
100000000000000000000005,1,921125000,0,-65.5,0.877437010670587,0,0,0.640056030273437,1.63,0,-5399.97607421875
100000000000000000000001,1,921125000,0,-48.5,5.66345706887379,0,0,0.640056030273437,1.63,0,-5399.97607421875
100000000000000000000003,1,921125000,0,-48,2.67526249407256,0,0,0.640056030273437,1.63,0,-5399.97607421875
100000000000000000000004,1,921125000,0,-50,3.27658296292373,0,0,0.640056030273437,1.63,0,-5399.97607421875
100000000000000000000002,1,921125000,0,-45.5,1.25786424606623,0,0,0.640056030273437,1.63,0,-5399.97607421875
100000000000000000000000,1,921125000,0,-53.5,4.21537920510974,0,0,0.640056030273437,1.63,0,-5399.97607421875
100000000000000000000001,1,921125000,0,-48.5,5.66345706887379,0,0,0.640056030273437,1.63,0,-5399.97607421875
100000000000000000000003,1,921125000,0,-48,2.6813984172241,0,0,0.640056030273437,1.63,0,-5399.97607421875
100000000000000000000005,1,921125000,0,-66,0.877437010670587,0,0,0.640056030273437,1.63,0,-5399.97607421875
100000000000000000000002,1,921125000,0,-45.5,1.25786424606623,0,0,0.640056030273437,1.63,0,-5399.97607421875
100000000000000000000004,1,921125000,0,-50,3.27658296292373,0,0,0.640056030273437,1.63,0,-5399.97607421875
100000000000000000000000,1,921125000,0,-53.5,4.1662918198974,0,0,0.640056030273437,1.63,0,-5399.97607421875
100000000000000000000004,1,921125000,0,-50,3.30726257868144,0,0,0.640056030273437,1.63,0,-5399.97607421875
100000000000000000000002,1,921125000,0,-45.5,1.27013609236931,0,0,0.640056030273437,1.63,0,-5399.97607421875
100000000000000000000005,1,921125000,0,-65.5,0.828349625458246,0,0,0.640056030273437,1.63,0,-5399.97607421875
100000000000000000000000,1,921125000,0,-53.5,4.2092432819582,0,0,0.640056030273437,1.63,0,-5399.97607421875
100000000000000000000001,1,921125000,0,-48.5,5.66345706887379,0,0,0.640056030273437,1.63,0,-5399.97607421875
100000000000000000000003,1,921125000,0,-48,2.67526249407256,0,0,0.640056030273437,1.63,0,-5399.97607421875
100000000000000000000000,1,921125000,0,-53.5,4.22151512826128,0,0,0.640056030273437,1.63,0,-5399.97607421875
100000000000000000000004,1,921125000,0,-50,3.27658296292373,0,0,0.640056030273437,1.63,0,-5399.97607421875
100000000000000000000005,1,921125000,0,-65,0.724038931882022,0,0,0.640056030273437,1.63,0,-5399.97607421875
100000000000000000000002,1,921125000,0,-45.5,1.24559239976314,0,0,0.640056030273437,1.63,0,-5399.97607421875
100000000000000000000001,1,921125000,0,-48.5,5.64504929941916,0,0,0.640056030273437,1.63,0,-5399.97607421875
100000000000000000000003,1,921125000,0,-47.5,2.65685472461793,0,0,0.640056030273437,1.63,0,-5399.97607421875
100000000000000000000001,1,921125000,0,-48.5,5.62664152996453,0,0,0.640056030273437,1.63,0,-5399.97607421875
100000000000000000000002,1,921125000,0,-45.5,1.24559239976314,0,0,0.640056030273437,1.63,0,-5399.97607421875
100000000000000000000003,1,921125000,0,-48,2.6813984172241,0,0,0.640056030273437,1.63,0,-5399.97607421875
100000000000000000000005,1,921125000,0,-65.5,0.797670009700534,0,0,0.640056030273437,1.63,0,-5399.97607421875
100000000000000000000004,1,921125000,0,-50,3.2581751934691,0,0,0.640056030273437,1.63,0,-5399.97607421875
100000000000000000000000,1,921125000,0,-53.5,4.22151512826128,0,0,0.640056030273437,1.63,0,-5399.97607421875
100000000000000000000001,1,921125000,0,-48.5,5.6511852225707,0,0,0.640056030273437,1.63,0,-5399.97607421875
100000000000000000000002,1,921125000,0,-45.5,1.25172832291468,0,0,0.640056030273437,1.63,0,-5399.97607421875
100000000000000000000005,1,921125000,0,-65.5,0.785398163397448,0,0,0.640056030273437,1.63,0,-5399.97607421875
100000000000000000000003,1,921125000,0,-48,2.67526249407256,0,0,0.640056030273437,1.63,0,-5399.97607421875
100000000000000000000004,1,921125000,0,-50,3.2581751934691,0,0,0.640056030273437,1.63,0,-5399.97607421875
100000000000000000000000,1,921125000,0,-53.5,4.19083551250357,0,0,0.640056030273437,1.63,0,-5399.97607421875
100000000000000000000002,1,921125000,0,-45.5,1.26400016921777,0,0,0.640056030273437,1.63,0,-5399.97607421875
100000000000000000000001,1,921125000,0,-48.5,5.63891337626762,0,0,0.640056030273437,1.63,0,-5399.97607421875
100000000000000000000005,1,921125000,0,-65.5,0.809941856003618,0,0,0.640056030273437,1.63,0,-5399.97607421875
100000000000000000000000,1,921125000,0,-53.5,4.22151512826128,0,0,0.640056030273437,1.63,0,-5399.97607421875
100000000000000000000004,1,921125000,0,-49.5,3.26431111662064,0,0,0.640056030273437,1.63,0,-5399.97607421875
100000000000000000000003,1,921125000,0,-48,2.66912657092102,0,0,0.640056030273437,1.63,0,-5399.97607421875
100000000000000000000000,1,921125000,0,-53.5,4.17856366620049,0,0,0.640056030273437,1.63,0,-5399.97607421875
100000000000000000000005,1,921125000,0,-65.5,0.797670009700534,0,0,0.640056030273437,1.63,0,-5399.97607421875
100000000000000000000002,1,921125000,0,-45.5,1.26400016921777,0,0,0.640056030273437,1.63,0,-5399.97607421875
100000000000000000000004,1,921125000,0,-50,3.23363150086293,0,0,0.640056030273437,1.63,0,-5399.97607421875
100000000000000000000001,1,921125000,0,-48.5,5.65732114572224,0,0,0.640056030273437,1.63,0,-5399.97607421875
100000000000000000000003,1,921125000,0,-48,2.64458287831485,0,0,0.640056030273437,1.63,0,-5399.97607421875
100000000000000000000005,1,921125000,0,-65.5,0.730174855033566,0,0,0.640056030273437,1.63,0,-5399.97607421875
100000000000000000000001,1,921125000,0,-48.5,5.66959299202533,0,0,0.640056030273437,1.63,0,-5399.97607421875
100000000000000000000000,1,921125000,0,-53.5,4.19697143565511,0,0,0.640056030273437,1.63,0,-5399.97607421875
100000000000000000000002,1,921125000,0,-45.5,1.24559239976314,0,0,0.640056030273437,1.63,0,-5399.97607421875
100000000000000000000003,1,921125000,0,-48,2.66912657092102,0,0,0.640056030273437,1.63,0,-5399.97607421875
100000000000000000000004,1,921125000,0,-50,3.23363150086293,0,0,0.640056030273437,1.63,0,-5399.97607421875
100000000000000000000001,1,921125000,0,-49,5.67572891517687,0,0,0.640056030273437,1.63,0,-5399.97607421875
100000000000000000000004,1,921125000,0,-50,3.26431111662064,0,0,0.640056030273437,1.63,0,-5399.97607421875
100000000000000000000000,1,921125000,0,-54,4.21537920510974,0,0,0.640056030273437,1.63,0,-5399.97607421875
100000000000000000000002,1,921125000,0,-45.5,1.27627201552085,0,0,0.640056030273437,1.63,0,-5399.97607421875
100000000000000000000005,1,921125000,0,-65.5,0.705631162427395,0,0,0.640056030273437,1.63,0,-5399.97607421875
100000000000000000000003,1,921125000,0,-48,2.67526249407256,0,0,0.640056030273437,1.63,0,-5399.97607421875
100000000000000000000001,1,921125000,0,-48.5,5.66345706887379,0,0,0.640056030273437,1.63,0,-5399.97607421875
100000000000000000000003,1,921125000,0,-48,2.66912657092102,0,0,0.640056030273437,1.63,0,-5399.97607421875
100000000000000000000002,1,921125000,0,-45.5,1.25786424606623,0,0,0.640056030273437,1.63,0,-5399.97607421875
100000000000000000000004,1,921125000,0,-50,3.23363150086293,0,0,0.640056030273437,1.63,0,-5399.97607421875
100000000000000000000000,1,921125000,0,-53.5,4.22765105141283,0,0,0.640056030273437,1.63,0,-5399.97607421875
100000000000000000000005,1,921125000,0,-66,0.803805932852076,0,0,0.640056030273437,1.63,0,-5399.97607421875
100000000000000000000003,1,921125000,0,-48,2.66299064776947,0,0,0.640056030273437,1.63,0,-5399.97607421875
100000000000000000000005,1,921125000,0,-66,0.791534086548991,0,0,0.640056030273437,1.63,0,-5399.97607421875
100000000000000000000002,1,921125000,0,-45.5,1.25786424606623,0,0,0.640056030273437,1.63,0,-5399.97607421875
100000000000000000000000,1,921125000,0,-53.5,4.2092432819582,0,0,0.640056030273437,1.63,0,-5399.97607421875
100000000000000000000004,1,921125000,0,-50,3.23363150086293,0,0,0.640056030273437,1.63,0,-5399.97607421875
100000000000000000000001,1,921125000,0,-48.5,5.65732114572224,0,0,0.640056030273437,1.63,0,-5399.97607421875
100000000000000000000002,1,921125000,0,-45.5,1.25786424606623,0,0,0.640056030273437,1.63,0,-5399.97607421875
100000000000000000000003,1,921125000,0,-48,2.66912657092102,0,0,0.640056030273437,1.63,0,-5399.97607421875
100000000000000000000001,1,921125000,0,-48.5,5.6511852225707,0,0,0.640056030273437,1.63,0,-5399.97607421875
100000000000000000000005,1,921125000,0,-65.5,0.803805932852076,0,0,0.640056030273437,1.63,0,-5399.97607421875
100000000000000000000000,1,921125000,0,-54,4.23992289771591,0,0,0.640056030273437,1.63,0,-5399.97607421875
100000000000000000000004,1,921125000,0,-50,3.2581751934691,0,0,0.640056030273437,1.63,0,-5399.97607421875
100000000000000000000000,1,921125000,0,-54,4.22151512826128,0,0,0.640056030273437,1.63,0,-5399.97607421875
100000000000000000000005,1,921125000,0,-65.5,0.69335931612431,0,0,0.640056030273437,1.63,0,-5399.97607421875
100000000000000000000002,1,921125000,0,-45.5,1.24559239976314,0,0,0.640056030273437,1.63,0,-5399.97607421875
100000000000000000000001,1,921125000,0,-48.5,5.67572891517687,0,0,0.640056030273437,1.63,0,-5399.97607421875
100000000000000000000004,1,921125000,0,-50,3.25203927031756,0,0,0.640056030273437,1.63,0,-5399.97607421875
100000000000000000000003,1,921125000,0,-48,2.69367026352719,0,0,0.640056030273437,1.63,0,-5399.97607421875
100000000000000000000001,1,921125000,0,-48.5,5.65732114572224,0,0,0.640056030273437,1.63,0,-5399.97607421875
100000000000000000000005,1,921125000,0,-65,0.822213702306704,0,0,0.640056030273437,1.63,0,-5399.97607421875
100000000000000000000004,1,921125000,0,-50,3.24590334716602,0,0,0.640056030273437,1.63,0,-5399.97607421875
100000000000000000000000,1,921125000,0,-53.5,4.21537920510974,0,0,0.640056030273437,1.63,0,-5399.97607421875
100000000000000000000003,1,921125000,0,-48,2.66299064776947,0,0,0.640056030273437,1.63,0,-5399.97607421875
100000000000000000000002,1,921125000,0,-45.5,1.25172832291468,0,0,0.640056030273437,1.63,0,-5399.97607421875
100000000000000000000001,1,921125000,0,-49,5.65732114572224,0,0,0.640056030273437,1.63,0,-5399.97607421875
100000000000000000000005,1,921125000,0,-65.5,0.797670009700534,0,0,0.640056030273437,1.63,0,-5399.97607421875
100000000000000000000004,1,921125000,0,-50,3.24590334716602,0,0,0.640056030273437,1.63,0,-5399.97607421875
100000000000000000000002,1,921125000,0,-45.5,1.23332055346006,0,0,0.640056030273437,1.63,0,-5399.97607421875
100000000000000000000000,1,921125000,0,-53.5,4.22151512826128,0,0,0.640056030273437,1.63,0,-5399.97607421875
100000000000000000000003,1,921125000,0,-48,2.66912657092102,0,0,0.640056030273437,1.63,0,-5399.97607421875
100000000000000000000004,1,921125000,0,-50,3.25203927031756,0,0,0.640056030273437,1.63,0,-5399.97607421875
100000000000000000000005,1,921125000,0,-65.5,0.736310778185108,0,0,0.640056030273437,1.63,0,-5399.97607421875
100000000000000000000001,1,921125000,0,-48.5,5.65732114572224,0,0,0.640056030273437,1.63,0,-5399.97607421875
100000000000000000000003,1,921125000,0,-48,2.6813984172241,0,0,0.640056030273437,1.63,0,-5399.97607421875
100000000000000000000002,1,921125000,0,-45.5,1.25172832291468,0,0,0.640056030273437,1.63,0,-5399.97607421875
100000000000000000000000,1,921125000,0,-54,4.21537920510974,0,0,0.640056030273437,1.63,0,-5399.97607421875
100000000000000000000003,1,921125000,0,-48,2.68753434037564,0,0,0.640056030273437,1.63,0,-5399.97607421875
100000000000000000000004,1,921125000,0,-50,3.26431111662064,0,0,0.640056030273437,1.63,0,-5399.97607421875
100000000000000000000002,1,921125000,0,-45.5,1.25786424606623,0,0,0.640056030273437,1.63,0,-5399.97607421875
100000000000000000000005,1,921125000,0,-65.5,0.797670009700534,0,0,0.640056030273437,1.63,0,-5399.97607421875
100000000000000000000001,1,921125000,0,-48.5,5.6511852225707,0,0,0.640056030273437,1.63,0,-5399.97607421875
100000000000000000000000,1,921125000,0,-53.5,4.21537920510974,0,0,0.640056030273437,1.63,0,-5399.97607421875
100000000000000000000003,1,921125000,0,-48,2.68753434037564,0,0,0.640056030273437,1.63,0,-5399.97607421875
100000000000000000000004,1,921125000,0,-50,3.24590334716602,0,0,0.640056030273437,1.63,0,-5399.97607421875
100000000000000000000002,1,921125000,0,-45.5,1.26400016921777,0,0,0.640056030273437,1.63,0,-5399.97607421875
100000000000000000000001,1,921125000,0,-48.5,5.66345706887379,0,0,0.640056030273437,1.63,0,-5399.97607421875
100000000000000000000000,1,921125000,0,-53.5,4.22765105141283,0,0,0.640056030273437,1.63,0,-5399.97607421875
100000000000000000000005,1,921125000,0,-65.5,0.920388472731385,0,0,0.640056030273437,1.63,0,-5399.97607421875
100000000000000000000004,1,921125000,0,-50,3.28271888607527,0,0,0.640056030273437,1.63,0,-5399.97607421875
100000000000000000000005,1,921125000,0,-66,0.901980703276757,0,0,0.640056030273437,1.63,0,-5399.97607421875
100000000000000000000001,1,921125000,0,-48.5,5.65732114572224,0,0,0.640056030273437,1.63,0,-5399.97607421875
100000000000000000000000,1,921125000,0,-54,4.21537920510974,0,0,0.640056030273437,1.63,0,-5399.97607421875
100000000000000000000003,1,921125000,0,-48,2.66912657092102,0,0,0.640056030273437,1.63,0,-5399.97607421875
100000000000000000000002,1,921125000,0,-45.5,1.22718463030851,0,0,0.640056030273437,1.63,0,-5399.97607421875
100000000000000000000002,1,921125000,0,-45.5,1.25172832291468,0,0,0.640056030273437,1.63,0,-5399.97607421875
100000000000000000000001,1,921125000,0,-48.5,5.63891337626762,0,0,0.640056030273437,1.63,0,-5399.97607421875
100000000000000000000003,1,921125000,0,-48,2.68753434037564,0,0,0.640056030273437,1.63,0,-5399.97607421875
100000000000000000000000,1,921125000,0,-53.5,4.21537920510974,0,0,0.640056030273437,1.63,0,-5399.97607421875
100000000000000000000005,1,921125000,0,-65.5,0.901980703276757,0,0,0.640056030273437,1.63,0,-5399.97607421875
100000000000000000000004,1,921125000,0,-50,3.23976742401447,0,0,0.640056030273437,1.63,0,-5399.97607421875
100000000000000000000005,1,921125000,0,-65.5,0.834485548609789,0,0,0.640056030273437,1.63,0,-5399.97607421875
100000000000000000000001,1,921125000,0,-48.5,5.64504929941916,0,0,0.640056030273437,1.63,0,-5399.97607421875
100000000000000000000000,1,921125000,0,-53.5,4.21537920510974,0,0,0.640056030273437,1.63,0,-5399.97607421875
100000000000000000000004,1,921125000,0,-50,3.27044703977219,0,0,0.640056030273437,1.63,0,-5399.97607421875
100000000000000000000002,1,921125000,0,-45.5,1.26400016921777,0,0,0.640056030273437,1.63,0,-5399.97607421875
100000000000000000000003,1,921125000,0,-48,2.67526249407256,0,0,0.640056030273437,1.63,0,-5399.97607421875
100000000000000000000003,1,921125000,0,-48,2.65685472461793,0,0,0.640056030273437,1.63,0,-5399.97607421875
100000000000000000000004,1,921125000,0,-50,3.2581751934691,0,0,0.640056030273437,1.63,0,-5399.97607421875
100000000000000000000002,1,921125000,0,-45.5,1.27013609236931,0,0,0.640056030273437,1.63,0,-5399.97607421875
100000000000000000000005,1,921125000,0,-65.5,0.822213702306704,0,0,0.640056030273437,1.63,0,-5399.97607421875
100000000000000000000000,1,921125000,0,-53.5,4.2092432819582,0,0,0.640056030273437,1.63,0,-5399.97607421875
100000000000000000000001,1,921125000,0,-48.5,5.65732114572224,0,0,0.640056030273437,1.63,0,-5399.97607421875
100000000000000000000002,1,921125000,0,-45.5,1.26400016921777,0,0,0.640056030273437,1.63,0,-5399.97607421875
100000000000000000000005,1,921125000,0,-65,0.791534086548991,0,0,0.640056030273437,1.63,0,-5399.97607421875
100000000000000000000003,1,921125000,0,-48,2.66299064776947,0,0,0.640056030273437,1.63,0,-5399.97607421875
100000000000000000000000,1,921125000,0,-53.5,4.19083551250357,0,0,0.640056030273437,1.63,0,-5399.97607421875
100000000000000000000001,1,921125000,0,-48.5,5.65732114572224,0,0,0.640056030273437,1.63,0,-5399.97607421875
100000000000000000000004,1,921125000,0,-50,3.27044703977219,0,0,0.640056030273437,1.63,0,-5399.97607421875
100000000000000000000005,1,921125000,0,-66,0.852893318064416,0,0,0.640056030273437,1.63,0,-5399.97607421875
100000000000000000000004,1,921125000,0,-50,3.23976742401447,0,0,0.640056030273437,1.63,0,-5399.97607421875
100000000000000000000003,1,921125000,0,-48,2.66912657092102,0,0,0.640056030273437,1.63,0,-5399.97607421875
100000000000000000000000,1,921125000,0,-54,4.22765105141283,0,0,0.640056030273437,1.63,0,-5399.97607421875
100000000000000000000001,1,921125000,0,-48.5,5.65732114572224,0,0,0.640056030273437,1.63,0,-5399.97607421875
100000000000000000000002,1,921125000,0,-45.5,1.23332055346006,0,0,0.640056030273437,1.63,0,-5399.97607421875
100000000000000000000004,1,921125000,0,-50,3.27044703977219,0,0,0.640056030273437,1.63,0,-5399.97607421875
100000000000000000000001,1,921125000,0,-48.5,5.6511852225707,0,0,0.640056030273437,1.63,0,-5399.97607421875
100000000000000000000000,1,921125000,0,-53.5,4.19697143565511,0,0,0.640056030273437,1.63,0,-5399.97607421875
100000000000000000000003,1,921125000,0,-48,2.66912657092102,0,0,0.640056030273437,1.63,0,-5399.97607421875
100000000000000000000002,1,921125000,0,-45.5,1.23332055346006,0,0,0.640056030273437,1.63,0,-5399.97607421875
100000000000000000000005,1,921125000,0,-65.5,0.773126317094363,0,0,0.640056030273437,1.63,0,-5399.97607421875
100000000000000000000003,1,921125000,0,-48,2.67526249407256,0,0,0.640056030273437,1.63,0,-5399.97607421875
100000000000000000000005,1,921125000,0,-66,0.773126317094363,0,0,0.640056030273437,1.63,0,-5399.97607421875
100000000000000000000002,1,921125000,0,-45.5,1.24559239976314,0,0,0.640056030273437,1.63,0,-5399.97607421875
100000000000000000000004,1,921125000,0,-50,3.23976742401447,0,0,0.640056030273437,1.63,0,-5399.97607421875
100000000000000000000001,1,921125000,0,-48.5,5.67572891517687,0,0,0.640056030273437,1.63,0,-5399.97607421875
100000000000000000000000,1,921125000,0,-53.5,4.20310735880666,0,0,0.640056030273437,1.63,0,-5399.97607421875
100000000000000000000001,1,921125000,0,-49,5.6511852225707,0,0,0.640056030273437,1.63,0,-5399.97607421875
100000000000000000000003,1,921125000,0,-48,2.66299064776947,0,0,0.640056030273437,1.63,0,-5399.97607421875
100000000000000000000002,1,921125000,0,-45.5,1.23332055346006,0,0,0.640056030273437,1.63,0,-5399.97607421875
100000000000000000000005,1,921125000,0,-66,0.785398163397448,0,0,0.640056030273437,1.63,0,-5399.97607421875
100000000000000000000000,1,921125000,0,-53.5,4.22151512826128,0,0,0.640056030273437,1.63,0,-5399.97607421875
100000000000000000000004,1,921125000,0,-50,3.23976742401447,0,0,0.640056030273437,1.63,0,-5399.97607421875
100000000000000000000001,1,921125000,0,-48.5,5.66959299202533,0,0,0.640056030273437,1.63,0,-5399.97607421875
100000000000000000000002,1,921125000,0,-45.5,1.27013609236931,0,0,0.640056030273437,1.63,0,-5399.97607421875
100000000000000000000005,1,921125000,0,-66,0.773126317094363,0,0,0.640056030273437,1.63,0,-5399.97607421875
100000000000000000000004,1,921125000,0,-50,3.25203927031756,0,0,0.640056030273437,1.63,0,-5399.97607421875
100000000000000000000003,1,921125000,0,-48,2.65685472461793,0,0,0.640056030273437,1.63,0,-5399.97607421875
100000000000000000000000,1,921125000,0,-53.5,4.22151512826128,0,0,0.640056030273437,1.63,0,-5399.97607421875
100000000000000000000000,1,921125000,0,-54,4.22151512826128,0,0,0.640056030273437,1.63,0,-5399.97607421875
100000000000000000000002,1,921125000,0,-45.5,1.28854386182394,0,0,0.640056030273437,1.63,0,-5399.97607421875
100000000000000000000004,1,921125000,0,-50,3.2581751934691,0,0,0.640056030273437,1.63,0,-5399.97607421875
100000000000000000000005,1,921125000,0,-65.5,0.69335931612431,0,0,0.640056030273437,1.63,0,-5399.97607421875
100000000000000000000001,1,921125000,0,-49,5.66345706887379,0,0,0.640056030273437,1.63,0,-5399.97607421875
100000000000000000000003,1,921125000,0,-48,2.66912657092102,0,0,0.640056030273437,1.63,0,-5399.97607421875
100000000000000000000004,1,921125000,0,-50,3.27044703977219,0,0,0.640056030273437,1.63,0,-5399.97607421875
100000000000000000000005,1,921125000,0,-65.5,0.846757394912874,0,0,0.640056030273437,1.63,0,-5399.97607421875
100000000000000000000003,1,921125000,0,-48,2.65685472461793,0,0,0.640056030273437,1.63,0,-5399.97607421875
100000000000000000000000,1,921125000,0,-53.5,4.2092432819582,0,0,0.640056030273437,1.63,0,-5399.97607421875
100000000000000000000001,1,921125000,0,-49,5.63277745311607,0,0,0.640056030273437,1.63,0,-5399.97607421875
100000000000000000000002,1,921125000,0,-45.5,1.23332055346006,0,0,0.640056030273437,1.63,0,-5399.97607421875
100000000000000000000004,1,921125000,0,-50,3.25203927031756,0,0,0.640056030273437,1.63,0,-5399.97607421875
100000000000000000000002,1,921125000,0,-45.5,1.26400016921777,0,0,0.640056030273437,1.63,0,-5399.97607421875
100000000000000000000001,1,921125000,0,-48.5,5.65732114572224,0,0,0.640056030273437,1.63,0,-5399.97607421875
100000000000000000000000,1,921125000,0,-53.5,4.19083551250357,0,0,0.640056030273437,1.63,0,-5399.97607421875
100000000000000000000003,1,921125000,0,-48,2.67526249407256,0,0,0.640056030273437,1.63,0,-5399.97607421875
100000000000000000000005,1,921125000,0,-66.5,0.797670009700534,0,0,0.640056030273437,1.63,0,-5399.97607421875
100000000000000000000004,1,921125000,0,-50,3.28885480922681,0,0,0.640056030273437,1.63,0,-5399.97607421875
100000000000000000000005,1,921125000,0,-66,0.797670009700534,0,0,0.640056030273437,1.63,0,-5399.97607421875
100000000000000000000001,1,921125000,0,-48.5,5.64504929941916,0,0,0.640056030273437,1.63,0,-5399.97607421875
100000000000000000000002,1,921125000,0,-45.5,1.25172832291468,0,0,0.640056030273437,1.63,0,-5399.97607421875
100000000000000000000003,1,921125000,0,-48,2.67526249407256,0,0,0.640056030273437,1.63,0,-5399.97607421875
100000000000000000000000,1,921125000,0,-53.5,4.18469958935203,0,0,0.640056030273437,1.63,0,-5399.97607421875
100000000000000000000004,1,921125000,0,-49.5,3.29499073237836,0,0,0.640056030273437,1.63,0,-5399.97607421875
100000000000000000000000,1,921125000,0,-53.5,4.21537920510974,0,0,0.640056030273437,1.63,0,-5399.97607421875
100000000000000000000005,1,921125000,0,-65.5,0.74244670133665,0,0,0.640056030273437,1.63,0,-5399.97607421875
100000000000000000000002,1,921125000,0,-45.5,1.26400016921777,0,0,0.640056030273437,1.63,0,-5399.97607421875
100000000000000000000001,1,921125000,0,-48.5,5.65732114572224,0,0,0.640056030273437,1.63,0,-5399.97607421875
100000000000000000000003,1,921125000,0,-48,2.65071880146639,0,0,0.640056030273437,1.63,0,-5399.97607421875
100000000000000000000005,1,921125000,0,-65.5,0.779262240245906,0,0,0.640056030273437,1.63,0,-5399.97607421875
100000000000000000000004,1,921125000,0,-50,3.27658296292373,0,0,0.640056030273437,1.63,0,-5399.97607421875
100000000000000000000003,1,921125000,0,-48,2.65071880146639,0,0,0.640056030273437,1.63,0,-5399.97607421875
100000000000000000000001,1,921125000,0,-48.5,5.64504929941916,0,0,0.640056030273437,1.63,0,-5399.97607421875
100000000000000000000002,1,921125000,0,-45.5,1.27013609236931,0,0,0.640056030273437,1.63,0,-5399.97607421875
100000000000000000000000,1,921125000,0,-53.5,4.21537920510974,0,0,0.640056030273437,1.63,0,-5399.97607421875
100000000000000000000005,1,921125000,0,-66,0.736310778185108,0,0,0.640056030273437,1.63,0,-5399.97607421875
100000000000000000000003,1,921125000,0,-48,2.66912657092102,0,0,0.640056030273437,1.63,0,-5399.97607421875
100000000000000000000002,1,921125000,0,-45.5,1.2394564766116,0,0,0.640056030273437,1.63,0,-5399.97607421875
100000000000000000000001,1,921125000,0,-49,5.66345706887379,0,0,0.640056030273437,1.63,0,-5399.97607421875
100000000000000000000004,1,921125000,0,-50,3.28885480922681,0,0,0.640056030273437,1.63,0,-5399.97607421875
100000000000000000000000,1,921125000,0,-53.5,4.2092432819582,0,0,0.640056030273437,1.63,0,-5399.97607421875
100000000000000000000001,1,921125000,0,-49,5.66345706887379,0,0,0.640056030273437,1.63,0,-5399.97607421875
100000000000000000000005,1,921125000,0,-65,0.816077779155161,0,0,0.640056030273437,1.63,0,-5399.97607421875
100000000000000000000002,1,921125000,0,-45.5,1.23332055346006,0,0,0.640056030273437,1.63,0,-5399.97607421875
100000000000000000000004,1,921125000,0,-50,3.25203927031756,0,0,0.640056030273437,1.63,0,-5399.97607421875
100000000000000000000003,1,921125000,0,-48,2.66299064776947,0,0,0.640056030273437,1.63,0,-5399.97607421875
100000000000000000000000,1,921125000,0,-53.5,4.22151512826128,0,0,0.640056030273437,1.63,0,-5399.97607421875
100000000000000000000000,1,921125000,0,-53.5,4.22765105141283,0,0,0.640056030273437,1.63,0,-5399.97607421875
100000000000000000000005,1,921125000,0,-65.5,0.846757394912874,0,0,0.640056030273437,1.63,0,-5399.97607421875
100000000000000000000004,1,921125000,0,-50,3.2581751934691,0,0,0.640056030273437,1.63,0,-5399.97607421875
100000000000000000000003,1,921125000,0,-48,2.6813984172241,0,0,0.640056030273437,1.63,0,-5399.97607421875
100000000000000000000001,1,921125000,0,-48.5,5.6511852225707,0,0,0.640056030273437,1.63,0,-5399.97607421875
100000000000000000000002,1,921125000,0,-45.5,1.2394564766116,0,0,0.640056030273437,1.63,0,-5399.97607421875
100000000000000000000001,1,921125000,0,-48.5,5.63891337626762,0,0,0.640056030273437,1.63,0,-5399.97607421875
100000000000000000000003,1,921125000,0,-48,2.67526249407256,0,0,0.640056030273437,1.63,0,-5399.97607421875
100000000000000000000002,1,921125000,0,-45.5,1.25786424606623,0,0,0.640056030273437,1.63,0,-5399.97607421875
100000000000000000000004,1,921125000,0,-50,3.23363150086293,0,0,0.640056030273437,1.63,0,-5399.97607421875
100000000000000000000000,1,921125000,0,-53.5,4.21537920510974,0,0,0.640056030273437,1.63,0,-5399.97607421875
100000000000000000000005,1,921125000,0,-65.5,0.834485548609789,0,0,0.640056030273437,1.63,0,-5399.97607421875
100000000000000000000001,1,921125000,0,-48.5,5.63891337626762,0,0,0.640056030273437,1.63,0,-5399.97607421875
100000000000000000000003,1,921125000,0,-48,2.6384469551633,0,0,0.640056030273437,1.63,0,-5399.97607421875
100000000000000000000005,1,921125000,0,-65,0.74244670133665,0,0,0.640056030273437,1.63,0,-5399.97607421875
100000000000000000000002,1,921125000,0,-45.5,1.27627201552085,0,0,0.640056030273437,1.63,0,-5399.97607421875
100000000000000000000004,1,921125000,0,-50,3.25203927031756,0,0,0.640056030273437,1.63,0,-5399.97607421875
100000000000000000000000,1,921125000,0,-53.5,4.19697143565511,0,0,0.640056030273437,1.63,0,-5399.97607421875
100000000000000000000003,1,921125000,0,-48,2.66912657092102,0,0,0.640056030273437,1.63,0,-5399.97607421875
100000000000000000000000,1,921125000,0,-53.5,4.2092432819582,0,0,0.640056030273437,1.63,0,-5399.97607421875
100000000000000000000001,1,921125000,0,-48.5,5.62664152996453,0,0,0.640056030273437,1.63,0,-5399.97607421875
100000000000000000000004,1,921125000,0,-50,3.26431111662064,0,0,0.640056030273437,1.63,0,-5399.97607421875
100000000000000000000002,1,921125000,0,-45.5,1.24559239976314,0,0,0.640056030273437,1.63,0,-5399.97607421875
100000000000000000000005,1,921125000,0,-66,0.920388472731385,0,0,0.640056030273437,1.63,0,-5399.97607421875
100000000000000000000001,1,921125000,0,-49,5.65732114572224,0,0,0.640056030273437,1.63,0,-5399.97607421875
100000000000000000000002,1,921125000,0,-45.5,1.24559239976314,0,0,0.640056030273437,1.63,0,-5399.97607421875
100000000000000000000000,1,921125000,0,-53.5,4.19697143565511,0,0,0.640056030273437,1.63,0,-5399.97607421875
100000000000000000000003,1,921125000,0,-48,2.68753434037564,0,0,0.640056030273437,1.63,0,-5399.97607421875
100000000000000000000004,1,921125000,0,-50,3.26431111662064,0,0,0.640056030273437,1.63,0,-5399.97607421875
100000000000000000000005,1,921125000,0,-66,0.809941856003618,0,0,0.640056030273437,1.63,0,-5399.97607421875
100000000000000000000000,1,921125000,0,-53.5,4.20310735880666,0,0,0.640056030273437,1.63,0,-5399.97607421875
100000000000000000000001,1,921125000,0,-48.5,5.66345706887379,0,0,0.640056030273437,1.63,0,-5399.97607421875
100000000000000000000004,1,921125000,0,-50,3.27044703977219,0,0,0.640056030273437,1.63,0,-5399.97607421875
100000000000000000000002,1,921125000,0,-45.5,1.24559239976314,0,0,0.640056030273437,1.63,0,-5399.97607421875
100000000000000000000003,1,921125000,0,-48,2.6813984172241,0,0,0.640056030273437,1.63,0,-5399.97607421875
100000000000000000000005,1,921125000,0,-65.5,0.736310778185108,0,0,0.640056030273437,1.63,0,-5399.97607421875
100000000000000000000004,1,921125000,0,-50,3.27658296292373,0,0,0.640056030273437,1.63,0,-5399.97607421875
100000000000000000000000,1,921125000,0,-54,4.22151512826128,0,0,0.640056030273437,1.63,0,-5399.97607421875
100000000000000000000002,1,921125000,0,-45.5,1.24559239976314,0,0,0.640056030273437,1.63,0,-5399.97607421875
100000000000000000000003,1,921125000,0,-48,2.68753434037564,0,0,0.640056030273437,1.63,0,-5399.97607421875
100000000000000000000001,1,921125000,0,-49,5.6511852225707,0,0,0.640056030273437,1.63,0,-5399.97607421875
100000000000000000000005,1,921125000,0,-66,0.724038931882022,0,0,0.640056030273437,1.63,0,-5399.97607421875
100000000000000000000005,1,921125000,0,-65.5,0.816077779155161,0,0,0.640056030273437,1.63,0,-5399.97607421875
100000000000000000000001,1,921125000,0,-48.5,5.66959299202533,0,0,0.640056030273437,1.63,0,-5399.97607421875
100000000000000000000004,1,921125000,0,-49.5,3.26431111662064,0,0,0.640056030273437,1.63,0,-5399.97607421875
100000000000000000000000,1,921125000,0,-53.5,4.20310735880666,0,0,0.640056030273437,1.63,0,-5399.97607421875
100000000000000000000002,1,921125000,0,-45.5,1.25786424606623,0,0,0.640056030273437,1.63,0,-5399.97607421875
100000000000000000000003,1,921125000,0,-47.5,2.66912657092102,0,0,0.640056030273437,1.63,0,-5399.97607421875
100000000000000000000003,1,921125000,0,-48,2.66299064776947,0,0,0.640056030273437,1.63,0,-5399.97607421875
100000000000000000000002,1,921125000,0,-45.5,1.25172832291468,0,0,0.640056030273437,1.63,0,-5399.97607421875
100000000000000000000000,1,921125000,0,-53.5,4.23378697456437,0,0,0.640056030273437,1.63,0,-5399.97607421875
100000000000000000000001,1,921125000,0,-48.5,5.63891337626762,0,0,0.640056030273437,1.63,0,-5399.97607421875
100000000000000000000004,1,921125000,0,-49.5,3.24590334716602,0,0,0.640056030273437,1.63,0,-5399.97607421875
100000000000000000000005,1,921125000,0,-65.5,0.865165164367502,0,0,0.640056030273437,1.63,0,-5399.97607421875
100000000000000000000001,1,921125000,0,-49,5.6511852225707,0,0,0.640056030273437,1.63,0,-5399.97607421875
100000000000000000000003,1,921125000,0,-48,2.66912657092102,0,0,0.640056030273437,1.63,0,-5399.97607421875
100000000000000000000004,1,921125000,0,-50,3.2581751934691,0,0,0.640056030273437,1.63,0,-5399.97607421875
100000000000000000000002,1,921125000,0,-45.5,1.25786424606623,0,0,0.640056030273437,1.63,0,-5399.97607421875
100000000000000000000000,1,921125000,0,-53.5,4.2092432819582,0,0,0.640056030273437,1.63,0,-5399.97607421875
100000000000000000000005,1,921125000,0,-66,0.674951546669682,0,0,0.640056030273437,1.63,0,-5399.97607421875
100000000000000000000004,1,921125000,0,-50,3.25203927031756,0,0,0.640056030273437,1.63,0,-5399.97607421875
100000000000000000000005,1,921125000,0,-65.5,0.699495239275852,0,0,0.640056030273437,1.63,0,-5399.97607421875
100000000000000000000000,1,921125000,0,-54,4.19083551250357,0,0,0.640056030273437,1.63,0,-5399.97607421875
100000000000000000000002,1,921125000,0,-45.5,1.25172832291468,0,0,0.640056030273437,1.63,0,-5399.97607421875
100000000000000000000001,1,921125000,0,-48.5,5.64504929941916,0,0,0.640056030273437,1.63,0,-5399.97607421875
100000000000000000000003,1,921125000,0,-48,2.67526249407256,0,0,0.640056030273437,1.63,0,-5399.97607421875
100000000000000000000002,1,921625000,0,-45.5,1.47262155637022,0,0,0.640056030273437,1.63,0,-5399.97607421875
100000000000000000000000,1,921625000,0,-53.5,4.43627243856527,0,0,0.640056030273437,1.63,0,-5399.97607421875
100000000000000000000005,1,921625000,0,-65.5,1.27627201552085,0,0,0.640056030273437,1.63,0,-5399.97607421875
100000000000000000000003,1,921625000,0,-48,2.89615572752809,0,0,0.640056030273437,1.63,0,-5399.97607421875
100000000000000000000001,1,921625000,0,-48.5,5.85367068657161,0,0,0.640056030273437,1.63,0,-5399.97607421875
100000000000000000000004,1,921625000,0,-49,3.42998104171229,0,0,0.640056030273437,1.63,0,-5399.97607421875
100000000000000000000005,1,921625000,0,-65.5,1.12900985988383,0,0,0.640056030273437,1.63,0,-5399.97607421875
100000000000000000000002,1,921625000,0,-45.5,1.46034971006713,0,0,0.640056030273437,1.63,0,-5399.97607421875
100000000000000000000004,1,921625000,0,-49,3.43611696486384,0,0,0.640056030273437,1.63,0,-5399.97607421875
100000000000000000000001,1,921625000,0,-48.5,5.85980660972315,0,0,0.640056030273437,1.63,0,-5399.97607421875
100000000000000000000003,1,921625000,0,-48,2.89615572752809,0,0,0.640056030273437,1.63,0,-5399.97607421875
100000000000000000000000,1,921625000,0,-53.5,4.40559282280756,0,0,0.640056030273437,1.63,0,-5399.97607421875
100000000000000000000000,1,921625000,0,-53.5,4.46081613117144,0,0,0.640056030273437,1.63,0,-5399.97607421875
100000000000000000000005,1,921625000,0,-65,1.2824079386724,0,0,0.640056030273437,1.63,0,-5399.97607421875
100000000000000000000003,1,921625000,0,-48,2.90842757383118,0,0,0.640056030273437,1.63,0,-5399.97607421875
100000000000000000000002,1,921625000,0,-45.5,1.46648563321867,0,0,0.640056030273437,1.63,0,-5399.97607421875
100000000000000000000004,1,921625000,0,-49,3.43611696486384,0,0,0.640056030273437,1.63,0,-5399.97607421875
100000000000000000000001,1,921625000,0,-48.5,5.85367068657161,0,0,0.640056030273437,1.63,0,-5399.97607421875
100000000000000000000002,1,921625000,0,-45.5,1.47262155637022,0,0,0.640056030273437,1.63,0,-5399.97607421875
100000000000000000000003,1,921625000,0,-48,2.90842757383118,0,0,0.640056030273437,1.63,0,-5399.97607421875
100000000000000000000000,1,921625000,0,-53.5,4.39945689965602,0,0,0.640056030273437,1.63,0,-5399.97607421875
100000000000000000000004,1,921625000,0,-49,3.43611696486384,0,0,0.640056030273437,1.63,0,-5399.97607421875
100000000000000000000001,1,921625000,0,-48.5,5.88435030232932,0,0,0.640056030273437,1.63,0,-5399.97607421875
100000000000000000000005,1,921625000,0,-66,1.11673801358075,0,0,0.640056030273437,1.63,0,-5399.97607421875
100000000000000000000002,1,921625000,0,-45.5,1.47262155637022,0,0,0.640056030273437,1.63,0,-5399.97607421875
100000000000000000000000,1,921625000,0,-53.5,4.44240836171682,0,0,0.640056030273437,1.63,0,-5399.97607421875
100000000000000000000001,1,921625000,0,-48,5.83526291711698,0,0,0.640056030273437,1.63,0,-5399.97607421875
100000000000000000000004,1,921625000,0,-49,3.45452473431846,0,0,0.640056030273437,1.63,0,-5399.97607421875
100000000000000000000003,1,921625000,0,-48,2.90842757383118,0,0,0.640056030273437,1.63,0,-5399.97607421875
100000000000000000000005,1,921625000,0,-65.5,1.2394564766116,0,0,0.640056030273437,1.63,0,-5399.97607421875
100000000000000000000002,1,921625000,0,-45.5,1.46034971006713,0,0,0.640056030273437,1.63,0,-5399.97607421875
100000000000000000000000,1,921625000,0,-53.5,4.41786466911065,0,0,0.640056030273437,1.63,0,-5399.97607421875
100000000000000000000001,1,921625000,0,-48.5,5.85980660972315,0,0,0.640056030273437,1.63,0,-5399.97607421875
100000000000000000000004,1,921625000,0,-49,3.41770919540921,0,0,0.640056030273437,1.63,0,-5399.97607421875
100000000000000000000003,1,921625000,0,-48,2.89615572752809,0,0,0.640056030273437,1.63,0,-5399.97607421875
100000000000000000000005,1,921625000,0,-65.5,1.2824079386724,0,0,0.640056030273437,1.63,0,-5399.97607421875
100000000000000000000002,1,921625000,0,-45.5,1.50330117212793,0,0,0.640056030273437,1.63,0,-5399.97607421875
100000000000000000000005,1,921625000,0,-64.5,1.15968947564155,0,0,0.640056030273437,1.63,0,-5399.97607421875
100000000000000000000001,1,921625000,0,-48.5,5.85367068657161,0,0,0.640056030273437,1.63,0,-5399.97607421875
100000000000000000000004,1,921625000,0,-49,3.41770919540921,0,0,0.640056030273437,1.63,0,-5399.97607421875
100000000000000000000003,1,921625000,0,-48,2.89615572752809,0,0,0.640056030273437,1.63,0,-5399.97607421875
100000000000000000000000,1,921625000,0,-53.5,4.43013651541373,0,0,0.640056030273437,1.63,0,-5399.97607421875
100000000000000000000001,1,921625000,0,-48.5,5.84753476342006,0,0,0.640056030273437,1.63,0,-5399.97607421875
100000000000000000000003,1,921625000,0,-48,2.90842757383118,0,0,0.640056030273437,1.63,0,-5399.97607421875
100000000000000000000000,1,921625000,0,-53.5,4.40559282280756,0,0,0.640056030273437,1.63,0,-5399.97607421875
100000000000000000000002,1,921625000,0,-45.5,1.47262155637022,0,0,0.640056030273437,1.63,0,-5399.97607421875
100000000000000000000004,1,921625000,0,-49,3.46066065747001,0,0,0.640056030273437,1.63,0,-5399.97607421875
100000000000000000000005,1,921625000,0,-65,1.14128170618692,0,0,0.640056030273437,1.63,0,-5399.97607421875
100000000000000000000001,1,921625000,0,-48.5,5.86594253287469,0,0,0.640056030273437,1.63,0,-5399.97607421875
100000000000000000000004,1,921625000,0,-49,3.3870295796515,0,0,0.640056030273437,1.63,0,-5399.97607421875
100000000000000000000002,1,921625000,0,-45.5,1.46648563321867,0,0,0.640056030273437,1.63,0,-5399.97607421875
100000000000000000000003,1,921625000,0,-48,2.90842757383118,0,0,0.640056030273437,1.63,0,-5399.97607421875
100000000000000000000000,1,921625000,0,-53.5,4.4117287459591,0,0,0.640056030273437,1.63,0,-5399.97607421875
100000000000000000000005,1,921625000,0,-65.5,1.12900985988383,0,0,0.640056030273437,1.63,0,-5399.97607421875
100000000000000000000002,1,921625000,0,-45.5,1.47262155637022,0,0,0.640056030273437,1.63,0,-5399.97607421875
100000000000000000000000,1,921625000,0,-53.5,4.40559282280756,0,0,0.640056030273437,1.63,0,-5399.97607421875
100000000000000000000005,1,921625000,0,-65.5,1.20877686085389,0,0,0.640056030273437,1.63,0,-5399.97607421875
100000000000000000000003,1,921625000,0,-48,2.90229165067963,0,0,0.640056030273437,1.63,0,-5399.97607421875
100000000000000000000004,1,921625000,0,-49,3.42384511856075,0,0,0.640056030273437,1.63,0,-5399.97607421875
100000000000000000000001,1,921625000,0,-48.5,5.85980660972315,0,0,0.640056030273437,1.63,0,-5399.97607421875
100000000000000000000005,1,921625000,0,-65.5,1.27627201552085,0,0,0.640056030273437,1.63,0,-5399.97607421875
100000000000000000000001,1,921625000,0,-48.5,5.88435030232932,0,0,0.640056030273437,1.63,0,-5399.97607421875
100000000000000000000002,1,921625000,0,-45.5,1.46648563321867,0,0,0.640056030273437,1.63,0,-5399.97607421875
100000000000000000000000,1,921625000,0,-53.5,4.44240836171682,0,0,0.640056030273437,1.63,0,-5399.97607421875
100000000000000000000004,1,921625000,0,-49,3.45452473431846,0,0,0.640056030273437,1.63,0,-5399.97607421875
100000000000000000000003,1,921625000,0,-48,2.90229165067963,0,0,0.640056030273437,1.63,0,-5399.97607421875
100000000000000000000005,1,921625000,0,-65,1.17196132194463,0,0,0.640056030273437,1.63,0,-5399.97607421875
100000000000000000000003,1,921625000,0,-48,2.90842757383118,0,0,0.640056030273437,1.63,0,-5399.97607421875
100000000000000000000000,1,921625000,0,-53.5,4.43013651541373,0,0,0.640056030273437,1.63,0,-5399.97607421875
100000000000000000000002,1,921625000,0,-45.5,1.47875747952176,0,0,0.640056030273437,1.63,0,-5399.97607421875
100000000000000000000001,1,921625000,0,-48.5,5.87207845602623,0,0,0.640056030273437,1.63,0,-5399.97607421875
100000000000000000000004,1,921625000,0,-49,3.41157327225767,0,0,0.640056030273437,1.63,0,-5399.97607421875
100000000000000000000005,1,921625000,0,-64.5,1.2394564766116,0,0,0.640056030273437,1.63,0,-5399.97607421875
100000000000000000000004,1,921625000,0,-49,3.44225288801538,0,0,0.640056030273437,1.63,0,-5399.97607421875
100000000000000000000002,1,921625000,0,-45.5,1.4848934026733,0,0,0.640056030273437,1.63,0,-5399.97607421875
100000000000000000000000,1,921625000,0,-53.5,4.39332097650448,0,0,0.640056030273437,1.63,0,-5399.97607421875
100000000000000000000001,1,921625000,0,-48.5,5.83526291711698,0,0,0.640056030273437,1.63,0,-5399.97607421875
100000000000000000000003,1,921625000,0,-48,2.90229165067963,0,0,0.640056030273437,1.63,0,-5399.97607421875
100000000000000000000005,1,921625000,0,-64.5,0.981747704246811,0,0,0.640056030273437,1.63,0,-5399.97607421875
100000000000000000000002,1,921625000,0,-45.5,1.46648563321867,0,0,0.640056030273437,1.63,0,-5399.97607421875
100000000000000000000004,1,921625000,0,-49,3.42384511856075,0,0,0.640056030273437,1.63,0,-5399.97607421875
100000000000000000000000,1,921625000,0,-53.5,4.4117287459591,0,0,0.640056030273437,1.63,0,-5399.97607421875
100000000000000000000001,1,921625000,0,-48.5,5.87207845602623,0,0,0.640056030273437,1.63,0,-5399.97607421875
100000000000000000000003,1,921625000,0,-48,2.90842757383118,0,0,0.640056030273437,1.63,0,-5399.97607421875
100000000000000000000004,1,921625000,0,-49,3.42384511856075,0,0,0.640056030273437,1.63,0,-5399.97607421875
100000000000000000000003,1,921625000,0,-48,2.89615572752809,0,0,0.640056030273437,1.63,0,-5399.97607421875
100000000000000000000001,1,921625000,0,-48.5,5.84753476342006,0,0,0.640056030273437,1.63,0,-5399.97607421875
100000000000000000000002,1,921625000,0,-45.5,1.46034971006713,0,0,0.640056030273437,1.63,0,-5399.97607421875
100000000000000000000005,1,921625000,0,-65,1.20264093770234,0,0,0.640056030273437,1.63,0,-5399.97607421875
100000000000000000000000,1,921625000,0,-53.5,4.34423359129214,0,0,0.640056030273437,1.63,0,-5399.97607421875
100000000000000000000001,1,921625000,0,-48.5,5.83526291711698,0,0,0.640056030273437,1.63,0,-5399.97607421875
100000000000000000000004,1,921625000,0,-49,3.42998104171229,0,0,0.640056030273437,1.63,0,-5399.97607421875
100000000000000000000002,1,921625000,0,-45.5,1.4848934026733,0,0,0.640056030273437,1.63,0,-5399.97607421875
100000000000000000000000,1,921625000,0,-53.5,4.4117287459591,0,0,0.640056030273437,1.63,0,-5399.97607421875
100000000000000000000003,1,921625000,0,-48,2.90842757383118,0,0,0.640056030273437,1.63,0,-5399.97607421875
100000000000000000000005,1,921625000,0,-65,1.22718463030851,0,0,0.640056030273437,1.63,0,-5399.97607421875
100000000000000000000005,1,921625000,0,-65,1.33763124703628,0,0,0.640056030273437,1.63,0,-5399.97607421875
100000000000000000000000,1,921625000,0,-53.5,4.4546802080199,0,0,0.640056030273437,1.63,0,-5399.97607421875
100000000000000000000004,1,921625000,0,-49,3.42998104171229,0,0,0.640056030273437,1.63,0,-5399.97607421875
100000000000000000000003,1,921625000,0,-48,2.89615572752809,0,0,0.640056030273437,1.63,0,-5399.97607421875
100000000000000000000002,1,921625000,0,-45.5,1.44807786376405,0,0,0.640056030273437,1.63,0,-5399.97607421875
100000000000000000000001,1,921625000,0,-48.5,5.85980660972315,0,0,0.640056030273437,1.63,0,-5399.97607421875
100000000000000000000002,1,921625000,0,-45.5,1.4848934026733,0,0,0.640056030273437,1.63,0,-5399.97607421875
100000000000000000000003,1,921625000,0,-48,2.89615572752809,0,0,0.640056030273437,1.63,0,-5399.97607421875
100000000000000000000005,1,921625000,0,-65,1.11673801358075,0,0,0.640056030273437,1.63,0,-5399.97607421875
100000000000000000000001,1,921625000,0,-48.5,5.86594253287469,0,0,0.640056030273437,1.63,0,-5399.97607421875
100000000000000000000004,1,921625000,0,-49,3.41770919540921,0,0,0.640056030273437,1.63,0,-5399.97607421875
100000000000000000000000,1,921625000,0,-53.5,4.4546802080199,0,0,0.640056030273437,1.63,0,-5399.97607421875
100000000000000000000005,1,921625000,0,-65,1.33763124703628,0,0,0.640056030273437,1.63,0,-5399.97607421875
100000000000000000000000,1,921625000,0,-53.5,4.36877728389831,0,0,0.640056030273437,1.63,0,-5399.97607421875
100000000000000000000003,1,921625000,0,-48,2.90229165067963,0,0,0.640056030273437,1.63,0,-5399.97607421875
100000000000000000000002,1,921625000,0,-45.5,1.47875747952176,0,0,0.640056030273437,1.63,0,-5399.97607421875
100000000000000000000004,1,921625000,0,-49,3.43611696486384,0,0,0.640056030273437,1.63,0,-5399.97607421875
100000000000000000000001,1,921625000,0,-48.5,5.85980660972315,0,0,0.640056030273437,1.63,0,-5399.97607421875
100000000000000000000000,1,921625000,0,-53.5,4.37491320704985,0,0,0.640056030273437,1.63,0,-5399.97607421875
100000000000000000000003,1,921625000,0,-48,2.90229165067963,0,0,0.640056030273437,1.63,0,-5399.97607421875
100000000000000000000004,1,921625000,0,-49.5,3.41770919540921,0,0,0.640056030273437,1.63,0,-5399.97607421875
100000000000000000000002,1,921625000,0,-45.5,1.49102932582484,0,0,0.640056030273437,1.63,0,-5399.97607421875
100000000000000000000005,1,921625000,0,-65,0.975611781095267,0,0,0.640056030273437,1.63,0,-5399.97607421875
100000000000000000000001,1,921625000,0,-48.5,5.86594253287469,0,0,0.640056030273437,1.63,0,-5399.97607421875
100000000000000000000004,1,921625000,0,-49,3.40543734910612,0,0,0.640056030273437,1.63,0,-5399.97607421875
100000000000000000000005,1,921625000,0,-65,1.15968947564155,0,0,0.640056030273437,1.63,0,-5399.97607421875
100000000000000000000002,1,921625000,0,-45.5,1.47875747952176,0,0,0.640056030273437,1.63,0,-5399.97607421875
100000000000000000000001,1,921625000,0,-48.5,5.85367068657161,0,0,0.640056030273437,1.63,0,-5399.97607421875
100000000000000000000003,1,921625000,0,-48,2.90842757383118,0,0,0.640056030273437,1.63,0,-5399.97607421875
100000000000000000000000,1,921625000,0,-53.5,4.43013651541373,0,0,0.640056030273437,1.63,0,-5399.97607421875
100000000000000000000005,1,921625000,0,-64.5,1.27627201552085,0,0,0.640056030273437,1.63,0,-5399.97607421875
100000000000000000000003,1,921625000,0,-48,2.90842757383118,0,0,0.640056030273437,1.63,0,-5399.97607421875
100000000000000000000004,1,921625000,0,-49,3.42998104171229,0,0,0.640056030273437,1.63,0,-5399.97607421875
100000000000000000000002,1,921625000,0,-45.5,1.44807786376405,0,0,0.640056030273437,1.63,0,-5399.97607421875
100000000000000000000001,1,921625000,0,-48.5,5.87821437917778,0,0,0.640056030273437,1.63,0,-5399.97607421875
100000000000000000000000,1,921625000,0,-53.5,4.40559282280756,0,0,0.640056030273437,1.63,0,-5399.97607421875
100000000000000000000005,1,921625000,0,-64.5,1.12900985988383,0,0,0.640056030273437,1.63,0,-5399.97607421875
100000000000000000000002,1,921625000,0,-45.5,1.45421378691559,0,0,0.640056030273437,1.63,0,-5399.97607421875
100000000000000000000001,1,921625000,0,-48.5,5.87207845602623,0,0,0.640056030273437,1.63,0,-5399.97607421875
100000000000000000000003,1,921625000,0,-48,2.90229165067963,0,0,0.640056030273437,1.63,0,-5399.97607421875
100000000000000000000000,1,921625000,0,-53.5,4.38718505335293,0,0,0.640056030273437,1.63,0,-5399.97607421875
100000000000000000000004,1,921625000,0,-49,3.40543734910612,0,0,0.640056030273437,1.63,0,-5399.97607421875
100000000000000000000003,1,921625000,0,-48,2.91456349698272,0,0,0.640056030273437,1.63,0,-5399.97607421875
100000000000000000000002,1,921625000,0,-45.5,1.4848934026733,0,0,0.640056030273437,1.63,0,-5399.97607421875
100000000000000000000005,1,921625000,0,-65.5,1.29467978497548,0,0,0.640056030273437,1.63,0,-5399.97607421875
100000000000000000000004,1,921625000,0,-49,3.43611696486384,0,0,0.640056030273437,1.63,0,-5399.97607421875
100000000000000000000001,1,921625000,0,-48,5.84139884026852,0,0,0.640056030273437,1.63,0,-5399.97607421875
100000000000000000000000,1,921625000,0,-54,4.44240836171682,0,0,0.640056030273437,1.63,0,-5399.97607421875
100000000000000000000001,1,921625000,0,-48.5,5.85980660972315,0,0,0.640056030273437,1.63,0,-5399.97607421875
100000000000000000000000,1,921625000,0,-53.5,4.44854428486836,0,0,0.640056030273437,1.63,0,-5399.97607421875
100000000000000000000003,1,921625000,0,-48,2.90842757383118,0,0,0.640056030273437,1.63,0,-5399.97607421875
100000000000000000000002,1,921625000,0,-45.5,1.47262155637022,0,0,0.640056030273437,1.63,0,-5399.97607421875
100000000000000000000004,1,921625000,0,-49,3.43611696486384,0,0,0.640056030273437,1.63,0,-5399.97607421875
100000000000000000000005,1,921625000,0,-65,1.12287393673229,0,0,0.640056030273437,1.63,0,-5399.97607421875
100000000000000000000000,1,921625000,0,-53.5,4.39945689965602,0,0,0.640056030273437,1.63,0,-5399.97607421875
100000000000000000000003,1,921625000,0,-48,2.90842757383118,0,0,0.640056030273437,1.63,0,-5399.97607421875
100000000000000000000002,1,921625000,0,-45.5,1.47262155637022,0,0,0.640056030273437,1.63,0,-5399.97607421875
100000000000000000000005,1,921625000,0,-65,1.23332055346006,0,0,0.640056030273437,1.63,0,-5399.97607421875
100000000000000000000004,1,921625000,0,-49,3.42384511856075,0,0,0.640056030273437,1.63,0,-5399.97607421875
100000000000000000000001,1,921625000,0,-48.5,5.85367068657161,0,0,0.640056030273437,1.63,0,-5399.97607421875
100000000000000000000003,1,921625000,0,-48,2.90842757383118,0,0,0.640056030273437,1.63,0,-5399.97607421875
100000000000000000000002,1,921625000,0,-45.5,1.4848934026733,0,0,0.640056030273437,1.63,0,-5399.97607421875
100000000000000000000000,1,921625000,0,-53.5,4.39945689965602,0,0,0.640056030273437,1.63,0,-5399.97607421875
100000000000000000000001,1,921625000,0,-48.5,5.87207845602623,0,0,0.640056030273437,1.63,0,-5399.97607421875
100000000000000000000005,1,921625000,0,-64.5,1.36217493964245,0,0,0.640056030273437,1.63,0,-5399.97607421875
100000000000000000000004,1,921625000,0,-49,3.43611696486384,0,0,0.640056030273437,1.63,0,-5399.97607421875
100000000000000000000005,1,921625000,0,-65.5,1.10446616727766,0,0,0.640056030273437,1.63,0,-5399.97607421875
100000000000000000000000,1,921625000,0,-53.5,4.40559282280756,0,0,0.640056030273437,1.63,0,-5399.97607421875
100000000000000000000004,1,921625000,0,-49,3.42998104171229,0,0,0.640056030273437,1.63,0,-5399.97607421875
100000000000000000000003,1,921625000,0,-48,2.90229165067963,0,0,0.640056030273437,1.63,0,-5399.97607421875
100000000000000000000002,1,921625000,0,-45.5,1.46648563321867,0,0,0.640056030273437,1.63,0,-5399.97607421875
100000000000000000000001,1,921625000,0,-48.5,5.87207845602623,0,0,0.640056030273437,1.63,0,-5399.97607421875
100000000000000000000003,1,921625000,0,-48,2.93297126643735,0,0,0.640056030273437,1.63,0,-5399.97607421875
100000000000000000000005,1,921625000,0,-65,1.2394564766116,0,0,0.640056030273437,1.63,0,-5399.97607421875
100000000000000000000002,1,921625000,0,-45.5,1.49716524897639,0,0,0.640056030273437,1.63,0,-5399.97607421875
100000000000000000000000,1,921625000,0,-53.5,4.41786466911065,0,0,0.640056030273437,1.63,0,-5399.97607421875
100000000000000000000004,1,921625000,0,-49,3.43611696486384,0,0,0.640056030273437,1.63,0,-5399.97607421875
100000000000000000000001,1,921625000,0,-48.5,5.86594253287469,0,0,0.640056030273437,1.63,0,-5399.97607421875
100000000000000000000001,1,921625000,0,-48.5,5.84139884026852,0,0,0.640056030273437,1.63,0,-5399.97607421875
100000000000000000000002,1,921625000,0,-45.5,1.47262155637022,0,0,0.640056030273437,1.63,0,-5399.97607421875
100000000000000000000005,1,921625000,0,-65.5,1.31922347758165,0,0,0.640056030273437,1.63,0,-5399.97607421875
100000000000000000000000,1,921625000,0,-53.5,4.39945689965602,0,0,0.640056030273437,1.63,0,-5399.97607421875
100000000000000000000003,1,921625000,0,-48,2.90842757383118,0,0,0.640056030273437,1.63,0,-5399.97607421875
100000000000000000000004,1,921625000,0,-49,3.42384511856075,0,0,0.640056030273437,1.63,0,-5399.97607421875
100000000000000000000002,1,921625000,0,-45.5,1.47875747952176,0,0,0.640056030273437,1.63,0,-5399.97607421875
100000000000000000000000,1,921625000,0,-53.5,4.41786466911065,0,0,0.640056030273437,1.63,0,-5399.97607421875
100000000000000000000003,1,921625000,0,-48,2.90229165067963,0,0,0.640056030273437,1.63,0,-5399.97607421875
100000000000000000000001,1,921625000,0,-48.5,5.86594253287469,0,0,0.640056030273437,1.63,0,-5399.97607421875
100000000000000000000004,1,921625000,0,-49,3.45452473431846,0,0,0.640056030273437,1.63,0,-5399.97607421875
100000000000000000000005,1,921625000,0,-64.5,1.15355355249,0,0,0.640056030273437,1.63,0,-5399.97607421875
100000000000000000000002,1,921625000,0,-45.5,1.45421378691559,0,0,0.640056030273437,1.63,0,-5399.97607421875
100000000000000000000000,1,921625000,0,-53.5,4.41786466911065,0,0,0.640056030273437,1.63,0,-5399.97607421875
100000000000000000000004,1,921625000,0,-49,3.43611696486384,0,0,0.640056030273437,1.63,0,-5399.97607421875
100000000000000000000001,1,921625000,0,-48.5,5.83526291711698,0,0,0.640056030273437,1.63,0,-5399.97607421875
100000000000000000000003,1,921625000,0,-48,2.92069942013426,0,0,0.640056030273437,1.63,0,-5399.97607421875
100000000000000000000005,1,921625000,0,-65.5,1.2824079386724,0,0,0.640056030273437,1.63,0,-5399.97607421875
100000000000000000000004,1,921625000,0,-49,3.41157327225767,0,0,0.640056030273437,1.63,0,-5399.97607421875
100000000000000000000002,1,921625000,0,-45.5,1.46648563321867,0,0,0.640056030273437,1.63,0,-5399.97607421875
100000000000000000000005,1,921625000,0,-65,1.39285455540016,0,0,0.640056030273437,1.63,0,-5399.97607421875
100000000000000000000001,1,921625000,0,-48.5,5.86594253287469,0,0,0.640056030273437,1.63,0,-5399.97607421875
100000000000000000000003,1,921625000,0,-48,2.91456349698272,0,0,0.640056030273437,1.63,0,-5399.97607421875
100000000000000000000000,1,921625000,0,-53.5,4.4117287459591,0,0,0.640056030273437,1.63,0,-5399.97607421875
100000000000000000000000,1,921625000,0,-53.5,4.44240836171682,0,0,0.640056030273437,1.63,0,-5399.97607421875
100000000000000000000003,1,921625000,0,-48,2.90229165067963,0,0,0.640056030273437,1.63,0,-5399.97607421875
100000000000000000000002,1,921625000,0,-45.5,1.46648563321867,0,0,0.640056030273437,1.63,0,-5399.97607421875
100000000000000000000001,1,921625000,0,-48.5,5.85367068657161,0,0,0.640056030273437,1.63,0,-5399.97607421875
100000000000000000000005,1,921625000,0,-65,1.21491278400543,0,0,0.640056030273437,1.63,0,-5399.97607421875
100000000000000000000004,1,921625000,0,-49,3.43611696486384,0,0,0.640056030273437,1.63,0,-5399.97607421875
100000000000000000000001,1,921625000,0,-48.5,5.85367068657161,0,0,0.640056030273437,1.63,0,-5399.97607421875
100000000000000000000005,1,921625000,0,-65,1.33149532388474,0,0,0.640056030273437,1.63,0,-5399.97607421875
100000000000000000000000,1,921625000,0,-53.5,4.41786466911065,0,0,0.640056030273437,1.63,0,-5399.97607421875
100000000000000000000004,1,921625000,0,-49,3.44838881116692,0,0,0.640056030273437,1.63,0,-5399.97607421875
100000000000000000000002,1,921625000,0,-45.5,1.46648563321867,0,0,0.640056030273437,1.63,0,-5399.97607421875
100000000000000000000003,1,921625000,0,-48,2.91456349698272,0,0,0.640056030273437,1.63,0,-5399.97607421875
100000000000000000000000,1,921625000,0,-53.5,4.43013651541373,0,0,0.640056030273437,1.63,0,-5399.97607421875
100000000000000000000005,1,921625000,0,-65.5,1.11673801358075,0,0,0.640056030273437,1.63,0,-5399.97607421875
100000000000000000000004,1,921625000,0,-49,3.42384511856075,0,0,0.640056030273437,1.63,0,-5399.97607421875
100000000000000000000003,1,921625000,0,-47.5,2.9268353432858,0,0,0.640056030273437,1.63,0,-5399.97607421875
100000000000000000000001,1,921625000,0,-48.5,5.86594253287469,0,0,0.640056030273437,1.63,0,-5399.97607421875
100000000000000000000002,1,921625000,0,-45.5,1.46648563321867,0,0,0.640056030273437,1.63,0,-5399.97607421875
100000000000000000000005,1,921625000,0,-65,1.21491278400543,0,0,0.640056030273437,1.63,0,-5399.97607421875
100000000000000000000000,1,921625000,0,-53.5,4.39945689965602,0,0,0.640056030273437,1.63,0,-5399.97607421875
100000000000000000000001,1,921625000,0,-48.5,5.87207845602623,0,0,0.640056030273437,1.63,0,-5399.97607421875
100000000000000000000004,1,921625000,0,-49,3.41770919540921,0,0,0.640056030273437,1.63,0,-5399.97607421875
100000000000000000000002,1,921625000,0,-45.5,1.47875747952176,0,0,0.640056030273437,1.63,0,-5399.97607421875
100000000000000000000003,1,921625000,0,-48,2.90229165067963,0,0,0.640056030273437,1.63,0,-5399.97607421875
100000000000000000000001,1,921625000,0,-48.5,5.85980660972315,0,0,0.640056030273437,1.63,0,-5399.97607421875
100000000000000000000003,1,921625000,0,-48,2.92069942013426,0,0,0.640056030273437,1.63,0,-5399.97607421875
100000000000000000000002,1,921625000,0,-45.5,1.47875747952176,0,0,0.640056030273437,1.63,0,-5399.97607421875
100000000000000000000000,1,921625000,0,-53.5,4.40559282280756,0,0,0.640056030273437,1.63,0,-5399.97607421875
100000000000000000000005,1,921625000,0,-65.5,1.34376717018782,0,0,0.640056030273437,1.63,0,-5399.97607421875
100000000000000000000004,1,921625000,0,-49.5,3.43611696486384,0,0,0.640056030273437,1.63,0,-5399.97607421875
100000000000000000000004,1,921625000,0,-49,3.42998104171229,0,0,0.640056030273437,1.63,0,-5399.97607421875
100000000000000000000002,1,921625000,0,-45.5,1.46034971006713,0,0,0.640056030273437,1.63,0,-5399.97607421875
100000000000000000000000,1,921625000,0,-53.5,4.42400059226219,0,0,0.640056030273437,1.63,0,-5399.97607421875
100000000000000000000003,1,921625000,0,-48,2.90229165067963,0,0,0.640056030273437,1.63,0,-5399.97607421875
100000000000000000000001,1,921625000,0,-48.5,5.85367068657161,0,0,0.640056030273437,1.63,0,-5399.97607421875
100000000000000000000005,1,921625000,0,-65.5,1.20264093770234,0,0,0.640056030273437,1.63,0,-5399.97607421875
100000000000000000000000,1,921625000,0,-53.5,4.37491320704985,0,0,0.640056030273437,1.63,0,-5399.97607421875
100000000000000000000001,1,921625000,0,-48.5,5.86594253287469,0,0,0.640056030273437,1.63,0,-5399.97607421875
100000000000000000000005,1,921625000,0,-65,1.14741762933846,0,0,0.640056030273437,1.63,0,-5399.97607421875
100000000000000000000004,1,921625000,0,-49,3.43611696486384,0,0,0.640056030273437,1.63,0,-5399.97607421875
100000000000000000000003,1,921625000,0,-48,2.93297126643735,0,0,0.640056030273437,1.63,0,-5399.97607421875
100000000000000000000002,1,921625000,0,-45.5,1.47875747952176,0,0,0.640056030273437,1.63,0,-5399.97607421875
100000000000000000000004,1,921625000,0,-49,3.42384511856075,0,0,0.640056030273437,1.63,0,-5399.97607421875
100000000000000000000003,1,921625000,0,-48,2.90229165067963,0,0,0.640056030273437,1.63,0,-5399.97607421875
100000000000000000000001,1,921625000,0,-48.5,5.85980660972315,0,0,0.640056030273437,1.63,0,-5399.97607421875
100000000000000000000002,1,921625000,0,-45.5,1.47262155637022,0,0,0.640056030273437,1.63,0,-5399.97607421875
100000000000000000000000,1,921625000,0,-53.5,4.41786466911065,0,0,0.640056030273437,1.63,0,-5399.97607421875
100000000000000000000005,1,921625000,0,-65,1.20877686085389,0,0,0.640056030273437,1.63,0,-5399.97607421875
100000000000000000000004,1,921625000,0,-49.5,3.40543734910612,0,0,0.640056030273437,1.63,0,-5399.97607421875
100000000000000000000001,1,921625000,0,-48.5,5.87207845602623,0,0,0.640056030273437,1.63,0,-5399.97607421875
100000000000000000000002,1,921625000,0,-45.5,1.47875747952176,0,0,0.640056030273437,1.63,0,-5399.97607421875
100000000000000000000003,1,921625000,0,-48,2.92069942013426,0,0,0.640056030273437,1.63,0,-5399.97607421875
100000000000000000000005,1,921625000,0,-65.5,1.07992247467149,0,0,0.640056030273437,1.63,0,-5399.97607421875
100000000000000000000000,1,921625000,0,-53.5,4.42400059226219,0,0,0.640056030273437,1.63,0,-5399.97607421875
100000000000000000000002,1,921625000,0,-45.5,1.47875747952176,0,0,0.640056030273437,1.63,0,-5399.97607421875
100000000000000000000004,1,921625000,0,-49,3.42384511856075,0,0,0.640056030273437,1.63,0,-5399.97607421875
100000000000000000000001,1,921625000,0,-48.5,5.86594253287469,0,0,0.640056030273437,1.63,0,-5399.97607421875
100000000000000000000003,1,921625000,0,-48,2.90842757383118,0,0,0.640056030273437,1.63,0,-5399.97607421875
100000000000000000000000,1,921625000,0,-53.5,4.4117287459591,0,0,0.640056030273437,1.63,0,-5399.97607421875
100000000000000000000005,1,921625000,0,-65,1.30695163127857,0,0,0.640056030273437,1.63,0,-5399.97607421875
100000000000000000000003,1,921625000,0,-48,2.90842757383118,0,0,0.640056030273437,1.63,0,-5399.97607421875
100000000000000000000004,1,921625000,0,-49,3.37475773334841,0,0,0.640056030273437,1.63,0,-5399.97607421875
100000000000000000000002,1,921625000,0,-45.5,1.45421378691559,0,0,0.640056030273437,1.63,0,-5399.97607421875
100000000000000000000000,1,921625000,0,-53.5,4.44240836171682,0,0,0.640056030273437,1.63,0,-5399.97607421875
100000000000000000000005,1,921625000,0,-65,1.28854386182394,0,0,0.640056030273437,1.63,0,-5399.97607421875
100000000000000000000001,1,921625000,0,-48.5,5.84139884026852,0,0,0.640056030273437,1.63,0,-5399.97607421875
100000000000000000000003,1,921625000,0,-48,2.9268353432858,0,0,0.640056030273437,1.63,0,-5399.97607421875
100000000000000000000004,1,921625000,0,-49,3.42384511856075,0,0,0.640056030273437,1.63,0,-5399.97607421875
100000000000000000000000,1,921625000,0,-53.5,4.38718505335293,0,0,0.640056030273437,1.63,0,-5399.97607421875
100000000000000000000001,1,921625000,0,-48.5,5.87207845602623,0,0,0.640056030273437,1.63,0,-5399.97607421875
100000000000000000000002,1,921625000,0,-45.5,1.44807786376405,0,0,0.640056030273437,1.63,0,-5399.97607421875
100000000000000000000005,1,921625000,0,-65,1.19036909139926,0,0,0.640056030273437,1.63,0,-5399.97607421875
100000000000000000000004,1,921625000,0,-49,3.42998104171229,0,0,0.640056030273437,1.63,0,-5399.97607421875
100000000000000000000005,1,921625000,0,-65,1.21491278400543,0,0,0.640056030273437,1.63,0,-5399.97607421875
100000000000000000000000,1,921625000,0,-53.5,4.42400059226219,0,0,0.640056030273437,1.63,0,-5399.97607421875
100000000000000000000001,1,921625000,0,-48.5,5.85980660972315,0,0,0.640056030273437,1.63,0,-5399.97607421875
100000000000000000000002,1,921625000,0,-45.5,1.47262155637022,0,0,0.640056030273437,1.63,0,-5399.97607421875
100000000000000000000003,1,921625000,0,-48,2.91456349698272,0,0,0.640056030273437,1.63,0,-5399.97607421875
100000000000000000000004,1,921625000,0,-49.5,3.42384511856075,0,0,0.640056030273437,1.63,0,-5399.97607421875
100000000000000000000005,1,921625000,0,-65.5,1.2394564766116,0,0,0.640056030273437,1.63,0,-5399.97607421875
100000000000000000000000,1,921625000,0,-53.5,4.43627243856527,0,0,0.640056030273437,1.63,0,-5399.97607421875
100000000000000000000003,1,921625000,0,-48,2.90842757383118,0,0,0.640056030273437,1.63,0,-5399.97607421875
100000000000000000000002,1,921625000,0,-45.5,1.46648563321867,0,0,0.640056030273437,1.63,0,-5399.97607421875
100000000000000000000001,1,921625000,0,-48.5,5.85980660972315,0,0,0.640056030273437,1.63,0,-5399.97607421875
100000000000000000000005,1,921625000,0,-65,1.09219432097458,0,0,0.640056030273437,1.63,0,-5399.97607421875
100000000000000000000004,1,921625000,0,-49,3.44838881116692,0,0,0.640056030273437,1.63,0,-5399.97607421875
100000000000000000000000,1,921625000,0,-53.5,4.44854428486836,0,0,0.640056030273437,1.63,0,-5399.97607421875
100000000000000000000003,1,921625000,0,-48,2.90842757383118,0,0,0.640056030273437,1.63,0,-5399.97607421875
100000000000000000000001,1,921625000,0,-48.5,5.87821437917778,0,0,0.640056030273437,1.63,0,-5399.97607421875
100000000000000000000002,1,921625000,0,-45.5,1.46034971006713,0,0,0.640056030273437,1.63,0,-5399.97607421875
100000000000000000000004,1,921625000,0,-49,3.42998104171229,0,0,0.640056030273437,1.63,0,-5399.97607421875
100000000000000000000005,1,921625000,0,-65,1.11673801358075,0,0,0.640056030273437,1.63,0,-5399.97607421875
100000000000000000000002,1,921625000,0,-45.5,1.4848934026733,0,0,0.640056030273437,1.63,0,-5399.97607421875
100000000000000000000003,1,921625000,0,-48,2.91456349698272,0,0,0.640056030273437,1.63,0,-5399.97607421875
100000000000000000000000,1,921625000,0,-53.5,4.38104913020139,0,0,0.640056030273437,1.63,0,-5399.97607421875
100000000000000000000001,1,921625000,0,-48.5,5.85980660972315,0,0,0.640056030273437,1.63,0,-5399.97607421875
100000000000000000000001,1,921625000,0,-48.5,5.86594253287469,0,0,0.640056030273437,1.63,0,-5399.97607421875
100000000000000000000002,1,921625000,0,-45.5,1.49102932582484,0,0,0.640056030273437,1.63,0,-5399.97607421875
100000000000000000000003,1,921625000,0,-48,2.9268353432858,0,0,0.640056030273437,1.63,0,-5399.97607421875
100000000000000000000004,1,921625000,0,-49.5,3.42998104171229,0,0,0.640056030273437,1.63,0,-5399.97607421875
100000000000000000000000,1,921625000,0,-53.5,4.38718505335293,0,0,0.640056030273437,1.63,0,-5399.97607421875
100000000000000000000005,1,921625000,0,-65.5,1.23332055346006,0,0,0.640056030273437,1.63,0,-5399.97607421875
100000000000000000000000,1,921625000,0,-53.5,4.39945689965602,0,0,0.640056030273437,1.63,0,-5399.97607421875
100000000000000000000004,1,921625000,0,-49,3.45452473431846,0,0,0.640056030273437,1.63,0,-5399.97607421875
100000000000000000000001,1,921625000,0,-48.5,5.83526291711698,0,0,0.640056030273437,1.63,0,-5399.97607421875
100000000000000000000002,1,921625000,0,-45.5,1.47875747952176,0,0,0.640056030273437,1.63,0,-5399.97607421875
100000000000000000000003,1,921625000,0,-48,2.90842757383118,0,0,0.640056030273437,1.63,0,-5399.97607421875
100000000000000000000005,1,921625000,0,-64.5,1.22718463030851,0,0,0.640056030273437,1.63,0,-5399.97607421875
100000000000000000000003,1,921625000,0,-48,2.91456349698272,0,0,0.640056030273437,1.63,0,-5399.97607421875
100000000000000000000004,1,921625000,0,-49,3.42998104171229,0,0,0.640056030273437,1.63,0,-5399.97607421875
100000000000000000000002,1,921625000,0,-45.5,1.46648563321867,0,0,0.640056030273437,1.63,0,-5399.97607421875
100000000000000000000001,1,921625000,0,-48.5,5.86594253287469,0,0,0.640056030273437,1.63,0,-5399.97607421875
100000000000000000000005,1,921625000,0,-65.5,1.32535940073319,0,0,0.640056030273437,1.63,0,-5399.97607421875
100000000000000000000000,1,921625000,0,-53.5,4.43627243856527,0,0,0.640056030273437,1.63,0,-5399.97607421875
100000000000000000000001,1,921625000,0,-48.5,5.86594253287469,0,0,0.640056030273437,1.63,0,-5399.97607421875
100000000000000000000002,1,921625000,0,-45.5,1.47262155637022,0,0,0.640056030273437,1.63,0,-5399.97607421875
100000000000000000000003,1,921625000,0,-48,2.90842757383118,0,0,0.640056030273437,1.63,0,-5399.97607421875
100000000000000000000000,1,921625000,0,-53.5,4.43627243856527,0,0,0.640056030273437,1.63,0,-5399.97607421875
100000000000000000000004,1,921625000,0,-49,3.41770919540921,0,0,0.640056030273437,1.63,0,-5399.97607421875
100000000000000000000005,1,921625000,0,-65,1.27627201552085,0,0,0.640056030273437,1.63,0,-5399.97607421875
100000000000000000000002,1,921625000,0,-45.5,1.46034971006713,0,0,0.640056030273437,1.63,0,-5399.97607421875
100000000000000000000001,1,921625000,0,-48.5,5.85367068657161,0,0,0.640056030273437,1.63,0,-5399.97607421875
100000000000000000000003,1,921625000,0,-48,2.88388388122501,0,0,0.640056030273437,1.63,0,-5399.97607421875
100000000000000000000000,1,921625000,0,-53.5,4.42400059226219,0,0,0.640056030273437,1.63,0,-5399.97607421875
100000000000000000000004,1,921625000,0,-49,3.42998104171229,0,0,0.640056030273437,1.63,0,-5399.97607421875
100000000000000000000005,1,921625000,0,-65,1.30081570812702,0,0,0.640056030273437,1.63,0,-5399.97607421875
100000000000000000000001,1,921625000,0,-48.5,5.86594253287469,0,0,0.640056030273437,1.63,0,-5399.97607421875
100000000000000000000005,1,921625000,0,-65.5,1.25172832291468,0,0,0.640056030273437,1.63,0,-5399.97607421875
100000000000000000000004,1,921625000,0,-49,3.39930142595458,0,0,0.640056030273437,1.63,0,-5399.97607421875
100000000000000000000003,1,921625000,0,-48,2.91456349698272,0,0,0.640056030273437,1.63,0,-5399.97607421875
100000000000000000000002,1,921625000,0,-45.5,1.47262155637022,0,0,0.640056030273437,1.63,0,-5399.97607421875
100000000000000000000000,1,921625000,0,-53.5,4.43013651541373,0,0,0.640056030273437,1.63,0,-5399.97607421875
100000000000000000000005,1,921625000,0,-66,1.1965050145508,0,0,0.640056030273437,1.63,0,-5399.97607421875
100000000000000000000002,1,921625000,0,-45.5,1.46034971006713,0,0,0.640056030273437,1.63,0,-5399.97607421875
100000000000000000000000,1,921625000,0,-53.5,4.42400059226219,0,0,0.640056030273437,1.63,0,-5399.97607421875
100000000000000000000003,1,921625000,0,-48,2.92069942013426,0,0,0.640056030273437,1.63,0,-5399.97607421875
100000000000000000000001,1,921625000,0,-48.5,5.84753476342006,0,0,0.640056030273437,1.63,0,-5399.97607421875
100000000000000000000004,1,921625000,0,-49,3.41770919540921,0,0,0.640056030273437,1.63,0,-5399.97607421875
100000000000000000000000,1,921625000,0,-53.5,4.41786466911065,0,0,0.640056030273437,1.63,0,-5399.97607421875
100000000000000000000005,1,921625000,0,-65.5,1.03083508945915,0,0,0.640056030273437,1.63,0,-5399.97607421875
100000000000000000000004,1,921625000,0,-49,3.43611696486384,0,0,0.640056030273437,1.63,0,-5399.97607421875
100000000000000000000003,1,921625000,0,-48,2.91456349698272,0,0,0.640056030273437,1.63,0,-5399.97607421875
100000000000000000000001,1,921625000,0,-48,5.87207845602623,0,0,0.640056030273437,1.63,0,-5399.97607421875
100000000000000000000002,1,921625000,0,-45.5,1.47262155637022,0,0,0.640056030273437,1.63,0,-5399.97607421875
100000000000000000000004,1,921625000,0,-49,3.42384511856075,0,0,0.640056030273437,1.63,0,-5399.97607421875
100000000000000000000003,1,921625000,0,-48,2.90842757383118,0,0,0.640056030273437,1.63,0,-5399.97607421875
100000000000000000000001,1,921625000,0,-48.5,5.85980660972315,0,0,0.640056030273437,1.63,0,-5399.97607421875
100000000000000000000002,1,921625000,0,-45.5,1.47875747952176,0,0,0.640056030273437,1.63,0,-5399.97607421875
100000000000000000000000,1,921625000,0,-53.5,4.4117287459591,0,0,0.640056030273437,1.63,0,-5399.97607421875
100000000000000000000005,1,921625000,0,-65,1.46648563321867,0,0,0.640056030273437,1.63,0,-5399.97607421875
100000000000000000000004,1,921625000,0,-49,3.43611696486384,0,0,0.640056030273437,1.63,0,-5399.97607421875
100000000000000000000001,1,921625000,0,-48.5,5.85367068657161,0,0,0.640056030273437,1.63,0,-5399.97607421875
100000000000000000000002,1,921625000,0,-45.5,1.47262155637022,0,0,0.640056030273437,1.63,0,-5399.97607421875
100000000000000000000003,1,921625000,0,-48,2.90229165067963,0,0,0.640056030273437,1.63,0,-5399.97607421875
100000000000000000000005,1,921625000,0,-65,1.18423316824772,0,0,0.640056030273437,1.63,0,-5399.97607421875
100000000000000000000000,1,921625000,0,-53.5,4.4117287459591,0,0,0.640056030273437,1.63,0,-5399.97607421875
100000000000000000000000,1,921625000,0,-53.5,4.42400059226219,0,0,0.640056030273437,1.63,0,-5399.97607421875
100000000000000000000004,1,921625000,0,-49,3.44225288801538,0,0,0.640056030273437,1.63,0,-5399.97607421875
100000000000000000000003,1,921625000,0,-48,2.91456349698272,0,0,0.640056030273437,1.63,0,-5399.97607421875
100000000000000000000001,1,921625000,0,-48.5,5.83526291711698,0,0,0.640056030273437,1.63,0,-5399.97607421875
100000000000000000000002,1,921625000,0,-45.5,1.47262155637022,0,0,0.640056030273437,1.63,0,-5399.97607421875
100000000000000000000005,1,921625000,0,-65.5,1.41739824800633,0,0,0.640056030273437,1.63,0,-5399.97607421875
100000000000000000000003,1,921625000,0,-47.5,2.90229165067963,0,0,0.640056030273437,1.63,0,-5399.97607421875
100000000000000000000000,1,921625000,0,-53.5,4.43013651541373,0,0,0.640056030273437,1.63,0,-5399.97607421875
100000000000000000000002,1,921625000,0,-45.5,1.46648563321867,0,0,0.640056030273437,1.63,0,-5399.97607421875
100000000000000000000001,1,921625000,0,-48.5,5.85367068657161,0,0,0.640056030273437,1.63,0,-5399.97607421875
100000000000000000000004,1,921625000,0,-49,3.41770919540921,0,0,0.640056030273437,1.63,0,-5399.97607421875
100000000000000000000005,1,921625000,0,-65,1.26400016921777,0,0,0.640056030273437,1.63,0,-5399.97607421875
100000000000000000000004,1,921625000,0,-49,3.42384511856075,0,0,0.640056030273437,1.63,0,-5399.97607421875
100000000000000000000003,1,921625000,0,-48,2.90842757383118,0,0,0.640056030273437,1.63,0,-5399.97607421875
100000000000000000000002,1,921625000,0,-45.5,1.45421378691559,0,0,0.640056030273437,1.63,0,-5399.97607421875
100000000000000000000001,1,921625000,0,-48.5,5.85980660972315,0,0,0.640056030273437,1.63,0,-5399.97607421875
100000000000000000000005,1,921625000,0,-65,1.2394564766116,0,0,0.640056030273437,1.63,0,-5399.97607421875
100000000000000000000000,1,921625000,0,-53.5,4.44854428486836,0,0,0.640056030273437,1.63,0,-5399.97607421875
100000000000000000000004,1,921625000,0,-49,3.44225288801538,0,0,0.640056030273437,1.63,0,-5399.97607421875
100000000000000000000003,1,921625000,0,-48,2.89615572752809,0,0,0.640056030273437,1.63,0,-5399.97607421875
100000000000000000000002,1,921625000,0,-45.5,1.47262155637022,0,0,0.640056030273437,1.63,0,-5399.97607421875
100000000000000000000001,1,921625000,0,-48.5,5.87207845602623,0,0,0.640056030273437,1.63,0,-5399.97607421875
100000000000000000000000,1,921625000,0,-53.5,4.39945689965602,0,0,0.640056030273437,1.63,0,-5399.97607421875
100000000000000000000005,1,921625000,0,-65,1.27627201552085,0,0,0.640056030273437,1.63,0,-5399.97607421875
100000000000000000000004,1,921625000,0,-49.5,3.42998104171229,0,0,0.640056030273437,1.63,0,-5399.97607421875
100000000000000000000005,1,921625000,0,-64.5,1.23332055346006,0,0,0.640056030273437,1.63,0,-5399.97607421875
100000000000000000000003,1,921625000,0,-48,2.89615572752809,0,0,0.640056030273437,1.63,0,-5399.97607421875
100000000000000000000002,1,921625000,0,-45.5,1.46648563321867,0,0,0.640056030273437,1.63,0,-5399.97607421875
100000000000000000000001,1,921625000,0,-48.5,5.85980660972315,0,0,0.640056030273437,1.63,0,-5399.97607421875
100000000000000000000000,1,921625000,0,-53.5,4.4546802080199,0,0,0.640056030273437,1.63,0,-5399.97607421875
100000000000000000000002,1,921625000,0,-45.5,1.47262155637022,0,0,0.640056030273437,1.63,0,-5399.97607421875
100000000000000000000004,1,921625000,0,-49,3.45452473431846,0,0,0.640056030273437,1.63,0,-5399.97607421875
100000000000000000000003,1,921625000,0,-48,2.91456349698272,0,0,0.640056030273437,1.63,0,-5399.97607421875
100000000000000000000005,1,921625000,0,-65,1.30081570812702,0,0,0.640056030273437,1.63,0,-5399.97607421875
100000000000000000000000,1,921625000,0,-53.5,4.4117287459591,0,0,0.640056030273437,1.63,0,-5399.97607421875
100000000000000000000001,1,921625000,0,-48.5,5.89048622548086,0,0,0.640056030273437,1.63,0,-5399.97607421875
100000000000000000000005,1,921625000,0,-65,1.23332055346006,0,0,0.640056030273437,1.63,0,-5399.97607421875
100000000000000000000000,1,921625000,0,-53.5,4.41786466911065,0,0,0.640056030273437,1.63,0,-5399.97607421875
100000000000000000000002,1,921625000,0,-45.5,1.46648563321867,0,0,0.640056030273437,1.63,0,-5399.97607421875
100000000000000000000004,1,921625000,0,-49,3.44225288801538,0,0,0.640056030273437,1.63,0,-5399.97607421875
100000000000000000000001,1,921625000,0,-48.5,5.85980660972315,0,0,0.640056030273437,1.63,0,-5399.97607421875
100000000000000000000003,1,921625000,0,-48,2.90229165067963,0,0,0.640056030273437,1.63,0,-5399.97607421875
100000000000000000000005,1,921625000,0,-65.5,1.02469916630761,0,0,0.640056030273437,1.63,0,-5399.97607421875
100000000000000000000004,1,921625000,0,-49,3.41770919540921,0,0,0.640056030273437,1.63,0,-5399.97607421875
100000000000000000000003,1,921625000,0,-48,2.90842757383118,0,0,0.640056030273437,1.63,0,-5399.97607421875
100000000000000000000002,1,921625000,0,-45.5,1.46034971006713,0,0,0.640056030273437,1.63,0,-5399.97607421875
100000000000000000000000,1,921625000,0,-53.5,4.43013651541373,0,0,0.640056030273437,1.63,0,-5399.97607421875
100000000000000000000001,1,921625000,0,-48.5,5.85367068657161,0,0,0.640056030273437,1.63,0,-5399.97607421875
100000000000000000000001,1,921625000,0,-48.5,5.86594253287469,0,0,0.640056030273437,1.63,0,-5399.97607421875
100000000000000000000004,1,921625000,0,-49,3.42384511856075,0,0,0.640056030273437,1.63,0,-5399.97607421875
100000000000000000000002,1,921625000,0,-45.5,1.47262155637022,0,0,0.640056030273437,1.63,0,-5399.97607421875
100000000000000000000003,1,921625000,0,-48,2.90842757383118,0,0,0.640056030273437,1.63,0,-5399.97607421875
100000000000000000000005,1,921625000,0,-65,1.26400016921777,0,0,0.640056030273437,1.63,0,-5399.97607421875
100000000000000000000000,1,921625000,0,-53.5,4.40559282280756,0,0,0.640056030273437,1.63,0,-5399.97607421875
100000000000000000000005,1,921625000,0,-65,1.17809724509617,0,0,0.640056030273437,1.63,0,-5399.97607421875
100000000000000000000001,1,921625000,0,-48.5,5.87207845602623,0,0,0.640056030273437,1.63,0,-5399.97607421875
100000000000000000000004,1,921625000,0,-49,3.44838881116692,0,0,0.640056030273437,1.63,0,-5399.97607421875
100000000000000000000003,1,921625000,0,-48,2.92069942013426,0,0,0.640056030273437,1.63,0,-5399.97607421875
100000000000000000000002,1,921625000,0,-45.5,1.46648563321867,0,0,0.640056030273437,1.63,0,-5399.97607421875
100000000000000000000000,1,921625000,0,-54,4.43627243856527,0,0,0.640056030273437,1.63,0,-5399.97607421875
100000000000000000000001,1,921625000,0,-48.5,5.85980660972315,0,0,0.640056030273437,1.63,0,-5399.97607421875
100000000000000000000003,1,921625000,0,-48,2.9268353432858,0,0,0.640056030273437,1.63,0,-5399.97607421875
100000000000000000000005,1,921625000,0,-65,1.16582539879309,0,0,0.640056030273437,1.63,0,-5399.97607421875
100000000000000000000000,1,921625000,0,-53,4.41786466911065,0,0,0.640056030273437,1.63,0,-5399.97607421875
100000000000000000000002,1,921625000,0,-45.5,1.46648563321867,0,0,0.640056030273437,1.63,0,-5399.97607421875
100000000000000000000004,1,921625000,0,-49,3.46066065747001,0,0,0.640056030273437,1.63,0,-5399.97607421875
100000000000000000000004,1,921625000,0,-49,3.41770919540921,0,0,0.640056030273437,1.63,0,-5399.97607421875
100000000000000000000001,1,921625000,0,-48.5,5.84753476342006,0,0,0.640056030273437,1.63,0,-5399.97607421875
100000000000000000000000,1,921625000,0,-53.5,4.44854428486836,0,0,0.640056030273437,1.63,0,-5399.97607421875
100000000000000000000002,1,921625000,0,-45.5,1.4848934026733,0,0,0.640056030273437,1.63,0,-5399.97607421875
100000000000000000000003,1,921625000,0,-48,2.89615572752809,0,0,0.640056030273437,1.63,0,-5399.97607421875
100000000000000000000005,1,921625000,0,-65,1.24559239976314,0,0,0.640056030273437,1.63,0,-5399.97607421875
100000000000000000000003,1,921625000,0,-48,2.89615572752809,0,0,0.640056030273437,1.63,0,-5399.97607421875
100000000000000000000000,1,921625000,0,-53.5,4.39945689965602,0,0,0.640056030273437,1.63,0,-5399.97607421875
100000000000000000000005,1,921625000,0,-64.5,1.20264093770234,0,0,0.640056030273437,1.63,0,-5399.97607421875
100000000000000000000001,1,921625000,0,-48.5,5.85367068657161,0,0,0.640056030273437,1.63,0,-5399.97607421875
100000000000000000000002,1,921625000,0,-45.5,1.49102932582484,0,0,0.640056030273437,1.63,0,-5399.97607421875
100000000000000000000004,1,921625000,0,-49,3.44838881116692,0,0,0.640056030273437,1.63,0,-5399.97607421875
100000000000000000000005,1,921625000,0,-64.5,1.24559239976314,0,0,0.640056030273437,1.63,0,-5399.97607421875
100000000000000000000002,1,921625000,0,-45.5,1.47875747952176,0,0,0.640056030273437,1.63,0,-5399.97607421875
100000000000000000000004,1,921625000,0,-49.5,3.44225288801538,0,0,0.640056030273437,1.63,0,-5399.97607421875
100000000000000000000003,1,921625000,0,-48,2.89615572752809,0,0,0.640056030273437,1.63,0,-5399.97607421875
100000000000000000000001,1,921625000,0,-48.5,5.85367068657161,0,0,0.640056030273437,1.63,0,-5399.97607421875
100000000000000000000000,1,921625000,0,-53.5,4.42400059226219,0,0,0.640056030273437,1.63,0,-5399.97607421875
100000000000000000000001,1,921625000,0,-48.5,5.85367068657161,0,0,0.640056030273437,1.63,0,-5399.97607421875
100000000000000000000003,1,921625000,0,-48,2.89001980437655,0,0,0.640056030273437,1.63,0,-5399.97607421875
100000000000000000000004,1,921625000,0,-49,3.46066065747001,0,0,0.640056030273437,1.63,0,-5399.97607421875
100000000000000000000005,1,921625000,0,-65,1.22718463030851,0,0,0.640056030273437,1.63,0,-5399.97607421875
100000000000000000000000,1,921625000,0,-53.5,4.44240836171682,0,0,0.640056030273437,1.63,0,-5399.97607421875
100000000000000000000002,1,921625000,0,-45.5,1.46648563321867,0,0,0.640056030273437,1.63,0,-5399.97607421875
100000000000000000000001,1,921625000,0,-48.5,5.84753476342006,0,0,0.640056030273437,1.63,0,-5399.97607421875
100000000000000000000002,1,921625000,0,-45.5,1.47875747952176,0,0,0.640056030273437,1.63,0,-5399.97607421875
100000000000000000000005,1,921625000,0,-65,1.11673801358075,0,0,0.640056030273437,1.63,0,-5399.97607421875
100000000000000000000000,1,921625000,0,-53.5,4.44854428486836,0,0,0.640056030273437,1.63,0,-5399.97607421875
100000000000000000000003,1,921625000,0,-48,2.90842757383118,0,0,0.640056030273437,1.63,0,-5399.97607421875
100000000000000000000004,1,921625000,0,-49,3.43611696486384,0,0,0.640056030273437,1.63,0,-5399.97607421875
100000000000000000000000,1,921625000,0,-53.5,4.39332097650448,0,0,0.640056030273437,1.63,0,-5399.97607421875
100000000000000000000002,1,921625000,0,-45.5,1.4848934026733,0,0,0.640056030273437,1.63,0,-5399.97607421875
100000000000000000000003,1,921625000,0,-48,2.89615572752809,0,0,0.640056030273437,1.63,0,-5399.97607421875
100000000000000000000005,1,921625000,0,-65.5,1.36831086279399,0,0,0.640056030273437,1.63,0,-5399.97607421875
100000000000000000000004,1,921625000,0,-49,3.44838881116692,0,0,0.640056030273437,1.63,0,-5399.97607421875
100000000000000000000001,1,921625000,0,-48.5,5.85980660972315,0,0,0.640056030273437,1.63,0,-5399.97607421875
100000000000000000000001,1,921625000,0,-48.5,5.87207845602623,0,0,0.640056030273437,1.63,0,-5399.97607421875
100000000000000000000003,1,921625000,0,-48,2.91456349698272,0,0,0.640056030273437,1.63,0,-5399.97607421875
100000000000000000000004,1,921625000,0,-49,3.41770919540921,0,0,0.640056030273437,1.63,0,-5399.97607421875
100000000000000000000002,1,921625000,0,-45.5,1.46648563321867,0,0,0.640056030273437,1.63,0,-5399.97607421875
100000000000000000000000,1,921625000,0,-53.5,4.4117287459591,0,0,0.640056030273437,1.63,0,-5399.97607421875
100000000000000000000005,1,921625000,0,-65,1.51557301843101,0,0,0.640056030273437,1.63,0,-5399.97607421875
100000000000000000000001,1,921625000,0,-48.5,5.87207845602623,0,0,0.640056030273437,1.63,0,-5399.97607421875
100000000000000000000004,1,921625000,0,-49,3.43611696486384,0,0,0.640056030273437,1.63,0,-5399.97607421875
100000000000000000000005,1,921625000,0,-65,1.2824079386724,0,0,0.640056030273437,1.63,0,-5399.97607421875
100000000000000000000003,1,921625000,0,-48,2.90229165067963,0,0,0.640056030273437,1.63,0,-5399.97607421875
100000000000000000000000,1,921625000,0,-53.5,4.46081613117144,0,0,0.640056030273437,1.63,0,-5399.97607421875
100000000000000000000002,1,921625000,0,-45.5,1.47875747952176,0,0,0.640056030273437,1.63,0,-5399.97607421875
100000000000000000000002,1,921625000,0,-45.5,1.46034971006713,0,0,0.640056030273437,1.63,0,-5399.97607421875
100000000000000000000003,1,921625000,0,-48,2.90229165067963,0,0,0.640056030273437,1.63,0,-5399.97607421875
100000000000000000000001,1,921625000,0,-48.5,5.85980660972315,0,0,0.640056030273437,1.63,0,-5399.97607421875
100000000000000000000004,1,921625000,0,-49,3.41770919540921,0,0,0.640056030273437,1.63,0,-5399.97607421875
100000000000000000000000,1,921625000,0,-53.5,4.42400059226219,0,0,0.640056030273437,1.63,0,-5399.97607421875
100000000000000000000005,1,921625000,0,-65,1.1965050145508,0,0,0.640056030273437,1.63,0,-5399.97607421875
100000000000000000000003,1,921625000,0,-48,2.90842757383118,0,0,0.640056030273437,1.63,0,-5399.97607421875
100000000000000000000001,1,921625000,0,-48.5,5.83526291711698,0,0,0.640056030273437,1.63,0,-5399.97607421875
100000000000000000000005,1,921625000,0,-65.5,1.24559239976314,0,0,0.640056030273437,1.63,0,-5399.97607421875
100000000000000000000000,1,921625000,0,-53.5,4.43013651541373,0,0,0.640056030273437,1.63,0,-5399.97607421875
100000000000000000000002,1,921625000,0,-45.5,1.46648563321867,0,0,0.640056030273437,1.63,0,-5399.97607421875
100000000000000000000004,1,921625000,0,-49,3.41770919540921,0,0,0.640056030273437,1.63,0,-5399.97607421875
100000000000000000000001,1,921625000,0,-48.5,5.86594253287469,0,0,0.640056030273437,1.63,0,-5399.97607421875
100000000000000000000002,1,921625000,0,-45.5,1.4419419406125,0,0,0.640056030273437,1.63,0,-5399.97607421875
100000000000000000000003,1,921625000,0,-48,2.88388388122501,0,0,0.640056030273437,1.63,0,-5399.97607421875
100000000000000000000005,1,921625000,0,-65,1.27627201552085,0,0,0.640056030273437,1.63,0,-5399.97607421875
100000000000000000000000,1,921625000,0,-53.5,4.44240836171682,0,0,0.640056030273437,1.63,0,-5399.97607421875
100000000000000000000004,1,921625000,0,-49,3.39316550280304,0,0,0.640056030273437,1.63,0,-5399.97607421875
100000000000000000000003,1,921625000,0,-48,2.90842757383118,0,0,0.640056030273437,1.63,0,-5399.97607421875
100000000000000000000004,1,921625000,0,-49,3.39930142595458,0,0,0.640056030273437,1.63,0,-5399.97607421875
100000000000000000000000,1,921625000,0,-53.5,4.39332097650448,0,0,0.640056030273437,1.63,0,-5399.97607421875
100000000000000000000002,1,921625000,0,-45.5,1.46034971006713,0,0,0.640056030273437,1.63,0,-5399.97607421875
100000000000000000000001,1,921625000,0,-48.5,5.86594253287469,0,0,0.640056030273437,1.63,0,-5399.97607421875
100000000000000000000005,1,921625000,0,-65,1.43580601746096,0,0,0.640056030273437,1.63,0,-5399.97607421875
100000000000000000000001,1,921625000,0,-48.5,5.84753476342006,0,0,0.640056030273437,1.63,0,-5399.97607421875
100000000000000000000000,1,921625000,0,-53.5,4.41786466911065,0,0,0.640056030273437,1.63,0,-5399.97607421875
100000000000000000000004,1,921625000,0,-49,3.41157327225767,0,0,0.640056030273437,1.63,0,-5399.97607421875
100000000000000000000002,1,921625000,0,-45.5,1.46648563321867,0,0,0.640056030273437,1.63,0,-5399.97607421875
100000000000000000000005,1,921625000,0,-65.5,1.27013609236931,0,0,0.640056030273437,1.63,0,-5399.97607421875
100000000000000000000003,1,921625000,0,-48,2.92069942013426,0,0,0.640056030273437,1.63,0,-5399.97607421875
100000000000000000000000,1,921625000,0,-53.5,4.43627243856527,0,0,0.640056030273437,1.63,0,-5399.97607421875
100000000000000000000002,1,921625000,0,-45.5,1.47875747952176,0,0,0.640056030273437,1.63,0,-5399.97607421875
100000000000000000000001,1,921625000,0,-48.5,5.86594253287469,0,0,0.640056030273437,1.63,0,-5399.97607421875
100000000000000000000003,1,921625000,0,-48,2.91456349698272,0,0,0.640056030273437,1.63,0,-5399.97607421875
100000000000000000000005,1,921625000,0,-65,1.18423316824772,0,0,0.640056030273437,1.63,0,-5399.97607421875
100000000000000000000004,1,921625000,0,-49,3.42998104171229,0,0,0.640056030273437,1.63,0,-5399.97607421875
100000000000000000000004,1,921625000,0,-49,3.41770919540921,0,0,0.640056030273437,1.63,0,-5399.97607421875
100000000000000000000001,1,921625000,0,-48.5,5.85367068657161,0,0,0.640056030273437,1.63,0,-5399.97607421875
100000000000000000000003,1,921625000,0,-48,2.89001980437655,0,0,0.640056030273437,1.63,0,-5399.97607421875
100000000000000000000000,1,921625000,0,-53.5,4.42400059226219,0,0,0.640056030273437,1.63,0,-5399.97607421875
100000000000000000000002,1,921625000,0,-45.5,1.47875747952176,0,0,0.640056030273437,1.63,0,-5399.97607421875
100000000000000000000005,1,921625000,0,-64.5,1.18423316824772,0,0,0.640056030273437,1.63,0,-5399.97607421875
100000000000000000000002,1,921625000,0,-45.5,1.46648563321867,0,0,0.640056030273437,1.63,0,-5399.97607421875
100000000000000000000005,1,921625000,0,-65.5,1.31308755443011,0,0,0.640056030273437,1.63,0,-5399.97607421875
100000000000000000000003,1,921625000,0,-48,2.90842757383118,0,0,0.640056030273437,1.63,0,-5399.97607421875
100000000000000000000000,1,921625000,0,-53.5,4.43013651541373,0,0,0.640056030273437,1.63,0,-5399.97607421875
100000000000000000000001,1,921625000,0,-48.5,5.87207845602623,0,0,0.640056030273437,1.63,0,-5399.97607421875
100000000000000000000004,1,921625000,0,-49,3.45452473431846,0,0,0.640056030273437,1.63,0,-5399.97607421875
100000000000000000000005,1,921625000,0,-65,1.2824079386724,0,0,0.640056030273437,1.63,0,-5399.97607421875
100000000000000000000004,1,921625000,0,-49,3.41157327225767,0,0,0.640056030273437,1.63,0,-5399.97607421875
100000000000000000000003,1,921625000,0,-48,2.90842757383118,0,0,0.640056030273437,1.63,0,-5399.97607421875
100000000000000000000002,1,921625000,0,-45.5,1.46648563321867,0,0,0.640056030273437,1.63,0,-5399.97607421875
100000000000000000000001,1,921625000,0,-48.5,5.86594253287469,0,0,0.640056030273437,1.63,0,-5399.97607421875
100000000000000000000000,1,921625000,0,-53.5,4.39332097650448,0,0,0.640056030273437,1.63,0,-5399.97607421875
100000000000000000000000,1,921625000,0,-53.5,4.4546802080199,0,0,0.640056030273437,1.63,0,-5399.97607421875
100000000000000000000001,1,921625000,0,-48.5,5.88435030232932,0,0,0.640056030273437,1.63,0,-5399.97607421875
100000000000000000000005,1,921625000,0,-64.5,1.41739824800633,0,0,0.640056030273437,1.63,0,-5399.97607421875
100000000000000000000004,1,921625000,0,-49,3.44225288801538,0,0,0.640056030273437,1.63,0,-5399.97607421875
100000000000000000000002,1,921625000,0,-45.5,1.46034971006713,0,0,0.640056030273437,1.63,0,-5399.97607421875
100000000000000000000003,1,921625000,0,-48,2.90229165067963,0,0,0.640056030273437,1.63,0,-5399.97607421875
100000000000000000000000,1,921625000,0,-53.5,4.41786466911065,0,0,0.640056030273437,1.63,0,-5399.97607421875
100000000000000000000002,1,921625000,0,-45.5,1.45421378691559,0,0,0.640056030273437,1.63,0,-5399.97607421875
100000000000000000000001,1,921625000,0,-48.5,5.84139884026852,0,0,0.640056030273437,1.63,0,-5399.97607421875
100000000000000000000004,1,921625000,0,-49,3.44225288801538,0,0,0.640056030273437,1.63,0,-5399.97607421875
100000000000000000000003,1,921625000,0,-48,2.90842757383118,0,0,0.640056030273437,1.63,0,-5399.97607421875
100000000000000000000005,1,921625000,0,-65,1.25786424606623,0,0,0.640056030273437,1.63,0,-5399.97607421875
100000000000000000000000,1,921625000,0,-53.5,4.4546802080199,0,0,0.640056030273437,1.63,0,-5399.97607421875
100000000000000000000004,1,921625000,0,-49,3.44838881116692,0,0,0.640056030273437,1.63,0,-5399.97607421875
100000000000000000000005,1,921625000,0,-65,1.2394564766116,0,0,0.640056030273437,1.63,0,-5399.97607421875
100000000000000000000001,1,921625000,0,-48.5,5.85980660972315,0,0,0.640056030273437,1.63,0,-5399.97607421875
100000000000000000000002,1,921625000,0,-45.5,1.49102932582484,0,0,0.640056030273437,1.63,0,-5399.97607421875
100000000000000000000003,1,921625000,0,-48,2.91456349698272,0,0,0.640056030273437,1.63,0,-5399.97607421875
100000000000000000000000,1,921625000,0,-53.5,4.43013651541373,0,0,0.640056030273437,1.63,0,-5399.97607421875
100000000000000000000003,1,921625000,0,-48,2.88388388122501,0,0,0.640056030273437,1.63,0,-5399.97607421875
100000000000000000000002,1,921625000,0,-45.5,1.47875747952176,0,0,0.640056030273437,1.63,0,-5399.97607421875
100000000000000000000005,1,921625000,0,-65,0.901980703276757,0,0,0.640056030273437,1.63,0,-5399.97607421875
100000000000000000000004,1,921625000,0,-49,3.43611696486384,0,0,0.640056030273437,1.63,0,-5399.97607421875
100000000000000000000001,1,921625000,0,-48.5,5.85367068657161,0,0,0.640056030273437,1.63,0,-5399.97607421875
100000000000000000000002,1,921625000,0,-45.5,1.4848934026733,0,0,0.640056030273437,1.63,0,-5399.97607421875
100000000000000000000003,1,921625000,0,-48,2.91456349698272,0,0,0.640056030273437,1.63,0,-5399.97607421875
100000000000000000000001,1,921625000,0,-48,5.85367068657161,0,0,0.640056030273437,1.63,0,-5399.97607421875
100000000000000000000005,1,921625000,0,-65.5,1.20264093770234,0,0,0.640056030273437,1.63,0,-5399.97607421875
100000000000000000000004,1,921625000,0,-49,3.41770919540921,0,0,0.640056030273437,1.63,0,-5399.97607421875
100000000000000000000000,1,921625000,0,-53.5,4.4117287459591,0,0,0.640056030273437,1.63,0,-5399.97607421875
100000000000000000000005,1,921625000,0,-65,1.38058270909708,0,0,0.640056030273437,1.63,0,-5399.97607421875
100000000000000000000001,1,921625000,0,-48.5,5.84753476342006,0,0,0.640056030273437,1.63,0,-5399.97607421875
100000000000000000000004,1,921625000,0,-49,3.42384511856075,0,0,0.640056030273437,1.63,0,-5399.97607421875
100000000000000000000000,1,921625000,0,-53.5,4.4117287459591,0,0,0.640056030273437,1.63,0,-5399.97607421875
100000000000000000000003,1,921625000,0,-48,2.90842757383118,0,0,0.640056030273437,1.63,0,-5399.97607421875
100000000000000000000002,1,921625000,0,-45.5,1.46648563321867,0,0,0.640056030273437,1.63,0,-5399.97607421875
100000000000000000000003,1,921625000,0,-48,2.90842757383118,0,0,0.640056030273437,1.63,0,-5399.97607421875
100000000000000000000004,1,921625000,0,-49,3.40543734910612,0,0,0.640056030273437,1.63,0,-5399.97607421875
100000000000000000000005,1,921625000,0,-65,1.27627201552085,0,0,0.640056030273437,1.63,0,-5399.97607421875
100000000000000000000002,1,921625000,0,-45.5,1.4848934026733,0,0,0.640056030273437,1.63,0,-5399.97607421875
100000000000000000000001,1,921625000,0,-48,5.85980660972315,0,0,0.640056030273437,1.63,0,-5399.97607421875
100000000000000000000000,1,921625000,0,-53.5,4.38718505335293,0,0,0.640056030273437,1.63,0,-5399.97607421875
100000000000000000000005,1,921625000,0,-65,1.36217493964245,0,0,0.640056030273437,1.63,0,-5399.97607421875
100000000000000000000004,1,921625000,0,-49,3.42998104171229,0,0,0.640056030273437,1.63,0,-5399.97607421875
100000000000000000000003,1,921625000,0,-48,2.90229165067963,0,0,0.640056030273437,1.63,0,-5399.97607421875
100000000000000000000001,1,921625000,0,-48.5,5.85980660972315,0,0,0.640056030273437,1.63,0,-5399.97607421875
100000000000000000000002,1,921625000,0,-45.5,1.46034971006713,0,0,0.640056030273437,1.63,0,-5399.97607421875
100000000000000000000000,1,921625000,0,-53.5,4.43013651541373,0,0,0.640056030273437,1.63,0,-5399.97607421875
100000000000000000000000,1,921625000,0,-53.5,4.4117287459591,0,0,0.640056030273437,1.63,0,-5399.97607421875
100000000000000000000002,1,921625000,0,-45.5,1.47262155637022,0,0,0.640056030273437,1.63,0,-5399.97607421875
100000000000000000000004,1,921625000,0,-49,3.43611696486384,0,0,0.640056030273437,1.63,0,-5399.97607421875
100000000000000000000001,1,921625000,0,-48.5,5.83526291711698,0,0,0.640056030273437,1.63,0,-5399.97607421875
100000000000000000000003,1,921625000,0,-48,2.91456349698272,0,0,0.640056030273437,1.63,0,-5399.97607421875
100000000000000000000005,1,921625000,0,-65,1.17196132194463,0,0,0.640056030273437,1.63,0,-5399.97607421875
100000000000000000000002,1,921625000,0,-45.5,1.47262155637022,0,0,0.640056030273437,1.63,0,-5399.97607421875
100000000000000000000000,1,921625000,0,-53.5,4.41786466911065,0,0,0.640056030273437,1.63,0,-5399.97607421875
100000000000000000000005,1,921625000,0,-65.5,1.34376717018782,0,0,0.640056030273437,1.63,0,-5399.97607421875
100000000000000000000003,1,921625000,0,-48,2.90229165067963,0,0,0.640056030273437,1.63,0,-5399.97607421875
100000000000000000000001,1,921625000,0,-48.5,5.84753476342006,0,0,0.640056030273437,1.63,0,-5399.97607421875
100000000000000000000004,1,921625000,0,-49,3.41770919540921,0,0,0.640056030273437,1.63,0,-5399.97607421875
100000000000000000000002,1,921625000,0,-45.5,1.47875747952176,0,0,0.640056030273437,1.63,0,-5399.97607421875
100000000000000000000001,1,921625000,0,-48.5,5.85980660972315,0,0,0.640056030273437,1.63,0,-5399.97607421875
100000000000000000000000,1,921625000,0,-53.5,4.43627243856527,0,0,0.640056030273437,1.63,0,-5399.97607421875
100000000000000000000003,1,921625000,0,-48,2.91456349698272,0,0,0.640056030273437,1.63,0,-5399.97607421875
100000000000000000000005,1,921625000,0,-64.5,1.28854386182394,0,0,0.640056030273437,1.63,0,-5399.97607421875
100000000000000000000004,1,921625000,0,-49,3.41770919540921,0,0,0.640056030273437,1.63,0,-5399.97607421875
100000000000000000000000,1,921625000,0,-53.5,4.46081613117144,0,0,0.640056030273437,1.63,0,-5399.97607421875
100000000000000000000002,1,921625000,0,-45.5,1.44807786376405,0,0,0.640056030273437,1.63,0,-5399.97607421875
100000000000000000000001,1,921625000,0,-48.5,5.88435030232932,0,0,0.640056030273437,1.63,0,-5399.97607421875
100000000000000000000004,1,921625000,0,-49,3.43611696486384,0,0,0.640056030273437,1.63,0,-5399.97607421875
100000000000000000000005,1,921625000,0,-65,1.42353417115787,0,0,0.640056030273437,1.63,0,-5399.97607421875
100000000000000000000003,1,921625000,0,-47.5,2.90842757383118,0,0,0.640056030273437,1.63,0,-5399.97607421875
100000000000000000000001,1,921625000,0,-48,5.86594253287469,0,0,0.640056030273437,1.63,0,-5399.97607421875
100000000000000000000004,1,921625000,0,-49,3.41157327225767,0,0,0.640056030273437,1.63,0,-5399.97607421875
100000000000000000000002,1,921625000,0,-45.5,1.47262155637022,0,0,0.640056030273437,1.63,0,-5399.97607421875
100000000000000000000003,1,921625000,0,-48,2.89615572752809,0,0,0.640056030273437,1.63,0,-5399.97607421875
100000000000000000000000,1,921625000,0,-53.5,4.39332097650448,0,0,0.640056030273437,1.63,0,-5399.97607421875
100000000000000000000005,1,921625000,0,-65,1.2394564766116,0,0,0.640056030273437,1.63,0,-5399.97607421875
100000000000000000000001,1,921625000,0,-48.5,5.85980660972315,0,0,0.640056030273437,1.63,0,-5399.97607421875
100000000000000000000002,1,921625000,0,-45.5,1.46648563321867,0,0,0.640056030273437,1.63,0,-5399.97607421875
100000000000000000000005,1,921625000,0,-65,1.20264093770234,0,0,0.640056030273437,1.63,0,-5399.97607421875
100000000000000000000003,1,921625000,0,-48,2.91456349698272,0,0,0.640056030273437,1.63,0,-5399.97607421875
100000000000000000000004,1,921625000,0,-49,3.43611696486384,0,0,0.640056030273437,1.63,0,-5399.97607421875
100000000000000000000000,1,921625000,0,-53.5,4.40559282280756,0,0,0.640056030273437,1.63,0,-5399.97607421875
100000000000000000000002,1,921625000,0,-45.5,1.46648563321867,0,0,0.640056030273437,1.63,0,-5399.97607421875
100000000000000000000000,1,921625000,0,-53.5,4.43013651541373,0,0,0.640056030273437,1.63,0,-5399.97607421875
100000000000000000000001,1,921625000,0,-48.5,5.84753476342006,0,0,0.640056030273437,1.63,0,-5399.97607421875
100000000000000000000005,1,921625000,0,-65.5,1.33763124703628,0,0,0.640056030273437,1.63,0,-5399.97607421875
100000000000000000000003,1,921625000,0,-48,2.90842757383118,0,0,0.640056030273437,1.63,0,-5399.97607421875
100000000000000000000004,1,921625000,0,-49,3.42384511856075,0,0,0.640056030273437,1.63,0,-5399.97607421875
100000000000000000000000,1,921625000,0,-53.5,4.40559282280756,0,0,0.640056030273437,1.63,0,-5399.97607421875
100000000000000000000004,1,921625000,0,-49,3.39316550280304,0,0,0.640056030273437,1.63,0,-5399.97607421875
100000000000000000000002,1,921625000,0,-45.5,1.46034971006713,0,0,0.640056030273437,1.63,0,-5399.97607421875
100000000000000000000001,1,921625000,0,-48.5,5.85980660972315,0,0,0.640056030273437,1.63,0,-5399.97607421875
100000000000000000000003,1,921625000,0,-48,2.90229165067963,0,0,0.640056030273437,1.63,0,-5399.97607421875
100000000000000000000005,1,921625000,0,-65.5,1.24559239976314,0,0,0.640056030273437,1.63,0,-5399.97607421875
100000000000000000000003,1,921625000,0,-48,2.88388388122501,0,0,0.640056030273437,1.63,0,-5399.97607421875
100000000000000000000001,1,921625000,0,-48.5,5.85367068657161,0,0,0.640056030273437,1.63,0,-5399.97607421875
100000000000000000000005,1,921625000,0,-65,1.1965050145508,0,0,0.640056030273437,1.63,0,-5399.97607421875
100000000000000000000004,1,921625000,0,-49,3.41770919540921,0,0,0.640056030273437,1.63,0,-5399.97607421875
100000000000000000000002,1,921625000,0,-45.5,1.47262155637022,0,0,0.640056030273437,1.63,0,-5399.97607421875
100000000000000000000000,1,921625000,0,-53.5,4.36877728389831,0,0,0.640056030273437,1.63,0,-5399.97607421875
100000000000000000000000,1,921625000,0,-53.5,4.42400059226219,0,0,0.640056030273437,1.63,0,-5399.97607421875
100000000000000000000005,1,921625000,0,-65.5,1.27627201552085,0,0,0.640056030273437,1.63,0,-5399.97607421875
100000000000000000000001,1,921625000,0,-48.5,5.84753476342006,0,0,0.640056030273437,1.63,0,-5399.97607421875
100000000000000000000004,1,921625000,0,-49,3.43611696486384,0,0,0.640056030273437,1.63,0,-5399.97607421875
100000000000000000000003,1,921625000,0,-48,2.90229165067963,0,0,0.640056030273437,1.63,0,-5399.97607421875
100000000000000000000002,1,921625000,0,-45.5,1.47262155637022,0,0,0.640056030273437,1.63,0,-5399.97607421875
100000000000000000000004,1,921625000,0,-49,3.44225288801538,0,0,0.640056030273437,1.63,0,-5399.97607421875
100000000000000000000005,1,922125000,0,-65.5,1.65669925091649,0,0,0.640056030273437,1.63,0,-5399.97607421875
100000000000000000000000,1,922125000,0,-54,4.59580644050538,0,0,0.640056030273437,1.63,0,-5399.97607421875
100000000000000000000002,1,922125000,0,-45.5,1.69965071297729,0,0,0.640056030273437,1.63,0,-5399.97607421875
100000000000000000000003,1,922125000,0,-48.5,3.17227226934751,0,0,0.640056030273437,1.63,0,-5399.97607421875
100000000000000000000001,1,922125000,0,-48.5,6.05615615057251,0,0,0.640056030273437,1.63,0,-5399.97607421875
100000000000000000000000,1,922125000,0,-54,4.68170936462698,0,0,0.640056030273437,1.63,0,-5399.97607421875
100000000000000000000001,1,922125000,0,-48.5,6.0684279968756,0,0,0.640056030273437,1.63,0,-5399.97607421875
100000000000000000000005,1,922125000,0,-65,1.56466040364335,0,0,0.640056030273437,1.63,0,-5399.97607421875
100000000000000000000004,1,922125000,0,-49,3.62633058256166,0,0,0.640056030273437,1.63,0,-5399.97607421875
100000000000000000000003,1,922125000,0,-48.5,3.15386449989288,0,0,0.640056030273437,1.63,0,-5399.97607421875
100000000000000000000002,1,922125000,0,-45.5,1.71805848243192,0,0,0.640056030273437,1.63,0,-5399.97607421875
100000000000000000000003,1,922125000,0,-48.5,3.17227226934751,0,0,0.640056030273437,1.63,0,-5399.97607421875
100000000000000000000005,1,922125000,0,-65,1.73646625188655,0,0,0.640056030273437,1.63,0,-5399.97607421875
100000000000000000000000,1,922125000,0,-54,4.65102974886926,0,0,0.640056030273437,1.63,0,-5399.97607421875
100000000000000000000002,1,922125000,0,-45.5,1.69351478982575,0,0,0.640056030273437,1.63,0,-5399.97607421875
100000000000000000000004,1,922125000,0,-48.5,3.60792281310703,0,0,0.640056030273437,1.63,0,-5399.97607421875
100000000000000000000001,1,922125000,0,-48.5,6.05615615057251,0,0,0.640056030273437,1.63,0,-5399.97607421875
100000000000000000000004,1,922125000,0,-48.5,3.62633058256166,0,0,0.640056030273437,1.63,0,-5399.97607421875
100000000000000000000003,1,922125000,0,-48.5,3.17227226934751,0,0,0.640056030273437,1.63,0,-5399.97607421875
100000000000000000000001,1,922125000,0,-48.5,6.06229207372405,0,0,0.640056030273437,1.63,0,-5399.97607421875
100000000000000000000000,1,922125000,0,-54,4.66330159517235,0,0,0.640056030273437,1.63,0,-5399.97607421875
100000000000000000000005,1,922125000,0,-65,1.62601963515878,0,0,0.640056030273437,1.63,0,-5399.97607421875
100000000000000000000002,1,922125000,0,-45.5,1.69351478982575,0,0,0.640056030273437,1.63,0,-5399.97607421875
100000000000000000000002,1,922125000,0,-45.5,1.69351478982575,0,0,0.640056030273437,1.63,0,-5399.97607421875
100000000000000000000003,1,922125000,0,-48,3.15386449989288,0,0,0.640056030273437,1.63,0,-5399.97607421875
100000000000000000000001,1,922125000,0,-48.5,6.05002022742097,0,0,0.640056030273437,1.63,0,-5399.97607421875
100000000000000000000005,1,922125000,0,-64.5,1.49102932582484,0,0,0.640056030273437,1.63,0,-5399.97607421875
100000000000000000000004,1,922125000,0,-48.5,3.62019465941011,0,0,0.640056030273437,1.63,0,-5399.97607421875
100000000000000000000000,1,922125000,0,-54,4.68170936462698,0,0,0.640056030273437,1.63,0,-5399.97607421875
100000000000000000000004,1,922125000,0,-48.5,3.60792281310703,0,0,0.640056030273437,1.63,0,-5399.97607421875
100000000000000000000002,1,922125000,0,-45.5,1.69965071297729,0,0,0.640056030273437,1.63,0,-5399.97607421875
100000000000000000000000,1,922125000,0,-54,4.66943751832389,0,0,0.640056030273437,1.63,0,-5399.97607421875
100000000000000000000005,1,922125000,0,-65,1.51557301843101,0,0,0.640056030273437,1.63,0,-5399.97607421875
100000000000000000000001,1,922125000,0,-48.5,6.05002022742097,0,0,0.640056030273437,1.63,0,-5399.97607421875
100000000000000000000003,1,922125000,0,-48.5,3.16613634619596,0,0,0.640056030273437,1.63,0,-5399.97607421875
100000000000000000000001,1,922125000,0,-48.5,6.06229207372405,0,0,0.640056030273437,1.63,0,-5399.97607421875
100000000000000000000005,1,922125000,0,-65.5,1.27013609236931,0,0,0.640056030273437,1.63,0,-5399.97607421875
100000000000000000000002,1,922125000,0,-45.5,1.68737886667421,0,0,0.640056030273437,1.63,0,-5399.97607421875
100000000000000000000003,1,922125000,0,-48.5,3.16613634619596,0,0,0.640056030273437,1.63,0,-5399.97607421875
100000000000000000000004,1,922125000,0,-48.5,3.60792281310703,0,0,0.640056030273437,1.63,0,-5399.97607421875
100000000000000000000000,1,922125000,0,-54,4.68170936462698,0,0,0.640056030273437,1.63,0,-5399.97607421875
100000000000000000000005,1,922125000,0,-65.5,1.55238855734027,0,0,0.640056030273437,1.63,0,-5399.97607421875
100000000000000000000001,1,922125000,0,-48.5,6.04388430426943,0,0,0.640056030273437,1.63,0,-5399.97607421875
100000000000000000000004,1,922125000,0,-48.5,3.61405873625857,0,0,0.640056030273437,1.63,0,-5399.97607421875
100000000000000000000003,1,922125000,0,-48.5,3.16613634619596,0,0,0.640056030273437,1.63,0,-5399.97607421875
100000000000000000000002,1,922125000,0,-45.5,1.68737886667421,0,0,0.640056030273437,1.63,0,-5399.97607421875
100000000000000000000000,1,922125000,0,-54,4.68170936462698,0,0,0.640056030273437,1.63,0,-5399.97607421875
100000000000000000000000,1,922125000,0,-54,4.65102974886926,0,0,0.640056030273437,1.63,0,-5399.97607421875
100000000000000000000005,1,922125000,0,-65.5,1.58920409624952,0,0,0.640056030273437,1.63,0,-5399.97607421875
100000000000000000000002,1,922125000,0,-45.5,1.69351478982575,0,0,0.640056030273437,1.63,0,-5399.97607421875
100000000000000000000003,1,922125000,0,-48.5,3.14159265358979,0,0,0.640056030273437,1.63,0,-5399.97607421875
100000000000000000000004,1,922125000,0,-48.5,3.61405873625857,0,0,0.640056030273437,1.63,0,-5399.97607421875
100000000000000000000001,1,922125000,0,-48.5,6.05002022742097,0,0,0.640056030273437,1.63,0,-5399.97607421875
100000000000000000000003,1,922125000,0,-48.5,3.17840819249905,0,0,0.640056030273437,1.63,0,-5399.97607421875
100000000000000000000004,1,922125000,0,-48.5,3.62633058256166,0,0,0.640056030273437,1.63,0,-5399.97607421875
100000000000000000000000,1,922125000,0,-54,4.69398121093006,0,0,0.640056030273437,1.63,0,-5399.97607421875
100000000000000000000001,1,922125000,0,-48.5,6.06229207372405,0,0,0.640056030273437,1.63,0,-5399.97607421875
100000000000000000000002,1,922125000,0,-45.5,1.70578663612883,0,0,0.640056030273437,1.63,0,-5399.97607421875
100000000000000000000005,1,922125000,0,-65.5,1.46648563321867,0,0,0.640056030273437,1.63,0,-5399.97607421875
100000000000000000000001,1,922125000,0,-48.5,6.06229207372405,0,0,0.640056030273437,1.63,0,-5399.97607421875
100000000000000000000005,1,922125000,0,-64.5,1.54625263418873,0,0,0.640056030273437,1.63,0,-5399.97607421875
100000000000000000000002,1,922125000,0,-45.5,1.67510702037112,0,0,0.640056030273437,1.63,0,-5399.97607421875
100000000000000000000000,1,922125000,0,-54,4.65102974886926,0,0,0.640056030273437,1.63,0,-5399.97607421875
100000000000000000000004,1,922125000,0,-48.5,3.65701019831937,0,0,0.640056030273437,1.63,0,-5399.97607421875
100000000000000000000003,1,922125000,0,-48.5,3.16613634619596,0,0,0.640056030273437,1.63,0,-5399.97607421875
100000000000000000000000,1,922125000,0,-54,4.68170936462698,0,0,0.640056030273437,1.63,0,-5399.97607421875
100000000000000000000001,1,922125000,0,-48.5,6.05615615057251,0,0,0.640056030273437,1.63,0,-5399.97607421875
100000000000000000000003,1,922125000,0,-48.5,3.15386449989288,0,0,0.640056030273437,1.63,0,-5399.97607421875
100000000000000000000004,1,922125000,0,-48.5,3.63860242886474,0,0,0.640056030273437,1.63,0,-5399.97607421875
100000000000000000000002,1,922125000,0,-45.5,1.68737886667421,0,0,0.640056030273437,1.63,0,-5399.97607421875
100000000000000000000005,1,922125000,0,-66,1.61988371200724,0,0,0.640056030273437,1.63,0,-5399.97607421875
100000000000000000000004,1,922125000,0,-49,3.62633058256166,0,0,0.640056030273437,1.63,0,-5399.97607421875
100000000000000000000002,1,922125000,0,-45.5,1.71805848243192,0,0,0.640056030273437,1.63,0,-5399.97607421875
100000000000000000000001,1,922125000,0,-48.5,6.06229207372405,0,0,0.640056030273437,1.63,0,-5399.97607421875
100000000000000000000005,1,922125000,0,-64.5,1.57693224994644,0,0,0.640056030273437,1.63,0,-5399.97607421875
100000000000000000000003,1,922125000,0,-48.5,3.17840819249905,0,0,0.640056030273437,1.63,0,-5399.97607421875
100000000000000000000000,1,922125000,0,-54,4.66330159517235,0,0,0.640056030273437,1.63,0,-5399.97607421875
100000000000000000000000,1,922125000,0,-54,4.65716567202081,0,0,0.640056030273437,1.63,0,-5399.97607421875
100000000000000000000003,1,922125000,0,-48.5,3.18454411565059,0,0,0.640056030273437,1.63,0,-5399.97607421875
100000000000000000000004,1,922125000,0,-48.5,3.64473835201628,0,0,0.640056030273437,1.63,0,-5399.97607421875
100000000000000000000002,1,922125000,0,-45.5,1.71192255928038,0,0,0.640056030273437,1.63,0,-5399.97607421875
100000000000000000000001,1,922125000,0,-48.5,6.00706876536017,0,0,0.640056030273437,1.63,0,-5399.97607421875
100000000000000000000005,1,922125000,0,-65,1.31308755443011,0,0,0.640056030273437,1.63,0,-5399.97607421875
100000000000000000000003,1,922125000,0,-48.5,3.18454411565059,0,0,0.640056030273437,1.63,0,-5399.97607421875
100000000000000000000001,1,922125000,0,-48.5,6.05002022742097,0,0,0.640056030273437,1.63,0,-5399.97607421875
100000000000000000000005,1,922125000,0,-65,1.54625263418873,0,0,0.640056030273437,1.63,0,-5399.97607421875
100000000000000000000004,1,922125000,0,-48.5,3.66314612147091,0,0,0.640056030273437,1.63,0,-5399.97607421875
100000000000000000000000,1,922125000,0,-54,4.67557344147543,0,0,0.640056030273437,1.63,0,-5399.97607421875
100000000000000000000002,1,922125000,0,-45.5,1.70578663612883,0,0,0.640056030273437,1.63,0,-5399.97607421875
100000000000000000000003,1,922125000,0,-48.5,3.17227226934751,0,0,0.640056030273437,1.63,0,-5399.97607421875
100000000000000000000004,1,922125000,0,-48.5,3.66928204462245,0,0,0.640056030273437,1.63,0,-5399.97607421875
100000000000000000000000,1,922125000,0,-54,4.68784528777852,0,0,0.640056030273437,1.63,0,-5399.97607421875
100000000000000000000005,1,922125000,0,-65.5,1.54011671103718,0,0,0.640056030273437,1.63,0,-5399.97607421875
100000000000000000000002,1,922125000,0,-45.5,1.71805848243192,0,0,0.640056030273437,1.63,0,-5399.97607421875
100000000000000000000001,1,922125000,0,-48.5,6.05002022742097,0,0,0.640056030273437,1.63,0,-5399.97607421875
100000000000000000000001,1,922125000,0,-48.5,6.05002022742097,0,0,0.640056030273437,1.63,0,-5399.97607421875
100000000000000000000002,1,922125000,0,-45.5,1.71192255928038,0,0,0.640056030273437,1.63,0,-5399.97607421875
100000000000000000000004,1,922125000,0,-48.5,3.65087427516783,0,0,0.640056030273437,1.63,0,-5399.97607421875
100000000000000000000000,1,922125000,0,-54,4.64489382571772,0,0,0.640056030273437,1.63,0,-5399.97607421875
100000000000000000000003,1,922125000,0,-48.5,3.16613634619596,0,0,0.640056030273437,1.63,0,-5399.97607421875
100000000000000000000005,1,922125000,0,-65.5,1.4419419406125,0,0,0.640056030273437,1.63,0,-5399.97607421875
100000000000000000000004,1,922125000,0,-48.5,3.66314612147091,0,0,0.640056030273437,1.63,0,-5399.97607421875
100000000000000000000003,1,922125000,0,-48.5,3.16000042304442,0,0,0.640056030273437,1.63,0,-5399.97607421875
100000000000000000000002,1,922125000,0,-45.5,1.71192255928038,0,0,0.640056030273437,1.63,0,-5399.97607421875
100000000000000000000001,1,922125000,0,-48.5,6.0684279968756,0,0,0.640056030273437,1.63,0,-5399.97607421875
100000000000000000000005,1,922125000,0,-64.5,1.62601963515878,0,0,0.640056030273437,1.63,0,-5399.97607421875
100000000000000000000000,1,922125000,0,-54,4.67557344147543,0,0,0.640056030273437,1.63,0,-5399.97607421875
100000000000000000000003,1,922125000,0,-48.5,3.15386449989288,0,0,0.640056030273437,1.63,0,-5399.97607421875
100000000000000000000000,1,922125000,0,-54,4.70011713408161,0,0,0.640056030273437,1.63,0,-5399.97607421875
100000000000000000000004,1,922125000,0,-48.5,3.65701019831937,0,0,0.640056030273437,1.63,0,-5399.97607421875
100000000000000000000002,1,922125000,0,-45.5,1.68737886667421,0,0,0.640056030273437,1.63,0,-5399.97607421875
100000000000000000000005,1,922125000,0,-65,1.60147594255261,0,0,0.640056030273437,1.63,0,-5399.97607421875
100000000000000000000001,1,922125000,0,-48.5,6.03774838111788,0,0,0.640056030273437,1.63,0,-5399.97607421875
100000000000000000000005,1,922125000,0,-64.5,1.47875747952176,0,0,0.640056030273437,1.63,0,-5399.97607421875
100000000000000000000002,1,922125000,0,-45.5,1.68124294352266,0,0,0.640056030273437,1.63,0,-5399.97607421875
100000000000000000000003,1,922125000,0,-48.5,3.16000042304442,0,0,0.640056030273437,1.63,0,-5399.97607421875
100000000000000000000001,1,922125000,0,-48.5,6.06229207372405,0,0,0.640056030273437,1.63,0,-5399.97607421875
100000000000000000000004,1,922125000,0,-48.5,3.63860242886474,0,0,0.640056030273437,1.63,0,-5399.97607421875
100000000000000000000000,1,922125000,0,-54,4.66943751832389,0,0,0.640056030273437,1.63,0,-5399.97607421875
100000000000000000000002,1,922125000,0,-45.5,1.69351478982575,0,0,0.640056030273437,1.63,0,-5399.97607421875
100000000000000000000004,1,922125000,0,-48.5,3.64473835201628,0,0,0.640056030273437,1.63,0,-5399.97607421875
100000000000000000000000,1,922125000,0,-54,4.64489382571772,0,0,0.640056030273437,1.63,0,-5399.97607421875
100000000000000000000001,1,922125000,0,-48.5,6.0684279968756,0,0,0.640056030273437,1.63,0,-5399.97607421875
100000000000000000000003,1,922125000,0,-48.5,3.17227226934751,0,0,0.640056030273437,1.63,0,-5399.97607421875
100000000000000000000005,1,922125000,0,-65.5,1.49716524897639,0,0,0.640056030273437,1.63,0,-5399.97607421875
100000000000000000000000,1,922125000,0,-54,4.69398121093006,0,0,0.640056030273437,1.63,0,-5399.97607421875
100000000000000000000005,1,922125000,0,-65.5,1.50330117212793,0,0,0.640056030273437,1.63,0,-5399.97607421875
100000000000000000000002,1,922125000,0,-45.5,1.70578663612883,0,0,0.640056030273437,1.63,0,-5399.97607421875
100000000000000000000001,1,922125000,0,-48.5,6.06229207372405,0,0,0.640056030273437,1.63,0,-5399.97607421875
100000000000000000000004,1,922125000,0,-48.5,3.66314612147091,0,0,0.640056030273437,1.63,0,-5399.97607421875
100000000000000000000003,1,922125000,0,-48.5,3.17840819249905,0,0,0.640056030273437,1.63,0,-5399.97607421875
100000000000000000000000,1,922125000,0,-54,4.66330159517235,0,0,0.640056030273437,1.63,0,-5399.97607421875
100000000000000000000001,1,922125000,0,-48.5,6.07456392002714,0,0,0.640056030273437,1.63,0,-5399.97607421875
100000000000000000000005,1,922125000,0,-65,1.43580601746096,0,0,0.640056030273437,1.63,0,-5399.97607421875
100000000000000000000002,1,922125000,0,-45.5,1.71192255928038,0,0,0.640056030273437,1.63,0,-5399.97607421875
100000000000000000000004,1,922125000,0,-48.5,3.66314612147091,0,0,0.640056030273437,1.63,0,-5399.97607421875
100000000000000000000003,1,922125000,0,-48.5,3.17227226934751,0,0,0.640056030273437,1.63,0,-5399.97607421875
100000000000000000000001,1,922125000,0,-48.5,6.06229207372405,0,0,0.640056030273437,1.63,0,-5399.97607421875
100000000000000000000003,1,922125000,0,-48.5,3.17227226934751,0,0,0.640056030273437,1.63,0,-5399.97607421875
100000000000000000000000,1,922125000,0,-54,4.67557344147543,0,0,0.640056030273437,1.63,0,-5399.97607421875
100000000000000000000004,1,922125000,0,-48.5,3.66928204462245,0,0,0.640056030273437,1.63,0,-5399.97607421875
100000000000000000000002,1,922125000,0,-45.5,1.71805848243192,0,0,0.640056030273437,1.63,0,-5399.97607421875
100000000000000000000005,1,922125000,0,-65,1.68124294352266,0,0,0.640056030273437,1.63,0,-5399.97607421875
100000000000000000000003,1,922125000,0,-48.5,3.18454411565059,0,0,0.640056030273437,1.63,0,-5399.97607421875
100000000000000000000000,1,922125000,0,-54,4.68170936462698,0,0,0.640056030273437,1.63,0,-5399.97607421875
100000000000000000000004,1,922125000,0,-48.5,3.64473835201628,0,0,0.640056030273437,1.63,0,-5399.97607421875
100000000000000000000005,1,922125000,0,-64.5,1.38058270909708,0,0,0.640056030273437,1.63,0,-5399.97607421875
100000000000000000000002,1,922125000,0,-45.5,1.70578663612883,0,0,0.640056030273437,1.63,0,-5399.97607421875
100000000000000000000001,1,922125000,0,-48.5,6.06229207372405,0,0,0.640056030273437,1.63,0,-5399.97607421875
100000000000000000000000,1,922125000,0,-54,4.65102974886926,0,0,0.640056030273437,1.63,0,-5399.97607421875
100000000000000000000001,1,922125000,0,-48.5,6.08069984317868,0,0,0.640056030273437,1.63,0,-5399.97607421875
100000000000000000000004,1,922125000,0,-48.5,3.6324665057132,0,0,0.640056030273437,1.63,0,-5399.97607421875
100000000000000000000003,1,922125000,0,-48.5,3.17840819249905,0,0,0.640056030273437,1.63,0,-5399.97607421875
100000000000000000000005,1,922125000,0,-65,1.49102932582484,0,0,0.640056030273437,1.63,0,-5399.97607421875
100000000000000000000002,1,922125000,0,-45.5,1.68737886667421,0,0,0.640056030273437,1.63,0,-5399.97607421875
100000000000000000000004,1,922125000,0,-48.5,3.63860242886474,0,0,0.640056030273437,1.63,0,-5399.97607421875
100000000000000000000000,1,922125000,0,-54,4.62035013311155,0,0,0.640056030273437,1.63,0,-5399.97607421875
100000000000000000000002,1,922125000,0,-45.5,1.71192255928038,0,0,0.640056030273437,1.63,0,-5399.97607421875
100000000000000000000001,1,922125000,0,-48.5,6.05615615057251,0,0,0.640056030273437,1.63,0,-5399.97607421875
100000000000000000000003,1,922125000,0,-48.5,3.17227226934751,0,0,0.640056030273437,1.63,0,-5399.97607421875
100000000000000000000005,1,922125000,0,-65,1.72419440558346,0,0,0.640056030273437,1.63,0,-5399.97607421875
100000000000000000000002,1,922125000,0,-45.5,1.66283517406803,0,0,0.640056030273437,1.63,0,-5399.97607421875
100000000000000000000000,1,922125000,0,-54,4.65102974886926,0,0,0.640056030273437,1.63,0,-5399.97607421875
100000000000000000000003,1,922125000,0,-48.5,3.18454411565059,0,0,0.640056030273437,1.63,0,-5399.97607421875
100000000000000000000005,1,922125000,0,-65.5,1.44807786376405,0,0,0.640056030273437,1.63,0,-5399.97607421875
100000000000000000000001,1,922125000,0,-48.5,6.07456392002714,0,0,0.640056030273437,1.63,0,-5399.97607421875
100000000000000000000004,1,922125000,0,-48.5,3.66314612147091,0,0,0.640056030273437,1.63,0,-5399.97607421875
100000000000000000000003,1,922125000,0,-48.5,3.15386449989288,0,0,0.640056030273437,1.63,0,-5399.97607421875
100000000000000000000004,1,922125000,0,-48.5,3.62633058256166,0,0,0.640056030273437,1.63,0,-5399.97607421875
100000000000000000000002,1,922125000,0,-45.5,1.730330328735,0,0,0.640056030273437,1.63,0,-5399.97607421875
100000000000000000000000,1,922125000,0,-54,4.68170936462698,0,0,0.640056030273437,1.63,0,-5399.97607421875
100000000000000000000001,1,922125000,0,-48.5,6.06229207372405,0,0,0.640056030273437,1.63,0,-5399.97607421875
100000000000000000000005,1,922125000,0,-64.5,1.40512640170325,0,0,0.640056030273437,1.63,0,-5399.97607421875
100000000000000000000002,1,922125000,0,-45.5,1.70578663612883,0,0,0.640056030273437,1.63,0,-5399.97607421875
100000000000000000000004,1,922125000,0,-48.5,3.65087427516783,0,0,0.640056030273437,1.63,0,-5399.97607421875
100000000000000000000001,1,922125000,0,-48.5,6.05615615057251,0,0,0.640056030273437,1.63,0,-5399.97607421875
100000000000000000000005,1,922125000,0,-64.5,1.31922347758165,0,0,0.640056030273437,1.63,0,-5399.97607421875
100000000000000000000003,1,922125000,0,-48.5,3.20295188510522,0,0,0.640056030273437,1.63,0,-5399.97607421875
100000000000000000000000,1,922125000,0,-54,4.62648605626309,0,0,0.640056030273437,1.63,0,-5399.97607421875
100000000000000000000004,1,922125000,0,-48.5,3.6324665057132,0,0,0.640056030273437,1.63,0,-5399.97607421875
100000000000000000000001,1,922125000,0,-48.5,6.04388430426943,0,0,0.640056030273437,1.63,0,-5399.97607421875
100000000000000000000002,1,922125000,0,-45.5,1.71805848243192,0,0,0.640056030273437,1.63,0,-5399.97607421875
100000000000000000000005,1,922125000,0,-65,1.63215555831032,0,0,0.640056030273437,1.63,0,-5399.97607421875
100000000000000000000003,1,922125000,0,-48.5,3.17227226934751,0,0,0.640056030273437,1.63,0,-5399.97607421875
100000000000000000000000,1,922125000,0,-53.5,4.65716567202081,0,0,0.640056030273437,1.63,0,-5399.97607421875
100000000000000000000002,1,922125000,0,-45.5,1.69965071297729,0,0,0.640056030273437,1.63,0,-5399.97607421875
100000000000000000000005,1,922125000,0,-65,1.24559239976314,0,0,0.640056030273437,1.63,0,-5399.97607421875
100000000000000000000004,1,922125000,0,-48.5,3.65087427516783,0,0,0.640056030273437,1.63,0,-5399.97607421875
100000000000000000000001,1,922125000,0,-48.5,6.06229207372405,0,0,0.640056030273437,1.63,0,-5399.97607421875
100000000000000000000003,1,922125000,0,-48.5,3.16613634619596,0,0,0.640056030273437,1.63,0,-5399.97607421875
100000000000000000000000,1,922125000,0,-54,4.70011713408161,0,0,0.640056030273437,1.63,0,-5399.97607421875
100000000000000000000003,1,922125000,0,-48.5,3.16000042304442,0,0,0.640056030273437,1.63,0,-5399.97607421875
100000000000000000000000,1,922125000,0,-54,4.68784528777852,0,0,0.640056030273437,1.63,0,-5399.97607421875
100000000000000000000004,1,922125000,0,-48.5,3.66314612147091,0,0,0.640056030273437,1.63,0,-5399.97607421875
100000000000000000000002,1,922125000,0,-45.5,1.69351478982575,0,0,0.640056030273437,1.63,0,-5399.97607421875
100000000000000000000001,1,922125000,0,-48.5,6.06229207372405,0,0,0.640056030273437,1.63,0,-5399.97607421875
100000000000000000000005,1,922125000,0,-66,1.5278448647341,0,0,0.640056030273437,1.63,0,-5399.97607421875
100000000000000000000003,1,922125000,0,-48,3.17227226934751,0,0,0.640056030273437,1.63,0,-5399.97607421875
100000000000000000000000,1,922125000,0,-54,4.70011713408161,0,0,0.640056030273437,1.63,0,-5399.97607421875
100000000000000000000004,1,922125000,0,-48.5,3.6324665057132,0,0,0.640056030273437,1.63,0,-5399.97607421875
100000000000000000000002,1,922125000,0,-45.5,1.68124294352266,0,0,0.640056030273437,1.63,0,-5399.97607421875
100000000000000000000001,1,922125000,0,-48.5,6.06229207372405,0,0,0.640056030273437,1.63,0,-5399.97607421875
100000000000000000000005,1,922125000,0,-65.5,1.67510702037112,0,0,0.640056030273437,1.63,0,-5399.97607421875
100000000000000000000001,1,922125000,0,-48.5,6.03161245796634,0,0,0.640056030273437,1.63,0,-5399.97607421875
100000000000000000000000,1,922125000,0,-53.5,4.67557344147543,0,0,0.640056030273437,1.63,0,-5399.97607421875
100000000000000000000003,1,922125000,0,-48.5,3.18454411565059,0,0,0.640056030273437,1.63,0,-5399.97607421875
100000000000000000000004,1,922125000,0,-48.5,3.62633058256166,0,0,0.640056030273437,1.63,0,-5399.97607421875
100000000000000000000002,1,922125000,0,-45.5,1.71192255928038,0,0,0.640056030273437,1.63,0,-5399.97607421875
100000000000000000000005,1,922125000,0,-65,1.43580601746096,0,0,0.640056030273437,1.63,0,-5399.97607421875
100000000000000000000000,1,922125000,0,-54,4.68784528777852,0,0,0.640056030273437,1.63,0,-5399.97607421875
100000000000000000000004,1,922125000,0,-48.5,3.63860242886474,0,0,0.640056030273437,1.63,0,-5399.97607421875
100000000000000000000005,1,922125000,0,-65.5,1.56466040364335,0,0,0.640056030273437,1.63,0,-5399.97607421875
100000000000000000000001,1,922125000,0,-48.5,6.05002022742097,0,0,0.640056030273437,1.63,0,-5399.97607421875
100000000000000000000003,1,922125000,0,-48.5,3.17227226934751,0,0,0.640056030273437,1.63,0,-5399.97607421875
100000000000000000000002,1,922125000,0,-45.5,1.69351478982575,0,0,0.640056030273437,1.63,0,-5399.97607421875
100000000000000000000000,1,922125000,0,-53.5,4.65716567202081,0,0,0.640056030273437,1.63,0,-5399.97607421875
100000000000000000000001,1,922125000,0,-48.5,6.05002022742097,0,0,0.640056030273437,1.63,0,-5399.97607421875
100000000000000000000002,1,922125000,0,-45.5,1.71192255928038,0,0,0.640056030273437,1.63,0,-5399.97607421875
100000000000000000000003,1,922125000,0,-48.5,3.14772857674134,0,0,0.640056030273437,1.63,0,-5399.97607421875
100000000000000000000005,1,922125000,0,-66,1.49716524897639,0,0,0.640056030273437,1.63,0,-5399.97607421875
100000000000000000000004,1,922125000,0,-48.5,3.65701019831937,0,0,0.640056030273437,1.63,0,-5399.97607421875
100000000000000000000003,1,922125000,0,-48.5,3.15386449989288,0,0,0.640056030273437,1.63,0,-5399.97607421875
100000000000000000000005,1,922125000,0,-65.5,1.42353417115787,0,0,0.640056030273437,1.63,0,-5399.97607421875
100000000000000000000004,1,922125000,0,-48.5,3.65087427516783,0,0,0.640056030273437,1.63,0,-5399.97607421875
100000000000000000000000,1,922125000,0,-54,4.65716567202081,0,0,0.640056030273437,1.63,0,-5399.97607421875
100000000000000000000001,1,922125000,0,-48.5,6.04388430426943,0,0,0.640056030273437,1.63,0,-5399.97607421875
100000000000000000000002,1,922125000,0,-45.5,1.70578663612883,0,0,0.640056030273437,1.63,0,-5399.97607421875
100000000000000000000002,1,922125000,0,-45.5,1.69965071297729,0,0,0.640056030273437,1.63,0,-5399.97607421875
100000000000000000000004,1,922125000,0,-48.5,3.65701019831937,0,0,0.640056030273437,1.63,0,-5399.97607421875
100000000000000000000000,1,922125000,0,-54,4.68170936462698,0,0,0.640056030273437,1.63,0,-5399.97607421875
100000000000000000000001,1,922125000,0,-48.5,6.06229207372405,0,0,0.640056030273437,1.63,0,-5399.97607421875
100000000000000000000003,1,922125000,0,-48.5,3.17840819249905,0,0,0.640056030273437,1.63,0,-5399.97607421875
100000000000000000000005,1,922125000,0,-65,1.53398078788564,0,0,0.640056030273437,1.63,0,-5399.97607421875
100000000000000000000002,1,922125000,0,-45.5,1.68124294352266,0,0,0.640056030273437,1.63,0,-5399.97607421875
100000000000000000000005,1,922125000,0,-65,1.65669925091649,0,0,0.640056030273437,1.63,0,-5399.97607421875
100000000000000000000003,1,922125000,0,-48.5,3.16000042304442,0,0,0.640056030273437,1.63,0,-5399.97607421875
100000000000000000000000,1,922125000,0,-54,4.63262197941464,0,0,0.640056030273437,1.63,0,-5399.97607421875
100000000000000000000001,1,922125000,0,-48.5,6.03774838111788,0,0,0.640056030273437,1.63,0,-5399.97607421875
100000000000000000000004,1,922125000,0,-48.5,3.64473835201628,0,0,0.640056030273437,1.63,0,-5399.97607421875
100000000000000000000001,1,922125000,0,-48.5,6.04388430426943,0,0,0.640056030273437,1.63,0,-5399.97607421875
100000000000000000000005,1,922125000,0,-65.5,1.41126232485479,0,0,0.640056030273437,1.63,0,-5399.97607421875
100000000000000000000004,1,922125000,0,-48.5,3.63860242886474,0,0,0.640056030273437,1.63,0,-5399.97607421875
100000000000000000000002,1,922125000,0,-45.5,1.69351478982575,0,0,0.640056030273437,1.63,0,-5399.97607421875
100000000000000000000003,1,922125000,0,-48.5,3.16613634619596,0,0,0.640056030273437,1.63,0,-5399.97607421875
100000000000000000000000,1,922125000,0,-54,4.66943751832389,0,0,0.640056030273437,1.63,0,-5399.97607421875
100000000000000000000002,1,922125000,0,-45.5,1.69965071297729,0,0,0.640056030273437,1.63,0,-5399.97607421875
100000000000000000000004,1,922125000,0,-48.5,3.62633058256166,0,0,0.640056030273437,1.63,0,-5399.97607421875
100000000000000000000001,1,922125000,0,-48.5,6.06229207372405,0,0,0.640056030273437,1.63,0,-5399.97607421875
100000000000000000000003,1,922125000,0,-48.5,3.17227226934751,0,0,0.640056030273437,1.63,0,-5399.97607421875
100000000000000000000000,1,922125000,0,-54,4.63262197941464,0,0,0.640056030273437,1.63,0,-5399.97607421875
100000000000000000000005,1,922125000,0,-65.5,1.30695163127857,0,0,0.640056030273437,1.63,0,-5399.97607421875
100000000000000000000000,1,922125000,0,-53.5,4.68170936462698,0,0,0.640056030273437,1.63,0,-5399.97607421875
100000000000000000000003,1,922125000,0,-48.5,3.19068003880213,0,0,0.640056030273437,1.63,0,-5399.97607421875
100000000000000000000004,1,922125000,0,-49,3.65701019831937,0,0,0.640056030273437,1.63,0,-5399.97607421875
100000000000000000000005,1,922125000,0,-65,1.62601963515878,0,0,0.640056030273437,1.63,0,-5399.97607421875
100000000000000000000001,1,922125000,0,-48.5,6.05002022742097,0,0,0.640056030273437,1.63,0,-5399.97607421875
100000000000000000000002,1,922125000,0,-45.5,1.72419440558346,0,0,0.640056030273437,1.63,0,-5399.97607421875
100000000000000000000001,1,922125000,0,-48.5,6.0684279968756,0,0,0.640056030273437,1.63,0,-5399.97607421875
100000000000000000000003,1,922125000,0,-48,3.17227226934751,0,0,0.640056030273437,1.63,0,-5399.97607421875
100000000000000000000002,1,922125000,0,-45.5,1.67510702037112,0,0,0.640056030273437,1.63,0,-5399.97607421875
100000000000000000000004,1,922125000,0,-48.5,3.64473835201628,0,0,0.640056030273437,1.63,0,-5399.97607421875
100000000000000000000000,1,922125000,0,-54,4.63875790256618,0,0,0.640056030273437,1.63,0,-5399.97607421875
100000000000000000000005,1,922125000,0,-65,1.49102932582484,0,0,0.640056030273437,1.63,0,-5399.97607421875
100000000000000000000003,1,922125000,0,-48.5,3.15386449989288,0,0,0.640056030273437,1.63,0,-5399.97607421875
100000000000000000000002,1,922125000,0,-45.5,1.70578663612883,0,0,0.640056030273437,1.63,0,-5399.97607421875
100000000000000000000004,1,922125000,0,-48.5,3.64473835201628,0,0,0.640056030273437,1.63,0,-5399.97607421875
100000000000000000000005,1,922125000,0,-65,1.61988371200724,0,0,0.640056030273437,1.63,0,-5399.97607421875
100000000000000000000001,1,922125000,0,-48.5,6.05002022742097,0,0,0.640056030273437,1.63,0,-5399.97607421875
100000000000000000000000,1,922125000,0,-54,4.65102974886926,0,0,0.640056030273437,1.63,0,-5399.97607421875
100000000000000000000005,1,922125000,0,-65,1.5707963267949,0,0,0.640056030273437,1.63,0,-5399.97607421875
100000000000000000000001,1,922125000,0,-48.5,6.03774838111788,0,0,0.640056030273437,1.63,0,-5399.97607421875
100000000000000000000002,1,922125000,0,-45.5,1.67510702037112,0,0,0.640056030273437,1.63,0,-5399.97607421875
100000000000000000000000,1,922125000,0,-54,4.65102974886926,0,0,0.640056030273437,1.63,0,-5399.97607421875
100000000000000000000004,1,922125000,0,-48.5,3.6324665057132,0,0,0.640056030273437,1.63,0,-5399.97607421875
100000000000000000000003,1,922125000,0,-48.5,3.17840819249905,0,0,0.640056030273437,1.63,0,-5399.97607421875
100000000000000000000004,1,922125000,0,-48.5,3.65701019831937,0,0,0.640056030273437,1.63,0,-5399.97607421875
100000000000000000000001,1,922125000,0,-48.5,6.06229207372405,0,0,0.640056030273437,1.63,0,-5399.97607421875
100000000000000000000005,1,922125000,0,-65.5,1.60147594255261,0,0,0.640056030273437,1.63,0,-5399.97607421875
100000000000000000000002,1,922125000,0,-45.5,1.71805848243192,0,0,0.640056030273437,1.63,0,-5399.97607421875
100000000000000000000000,1,922125000,0,-54,4.66330159517235,0,0,0.640056030273437,1.63,0,-5399.97607421875
100000000000000000000003,1,922125000,0,-48.5,3.15386449989288,0,0,0.640056030273437,1.63,0,-5399.97607421875
100000000000000000000002,1,922125000,0,-45.5,1.75487402134117,0,0,0.640056030273437,1.63,0,-5399.97607421875
100000000000000000000004,1,922125000,0,-48.5,3.65701019831937,0,0,0.640056030273437,1.63,0,-5399.97607421875
100000000000000000000001,1,922125000,0,-48.5,6.07456392002714,0,0,0.640056030273437,1.63,0,-5399.97607421875
100000000000000000000000,1,922125000,0,-54,4.67557344147543,0,0,0.640056030273437,1.63,0,-5399.97607421875
100000000000000000000003,1,922125000,0,-48.5,3.17227226934751,0,0,0.640056030273437,1.63,0,-5399.97607421875
100000000000000000000005,1,922125000,0,-65.5,1.53398078788564,0,0,0.640056030273437,1.63,0,-5399.97607421875
100000000000000000000003,1,922125000,0,-48.5,3.16000042304442,0,0,0.640056030273437,1.63,0,-5399.97607421875
100000000000000000000004,1,922125000,0,-49,3.64473835201628,0,0,0.640056030273437,1.63,0,-5399.97607421875
100000000000000000000000,1,922125000,0,-54,4.66330159517235,0,0,0.640056030273437,1.63,0,-5399.97607421875
100000000000000000000002,1,922125000,0,-45.5,1.70578663612883,0,0,0.640056030273437,1.63,0,-5399.97607421875
100000000000000000000005,1,922125000,0,-66,1.58306817309798,0,0,0.640056030273437,1.63,0,-5399.97607421875
100000000000000000000001,1,922125000,0,-48.5,6.0684279968756,0,0,0.640056030273437,1.63,0,-5399.97607421875
100000000000000000000002,1,922125000,0,-45.5,1.70578663612883,0,0,0.640056030273437,1.63,0,-5399.97607421875
100000000000000000000004,1,922125000,0,-48.5,3.63860242886474,0,0,0.640056030273437,1.63,0,-5399.97607421875
100000000000000000000000,1,922125000,0,-54,4.63262197941464,0,0,0.640056030273437,1.63,0,-5399.97607421875
100000000000000000000001,1,922125000,0,-48.5,6.06229207372405,0,0,0.640056030273437,1.63,0,-5399.97607421875
100000000000000000000003,1,922125000,0,-48.5,3.17227226934751,0,0,0.640056030273437,1.63,0,-5399.97607421875
100000000000000000000005,1,922125000,0,-65,1.62601963515878,0,0,0.640056030273437,1.63,0,-5399.97607421875
100000000000000000000003,1,922125000,0,-48.5,3.16000042304442,0,0,0.640056030273437,1.63,0,-5399.97607421875
100000000000000000000002,1,922125000,0,-45.5,1.69351478982575,0,0,0.640056030273437,1.63,0,-5399.97607421875
100000000000000000000000,1,922125000,0,-54,4.68170936462698,0,0,0.640056030273437,1.63,0,-5399.97607421875
100000000000000000000001,1,922125000,0,-48.5,6.04388430426943,0,0,0.640056030273437,1.63,0,-5399.97607421875
100000000000000000000004,1,922125000,0,-48.5,3.65701019831937,0,0,0.640056030273437,1.63,0,-5399.97607421875
100000000000000000000005,1,922125000,0,-64.5,1.58306817309798,0,0,0.640056030273437,1.63,0,-5399.97607421875
100000000000000000000001,1,922125000,0,-48.5,6.0684279968756,0,0,0.640056030273437,1.63,0,-5399.97607421875
100000000000000000000004,1,922125000,0,-48.5,3.60792281310703,0,0,0.640056030273437,1.63,0,-5399.97607421875
100000000000000000000003,1,922125000,0,-48.5,3.15386449989288,0,0,0.640056030273437,1.63,0,-5399.97607421875
100000000000000000000002,1,922125000,0,-45.5,1.69965071297729,0,0,0.640056030273437,1.63,0,-5399.97607421875
100000000000000000000000,1,922125000,0,-53.5,4.68170936462698,0,0,0.640056030273437,1.63,0,-5399.97607421875
100000000000000000000005,1,922125000,0,-65,1.56466040364335,0,0,0.640056030273437,1.63,0,-5399.97607421875
100000000000000000000004,1,922125000,0,-48.5,3.65701019831937,0,0,0.640056030273437,1.63,0,-5399.97607421875
100000000000000000000002,1,922125000,0,-45.5,1.730330328735,0,0,0.640056030273437,1.63,0,-5399.97607421875
100000000000000000000003,1,922125000,0,-48.5,3.15386449989288,0,0,0.640056030273437,1.63,0,-5399.97607421875
100000000000000000000000,1,922125000,0,-54,4.66943751832389,0,0,0.640056030273437,1.63,0,-5399.97607421875
100000000000000000000001,1,922125000,0,-48.5,6.04388430426943,0,0,0.640056030273437,1.63,0,-5399.97607421875
100000000000000000000005,1,922125000,0,-65,1.59534001940107,0,0,0.640056030273437,1.63,0,-5399.97607421875
100000000000000000000001,1,922125000,0,-48.5,6.05615615057251,0,0,0.640056030273437,1.63,0,-5399.97607421875
100000000000000000000005,1,922125000,0,-65.5,1.41739824800633,0,0,0.640056030273437,1.63,0,-5399.97607421875
100000000000000000000000,1,922125000,0,-54,4.66330159517235,0,0,0.640056030273437,1.63,0,-5399.97607421875
100000000000000000000002,1,922125000,0,-45.5,1.730330328735,0,0,0.640056030273437,1.63,0,-5399.97607421875
100000000000000000000004,1,922125000,0,-48.5,3.66928204462245,0,0,0.640056030273437,1.63,0,-5399.97607421875
100000000000000000000003,1,922125000,0,-48.5,3.16613634619596,0,0,0.640056030273437,1.63,0,-5399.97607421875
100000000000000000000003,1,922125000,0,-48.5,3.17227226934751,0,0,0.640056030273437,1.63,0,-5399.97607421875
100000000000000000000004,1,922125000,0,-48.5,3.6324665057132,0,0,0.640056030273437,1.63,0,-5399.97607421875
100000000000000000000002,1,922125000,0,-45.5,1.68124294352266,0,0,0.640056030273437,1.63,0,-5399.97607421875
100000000000000000000001,1,922125000,0,-48.5,6.0684279968756,0,0,0.640056030273437,1.63,0,-5399.97607421875
100000000000000000000005,1,922125000,0,-65,1.67510702037112,0,0,0.640056030273437,1.63,0,-5399.97607421875
100000000000000000000000,1,922125000,0,-54,4.65102974886926,0,0,0.640056030273437,1.63,0,-5399.97607421875
100000000000000000000000,1,922125000,0,-54,4.65102974886926,0,0,0.640056030273437,1.63,0,-5399.97607421875
100000000000000000000004,1,922125000,0,-48.5,3.64473835201628,0,0,0.640056030273437,1.63,0,-5399.97607421875
100000000000000000000003,1,922125000,0,-48.5,3.14159265358979,0,0,0.640056030273437,1.63,0,-5399.97607421875
100000000000000000000001,1,922125000,0,-48.5,6.05002022742097,0,0,0.640056030273437,1.63,0,-5399.97607421875
100000000000000000000002,1,922125000,0,-45.5,1.68737886667421,0,0,0.640056030273437,1.63,0,-5399.97607421875
100000000000000000000005,1,922125000,0,-65,1.96349540849362,0,0,0.640056030273437,1.63,0,-5399.97607421875
100000000000000000000002,1,922125000,0,-45.5,1.730330328735,0,0,0.640056030273437,1.63,0,-5399.97607421875
100000000000000000000005,1,922125000,0,-65,1.43580601746096,0,0,0.640056030273437,1.63,0,-5399.97607421875
100000000000000000000000,1,922125000,0,-54,4.66330159517235,0,0,0.640056030273437,1.63,0,-5399.97607421875
100000000000000000000004,1,922125000,0,-49,3.65087427516783,0,0,0.640056030273437,1.63,0,-5399.97607421875
100000000000000000000003,1,922125000,0,-48.5,3.17840819249905,0,0,0.640056030273437,1.63,0,-5399.97607421875
100000000000000000000001,1,922125000,0,-48.5,6.03774838111788,0,0,0.640056030273437,1.63,0,-5399.97607421875
100000000000000000000003,1,922125000,0,-48.5,3.15386449989288,0,0,0.640056030273437,1.63,0,-5399.97607421875
100000000000000000000002,1,922125000,0,-45.5,1.70578663612883,0,0,0.640056030273437,1.63,0,-5399.97607421875
100000000000000000000000,1,922125000,0,-54,4.65102974886926,0,0,0.640056030273437,1.63,0,-5399.97607421875
100000000000000000000001,1,922125000,0,-48.5,6.05615615057251,0,0,0.640056030273437,1.63,0,-5399.97607421875
100000000000000000000004,1,922125000,0,-48.5,3.65701019831937,0,0,0.640056030273437,1.63,0,-5399.97607421875
100000000000000000000005,1,922125000,0,-65.5,1.67510702037112,0,0,0.640056030273437,1.63,0,-5399.97607421875
100000000000000000000003,1,922125000,0,-48.5,3.17840819249905,0,0,0.640056030273437,1.63,0,-5399.97607421875
100000000000000000000002,1,922125000,0,-45.5,1.71192255928038,0,0,0.640056030273437,1.63,0,-5399.97607421875
100000000000000000000001,1,922125000,0,-48.5,6.05615615057251,0,0,0.640056030273437,1.63,0,-5399.97607421875
100000000000000000000004,1,922125000,0,-48.5,3.66928204462245,0,0,0.640056030273437,1.63,0,-5399.97607421875
100000000000000000000005,1,922125000,0,-65,1.51557301843101,0,0,0.640056030273437,1.63,0,-5399.97607421875
100000000000000000000000,1,922125000,0,-54,4.66943751832389,0,0,0.640056030273437,1.63,0,-5399.97607421875
100000000000000000000004,1,922125000,0,-48.5,3.65087427516783,0,0,0.640056030273437,1.63,0,-5399.97607421875
100000000000000000000001,1,922125000,0,-48.5,6.05615615057251,0,0,0.640056030273437,1.63,0,-5399.97607421875
100000000000000000000002,1,922125000,0,-45.5,1.70578663612883,0,0,0.640056030273437,1.63,0,-5399.97607421875
100000000000000000000005,1,922125000,0,-65.5,1.41739824800633,0,0,0.640056030273437,1.63,0,-5399.97607421875
100000000000000000000003,1,922125000,0,-48.5,3.16000042304442,0,0,0.640056030273437,1.63,0,-5399.97607421875
100000000000000000000000,1,922125000,0,-54,4.66330159517235,0,0,0.640056030273437,1.63,0,-5399.97607421875
100000000000000000000000,1,922125000,0,-54,4.64489382571772,0,0,0.640056030273437,1.63,0,-5399.97607421875
100000000000000000000003,1,922125000,0,-48.5,3.17227226934751,0,0,0.640056030273437,1.63,0,-5399.97607421875
100000000000000000000002,1,922125000,0,-45.5,1.68737886667421,0,0,0.640056030273437,1.63,0,-5399.97607421875
100000000000000000000004,1,922125000,0,-48.5,3.66314612147091,0,0,0.640056030273437,1.63,0,-5399.97607421875
100000000000000000000001,1,922125000,0,-48.5,6.06229207372405,0,0,0.640056030273437,1.63,0,-5399.97607421875
100000000000000000000005,1,922125000,0,-65,1.60761186570415,0,0,0.640056030273437,1.63,0,-5399.97607421875
100000000000000000000003,1,922125000,0,-48.5,3.19068003880213,0,0,0.640056030273437,1.63,0,-5399.97607421875
100000000000000000000000,1,922125000,0,-54,4.68784528777852,0,0,0.640056030273437,1.63,0,-5399.97607421875
100000000000000000000002,1,922125000,0,-45.5,1.71192255928038,0,0,0.640056030273437,1.63,0,-5399.97607421875
100000000000000000000001,1,922125000,0,-48.5,6.03161245796634,0,0,0.640056030273437,1.63,0,-5399.97607421875
100000000000000000000005,1,922125000,0,-65.5,1.5278448647341,0,0,0.640056030273437,1.63,0,-5399.97607421875
100000000000000000000004,1,922125000,0,-48.5,3.65701019831937,0,0,0.640056030273437,1.63,0,-5399.97607421875
100000000000000000000004,1,922125000,0,-48.5,3.66314612147091,0,0,0.640056030273437,1.63,0,-5399.97607421875
100000000000000000000001,1,922125000,0,-48.5,6.05615615057251,0,0,0.640056030273437,1.63,0,-5399.97607421875
100000000000000000000003,1,922125000,0,-48.5,3.17840819249905,0,0,0.640056030273437,1.63,0,-5399.97607421875
100000000000000000000002,1,922125000,0,-45.5,1.70578663612883,0,0,0.640056030273437,1.63,0,-5399.97607421875
100000000000000000000000,1,922125000,0,-54,4.66943751832389,0,0,0.640056030273437,1.63,0,-5399.97607421875
100000000000000000000005,1,922125000,0,-65.5,1.57693224994644,0,0,0.640056030273437,1.63,0,-5399.97607421875
100000000000000000000002,1,922125000,0,-45.5,1.70578663612883,0,0,0.640056030273437,1.63,0,-5399.97607421875
100000000000000000000001,1,922125000,0,-48.5,6.09297168948177,0,0,0.640056030273437,1.63,0,-5399.97607421875
100000000000000000000005,1,922125000,0,-65.5,1.42967009430942,0,0,0.640056030273437,1.63,0,-5399.97607421875
100000000000000000000004,1,922125000,0,-48.5,3.64473835201628,0,0,0.640056030273437,1.63,0,-5399.97607421875
100000000000000000000000,1,922125000,0,-54,4.62035013311155,0,0,0.640056030273437,1.63,0,-5399.97607421875
100000000000000000000003,1,922125000,0,-48.5,3.16000042304442,0,0,0.640056030273437,1.63,0,-5399.97607421875
100000000000000000000001,1,922125000,0,-48.5,6.03774838111788,0,0,0.640056030273437,1.63,0,-5399.97607421875
100000000000000000000002,1,922125000,0,-45.5,1.68737886667421,0,0,0.640056030273437,1.63,0,-5399.97607421875
100000000000000000000004,1,922125000,0,-48.5,3.65701019831937,0,0,0.640056030273437,1.63,0,-5399.97607421875
100000000000000000000003,1,922125000,0,-48.5,3.16613634619596,0,0,0.640056030273437,1.63,0,-5399.97607421875
100000000000000000000000,1,922125000,0,-54,4.68784528777852,0,0,0.640056030273437,1.63,0,-5399.97607421875
100000000000000000000005,1,922125000,0,-65,1.60761186570415,0,0,0.640056030273437,1.63,0,-5399.97607421875
100000000000000000000004,1,922125000,0,-48.5,3.64473835201628,0,0,0.640056030273437,1.63,0,-5399.97607421875
100000000000000000000005,1,922125000,0,-64.5,1.53398078788564,0,0,0.640056030273437,1.63,0,-5399.97607421875
100000000000000000000003,1,922125000,0,-48.5,3.18454411565059,0,0,0.640056030273437,1.63,0,-5399.97607421875
100000000000000000000000,1,922125000,0,-54,4.66943751832389,0,0,0.640056030273437,1.63,0,-5399.97607421875
100000000000000000000002,1,922125000,0,-45.5,1.74260217503809,0,0,0.640056030273437,1.63,0,-5399.97607421875
100000000000000000000001,1,922125000,0,-48.5,6.06229207372405,0,0,0.640056030273437,1.63,0,-5399.97607421875
100000000000000000000005,1,922125000,0,-65,1.40512640170325,0,0,0.640056030273437,1.63,0,-5399.97607421875
100000000000000000000002,1,922125000,0,-45.5,1.71805848243192,0,0,0.640056030273437,1.63,0,-5399.97607421875
100000000000000000000001,1,922125000,0,-48.5,6.06229207372405,0,0,0.640056030273437,1.63,0,-5399.97607421875
100000000000000000000003,1,922125000,0,-48.5,3.17840819249905,0,0,0.640056030273437,1.63,0,-5399.97607421875
100000000000000000000000,1,922125000,0,-54,4.61421420996001,0,0,0.640056030273437,1.63,0,-5399.97607421875
100000000000000000000004,1,922125000,0,-48.5,3.65087427516783,0,0,0.640056030273437,1.63,0,-5399.97607421875
100000000000000000000005,1,922125000,0,-65,1.45421378691559,0,0,0.640056030273437,1.63,0,-5399.97607421875
100000000000000000000003,1,922125000,0,-48.5,3.20295188510522,0,0,0.640056030273437,1.63,0,-5399.97607421875
100000000000000000000002,1,922125000,0,-45.5,1.74260217503809,0,0,0.640056030273437,1.63,0,-5399.97607421875
100000000000000000000001,1,922125000,0,-48.5,6.00706876536017,0,0,0.640056030273437,1.63,0,-5399.97607421875
100000000000000000000000,1,922125000,0,-54,4.68784528777852,0,0,0.640056030273437,1.63,0,-5399.97607421875
100000000000000000000004,1,922125000,0,-48.5,3.65087427516783,0,0,0.640056030273437,1.63,0,-5399.97607421875
100000000000000000000004,1,922125000,0,-48.5,3.675417967774,0,0,0.640056030273437,1.63,0,-5399.97607421875
100000000000000000000000,1,922125000,0,-54,4.66943751832389,0,0,0.640056030273437,1.63,0,-5399.97607421875
100000000000000000000003,1,922125000,0,-48.5,3.14772857674134,0,0,0.640056030273437,1.63,0,-5399.97607421875
100000000000000000000001,1,922125000,0,-48.5,6.05615615057251,0,0,0.640056030273437,1.63,0,-5399.97607421875
100000000000000000000005,1,922125000,0,-65,1.40512640170325,0,0,0.640056030273437,1.63,0,-5399.97607421875
100000000000000000000002,1,922125000,0,-45.5,1.69965071297729,0,0,0.640056030273437,1.63,0,-5399.97607421875
100000000000000000000004,1,922125000,0,-48.5,3.63860242886474,0,0,0.640056030273437,1.63,0,-5399.97607421875
100000000000000000000001,1,922125000,0,-48.5,6.04388430426943,0,0,0.640056030273437,1.63,0,-5399.97607421875
100000000000000000000002,1,922125000,0,-45.5,1.70578663612883,0,0,0.640056030273437,1.63,0,-5399.97607421875
100000000000000000000003,1,922125000,0,-48.5,3.16613634619596,0,0,0.640056030273437,1.63,0,-5399.97607421875
100000000000000000000000,1,922125000,0,-54,4.65102974886926,0,0,0.640056030273437,1.63,0,-5399.97607421875
100000000000000000000005,1,922125000,0,-65,1.50330117212793,0,0,0.640056030273437,1.63,0,-5399.97607421875
100000000000000000000000,1,922125000,0,-54,4.68784528777852,0,0,0.640056030273437,1.63,0,-5399.97607421875
100000000000000000000004,1,922125000,0,-48.5,3.63860242886474,0,0,0.640056030273437,1.63,0,-5399.97607421875
100000000000000000000002,1,922125000,0,-45.5,1.70578663612883,0,0,0.640056030273437,1.63,0,-5399.97607421875
100000000000000000000001,1,922125000,0,-48.5,6.0254765348148,0,0,0.640056030273437,1.63,0,-5399.97607421875
100000000000000000000003,1,922125000,0,-48.5,3.17227226934751,0,0,0.640056030273437,1.63,0,-5399.97607421875
100000000000000000000005,1,922125000,0,-64.5,1.66283517406803,0,0,0.640056030273437,1.63,0,-5399.97607421875
100000000000000000000001,1,922125000,0,-48.5,6.06229207372405,0,0,0.640056030273437,1.63,0,-5399.97607421875
100000000000000000000003,1,922125000,0,-48.5,3.14772857674134,0,0,0.640056030273437,1.63,0,-5399.97607421875
100000000000000000000000,1,922125000,0,-54,4.67557344147543,0,0,0.640056030273437,1.63,0,-5399.97607421875
100000000000000000000002,1,922125000,0,-45.5,1.73646625188655,0,0,0.640056030273437,1.63,0,-5399.97607421875
100000000000000000000004,1,922125000,0,-48.5,3.65087427516783,0,0,0.640056030273437,1.63,0,-5399.97607421875
100000000000000000000005,1,922125000,0,-66,1.76714586764426,0,0,0.640056030273437,1.63,0,-5399.97607421875
100000000000000000000000,1,922125000,0,-54,4.65102974886926,0,0,0.640056030273437,1.63,0,-5399.97607421875
100000000000000000000002,1,922125000,0,-45.5,1.69965071297729,0,0,0.640056030273437,1.63,0,-5399.97607421875
100000000000000000000001,1,922125000,0,-48.5,6.08069984317868,0,0,0.640056030273437,1.63,0,-5399.97607421875
100000000000000000000003,1,922125000,0,-48.5,3.15386449989288,0,0,0.640056030273437,1.63,0,-5399.97607421875
100000000000000000000004,1,922125000,0,-48.5,3.64473835201628,0,0,0.640056030273437,1.63,0,-5399.97607421875
100000000000000000000005,1,922125000,0,-65.5,1.55238855734027,0,0,0.640056030273437,1.63,0,-5399.97607421875
100000000000000000000005,1,922125000,0,-65.5,1.4419419406125,0,0,0.640056030273437,1.63,0,-5399.97607421875
100000000000000000000002,1,922125000,0,-45.5,1.730330328735,0,0,0.640056030273437,1.63,0,-5399.97607421875
100000000000000000000004,1,922125000,0,-48.5,3.63860242886474,0,0,0.640056030273437,1.63,0,-5399.97607421875
100000000000000000000003,1,922125000,0,-48.5,3.13545673043825,0,0,0.640056030273437,1.63,0,-5399.97607421875
100000000000000000000001,1,922125000,0,-48.5,6.01934061166326,0,0,0.640056030273437,1.63,0,-5399.97607421875
100000000000000000000000,1,922125000,0,-54,4.63262197941464,0,0,0.640056030273437,1.63,0,-5399.97607421875
100000000000000000000002,1,922125000,0,-45.5,1.69965071297729,0,0,0.640056030273437,1.63,0,-5399.97607421875
100000000000000000000001,1,922125000,0,-48.5,6.06229207372405,0,0,0.640056030273437,1.63,0,-5399.97607421875
100000000000000000000003,1,922125000,0,-48.5,3.14772857674134,0,0,0.640056030273437,1.63,0,-5399.97607421875
100000000000000000000000,1,922125000,0,-54,4.65102974886926,0,0,0.640056030273437,1.63,0,-5399.97607421875
100000000000000000000005,1,922125000,0,-65,1.52170894158256,0,0,0.640056030273437,1.63,0,-5399.97607421875
100000000000000000000004,1,922125000,0,-48.5,3.66928204462245,0,0,0.640056030273437,1.63,0,-5399.97607421875
100000000000000000000004,1,922125000,0,-48.5,3.6324665057132,0,0,0.640056030273437,1.63,0,-5399.97607421875
100000000000000000000001,1,922125000,0,-48.5,6.04388430426943,0,0,0.640056030273437,1.63,0,-5399.97607421875
100000000000000000000003,1,922125000,0,-48.5,3.16000042304442,0,0,0.640056030273437,1.63,0,-5399.97607421875
100000000000000000000005,1,922125000,0,-65.5,1.50330117212793,0,0,0.640056030273437,1.63,0,-5399.97607421875
100000000000000000000002,1,922125000,0,-45.5,1.68737886667421,0,0,0.640056030273437,1.63,0,-5399.97607421875
100000000000000000000000,1,922125000,0,-54,4.65716567202081,0,0,0.640056030273437,1.63,0,-5399.97607421875
100000000000000000000002,1,922125000,0,-45.5,1.71805848243192,0,0,0.640056030273437,1.63,0,-5399.97607421875
100000000000000000000004,1,922125000,0,-48.5,3.60792281310703,0,0,0.640056030273437,1.63,0,-5399.97607421875
100000000000000000000003,1,922125000,0,-48.5,3.17227226934751,0,0,0.640056030273437,1.63,0,-5399.97607421875
100000000000000000000000,1,922125000,0,-54,4.66943751832389,0,0,0.640056030273437,1.63,0,-5399.97607421875
100000000000000000000001,1,922125000,0,-48.5,6.0254765348148,0,0,0.640056030273437,1.63,0,-5399.97607421875
100000000000000000000005,1,922125000,0,-65.5,1.79168956025043,0,0,0.640056030273437,1.63,0,-5399.97607421875
100000000000000000000002,1,922125000,0,-45.5,1.68124294352266,0,0,0.640056030273437,1.63,0,-5399.97607421875
100000000000000000000003,1,922125000,0,-48.5,3.16613634619596,0,0,0.640056030273437,1.63,0,-5399.97607421875
100000000000000000000001,1,922125000,0,-48,6.01320468851171,0,0,0.640056030273437,1.63,0,-5399.97607421875
100000000000000000000004,1,922125000,0,-48.5,3.62633058256166,0,0,0.640056030273437,1.63,0,-5399.97607421875
100000000000000000000000,1,922125000,0,-54,4.64489382571772,0,0,0.640056030273437,1.63,0,-5399.97607421875
100000000000000000000005,1,922125000,0,-65,1.4848934026733,0,0,0.640056030273437,1.63,0,-5399.97607421875
100000000000000000000004,1,922125000,0,-49,3.66314612147091,0,0,0.640056030273437,1.63,0,-5399.97607421875
100000000000000000000003,1,922125000,0,-48.5,3.17227226934751,0,0,0.640056030273437,1.63,0,-5399.97607421875
100000000000000000000002,1,922125000,0,-45.5,1.71192255928038,0,0,0.640056030273437,1.63,0,-5399.97607421875
100000000000000000000001,1,922125000,0,-48.5,6.05002022742097,0,0,0.640056030273437,1.63,0,-5399.97607421875
100000000000000000000000,1,922125000,0,-54,4.68784528777852,0,0,0.640056030273437,1.63,0,-5399.97607421875
100000000000000000000005,1,922125000,0,-65.5,1.47875747952176,0,0,0.640056030273437,1.63,0,-5399.97607421875
100000000000000000000001,1,922125000,0,-48.5,6.03774838111788,0,0,0.640056030273437,1.63,0,-5399.97607421875
100000000000000000000005,1,922125000,0,-65,1.77941771394734,0,0,0.640056030273437,1.63,0,-5399.97607421875
100000000000000000000003,1,922125000,0,-48.5,3.15386449989288,0,0,0.640056030273437,1.63,0,-5399.97607421875
100000000000000000000004,1,922125000,0,-48.5,3.6324665057132,0,0,0.640056030273437,1.63,0,-5399.97607421875
100000000000000000000000,1,922125000,0,-54,4.65102974886926,0,0,0.640056030273437,1.63,0,-5399.97607421875
100000000000000000000002,1,922125000,0,-45.5,1.70578663612883,0,0,0.640056030273437,1.63,0,-5399.97607421875
100000000000000000000004,1,922125000,0,-49,3.66314612147091,0,0,0.640056030273437,1.63,0,-5399.97607421875
100000000000000000000000,1,922125000,0,-54.5,4.68784528777852,0,0,0.640056030273437,1.63,0,-5399.97607421875
100000000000000000000001,1,922125000,0,-48.5,6.04388430426943,0,0,0.640056030273437,1.63,0,-5399.97607421875
100000000000000000000003,1,922125000,0,-48.5,3.14772857674134,0,0,0.640056030273437,1.63,0,-5399.97607421875
100000000000000000000002,1,922125000,0,-45.5,1.69965071297729,0,0,0.640056030273437,1.63,0,-5399.97607421875
100000000000000000000005,1,922125000,0,-65.5,1.61374778885569,0,0,0.640056030273437,1.63,0,-5399.97607421875
100000000000000000000001,1,922125000,0,-48.5,6.03774838111788,0,0,0.640056030273437,1.63,0,-5399.97607421875
100000000000000000000003,1,922125000,0,-48.5,3.12932080728671,0,0,0.640056030273437,1.63,0,-5399.97607421875
100000000000000000000002,1,922125000,0,-45.5,1.73646625188655,0,0,0.640056030273437,1.63,0,-5399.97607421875
100000000000000000000004,1,922125000,0,-49,3.66314612147091,0,0,0.640056030273437,1.63,0,-5399.97607421875
100000000000000000000000,1,922125000,0,-54,4.60807828680847,0,0,0.640056030273437,1.63,0,-5399.97607421875
100000000000000000000005,1,922125000,0,-65,1.5278448647341,0,0,0.640056030273437,1.63,0,-5399.97607421875
100000000000000000000002,1,922125000,0,-45.5,1.70578663612883,0,0,0.640056030273437,1.63,0,-5399.97607421875
100000000000000000000000,1,922125000,0,-54,4.66330159517235,0,0,0.640056030273437,1.63,0,-5399.97607421875
100000000000000000000004,1,922125000,0,-48.5,3.65087427516783,0,0,0.640056030273437,1.63,0,-5399.97607421875
100000000000000000000005,1,922125000,0,-65.5,1.22718463030851,0,0,0.640056030273437,1.63,0,-5399.97607421875
100000000000000000000001,1,922125000,0,-48.5,6.08069984317868,0,0,0.640056030273437,1.63,0,-5399.97607421875
100000000000000000000003,1,922125000,0,-48.5,3.16000042304442,0,0,0.640056030273437,1.63,0,-5399.97607421875
100000000000000000000004,1,922125000,0,-49,3.68155389092554,0,0,0.640056030273437,1.63,0,-5399.97607421875
100000000000000000000005,1,922125000,0,-66,1.5707963267949,0,0,0.640056030273437,1.63,0,-5399.97607421875
100000000000000000000003,1,922125000,0,-48.5,3.15386449989288,0,0,0.640056030273437,1.63,0,-5399.97607421875
100000000000000000000002,1,922125000,0,-45.5,1.71192255928038,0,0,0.640056030273437,1.63,0,-5399.97607421875
100000000000000000000001,1,922125000,0,-48.5,6.03774838111788,0,0,0.640056030273437,1.63,0,-5399.97607421875
100000000000000000000000,1,922125000,0,-54,4.63262197941464,0,0,0.640056030273437,1.63,0,-5399.97607421875
100000000000000000000001,1,922125000,0,-48.5,6.05002022742097,0,0,0.640056030273437,1.63,0,-5399.97607421875
100000000000000000000000,1,922125000,0,-54,4.69398121093006,0,0,0.640056030273437,1.63,0,-5399.97607421875
100000000000000000000002,1,922125000,0,-45.5,1.72419440558346,0,0,0.640056030273437,1.63,0,-5399.97607421875
100000000000000000000004,1,922125000,0,-48.5,3.65701019831937,0,0,0.640056030273437,1.63,0,-5399.97607421875
100000000000000000000003,1,922125000,0,-48.5,3.16613634619596,0,0,0.640056030273437,1.63,0,-5399.97607421875
100000000000000000000005,1,922125000,0,-64.5,1.38671863224862,0,0,0.640056030273437,1.63,0,-5399.97607421875
100000000000000000000002,1,922125000,0,-45.5,1.68124294352266,0,0,0.640056030273437,1.63,0,-5399.97607421875
100000000000000000000003,1,922125000,0,-48.5,3.16613634619596,0,0,0.640056030273437,1.63,0,-5399.97607421875
100000000000000000000001,1,922125000,0,-48.5,6.01320468851171,0,0,0.640056030273437,1.63,0,-5399.97607421875
100000000000000000000005,1,922125000,0,-64.5,1.47875747952176,0,0,0.640056030273437,1.63,0,-5399.97607421875
100000000000000000000000,1,922125000,0,-54,4.62648605626309,0,0,0.640056030273437,1.63,0,-5399.97607421875
100000000000000000000004,1,922125000,0,-48.5,3.65701019831937,0,0,0.640056030273437,1.63,0,-5399.97607421875
100000000000000000000002,1,922125000,0,-45.5,1.71192255928038,0,0,0.640056030273437,1.63,0,-5399.97607421875
100000000000000000000003,1,922125000,0,-48.5,3.15386449989288,0,0,0.640056030273437,1.63,0,-5399.97607421875
100000000000000000000000,1,922125000,0,-54,4.66330159517235,0,0,0.640056030273437,1.63,0,-5399.97607421875
100000000000000000000004,1,922125000,0,-49,3.65087427516783,0,0,0.640056030273437,1.63,0,-5399.97607421875
100000000000000000000001,1,922125000,0,-48.5,6.0684279968756,0,0,0.640056030273437,1.63,0,-5399.97607421875
100000000000000000000005,1,922125000,0,-64.5,1.44807786376405,0,0,0.640056030273437,1.63,0,-5399.97607421875
100000000000000000000003,1,922125000,0,-48.5,3.17227226934751,0,0,0.640056030273437,1.63,0,-5399.97607421875
100000000000000000000001,1,922125000,0,-48.5,6.0684279968756,0,0,0.640056030273437,1.63,0,-5399.97607421875
100000000000000000000002,1,922125000,0,-45.5,1.71192255928038,0,0,0.640056030273437,1.63,0,-5399.97607421875
100000000000000000000000,1,922125000,0,-54,4.66330159517235,0,0,0.640056030273437,1.63,0,-5399.97607421875
100000000000000000000004,1,922125000,0,-48.5,3.66314612147091,0,0,0.640056030273437,1.63,0,-5399.97607421875
100000000000000000000005,1,922125000,0,-65,1.5278448647341,0,0,0.640056030273437,1.63,0,-5399.97607421875
100000000000000000000001,1,922125000,0,-48.5,6.06229207372405,0,0,0.640056030273437,1.63,0,-5399.97607421875
100000000000000000000002,1,922125000,0,-45.5,1.730330328735,0,0,0.640056030273437,1.63,0,-5399.97607421875
100000000000000000000003,1,922125000,0,-48.5,3.16613634619596,0,0,0.640056030273437,1.63,0,-5399.97607421875
100000000000000000000004,1,922125000,0,-48.5,3.64473835201628,0,0,0.640056030273437,1.63,0,-5399.97607421875
100000000000000000000000,1,922125000,0,-54,4.66943751832389,0,0,0.640056030273437,1.63,0,-5399.97607421875
100000000000000000000005,1,922125000,0,-66,1.3989904785517,0,0,0.640056030273437,1.63,0,-5399.97607421875
100000000000000000000004,1,922125000,0,-48.5,3.63860242886474,0,0,0.640056030273437,1.63,0,-5399.97607421875
100000000000000000000000,1,922125000,0,-54,4.65102974886926,0,0,0.640056030273437,1.63,0,-5399.97607421875
100000000000000000000005,1,922125000,0,-65.5,1.36831086279399,0,0,0.640056030273437,1.63,0,-5399.97607421875
100000000000000000000003,1,922125000,0,-48.5,3.14159265358979,0,0,0.640056030273437,1.63,0,-5399.97607421875
100000000000000000000002,1,922125000,0,-45.5,1.68124294352266,0,0,0.640056030273437,1.63,0,-5399.97607421875
100000000000000000000001,1,922125000,0,-48.5,6.0684279968756,0,0,0.640056030273437,1.63,0,-5399.97607421875
100000000000000000000005,1,922125000,0,-64.5,1.39285455540016,0,0,0.640056030273437,1.63,0,-5399.97607421875
100000000000000000000002,1,922125000,0,-45.5,1.730330328735,0,0,0.640056030273437,1.63,0,-5399.97607421875
100000000000000000000003,1,922125000,0,-48.5,3.16000042304442,0,0,0.640056030273437,1.63,0,-5399.97607421875
100000000000000000000004,1,922125000,0,-48.5,3.66314612147091,0,0,0.640056030273437,1.63,0,-5399.97607421875
100000000000000000000001,1,922125000,0,-48.5,6.06229207372405,0,0,0.640056030273437,1.63,0,-5399.97607421875
100000000000000000000000,1,922125000,0,-54,4.65716567202081,0,0,0.640056030273437,1.63,0,-5399.97607421875
100000000000000000000001,1,922125000,0,-48.5,6.06229207372405,0,0,0.640056030273437,1.63,0,-5399.97607421875
100000000000000000000004,1,922125000,0,-49,3.65087427516783,0,0,0.640056030273437,1.63,0,-5399.97607421875
100000000000000000000005,1,922125000,0,-66,1.52170894158256,0,0,0.640056030273437,1.63,0,-5399.97607421875
100000000000000000000003,1,922125000,0,-48.5,3.18454411565059,0,0,0.640056030273437,1.63,0,-5399.97607421875
100000000000000000000002,1,922125000,0,-45.5,1.67510702037112,0,0,0.640056030273437,1.63,0,-5399.97607421875
100000000000000000000000,1,922125000,0,-54,4.64489382571772,0,0,0.640056030273437,1.63,0,-5399.97607421875
100000000000000000000001,1,922125000,0,-48.5,6.06229207372405,0,0,0.640056030273437,1.63,0,-5399.97607421875
100000000000000000000003,1,922125000,0,-48.5,3.14772857674134,0,0,0.640056030273437,1.63,0,-5399.97607421875
100000000000000000000002,1,922125000,0,-45.5,1.72419440558346,0,0,0.640056030273437,1.63,0,-5399.97607421875
100000000000000000000005,1,922125000,0,-65,1.60761186570415,0,0,0.640056030273437,1.63,0,-5399.97607421875
100000000000000000000004,1,922125000,0,-48.5,3.66928204462245,0,0,0.640056030273437,1.63,0,-5399.97607421875
100000000000000000000000,1,922125000,0,-53.5,4.66943751832389,0,0,0.640056030273437,1.63,0,-5399.97607421875
100000000000000000000003,1,922125000,0,-48.5,3.16000042304442,0,0,0.640056030273437,1.63,0,-5399.97607421875
100000000000000000000001,1,922125000,0,-48.5,6.04388430426943,0,0,0.640056030273437,1.63,0,-5399.97607421875
100000000000000000000004,1,922125000,0,-48.5,3.66928204462245,0,0,0.640056030273437,1.63,0,-5399.97607421875
100000000000000000000005,1,922125000,0,-65,1.69965071297729,0,0,0.640056030273437,1.63,0,-5399.97607421875
100000000000000000000002,1,922125000,0,-45.5,1.71192255928038,0,0,0.640056030273437,1.63,0,-5399.97607421875
100000000000000000000000,1,922125000,0,-54,4.61421420996001,0,0,0.640056030273437,1.63,0,-5399.97607421875
100000000000000000000004,1,922125000,0,-48.5,3.6324665057132,0,0,0.640056030273437,1.63,0,-5399.97607421875
100000000000000000000002,1,922125000,0,-45.5,1.71192255928038,0,0,0.640056030273437,1.63,0,-5399.97607421875
100000000000000000000000,1,922125000,0,-54,4.68170936462698,0,0,0.640056030273437,1.63,0,-5399.97607421875
100000000000000000000003,1,922125000,0,-48.5,3.16000042304442,0,0,0.640056030273437,1.63,0,-5399.97607421875
100000000000000000000005,1,922125000,0,-65,1.22718463030851,0,0,0.640056030273437,1.63,0,-5399.97607421875
100000000000000000000001,1,922125000,0,-48.5,6.08069984317868,0,0,0.640056030273437,1.63,0,-5399.97607421875
100000000000000000000005,1,922125000,0,-65.5,1.30081570812702,0,0,0.640056030273437,1.63,0,-5399.97607421875
100000000000000000000001,1,922125000,0,-48.5,6.04388430426943,0,0,0.640056030273437,1.63,0,-5399.97607421875
100000000000000000000004,1,922125000,0,-48.5,3.64473835201628,0,0,0.640056030273437,1.63,0,-5399.97607421875
100000000000000000000000,1,922125000,0,-54,4.65716567202081,0,0,0.640056030273437,1.63,0,-5399.97607421875
100000000000000000000002,1,922125000,0,-45.5,1.69351478982575,0,0,0.640056030273437,1.63,0,-5399.97607421875
100000000000000000000003,1,922125000,0,-48.5,3.17840819249905,0,0,0.640056030273437,1.63,0,-5399.97607421875
100000000000000000000001,1,922125000,0,-48.5,6.07456392002714,0,0,0.640056030273437,1.63,0,-5399.97607421875
100000000000000000000004,1,922125000,0,-48.5,3.64473835201628,0,0,0.640056030273437,1.63,0,-5399.97607421875
100000000000000000000005,1,922125000,0,-64.5,1.5278448647341,0,0,0.640056030273437,1.63,0,-5399.97607421875
100000000000000000000000,1,922125000,0,-54,4.73693267299086,0,0,0.640056030273437,1.63,0,-5399.97607421875
100000000000000000000003,1,922125000,0,-48.5,3.17227226934751,0,0,0.640056030273437,1.63,0,-5399.97607421875
100000000000000000000002,1,922125000,0,-45.5,1.71192255928038,0,0,0.640056030273437,1.63,0,-5399.97607421875
100000000000000000000003,1,922125000,0,-48.5,3.17840819249905,0,0,0.640056030273437,1.63,0,-5399.97607421875
100000000000000000000001,1,922125000,0,-48.5,6.04388430426943,0,0,0.640056030273437,1.63,0,-5399.97607421875
100000000000000000000002,1,922125000,0,-45.5,1.71192255928038,0,0,0.640056030273437,1.63,0,-5399.97607421875
100000000000000000000000,1,922125000,0,-54,4.66330159517235,0,0,0.640056030273437,1.63,0,-5399.97607421875
100000000000000000000004,1,922125000,0,-48.5,3.66928204462245,0,0,0.640056030273437,1.63,0,-5399.97607421875
100000000000000000000005,1,922125000,0,-65,1.54011671103718,0,0,0.640056030273437,1.63,0,-5399.97607421875
100000000000000000000005,1,922125000,0,-65.5,1.38671863224862,0,0,0.640056030273437,1.63,0,-5399.97607421875
100000000000000000000004,1,922125000,0,-48.5,3.66314612147091,0,0,0.640056030273437,1.63,0,-5399.97607421875
100000000000000000000002,1,922125000,0,-45.5,1.69965071297729,0,0,0.640056030273437,1.63,0,-5399.97607421875
100000000000000000000003,1,922125000,0,-48.5,3.17227226934751,0,0,0.640056030273437,1.63,0,-5399.97607421875
100000000000000000000000,1,922125000,0,-54,4.63875790256618,0,0,0.640056030273437,1.63,0,-5399.97607421875
100000000000000000000001,1,922125000,0,-48.5,6.0684279968756,0,0,0.640056030273437,1.63,0,-5399.97607421875
100000000000000000000000,1,922125000,0,-54,4.67557344147543,0,0,0.640056030273437,1.63,0,-5399.97607421875
100000000000000000000003,1,922125000,0,-48.5,3.15386449989288,0,0,0.640056030273437,1.63,0,-5399.97607421875
100000000000000000000001,1,922125000,0,-48.5,6.09910761263331,0,0,0.640056030273437,1.63,0,-5399.97607421875
100000000000000000000002,1,922125000,0,-45.5,1.70578663612883,0,0,0.640056030273437,1.63,0,-5399.97607421875
100000000000000000000004,1,922125000,0,-48.5,3.66314612147091,0,0,0.640056030273437,1.63,0,-5399.97607421875
100000000000000000000005,1,922125000,0,-65.5,1.58920409624952,0,0,0.640056030273437,1.63,0,-5399.97607421875
100000000000000000000003,1,922125000,0,-48.5,3.15386449989288,0,0,0.640056030273437,1.63,0,-5399.97607421875
100000000000000000000002,1,922125000,0,-45.5,1.69351478982575,0,0,0.640056030273437,1.63,0,-5399.97607421875
100000000000000000000004,1,922125000,0,-48.5,3.64473835201628,0,0,0.640056030273437,1.63,0,-5399.97607421875
100000000000000000000000,1,922125000,0,-54.5,4.65716567202081,0,0,0.640056030273437,1.63,0,-5399.97607421875
100000000000000000000001,1,922125000,0,-48.5,6.00706876536017,0,0,0.640056030273437,1.63,0,-5399.97607421875
100000000000000000000005,1,922125000,0,-65,1.43580601746096,0,0,0.640056030273437,1.63,0,-5399.97607421875
100000000000000000000000,1,922125000,0,-54,4.68784528777852,0,0,0.640056030273437,1.63,0,-5399.97607421875
100000000000000000000001,1,922125000,0,-48.5,6.07456392002714,0,0,0.640056030273437,1.63,0,-5399.97607421875
100000000000000000000005,1,922125000,0,-65,1.41739824800633,0,0,0.640056030273437,1.63,0,-5399.97607421875
100000000000000000000002,1,922125000,0,-45.5,1.73646625188655,0,0,0.640056030273437,1.63,0,-5399.97607421875
100000000000000000000004,1,922125000,0,-48.5,3.66314612147091,0,0,0.640056030273437,1.63,0,-5399.97607421875
100000000000000000000003,1,922125000,0,-48.5,3.16000042304442,0,0,0.640056030273437,1.63,0,-5399.97607421875
100000000000000000000004,1,922125000,0,-49,3.6324665057132,0,0,0.640056030273437,1.63,0,-5399.97607421875
100000000000000000000002,1,922125000,0,-45.5,1.70578663612883,0,0,0.640056030273437,1.63,0,-5399.97607421875
100000000000000000000000,1,922125000,0,-54,4.62648605626309,0,0,0.640056030273437,1.63,0,-5399.97607421875
100000000000000000000003,1,922125000,0,-48.5,3.14772857674134,0,0,0.640056030273437,1.63,0,-5399.97607421875
100000000000000000000005,1,922125000,0,-65.5,1.55852448049181,0,0,0.640056030273437,1.63,0,-5399.97607421875
100000000000000000000001,1,922125000,0,-48.5,6.07456392002714,0,0,0.640056030273437,1.63,0,-5399.97607421875
100000000000000000000002,1,922125000,0,-45.5,1.67510702037112,0,0,0.640056030273437,1.63,0,-5399.97607421875
100000000000000000000004,1,922125000,0,-48.5,3.62633058256166,0,0,0.640056030273437,1.63,0,-5399.97607421875
100000000000000000000001,1,922125000,0,-48.5,6.03161245796634,0,0,0.640056030273437,1.63,0,-5399.97607421875
100000000000000000000000,1,922125000,0,-54,4.66943751832389,0,0,0.640056030273437,1.63,0,-5399.97607421875
100000000000000000000003,1,922125000,0,-48.5,3.14159265358979,0,0,0.640056030273437,1.63,0,-5399.97607421875
100000000000000000000005,1,922125000,0,-65,1.44807786376405,0,0,0.640056030273437,1.63,0,-5399.97607421875
100000000000000000000002,1,922125000,0,-45.5,1.71192255928038,0,0,0.640056030273437,1.63,0,-5399.97607421875
100000000000000000000001,1,922125000,0,-48.5,6.05002022742097,0,0,0.640056030273437,1.63,0,-5399.97607421875
100000000000000000000000,1,922125000,0,-54,4.68170936462698,0,0,0.640056030273437,1.63,0,-5399.97607421875
100000000000000000000003,1,922125000,0,-48.5,3.17840819249905,0,0,0.640056030273437,1.63,0,-5399.97607421875
100000000000000000000004,1,922125000,0,-48.5,3.64473835201628,0,0,0.640056030273437,1.63,0,-5399.97607421875
100000000000000000000005,1,922625000,0,-65.5,1.9021361769782,0,0,0.640056030273437,1.63,0,-5399.97607421875
100000000000000000000001,1,922625000,0,-48.5,0.0122718463030855,0,0,0.640056030273437,1.63,0,-5399.97607421875
100000000000000000000000,1,922625000,0,-53.5,4.91487444438559,0,0,0.640056030273437,1.63,0,-5399.97607421875
100000000000000000000003,1,922625000,0,-48,3.3440781175907,0,0,0.640056030273437,1.63,0,-5399.97607421875
100000000000000000000002,1,922625000,0,-45,1.94508763903899,0,0,0.640056030273437,1.63,0,-5399.97607421875
100000000000000000000005,1,922625000,0,-66,1.79782548340197,0,0,0.640056030273437,1.63,0,-5399.97607421875
100000000000000000000004,1,922625000,0,-48.5,3.82881604656256,0,0,0.640056030273437,1.63,0,-5399.97607421875
100000000000000000000001,1,922625000,0,-48.5,0.0184077694546279,0,0,0.640056030273437,1.63,0,-5399.97607421875
100000000000000000000005,1,922625000,0,-65.5,1.74873809818963,0,0,0.640056030273437,1.63,0,-5399.97607421875
100000000000000000000004,1,922625000,0,-48.5,3.82881604656256,0,0,0.640056030273437,1.63,0,-5399.97607421875
100000000000000000000000,1,922625000,0,-54,4.89646667493097,0,0,0.640056030273437,1.63,0,-5399.97607421875
100000000000000000000002,1,922625000,0,-45,1.91440802328128,0,0,0.640056030273437,1.63,0,-5399.97607421875
100000000000000000000003,1,922625000,0,-48,3.35634996389378,0,0,0.640056030273437,1.63,0,-5399.97607421875
100000000000000000000001,1,922625000,0,-48.5,6.28318530717959,0,0,0.640056030273437,1.63,0,-5399.97607421875
100000000000000000000003,1,922625000,0,-48,3.35634996389378,0,0,0.640056030273437,1.63,0,-5399.97607421875
100000000000000000000004,1,922625000,0,-48.5,3.82881604656256,0,0,0.640056030273437,1.63,0,-5399.97607421875
100000000000000000000002,1,922625000,0,-45,1.9021361769782,0,0,0.640056030273437,1.63,0,-5399.97607421875
100000000000000000000005,1,922625000,0,-66,1.77941771394734,0,0,0.640056030273437,1.63,0,-5399.97607421875
100000000000000000000000,1,922625000,0,-53.5,4.89646667493097,0,0,0.640056030273437,1.63,0,-5399.97607421875
100000000000000000000004,1,922625000,0,-48.5,3.80427235395639,0,0,0.640056030273437,1.63,0,-5399.97607421875
100000000000000000000002,1,922625000,0,-45,1.90827210012974,0,0,0.640056030273437,1.63,0,-5399.97607421875
100000000000000000000001,1,922625000,0,-48.5,6.27704938402804,0,0,0.640056030273437,1.63,0,-5399.97607421875
100000000000000000000005,1,922625000,0,-65,1.730330328735,0,0,0.640056030273437,1.63,0,-5399.97607421875
100000000000000000000000,1,922625000,0,-53.5,4.90873852123405,0,0,0.640056030273437,1.63,0,-5399.97607421875
100000000000000000000003,1,922625000,0,-48,3.3440781175907,0,0,0.640056030273437,1.63,0,-5399.97607421875
100000000000000000000000,1,922625000,0,-53.5,4.92714629068868,0,0,0.640056030273437,1.63,0,-5399.97607421875
100000000000000000000002,1,922625000,0,-45,1.90827210012974,0,0,0.640056030273437,1.63,0,-5399.97607421875
100000000000000000000001,1,922625000,0,-48.5,6.28318530717959,0,0,0.640056030273437,1.63,0,-5399.97607421875
100000000000000000000004,1,922625000,0,-48.5,3.81654420025948,0,0,0.640056030273437,1.63,0,-5399.97607421875
100000000000000000000003,1,922625000,0,-48,3.39316550280304,0,0,0.640056030273437,1.63,0,-5399.97607421875
100000000000000000000005,1,922625000,0,-65.5,1.68124294352266,0,0,0.640056030273437,1.63,0,-5399.97607421875
100000000000000000000000,1,922625000,0,-53.5,4.8719229823248,0,0,0.640056030273437,1.63,0,-5399.97607421875
100000000000000000000003,1,922625000,0,-48,3.35634996389378,0,0,0.640056030273437,1.63,0,-5399.97607421875
100000000000000000000004,1,922625000,0,-48.5,3.81654420025948,0,0,0.640056030273437,1.63,0,-5399.97607421875
100000000000000000000005,1,922625000,0,-66,1.66283517406803,0,0,0.640056030273437,1.63,0,-5399.97607421875
100000000000000000000002,1,922625000,0,-45,1.91440802328128,0,0,0.640056030273437,1.63,0,-5399.97607421875
100000000000000000000001,1,922625000,0,-48.5,6.26477753772496,0,0,0.640056030273437,1.63,0,-5399.97607421875
100000000000000000000005,1,922625000,0,-65.5,1.69351478982575,0,0,0.640056030273437,1.63,0,-5399.97607421875
100000000000000000000001,1,922625000,0,-48.5,6.27704938402804,0,0,0.640056030273437,1.63,0,-5399.97607421875
100000000000000000000004,1,922625000,0,-48.5,3.82881604656256,0,0,0.640056030273437,1.63,0,-5399.97607421875
100000000000000000000003,1,922625000,0,-48,3.35634996389378,0,0,0.640056030273437,1.63,0,-5399.97607421875
100000000000000000000000,1,922625000,0,-53.5,4.92101036753714,0,0,0.640056030273437,1.63,0,-5399.97607421875
100000000000000000000002,1,922625000,0,-45,1.88986433067511,0,0,0.640056030273437,1.63,0,-5399.97607421875
100000000000000000000003,1,922625000,0,-48,3.36248588704533,0,0,0.640056030273437,1.63,0,-5399.97607421875
100000000000000000000000,1,922625000,0,-53.5,4.90260259808251,0,0,0.640056030273437,1.63,0,-5399.97607421875
100000000000000000000001,1,922625000,0,-48.5,6.26477753772496,0,0,0.640056030273437,1.63,0,-5399.97607421875
100000000000000000000005,1,922625000,0,-66,1.69351478982575,0,0,0.640056030273437,1.63,0,-5399.97607421875
100000000000000000000002,1,922625000,0,-45,1.91440802328128,0,0,0.640056030273437,1.63,0,-5399.97607421875
100000000000000000000004,1,922625000,0,-48.5,3.82881604656256,0,0,0.640056030273437,1.63,0,-5399.97607421875
100000000000000000000005,1,922625000,0,-66,1.94508763903899,0,0,0.640056030273437,1.63,0,-5399.97607421875
100000000000000000000000,1,922625000,0,-53.5,4.92101036753714,0,0,0.640056030273437,1.63,0,-5399.97607421875
100000000000000000000002,1,922625000,0,-45,1.92054394643282,0,0,0.640056030273437,1.63,0,-5399.97607421875
100000000000000000000003,1,922625000,0,-48,3.36248588704533,0,0,0.640056030273437,1.63,0,-5399.97607421875
100000000000000000000001,1,922625000,0,-48.5,6.27704938402804,0,0,0.640056030273437,1.63,0,-5399.97607421875
100000000000000000000004,1,922625000,0,-48.5,3.81654420025948,0,0,0.640056030273437,1.63,0,-5399.97607421875
100000000000000000000002,1,922625000,0,-45,1.92054394643282,0,0,0.640056030273437,1.63,0,-5399.97607421875
100000000000000000000005,1,922625000,0,-65.5,1.71805848243192,0,0,0.640056030273437,1.63,0,-5399.97607421875
100000000000000000000001,1,922625000,0,-48.5,6.28318530717959,0,0,0.640056030273437,1.63,0,-5399.97607421875
100000000000000000000000,1,922625000,0,-54,4.90873852123405,0,0,0.640056030273437,1.63,0,-5399.97607421875
100000000000000000000003,1,922625000,0,-48,3.35634996389378,0,0,0.640056030273437,1.63,0,-5399.97607421875
100000000000000000000004,1,922625000,0,-48.5,3.81040827710793,0,0,0.640056030273437,1.63,0,-5399.97607421875
100000000000000000000002,1,922625000,0,-45,1.90827210012974,0,0,0.640056030273437,1.63,0,-5399.97607421875
100000000000000000000004,1,922625000,0,-48.5,3.81040827710793,0,0,0.640056030273437,1.63,0,-5399.97607421875
100000000000000000000003,1,922625000,0,-48,3.35634996389378,0,0,0.640056030273437,1.63,0,-5399.97607421875
100000000000000000000005,1,922625000,0,-66,1.76100994449272,0,0,0.640056030273437,1.63,0,-5399.97607421875
100000000000000000000001,1,922625000,0,-49,6.25864161457342,0,0,0.640056030273437,1.63,0,-5399.97607421875
100000000000000000000000,1,922625000,0,-53.5,4.92714629068868,0,0,0.640056030273437,1.63,0,-5399.97607421875
100000000000000000000000,1,922625000,0,-53.5,4.89646667493097,0,0,0.640056030273437,1.63,0,-5399.97607421875
100000000000000000000002,1,922625000,0,-45,1.90827210012974,0,0,0.640056030273437,1.63,0,-5399.97607421875
100000000000000000000003,1,922625000,0,-48,3.36248588704533,0,0,0.640056030273437,1.63,0,-5399.97607421875
100000000000000000000005,1,922625000,0,-65.5,1.69965071297729,0,0,0.640056030273437,1.63,0,-5399.97607421875
100000000000000000000004,1,922625000,0,-48.5,3.81654420025948,0,0,0.640056030273437,1.63,0,-5399.97607421875
100000000000000000000001,1,922625000,0,-48.5,6.27704938402804,0,0,0.640056030273437,1.63,0,-5399.97607421875
100000000000000000000000,1,922625000,0,-53.5,4.90260259808251,0,0,0.640056030273437,1.63,0,-5399.97607421875
100000000000000000000004,1,922625000,0,-48.5,3.84108789286565,0,0,0.640056030273437,1.63,0,-5399.97607421875
100000000000000000000001,1,922625000,0,-48.5,6.2709134608765,0,0,0.640056030273437,1.63,0,-5399.97607421875
100000000000000000000005,1,922625000,0,-65.5,1.74260217503809,0,0,0.640056030273437,1.63,0,-5399.97607421875
100000000000000000000003,1,922625000,0,-48,3.3440781175907,0,0,0.640056030273437,1.63,0,-5399.97607421875
100000000000000000000002,1,922625000,0,-45,1.89600025382665,0,0,0.640056030273437,1.63,0,-5399.97607421875
100000000000000000000001,1,922625000,0,-48.5,6.28318530717959,0,0,0.640056030273437,1.63,0,-5399.97607421875
100000000000000000000005,1,922625000,0,-66,1.76100994449272,0,0,0.640056030273437,1.63,0,-5399.97607421875
100000000000000000000004,1,922625000,0,-48.5,3.81654420025948,0,0,0.640056030273437,1.63,0,-5399.97607421875
100000000000000000000000,1,922625000,0,-53.5,4.89646667493097,0,0,0.640056030273437,1.63,0,-5399.97607421875
100000000000000000000002,1,922625000,0,-45,1.91440802328128,0,0,0.640056030273437,1.63,0,-5399.97607421875
100000000000000000000003,1,922625000,0,-48,3.33794219443916,0,0,0.640056030273437,1.63,0,-5399.97607421875
100000000000000000000004,1,922625000,0,-48.5,3.82881604656256,0,0,0.640056030273437,1.63,0,-5399.97607421875
100000000000000000000002,1,922625000,0,-45,1.92054394643282,0,0,0.640056030273437,1.63,0,-5399.97607421875
100000000000000000000003,1,922625000,0,-48,3.3440781175907,0,0,0.640056030273437,1.63,0,-5399.97607421875
100000000000000000000005,1,922625000,0,-66,1.71192255928038,0,0,0.640056030273437,1.63,0,-5399.97607421875
100000000000000000000001,1,922625000,0,-48.5,6.25864161457342,0,0,0.640056030273437,1.63,0,-5399.97607421875
100000000000000000000000,1,922625000,0,-54,4.90873852123405,0,0,0.640056030273437,1.63,0,-5399.97607421875
100000000000000000000000,1,922625000,0,-53.5,4.92101036753714,0,0,0.640056030273437,1.63,0,-5399.97607421875
100000000000000000000001,1,922625000,0,-48.5,0.00613592315154232,0,0,0.640056030273437,1.63,0,-5399.97607421875
100000000000000000000002,1,922625000,0,-45,1.91440802328128,0,0,0.640056030273437,1.63,0,-5399.97607421875
100000000000000000000003,1,922625000,0,-48,3.33180627128761,0,0,0.640056030273437,1.63,0,-5399.97607421875
100000000000000000000004,1,922625000,0,-48.5,3.82881604656256,0,0,0.640056030273437,1.63,0,-5399.97607421875
100000000000000000000005,1,922625000,0,-65.5,1.77941771394734,0,0,0.640056030273437,1.63,0,-5399.97607421875
100000000000000000000001,1,922625000,0,-48.5,6.2709134608765,0,0,0.640056030273437,1.63,0,-5399.97607421875
100000000000000000000004,1,922625000,0,-48.5,3.82881604656256,0,0,0.640056030273437,1.63,0,-5399.97607421875
100000000000000000000000,1,922625000,0,-53.5,4.87805890547634,0,0,0.640056030273437,1.63,0,-5399.97607421875
100000000000000000000003,1,922625000,0,-48,3.35634996389378,0,0,0.640056030273437,1.63,0,-5399.97607421875
100000000000000000000002,1,922625000,0,-45,1.91440802328128,0,0,0.640056030273437,1.63,0,-5399.97607421875
100000000000000000000005,1,922625000,0,-65.5,1.74260217503809,0,0,0.640056030273437,1.63,0,-5399.97607421875
100000000000000000000004,1,922625000,0,-48.5,3.82881604656256,0,0,0.640056030273437,1.63,0,-5399.97607421875
100000000000000000000001,1,922625000,0,-48.5,6.2709134608765,0,0,0.640056030273437,1.63,0,-5399.97607421875
100000000000000000000000,1,922625000,0,-53.5,4.90260259808251,0,0,0.640056030273437,1.63,0,-5399.97607421875
100000000000000000000002,1,922625000,0,-45,1.91440802328128,0,0,0.640056030273437,1.63,0,-5399.97607421875
100000000000000000000005,1,922625000,0,-66,1.71192255928038,0,0,0.640056030273437,1.63,0,-5399.97607421875
100000000000000000000003,1,922625000,0,-48,3.35634996389378,0,0,0.640056030273437,1.63,0,-5399.97607421875
100000000000000000000000,1,922625000,0,-53.5,4.89646667493097,0,0,0.640056030273437,1.63,0,-5399.97607421875
100000000000000000000005,1,922625000,0,-65.5,1.7732817907958,0,0,0.640056030273437,1.63,0,-5399.97607421875
100000000000000000000004,1,922625000,0,-48.5,3.82881604656256,0,0,0.640056030273437,1.63,0,-5399.97607421875
100000000000000000000003,1,922625000,0,-48,3.35021404074224,0,0,0.640056030273437,1.63,0,-5399.97607421875
100000000000000000000002,1,922625000,0,-45,1.90827210012974,0,0,0.640056030273437,1.63,0,-5399.97607421875
100000000000000000000001,1,922625000,0,-49,0.00613592315154232,0,0,0.640056030273437,1.63,0,-5399.97607421875
100000000000000000000004,1,922625000,0,-48.5,3.82268012341102,0,0,0.640056030273437,1.63,0,-5399.97607421875
100000000000000000000002,1,922625000,0,-45,1.91440802328128,0,0,0.640056030273437,1.63,0,-5399.97607421875
100000000000000000000001,1,922625000,0,-48.5,6.28318530717959,0,0,0.640056030273437,1.63,0,-5399.97607421875
100000000000000000000000,1,922625000,0,-53.5,4.90260259808251,0,0,0.640056030273437,1.63,0,-5399.97607421875
100000000000000000000005,1,922625000,0,-65.5,1.58920409624952,0,0,0.640056030273437,1.63,0,-5399.97607421875
100000000000000000000003,1,922625000,0,-48,3.35634996389378,0,0,0.640056030273437,1.63,0,-5399.97607421875
100000000000000000000004,1,922625000,0,-48.5,3.8349519697141,0,0,0.640056030273437,1.63,0,-5399.97607421875
100000000000000000000002,1,922625000,0,-45,1.93895171588745,0,0,0.640056030273437,1.63,0,-5399.97607421875
100000000000000000000005,1,922625000,0,-65.5,1.82236917600814,0,0,0.640056030273437,1.63,0,-5399.97607421875
100000000000000000000000,1,922625000,0,-53.5,4.90873852123405,0,0,0.640056030273437,1.63,0,-5399.97607421875
100000000000000000000003,1,922625000,0,-48,3.36248588704533,0,0,0.640056030273437,1.63,0,-5399.97607421875
100000000000000000000001,1,922625000,0,-49,0.0122718463030855,0,0,0.640056030273437,1.63,0,-5399.97607421875
100000000000000000000000,1,922625000,0,-53.5,4.92714629068868,0,0,0.640056030273437,1.63,0,-5399.97607421875
100000000000000000000005,1,922625000,0,-65.5,1.79782548340197,0,0,0.640056030273437,1.63,0,-5399.97607421875
100000000000000000000003,1,922625000,0,-48,3.37475773334841,0,0,0.640056030273437,1.63,0,-5399.97607421875
100000000000000000000001,1,922625000,0,-48.5,0.0122718463030855,0,0,0.640056030273437,1.63,0,-5399.97607421875
100000000000000000000004,1,922625000,0,-48.5,3.81040827710793,0,0,0.640056030273437,1.63,0,-5399.97607421875
100000000000000000000002,1,922625000,0,-45,1.92667986958437,0,0,0.640056030273437,1.63,0,-5399.97607421875
100000000000000000000002,1,922625000,0,-45,1.90827210012974,0,0,0.640056030273437,1.63,0,-5399.97607421875
100000000000000000000001,1,922625000,0,-49,0.00613592315154232,0,0,0.640056030273437,1.63,0,-5399.97607421875
100000000000000000000004,1,922625000,0,-48.5,3.81040827710793,0,0,0.640056030273437,1.63,0,-5399.97607421875
100000000000000000000000,1,922625000,0,-53.5,4.91487444438559,0,0,0.640056030273437,1.63,0,-5399.97607421875
100000000000000000000003,1,922625000,0,-48,3.36248588704533,0,0,0.640056030273437,1.63,0,-5399.97607421875
100000000000000000000005,1,922625000,0,-65,1.66897109721958,0,0,0.640056030273437,1.63,0,-5399.97607421875
100000000000000000000000,1,922625000,0,-53.5,4.90260259808251,0,0,0.640056030273437,1.63,0,-5399.97607421875
100000000000000000000004,1,922625000,0,-48.5,3.82268012341102,0,0,0.640056030273437,1.63,0,-5399.97607421875
100000000000000000000003,1,922625000,0,-48,3.35634996389378,0,0,0.640056030273437,1.63,0,-5399.97607421875
100000000000000000000001,1,922625000,0,-48.5,0.00613592315154232,0,0,0.640056030273437,1.63,0,-5399.97607421875
100000000000000000000005,1,922625000,0,-65.5,1.7732817907958,0,0,0.640056030273437,1.63,0,-5399.97607421875
100000000000000000000002,1,922625000,0,-45,1.9021361769782,0,0,0.640056030273437,1.63,0,-5399.97607421875
100000000000000000000005,1,922625000,0,-66,1.73646625188655,0,0,0.640056030273437,1.63,0,-5399.97607421875
100000000000000000000004,1,922625000,0,-48.5,3.82268012341102,0,0,0.640056030273437,1.63,0,-5399.97607421875
100000000000000000000001,1,922625000,0,-48.5,6.2709134608765,0,0,0.640056030273437,1.63,0,-5399.97607421875
100000000000000000000003,1,922625000,0,-48,3.33794219443916,0,0,0.640056030273437,1.63,0,-5399.97607421875
100000000000000000000002,1,922625000,0,-45,1.89600025382665,0,0,0.640056030273437,1.63,0,-5399.97607421875
100000000000000000000000,1,922625000,0,-53.5,4.8719229823248,0,0,0.640056030273437,1.63,0,-5399.97607421875
100000000000000000000005,1,922625000,0,-66,1.87145656122048,0,0,0.640056030273437,1.63,0,-5399.97607421875
100000000000000000000002,1,922625000,0,-45,1.9021361769782,0,0,0.640056030273437,1.63,0,-5399.97607421875
100000000000000000000003,1,922625000,0,-48,3.37475773334841,0,0,0.640056030273437,1.63,0,-5399.97607421875
100000000000000000000000,1,922625000,0,-53.5,4.92714629068868,0,0,0.640056030273437,1.63,0,-5399.97607421875
100000000000000000000004,1,922625000,0,-48.5,3.85949566232027,0,0,0.640056030273437,1.63,0,-5399.97607421875
100000000000000000000001,1,922625000,0,-48.5,0.0184077694546279,0,0,0.640056030273437,1.63,0,-5399.97607421875
100000000000000000000002,1,922625000,0,-45,1.90827210012974,0,0,0.640056030273437,1.63,0,-5399.97607421875
100000000000000000000005,1,922625000,0,-66,1.71805848243192,0,0,0.640056030273437,1.63,0,-5399.97607421875
100000000000000000000000,1,922625000,0,-54,4.91487444438559,0,0,0.640056030273437,1.63,0,-5399.97607421875
100000000000000000000003,1,922625000,0,-48,3.35021404074224,0,0,0.640056030273437,1.63,0,-5399.97607421875
100000000000000000000004,1,922625000,0,-48.5,3.85335973916873,0,0,0.640056030273437,1.63,0,-5399.97607421875
100000000000000000000001,1,922625000,0,-49,0.0122718463030855,0,0,0.640056030273437,1.63,0,-5399.97607421875
100000000000000000000001,1,922625000,0,-49,6.28318530717959,0,0,0.640056030273437,1.63,0,-5399.97607421875
100000000000000000000002,1,922625000,0,-45,1.90827210012974,0,0,0.640056030273437,1.63,0,-5399.97607421875
100000000000000000000003,1,922625000,0,-48,3.35021404074224,0,0,0.640056030273437,1.63,0,-5399.97607421875
100000000000000000000004,1,922625000,0,-48.5,3.84108789286565,0,0,0.640056030273437,1.63,0,-5399.97607421875
100000000000000000000005,1,922625000,0,-66.5,1.76714586764426,0,0,0.640056030273437,1.63,0,-5399.97607421875
100000000000000000000000,1,922625000,0,-53.5,4.89033075177942,0,0,0.640056030273437,1.63,0,-5399.97607421875
100000000000000000000004,1,922625000,0,-48.5,3.8349519697141,0,0,0.640056030273437,1.63,0,-5399.97607421875
100000000000000000000001,1,922625000,0,-48.5,0.00613592315154232,0,0,0.640056030273437,1.63,0,-5399.97607421875
100000000000000000000002,1,922625000,0,-45,1.92054394643282,0,0,0.640056030273437,1.63,0,-5399.97607421875
100000000000000000000000,1,922625000,0,-53.5,4.89033075177942,0,0,0.640056030273437,1.63,0,-5399.97607421875
100000000000000000000005,1,922625000,0,-65.5,1.75487402134117,0,0,0.640056030273437,1.63,0,-5399.97607421875
100000000000000000000003,1,922625000,0,-48,3.39316550280304,0,0,0.640056030273437,1.63,0,-5399.97607421875
100000000000000000000002,1,922625000,0,-45,1.9021361769782,0,0,0.640056030273437,1.63,0,-5399.97607421875
100000000000000000000004,1,922625000,0,-48.5,3.8349519697141,0,0,0.640056030273437,1.63,0,-5399.97607421875
100000000000000000000005,1,922625000,0,-65.5,1.61988371200724,0,0,0.640056030273437,1.63,0,-5399.97607421875
100000000000000000000001,1,922625000,0,-49,6.28318530717959,0,0,0.640056030273437,1.63,0,-5399.97607421875
100000000000000000000003,1,922625000,0,-48,3.36862181019687,0,0,0.640056030273437,1.63,0,-5399.97607421875
100000000000000000000000,1,922625000,0,-53.5,4.90260259808251,0,0,0.640056030273437,1.63,0,-5399.97607421875
100000000000000000000002,1,922625000,0,-45,1.90827210012974,0,0,0.640056030273437,1.63,0,-5399.97607421875
100000000000000000000003,1,922625000,0,-48,3.37475773334841,0,0,0.640056030273437,1.63,0,-5399.97607421875
100000000000000000000000,1,922625000,0,-53.5,4.87805890547634,0,0,0.640056030273437,1.63,0,-5399.97607421875
100000000000000000000004,1,922625000,0,-48.5,3.82268012341102,0,0,0.640056030273437,1.63,0,-5399.97607421875
100000000000000000000001,1,922625000,0,-48.5,6.26477753772496,0,0,0.640056030273437,1.63,0,-5399.97607421875
100000000000000000000005,1,922625000,0,-65.5,1.69965071297729,0,0,0.640056030273437,1.63,0,-5399.97607421875
100000000000000000000003,1,922625000,0,-48,3.36248588704533,0,0,0.640056030273437,1.63,0,-5399.97607421875
100000000000000000000005,1,922625000,0,-65.5,1.69965071297729,0,0,0.640056030273437,1.63,0,-5399.97607421875
100000000000000000000000,1,922625000,0,-53.5,4.92101036753714,0,0,0.640056030273437,1.63,0,-5399.97607421875
100000000000000000000001,1,922625000,0,-48.5,6.26477753772496,0,0,0.640056030273437,1.63,0,-5399.97607421875
100000000000000000000004,1,922625000,0,-48.5,3.80427235395639,0,0,0.640056030273437,1.63,0,-5399.97607421875
100000000000000000000002,1,922625000,0,-45,1.91440802328128,0,0,0.640056030273437,1.63,0,-5399.97607421875
100000000000000000000003,1,922625000,0,-48,3.36862181019687,0,0,0.640056030273437,1.63,0,-5399.97607421875
100000000000000000000001,1,922625000,0,-48.5,6.25864161457342,0,0,0.640056030273437,1.63,0,-5399.97607421875
100000000000000000000002,1,922625000,0,-45,1.90827210012974,0,0,0.640056030273437,1.63,0,-5399.97607421875
100000000000000000000005,1,922625000,0,-65.5,1.74873809818963,0,0,0.640056030273437,1.63,0,-5399.97607421875
100000000000000000000004,1,922625000,0,-48.5,3.82881604656256,0,0,0.640056030273437,1.63,0,-5399.97607421875
100000000000000000000000,1,922625000,0,-53.5,4.89646667493097,0,0,0.640056030273437,1.63,0,-5399.97607421875
100000000000000000000003,1,922625000,0,-48,3.38089365649995,0,0,0.640056030273437,1.63,0,-5399.97607421875
100000000000000000000000,1,922625000,0,-53.5,4.89646667493097,0,0,0.640056030273437,1.63,0,-5399.97607421875
100000000000000000000005,1,922625000,0,-66.5,1.79782548340197,0,0,0.640056030273437,1.63,0,-5399.97607421875
100000000000000000000002,1,922625000,0,-45,1.89600025382665,0,0,0.640056030273437,1.63,0,-5399.97607421875
100000000000000000000004,1,922625000,0,-48.5,3.81040827710793,0,0,0.640056030273437,1.63,0,-5399.97607421875
100000000000000000000001,1,922625000,0,-48.5,6.28318530717959,0,0,0.640056030273437,1.63,0,-5399.97607421875
100000000000000000000005,1,922625000,0,-65.5,1.70578663612883,0,0,0.640056030273437,1.63,0,-5399.97607421875
100000000000000000000004,1,922625000,0,-48.5,3.8349519697141,0,0,0.640056030273437,1.63,0,-5399.97607421875
100000000000000000000003,1,922625000,0,-48,3.36862181019687,0,0,0.640056030273437,1.63,0,-5399.97607421875
100000000000000000000002,1,922625000,0,-45,1.93895171588745,0,0,0.640056030273437,1.63,0,-5399.97607421875
100000000000000000000001,1,922625000,0,-48.5,6.28318530717959,0,0,0.640056030273437,1.63,0,-5399.97607421875
100000000000000000000000,1,922625000,0,-54,4.92714629068868,0,0,0.640056030273437,1.63,0,-5399.97607421875
100000000000000000000004,1,922625000,0,-48.5,3.82268012341102,0,0,0.640056030273437,1.63,0,-5399.97607421875
100000000000000000000005,1,922625000,0,-66,1.78555363709889,0,0,0.640056030273437,1.63,0,-5399.97607421875
100000000000000000000000,1,922625000,0,-53.5,4.89033075177942,0,0,0.640056030273437,1.63,0,-5399.97607421875
100000000000000000000003,1,922625000,0,-48,3.36862181019687,0,0,0.640056030273437,1.63,0,-5399.97607421875
100000000000000000000001,1,922625000,0,-48.5,6.28318530717959,0,0,0.640056030273437,1.63,0,-5399.97607421875
100000000000000000000002,1,922625000,0,-45,1.90827210012974,0,0,0.640056030273437,1.63,0,-5399.97607421875
100000000000000000000004,1,922625000,0,-48.5,3.82268012341102,0,0,0.640056030273437,1.63,0,-5399.97607421875
100000000000000000000003,1,922625000,0,-48,3.35021404074224,0,0,0.640056030273437,1.63,0,-5399.97607421875
100000000000000000000000,1,922625000,0,-53.5,4.90260259808251,0,0,0.640056030273437,1.63,0,-5399.97607421875
100000000000000000000002,1,922625000,0,-45,1.91440802328128,0,0,0.640056030273437,1.63,0,-5399.97607421875
100000000000000000000001,1,922625000,0,-49,0.0184077694546279,0,0,0.640056030273437,1.63,0,-5399.97607421875
100000000000000000000005,1,922625000,0,-65.5,1.730330328735,0,0,0.640056030273437,1.63,0,-5399.97607421875
100000000000000000000001,1,922625000,0,-48.5,0.0122718463030855,0,0,0.640056030273437,1.63,0,-5399.97607421875
100000000000000000000003,1,922625000,0,-48,3.36248588704533,0,0,0.640056030273437,1.63,0,-5399.97607421875
100000000000000000000000,1,922625000,0,-53.5,4.90873852123405,0,0,0.640056030273437,1.63,0,-5399.97607421875
100000000000000000000004,1,922625000,0,-48.5,3.81040827710793,0,0,0.640056030273437,1.63,0,-5399.97607421875
100000000000000000000005,1,922625000,0,-66,1.68737886667421,0,0,0.640056030273437,1.63,0,-5399.97607421875
100000000000000000000002,1,922625000,0,-45,1.89600025382665,0,0,0.640056030273437,1.63,0,-5399.97607421875
100000000000000000000004,1,922625000,0,-48.5,3.8349519697141,0,0,0.640056030273437,1.63,0,-5399.97607421875
100000000000000000000001,1,922625000,0,-48.5,6.27704938402804,0,0,0.640056030273437,1.63,0,-5399.97607421875
100000000000000000000000,1,922625000,0,-53.5,4.92714629068868,0,0,0.640056030273437,1.63,0,-5399.97607421875
100000000000000000000003,1,922625000,0,-48,3.35634996389378,0,0,0.640056030273437,1.63,0,-5399.97607421875
100000000000000000000002,1,922625000,0,-45,1.92054394643282,0,0,0.640056030273437,1.63,0,-5399.97607421875
100000000000000000000005,1,922625000,0,-66,1.730330328735,0,0,0.640056030273437,1.63,0,-5399.97607421875
100000000000000000000004,1,922625000,0,-48.5,3.82268012341102,0,0,0.640056030273437,1.63,0,-5399.97607421875
100000000000000000000003,1,922625000,0,-48,3.35634996389378,0,0,0.640056030273437,1.63,0,-5399.97607421875
100000000000000000000005,1,922625000,0,-66,1.7732817907958,0,0,0.640056030273437,1.63,0,-5399.97607421875
100000000000000000000001,1,922625000,0,-48.5,6.27704938402804,0,0,0.640056030273437,1.63,0,-5399.97607421875
100000000000000000000000,1,922625000,0,-53.5,4.89646667493097,0,0,0.640056030273437,1.63,0,-5399.97607421875
100000000000000000000002,1,922625000,0,-45,1.91440802328128,0,0,0.640056030273437,1.63,0,-5399.97607421875
100000000000000000000004,1,922625000,0,-48.5,3.8349519697141,0,0,0.640056030273437,1.63,0,-5399.97607421875
100000000000000000000002,1,922625000,0,-45,1.90827210012974,0,0,0.640056030273437,1.63,0,-5399.97607421875
100000000000000000000001,1,922625000,0,-48.5,0.0122718463030855,0,0,0.640056030273437,1.63,0,-5399.97607421875
100000000000000000000003,1,922625000,0,-48,3.36248588704533,0,0,0.640056030273437,1.63,0,-5399.97607421875
100000000000000000000000,1,922625000,0,-53.5,4.91487444438559,0,0,0.640056030273437,1.63,0,-5399.97607421875
100000000000000000000005,1,922625000,0,-66,1.70578663612883,0,0,0.640056030273437,1.63,0,-5399.97607421875
100000000000000000000003,1,922625000,0,-48,3.36248588704533,0,0,0.640056030273437,1.63,0,-5399.97607421875
100000000000000000000000,1,922625000,0,-53.5,4.90260259808251,0,0,0.640056030273437,1.63,0,-5399.97607421875
100000000000000000000002,1,922625000,0,-45,1.88986433067511,0,0,0.640056030273437,1.63,0,-5399.97607421875
100000000000000000000001,1,922625000,0,-48.5,0.0184077694546279,0,0,0.640056030273437,1.63,0,-5399.97607421875
100000000000000000000004,1,922625000,0,-48.5,3.79813643080485,0,0,0.640056030273437,1.63,0,-5399.97607421875
100000000000000000000005,1,922625000,0,-66.5,1.95122356219054,0,0,0.640056030273437,1.63,0,-5399.97607421875
100000000000000000000001,1,922625000,0,-48.5,0.0184077694546279,0,0,0.640056030273437,1.63,0,-5399.97607421875
100000000000000000000002,1,922625000,0,-45,1.90827210012974,0,0,0.640056030273437,1.63,0,-5399.97607421875
100000000000000000000005,1,922625000,0,-66.5,1.74260217503809,0,0,0.640056030273437,1.63,0,-5399.97607421875
100000000000000000000000,1,922625000,0,-53.5,4.92714629068868,0,0,0.640056030273437,1.63,0,-5399.97607421875
100000000000000000000004,1,922625000,0,-48.5,3.80427235395639,0,0,0.640056030273437,1.63,0,-5399.97607421875
100000000000000000000003,1,922625000,0,-48,3.3440781175907,0,0,0.640056030273437,1.63,0,-5399.97607421875
100000000000000000000004,1,922625000,0,-48.5,3.84108789286565,0,0,0.640056030273437,1.63,0,-5399.97607421875
100000000000000000000001,1,922625000,0,-48.5,6.28318530717959,0,0,0.640056030273437,1.63,0,-5399.97607421875
100000000000000000000005,1,922625000,0,-66,1.76100994449272,0,0,0.640056030273437,1.63,0,-5399.97607421875
100000000000000000000000,1,922625000,0,-54,4.90260259808251,0,0,0.640056030273437,1.63,0,-5399.97607421875
100000000000000000000002,1,922625000,0,-45,1.91440802328128,0,0,0.640056030273437,1.63,0,-5399.97607421875
100000000000000000000003,1,922625000,0,-48,3.36248588704533,0,0,0.640056030273437,1.63,0,-5399.97607421875
100000000000000000000002,1,922625000,0,-45,1.92667986958437,0,0,0.640056030273437,1.63,0,-5399.97607421875
100000000000000000000000,1,922625000,0,-53.5,4.89033075177942,0,0,0.640056030273437,1.63,0,-5399.97607421875
100000000000000000000004,1,922625000,0,-48.5,3.81654420025948,0,0,0.640056030273437,1.63,0,-5399.97607421875
100000000000000000000003,1,922625000,0,-48,3.38089365649995,0,0,0.640056030273437,1.63,0,-5399.97607421875
100000000000000000000005,1,922625000,0,-66,1.79782548340197,0,0,0.640056030273437,1.63,0,-5399.97607421875
100000000000000000000001,1,922625000,0,-49,0.00613592315154232,0,0,0.640056030273437,1.63,0,-5399.97607421875
100000000000000000000002,1,922625000,0,-45,1.90827210012974,0,0,0.640056030273437,1.63,0,-5399.97607421875
100000000000000000000001,1,922625000,0,-49,0.0122718463030855,0,0,0.640056030273437,1.63,0,-5399.97607421875
100000000000000000000004,1,922625000,0,-48.5,3.8349519697141,0,0,0.640056030273437,1.63,0,-5399.97607421875
100000000000000000000003,1,922625000,0,-48,3.3870295796515,0,0,0.640056030273437,1.63,0,-5399.97607421875
100000000000000000000005,1,922625000,0,-66.5,1.67510702037112,0,0,0.640056030273437,1.63,0,-5399.97607421875
100000000000000000000000,1,922625000,0,-53.5,4.92101036753714,0,0,0.640056030273437,1.63,0,-5399.97607421875
100000000000000000000001,1,922625000,0,-48.5,0.0184077694546279,0,0,0.640056030273437,1.63,0,-5399.97607421875
100000000000000000000003,1,922625000,0,-48,3.36862181019687,0,0,0.640056030273437,1.63,0,-5399.97607421875
100000000000000000000005,1,922625000,0,-66,1.79782548340197,0,0,0.640056030273437,1.63,0,-5399.97607421875
100000000000000000000004,1,922625000,0,-48.5,3.82268012341102,0,0,0.640056030273437,1.63,0,-5399.97607421875
100000000000000000000002,1,922625000,0,-45,1.90827210012974,0,0,0.640056030273437,1.63,0,-5399.97607421875
100000000000000000000000,1,922625000,0,-53.5,4.90873852123405,0,0,0.640056030273437,1.63,0,-5399.97607421875
100000000000000000000002,1,922625000,0,-45,1.9021361769782,0,0,0.640056030273437,1.63,0,-5399.97607421875
100000000000000000000005,1,922625000,0,-65.5,1.72419440558346,0,0,0.640056030273437,1.63,0,-5399.97607421875
100000000000000000000003,1,922625000,0,-48,3.3870295796515,0,0,0.640056030273437,1.63,0,-5399.97607421875
100000000000000000000001,1,922625000,0,-49,6.27704938402804,0,0,0.640056030273437,1.63,0,-5399.97607421875
100000000000000000000004,1,922625000,0,-48.5,3.80427235395639,0,0,0.640056030273437,1.63,0,-5399.97607421875
100000000000000000000000,1,922625000,0,-54,4.87805890547634,0,0,0.640056030273437,1.63,0,-5399.97607421875
100000000000000000000003,1,922625000,0,-48,3.36862181019687,0,0,0.640056030273437,1.63,0,-5399.97607421875
100000000000000000000000,1,922625000,0,-53.5,4.87805890547634,0,0,0.640056030273437,1.63,0,-5399.97607421875
100000000000000000000002,1,922625000,0,-45,1.9021361769782,0,0,0.640056030273437,1.63,0,-5399.97607421875
100000000000000000000004,1,922625000,0,-48.5,3.84722381601719,0,0,0.640056030273437,1.63,0,-5399.97607421875
100000000000000000000001,1,922625000,0,-48.5,0.0245436926061702,0,0,0.640056030273437,1.63,0,-5399.97607421875
100000000000000000000005,1,922625000,0,-66,1.79168956025043,0,0,0.640056030273437,1.63,0,-5399.97607421875
100000000000000000000004,1,922625000,0,-48.5,3.81040827710793,0,0,0.640056030273437,1.63,0,-5399.97607421875
100000000000000000000001,1,922625000,0,-48.5,6.27704938402804,0,0,0.640056030273437,1.63,0,-5399.97607421875
100000000000000000000002,1,922625000,0,-45,1.92054394643282,0,0,0.640056030273437,1.63,0,-5399.97607421875
100000000000000000000003,1,922625000,0,-48,3.37475773334841,0,0,0.640056030273437,1.63,0,-5399.97607421875
100000000000000000000005,1,922625000,0,-66,1.7732817907958,0,0,0.640056030273437,1.63,0,-5399.97607421875
100000000000000000000000,1,922625000,0,-53.5,4.92101036753714,0,0,0.640056030273437,1.63,0,-5399.97607421875
100000000000000000000002,1,922625000,0,-45,1.95122356219054,0,0,0.640056030273437,1.63,0,-5399.97607421875
100000000000000000000003,1,922625000,0,-48,3.36248588704533,0,0,0.640056030273437,1.63,0,-5399.97607421875
100000000000000000000000,1,922625000,0,-53.5,4.92101036753714,0,0,0.640056030273437,1.63,0,-5399.97607421875
100000000000000000000004,1,922625000,0,-48.5,3.84722381601719,0,0,0.640056030273437,1.63,0,-5399.97607421875
100000000000000000000001,1,922625000,0,-48.5,0.00613592315154232,0,0,0.640056030273437,1.63,0,-5399.97607421875
100000000000000000000005,1,922625000,0,-65.5,1.58920409624952,0,0,0.640056030273437,1.63,0,-5399.97607421875
100000000000000000000005,1,922625000,0,-66.5,1.84077694546277,0,0,0.640056030273437,1.63,0,-5399.97607421875
100000000000000000000002,1,922625000,0,-45,1.92667986958437,0,0,0.640056030273437,1.63,0,-5399.97607421875
100000000000000000000000,1,922625000,0,-53.5,4.89646667493097,0,0,0.640056030273437,1.63,0,-5399.97607421875
100000000000000000000001,1,922625000,0,-48.5,6.27704938402804,0,0,0.640056030273437,1.63,0,-5399.97607421875
100000000000000000000003,1,922625000,0,-48,3.36248588704533,0,0,0.640056030273437,1.63,0,-5399.97607421875
100000000000000000000004,1,922625000,0,-48.5,3.81040827710793,0,0,0.640056030273437,1.63,0,-5399.97607421875
100000000000000000000000,1,922625000,0,-54,4.90260259808251,0,0,0.640056030273437,1.63,0,-5399.97607421875
100000000000000000000005,1,922625000,0,-65.5,1.70578663612883,0,0,0.640056030273437,1.63,0,-5399.97607421875
100000000000000000000002,1,922625000,0,-45,1.88986433067511,0,0,0.640056030273437,1.63,0,-5399.97607421875
100000000000000000000001,1,922625000,0,-48.5,6.28318530717959,0,0,0.640056030273437,1.63,0,-5399.97607421875
100000000000000000000003,1,922625000,0,-48,3.36248588704533,0,0,0.640056030273437,1.63,0,-5399.97607421875
100000000000000000000004,1,922625000,0,-48.5,3.84108789286565,0,0,0.640056030273437,1.63,0,-5399.97607421875
100000000000000000000002,1,922625000,0,-45,1.93895171588745,0,0,0.640056030273437,1.63,0,-5399.97607421875
100000000000000000000003,1,922625000,0,-48,3.36248588704533,0,0,0.640056030273437,1.63,0,-5399.97607421875
100000000000000000000005,1,922625000,0,-65.5,1.74873809818963,0,0,0.640056030273437,1.63,0,-5399.97607421875
100000000000000000000001,1,922625000,0,-48.5,0.00613592315154232,0,0,0.640056030273437,1.63,0,-5399.97607421875
100000000000000000000004,1,922625000,0,-48.5,3.82268012341102,0,0,0.640056030273437,1.63,0,-5399.97607421875
100000000000000000000000,1,922625000,0,-53.5,4.89646667493097,0,0,0.640056030273437,1.63,0,-5399.97607421875
100000000000000000000004,1,922625000,0,-48.5,3.81040827710793,0,0,0.640056030273437,1.63,0,-5399.97607421875
100000000000000000000001,1,922625000,0,-48.5,6.27704938402804,0,0,0.640056030273437,1.63,0,-5399.97607421875
100000000000000000000002,1,922625000,0,-45,1.91440802328128,0,0,0.640056030273437,1.63,0,-5399.97607421875
100000000000000000000000,1,922625000,0,-53.5,4.93328221384022,0,0,0.640056030273437,1.63,0,-5399.97607421875
100000000000000000000005,1,922625000,0,-65.5,1.86532063806894,0,0,0.640056030273437,1.63,0,-5399.97607421875
100000000000000000000003,1,922625000,0,-48,3.3440781175907,0,0,0.640056030273437,1.63,0,-5399.97607421875
100000000000000000000001,1,922625000,0,-48.5,6.28318530717959,0,0,0.640056030273437,1.63,0,-5399.97607421875
100000000000000000000002,1,922625000,0,-45,1.92054394643282,0,0,0.640056030273437,1.63,0,-5399.97607421875
100000000000000000000003,1,922625000,0,-48,3.39316550280304,0,0,0.640056030273437,1.63,0,-5399.97607421875
100000000000000000000004,1,922625000,0,-48.5,3.82268012341102,0,0,0.640056030273437,1.63,0,-5399.97607421875
100000000000000000000005,1,922625000,0,-66,1.730330328735,0,0,0.640056030273437,1.63,0,-5399.97607421875
100000000000000000000000,1,922625000,0,-53.5,4.89033075177942,0,0,0.640056030273437,1.63,0,-5399.97607421875
100000000000000000000003,1,922625000,0,-48,3.35021404074224,0,0,0.640056030273437,1.63,0,-5399.97607421875
100000000000000000000004,1,922625000,0,-48.5,3.8349519697141,0,0,0.640056030273437,1.63,0,-5399.97607421875
100000000000000000000002,1,922625000,0,-45,1.93281579273591,0,0,0.640056030273437,1.63,0,-5399.97607421875
100000000000000000000000,1,922625000,0,-53.5,4.8719229823248,0,0,0.640056030273437,1.63,0,-5399.97607421875
100000000000000000000001,1,922625000,0,-48.5,6.27704938402804,0,0,0.640056030273437,1.63,0,-5399.97607421875
100000000000000000000005,1,922625000,0,-65.5,1.73646625188655,0,0,0.640056030273437,1.63,0,-5399.97607421875
100000000000000000000001,1,922625000,0,-48.5,6.28318530717959,0,0,0.640056030273437,1.63,0,-5399.97607421875
100000000000000000000003,1,922625000,0,-48,3.36248588704533,0,0,0.640056030273437,1.63,0,-5399.97607421875
100000000000000000000002,1,922625000,0,-45,1.91440802328128,0,0,0.640056030273437,1.63,0,-5399.97607421875
100000000000000000000004,1,922625000,0,-48.5,3.82268012341102,0,0,0.640056030273437,1.63,0,-5399.97607421875
100000000000000000000005,1,922625000,0,-66,1.77941771394734,0,0,0.640056030273437,1.63,0,-5399.97607421875
100000000000000000000000,1,922625000,0,-53.5,4.90873852123405,0,0,0.640056030273437,1.63,0,-5399.97607421875
100000000000000000000005,1,922625000,0,-66,1.65056332776495,0,0,0.640056030273437,1.63,0,-5399.97607421875
100000000000000000000002,1,922625000,0,-45,1.90827210012974,0,0,0.640056030273437,1.63,0,-5399.97607421875
100000000000000000000001,1,922625000,0,-48.5,6.27704938402804,0,0,0.640056030273437,1.63,0,-5399.97607421875
100000000000000000000004,1,922625000,0,-48.5,3.82268012341102,0,0,0.640056030273437,1.63,0,-5399.97607421875
100000000000000000000003,1,922625000,0,-48,3.38089365649995,0,0,0.640056030273437,1.63,0,-5399.97607421875
100000000000000000000000,1,922625000,0,-53.5,4.87805890547634,0,0,0.640056030273437,1.63,0,-5399.97607421875
100000000000000000000003,1,922625000,0,-48,3.35634996389378,0,0,0.640056030273437,1.63,0,-5399.97607421875
100000000000000000000004,1,922625000,0,-48.5,3.85335973916873,0,0,0.640056030273437,1.63,0,-5399.97607421875
100000000000000000000005,1,922625000,0,-66,1.74260217503809,0,0,0.640056030273437,1.63,0,-5399.97607421875
100000000000000000000001,1,922625000,0,-49,0.0122718463030855,0,0,0.640056030273437,1.63,0,-5399.97607421875
100000000000000000000000,1,922625000,0,-53.5,4.91487444438559,0,0,0.640056030273437,1.63,0,-5399.97607421875
100000000000000000000002,1,922625000,0,-45,1.88372840752357,0,0,0.640056030273437,1.63,0,-5399.97607421875
100000000000000000000003,1,922625000,0,-48,3.35634996389378,0,0,0.640056030273437,1.63,0,-5399.97607421875
100000000000000000000002,1,922625000,0,-45,1.9021361769782,0,0,0.640056030273437,1.63,0,-5399.97607421875
100000000000000000000005,1,922625000,0,-65.5,1.69351478982575,0,0,0.640056030273437,1.63,0,-5399.97607421875
100000000000000000000001,1,922625000,0,-48.5,6.28318530717959,0,0,0.640056030273437,1.63,0,-5399.97607421875
100000000000000000000004,1,922625000,0,-48.5,3.80427235395639,0,0,0.640056030273437,1.63,0,-5399.97607421875
100000000000000000000000,1,922625000,0,-53.5,4.8719229823248,0,0,0.640056030273437,1.63,0,-5399.97607421875
100000000000000000000000,1,922625000,0,-53.5,4.94555406014331,0,0,0.640056030273437,1.63,0,-5399.97607421875
100000000000000000000004,1,922625000,0,-48.5,3.82881604656256,0,0,0.640056030273437,1.63,0,-5399.97607421875
100000000000000000000002,1,922625000,0,-45,1.91440802328128,0,0,0.640056030273437,1.63,0,-5399.97607421875
100000000000000000000003,1,922625000,0,-48,3.36862181019687,0,0,0.640056030273437,1.63,0,-5399.97607421875
100000000000000000000001,1,922625000,0,-48.5,6.28318530717959,0,0,0.640056030273437,1.63,0,-5399.97607421875
100000000000000000000005,1,922625000,0,-66,1.81009732970506,0,0,0.640056030273437,1.63,0,-5399.97607421875
100000000000000000000005,1,922625000,0,-66,1.78555363709889,0,0,0.640056030273437,1.63,0,-5399.97607421875
100000000000000000000002,1,922625000,0,-45,1.92667986958437,0,0,0.640056030273437,1.63,0,-5399.97607421875
100000000000000000000000,1,922625000,0,-53.5,4.91487444438559,0,0,0.640056030273437,1.63,0,-5399.97607421875
100000000000000000000004,1,922625000,0,-48.5,3.82881604656256,0,0,0.640056030273437,1.63,0,-5399.97607421875
100000000000000000000003,1,922625000,0,-48,3.36248588704533,0,0,0.640056030273437,1.63,0,-5399.97607421875
100000000000000000000001,1,922625000,0,-48.5,0.0122718463030855,0,0,0.640056030273437,1.63,0,-5399.97607421875
100000000000000000000005,1,922625000,0,-66,1.73646625188655,0,0,0.640056030273437,1.63,0,-5399.97607421875
100000000000000000000001,1,922625000,0,-48.5,0.0122718463030855,0,0,0.640056030273437,1.63,0,-5399.97607421875
100000000000000000000000,1,922625000,0,-53.5,4.89646667493097,0,0,0.640056030273437,1.63,0,-5399.97607421875
100000000000000000000002,1,922625000,0,-45,1.89600025382665,0,0,0.640056030273437,1.63,0,-5399.97607421875
100000000000000000000003,1,922625000,0,-48,3.36248588704533,0,0,0.640056030273437,1.63,0,-5399.97607421875
100000000000000000000004,1,922625000,0,-48.5,3.80427235395639,0,0,0.640056030273437,1.63,0,-5399.97607421875
100000000000000000000003,1,922625000,0,-48,3.36248588704533,0,0,0.640056030273437,1.63,0,-5399.97607421875
100000000000000000000000,1,922625000,0,-53.5,4.92101036753714,0,0,0.640056030273437,1.63,0,-5399.97607421875
100000000000000000000001,1,922625000,0,-48.5,6.27704938402804,0,0,0.640056030273437,1.63,0,-5399.97607421875
100000000000000000000002,1,922625000,0,-45,1.92054394643282,0,0,0.640056030273437,1.63,0,-5399.97607421875
100000000000000000000004,1,922625000,0,-48.5,3.82268012341102,0,0,0.640056030273437,1.63,0,-5399.97607421875
100000000000000000000005,1,922625000,0,-65.5,1.730330328735,0,0,0.640056030273437,1.63,0,-5399.97607421875
100000000000000000000001,1,922625000,0,-49,6.2709134608765,0,0,0.640056030273437,1.63,0,-5399.97607421875
100000000000000000000002,1,922625000,0,-45,1.91440802328128,0,0,0.640056030273437,1.63,0,-5399.97607421875
100000000000000000000003,1,922625000,0,-48,3.36862181019687,0,0,0.640056030273437,1.63,0,-5399.97607421875
100000000000000000000000,1,922625000,0,-53.5,4.90260259808251,0,0,0.640056030273437,1.63,0,-5399.97607421875
100000000000000000000005,1,922625000,0,-65.5,1.84077694546277,0,0,0.640056030273437,1.63,0,-5399.97607421875
100000000000000000000004,1,922625000,0,-48.5,3.81040827710793,0,0,0.640056030273437,1.63,0,-5399.97607421875
100000000000000000000004,1,922625000,0,-48.5,3.81654420025948,0,0,0.640056030273437,1.63,0,-5399.97607421875
100000000000000000000001,1,922625000,0,-48.5,0.0184077694546279,0,0,0.640056030273437,1.63,0,-5399.97607421875
100000000000000000000000,1,922625000,0,-53.5,4.87805890547634,0,0,0.640056030273437,1.63,0,-5399.97607421875
100000000000000000000003,1,922625000,0,-48,3.3870295796515,0,0,0.640056030273437,1.63,0,-5399.97607421875
100000000000000000000002,1,922625000,0,-45,1.92054394643282,0,0,0.640056030273437,1.63,0,-5399.97607421875
100000000000000000000005,1,922625000,0,-66,1.76100994449272,0,0,0.640056030273437,1.63,0,-5399.97607421875
100000000000000000000005,1,922625000,0,-65.5,1.80396140655351,0,0,0.640056030273437,1.63,0,-5399.97607421875
100000000000000000000003,1,922625000,0,-48,3.3440781175907,0,0,0.640056030273437,1.63,0,-5399.97607421875
100000000000000000000002,1,922625000,0,-45,1.90827210012974,0,0,0.640056030273437,1.63,0,-5399.97607421875
100000000000000000000001,1,922625000,0,-48.5,6.28318530717959,0,0,0.640056030273437,1.63,0,-5399.97607421875
100000000000000000000004,1,922625000,0,-48.5,3.84722381601719,0,0,0.640056030273437,1.63,0,-5399.97607421875
100000000000000000000000,1,922625000,0,-53.5,4.92101036753714,0,0,0.640056030273437,1.63,0,-5399.97607421875
100000000000000000000002,1,922625000,0,-45,1.93895171588745,0,0,0.640056030273437,1.63,0,-5399.97607421875
100000000000000000000000,1,922625000,0,-53.5,4.90260259808251,0,0,0.640056030273437,1.63,0,-5399.97607421875
100000000000000000000005,1,922625000,0,-65.5,1.76100994449272,0,0,0.640056030273437,1.63,0,-5399.97607421875
100000000000000000000003,1,922625000,0,-48,3.36248588704533,0,0,0.640056030273437,1.63,0,-5399.97607421875
100000000000000000000004,1,922625000,0,-48.5,3.8349519697141,0,0,0.640056030273437,1.63,0,-5399.97607421875
100000000000000000000001,1,922625000,0,-48.5,6.28318530717959,0,0,0.640056030273437,1.63,0,-5399.97607421875
100000000000000000000000,1,922625000,0,-53.5,4.89646667493097,0,0,0.640056030273437,1.63,0,-5399.97607421875
100000000000000000000004,1,922625000,0,-48.5,3.81654420025948,0,0,0.640056030273437,1.63,0,-5399.97607421875
100000000000000000000001,1,922625000,0,-48.5,6.27704938402804,0,0,0.640056030273437,1.63,0,-5399.97607421875
100000000000000000000003,1,922625000,0,-48,3.38089365649995,0,0,0.640056030273437,1.63,0,-5399.97607421875
100000000000000000000002,1,922625000,0,-45,1.91440802328128,0,0,0.640056030273437,1.63,0,-5399.97607421875
100000000000000000000005,1,922625000,0,-65.5,1.8162332528566,0,0,0.640056030273437,1.63,0,-5399.97607421875
100000000000000000000002,1,922625000,0,-45,1.9021361769782,0,0,0.640056030273437,1.63,0,-5399.97607421875
100000000000000000000003,1,922625000,0,-48,3.36248588704533,0,0,0.640056030273437,1.63,0,-5399.97607421875
100000000000000000000001,1,922625000,0,-48.5,6.28318530717959,0,0,0.640056030273437,1.63,0,-5399.97607421875
100000000000000000000005,1,922625000,0,-65.5,1.58306817309798,0,0,0.640056030273437,1.63,0,-5399.97607421875
100000000000000000000004,1,922625000,0,-48.5,3.82881604656256,0,0,0.640056030273437,1.63,0,-5399.97607421875
100000000000000000000000,1,922625000,0,-53.5,4.91487444438559,0,0,0.640056030273437,1.63,0,-5399.97607421875
100000000000000000000001,1,922625000,0,-48.5,6.27704938402804,0,0,0.640056030273437,1.63,0,-5399.97607421875
100000000000000000000004,1,922625000,0,-48.5,3.8349519697141,0,0,0.640056030273437,1.63,0,-5399.97607421875
100000000000000000000003,1,922625000,0,-48,3.35634996389378,0,0,0.640056030273437,1.63,0,-5399.97607421875
100000000000000000000002,1,922625000,0,-45,1.93281579273591,0,0,0.640056030273437,1.63,0,-5399.97607421875
100000000000000000000000,1,922625000,0,-53.5,4.93328221384022,0,0,0.640056030273437,1.63,0,-5399.97607421875
100000000000000000000005,1,922625000,0,-65.5,1.84077694546277,0,0,0.640056030273437,1.63,0,-5399.97607421875
100000000000000000000001,1,922625000,0,-48.5,6.28318530717959,0,0,0.640056030273437,1.63,0,-5399.97607421875
100000000000000000000005,1,922625000,0,-66,1.67510702037112,0,0,0.640056030273437,1.63,0,-5399.97607421875
100000000000000000000004,1,922625000,0,-48.5,3.81040827710793,0,0,0.640056030273437,1.63,0,-5399.97607421875
100000000000000000000003,1,922625000,0,-48,3.36862181019687,0,0,0.640056030273437,1.63,0,-5399.97607421875
100000000000000000000002,1,922625000,0,-45,1.9021361769782,0,0,0.640056030273437,1.63,0,-5399.97607421875
100000000000000000000000,1,922625000,0,-53.5,4.93328221384022,0,0,0.640056030273437,1.63,0,-5399.97607421875
100000000000000000000002,1,922625000,0,-45,1.9021361769782,0,0,0.640056030273437,1.63,0,-5399.97607421875
100000000000000000000000,1,922625000,0,-53.5,4.86578705917325,0,0,0.640056030273437,1.63,0,-5399.97607421875
100000000000000000000004,1,922625000,0,-48.5,3.8349519697141,0,0,0.640056030273437,1.63,0,-5399.97607421875
100000000000000000000005,1,922625000,0,-66,1.74873809818963,0,0,0.640056030273437,1.63,0,-5399.97607421875
100000000000000000000003,1,922625000,0,-48,3.3440781175907,0,0,0.640056030273437,1.63,0,-5399.97607421875
100000000000000000000001,1,922625000,0,-48.5,0.0122718463030855,0,0,0.640056030273437,1.63,0,-5399.97607421875
100000000000000000000003,1,922625000,0,-48,3.3440781175907,0,0,0.640056030273437,1.63,0,-5399.97607421875
100000000000000000000000,1,922625000,0,-53.5,4.92101036753714,0,0,0.640056030273437,1.63,0,-5399.97607421875
100000000000000000000002,1,922625000,0,-45,1.9021361769782,0,0,0.640056030273437,1.63,0,-5399.97607421875
100000000000000000000004,1,922625000,0,-48.5,3.81040827710793,0,0,0.640056030273437,1.63,0,-5399.97607421875
100000000000000000000001,1,922625000,0,-48.5,0.0122718463030855,0,0,0.640056030273437,1.63,0,-5399.97607421875
100000000000000000000005,1,922625000,0,-66,1.7732817907958,0,0,0.640056030273437,1.63,0,-5399.97607421875
100000000000000000000002,1,922625000,0,-45,1.91440802328128,0,0,0.640056030273437,1.63,0,-5399.97607421875
100000000000000000000000,1,922625000,0,-53.5,4.90873852123405,0,0,0.640056030273437,1.63,0,-5399.97607421875
100000000000000000000005,1,922625000,0,-66,1.68124294352266,0,0,0.640056030273437,1.63,0,-5399.97607421875
100000000000000000000004,1,922625000,0,-48.5,3.81040827710793,0,0,0.640056030273437,1.63,0,-5399.97607421875
100000000000000000000003,1,922625000,0,-48,3.36248588704533,0,0,0.640056030273437,1.63,0,-5399.97607421875
100000000000000000000001,1,922625000,0,-48.5,0.00613592315154232,0,0,0.640056030273437,1.63,0,-5399.97607421875
100000000000000000000004,1,922625000,0,-48.5,3.84722381601719,0,0,0.640056030273437,1.63,0,-5399.97607421875
100000000000000000000002,1,922625000,0,-45,1.92054394643282,0,0,0.640056030273437,1.63,0,-5399.97607421875
100000000000000000000003,1,922625000,0,-48,3.3870295796515,0,0,0.640056030273437,1.63,0,-5399.97607421875
100000000000000000000001,1,922625000,0,-48.5,0.0184077694546279,0,0,0.640056030273437,1.63,0,-5399.97607421875
100000000000000000000000,1,922625000,0,-53.5,4.88419482862788,0,0,0.640056030273437,1.63,0,-5399.97607421875
100000000000000000000005,1,922625000,0,-66,1.72419440558346,0,0,0.640056030273437,1.63,0,-5399.97607421875
100000000000000000000002,1,922625000,0,-45,1.9021361769782,0,0,0.640056030273437,1.63,0,-5399.97607421875
100000000000000000000004,1,922625000,0,-48.5,3.82268012341102,0,0,0.640056030273437,1.63,0,-5399.97607421875
100000000000000000000003,1,922625000,0,-48,3.35021404074224,0,0,0.640056030273437,1.63,0,-5399.97607421875
100000000000000000000000,1,922625000,0,-53.5,4.91487444438559,0,0,0.640056030273437,1.63,0,-5399.97607421875
100000000000000000000001,1,922625000,0,-48.5,0.0184077694546279,0,0,0.640056030273437,1.63,0,-5399.97607421875
100000000000000000000005,1,922625000,0,-66,1.81009732970506,0,0,0.640056030273437,1.63,0,-5399.97607421875
100000000000000000000005,1,922625000,0,-65.5,1.68737886667421,0,0,0.640056030273437,1.63,0,-5399.97607421875
100000000000000000000000,1,922625000,0,-53.5,4.90260259808251,0,0,0.640056030273437,1.63,0,-5399.97607421875
100000000000000000000004,1,922625000,0,-48.5,3.84722381601719,0,0,0.640056030273437,1.63,0,-5399.97607421875
100000000000000000000002,1,922625000,0,-45,1.91440802328128,0,0,0.640056030273437,1.63,0,-5399.97607421875
100000000000000000000001,1,922625000,0,-48.5,0.0184077694546279,0,0,0.640056030273437,1.63,0,-5399.97607421875
100000000000000000000003,1,922625000,0,-48,3.37475773334841,0,0,0.640056030273437,1.63,0,-5399.97607421875
100000000000000000000003,1,922625000,0,-48,3.38089365649995,0,0,0.640056030273437,1.63,0,-5399.97607421875
100000000000000000000002,1,922625000,0,-45,1.93281579273591,0,0,0.640056030273437,1.63,0,-5399.97607421875
100000000000000000000000,1,922625000,0,-53.5,4.92101036753714,0,0,0.640056030273437,1.63,0,-5399.97607421875
100000000000000000000004,1,922625000,0,-48.5,3.80427235395639,0,0,0.640056030273437,1.63,0,-5399.97607421875
100000000000000000000001,1,922625000,0,-49,0.00613592315154232,0,0,0.640056030273437,1.63,0,-5399.97607421875
100000000000000000000005,1,922625000,0,-65.5,1.73646625188655,0,0,0.640056030273437,1.63,0,-5399.97607421875
100000000000000000000000,1,922625000,0,-53.5,4.92714629068868,0,0,0.640056030273437,1.63,0,-5399.97607421875
100000000000000000000003,1,922625000,0,-48,3.37475773334841,0,0,0.640056030273437,1.63,0,-5399.97607421875
100000000000000000000001,1,922625000,0,-49,6.27704938402804,0,0,0.640056030273437,1.63,0,-5399.97607421875
100000000000000000000004,1,922625000,0,-48.5,3.78586458450176,0,0,0.640056030273437,1.63,0,-5399.97607421875
100000000000000000000002,1,922625000,0,-45,1.93281579273591,0,0,0.640056030273437,1.63,0,-5399.97607421875
100000000000000000000005,1,922625000,0,-65.5,1.67510702037112,0,0,0.640056030273437,1.63,0,-5399.97607421875
100000000000000000000004,1,922625000,0,-48.5,3.84108789286565,0,0,0.640056030273437,1.63,0,-5399.97607421875
100000000000000000000005,1,922625000,0,-66,1.7732817907958,0,0,0.640056030273437,1.63,0,-5399.97607421875
100000000000000000000000,1,922625000,0,-53.5,4.91487444438559,0,0,0.640056030273437,1.63,0,-5399.97607421875
100000000000000000000003,1,922625000,0,-48,3.35021404074224,0,0,0.640056030273437,1.63,0,-5399.97607421875
100000000000000000000001,1,922625000,0,-48.5,0.0184077694546279,0,0,0.640056030273437,1.63,0,-5399.97607421875
100000000000000000000002,1,922625000,0,-45,1.92667986958437,0,0,0.640056030273437,1.63,0,-5399.97607421875
100000000000000000000002,1,922625000,0,-45,1.92667986958437,0,0,0.640056030273437,1.63,0,-5399.97607421875
100000000000000000000001,1,922625000,0,-48.5,0.0122718463030855,0,0,0.640056030273437,1.63,0,-5399.97607421875
100000000000000000000004,1,922625000,0,-48.5,3.8349519697141,0,0,0.640056030273437,1.63,0,-5399.97607421875
100000000000000000000005,1,922625000,0,-66,1.78555363709889,0,0,0.640056030273437,1.63,0,-5399.97607421875
100000000000000000000003,1,922625000,0,-48,3.38089365649995,0,0,0.640056030273437,1.63,0,-5399.97607421875
100000000000000000000000,1,922625000,0,-53.5,4.90873852123405,0,0,0.640056030273437,1.63,0,-5399.97607421875
100000000000000000000005,1,922625000,0,-65.5,1.63215555831032,0,0,0.640056030273437,1.63,0,-5399.97607421875
100000000000000000000002,1,922625000,0,-45,1.90827210012974,0,0,0.640056030273437,1.63,0,-5399.97607421875
100000000000000000000004,1,922625000,0,-48.5,3.84108789286565,0,0,0.640056030273437,1.63,0,-5399.97607421875
100000000000000000000001,1,922625000,0,-48.5,0.0122718463030855,0,0,0.640056030273437,1.63,0,-5399.97607421875
100000000000000000000003,1,922625000,0,-48,3.36862181019687,0,0,0.640056030273437,1.63,0,-5399.97607421875
100000000000000000000000,1,922625000,0,-53.5,4.91487444438559,0,0,0.640056030273437,1.63,0,-5399.97607421875
100000000000000000000001,1,922625000,0,-49,0.00613592315154232,0,0,0.640056030273437,1.63,0,-5399.97607421875
100000000000000000000004,1,922625000,0,-48.5,3.84108789286565,0,0,0.640056030273437,1.63,0,-5399.97607421875
100000000000000000000003,1,922625000,0,-48,3.35634996389378,0,0,0.640056030273437,1.63,0,-5399.97607421875
100000000000000000000000,1,922625000,0,-53.5,4.88419482862788,0,0,0.640056030273437,1.63,0,-5399.97607421875
100000000000000000000002,1,922625000,0,-45,1.93281579273591,0,0,0.640056030273437,1.63,0,-5399.97607421875
100000000000000000000005,1,922625000,0,-66,1.75487402134117,0,0,0.640056030273437,1.63,0,-5399.97607421875
100000000000000000000003,1,922625000,0,-48,3.33180627128761,0,0,0.640056030273437,1.63,0,-5399.97607421875
100000000000000000000001,1,922625000,0,-48.5,0.0184077694546279,0,0,0.640056030273437,1.63,0,-5399.97607421875
100000000000000000000005,1,922625000,0,-66,1.79168956025043,0,0,0.640056030273437,1.63,0,-5399.97607421875
100000000000000000000004,1,922625000,0,-48.5,3.85335973916873,0,0,0.640056030273437,1.63,0,-5399.97607421875
100000000000000000000000,1,922625000,0,-53.5,4.90260259808251,0,0,0.640056030273437,1.63,0,-5399.97607421875
100000000000000000000002,1,922625000,0,-45,1.90827210012974,0,0,0.640056030273437,1.63,0,-5399.97607421875
100000000000000000000002,1,922625000,0,-45,1.90827210012974,0,0,0.640056030273437,1.63,0,-5399.97607421875
100000000000000000000001,1,922625000,0,-49,0.0122718463030855,0,0,0.640056030273437,1.63,0,-5399.97607421875
100000000000000000000004,1,922625000,0,-48.5,3.82268012341102,0,0,0.640056030273437,1.63,0,-5399.97607421875
100000000000000000000003,1,922625000,0,-48,3.36248588704533,0,0,0.640056030273437,1.63,0,-5399.97607421875
100000000000000000000000,1,922625000,0,-53.5,4.94555406014331,0,0,0.640056030273437,1.63,0,-5399.97607421875
100000000000000000000005,1,922625000,0,-66,1.79782548340197,0,0,0.640056030273437,1.63,0,-5399.97607421875
100000000000000000000002,1,922625000,0,-45,1.90827210012974,0,0,0.640056030273437,1.63,0,-5399.97607421875
100000000000000000000003,1,922625000,0,-48,3.35021404074224,0,0,0.640056030273437,1.63,0,-5399.97607421875
100000000000000000000004,1,922625000,0,-48.5,3.8349519697141,0,0,0.640056030273437,1.63,0,-5399.97607421875
100000000000000000000001,1,922625000,0,-49,0.0184077694546279,0,0,0.640056030273437,1.63,0,-5399.97607421875
100000000000000000000005,1,922625000,0,-65.5,1.66897109721958,0,0,0.640056030273437,1.63,0,-5399.97607421875
100000000000000000000000,1,922625000,0,-54,4.90260259808251,0,0,0.640056030273437,1.63,0,-5399.97607421875
100000000000000000000000,1,922625000,0,-53.5,4.93941813699176,0,0,0.640056030273437,1.63,0,-5399.97607421875
100000000000000000000005,1,922625000,0,-65.5,1.76714586764426,0,0,0.640056030273437,1.63,0,-5399.97607421875
100000000000000000000003,1,922625000,0,-48,3.36862181019687,0,0,0.640056030273437,1.63,0,-5399.97607421875
100000000000000000000001,1,922625000,0,-48.5,0.0122718463030855,0,0,0.640056030273437,1.63,0,-5399.97607421875
100000000000000000000002,1,922625000,0,-45,1.91440802328128,0,0,0.640056030273437,1.63,0,-5399.97607421875
100000000000000000000004,1,922625000,0,-48.5,3.84108789286565,0,0,0.640056030273437,1.63,0,-5399.97607421875
100000000000000000000003,1,922625000,0,-48,3.35634996389378,0,0,0.640056030273437,1.63,0,-5399.97607421875
100000000000000000000001,1,922625000,0,-48.5,0.0245436926061702,0,0,0.640056030273437,1.63,0,-5399.97607421875
100000000000000000000004,1,922625000,0,-48.5,3.8349519697141,0,0,0.640056030273437,1.63,0,-5399.97607421875
100000000000000000000005,1,922625000,0,-66,1.76714586764426,0,0,0.640056030273437,1.63,0,-5399.97607421875
100000000000000000000002,1,922625000,0,-45,1.93281579273591,0,0,0.640056030273437,1.63,0,-5399.97607421875
100000000000000000000000,1,922625000,0,-53.5,4.90873852123405,0,0,0.640056030273437,1.63,0,-5399.97607421875
100000000000000000000003,1,922625000,0,-48,3.35021404074224,0,0,0.640056030273437,1.63,0,-5399.97607421875
100000000000000000000002,1,922625000,0,-45,1.92054394643282,0,0,0.640056030273437,1.63,0,-5399.97607421875
100000000000000000000001,1,922625000,0,-49,6.27704938402804,0,0,0.640056030273437,1.63,0,-5399.97607421875
100000000000000000000000,1,922625000,0,-53.5,4.90260259808251,0,0,0.640056030273437,1.63,0,-5399.97607421875
100000000000000000000005,1,922625000,0,-66,1.69965071297729,0,0,0.640056030273437,1.63,0,-5399.97607421875
100000000000000000000004,1,922625000,0,-48.5,3.82268012341102,0,0,0.640056030273437,1.63,0,-5399.97607421875
100000000000000000000003,1,922625000,0,-48,3.36248588704533,0,0,0.640056030273437,1.63,0,-5399.97607421875
100000000000000000000001,1,922625000,0,-49,0.0184077694546279,0,0,0.640056030273437,1.63,0,-5399.97607421875
100000000000000000000002,1,922625000,0,-45,1.9021361769782,0,0,0.640056030273437,1.63,0,-5399.97607421875
100000000000000000000000,1,922625000,0,-53.5,4.85965113602171,0,0,0.640056030273437,1.63,0,-5399.97607421875
100000000000000000000004,1,922625000,0,-48.5,3.81040827710793,0,0,0.640056030273437,1.63,0,-5399.97607421875
100000000000000000000005,1,922625000,0,-66.5,1.67510702037112,0,0,0.640056030273437,1.63,0,-5399.97607421875
100000000000000000000005,1,922625000,0,-65.5,1.72419440558346,0,0,0.640056030273437,1.63,0,-5399.97607421875
100000000000000000000001,1,922625000,0,-49,6.28318530717959,0,0,0.640056030273437,1.63,0,-5399.97607421875
100000000000000000000002,1,922625000,0,-45,1.92054394643282,0,0,0.640056030273437,1.63,0,-5399.97607421875
100000000000000000000003,1,922625000,0,-48,3.36248588704533,0,0,0.640056030273437,1.63,0,-5399.97607421875
100000000000000000000004,1,922625000,0,-48.5,3.85335973916873,0,0,0.640056030273437,1.63,0,-5399.97607421875
100000000000000000000000,1,922625000,0,-53.5,4.91487444438559,0,0,0.640056030273437,1.63,0,-5399.97607421875
100000000000000000000000,1,922625000,0,-53.5,4.95168998329485,0,0,0.640056030273437,1.63,0,-5399.97607421875
100000000000000000000005,1,922625000,0,-65.5,1.79782548340197,0,0,0.640056030273437,1.63,0,-5399.97607421875
100000000000000000000002,1,922625000,0,-45,1.91440802328128,0,0,0.640056030273437,1.63,0,-5399.97607421875
100000000000000000000003,1,922625000,0,-48,3.38089365649995,0,0,0.640056030273437,1.63,0,-5399.97607421875
100000000000000000000004,1,922625000,0,-48.5,3.84108789286565,0,0,0.640056030273437,1.63,0,-5399.97607421875
100000000000000000000001,1,922625000,0,-49,0.0122718463030855,0,0,0.640056030273437,1.63,0,-5399.97607421875
100000000000000000000002,1,922625000,0,-45,1.90827210012974,0,0,0.640056030273437,1.63,0,-5399.97607421875
100000000000000000000001,1,922625000,0,-49,6.28318530717959,0,0,0.640056030273437,1.63,0,-5399.97607421875
100000000000000000000000,1,922625000,0,-53.5,4.93328221384022,0,0,0.640056030273437,1.63,0,-5399.97607421875
100000000000000000000003,1,922625000,0,-48,3.36248588704533,0,0,0.640056030273437,1.63,0,-5399.97607421875
100000000000000000000004,1,922625000,0,-48.5,3.82268012341102,0,0,0.640056030273437,1.63,0,-5399.97607421875
100000000000000000000005,1,922625000,0,-66,1.63215555831032,0,0,0.640056030273437,1.63,0,-5399.97607421875
100000000000000000000001,1,922625000,0,-49,0.0122718463030855,0,0,0.640056030273437,1.63,0,-5399.97607421875
100000000000000000000005,1,922625000,0,-65.5,1.65056332776495,0,0,0.640056030273437,1.63,0,-5399.97607421875
100000000000000000000002,1,922625000,0,-45,1.90827210012974,0,0,0.640056030273437,1.63,0,-5399.97607421875
100000000000000000000004,1,922625000,0,-48.5,3.8349519697141,0,0,0.640056030273437,1.63,0,-5399.97607421875
100000000000000000000000,1,922625000,0,-53.5,4.89646667493097,0,0,0.640056030273437,1.63,0,-5399.97607421875
100000000000000000000003,1,922625000,0,-48,3.36248588704533,0,0,0.640056030273437,1.63,0,-5399.97607421875
100000000000000000000003,1,922625000,0,-48,3.35634996389378,0,0,0.640056030273437,1.63,0,-5399.97607421875
100000000000000000000005,1,922625000,0,-65.5,1.67510702037112,0,0,0.640056030273437,1.63,0,-5399.97607421875
100000000000000000000004,1,922625000,0,-48.5,3.84108789286565,0,0,0.640056030273437,1.63,0,-5399.97607421875
100000000000000000000000,1,922625000,0,-53.5,4.90873852123405,0,0,0.640056030273437,1.63,0,-5399.97607421875
100000000000000000000002,1,922625000,0,-45,1.91440802328128,0,0,0.640056030273437,1.63,0,-5399.97607421875
100000000000000000000001,1,922625000,0,-49,0.0184077694546279,0,0,0.640056030273437,1.63,0,-5399.97607421875
100000000000000000000001,1,922625000,0,-49,0.0122718463030855,0,0,0.640056030273437,1.63,0,-5399.97607421875
100000000000000000000003,1,922625000,0,-48,3.33794219443916,0,0,0.640056030273437,1.63,0,-5399.97607421875
100000000000000000000000,1,922625000,0,-54,4.92714629068868,0,0,0.640056030273437,1.63,0,-5399.97607421875
100000000000000000000004,1,922625000,0,-48.5,3.8349519697141,0,0,0.640056030273437,1.63,0,-5399.97607421875
100000000000000000000002,1,922625000,0,-45,1.91440802328128,0,0,0.640056030273437,1.63,0,-5399.97607421875
100000000000000000000005,1,922625000,0,-65.5,1.730330328735,0,0,0.640056030273437,1.63,0,-5399.97607421875
100000000000000000000005,1,922625000,0,-65.5,1.82850509915968,0,0,0.640056030273437,1.63,0,-5399.97607421875
100000000000000000000004,1,922625000,0,-48.5,3.81654420025948,0,0,0.640056030273437,1.63,0,-5399.97607421875
100000000000000000000003,1,922625000,0,-48,3.35021404074224,0,0,0.640056030273437,1.63,0,-5399.97607421875
100000000000000000000001,1,922625000,0,-49,6.2709134608765,0,0,0.640056030273437,1.63,0,-5399.97607421875
100000000000000000000002,1,922625000,0,-45,1.9021361769782,0,0,0.640056030273437,1.63,0,-5399.97607421875
100000000000000000000000,1,922625000,0,-53.5,4.93328221384022,0,0,0.640056030273437,1.63,0,-5399.97607421875
100000000000000000000001,1,922625000,0,-49,0.00613592315154232,0,0,0.640056030273437,1.63,0,-5399.97607421875
100000000000000000000004,1,922625000,0,-48.5,3.8349519697141,0,0,0.640056030273437,1.63,0,-5399.97607421875
100000000000000000000005,1,922625000,0,-65.5,1.74873809818963,0,0,0.640056030273437,1.63,0,-5399.97607421875
100000000000000000000000,1,922625000,0,-53.5,4.91487444438559,0,0,0.640056030273437,1.63,0,-5399.97607421875
100000000000000000000002,1,922625000,0,-45,1.91440802328128,0,0,0.640056030273437,1.63,0,-5399.97607421875
100000000000000000000003,1,922625000,0,-48,3.36248588704533,0,0,0.640056030273437,1.63,0,-5399.97607421875
100000000000000000000002,1,922625000,0,-45,1.90827210012974,0,0,0.640056030273437,1.63,0,-5399.97607421875
100000000000000000000004,1,922625000,0,-48.5,3.82268012341102,0,0,0.640056030273437,1.63,0,-5399.97607421875
100000000000000000000005,1,922625000,0,-65.5,1.63829148146186,0,0,0.640056030273437,1.63,0,-5399.97607421875
100000000000000000000000,1,922625000,0,-53.5,4.94555406014331,0,0,0.640056030273437,1.63,0,-5399.97607421875
100000000000000000000003,1,922625000,0,-48,3.35634996389378,0,0,0.640056030273437,1.63,0,-5399.97607421875
100000000000000000000001,1,922625000,0,-48.5,0.0184077694546279,0,0,0.640056030273437,1.63,0,-5399.97607421875
100000000000000000000001,1,922625000,0,-48.5,0.00613592315154232,0,0,0.640056030273437,1.63,0,-5399.97607421875
100000000000000000000002,1,922625000,0,-45,1.9021361769782,0,0,0.640056030273437,1.63,0,-5399.97607421875
100000000000000000000000,1,922625000,0,-53.5,4.90873852123405,0,0,0.640056030273437,1.63,0,-5399.97607421875
100000000000000000000003,1,922625000,0,-48,3.39930142595458,0,0,0.640056030273437,1.63,0,-5399.97607421875
100000000000000000000004,1,922625000,0,-48.5,3.8349519697141,0,0,0.640056030273437,1.63,0,-5399.97607421875
100000000000000000000005,1,922625000,0,-66,1.730330328735,0,0,0.640056030273437,1.63,0,-5399.97607421875
100000000000000000000003,1,922625000,0,-48,3.37475773334841,0,0,0.640056030273437,1.63,0,-5399.97607421875
100000000000000000000002,1,922625000,0,-45,1.90827210012974,0,0,0.640056030273437,1.63,0,-5399.97607421875
100000000000000000000001,1,922625000,0,-48.5,0.0122718463030855,0,0,0.640056030273437,1.63,0,-5399.97607421875
100000000000000000000004,1,922625000,0,-48.5,3.84108789286565,0,0,0.640056030273437,1.63,0,-5399.97607421875
100000000000000000000000,1,922625000,0,-53.5,4.93328221384022,0,0,0.640056030273437,1.63,0,-5399.97607421875
100000000000000000000005,1,922625000,0,-66,1.75487402134117,0,0,0.640056030273437,1.63,0,-5399.97607421875
100000000000000000000004,1,922625000,0,-48.5,3.84722381601719,0,0,0.640056030273437,1.63,0,-5399.97607421875
100000000000000000000001,1,922625000,0,-49,0.0122718463030855,0,0,0.640056030273437,1.63,0,-5399.97607421875
100000000000000000000000,1,922625000,0,-53.5,4.90260259808251,0,0,0.640056030273437,1.63,0,-5399.97607421875
100000000000000000000002,1,922625000,0,-45,1.92054394643282,0,0,0.640056030273437,1.63,0,-5399.97607421875
100000000000000000000003,1,922625000,0,-48,3.36248588704533,0,0,0.640056030273437,1.63,0,-5399.97607421875
100000000000000000000005,1,922625000,0,-65.5,1.77941771394734,0,0,0.640056030273437,1.63,0,-5399.97607421875
100000000000000000000000,1,923125000,0,-53.5,5.10508806208341,0,0,0.640056030273437,1.63,0,-5399.97607421875
100000000000000000000005,1,923125000,0,-65.5,1.98190317794825,0,0,0.640056030273437,1.63,0,-5399.97607421875
100000000000000000000004,1,923125000,0,-48,4.09879666523043,0,0,0.640056030273437,1.63,0,-5399.97607421875
100000000000000000000002,1,923125000,0,-45,2.17211679564607,0,0,0.640056030273437,1.63,0,-5399.97607421875
100000000000000000000003,1,923125000,0,-48,3.61405873625857,0,0,0.640056030273437,1.63,0,-5399.97607421875
100000000000000000000001,1,923125000,0,-48,0.196349540849362,0,0,0.640056030273437,1.63,0,-5399.97607421875
100000000000000000000001,1,923125000,0,-48,0.21475731030399,0,0,0.640056030273437,1.63,0,-5399.97607421875
100000000000000000000003,1,923125000,0,-47.5,3.61405873625857,0,0,0.640056030273437,1.63,0,-5399.97607421875
100000000000000000000005,1,923125000,0,-65,1.96349540849362,0,0,0.640056030273437,1.63,0,-5399.97607421875
100000000000000000000002,1,923125000,0,-45,2.15984494934298,0,0,0.640056030273437,1.63,0,-5399.97607421875
100000000000000000000004,1,923125000,0,-48,4.10493258838198,0,0,0.640056030273437,1.63,0,-5399.97607421875
100000000000000000000000,1,923125000,0,-53.5,5.10508806208341,0,0,0.640056030273437,1.63,0,-5399.97607421875
100000000000000000000004,1,923125000,0,-48,4.09879666523043,0,0,0.640056030273437,1.63,0,-5399.97607421875
100000000000000000000002,1,923125000,0,-45,2.18438864194915,0,0,0.640056030273437,1.63,0,-5399.97607421875
100000000000000000000000,1,923125000,0,-53.5,5.14803952414421,0,0,0.640056030273437,1.63,0,-5399.97607421875
100000000000000000000005,1,923125000,0,-65.5,2.27642748922229,0,0,0.640056030273437,1.63,0,-5399.97607421875
100000000000000000000003,1,923125000,0,-48,3.61405873625857,0,0,0.640056030273437,1.63,0,-5399.97607421875
100000000000000000000001,1,923125000,0,-48,0.190213617697819,0,0,0.640056030273437,1.63,0,-5399.97607421875
100000000000000000000000,1,923125000,0,-53.5,5.12963175468958,0,0,0.640056030273437,1.63,0,-5399.97607421875
100000000000000000000005,1,923125000,0,-66,2.06780610206984,0,0,0.640056030273437,1.63,0,-5399.97607421875
100000000000000000000002,1,923125000,0,-45,2.17825271879761,0,0,0.640056030273437,1.63,0,-5399.97607421875
100000000000000000000003,1,923125000,0,-48,3.60792281310703,0,0,0.640056030273437,1.63,0,-5399.97607421875
100000000000000000000004,1,923125000,0,-48,4.10493258838198,0,0,0.640056030273437,1.63,0,-5399.97607421875
100000000000000000000001,1,923125000,0,-48,0.208621387152447,0,0,0.640056030273437,1.63,0,-5399.97607421875
100000000000000000000002,1,923125000,0,-45,2.17825271879761,0,0,0.640056030273437,1.63,0,-5399.97607421875
100000000000000000000005,1,923125000,0,-65,1.97576725479671,0,0,0.640056030273437,1.63,0,-5399.97607421875
100000000000000000000001,1,923125000,0,-48,0.171805848243192,0,0,0.640056030273437,1.63,0,-5399.97607421875
100000000000000000000004,1,923125000,0,-48,4.10493258838198,0,0,0.640056030273437,1.63,0,-5399.97607421875
100000000000000000000000,1,923125000,0,-53.5,5.14803952414421,0,0,0.640056030273437,1.63,0,-5399.97607421875
100000000000000000000003,1,923125000,0,-48,3.60792281310703,0,0,0.640056030273437,1.63,0,-5399.97607421875
100000000000000000000000,1,923125000,0,-53.5,5.14803952414421,0,0,0.640056030273437,1.63,0,-5399.97607421875
100000000000000000000002,1,923125000,0,-45,2.1475731030399,0,0,0.640056030273437,1.63,0,-5399.97607421875
100000000000000000000001,1,923125000,0,-48,0.220893233455532,0,0,0.640056030273437,1.63,0,-5399.97607421875
100000000000000000000003,1,923125000,0,-47.5,3.62019465941011,0,0,0.640056030273437,1.63,0,-5399.97607421875
100000000000000000000005,1,923125000,0,-65,2.27029156607075,0,0,0.640056030273437,1.63,0,-5399.97607421875
100000000000000000000004,1,923125000,0,-48,4.09879666523043,0,0,0.640056030273437,1.63,0,-5399.97607421875
100000000000000000000001,1,923125000,0,-48,0.196349540849362,0,0,0.640056030273437,1.63,0,-5399.97607421875
100000000000000000000003,1,923125000,0,-48,3.61405873625857,0,0,0.640056030273437,1.63,0,-5399.97607421875
100000000000000000000005,1,923125000,0,-66,1.95122356219054,0,0,0.640056030273437,1.63,0,-5399.97607421875
100000000000000000000002,1,923125000,0,-45,2.18438864194915,0,0,0.640056030273437,1.63,0,-5399.97607421875
100000000000000000000004,1,923125000,0,-48,4.09879666523043,0,0,0.640056030273437,1.63,0,-5399.97607421875
100000000000000000000000,1,923125000,0,-53.5,5.14190360099267,0,0,0.640056030273437,1.63,0,-5399.97607421875
100000000000000000000000,1,923125000,0,-53.5,5.12349583153804,0,0,0.640056030273437,1.63,0,-5399.97607421875
100000000000000000000005,1,923125000,0,-65,2.1046216409791,0,0,0.640056030273437,1.63,0,-5399.97607421875
100000000000000000000002,1,923125000,0,-45,2.1475731030399,0,0,0.640056030273437,1.63,0,-5399.97607421875
100000000000000000000001,1,923125000,0,-48,0.190213617697819,0,0,0.640056030273437,1.63,0,-5399.97607421875
100000000000000000000004,1,923125000,0,-48,4.05584520316964,0,0,0.640056030273437,1.63,0,-5399.97607421875
100000000000000000000003,1,923125000,0,-47.5,3.61405873625857,0,0,0.640056030273437,1.63,0,-5399.97607421875
100000000000000000000004,1,923125000,0,-48,4.11720443468506,0,0,0.640056030273437,1.63,0,-5399.97607421875
100000000000000000000003,1,923125000,0,-47.5,3.62019465941011,0,0,0.640056030273437,1.63,0,-5399.97607421875
100000000000000000000000,1,923125000,0,-53.5,5.15417544729575,0,0,0.640056030273437,1.63,0,-5399.97607421875
100000000000000000000005,1,923125000,0,-65.5,2.1046216409791,0,0,0.640056030273437,1.63,0,-5399.97607421875
100000000000000000000002,1,923125000,0,-45,2.15370902619144,0,0,0.640056030273437,1.63,0,-5399.97607421875
100000000000000000000001,1,923125000,0,-48,0.165669925091649,0,0,0.640056030273437,1.63,0,-5399.97607421875
100000000000000000000002,1,923125000,0,-45,2.17211679564607,0,0,0.640056030273437,1.63,0,-5399.97607421875
100000000000000000000001,1,923125000,0,-48,0.190213617697819,0,0,0.640056030273437,1.63,0,-5399.97607421875
100000000000000000000003,1,923125000,0,-48,3.61405873625857,0,0,0.640056030273437,1.63,0,-5399.97607421875
100000000000000000000000,1,923125000,0,-53.5,5.1603113704473,0,0,0.640056030273437,1.63,0,-5399.97607421875
100000000000000000000005,1,923125000,0,-65.5,2.24574787346458,0,0,0.640056030273437,1.63,0,-5399.97607421875
100000000000000000000004,1,923125000,0,-48,4.11106851153352,0,0,0.640056030273437,1.63,0,-5399.97607421875
100000000000000000000002,1,923125000,0,-45,2.17825271879761,0,0,0.640056030273437,1.63,0,-5399.97607421875
100000000000000000000003,1,923125000,0,-48,3.5895150436524,0,0,0.640056030273437,1.63,0,-5399.97607421875
100000000000000000000000,1,923125000,0,-53.5,5.1173599083865,0,0,0.640056030273437,1.63,0,-5399.97607421875
100000000000000000000001,1,923125000,0,-48,0.190213617697819,0,0,0.640056030273437,1.63,0,-5399.97607421875
100000000000000000000005,1,923125000,0,-66,2.00644687055442,0,0,0.640056030273437,1.63,0,-5399.97607421875
100000000000000000000004,1,923125000,0,-48,4.10493258838198,0,0,0.640056030273437,1.63,0,-5399.97607421875
100000000000000000000002,1,923125000,0,-45,2.15370902619144,0,0,0.640056030273437,1.63,0,-5399.97607421875
100000000000000000000005,1,923125000,0,-66,2.17211679564607,0,0,0.640056030273437,1.63,0,-5399.97607421875
100000000000000000000003,1,923125000,0,-47.5,3.59565096680394,0,0,0.640056030273437,1.63,0,-5399.97607421875
100000000000000000000004,1,923125000,0,-48,4.09879666523043,0,0,0.640056030273437,1.63,0,-5399.97607421875
100000000000000000000000,1,923125000,0,-53.5,5.14190360099267,0,0,0.640056030273437,1.63,0,-5399.97607421875
100000000000000000000001,1,923125000,0,-48,0.220893233455532,0,0,0.640056030273437,1.63,0,-5399.97607421875
100000000000000000000005,1,923125000,0,-65,2.06780610206984,0,0,0.640056030273437,1.63,0,-5399.97607421875
100000000000000000000000,1,923125000,0,-53.5,5.17258321675038,0,0,0.640056030273437,1.63,0,-5399.97607421875
100000000000000000000004,1,923125000,0,-48,4.10493258838198,0,0,0.640056030273437,1.63,0,-5399.97607421875
100000000000000000000003,1,923125000,0,-47.5,3.58337912050086,0,0,0.640056030273437,1.63,0,-5399.97607421875
100000000000000000000002,1,923125000,0,-45,2.17211679564607,0,0,0.640056030273437,1.63,0,-5399.97607421875
100000000000000000000001,1,923125000,0,-48,0.21475731030399,0,0,0.640056030273437,1.63,0,-5399.97607421875
100000000000000000000002,1,923125000,0,-45,2.16598087249453,0,0,0.640056030273437,1.63,0,-5399.97607421875
100000000000000000000000,1,923125000,0,-53.5,5.15417544729575,0,0,0.640056030273437,1.63,0,-5399.97607421875
100000000000000000000001,1,923125000,0,-48,0.190213617697819,0,0,0.640056030273437,1.63,0,-5399.97607421875
100000000000000000000003,1,923125000,0,-48,3.59565096680394,0,0,0.640056030273437,1.63,0,-5399.97607421875
100000000000000000000004,1,923125000,0,-48,4.08038889577581,0,0,0.640056030273437,1.63,0,-5399.97607421875
100000000000000000000005,1,923125000,0,-65.5,1.99417502425133,0,0,0.640056030273437,1.63,0,-5399.97607421875
100000000000000000000005,1,923125000,0,-65.5,2.1905245651007,0,0,0.640056030273437,1.63,0,-5399.97607421875
100000000000000000000000,1,923125000,0,-53.5,5.08054436947724,0,0,0.640056030273437,1.63,0,-5399.97607421875
100000000000000000000004,1,923125000,0,-48,4.09879666523043,0,0,0.640056030273437,1.63,0,-5399.97607421875
100000000000000000000001,1,923125000,0,-48,0.190213617697819,0,0,0.640056030273437,1.63,0,-5399.97607421875
100000000000000000000003,1,923125000,0,-48,3.60178688995549,0,0,0.640056030273437,1.63,0,-5399.97607421875
100000000000000000000002,1,923125000,0,-45,2.15984494934298,0,0,0.640056030273437,1.63,0,-5399.97607421875
100000000000000000000001,1,923125000,0,-48,0.202485464000905,0,0,0.640056030273437,1.63,0,-5399.97607421875
100000000000000000000002,1,923125000,0,-45,2.15370902619144,0,0,0.640056030273437,1.63,0,-5399.97607421875
100000000000000000000000,1,923125000,0,-53.5,5.13576767784113,0,0,0.640056030273437,1.63,0,-5399.97607421875
100000000000000000000005,1,923125000,0,-65.5,2.12916533358527,0,0,0.640056030273437,1.63,0,-5399.97607421875
100000000000000000000003,1,923125000,0,-47.5,3.60792281310703,0,0,0.640056030273437,1.63,0,-5399.97607421875
100000000000000000000004,1,923125000,0,-48,4.09879666523043,0,0,0.640056030273437,1.63,0,-5399.97607421875
100000000000000000000000,1,923125000,0,-53.5,5.16644729359884,0,0,0.640056030273437,1.63,0,-5399.97607421875
100000000000000000000005,1,923125000,0,-65.5,2.04939833261522,0,0,0.640056030273437,1.63,0,-5399.97607421875
100000000000000000000004,1,923125000,0,-48,4.10493258838198,0,0,0.640056030273437,1.63,0,-5399.97607421875
100000000000000000000002,1,923125000,0,-45,2.16598087249453,0,0,0.640056030273437,1.63,0,-5399.97607421875
100000000000000000000001,1,923125000,0,-48,0.208621387152447,0,0,0.640056030273437,1.63,0,-5399.97607421875
100000000000000000000003,1,923125000,0,-48,3.60178688995549,0,0,0.640056030273437,1.63,0,-5399.97607421875
100000000000000000000002,1,923125000,0,-45,2.15984494934298,0,0,0.640056030273437,1.63,0,-5399.97607421875
100000000000000000000000,1,923125000,0,-53.5,5.15417544729575,0,0,0.640056030273437,1.63,0,-5399.97607421875
100000000000000000000004,1,923125000,0,-48,4.09266074207889,0,0,0.640056030273437,1.63,0,-5399.97607421875
100000000000000000000001,1,923125000,0,-48,0.202485464000905,0,0,0.640056030273437,1.63,0,-5399.97607421875
100000000000000000000005,1,923125000,0,-66,2.28256341237383,0,0,0.640056030273437,1.63,0,-5399.97607421875
100000000000000000000003,1,923125000,0,-47.5,3.60178688995549,0,0,0.640056030273437,1.63,0,-5399.97607421875
100000000000000000000002,1,923125000,0,-45,2.17211679564607,0,0,0.640056030273437,1.63,0,-5399.97607421875
100000000000000000000000,1,923125000,0,-53.5,5.1173599083865,0,0,0.640056030273437,1.63,0,-5399.97607421875
100000000000000000000004,1,923125000,0,-48.5,4.10493258838198,0,0,0.640056030273437,1.63,0,-5399.97607421875
100000000000000000000005,1,923125000,0,-65.5,2.0616701789183,0,0,0.640056030273437,1.63,0,-5399.97607421875
100000000000000000000001,1,923125000,0,-48,0.21475731030399,0,0,0.640056030273437,1.63,0,-5399.97607421875
100000000000000000000003,1,923125000,0,-47.5,3.61405873625857,0,0,0.640056030273437,1.63,0,-5399.97607421875
100000000000000000000002,1,923125000,0,-45,2.1475731030399,0,0,0.640056030273437,1.63,0,-5399.97607421875
100000000000000000000005,1,923125000,0,-65.5,2.20893233455532,0,0,0.640056030273437,1.63,0,-5399.97607421875
100000000000000000000004,1,923125000,0,-48,4.10493258838198,0,0,0.640056030273437,1.63,0,-5399.97607421875
100000000000000000000001,1,923125000,0,-48,0.196349540849362,0,0,0.640056030273437,1.63,0,-5399.97607421875
100000000000000000000003,1,923125000,0,-48,3.62019465941011,0,0,0.640056030273437,1.63,0,-5399.97607421875
100000000000000000000000,1,923125000,0,-53.5,5.14803952414421,0,0,0.640056030273437,1.63,0,-5399.97607421875
100000000000000000000000,1,923125000,0,-53.5,5.12349583153804,0,0,0.640056030273437,1.63,0,-5399.97607421875
100000000000000000000003,1,923125000,0,-48,3.59565096680394,0,0,0.640056030273437,1.63,0,-5399.97607421875
100000000000000000000004,1,923125000,0,-48,4.09266074207889,0,0,0.640056030273437,1.63,0,-5399.97607421875
100000000000000000000002,1,923125000,0,-45,2.1475731030399,0,0,0.640056030273437,1.63,0,-5399.97607421875
100000000000000000000001,1,923125000,0,-48,0.196349540849362,0,0,0.640056030273437,1.63,0,-5399.97607421875
100000000000000000000005,1,923125000,0,-66,2.1905245651007,0,0,0.640056030273437,1.63,0,-5399.97607421875
100000000000000000000002,1,923125000,0,-45,2.1475731030399,0,0,0.640056030273437,1.63,0,-5399.97607421875
100000000000000000000001,1,923125000,0,-48,0.190213617697819,0,0,0.640056030273437,1.63,0,-5399.97607421875
100000000000000000000004,1,923125000,0,-48,4.09879666523043,0,0,0.640056030273437,1.63,0,-5399.97607421875
100000000000000000000003,1,923125000,0,-48,3.61405873625857,0,0,0.640056030273437,1.63,0,-5399.97607421875
100000000000000000000000,1,923125000,0,-53.5,5.1173599083865,0,0,0.640056030273437,1.63,0,-5399.97607421875
100000000000000000000005,1,923125000,0,-66,1.95735948534208,0,0,0.640056030273437,1.63,0,-5399.97607421875
100000000000000000000000,1,923125000,0,-53.5,5.14803952414421,0,0,0.640056030273437,1.63,0,-5399.97607421875
100000000000000000000005,1,923125000,0,-65.5,2.22120418085841,0,0,0.640056030273437,1.63,0,-5399.97607421875
100000000000000000000001,1,923125000,0,-48,0.196349540849362,0,0,0.640056030273437,1.63,0,-5399.97607421875
100000000000000000000004,1,923125000,0,-48,4.09266074207889,0,0,0.640056030273437,1.63,0,-5399.97607421875
100000000000000000000002,1,923125000,0,-45,2.14143717988835,0,0,0.640056030273437,1.63,0,-5399.97607421875
100000000000000000000003,1,923125000,0,-48,3.59565096680394,0,0,0.640056030273437,1.63,0,-5399.97607421875
100000000000000000000004,1,923125000,0,-48,4.08652481892735,0,0,0.640056030273437,1.63,0,-5399.97607421875
100000000000000000000003,1,923125000,0,-47.5,3.60792281310703,0,0,0.640056030273437,1.63,0,-5399.97607421875
100000000000000000000005,1,923125000,0,-65,2.33778672073772,0,0,0.640056030273437,1.63,0,-5399.97607421875
100000000000000000000001,1,923125000,0,-48,0.190213617697819,0,0,0.640056030273437,1.63,0,-5399.97607421875
100000000000000000000002,1,923125000,0,-45,2.15984494934298,0,0,0.640056030273437,1.63,0,-5399.97607421875
100000000000000000000000,1,923125000,0,-53.5,5.15417544729575,0,0,0.640056030273437,1.63,0,-5399.97607421875
100000000000000000000000,1,923125000,0,-53.5,5.14803952414421,0,0,0.640056030273437,1.63,0,-5399.97607421875
100000000000000000000002,1,923125000,0,-45,2.17211679564607,0,0,0.640056030273437,1.63,0,-5399.97607421875
100000000000000000000005,1,923125000,0,-66,2.08621387152447,0,0,0.640056030273437,1.63,0,-5399.97607421875
100000000000000000000001,1,923125000,0,-48,0.202485464000905,0,0,0.640056030273437,1.63,0,-5399.97607421875
100000000000000000000004,1,923125000,0,-48,4.11106851153352,0,0,0.640056030273437,1.63,0,-5399.97607421875
100000000000000000000003,1,923125000,0,-47.5,3.60792281310703,0,0,0.640056030273437,1.63,0,-5399.97607421875
100000000000000000000005,1,923125000,0,-66,2.12302941043373,0,0,0.640056030273437,1.63,0,-5399.97607421875
100000000000000000000000,1,923125000,0,-53.5,5.12349583153804,0,0,0.640056030273437,1.63,0,-5399.97607421875
100000000000000000000004,1,923125000,0,-48,4.10493258838198,0,0,0.640056030273437,1.63,0,-5399.97607421875
100000000000000000000002,1,923125000,0,-45,2.1905245651007,0,0,0.640056030273437,1.63,0,-5399.97607421875
100000000000000000000001,1,923125000,0,-48,0.208621387152447,0,0,0.640056030273437,1.63,0,-5399.97607421875
100000000000000000000003,1,923125000,0,-47.5,3.5895150436524,0,0,0.640056030273437,1.63,0,-5399.97607421875
100000000000000000000000,1,923125000,0,-53.5,5.09895213893187,0,0,0.640056030273437,1.63,0,-5399.97607421875
100000000000000000000004,1,923125000,0,-48,4.09266074207889,0,0,0.640056030273437,1.63,0,-5399.97607421875
100000000000000000000002,1,923125000,0,-45,2.15984494934298,0,0,0.640056030273437,1.63,0,-5399.97607421875
100000000000000000000001,1,923125000,0,-48,0.21475731030399,0,0,0.640056030273437,1.63,0,-5399.97607421875
100000000000000000000003,1,923125000,0,-48,3.60178688995549,0,0,0.640056030273437,1.63,0,-5399.97607421875
100000000000000000000005,1,923125000,0,-66,2.00644687055442,0,0,0.640056030273437,1.63,0,-5399.97607421875
100000000000000000000004,1,923125000,0,-48,4.11106851153352,0,0,0.640056030273437,1.63,0,-5399.97607421875
100000000000000000000002,1,923125000,0,-45,2.15370902619144,0,0,0.640056030273437,1.63,0,-5399.97607421875
100000000000000000000005,1,923125000,0,-65,2.01258279370596,0,0,0.640056030273437,1.63,0,-5399.97607421875
100000000000000000000001,1,923125000,0,-48,0.21475731030399,0,0,0.640056030273437,1.63,0,-5399.97607421875
100000000000000000000003,1,923125000,0,-47.5,3.5895150436524,0,0,0.640056030273437,1.63,0,-5399.97607421875
100000000000000000000000,1,923125000,0,-53.5,5.1603113704473,0,0,0.640056030273437,1.63,0,-5399.97607421875
100000000000000000000002,1,923125000,0,-45,2.17825271879761,0,0,0.640056030273437,1.63,0,-5399.97607421875
100000000000000000000001,1,923125000,0,-48,0.184077694546277,0,0,0.640056030273437,1.63,0,-5399.97607421875
100000000000000000000003,1,923125000,0,-47.5,3.60792281310703,0,0,0.640056030273437,1.63,0,-5399.97607421875
100000000000000000000005,1,923125000,0,-66,2.01258279370596,0,0,0.640056030273437,1.63,0,-5399.97607421875
100000000000000000000000,1,923125000,0,-53.5,5.13576767784113,0,0,0.640056030273437,1.63,0,-5399.97607421875
100000000000000000000004,1,923125000,0,-48,4.09266074207889,0,0,0.640056030273437,1.63,0,-5399.97607421875
100000000000000000000002,1,923125000,0,-45,2.17211679564607,0,0,0.640056030273437,1.63,0,-5399.97607421875
100000000000000000000001,1,923125000,0,-48,0.190213617697819,0,0,0.640056030273437,1.63,0,-5399.97607421875
100000000000000000000004,1,923125000,0,-48,4.09879666523043,0,0,0.640056030273437,1.63,0,-5399.97607421875
100000000000000000000000,1,923125000,0,-53.5,5.09895213893187,0,0,0.640056030273437,1.63,0,-5399.97607421875
100000000000000000000003,1,923125000,0,-48,3.60178688995549,0,0,0.640056030273437,1.63,0,-5399.97607421875
100000000000000000000005,1,923125000,0,-66,2.03099056316059,0,0,0.640056030273437,1.63,0,-5399.97607421875
100000000000000000000004,1,923125000,0,-48,4.09266074207889,0,0,0.640056030273437,1.63,0,-5399.97607421875
100000000000000000000000,1,923125000,0,-53.5,5.17871913990192,0,0,0.640056030273437,1.63,0,-5399.97607421875
100000000000000000000002,1,923125000,0,-45,2.1475731030399,0,0,0.640056030273437,1.63,0,-5399.97607421875
100000000000000000000005,1,923125000,0,-66,2.03712648631213,0,0,0.640056030273437,1.63,0,-5399.97607421875
100000000000000000000003,1,923125000,0,-48,3.61405873625857,0,0,0.640056030273437,1.63,0,-5399.97607421875
100000000000000000000001,1,923125000,0,-48,0.190213617697819,0,0,0.640056030273437,1.63,0,-5399.97607421875
100000000000000000000000,1,923125000,0,-53.5,5.10508806208341,0,0,0.640056030273437,1.63,0,-5399.97607421875
100000000000000000000003,1,923125000,0,-48,3.59565096680394,0,0,0.640056030273437,1.63,0,-5399.97607421875
100000000000000000000001,1,923125000,0,-48,0.208621387152447,0,0,0.640056030273437,1.63,0,-5399.97607421875
100000000000000000000004,1,923125000,0,-48,4.10493258838198,0,0,0.640056030273437,1.63,0,-5399.97607421875
100000000000000000000002,1,923125000,0,-45,2.16598087249453,0,0,0.640056030273437,1.63,0,-5399.97607421875
100000000000000000000005,1,923125000,0,-65,2.04326240946367,0,0,0.640056030273437,1.63,0,-5399.97607421875
100000000000000000000004,1,923125000,0,-48,4.09266074207889,0,0,0.640056030273437,1.63,0,-5399.97607421875
100000000000000000000003,1,923125000,0,-47.5,3.59565096680394,0,0,0.640056030273437,1.63,0,-5399.97607421875
100000000000000000000000,1,923125000,0,-53.5,5.10508806208341,0,0,0.640056030273437,1.63,0,-5399.97607421875
100000000000000000000002,1,923125000,0,-45,2.18438864194915,0,0,0.640056030273437,1.63,0,-5399.97607421875
100000000000000000000005,1,923125000,0,-65.5,2.13530125673681,0,0,0.640056030273437,1.63,0,-5399.97607421875
100000000000000000000001,1,923125000,0,-48,0.196349540849362,0,0,0.640056030273437,1.63,0,-5399.97607421875
100000000000000000000001,1,923125000,0,-48,0.208621387152447,0,0,0.640056030273437,1.63,0,-5399.97607421875
100000000000000000000000,1,923125000,0,-53.5,5.14190360099267,0,0,0.640056030273437,1.63,0,-5399.97607421875
100000000000000000000005,1,923125000,0,-66,2.1475731030399,0,0,0.640056030273437,1.63,0,-5399.97607421875
100000000000000000000002,1,923125000,0,-45,2.13530125673681,0,0,0.640056030273437,1.63,0,-5399.97607421875
100000000000000000000004,1,923125000,0,-48.5,4.10493258838198,0,0,0.640056030273437,1.63,0,-5399.97607421875
100000000000000000000003,1,923125000,0,-48,3.61405873625857,0,0,0.640056030273437,1.63,0,-5399.97607421875
100000000000000000000004,1,923125000,0,-48.5,4.08652481892735,0,0,0.640056030273437,1.63,0,-5399.97607421875
100000000000000000000003,1,923125000,0,-48,3.60178688995549,0,0,0.640056030273437,1.63,0,-5399.97607421875
100000000000000000000001,1,923125000,0,-48,0.21475731030399,0,0,0.640056030273437,1.63,0,-5399.97607421875
100000000000000000000005,1,923125000,0,-65,2.1046216409791,0,0,0.640056030273437,1.63,0,-5399.97607421875
100000000000000000000000,1,923125000,0,-53.5,5.14803952414421,0,0,0.640056030273437,1.63,0,-5399.97607421875
100000000000000000000002,1,923125000,0,-45,2.17211679564607,0,0,0.640056030273437,1.63,0,-5399.97607421875
100000000000000000000000,1,923125000,0,-53.5,5.15417544729575,0,0,0.640056030273437,1.63,0,-5399.97607421875
100000000000000000000003,1,923125000,0,-48,3.60178688995549,0,0,0.640056030273437,1.63,0,-5399.97607421875
100000000000000000000001,1,923125000,0,-48,0.190213617697819,0,0,0.640056030273437,1.63,0,-5399.97607421875
100000000000000000000002,1,923125000,0,-45,2.1475731030399,0,0,0.640056030273437,1.63,0,-5399.97607421875
100000000000000000000005,1,923125000,0,-65,2.13530125673681,0,0,0.640056030273437,1.63,0,-5399.97607421875
100000000000000000000004,1,923125000,0,-48,4.11720443468506,0,0,0.640056030273437,1.63,0,-5399.97607421875
100000000000000000000005,1,923125000,0,-65.5,1.98190317794825,0,0,0.640056030273437,1.63,0,-5399.97607421875
100000000000000000000001,1,923125000,0,-48,0.208621387152447,0,0,0.640056030273437,1.63,0,-5399.97607421875
100000000000000000000002,1,923125000,0,-45,2.15984494934298,0,0,0.640056030273437,1.63,0,-5399.97607421875
100000000000000000000000,1,923125000,0,-53.5,5.10508806208341,0,0,0.640056030273437,1.63,0,-5399.97607421875
100000000000000000000004,1,923125000,0,-48,4.12947628098815,0,0,0.640056030273437,1.63,0,-5399.97607421875
100000000000000000000003,1,923125000,0,-48,3.58337912050086,0,0,0.640056030273437,1.63,0,-5399.97607421875
100000000000000000000005,1,923125000,0,-65.5,2.08007794837293,0,0,0.640056030273437,1.63,0,-5399.97607421875
100000000000000000000000,1,923125000,0,-53.5,5.12963175468958,0,0,0.640056030273437,1.63,0,-5399.97607421875
100000000000000000000003,1,923125000,0,-47.5,3.5895150436524,0,0,0.640056030273437,1.63,0,-5399.97607421875
100000000000000000000002,1,923125000,0,-45,2.13530125673681,0,0,0.640056030273437,1.63,0,-5399.97607421875
100000000000000000000004,1,923125000,0,-48,4.08652481892735,0,0,0.640056030273437,1.63,0,-5399.97607421875
100000000000000000000001,1,923125000,0,-48,0.184077694546277,0,0,0.640056030273437,1.63,0,-5399.97607421875
100000000000000000000000,1,923125000,0,-53.5,5.13576767784113,0,0,0.640056030273437,1.63,0,-5399.97607421875
100000000000000000000005,1,923125000,0,-65.5,2.14143717988835,0,0,0.640056030273437,1.63,0,-5399.97607421875
100000000000000000000001,1,923125000,0,-48,0.196349540849362,0,0,0.640056030273437,1.63,0,-5399.97607421875
100000000000000000000004,1,923125000,0,-48,4.09266074207889,0,0,0.640056030273437,1.63,0,-5399.97607421875
100000000000000000000002,1,923125000,0,-45,2.17825271879761,0,0,0.640056030273437,1.63,0,-5399.97607421875
100000000000000000000003,1,923125000,0,-48,3.60178688995549,0,0,0.640056030273437,1.63,0,-5399.97607421875
100000000000000000000005,1,923125000,0,-65.5,1.98190317794825,0,0,0.640056030273437,1.63,0,-5399.97607421875
100000000000000000000004,1,923125000,0,-48,4.10493258838198,0,0,0.640056030273437,1.63,0,-5399.97607421875
100000000000000000000002,1,923125000,0,-45,2.18438864194915,0,0,0.640056030273437,1.63,0,-5399.97607421875
100000000000000000000003,1,923125000,0,-48,3.61405873625857,0,0,0.640056030273437,1.63,0,-5399.97607421875
100000000000000000000001,1,923125000,0,-48,0.190213617697819,0,0,0.640056030273437,1.63,0,-5399.97607421875
100000000000000000000000,1,923125000,0,-53.5,5.13576767784113,0,0,0.640056030273437,1.63,0,-5399.97607421875
100000000000000000000000,1,923125000,0,-53.5,5.14190360099267,0,0,0.640056030273437,1.63,0,-5399.97607421875
100000000000000000000004,1,923125000,0,-48,4.09266074207889,0,0,0.640056030273437,1.63,0,-5399.97607421875
100000000000000000000002,1,923125000,0,-45,2.15370902619144,0,0,0.640056030273437,1.63,0,-5399.97607421875
100000000000000000000003,1,923125000,0,-48,3.61405873625857,0,0,0.640056030273437,1.63,0,-5399.97607421875
100000000000000000000005,1,923125000,0,-66,2.22120418085841,0,0,0.640056030273437,1.63,0,-5399.97607421875
100000000000000000000001,1,923125000,0,-48,0.165669925091649,0,0,0.640056030273437,1.63,0,-5399.97607421875
100000000000000000000003,1,923125000,0,-48,3.61405873625857,0,0,0.640056030273437,1.63,0,-5399.97607421875
100000000000000000000000,1,923125000,0,-53.5,5.12349583153804,0,0,0.640056030273437,1.63,0,-5399.97607421875
100000000000000000000002,1,923125000,0,-45,2.13530125673681,0,0,0.640056030273437,1.63,0,-5399.97607421875
100000000000000000000004,1,923125000,0,-48,4.1233403578366,0,0,0.640056030273437,1.63,0,-5399.97607421875
100000000000000000000001,1,923125000,0,-48,0.196349540849362,0,0,0.640056030273437,1.63,0,-5399.97607421875
100000000000000000000005,1,923125000,0,-66.5,1.80396140655351,0,0,0.640056030273437,1.63,0,-5399.97607421875
100000000000000000000002,1,923125000,0,-45,2.15984494934298,0,0,0.640056030273437,1.63,0,-5399.97607421875
100000000000000000000003,1,923125000,0,-48,3.60792281310703,0,0,0.640056030273437,1.63,0,-5399.97607421875
100000000000000000000005,1,923125000,0,-65,2.14143717988835,0,0,0.640056030273437,1.63,0,-5399.97607421875
100000000000000000000004,1,923125000,0,-48,4.11106851153352,0,0,0.640056030273437,1.63,0,-5399.97607421875
100000000000000000000001,1,923125000,0,-48,0.184077694546277,0,0,0.640056030273437,1.63,0,-5399.97607421875
100000000000000000000000,1,923125000,0,-53.5,5.14803952414421,0,0,0.640056030273437,1.63,0,-5399.97607421875
100000000000000000000001,1,923125000,0,-48,0.184077694546277,0,0,0.640056030273437,1.63,0,-5399.97607421875
100000000000000000000000,1,923125000,0,-53.5,5.12963175468958,0,0,0.640056030273437,1.63,0,-5399.97607421875
100000000000000000000004,1,923125000,0,-48,4.08038889577581,0,0,0.640056030273437,1.63,0,-5399.97607421875
100000000000000000000003,1,923125000,0,-48,3.59565096680394,0,0,0.640056030273437,1.63,0,-5399.97607421875
100000000000000000000002,1,923125000,0,-45,2.14143717988835,0,0,0.640056030273437,1.63,0,-5399.97607421875
100000000000000000000005,1,923125000,0,-65,2.20279641140378,0,0,0.640056030273437,1.63,0,-5399.97607421875
100000000000000000000000,1,923125000,0,-53.5,5.13576767784113,0,0,0.640056030273437,1.63,0,-5399.97607421875
100000000000000000000002,1,923125000,0,-45,2.15370902619144,0,0,0.640056030273437,1.63,0,-5399.97607421875
100000000000000000000005,1,923125000,0,-65,2.00644687055442,0,0,0.640056030273437,1.63,0,-5399.97607421875
100000000000000000000001,1,923125000,0,-48,0.208621387152447,0,0,0.640056030273437,1.63,0,-5399.97607421875
100000000000000000000003,1,923125000,0,-48,3.59565096680394,0,0,0.640056030273437,1.63,0,-5399.97607421875
100000000000000000000004,1,923125000,0,-48,4.11720443468506,0,0,0.640056030273437,1.63,0,-5399.97607421875
100000000000000000000002,1,923125000,0,-45,2.17825271879761,0,0,0.640056030273437,1.63,0,-5399.97607421875
100000000000000000000004,1,923125000,0,-48,4.08652481892735,0,0,0.640056030273437,1.63,0,-5399.97607421875
100000000000000000000003,1,923125000,0,-47.5,3.5895150436524,0,0,0.640056030273437,1.63,0,-5399.97607421875
100000000000000000000005,1,923125000,0,-65.5,1.96349540849362,0,0,0.640056030273437,1.63,0,-5399.97607421875
100000000000000000000000,1,923125000,0,-53.5,5.14803952414421,0,0,0.640056030273437,1.63,0,-5399.97607421875
100000000000000000000001,1,923125000,0,-48,0.196349540849362,0,0,0.640056030273437,1.63,0,-5399.97607421875
100000000000000000000003,1,923125000,0,-48,3.59565096680394,0,0,0.640056030273437,1.63,0,-5399.97607421875
100000000000000000000002,1,923125000,0,-45,2.16598087249453,0,0,0.640056030273437,1.63,0,-5399.97607421875
100000000000000000000005,1,923125000,0,-65.5,2.09234979467601,0,0,0.640056030273437,1.63,0,-5399.97607421875
100000000000000000000000,1,923125000,0,-53.5,5.1173599083865,0,0,0.640056030273437,1.63,0,-5399.97607421875
100000000000000000000001,1,923125000,0,-48,0.190213617697819,0,0,0.640056030273437,1.63,0,-5399.97607421875
100000000000000000000004,1,923125000,0,-48,4.08652481892735,0,0,0.640056030273437,1.63,0,-5399.97607421875
100000000000000000000003,1,923125000,0,-47.5,3.59565096680394,0,0,0.640056030273437,1.63,0,-5399.97607421875
100000000000000000000001,1,923125000,0,-48,0.208621387152447,0,0,0.640056030273437,1.63,0,-5399.97607421875
100000000000000000000004,1,923125000,0,-48.5,4.10493258838198,0,0,0.640056030273437,1.63,0,-5399.97607421875
100000000000000000000002,1,923125000,0,-45,2.17211679564607,0,0,0.640056030273437,1.63,0,-5399.97607421875
100000000000000000000000,1,923125000,0,-53.5,5.1173599083865,0,0,0.640056030273437,1.63,0,-5399.97607421875
100000000000000000000005,1,923125000,0,-65.5,2.17211679564607,0,0,0.640056030273437,1.63,0,-5399.97607421875
100000000000000000000005,1,923125000,0,-65.5,2.19666048825224,0,0,0.640056030273437,1.63,0,-5399.97607421875
100000000000000000000000,1,923125000,0,-53.5,5.15417544729575,0,0,0.640056030273437,1.63,0,-5399.97607421875
100000000000000000000004,1,923125000,0,-48.5,4.08652481892735,0,0,0.640056030273437,1.63,0,-5399.97607421875
100000000000000000000002,1,923125000,0,-45,2.17211679564607,0,0,0.640056030273437,1.63,0,-5399.97607421875
100000000000000000000003,1,923125000,0,-48,3.60178688995549,0,0,0.640056030273437,1.63,0,-5399.97607421875
100000000000000000000001,1,923125000,0,-48,0.190213617697819,0,0,0.640056030273437,1.63,0,-5399.97607421875
100000000000000000000005,1,923125000,0,-66,1.96349540849362,0,0,0.640056030273437,1.63,0,-5399.97607421875
100000000000000000000003,1,923125000,0,-48,3.60178688995549,0,0,0.640056030273437,1.63,0,-5399.97607421875
100000000000000000000001,1,923125000,0,-48,0.159534001940107,0,0,0.640056030273437,1.63,0,-5399.97607421875
100000000000000000000002,1,923125000,0,-45,2.16598087249453,0,0,0.640056030273437,1.63,0,-5399.97607421875
100000000000000000000000,1,923125000,0,-53.5,5.14803952414421,0,0,0.640056030273437,1.63,0,-5399.97607421875
100000000000000000000004,1,923125000,0,-48,4.09266074207889,0,0,0.640056030273437,1.63,0,-5399.97607421875
100000000000000000000003,1,923125000,0,-48,3.57724319734932,0,0,0.640056030273437,1.63,0,-5399.97607421875
100000000000000000000005,1,923125000,0,-65.5,2.26415564291921,0,0,0.640056030273437,1.63,0,-5399.97607421875
100000000000000000000000,1,923125000,0,-53.5,5.14190360099267,0,0,0.640056030273437,1.63,0,-5399.97607421875
100000000000000000000001,1,923125000,0,-48,0.177941771394734,0,0,0.640056030273437,1.63,0,-5399.97607421875
100000000000000000000002,1,923125000,0,-45,2.16598087249453,0,0,0.640056030273437,1.63,0,-5399.97607421875
100000000000000000000004,1,923125000,0,-48,4.10493258838198,0,0,0.640056030273437,1.63,0,-5399.97607421875
100000000000000000000002,1,923125000,0,-45,2.15370902619144,0,0,0.640056030273437,1.63,0,-5399.97607421875
100000000000000000000005,1,923125000,0,-65.5,2.15370902619144,0,0,0.640056030273437,1.63,0,-5399.97607421875
100000000000000000000000,1,923125000,0,-53.5,5.12963175468958,0,0,0.640056030273437,1.63,0,-5399.97607421875
100000000000000000000003,1,923125000,0,-48,3.62019465941011,0,0,0.640056030273437,1.63,0,-5399.97607421875
100000000000000000000004,1,923125000,0,-48,4.09879666523043,0,0,0.640056030273437,1.63,0,-5399.97607421875
100000000000000000000001,1,923125000,0,-48,0.184077694546277,0,0,0.640056030273437,1.63,0,-5399.97607421875
100000000000000000000004,1,923125000,0,-48,4.09266074207889,0,0,0.640056030273437,1.63,0,-5399.97607421875
100000000000000000000001,1,923125000,0,-48,0.190213617697819,0,0,0.640056030273437,1.63,0,-5399.97607421875
100000000000000000000003,1,923125000,0,-48,3.60792281310703,0,0,0.640056030273437,1.63,0,-5399.97607421875
100000000000000000000005,1,923125000,0,-65,2.15370902619144,0,0,0.640056030273437,1.63,0,-5399.97607421875
100000000000000000000000,1,923125000,0,-53.5,5.12963175468958,0,0,0.640056030273437,1.63,0,-5399.97607421875
100000000000000000000002,1,923125000,0,-45,2.17211679564607,0,0,0.640056030273437,1.63,0,-5399.97607421875
100000000000000000000005,1,923125000,0,-65,1.92054394643282,0,0,0.640056030273437,1.63,0,-5399.97607421875
100000000000000000000003,1,923125000,0,-48,3.59565096680394,0,0,0.640056030273437,1.63,0,-5399.97607421875
100000000000000000000002,1,923125000,0,-45,2.15370902619144,0,0,0.640056030273437,1.63,0,-5399.97607421875
100000000000000000000004,1,923125000,0,-48,4.10493258838198,0,0,0.640056030273437,1.63,0,-5399.97607421875
100000000000000000000000,1,923125000,0,-53.5,5.14190360099267,0,0,0.640056030273437,1.63,0,-5399.97607421875
100000000000000000000001,1,923125000,0,-48,0.190213617697819,0,0,0.640056030273437,1.63,0,-5399.97607421875
100000000000000000000000,1,923125000,0,-53.5,5.16644729359884,0,0,0.640056030273437,1.63,0,-5399.97607421875
100000000000000000000002,1,923125000,0,-45,2.16598087249453,0,0,0.640056030273437,1.63,0,-5399.97607421875
100000000000000000000005,1,923125000,0,-65.5,2.08621387152447,0,0,0.640056030273437,1.63,0,-5399.97607421875
100000000000000000000001,1,923125000,0,-48,0.184077694546277,0,0,0.640056030273437,1.63,0,-5399.97607421875
100000000000000000000004,1,923125000,0,-48,4.09879666523043,0,0,0.640056030273437,1.63,0,-5399.97607421875
100000000000000000000003,1,923125000,0,-47.5,3.58337912050086,0,0,0.640056030273437,1.63,0,-5399.97607421875
100000000000000000000003,1,923125000,0,-48,3.60178688995549,0,0,0.640056030273437,1.63,0,-5399.97607421875
100000000000000000000000,1,923125000,0,-53.5,5.10508806208341,0,0,0.640056030273437,1.63,0,-5399.97607421875
100000000000000000000002,1,923125000,0,-45,2.15984494934298,0,0,0.640056030273437,1.63,0,-5399.97607421875
100000000000000000000001,1,923125000,0,-48,0.184077694546277,0,0,0.640056030273437,1.63,0,-5399.97607421875
100000000000000000000004,1,923125000,0,-48,4.09266074207889,0,0,0.640056030273437,1.63,0,-5399.97607421875
100000000000000000000005,1,923125000,0,-65.5,2.05553425576676,0,0,0.640056030273437,1.63,0,-5399.97607421875
100000000000000000000005,1,923125000,0,-66,2.03712648631213,0,0,0.640056030273437,1.63,0,-5399.97607421875
100000000000000000000004,1,923125000,0,-48,4.09879666523043,0,0,0.640056030273437,1.63,0,-5399.97607421875
100000000000000000000002,1,923125000,0,-45,2.1475731030399,0,0,0.640056030273437,1.63,0,-5399.97607421875
100000000000000000000001,1,923125000,0,-48,0.177941771394734,0,0,0.640056030273437,1.63,0,-5399.97607421875
100000000000000000000000,1,923125000,0,-53.5,5.12963175468958,0,0,0.640056030273437,1.63,0,-5399.97607421875
100000000000000000000003,1,923125000,0,-47.5,3.58337912050086,0,0,0.640056030273437,1.63,0,-5399.97607421875
100000000000000000000004,1,923125000,0,-48,4.09266074207889,0,0,0.640056030273437,1.63,0,-5399.97607421875
100000000000000000000003,1,923125000,0,-48,3.59565096680394,0,0,0.640056030273437,1.63,0,-5399.97607421875
100000000000000000000001,1,923125000,0,-48,0.202485464000905,0,0,0.640056030273437,1.63,0,-5399.97607421875
100000000000000000000000,1,923125000,0,-53.5,5.13576767784113,0,0,0.640056030273437,1.63,0,-5399.97607421875
100000000000000000000002,1,923125000,0,-45,2.16598087249453,0,0,0.640056030273437,1.63,0,-5399.97607421875
100000000000000000000005,1,923125000,0,-65.5,2.09234979467601,0,0,0.640056030273437,1.63,0,-5399.97607421875
100000000000000000000000,1,923125000,0,-53.5,5.12349583153804,0,0,0.640056030273437,1.63,0,-5399.97607421875
100000000000000000000005,1,923125000,0,-66,2.1046216409791,0,0,0.640056030273437,1.63,0,-5399.97607421875
100000000000000000000003,1,923125000,0,-48,3.59565096680394,0,0,0.640056030273437,1.63,0,-5399.97607421875
100000000000000000000004,1,923125000,0,-48,4.08652481892735,0,0,0.640056030273437,1.63,0,-5399.97607421875
100000000000000000000001,1,923125000,0,-48,0.190213617697819,0,0,0.640056030273437,1.63,0,-5399.97607421875
100000000000000000000002,1,923125000,0,-45,2.18438864194915,0,0,0.640056030273437,1.63,0,-5399.97607421875
100000000000000000000005,1,923125000,0,-66,1.93895171588745,0,0,0.640056030273437,1.63,0,-5399.97607421875
100000000000000000000004,1,923125000,0,-48,4.09266074207889,0,0,0.640056030273437,1.63,0,-5399.97607421875
100000000000000000000001,1,923125000,0,-48,0.190213617697819,0,0,0.640056030273437,1.63,0,-5399.97607421875
100000000000000000000002,1,923125000,0,-45,2.17825271879761,0,0,0.640056030273437,1.63,0,-5399.97607421875
100000000000000000000003,1,923125000,0,-48,3.60792281310703,0,0,0.640056030273437,1.63,0,-5399.97607421875
100000000000000000000000,1,923125000,0,-53.5,5.12963175468958,0,0,0.640056030273437,1.63,0,-5399.97607421875
100000000000000000000001,1,923125000,0,-48,0.202485464000905,0,0,0.640056030273437,1.63,0,-5399.97607421875
100000000000000000000005,1,923125000,0,-65.5,2.1475731030399,0,0,0.640056030273437,1.63,0,-5399.97607421875
100000000000000000000004,1,923125000,0,-48,4.08038889577581,0,0,0.640056030273437,1.63,0,-5399.97607421875
100000000000000000000000,1,923125000,0,-53.5,5.14190360099267,0,0,0.640056030273437,1.63,0,-5399.97607421875
100000000000000000000003,1,923125000,0,-48,3.61405873625857,0,0,0.640056030273437,1.63,0,-5399.97607421875
100000000000000000000002,1,923125000,0,-45,2.1475731030399,0,0,0.640056030273437,1.63,0,-5399.97607421875
100000000000000000000003,1,923125000,0,-48,3.62019465941011,0,0,0.640056030273437,1.63,0,-5399.97607421875
100000000000000000000004,1,923125000,0,-48,4.07425297262426,0,0,0.640056030273437,1.63,0,-5399.97607421875
100000000000000000000002,1,923125000,0,-45,2.15984494934298,0,0,0.640056030273437,1.63,0,-5399.97607421875
100000000000000000000000,1,923125000,0,-53.5,5.1603113704473,0,0,0.640056030273437,1.63,0,-5399.97607421875
100000000000000000000001,1,923125000,0,-48,0.208621387152447,0,0,0.640056030273437,1.63,0,-5399.97607421875
100000000000000000000005,1,923125000,0,-65,2.12916533358527,0,0,0.640056030273437,1.63,0,-5399.97607421875
100000000000000000000002,1,923125000,0,-45,2.15984494934298,0,0,0.640056030273437,1.63,0,-5399.97607421875
100000000000000000000003,1,923125000,0,-47.5,3.5895150436524,0,0,0.640056030273437,1.63,0,-5399.97607421875
100000000000000000000001,1,923125000,0,-48,0.196349540849362,0,0,0.640056030273437,1.63,0,-5399.97607421875
100000000000000000000000,1,923125000,0,-53.5,5.1603113704473,0,0,0.640056030273437,1.63,0,-5399.97607421875
100000000000000000000004,1,923125000,0,-48,4.08652481892735,0,0,0.640056030273437,1.63,0,-5399.97607421875
100000000000000000000005,1,923125000,0,-65,2.11689348728218,0,0,0.640056030273437,1.63,0,-5399.97607421875
100000000000000000000000,1,923125000,0,-53.5,5.13576767784113,0,0,0.640056030273437,1.63,0,-5399.97607421875
100000000000000000000001,1,923125000,0,-48,0.202485464000905,0,0,0.640056030273437,1.63,0,-5399.97607421875
100000000000000000000002,1,923125000,0,-45,2.15370902619144,0,0,0.640056030273437,1.63,0,-5399.97607421875
100000000000000000000004,1,923125000,0,-48,4.08652481892735,0,0,0.640056030273437,1.63,0,-5399.97607421875
100000000000000000000003,1,923125000,0,-47.5,3.60792281310703,0,0,0.640056030273437,1.63,0,-5399.97607421875
100000000000000000000004,1,923125000,0,-48,4.09879666523043,0,0,0.640056030273437,1.63,0,-5399.97607421875
100000000000000000000000,1,923125000,0,-53.5,5.15417544729575,0,0,0.640056030273437,1.63,0,-5399.97607421875
100000000000000000000001,1,923125000,0,-48,0.202485464000905,0,0,0.640056030273437,1.63,0,-5399.97607421875
100000000000000000000003,1,923125000,0,-48,3.59565096680394,0,0,0.640056030273437,1.63,0,-5399.97607421875
100000000000000000000002,1,923125000,0,-45,2.19666048825224,0,0,0.640056030273437,1.63,0,-5399.97607421875
100000000000000000000004,1,923125000,0,-48,4.08652481892735,0,0,0.640056030273437,1.63,0,-5399.97607421875
100000000000000000000005,1,923125000,0,-65.5,2.07394202522139,0,0,0.640056030273437,1.63,0,-5399.97607421875
100000000000000000000001,1,923125000,0,-48,0.220893233455532,0,0,0.640056030273437,1.63,0,-5399.97607421875
100000000000000000000002,1,923125000,0,-45,2.17825271879761,0,0,0.640056030273437,1.63,0,-5399.97607421875
100000000000000000000000,1,923125000,0,-53.5,5.12963175468958,0,0,0.640056030273437,1.63,0,-5399.97607421875
100000000000000000000003,1,923125000,0,-48,3.5895150436524,0,0,0.640056030273437,1.63,0,-5399.97607421875
100000000000000000000000,1,923125000,0,-53.5,5.14803952414421,0,0,0.640056030273437,1.63,0,-5399.97607421875
100000000000000000000001,1,923125000,0,-48,0.21475731030399,0,0,0.640056030273437,1.63,0,-5399.97607421875
100000000000000000000002,1,923125000,0,-45,2.15984494934298,0,0,0.640056030273437,1.63,0,-5399.97607421875
100000000000000000000005,1,923125000,0,-65.5,2.23347602716149,0,0,0.640056030273437,1.63,0,-5399.97607421875
100000000000000000000003,1,923125000,0,-48,3.59565096680394,0,0,0.640056030273437,1.63,0,-5399.97607421875
100000000000000000000004,1,923125000,0,-48,4.09879666523043,0,0,0.640056030273437,1.63,0,-5399.97607421875
100000000000000000000001,1,923125000,0,-48,0.21475731030399,0,0,0.640056030273437,1.63,0,-5399.97607421875
100000000000000000000004,1,923125000,0,-48,4.09266074207889,0,0,0.640056030273437,1.63,0,-5399.97607421875
100000000000000000000002,1,923125000,0,-45,2.1905245651007,0,0,0.640056030273437,1.63,0,-5399.97607421875
100000000000000000000000,1,923125000,0,-53.5,5.12349583153804,0,0,0.640056030273437,1.63,0,-5399.97607421875
100000000000000000000003,1,923125000,0,-48,3.61405873625857,0,0,0.640056030273437,1.63,0,-5399.97607421875
100000000000000000000005,1,923125000,0,-65.5,2.1046216409791,0,0,0.640056030273437,1.63,0,-5399.97607421875
100000000000000000000002,1,923125000,0,-45,2.1475731030399,0,0,0.640056030273437,1.63,0,-5399.97607421875
100000000000000000000001,1,923125000,0,-48,0.208621387152447,0,0,0.640056030273437,1.63,0,-5399.97607421875
100000000000000000000003,1,923125000,0,-48,3.60178688995549,0,0,0.640056030273437,1.63,0,-5399.97607421875
100000000000000000000004,1,923125000,0,-48,4.10493258838198,0,0,0.640056030273437,1.63,0,-5399.97607421875
100000000000000000000005,1,923125000,0,-65.5,2.04326240946367,0,0,0.640056030273437,1.63,0,-5399.97607421875
100000000000000000000000,1,923125000,0,-53,5.12349583153804,0,0,0.640056030273437,1.63,0,-5399.97607421875
100000000000000000000002,1,923125000,0,-45,2.16598087249453,0,0,0.640056030273437,1.63,0,-5399.97607421875
100000000000000000000004,1,923125000,0,-48,4.09266074207889,0,0,0.640056030273437,1.63,0,-5399.97607421875
100000000000000000000001,1,923125000,0,-48,0.220893233455532,0,0,0.640056030273437,1.63,0,-5399.97607421875
100000000000000000000003,1,923125000,0,-48,3.60792281310703,0,0,0.640056030273437,1.63,0,-5399.97607421875
100000000000000000000000,1,923125000,0,-53.5,5.17258321675038,0,0,0.640056030273437,1.63,0,-5399.97607421875
100000000000000000000005,1,923125000,0,-65,2.03712648631213,0,0,0.640056030273437,1.63,0,-5399.97607421875
100000000000000000000002,1,923125000,0,-45,2.16598087249453,0,0,0.640056030273437,1.63,0,-5399.97607421875
100000000000000000000001,1,923125000,0,-48,0.227029156607075,0,0,0.640056030273437,1.63,0,-5399.97607421875
100000000000000000000003,1,923125000,0,-48,3.60178688995549,0,0,0.640056030273437,1.63,0,-5399.97607421875
100000000000000000000004,1,923125000,0,-48,4.10493258838198,0,0,0.640056030273437,1.63,0,-5399.97607421875
100000000000000000000000,1,923125000,0,-53.5,5.17258321675038,0,0,0.640056030273437,1.63,0,-5399.97607421875
100000000000000000000005,1,923125000,0,-65,2.02485464000905,0,0,0.640056030273437,1.63,0,-5399.97607421875
100000000000000000000000,1,923125000,0,-53.5,5.15417544729575,0,0,0.640056030273437,1.63,0,-5399.97607421875
100000000000000000000005,1,923125000,0,-65.5,2.02485464000905,0,0,0.640056030273437,1.63,0,-5399.97607421875
100000000000000000000001,1,923125000,0,-48,0.190213617697819,0,0,0.640056030273437,1.63,0,-5399.97607421875
100000000000000000000003,1,923125000,0,-48,3.60792281310703,0,0,0.640056030273437,1.63,0,-5399.97607421875
100000000000000000000002,1,923125000,0,-45,2.15370902619144,0,0,0.640056030273437,1.63,0,-5399.97607421875
100000000000000000000004,1,923125000,0,-48,4.10493258838198,0,0,0.640056030273437,1.63,0,-5399.97607421875
100000000000000000000003,1,923125000,0,-48,3.60792281310703,0,0,0.640056030273437,1.63,0,-5399.97607421875
100000000000000000000000,1,923125000,0,-53,5.12349583153804,0,0,0.640056030273437,1.63,0,-5399.97607421875
100000000000000000000004,1,923125000,0,-48.5,4.11720443468506,0,0,0.640056030273437,1.63,0,-5399.97607421875
100000000000000000000002,1,923125000,0,-45,2.15984494934298,0,0,0.640056030273437,1.63,0,-5399.97607421875
100000000000000000000001,1,923125000,0,-48,0.202485464000905,0,0,0.640056030273437,1.63,0,-5399.97607421875
100000000000000000000005,1,923125000,0,-65.5,2.1905245651007,0,0,0.640056030273437,1.63,0,-5399.97607421875
100000000000000000000001,1,923125000,0,-48,0.208621387152447,0,0,0.640056030273437,1.63,0,-5399.97607421875
100000000000000000000003,1,923125000,0,-48,3.60178688995549,0,0,0.640056030273437,1.63,0,-5399.97607421875
100000000000000000000004,1,923125000,0,-48,4.12947628098815,0,0,0.640056030273437,1.63,0,-5399.97607421875
100000000000000000000002,1,923125000,0,-45,2.17211679564607,0,0,0.640056030273437,1.63,0,-5399.97607421875
100000000000000000000005,1,923125000,0,-66,2.04326240946367,0,0,0.640056030273437,1.63,0,-5399.97607421875
100000000000000000000000,1,923125000,0,-53.5,5.15417544729575,0,0,0.640056030273437,1.63,0,-5399.97607421875
100000000000000000000002,1,923125000,0,-45,2.17825271879761,0,0,0.640056030273437,1.63,0,-5399.97607421875
100000000000000000000003,1,923125000,0,-48,3.61405873625857,0,0,0.640056030273437,1.63,0,-5399.97607421875
100000000000000000000005,1,923125000,0,-65.5,2.07394202522139,0,0,0.640056030273437,1.63,0,-5399.97607421875
100000000000000000000004,1,923125000,0,-48,4.09879666523043,0,0,0.640056030273437,1.63,0,-5399.97607421875
100000000000000000000001,1,923125000,0,-48,0.220893233455532,0,0,0.640056030273437,1.63,0,-5399.97607421875
100000000000000000000000,1,923125000,0,-53.5,5.1173599083865,0,0,0.640056030273437,1.63,0,-5399.97607421875
100000000000000000000005,1,923125000,0,-65,2.04939833261522,0,0,0.640056030273437,1.63,0,-5399.97607421875
100000000000000000000003,1,923125000,0,-48,3.59565096680394,0,0,0.640056030273437,1.63,0,-5399.97607421875
100000000000000000000001,1,923125000,0,-48,0.208621387152447,0,0,0.640056030273437,1.63,0,-5399.97607421875
100000000000000000000004,1,923125000,0,-48,4.09879666523043,0,0,0.640056030273437,1.63,0,-5399.97607421875
100000000000000000000002,1,923125000,0,-45,2.16598087249453,0,0,0.640056030273437,1.63,0,-5399.97607421875
100000000000000000000000,1,923125000,0,-53.5,5.14190360099267,0,0,0.640056030273437,1.63,0,-5399.97607421875
100000000000000000000000,1,923125000,0,-53.5,5.13576767784113,0,0,0.640056030273437,1.63,0,-5399.97607421875
100000000000000000000004,1,923125000,0,-48,4.11106851153352,0,0,0.640056030273437,1.63,0,-5399.97607421875
100000000000000000000005,1,923125000,0,-65.5,1.98803910109979,0,0,0.640056030273437,1.63,0,-5399.97607421875
100000000000000000000003,1,923125000,0,-48,3.60178688995549,0,0,0.640056030273437,1.63,0,-5399.97607421875
100000000000000000000002,1,923125000,0,-45,2.16598087249453,0,0,0.640056030273437,1.63,0,-5399.97607421875
100000000000000000000001,1,923125000,0,-48,0.202485464000905,0,0,0.640056030273437,1.63,0,-5399.97607421875
100000000000000000000000,1,923125000,0,-53.5,5.15417544729575,0,0,0.640056030273437,1.63,0,-5399.97607421875
100000000000000000000002,1,923125000,0,-45,2.15984494934298,0,0,0.640056030273437,1.63,0,-5399.97607421875
100000000000000000000003,1,923125000,0,-47.5,3.60792281310703,0,0,0.640056030273437,1.63,0,-5399.97607421875
100000000000000000000004,1,923125000,0,-48,4.08652481892735,0,0,0.640056030273437,1.63,0,-5399.97607421875
100000000000000000000001,1,923125000,0,-48,0.21475731030399,0,0,0.640056030273437,1.63,0,-5399.97607421875
100000000000000000000005,1,923125000,0,-65.5,2.04939833261522,0,0,0.640056030273437,1.63,0,-5399.97607421875
100000000000000000000004,1,923125000,0,-48,4.09879666523043,0,0,0.640056030273437,1.63,0,-5399.97607421875
100000000000000000000001,1,923125000,0,-48,0.21475731030399,0,0,0.640056030273437,1.63,0,-5399.97607421875
100000000000000000000003,1,923125000,0,-48,3.60792281310703,0,0,0.640056030273437,1.63,0,-5399.97607421875
100000000000000000000002,1,923125000,0,-45,2.14143717988835,0,0,0.640056030273437,1.63,0,-5399.97607421875
100000000000000000000000,1,923125000,0,-53.5,5.14190360099267,0,0,0.640056030273437,1.63,0,-5399.97607421875
100000000000000000000005,1,923125000,0,-66,2.12302941043373,0,0,0.640056030273437,1.63,0,-5399.97607421875
100000000000000000000005,1,923125000,0,-65,2.23961195031304,0,0,0.640056030273437,1.63,0,-5399.97607421875
100000000000000000000004,1,923125000,0,-48,4.08652481892735,0,0,0.640056030273437,1.63,0,-5399.97607421875
100000000000000000000002,1,923125000,0,-45,2.17211679564607,0,0,0.640056030273437,1.63,0,-5399.97607421875
100000000000000000000003,1,923125000,0,-48,3.60178688995549,0,0,0.640056030273437,1.63,0,-5399.97607421875
100000000000000000000000,1,923125000,0,-53.5,5.1603113704473,0,0,0.640056030273437,1.63,0,-5399.97607421875
100000000000000000000001,1,923125000,0,-48,0.196349540849362,0,0,0.640056030273437,1.63,0,-5399.97607421875
100000000000000000000004,1,923125000,0,-48,4.09879666523043,0,0,0.640056030273437,1.63,0,-5399.97607421875
100000000000000000000002,1,923125000,0,-45,2.15370902619144,0,0,0.640056030273437,1.63,0,-5399.97607421875
100000000000000000000003,1,923125000,0,-48,3.62019465941011,0,0,0.640056030273437,1.63,0,-5399.97607421875
100000000000000000000001,1,923125000,0,-48,0.208621387152447,0,0,0.640056030273437,1.63,0,-5399.97607421875
100000000000000000000000,1,923125000,0,-53.5,5.13576767784113,0,0,0.640056030273437,1.63,0,-5399.97607421875
100000000000000000000005,1,923125000,0,-65,2.03099056316059,0,0,0.640056030273437,1.63,0,-5399.97607421875
100000000000000000000000,1,923125000,0,-53.5,5.14803952414421,0,0,0.640056030273437,1.63,0,-5399.97607421875
100000000000000000000001,1,923125000,0,-48,0.21475731030399,0,0,0.640056030273437,1.63,0,-5399.97607421875
100000000000000000000003,1,923125000,0,-48,3.60178688995549,0,0,0.640056030273437,1.63,0,-5399.97607421875
100000000000000000000004,1,923125000,0,-48.5,4.09879666523043,0,0,0.640056030273437,1.63,0,-5399.97607421875
100000000000000000000002,1,923125000,0,-45,2.15984494934298,0,0,0.640056030273437,1.63,0,-5399.97607421875
100000000000000000000005,1,923125000,0,-65.5,2.20279641140378,0,0,0.640056030273437,1.63,0,-5399.97607421875
100000000000000000000002,1,923125000,0,-45,2.15984494934298,0,0,0.640056030273437,1.63,0,-5399.97607421875
100000000000000000000001,1,923125000,0,-48,0.202485464000905,0,0,0.640056030273437,1.63,0,-5399.97607421875
100000000000000000000003,1,923125000,0,-48,3.59565096680394,0,0,0.640056030273437,1.63,0,-5399.97607421875
100000000000000000000004,1,923125000,0,-48.5,4.09879666523043,0,0,0.640056030273437,1.63,0,-5399.97607421875
100000000000000000000005,1,923125000,0,-66,2.11689348728218,0,0,0.640056030273437,1.63,0,-5399.97607421875
100000000000000000000000,1,923125000,0,-53.5,5.1603113704473,0,0,0.640056030273437,1.63,0,-5399.97607421875
100000000000000000000004,1,923125000,0,-48,4.10493258838198,0,0,0.640056030273437,1.63,0,-5399.97607421875
100000000000000000000005,1,923125000,0,-65,2.14143717988835,0,0,0.640056030273437,1.63,0,-5399.97607421875
100000000000000000000003,1,923125000,0,-48,3.58337912050086,0,0,0.640056030273437,1.63,0,-5399.97607421875
100000000000000000000001,1,923125000,0,-48,0.190213617697819,0,0,0.640056030273437,1.63,0,-5399.97607421875
100000000000000000000000,1,923125000,0,-53.5,5.12349583153804,0,0,0.640056030273437,1.63,0,-5399.97607421875
100000000000000000000002,1,923125000,0,-45,2.1475731030399,0,0,0.640056030273437,1.63,0,-5399.97607421875
100000000000000000000000,1,923125000,0,-53.5,5.14803952414421,0,0,0.640056030273437,1.63,0,-5399.97607421875
100000000000000000000001,1,923125000,0,-48,0.208621387152447,0,0,0.640056030273437,1.63,0,-5399.97607421875
100000000000000000000004,1,923125000,0,-48,4.07425297262426,0,0,0.640056030273437,1.63,0,-5399.97607421875
100000000000000000000005,1,923125000,0,-65,2.23961195031304,0,0,0.640056030273437,1.63,0,-5399.97607421875
100000000000000000000002,1,923125000,0,-45,2.14143717988835,0,0,0.640056030273437,1.63,0,-5399.97607421875
100000000000000000000003,1,923125000,0,-47.5,3.5895150436524,0,0,0.640056030273437,1.63,0,-5399.97607421875
100000000000000000000005,1,923125000,0,-65,2.06780610206984,0,0,0.640056030273437,1.63,0,-5399.97607421875
100000000000000000000002,1,923125000,0,-45,2.16598087249453,0,0,0.640056030273437,1.63,0,-5399.97607421875
100000000000000000000003,1,923125000,0,-48,3.59565096680394,0,0,0.640056030273437,1.63,0,-5399.97607421875
100000000000000000000001,1,923125000,0,-48,0.202485464000905,0,0,0.640056030273437,1.63,0,-5399.97607421875
100000000000000000000000,1,923125000,0,-53.5,5.14803952414421,0,0,0.640056030273437,1.63,0,-5399.97607421875
100000000000000000000004,1,923125000,0,-48,4.09879666523043,0,0,0.640056030273437,1.63,0,-5399.97607421875
100000000000000000000000,1,923125000,0,-53.5,5.14190360099267,0,0,0.640056030273437,1.63,0,-5399.97607421875
100000000000000000000004,1,923125000,0,-48.5,4.10493258838198,0,0,0.640056030273437,1.63,0,-5399.97607421875
100000000000000000000003,1,923125000,0,-48,3.5895150436524,0,0,0.640056030273437,1.63,0,-5399.97607421875
100000000000000000000005,1,923125000,0,-65,2.12302941043373,0,0,0.640056030273437,1.63,0,-5399.97607421875
100000000000000000000001,1,923125000,0,-48,0.21475731030399,0,0,0.640056030273437,1.63,0,-5399.97607421875
100000000000000000000002,1,923125000,0,-45,2.1475731030399,0,0,0.640056030273437,1.63,0,-5399.97607421875
100000000000000000000004,1,923125000,0,-48,4.08038889577581,0,0,0.640056030273437,1.63,0,-5399.97607421875
100000000000000000000003,1,923125000,0,-48,3.60792281310703,0,0,0.640056030273437,1.63,0,-5399.97607421875
100000000000000000000000,1,923125000,0,-53.5,5.14190360099267,0,0,0.640056030273437,1.63,0,-5399.97607421875
100000000000000000000001,1,923125000,0,-48,0.208621387152447,0,0,0.640056030273437,1.63,0,-5399.97607421875
100000000000000000000002,1,923125000,0,-45,2.1475731030399,0,0,0.640056030273437,1.63,0,-5399.97607421875
100000000000000000000005,1,923125000,0,-65,2.08621387152447,0,0,0.640056030273437,1.63,0,-5399.97607421875
100000000000000000000004,1,923125000,0,-48,4.10493258838198,0,0,0.640056030273437,1.63,0,-5399.97607421875
100000000000000000000000,1,923125000,0,-53.5,5.12349583153804,0,0,0.640056030273437,1.63,0,-5399.97607421875
100000000000000000000003,1,923125000,0,-48,3.60792281310703,0,0,0.640056030273437,1.63,0,-5399.97607421875
100000000000000000000005,1,923125000,0,-65.5,2.24574787346458,0,0,0.640056030273437,1.63,0,-5399.97607421875
100000000000000000000002,1,923125000,0,-45,2.15984494934298,0,0,0.640056030273437,1.63,0,-5399.97607421875
100000000000000000000001,1,923125000,0,-48,0.190213617697819,0,0,0.640056030273437,1.63,0,-5399.97607421875
100000000000000000000003,1,923125000,0,-48,3.60792281310703,0,0,0.640056030273437,1.63,0,-5399.97607421875
100000000000000000000000,1,923125000,0,-53.5,5.14190360099267,0,0,0.640056030273437,1.63,0,-5399.97607421875
100000000000000000000002,1,923125000,0,-45,2.14143717988835,0,0,0.640056030273437,1.63,0,-5399.97607421875
100000000000000000000004,1,923125000,0,-48,4.09266074207889,0,0,0.640056030273437,1.63,0,-5399.97607421875
100000000000000000000001,1,923125000,0,-48,0.196349540849362,0,0,0.640056030273437,1.63,0,-5399.97607421875
100000000000000000000005,1,923125000,0,-66,2.22120418085841,0,0,0.640056030273437,1.63,0,-5399.97607421875
100000000000000000000000,1,923125000,0,-53.5,5.19099098620501,0,0,0.640056030273437,1.63,0,-5399.97607421875
100000000000000000000001,1,923125000,0,-48,0.190213617697819,0,0,0.640056030273437,1.63,0,-5399.97607421875
100000000000000000000005,1,923125000,0,-66,2.15370902619144,0,0,0.640056030273437,1.63,0,-5399.97607421875
100000000000000000000002,1,923125000,0,-45,2.1905245651007,0,0,0.640056030273437,1.63,0,-5399.97607421875
100000000000000000000003,1,923125000,0,-47.5,3.58337912050086,0,0,0.640056030273437,1.63,0,-5399.97607421875
100000000000000000000004,1,923125000,0,-48,4.08652481892735,0,0,0.640056030273437,1.63,0,-5399.97607421875
100000000000000000000004,1,923125000,0,-48,4.06198112632118,0,0,0.640056030273437,1.63,0,-5399.97607421875
100000000000000000000001,1,923125000,0,-48,0.196349540849362,0,0,0.640056030273437,1.63,0,-5399.97607421875
100000000000000000000003,1,923125000,0,-48,3.61405873625857,0,0,0.640056030273437,1.63,0,-5399.97607421875
100000000000000000000002,1,923125000,0,-45,2.15984494934298,0,0,0.640056030273437,1.63,0,-5399.97607421875
100000000000000000000000,1,923125000,0,-53.5,5.14803952414421,0,0,0.640056030273437,1.63,0,-5399.97607421875
100000000000000000000005,1,923125000,0,-65,2.03099056316059,0,0,0.640056030273437,1.63,0,-5399.97607421875
100000000000000000000002,1,923125000,0,-45,2.15984494934298,0,0,0.640056030273437,1.63,0,-5399.97607421875
100000000000000000000000,1,923125000,0,-53.5,5.12963175468958,0,0,0.640056030273437,1.63,0,-5399.97607421875
100000000000000000000005,1,923125000,0,-65.5,1.96963133164516,0,0,0.640056030273437,1.63,0,-5399.97607421875
100000000000000000000004,1,923125000,0,-48,4.09266074207889,0,0,0.640056030273437,1.63,0,-5399.97607421875
100000000000000000000003,1,923125000,0,-47.5,3.59565096680394,0,0,0.640056030273437,1.63,0,-5399.97607421875
100000000000000000000001,1,923125000,0,-48,0.153398078788564,0,0,0.640056030273437,1.63,0,-5399.97607421875
100000000000000000000001,1,923125000,0,-48,0.208621387152447,0,0,0.640056030273437,1.63,0,-5399.97607421875
100000000000000000000000,1,923125000,0,-53,5.13576767784113,0,0,0.640056030273437,1.63,0,-5399.97607421875
100000000000000000000002,1,923125000,0,-45,2.15984494934298,0,0,0.640056030273437,1.63,0,-5399.97607421875
100000000000000000000005,1,923125000,0,-65,2.17211679564607,0,0,0.640056030273437,1.63,0,-5399.97607421875
100000000000000000000004,1,923125000,0,-48,4.09266074207889,0,0,0.640056030273437,1.63,0,-5399.97607421875
100000000000000000000003,1,923125000,0,-48,3.60178688995549,0,0,0.640056030273437,1.63,0,-5399.97607421875
100000000000000000000002,1,923125000,0,-45,2.15984494934298,0,0,0.640056030273437,1.63,0,-5399.97607421875
100000000000000000000001,1,923125000,0,-48,0.190213617697819,0,0,0.640056030273437,1.63,0,-5399.97607421875
100000000000000000000003,1,923125000,0,-48,3.60792281310703,0,0,0.640056030273437,1.63,0,-5399.97607421875
100000000000000000000000,1,923125000,0,-53.5,5.14190360099267,0,0,0.640056030273437,1.63,0,-5399.97607421875
100000000000000000000005,1,923125000,0,-65.5,2.22120418085841,0,0,0.640056030273437,1.63,0,-5399.97607421875
100000000000000000000004,1,923125000,0,-48,4.09879666523043,0,0,0.640056030273437,1.63,0,-5399.97607421875
100000000000000000000005,1,923125000,0,-65.5,2.12916533358527,0,0,0.640056030273437,1.63,0,-5399.97607421875
100000000000000000000004,1,923125000,0,-48,4.09266074207889,0,0,0.640056030273437,1.63,0,-5399.97607421875
100000000000000000000002,1,923125000,0,-45,2.17211679564607,0,0,0.640056030273437,1.63,0,-5399.97607421875
100000000000000000000000,1,923125000,0,-53.5,5.12963175468958,0,0,0.640056030273437,1.63,0,-5399.97607421875
100000000000000000000001,1,923125000,0,-48,0.202485464000905,0,0,0.640056030273437,1.63,0,-5399.97607421875
100000000000000000000003,1,923125000,0,-48,3.62019465941011,0,0,0.640056030273437,1.63,0,-5399.97607421875
100000000000000000000001,1,923125000,0,-48,0.184077694546277,0,0,0.640056030273437,1.63,0,-5399.97607421875
100000000000000000000000,1,923125000,0,-53.5,5.11122398523496,0,0,0.640056030273437,1.63,0,-5399.97607421875
100000000000000000000004,1,923125000,0,-48,4.09879666523043,0,0,0.640056030273437,1.63,0,-5399.97607421875
100000000000000000000002,1,923125000,0,-45,2.16598087249453,0,0,0.640056030273437,1.63,0,-5399.97607421875
100000000000000000000005,1,923125000,0,-65,2.22734010400995,0,0,0.640056030273437,1.63,0,-5399.97607421875
100000000000000000000003,1,923125000,0,-48,3.60178688995549,0,0,0.640056030273437,1.63,0,-5399.97607421875
100000000000000000000001,1,923125000,0,-48,0.21475731030399,0,0,0.640056030273437,1.63,0,-5399.97607421875
100000000000000000000003,1,923125000,0,-48,3.59565096680394,0,0,0.640056030273437,1.63,0,-5399.97607421875
100000000000000000000002,1,923125000,0,-45,2.1475731030399,0,0,0.640056030273437,1.63,0,-5399.97607421875
100000000000000000000004,1,923125000,0,-48,4.07425297262426,0,0,0.640056030273437,1.63,0,-5399.97607421875
100000000000000000000000,1,923125000,0,-53.5,5.15417544729575,0,0,0.640056030273437,1.63,0,-5399.97607421875
100000000000000000000005,1,923125000,0,-64.5,1.93895171588745,0,0,0.640056030273437,1.63,0,-5399.97607421875
100000000000000000000001,1,923125000,0,-48,0.208621387152447,0,0,0.640056030273437,1.63,0,-5399.97607421875
100000000000000000000002,1,923125000,0,-45,2.20279641140378,0,0,0.640056030273437,1.63,0,-5399.97607421875
100000000000000000000004,1,923125000,0,-48,4.10493258838198,0,0,0.640056030273437,1.63,0,-5399.97607421875
100000000000000000000005,1,923125000,0,-65.5,2.00644687055442,0,0,0.640056030273437,1.63,0,-5399.97607421875
100000000000000000000003,1,923125000,0,-48,3.60792281310703,0,0,0.640056030273437,1.63,0,-5399.97607421875
100000000000000000000000,1,923125000,0,-53.5,5.14803952414421,0,0,0.640056030273437,1.63,0,-5399.97607421875
100000000000000000000001,1,923125000,0,-48,0.190213617697819,0,0,0.640056030273437,1.63,0,-5399.97607421875
100000000000000000000003,1,923125000,0,-48,3.59565096680394,0,0,0.640056030273437,1.63,0,-5399.97607421875
100000000000000000000000,1,923125000,0,-53.5,5.17258321675038,0,0,0.640056030273437,1.63,0,-5399.97607421875
100000000000000000000005,1,923125000,0,-65.5,2.25801971976766,0,0,0.640056030273437,1.63,0,-5399.97607421875
100000000000000000000002,1,923125000,0,-45,2.14143717988835,0,0,0.640056030273437,1.63,0,-5399.97607421875
100000000000000000000004,1,923125000,0,-48,4.09879666523043,0,0,0.640056030273437,1.63,0,-5399.97607421875
100000000000000000000000,1,923125000,0,-53.5,5.13576767784113,0,0,0.640056030273437,1.63,0,-5399.97607421875
100000000000000000000002,1,923125000,0,-45,2.15984494934298,0,0,0.640056030273437,1.63,0,-5399.97607421875
100000000000000000000004,1,923125000,0,-48,4.10493258838198,0,0,0.640056030273437,1.63,0,-5399.97607421875
100000000000000000000005,1,923125000,0,-65.5,2.02485464000905,0,0,0.640056030273437,1.63,0,-5399.97607421875
100000000000000000000003,1,923125000,0,-47.5,3.57724319734932,0,0,0.640056030273437,1.63,0,-5399.97607421875
100000000000000000000001,1,923125000,0,-48,0.196349540849362,0,0,0.640056030273437,1.63,0,-5399.97607421875
100000000000000000000001,1,923125000,0,-48,0.21475731030399,0,0,0.640056030273437,1.63,0,-5399.97607421875
100000000000000000000005,1,923125000,0,-65.5,2.12302941043373,0,0,0.640056030273437,1.63,0,-5399.97607421875
100000000000000000000000,1,923125000,0,-53.5,5.11122398523496,0,0,0.640056030273437,1.63,0,-5399.97607421875
100000000000000000000003,1,923125000,0,-48,3.5895150436524,0,0,0.640056030273437,1.63,0,-5399.97607421875
100000000000000000000002,1,923125000,0,-45,2.15370902619144,0,0,0.640056030273437,1.63,0,-5399.97607421875
100000000000000000000004,1,923125000,0,-48,4.09879666523043,0,0,0.640056030273437,1.63,0,-5399.97607421875
100000000000000000000005,1,923125000,0,-65.5,2.22734010400995,0,0,0.640056030273437,1.63,0,-5399.97607421875
100000000000000000000001,1,923125000,0,-48,0.190213617697819,0,0,0.640056030273437,1.63,0,-5399.97607421875
100000000000000000000004,1,923125000,0,-48,4.10493258838198,0,0,0.640056030273437,1.63,0,-5399.97607421875
100000000000000000000003,1,923125000,0,-47.5,3.59565096680394,0,0,0.640056030273437,1.63,0,-5399.97607421875
100000000000000000000002,1,923125000,0,-45,2.17211679564607,0,0,0.640056030273437,1.63,0,-5399.97607421875
100000000000000000000000,1,923125000,0,-53.5,5.12963175468958,0,0,0.640056030273437,1.63,0,-5399.97607421875
100000000000000000000003,1,923125000,0,-48,3.57110727419777,0,0,0.640056030273437,1.63,0,-5399.97607421875
100000000000000000000001,1,923125000,0,-48,0.196349540849362,0,0,0.640056030273437,1.63,0,-5399.97607421875
100000000000000000000005,1,923125000,0,-65.5,2.15370902619144,0,0,0.640056030273437,1.63,0,-5399.97607421875
100000000000000000000002,1,923125000,0,-45,2.16598087249453,0,0,0.640056030273437,1.63,0,-5399.97607421875
100000000000000000000000,1,923125000,0,-53.5,5.15417544729575,0,0,0.640056030273437,1.63,0,-5399.97607421875
100000000000000000000004,1,923125000,0,-48,4.09266074207889,0,0,0.640056030273437,1.63,0,-5399.97607421875
100000000000000000000002,1,923125000,0,-45,2.19666048825224,0,0,0.640056030273437,1.63,0,-5399.97607421875
100000000000000000000005,1,923125000,0,-65.5,1.92667986958437,0,0,0.640056030273437,1.63,0,-5399.97607421875
100000000000000000000000,1,923125000,0,-53.5,5.12349583153804,0,0,0.640056030273437,1.63,0,-5399.97607421875
100000000000000000000004,1,923125000,0,-48,4.09879666523043,0,0,0.640056030273437,1.63,0,-5399.97607421875
100000000000000000000003,1,923125000,0,-48,3.60792281310703,0,0,0.640056030273437,1.63,0,-5399.97607421875
100000000000000000000001,1,923125000,0,-48,0.184077694546277,0,0,0.640056030273437,1.63,0,-5399.97607421875
100000000000000000000002,1,923625000,0,-45.5,2.36846633649543,0,0,0.640056030273437,1.63,0,-5399.97607421875
100000000000000000000005,1,923625000,0,-66,2.32551487443463,0,0,0.640056030273437,1.63,0,-5399.97607421875
100000000000000000000003,1,923625000,0,-48,3.79200050765331,0,0,0.640056030273437,1.63,0,-5399.97607421875
100000000000000000000004,1,923625000,0,-47.5,4.30741805238288,0,0,0.640056030273437,1.63,0,-5399.97607421875
100000000000000000000000,1,923625000,0,-53.5,5.38734052705437,0,0,0.640056030273437,1.63,0,-5399.97607421875
100000000000000000000001,1,923625000,0,-47.5,0.435650543759522,0,0,0.640056030273437,1.63,0,-5399.97607421875
100000000000000000000000,1,923625000,0,-54,5.39347645020591,0,0,0.640056030273437,1.63,0,-5399.97607421875
100000000000000000000004,1,923625000,0,-47.5,4.30741805238288,0,0,0.640056030273437,1.63,0,-5399.97607421875
100000000000000000000005,1,923625000,0,-66,2.31937895128309,0,0,0.640056030273437,1.63,0,-5399.97607421875
100000000000000000000003,1,923625000,0,-48,3.79200050765331,0,0,0.640056030273437,1.63,0,-5399.97607421875
100000000000000000000002,1,923625000,0,-45.5,2.36233041334389,0,0,0.640056030273437,1.63,0,-5399.97607421875
100000000000000000000001,1,923625000,0,-47.5,0.441786466911065,0,0,0.640056030273437,1.63,0,-5399.97607421875
100000000000000000000003,1,923625000,0,-48,3.80427235395639,0,0,0.640056030273437,1.63,0,-5399.97607421875
100000000000000000000004,1,923625000,0,-47.5,4.30128212923134,0,0,0.640056030273437,1.63,0,-5399.97607421875
100000000000000000000002,1,923625000,0,-45.5,2.38073818279852,0,0,0.640056030273437,1.63,0,-5399.97607421875
100000000000000000000000,1,923625000,0,-54,5.38734052705437,0,0,0.640056030273437,1.63,0,-5399.97607421875
100000000000000000000001,1,923625000,0,-47.5,0.429514620607979,0,0,0.640056030273437,1.63,0,-5399.97607421875
100000000000000000000005,1,923625000,0,-65.5,2.31937895128309,0,0,0.640056030273437,1.63,0,-5399.97607421875
100000000000000000000002,1,923625000,0,-45.5,2.35619449019234,0,0,0.640056030273437,1.63,0,-5399.97607421875
100000000000000000000003,1,923625000,0,-48,3.80427235395639,0,0,0.640056030273437,1.63,0,-5399.97607421875
100000000000000000000001,1,923625000,0,-47.5,0.45405831321415,0,0,0.640056030273437,1.63,0,-5399.97607421875
100000000000000000000004,1,923625000,0,-47.5,4.30741805238288,0,0,0.640056030273437,1.63,0,-5399.97607421875
100000000000000000000005,1,923625000,0,-66,2.38073818279852,0,0,0.640056030273437,1.63,0,-5399.97607421875
100000000000000000000000,1,923625000,0,-54,5.3627968344482,0,0,0.640056030273437,1.63,0,-5399.97607421875
100000000000000000000000,1,923625000,0,-54,5.38734052705437,0,0,0.640056030273437,1.63,0,-5399.97607421875
100000000000000000000005,1,923625000,0,-66.5,2.35619449019234,0,0,0.640056030273437,1.63,0,-5399.97607421875
100000000000000000000004,1,923625000,0,-47.5,4.31355397553442,0,0,0.640056030273437,1.63,0,-5399.97607421875
100000000000000000000002,1,923625000,0,-45.5,2.36233041334389,0,0,0.640056030273437,1.63,0,-5399.97607421875
100000000000000000000001,1,923625000,0,-47.5,0.429514620607979,0,0,0.640056030273437,1.63,0,-5399.97607421875
100000000000000000000003,1,923625000,0,-48,3.81040827710793,0,0,0.640056030273437,1.63,0,-5399.97607421875
100000000000000000000001,1,923625000,0,-47.5,0.441786466911065,0,0,0.640056030273437,1.63,0,-5399.97607421875
100000000000000000000002,1,923625000,0,-45.5,2.35619449019234,0,0,0.640056030273437,1.63,0,-5399.97607421875
100000000000000000000003,1,923625000,0,-48,3.79813643080485,0,0,0.640056030273437,1.63,0,-5399.97607421875
100000000000000000000000,1,923625000,0,-53.5,5.36893275759974,0,0,0.640056030273437,1.63,0,-5399.97607421875
100000000000000000000004,1,923625000,0,-47.5,4.32582582183751,0,0,0.640056030273437,1.63,0,-5399.97607421875
100000000000000000000005,1,923625000,0,-66,2.17211679564607,0,0,0.640056030273437,1.63,0,-5399.97607421875
100000000000000000000004,1,923625000,0,-47.5,4.30741805238288,0,0,0.640056030273437,1.63,0,-5399.97607421875
100000000000000000000002,1,923625000,0,-45.5,2.37460225964697,0,0,0.640056030273437,1.63,0,-5399.97607421875
100000000000000000000000,1,923625000,0,-53.5,5.36893275759974,0,0,0.640056030273437,1.63,0,-5399.97607421875
100000000000000000000003,1,923625000,0,-48,3.79200050765331,0,0,0.640056030273437,1.63,0,-5399.97607421875
100000000000000000000001,1,923625000,0,-47.5,0.435650543759522,0,0,0.640056030273437,1.63,0,-5399.97607421875
100000000000000000000005,1,923625000,0,-66.5,2.40528187540469,0,0,0.640056030273437,1.63,0,-5399.97607421875
100000000000000000000003,1,923625000,0,-48,3.77972866135022,0,0,0.640056030273437,1.63,0,-5399.97607421875
100000000000000000000000,1,923625000,0,-53.5,5.37506868075129,0,0,0.640056030273437,1.63,0,-5399.97607421875
100000000000000000000005,1,923625000,0,-66,2.3500585670408,0,0,0.640056030273437,1.63,0,-5399.97607421875
100000000000000000000004,1,923625000,0,-47.5,4.31355397553442,0,0,0.640056030273437,1.63,0,-5399.97607421875
100000000000000000000002,1,923625000,0,-45.5,2.38073818279852,0,0,0.640056030273437,1.63,0,-5399.97607421875
100000000000000000000001,1,923625000,0,-47.5,0.447922390062607,0,0,0.640056030273437,1.63,0,-5399.97607421875
100000000000000000000003,1,923625000,0,-47.5,3.77972866135022,0,0,0.640056030273437,1.63,0,-5399.97607421875
100000000000000000000005,1,923625000,0,-66.5,2.31324302813155,0,0,0.640056030273437,1.63,0,-5399.97607421875
100000000000000000000000,1,923625000,0,-53.5,5.405748296509,0,0,0.640056030273437,1.63,0,-5399.97607421875
100000000000000000000001,1,923625000,0,-47.5,0.460194236365693,0,0,0.640056030273437,1.63,0,-5399.97607421875
100000000000000000000004,1,923625000,0,-47.5,4.31968989868597,0,0,0.640056030273437,1.63,0,-5399.97607421875
100000000000000000000002,1,923625000,0,-45.5,2.36846633649543,0,0,0.640056030273437,1.63,0,-5399.97607421875
100000000000000000000004,1,923625000,0,-47.5,4.31968989868597,0,0,0.640056030273437,1.63,0,-5399.97607421875
100000000000000000000003,1,923625000,0,-48,3.78586458450176,0,0,0.640056030273437,1.63,0,-5399.97607421875
100000000000000000000000,1,923625000,0,-53.5,5.38734052705437,0,0,0.640056030273437,1.63,0,-5399.97607421875
100000000000000000000002,1,923625000,0,-45.5,2.39914595225314,0,0,0.640056030273437,1.63,0,-5399.97607421875
100000000000000000000001,1,923625000,0,-47.5,0.435650543759522,0,0,0.640056030273437,1.63,0,-5399.97607421875
100000000000000000000005,1,923625000,0,-66,2.3930100291016,0,0,0.640056030273437,1.63,0,-5399.97607421875
100000000000000000000001,1,923625000,0,-47.5,0.441786466911065,0,0,0.640056030273437,1.63,0,-5399.97607421875
100000000000000000000002,1,923625000,0,-45.5,2.42368964485931,0,0,0.640056030273437,1.63,0,-5399.97607421875
100000000000000000000004,1,923625000,0,-47.5,4.31355397553442,0,0,0.640056030273437,1.63,0,-5399.97607421875
100000000000000000000003,1,923625000,0,-48,3.81040827710793,0,0,0.640056030273437,1.63,0,-5399.97607421875
100000000000000000000005,1,923625000,0,-66,2.28256341237383,0,0,0.640056030273437,1.63,0,-5399.97607421875
100000000000000000000005,1,923625000,0,-66,2.33165079758617,0,0,0.640056030273437,1.63,0,-5399.97607421875
100000000000000000000001,1,923625000,0,-47.5,0.435650543759522,0,0,0.640056030273437,1.63,0,-5399.97607421875
100000000000000000000002,1,923625000,0,-45.5,2.38687410595006,0,0,0.640056030273437,1.63,0,-5399.97607421875
100000000000000000000004,1,923625000,0,-47.5,4.31968989868597,0,0,0.640056030273437,1.63,0,-5399.97607421875
100000000000000000000003,1,923625000,0,-48,3.79200050765331,0,0,0.640056030273437,1.63,0,-5399.97607421875
100000000000000000000000,1,923625000,0,-54,5.39961237335746,0,0,0.640056030273437,1.63,0,-5399.97607421875
100000000000000000000004,1,923625000,0,-47.5,4.31355397553442,0,0,0.640056030273437,1.63,0,-5399.97607421875
100000000000000000000001,1,923625000,0,-47.5,0.435650543759522,0,0,0.640056030273437,1.63,0,-5399.97607421875
100000000000000000000000,1,923625000,0,-53.5,5.39347645020591,0,0,0.640056030273437,1.63,0,-5399.97607421875
100000000000000000000002,1,923625000,0,-45.5,2.41141779855623,0,0,0.640056030273437,1.63,0,-5399.97607421875
100000000000000000000005,1,923625000,0,-65.5,2.22734010400995,0,0,0.640056030273437,1.63,0,-5399.97607421875
100000000000000000000003,1,923625000,0,-48,3.79813643080485,0,0,0.640056030273437,1.63,0,-5399.97607421875
100000000000000000000000,1,923625000,0,-54,5.38734052705437,0,0,0.640056030273437,1.63,0,-5399.97607421875
100000000000000000000002,1,923625000,0,-45.5,2.39914595225314,0,0,0.640056030273437,1.63,0,-5399.97607421875
100000000000000000000005,1,923625000,0,-66,2.50345664582937,0,0,0.640056030273437,1.63,0,-5399.97607421875
100000000000000000000001,1,923625000,0,-47.5,0.447922390062607,0,0,0.640056030273437,1.63,0,-5399.97607421875
100000000000000000000004,1,923625000,0,-47.5,4.30741805238288,0,0,0.640056030273437,1.63,0,-5399.97607421875
100000000000000000000003,1,923625000,0,-48,3.77972866135022,0,0,0.640056030273437,1.63,0,-5399.97607421875
100000000000000000000000,1,923625000,0,-53.5,5.39961237335746,0,0,0.640056030273437,1.63,0,-5399.97607421875
100000000000000000000002,1,923625000,0,-45.5,2.37460225964697,0,0,0.640056030273437,1.63,0,-5399.97607421875
100000000000000000000001,1,923625000,0,-47.5,0.429514620607979,0,0,0.640056030273437,1.63,0,-5399.97607421875
100000000000000000000004,1,923625000,0,-47.5,4.32582582183751,0,0,0.640056030273437,1.63,0,-5399.97607421875
100000000000000000000003,1,923625000,0,-48,3.79813643080485,0,0,0.640056030273437,1.63,0,-5399.97607421875
100000000000000000000005,1,923625000,0,-66,2.35619449019234,0,0,0.640056030273437,1.63,0,-5399.97607421875
100000000000000000000005,1,923625000,0,-66.5,2.29483525867692,0,0,0.640056030273437,1.63,0,-5399.97607421875
100000000000000000000003,1,923625000,0,-48,3.79200050765331,0,0,0.640056030273437,1.63,0,-5399.97607421875
100000000000000000000002,1,923625000,0,-45.5,2.38687410595006,0,0,0.640056030273437,1.63,0,-5399.97607421875
100000000000000000000004,1,923625000,0,-47.5,4.31355397553442,0,0,0.640056030273437,1.63,0,-5399.97607421875
100000000000000000000001,1,923625000,0,-47.5,0.435650543759522,0,0,0.640056030273437,1.63,0,-5399.97607421875
100000000000000000000000,1,923625000,0,-54,5.41188421966054,0,0,0.640056030273437,1.63,0,-5399.97607421875
100000000000000000000005,1,923625000,0,-66,2.34392264388926,0,0,0.640056030273437,1.63,0,-5399.97607421875
100000000000000000000001,1,923625000,0,-47.5,0.441786466911065,0,0,0.640056030273437,1.63,0,-5399.97607421875
100000000000000000000003,1,923625000,0,-48,3.78586458450176,0,0,0.640056030273437,1.63,0,-5399.97607421875
100000000000000000000002,1,923625000,0,-45.5,2.35619449019234,0,0,0.640056030273437,1.63,0,-5399.97607421875
100000000000000000000000,1,923625000,0,-53.5,5.38120460390283,0,0,0.640056030273437,1.63,0,-5399.97607421875
100000000000000000000004,1,923625000,0,-47.5,4.31968989868597,0,0,0.640056030273437,1.63,0,-5399.97607421875
100000000000000000000001,1,923625000,0,-47.5,0.45405831321415,0,0,0.640056030273437,1.63,0,-5399.97607421875
100000000000000000000000,1,923625000,0,-53.5,5.37506868075129,0,0,0.640056030273437,1.63,0,-5399.97607421875
100000000000000000000003,1,923625000,0,-48,3.80427235395639,0,0,0.640056030273437,1.63,0,-5399.97607421875
100000000000000000000004,1,923625000,0,-47.5,4.31355397553442,0,0,0.640056030273437,1.63,0,-5399.97607421875
100000000000000000000002,1,923625000,0,-45.5,2.39914595225314,0,0,0.640056030273437,1.63,0,-5399.97607421875
100000000000000000000005,1,923625000,0,-66,2.31324302813155,0,0,0.640056030273437,1.63,0,-5399.97607421875
100000000000000000000001,1,923625000,0,-47.5,0.45405831321415,0,0,0.640056030273437,1.63,0,-5399.97607421875
100000000000000000000002,1,923625000,0,-45.5,2.3930100291016,0,0,0.640056030273437,1.63,0,-5399.97607421875
100000000000000000000000,1,923625000,0,-53.5,5.405748296509,0,0,0.640056030273437,1.63,0,-5399.97607421875
100000000000000000000005,1,923625000,0,-65.5,2.16598087249453,0,0,0.640056030273437,1.63,0,-5399.97607421875
100000000000000000000004,1,923625000,0,-47.5,4.31355397553442,0,0,0.640056030273437,1.63,0,-5399.97607421875
100000000000000000000003,1,923625000,0,-48,3.77972866135022,0,0,0.640056030273437,1.63,0,-5399.97607421875
100000000000000000000000,1,923625000,0,-53.5,5.37506868075129,0,0,0.640056030273437,1.63,0,-5399.97607421875
100000000000000000000001,1,923625000,0,-47.5,0.45405831321415,0,0,0.640056030273437,1.63,0,-5399.97607421875
100000000000000000000004,1,923625000,0,-47.5,4.33196174498905,0,0,0.640056030273437,1.63,0,-5399.97607421875
100000000000000000000003,1,923625000,0,-48,3.79200050765331,0,0,0.640056030273437,1.63,0,-5399.97607421875
100000000000000000000002,1,923625000,0,-45.5,2.37460225964697,0,0,0.640056030273437,1.63,0,-5399.97607421875
100000000000000000000005,1,923625000,0,-66.5,2.23961195031304,0,0,0.640056030273437,1.63,0,-5399.97607421875
100000000000000000000004,1,923625000,0,-47.5,4.33196174498905,0,0,0.640056030273437,1.63,0,-5399.97607421875
100000000000000000000003,1,923625000,0,-48,3.78586458450176,0,0,0.640056030273437,1.63,0,-5399.97607421875
100000000000000000000001,1,923625000,0,-47.5,0.441786466911065,0,0,0.640056030273437,1.63,0,-5399.97607421875
100000000000000000000002,1,923625000,0,-45.5,2.38073818279852,0,0,0.640056030273437,1.63,0,-5399.97607421875
100000000000000000000000,1,923625000,0,-54,5.39347645020591,0,0,0.640056030273437,1.63,0,-5399.97607421875
100000000000000000000005,1,923625000,0,-65.5,2.31324302813155,0,0,0.640056030273437,1.63,0,-5399.97607421875
100000000000000000000003,1,923625000,0,-47.5,3.79200050765331,0,0,0.640056030273437,1.63,0,-5399.97607421875
100000000000000000000000,1,923625000,0,-54,5.39961237335746,0,0,0.640056030273437,1.63,0,-5399.97607421875
100000000000000000000001,1,923625000,0,-47.5,0.460194236365693,0,0,0.640056030273437,1.63,0,-5399.97607421875
100000000000000000000002,1,923625000,0,-45.5,2.38687410595006,0,0,0.640056030273437,1.63,0,-5399.97607421875
100000000000000000000005,1,923625000,0,-66,2.30097118182846,0,0,0.640056030273437,1.63,0,-5399.97607421875
100000000000000000000004,1,923625000,0,-47.5,4.33196174498905,0,0,0.640056030273437,1.63,0,-5399.97607421875
100000000000000000000000,1,923625000,0,-54,5.405748296509,0,0,0.640056030273437,1.63,0,-5399.97607421875
100000000000000000000002,1,923625000,0,-45.5,2.3500585670408,0,0,0.640056030273437,1.63,0,-5399.97607421875
100000000000000000000003,1,923625000,0,-48,3.77972866135022,0,0,0.640056030273437,1.63,0,-5399.97607421875
100000000000000000000004,1,923625000,0,-47.5,4.31968989868597,0,0,0.640056030273437,1.63,0,-5399.97607421875
100000000000000000000001,1,923625000,0,-47.5,0.45405831321415,0,0,0.640056030273437,1.63,0,-5399.97607421875
100000000000000000000005,1,923625000,0,-66,2.09848571782756,0,0,0.640056030273437,1.63,0,-5399.97607421875
100000000000000000000003,1,923625000,0,-48,3.80427235395639,0,0,0.640056030273437,1.63,0,-5399.97607421875
100000000000000000000002,1,923625000,0,-45.5,2.36846633649543,0,0,0.640056030273437,1.63,0,-5399.97607421875
100000000000000000000000,1,923625000,0,-54,5.36893275759974,0,0,0.640056030273437,1.63,0,-5399.97607421875
100000000000000000000001,1,923625000,0,-47.5,0.45405831321415,0,0,0.640056030273437,1.63,0,-5399.97607421875
100000000000000000000004,1,923625000,0,-47.5,4.30741805238288,0,0,0.640056030273437,1.63,0,-5399.97607421875
100000000000000000000005,1,923625000,0,-66,2.36233041334389,0,0,0.640056030273437,1.63,0,-5399.97607421875
100000000000000000000004,1,923625000,0,-47.5,4.31968989868597,0,0,0.640056030273437,1.63,0,-5399.97607421875
100000000000000000000000,1,923625000,0,-53.5,5.39347645020591,0,0,0.640056030273437,1.63,0,-5399.97607421875
100000000000000000000003,1,923625000,0,-48,3.80427235395639,0,0,0.640056030273437,1.63,0,-5399.97607421875
100000000000000000000005,1,923625000,0,-66,2.24574787346458,0,0,0.640056030273437,1.63,0,-5399.97607421875
100000000000000000000002,1,923625000,0,-45.5,2.35619449019234,0,0,0.640056030273437,1.63,0,-5399.97607421875
100000000000000000000001,1,923625000,0,-47.5,0.447922390062607,0,0,0.640056030273437,1.63,0,-5399.97607421875
100000000000000000000004,1,923625000,0,-47.5,4.31968989868597,0,0,0.640056030273437,1.63,0,-5399.97607421875
100000000000000000000002,1,923625000,0,-45.5,2.36233041334389,0,0,0.640056030273437,1.63,0,-5399.97607421875
100000000000000000000003,1,923625000,0,-48,3.77972866135022,0,0,0.640056030273437,1.63,0,-5399.97607421875
100000000000000000000005,1,923625000,0,-65,2.31324302813155,0,0,0.640056030273437,1.63,0,-5399.97607421875
100000000000000000000000,1,923625000,0,-53.5,5.39961237335746,0,0,0.640056030273437,1.63,0,-5399.97607421875
100000000000000000000001,1,923625000,0,-47.5,0.447922390062607,0,0,0.640056030273437,1.63,0,-5399.97607421875
100000000000000000000002,1,923625000,0,-45.5,2.38073818279852,0,0,0.640056030273437,1.63,0,-5399.97607421875
100000000000000000000005,1,923625000,0,-66,2.25801971976766,0,0,0.640056030273437,1.63,0,-5399.97607421875
100000000000000000000003,1,923625000,0,-48,3.79200050765331,0,0,0.640056030273437,1.63,0,-5399.97607421875
100000000000000000000004,1,923625000,0,-47.5,4.31355397553442,0,0,0.640056030273437,1.63,0,-5399.97607421875
100000000000000000000000,1,923625000,0,-53.5,5.38120460390283,0,0,0.640056030273437,1.63,0,-5399.97607421875
100000000000000000000001,1,923625000,0,-47.5,0.447922390062607,0,0,0.640056030273437,1.63,0,-5399.97607421875
100000000000000000000001,1,923625000,0,-47.5,0.441786466911065,0,0,0.640056030273437,1.63,0,-5399.97607421875
100000000000000000000002,1,923625000,0,-45.5,2.3930100291016,0,0,0.640056030273437,1.63,0,-5399.97607421875
100000000000000000000005,1,923625000,0,-66,2.36846633649543,0,0,0.640056030273437,1.63,0,-5399.97607421875
100000000000000000000004,1,923625000,0,-47.5,4.31355397553442,0,0,0.640056030273437,1.63,0,-5399.97607421875
100000000000000000000000,1,923625000,0,-53.5,5.37506868075129,0,0,0.640056030273437,1.63,0,-5399.97607421875
100000000000000000000003,1,923625000,0,-48,3.79200050765331,0,0,0.640056030273437,1.63,0,-5399.97607421875
100000000000000000000002,1,923625000,0,-45.5,2.3500585670408,0,0,0.640056030273437,1.63,0,-5399.97607421875
100000000000000000000005,1,923625000,0,-65,2.20279641140378,0,0,0.640056030273437,1.63,0,-5399.97607421875
100000000000000000000000,1,923625000,0,-54,5.39347645020591,0,0,0.640056030273437,1.63,0,-5399.97607421875
100000000000000000000003,1,923625000,0,-48,3.79200050765331,0,0,0.640056030273437,1.63,0,-5399.97607421875
100000000000000000000001,1,923625000,0,-47.5,0.447922390062607,0,0,0.640056030273437,1.63,0,-5399.97607421875
100000000000000000000004,1,923625000,0,-47.5,4.32582582183751,0,0,0.640056030273437,1.63,0,-5399.97607421875
100000000000000000000003,1,923625000,0,-48,3.77972866135022,0,0,0.640056030273437,1.63,0,-5399.97607421875
100000000000000000000001,1,923625000,0,-47.5,0.447922390062607,0,0,0.640056030273437,1.63,0,-5399.97607421875
100000000000000000000000,1,923625000,0,-53.5,5.41188421966054,0,0,0.640056030273437,1.63,0,-5399.97607421875
100000000000000000000002,1,923625000,0,-45.5,2.38687410595006,0,0,0.640056030273437,1.63,0,-5399.97607421875
100000000000000000000004,1,923625000,0,-47.5,4.30741805238288,0,0,0.640056030273437,1.63,0,-5399.97607421875
100000000000000000000005,1,923625000,0,-66,2.38687410595006,0,0,0.640056030273437,1.63,0,-5399.97607421875
100000000000000000000005,1,923625000,0,-66,2.28256341237383,0,0,0.640056030273437,1.63,0,-5399.97607421875
100000000000000000000004,1,923625000,0,-47.5,4.31968989868597,0,0,0.640056030273437,1.63,0,-5399.97607421875
100000000000000000000000,1,923625000,0,-53.5,5.36893275759974,0,0,0.640056030273437,1.63,0,-5399.97607421875
100000000000000000000003,1,923625000,0,-48,3.79813643080485,0,0,0.640056030273437,1.63,0,-5399.97607421875
100000000000000000000002,1,923625000,0,-45.5,2.3930100291016,0,0,0.640056030273437,1.63,0,-5399.97607421875
100000000000000000000001,1,923625000,0,-47.5,0.435650543759522,0,0,0.640056030273437,1.63,0,-5399.97607421875
100000000000000000000004,1,923625000,0,-47.5,4.30128212923134,0,0,0.640056030273437,1.63,0,-5399.97607421875
100000000000000000000003,1,923625000,0,-48,3.81040827710793,0,0,0.640056030273437,1.63,0,-5399.97607421875
100000000000000000000001,1,923625000,0,-47.5,0.45405831321415,0,0,0.640056030273437,1.63,0,-5399.97607421875
100000000000000000000002,1,923625000,0,-45.5,2.35619449019234,0,0,0.640056030273437,1.63,0,-5399.97607421875
100000000000000000000000,1,923625000,0,-53.5,5.39961237335746,0,0,0.640056030273437,1.63,0,-5399.97607421875
100000000000000000000005,1,923625000,0,-66.5,2.35619449019234,0,0,0.640056030273437,1.63,0,-5399.97607421875
100000000000000000000002,1,923625000,0,-45.5,2.35619449019234,0,0,0.640056030273437,1.63,0,-5399.97607421875
100000000000000000000001,1,923625000,0,-47.5,0.460194236365693,0,0,0.640056030273437,1.63,0,-5399.97607421875
100000000000000000000004,1,923625000,0,-47.5,4.30741805238288,0,0,0.640056030273437,1.63,0,-5399.97607421875
100000000000000000000000,1,923625000,0,-54,5.405748296509,0,0,0.640056030273437,1.63,0,-5399.97607421875
100000000000000000000003,1,923625000,0,-48,3.80427235395639,0,0,0.640056030273437,1.63,0,-5399.97607421875
100000000000000000000005,1,923625000,0,-66,2.31324302813155,0,0,0.640056030273437,1.63,0,-5399.97607421875
100000000000000000000001,1,923625000,0,-47.5,0.435650543759522,0,0,0.640056030273437,1.63,0,-5399.97607421875
100000000000000000000003,1,923625000,0,-48,3.77359273819868,0,0,0.640056030273437,1.63,0,-5399.97607421875
100000000000000000000002,1,923625000,0,-45.5,2.3930100291016,0,0,0.640056030273437,1.63,0,-5399.97607421875
100000000000000000000004,1,923625000,0,-47.5,4.32582582183751,0,0,0.640056030273437,1.63,0,-5399.97607421875
100000000000000000000000,1,923625000,0,-53.5,5.3627968344482,0,0,0.640056030273437,1.63,0,-5399.97607421875
100000000000000000000005,1,923625000,0,-65.5,2.33165079758617,0,0,0.640056030273437,1.63,0,-5399.97607421875
100000000000000000000002,1,923625000,0,-45.5,2.38073818279852,0,0,0.640056030273437,1.63,0,-5399.97607421875
100000000000000000000003,1,923625000,0,-48,3.76745681504713,0,0,0.640056030273437,1.63,0,-5399.97607421875
100000000000000000000005,1,923625000,0,-66,2.34392264388926,0,0,0.640056030273437,1.63,0,-5399.97607421875
100000000000000000000000,1,923625000,0,-53.5,5.405748296509,0,0,0.640056030273437,1.63,0,-5399.97607421875
100000000000000000000004,1,923625000,0,-47.5,4.31968989868597,0,0,0.640056030273437,1.63,0,-5399.97607421875
100000000000000000000001,1,923625000,0,-47.5,0.441786466911065,0,0,0.640056030273437,1.63,0,-5399.97607421875
100000000000000000000000,1,923625000,0,-54,5.39961237335746,0,0,0.640056030273437,1.63,0,-5399.97607421875
100000000000000000000005,1,923625000,0,-66,2.30710710498,0,0,0.640056030273437,1.63,0,-5399.97607421875
100000000000000000000001,1,923625000,0,-47.5,0.435650543759522,0,0,0.640056030273437,1.63,0,-5399.97607421875
100000000000000000000004,1,923625000,0,-47.5,4.30128212923134,0,0,0.640056030273437,1.63,0,-5399.97607421875
100000000000000000000003,1,923625000,0,-48,3.80427235395639,0,0,0.640056030273437,1.63,0,-5399.97607421875
100000000000000000000002,1,923625000,0,-45.5,2.39914595225314,0,0,0.640056030273437,1.63,0,-5399.97607421875
100000000000000000000001,1,923625000,0,-47.5,0.45405831321415,0,0,0.640056030273437,1.63,0,-5399.97607421875
100000000000000000000003,1,923625000,0,-48,3.77359273819868,0,0,0.640056030273437,1.63,0,-5399.97607421875
100000000000000000000005,1,923625000,0,-65.5,2.22120418085841,0,0,0.640056030273437,1.63,0,-5399.97607421875
100000000000000000000002,1,923625000,0,-45.5,2.37460225964697,0,0,0.640056030273437,1.63,0,-5399.97607421875
100000000000000000000004,1,923625000,0,-47.5,4.31968989868597,0,0,0.640056030273437,1.63,0,-5399.97607421875
100000000000000000000000,1,923625000,0,-53.5,5.39961237335746,0,0,0.640056030273437,1.63,0,-5399.97607421875
100000000000000000000001,1,923625000,0,-47.5,0.441786466911065,0,0,0.640056030273437,1.63,0,-5399.97607421875
100000000000000000000003,1,923625000,0,-48,3.79200050765331,0,0,0.640056030273437,1.63,0,-5399.97607421875
100000000000000000000002,1,923625000,0,-45.5,2.38073818279852,0,0,0.640056030273437,1.63,0,-5399.97607421875
100000000000000000000005,1,923625000,0,-65.5,2.27029156607075,0,0,0.640056030273437,1.63,0,-5399.97607421875
100000000000000000000004,1,923625000,0,-47.5,4.31968989868597,0,0,0.640056030273437,1.63,0,-5399.97607421875
100000000000000000000000,1,923625000,0,-53.5,5.39347645020591,0,0,0.640056030273437,1.63,0,-5399.97607421875
100000000000000000000000,1,923625000,0,-53.5,5.37506868075129,0,0,0.640056030273437,1.63,0,-5399.97607421875
100000000000000000000001,1,923625000,0,-47.5,0.429514620607979,0,0,0.640056030273437,1.63,0,-5399.97607421875
100000000000000000000002,1,923625000,0,-45.5,2.36233041334389,0,0,0.640056030273437,1.63,0,-5399.97607421875
100000000000000000000004,1,923625000,0,-47.5,4.30128212923134,0,0,0.640056030273437,1.63,0,-5399.97607421875
100000000000000000000005,1,923625000,0,-66.5,2.32551487443463,0,0,0.640056030273437,1.63,0,-5399.97607421875
100000000000000000000003,1,923625000,0,-48,3.79200050765331,0,0,0.640056030273437,1.63,0,-5399.97607421875
100000000000000000000004,1,923625000,0,-47.5,4.31355397553442,0,0,0.640056030273437,1.63,0,-5399.97607421875
100000000000000000000001,1,923625000,0,-47.5,0.45405831321415,0,0,0.640056030273437,1.63,0,-5399.97607421875
100000000000000000000003,1,923625000,0,-48,3.78586458450176,0,0,0.640056030273437,1.63,0,-5399.97607421875
100000000000000000000005,1,923625000,0,-66,2.30097118182846,0,0,0.640056030273437,1.63,0,-5399.97607421875
100000000000000000000000,1,923625000,0,-53.5,5.405748296509,0,0,0.640056030273437,1.63,0,-5399.97607421875
100000000000000000000002,1,923625000,0,-45.5,2.3500585670408,0,0,0.640056030273437,1.63,0,-5399.97607421875
100000000000000000000005,1,923625000,0,-66,2.31324302813155,0,0,0.640056030273437,1.63,0,-5399.97607421875
100000000000000000000000,1,923625000,0,-53.5,5.35666091129666,0,0,0.640056030273437,1.63,0,-5399.97607421875
100000000000000000000001,1,923625000,0,-47.5,0.45405831321415,0,0,0.640056030273437,1.63,0,-5399.97607421875
100000000000000000000003,1,923625000,0,-48,3.79200050765331,0,0,0.640056030273437,1.63,0,-5399.97607421875
100000000000000000000002,1,923625000,0,-45.5,2.36233041334389,0,0,0.640056030273437,1.63,0,-5399.97607421875
100000000000000000000004,1,923625000,0,-47.5,4.31968989868597,0,0,0.640056030273437,1.63,0,-5399.97607421875
100000000000000000000000,1,923625000,0,-53.5,5.41188421966054,0,0,0.640056030273437,1.63,0,-5399.97607421875
100000000000000000000005,1,923625000,0,-66.5,2.3930100291016,0,0,0.640056030273437,1.63,0,-5399.97607421875
100000000000000000000003,1,923625000,0,-47.5,3.77359273819868,0,0,0.640056030273437,1.63,0,-5399.97607421875
100000000000000000000004,1,923625000,0,-47.5,4.30741805238288,0,0,0.640056030273437,1.63,0,-5399.97607421875
100000000000000000000002,1,923625000,0,-45.5,2.39914595225314,0,0,0.640056030273437,1.63,0,-5399.97607421875
100000000000000000000001,1,923625000,0,-47.5,0.45405831321415,0,0,0.640056030273437,1.63,0,-5399.97607421875
100000000000000000000002,1,923625000,0,-45.5,2.36846633649543,0,0,0.640056030273437,1.63,0,-5399.97607421875
100000000000000000000001,1,923625000,0,-47.5,0.447922390062607,0,0,0.640056030273437,1.63,0,-5399.97607421875
100000000000000000000003,1,923625000,0,-48,3.79813643080485,0,0,0.640056030273437,1.63,0,-5399.97607421875
100000000000000000000004,1,923625000,0,-47.5,4.30741805238288,0,0,0.640056030273437,1.63,0,-5399.97607421875
100000000000000000000000,1,923625000,0,-54,5.38734052705437,0,0,0.640056030273437,1.63,0,-5399.97607421875
100000000000000000000005,1,923625000,0,-66.5,2.37460225964697,0,0,0.640056030273437,1.63,0,-5399.97607421875
100000000000000000000004,1,923625000,0,-47.5,4.30128212923134,0,0,0.640056030273437,1.63,0,-5399.97607421875
100000000000000000000000,1,923625000,0,-53.5,5.39961237335746,0,0,0.640056030273437,1.63,0,-5399.97607421875
100000000000000000000005,1,923625000,0,-66.5,2.28869933552538,0,0,0.640056030273437,1.63,0,-5399.97607421875
100000000000000000000002,1,923625000,0,-45.5,2.40528187540469,0,0,0.640056030273437,1.63,0,-5399.97607421875
100000000000000000000001,1,923625000,0,-47.5,0.441786466911065,0,0,0.640056030273437,1.63,0,-5399.97607421875
100000000000000000000003,1,923625000,0,-48,3.79200050765331,0,0,0.640056030273437,1.63,0,-5399.97607421875
100000000000000000000002,1,923625000,0,-45.5,2.38073818279852,0,0,0.640056030273437,1.63,0,-5399.97607421875
100000000000000000000004,1,923625000,0,-47.5,4.30741805238288,0,0,0.640056030273437,1.63,0,-5399.97607421875
100000000000000000000005,1,923625000,0,-66,2.31324302813155,0,0,0.640056030273437,1.63,0,-5399.97607421875
100000000000000000000000,1,923625000,0,-53.5,5.405748296509,0,0,0.640056030273437,1.63,0,-5399.97607421875
100000000000000000000001,1,923625000,0,-47.5,0.447922390062607,0,0,0.640056030273437,1.63,0,-5399.97607421875
100000000000000000000003,1,923625000,0,-48,3.78586458450176,0,0,0.640056030273437,1.63,0,-5399.97607421875
100000000000000000000005,1,923625000,0,-65.5,2.42368964485931,0,0,0.640056030273437,1.63,0,-5399.97607421875
100000000000000000000002,1,923625000,0,-45.5,2.36233041334389,0,0,0.640056030273437,1.63,0,-5399.97607421875
100000000000000000000004,1,923625000,0,-47.5,4.30128212923134,0,0,0.640056030273437,1.63,0,-5399.97607421875
100000000000000000000001,1,923625000,0,-47.5,0.45405831321415,0,0,0.640056030273437,1.63,0,-5399.97607421875
100000000000000000000003,1,923625000,0,-48,3.80427235395639,0,0,0.640056030273437,1.63,0,-5399.97607421875
100000000000000000000000,1,923625000,0,-53.5,5.39961237335746,0,0,0.640056030273437,1.63,0,-5399.97607421875
100000000000000000000000,1,923625000,0,-54,5.39961237335746,0,0,0.640056030273437,1.63,0,-5399.97607421875
100000000000000000000001,1,923625000,0,-47.5,0.423378697456437,0,0,0.640056030273437,1.63,0,-5399.97607421875
100000000000000000000004,1,923625000,0,-47.5,4.30128212923134,0,0,0.640056030273437,1.63,0,-5399.97607421875
100000000000000000000003,1,923625000,0,-47.5,3.76745681504713,0,0,0.640056030273437,1.63,0,-5399.97607421875
100000000000000000000002,1,923625000,0,-45.5,2.37460225964697,0,0,0.640056030273437,1.63,0,-5399.97607421875
100000000000000000000005,1,923625000,0,-65.5,2.26415564291921,0,0,0.640056030273437,1.63,0,-5399.97607421875
100000000000000000000002,1,923625000,0,-45.5,2.36233041334389,0,0,0.640056030273437,1.63,0,-5399.97607421875
100000000000000000000000,1,923625000,0,-53.5,5.41188421966054,0,0,0.640056030273437,1.63,0,-5399.97607421875
100000000000000000000001,1,923625000,0,-47.5,0.423378697456437,0,0,0.640056030273437,1.63,0,-5399.97607421875
100000000000000000000005,1,923625000,0,-66,2.27642748922229,0,0,0.640056030273437,1.63,0,-5399.97607421875
100000000000000000000003,1,923625000,0,-48,3.79200050765331,0,0,0.640056030273437,1.63,0,-5399.97607421875
100000000000000000000004,1,923625000,0,-47.5,4.31968989868597,0,0,0.640056030273437,1.63,0,-5399.97607421875
100000000000000000000000,1,923625000,0,-53.5,5.38120460390283,0,0,0.640056030273437,1.63,0,-5399.97607421875
100000000000000000000004,1,923625000,0,-47.5,4.2951462060798,0,0,0.640056030273437,1.63,0,-5399.97607421875
100000000000000000000005,1,923625000,0,-65.5,2.18438864194915,0,0,0.640056030273437,1.63,0,-5399.97607421875
100000000000000000000001,1,923625000,0,-47.5,0.435650543759522,0,0,0.640056030273437,1.63,0,-5399.97607421875
100000000000000000000002,1,923625000,0,-45.5,2.36233041334389,0,0,0.640056030273437,1.63,0,-5399.97607421875
100000000000000000000003,1,923625000,0,-48,3.77359273819868,0,0,0.640056030273437,1.63,0,-5399.97607421875
100000000000000000000000,1,923625000,0,-53.5,5.41188421966054,0,0,0.640056030273437,1.63,0,-5399.97607421875
100000000000000000000004,1,923625000,0,-47.5,4.31968989868597,0,0,0.640056030273437,1.63,0,-5399.97607421875
100000000000000000000005,1,923625000,0,-66.5,2.31324302813155,0,0,0.640056030273437,1.63,0,-5399.97607421875
100000000000000000000002,1,923625000,0,-45.5,2.36233041334389,0,0,0.640056030273437,1.63,0,-5399.97607421875
100000000000000000000003,1,923625000,0,-48,3.79200050765331,0,0,0.640056030273437,1.63,0,-5399.97607421875
100000000000000000000001,1,923625000,0,-47.5,0.447922390062607,0,0,0.640056030273437,1.63,0,-5399.97607421875
100000000000000000000000,1,923625000,0,-53.5,5.3627968344482,0,0,0.640056030273437,1.63,0,-5399.97607421875
100000000000000000000005,1,923625000,0,-65.5,2.41755372170777,0,0,0.640056030273437,1.63,0,-5399.97607421875
100000000000000000000001,1,923625000,0,-47.5,0.447922390062607,0,0,0.640056030273437,1.63,0,-5399.97607421875
100000000000000000000002,1,923625000,0,-45.5,2.39914595225314,0,0,0.640056030273437,1.63,0,-5399.97607421875
100000000000000000000004,1,923625000,0,-47.5,4.2951462060798,0,0,0.640056030273437,1.63,0,-5399.97607421875
100000000000000000000003,1,923625000,0,-48,3.79200050765331,0,0,0.640056030273437,1.63,0,-5399.97607421875
100000000000000000000002,1,923625000,0,-45.5,2.37460225964697,0,0,0.640056030273437,1.63,0,-5399.97607421875
100000000000000000000000,1,923625000,0,-53.5,5.38120460390283,0,0,0.640056030273437,1.63,0,-5399.97607421875
100000000000000000000001,1,923625000,0,-47.5,0.435650543759522,0,0,0.640056030273437,1.63,0,-5399.97607421875
100000000000000000000003,1,923625000,0,-48,3.79813643080485,0,0,0.640056030273437,1.63,0,-5399.97607421875
100000000000000000000004,1,923625000,0,-47.5,4.2951462060798,0,0,0.640056030273437,1.63,0,-5399.97607421875
100000000000000000000005,1,923625000,0,-65.5,2.4359614911624,0,0,0.640056030273437,1.63,0,-5399.97607421875
100000000000000000000005,1,923625000,0,-66.5,2.32551487443463,0,0,0.640056030273437,1.63,0,-5399.97607421875
100000000000000000000000,1,923625000,0,-53.5,5.36893275759974,0,0,0.640056030273437,1.63,0,-5399.97607421875
100000000000000000000003,1,923625000,0,-48,3.78586458450176,0,0,0.640056030273437,1.63,0,-5399.97607421875
100000000000000000000001,1,923625000,0,-47.5,0.460194236365693,0,0,0.640056030273437,1.63,0,-5399.97607421875
100000000000000000000004,1,923625000,0,-47.5,4.2951462060798,0,0,0.640056030273437,1.63,0,-5399.97607421875
100000000000000000000002,1,923625000,0,-45.5,2.35619449019234,0,0,0.640056030273437,1.63,0,-5399.97607421875
100000000000000000000005,1,923625000,0,-66,2.25188379661612,0,0,0.640056030273437,1.63,0,-5399.97607421875
100000000000000000000004,1,923625000,0,-47.5,4.28901028292825,0,0,0.640056030273437,1.63,0,-5399.97607421875
100000000000000000000003,1,923625000,0,-48,3.78586458450176,0,0,0.640056030273437,1.63,0,-5399.97607421875
100000000000000000000000,1,923625000,0,-53.5,5.39961237335746,0,0,0.640056030273437,1.63,0,-5399.97607421875
100000000000000000000002,1,923625000,0,-45.5,2.35619449019234,0,0,0.640056030273437,1.63,0,-5399.97607421875
100000000000000000000001,1,923625000,0,-47.5,0.447922390062607,0,0,0.640056030273437,1.63,0,-5399.97607421875
100000000000000000000000,1,923625000,0,-54,5.35666091129666,0,0,0.640056030273437,1.63,0,-5399.97607421875
100000000000000000000003,1,923625000,0,-48,3.74291312244096,0,0,0.640056030273437,1.63,0,-5399.97607421875
100000000000000000000002,1,923625000,0,-45.5,2.36233041334389,0,0,0.640056030273437,1.63,0,-5399.97607421875
100000000000000000000004,1,923625000,0,-47.5,4.31355397553442,0,0,0.640056030273437,1.63,0,-5399.97607421875
100000000000000000000005,1,923625000,0,-65,2.31937895128309,0,0,0.640056030273437,1.63,0,-5399.97607421875
100000000000000000000001,1,923625000,0,-47.5,0.447922390062607,0,0,0.640056030273437,1.63,0,-5399.97607421875
100000000000000000000004,1,923625000,0,-47.5,4.30741805238288,0,0,0.640056030273437,1.63,0,-5399.97607421875
100000000000000000000003,1,923625000,0,-48,3.75518496874405,0,0,0.640056030273437,1.63,0,-5399.97607421875
100000000000000000000005,1,923625000,0,-66.5,2.36846633649543,0,0,0.640056030273437,1.63,0,-5399.97607421875
100000000000000000000002,1,923625000,0,-45.5,2.37460225964697,0,0,0.640056030273437,1.63,0,-5399.97607421875
100000000000000000000001,1,923625000,0,-47.5,0.429514620607979,0,0,0.640056030273437,1.63,0,-5399.97607421875
100000000000000000000000,1,923625000,0,-53.5,5.38734052705437,0,0,0.640056030273437,1.63,0,-5399.97607421875
100000000000000000000004,1,923625000,0,-47.5,4.2951462060798,0,0,0.640056030273437,1.63,0,-5399.97607421875
100000000000000000000002,1,923625000,0,-45.5,2.36846633649543,0,0,0.640056030273437,1.63,0,-5399.97607421875
100000000000000000000001,1,923625000,0,-47.5,0.417242774304895,0,0,0.640056030273437,1.63,0,-5399.97607421875
100000000000000000000005,1,923625000,0,-66.5,2.38073818279852,0,0,0.640056030273437,1.63,0,-5399.97607421875
100000000000000000000003,1,923625000,0,-48,3.77972866135022,0,0,0.640056030273437,1.63,0,-5399.97607421875
100000000000000000000000,1,923625000,0,-53.5,5.39347645020591,0,0,0.640056030273437,1.63,0,-5399.97607421875
100000000000000000000001,1,923625000,0,-47.5,0.435650543759522,0,0,0.640056030273437,1.63,0,-5399.97607421875
100000000000000000000003,1,923625000,0,-48,3.79200050765331,0,0,0.640056030273437,1.63,0,-5399.97607421875
100000000000000000000000,1,923625000,0,-53.5,5.38734052705437,0,0,0.640056030273437,1.63,0,-5399.97607421875
100000000000000000000005,1,923625000,0,-66,2.35619449019234,0,0,0.640056030273437,1.63,0,-5399.97607421875
100000000000000000000004,1,923625000,0,-47.5,4.31355397553442,0,0,0.640056030273437,1.63,0,-5399.97607421875
100000000000000000000002,1,923625000,0,-45.5,2.36846633649543,0,0,0.640056030273437,1.63,0,-5399.97607421875
100000000000000000000002,1,923625000,0,-45.5,2.36233041334389,0,0,0.640056030273437,1.63,0,-5399.97607421875
100000000000000000000004,1,923625000,0,-47.5,4.30741805238288,0,0,0.640056030273437,1.63,0,-5399.97607421875
100000000000000000000003,1,923625000,0,-48,3.77972866135022,0,0,0.640056030273437,1.63,0,-5399.97607421875
100000000000000000000000,1,923625000,0,-53.5,5.405748296509,0,0,0.640056030273437,1.63,0,-5399.97607421875
100000000000000000000005,1,923625000,0,-66.5,2.41141779855623,0,0,0.640056030273437,1.63,0,-5399.97607421875
100000000000000000000001,1,923625000,0,-47.5,0.441786466911065,0,0,0.640056030273437,1.63,0,-5399.97607421875
100000000000000000000003,1,923625000,0,-48,3.78586458450176,0,0,0.640056030273437,1.63,0,-5399.97607421875
100000000000000000000005,1,923625000,0,-66,2.22734010400995,0,0,0.640056030273437,1.63,0,-5399.97607421875
100000000000000000000001,1,923625000,0,-47.5,0.45405831321415,0,0,0.640056030273437,1.63,0,-5399.97607421875
100000000000000000000002,1,923625000,0,-45.5,2.40528187540469,0,0,0.640056030273437,1.63,0,-5399.97607421875
100000000000000000000000,1,923625000,0,-54,5.41802014281208,0,0,0.640056030273437,1.63,0,-5399.97607421875
100000000000000000000004,1,923625000,0,-47.5,4.31968989868597,0,0,0.640056030273437,1.63,0,-5399.97607421875
100000000000000000000001,1,923625000,0,-47.5,0.447922390062607,0,0,0.640056030273437,1.63,0,-5399.97607421875
100000000000000000000002,1,923625000,0,-45.5,2.35619449019234,0,0,0.640056030273437,1.63,0,-5399.97607421875
100000000000000000000003,1,923625000,0,-48,3.81040827710793,0,0,0.640056030273437,1.63,0,-5399.97607421875
100000000000000000000004,1,923625000,0,-47.5,4.31355397553442,0,0,0.640056030273437,1.63,0,-5399.97607421875
100000000000000000000005,1,923625000,0,-67,2.23347602716149,0,0,0.640056030273437,1.63,0,-5399.97607421875
100000000000000000000000,1,923625000,0,-54,5.41188421966054,0,0,0.640056030273437,1.63,0,-5399.97607421875
100000000000000000000002,1,923625000,0,-45.5,2.39914595225314,0,0,0.640056030273437,1.63,0,-5399.97607421875
100000000000000000000005,1,923625000,0,-66,2.23961195031304,0,0,0.640056030273437,1.63,0,-5399.97607421875
100000000000000000000001,1,923625000,0,-47.5,0.45405831321415,0,0,0.640056030273437,1.63,0,-5399.97607421875
100000000000000000000004,1,923625000,0,-47.5,4.31968989868597,0,0,0.640056030273437,1.63,0,-5399.97607421875
100000000000000000000000,1,923625000,0,-54,5.39347645020591,0,0,0.640056030273437,1.63,0,-5399.97607421875
100000000000000000000003,1,923625000,0,-48,3.79200050765331,0,0,0.640056030273437,1.63,0,-5399.97607421875
100000000000000000000001,1,923625000,0,-47.5,0.447922390062607,0,0,0.640056030273437,1.63,0,-5399.97607421875
100000000000000000000003,1,923625000,0,-48,3.81040827710793,0,0,0.640056030273437,1.63,0,-5399.97607421875
100000000000000000000002,1,923625000,0,-45.5,2.36846633649543,0,0,0.640056030273437,1.63,0,-5399.97607421875
100000000000000000000004,1,923625000,0,-47.5,4.31968989868597,0,0,0.640056030273437,1.63,0,-5399.97607421875
100000000000000000000005,1,923625000,0,-66,2.30710710498,0,0,0.640056030273437,1.63,0,-5399.97607421875
100000000000000000000000,1,923625000,0,-53.5,5.36893275759974,0,0,0.640056030273437,1.63,0,-5399.97607421875
100000000000000000000002,1,923625000,0,-45.5,2.36846633649543,0,0,0.640056030273437,1.63,0,-5399.97607421875
100000000000000000000005,1,923625000,0,-66,2.25801971976766,0,0,0.640056030273437,1.63,0,-5399.97607421875
100000000000000000000004,1,923625000,0,-47.5,4.32582582183751,0,0,0.640056030273437,1.63,0,-5399.97607421875
100000000000000000000000,1,923625000,0,-53.5,5.41188421966054,0,0,0.640056030273437,1.63,0,-5399.97607421875
100000000000000000000003,1,923625000,0,-48,3.77359273819868,0,0,0.640056030273437,1.63,0,-5399.97607421875
100000000000000000000001,1,923625000,0,-47.5,0.45405831321415,0,0,0.640056030273437,1.63,0,-5399.97607421875
100000000000000000000005,1,923625000,0,-65.5,2.25188379661612,0,0,0.640056030273437,1.63,0,-5399.97607421875
100000000000000000000002,1,923625000,0,-45.5,2.38073818279852,0,0,0.640056030273437,1.63,0,-5399.97607421875
100000000000000000000004,1,923625000,0,-47.5,4.30128212923134,0,0,0.640056030273437,1.63,0,-5399.97607421875
100000000000000000000001,1,923625000,0,-47.5,0.472466082668777,0,0,0.640056030273437,1.63,0,-5399.97607421875
100000000000000000000003,1,923625000,0,-48,3.79813643080485,0,0,0.640056030273437,1.63,0,-5399.97607421875
100000000000000000000000,1,923625000,0,-54,5.3627968344482,0,0,0.640056030273437,1.63,0,-5399.97607421875
100000000000000000000002,1,923625000,0,-45.5,2.36233041334389,0,0,0.640056030273437,1.63,0,-5399.97607421875
100000000000000000000001,1,923625000,0,-47.5,0.45405831321415,0,0,0.640056030273437,1.63,0,-5399.97607421875
100000000000000000000005,1,923625000,0,-66,2.45436926061703,0,0,0.640056030273437,1.63,0,-5399.97607421875
100000000000000000000000,1,923625000,0,-53.5,5.39347645020591,0,0,0.640056030273437,1.63,0,-5399.97607421875
100000000000000000000004,1,923625000,0,-47.5,4.31968989868597,0,0,0.640056030273437,1.63,0,-5399.97607421875
100000000000000000000003,1,923625000,0,-48,3.81654420025948,0,0,0.640056030273437,1.63,0,-5399.97607421875
100000000000000000000000,1,923625000,0,-53.5,5.42415606596363,0,0,0.640056030273437,1.63,0,-5399.97607421875
100000000000000000000002,1,923625000,0,-45.5,2.36233041334389,0,0,0.640056030273437,1.63,0,-5399.97607421875
100000000000000000000004,1,923625000,0,-47.5,4.30741805238288,0,0,0.640056030273437,1.63,0,-5399.97607421875
100000000000000000000001,1,923625000,0,-47.5,0.447922390062607,0,0,0.640056030273437,1.63,0,-5399.97607421875
100000000000000000000003,1,923625000,0,-48,3.77972866135022,0,0,0.640056030273437,1.63,0,-5399.97607421875
100000000000000000000005,1,923625000,0,-66,2.36233041334389,0,0,0.640056030273437,1.63,0,-5399.97607421875
100000000000000000000001,1,923625000,0,-47.5,0.447922390062607,0,0,0.640056030273437,1.63,0,-5399.97607421875
100000000000000000000002,1,923625000,0,-45.5,2.38687410595006,0,0,0.640056030273437,1.63,0,-5399.97607421875
100000000000000000000000,1,923625000,0,-54,5.39347645020591,0,0,0.640056030273437,1.63,0,-5399.97607421875
100000000000000000000005,1,923625000,0,-66,2.37460225964697,0,0,0.640056030273437,1.63,0,-5399.97607421875
100000000000000000000004,1,923625000,0,-47.5,4.31968989868597,0,0,0.640056030273437,1.63,0,-5399.97607421875
100000000000000000000003,1,923625000,0,-48,3.79813643080485,0,0,0.640056030273437,1.63,0,-5399.97607421875
100000000000000000000004,1,923625000,0,-47.5,4.31355397553442,0,0,0.640056030273437,1.63,0,-5399.97607421875
100000000000000000000002,1,923625000,0,-45.5,2.36846633649543,0,0,0.640056030273437,1.63,0,-5399.97607421875
100000000000000000000005,1,923625000,0,-65.5,2.38073818279852,0,0,0.640056030273437,1.63,0,-5399.97607421875
100000000000000000000003,1,923625000,0,-48,3.79200050765331,0,0,0.640056030273437,1.63,0,-5399.97607421875
100000000000000000000001,1,923625000,0,-47.5,0.435650543759522,0,0,0.640056030273437,1.63,0,-5399.97607421875
100000000000000000000000,1,923625000,0,-54,5.42415606596363,0,0,0.640056030273437,1.63,0,-5399.97607421875
100000000000000000000002,1,923625000,0,-45.5,2.35619449019234,0,0,0.640056030273437,1.63,0,-5399.97607421875
100000000000000000000004,1,923625000,0,-47.5,4.27673843662517,0,0,0.640056030273437,1.63,0,-5399.97607421875
100000000000000000000000,1,923625000,0,-54,5.39961237335746,0,0,0.640056030273437,1.63,0,-5399.97607421875
100000000000000000000005,1,923625000,0,-66,2.28256341237383,0,0,0.640056030273437,1.63,0,-5399.97607421875
100000000000000000000003,1,923625000,0,-48,3.77972866135022,0,0,0.640056030273437,1.63,0,-5399.97607421875
100000000000000000000001,1,923625000,0,-47.5,0.441786466911065,0,0,0.640056030273437,1.63,0,-5399.97607421875
100000000000000000000002,1,923625000,0,-45.5,2.38073818279852,0,0,0.640056030273437,1.63,0,-5399.97607421875
100000000000000000000003,1,923625000,0,-48,3.77972866135022,0,0,0.640056030273437,1.63,0,-5399.97607421875
100000000000000000000004,1,923625000,0,-47.5,4.31968989868597,0,0,0.640056030273437,1.63,0,-5399.97607421875
100000000000000000000001,1,923625000,0,-47.5,0.45405831321415,0,0,0.640056030273437,1.63,0,-5399.97607421875
100000000000000000000005,1,923625000,0,-66,2.33778672073772,0,0,0.640056030273437,1.63,0,-5399.97607421875
100000000000000000000000,1,923625000,0,-54,5.38734052705437,0,0,0.640056030273437,1.63,0,-5399.97607421875
100000000000000000000001,1,923625000,0,-47.5,0.441786466911065,0,0,0.640056030273437,1.63,0,-5399.97607421875
100000000000000000000000,1,923625000,0,-53.5,5.41802014281208,0,0,0.640056030273437,1.63,0,-5399.97607421875
100000000000000000000004,1,923625000,0,-47.5,4.31355397553442,0,0,0.640056030273437,1.63,0,-5399.97607421875
100000000000000000000005,1,923625000,0,-65.5,2.30097118182846,0,0,0.640056030273437,1.63,0,-5399.97607421875
100000000000000000000002,1,923625000,0,-45.5,2.39914595225314,0,0,0.640056030273437,1.63,0,-5399.97607421875
100000000000000000000003,1,923625000,0,-48,3.78586458450176,0,0,0.640056030273437,1.63,0,-5399.97607421875
100000000000000000000002,1,923625000,0,-45.5,2.36846633649543,0,0,0.640056030273437,1.63,0,-5399.97607421875
100000000000000000000003,1,923625000,0,-48,3.79813643080485,0,0,0.640056030273437,1.63,0,-5399.97607421875
100000000000000000000005,1,923625000,0,-66,2.18438864194915,0,0,0.640056030273437,1.63,0,-5399.97607421875
100000000000000000000004,1,923625000,0,-47.5,4.31968989868597,0,0,0.640056030273437,1.63,0,-5399.97607421875
100000000000000000000001,1,923625000,0,-48,0.45405831321415,0,0,0.640056030273437,1.63,0,-5399.97607421875
100000000000000000000000,1,923625000,0,-54,5.43642791226671,0,0,0.640056030273437,1.63,0,-5399.97607421875
100000000000000000000001,1,923625000,0,-47.5,0.447922390062607,0,0,0.640056030273437,1.63,0,-5399.97607421875
100000000000000000000005,1,923625000,0,-66,2.3500585670408,0,0,0.640056030273437,1.63,0,-5399.97607421875
100000000000000000000002,1,923625000,0,-45.5,2.36233041334389,0,0,0.640056030273437,1.63,0,-5399.97607421875
100000000000000000000003,1,923625000,0,-48,3.79200050765331,0,0,0.640056030273437,1.63,0,-5399.97607421875
100000000000000000000000,1,923625000,0,-54,5.41802014281208,0,0,0.640056030273437,1.63,0,-5399.97607421875
100000000000000000000004,1,923625000,0,-47.5,4.31355397553442,0,0,0.640056030273437,1.63,0,-5399.97607421875
100000000000000000000001,1,923625000,0,-47.5,0.460194236365693,0,0,0.640056030273437,1.63,0,-5399.97607421875
100000000000000000000002,1,923625000,0,-45.5,2.3930100291016,0,0,0.640056030273437,1.63,0,-5399.97607421875
100000000000000000000000,1,923625000,0,-53.5,5.37506868075129,0,0,0.640056030273437,1.63,0,-5399.97607421875
100000000000000000000003,1,923625000,0,-48,3.77359273819868,0,0,0.640056030273437,1.63,0,-5399.97607421875
100000000000000000000004,1,923625000,0,-47.5,4.30741805238288,0,0,0.640056030273437,1.63,0,-5399.97607421875
100000000000000000000005,1,923625000,0,-66,2.22120418085841,0,0,0.640056030273437,1.63,0,-5399.97607421875
100000000000000000000000,1,923625000,0,-53.5,5.38120460390283,0,0,0.640056030273437,1.63,0,-5399.97607421875
100000000000000000000001,1,923625000,0,-47.5,0.45405831321415,0,0,0.640056030273437,1.63,0,-5399.97607421875
100000000000000000000005,1,923625000,0,-66,2.27642748922229,0,0,0.640056030273437,1.63,0,-5399.97607421875
100000000000000000000004,1,923625000,0,-47.5,4.31968989868597,0,0,0.640056030273437,1.63,0,-5399.97607421875
100000000000000000000003,1,923625000,0,-48,3.79200050765331,0,0,0.640056030273437,1.63,0,-5399.97607421875
100000000000000000000002,1,923625000,0,-45.5,2.36846633649543,0,0,0.640056030273437,1.63,0,-5399.97607421875
100000000000000000000002,1,923625000,0,-45.5,2.36233041334389,0,0,0.640056030273437,1.63,0,-5399.97607421875
100000000000000000000004,1,923625000,0,-47.5,4.32582582183751,0,0,0.640056030273437,1.63,0,-5399.97607421875
100000000000000000000000,1,923625000,0,-54,5.41802014281208,0,0,0.640056030273437,1.63,0,-5399.97607421875
100000000000000000000003,1,923625000,0,-48,3.78586458450176,0,0,0.640056030273437,1.63,0,-5399.97607421875
100000000000000000000001,1,923625000,0,-47.5,0.45405831321415,0,0,0.640056030273437,1.63,0,-5399.97607421875
100000000000000000000005,1,923625000,0,-66.5,2.25801971976766,0,0,0.640056030273437,1.63,0,-5399.97607421875
100000000000000000000002,1,923625000,0,-45.5,2.38687410595006,0,0,0.640056030273437,1.63,0,-5399.97607421875
100000000000000000000001,1,923625000,0,-47.5,0.45405831321415,0,0,0.640056030273437,1.63,0,-5399.97607421875
100000000000000000000000,1,923625000,0,-54,5.38734052705437,0,0,0.640056030273437,1.63,0,-5399.97607421875
100000000000000000000005,1,923625000,0,-65.5,2.1475731030399,0,0,0.640056030273437,1.63,0,-5399.97607421875
100000000000000000000003,1,923625000,0,-48,3.77359273819868,0,0,0.640056030273437,1.63,0,-5399.97607421875
100000000000000000000004,1,923625000,0,-47.5,4.30128212923134,0,0,0.640056030273437,1.63,0,-5399.97607421875
100000000000000000000004,1,923625000,0,-47.5,4.33809766814059,0,0,0.640056030273437,1.63,0,-5399.97607421875
100000000000000000000005,1,923625000,0,-66.5,2.18438864194915,0,0,0.640056030273437,1.63,0,-5399.97607421875
100000000000000000000001,1,923625000,0,-47.5,0.447922390062607,0,0,0.640056030273437,1.63,0,-5399.97607421875
100000000000000000000000,1,923625000,0,-54,5.41188421966054,0,0,0.640056030273437,1.63,0,-5399.97607421875
100000000000000000000002,1,923625000,0,-45.5,2.37460225964697,0,0,0.640056030273437,1.63,0,-5399.97607421875
100000000000000000000003,1,923625000,0,-47.5,3.77972866135022,0,0,0.640056030273437,1.63,0,-5399.97607421875
100000000000000000000002,1,923625000,0,-45.5,2.35619449019234,0,0,0.640056030273437,1.63,0,-5399.97607421875
100000000000000000000000,1,923625000,0,-54,5.42415606596363,0,0,0.640056030273437,1.63,0,-5399.97607421875
100000000000000000000003,1,923625000,0,-48,3.76745681504713,0,0,0.640056030273437,1.63,0,-5399.97607421875
100000000000000000000005,1,923625000,0,-66,2.33778672073772,0,0,0.640056030273437,1.63,0,-5399.97607421875
100000000000000000000004,1,923625000,0,-47.5,4.30741805238288,0,0,0.640056030273437,1.63,0,-5399.97607421875
100000000000000000000001,1,923625000,0,-47.5,0.472466082668777,0,0,0.640056030273437,1.63,0,-5399.97607421875
100000000000000000000005,1,923625000,0,-65.5,2.33165079758617,0,0,0.640056030273437,1.63,0,-5399.97607421875
100000000000000000000001,1,923625000,0,-47.5,0.441786466911065,0,0,0.640056030273437,1.63,0,-5399.97607421875
100000000000000000000003,1,923625000,0,-48,3.77972866135022,0,0,0.640056030273437,1.63,0,-5399.97607421875
100000000000000000000004,1,923625000,0,-47.5,4.2951462060798,0,0,0.640056030273437,1.63,0,-5399.97607421875
100000000000000000000002,1,923625000,0,-45.5,2.3500585670408,0,0,0.640056030273437,1.63,0,-5399.97607421875
100000000000000000000000,1,923625000,0,-53.5,5.38734052705437,0,0,0.640056030273437,1.63,0,-5399.97607421875
100000000000000000000000,1,923625000,0,-53.5,5.39347645020591,0,0,0.640056030273437,1.63,0,-5399.97607421875
100000000000000000000004,1,923625000,0,-47.5,4.28901028292825,0,0,0.640056030273437,1.63,0,-5399.97607421875
100000000000000000000005,1,923625000,0,-66.5,2.17211679564607,0,0,0.640056030273437,1.63,0,-5399.97607421875
100000000000000000000001,1,923625000,0,-47.5,0.429514620607979,0,0,0.640056030273437,1.63,0,-5399.97607421875
100000000000000000000002,1,923625000,0,-45.5,2.3930100291016,0,0,0.640056030273437,1.63,0,-5399.97607421875
100000000000000000000003,1,923625000,0,-48,3.77972866135022,0,0,0.640056030273437,1.63,0,-5399.97607421875
100000000000000000000002,1,923625000,0,-45.5,2.3500585670408,0,0,0.640056030273437,1.63,0,-5399.97607421875
100000000000000000000001,1,923625000,0,-47.5,0.429514620607979,0,0,0.640056030273437,1.63,0,-5399.97607421875
100000000000000000000003,1,923625000,0,-48,3.77359273819868,0,0,0.640056030273437,1.63,0,-5399.97607421875
100000000000000000000004,1,923625000,0,-47.5,4.2951462060798,0,0,0.640056030273437,1.63,0,-5399.97607421875
100000000000000000000000,1,923625000,0,-53.5,5.405748296509,0,0,0.640056030273437,1.63,0,-5399.97607421875
100000000000000000000005,1,923625000,0,-66,2.39914595225314,0,0,0.640056030273437,1.63,0,-5399.97607421875
100000000000000000000001,1,923625000,0,-47.5,0.447922390062607,0,0,0.640056030273437,1.63,0,-5399.97607421875
100000000000000000000003,1,923625000,0,-48,3.77972866135022,0,0,0.640056030273437,1.63,0,-5399.97607421875
100000000000000000000000,1,923625000,0,-53.5,5.38120460390283,0,0,0.640056030273437,1.63,0,-5399.97607421875
100000000000000000000005,1,923625000,0,-65.5,2.38073818279852,0,0,0.640056030273437,1.63,0,-5399.97607421875
100000000000000000000002,1,923625000,0,-45.5,2.36233041334389,0,0,0.640056030273437,1.63,0,-5399.97607421875
100000000000000000000004,1,923625000,0,-47.5,4.30741805238288,0,0,0.640056030273437,1.63,0,-5399.97607421875
100000000000000000000000,1,923625000,0,-54,5.36893275759974,0,0,0.640056030273437,1.63,0,-5399.97607421875
100000000000000000000001,1,923625000,0,-47.5,0.435650543759522,0,0,0.640056030273437,1.63,0,-5399.97607421875
100000000000000000000004,1,923625000,0,-47.5,4.30128212923134,0,0,0.640056030273437,1.63,0,-5399.97607421875
100000000000000000000002,1,923625000,0,-45.5,2.38687410595006,0,0,0.640056030273437,1.63,0,-5399.97607421875
100000000000000000000003,1,923625000,0,-48,3.78586458450176,0,0,0.640056030273437,1.63,0,-5399.97607421875
100000000000000000000005,1,923625000,0,-66,2.42368964485931,0,0,0.640056030273437,1.63,0,-5399.97607421875
100000000000000000000003,1,923625000,0,-48,3.79200050765331,0,0,0.640056030273437,1.63,0,-5399.97607421875
100000000000000000000001,1,923625000,0,-47.5,0.435650543759522,0,0,0.640056030273437,1.63,0,-5399.97607421875
100000000000000000000004,1,923625000,0,-47.5,4.32582582183751,0,0,0.640056030273437,1.63,0,-5399.97607421875
100000000000000000000000,1,923625000,0,-53.5,5.36893275759974,0,0,0.640056030273437,1.63,0,-5399.97607421875
100000000000000000000002,1,923625000,0,-45.5,2.3930100291016,0,0,0.640056030273437,1.63,0,-5399.97607421875
100000000000000000000005,1,923625000,0,-66.5,2.36846633649543,0,0,0.640056030273437,1.63,0,-5399.97607421875
100000000000000000000004,1,923625000,0,-47.5,4.2951462060798,0,0,0.640056030273437,1.63,0,-5399.97607421875
100000000000000000000003,1,923625000,0,-48,3.78586458450176,0,0,0.640056030273437,1.63,0,-5399.97607421875
100000000000000000000001,1,923625000,0,-47.5,0.447922390062607,0,0,0.640056030273437,1.63,0,-5399.97607421875
100000000000000000000002,1,923625000,0,-45.5,2.35619449019234,0,0,0.640056030273437,1.63,0,-5399.97607421875
100000000000000000000000,1,923625000,0,-54,5.42415606596363,0,0,0.640056030273437,1.63,0,-5399.97607421875
100000000000000000000005,1,923625000,0,-65.5,2.37460225964697,0,0,0.640056030273437,1.63,0,-5399.97607421875
100000000000000000000004,1,923625000,0,-47.5,4.32582582183751,0,0,0.640056030273437,1.63,0,-5399.97607421875
100000000000000000000001,1,923625000,0,-47.5,0.447922390062607,0,0,0.640056030273437,1.63,0,-5399.97607421875
100000000000000000000000,1,923625000,0,-53.5,5.38120460390283,0,0,0.640056030273437,1.63,0,-5399.97607421875
100000000000000000000005,1,923625000,0,-66.5,2.4789129532232,0,0,0.640056030273437,1.63,0,-5399.97607421875
100000000000000000000002,1,923625000,0,-45.5,2.36846633649543,0,0,0.640056030273437,1.63,0,-5399.97607421875
100000000000000000000003,1,923625000,0,-48,3.76132089189559,0,0,0.640056030273437,1.63,0,-5399.97607421875
100000000000000000000000,1,923625000,0,-54,5.39347645020591,0,0,0.640056030273437,1.63,0,-5399.97607421875
100000000000000000000001,1,923625000,0,-47.5,0.447922390062607,0,0,0.640056030273437,1.63,0,-5399.97607421875
100000000000000000000004,1,923625000,0,-47.5,4.30741805238288,0,0,0.640056030273437,1.63,0,-5399.97607421875
100000000000000000000003,1,923625000,0,-48,3.77359273819868,0,0,0.640056030273437,1.63,0,-5399.97607421875
100000000000000000000005,1,923625000,0,-66,2.44209741431394,0,0,0.640056030273437,1.63,0,-5399.97607421875
100000000000000000000002,1,923625000,0,-45.5,2.35619449019234,0,0,0.640056030273437,1.63,0,-5399.97607421875
100000000000000000000001,1,923625000,0,-47.5,0.447922390062607,0,0,0.640056030273437,1.63,0,-5399.97607421875
100000000000000000000000,1,923625000,0,-53.5,5.39961237335746,0,0,0.640056030273437,1.63,0,-5399.97607421875
100000000000000000000002,1,923625000,0,-45.5,2.37460225964697,0,0,0.640056030273437,1.63,0,-5399.97607421875
100000000000000000000004,1,923625000,0,-47.5,4.31968989868597,0,0,0.640056030273437,1.63,0,-5399.97607421875
100000000000000000000003,1,923625000,0,-48,3.80427235395639,0,0,0.640056030273437,1.63,0,-5399.97607421875
100000000000000000000005,1,923625000,0,-65.5,2.35619449019234,0,0,0.640056030273437,1.63,0,-5399.97607421875
100000000000000000000002,1,923625000,0,-45.5,2.36846633649543,0,0,0.640056030273437,1.63,0,-5399.97607421875
100000000000000000000000,1,923625000,0,-54,5.405748296509,0,0,0.640056030273437,1.63,0,-5399.97607421875
100000000000000000000004,1,923625000,0,-47.5,4.30741805238288,0,0,0.640056030273437,1.63,0,-5399.97607421875
100000000000000000000005,1,923625000,0,-65.5,2.28869933552538,0,0,0.640056030273437,1.63,0,-5399.97607421875
100000000000000000000003,1,923625000,0,-48,3.79200050765331,0,0,0.640056030273437,1.63,0,-5399.97607421875
100000000000000000000001,1,923625000,0,-48,0.460194236365693,0,0,0.640056030273437,1.63,0,-5399.97607421875
100000000000000000000003,1,923625000,0,-48,3.77972866135022,0,0,0.640056030273437,1.63,0,-5399.97607421875
100000000000000000000001,1,923625000,0,-47.5,0.441786466911065,0,0,0.640056030273437,1.63,0,-5399.97607421875
100000000000000000000005,1,923625000,0,-65.5,2.35619449019234,0,0,0.640056030273437,1.63,0,-5399.97607421875
100000000000000000000002,1,923625000,0,-45.5,2.3500585670408,0,0,0.640056030273437,1.63,0,-5399.97607421875
100000000000000000000004,1,923625000,0,-47.5,4.31968989868597,0,0,0.640056030273437,1.63,0,-5399.97607421875
100000000000000000000000,1,923625000,0,-54,5.36893275759974,0,0,0.640056030273437,1.63,0,-5399.97607421875
100000000000000000000003,1,923625000,0,-48,3.79200050765331,0,0,0.640056030273437,1.63,0,-5399.97607421875
100000000000000000000002,1,923625000,0,-45.5,2.34392264388926,0,0,0.640056030273437,1.63,0,-5399.97607421875
100000000000000000000000,1,923625000,0,-53.5,5.38734052705437,0,0,0.640056030273437,1.63,0,-5399.97607421875
100000000000000000000001,1,923625000,0,-47.5,0.45405831321415,0,0,0.640056030273437,1.63,0,-5399.97607421875
100000000000000000000004,1,923625000,0,-47.5,4.30128212923134,0,0,0.640056030273437,1.63,0,-5399.97607421875
100000000000000000000005,1,923625000,0,-66,2.32551487443463,0,0,0.640056030273437,1.63,0,-5399.97607421875
100000000000000000000003,1,923625000,0,-48,3.78586458450176,0,0,0.640056030273437,1.63,0,-5399.97607421875
100000000000000000000005,1,923625000,0,-66,2.25801971976766,0,0,0.640056030273437,1.63,0,-5399.97607421875
100000000000000000000000,1,923625000,0,-53.5,5.39347645020591,0,0,0.640056030273437,1.63,0,-5399.97607421875
100000000000000000000004,1,923625000,0,-47.5,4.30741805238288,0,0,0.640056030273437,1.63,0,-5399.97607421875
100000000000000000000002,1,923625000,0,-45.5,2.35619449019234,0,0,0.640056030273437,1.63,0,-5399.97607421875
100000000000000000000001,1,923625000,0,-47.5,0.460194236365693,0,0,0.640056030273437,1.63,0,-5399.97607421875
100000000000000000000000,1,923625000,0,-53.5,5.405748296509,0,0,0.640056030273437,1.63,0,-5399.97607421875
100000000000000000000004,1,923625000,0,-47.5,4.33809766814059,0,0,0.640056030273437,1.63,0,-5399.97607421875
100000000000000000000001,1,923625000,0,-47.5,0.429514620607979,0,0,0.640056030273437,1.63,0,-5399.97607421875
100000000000000000000003,1,923625000,0,-48,3.79813643080485,0,0,0.640056030273437,1.63,0,-5399.97607421875
100000000000000000000002,1,923625000,0,-45.5,2.38687410595006,0,0,0.640056030273437,1.63,0,-5399.97607421875
100000000000000000000005,1,923625000,0,-66.5,2.42982556801086,0,0,0.640056030273437,1.63,0,-5399.97607421875
100000000000000000000004,1,923625000,0,-47.5,4.31968989868597,0,0,0.640056030273437,1.63,0,-5399.97607421875
100000000000000000000003,1,923625000,0,-48,3.77972866135022,0,0,0.640056030273437,1.63,0,-5399.97607421875
100000000000000000000002,1,923625000,0,-45.5,2.37460225964697,0,0,0.640056030273437,1.63,0,-5399.97607421875
100000000000000000000005,1,923625000,0,-66,2.28256341237383,0,0,0.640056030273437,1.63,0,-5399.97607421875
100000000000000000000001,1,923625000,0,-47.5,0.447922390062607,0,0,0.640056030273437,1.63,0,-5399.97607421875
100000000000000000000000,1,923625000,0,-53.5,5.39961237335746,0,0,0.640056030273437,1.63,0,-5399.97607421875
100000000000000000000005,1,923625000,0,-66,2.32551487443463,0,0,0.640056030273437,1.63,0,-5399.97607421875
100000000000000000000002,1,923625000,0,-45.5,2.37460225964697,0,0,0.640056030273437,1.63,0,-5399.97607421875
100000000000000000000003,1,923625000,0,-48,3.79813643080485,0,0,0.640056030273437,1.63,0,-5399.97607421875
100000000000000000000001,1,923625000,0,-47.5,0.447922390062607,0,0,0.640056030273437,1.63,0,-5399.97607421875
100000000000000000000004,1,923625000,0,-47.5,4.31355397553442,0,0,0.640056030273437,1.63,0,-5399.97607421875
100000000000000000000000,1,923625000,0,-54,5.38734052705437,0,0,0.640056030273437,1.63,0,-5399.97607421875
100000000000000000000000,1,923625000,0,-54,5.38734052705437,0,0,0.640056030273437,1.63,0,-5399.97607421875
100000000000000000000004,1,923625000,0,-47.5,4.30128212923134,0,0,0.640056030273437,1.63,0,-5399.97607421875
100000000000000000000005,1,923625000,0,-66,2.49732072267782,0,0,0.640056030273437,1.63,0,-5399.97607421875
100000000000000000000002,1,923625000,0,-45.5,2.37460225964697,0,0,0.640056030273437,1.63,0,-5399.97607421875
100000000000000000000003,1,923625000,0,-48,3.76745681504713,0,0,0.640056030273437,1.63,0,-5399.97607421875
100000000000000000000001,1,923625000,0,-47.5,0.45405831321415,0,0,0.640056030273437,1.63,0,-5399.97607421875
100000000000000000000001,1,923625000,0,-47.5,0.441786466911065,0,0,0.640056030273437,1.63,0,-5399.97607421875
100000000000000000000004,1,923625000,0,-47.5,4.30128212923134,0,0,0.640056030273437,1.63,0,-5399.97607421875
100000000000000000000005,1,923625000,0,-67,2.35619449019234,0,0,0.640056030273437,1.63,0,-5399.97607421875
100000000000000000000003,1,923625000,0,-48,3.81040827710793,0,0,0.640056030273437,1.63,0,-5399.97607421875
100000000000000000000002,1,923625000,0,-45.5,2.38687410595006,0,0,0.640056030273437,1.63,0,-5399.97607421875
100000000000000000000000,1,923625000,0,-53.5,5.39961237335746,0,0,0.640056030273437,1.63,0,-5399.97607421875
100000000000000000000005,1,923625000,0,-66,2.3500585670408,0,0,0.640056030273437,1.63,0,-5399.97607421875
100000000000000000000001,1,923625000,0,-47.5,0.435650543759522,0,0,0.640056030273437,1.63,0,-5399.97607421875
100000000000000000000003,1,923625000,0,-48,3.76132089189559,0,0,0.640056030273437,1.63,0,-5399.97607421875
100000000000000000000000,1,923625000,0,-54,5.35666091129666,0,0,0.640056030273437,1.63,0,-5399.97607421875
100000000000000000000004,1,923625000,0,-47.5,4.30128212923134,0,0,0.640056030273437,1.63,0,-5399.97607421875
100000000000000000000002,1,923625000,0,-45.5,2.35619449019234,0,0,0.640056030273437,1.63,0,-5399.97607421875
100000000000000000000004,1,923625000,0,-47.5,4.31355397553442,0,0,0.640056030273437,1.63,0,-5399.97607421875
100000000000000000000001,1,923625000,0,-47.5,0.435650543759522,0,0,0.640056030273437,1.63,0,-5399.97607421875
100000000000000000000003,1,923625000,0,-48,3.75518496874405,0,0,0.640056030273437,1.63,0,-5399.97607421875
100000000000000000000005,1,923625000,0,-66,2.15370902619144,0,0,0.640056030273437,1.63,0,-5399.97607421875
100000000000000000000002,1,923625000,0,-45.5,2.3500585670408,0,0,0.640056030273437,1.63,0,-5399.97607421875
100000000000000000000000,1,923625000,0,-53.5,5.39961237335746,0,0,0.640056030273437,1.63,0,-5399.97607421875
100000000000000000000003,1,923625000,0,-48,3.79813643080485,0,0,0.640056030273437,1.63,0,-5399.97607421875
100000000000000000000000,1,923625000,0,-53.5,5.39347645020591,0,0,0.640056030273437,1.63,0,-5399.97607421875
100000000000000000000004,1,923625000,0,-47.5,4.30741805238288,0,0,0.640056030273437,1.63,0,-5399.97607421875
100000000000000000000002,1,923625000,0,-45.5,2.3500585670408,0,0,0.640056030273437,1.63,0,-5399.97607421875
100000000000000000000001,1,923625000,0,-47.5,0.423378697456437,0,0,0.640056030273437,1.63,0,-5399.97607421875
100000000000000000000005,1,923625000,0,-65.5,2.33165079758617,0,0,0.640056030273437,1.63,0,-5399.97607421875
100000000000000000000002,1,923625000,0,-45.5,2.38073818279852,0,0,0.640056030273437,1.63,0,-5399.97607421875
100000000000000000000003,1,923625000,0,-48,3.79200050765331,0,0,0.640056030273437,1.63,0,-5399.97607421875
100000000000000000000005,1,923625000,0,-66,2.25188379661612,0,0,0.640056030273437,1.63,0,-5399.97607421875
100000000000000000000000,1,923625000,0,-54,5.41802014281208,0,0,0.640056030273437,1.63,0,-5399.97607421875
100000000000000000000004,1,923625000,0,-47.5,4.30741805238288,0,0,0.640056030273437,1.63,0,-5399.97607421875
100000000000000000000001,1,923625000,0,-47.5,0.435650543759522,0,0,0.640056030273437,1.63,0,-5399.97607421875
100000000000000000000004,1,923625000,0,-47.5,4.30741805238288,0,0,0.640056030273437,1.63,0,-5399.97607421875
100000000000000000000003,1,923625000,0,-48,3.77972866135022,0,0,0.640056030273437,1.63,0,-5399.97607421875
100000000000000000000000,1,923625000,0,-53.5,5.405748296509,0,0,0.640056030273437,1.63,0,-5399.97607421875
100000000000000000000001,1,923625000,0,-47.5,0.429514620607979,0,0,0.640056030273437,1.63,0,-5399.97607421875
100000000000000000000005,1,923625000,0,-66.5,2.30097118182846,0,0,0.640056030273437,1.63,0,-5399.97607421875
100000000000000000000002,1,923625000,0,-45.5,2.36846633649543,0,0,0.640056030273437,1.63,0,-5399.97607421875
100000000000000000000001,1,923625000,0,-47.5,0.429514620607979,0,0,0.640056030273437,1.63,0,-5399.97607421875
100000000000000000000003,1,923625000,0,-48,3.77972866135022,0,0,0.640056030273437,1.63,0,-5399.97607421875
100000000000000000000005,1,924125000,0,-66,2.76116541819415,0,0,0.640056030273437,1.63,0,-5399.97607421875
100000000000000000000002,1,924125000,0,-45,2.66912657092102,0,0,0.640056030273437,1.63,0,-5399.97607421875
100000000000000000000004,1,924125000,0,-47.5,4.53444720898996,0,0,0.640056030273437,1.63,0,-5399.97607421875
100000000000000000000000,1,924125000,0,-53.5,5.66345706887379,0,0,0.640056030273437,1.63,0,-5399.97607421875
100000000000000000000003,1,924125000,0,-48,4.00062189480575,0,0,0.640056030273437,1.63,0,-5399.97607421875
100000000000000000000002,1,924125000,0,-45,2.66912657092102,0,0,0.640056030273437,1.63,0,-5399.97607421875
100000000000000000000001,1,924125000,0,-48,0.656543777215054,0,0,0.640056030273437,1.63,0,-5399.97607421875
100000000000000000000004,1,924125000,0,-47.5,4.55285497844458,0,0,0.640056030273437,1.63,0,-5399.97607421875
100000000000000000000000,1,924125000,0,-54,5.60209783735836,0,0,0.640056030273437,1.63,0,-5399.97607421875
100000000000000000000005,1,924125000,0,-66,2.68753434037564,0,0,0.640056030273437,1.63,0,-5399.97607421875
100000000000000000000004,1,924125000,0,-47.5,4.55285497844458,0,0,0.640056030273437,1.63,0,-5399.97607421875
100000000000000000000003,1,924125000,0,-48,4.00062189480575,0,0,0.640056030273437,1.63,0,-5399.97607421875
100000000000000000000001,1,924125000,0,-48,0.625864161457342,0,0,0.640056030273437,1.63,0,-5399.97607421875
100000000000000000000005,1,924125000,0,-66,2.80411688025495,0,0,0.640056030273437,1.63,0,-5399.97607421875
100000000000000000000002,1,924125000,0,-45,2.65685472461793,0,0,0.640056030273437,1.63,0,-5399.97607421875
100000000000000000000000,1,924125000,0,-54,5.61436968366145,0,0,0.640056030273437,1.63,0,-5399.97607421875
100000000000000000000001,1,924125000,0,-48,0.632000084608884,0,0,0.640056030273437,1.63,0,-5399.97607421875
100000000000000000000002,1,924125000,0,-45,2.65071880146639,0,0,0.640056030273437,1.63,0,-5399.97607421875
100000000000000000000004,1,924125000,0,-47.5,4.51603943953533,0,0,0.640056030273437,1.63,0,-5399.97607421875
100000000000000000000000,1,924125000,0,-54,5.61436968366145,0,0,0.640056030273437,1.63,0,-5399.97607421875
100000000000000000000005,1,924125000,0,-66,2.64458287831485,0,0,0.640056030273437,1.63,0,-5399.97607421875
100000000000000000000003,1,924125000,0,-48,4.01289374110884,0,0,0.640056030273437,1.63,0,-5399.97607421875
100000000000000000000003,1,924125000,0,-48,3.99448597165421,0,0,0.640056030273437,1.63,0,-5399.97607421875
100000000000000000000002,1,924125000,0,-45,2.64458287831485,0,0,0.640056030273437,1.63,0,-5399.97607421875
100000000000000000000000,1,924125000,0,-54,5.55301045214602,0,0,0.640056030273437,1.63,0,-5399.97607421875
100000000000000000000001,1,924125000,0,-47.5,0.638136007760426,0,0,0.640056030273437,1.63,0,-5399.97607421875
100000000000000000000004,1,924125000,0,-47.5,4.54671905529304,0,0,0.640056030273437,1.63,0,-5399.97607421875
100000000000000000000005,1,924125000,0,-66,2.89615572752809,0,0,0.640056030273437,1.63,0,-5399.97607421875
100000000000000000000003,1,924125000,0,-48,4.04357335686655,0,0,0.640056030273437,1.63,0,-5399.97607421875
100000000000000000000002,1,924125000,0,-45,2.66912657092102,0,0,0.640056030273437,1.63,0,-5399.97607421875
100000000000000000000005,1,924125000,0,-65.5,2.7673013413457,0,0,0.640056030273437,1.63,0,-5399.97607421875
100000000000000000000004,1,924125000,0,-47.5,4.55285497844458,0,0,0.640056030273437,1.63,0,-5399.97607421875
100000000000000000000001,1,924125000,0,-48,0.625864161457342,0,0,0.640056030273437,1.63,0,-5399.97607421875
100000000000000000000000,1,924125000,0,-53.5,5.64504929941916,0,0,0.640056030273437,1.63,0,-5399.97607421875
100000000000000000000002,1,924125000,0,-45,2.65071880146639,0,0,0.640056030273437,1.63,0,-5399.97607421875
100000000000000000000001,1,924125000,0,-48,0.625864161457342,0,0,0.640056030273437,1.63,0,-5399.97607421875
100000000000000000000004,1,924125000,0,-47.5,4.54671905529304,0,0,0.640056030273437,1.63,0,-5399.97607421875
100000000000000000000003,1,924125000,0,-48,4.03130151056346,0,0,0.640056030273437,1.63,0,-5399.97607421875
100000000000000000000000,1,924125000,0,-54,5.61436968366145,0,0,0.640056030273437,1.63,0,-5399.97607421875
100000000000000000000005,1,924125000,0,-65.5,2.85320426546729,0,0,0.640056030273437,1.63,0,-5399.97607421875
100000000000000000000000,1,924125000,0,-54,5.63277745311607,0,0,0.640056030273437,1.63,0,-5399.97607421875
100000000000000000000003,1,924125000,0,-48,4.03743743371501,0,0,0.640056030273437,1.63,0,-5399.97607421875
100000000000000000000001,1,924125000,0,-47.5,0.64427193091197,0,0,0.640056030273437,1.63,0,-5399.97607421875
100000000000000000000004,1,924125000,0,-47.5,4.5405831321415,0,0,0.640056030273437,1.63,0,-5399.97607421875
100000000000000000000005,1,924125000,0,-66,2.79184503395187,0,0,0.640056030273437,1.63,0,-5399.97607421875
100000000000000000000002,1,924125000,0,-45,2.65685472461793,0,0,0.640056030273437,1.63,0,-5399.97607421875
100000000000000000000002,1,924125000,0,-45,2.64458287831485,0,0,0.640056030273437,1.63,0,-5399.97607421875
100000000000000000000000,1,924125000,0,-54,5.63277745311607,0,0,0.640056030273437,1.63,0,-5399.97607421875
100000000000000000000004,1,924125000,0,-47.5,4.55285497844458,0,0,0.640056030273437,1.63,0,-5399.97607421875
100000000000000000000001,1,924125000,0,-47.5,0.625864161457342,0,0,0.640056030273437,1.63,0,-5399.97607421875
100000000000000000000003,1,924125000,0,-48,4.01902966426038,0,0,0.640056030273437,1.63,0,-5399.97607421875
100000000000000000000005,1,924125000,0,-65.5,2.7243498792849,0,0,0.640056030273437,1.63,0,-5399.97607421875
100000000000000000000001,1,924125000,0,-47.5,0.607456392002714,0,0,0.640056030273437,1.63,0,-5399.97607421875
100000000000000000000004,1,924125000,0,-47.5,4.52217536268687,0,0,0.640056030273437,1.63,0,-5399.97607421875
100000000000000000000005,1,924125000,0,-65.5,2.70594210983027,0,0,0.640056030273437,1.63,0,-5399.97607421875
100000000000000000000000,1,924125000,0,-54,5.57141822160065,0,0,0.640056030273437,1.63,0,-5399.97607421875
100000000000000000000003,1,924125000,0,-48,4.00062189480575,0,0,0.640056030273437,1.63,0,-5399.97607421875
100000000000000000000002,1,924125000,0,-45,2.66299064776947,0,0,0.640056030273437,1.63,0,-5399.97607421875
100000000000000000000004,1,924125000,0,-47.5,4.54671905529304,0,0,0.640056030273437,1.63,0,-5399.97607421875
100000000000000000000005,1,924125000,0,-65.5,2.74889357189107,0,0,0.640056030273437,1.63,0,-5399.97607421875
100000000000000000000001,1,924125000,0,-48,0.638136007760426,0,0,0.640056030273437,1.63,0,-5399.97607421875
100000000000000000000003,1,924125000,0,-48,4.02516558741192,0,0,0.640056030273437,1.63,0,-5399.97607421875
100000000000000000000002,1,924125000,0,-45,2.64458287831485,0,0,0.640056030273437,1.63,0,-5399.97607421875
100000000000000000000000,1,924125000,0,-54,5.63891337626762,0,0,0.640056030273437,1.63,0,-5399.97607421875
100000000000000000000003,1,924125000,0,-48,4.01289374110884,0,0,0.640056030273437,1.63,0,-5399.97607421875
100000000000000000000004,1,924125000,0,-47.5,4.53444720898996,0,0,0.640056030273437,1.63,0,-5399.97607421875
100000000000000000000000,1,924125000,0,-54,5.64504929941916,0,0,0.640056030273437,1.63,0,-5399.97607421875
100000000000000000000002,1,924125000,0,-45,2.65685472461793,0,0,0.640056030273437,1.63,0,-5399.97607421875
100000000000000000000001,1,924125000,0,-48,0.66881562351814,0,0,0.640056030273437,1.63,0,-5399.97607421875
100000000000000000000005,1,924125000,0,-66.5,2.5954954931025,0,0,0.640056030273437,1.63,0,-5399.97607421875
100000000000000000000005,1,924125000,0,-66,2.79798095710341,0,0,0.640056030273437,1.63,0,-5399.97607421875
100000000000000000000001,1,924125000,0,-47.5,0.64427193091197,0,0,0.640056030273437,1.63,0,-5399.97607421875
100000000000000000000004,1,924125000,0,-47.5,4.5405831321415,0,0,0.640056030273437,1.63,0,-5399.97607421875
100000000000000000000000,1,924125000,0,-54,5.63891337626762,0,0,0.640056030273437,1.63,0,-5399.97607421875
100000000000000000000003,1,924125000,0,-48,4.03130151056346,0,0,0.640056030273437,1.63,0,-5399.97607421875
100000000000000000000002,1,924125000,0,-45,2.65071880146639,0,0,0.640056030273437,1.63,0,-5399.97607421875
100000000000000000000005,1,924125000,0,-65.5,2.71207803298181,0,0,0.640056030273437,1.63,0,-5399.97607421875
100000000000000000000002,1,924125000,0,-45,2.65685472461793,0,0,0.640056030273437,1.63,0,-5399.97607421875
100000000000000000000003,1,924125000,0,-48,4.04357335686655,0,0,0.640056030273437,1.63,0,-5399.97607421875
100000000000000000000004,1,924125000,0,-47,4.5405831321415,0,0,0.640056030273437,1.63,0,-5399.97607421875
100000000000000000000001,1,924125000,0,-47.5,0.650407854063512,0,0,0.640056030273437,1.63,0,-5399.97607421875
100000000000000000000000,1,924125000,0,-54,5.65732114572224,0,0,0.640056030273437,1.63,0,-5399.97607421875
100000000000000000000003,1,924125000,0,-48,4.03130151056346,0,0,0.640056030273437,1.63,0,-5399.97607421875
100000000000000000000004,1,924125000,0,-47.5,4.52831128583841,0,0,0.640056030273437,1.63,0,-5399.97607421875
100000000000000000000005,1,924125000,0,-65.5,2.71207803298181,0,0,0.640056030273437,1.63,0,-5399.97607421875
100000000000000000000001,1,924125000,0,-48,0.64427193091197,0,0,0.640056030273437,1.63,0,-5399.97607421875
100000000000000000000000,1,924125000,0,-54,5.64504929941916,0,0,0.640056030273437,1.63,0,-5399.97607421875
100000000000000000000002,1,924125000,0,-45,2.66299064776947,0,0,0.640056030273437,1.63,0,-5399.97607421875
100000000000000000000000,1,924125000,0,-54,5.63891337626762,0,0,0.640056030273437,1.63,0,-5399.97607421875
100000000000000000000004,1,924125000,0,-47.5,4.55285497844458,0,0,0.640056030273437,1.63,0,-5399.97607421875
100000000000000000000002,1,924125000,0,-45,2.65071880146639,0,0,0.640056030273437,1.63,0,-5399.97607421875
100000000000000000000003,1,924125000,0,-48,4.03130151056346,0,0,0.640056030273437,1.63,0,-5399.97607421875
100000000000000000000005,1,924125000,0,-66,2.81638872655804,0,0,0.640056030273437,1.63,0,-5399.97607421875
100000000000000000000001,1,924125000,0,-48,0.632000084608884,0,0,0.640056030273437,1.63,0,-5399.97607421875
100000000000000000000003,1,924125000,0,-48,4.0067578179573,0,0,0.640056030273437,1.63,0,-5399.97607421875
100000000000000000000004,1,924125000,0,-47.5,4.53444720898996,0,0,0.640056030273437,1.63,0,-5399.97607421875
100000000000000000000000,1,924125000,0,-54,5.64504929941916,0,0,0.640056030273437,1.63,0,-5399.97607421875
100000000000000000000005,1,924125000,0,-66,2.69980618667873,0,0,0.640056030273437,1.63,0,-5399.97607421875
100000000000000000000002,1,924125000,0,-45,2.67526249407256,0,0,0.640056030273437,1.63,0,-5399.97607421875
100000000000000000000001,1,924125000,0,-47.5,0.650407854063512,0,0,0.640056030273437,1.63,0,-5399.97607421875
100000000000000000000002,1,924125000,0,-45,2.6384469551633,0,0,0.640056030273437,1.63,0,-5399.97607421875
100000000000000000000001,1,924125000,0,-48,0.64427193091197,0,0,0.640056030273437,1.63,0,-5399.97607421875
100000000000000000000000,1,924125000,0,-54,5.6082337605099,0,0,0.640056030273437,1.63,0,-5399.97607421875
100000000000000000000004,1,924125000,0,-47.5,4.55285497844458,0,0,0.640056030273437,1.63,0,-5399.97607421875
100000000000000000000003,1,924125000,0,-48,4.03130151056346,0,0,0.640056030273437,1.63,0,-5399.97607421875
100000000000000000000005,1,924125000,0,-66.5,2.77343726449724,0,0,0.640056030273437,1.63,0,-5399.97607421875
100000000000000000000000,1,924125000,0,-54,5.62050560681299,0,0,0.640056030273437,1.63,0,-5399.97607421875
100000000000000000000002,1,924125000,0,-45,2.66299064776947,0,0,0.640056030273437,1.63,0,-5399.97607421875
100000000000000000000004,1,924125000,0,-47.5,4.5405831321415,0,0,0.640056030273437,1.63,0,-5399.97607421875
100000000000000000000005,1,924125000,0,-65.5,2.80411688025495,0,0,0.640056030273437,1.63,0,-5399.97607421875
100000000000000000000001,1,924125000,0,-47.5,0.64427193091197,0,0,0.640056030273437,1.63,0,-5399.97607421875
100000000000000000000003,1,924125000,0,-48,4.05584520316964,0,0,0.640056030273437,1.63,0,-5399.97607421875
100000000000000000000002,1,924125000,0,-45,2.67526249407256,0,0,0.640056030273437,1.63,0,-5399.97607421875
100000000000000000000004,1,924125000,0,-47.5,4.53444720898996,0,0,0.640056030273437,1.63,0,-5399.97607421875
100000000000000000000000,1,924125000,0,-54,5.6082337605099,0,0,0.640056030273437,1.63,0,-5399.97607421875
100000000000000000000005,1,924125000,0,-65.5,3.03114603686203,0,0,0.640056030273437,1.63,0,-5399.97607421875
100000000000000000000003,1,924125000,0,-48,4.03130151056346,0,0,0.640056030273437,1.63,0,-5399.97607421875
100000000000000000000001,1,924125000,0,-48,0.650407854063512,0,0,0.640056030273437,1.63,0,-5399.97607421875
100000000000000000000002,1,924125000,0,-45,2.65685472461793,0,0,0.640056030273437,1.63,0,-5399.97607421875
100000000000000000000000,1,924125000,0,-54,5.6511852225707,0,0,0.640056030273437,1.63,0,-5399.97607421875
100000000000000000000005,1,924125000,0,-66,2.70594210983027,0,0,0.640056030273437,1.63,0,-5399.97607421875
100000000000000000000003,1,924125000,0,-48,4.02516558741192,0,0,0.640056030273437,1.63,0,-5399.97607421875
100000000000000000000004,1,924125000,0,-47.5,4.55285497844458,0,0,0.640056030273437,1.63,0,-5399.97607421875
100000000000000000000001,1,924125000,0,-47.5,0.638136007760426,0,0,0.640056030273437,1.63,0,-5399.97607421875
100000000000000000000001,1,924125000,0,-48,0.613592315154256,0,0,0.640056030273437,1.63,0,-5399.97607421875
100000000000000000000000,1,924125000,0,-54,5.6511852225707,0,0,0.640056030273437,1.63,0,-5399.97607421875
100000000000000000000002,1,924125000,0,-45,2.65071880146639,0,0,0.640056030273437,1.63,0,-5399.97607421875
100000000000000000000003,1,924125000,0,-48,4.03130151056346,0,0,0.640056030273437,1.63,0,-5399.97607421875
100000000000000000000004,1,924125000,0,-47.5,4.54671905529304,0,0,0.640056030273437,1.63,0,-5399.97607421875
100000000000000000000005,1,924125000,0,-66,2.67526249407256,0,0,0.640056030273437,1.63,0,-5399.97607421875
100000000000000000000002,1,924125000,0,-44.5,2.66912657092102,0,0,0.640056030273437,1.63,0,-5399.97607421875
100000000000000000000000,1,924125000,0,-54,5.6082337605099,0,0,0.640056030273437,1.63,0,-5399.97607421875
100000000000000000000001,1,924125000,0,-47.5,0.650407854063512,0,0,0.640056030273437,1.63,0,-5399.97607421875
100000000000000000000005,1,924125000,0,-66.5,2.64458287831485,0,0,0.640056030273437,1.63,0,-5399.97607421875
100000000000000000000003,1,924125000,0,-48,4.02516558741192,0,0,0.640056030273437,1.63,0,-5399.97607421875
100000000000000000000004,1,924125000,0,-47.5,4.55285497844458,0,0,0.640056030273437,1.63,0,-5399.97607421875
100000000000000000000003,1,924125000,0,-48,3.99448597165421,0,0,0.640056030273437,1.63,0,-5399.97607421875
100000000000000000000004,1,924125000,0,-47.5,4.5405831321415,0,0,0.640056030273437,1.63,0,-5399.97607421875
100000000000000000000002,1,924125000,0,-45,2.65685472461793,0,0,0.640056030273437,1.63,0,-5399.97607421875
100000000000000000000005,1,924125000,0,-66,3.00046642110431,0,0,0.640056030273437,1.63,0,-5399.97607421875
100000000000000000000000,1,924125000,0,-54,5.64504929941916,0,0,0.640056030273437,1.63,0,-5399.97607421875
100000000000000000000001,1,924125000,0,-48,0.64427193091197,0,0,0.640056030273437,1.63,0,-5399.97607421875
100000000000000000000003,1,924125000,0,-48,4.02516558741192,0,0,0.640056030273437,1.63,0,-5399.97607421875
100000000000000000000004,1,924125000,0,-47.5,4.55899090159613,0,0,0.640056030273437,1.63,0,-5399.97607421875
100000000000000000000000,1,924125000,0,-53.5,5.67572891517687,0,0,0.640056030273437,1.63,0,-5399.97607421875
100000000000000000000001,1,924125000,0,-47.5,0.650407854063512,0,0,0.640056030273437,1.63,0,-5399.97607421875
100000000000000000000005,1,924125000,0,-66,2.73662172558798,0,0,0.640056030273437,1.63,0,-5399.97607421875
100000000000000000000002,1,924125000,0,-45,2.6384469551633,0,0,0.640056030273437,1.63,0,-5399.97607421875
100000000000000000000003,1,924125000,0,-48,4.03743743371501,0,0,0.640056030273437,1.63,0,-5399.97607421875
100000000000000000000002,1,924125000,0,-45,2.65685472461793,0,0,0.640056030273437,1.63,0,-5399.97607421875
100000000000000000000000,1,924125000,0,-54,5.6511852225707,0,0,0.640056030273437,1.63,0,-5399.97607421875
100000000000000000000004,1,924125000,0,-47.5,4.56512682474767,0,0,0.640056030273437,1.63,0,-5399.97607421875
100000000000000000000005,1,924125000,0,-66,2.79798095710341,0,0,0.640056030273437,1.63,0,-5399.97607421875
100000000000000000000001,1,924125000,0,-48,0.619728238305799,0,0,0.640056030273437,1.63,0,-5399.97607421875
100000000000000000000003,1,924125000,0,-48,3.99448597165421,0,0,0.640056030273437,1.63,0,-5399.97607421875
100000000000000000000001,1,924125000,0,-48,0.619728238305799,0,0,0.640056030273437,1.63,0,-5399.97607421875
100000000000000000000004,1,924125000,0,-47.5,4.55285497844458,0,0,0.640056030273437,1.63,0,-5399.97607421875
100000000000000000000000,1,924125000,0,-54,5.60209783735836,0,0,0.640056030273437,1.63,0,-5399.97607421875
100000000000000000000005,1,924125000,0,-66,2.71207803298181,0,0,0.640056030273437,1.63,0,-5399.97607421875
100000000000000000000002,1,924125000,0,-45,2.65071880146639,0,0,0.640056030273437,1.63,0,-5399.97607421875
100000000000000000000001,1,924125000,0,-47.5,0.650407854063512,0,0,0.640056030273437,1.63,0,-5399.97607421875
100000000000000000000003,1,924125000,0,-48,4.01289374110884,0,0,0.640056030273437,1.63,0,-5399.97607421875
100000000000000000000000,1,924125000,0,-54,5.61436968366145,0,0,0.640056030273437,1.63,0,-5399.97607421875
100000000000000000000005,1,924125000,0,-65.5,2.96365088219506,0,0,0.640056030273437,1.63,0,-5399.97607421875
100000000000000000000002,1,924125000,0,-45,2.66299064776947,0,0,0.640056030273437,1.63,0,-5399.97607421875
100000000000000000000004,1,924125000,0,-47.5,4.5405831321415,0,0,0.640056030273437,1.63,0,-5399.97607421875
100000000000000000000000,1,924125000,0,-54,5.64504929941916,0,0,0.640056030273437,1.63,0,-5399.97607421875
100000000000000000000003,1,924125000,0,-48,4.02516558741192,0,0,0.640056030273437,1.63,0,-5399.97607421875
100000000000000000000004,1,924125000,0,-47.5,4.54671905529304,0,0,0.640056030273437,1.63,0,-5399.97607421875
100000000000000000000002,1,924125000,0,-44.5,2.65685472461793,0,0,0.640056030273437,1.63,0,-5399.97607421875
100000000000000000000001,1,924125000,0,-48,0.650407854063512,0,0,0.640056030273437,1.63,0,-5399.97607421875
100000000000000000000005,1,924125000,0,-66,2.79798095710341,0,0,0.640056030273437,1.63,0,-5399.97607421875
100000000000000000000003,1,924125000,0,-48,4.03130151056346,0,0,0.640056030273437,1.63,0,-5399.97607421875
100000000000000000000002,1,924125000,0,-45,2.64458287831485,0,0,0.640056030273437,1.63,0,-5399.97607421875
100000000000000000000004,1,924125000,0,-47.5,4.5405831321415,0,0,0.640056030273437,1.63,0,-5399.97607421875
100000000000000000000005,1,924125000,0,-66,2.77957318764878,0,0,0.640056030273437,1.63,0,-5399.97607421875
100000000000000000000001,1,924125000,0,-48,0.638136007760426,0,0,0.640056030273437,1.63,0,-5399.97607421875
100000000000000000000000,1,924125000,0,-54,5.63891337626762,0,0,0.640056030273437,1.63,0,-5399.97607421875
100000000000000000000000,1,924125000,0,-54,5.65732114572224,0,0,0.640056030273437,1.63,0,-5399.97607421875
100000000000000000000005,1,924125000,0,-65,2.65685472461793,0,0,0.640056030273437,1.63,0,-5399.97607421875
100000000000000000000004,1,924125000,0,-47.5,4.53444720898996,0,0,0.640056030273437,1.63,0,-5399.97607421875
100000000000000000000001,1,924125000,0,-48,0.656543777215054,0,0,0.640056030273437,1.63,0,-5399.97607421875
100000000000000000000003,1,924125000,0,-48,4.01289374110884,0,0,0.640056030273437,1.63,0,-5399.97607421875
100000000000000000000002,1,924125000,0,-45,2.64458287831485,0,0,0.640056030273437,1.63,0,-5399.97607421875
100000000000000000000003,1,924125000,0,-48,4.02516558741192,0,0,0.640056030273437,1.63,0,-5399.97607421875
100000000000000000000001,1,924125000,0,-47.5,0.64427193091197,0,0,0.640056030273437,1.63,0,-5399.97607421875
100000000000000000000005,1,924125000,0,-66,2.54640810789016,0,0,0.640056030273437,1.63,0,-5399.97607421875
100000000000000000000004,1,924125000,0,-47.5,4.53444720898996,0,0,0.640056030273437,1.63,0,-5399.97607421875
100000000000000000000000,1,924125000,0,-53.5,5.63891337626762,0,0,0.640056030273437,1.63,0,-5399.97607421875
100000000000000000000002,1,924125000,0,-45,2.65685472461793,0,0,0.640056030273437,1.63,0,-5399.97607421875
100000000000000000000004,1,924125000,0,-47.5,4.53444720898996,0,0,0.640056030273437,1.63,0,-5399.97607421875
100000000000000000000002,1,924125000,0,-45,2.64458287831485,0,0,0.640056030273437,1.63,0,-5399.97607421875
100000000000000000000005,1,924125000,0,-66,2.77343726449724,0,0,0.640056030273437,1.63,0,-5399.97607421875
100000000000000000000003,1,924125000,0,-48,4.03130151056346,0,0,0.640056030273437,1.63,0,-5399.97607421875
100000000000000000000001,1,924125000,0,-48,0.632000084608884,0,0,0.640056030273437,1.63,0,-5399.97607421875
100000000000000000000000,1,924125000,0,-54,5.6511852225707,0,0,0.640056030273437,1.63,0,-5399.97607421875
100000000000000000000001,1,924125000,0,-48,0.638136007760426,0,0,0.640056030273437,1.63,0,-5399.97607421875
100000000000000000000004,1,924125000,0,-47.5,4.52831128583841,0,0,0.640056030273437,1.63,0,-5399.97607421875
100000000000000000000000,1,924125000,0,-54,5.59596191420682,0,0,0.640056030273437,1.63,0,-5399.97607421875
100000000000000000000002,1,924125000,0,-45,2.63231103201176,0,0,0.640056030273437,1.63,0,-5399.97607421875
100000000000000000000003,1,924125000,0,-48,4.03130151056346,0,0,0.640056030273437,1.63,0,-5399.97607421875
100000000000000000000005,1,924125000,0,-66.5,2.74889357189107,0,0,0.640056030273437,1.63,0,-5399.97607421875
100000000000000000000004,1,924125000,0,-47.5,4.54671905529304,0,0,0.640056030273437,1.63,0,-5399.97607421875
100000000000000000000003,1,924125000,0,-48,4.01289374110884,0,0,0.640056030273437,1.63,0,-5399.97607421875
100000000000000000000002,1,924125000,0,-45,2.65685472461793,0,0,0.640056030273437,1.63,0,-5399.97607421875
100000000000000000000005,1,924125000,0,-66,2.69980618667873,0,0,0.640056030273437,1.63,0,-5399.97607421875
100000000000000000000000,1,924125000,0,-54,5.6511852225707,0,0,0.640056030273437,1.63,0,-5399.97607421875
100000000000000000000001,1,924125000,0,-48,0.674951546669682,0,0,0.640056030273437,1.63,0,-5399.97607421875
100000000000000000000004,1,924125000,0,-47.5,4.55285497844458,0,0,0.640056030273437,1.63,0,-5399.97607421875
100000000000000000000001,1,924125000,0,-48,0.638136007760426,0,0,0.640056030273437,1.63,0,-5399.97607421875
100000000000000000000005,1,924125000,0,-65.5,2.80411688025495,0,0,0.640056030273437,1.63,0,-5399.97607421875
100000000000000000000003,1,924125000,0,-48,4.02516558741192,0,0,0.640056030273437,1.63,0,-5399.97607421875
100000000000000000000000,1,924125000,0,-54,5.63891337626762,0,0,0.640056030273437,1.63,0,-5399.97607421875
100000000000000000000002,1,924125000,0,-45,2.65685472461793,0,0,0.640056030273437,1.63,0,-5399.97607421875
100000000000000000000005,1,924125000,0,-66,2.80411688025495,0,0,0.640056030273437,1.63,0,-5399.97607421875
100000000000000000000000,1,924125000,0,-54,5.63277745311607,0,0,0.640056030273437,1.63,0,-5399.97607421875
100000000000000000000001,1,924125000,0,-47.5,0.638136007760426,0,0,0.640056030273437,1.63,0,-5399.97607421875
100000000000000000000004,1,924125000,0,-47.5,4.53444720898996,0,0,0.640056030273437,1.63,0,-5399.97607421875
100000000000000000000002,1,924125000,0,-44.5,2.63231103201176,0,0,0.640056030273437,1.63,0,-5399.97607421875
100000000000000000000003,1,924125000,0,-48,3.99448597165421,0,0,0.640056030273437,1.63,0,-5399.97607421875
100000000000000000000002,1,924125000,0,-45,2.65685472461793,0,0,0.640056030273437,1.63,0,-5399.97607421875
100000000000000000000001,1,924125000,0,-47.5,0.638136007760426,0,0,0.640056030273437,1.63,0,-5399.97607421875
100000000000000000000003,1,924125000,0,-48,4.02516558741192,0,0,0.640056030273437,1.63,0,-5399.97607421875
100000000000000000000004,1,924125000,0,-47.5,4.54671905529304,0,0,0.640056030273437,1.63,0,-5399.97607421875
100000000000000000000000,1,924125000,0,-54,5.63891337626762,0,0,0.640056030273437,1.63,0,-5399.97607421875
100000000000000000000005,1,924125000,0,-66,2.76116541819415,0,0,0.640056030273437,1.63,0,-5399.97607421875
100000000000000000000002,1,924125000,0,-45,2.66299064776947,0,0,0.640056030273437,1.63,0,-5399.97607421875
100000000000000000000004,1,924125000,0,-47.5,4.53444720898996,0,0,0.640056030273437,1.63,0,-5399.97607421875
100000000000000000000001,1,924125000,0,-47.5,0.632000084608884,0,0,0.640056030273437,1.63,0,-5399.97607421875
100000000000000000000003,1,924125000,0,-48,4.01289374110884,0,0,0.640056030273437,1.63,0,-5399.97607421875
100000000000000000000000,1,924125000,0,-54,5.6082337605099,0,0,0.640056030273437,1.63,0,-5399.97607421875
100000000000000000000005,1,924125000,0,-65.5,2.76116541819415,0,0,0.640056030273437,1.63,0,-5399.97607421875
100000000000000000000001,1,924125000,0,-48,0.632000084608884,0,0,0.640056030273437,1.63,0,-5399.97607421875
100000000000000000000003,1,924125000,0,-48,4.00062189480575,0,0,0.640056030273437,1.63,0,-5399.97607421875
100000000000000000000005,1,924125000,0,-65.5,2.85934018861884,0,0,0.640056030273437,1.63,0,-5399.97607421875
100000000000000000000002,1,924125000,0,-45,2.65071880146639,0,0,0.640056030273437,1.63,0,-5399.97607421875
100000000000000000000004,1,924125000,0,-47.5,4.54671905529304,0,0,0.640056030273437,1.63,0,-5399.97607421875
100000000000000000000000,1,924125000,0,-54,5.6511852225707,0,0,0.640056030273437,1.63,0,-5399.97607421875
100000000000000000000002,1,924125000,0,-45,2.66299064776947,0,0,0.640056030273437,1.63,0,-5399.97607421875
100000000000000000000005,1,924125000,0,-66,2.85934018861884,0,0,0.640056030273437,1.63,0,-5399.97607421875
100000000000000000000000,1,924125000,0,-54,5.60209783735836,0,0,0.640056030273437,1.63,0,-5399.97607421875
100000000000000000000003,1,924125000,0,-48,4.01902966426038,0,0,0.640056030273437,1.63,0,-5399.97607421875
100000000000000000000001,1,924125000,0,-48,0.625864161457342,0,0,0.640056030273437,1.63,0,-5399.97607421875
100000000000000000000004,1,924125000,0,-47.5,4.55285497844458,0,0,0.640056030273437,1.63,0,-5399.97607421875
100000000000000000000004,1,924125000,0,-47.5,4.54671905529304,0,0,0.640056030273437,1.63,0,-5399.97607421875
100000000000000000000002,1,924125000,0,-45,2.66299064776947,0,0,0.640056030273437,1.63,0,-5399.97607421875
100000000000000000000003,1,924125000,0,-48,4.01289374110884,0,0,0.640056030273437,1.63,0,-5399.97607421875
100000000000000000000001,1,924125000,0,-47.5,0.625864161457342,0,0,0.640056030273437,1.63,0,-5399.97607421875
100000000000000000000000,1,924125000,0,-54,5.6082337605099,0,0,0.640056030273437,1.63,0,-5399.97607421875
100000000000000000000005,1,924125000,0,-65.5,3.02501011371048,0,0,0.640056030273437,1.63,0,-5399.97607421875
100000000000000000000001,1,924125000,0,-47.5,0.638136007760426,0,0,0.640056030273437,1.63,0,-5399.97607421875
100000000000000000000004,1,924125000,0,-47.5,4.54671905529304,0,0,0.640056030273437,1.63,0,-5399.97607421875
100000000000000000000003,1,924125000,0,-48,4.01902966426038,0,0,0.640056030273437,1.63,0,-5399.97607421875
100000000000000000000005,1,924125000,0,-66,2.7673013413457,0,0,0.640056030273437,1.63,0,-5399.97607421875
100000000000000000000002,1,924125000,0,-45,2.65071880146639,0,0,0.640056030273437,1.63,0,-5399.97607421875
100000000000000000000000,1,924125000,0,-54,5.58982599105528,0,0,0.640056030273437,1.63,0,-5399.97607421875
100000000000000000000001,1,924125000,0,-47.5,0.625864161457342,0,0,0.640056030273437,1.63,0,-5399.97607421875
100000000000000000000005,1,924125000,0,-66,2.90842757383118,0,0,0.640056030273437,1.63,0,-5399.97607421875
100000000000000000000002,1,924125000,0,-45,2.66912657092102,0,0,0.640056030273437,1.63,0,-5399.97607421875
100000000000000000000000,1,924125000,0,-54,5.60209783735836,0,0,0.640056030273437,1.63,0,-5399.97607421875
100000000000000000000004,1,924125000,0,-47.5,4.5405831321415,0,0,0.640056030273437,1.63,0,-5399.97607421875
100000000000000000000003,1,924125000,0,-48,4.02516558741192,0,0,0.640056030273437,1.63,0,-5399.97607421875
100000000000000000000000,1,924125000,0,-54,5.63891337626762,0,0,0.640056030273437,1.63,0,-5399.97607421875
100000000000000000000001,1,924125000,0,-48,0.64427193091197,0,0,0.640056030273437,1.63,0,-5399.97607421875
100000000000000000000003,1,924125000,0,-48,4.03743743371501,0,0,0.640056030273437,1.63,0,-5399.97607421875
100000000000000000000005,1,924125000,0,-65.5,2.93297126643735,0,0,0.640056030273437,1.63,0,-5399.97607421875
100000000000000000000002,1,924125000,0,-45,2.67526249407256,0,0,0.640056030273437,1.63,0,-5399.97607421875
100000000000000000000004,1,924125000,0,-47.5,4.5405831321415,0,0,0.640056030273437,1.63,0,-5399.97607421875
100000000000000000000001,1,924125000,0,-47.5,0.632000084608884,0,0,0.640056030273437,1.63,0,-5399.97607421875
100000000000000000000002,1,924125000,0,-45,2.66299064776947,0,0,0.640056030273437,1.63,0,-5399.97607421875
100000000000000000000000,1,924125000,0,-54,5.57755414475219,0,0,0.640056030273437,1.63,0,-5399.97607421875
100000000000000000000005,1,924125000,0,-65.5,2.75502949504261,0,0,0.640056030273437,1.63,0,-5399.97607421875
100000000000000000000003,1,924125000,0,-48,4.0067578179573,0,0,0.640056030273437,1.63,0,-5399.97607421875
100000000000000000000004,1,924125000,0,-47.5,4.53444720898996,0,0,0.640056030273437,1.63,0,-5399.97607421875
100000000000000000000004,1,924125000,0,-47.5,4.54671905529304,0,0,0.640056030273437,1.63,0,-5399.97607421875
100000000000000000000003,1,924125000,0,-48,4.03130151056346,0,0,0.640056030273437,1.63,0,-5399.97607421875
100000000000000000000001,1,924125000,0,-47.5,0.625864161457342,0,0,0.640056030273437,1.63,0,-5399.97607421875
100000000000000000000000,1,924125000,0,-54,5.62050560681299,0,0,0.640056030273437,1.63,0,-5399.97607421875
100000000000000000000002,1,924125000,0,-45,2.65071880146639,0,0,0.640056030273437,1.63,0,-5399.97607421875
100000000000000000000005,1,924125000,0,-66,3.0556897294682,0,0,0.640056030273437,1.63,0,-5399.97607421875
100000000000000000000001,1,924125000,0,-47.5,0.650407854063512,0,0,0.640056030273437,1.63,0,-5399.97607421875
100000000000000000000005,1,924125000,0,-66,2.81638872655804,0,0,0.640056030273437,1.63,0,-5399.97607421875
100000000000000000000004,1,924125000,0,-47.5,4.5405831321415,0,0,0.640056030273437,1.63,0,-5399.97607421875
100000000000000000000003,1,924125000,0,-48,4.03743743371501,0,0,0.640056030273437,1.63,0,-5399.97607421875
100000000000000000000002,1,924125000,0,-45,2.63231103201176,0,0,0.640056030273437,1.63,0,-5399.97607421875
100000000000000000000000,1,924125000,0,-54,5.59596191420682,0,0,0.640056030273437,1.63,0,-5399.97607421875
100000000000000000000002,1,924125000,0,-45,2.6384469551633,0,0,0.640056030273437,1.63,0,-5399.97607421875
100000000000000000000003,1,924125000,0,-48,3.95767043274495,0,0,0.640056030273437,1.63,0,-5399.97607421875
100000000000000000000005,1,924125000,0,-66,2.74889357189107,0,0,0.640056030273437,1.63,0,-5399.97607421875
100000000000000000000001,1,924125000,0,-47.5,0.632000084608884,0,0,0.640056030273437,1.63,0,-5399.97607421875
100000000000000000000004,1,924125000,0,-47.5,4.55899090159613,0,0,0.640056030273437,1.63,0,-5399.97607421875
100000000000000000000000,1,924125000,0,-54,5.63891337626762,0,0,0.640056030273437,1.63,0,-5399.97607421875
100000000000000000000005,1,924125000,0,-65.5,2.74889357189107,0,0,0.640056030273437,1.63,0,-5399.97607421875
100000000000000000000000,1,924125000,0,-54,5.57141822160065,0,0,0.640056030273437,1.63,0,-5399.97607421875
100000000000000000000001,1,924125000,0,-47.5,0.632000084608884,0,0,0.640056030273437,1.63,0,-5399.97607421875
100000000000000000000003,1,924125000,0,-48,4.04357335686655,0,0,0.640056030273437,1.63,0,-5399.97607421875
100000000000000000000002,1,924125000,0,-45,2.66912657092102,0,0,0.640056030273437,1.63,0,-5399.97607421875
100000000000000000000004,1,924125000,0,-47.5,4.53444720898996,0,0,0.640056030273437,1.63,0,-5399.97607421875
100000000000000000000002,1,924125000,0,-45,2.65685472461793,0,0,0.640056030273437,1.63,0,-5399.97607421875
100000000000000000000003,1,924125000,0,-48,4.02516558741192,0,0,0.640056030273437,1.63,0,-5399.97607421875
100000000000000000000004,1,924125000,0,-47.5,4.52831128583841,0,0,0.640056030273437,1.63,0,-5399.97607421875
100000000000000000000001,1,924125000,0,-47.5,0.64427193091197,0,0,0.640056030273437,1.63,0,-5399.97607421875
100000000000000000000005,1,924125000,0,-65.5,2.89615572752809,0,0,0.640056030273437,1.63,0,-5399.97607421875
100000000000000000000000,1,924125000,0,-54,5.63891337626762,0,0,0.640056030273437,1.63,0,-5399.97607421875
100000000000000000000003,1,924125000,0,-48,4.02516558741192,0,0,0.640056030273437,1.63,0,-5399.97607421875
100000000000000000000002,1,924125000,0,-45,2.65071880146639,0,0,0.640056030273437,1.63,0,-5399.97607421875
100000000000000000000004,1,924125000,0,-47.5,4.5405831321415,0,0,0.640056030273437,1.63,0,-5399.97607421875
100000000000000000000005,1,924125000,0,-66,2.80411688025495,0,0,0.640056030273437,1.63,0,-5399.97607421875
100000000000000000000001,1,924125000,0,-47.5,0.613592315154256,0,0,0.640056030273437,1.63,0,-5399.97607421875
100000000000000000000000,1,924125000,0,-54,5.60209783735836,0,0,0.640056030273437,1.63,0,-5399.97607421875
100000000000000000000002,1,924125000,0,-45,2.66912657092102,0,0,0.640056030273437,1.63,0,-5399.97607421875
100000000000000000000003,1,924125000,0,-48,4.04357335686655,0,0,0.640056030273437,1.63,0,-5399.97607421875
100000000000000000000004,1,924125000,0,-47.5,4.54671905529304,0,0,0.640056030273437,1.63,0,-5399.97607421875
100000000000000000000005,1,924125000,0,-66,2.81638872655804,0,0,0.640056030273437,1.63,0,-5399.97607421875
100000000000000000000001,1,924125000,0,-47.5,0.638136007760426,0,0,0.640056030273437,1.63,0,-5399.97607421875
100000000000000000000000,1,924125000,0,-54,5.62664152996453,0,0,0.640056030273437,1.63,0,-5399.97607421875
100000000000000000000004,1,924125000,0,-47.5,4.54671905529304,0,0,0.640056030273437,1.63,0,-5399.97607421875
100000000000000000000002,1,924125000,0,-45,2.65685472461793,0,0,0.640056030273437,1.63,0,-5399.97607421875
100000000000000000000005,1,924125000,0,-66,2.78570911080032,0,0,0.640056030273437,1.63,0,-5399.97607421875
100000000000000000000000,1,924125000,0,-54,5.6511852225707,0,0,0.640056030273437,1.63,0,-5399.97607421875
100000000000000000000001,1,924125000,0,-47.5,0.625864161457342,0,0,0.640056030273437,1.63,0,-5399.97607421875
100000000000000000000003,1,924125000,0,-48,4.03130151056346,0,0,0.640056030273437,1.63,0,-5399.97607421875
100000000000000000000003,1,924125000,0,-48,3.98221412535112,0,0,0.640056030273437,1.63,0,-5399.97607421875
100000000000000000000002,1,924125000,0,-45,2.65685472461793,0,0,0.640056030273437,1.63,0,-5399.97607421875
100000000000000000000000,1,924125000,0,-54,5.60209783735836,0,0,0.640056030273437,1.63,0,-5399.97607421875
100000000000000000000001,1,924125000,0,-48,0.625864161457342,0,0,0.640056030273437,1.63,0,-5399.97607421875
100000000000000000000004,1,924125000,0,-47.5,4.5405831321415,0,0,0.640056030273437,1.63,0,-5399.97607421875
100000000000000000000005,1,924125000,0,-66,2.91456349698272,0,0,0.640056030273437,1.63,0,-5399.97607421875
100000000000000000000000,1,924125000,0,-54,5.62050560681299,0,0,0.640056030273437,1.63,0,-5399.97607421875
100000000000000000000003,1,924125000,0,-48,4.01902966426038,0,0,0.640056030273437,1.63,0,-5399.97607421875
100000000000000000000002,1,924125000,0,-45,2.65071880146639,0,0,0.640056030273437,1.63,0,-5399.97607421875
100000000000000000000001,1,924125000,0,-47.5,0.638136007760426,0,0,0.640056030273437,1.63,0,-5399.97607421875
100000000000000000000004,1,924125000,0,-47.5,4.53444720898996,0,0,0.640056030273437,1.63,0,-5399.97607421875
100000000000000000000005,1,924125000,0,-65.5,2.85320426546729,0,0,0.640056030273437,1.63,0,-5399.97607421875
100000000000000000000004,1,924125000,0,-47.5,4.54671905529304,0,0,0.640056030273437,1.63,0,-5399.97607421875
100000000000000000000000,1,924125000,0,-54,5.59596191420682,0,0,0.640056030273437,1.63,0,-5399.97607421875
100000000000000000000001,1,924125000,0,-47.5,0.625864161457342,0,0,0.640056030273437,1.63,0,-5399.97607421875
100000000000000000000003,1,924125000,0,-48,4.0067578179573,0,0,0.640056030273437,1.63,0,-5399.97607421875
100000000000000000000002,1,924125000,0,-45,2.63231103201176,0,0,0.640056030273437,1.63,0,-5399.97607421875
100000000000000000000005,1,924125000,0,-65.5,2.81638872655804,0,0,0.640056030273437,1.63,0,-5399.97607421875
100000000000000000000005,1,924125000,0,-65.5,3.02501011371048,0,0,0.640056030273437,1.63,0,-5399.97607421875
100000000000000000000003,1,924125000,0,-48,4.0067578179573,0,0,0.640056030273437,1.63,0,-5399.97607421875
100000000000000000000000,1,924125000,0,-54,5.61436968366145,0,0,0.640056030273437,1.63,0,-5399.97607421875
100000000000000000000004,1,924125000,0,-47.5,4.5405831321415,0,0,0.640056030273437,1.63,0,-5399.97607421875
100000000000000000000002,1,924125000,0,-45,2.66299064776947,0,0,0.640056030273437,1.63,0,-5399.97607421875
100000000000000000000001,1,924125000,0,-48,0.64427193091197,0,0,0.640056030273437,1.63,0,-5399.97607421875
100000000000000000000005,1,924125000,0,-66,2.84706834231575,0,0,0.640056030273437,1.63,0,-5399.97607421875
100000000000000000000003,1,924125000,0,-48,4.03743743371501,0,0,0.640056030273437,1.63,0,-5399.97607421875
100000000000000000000001,1,924125000,0,-47.5,0.619728238305799,0,0,0.640056030273437,1.63,0,-5399.97607421875
100000000000000000000000,1,924125000,0,-53.5,5.60209783735836,0,0,0.640056030273437,1.63,0,-5399.97607421875
100000000000000000000002,1,924125000,0,-45,2.64458287831485,0,0,0.640056030273437,1.63,0,-5399.97607421875
100000000000000000000004,1,924125000,0,-47.5,4.55285497844458,0,0,0.640056030273437,1.63,0,-5399.97607421875
100000000000000000000001,1,924125000,0,-48,0.625864161457342,0,0,0.640056030273437,1.63,0,-5399.97607421875
100000000000000000000000,1,924125000,0,-54,5.56528229844911,0,0,0.640056030273437,1.63,0,-5399.97607421875
100000000000000000000003,1,924125000,0,-48,4.01902966426038,0,0,0.640056030273437,1.63,0,-5399.97607421875
100000000000000000000004,1,924125000,0,-47.5,4.51603943953533,0,0,0.640056030273437,1.63,0,-5399.97607421875
100000000000000000000002,1,924125000,0,-45,2.66299064776947,0,0,0.640056030273437,1.63,0,-5399.97607421875
100000000000000000000005,1,924125000,0,-66.5,2.80411688025495,0,0,0.640056030273437,1.63,0,-5399.97607421875
100000000000000000000003,1,924125000,0,-48,4.0067578179573,0,0,0.640056030273437,1.63,0,-5399.97607421875
100000000000000000000005,1,924125000,0,-65.5,2.66299064776947,0,0,0.640056030273437,1.63,0,-5399.97607421875
100000000000000000000002,1,924125000,0,-45,2.64458287831485,0,0,0.640056030273437,1.63,0,-5399.97607421875
100000000000000000000000,1,924125000,0,-54,5.63277745311607,0,0,0.640056030273437,1.63,0,-5399.97607421875
100000000000000000000001,1,924125000,0,-48,0.632000084608884,0,0,0.640056030273437,1.63,0,-5399.97607421875
100000000000000000000004,1,924125000,0,-47.5,4.5405831321415,0,0,0.640056030273437,1.63,0,-5399.97607421875
100000000000000000000003,1,924125000,0,-48,4.03743743371501,0,0,0.640056030273437,1.63,0,-5399.97607421875
100000000000000000000002,1,924125000,0,-45,2.65685472461793,0,0,0.640056030273437,1.63,0,-5399.97607421875
100000000000000000000004,1,924125000,0,-47.5,4.53444720898996,0,0,0.640056030273437,1.63,0,-5399.97607421875
100000000000000000000001,1,924125000,0,-48,0.625864161457342,0,0,0.640056030273437,1.63,0,-5399.97607421875
100000000000000000000000,1,924125000,0,-54,5.62664152996453,0,0,0.640056030273437,1.63,0,-5399.97607421875
100000000000000000000005,1,924125000,0,-66.5,2.87161203492192,0,0,0.640056030273437,1.63,0,-5399.97607421875
100000000000000000000001,1,924125000,0,-47.5,0.650407854063512,0,0,0.640056030273437,1.63,0,-5399.97607421875
100000000000000000000004,1,924125000,0,-47.5,4.5405831321415,0,0,0.640056030273437,1.63,0,-5399.97607421875
100000000000000000000003,1,924125000,0,-48,4.02516558741192,0,0,0.640056030273437,1.63,0,-5399.97607421875
100000000000000000000002,1,924125000,0,-45,2.66912657092102,0,0,0.640056030273437,1.63,0,-5399.97607421875
100000000000000000000005,1,924125000,0,-66,2.66299064776947,0,0,0.640056030273437,1.63,0,-5399.97607421875
100000000000000000000000,1,924125000,0,-53.5,5.63891337626762,0,0,0.640056030273437,1.63,0,-5399.97607421875
100000000000000000000005,1,924125000,0,-66,2.76116541819415,0,0,0.640056030273437,1.63,0,-5399.97607421875
100000000000000000000002,1,924125000,0,-45,2.65685472461793,0,0,0.640056030273437,1.63,0,-5399.97607421875
100000000000000000000004,1,924125000,0,-47.5,4.5405831321415,0,0,0.640056030273437,1.63,0,-5399.97607421875
100000000000000000000001,1,924125000,0,-48,0.66881562351814,0,0,0.640056030273437,1.63,0,-5399.97607421875
100000000000000000000003,1,924125000,0,-48,4.04970928001809,0,0,0.640056030273437,1.63,0,-5399.97607421875
100000000000000000000000,1,924125000,0,-54,5.62664152996453,0,0,0.640056030273437,1.63,0,-5399.97607421875
100000000000000000000003,1,924125000,0,-48,4.03743743371501,0,0,0.640056030273437,1.63,0,-5399.97607421875
100000000000000000000004,1,924125000,0,-47.5,4.55899090159613,0,0,0.640056030273437,1.63,0,-5399.97607421875
100000000000000000000001,1,924125000,0,-48,0.674951546669682,0,0,0.640056030273437,1.63,0,-5399.97607421875
100000000000000000000000,1,924125000,0,-54,5.64504929941916,0,0,0.640056030273437,1.63,0,-5399.97607421875
100000000000000000000005,1,924125000,0,-66,2.63231103201176,0,0,0.640056030273437,1.63,0,-5399.97607421875
100000000000000000000002,1,924125000,0,-45,2.64458287831485,0,0,0.640056030273437,1.63,0,-5399.97607421875
100000000000000000000000,1,924125000,0,-53.5,5.6511852225707,0,0,0.640056030273437,1.63,0,-5399.97607421875
100000000000000000000002,1,924125000,0,-45,2.66912657092102,0,0,0.640056030273437,1.63,0,-5399.97607421875
100000000000000000000003,1,924125000,0,-48,4.00062189480575,0,0,0.640056030273437,1.63,0,-5399.97607421875
100000000000000000000004,1,924125000,0,-47.5,4.54671905529304,0,0,0.640056030273437,1.63,0,-5399.97607421875
100000000000000000000001,1,924125000,0,-47.5,0.656543777215054,0,0,0.640056030273437,1.63,0,-5399.97607421875
100000000000000000000005,1,924125000,0,-66,2.76116541819415,0,0,0.640056030273437,1.63,0,-5399.97607421875
100000000000000000000000,1,924125000,0,-54,5.6082337605099,0,0,0.640056030273437,1.63,0,-5399.97607421875
100000000000000000000002,1,924125000,0,-45,2.66912657092102,0,0,0.640056030273437,1.63,0,-5399.97607421875
100000000000000000000004,1,924125000,0,-47.5,4.5405831321415,0,0,0.640056030273437,1.63,0,-5399.97607421875
100000000000000000000001,1,924125000,0,-47.5,0.662679700366597,0,0,0.640056030273437,1.63,0,-5399.97607421875
100000000000000000000003,1,924125000,0,-48,4.03743743371501,0,0,0.640056030273437,1.63,0,-5399.97607421875
100000000000000000000005,1,924125000,0,-66,2.7243498792849,0,0,0.640056030273437,1.63,0,-5399.97607421875
100000000000000000000001,1,924125000,0,-48,0.64427193091197,0,0,0.640056030273437,1.63,0,-5399.97607421875
100000000000000000000000,1,924125000,0,-54,5.59596191420682,0,0,0.640056030273437,1.63,0,-5399.97607421875
100000000000000000000002,1,924125000,0,-45,2.65685472461793,0,0,0.640056030273437,1.63,0,-5399.97607421875
100000000000000000000004,1,924125000,0,-47.5,4.5405831321415,0,0,0.640056030273437,1.63,0,-5399.97607421875
100000000000000000000003,1,924125000,0,-48,4.0067578179573,0,0,0.640056030273437,1.63,0,-5399.97607421875
100000000000000000000005,1,924125000,0,-65.5,2.77343726449724,0,0,0.640056030273437,1.63,0,-5399.97607421875
100000000000000000000004,1,924125000,0,-47.5,4.54671905529304,0,0,0.640056030273437,1.63,0,-5399.97607421875
100000000000000000000002,1,924125000,0,-45,2.66299064776947,0,0,0.640056030273437,1.63,0,-5399.97607421875
100000000000000000000001,1,924125000,0,-47.5,0.619728238305799,0,0,0.640056030273437,1.63,0,-5399.97607421875
100000000000000000000000,1,924125000,0,-54,5.63277745311607,0,0,0.640056030273437,1.63,0,-5399.97607421875
100000000000000000000003,1,924125000,0,-48,4.03130151056346,0,0,0.640056030273437,1.63,0,-5399.97607421875
100000000000000000000005,1,924125000,0,-65.5,2.69367026352719,0,0,0.640056030273437,1.63,0,-5399.97607421875
100000000000000000000005,1,924125000,0,-65.5,2.73048580243644,0,0,0.640056030273437,1.63,0,-5399.97607421875
100000000000000000000001,1,924125000,0,-47.5,0.632000084608884,0,0,0.640056030273437,1.63,0,-5399.97607421875
100000000000000000000000,1,924125000,0,-54,5.6511852225707,0,0,0.640056030273437,1.63,0,-5399.97607421875
100000000000000000000002,1,924125000,0,-45,2.66299064776947,0,0,0.640056030273437,1.63,0,-5399.97607421875
100000000000000000000004,1,924125000,0,-47.5,4.53444720898996,0,0,0.640056030273437,1.63,0,-5399.97607421875
100000000000000000000003,1,924125000,0,-48,4.03130151056346,0,0,0.640056030273437,1.63,0,-5399.97607421875
100000000000000000000001,1,924125000,0,-48,0.650407854063512,0,0,0.640056030273437,1.63,0,-5399.97607421875
100000000000000000000004,1,924125000,0,-47.5,4.53444720898996,0,0,0.640056030273437,1.63,0,-5399.97607421875
100000000000000000000000,1,924125000,0,-54,5.6082337605099,0,0,0.640056030273437,1.63,0,-5399.97607421875
100000000000000000000003,1,924125000,0,-48,4.03743743371501,0,0,0.640056030273437,1.63,0,-5399.97607421875
100000000000000000000002,1,924125000,0,-45,2.65685472461793,0,0,0.640056030273437,1.63,0,-5399.97607421875
100000000000000000000005,1,924125000,0,-66,2.78570911080032,0,0,0.640056030273437,1.63,0,-5399.97607421875
100000000000000000000004,1,924125000,0,-47.5,4.53444720898996,0,0,0.640056030273437,1.63,0,-5399.97607421875
100000000000000000000005,1,924125000,0,-66,2.77343726449724,0,0,0.640056030273437,1.63,0,-5399.97607421875
100000000000000000000002,1,924125000,0,-45,2.65685472461793,0,0,0.640056030273437,1.63,0,-5399.97607421875
100000000000000000000003,1,924125000,0,-48,4.03130151056346,0,0,0.640056030273437,1.63,0,-5399.97607421875
100000000000000000000001,1,924125000,0,-47.5,0.650407854063512,0,0,0.640056030273437,1.63,0,-5399.97607421875
100000000000000000000000,1,924125000,0,-54,5.64504929941916,0,0,0.640056030273437,1.63,0,-5399.97607421875
100000000000000000000000,1,924125000,0,-54,5.62050560681299,0,0,0.640056030273437,1.63,0,-5399.97607421875
100000000000000000000001,1,924125000,0,-48,0.638136007760426,0,0,0.640056030273437,1.63,0,-5399.97607421875
100000000000000000000002,1,924125000,0,-45,2.65685472461793,0,0,0.640056030273437,1.63,0,-5399.97607421875
100000000000000000000005,1,924125000,0,-65.5,2.85320426546729,0,0,0.640056030273437,1.63,0,-5399.97607421875
100000000000000000000003,1,924125000,0,-48,4.03743743371501,0,0,0.640056030273437,1.63,0,-5399.97607421875
100000000000000000000004,1,924125000,0,-47.5,4.52831128583841,0,0,0.640056030273437,1.63,0,-5399.97607421875
100000000000000000000003,1,924125000,0,-48,4.01902966426038,0,0,0.640056030273437,1.63,0,-5399.97607421875
100000000000000000000004,1,924125000,0,-47.5,4.52831128583841,0,0,0.640056030273437,1.63,0,-5399.97607421875
100000000000000000000002,1,924125000,0,-45,2.6384469551633,0,0,0.640056030273437,1.63,0,-5399.97607421875
100000000000000000000000,1,924125000,0,-54,5.63277745311607,0,0,0.640056030273437,1.63,0,-5399.97607421875
100000000000000000000001,1,924125000,0,-48,0.589048622548086,0,0,0.640056030273437,1.63,0,-5399.97607421875
100000000000000000000005,1,924125000,0,-66,2.69367026352719,0,0,0.640056030273437,1.63,0,-5399.97607421875
100000000000000000000001,1,924125000,0,-47.5,0.632000084608884,0,0,0.640056030273437,1.63,0,-5399.97607421875
100000000000000000000000,1,924125000,0,-54,5.59596191420682,0,0,0.640056030273437,1.63,0,-5399.97607421875
100000000000000000000003,1,924125000,0,-48,4.03743743371501,0,0,0.640056030273437,1.63,0,-5399.97607421875
100000000000000000000002,1,924125000,0,-45,2.66299064776947,0,0,0.640056030273437,1.63,0,-5399.97607421875
100000000000000000000004,1,924125000,0,-47.5,4.53444720898996,0,0,0.640056030273437,1.63,0,-5399.97607421875
100000000000000000000005,1,924125000,0,-66,2.98819457480123,0,0,0.640056030273437,1.63,0,-5399.97607421875
100000000000000000000004,1,924125000,0,-47.5,4.52217536268687,0,0,0.640056030273437,1.63,0,-5399.97607421875
100000000000000000000000,1,924125000,0,-54,5.58982599105528,0,0,0.640056030273437,1.63,0,-5399.97607421875
100000000000000000000001,1,924125000,0,-48,0.619728238305799,0,0,0.640056030273437,1.63,0,-5399.97607421875
100000000000000000000002,1,924125000,0,-45,2.64458287831485,0,0,0.640056030273437,1.63,0,-5399.97607421875
100000000000000000000005,1,924125000,0,-66,2.81025280340649,0,0,0.640056030273437,1.63,0,-5399.97607421875
100000000000000000000003,1,924125000,0,-48.5,4.0067578179573,0,0,0.640056030273437,1.63,0,-5399.97607421875
100000000000000000000002,1,924125000,0,-45,2.6384469551633,0,0,0.640056030273437,1.63,0,-5399.97607421875
100000000000000000000001,1,924125000,0,-48,0.625864161457342,0,0,0.640056030273437,1.63,0,-5399.97607421875
100000000000000000000000,1,924125000,0,-54,5.6082337605099,0,0,0.640056030273437,1.63,0,-5399.97607421875
100000000000000000000004,1,924125000,0,-47.5,4.52831128583841,0,0,0.640056030273437,1.63,0,-5399.97607421875
100000000000000000000003,1,924125000,0,-48,4.0067578179573,0,0,0.640056030273437,1.63,0,-5399.97607421875
100000000000000000000005,1,924125000,0,-65.5,2.81025280340649,0,0,0.640056030273437,1.63,0,-5399.97607421875
100000000000000000000003,1,924125000,0,-48,4.01289374110884,0,0,0.640056030273437,1.63,0,-5399.97607421875
100000000000000000000005,1,924125000,0,-65.5,2.66912657092102,0,0,0.640056030273437,1.63,0,-5399.97607421875
100000000000000000000001,1,924125000,0,-47.5,0.650407854063512,0,0,0.640056030273437,1.63,0,-5399.97607421875
100000000000000000000004,1,924125000,0,-47.5,4.54671905529304,0,0,0.640056030273437,1.63,0,-5399.97607421875
100000000000000000000000,1,924125000,0,-54,5.60209783735836,0,0,0.640056030273437,1.63,0,-5399.97607421875
100000000000000000000002,1,924125000,0,-45,2.6384469551633,0,0,0.640056030273437,1.63,0,-5399.97607421875
100000000000000000000001,1,924125000,0,-48,0.638136007760426,0,0,0.640056030273437,1.63,0,-5399.97607421875
100000000000000000000002,1,924125000,0,-45,2.66299064776947,0,0,0.640056030273437,1.63,0,-5399.97607421875
100000000000000000000005,1,924125000,0,-66.5,2.5954954931025,0,0,0.640056030273437,1.63,0,-5399.97607421875
100000000000000000000000,1,924125000,0,-54,5.63891337626762,0,0,0.640056030273437,1.63,0,-5399.97607421875
100000000000000000000004,1,924125000,0,-47.5,4.55285497844458,0,0,0.640056030273437,1.63,0,-5399.97607421875
100000000000000000000003,1,924125000,0,-48,4.01289374110884,0,0,0.640056030273437,1.63,0,-5399.97607421875
100000000000000000000004,1,924125000,0,-47.5,4.5405831321415,0,0,0.640056030273437,1.63,0,-5399.97607421875
100000000000000000000003,1,924125000,0,-48,4.03130151056346,0,0,0.640056030273437,1.63,0,-5399.97607421875
100000000000000000000000,1,924125000,0,-54,5.57141822160065,0,0,0.640056030273437,1.63,0,-5399.97607421875
100000000000000000000002,1,924125000,0,-45,2.64458287831485,0,0,0.640056030273437,1.63,0,-5399.97607421875
100000000000000000000001,1,924125000,0,-47.5,0.638136007760426,0,0,0.640056030273437,1.63,0,-5399.97607421875
100000000000000000000005,1,924125000,0,-65.5,2.68753434037564,0,0,0.640056030273437,1.63,0,-5399.97607421875
100000000000000000000000,1,924125000,0,-54,5.63891337626762,0,0,0.640056030273437,1.63,0,-5399.97607421875
100000000000000000000001,1,924125000,0,-47.5,0.638136007760426,0,0,0.640056030273437,1.63,0,-5399.97607421875
100000000000000000000005,1,924125000,0,-66,2.76116541819415,0,0,0.640056030273437,1.63,0,-5399.97607421875
100000000000000000000002,1,924125000,0,-45,2.65071880146639,0,0,0.640056030273437,1.63,0,-5399.97607421875
100000000000000000000003,1,924125000,0,-48,4.04357335686655,0,0,0.640056030273437,1.63,0,-5399.97607421875
100000000000000000000004,1,924125000,0,-47.5,4.54671905529304,0,0,0.640056030273437,1.63,0,-5399.97607421875
100000000000000000000001,1,924125000,0,-47.5,0.595184545699629,0,0,0.640056030273437,1.63,0,-5399.97607421875
100000000000000000000003,1,924125000,0,-48,4.03130151056346,0,0,0.640056030273437,1.63,0,-5399.97607421875
100000000000000000000004,1,924125000,0,-47.5,4.54671905529304,0,0,0.640056030273437,1.63,0,-5399.97607421875
100000000000000000000002,1,924125000,0,-45,2.65071880146639,0,0,0.640056030273437,1.63,0,-5399.97607421875
100000000000000000000005,1,924125000,0,-66,2.77343726449724,0,0,0.640056030273437,1.63,0,-5399.97607421875
100000000000000000000000,1,924125000,0,-54,5.63277745311607,0,0,0.640056030273437,1.63,0,-5399.97607421875
100000000000000000000001,1,924125000,0,-47.5,0.632000084608884,0,0,0.640056030273437,1.63,0,-5399.97607421875
100000000000000000000002,1,924125000,0,-45,2.6384469551633,0,0,0.640056030273437,1.63,0,-5399.97607421875
100000000000000000000000,1,924125000,0,-54,5.63277745311607,0,0,0.640056030273437,1.63,0,-5399.97607421875
100000000000000000000004,1,924125000,0,-47.5,4.53444720898996,0,0,0.640056030273437,1.63,0,-5399.97607421875
100000000000000000000005,1,924125000,0,-65.5,2.83479649601267,0,0,0.640056030273437,1.63,0,-5399.97607421875
100000000000000000000003,1,924125000,0,-48,4.03130151056346,0,0,0.640056030273437,1.63,0,-5399.97607421875
100000000000000000000005,1,924125000,0,-65.5,2.58322364679942,0,0,0.640056030273437,1.63,0,-5399.97607421875
100000000000000000000003,1,924125000,0,-48,4.00062189480575,0,0,0.640056030273437,1.63,0,-5399.97607421875
100000000000000000000004,1,924125000,0,-47.5,4.52831128583841,0,0,0.640056030273437,1.63,0,-5399.97607421875
100000000000000000000000,1,924125000,0,-54,5.62050560681299,0,0,0.640056030273437,1.63,0,-5399.97607421875
100000000000000000000001,1,924125000,0,-47.5,0.632000084608884,0,0,0.640056030273437,1.63,0,-5399.97607421875
100000000000000000000002,1,924125000,0,-45,2.66912657092102,0,0,0.640056030273437,1.63,0,-5399.97607421875
100000000000000000000000,1,924125000,0,-54,5.61436968366145,0,0,0.640056030273437,1.63,0,-5399.97607421875
100000000000000000000002,1,924125000,0,-45,2.65071880146639,0,0,0.640056030273437,1.63,0,-5399.97607421875
100000000000000000000001,1,924125000,0,-47.5,0.625864161457342,0,0,0.640056030273437,1.63,0,-5399.97607421875
100000000000000000000003,1,924125000,0,-48,4.01902966426038,0,0,0.640056030273437,1.63,0,-5399.97607421875
100000000000000000000004,1,924125000,0,-47.5,4.53444720898996,0,0,0.640056030273437,1.63,0,-5399.97607421875
100000000000000000000005,1,924125000,0,-66,2.79184503395187,0,0,0.640056030273437,1.63,0,-5399.97607421875
100000000000000000000005,1,924125000,0,-66,2.84706834231575,0,0,0.640056030273437,1.63,0,-5399.97607421875
100000000000000000000002,1,924125000,0,-45,2.65071880146639,0,0,0.640056030273437,1.63,0,-5399.97607421875
100000000000000000000001,1,924125000,0,-47.5,0.638136007760426,0,0,0.640056030273437,1.63,0,-5399.97607421875
100000000000000000000003,1,924125000,0,-48,4.01289374110884,0,0,0.640056030273437,1.63,0,-5399.97607421875
100000000000000000000000,1,924125000,0,-54,5.64504929941916,0,0,0.640056030273437,1.63,0,-5399.97607421875
100000000000000000000004,1,924125000,0,-47.5,4.55285497844458,0,0,0.640056030273437,1.63,0,-5399.97607421875
100000000000000000000004,1,924125000,0,-47.5,4.52217536268687,0,0,0.640056030273437,1.63,0,-5399.97607421875
100000000000000000000002,1,924125000,0,-45,2.64458287831485,0,0,0.640056030273437,1.63,0,-5399.97607421875
100000000000000000000005,1,924125000,0,-66,2.80411688025495,0,0,0.640056030273437,1.63,0,-5399.97607421875
100000000000000000000000,1,924125000,0,-54,5.58982599105528,0,0,0.640056030273437,1.63,0,-5399.97607421875
100000000000000000000001,1,924125000,0,-47.5,0.64427193091197,0,0,0.640056030273437,1.63,0,-5399.97607421875
100000000000000000000003,1,924125000,0,-48,4.02516558741192,0,0,0.640056030273437,1.63,0,-5399.97607421875
100000000000000000000004,1,924125000,0,-47.5,4.54671905529304,0,0,0.640056030273437,1.63,0,-5399.97607421875
100000000000000000000005,1,924125000,0,-66,2.78570911080032,0,0,0.640056030273437,1.63,0,-5399.97607421875
100000000000000000000003,1,924125000,0,-48,4.00062189480575,0,0,0.640056030273437,1.63,0,-5399.97607421875
100000000000000000000000,1,924125000,0,-53.5,5.59596191420682,0,0,0.640056030273437,1.63,0,-5399.97607421875
100000000000000000000002,1,924125000,0,-45,2.65685472461793,0,0,0.640056030273437,1.63,0,-5399.97607421875
100000000000000000000001,1,924125000,0,-47.5,0.625864161457342,0,0,0.640056030273437,1.63,0,-5399.97607421875
100000000000000000000000,1,924125000,0,-54,5.62050560681299,0,0,0.640056030273437,1.63,0,-5399.97607421875
100000000000000000000003,1,924125000,0,-48,4.03130151056346,0,0,0.640056030273437,1.63,0,-5399.97607421875
100000000000000000000001,1,924125000,0,-47.5,0.638136007760426,0,0,0.640056030273437,1.63,0,-5399.97607421875
100000000000000000000004,1,924125000,0,-47.5,4.5405831321415,0,0,0.640056030273437,1.63,0,-5399.97607421875
100000000000000000000002,1,924125000,0,-44.5,2.66912657092102,0,0,0.640056030273437,1.63,0,-5399.97607421875
100000000000000000000005,1,924125000,0,-65.5,2.84706834231575,0,0,0.640056030273437,1.63,0,-5399.97607421875
100000000000000000000001,1,924125000,0,-47.5,0.632000084608884,0,0,0.640056030273437,1.63,0,-5399.97607421875
100000000000000000000002,1,924125000,0,-45,2.65071880146639,0,0,0.640056030273437,1.63,0,-5399.97607421875
100000000000000000000005,1,924125000,0,-65.5,2.77957318764878,0,0,0.640056030273437,1.63,0,-5399.97607421875
100000000000000000000000,1,924125000,0,-54,5.63891337626762,0,0,0.640056030273437,1.63,0,-5399.97607421875
100000000000000000000003,1,924125000,0,-48,4.02516558741192,0,0,0.640056030273437,1.63,0,-5399.97607421875
100000000000000000000004,1,924125000,0,-47.5,4.5405831321415,0,0,0.640056030273437,1.63,0,-5399.97607421875
100000000000000000000004,1,924125000,0,-47.5,4.52217536268687,0,0,0.640056030273437,1.63,0,-5399.97607421875
100000000000000000000001,1,924125000,0,-48,0.638136007760426,0,0,0.640056030273437,1.63,0,-5399.97607421875
100000000000000000000003,1,924125000,0,-48,4.04357335686655,0,0,0.640056030273437,1.63,0,-5399.97607421875
100000000000000000000002,1,924125000,0,-45,2.65071880146639,0,0,0.640056030273437,1.63,0,-5399.97607421875
100000000000000000000000,1,924125000,0,-54,5.65732114572224,0,0,0.640056030273437,1.63,0,-5399.97607421875
100000000000000000000005,1,924125000,0,-65.5,2.91456349698272,0,0,0.640056030273437,1.63,0,-5399.97607421875
100000000000000000000005,1,924125000,0,-66.5,2.55254403104171,0,0,0.640056030273437,1.63,0,-5399.97607421875
100000000000000000000001,1,924125000,0,-47.5,0.638136007760426,0,0,0.640056030273437,1.63,0,-5399.97607421875
100000000000000000000003,1,924125000,0,-48,4.01289374110884,0,0,0.640056030273437,1.63,0,-5399.97607421875
100000000000000000000000,1,924125000,0,-54,5.59596191420682,0,0,0.640056030273437,1.63,0,-5399.97607421875
100000000000000000000002,1,924125000,0,-45,2.64458287831485,0,0,0.640056030273437,1.63,0,-5399.97607421875
100000000000000000000004,1,924125000,0,-47.5,4.53444720898996,0,0,0.640056030273437,1.63,0,-5399.97607421875
100000000000000000000001,1,924125000,0,-47.5,0.638136007760426,0,0,0.640056030273437,1.63,0,-5399.97607421875
100000000000000000000005,1,924125000,0,-66,2.89615572752809,0,0,0.640056030273437,1.63,0,-5399.97607421875
100000000000000000000000,1,924125000,0,-54,5.64504929941916,0,0,0.640056030273437,1.63,0,-5399.97607421875
100000000000000000000002,1,924125000,0,-45,2.66299064776947,0,0,0.640056030273437,1.63,0,-5399.97607421875
100000000000000000000004,1,924125000,0,-47.5,4.53444720898996,0,0,0.640056030273437,1.63,0,-5399.97607421875
100000000000000000000003,1,924125000,0,-48,4.02516558741192,0,0,0.640056030273437,1.63,0,-5399.97607421875
100000000000000000000003,1,924125000,0,-48,4.03743743371501,0,0,0.640056030273437,1.63,0,-5399.97607421875
100000000000000000000001,1,924125000,0,-47.5,0.638136007760426,0,0,0.640056030273437,1.63,0,-5399.97607421875
100000000000000000000005,1,924125000,0,-65.5,2.6384469551633,0,0,0.640056030273437,1.63,0,-5399.97607421875
100000000000000000000000,1,924125000,0,-54,5.63277745311607,0,0,0.640056030273437,1.63,0,-5399.97607421875
100000000000000000000002,1,924125000,0,-45,2.65685472461793,0,0,0.640056030273437,1.63,0,-5399.97607421875
100000000000000000000004,1,924125000,0,-47.5,4.52831128583841,0,0,0.640056030273437,1.63,0,-5399.97607421875
100000000000000000000005,1,924125000,0,-65.5,2.71821395613336,0,0,0.640056030273437,1.63,0,-5399.97607421875
100000000000000000000001,1,924125000,0,-47.5,0.632000084608884,0,0,0.640056030273437,1.63,0,-5399.97607421875
100000000000000000000000,1,924125000,0,-54,5.61436968366145,0,0,0.640056030273437,1.63,0,-5399.97607421875
100000000000000000000004,1,924125000,0,-47.5,4.5405831321415,0,0,0.640056030273437,1.63,0,-5399.97607421875
100000000000000000000003,1,924125000,0,-48,4.03130151056346,0,0,0.640056030273437,1.63,0,-5399.97607421875
100000000000000000000002,1,924125000,0,-45,2.66299064776947,0,0,0.640056030273437,1.63,0,-5399.97607421875
100000000000000000000001,1,924125000,0,-47.5,0.632000084608884,0,0,0.640056030273437,1.63,0,-5399.97607421875
100000000000000000000005,1,924125000,0,-66,2.80411688025495,0,0,0.640056030273437,1.63,0,-5399.97607421875
100000000000000000000002,1,924125000,0,-44.5,2.65071880146639,0,0,0.640056030273437,1.63,0,-5399.97607421875
100000000000000000000003,1,924125000,0,-48,3.98835004850267,0,0,0.640056030273437,1.63,0,-5399.97607421875
100000000000000000000004,1,924125000,0,-47.5,4.54671905529304,0,0,0.640056030273437,1.63,0,-5399.97607421875
100000000000000000000000,1,924125000,0,-54,5.61436968366145,0,0,0.640056030273437,1.63,0,-5399.97607421875
100000000000000000000004,1,924125000,0,-47.5,4.52217536268687,0,0,0.640056030273437,1.63,0,-5399.97607421875
100000000000000000000000,1,924125000,0,-54,5.63277745311607,0,0,0.640056030273437,1.63,0,-5399.97607421875
100000000000000000000002,1,924125000,0,-45,2.65071880146639,0,0,0.640056030273437,1.63,0,-5399.97607421875
100000000000000000000001,1,924125000,0,-47.5,0.613592315154256,0,0,0.640056030273437,1.63,0,-5399.97607421875
100000000000000000000003,1,924125000,0,-48,4.01289374110884,0,0,0.640056030273437,1.63,0,-5399.97607421875
100000000000000000000005,1,924125000,0,-65.5,2.69980618667873,0,0,0.640056030273437,1.63,0,-5399.97607421875
100000000000000000000004,1,924125000,0,-47.5,4.5405831321415,0,0,0.640056030273437,1.63,0,-5399.97607421875
100000000000000000000002,1,924125000,0,-45,2.65685472461793,0,0,0.640056030273437,1.63,0,-5399.97607421875
100000000000000000000000,1,924125000,0,-54,5.58982599105528,0,0,0.640056030273437,1.63,0,-5399.97607421875
100000000000000000000005,1,924125000,0,-65,2.73048580243644,0,0,0.640056030273437,1.63,0,-5399.97607421875
100000000000000000000003,1,924125000,0,-48,4.03743743371501,0,0,0.640056030273437,1.63,0,-5399.97607421875
100000000000000000000001,1,924125000,0,-48,0.625864161457342,0,0,0.640056030273437,1.63,0,-5399.97607421875
100000000000000000000002,1,924125000,0,-45,2.65071880146639,0,0,0.640056030273437,1.63,0,-5399.97607421875
100000000000000000000000,1,924125000,0,-53.5,5.60209783735836,0,0,0.640056030273437,1.63,0,-5399.97607421875
100000000000000000000001,1,924125000,0,-47.5,0.632000084608884,0,0,0.640056030273437,1.63,0,-5399.97607421875
100000000000000000000004,1,924125000,0,-47.5,4.5405831321415,0,0,0.640056030273437,1.63,0,-5399.97607421875
100000000000000000000003,1,924125000,0,-48,4.01289374110884,0,0,0.640056030273437,1.63,0,-5399.97607421875
100000000000000000000005,1,924125000,0,-66,2.86547611177038,0,0,0.640056030273437,1.63,0,-5399.97607421875
100000000000000000000002,1,924125000,0,-45,2.65071880146639,0,0,0.640056030273437,1.63,0,-5399.97607421875
100000000000000000000001,1,924125000,0,-47.5,0.625864161457342,0,0,0.640056030273437,1.63,0,-5399.97607421875
100000000000000000000004,1,924125000,0,-47.5,4.53444720898996,0,0,0.640056030273437,1.63,0,-5399.97607421875
100000000000000000000005,1,924125000,0,-66,2.91456349698272,0,0,0.640056030273437,1.63,0,-5399.97607421875
100000000000000000000000,1,924125000,0,-54,5.59596191420682,0,0,0.640056030273437,1.63,0,-5399.97607421875
100000000000000000000003,1,924125000,0,-48,4.03743743371501,0,0,0.640056030273437,1.63,0,-5399.97607421875
100000000000000000000005,1,924125000,0,-65.5,2.82866057286112,0,0,0.640056030273437,1.63,0,-5399.97607421875
100000000000000000000001,1,924125000,0,-47.5,0.619728238305799,0,0,0.640056030273437,1.63,0,-5399.97607421875
100000000000000000000002,1,924125000,0,-45,2.65071880146639,0,0,0.640056030273437,1.63,0,-5399.97607421875
100000000000000000000003,1,924125000,0,-48,4.03130151056346,0,0,0.640056030273437,1.63,0,-5399.97607421875
100000000000000000000000,1,924125000,0,-54,5.57141822160065,0,0,0.640056030273437,1.63,0,-5399.97607421875
100000000000000000000004,1,924125000,0,-47.5,4.5405831321415,0,0,0.640056030273437,1.63,0,-5399.97607421875
100000000000000000000001,1,924125000,0,-47.5,0.595184545699629,0,0,0.640056030273437,1.63,0,-5399.97607421875
100000000000000000000004,1,924125000,0,-47.5,4.52217536268687,0,0,0.640056030273437,1.63,0,-5399.97607421875
100000000000000000000002,1,924125000,0,-45,2.64458287831485,0,0,0.640056030273437,1.63,0,-5399.97607421875
100000000000000000000003,1,924125000,0,-48,4.03743743371501,0,0,0.640056030273437,1.63,0,-5399.97607421875
100000000000000000000000,1,924125000,0,-54,5.62050560681299,0,0,0.640056030273437,1.63,0,-5399.97607421875
100000000000000000000005,1,924125000,0,-66,2.68753434037564,0,0,0.640056030273437,1.63,0,-5399.97607421875
100000000000000000000002,1,924125000,0,-45,2.64458287831485,0,0,0.640056030273437,1.63,0,-5399.97607421875
100000000000000000000005,1,924125000,0,-66,2.77343726449724,0,0,0.640056030273437,1.63,0,-5399.97607421875
100000000000000000000004,1,924125000,0,-47.5,4.5405831321415,0,0,0.640056030273437,1.63,0,-5399.97607421875
100000000000000000000001,1,924125000,0,-47.5,0.589048622548086,0,0,0.640056030273437,1.63,0,-5399.97607421875
100000000000000000000000,1,924125000,0,-54,5.60209783735836,0,0,0.640056030273437,1.63,0,-5399.97607421875
100000000000000000000003,1,924125000,0,-48,4.04970928001809,0,0,0.640056030273437,1.63,0,-5399.97607421875
100000000000000000000000,1,924125000,0,-54,5.63277745311607,0,0,0.640056030273437,1.63,0,-5399.97607421875
100000000000000000000004,1,924125000,0,-47,4.5405831321415,0,0,0.640056030273437,1.63,0,-5399.97607421875
100000000000000000000003,1,924125000,0,-48,4.00062189480575,0,0,0.640056030273437,1.63,0,-5399.97607421875
100000000000000000000002,1,924125000,0,-45,2.65685472461793,0,0,0.640056030273437,1.63,0,-5399.97607421875
100000000000000000000001,1,924125000,0,-47.5,0.638136007760426,0,0,0.640056030273437,1.63,0,-5399.97607421875
100000000000000000000005,1,924125000,0,-65,2.75502949504261,0,0,0.640056030273437,1.63,0,-5399.97607421875
100000000000000000000005,1,924125000,0,-66,2.95137903589197,0,0,0.640056030273437,1.63,0,-5399.97607421875
100000000000000000000002,1,924125000,0,-45,2.6813984172241,0,0,0.640056030273437,1.63,0,-5399.97607421875
100000000000000000000004,1,924125000,0,-47.5,4.5405831321415,0,0,0.640056030273437,1.63,0,-5399.97607421875
100000000000000000000001,1,924125000,0,-47.5,0.638136007760426,0,0,0.640056030273437,1.63,0,-5399.97607421875
100000000000000000000000,1,924125000,0,-53.5,5.59596191420682,0,0,0.640056030273437,1.63,0,-5399.97607421875
100000000000000000000003,1,924125000,0,-48,4.03130151056346,0,0,0.640056030273437,1.63,0,-5399.97607421875
100000000000000000000000,1,920625000,0,-54,3.92699081698724,0,0,0.640056030273437,1.63,0,-5399.97607421875
100000000000000000000003,1,920625000,0,-48.5,2.4359614911624,0,0,0.640056030273437,1.63,0,-5399.97607421875
100000000000000000000005,1,920625000,0,-65.5,0.582912699396544,0,0,0.640056030273437,1.63,0,-5399.97607421875
100000000000000000000002,1,920625000,0,-45.5,1.04924285891378,0,0,0.640056030273437,1.63,0,-5399.97607421875
100000000000000000000004,1,920625000,0,-50,3.04955380631665,0,0,0.640056030273437,1.63,0,-5399.97607421875
100000000000000000000001,1,920625000,0,-49,5.44256383541826,0,0,0.640056030273437,1.63,0,-5399.97607421875
100000000000000000000001,1,920625000,0,-49,5.405748296509,0,0,0.640056030273437,1.63,0,-5399.97607421875
100000000000000000000004,1,920625000,0,-50,3.06182565261974,0,0,0.640056030273437,1.63,0,-5399.97607421875
100000000000000000000000,1,920625000,0,-54,3.86563158547182,0,0,0.640056030273437,1.63,0,-5399.97607421875
100000000000000000000005,1,920625000,0,-65,0.398835004850267,0,0,0.640056030273437,1.63,0,-5399.97607421875
100000000000000000000002,1,920625000,0,-45.5,1.05537878206532,0,0,0.640056030273437,1.63,0,-5399.97607421875
100000000000000000000003,1,920625000,0,-48,2.4359614911624,0,0,0.640056030273437,1.63,0,-5399.97607421875
100000000000000000000004,1,920625000,0,-50,3.02501011371048,0,0,0.640056030273437,1.63,0,-5399.97607421875
100000000000000000000002,1,920625000,0,-45.5,1.05537878206532,0,0,0.640056030273437,1.63,0,-5399.97607421875
100000000000000000000000,1,920625000,0,-54,3.90244712438107,0,0,0.640056030273437,1.63,0,-5399.97607421875
100000000000000000000005,1,920625000,0,-65,0.570640853093458,0,0,0.640056030273437,1.63,0,-5399.97607421875
100000000000000000000001,1,920625000,0,-49,5.41188421966054,0,0,0.640056030273437,1.63,0,-5399.97607421875
100000000000000000000003,1,920625000,0,-48.5,2.3930100291016,0,0,0.640056030273437,1.63,0,-5399.97607421875
100000000000000000000002,1,920625000,0,-45.5,1.06151470521686,0,0,0.640056030273437,1.63,0,-5399.97607421875
100000000000000000000001,1,920625000,0,-49,5.39961237335746,0,0,0.640056030273437,1.63,0,-5399.97607421875
100000000000000000000003,1,920625000,0,-48.5,2.38687410595006,0,0,0.640056030273437,1.63,0,-5399.97607421875
100000000000000000000005,1,920625000,0,-65,0.50314569842649,0,0,0.640056030273437,1.63,0,-5399.97607421875
100000000000000000000004,1,920625000,0,-50,3.07409749892282,0,0,0.640056030273437,1.63,0,-5399.97607421875
100000000000000000000000,1,920625000,0,-54,3.92699081698724,0,0,0.640056030273437,1.63,0,-5399.97607421875
100000000000000000000000,1,920625000,0,-54,3.9208548938357,0,0,0.640056030273437,1.63,0,-5399.97607421875
100000000000000000000001,1,920625000,0,-49,5.43029198911517,0,0,0.640056030273437,1.63,0,-5399.97607421875
100000000000000000000004,1,920625000,0,-50.5,3.06796157577128,0,0,0.640056030273437,1.63,0,-5399.97607421875
100000000000000000000003,1,920625000,0,-48.5,2.41141779855623,0,0,0.640056030273437,1.63,0,-5399.97607421875
100000000000000000000005,1,920625000,0,-65.5,0.613592315154256,0,0,0.640056030273437,1.63,0,-5399.97607421875
100000000000000000000002,1,920625000,0,-45.5,1.06151470521686,0,0,0.640056030273437,1.63,0,-5399.97607421875
100000000000000000000001,1,920625000,0,-49,5.44256383541826,0,0,0.640056030273437,1.63,0,-5399.97607421875
100000000000000000000004,1,920625000,0,-50,3.04341788316511,0,0,0.640056030273437,1.63,0,-5399.97607421875
100000000000000000000003,1,920625000,0,-48.5,2.41755372170777,0,0,0.640056030273437,1.63,0,-5399.97607421875
100000000000000000000002,1,920625000,0,-45.5,1.07378655151995,0,0,0.640056030273437,1.63,0,-5399.97607421875
100000000000000000000000,1,920625000,0,-54,3.90244712438107,0,0,0.640056030273437,1.63,0,-5399.97607421875
100000000000000000000005,1,920625000,0,-65,0.625864161457342,0,0,0.640056030273437,1.63,0,-5399.97607421875
100000000000000000000000,1,920625000,0,-54.5,3.93312674013878,0,0,0.640056030273437,1.63,0,-5399.97607421875
100000000000000000000004,1,920625000,0,-50,3.03728196001357,0,0,0.640056030273437,1.63,0,-5399.97607421875
100000000000000000000005,1,920625000,0,-64.5,0.589048622548086,0,0,0.640056030273437,1.63,0,-5399.97607421875
100000000000000000000002,1,920625000,0,-45.5,1.04924285891378,0,0,0.640056030273437,1.63,0,-5399.97607421875
100000000000000000000001,1,920625000,0,-49,5.42415606596363,0,0,0.640056030273437,1.63,0,-5399.97607421875
100000000000000000000003,1,920625000,0,-48,2.42368964485931,0,0,0.640056030273437,1.63,0,-5399.97607421875
100000000000000000000000,1,920625000,0,-54,3.85949566232027,0,0,0.640056030273437,1.63,0,-5399.97607421875
100000000000000000000001,1,920625000,0,-49,5.43642791226671,0,0,0.640056030273437,1.63,0,-5399.97607421875
100000000000000000000002,1,920625000,0,-45.5,1.04924285891378,0,0,0.640056030273437,1.63,0,-5399.97607421875
100000000000000000000003,1,920625000,0,-48,2.41141779855623,0,0,0.640056030273437,1.63,0,-5399.97607421875
100000000000000000000004,1,920625000,0,-50,3.07409749892282,0,0,0.640056030273437,1.63,0,-5399.97607421875
100000000000000000000005,1,920625000,0,-64.5,0.589048622548086,0,0,0.640056030273437,1.63,0,-5399.97607421875
100000000000000000000004,1,920625000,0,-50.5,3.09250526837745,0,0,0.640056030273437,1.63,0,-5399.97607421875
100000000000000000000001,1,920625000,0,-49,5.45483568172134,0,0,0.640056030273437,1.63,0,-5399.97607421875
100000000000000000000003,1,920625000,0,-48.5,2.41755372170777,0,0,0.640056030273437,1.63,0,-5399.97607421875
100000000000000000000000,1,920625000,0,-54,3.90244712438107,0,0,0.640056030273437,1.63,0,-5399.97607421875
100000000000000000000002,1,920625000,0,-45.5,1.04924285891378,0,0,0.640056030273437,1.63,0,-5399.97607421875
100000000000000000000005,1,920625000,0,-65,0.552233083638831,0,0,0.640056030273437,1.63,0,-5399.97607421875
100000000000000000000002,1,920625000,0,-45.5,1.06765062836841,0,0,0.640056030273437,1.63,0,-5399.97607421875
100000000000000000000001,1,920625000,0,-49,5.405748296509,0,0,0.640056030273437,1.63,0,-5399.97607421875
100000000000000000000003,1,920625000,0,-48,2.37460225964697,0,0,0.640056030273437,1.63,0,-5399.97607421875
100000000000000000000000,1,920625000,0,-54,3.89631120122953,0,0,0.640056030273437,1.63,0,-5399.97607421875
100000000000000000000005,1,920625000,0,-65,0.521553467881118,0,0,0.640056030273437,1.63,0,-5399.97607421875
100000000000000000000004,1,920625000,0,-50.5,3.06182565261974,0,0,0.640056030273437,1.63,0,-5399.97607421875
100000000000000000000003,1,920625000,0,-48,2.4359614911624,0,0,0.640056030273437,1.63,0,-5399.97607421875
100000000000000000000001,1,920625000,0,-49,5.41188421966054,0,0,0.640056030273437,1.63,0,-5399.97607421875
100000000000000000000000,1,920625000,0,-54.5,3.91471897068416,0,0,0.640056030273437,1.63,0,-5399.97607421875
100000000000000000000002,1,920625000,0,-45.5,1.07378655151995,0,0,0.640056030273437,1.63,0,-5399.97607421875
100000000000000000000005,1,920625000,0,-65.5,0.521553467881118,0,0,0.640056030273437,1.63,0,-5399.97607421875
100000000000000000000004,1,920625000,0,-50,3.06182565261974,0,0,0.640056030273437,1.63,0,-5399.97607421875
100000000000000000000001,1,920625000,0,-49,5.42415606596363,0,0,0.640056030273437,1.63,0,-5399.97607421875
100000000000000000000002,1,920625000,0,-45.5,1.04924285891378,0,0,0.640056030273437,1.63,0,-5399.97607421875
100000000000000000000004,1,920625000,0,-50.5,3.0556897294682,0,0,0.640056030273437,1.63,0,-5399.97607421875
100000000000000000000005,1,920625000,0,-66,0.754718547639736,0,0,0.640056030273437,1.63,0,-5399.97607421875
100000000000000000000000,1,920625000,0,-54.5,3.92699081698724,0,0,0.640056030273437,1.63,0,-5399.97607421875
100000000000000000000003,1,920625000,0,-48.5,2.4359614911624,0,0,0.640056030273437,1.63,0,-5399.97607421875
100000000000000000000005,1,920625000,0,-65,0.521553467881118,0,0,0.640056030273437,1.63,0,-5399.97607421875
100000000000000000000001,1,920625000,0,-49,5.44256383541826,0,0,0.640056030273437,1.63,0,-5399.97607421875
100000000000000000000004,1,920625000,0,-50.5,3.06182565261974,0,0,0.640056030273437,1.63,0,-5399.97607421875
100000000000000000000000,1,920625000,0,-54,3.9208548938357,0,0,0.640056030273437,1.63,0,-5399.97607421875
100000000000000000000002,1,920625000,0,-45.5,1.04924285891378,0,0,0.640056030273437,1.63,0,-5399.97607421875
100000000000000000000003,1,920625000,0,-48.5,2.40528187540469,0,0,0.640056030273437,1.63,0,-5399.97607421875
100000000000000000000004,1,920625000,0,-50.5,3.06796157577128,0,0,0.640056030273437,1.63,0,-5399.97607421875
100000000000000000000003,1,920625000,0,-48.5,2.40528187540469,0,0,0.640056030273437,1.63,0,-5399.97607421875
100000000000000000000002,1,920625000,0,-45.5,1.04310693576224,0,0,0.640056030273437,1.63,0,-5399.97607421875
100000000000000000000001,1,920625000,0,-49,5.43642791226671,0,0,0.640056030273437,1.63,0,-5399.97607421875
100000000000000000000000,1,920625000,0,-54,3.89631120122953,0,0,0.640056030273437,1.63,0,-5399.97607421875
100000000000000000000005,1,920625000,0,-65,0.558369006790373,0,0,0.640056030273437,1.63,0,-5399.97607421875
100000000000000000000004,1,920625000,0,-50.5,3.0556897294682,0,0,0.640056030273437,1.63,0,-5399.97607421875
100000000000000000000002,1,920625000,0,-45.5,1.05537878206532,0,0,0.640056030273437,1.63,0,-5399.97607421875
100000000000000000000001,1,920625000,0,-49,5.43642791226671,0,0,0.640056030273437,1.63,0,-5399.97607421875
100000000000000000000005,1,920625000,0,-65.5,0.650407854063512,0,0,0.640056030273437,1.63,0,-5399.97607421875
100000000000000000000000,1,920625000,0,-54.5,3.90858304753261,0,0,0.640056030273437,1.63,0,-5399.97607421875
100000000000000000000003,1,920625000,0,-48,2.42368964485931,0,0,0.640056030273437,1.63,0,-5399.97607421875
100000000000000000000005,1,920625000,0,-65.5,0.558369006790373,0,0,0.640056030273437,1.63,0,-5399.97607421875
100000000000000000000001,1,920625000,0,-49,5.44256383541826,0,0,0.640056030273437,1.63,0,-5399.97607421875
100000000000000000000000,1,920625000,0,-54,3.9208548938357,0,0,0.640056030273437,1.63,0,-5399.97607421875
100000000000000000000002,1,920625000,0,-45.5,1.04310693576224,0,0,0.640056030273437,1.63,0,-5399.97607421875
100000000000000000000004,1,920625000,0,-50,3.08023342207437,0,0,0.640056030273437,1.63,0,-5399.97607421875
100000000000000000000003,1,920625000,0,-48.5,2.4359614911624,0,0,0.640056030273437,1.63,0,-5399.97607421875
100000000000000000000004,1,920625000,0,-50.5,3.0556897294682,0,0,0.640056030273437,1.63,0,-5399.97607421875
100000000000000000000000,1,920625000,0,-54.5,3.94539858644187,0,0,0.640056030273437,1.63,0,-5399.97607421875
100000000000000000000002,1,920625000,0,-45.5,1.06151470521686,0,0,0.640056030273437,1.63,0,-5399.97607421875
100000000000000000000001,1,920625000,0,-49,5.43642791226671,0,0,0.640056030273437,1.63,0,-5399.97607421875
100000000000000000000003,1,920625000,0,-48.5,2.37460225964697,0,0,0.640056030273437,1.63,0,-5399.97607421875
100000000000000000000005,1,920625000,0,-65,0.711767085578938,0,0,0.640056030273437,1.63,0,-5399.97607421875
100000000000000000000005,1,920625000,0,-64.5,0.460194236365693,0,0,0.640056030273437,1.63,0,-5399.97607421875
100000000000000000000002,1,920625000,0,-45.5,1.06765062836841,0,0,0.640056030273437,1.63,0,-5399.97607421875
100000000000000000000003,1,920625000,0,-48.5,2.40528187540469,0,0,0.640056030273437,1.63,0,-5399.97607421875
100000000000000000000004,1,920625000,0,-50,3.07409749892282,0,0,0.640056030273437,1.63,0,-5399.97607421875
100000000000000000000001,1,920625000,0,-49,5.42415606596363,0,0,0.640056030273437,1.63,0,-5399.97607421875
100000000000000000000000,1,920625000,0,-54.5,3.93926266329033,0,0,0.640056030273437,1.63,0,-5399.97607421875
100000000000000000000000,1,920625000,0,-54,3.8779034317749,0,0,0.640056030273437,1.63,0,-5399.97607421875
100000000000000000000005,1,920625000,0,-65.5,0.66881562351814,0,0,0.640056030273437,1.63,0,-5399.97607421875
100000000000000000000001,1,920625000,0,-49,5.43642791226671,0,0,0.640056030273437,1.63,0,-5399.97607421875
100000000000000000000002,1,920625000,0,-45.5,1.06765062836841,0,0,0.640056030273437,1.63,0,-5399.97607421875
100000000000000000000003,1,920625000,0,-48,2.41141779855623,0,0,0.640056030273437,1.63,0,-5399.97607421875
100000000000000000000004,1,920625000,0,-50,3.08023342207437,0,0,0.640056030273437,1.63,0,-5399.97607421875
100000000000000000000005,1,920625000,0,-65.5,0.484737928971863,0,0,0.640056030273437,1.63,0,-5399.97607421875
100000000000000000000002,1,920625000,0,-45.5,1.08605839782303,0,0,0.640056030273437,1.63,0,-5399.97607421875
100000000000000000000001,1,920625000,0,-49,5.405748296509,0,0,0.640056030273437,1.63,0,-5399.97607421875
100000000000000000000003,1,920625000,0,-48.5,2.40528187540469,0,0,0.640056030273437,1.63,0,-5399.97607421875
100000000000000000000004,1,920625000,0,-50,3.06182565261974,0,0,0.640056030273437,1.63,0,-5399.97607421875
100000000000000000000000,1,920625000,0,-54.5,3.90858304753261,0,0,0.640056030273437,1.63,0,-5399.97607421875
100000000000000000000002,1,920625000,0,-45.5,1.06765062836841,0,0,0.640056030273437,1.63,0,-5399.97607421875
100000000000000000000001,1,920625000,0,-49,5.41802014281208,0,0,0.640056030273437,1.63,0,-5399.97607421875
100000000000000000000003,1,920625000,0,-48.5,2.38073818279852,0,0,0.640056030273437,1.63,0,-5399.97607421875
100000000000000000000004,1,920625000,0,-50.5,3.04341788316511,0,0,0.640056030273437,1.63,0,-5399.97607421875
100000000000000000000000,1,920625000,0,-54,3.87176750862336,0,0,0.640056030273437,1.63,0,-5399.97607421875
100000000000000000000005,1,920625000,0,-65.5,0.484737928971863,0,0,0.640056030273437,1.63,0,-5399.97607421875
100000000000000000000001,1,920625000,0,-49,5.41188421966054,0,0,0.640056030273437,1.63,0,-5399.97607421875
100000000000000000000004,1,920625000,0,-50,3.07409749892282,0,0,0.640056030273437,1.63,0,-5399.97607421875
100000000000000000000002,1,920625000,0,-45.5,1.05537878206532,0,0,0.640056030273437,1.63,0,-5399.97607421875
100000000000000000000000,1,920625000,0,-54,3.90858304753261,0,0,0.640056030273437,1.63,0,-5399.97607421875
100000000000000000000003,1,920625000,0,-48.5,2.41141779855623,0,0,0.640056030273437,1.63,0,-5399.97607421875
100000000000000000000005,1,920625000,0,-65,0.724038931882022,0,0,0.640056030273437,1.63,0,-5399.97607421875
100000000000000000000001,1,920625000,0,-49,5.44256383541826,0,0,0.640056030273437,1.63,0,-5399.97607421875
100000000000000000000000,1,920625000,0,-54.5,3.90858304753261,0,0,0.640056030273437,1.63,0,-5399.97607421875
100000000000000000000004,1,920625000,0,-50.5,3.06182565261974,0,0,0.640056030273437,1.63,0,-5399.97607421875
100000000000000000000003,1,920625000,0,-48,2.42982556801086,0,0,0.640056030273437,1.63,0,-5399.97607421875
100000000000000000000002,1,920625000,0,-45.5,1.05537878206532,0,0,0.640056030273437,1.63,0,-5399.97607421875
100000000000000000000005,1,920625000,0,-64.5,0.497009775274948,0,0,0.640056030273437,1.63,0,-5399.97607421875
100000000000000000000002,1,920625000,0,-45.5,1.06151470521686,0,0,0.640056030273437,1.63,0,-5399.97607421875
100000000000000000000005,1,920625000,0,-64.5,0.570640853093458,0,0,0.640056030273437,1.63,0,-5399.97607421875
100000000000000000000003,1,920625000,0,-48.5,2.40528187540469,0,0,0.640056030273437,1.63,0,-5399.97607421875
100000000000000000000001,1,920625000,0,-49,5.39961237335746,0,0,0.640056030273437,1.63,0,-5399.97607421875
100000000000000000000004,1,920625000,0,-50,3.04955380631665,0,0,0.640056030273437,1.63,0,-5399.97607421875
100000000000000000000000,1,920625000,0,-54,3.86563158547182,0,0,0.640056030273437,1.63,0,-5399.97607421875
100000000000000000000001,1,920625000,0,-49,5.44256383541826,0,0,0.640056030273437,1.63,0,-5399.97607421875
100000000000000000000004,1,920625000,0,-50.5,3.06796157577128,0,0,0.640056030273437,1.63,0,-5399.97607421875
100000000000000000000005,1,920625000,0,-65,0.625864161457342,0,0,0.640056030273437,1.63,0,-5399.97607421875
100000000000000000000003,1,920625000,0,-48.5,2.41141779855623,0,0,0.640056030273437,1.63,0,-5399.97607421875
100000000000000000000000,1,920625000,0,-54,3.84722381601719,0,0,0.640056030273437,1.63,0,-5399.97607421875
100000000000000000000002,1,920625000,0,-45.5,1.04310693576224,0,0,0.640056030273437,1.63,0,-5399.97607421875
100000000000000000000003,1,920625000,0,-48,2.4359614911624,0,0,0.640056030273437,1.63,0,-5399.97607421875
100000000000000000000000,1,920625000,0,-54,3.89631120122953,0,0,0.640056030273437,1.63,0,-5399.97607421875
100000000000000000000002,1,920625000,0,-45.5,1.07992247467149,0,0,0.640056030273437,1.63,0,-5399.97607421875
100000000000000000000004,1,920625000,0,-50,3.06796157577128,0,0,0.640056030273437,1.63,0,-5399.97607421875
100000000000000000000005,1,920625000,0,-65,0.619728238305799,0,0,0.640056030273437,1.63,0,-5399.97607421875
100000000000000000000001,1,920625000,0,-49,5.4486997585698,0,0,0.640056030273437,1.63,0,-5399.97607421875
100000000000000000000002,1,920625000,0,-45.5,1.04310693576224,0,0,0.640056030273437,1.63,0,-5399.97607421875
100000000000000000000003,1,920625000,0,-48.5,2.41141779855623,0,0,0.640056030273437,1.63,0,-5399.97607421875
100000000000000000000001,1,920625000,0,-49,5.42415606596363,0,0,0.640056030273437,1.63,0,-5399.97607421875
100000000000000000000004,1,920625000,0,-50.5,3.03728196001357,0,0,0.640056030273437,1.63,0,-5399.97607421875
100000000000000000000000,1,920625000,0,-54,3.90244712438107,0,0,0.640056030273437,1.63,0,-5399.97607421875
100000000000000000000005,1,920625000,0,-65,0.497009775274948,0,0,0.640056030273437,1.63,0,-5399.97607421875
100000000000000000000000,1,920625000,0,-54,3.89631120122953,0,0,0.640056030273437,1.63,0,-5399.97607421875
100000000000000000000003,1,920625000,0,-48.5,2.40528187540469,0,0,0.640056030273437,1.63,0,-5399.97607421875
100000000000000000000004,1,920625000,0,-50,3.03728196001357,0,0,0.640056030273437,1.63,0,-5399.97607421875
100000000000000000000001,1,920625000,0,-49,5.39347645020591,0,0,0.640056030273437,1.63,0,-5399.97607421875
100000000000000000000002,1,920625000,0,-45.5,1.05537878206532,0,0,0.640056030273437,1.63,0,-5399.97607421875
100000000000000000000005,1,920625000,0,-65,0.570640853093458,0,0,0.640056030273437,1.63,0,-5399.97607421875
100000000000000000000005,1,920625000,0,-65.5,0.625864161457342,0,0,0.640056030273437,1.63,0,-5399.97607421875
100000000000000000000001,1,920625000,0,-49,5.41188421966054,0,0,0.640056030273437,1.63,0,-5399.97607421875
100000000000000000000004,1,920625000,0,-50.5,3.06796157577128,0,0,0.640056030273437,1.63,0,-5399.97607421875
100000000000000000000002,1,920625000,0,-45.5,1.04310693576224,0,0,0.640056030273437,1.63,0,-5399.97607421875
100000000000000000000000,1,920625000,0,-54,3.91471897068416,0,0,0.640056030273437,1.63,0,-5399.97607421875
100000000000000000000003,1,920625000,0,-48.5,2.41755372170777,0,0,0.640056030273437,1.63,0,-5399.97607421875
100000000000000000000002,1,920625000,0,-45.5,1.06151470521686,0,0,0.640056030273437,1.63,0,-5399.97607421875
100000000000000000000003,1,920625000,0,-48.5,2.42368964485931,0,0,0.640056030273437,1.63,0,-5399.97607421875
100000000000000000000000,1,920625000,0,-54,3.90858304753261,0,0,0.640056030273437,1.63,0,-5399.97607421875
100000000000000000000001,1,920625000,0,-49,5.41188421966054,0,0,0.640056030273437,1.63,0,-5399.97607421875
100000000000000000000004,1,920625000,0,-50,3.0556897294682,0,0,0.640056030273437,1.63,0,-5399.97607421875
100000000000000000000005,1,920625000,0,-65,0.490873852123405,0,0,0.640056030273437,1.63,0,-5399.97607421875
100000000000000000000005,1,920625000,0,-65.5,0.546097160487288,0,0,0.640056030273437,1.63,0,-5399.97607421875
100000000000000000000001,1,920625000,0,-49,5.41188421966054,0,0,0.640056030273437,1.63,0,-5399.97607421875
100000000000000000000002,1,920625000,0,-45.5,1.06151470521686,0,0,0.640056030273437,1.63,0,-5399.97607421875
100000000000000000000004,1,920625000,0,-50,3.06182565261974,0,0,0.640056030273437,1.63,0,-5399.97607421875
100000000000000000000000,1,920625000,0,-54,3.89017527807799,0,0,0.640056030273437,1.63,0,-5399.97607421875
100000000000000000000003,1,920625000,0,-48.5,2.40528187540469,0,0,0.640056030273437,1.63,0,-5399.97607421875
100000000000000000000005,1,920625000,0,-65,0.564504929941916,0,0,0.640056030273437,1.63,0,-5399.97607421875
100000000000000000000002,1,920625000,0,-45.5,1.06151470521686,0,0,0.640056030273437,1.63,0,-5399.97607421875
100000000000000000000004,1,920625000,0,-50.5,3.06182565261974,0,0,0.640056030273437,1.63,0,-5399.97607421875
100000000000000000000000,1,920625000,0,-54,3.93312674013878,0,0,0.640056030273437,1.63,0,-5399.97607421875
100000000000000000000003,1,920625000,0,-48.5,2.39914595225314,0,0,0.640056030273437,1.63,0,-5399.97607421875
100000000000000000000001,1,920625000,0,-49,5.41802014281208,0,0,0.640056030273437,1.63,0,-5399.97607421875
100000000000000000000000,1,920625000,0,-54,3.90858304753261,0,0,0.640056030273437,1.63,0,-5399.97607421875
100000000000000000000004,1,920625000,0,-50,3.0556897294682,0,0,0.640056030273437,1.63,0,-5399.97607421875
100000000000000000000001,1,920625000,0,-49,5.41802014281208,0,0,0.640056030273437,1.63,0,-5399.97607421875
100000000000000000000002,1,920625000,0,-45.5,1.03083508945915,0,0,0.640056030273437,1.63,0,-5399.97607421875
100000000000000000000003,1,920625000,0,-48.5,2.40528187540469,0,0,0.640056030273437,1.63,0,-5399.97607421875
100000000000000000000005,1,920625000,0,-65.5,0.50314569842649,0,0,0.640056030273437,1.63,0,-5399.97607421875
100000000000000000000003,1,920625000,0,-48.5,2.41755372170777,0,0,0.640056030273437,1.63,0,-5399.97607421875
100000000000000000000000,1,920625000,0,-54,3.92699081698724,0,0,0.640056030273437,1.63,0,-5399.97607421875
100000000000000000000005,1,920625000,0,-65.5,0.47860200582032,0,0,0.640056030273437,1.63,0,-5399.97607421875
100000000000000000000004,1,920625000,0,-50,3.06796157577128,0,0,0.640056030273437,1.63,0,-5399.97607421875
100000000000000000000001,1,920625000,0,-49,5.41802014281208,0,0,0.640056030273437,1.63,0,-5399.97607421875
100000000000000000000002,1,920625000,0,-45.5,1.04310693576224,0,0,0.640056030273437,1.63,0,-5399.97607421875
100000000000000000000005,1,920625000,0,-65,0.66881562351814,0,0,0.640056030273437,1.63,0,-5399.97607421875
100000000000000000000000,1,920625000,0,-54,3.90858304753261,0,0,0.640056030273437,1.63,0,-5399.97607421875
100000000000000000000003,1,920625000,0,-48.5,2.41141779855623,0,0,0.640056030273437,1.63,0,-5399.97607421875
100000000000000000000004,1,920625000,0,-50,3.03728196001357,0,0,0.640056030273437,1.63,0,-5399.97607421875
100000000000000000000001,1,920625000,0,-49,5.41188421966054,0,0,0.640056030273437,1.63,0,-5399.97607421875
100000000000000000000002,1,920625000,0,-45.5,1.05537878206532,0,0,0.640056030273437,1.63,0,-5399.97607421875
100000000000000000000002,1,920625000,0,-45.5,1.04924285891378,0,0,0.640056030273437,1.63,0,-5399.97607421875
100000000000000000000004,1,920625000,0,-50.5,3.06796157577128,0,0,0.640056030273437,1.63,0,-5399.97607421875
100000000000000000000005,1,920625000,0,-65.5,0.674951546669682,0,0,0.640056030273437,1.63,0,-5399.97607421875
100000000000000000000000,1,920625000,0,-54,3.91471897068416,0,0,0.640056030273437,1.63,0,-5399.97607421875
100000000000000000000003,1,920625000,0,-48.5,2.3930100291016,0,0,0.640056030273437,1.63,0,-5399.97607421875
100000000000000000000001,1,920625000,0,-49,5.43029198911517,0,0,0.640056030273437,1.63,0,-5399.97607421875
100000000000000000000001,1,920625000,0,-49,5.44256383541826,0,0,0.640056030273437,1.63,0,-5399.97607421875
100000000000000000000002,1,920625000,0,-45.5,1.05537878206532,0,0,0.640056030273437,1.63,0,-5399.97607421875
100000000000000000000004,1,920625000,0,-50.5,3.06182565261974,0,0,0.640056030273437,1.63,0,-5399.97607421875
100000000000000000000003,1,920625000,0,-48.5,2.42368964485931,0,0,0.640056030273437,1.63,0,-5399.97607421875
100000000000000000000000,1,920625000,0,-54,3.8779034317749,0,0,0.640056030273437,1.63,0,-5399.97607421875
100000000000000000000005,1,920625000,0,-64.5,0.50314569842649,0,0,0.640056030273437,1.63,0,-5399.97607421875
100000000000000000000000,1,920625000,0,-54,3.90244712438107,0,0,0.640056030273437,1.63,0,-5399.97607421875
100000000000000000000005,1,920625000,0,-65.5,0.662679700366597,0,0,0.640056030273437,1.63,0,-5399.97607421875
100000000000000000000004,1,920625000,0,-50,3.0556897294682,0,0,0.640056030273437,1.63,0,-5399.97607421875
100000000000000000000003,1,920625000,0,-48.5,2.42368964485931,0,0,0.640056030273437,1.63,0,-5399.97607421875
100000000000000000000001,1,920625000,0,-49,5.43029198911517,0,0,0.640056030273437,1.63,0,-5399.97607421875
100000000000000000000002,1,920625000,0,-45.5,1.06151470521686,0,0,0.640056030273437,1.63,0,-5399.97607421875
100000000000000000000004,1,920625000,0,-50,3.06796157577128,0,0,0.640056030273437,1.63,0,-5399.97607421875
100000000000000000000003,1,920625000,0,-48,2.39914595225314,0,0,0.640056030273437,1.63,0,-5399.97607421875
100000000000000000000002,1,920625000,0,-45.5,1.04924285891378,0,0,0.640056030273437,1.63,0,-5399.97607421875
100000000000000000000001,1,920625000,0,-49,5.43029198911517,0,0,0.640056030273437,1.63,0,-5399.97607421875
100000000000000000000000,1,920625000,0,-54,3.90244712438107,0,0,0.640056030273437,1.63,0,-5399.97607421875
100000000000000000000005,1,920625000,0,-65,0.558369006790373,0,0,0.640056030273437,1.63,0,-5399.97607421875
100000000000000000000005,1,920625000,0,-65,0.595184545699629,0,0,0.640056030273437,1.63,0,-5399.97607421875
100000000000000000000004,1,920625000,0,-50,3.08636934522591,0,0,0.640056030273437,1.63,0,-5399.97607421875
100000000000000000000001,1,920625000,0,-49,5.41802014281208,0,0,0.640056030273437,1.63,0,-5399.97607421875
100000000000000000000003,1,920625000,0,-48.5,2.41755372170777,0,0,0.640056030273437,1.63,0,-5399.97607421875
100000000000000000000002,1,920625000,0,-45.5,1.04310693576224,0,0,0.640056030273437,1.63,0,-5399.97607421875
100000000000000000000000,1,920625000,0,-54,3.88403935492644,0,0,0.640056030273437,1.63,0,-5399.97607421875
100000000000000000000003,1,920625000,0,-48.5,2.42982556801086,0,0,0.640056030273437,1.63,0,-5399.97607421875
100000000000000000000000,1,920625000,0,-54,3.89631120122953,0,0,0.640056030273437,1.63,0,-5399.97607421875
100000000000000000000005,1,920625000,0,-65,0.674951546669682,0,0,0.640056030273437,1.63,0,-5399.97607421875
100000000000000000000004,1,920625000,0,-50,3.06182565261974,0,0,0.640056030273437,1.63,0,-5399.97607421875
100000000000000000000001,1,920625000,0,-49,5.43642791226671,0,0,0.640056030273437,1.63,0,-5399.97607421875
100000000000000000000002,1,920625000,0,-45.5,1.04310693576224,0,0,0.640056030273437,1.63,0,-5399.97607421875
100000000000000000000004,1,920625000,0,-50.5,3.06182565261974,0,0,0.640056030273437,1.63,0,-5399.97607421875
100000000000000000000000,1,920625000,0,-54,3.88403935492644,0,0,0.640056030273437,1.63,0,-5399.97607421875
100000000000000000000002,1,920625000,0,-45.5,1.07992247467149,0,0,0.640056030273437,1.63,0,-5399.97607421875
100000000000000000000001,1,920625000,0,-49,5.43029198911517,0,0,0.640056030273437,1.63,0,-5399.97607421875
100000000000000000000005,1,920625000,0,-64.5,0.546097160487288,0,0,0.640056030273437,1.63,0,-5399.97607421875
100000000000000000000003,1,920625000,0,-48.5,2.3930100291016,0,0,0.640056030273437,1.63,0,-5399.97607421875
