epc,antennaIndex,frequency,time,RSSI,phase,dopplerShift,velocity,x,y,z,angle
100000000000000000000002,1,921125000,0,-42.5,5.57141822160065,0,0,0.480091979980469,1.63,0,-5399.92822265625
100000000000000000000001,1,921125000,0,-44.5,2.57708772364788,0,0,0.480091979980469,1.63,0,-5399.92822265625
100000000000000000000000,1,921125000,0,-61,1.55852448049181,0,0,0.480091979980469,1.63,0,-5399.92822265625
100000000000000000000004,1,921125000,0,-52.5,3.80427235395639,0,0,0.480091979980469,1.63,0,-5399.92822265625
100000000000000000000003,1,921125000,0,-46,2.42368964485931,0,0,0.480091979980469,1.63,0,-5399.92822265625
100000000000000000000003,1,921125000,0,-46,2.42368964485931,0,0,0.480091979980469,1.63,0,-5399.92822265625
100000000000000000000002,1,921125000,0,-42.5,5.56528229844911,0,0,0.480091979980469,1.63,0,-5399.92822265625
100000000000000000000001,1,921125000,0,-44.5,2.57708772364788,0,0,0.480091979980469,1.63,0,-5399.92822265625
100000000000000000000000,1,921125000,0,-61,1.53398078788564,0,0,0.480091979980469,1.63,0,-5399.92822265625
100000000000000000000004,1,921125000,0,-52.5,3.81040827710793,0,0,0.480091979980469,1.63,0,-5399.92822265625
100000000000000000000003,1,921125000,0,-45.5,2.39914595225314,0,0,0.480091979980469,1.63,0,-5399.92822265625
100000000000000000000001,1,921125000,0,-44.5,2.58322364679942,0,0,0.480091979980469,1.63,0,-5399.92822265625
100000000000000000000000,1,921125000,0,-61,1.44807786376405,0,0,0.480091979980469,1.63,0,-5399.92822265625
100000000000000000000002,1,921125000,0,-42.5,5.58369006790373,0,0,0.480091979980469,1.63,0,-5399.92822265625
100000000000000000000004,1,921125000,0,-52.5,3.77972866135022,0,0,0.480091979980469,1.63,0,-5399.92822265625
100000000000000000000000,1,921125000,0,-61,1.49716524897639,0,0,0.480091979980469,1.63,0,-5399.92822265625
100000000000000000000004,1,921125000,0,-52.5,3.84108789286565,0,0,0.480091979980469,1.63,0,-5399.92822265625
100000000000000000000002,1,921125000,0,-42.5,5.55914637529756,0,0,0.480091979980469,1.63,0,-5399.92822265625
100000000000000000000001,1,921125000,0,-44.5,2.57708772364788,0,0,0.480091979980469,1.63,0,-5399.92822265625
100000000000000000000003,1,921125000,0,-45.5,2.41755372170777,0,0,0.480091979980469,1.63,0,-5399.92822265625
100000000000000000000000,1,921125000,0,-61,1.55852448049181,0,0,0.480091979980469,1.63,0,-5399.92822265625
100000000000000000000004,1,921125000,0,-52,3.77972866135022,0,0,0.480091979980469,1.63,0,-5399.92822265625
100000000000000000000003,1,921125000,0,-46,2.42982556801086,0,0,0.480091979980469,1.63,0,-5399.92822265625
100000000000000000000001,1,921125000,0,-44.5,2.58322364679942,0,0,0.480091979980469,1.63,0,-5399.92822265625
100000000000000000000002,1,921125000,0,-42.5,5.54687452899448,0,0,0.480091979980469,1.63,0,-5399.92822265625
100000000000000000000003,1,921125000,0,-46,2.42368964485931,0,0,0.480091979980469,1.63,0,-5399.92822265625
100000000000000000000001,1,921125000,0,-44.5,2.57095180049633,0,0,0.480091979980469,1.63,0,-5399.92822265625
100000000000000000000002,1,921125000,0,-42.5,5.56528229844911,0,0,0.480091979980469,1.63,0,-5399.92822265625
100000000000000000000000,1,921125000,0,-61.5,1.47875747952176,0,0,0.480091979980469,1.63,0,-5399.92822265625
100000000000000000000004,1,921125000,0,-52.5,3.80427235395639,0,0,0.480091979980469,1.63,0,-5399.92822265625
100000000000000000000000,1,921125000,0,-60.5,1.50943709527947,0,0,0.480091979980469,1.63,0,-5399.92822265625
100000000000000000000002,1,921125000,0,-42.5,5.57755414475219,0,0,0.480091979980469,1.63,0,-5399.92822265625
100000000000000000000003,1,921125000,0,-45.5,2.41755372170777,0,0,0.480091979980469,1.63,0,-5399.92822265625
100000000000000000000001,1,921125000,0,-44.5,2.55867995419325,0,0,0.480091979980469,1.63,0,-5399.92822265625
100000000000000000000004,1,921125000,0,-52,3.80427235395639,0,0,0.480091979980469,1.63,0,-5399.92822265625
100000000000000000000002,1,921125000,0,-42.5,5.57141822160065,0,0,0.480091979980469,1.63,0,-5399.92822265625
100000000000000000000003,1,921125000,0,-45.5,2.42368964485931,0,0,0.480091979980469,1.63,0,-5399.92822265625
100000000000000000000004,1,921125000,0,-52.5,3.80427235395639,0,0,0.480091979980469,1.63,0,-5399.92822265625
100000000000000000000000,1,921125000,0,-60.5,1.42967009430942,0,0,0.480091979980469,1.63,0,-5399.92822265625
100000000000000000000001,1,921125000,0,-44.5,2.57708772364788,0,0,0.480091979980469,1.63,0,-5399.92822265625
100000000000000000000000,1,921125000,0,-61,1.47262155637022,0,0,0.480091979980469,1.63,0,-5399.92822265625
100000000000000000000004,1,921125000,0,-52,3.79200050765331,0,0,0.480091979980469,1.63,0,-5399.92822265625
100000000000000000000003,1,921125000,0,-45.5,2.42982556801086,0,0,0.480091979980469,1.63,0,-5399.92822265625
100000000000000000000002,1,921125000,0,-42.5,5.57755414475219,0,0,0.480091979980469,1.63,0,-5399.92822265625
100000000000000000000001,1,921125000,0,-44.5,2.57095180049633,0,0,0.480091979980469,1.63,0,-5399.92822265625
100000000000000000000002,1,921125000,0,-42.5,5.54687452899448,0,0,0.480091979980469,1.63,0,-5399.92822265625
100000000000000000000000,1,921125000,0,-60.5,1.4848934026733,0,0,0.480091979980469,1.63,0,-5399.92822265625
100000000000000000000001,1,921125000,0,-44.5,2.54640810789016,0,0,0.480091979980469,1.63,0,-5399.92822265625
100000000000000000000003,1,921125000,0,-45.5,2.38073818279852,0,0,0.480091979980469,1.63,0,-5399.92822265625
100000000000000000000004,1,921125000,0,-52.5,3.79813643080485,0,0,0.480091979980469,1.63,0,-5399.92822265625
100000000000000000000002,1,921125000,0,-42.5,5.54073860584294,0,0,0.480091979980469,1.63,0,-5399.92822265625
100000000000000000000001,1,921125000,0,-44.5,2.55867995419325,0,0,0.480091979980469,1.63,0,-5399.92822265625
100000000000000000000003,1,921125000,0,-45.5,2.41755372170777,0,0,0.480091979980469,1.63,0,-5399.92822265625
100000000000000000000004,1,921125000,0,-52,3.81040827710793,0,0,0.480091979980469,1.63,0,-5399.92822265625
100000000000000000000000,1,921125000,0,-61,1.50943709527947,0,0,0.480091979980469,1.63,0,-5399.92822265625
100000000000000000000004,1,921125000,0,-52.5,3.78586458450176,0,0,0.480091979980469,1.63,0,-5399.92822265625
100000000000000000000000,1,921125000,0,-61,1.47262155637022,0,0,0.480091979980469,1.63,0,-5399.92822265625
100000000000000000000002,1,921125000,0,-42.5,5.55301045214602,0,0,0.480091979980469,1.63,0,-5399.92822265625
100000000000000000000001,1,921125000,0,-44.5,2.57095180049633,0,0,0.480091979980469,1.63,0,-5399.92822265625
100000000000000000000003,1,921125000,0,-45.5,2.40528187540469,0,0,0.480091979980469,1.63,0,-5399.92822265625
100000000000000000000003,1,921125000,0,-46,2.40528187540469,0,0,0.480091979980469,1.63,0,-5399.92822265625
100000000000000000000002,1,921125000,0,-42.5,5.55301045214602,0,0,0.480091979980469,1.63,0,-5399.92822265625
100000000000000000000001,1,921125000,0,-44.5,2.58935956995096,0,0,0.480091979980469,1.63,0,-5399.92822265625
100000000000000000000004,1,921125000,0,-52.5,3.79813643080485,0,0,0.480091979980469,1.63,0,-5399.92822265625
100000000000000000000000,1,921125000,0,-60.5,1.54011671103718,0,0,0.480091979980469,1.63,0,-5399.92822265625
100000000000000000000002,1,921125000,0,-42.5,5.55914637529756,0,0,0.480091979980469,1.63,0,-5399.92822265625
100000000000000000000003,1,921125000,0,-45.5,2.40528187540469,0,0,0.480091979980469,1.63,0,-5399.92822265625
100000000000000000000001,1,921125000,0,-44.5,2.57095180049633,0,0,0.480091979980469,1.63,0,-5399.92822265625
100000000000000000000004,1,921125000,0,-52,3.80427235395639,0,0,0.480091979980469,1.63,0,-5399.92822265625
100000000000000000000000,1,921125000,0,-61,1.52170894158256,0,0,0.480091979980469,1.63,0,-5399.92822265625
100000000000000000000000,1,921125000,0,-61,1.47262155637022,0,0,0.480091979980469,1.63,0,-5399.92822265625
100000000000000000000002,1,921125000,0,-42.5,5.56528229844911,0,0,0.480091979980469,1.63,0,-5399.92822265625
100000000000000000000001,1,921125000,0,-44.5,2.57708772364788,0,0,0.480091979980469,1.63,0,-5399.92822265625
100000000000000000000003,1,921125000,0,-45.5,2.40528187540469,0,0,0.480091979980469,1.63,0,-5399.92822265625
100000000000000000000004,1,921125000,0,-52.5,3.81040827710793,0,0,0.480091979980469,1.63,0,-5399.92822265625
100000000000000000000000,1,921125000,0,-61,1.5707963267949,0,0,0.480091979980469,1.63,0,-5399.92822265625
100000000000000000000003,1,921125000,0,-45.5,2.42368964485931,0,0,0.480091979980469,1.63,0,-5399.92822265625
100000000000000000000002,1,921125000,0,-42.5,5.54687452899448,0,0,0.480091979980469,1.63,0,-5399.92822265625
100000000000000000000004,1,921125000,0,-52.5,3.79813643080485,0,0,0.480091979980469,1.63,0,-5399.92822265625
100000000000000000000001,1,921125000,0,-44.5,2.56481587734479,0,0,0.480091979980469,1.63,0,-5399.92822265625
100000000000000000000001,1,921125000,0,-44.5,2.56481587734479,0,0,0.480091979980469,1.63,0,-5399.92822265625
100000000000000000000000,1,921125000,0,-60.5,1.46034971006713,0,0,0.480091979980469,1.63,0,-5399.92822265625
100000000000000000000004,1,921125000,0,-52.5,3.77972866135022,0,0,0.480091979980469,1.63,0,-5399.92822265625
100000000000000000000003,1,921125000,0,-46,2.39914595225314,0,0,0.480091979980469,1.63,0,-5399.92822265625
100000000000000000000002,1,921125000,0,-42.5,5.54073860584294,0,0,0.480091979980469,1.63,0,-5399.92822265625
100000000000000000000004,1,921125000,0,-52,3.75518496874405,0,0,0.480091979980469,1.63,0,-5399.92822265625
100000000000000000000001,1,921125000,0,-44.5,2.57708772364788,0,0,0.480091979980469,1.63,0,-5399.92822265625
100000000000000000000002,1,921125000,0,-42.5,5.57755414475219,0,0,0.480091979980469,1.63,0,-5399.92822265625
100000000000000000000000,1,921125000,0,-61,1.46034971006713,0,0,0.480091979980469,1.63,0,-5399.92822265625
100000000000000000000003,1,921125000,0,-45.5,2.40528187540469,0,0,0.480091979980469,1.63,0,-5399.92822265625
100000000000000000000003,1,921125000,0,-45.5,2.41141779855623,0,0,0.480091979980469,1.63,0,-5399.92822265625
100000000000000000000000,1,921125000,0,-60.5,1.49102932582484,0,0,0.480091979980469,1.63,0,-5399.92822265625
100000000000000000000004,1,921125000,0,-52.5,3.81040827710793,0,0,0.480091979980469,1.63,0,-5399.92822265625
100000000000000000000001,1,921125000,0,-44.5,2.57095180049633,0,0,0.480091979980469,1.63,0,-5399.92822265625
100000000000000000000002,1,921125000,0,-42.5,5.52846675953985,0,0,0.480091979980469,1.63,0,-5399.92822265625
100000000000000000000004,1,921125000,0,-52,3.78586458450176,0,0,0.480091979980469,1.63,0,-5399.92822265625
100000000000000000000002,1,921125000,0,-42.5,5.52233083638831,0,0,0.480091979980469,1.63,0,-5399.92822265625
100000000000000000000000,1,921125000,0,-61,1.56466040364335,0,0,0.480091979980469,1.63,0,-5399.92822265625
100000000000000000000001,1,921125000,0,-44.5,2.57708772364788,0,0,0.480091979980469,1.63,0,-5399.92822265625
100000000000000000000003,1,921125000,0,-46,2.41755372170777,0,0,0.480091979980469,1.63,0,-5399.92822265625
100000000000000000000004,1,921125000,0,-52.5,3.77359273819868,0,0,0.480091979980469,1.63,0,-5399.92822265625
100000000000000000000000,1,921125000,0,-61,1.58306817309798,0,0,0.480091979980469,1.63,0,-5399.92822265625
100000000000000000000003,1,921125000,0,-45.5,2.40528187540469,0,0,0.480091979980469,1.63,0,-5399.92822265625
100000000000000000000001,1,921125000,0,-44.5,2.57095180049633,0,0,0.480091979980469,1.63,0,-5399.92822265625
100000000000000000000002,1,921125000,0,-42.5,5.54687452899448,0,0,0.480091979980469,1.63,0,-5399.92822265625
100000000000000000000002,1,921125000,0,-42.5,5.55301045214602,0,0,0.480091979980469,1.63,0,-5399.92822265625
100000000000000000000003,1,921125000,0,-45.5,2.40528187540469,0,0,0.480091979980469,1.63,0,-5399.92822265625
100000000000000000000004,1,921125000,0,-52.5,3.82268012341102,0,0,0.480091979980469,1.63,0,-5399.92822265625
100000000000000000000001,1,921125000,0,-44.5,2.55867995419325,0,0,0.480091979980469,1.63,0,-5399.92822265625
100000000000000000000000,1,921125000,0,-60.5,1.4419419406125,0,0,0.480091979980469,1.63,0,-5399.92822265625
100000000000000000000001,1,921125000,0,-44.5,2.57095180049633,0,0,0.480091979980469,1.63,0,-5399.92822265625
100000000000000000000002,1,921125000,0,-42.5,5.58982599105528,0,0,0.480091979980469,1.63,0,-5399.92822265625
100000000000000000000000,1,921125000,0,-60.5,1.46034971006713,0,0,0.480091979980469,1.63,0,-5399.92822265625
100000000000000000000003,1,921125000,0,-46,2.4359614911624,0,0,0.480091979980469,1.63,0,-5399.92822265625
100000000000000000000004,1,921125000,0,-52.5,3.80427235395639,0,0,0.480091979980469,1.63,0,-5399.92822265625
100000000000000000000001,1,921125000,0,-44.5,2.57095180049633,0,0,0.480091979980469,1.63,0,-5399.92822265625
100000000000000000000000,1,921125000,0,-61,1.41739824800633,0,0,0.480091979980469,1.63,0,-5399.92822265625
100000000000000000000004,1,921125000,0,-52.5,3.77972866135022,0,0,0.480091979980469,1.63,0,-5399.92822265625
100000000000000000000003,1,921125000,0,-45.5,2.40528187540469,0,0,0.480091979980469,1.63,0,-5399.92822265625
100000000000000000000002,1,921125000,0,-42.5,5.57141822160065,0,0,0.480091979980469,1.63,0,-5399.92822265625
100000000000000000000002,1,921125000,0,-42.5,5.55301045214602,0,0,0.480091979980469,1.63,0,-5399.92822265625
100000000000000000000004,1,921125000,0,-52.5,3.80427235395639,0,0,0.480091979980469,1.63,0,-5399.92822265625
100000000000000000000001,1,921125000,0,-44.5,2.58935956995096,0,0,0.480091979980469,1.63,0,-5399.92822265625
100000000000000000000000,1,921125000,0,-61,1.41739824800633,0,0,0.480091979980469,1.63,0,-5399.92822265625
100000000000000000000003,1,921125000,0,-46,2.4359614911624,0,0,0.480091979980469,1.63,0,-5399.92822265625
100000000000000000000001,1,921125000,0,-44.5,2.57095180049633,0,0,0.480091979980469,1.63,0,-5399.92822265625
100000000000000000000002,1,921125000,0,-42.5,5.57755414475219,0,0,0.480091979980469,1.63,0,-5399.92822265625
100000000000000000000003,1,921125000,0,-46,2.40528187540469,0,0,0.480091979980469,1.63,0,-5399.92822265625
100000000000000000000000,1,921125000,0,-61,1.49716524897639,0,0,0.480091979980469,1.63,0,-5399.92822265625
100000000000000000000004,1,921125000,0,-52.5,3.79200050765331,0,0,0.480091979980469,1.63,0,-5399.92822265625
100000000000000000000003,1,921125000,0,-45.5,2.41755372170777,0,0,0.480091979980469,1.63,0,-5399.92822265625
100000000000000000000002,1,921125000,0,-42.5,5.54687452899448,0,0,0.480091979980469,1.63,0,-5399.92822265625
100000000000000000000001,1,921125000,0,-44.5,2.56481587734479,0,0,0.480091979980469,1.63,0,-5399.92822265625
100000000000000000000000,1,921125000,0,-61,1.51557301843101,0,0,0.480091979980469,1.63,0,-5399.92822265625
100000000000000000000004,1,921125000,0,-52.5,3.81040827710793,0,0,0.480091979980469,1.63,0,-5399.92822265625
100000000000000000000001,1,921125000,0,-44.5,2.57708772364788,0,0,0.480091979980469,1.63,0,-5399.92822265625
100000000000000000000000,1,921125000,0,-61,1.53398078788564,0,0,0.480091979980469,1.63,0,-5399.92822265625
100000000000000000000002,1,921125000,0,-42.5,5.54687452899448,0,0,0.480091979980469,1.63,0,-5399.92822265625
100000000000000000000004,1,921125000,0,-52.5,3.81040827710793,0,0,0.480091979980469,1.63,0,-5399.92822265625
100000000000000000000003,1,921125000,0,-46,2.42368964485931,0,0,0.480091979980469,1.63,0,-5399.92822265625
100000000000000000000001,1,921125000,0,-44.5,2.58322364679942,0,0,0.480091979980469,1.63,0,-5399.92822265625
100000000000000000000000,1,921125000,0,-61,1.42967009430942,0,0,0.480091979980469,1.63,0,-5399.92822265625
100000000000000000000003,1,921125000,0,-45.5,2.4359614911624,0,0,0.480091979980469,1.63,0,-5399.92822265625
100000000000000000000004,1,921125000,0,-52.5,3.79200050765331,0,0,0.480091979980469,1.63,0,-5399.92822265625
100000000000000000000002,1,921125000,0,-42.5,5.57755414475219,0,0,0.480091979980469,1.63,0,-5399.92822265625
100000000000000000000001,1,921125000,0,-44.5,2.58935956995096,0,0,0.480091979980469,1.63,0,-5399.92822265625
100000000000000000000000,1,921125000,0,-60.5,1.49716524897639,0,0,0.480091979980469,1.63,0,-5399.92822265625
100000000000000000000003,1,921125000,0,-46,2.41755372170777,0,0,0.480091979980469,1.63,0,-5399.92822265625
100000000000000000000004,1,921125000,0,-52.5,3.77972866135022,0,0,0.480091979980469,1.63,0,-5399.92822265625
100000000000000000000002,1,921125000,0,-42.5,5.58982599105528,0,0,0.480091979980469,1.63,0,-5399.92822265625
100000000000000000000003,1,921125000,0,-45.5,2.39914595225314,0,0,0.480091979980469,1.63,0,-5399.92822265625
100000000000000000000000,1,921125000,0,-61,1.55238855734027,0,0,0.480091979980469,1.63,0,-5399.92822265625
100000000000000000000001,1,921125000,0,-44.5,2.58935956995096,0,0,0.480091979980469,1.63,0,-5399.92822265625
100000000000000000000002,1,921125000,0,-42.5,5.57141822160065,0,0,0.480091979980469,1.63,0,-5399.92822265625
100000000000000000000004,1,921125000,0,-52.5,3.82268012341102,0,0,0.480091979980469,1.63,0,-5399.92822265625
100000000000000000000000,1,921125000,0,-61,1.47875747952176,0,0,0.480091979980469,1.63,0,-5399.92822265625
100000000000000000000003,1,921125000,0,-45.5,2.44209741431394,0,0,0.480091979980469,1.63,0,-5399.92822265625
100000000000000000000004,1,921125000,0,-52.5,3.77972866135022,0,0,0.480091979980469,1.63,0,-5399.92822265625
100000000000000000000002,1,921125000,0,-42.5,5.57755414475219,0,0,0.480091979980469,1.63,0,-5399.92822265625
100000000000000000000001,1,921125000,0,-44.5,2.58322364679942,0,0,0.480091979980469,1.63,0,-5399.92822265625
100000000000000000000003,1,921125000,0,-46,2.42982556801086,0,0,0.480091979980469,1.63,0,-5399.92822265625
100000000000000000000000,1,921125000,0,-61,1.4848934026733,0,0,0.480091979980469,1.63,0,-5399.92822265625
100000000000000000000002,1,921125000,0,-42.5,5.54687452899448,0,0,0.480091979980469,1.63,0,-5399.92822265625
100000000000000000000001,1,921125000,0,-44.5,2.57095180049633,0,0,0.480091979980469,1.63,0,-5399.92822265625
100000000000000000000004,1,921125000,0,-52.5,3.80427235395639,0,0,0.480091979980469,1.63,0,-5399.92822265625
100000000000000000000002,1,921125000,0,-42.5,5.54073860584294,0,0,0.480091979980469,1.63,0,-5399.92822265625
100000000000000000000001,1,921125000,0,-44.5,2.57095180049633,0,0,0.480091979980469,1.63,0,-5399.92822265625
100000000000000000000004,1,921125000,0,-52.5,3.77972866135022,0,0,0.480091979980469,1.63,0,-5399.92822265625
100000000000000000000003,1,921125000,0,-46,2.41141779855623,0,0,0.480091979980469,1.63,0,-5399.92822265625
100000000000000000000000,1,921125000,0,-60.5,1.46648563321867,0,0,0.480091979980469,1.63,0,-5399.92822265625
100000000000000000000003,1,921125000,0,-45.5,2.42368964485931,0,0,0.480091979980469,1.63,0,-5399.92822265625
100000000000000000000002,1,921125000,0,-42.5,5.56528229844911,0,0,0.480091979980469,1.63,0,-5399.92822265625
100000000000000000000000,1,921125000,0,-61,1.47875747952176,0,0,0.480091979980469,1.63,0,-5399.92822265625
100000000000000000000004,1,921125000,0,-52.5,3.78586458450176,0,0,0.480091979980469,1.63,0,-5399.92822265625
100000000000000000000001,1,921125000,0,-44.5,2.58322364679942,0,0,0.480091979980469,1.63,0,-5399.92822265625
100000000000000000000001,1,921125000,0,-44.5,2.56481587734479,0,0,0.480091979980469,1.63,0,-5399.92822265625
100000000000000000000004,1,921125000,0,-52.5,3.81040827710793,0,0,0.480091979980469,1.63,0,-5399.92822265625
100000000000000000000002,1,921125000,0,-42.5,5.54687452899448,0,0,0.480091979980469,1.63,0,-5399.92822265625
100000000000000000000003,1,921125000,0,-45.5,2.42368964485931,0,0,0.480091979980469,1.63,0,-5399.92822265625
100000000000000000000000,1,921125000,0,-60.5,1.4848934026733,0,0,0.480091979980469,1.63,0,-5399.92822265625
100000000000000000000000,1,921125000,0,-61.5,1.45421378691559,0,0,0.480091979980469,1.63,0,-5399.92822265625
100000000000000000000001,1,921125000,0,-44.5,2.55867995419325,0,0,0.480091979980469,1.63,0,-5399.92822265625
100000000000000000000002,1,921125000,0,-42.5,5.57141822160065,0,0,0.480091979980469,1.63,0,-5399.92822265625
100000000000000000000004,1,921125000,0,-52.5,3.77972866135022,0,0,0.480091979980469,1.63,0,-5399.92822265625
100000000000000000000003,1,921125000,0,-45.5,2.41141779855623,0,0,0.480091979980469,1.63,0,-5399.92822265625
100000000000000000000004,1,921125000,0,-52.5,3.80427235395639,0,0,0.480091979980469,1.63,0,-5399.92822265625
100000000000000000000003,1,921125000,0,-45.5,2.41141779855623,0,0,0.480091979980469,1.63,0,-5399.92822265625
100000000000000000000001,1,921125000,0,-44.5,2.57095180049633,0,0,0.480091979980469,1.63,0,-5399.92822265625
100000000000000000000002,1,921125000,0,-42.5,5.55914637529756,0,0,0.480091979980469,1.63,0,-5399.92822265625
100000000000000000000000,1,921125000,0,-60.5,1.4848934026733,0,0,0.480091979980469,1.63,0,-5399.92822265625
100000000000000000000000,1,921125000,0,-60.5,1.46648563321867,0,0,0.480091979980469,1.63,0,-5399.92822265625
100000000000000000000004,1,921125000,0,-52,3.79813643080485,0,0,0.480091979980469,1.63,0,-5399.92822265625
100000000000000000000003,1,921125000,0,-46,2.42368964485931,0,0,0.480091979980469,1.63,0,-5399.92822265625
100000000000000000000002,1,921125000,0,-42.5,5.57141822160065,0,0,0.480091979980469,1.63,0,-5399.92822265625
100000000000000000000001,1,921125000,0,-44.5,2.57095180049633,0,0,0.480091979980469,1.63,0,-5399.92822265625
100000000000000000000002,1,921125000,0,-42.5,5.54073860584294,0,0,0.480091979980469,1.63,0,-5399.92822265625
100000000000000000000003,1,921125000,0,-45.5,2.41141779855623,0,0,0.480091979980469,1.63,0,-5399.92822265625
100000000000000000000001,1,921125000,0,-44.5,2.57095180049633,0,0,0.480091979980469,1.63,0,-5399.92822265625
100000000000000000000004,1,921125000,0,-52,3.81654420025948,0,0,0.480091979980469,1.63,0,-5399.92822265625
100000000000000000000000,1,921125000,0,-60.5,1.46648563321867,0,0,0.480091979980469,1.63,0,-5399.92822265625
100000000000000000000001,1,921125000,0,-44.5,2.55254403104171,0,0,0.480091979980469,1.63,0,-5399.92822265625
100000000000000000000003,1,921125000,0,-46,2.42368964485931,0,0,0.480091979980469,1.63,0,-5399.92822265625
100000000000000000000004,1,921125000,0,-52.5,3.79200050765331,0,0,0.480091979980469,1.63,0,-5399.92822265625
100000000000000000000002,1,921125000,0,-42.5,5.54687452899448,0,0,0.480091979980469,1.63,0,-5399.92822265625
100000000000000000000000,1,921125000,0,-61,1.50330117212793,0,0,0.480091979980469,1.63,0,-5399.92822265625
100000000000000000000002,1,921125000,0,-42.5,5.54687452899448,0,0,0.480091979980469,1.63,0,-5399.92822265625
100000000000000000000001,1,921125000,0,-44.5,2.57708772364788,0,0,0.480091979980469,1.63,0,-5399.92822265625
100000000000000000000003,1,921125000,0,-46,2.40528187540469,0,0,0.480091979980469,1.63,0,-5399.92822265625
100000000000000000000004,1,921125000,0,-52.5,3.79813643080485,0,0,0.480091979980469,1.63,0,-5399.92822265625
100000000000000000000000,1,921125000,0,-60.5,1.42353417115787,0,0,0.480091979980469,1.63,0,-5399.92822265625
100000000000000000000002,1,921125000,0,-42.5,5.57755414475219,0,0,0.480091979980469,1.63,0,-5399.92822265625
100000000000000000000001,1,921125000,0,-44.5,2.58322364679942,0,0,0.480091979980469,1.63,0,-5399.92822265625
100000000000000000000000,1,921125000,0,-60.5,1.4419419406125,0,0,0.480091979980469,1.63,0,-5399.92822265625
100000000000000000000003,1,921125000,0,-45.5,2.41141779855623,0,0,0.480091979980469,1.63,0,-5399.92822265625
100000000000000000000004,1,921125000,0,-52,3.82881604656256,0,0,0.480091979980469,1.63,0,-5399.92822265625
100000000000000000000000,1,921125000,0,-61,1.52170894158256,0,0,0.480091979980469,1.63,0,-5399.92822265625
100000000000000000000004,1,921125000,0,-52.5,3.80427235395639,0,0,0.480091979980469,1.63,0,-5399.92822265625
100000000000000000000002,1,921125000,0,-42.5,5.55914637529756,0,0,0.480091979980469,1.63,0,-5399.92822265625
100000000000000000000001,1,921125000,0,-44.5,2.57708772364788,0,0,0.480091979980469,1.63,0,-5399.92822265625
100000000000000000000003,1,921125000,0,-45.5,2.42982556801086,0,0,0.480091979980469,1.63,0,-5399.92822265625
100000000000000000000004,1,921125000,0,-52,3.78586458450176,0,0,0.480091979980469,1.63,0,-5399.92822265625
100000000000000000000000,1,921125000,0,-60.5,1.44807786376405,0,0,0.480091979980469,1.63,0,-5399.92822265625
100000000000000000000001,1,921125000,0,-44.5,2.58935956995096,0,0,0.480091979980469,1.63,0,-5399.92822265625
100000000000000000000003,1,921125000,0,-46,2.41755372170777,0,0,0.480091979980469,1.63,0,-5399.92822265625
100000000000000000000002,1,921125000,0,-42.5,5.55914637529756,0,0,0.480091979980469,1.63,0,-5399.92822265625
100000000000000000000000,1,921125000,0,-61,1.54625263418873,0,0,0.480091979980469,1.63,0,-5399.92822265625
100000000000000000000001,1,921125000,0,-44.5,2.56481587734479,0,0,0.480091979980469,1.63,0,-5399.92822265625
100000000000000000000003,1,921125000,0,-46,2.42368964485931,0,0,0.480091979980469,1.63,0,-5399.92822265625
100000000000000000000004,1,921125000,0,-52.5,3.79813643080485,0,0,0.480091979980469,1.63,0,-5399.92822265625
100000000000000000000002,1,921125000,0,-42.5,5.55914637529756,0,0,0.480091979980469,1.63,0,-5399.92822265625
100000000000000000000004,1,921125000,0,-52.5,3.79813643080485,0,0,0.480091979980469,1.63,0,-5399.92822265625
100000000000000000000001,1,921125000,0,-44.5,2.57095180049633,0,0,0.480091979980469,1.63,0,-5399.92822265625
100000000000000000000003,1,921125000,0,-45.5,2.39914595225314,0,0,0.480091979980469,1.63,0,-5399.92822265625
100000000000000000000002,1,921125000,0,-42.5,5.55914637529756,0,0,0.480091979980469,1.63,0,-5399.92822265625
100000000000000000000000,1,921125000,0,-61,1.49716524897639,0,0,0.480091979980469,1.63,0,-5399.92822265625
100000000000000000000001,1,921125000,0,-44.5,2.57095180049633,0,0,0.480091979980469,1.63,0,-5399.92822265625
100000000000000000000003,1,921125000,0,-45.5,2.42368964485931,0,0,0.480091979980469,1.63,0,-5399.92822265625
100000000000000000000002,1,921125000,0,-42.5,5.54687452899448,0,0,0.480091979980469,1.63,0,-5399.92822265625
100000000000000000000004,1,921125000,0,-52.5,3.80427235395639,0,0,0.480091979980469,1.63,0,-5399.92822265625
100000000000000000000000,1,921125000,0,-60.5,1.46648563321867,0,0,0.480091979980469,1.63,0,-5399.92822265625
100000000000000000000002,1,921125000,0,-42.5,5.55914637529756,0,0,0.480091979980469,1.63,0,-5399.92822265625
100000000000000000000003,1,921125000,0,-46,2.4359614911624,0,0,0.480091979980469,1.63,0,-5399.92822265625
100000000000000000000001,1,921125000,0,-44.5,2.57708772364788,0,0,0.480091979980469,1.63,0,-5399.92822265625
100000000000000000000000,1,921125000,0,-60.5,1.60147594255261,0,0,0.480091979980469,1.63,0,-5399.92822265625
100000000000000000000004,1,921125000,0,-52,3.79813643080485,0,0,0.480091979980469,1.63,0,-5399.92822265625
100000000000000000000004,1,921125000,0,-52,3.80427235395639,0,0,0.480091979980469,1.63,0,-5399.92822265625
100000000000000000000001,1,921125000,0,-44.5,2.57095180049633,0,0,0.480091979980469,1.63,0,-5399.92822265625
100000000000000000000002,1,921125000,0,-42.5,5.56528229844911,0,0,0.480091979980469,1.63,0,-5399.92822265625
100000000000000000000000,1,921125000,0,-61,1.55852448049181,0,0,0.480091979980469,1.63,0,-5399.92822265625
100000000000000000000003,1,921125000,0,-46,2.39914595225314,0,0,0.480091979980469,1.63,0,-5399.92822265625
100000000000000000000000,1,921125000,0,-61,1.54625263418873,0,0,0.480091979980469,1.63,0,-5399.92822265625
100000000000000000000003,1,921125000,0,-45.5,2.42982556801086,0,0,0.480091979980469,1.63,0,-5399.92822265625
100000000000000000000001,1,921125000,0,-44.5,2.57095180049633,0,0,0.480091979980469,1.63,0,-5399.92822265625
100000000000000000000002,1,921125000,0,-42.5,5.56528229844911,0,0,0.480091979980469,1.63,0,-5399.92822265625
100000000000000000000004,1,921125000,0,-52.5,3.77359273819868,0,0,0.480091979980469,1.63,0,-5399.92822265625
100000000000000000000001,1,921125000,0,-44.5,2.58935956995096,0,0,0.480091979980469,1.63,0,-5399.92822265625
100000000000000000000003,1,921125000,0,-46,2.42368964485931,0,0,0.480091979980469,1.63,0,-5399.92822265625
100000000000000000000002,1,921125000,0,-42.5,5.56528229844911,0,0,0.480091979980469,1.63,0,-5399.92822265625
100000000000000000000000,1,921125000,0,-61,1.50943709527947,0,0,0.480091979980469,1.63,0,-5399.92822265625
100000000000000000000004,1,921125000,0,-52.5,3.79200050765331,0,0,0.480091979980469,1.63,0,-5399.92822265625
100000000000000000000000,1,921125000,0,-61,1.59534001940107,0,0,0.480091979980469,1.63,0,-5399.92822265625
100000000000000000000002,1,921125000,0,-42.5,5.55914637529756,0,0,0.480091979980469,1.63,0,-5399.92822265625
100000000000000000000001,1,921125000,0,-44.5,2.55867995419325,0,0,0.480091979980469,1.63,0,-5399.92822265625
100000000000000000000003,1,921125000,0,-45.5,2.3930100291016,0,0,0.480091979980469,1.63,0,-5399.92822265625
100000000000000000000004,1,921125000,0,-52.5,3.77972866135022,0,0,0.480091979980469,1.63,0,-5399.92822265625
100000000000000000000002,1,921125000,0,-42.5,5.55301045214602,0,0,0.480091979980469,1.63,0,-5399.92822265625
100000000000000000000003,1,921125000,0,-45.5,2.41141779855623,0,0,0.480091979980469,1.63,0,-5399.92822265625
100000000000000000000001,1,921125000,0,-44.5,2.57095180049633,0,0,0.480091979980469,1.63,0,-5399.92822265625
100000000000000000000004,1,921125000,0,-52.5,3.82268012341102,0,0,0.480091979980469,1.63,0,-5399.92822265625
100000000000000000000000,1,921125000,0,-61,1.4848934026733,0,0,0.480091979980469,1.63,0,-5399.92822265625
100000000000000000000002,1,921125000,0,-42.5,5.55301045214602,0,0,0.480091979980469,1.63,0,-5399.92822265625
100000000000000000000001,1,921125000,0,-44.5,2.57708772364788,0,0,0.480091979980469,1.63,0,-5399.92822265625
100000000000000000000000,1,921125000,0,-60.5,1.55852448049181,0,0,0.480091979980469,1.63,0,-5399.92822265625
100000000000000000000004,1,921125000,0,-52.5,3.76745681504713,0,0,0.480091979980469,1.63,0,-5399.92822265625
100000000000000000000003,1,921125000,0,-46,2.42368964485931,0,0,0.480091979980469,1.63,0,-5399.92822265625
100000000000000000000000,1,921125000,0,-61,1.51557301843101,0,0,0.480091979980469,1.63,0,-5399.92822265625
100000000000000000000002,1,921125000,0,-42.5,5.56528229844911,0,0,0.480091979980469,1.63,0,-5399.92822265625
100000000000000000000003,1,921125000,0,-45.5,2.39914595225314,0,0,0.480091979980469,1.63,0,-5399.92822265625
100000000000000000000001,1,921125000,0,-44.5,2.57708772364788,0,0,0.480091979980469,1.63,0,-5399.92822265625
100000000000000000000004,1,921125000,0,-52.5,3.78586458450176,0,0,0.480091979980469,1.63,0,-5399.92822265625
100000000000000000000002,1,921125000,0,-42.5,5.57755414475219,0,0,0.480091979980469,1.63,0,-5399.92822265625
100000000000000000000001,1,921125000,0,-44.5,2.57095180049633,0,0,0.480091979980469,1.63,0,-5399.92822265625
100000000000000000000004,1,921125000,0,-52.5,3.80427235395639,0,0,0.480091979980469,1.63,0,-5399.92822265625
100000000000000000000003,1,921125000,0,-46,2.41755372170777,0,0,0.480091979980469,1.63,0,-5399.92822265625
100000000000000000000000,1,921125000,0,-61,1.58306817309798,0,0,0.480091979980469,1.63,0,-5399.92822265625
100000000000000000000003,1,921125000,0,-46,2.42368964485931,0,0,0.480091979980469,1.63,0,-5399.92822265625
100000000000000000000000,1,921125000,0,-61,1.46648563321867,0,0,0.480091979980469,1.63,0,-5399.92822265625
100000000000000000000002,1,921125000,0,-42.5,5.57141822160065,0,0,0.480091979980469,1.63,0,-5399.92822265625
100000000000000000000001,1,921125000,0,-44.5,2.58935956995096,0,0,0.480091979980469,1.63,0,-5399.92822265625
100000000000000000000004,1,921125000,0,-52.5,3.81040827710793,0,0,0.480091979980469,1.63,0,-5399.92822265625
100000000000000000000003,1,921125000,0,-45.5,2.42982556801086,0,0,0.480091979980469,1.63,0,-5399.92822265625
100000000000000000000001,1,921125000,0,-44.5,2.58322364679942,0,0,0.480091979980469,1.63,0,-5399.92822265625
100000000000000000000000,1,921125000,0,-61,1.55852448049181,0,0,0.480091979980469,1.63,0,-5399.92822265625
100000000000000000000002,1,921125000,0,-42.5,5.57141822160065,0,0,0.480091979980469,1.63,0,-5399.92822265625
100000000000000000000004,1,921125000,0,-52,3.80427235395639,0,0,0.480091979980469,1.63,0,-5399.92822265625
100000000000000000000000,1,921125000,0,-61,1.50943709527947,0,0,0.480091979980469,1.63,0,-5399.92822265625
100000000000000000000004,1,921125000,0,-52.5,3.77359273819868,0,0,0.480091979980469,1.63,0,-5399.92822265625
100000000000000000000002,1,921125000,0,-42.5,5.55914637529756,0,0,0.480091979980469,1.63,0,-5399.92822265625
100000000000000000000003,1,921125000,0,-46,2.39914595225314,0,0,0.480091979980469,1.63,0,-5399.92822265625
100000000000000000000001,1,921125000,0,-44.5,2.57095180049633,0,0,0.480091979980469,1.63,0,-5399.92822265625
100000000000000000000000,1,921125000,0,-60.5,1.54625263418873,0,0,0.480091979980469,1.63,0,-5399.92822265625
100000000000000000000001,1,921125000,0,-44.5,2.57095180049633,0,0,0.480091979980469,1.63,0,-5399.92822265625
100000000000000000000002,1,921125000,0,-42.5,5.54687452899448,0,0,0.480091979980469,1.63,0,-5399.92822265625
100000000000000000000003,1,921125000,0,-45.5,2.38687410595006,0,0,0.480091979980469,1.63,0,-5399.92822265625
100000000000000000000004,1,921125000,0,-52.5,3.82268012341102,0,0,0.480091979980469,1.63,0,-5399.92822265625
100000000000000000000003,1,921125000,0,-46,2.41141779855623,0,0,0.480091979980469,1.63,0,-5399.92822265625
100000000000000000000004,1,921125000,0,-52.5,3.79200050765331,0,0,0.480091979980469,1.63,0,-5399.92822265625
100000000000000000000002,1,921125000,0,-42.5,5.57141822160065,0,0,0.480091979980469,1.63,0,-5399.92822265625
100000000000000000000001,1,921125000,0,-44.5,2.56481587734479,0,0,0.480091979980469,1.63,0,-5399.92822265625
100000000000000000000000,1,921125000,0,-60.5,1.55852448049181,0,0,0.480091979980469,1.63,0,-5399.92822265625
100000000000000000000003,1,921125000,0,-45.5,2.41755372170777,0,0,0.480091979980469,1.63,0,-5399.92822265625
100000000000000000000001,1,921125000,0,-44.5,2.57095180049633,0,0,0.480091979980469,1.63,0,-5399.92822265625
100000000000000000000002,1,921125000,0,-42.5,5.55914637529756,0,0,0.480091979980469,1.63,0,-5399.92822265625
100000000000000000000000,1,921125000,0,-60.5,1.53398078788564,0,0,0.480091979980469,1.63,0,-5399.92822265625
100000000000000000000004,1,921125000,0,-52.5,3.79200050765331,0,0,0.480091979980469,1.63,0,-5399.92822265625
100000000000000000000001,1,921125000,0,-44.5,2.56481587734479,0,0,0.480091979980469,1.63,0,-5399.92822265625
100000000000000000000004,1,921125000,0,-52,3.77972866135022,0,0,0.480091979980469,1.63,0,-5399.92822265625
100000000000000000000002,1,921125000,0,-42.5,5.54687452899448,0,0,0.480091979980469,1.63,0,-5399.92822265625
100000000000000000000003,1,921125000,0,-46,2.39914595225314,0,0,0.480091979980469,1.63,0,-5399.92822265625
100000000000000000000000,1,921125000,0,-60.5,1.61374778885569,0,0,0.480091979980469,1.63,0,-5399.92822265625
100000000000000000000003,1,921125000,0,-45.5,2.41755372170777,0,0,0.480091979980469,1.63,0,-5399.92822265625
100000000000000000000004,1,921125000,0,-52,3.79200050765331,0,0,0.480091979980469,1.63,0,-5399.92822265625
100000000000000000000002,1,921125000,0,-42.5,5.55914637529756,0,0,0.480091979980469,1.63,0,-5399.92822265625
100000000000000000000000,1,921125000,0,-61,1.46034971006713,0,0,0.480091979980469,1.63,0,-5399.92822265625
100000000000000000000001,1,921125000,0,-44.5,2.57708772364788,0,0,0.480091979980469,1.63,0,-5399.92822265625
100000000000000000000002,1,921125000,0,-42.5,5.57141822160065,0,0,0.480091979980469,1.63,0,-5399.92822265625
100000000000000000000003,1,921125000,0,-45.5,2.39914595225314,0,0,0.480091979980469,1.63,0,-5399.92822265625
100000000000000000000004,1,921125000,0,-52.5,3.81040827710793,0,0,0.480091979980469,1.63,0,-5399.92822265625
100000000000000000000001,1,921125000,0,-44.5,2.58322364679942,0,0,0.480091979980469,1.63,0,-5399.92822265625
100000000000000000000000,1,921125000,0,-60.5,1.46034971006713,0,0,0.480091979980469,1.63,0,-5399.92822265625
100000000000000000000004,1,921125000,0,-52,3.81654420025948,0,0,0.480091979980469,1.63,0,-5399.92822265625
100000000000000000000000,1,921125000,0,-61,1.19036909139926,0,0,0.480091979980469,1.63,0,-5399.92822265625
100000000000000000000001,1,921125000,0,-44.5,2.57708772364788,0,0,0.480091979980469,1.63,0,-5399.92822265625
100000000000000000000003,1,921125000,0,-45.5,2.41755372170777,0,0,0.480091979980469,1.63,0,-5399.92822265625
100000000000000000000002,1,921125000,0,-42.5,5.56528229844911,0,0,0.480091979980469,1.63,0,-5399.92822265625
100000000000000000000004,1,921125000,0,-52,3.79200050765331,0,0,0.480091979980469,1.63,0,-5399.92822265625
100000000000000000000001,1,921125000,0,-44.5,2.57095180049633,0,0,0.480091979980469,1.63,0,-5399.92822265625
100000000000000000000002,1,921125000,0,-42.5,5.55914637529756,0,0,0.480091979980469,1.63,0,-5399.92822265625
100000000000000000000003,1,921125000,0,-45.5,2.40528187540469,0,0,0.480091979980469,1.63,0,-5399.92822265625
100000000000000000000000,1,921125000,0,-60.5,1.53398078788564,0,0,0.480091979980469,1.63,0,-5399.92822265625
100000000000000000000003,1,921125000,0,-45.5,2.40528187540469,0,0,0.480091979980469,1.63,0,-5399.92822265625
100000000000000000000002,1,921125000,0,-42.5,5.54687452899448,0,0,0.480091979980469,1.63,0,-5399.92822265625
100000000000000000000004,1,921125000,0,-52.5,3.73677719928942,0,0,0.480091979980469,1.63,0,-5399.92822265625
100000000000000000000001,1,921125000,0,-44.5,2.55867995419325,0,0,0.480091979980469,1.63,0,-5399.92822265625
100000000000000000000000,1,921125000,0,-61,1.49102932582484,0,0,0.480091979980469,1.63,0,-5399.92822265625
100000000000000000000004,1,921125000,0,-52.5,3.78586458450176,0,0,0.480091979980469,1.63,0,-5399.92822265625
100000000000000000000002,1,921125000,0,-42.5,5.58369006790373,0,0,0.480091979980469,1.63,0,-5399.92822265625
100000000000000000000000,1,921125000,0,-61,1.56466040364335,0,0,0.480091979980469,1.63,0,-5399.92822265625
100000000000000000000001,1,921125000,0,-44.5,2.57095180049633,0,0,0.480091979980469,1.63,0,-5399.92822265625
100000000000000000000003,1,921125000,0,-45.5,2.42368964485931,0,0,0.480091979980469,1.63,0,-5399.92822265625
100000000000000000000004,1,921125000,0,-52.5,3.80427235395639,0,0,0.480091979980469,1.63,0,-5399.92822265625
100000000000000000000000,1,921125000,0,-61,1.46648563321867,0,0,0.480091979980469,1.63,0,-5399.92822265625
100000000000000000000001,1,921125000,0,-44.5,2.56481587734479,0,0,0.480091979980469,1.63,0,-5399.92822265625
100000000000000000000002,1,921125000,0,-42.5,5.52846675953985,0,0,0.480091979980469,1.63,0,-5399.92822265625
100000000000000000000003,1,921125000,0,-46,2.42368964485931,0,0,0.480091979980469,1.63,0,-5399.92822265625
100000000000000000000002,1,921125000,0,-42.5,5.55914637529756,0,0,0.480091979980469,1.63,0,-5399.92822265625
100000000000000000000003,1,921125000,0,-45.5,2.42368964485931,0,0,0.480091979980469,1.63,0,-5399.92822265625
100000000000000000000001,1,921125000,0,-44.5,2.57095180049633,0,0,0.480091979980469,1.63,0,-5399.92822265625
100000000000000000000004,1,921125000,0,-52.5,3.75518496874405,0,0,0.480091979980469,1.63,0,-5399.92822265625
100000000000000000000000,1,921125000,0,-61,1.47875747952176,0,0,0.480091979980469,1.63,0,-5399.92822265625
100000000000000000000003,1,921125000,0,-45.5,2.41141779855623,0,0,0.480091979980469,1.63,0,-5399.92822265625
100000000000000000000002,1,921125000,0,-42.5,5.56528229844911,0,0,0.480091979980469,1.63,0,-5399.92822265625
100000000000000000000001,1,921125000,0,-44.5,2.57095180049633,0,0,0.480091979980469,1.63,0,-5399.92822265625
100000000000000000000000,1,921125000,0,-61,1.55852448049181,0,0,0.480091979980469,1.63,0,-5399.92822265625
100000000000000000000004,1,921125000,0,-52,3.81040827710793,0,0,0.480091979980469,1.63,0,-5399.92822265625
100000000000000000000000,1,921125000,0,-61,1.41739824800633,0,0,0.480091979980469,1.63,0,-5399.92822265625
100000000000000000000001,1,921125000,0,-44.5,2.57708772364788,0,0,0.480091979980469,1.63,0,-5399.92822265625
100000000000000000000003,1,921125000,0,-46,2.3930100291016,0,0,0.480091979980469,1.63,0,-5399.92822265625
100000000000000000000002,1,921125000,0,-42.5,5.55301045214602,0,0,0.480091979980469,1.63,0,-5399.92822265625
100000000000000000000004,1,921125000,0,-52.5,3.79813643080485,0,0,0.480091979980469,1.63,0,-5399.92822265625
100000000000000000000001,1,921125000,0,-44.5,2.58935956995096,0,0,0.480091979980469,1.63,0,-5399.92822265625
100000000000000000000004,1,921125000,0,-52,3.81654420025948,0,0,0.480091979980469,1.63,0,-5399.92822265625
100000000000000000000000,1,921125000,0,-60.5,1.4848934026733,0,0,0.480091979980469,1.63,0,-5399.92822265625
100000000000000000000002,1,921125000,0,-42.5,5.55914637529756,0,0,0.480091979980469,1.63,0,-5399.92822265625
100000000000000000000003,1,921125000,0,-46,2.41141779855623,0,0,0.480091979980469,1.63,0,-5399.92822265625
100000000000000000000001,1,921125000,0,-44.5,2.58935956995096,0,0,0.480091979980469,1.63,0,-5399.92822265625
100000000000000000000004,1,921125000,0,-52.5,3.80427235395639,0,0,0.480091979980469,1.63,0,-5399.92822265625
100000000000000000000002,1,921125000,0,-42.5,5.55914637529756,0,0,0.480091979980469,1.63,0,-5399.92822265625
100000000000000000000003,1,921125000,0,-45.5,2.42982556801086,0,0,0.480091979980469,1.63,0,-5399.92822265625
100000000000000000000000,1,921125000,0,-61,1.5278448647341,0,0,0.480091979980469,1.63,0,-5399.92822265625
100000000000000000000000,1,921125000,0,-60.5,1.51557301843101,0,0,0.480091979980469,1.63,0,-5399.92822265625
100000000000000000000004,1,921125000,0,-52.5,3.81040827710793,0,0,0.480091979980469,1.63,0,-5399.92822265625
100000000000000000000003,1,921125000,0,-46,2.41141779855623,0,0,0.480091979980469,1.63,0,-5399.92822265625
100000000000000000000002,1,921125000,0,-42.5,5.57755414475219,0,0,0.480091979980469,1.63,0,-5399.92822265625
100000000000000000000001,1,921125000,0,-44.5,2.5954954931025,0,0,0.480091979980469,1.63,0,-5399.92822265625
100000000000000000000001,1,921125000,0,-44.5,2.56481587734479,0,0,0.480091979980469,1.63,0,-5399.92822265625
100000000000000000000000,1,921125000,0,-61,1.50330117212793,0,0,0.480091979980469,1.63,0,-5399.92822265625
100000000000000000000003,1,921125000,0,-45.5,2.42368964485931,0,0,0.480091979980469,1.63,0,-5399.92822265625
100000000000000000000002,1,921125000,0,-42.5,5.54073860584294,0,0,0.480091979980469,1.63,0,-5399.92822265625
100000000000000000000004,1,921125000,0,-52.5,3.80427235395639,0,0,0.480091979980469,1.63,0,-5399.92822265625
100000000000000000000001,1,921125000,0,-44.5,2.56481587734479,0,0,0.480091979980469,1.63,0,-5399.92822265625
100000000000000000000002,1,921125000,0,-42.5,5.57141822160065,0,0,0.480091979980469,1.63,0,-5399.92822265625
100000000000000000000000,1,921125000,0,-61,1.49102932582484,0,0,0.480091979980469,1.63,0,-5399.92822265625
100000000000000000000004,1,921125000,0,-52.5,3.77359273819868,0,0,0.480091979980469,1.63,0,-5399.92822265625
100000000000000000000003,1,921125000,0,-46,2.41755372170777,0,0,0.480091979980469,1.63,0,-5399.92822265625
100000000000000000000001,1,921125000,0,-44.5,2.56481587734479,0,0,0.480091979980469,1.63,0,-5399.92822265625
100000000000000000000003,1,921125000,0,-45.5,2.4359614911624,0,0,0.480091979980469,1.63,0,-5399.92822265625
100000000000000000000002,1,921125000,0,-42.5,5.54687452899448,0,0,0.480091979980469,1.63,0,-5399.92822265625
100000000000000000000004,1,921125000,0,-52.5,3.79813643080485,0,0,0.480091979980469,1.63,0,-5399.92822265625
100000000000000000000000,1,921125000,0,-60.5,1.41739824800633,0,0,0.480091979980469,1.63,0,-5399.92822265625
100000000000000000000004,1,921125000,0,-52.5,3.79813643080485,0,0,0.480091979980469,1.63,0,-5399.92822265625
100000000000000000000002,1,921125000,0,-42.5,5.57755414475219,0,0,0.480091979980469,1.63,0,-5399.92822265625
100000000000000000000000,1,921125000,0,-61,1.65056332776495,0,0,0.480091979980469,1.63,0,-5399.92822265625
100000000000000000000001,1,921125000,0,-44.5,2.58322364679942,0,0,0.480091979980469,1.63,0,-5399.92822265625
100000000000000000000003,1,921125000,0,-45.5,2.41755372170777,0,0,0.480091979980469,1.63,0,-5399.92822265625
100000000000000000000000,1,921125000,0,-61,1.50943709527947,0,0,0.480091979980469,1.63,0,-5399.92822265625
100000000000000000000002,1,921125000,0,-42.5,5.56528229844911,0,0,0.480091979980469,1.63,0,-5399.92822265625
100000000000000000000001,1,921125000,0,-44.5,2.57708772364788,0,0,0.480091979980469,1.63,0,-5399.92822265625
100000000000000000000004,1,921125000,0,-52.5,3.79813643080485,0,0,0.480091979980469,1.63,0,-5399.92822265625
100000000000000000000003,1,921125000,0,-45.5,2.3930100291016,0,0,0.480091979980469,1.63,0,-5399.92822265625
100000000000000000000004,1,921125000,0,-52.5,3.77359273819868,0,0,0.480091979980469,1.63,0,-5399.92822265625
100000000000000000000000,1,921125000,0,-60.5,1.52170894158256,0,0,0.480091979980469,1.63,0,-5399.92822265625
100000000000000000000002,1,921125000,0,-42.5,5.58369006790373,0,0,0.480091979980469,1.63,0,-5399.92822265625
100000000000000000000003,1,921125000,0,-45.5,2.3930100291016,0,0,0.480091979980469,1.63,0,-5399.92822265625
100000000000000000000001,1,921125000,0,-44.5,2.58322364679942,0,0,0.480091979980469,1.63,0,-5399.92822265625
100000000000000000000002,1,921125000,0,-42.5,5.54687452899448,0,0,0.480091979980469,1.63,0,-5399.92822265625
100000000000000000000003,1,921125000,0,-45.5,2.40528187540469,0,0,0.480091979980469,1.63,0,-5399.92822265625
100000000000000000000001,1,921125000,0,-44.5,2.55254403104171,0,0,0.480091979980469,1.63,0,-5399.92822265625
100000000000000000000004,1,921125000,0,-52.5,3.77359273819868,0,0,0.480091979980469,1.63,0,-5399.92822265625
100000000000000000000000,1,921125000,0,-61,1.47875747952176,0,0,0.480091979980469,1.63,0,-5399.92822265625
100000000000000000000001,1,921125000,0,-44.5,2.57708772364788,0,0,0.480091979980469,1.63,0,-5399.92822265625
100000000000000000000004,1,921125000,0,-52,3.75518496874405,0,0,0.480091979980469,1.63,0,-5399.92822265625
100000000000000000000002,1,921125000,0,-42.5,5.58982599105528,0,0,0.480091979980469,1.63,0,-5399.92822265625
100000000000000000000000,1,921125000,0,-61,1.54011671103718,0,0,0.480091979980469,1.63,0,-5399.92822265625
100000000000000000000003,1,921125000,0,-46,2.42982556801086,0,0,0.480091979980469,1.63,0,-5399.92822265625
100000000000000000000001,1,921125000,0,-44.5,2.56481587734479,0,0,0.480091979980469,1.63,0,-5399.92822265625
100000000000000000000004,1,921125000,0,-52,3.78586458450176,0,0,0.480091979980469,1.63,0,-5399.92822265625
100000000000000000000003,1,921125000,0,-45.5,2.38687410595006,0,0,0.480091979980469,1.63,0,-5399.92822265625
100000000000000000000000,1,921125000,0,-60.5,1.53398078788564,0,0,0.480091979980469,1.63,0,-5399.92822265625
100000000000000000000002,1,921125000,0,-42.5,5.55301045214602,0,0,0.480091979980469,1.63,0,-5399.92822265625
100000000000000000000003,1,921125000,0,-45.5,2.41755372170777,0,0,0.480091979980469,1.63,0,-5399.92822265625
100000000000000000000001,1,921125000,0,-44.5,2.55867995419325,0,0,0.480091979980469,1.63,0,-5399.92822265625
100000000000000000000004,1,921125000,0,-52,3.79200050765331,0,0,0.480091979980469,1.63,0,-5399.92822265625
100000000000000000000002,1,921125000,0,-42.5,5.54073860584294,0,0,0.480091979980469,1.63,0,-5399.92822265625
100000000000000000000000,1,921125000,0,-60.5,1.45421378691559,0,0,0.480091979980469,1.63,0,-5399.92822265625
100000000000000000000003,1,921125000,0,-45.5,2.4359614911624,0,0,0.480091979980469,1.63,0,-5399.92822265625
100000000000000000000000,1,921125000,0,-61,1.4848934026733,0,0,0.480091979980469,1.63,0,-5399.92822265625
100000000000000000000001,1,921125000,0,-44.5,2.54640810789016,0,0,0.480091979980469,1.63,0,-5399.92822265625
100000000000000000000004,1,921125000,0,-52.5,3.76132089189559,0,0,0.480091979980469,1.63,0,-5399.92822265625
100000000000000000000002,1,921125000,0,-42.5,5.55914637529756,0,0,0.480091979980469,1.63,0,-5399.92822265625
100000000000000000000000,1,921125000,0,-61,1.51557301843101,0,0,0.480091979980469,1.63,0,-5399.92822265625
100000000000000000000001,1,921125000,0,-44.5,2.58935956995096,0,0,0.480091979980469,1.63,0,-5399.92822265625
100000000000000000000004,1,921125000,0,-52.5,3.79200050765331,0,0,0.480091979980469,1.63,0,-5399.92822265625
100000000000000000000003,1,921125000,0,-45.5,2.41755372170777,0,0,0.480091979980469,1.63,0,-5399.92822265625
100000000000000000000002,1,921125000,0,-42.5,5.54687452899448,0,0,0.480091979980469,1.63,0,-5399.92822265625
100000000000000000000003,1,921125000,0,-45.5,2.39914595225314,0,0,0.480091979980469,1.63,0,-5399.92822265625
100000000000000000000004,1,921125000,0,-52.5,3.76132089189559,0,0,0.480091979980469,1.63,0,-5399.92822265625
100000000000000000000002,1,921125000,0,-42.5,5.55301045214602,0,0,0.480091979980469,1.63,0,-5399.92822265625
100000000000000000000001,1,921125000,0,-44.5,2.57095180049633,0,0,0.480091979980469,1.63,0,-5399.92822265625
100000000000000000000000,1,921125000,0,-60.5,1.51557301843101,0,0,0.480091979980469,1.63,0,-5399.92822265625
100000000000000000000001,1,921125000,0,-44.5,2.57095180049633,0,0,0.480091979980469,1.63,0,-5399.92822265625
100000000000000000000000,1,921125000,0,-60.5,1.49102932582484,0,0,0.480091979980469,1.63,0,-5399.92822265625
100000000000000000000003,1,921125000,0,-45.5,2.42368964485931,0,0,0.480091979980469,1.63,0,-5399.92822265625
100000000000000000000002,1,921125000,0,-42.5,5.57755414475219,0,0,0.480091979980469,1.63,0,-5399.92822265625
100000000000000000000004,1,921125000,0,-52,3.78586458450176,0,0,0.480091979980469,1.63,0,-5399.92822265625
100000000000000000000004,1,921125000,0,-52.5,3.74291312244096,0,0,0.480091979980469,1.63,0,-5399.92822265625
100000000000000000000001,1,921125000,0,-44.5,2.58322364679942,0,0,0.480091979980469,1.63,0,-5399.92822265625
100000000000000000000000,1,921125000,0,-61,1.50330117212793,0,0,0.480091979980469,1.63,0,-5399.92822265625
100000000000000000000003,1,921125000,0,-45.5,2.42368964485931,0,0,0.480091979980469,1.63,0,-5399.92822265625
100000000000000000000002,1,921125000,0,-42.5,5.54073860584294,0,0,0.480091979980469,1.63,0,-5399.92822265625
100000000000000000000000,1,921125000,0,-60.5,1.55852448049181,0,0,0.480091979980469,1.63,0,-5399.92822265625
100000000000000000000001,1,921125000,0,-44.5,2.57708772364788,0,0,0.480091979980469,1.63,0,-5399.92822265625
100000000000000000000004,1,921125000,0,-52.5,3.80427235395639,0,0,0.480091979980469,1.63,0,-5399.92822265625
100000000000000000000002,1,921125000,0,-42.5,5.53460268269139,0,0,0.480091979980469,1.63,0,-5399.92822265625
100000000000000000000003,1,921125000,0,-46,2.41141779855623,0,0,0.480091979980469,1.63,0,-5399.92822265625
100000000000000000000002,1,921125000,0,-42.5,5.55914637529756,0,0,0.480091979980469,1.63,0,-5399.92822265625
100000000000000000000003,1,921125000,0,-45.5,2.40528187540469,0,0,0.480091979980469,1.63,0,-5399.92822265625
100000000000000000000000,1,921125000,0,-61,1.55238855734027,0,0,0.480091979980469,1.63,0,-5399.92822265625
100000000000000000000004,1,921125000,0,-52,3.77359273819868,0,0,0.480091979980469,1.63,0,-5399.92822265625
100000000000000000000001,1,921125000,0,-44.5,2.57708772364788,0,0,0.480091979980469,1.63,0,-5399.92822265625
100000000000000000000004,1,921125000,0,-52.5,3.79200050765331,0,0,0.480091979980469,1.63,0,-5399.92822265625
100000000000000000000000,1,921125000,0,-61,1.55852448049181,0,0,0.480091979980469,1.63,0,-5399.92822265625
100000000000000000000001,1,921125000,0,-44.5,2.58322364679942,0,0,0.480091979980469,1.63,0,-5399.92822265625
100000000000000000000003,1,921125000,0,-45.5,2.39914595225314,0,0,0.480091979980469,1.63,0,-5399.92822265625
100000000000000000000002,1,921125000,0,-42.5,5.55301045214602,0,0,0.480091979980469,1.63,0,-5399.92822265625
100000000000000000000001,1,921125000,0,-44.5,2.57708772364788,0,0,0.480091979980469,1.63,0,-5399.92822265625
100000000000000000000002,1,921125000,0,-42.5,5.54687452899448,0,0,0.480091979980469,1.63,0,-5399.92822265625
100000000000000000000004,1,921125000,0,-52,3.78586458450176,0,0,0.480091979980469,1.63,0,-5399.92822265625
100000000000000000000003,1,921125000,0,-46,2.41755372170777,0,0,0.480091979980469,1.63,0,-5399.92822265625
100000000000000000000000,1,921125000,0,-61,1.55238855734027,0,0,0.480091979980469,1.63,0,-5399.92822265625
100000000000000000000001,1,921125000,0,-44.5,2.57095180049633,0,0,0.480091979980469,1.63,0,-5399.92822265625
100000000000000000000003,1,921125000,0,-46,2.38687410595006,0,0,0.480091979980469,1.63,0,-5399.92822265625
100000000000000000000000,1,921125000,0,-60.5,1.47875747952176,0,0,0.480091979980469,1.63,0,-5399.92822265625
100000000000000000000002,1,921125000,0,-42.5,5.58369006790373,0,0,0.480091979980469,1.63,0,-5399.92822265625
100000000000000000000004,1,921125000,0,-52,3.79813643080485,0,0,0.480091979980469,1.63,0,-5399.92822265625
100000000000000000000004,1,921125000,0,-52.5,3.76745681504713,0,0,0.480091979980469,1.63,0,-5399.92822265625
100000000000000000000003,1,921125000,0,-45.5,2.38073818279852,0,0,0.480091979980469,1.63,0,-5399.92822265625
100000000000000000000002,1,921125000,0,-42.5,5.57141822160065,0,0,0.480091979980469,1.63,0,-5399.92822265625
100000000000000000000000,1,921125000,0,-60,1.5278448647341,0,0,0.480091979980469,1.63,0,-5399.92822265625
100000000000000000000001,1,921125000,0,-44.5,2.57708772364788,0,0,0.480091979980469,1.63,0,-5399.92822265625
100000000000000000000004,1,921125000,0,-52.5,3.76745681504713,0,0,0.480091979980469,1.63,0,-5399.92822265625
100000000000000000000001,1,921125000,0,-44.5,2.55867995419325,0,0,0.480091979980469,1.63,0,-5399.92822265625
100000000000000000000003,1,921125000,0,-46,2.40528187540469,0,0,0.480091979980469,1.63,0,-5399.92822265625
100000000000000000000000,1,921125000,0,-61,1.56466040364335,0,0,0.480091979980469,1.63,0,-5399.92822265625
100000000000000000000002,1,921125000,0,-42.5,5.53460268269139,0,0,0.480091979980469,1.63,0,-5399.92822265625
100000000000000000000002,1,921125000,0,-42.5,5.55301045214602,0,0,0.480091979980469,1.63,0,-5399.92822265625
100000000000000000000004,1,921125000,0,-52,3.75518496874405,0,0,0.480091979980469,1.63,0,-5399.92822265625
100000000000000000000001,1,921125000,0,-44.5,2.56481587734479,0,0,0.480091979980469,1.63,0,-5399.92822265625
100000000000000000000000,1,921125000,0,-61,1.5278448647341,0,0,0.480091979980469,1.63,0,-5399.92822265625
100000000000000000000003,1,921125000,0,-45.5,2.3930100291016,0,0,0.480091979980469,1.63,0,-5399.92822265625
100000000000000000000002,1,921125000,0,-42.5,5.55914637529756,0,0,0.480091979980469,1.63,0,-5399.92822265625
100000000000000000000003,1,921125000,0,-46,2.42982556801086,0,0,0.480091979980469,1.63,0,-5399.92822265625
100000000000000000000000,1,921125000,0,-61,1.57693224994644,0,0,0.480091979980469,1.63,0,-5399.92822265625
100000000000000000000001,1,921125000,0,-44.5,2.56481587734479,0,0,0.480091979980469,1.63,0,-5399.92822265625
100000000000000000000004,1,921125000,0,-52.5,3.75518496874405,0,0,0.480091979980469,1.63,0,-5399.92822265625
100000000000000000000001,1,921125000,0,-44.5,2.55867995419325,0,0,0.480091979980469,1.63,0,-5399.92822265625
100000000000000000000000,1,921125000,0,-61,1.60147594255261,0,0,0.480091979980469,1.63,0,-5399.92822265625
100000000000000000000002,1,921125000,0,-42.5,5.55914637529756,0,0,0.480091979980469,1.63,0,-5399.92822265625
100000000000000000000004,1,921125000,0,-52,3.77972866135022,0,0,0.480091979980469,1.63,0,-5399.92822265625
100000000000000000000003,1,921125000,0,-45.5,2.41141779855623,0,0,0.480091979980469,1.63,0,-5399.92822265625
100000000000000000000001,1,921125000,0,-44.5,2.58935956995096,0,0,0.480091979980469,1.63,0,-5399.92822265625
100000000000000000000003,1,921125000,0,-45.5,2.42368964485931,0,0,0.480091979980469,1.63,0,-5399.92822265625
100000000000000000000002,1,921125000,0,-42.5,5.55914637529756,0,0,0.480091979980469,1.63,0,-5399.92822265625
100000000000000000000004,1,921125000,0,-52.5,3.79200050765331,0,0,0.480091979980469,1.63,0,-5399.92822265625
100000000000000000000000,1,921125000,0,-61,1.5707963267949,0,0,0.480091979980469,1.63,0,-5399.92822265625
100000000000000000000002,1,921125000,0,-42.5,5.57141822160065,0,0,0.480091979980469,1.63,0,-5399.92822265625
100000000000000000000000,1,921125000,0,-60.5,1.54011671103718,0,0,0.480091979980469,1.63,0,-5399.92822265625
100000000000000000000004,1,921125000,0,-52.5,3.81040827710793,0,0,0.480091979980469,1.63,0,-5399.92822265625
100000000000000000000001,1,921125000,0,-44.5,2.58322364679942,0,0,0.480091979980469,1.63,0,-5399.92822265625
100000000000000000000003,1,921125000,0,-45.5,2.40528187540469,0,0,0.480091979980469,1.63,0,-5399.92822265625
100000000000000000000000,1,921125000,0,-60.5,1.43580601746096,0,0,0.480091979980469,1.63,0,-5399.92822265625
100000000000000000000002,1,921125000,0,-42.5,5.54687452899448,0,0,0.480091979980469,1.63,0,-5399.92822265625
100000000000000000000003,1,921125000,0,-45.5,2.41141779855623,0,0,0.480091979980469,1.63,0,-5399.92822265625
100000000000000000000001,1,921125000,0,-44.5,2.57095180049633,0,0,0.480091979980469,1.63,0,-5399.92822265625
100000000000000000000004,1,921125000,0,-52.5,3.78586458450176,0,0,0.480091979980469,1.63,0,-5399.92822265625
100000000000000000000003,1,921125000,0,-45.5,2.41755372170777,0,0,0.480091979980469,1.63,0,-5399.92822265625
100000000000000000000002,1,921125000,0,-42.5,5.55914637529756,0,0,0.480091979980469,1.63,0,-5399.92822265625
100000000000000000000001,1,921125000,0,-44.5,2.57708772364788,0,0,0.480091979980469,1.63,0,-5399.92822265625
100000000000000000000004,1,921125000,0,-52,3.79813643080485,0,0,0.480091979980469,1.63,0,-5399.92822265625
100000000000000000000000,1,921125000,0,-61,1.4848934026733,0,0,0.480091979980469,1.63,0,-5399.92822265625
100000000000000000000004,1,921125000,0,-52.5,3.77359273819868,0,0,0.480091979980469,1.63,0,-5399.92822265625
100000000000000000000000,1,921125000,0,-61,1.50330117212793,0,0,0.480091979980469,1.63,0,-5399.92822265625
100000000000000000000001,1,921125000,0,-44.5,2.56481587734479,0,0,0.480091979980469,1.63,0,-5399.92822265625
100000000000000000000003,1,921125000,0,-45.5,2.42368964485931,0,0,0.480091979980469,1.63,0,-5399.92822265625
100000000000000000000002,1,921125000,0,-42.5,5.57141822160065,0,0,0.480091979980469,1.63,0,-5399.92822265625
100000000000000000000000,1,921125000,0,-60.5,1.4848934026733,0,0,0.480091979980469,1.63,0,-5399.92822265625
100000000000000000000002,1,921125000,0,-42.5,5.58369006790373,0,0,0.480091979980469,1.63,0,-5399.92822265625
100000000000000000000001,1,921125000,0,-44.5,2.55867995419325,0,0,0.480091979980469,1.63,0,-5399.92822265625
100000000000000000000003,1,921125000,0,-46,2.41141779855623,0,0,0.480091979980469,1.63,0,-5399.92822265625
100000000000000000000004,1,921125000,0,-52.5,3.79200050765331,0,0,0.480091979980469,1.63,0,-5399.92822265625
100000000000000000000002,1,921125000,0,-42.5,5.52846675953985,0,0,0.480091979980469,1.63,0,-5399.92822265625
100000000000000000000000,1,921125000,0,-61,1.53398078788564,0,0,0.480091979980469,1.63,0,-5399.92822265625
100000000000000000000003,1,921125000,0,-46,2.41141779855623,0,0,0.480091979980469,1.63,0,-5399.92822265625
100000000000000000000001,1,921125000,0,-44.5,2.58322364679942,0,0,0.480091979980469,1.63,0,-5399.92822265625
100000000000000000000004,1,921125000,0,-52,3.79813643080485,0,0,0.480091979980469,1.63,0,-5399.92822265625
100000000000000000000001,1,921125000,0,-44.5,2.57708772364788,0,0,0.480091979980469,1.63,0,-5399.92822265625
100000000000000000000004,1,921125000,0,-52.5,3.78586458450176,0,0,0.480091979980469,1.63,0,-5399.92822265625
100000000000000000000002,1,921125000,0,-42.5,5.57755414475219,0,0,0.480091979980469,1.63,0,-5399.92822265625
100000000000000000000000,1,921125000,0,-60.5,1.4848934026733,0,0,0.480091979980469,1.63,0,-5399.92822265625
100000000000000000000003,1,921125000,0,-46,2.41755372170777,0,0,0.480091979980469,1.63,0,-5399.92822265625
100000000000000000000000,1,921125000,0,-60.5,1.46034971006713,0,0,0.480091979980469,1.63,0,-5399.92822265625
100000000000000000000002,1,921125000,0,-42.5,5.53460268269139,0,0,0.480091979980469,1.63,0,-5399.92822265625
100000000000000000000003,1,921125000,0,-45.5,2.42368964485931,0,0,0.480091979980469,1.63,0,-5399.92822265625
100000000000000000000004,1,921125000,0,-52.5,3.78586458450176,0,0,0.480091979980469,1.63,0,-5399.92822265625
100000000000000000000001,1,921125000,0,-44.5,2.58322364679942,0,0,0.480091979980469,1.63,0,-5399.92822265625
100000000000000000000002,1,921125000,0,-42.5,5.53460268269139,0,0,0.480091979980469,1.63,0,-5399.92822265625
100000000000000000000004,1,921125000,0,-52,3.79813643080485,0,0,0.480091979980469,1.63,0,-5399.92822265625
100000000000000000000001,1,921125000,0,-44.5,2.56481587734479,0,0,0.480091979980469,1.63,0,-5399.92822265625
100000000000000000000003,1,921125000,0,-45.5,2.39914595225314,0,0,0.480091979980469,1.63,0,-5399.92822265625
100000000000000000000000,1,921125000,0,-60.5,1.50943709527947,0,0,0.480091979980469,1.63,0,-5399.92822265625
100000000000000000000000,1,921125000,0,-61,1.50943709527947,0,0,0.480091979980469,1.63,0,-5399.92822265625
100000000000000000000002,1,921125000,0,-42.5,5.55301045214602,0,0,0.480091979980469,1.63,0,-5399.92822265625
100000000000000000000004,1,921125000,0,-52.5,3.79200050765331,0,0,0.480091979980469,1.63,0,-5399.92822265625
100000000000000000000001,1,921125000,0,-44.5,2.58935956995096,0,0,0.480091979980469,1.63,0,-5399.92822265625
100000000000000000000003,1,921125000,0,-46,2.42368964485931,0,0,0.480091979980469,1.63,0,-5399.92822265625
100000000000000000000002,1,921125000,0,-42.5,5.57141822160065,0,0,0.480091979980469,1.63,0,-5399.92822265625
100000000000000000000000,1,921125000,0,-60.5,1.55852448049181,0,0,0.480091979980469,1.63,0,-5399.92822265625
100000000000000000000003,1,921125000,0,-45.5,2.40528187540469,0,0,0.480091979980469,1.63,0,-5399.92822265625
100000000000000000000004,1,921125000,0,-52.5,3.81654420025948,0,0,0.480091979980469,1.63,0,-5399.92822265625
100000000000000000000001,1,921125000,0,-44.5,2.58322364679942,0,0,0.480091979980469,1.63,0,-5399.92822265625
100000000000000000000003,1,921625000,0,-45,2.63231103201176,0,0,0.480091979980469,1.63,0,-5399.92822265625
100000000000000000000000,1,921625000,0,-62,1.65056332776495,0,0,0.480091979980469,1.63,0,-5399.92822265625
100000000000000000000002,1,921625000,0,-42,5.79231145505618,0,0,0.480091979980469,1.63,0,-5399.92822265625
100000000000000000000001,1,921625000,0,-44.5,2.81025280340649,0,0,0.480091979980469,1.63,0,-5399.92822265625
100000000000000000000004,1,921625000,0,-52.5,4.00062189480575,0,0,0.480091979980469,1.63,0,-5399.92822265625
100000000000000000000004,1,921625000,0,-52,3.95767043274495,0,0,0.480091979980469,1.63,0,-5399.92822265625
100000000000000000000000,1,921625000,0,-62.5,1.72419440558346,0,0,0.480091979980469,1.63,0,-5399.92822265625
100000000000000000000001,1,921625000,0,-44,2.80411688025495,0,0,0.480091979980469,1.63,0,-5399.92822265625
100000000000000000000003,1,921625000,0,-45,2.61390326255713,0,0,0.480091979980469,1.63,0,-5399.92822265625
100000000000000000000002,1,921625000,0,-42,5.79231145505618,0,0,0.480091979980469,1.63,0,-5399.92822265625
100000000000000000000001,1,921625000,0,-44,2.80411688025495,0,0,0.480091979980469,1.63,0,-5399.92822265625
100000000000000000000002,1,921625000,0,-42,5.82299107081389,0,0,0.480091979980469,1.63,0,-5399.92822265625
100000000000000000000004,1,921625000,0,-52.5,3.96994227904804,0,0,0.480091979980469,1.63,0,-5399.92822265625
100000000000000000000000,1,921625000,0,-62,1.730330328735,0,0,0.480091979980469,1.63,0,-5399.92822265625
100000000000000000000003,1,921625000,0,-45.5,2.64458287831485,0,0,0.480091979980469,1.63,0,-5399.92822265625
100000000000000000000000,1,921625000,0,-62.5,1.76100994449272,0,0,0.480091979980469,1.63,0,-5399.92822265625
100000000000000000000001,1,921625000,0,-44,2.79184503395187,0,0,0.480091979980469,1.63,0,-5399.92822265625
100000000000000000000004,1,921625000,0,-52,3.94539858644187,0,0,0.480091979980469,1.63,0,-5399.92822265625
100000000000000000000002,1,921625000,0,-42,5.82912699396544,0,0,0.480091979980469,1.63,0,-5399.92822265625
100000000000000000000003,1,921625000,0,-45,2.63231103201176,0,0,0.480091979980469,1.63,0,-5399.92822265625
100000000000000000000001,1,921625000,0,-44,2.81638872655804,0,0,0.480091979980469,1.63,0,-5399.92822265625
100000000000000000000002,1,921625000,0,-42,5.82912699396544,0,0,0.480091979980469,1.63,0,-5399.92822265625
100000000000000000000003,1,921625000,0,-45.5,2.6384469551633,0,0,0.480091979980469,1.63,0,-5399.92822265625
100000000000000000000004,1,921625000,0,-52,3.98835004850267,0,0,0.480091979980469,1.63,0,-5399.92822265625
100000000000000000000000,1,921625000,0,-62,1.74260217503809,0,0,0.480091979980469,1.63,0,-5399.92822265625
100000000000000000000001,1,921625000,0,-44,2.82252464970958,0,0,0.480091979980469,1.63,0,-5399.92822265625
100000000000000000000002,1,921625000,0,-42,5.81685514766235,0,0,0.480091979980469,1.63,0,-5399.92822265625
100000000000000000000004,1,921625000,0,-52,3.99448597165421,0,0,0.480091979980469,1.63,0,-5399.92822265625
100000000000000000000003,1,921625000,0,-45.5,2.63231103201176,0,0,0.480091979980469,1.63,0,-5399.92822265625
100000000000000000000000,1,921625000,0,-62,1.76100994449272,0,0,0.480091979980469,1.63,0,-5399.92822265625
100000000000000000000004,1,921625000,0,-52,3.99448597165421,0,0,0.480091979980469,1.63,0,-5399.92822265625
100000000000000000000002,1,921625000,0,-42,5.80458330135927,0,0,0.480091979980469,1.63,0,-5399.92822265625
100000000000000000000000,1,921625000,0,-62,1.75487402134117,0,0,0.480091979980469,1.63,0,-5399.92822265625
100000000000000000000001,1,921625000,0,-44.5,2.81638872655804,0,0,0.480091979980469,1.63,0,-5399.92822265625
100000000000000000000003,1,921625000,0,-45,2.6384469551633,0,0,0.480091979980469,1.63,0,-5399.92822265625
100000000000000000000001,1,921625000,0,-44.5,2.81638872655804,0,0,0.480091979980469,1.63,0,-5399.92822265625
100000000000000000000004,1,921625000,0,-52.5,4.00062189480575,0,0,0.480091979980469,1.63,0,-5399.92822265625
100000000000000000000003,1,921625000,0,-45,2.63231103201176,0,0,0.480091979980469,1.63,0,-5399.92822265625
100000000000000000000002,1,921625000,0,-42,5.81071922451081,0,0,0.480091979980469,1.63,0,-5399.92822265625
100000000000000000000000,1,921625000,0,-62.5,1.68124294352266,0,0,0.480091979980469,1.63,0,-5399.92822265625
100000000000000000000002,1,921625000,0,-42,5.81071922451081,0,0,0.480091979980469,1.63,0,-5399.92822265625
100000000000000000000004,1,921625000,0,-52.5,4.0067578179573,0,0,0.480091979980469,1.63,0,-5399.92822265625
100000000000000000000000,1,921625000,0,-62.5,1.7732817907958,0,0,0.480091979980469,1.63,0,-5399.92822265625
100000000000000000000003,1,921625000,0,-45,2.63231103201176,0,0,0.480091979980469,1.63,0,-5399.92822265625
100000000000000000000001,1,921625000,0,-44.5,2.80411688025495,0,0,0.480091979980469,1.63,0,-5399.92822265625
100000000000000000000000,1,921625000,0,-62,1.66283517406803,0,0,0.480091979980469,1.63,0,-5399.92822265625
100000000000000000000003,1,921625000,0,-45.5,2.6384469551633,0,0,0.480091979980469,1.63,0,-5399.92822265625
100000000000000000000002,1,921625000,0,-42,5.81685514766235,0,0,0.480091979980469,1.63,0,-5399.92822265625
100000000000000000000004,1,921625000,0,-52.5,4.00062189480575,0,0,0.480091979980469,1.63,0,-5399.92822265625
100000000000000000000001,1,921625000,0,-44.5,2.79798095710341,0,0,0.480091979980469,1.63,0,-5399.92822265625
100000000000000000000003,1,921625000,0,-45,2.64458287831485,0,0,0.480091979980469,1.63,0,-5399.92822265625
100000000000000000000004,1,921625000,0,-52,3.98221412535112,0,0,0.480091979980469,1.63,0,-5399.92822265625
100000000000000000000001,1,921625000,0,-44.5,2.80411688025495,0,0,0.480091979980469,1.63,0,-5399.92822265625
100000000000000000000002,1,921625000,0,-42,5.78617553190464,0,0,0.480091979980469,1.63,0,-5399.92822265625
100000000000000000000000,1,921625000,0,-61.5,1.72419440558346,0,0,0.480091979980469,1.63,0,-5399.92822265625
100000000000000000000000,1,921625000,0,-62,1.74873809818963,0,0,0.480091979980469,1.63,0,-5399.92822265625
100000000000000000000001,1,921625000,0,-44,2.81025280340649,0,0,0.480091979980469,1.63,0,-5399.92822265625
100000000000000000000004,1,921625000,0,-52,4.01289374110884,0,0,0.480091979980469,1.63,0,-5399.92822265625
100000000000000000000003,1,921625000,0,-45,2.62617510886022,0,0,0.480091979980469,1.63,0,-5399.92822265625
100000000000000000000002,1,921625000,0,-42,5.81685514766235,0,0,0.480091979980469,1.63,0,-5399.92822265625
100000000000000000000000,1,921625000,0,-62,1.74873809818963,0,0,0.480091979980469,1.63,0,-5399.92822265625
100000000000000000000001,1,921625000,0,-44,2.79798095710341,0,0,0.480091979980469,1.63,0,-5399.92822265625
100000000000000000000004,1,921625000,0,-52.5,3.98221412535112,0,0,0.480091979980469,1.63,0,-5399.92822265625
100000000000000000000003,1,921625000,0,-45.5,2.64458287831485,0,0,0.480091979980469,1.63,0,-5399.92822265625
100000000000000000000002,1,921625000,0,-42,5.79844737820772,0,0,0.480091979980469,1.63,0,-5399.92822265625
100000000000000000000001,1,921625000,0,-44,2.80411688025495,0,0,0.480091979980469,1.63,0,-5399.92822265625
100000000000000000000002,1,921625000,0,-42,5.81071922451081,0,0,0.480091979980469,1.63,0,-5399.92822265625
100000000000000000000000,1,921625000,0,-62,1.7732817907958,0,0,0.480091979980469,1.63,0,-5399.92822265625
100000000000000000000004,1,921625000,0,-52,3.96994227904804,0,0,0.480091979980469,1.63,0,-5399.92822265625
100000000000000000000003,1,921625000,0,-45.5,2.62003918570868,0,0,0.480091979980469,1.63,0,-5399.92822265625
100000000000000000000003,1,921625000,0,-45,2.60163141625405,0,0,0.480091979980469,1.63,0,-5399.92822265625
100000000000000000000004,1,921625000,0,-52,3.98835004850267,0,0,0.480091979980469,1.63,0,-5399.92822265625
100000000000000000000002,1,921625000,0,-42,5.82299107081389,0,0,0.480091979980469,1.63,0,-5399.92822265625
100000000000000000000001,1,921625000,0,-44,2.80411688025495,0,0,0.480091979980469,1.63,0,-5399.92822265625
100000000000000000000000,1,921625000,0,-63,1.76714586764426,0,0,0.480091979980469,1.63,0,-5399.92822265625
100000000000000000000004,1,921625000,0,-52.5,3.98835004850267,0,0,0.480091979980469,1.63,0,-5399.92822265625
100000000000000000000001,1,921625000,0,-44,2.81638872655804,0,0,0.480091979980469,1.63,0,-5399.92822265625
100000000000000000000002,1,921625000,0,-42,5.80458330135927,0,0,0.480091979980469,1.63,0,-5399.92822265625
100000000000000000000000,1,921625000,0,-62,1.75487402134117,0,0,0.480091979980469,1.63,0,-5399.92822265625
100000000000000000000003,1,921625000,0,-45.5,2.62617510886022,0,0,0.480091979980469,1.63,0,-5399.92822265625
100000000000000000000003,1,921625000,0,-45.5,2.63231103201176,0,0,0.480091979980469,1.63,0,-5399.92822265625
100000000000000000000004,1,921625000,0,-52,3.97607820219958,0,0,0.480091979980469,1.63,0,-5399.92822265625
100000000000000000000001,1,921625000,0,-44,2.80411688025495,0,0,0.480091979980469,1.63,0,-5399.92822265625
100000000000000000000002,1,921625000,0,-42,5.79231145505618,0,0,0.480091979980469,1.63,0,-5399.92822265625
100000000000000000000000,1,921625000,0,-62,1.86532063806894,0,0,0.480091979980469,1.63,0,-5399.92822265625
100000000000000000000004,1,921625000,0,-52,4.0067578179573,0,0,0.480091979980469,1.63,0,-5399.92822265625
100000000000000000000001,1,921625000,0,-44.5,2.81638872655804,0,0,0.480091979980469,1.63,0,-5399.92822265625
100000000000000000000002,1,921625000,0,-42,5.82299107081389,0,0,0.480091979980469,1.63,0,-5399.92822265625
100000000000000000000003,1,921625000,0,-45.5,2.64458287831485,0,0,0.480091979980469,1.63,0,-5399.92822265625
100000000000000000000000,1,921625000,0,-62.5,1.65056332776495,0,0,0.480091979980469,1.63,0,-5399.92822265625
100000000000000000000001,1,921625000,0,-44,2.79798095710341,0,0,0.480091979980469,1.63,0,-5399.92822265625
100000000000000000000004,1,921625000,0,-52,3.95767043274495,0,0,0.480091979980469,1.63,0,-5399.92822265625
100000000000000000000002,1,921625000,0,-42,5.81685514766235,0,0,0.480091979980469,1.63,0,-5399.92822265625
100000000000000000000003,1,921625000,0,-45.5,2.64458287831485,0,0,0.480091979980469,1.63,0,-5399.92822265625
100000000000000000000000,1,921625000,0,-62,1.78555363709889,0,0,0.480091979980469,1.63,0,-5399.92822265625
100000000000000000000004,1,921625000,0,-52,3.97607820219958,0,0,0.480091979980469,1.63,0,-5399.92822265625
100000000000000000000003,1,921625000,0,-45.5,2.6384469551633,0,0,0.480091979980469,1.63,0,-5399.92822265625
100000000000000000000001,1,921625000,0,-44,2.81025280340649,0,0,0.480091979980469,1.63,0,-5399.92822265625
100000000000000000000000,1,921625000,0,-62,1.68124294352266,0,0,0.480091979980469,1.63,0,-5399.92822265625
100000000000000000000002,1,921625000,0,-42,5.81071922451081,0,0,0.480091979980469,1.63,0,-5399.92822265625
100000000000000000000000,1,921625000,0,-61.5,1.71192255928038,0,0,0.480091979980469,1.63,0,-5399.92822265625
100000000000000000000003,1,921625000,0,-45.5,2.62617510886022,0,0,0.480091979980469,1.63,0,-5399.92822265625
100000000000000000000001,1,921625000,0,-44.5,2.80411688025495,0,0,0.480091979980469,1.63,0,-5399.92822265625
100000000000000000000002,1,921625000,0,-42,5.82299107081389,0,0,0.480091979980469,1.63,0,-5399.92822265625
100000000000000000000004,1,921625000,0,-52,4.01289374110884,0,0,0.480091979980469,1.63,0,-5399.92822265625
100000000000000000000001,1,921625000,0,-44,2.81025280340649,0,0,0.480091979980469,1.63,0,-5399.92822265625
100000000000000000000002,1,921625000,0,-42,5.81071922451081,0,0,0.480091979980469,1.63,0,-5399.92822265625
100000000000000000000003,1,921625000,0,-45.5,2.62617510886022,0,0,0.480091979980469,1.63,0,-5399.92822265625
100000000000000000000000,1,921625000,0,-62,1.74873809818963,0,0,0.480091979980469,1.63,0,-5399.92822265625
100000000000000000000004,1,921625000,0,-52,4.0067578179573,0,0,0.480091979980469,1.63,0,-5399.92822265625
100000000000000000000001,1,921625000,0,-44,2.80411688025495,0,0,0.480091979980469,1.63,0,-5399.92822265625
100000000000000000000002,1,921625000,0,-42,5.83526291711698,0,0,0.480091979980469,1.63,0,-5399.92822265625
100000000000000000000004,1,921625000,0,-52,4.01289374110884,0,0,0.480091979980469,1.63,0,-5399.92822265625
100000000000000000000003,1,921625000,0,-45.5,2.64458287831485,0,0,0.480091979980469,1.63,0,-5399.92822265625
100000000000000000000000,1,921625000,0,-62.5,1.74260217503809,0,0,0.480091979980469,1.63,0,-5399.92822265625
100000000000000000000004,1,921625000,0,-52,3.94539858644187,0,0,0.480091979980469,1.63,0,-5399.92822265625
100000000000000000000002,1,921625000,0,-42,5.82299107081389,0,0,0.480091979980469,1.63,0,-5399.92822265625
100000000000000000000003,1,921625000,0,-45.5,2.62617510886022,0,0,0.480091979980469,1.63,0,-5399.92822265625
100000000000000000000001,1,921625000,0,-44,2.81638872655804,0,0,0.480091979980469,1.63,0,-5399.92822265625
100000000000000000000000,1,921625000,0,-62,1.69351478982575,0,0,0.480091979980469,1.63,0,-5399.92822265625
100000000000000000000001,1,921625000,0,-44.5,2.79184503395187,0,0,0.480091979980469,1.63,0,-5399.92822265625
100000000000000000000000,1,921625000,0,-62,1.71805848243192,0,0,0.480091979980469,1.63,0,-5399.92822265625
100000000000000000000002,1,921625000,0,-42,5.82299107081389,0,0,0.480091979980469,1.63,0,-5399.92822265625
100000000000000000000003,1,921625000,0,-45,2.65071880146639,0,0,0.480091979980469,1.63,0,-5399.92822265625
100000000000000000000004,1,921625000,0,-52.5,3.90858304753261,0,0,0.480091979980469,1.63,0,-5399.92822265625
100000000000000000000002,1,921625000,0,-42,5.81071922451081,0,0,0.480091979980469,1.63,0,-5399.92822265625
100000000000000000000004,1,921625000,0,-52,3.98221412535112,0,0,0.480091979980469,1.63,0,-5399.92822265625
100000000000000000000001,1,921625000,0,-44,2.79798095710341,0,0,0.480091979980469,1.63,0,-5399.92822265625
100000000000000000000003,1,921625000,0,-45.5,2.60776733940559,0,0,0.480091979980469,1.63,0,-5399.92822265625
100000000000000000000000,1,921625000,0,-62.5,1.76100994449272,0,0,0.480091979980469,1.63,0,-5399.92822265625
100000000000000000000003,1,921625000,0,-45,2.62617510886022,0,0,0.480091979980469,1.63,0,-5399.92822265625
100000000000000000000002,1,921625000,0,-42,5.82299107081389,0,0,0.480091979980469,1.63,0,-5399.92822265625
100000000000000000000000,1,921625000,0,-62,1.71805848243192,0,0,0.480091979980469,1.63,0,-5399.92822265625
100000000000000000000004,1,921625000,0,-52,3.98835004850267,0,0,0.480091979980469,1.63,0,-5399.92822265625
100000000000000000000001,1,921625000,0,-44.5,2.79798095710341,0,0,0.480091979980469,1.63,0,-5399.92822265625
100000000000000000000003,1,921625000,0,-45,2.63231103201176,0,0,0.480091979980469,1.63,0,-5399.92822265625
100000000000000000000002,1,921625000,0,-42,5.82912699396544,0,0,0.480091979980469,1.63,0,-5399.92822265625
100000000000000000000001,1,921625000,0,-44,2.81638872655804,0,0,0.480091979980469,1.63,0,-5399.92822265625
100000000000000000000000,1,921625000,0,-62.5,1.74873809818963,0,0,0.480091979980469,1.63,0,-5399.92822265625
100000000000000000000004,1,921625000,0,-52,3.97607820219958,0,0,0.480091979980469,1.63,0,-5399.92822265625
100000000000000000000003,1,921625000,0,-45.5,2.63231103201176,0,0,0.480091979980469,1.63,0,-5399.92822265625
100000000000000000000001,1,921625000,0,-44.5,2.79184503395187,0,0,0.480091979980469,1.63,0,-5399.92822265625
100000000000000000000002,1,921625000,0,-42,5.82912699396544,0,0,0.480091979980469,1.63,0,-5399.92822265625
100000000000000000000004,1,921625000,0,-52.5,4.0067578179573,0,0,0.480091979980469,1.63,0,-5399.92822265625
100000000000000000000000,1,921625000,0,-62,1.77941771394734,0,0,0.480091979980469,1.63,0,-5399.92822265625
100000000000000000000002,1,921625000,0,-42,5.80458330135927,0,0,0.480091979980469,1.63,0,-5399.92822265625
100000000000000000000004,1,921625000,0,-52,3.99448597165421,0,0,0.480091979980469,1.63,0,-5399.92822265625
100000000000000000000003,1,921625000,0,-45.5,2.62617510886022,0,0,0.480091979980469,1.63,0,-5399.92822265625
100000000000000000000001,1,921625000,0,-44,2.81025280340649,0,0,0.480091979980469,1.63,0,-5399.92822265625
100000000000000000000000,1,921625000,0,-62.5,1.64442740461341,0,0,0.480091979980469,1.63,0,-5399.92822265625
100000000000000000000001,1,921625000,0,-44,2.80411688025495,0,0,0.480091979980469,1.63,0,-5399.92822265625
100000000000000000000004,1,921625000,0,-52,3.96994227904804,0,0,0.480091979980469,1.63,0,-5399.92822265625
100000000000000000000002,1,921625000,0,-42,5.82299107081389,0,0,0.480091979980469,1.63,0,-5399.92822265625
100000000000000000000000,1,921625000,0,-62,1.73646625188655,0,0,0.480091979980469,1.63,0,-5399.92822265625
100000000000000000000003,1,921625000,0,-45,2.64458287831485,0,0,0.480091979980469,1.63,0,-5399.92822265625
100000000000000000000000,1,921625000,0,-62,1.72419440558346,0,0,0.480091979980469,1.63,0,-5399.92822265625
100000000000000000000001,1,921625000,0,-44,2.81025280340649,0,0,0.480091979980469,1.63,0,-5399.92822265625
100000000000000000000002,1,921625000,0,-42,5.82299107081389,0,0,0.480091979980469,1.63,0,-5399.92822265625
100000000000000000000003,1,921625000,0,-45.5,2.6384469551633,0,0,0.480091979980469,1.63,0,-5399.92822265625
100000000000000000000004,1,921625000,0,-52,4.00062189480575,0,0,0.480091979980469,1.63,0,-5399.92822265625
100000000000000000000002,1,921625000,0,-42,5.81685514766235,0,0,0.480091979980469,1.63,0,-5399.92822265625
100000000000000000000004,1,921625000,0,-52,3.96994227904804,0,0,0.480091979980469,1.63,0,-5399.92822265625
100000000000000000000003,1,921625000,0,-45,2.62003918570868,0,0,0.480091979980469,1.63,0,-5399.92822265625
100000000000000000000001,1,921625000,0,-44.5,2.81025280340649,0,0,0.480091979980469,1.63,0,-5399.92822265625
100000000000000000000000,1,921625000,0,-62,1.72419440558346,0,0,0.480091979980469,1.63,0,-5399.92822265625
100000000000000000000002,1,921625000,0,-42,5.81685514766235,0,0,0.480091979980469,1.63,0,-5399.92822265625
100000000000000000000001,1,921625000,0,-44,2.79798095710341,0,0,0.480091979980469,1.63,0,-5399.92822265625
100000000000000000000000,1,921625000,0,-62.5,1.73646625188655,0,0,0.480091979980469,1.63,0,-5399.92822265625
100000000000000000000004,1,921625000,0,-52,3.99448597165421,0,0,0.480091979980469,1.63,0,-5399.92822265625
100000000000000000000003,1,921625000,0,-45.5,2.6384469551633,0,0,0.480091979980469,1.63,0,-5399.92822265625
100000000000000000000004,1,921625000,0,-52.5,4.00062189480575,0,0,0.480091979980469,1.63,0,-5399.92822265625
100000000000000000000001,1,921625000,0,-44,2.81025280340649,0,0,0.480091979980469,1.63,0,-5399.92822265625
100000000000000000000002,1,921625000,0,-42,5.79844737820772,0,0,0.480091979980469,1.63,0,-5399.92822265625
100000000000000000000000,1,921625000,0,-62.5,1.67510702037112,0,0,0.480091979980469,1.63,0,-5399.92822265625
100000000000000000000003,1,921625000,0,-45,2.63231103201176,0,0,0.480091979980469,1.63,0,-5399.92822265625
100000000000000000000004,1,921625000,0,-52,4.01289374110884,0,0,0.480091979980469,1.63,0,-5399.92822265625
100000000000000000000001,1,921625000,0,-44,2.81638872655804,0,0,0.480091979980469,1.63,0,-5399.92822265625
100000000000000000000000,1,921625000,0,-62,1.79782548340197,0,0,0.480091979980469,1.63,0,-5399.92822265625
100000000000000000000003,1,921625000,0,-45.5,2.63231103201176,0,0,0.480091979980469,1.63,0,-5399.92822265625
100000000000000000000002,1,921625000,0,-42,5.82299107081389,0,0,0.480091979980469,1.63,0,-5399.92822265625
100000000000000000000000,1,921625000,0,-62,1.73646625188655,0,0,0.480091979980469,1.63,0,-5399.92822265625
100000000000000000000001,1,921625000,0,-44.5,2.80411688025495,0,0,0.480091979980469,1.63,0,-5399.92822265625
100000000000000000000004,1,921625000,0,-52,3.98221412535112,0,0,0.480091979980469,1.63,0,-5399.92822265625
100000000000000000000002,1,921625000,0,-42,5.83526291711698,0,0,0.480091979980469,1.63,0,-5399.92822265625
100000000000000000000003,1,921625000,0,-45,2.6384469551633,0,0,0.480091979980469,1.63,0,-5399.92822265625
100000000000000000000001,1,921625000,0,-44.5,2.81025280340649,0,0,0.480091979980469,1.63,0,-5399.92822265625
100000000000000000000002,1,921625000,0,-42,5.81685514766235,0,0,0.480091979980469,1.63,0,-5399.92822265625
100000000000000000000000,1,921625000,0,-62,1.79168956025043,0,0,0.480091979980469,1.63,0,-5399.92822265625
100000000000000000000003,1,921625000,0,-45.5,2.64458287831485,0,0,0.480091979980469,1.63,0,-5399.92822265625
100000000000000000000004,1,921625000,0,-52,3.99448597165421,0,0,0.480091979980469,1.63,0,-5399.92822265625
100000000000000000000001,1,921625000,0,-44,2.79798095710341,0,0,0.480091979980469,1.63,0,-5399.92822265625
100000000000000000000000,1,921625000,0,-62,1.68737886667421,0,0,0.480091979980469,1.63,0,-5399.92822265625
100000000000000000000003,1,921625000,0,-45,2.6384469551633,0,0,0.480091979980469,1.63,0,-5399.92822265625
100000000000000000000002,1,921625000,0,-42,5.81071922451081,0,0,0.480091979980469,1.63,0,-5399.92822265625
100000000000000000000004,1,921625000,0,-52,4.00062189480575,0,0,0.480091979980469,1.63,0,-5399.92822265625
100000000000000000000003,1,921625000,0,-45,2.6384469551633,0,0,0.480091979980469,1.63,0,-5399.92822265625
100000000000000000000000,1,921625000,0,-62,1.7732817907958,0,0,0.480091979980469,1.63,0,-5399.92822265625
100000000000000000000001,1,921625000,0,-44,2.80411688025495,0,0,0.480091979980469,1.63,0,-5399.92822265625
100000000000000000000002,1,921625000,0,-42,5.80458330135927,0,0,0.480091979980469,1.63,0,-5399.92822265625
100000000000000000000004,1,921625000,0,-52,3.99448597165421,0,0,0.480091979980469,1.63,0,-5399.92822265625
100000000000000000000000,1,921625000,0,-62,1.62601963515878,0,0,0.480091979980469,1.63,0,-5399.92822265625
100000000000000000000004,1,921625000,0,-52.5,3.98835004850267,0,0,0.480091979980469,1.63,0,-5399.92822265625
100000000000000000000003,1,921625000,0,-45.5,2.6384469551633,0,0,0.480091979980469,1.63,0,-5399.92822265625
100000000000000000000001,1,921625000,0,-44.5,2.80411688025495,0,0,0.480091979980469,1.63,0,-5399.92822265625
100000000000000000000002,1,921625000,0,-42,5.79844737820772,0,0,0.480091979980469,1.63,0,-5399.92822265625
100000000000000000000002,1,921625000,0,-42,5.81071922451081,0,0,0.480091979980469,1.63,0,-5399.92822265625
100000000000000000000003,1,921625000,0,-45.5,2.6384469551633,0,0,0.480091979980469,1.63,0,-5399.92822265625
100000000000000000000001,1,921625000,0,-44.5,2.81025280340649,0,0,0.480091979980469,1.63,0,-5399.92822265625
100000000000000000000000,1,921625000,0,-62,1.72419440558346,0,0,0.480091979980469,1.63,0,-5399.92822265625
100000000000000000000004,1,921625000,0,-52.5,3.96994227904804,0,0,0.480091979980469,1.63,0,-5399.92822265625
100000000000000000000002,1,921625000,0,-42,5.80458330135927,0,0,0.480091979980469,1.63,0,-5399.92822265625
100000000000000000000003,1,921625000,0,-45.5,2.64458287831485,0,0,0.480091979980469,1.63,0,-5399.92822265625
100000000000000000000000,1,921625000,0,-61.5,1.72419440558346,0,0,0.480091979980469,1.63,0,-5399.92822265625
100000000000000000000004,1,921625000,0,-52,3.98835004850267,0,0,0.480091979980469,1.63,0,-5399.92822265625
100000000000000000000001,1,921625000,0,-44,2.80411688025495,0,0,0.480091979980469,1.63,0,-5399.92822265625
100000000000000000000000,1,921625000,0,-62,1.71192255928038,0,0,0.480091979980469,1.63,0,-5399.92822265625
100000000000000000000003,1,921625000,0,-45,2.62617510886022,0,0,0.480091979980469,1.63,0,-5399.92822265625
100000000000000000000001,1,921625000,0,-44.5,2.80411688025495,0,0,0.480091979980469,1.63,0,-5399.92822265625
100000000000000000000004,1,921625000,0,-52.5,3.95767043274495,0,0,0.480091979980469,1.63,0,-5399.92822265625
100000000000000000000002,1,921625000,0,-42,5.81071922451081,0,0,0.480091979980469,1.63,0,-5399.92822265625
100000000000000000000000,1,921625000,0,-62,1.70578663612883,0,0,0.480091979980469,1.63,0,-5399.92822265625
100000000000000000000002,1,921625000,0,-42,5.79844737820772,0,0,0.480091979980469,1.63,0,-5399.92822265625
100000000000000000000003,1,921625000,0,-45.5,2.62617510886022,0,0,0.480091979980469,1.63,0,-5399.92822265625
100000000000000000000004,1,921625000,0,-52,3.99448597165421,0,0,0.480091979980469,1.63,0,-5399.92822265625
100000000000000000000001,1,921625000,0,-44,2.81638872655804,0,0,0.480091979980469,1.63,0,-5399.92822265625
100000000000000000000003,1,921625000,0,-45,2.6384469551633,0,0,0.480091979980469,1.63,0,-5399.92822265625
100000000000000000000004,1,921625000,0,-52,3.95767043274495,0,0,0.480091979980469,1.63,0,-5399.92822265625
100000000000000000000000,1,921625000,0,-62,1.75487402134117,0,0,0.480091979980469,1.63,0,-5399.92822265625
100000000000000000000002,1,921625000,0,-42,5.79231145505618,0,0,0.480091979980469,1.63,0,-5399.92822265625
100000000000000000000001,1,921625000,0,-44.5,2.81025280340649,0,0,0.480091979980469,1.63,0,-5399.92822265625
100000000000000000000000,1,921625000,0,-62,1.72419440558346,0,0,0.480091979980469,1.63,0,-5399.92822265625
100000000000000000000001,1,921625000,0,-44.5,2.81025280340649,0,0,0.480091979980469,1.63,0,-5399.92822265625
100000000000000000000003,1,921625000,0,-45.5,2.62003918570868,0,0,0.480091979980469,1.63,0,-5399.92822265625
100000000000000000000004,1,921625000,0,-52,3.99448597165421,0,0,0.480091979980469,1.63,0,-5399.92822265625
100000000000000000000002,1,921625000,0,-42,5.81685514766235,0,0,0.480091979980469,1.63,0,-5399.92822265625
100000000000000000000002,1,921625000,0,-42,5.81685514766235,0,0,0.480091979980469,1.63,0,-5399.92822265625
100000000000000000000004,1,921625000,0,-52,3.96994227904804,0,0,0.480091979980469,1.63,0,-5399.92822265625
100000000000000000000003,1,921625000,0,-45.5,2.63231103201176,0,0,0.480091979980469,1.63,0,-5399.92822265625
100000000000000000000001,1,921625000,0,-44,2.80411688025495,0,0,0.480091979980469,1.63,0,-5399.92822265625
100000000000000000000000,1,921625000,0,-62,1.76100994449272,0,0,0.480091979980469,1.63,0,-5399.92822265625
100000000000000000000001,1,921625000,0,-44,2.81638872655804,0,0,0.480091979980469,1.63,0,-5399.92822265625
100000000000000000000000,1,921625000,0,-62.5,1.82236917600814,0,0,0.480091979980469,1.63,0,-5399.92822265625
100000000000000000000002,1,921625000,0,-42,5.80458330135927,0,0,0.480091979980469,1.63,0,-5399.92822265625
100000000000000000000003,1,921625000,0,-45,2.63231103201176,0,0,0.480091979980469,1.63,0,-5399.92822265625
100000000000000000000004,1,921625000,0,-52.5,4.03130151056346,0,0,0.480091979980469,1.63,0,-5399.92822265625
100000000000000000000004,1,921625000,0,-52,3.9638063558965,0,0,0.480091979980469,1.63,0,-5399.92822265625
100000000000000000000003,1,921625000,0,-45,2.6384469551633,0,0,0.480091979980469,1.63,0,-5399.92822265625
100000000000000000000000,1,921625000,0,-62,1.72419440558346,0,0,0.480091979980469,1.63,0,-5399.92822265625
100000000000000000000001,1,921625000,0,-44.5,2.79798095710341,0,0,0.480091979980469,1.63,0,-5399.92822265625
100000000000000000000002,1,921625000,0,-42,5.80458330135927,0,0,0.480091979980469,1.63,0,-5399.92822265625
100000000000000000000003,1,921625000,0,-45.5,2.63231103201176,0,0,0.480091979980469,1.63,0,-5399.92822265625
100000000000000000000004,1,921625000,0,-52,3.95767043274495,0,0,0.480091979980469,1.63,0,-5399.92822265625
100000000000000000000002,1,921625000,0,-42,5.82912699396544,0,0,0.480091979980469,1.63,0,-5399.92822265625
100000000000000000000001,1,921625000,0,-44.5,2.81025280340649,0,0,0.480091979980469,1.63,0,-5399.92822265625
100000000000000000000000,1,921625000,0,-62.5,1.74873809818963,0,0,0.480091979980469,1.63,0,-5399.92822265625
100000000000000000000004,1,921625000,0,-52,4.01289374110884,0,0,0.480091979980469,1.63,0,-5399.92822265625
100000000000000000000002,1,921625000,0,-42,5.82299107081389,0,0,0.480091979980469,1.63,0,-5399.92822265625
100000000000000000000000,1,921625000,0,-62,1.81009732970506,0,0,0.480091979980469,1.63,0,-5399.92822265625
100000000000000000000001,1,921625000,0,-44,2.81025280340649,0,0,0.480091979980469,1.63,0,-5399.92822265625
100000000000000000000003,1,921625000,0,-45,2.64458287831485,0,0,0.480091979980469,1.63,0,-5399.92822265625
100000000000000000000001,1,921625000,0,-44,2.78570911080032,0,0,0.480091979980469,1.63,0,-5399.92822265625
100000000000000000000000,1,921625000,0,-62.5,1.74873809818963,0,0,0.480091979980469,1.63,0,-5399.92822265625
100000000000000000000002,1,921625000,0,-42,5.80458330135927,0,0,0.480091979980469,1.63,0,-5399.92822265625
100000000000000000000003,1,921625000,0,-45.5,2.62003918570868,0,0,0.480091979980469,1.63,0,-5399.92822265625
100000000000000000000004,1,921625000,0,-52,4.0067578179573,0,0,0.480091979980469,1.63,0,-5399.92822265625
100000000000000000000004,1,921625000,0,-52,3.99448597165421,0,0,0.480091979980469,1.63,0,-5399.92822265625
100000000000000000000002,1,921625000,0,-42,5.82299107081389,0,0,0.480091979980469,1.63,0,-5399.92822265625
100000000000000000000003,1,921625000,0,-45,2.63231103201176,0,0,0.480091979980469,1.63,0,-5399.92822265625
100000000000000000000001,1,921625000,0,-44,2.79184503395187,0,0,0.480091979980469,1.63,0,-5399.92822265625
100000000000000000000000,1,921625000,0,-61.5,1.74873809818963,0,0,0.480091979980469,1.63,0,-5399.92822265625
100000000000000000000002,1,921625000,0,-42,5.80458330135927,0,0,0.480091979980469,1.63,0,-5399.92822265625
100000000000000000000004,1,921625000,0,-52,3.98221412535112,0,0,0.480091979980469,1.63,0,-5399.92822265625
100000000000000000000000,1,921625000,0,-62,1.73646625188655,0,0,0.480091979980469,1.63,0,-5399.92822265625
100000000000000000000001,1,921625000,0,-44.5,2.80411688025495,0,0,0.480091979980469,1.63,0,-5399.92822265625
100000000000000000000003,1,921625000,0,-45.5,2.63231103201176,0,0,0.480091979980469,1.63,0,-5399.92822265625
100000000000000000000002,1,921625000,0,-42,5.81071922451081,0,0,0.480091979980469,1.63,0,-5399.92822265625
100000000000000000000000,1,921625000,0,-62.5,1.78555363709889,0,0,0.480091979980469,1.63,0,-5399.92822265625
100000000000000000000001,1,921625000,0,-44,2.81638872655804,0,0,0.480091979980469,1.63,0,-5399.92822265625
100000000000000000000004,1,921625000,0,-52,4.0067578179573,0,0,0.480091979980469,1.63,0,-5399.92822265625
100000000000000000000003,1,921625000,0,-45.5,2.62003918570868,0,0,0.480091979980469,1.63,0,-5399.92822265625
100000000000000000000001,1,921625000,0,-44,2.79184503395187,0,0,0.480091979980469,1.63,0,-5399.92822265625
100000000000000000000003,1,921625000,0,-45,2.64458287831485,0,0,0.480091979980469,1.63,0,-5399.92822265625
100000000000000000000004,1,921625000,0,-52,3.96994227904804,0,0,0.480091979980469,1.63,0,-5399.92822265625
100000000000000000000002,1,921625000,0,-42,5.81685514766235,0,0,0.480091979980469,1.63,0,-5399.92822265625
100000000000000000000000,1,921625000,0,-62,1.65669925091649,0,0,0.480091979980469,1.63,0,-5399.92822265625
100000000000000000000001,1,921625000,0,-44.5,2.81025280340649,0,0,0.480091979980469,1.63,0,-5399.92822265625
100000000000000000000003,1,921625000,0,-45.5,2.64458287831485,0,0,0.480091979980469,1.63,0,-5399.92822265625
100000000000000000000004,1,921625000,0,-52.5,4.00062189480575,0,0,0.480091979980469,1.63,0,-5399.92822265625
100000000000000000000002,1,921625000,0,-42,5.81685514766235,0,0,0.480091979980469,1.63,0,-5399.92822265625
100000000000000000000000,1,921625000,0,-62,1.88986433067511,0,0,0.480091979980469,1.63,0,-5399.92822265625
100000000000000000000002,1,921625000,0,-42,5.83526291711698,0,0,0.480091979980469,1.63,0,-5399.92822265625
100000000000000000000003,1,921625000,0,-45.5,2.62617510886022,0,0,0.480091979980469,1.63,0,-5399.92822265625
100000000000000000000004,1,921625000,0,-52,3.97607820219958,0,0,0.480091979980469,1.63,0,-5399.92822265625
100000000000000000000000,1,921625000,0,-61.5,1.75487402134117,0,0,0.480091979980469,1.63,0,-5399.92822265625
100000000000000000000001,1,921625000,0,-44.5,2.79184503395187,0,0,0.480091979980469,1.63,0,-5399.92822265625
100000000000000000000003,1,921625000,0,-45,2.63231103201176,0,0,0.480091979980469,1.63,0,-5399.92822265625
100000000000000000000004,1,921625000,0,-52.5,3.98221412535112,0,0,0.480091979980469,1.63,0,-5399.92822265625
100000000000000000000002,1,921625000,0,-42,5.83526291711698,0,0,0.480091979980469,1.63,0,-5399.92822265625
100000000000000000000000,1,921625000,0,-62,1.68737886667421,0,0,0.480091979980469,1.63,0,-5399.92822265625
100000000000000000000001,1,921625000,0,-44,2.80411688025495,0,0,0.480091979980469,1.63,0,-5399.92822265625
100000000000000000000000,1,921625000,0,-62,1.76714586764426,0,0,0.480091979980469,1.63,0,-5399.92822265625
100000000000000000000002,1,921625000,0,-42,5.81071922451081,0,0,0.480091979980469,1.63,0,-5399.92822265625
100000000000000000000003,1,921625000,0,-45.5,2.63231103201176,0,0,0.480091979980469,1.63,0,-5399.92822265625
100000000000000000000004,1,921625000,0,-52,4.01902966426038,0,0,0.480091979980469,1.63,0,-5399.92822265625
100000000000000000000001,1,921625000,0,-44,2.79798095710341,0,0,0.480091979980469,1.63,0,-5399.92822265625
100000000000000000000000,1,921625000,0,-62.5,1.730330328735,0,0,0.480091979980469,1.63,0,-5399.92822265625
100000000000000000000002,1,921625000,0,-42,5.82912699396544,0,0,0.480091979980469,1.63,0,-5399.92822265625
100000000000000000000001,1,921625000,0,-44,2.80411688025495,0,0,0.480091979980469,1.63,0,-5399.92822265625
100000000000000000000003,1,921625000,0,-45.5,2.63231103201176,0,0,0.480091979980469,1.63,0,-5399.92822265625
100000000000000000000004,1,921625000,0,-52,3.99448597165421,0,0,0.480091979980469,1.63,0,-5399.92822265625
100000000000000000000003,1,921625000,0,-45.5,2.63231103201176,0,0,0.480091979980469,1.63,0,-5399.92822265625
100000000000000000000001,1,921625000,0,-44.5,2.79184503395187,0,0,0.480091979980469,1.63,0,-5399.92822265625
100000000000000000000004,1,921625000,0,-52,4.00062189480575,0,0,0.480091979980469,1.63,0,-5399.92822265625
100000000000000000000000,1,921625000,0,-62,1.730330328735,0,0,0.480091979980469,1.63,0,-5399.92822265625
100000000000000000000002,1,921625000,0,-42,5.79844737820772,0,0,0.480091979980469,1.63,0,-5399.92822265625
100000000000000000000002,1,921625000,0,-42,5.81071922451081,0,0,0.480091979980469,1.63,0,-5399.92822265625
100000000000000000000004,1,921625000,0,-52,4.01289374110884,0,0,0.480091979980469,1.63,0,-5399.92822265625
100000000000000000000001,1,921625000,0,-44,2.78570911080032,0,0,0.480091979980469,1.63,0,-5399.92822265625
100000000000000000000003,1,921625000,0,-45.5,2.62617510886022,0,0,0.480091979980469,1.63,0,-5399.92822265625
100000000000000000000000,1,921625000,0,-62,1.69965071297729,0,0,0.480091979980469,1.63,0,-5399.92822265625
100000000000000000000003,1,921625000,0,-45.5,2.6384469551633,0,0,0.480091979980469,1.63,0,-5399.92822265625
100000000000000000000004,1,921625000,0,-52,3.98835004850267,0,0,0.480091979980469,1.63,0,-5399.92822265625
100000000000000000000002,1,921625000,0,-42,5.83526291711698,0,0,0.480091979980469,1.63,0,-5399.92822265625
100000000000000000000000,1,921625000,0,-62,1.7732817907958,0,0,0.480091979980469,1.63,0,-5399.92822265625
100000000000000000000001,1,921625000,0,-44,2.79798095710341,0,0,0.480091979980469,1.63,0,-5399.92822265625
100000000000000000000000,1,921625000,0,-62.5,1.730330328735,0,0,0.480091979980469,1.63,0,-5399.92822265625
100000000000000000000004,1,921625000,0,-52,3.97607820219958,0,0,0.480091979980469,1.63,0,-5399.92822265625
100000000000000000000003,1,921625000,0,-45.5,2.6384469551633,0,0,0.480091979980469,1.63,0,-5399.92822265625
100000000000000000000001,1,921625000,0,-44.5,2.81025280340649,0,0,0.480091979980469,1.63,0,-5399.92822265625
100000000000000000000002,1,921625000,0,-42,5.81071922451081,0,0,0.480091979980469,1.63,0,-5399.92822265625
100000000000000000000001,1,921625000,0,-44,2.79798095710341,0,0,0.480091979980469,1.63,0,-5399.92822265625
100000000000000000000002,1,921625000,0,-42,5.82299107081389,0,0,0.480091979980469,1.63,0,-5399.92822265625
100000000000000000000004,1,921625000,0,-52.5,3.99448597165421,0,0,0.480091979980469,1.63,0,-5399.92822265625
100000000000000000000000,1,921625000,0,-61.5,1.79782548340197,0,0,0.480091979980469,1.63,0,-5399.92822265625
100000000000000000000003,1,921625000,0,-45.5,2.62617510886022,0,0,0.480091979980469,1.63,0,-5399.92822265625
100000000000000000000004,1,921625000,0,-52.5,3.93926266329033,0,0,0.480091979980469,1.63,0,-5399.92822265625
100000000000000000000002,1,921625000,0,-42,5.82299107081389,0,0,0.480091979980469,1.63,0,-5399.92822265625
100000000000000000000001,1,921625000,0,-44,2.80411688025495,0,0,0.480091979980469,1.63,0,-5399.92822265625
100000000000000000000003,1,921625000,0,-45.5,2.61390326255713,0,0,0.480091979980469,1.63,0,-5399.92822265625
100000000000000000000000,1,921625000,0,-62,1.730330328735,0,0,0.480091979980469,1.63,0,-5399.92822265625
100000000000000000000001,1,921625000,0,-44.5,2.81025280340649,0,0,0.480091979980469,1.63,0,-5399.92822265625
100000000000000000000004,1,921625000,0,-52,3.99448597165421,0,0,0.480091979980469,1.63,0,-5399.92822265625
100000000000000000000000,1,921625000,0,-62.5,1.79168956025043,0,0,0.480091979980469,1.63,0,-5399.92822265625
100000000000000000000003,1,921625000,0,-45,2.63231103201176,0,0,0.480091979980469,1.63,0,-5399.92822265625
100000000000000000000002,1,921625000,0,-42,5.81685514766235,0,0,0.480091979980469,1.63,0,-5399.92822265625
100000000000000000000002,1,921625000,0,-42,5.81071922451081,0,0,0.480091979980469,1.63,0,-5399.92822265625
100000000000000000000004,1,921625000,0,-52,3.96994227904804,0,0,0.480091979980469,1.63,0,-5399.92822265625
100000000000000000000003,1,921625000,0,-45.5,2.62003918570868,0,0,0.480091979980469,1.63,0,-5399.92822265625
100000000000000000000001,1,921625000,0,-44,2.81025280340649,0,0,0.480091979980469,1.63,0,-5399.92822265625
100000000000000000000000,1,921625000,0,-62,1.79168956025043,0,0,0.480091979980469,1.63,0,-5399.92822265625
100000000000000000000002,1,921625000,0,-42,5.80458330135927,0,0,0.480091979980469,1.63,0,-5399.92822265625
100000000000000000000001,1,921625000,0,-44.5,2.79184503395187,0,0,0.480091979980469,1.63,0,-5399.92822265625
100000000000000000000004,1,921625000,0,-52,3.96994227904804,0,0,0.480091979980469,1.63,0,-5399.92822265625
100000000000000000000003,1,921625000,0,-45.5,2.62003918570868,0,0,0.480091979980469,1.63,0,-5399.92822265625
100000000000000000000000,1,921625000,0,-61.5,1.77941771394734,0,0,0.480091979980469,1.63,0,-5399.92822265625
100000000000000000000003,1,921625000,0,-45.5,2.61390326255713,0,0,0.480091979980469,1.63,0,-5399.92822265625
100000000000000000000004,1,921625000,0,-52.5,3.98835004850267,0,0,0.480091979980469,1.63,0,-5399.92822265625
100000000000000000000000,1,921625000,0,-62,1.80396140655351,0,0,0.480091979980469,1.63,0,-5399.92822265625
100000000000000000000001,1,921625000,0,-44,2.81025280340649,0,0,0.480091979980469,1.63,0,-5399.92822265625
100000000000000000000002,1,921625000,0,-42,5.79844737820772,0,0,0.480091979980469,1.63,0,-5399.92822265625
100000000000000000000001,1,921625000,0,-44,2.81025280340649,0,0,0.480091979980469,1.63,0,-5399.92822265625
100000000000000000000003,1,921625000,0,-45.5,2.6384469551633,0,0,0.480091979980469,1.63,0,-5399.92822265625
100000000000000000000002,1,921625000,0,-42,5.79844737820772,0,0,0.480091979980469,1.63,0,-5399.92822265625
100000000000000000000000,1,921625000,0,-62.5,1.72419440558346,0,0,0.480091979980469,1.63,0,-5399.92822265625
100000000000000000000004,1,921625000,0,-52,3.98835004850267,0,0,0.480091979980469,1.63,0,-5399.92822265625
100000000000000000000002,1,921625000,0,-42,5.80458330135927,0,0,0.480091979980469,1.63,0,-5399.92822265625
100000000000000000000004,1,921625000,0,-52.5,3.96994227904804,0,0,0.480091979980469,1.63,0,-5399.92822265625
100000000000000000000000,1,921625000,0,-62,1.72419440558346,0,0,0.480091979980469,1.63,0,-5399.92822265625
100000000000000000000003,1,921625000,0,-45.5,2.63231103201176,0,0,0.480091979980469,1.63,0,-5399.92822265625
100000000000000000000001,1,921625000,0,-44,2.80411688025495,0,0,0.480091979980469,1.63,0,-5399.92822265625
100000000000000000000000,1,921625000,0,-62,1.66283517406803,0,0,0.480091979980469,1.63,0,-5399.92822265625
100000000000000000000003,1,921625000,0,-45.5,2.62003918570868,0,0,0.480091979980469,1.63,0,-5399.92822265625
100000000000000000000001,1,921625000,0,-44,2.81638872655804,0,0,0.480091979980469,1.63,0,-5399.92822265625
100000000000000000000002,1,921625000,0,-42,5.82912699396544,0,0,0.480091979980469,1.63,0,-5399.92822265625
100000000000000000000004,1,921625000,0,-52,3.93312674013878,0,0,0.480091979980469,1.63,0,-5399.92822265625
100000000000000000000000,1,921625000,0,-62.5,1.78555363709889,0,0,0.480091979980469,1.63,0,-5399.92822265625
100000000000000000000002,1,921625000,0,-42,5.82912699396544,0,0,0.480091979980469,1.63,0,-5399.92822265625
100000000000000000000004,1,921625000,0,-52,3.99448597165421,0,0,0.480091979980469,1.63,0,-5399.92822265625
100000000000000000000001,1,921625000,0,-44.5,2.81638872655804,0,0,0.480091979980469,1.63,0,-5399.92822265625
100000000000000000000003,1,921625000,0,-45,2.62003918570868,0,0,0.480091979980469,1.63,0,-5399.92822265625
100000000000000000000003,1,921625000,0,-45.5,2.6384469551633,0,0,0.480091979980469,1.63,0,-5399.92822265625
100000000000000000000000,1,921625000,0,-62.5,1.69351478982575,0,0,0.480091979980469,1.63,0,-5399.92822265625
100000000000000000000001,1,921625000,0,-44,2.81025280340649,0,0,0.480091979980469,1.63,0,-5399.92822265625
100000000000000000000004,1,921625000,0,-52,4.00062189480575,0,0,0.480091979980469,1.63,0,-5399.92822265625
100000000000000000000002,1,921625000,0,-42,5.82299107081389,0,0,0.480091979980469,1.63,0,-5399.92822265625
100000000000000000000003,1,921625000,0,-45,2.63231103201176,0,0,0.480091979980469,1.63,0,-5399.92822265625
100000000000000000000002,1,921625000,0,-42,5.81685514766235,0,0,0.480091979980469,1.63,0,-5399.92822265625
100000000000000000000001,1,921625000,0,-44,2.80411688025495,0,0,0.480091979980469,1.63,0,-5399.92822265625
100000000000000000000004,1,921625000,0,-52.5,3.99448597165421,0,0,0.480091979980469,1.63,0,-5399.92822265625
100000000000000000000000,1,921625000,0,-62,1.74873809818963,0,0,0.480091979980469,1.63,0,-5399.92822265625
100000000000000000000002,1,921625000,0,-42,5.80458330135927,0,0,0.480091979980469,1.63,0,-5399.92822265625
100000000000000000000000,1,921625000,0,-62,1.72419440558346,0,0,0.480091979980469,1.63,0,-5399.92822265625
100000000000000000000001,1,921625000,0,-44,2.81025280340649,0,0,0.480091979980469,1.63,0,-5399.92822265625
100000000000000000000004,1,921625000,0,-52,4.01289374110884,0,0,0.480091979980469,1.63,0,-5399.92822265625
100000000000000000000003,1,921625000,0,-45,2.64458287831485,0,0,0.480091979980469,1.63,0,-5399.92822265625
100000000000000000000000,1,921625000,0,-62,1.74260217503809,0,0,0.480091979980469,1.63,0,-5399.92822265625
100000000000000000000004,1,921625000,0,-52,3.98835004850267,0,0,0.480091979980469,1.63,0,-5399.92822265625
100000000000000000000002,1,921625000,0,-42,5.82299107081389,0,0,0.480091979980469,1.63,0,-5399.92822265625
100000000000000000000001,1,921625000,0,-44,2.81638872655804,0,0,0.480091979980469,1.63,0,-5399.92822265625
100000000000000000000003,1,921625000,0,-45,2.63231103201176,0,0,0.480091979980469,1.63,0,-5399.92822265625
100000000000000000000003,1,921625000,0,-45.5,2.62617510886022,0,0,0.480091979980469,1.63,0,-5399.92822265625
100000000000000000000004,1,921625000,0,-52.5,3.97607820219958,0,0,0.480091979980469,1.63,0,-5399.92822265625
100000000000000000000002,1,921625000,0,-42,5.82299107081389,0,0,0.480091979980469,1.63,0,-5399.92822265625
100000000000000000000000,1,921625000,0,-62,1.73646625188655,0,0,0.480091979980469,1.63,0,-5399.92822265625
100000000000000000000001,1,921625000,0,-44.5,2.79798095710341,0,0,0.480091979980469,1.63,0,-5399.92822265625
100000000000000000000000,1,921625000,0,-62,1.79782548340197,0,0,0.480091979980469,1.63,0,-5399.92822265625
100000000000000000000002,1,921625000,0,-42,5.82912699396544,0,0,0.480091979980469,1.63,0,-5399.92822265625
100000000000000000000004,1,921625000,0,-52,4.01902966426038,0,0,0.480091979980469,1.63,0,-5399.92822265625
100000000000000000000001,1,921625000,0,-44,2.81025280340649,0,0,0.480091979980469,1.63,0,-5399.92822265625
100000000000000000000003,1,921625000,0,-45.5,2.60776733940559,0,0,0.480091979980469,1.63,0,-5399.92822265625
100000000000000000000003,1,921625000,0,-45.5,2.60776733940559,0,0,0.480091979980469,1.63,0,-5399.92822265625
100000000000000000000002,1,921625000,0,-42,5.79844737820772,0,0,0.480091979980469,1.63,0,-5399.92822265625
100000000000000000000001,1,921625000,0,-44,2.78570911080032,0,0,0.480091979980469,1.63,0,-5399.92822265625
100000000000000000000004,1,921625000,0,-52,4.00062189480575,0,0,0.480091979980469,1.63,0,-5399.92822265625
100000000000000000000000,1,921625000,0,-62,1.74873809818963,0,0,0.480091979980469,1.63,0,-5399.92822265625
100000000000000000000000,1,921625000,0,-62,1.71192255928038,0,0,0.480091979980469,1.63,0,-5399.92822265625
100000000000000000000003,1,921625000,0,-45,2.62617510886022,0,0,0.480091979980469,1.63,0,-5399.92822265625
100000000000000000000004,1,921625000,0,-52,3.95767043274495,0,0,0.480091979980469,1.63,0,-5399.92822265625
100000000000000000000002,1,921625000,0,-42,5.80458330135927,0,0,0.480091979980469,1.63,0,-5399.92822265625
100000000000000000000001,1,921625000,0,-44,2.80411688025495,0,0,0.480091979980469,1.63,0,-5399.92822265625
100000000000000000000003,1,921625000,0,-45,2.62617510886022,0,0,0.480091979980469,1.63,0,-5399.92822265625
100000000000000000000002,1,921625000,0,-42,5.81685514766235,0,0,0.480091979980469,1.63,0,-5399.92822265625
100000000000000000000004,1,921625000,0,-52,3.97607820219958,0,0,0.480091979980469,1.63,0,-5399.92822265625
100000000000000000000001,1,921625000,0,-44,2.81025280340649,0,0,0.480091979980469,1.63,0,-5399.92822265625
100000000000000000000000,1,921625000,0,-62,1.73646625188655,0,0,0.480091979980469,1.63,0,-5399.92822265625
100000000000000000000004,1,921625000,0,-52,3.98221412535112,0,0,0.480091979980469,1.63,0,-5399.92822265625
100000000000000000000003,1,921625000,0,-45.5,2.6384469551633,0,0,0.480091979980469,1.63,0,-5399.92822265625
100000000000000000000002,1,921625000,0,-42,5.82912699396544,0,0,0.480091979980469,1.63,0,-5399.92822265625
100000000000000000000001,1,921625000,0,-44,2.81638872655804,0,0,0.480091979980469,1.63,0,-5399.92822265625
100000000000000000000000,1,921625000,0,-62,1.730330328735,0,0,0.480091979980469,1.63,0,-5399.92822265625
100000000000000000000004,1,921625000,0,-52,3.99448597165421,0,0,0.480091979980469,1.63,0,-5399.92822265625
100000000000000000000003,1,921625000,0,-45,2.63231103201176,0,0,0.480091979980469,1.63,0,-5399.92822265625
100000000000000000000001,1,921625000,0,-44,2.79184503395187,0,0,0.480091979980469,1.63,0,-5399.92822265625
100000000000000000000002,1,921625000,0,-42,5.83526291711698,0,0,0.480091979980469,1.63,0,-5399.92822265625
100000000000000000000000,1,921625000,0,-62,1.74260217503809,0,0,0.480091979980469,1.63,0,-5399.92822265625
100000000000000000000000,1,921625000,0,-62,1.79782548340197,0,0,0.480091979980469,1.63,0,-5399.92822265625
100000000000000000000001,1,921625000,0,-44,2.82252464970958,0,0,0.480091979980469,1.63,0,-5399.92822265625
100000000000000000000002,1,921625000,0,-42,5.81071922451081,0,0,0.480091979980469,1.63,0,-5399.92822265625
100000000000000000000004,1,921625000,0,-52,3.99448597165421,0,0,0.480091979980469,1.63,0,-5399.92822265625
100000000000000000000003,1,921625000,0,-45,2.62617510886022,0,0,0.480091979980469,1.63,0,-5399.92822265625
100000000000000000000001,1,921625000,0,-44,2.80411688025495,0,0,0.480091979980469,1.63,0,-5399.92822265625
100000000000000000000003,1,921625000,0,-45,2.6384469551633,0,0,0.480091979980469,1.63,0,-5399.92822265625
100000000000000000000004,1,921625000,0,-52,3.98221412535112,0,0,0.480091979980469,1.63,0,-5399.92822265625
100000000000000000000002,1,921625000,0,-42,5.80458330135927,0,0,0.480091979980469,1.63,0,-5399.92822265625
100000000000000000000000,1,921625000,0,-62.5,1.75487402134117,0,0,0.480091979980469,1.63,0,-5399.92822265625
100000000000000000000000,1,921625000,0,-62,1.75487402134117,0,0,0.480091979980469,1.63,0,-5399.92822265625
100000000000000000000001,1,921625000,0,-44,2.79798095710341,0,0,0.480091979980469,1.63,0,-5399.92822265625
100000000000000000000002,1,921625000,0,-42,5.80458330135927,0,0,0.480091979980469,1.63,0,-5399.92822265625
100000000000000000000003,1,921625000,0,-45.5,2.63231103201176,0,0,0.480091979980469,1.63,0,-5399.92822265625
100000000000000000000004,1,921625000,0,-52,3.98221412535112,0,0,0.480091979980469,1.63,0,-5399.92822265625
100000000000000000000002,1,921625000,0,-42,5.82912699396544,0,0,0.480091979980469,1.63,0,-5399.92822265625
100000000000000000000001,1,921625000,0,-44,2.81638872655804,0,0,0.480091979980469,1.63,0,-5399.92822265625
100000000000000000000000,1,921625000,0,-62,1.76714586764426,0,0,0.480091979980469,1.63,0,-5399.92822265625
100000000000000000000003,1,921625000,0,-45.5,2.62617510886022,0,0,0.480091979980469,1.63,0,-5399.92822265625
100000000000000000000004,1,921625000,0,-52,3.98835004850267,0,0,0.480091979980469,1.63,0,-5399.92822265625
100000000000000000000004,1,921625000,0,-52,3.98835004850267,0,0,0.480091979980469,1.63,0,-5399.92822265625
100000000000000000000002,1,921625000,0,-42,5.80458330135927,0,0,0.480091979980469,1.63,0,-5399.92822265625
100000000000000000000000,1,921625000,0,-62,1.72419440558346,0,0,0.480091979980469,1.63,0,-5399.92822265625
100000000000000000000003,1,921625000,0,-45.5,2.62617510886022,0,0,0.480091979980469,1.63,0,-5399.92822265625
100000000000000000000001,1,921625000,0,-44,2.80411688025495,0,0,0.480091979980469,1.63,0,-5399.92822265625
100000000000000000000004,1,921625000,0,-52.5,3.99448597165421,0,0,0.480091979980469,1.63,0,-5399.92822265625
100000000000000000000003,1,921625000,0,-45.5,2.6384469551633,0,0,0.480091979980469,1.63,0,-5399.92822265625
100000000000000000000000,1,921625000,0,-62,1.80396140655351,0,0,0.480091979980469,1.63,0,-5399.92822265625
100000000000000000000002,1,921625000,0,-42,5.82912699396544,0,0,0.480091979980469,1.63,0,-5399.92822265625
100000000000000000000001,1,921625000,0,-44,2.80411688025495,0,0,0.480091979980469,1.63,0,-5399.92822265625
100000000000000000000001,1,921625000,0,-44,2.79798095710341,0,0,0.480091979980469,1.63,0,-5399.92822265625
100000000000000000000003,1,921625000,0,-45.5,2.63231103201176,0,0,0.480091979980469,1.63,0,-5399.92822265625
100000000000000000000002,1,921625000,0,-42,5.81071922451081,0,0,0.480091979980469,1.63,0,-5399.92822265625
100000000000000000000004,1,921625000,0,-52,3.98221412535112,0,0,0.480091979980469,1.63,0,-5399.92822265625
100000000000000000000000,1,921625000,0,-62,1.75487402134117,0,0,0.480091979980469,1.63,0,-5399.92822265625
100000000000000000000002,1,921625000,0,-42,5.79844737820772,0,0,0.480091979980469,1.63,0,-5399.92822265625
100000000000000000000001,1,921625000,0,-44.5,2.78570911080032,0,0,0.480091979980469,1.63,0,-5399.92822265625
100000000000000000000004,1,921625000,0,-52,3.98221412535112,0,0,0.480091979980469,1.63,0,-5399.92822265625
100000000000000000000000,1,921625000,0,-61.5,1.69351478982575,0,0,0.480091979980469,1.63,0,-5399.92822265625
100000000000000000000003,1,921625000,0,-45.5,2.61390326255713,0,0,0.480091979980469,1.63,0,-5399.92822265625
100000000000000000000001,1,921625000,0,-44,2.79184503395187,0,0,0.480091979980469,1.63,0,-5399.92822265625
100000000000000000000004,1,921625000,0,-52,3.95153450959341,0,0,0.480091979980469,1.63,0,-5399.92822265625
100000000000000000000000,1,921625000,0,-62.5,1.76100994449272,0,0,0.480091979980469,1.63,0,-5399.92822265625
100000000000000000000002,1,921625000,0,-42,5.79844737820772,0,0,0.480091979980469,1.63,0,-5399.92822265625
100000000000000000000003,1,921625000,0,-45.5,2.62003918570868,0,0,0.480091979980469,1.63,0,-5399.92822265625
100000000000000000000004,1,921625000,0,-52,4.01902966426038,0,0,0.480091979980469,1.63,0,-5399.92822265625
100000000000000000000001,1,921625000,0,-44,2.81025280340649,0,0,0.480091979980469,1.63,0,-5399.92822265625
100000000000000000000000,1,921625000,0,-62,1.71805848243192,0,0,0.480091979980469,1.63,0,-5399.92822265625
100000000000000000000002,1,921625000,0,-42,5.81071922451081,0,0,0.480091979980469,1.63,0,-5399.92822265625
100000000000000000000003,1,921625000,0,-45,2.61390326255713,0,0,0.480091979980469,1.63,0,-5399.92822265625
100000000000000000000002,1,921625000,0,-42,5.81685514766235,0,0,0.480091979980469,1.63,0,-5399.92822265625
100000000000000000000000,1,921625000,0,-62,1.68124294352266,0,0,0.480091979980469,1.63,0,-5399.92822265625
100000000000000000000003,1,921625000,0,-45,2.62617510886022,0,0,0.480091979980469,1.63,0,-5399.92822265625
100000000000000000000001,1,921625000,0,-44.5,2.81025280340649,0,0,0.480091979980469,1.63,0,-5399.92822265625
100000000000000000000004,1,921625000,0,-52.5,3.92699081698724,0,0,0.480091979980469,1.63,0,-5399.92822265625
100000000000000000000002,1,921625000,0,-42,5.78617553190464,0,0,0.480091979980469,1.63,0,-5399.92822265625
100000000000000000000004,1,921625000,0,-52,3.99448597165421,0,0,0.480091979980469,1.63,0,-5399.92822265625
100000000000000000000001,1,921625000,0,-44,2.79798095710341,0,0,0.480091979980469,1.63,0,-5399.92822265625
100000000000000000000003,1,921625000,0,-45,2.63231103201176,0,0,0.480091979980469,1.63,0,-5399.92822265625
100000000000000000000000,1,921625000,0,-62,1.81009732970506,0,0,0.480091979980469,1.63,0,-5399.92822265625
100000000000000000000000,1,921625000,0,-62,1.71805848243192,0,0,0.480091979980469,1.63,0,-5399.92822265625
100000000000000000000001,1,921625000,0,-44,2.80411688025495,0,0,0.480091979980469,1.63,0,-5399.92822265625
100000000000000000000004,1,921625000,0,-52,3.94539858644187,0,0,0.480091979980469,1.63,0,-5399.92822265625
100000000000000000000002,1,921625000,0,-42,5.82299107081389,0,0,0.480091979980469,1.63,0,-5399.92822265625
100000000000000000000003,1,921625000,0,-45.5,2.62003918570868,0,0,0.480091979980469,1.63,0,-5399.92822265625
100000000000000000000004,1,921625000,0,-52,3.95153450959341,0,0,0.480091979980469,1.63,0,-5399.92822265625
100000000000000000000001,1,921625000,0,-44,2.81638872655804,0,0,0.480091979980469,1.63,0,-5399.92822265625
100000000000000000000002,1,921625000,0,-42,5.78617553190464,0,0,0.480091979980469,1.63,0,-5399.92822265625
100000000000000000000000,1,921625000,0,-62,1.68737886667421,0,0,0.480091979980469,1.63,0,-5399.92822265625
100000000000000000000003,1,921625000,0,-45.5,2.63231103201176,0,0,0.480091979980469,1.63,0,-5399.92822265625
100000000000000000000001,1,921625000,0,-44.5,2.79798095710341,0,0,0.480091979980469,1.63,0,-5399.92822265625
100000000000000000000000,1,921625000,0,-62,1.72419440558346,0,0,0.480091979980469,1.63,0,-5399.92822265625
100000000000000000000003,1,921625000,0,-45,2.62003918570868,0,0,0.480091979980469,1.63,0,-5399.92822265625
100000000000000000000004,1,921625000,0,-52,3.98221412535112,0,0,0.480091979980469,1.63,0,-5399.92822265625
100000000000000000000002,1,921625000,0,-42,5.82299107081389,0,0,0.480091979980469,1.63,0,-5399.92822265625
100000000000000000000002,1,921625000,0,-42,5.81685514766235,0,0,0.480091979980469,1.63,0,-5399.92822265625
100000000000000000000001,1,921625000,0,-44,2.79798095710341,0,0,0.480091979980469,1.63,0,-5399.92822265625
100000000000000000000003,1,921625000,0,-45.5,2.62617510886022,0,0,0.480091979980469,1.63,0,-5399.92822265625
100000000000000000000004,1,921625000,0,-52,3.97607820219958,0,0,0.480091979980469,1.63,0,-5399.92822265625
100000000000000000000000,1,921625000,0,-62,1.80396140655351,0,0,0.480091979980469,1.63,0,-5399.92822265625
100000000000000000000000,1,921625000,0,-62,1.77941771394734,0,0,0.480091979980469,1.63,0,-5399.92822265625
100000000000000000000003,1,921625000,0,-45,2.63231103201176,0,0,0.480091979980469,1.63,0,-5399.92822265625
100000000000000000000004,1,921625000,0,-52.5,3.95153450959341,0,0,0.480091979980469,1.63,0,-5399.92822265625
100000000000000000000001,1,921625000,0,-44,2.81638872655804,0,0,0.480091979980469,1.63,0,-5399.92822265625
100000000000000000000002,1,921625000,0,-42,5.82912699396544,0,0,0.480091979980469,1.63,0,-5399.92822265625
100000000000000000000003,1,921625000,0,-45.5,2.6384469551633,0,0,0.480091979980469,1.63,0,-5399.92822265625
100000000000000000000004,1,921625000,0,-52,3.98835004850267,0,0,0.480091979980469,1.63,0,-5399.92822265625
100000000000000000000001,1,921625000,0,-44,2.79798095710341,0,0,0.480091979980469,1.63,0,-5399.92822265625
100000000000000000000002,1,921625000,0,-42,5.81071922451081,0,0,0.480091979980469,1.63,0,-5399.92822265625
100000000000000000000000,1,921625000,0,-62,1.69965071297729,0,0,0.480091979980469,1.63,0,-5399.92822265625
100000000000000000000003,1,921625000,0,-45,2.6384469551633,0,0,0.480091979980469,1.63,0,-5399.92822265625
100000000000000000000001,1,921625000,0,-44,2.80411688025495,0,0,0.480091979980469,1.63,0,-5399.92822265625
100000000000000000000004,1,921625000,0,-52,4.00062189480575,0,0,0.480091979980469,1.63,0,-5399.92822265625
100000000000000000000000,1,921625000,0,-62,1.73646625188655,0,0,0.480091979980469,1.63,0,-5399.92822265625
100000000000000000000002,1,921625000,0,-42,5.82912699396544,0,0,0.480091979980469,1.63,0,-5399.92822265625
100000000000000000000001,1,921625000,0,-44.5,2.80411688025495,0,0,0.480091979980469,1.63,0,-5399.92822265625
100000000000000000000003,1,921625000,0,-45,2.62617510886022,0,0,0.480091979980469,1.63,0,-5399.92822265625
100000000000000000000002,1,921625000,0,-42,5.81685514766235,0,0,0.480091979980469,1.63,0,-5399.92822265625
100000000000000000000000,1,921625000,0,-62,1.76100994449272,0,0,0.480091979980469,1.63,0,-5399.92822265625
100000000000000000000004,1,921625000,0,-52,4.00062189480575,0,0,0.480091979980469,1.63,0,-5399.92822265625
100000000000000000000001,1,921625000,0,-44.5,2.80411688025495,0,0,0.480091979980469,1.63,0,-5399.92822265625
100000000000000000000002,1,921625000,0,-42,5.81071922451081,0,0,0.480091979980469,1.63,0,-5399.92822265625
100000000000000000000003,1,921625000,0,-45.5,2.62617510886022,0,0,0.480091979980469,1.63,0,-5399.92822265625
100000000000000000000004,1,921625000,0,-52,3.97607820219958,0,0,0.480091979980469,1.63,0,-5399.92822265625
100000000000000000000000,1,921625000,0,-62,1.77941771394734,0,0,0.480091979980469,1.63,0,-5399.92822265625
100000000000000000000004,1,921625000,0,-52,3.98835004850267,0,0,0.480091979980469,1.63,0,-5399.92822265625
100000000000000000000003,1,921625000,0,-45,2.63231103201176,0,0,0.480091979980469,1.63,0,-5399.92822265625
100000000000000000000002,1,921625000,0,-42,5.78617553190464,0,0,0.480091979980469,1.63,0,-5399.92822265625
100000000000000000000001,1,921625000,0,-44.5,2.79184503395187,0,0,0.480091979980469,1.63,0,-5399.92822265625
100000000000000000000000,1,921625000,0,-62,1.76100994449272,0,0,0.480091979980469,1.63,0,-5399.92822265625
100000000000000000000003,1,921625000,0,-45.5,2.63231103201176,0,0,0.480091979980469,1.63,0,-5399.92822265625
100000000000000000000001,1,921625000,0,-44.5,2.79184503395187,0,0,0.480091979980469,1.63,0,-5399.92822265625
100000000000000000000004,1,921625000,0,-52,3.94539858644187,0,0,0.480091979980469,1.63,0,-5399.92822265625
100000000000000000000000,1,921625000,0,-62,1.76100994449272,0,0,0.480091979980469,1.63,0,-5399.92822265625
100000000000000000000002,1,921625000,0,-42,5.82299107081389,0,0,0.480091979980469,1.63,0,-5399.92822265625
100000000000000000000000,1,921625000,0,-61.5,1.76100994449272,0,0,0.480091979980469,1.63,0,-5399.92822265625
100000000000000000000002,1,921625000,0,-42,5.82912699396544,0,0,0.480091979980469,1.63,0,-5399.92822265625
100000000000000000000004,1,921625000,0,-52,3.98835004850267,0,0,0.480091979980469,1.63,0,-5399.92822265625
100000000000000000000001,1,921625000,0,-44,2.81638872655804,0,0,0.480091979980469,1.63,0,-5399.92822265625
100000000000000000000003,1,921625000,0,-45.5,2.6384469551633,0,0,0.480091979980469,1.63,0,-5399.92822265625
100000000000000000000004,1,921625000,0,-52,3.94539858644187,0,0,0.480091979980469,1.63,0,-5399.92822265625
100000000000000000000001,1,921625000,0,-44,2.79798095710341,0,0,0.480091979980469,1.63,0,-5399.92822265625
100000000000000000000002,1,921625000,0,-42,5.81071922451081,0,0,0.480091979980469,1.63,0,-5399.92822265625
100000000000000000000003,1,921625000,0,-45.5,2.64458287831485,0,0,0.480091979980469,1.63,0,-5399.92822265625
100000000000000000000000,1,921625000,0,-62,1.69351478982575,0,0,0.480091979980469,1.63,0,-5399.92822265625
100000000000000000000004,1,921625000,0,-52,3.99448597165421,0,0,0.480091979980469,1.63,0,-5399.92822265625
100000000000000000000000,1,921625000,0,-62,1.69965071297729,0,0,0.480091979980469,1.63,0,-5399.92822265625
100000000000000000000001,1,921625000,0,-44,2.80411688025495,0,0,0.480091979980469,1.63,0,-5399.92822265625
100000000000000000000003,1,921625000,0,-45.5,2.61390326255713,0,0,0.480091979980469,1.63,0,-5399.92822265625
100000000000000000000002,1,921625000,0,-42,5.82299107081389,0,0,0.480091979980469,1.63,0,-5399.92822265625
100000000000000000000003,1,921625000,0,-45.5,2.62003918570868,0,0,0.480091979980469,1.63,0,-5399.92822265625
100000000000000000000002,1,921625000,0,-42,5.82912699396544,0,0,0.480091979980469,1.63,0,-5399.92822265625
100000000000000000000001,1,921625000,0,-44.5,2.79184503395187,0,0,0.480091979980469,1.63,0,-5399.92822265625
100000000000000000000000,1,921625000,0,-62.5,1.71805848243192,0,0,0.480091979980469,1.63,0,-5399.92822265625
100000000000000000000004,1,921625000,0,-52,3.99448597165421,0,0,0.480091979980469,1.63,0,-5399.92822265625
100000000000000000000003,1,922125000,0,-45,2.82866057286112,0,0,0.480091979980469,1.63,0,-5399.92822265625
100000000000000000000002,1,922125000,0,-42,6.05002022742097,0,0,0.480091979980469,1.63,0,-5399.92822265625
100000000000000000000001,1,922125000,0,-44.5,3.01887419055894,0,0,0.480091979980469,1.63,0,-5399.92822265625
100000000000000000000004,1,922125000,0,-51.5,4.23992289771591,0,0,0.480091979980469,1.63,0,-5399.92822265625
100000000000000000000000,1,922125000,0,-63,1.66897109721958,0,0,0.480091979980469,1.63,0,-5399.92822265625
100000000000000000000001,1,922125000,0,-44.5,3.04955380631665,0,0,0.480091979980469,1.63,0,-5399.92822265625
100000000000000000000002,1,922125000,0,-42,6.05002022742097,0,0,0.480091979980469,1.63,0,-5399.92822265625
100000000000000000000000,1,922125000,0,-63.5,1.71805848243192,0,0,0.480091979980469,1.63,0,-5399.92822265625
100000000000000000000004,1,922125000,0,-51.5,4.23378697456437,0,0,0.480091979980469,1.63,0,-5399.92822265625
100000000000000000000003,1,922125000,0,-45,2.84706834231575,0,0,0.480091979980469,1.63,0,-5399.92822265625
100000000000000000000002,1,922125000,0,-42,6.05615615057251,0,0,0.480091979980469,1.63,0,-5399.92822265625
100000000000000000000000,1,922125000,0,-63,1.69351478982575,0,0,0.480091979980469,1.63,0,-5399.92822265625
100000000000000000000001,1,922125000,0,-44.5,3.02501011371048,0,0,0.480091979980469,1.63,0,-5399.92822265625
100000000000000000000004,1,922125000,0,-51.5,4.25833066717054,0,0,0.480091979980469,1.63,0,-5399.92822265625
100000000000000000000003,1,922125000,0,-45,2.84706834231575,0,0,0.480091979980469,1.63,0,-5399.92822265625
100000000000000000000000,1,922125000,0,-63.5,1.76100994449272,0,0,0.480091979980469,1.63,0,-5399.92822265625
100000000000000000000001,1,922125000,0,-44.5,3.03728196001357,0,0,0.480091979980469,1.63,0,-5399.92822265625
100000000000000000000004,1,922125000,0,-51.5,4.23992289771591,0,0,0.480091979980469,1.63,0,-5399.92822265625
100000000000000000000002,1,922125000,0,-42,6.03774838111788,0,0,0.480091979980469,1.63,0,-5399.92822265625
100000000000000000000003,1,922125000,0,-45,2.84706834231575,0,0,0.480091979980469,1.63,0,-5399.92822265625
100000000000000000000001,1,922125000,0,-44.5,3.03114603686203,0,0,0.480091979980469,1.63,0,-5399.92822265625
100000000000000000000000,1,922125000,0,-62.5,1.87759248437203,0,0,0.480091979980469,1.63,0,-5399.92822265625
100000000000000000000004,1,922125000,0,-51.5,4.22151512826128,0,0,0.480091979980469,1.63,0,-5399.92822265625
100000000000000000000002,1,922125000,0,-42,6.06229207372405,0,0,0.480091979980469,1.63,0,-5399.92822265625
100000000000000000000003,1,922125000,0,-45,2.83479649601267,0,0,0.480091979980469,1.63,0,-5399.92822265625
100000000000000000000003,1,922125000,0,-45,2.84093241916421,0,0,0.480091979980469,1.63,0,-5399.92822265625
100000000000000000000001,1,922125000,0,-44.5,3.04341788316511,0,0,0.480091979980469,1.63,0,-5399.92822265625
100000000000000000000004,1,922125000,0,-51.5,4.23378697456437,0,0,0.480091979980469,1.63,0,-5399.92822265625
100000000000000000000000,1,922125000,0,-63.5,1.76714586764426,0,0,0.480091979980469,1.63,0,-5399.92822265625
100000000000000000000002,1,922125000,0,-42,6.05002022742097,0,0,0.480091979980469,1.63,0,-5399.92822265625
100000000000000000000001,1,922125000,0,-44.5,3.03114603686203,0,0,0.480091979980469,1.63,0,-5399.92822265625
100000000000000000000002,1,922125000,0,-42,6.05615615057251,0,0,0.480091979980469,1.63,0,-5399.92822265625
100000000000000000000003,1,922125000,0,-45,2.85320426546729,0,0,0.480091979980469,1.63,0,-5399.92822265625
100000000000000000000000,1,922125000,0,-63,1.78555363709889,0,0,0.480091979980469,1.63,0,-5399.92822265625
100000000000000000000004,1,922125000,0,-51.5,4.21537920510974,0,0,0.480091979980469,1.63,0,-5399.92822265625
100000000000000000000004,1,922125000,0,-51.5,4.23378697456437,0,0,0.480091979980469,1.63,0,-5399.92822265625
100000000000000000000000,1,922125000,0,-63.5,1.69965071297729,0,0,0.480091979980469,1.63,0,-5399.92822265625
100000000000000000000002,1,922125000,0,-42,6.03774838111788,0,0,0.480091979980469,1.63,0,-5399.92822265625
100000000000000000000003,1,922125000,0,-45,2.83479649601267,0,0,0.480091979980469,1.63,0,-5399.92822265625
100000000000000000000001,1,922125000,0,-44.5,3.03114603686203,0,0,0.480091979980469,1.63,0,-5399.92822265625
100000000000000000000002,1,922125000,0,-42,6.05002022742097,0,0,0.480091979980469,1.63,0,-5399.92822265625
100000000000000000000001,1,922125000,0,-44.5,3.03114603686203,0,0,0.480091979980469,1.63,0,-5399.92822265625
100000000000000000000000,1,922125000,0,-63,1.730330328735,0,0,0.480091979980469,1.63,0,-5399.92822265625
100000000000000000000003,1,922125000,0,-45.5,2.85320426546729,0,0,0.480091979980469,1.63,0,-5399.92822265625
100000000000000000000004,1,922125000,0,-51.5,4.24605882086745,0,0,0.480091979980469,1.63,0,-5399.92822265625
100000000000000000000002,1,922125000,0,-42,6.06229207372405,0,0,0.480091979980469,1.63,0,-5399.92822265625
100000000000000000000004,1,922125000,0,-51.5,4.22151512826128,0,0,0.480091979980469,1.63,0,-5399.92822265625
100000000000000000000000,1,922125000,0,-63,1.69351478982575,0,0,0.480091979980469,1.63,0,-5399.92822265625
100000000000000000000001,1,922125000,0,-44.5,3.03728196001357,0,0,0.480091979980469,1.63,0,-5399.92822265625
100000000000000000000003,1,922125000,0,-45,2.83479649601267,0,0,0.480091979980469,1.63,0,-5399.92822265625
100000000000000000000000,1,922125000,0,-63.5,1.83464102231123,0,0,0.480091979980469,1.63,0,-5399.92822265625
100000000000000000000001,1,922125000,0,-44.5,3.04341788316511,0,0,0.480091979980469,1.63,0,-5399.92822265625
100000000000000000000004,1,922125000,0,-51.5,4.22765105141283,0,0,0.480091979980469,1.63,0,-5399.92822265625
100000000000000000000002,1,922125000,0,-42,6.04388430426943,0,0,0.480091979980469,1.63,0,-5399.92822265625
100000000000000000000003,1,922125000,0,-45,2.82866057286112,0,0,0.480091979980469,1.63,0,-5399.92822265625
100000000000000000000003,1,922125000,0,-45,2.82866057286112,0,0,0.480091979980469,1.63,0,-5399.92822265625
100000000000000000000002,1,922125000,0,-42,6.03774838111788,0,0,0.480091979980469,1.63,0,-5399.92822265625
100000000000000000000004,1,922125000,0,-51,4.26446659032208,0,0,0.480091979980469,1.63,0,-5399.92822265625
100000000000000000000000,1,922125000,0,-63.5,1.82236917600814,0,0,0.480091979980469,1.63,0,-5399.92822265625
100000000000000000000001,1,922125000,0,-44.5,3.03114603686203,0,0,0.480091979980469,1.63,0,-5399.92822265625
100000000000000000000003,1,922125000,0,-45.5,2.82866057286112,0,0,0.480091979980469,1.63,0,-5399.92822265625
100000000000000000000001,1,922125000,0,-44.5,3.02501011371048,0,0,0.480091979980469,1.63,0,-5399.92822265625
100000000000000000000004,1,922125000,0,-51.5,4.23992289771591,0,0,0.480091979980469,1.63,0,-5399.92822265625
100000000000000000000000,1,922125000,0,-63,1.71192255928038,0,0,0.480091979980469,1.63,0,-5399.92822265625
100000000000000000000002,1,922125000,0,-42,6.05615615057251,0,0,0.480091979980469,1.63,0,-5399.92822265625
100000000000000000000000,1,922125000,0,-63,1.81009732970506,0,0,0.480091979980469,1.63,0,-5399.92822265625
100000000000000000000004,1,922125000,0,-51.5,4.24605882086745,0,0,0.480091979980469,1.63,0,-5399.92822265625
100000000000000000000001,1,922125000,0,-44.5,3.03114603686203,0,0,0.480091979980469,1.63,0,-5399.92822265625
100000000000000000000003,1,922125000,0,-45.5,2.85934018861884,0,0,0.480091979980469,1.63,0,-5399.92822265625
100000000000000000000002,1,922125000,0,-42,6.05615615057251,0,0,0.480091979980469,1.63,0,-5399.92822265625
100000000000000000000002,1,922125000,0,-42,6.04388430426943,0,0,0.480091979980469,1.63,0,-5399.92822265625
100000000000000000000000,1,922125000,0,-63,1.85304879176585,0,0,0.480091979980469,1.63,0,-5399.92822265625
100000000000000000000001,1,922125000,0,-44.5,3.03728196001357,0,0,0.480091979980469,1.63,0,-5399.92822265625
100000000000000000000003,1,922125000,0,-45,2.84093241916421,0,0,0.480091979980469,1.63,0,-5399.92822265625
100000000000000000000004,1,922125000,0,-51.5,4.22151512826128,0,0,0.480091979980469,1.63,0,-5399.92822265625
100000000000000000000003,1,922125000,0,-45,2.83479649601267,0,0,0.480091979980469,1.63,0,-5399.92822265625
100000000000000000000001,1,922125000,0,-44.5,3.03114603686203,0,0,0.480091979980469,1.63,0,-5399.92822265625
100000000000000000000000,1,922125000,0,-63.5,1.84077694546277,0,0,0.480091979980469,1.63,0,-5399.92822265625
100000000000000000000002,1,922125000,0,-42,6.05002022742097,0,0,0.480091979980469,1.63,0,-5399.92822265625
100000000000000000000004,1,922125000,0,-51.5,4.22765105141283,0,0,0.480091979980469,1.63,0,-5399.92822265625
100000000000000000000002,1,922125000,0,-42,6.05002022742097,0,0,0.480091979980469,1.63,0,-5399.92822265625
100000000000000000000004,1,922125000,0,-51.5,4.24605882086745,0,0,0.480091979980469,1.63,0,-5399.92822265625
100000000000000000000000,1,922125000,0,-63.5,1.71805848243192,0,0,0.480091979980469,1.63,0,-5399.92822265625
100000000000000000000003,1,922125000,0,-45,2.83479649601267,0,0,0.480091979980469,1.63,0,-5399.92822265625
100000000000000000000001,1,922125000,0,-44.5,3.02501011371048,0,0,0.480091979980469,1.63,0,-5399.92822265625
100000000000000000000003,1,922125000,0,-45,2.83479649601267,0,0,0.480091979980469,1.63,0,-5399.92822265625
100000000000000000000002,1,922125000,0,-42,6.05615615057251,0,0,0.480091979980469,1.63,0,-5399.92822265625
100000000000000000000001,1,922125000,0,-44.5,3.03114603686203,0,0,0.480091979980469,1.63,0,-5399.92822265625
100000000000000000000004,1,922125000,0,-51,4.252194744019,0,0,0.480091979980469,1.63,0,-5399.92822265625
100000000000000000000000,1,922125000,0,-63,1.68124294352266,0,0,0.480091979980469,1.63,0,-5399.92822265625
100000000000000000000002,1,922125000,0,-42,6.03161245796634,0,0,0.480091979980469,1.63,0,-5399.92822265625
100000000000000000000000,1,922125000,0,-63.5,1.77941771394734,0,0,0.480091979980469,1.63,0,-5399.92822265625
100000000000000000000004,1,922125000,0,-51.5,4.21537920510974,0,0,0.480091979980469,1.63,0,-5399.92822265625
100000000000000000000003,1,922125000,0,-45,2.84706834231575,0,0,0.480091979980469,1.63,0,-5399.92822265625
100000000000000000000001,1,922125000,0,-44.5,3.03114603686203,0,0,0.480091979980469,1.63,0,-5399.92822265625
100000000000000000000003,1,922125000,0,-45,2.84706834231575,0,0,0.480091979980469,1.63,0,-5399.92822265625
100000000000000000000002,1,922125000,0,-42,6.05615615057251,0,0,0.480091979980469,1.63,0,-5399.92822265625
100000000000000000000004,1,922125000,0,-51.5,4.22765105141283,0,0,0.480091979980469,1.63,0,-5399.92822265625
100000000000000000000001,1,922125000,0,-44.5,3.02501011371048,0,0,0.480091979980469,1.63,0,-5399.92822265625
100000000000000000000000,1,922125000,0,-63.5,1.72419440558346,0,0,0.480091979980469,1.63,0,-5399.92822265625
100000000000000000000001,1,922125000,0,-44.5,3.02501011371048,0,0,0.480091979980469,1.63,0,-5399.92822265625
100000000000000000000004,1,922125000,0,-51.5,4.252194744019,0,0,0.480091979980469,1.63,0,-5399.92822265625
100000000000000000000000,1,922125000,0,-63.5,1.75487402134117,0,0,0.480091979980469,1.63,0,-5399.92822265625
100000000000000000000003,1,922125000,0,-45,2.83479649601267,0,0,0.480091979980469,1.63,0,-5399.92822265625
100000000000000000000002,1,922125000,0,-42,6.05615615057251,0,0,0.480091979980469,1.63,0,-5399.92822265625
100000000000000000000003,1,922125000,0,-45,2.84706834231575,0,0,0.480091979980469,1.63,0,-5399.92822265625
100000000000000000000001,1,922125000,0,-44.5,3.03728196001357,0,0,0.480091979980469,1.63,0,-5399.92822265625
100000000000000000000002,1,922125000,0,-42,6.05002022742097,0,0,0.480091979980469,1.63,0,-5399.92822265625
100000000000000000000000,1,922125000,0,-63,1.77941771394734,0,0,0.480091979980469,1.63,0,-5399.92822265625
100000000000000000000004,1,922125000,0,-51.5,4.22151512826128,0,0,0.480091979980469,1.63,0,-5399.92822265625
100000000000000000000002,1,922125000,0,-42,6.07456392002714,0,0,0.480091979980469,1.63,0,-5399.92822265625
100000000000000000000000,1,922125000,0,-63.5,1.74873809818963,0,0,0.480091979980469,1.63,0,-5399.92822265625
100000000000000000000003,1,922125000,0,-45,2.85934018861884,0,0,0.480091979980469,1.63,0,-5399.92822265625
100000000000000000000004,1,922125000,0,-51,4.22151512826128,0,0,0.480091979980469,1.63,0,-5399.92822265625
100000000000000000000001,1,922125000,0,-44.5,3.03728196001357,0,0,0.480091979980469,1.63,0,-5399.92822265625
100000000000000000000003,1,922125000,0,-45,2.84093241916421,0,0,0.480091979980469,1.63,0,-5399.92822265625
100000000000000000000002,1,922125000,0,-42,6.03774838111788,0,0,0.480091979980469,1.63,0,-5399.92822265625
100000000000000000000001,1,922125000,0,-44.5,3.03728196001357,0,0,0.480091979980469,1.63,0,-5399.92822265625
100000000000000000000000,1,922125000,0,-63.5,1.73646625188655,0,0,0.480091979980469,1.63,0,-5399.92822265625
100000000000000000000004,1,922125000,0,-51.5,4.23378697456437,0,0,0.480091979980469,1.63,0,-5399.92822265625
100000000000000000000000,1,922125000,0,-63,1.88986433067511,0,0,0.480091979980469,1.63,0,-5399.92822265625
100000000000000000000002,1,922125000,0,-42,6.03774838111788,0,0,0.480091979980469,1.63,0,-5399.92822265625
100000000000000000000003,1,922125000,0,-45,2.83479649601267,0,0,0.480091979980469,1.63,0,-5399.92822265625
100000000000000000000004,1,922125000,0,-51,4.22151512826128,0,0,0.480091979980469,1.63,0,-5399.92822265625
100000000000000000000001,1,922125000,0,-44.5,3.02501011371048,0,0,0.480091979980469,1.63,0,-5399.92822265625
100000000000000000000001,1,922125000,0,-44.5,3.03114603686203,0,0,0.480091979980469,1.63,0,-5399.92822265625
100000000000000000000003,1,922125000,0,-45,2.83479649601267,0,0,0.480091979980469,1.63,0,-5399.92822265625
100000000000000000000002,1,922125000,0,-42,6.04388430426943,0,0,0.480091979980469,1.63,0,-5399.92822265625
100000000000000000000004,1,922125000,0,-51.5,4.22765105141283,0,0,0.480091979980469,1.63,0,-5399.92822265625
100000000000000000000000,1,922125000,0,-63.5,1.77941771394734,0,0,0.480091979980469,1.63,0,-5399.92822265625
100000000000000000000002,1,922125000,0,-42,6.03774838111788,0,0,0.480091979980469,1.63,0,-5399.92822265625
100000000000000000000003,1,922125000,0,-45,2.83479649601267,0,0,0.480091979980469,1.63,0,-5399.92822265625
100000000000000000000001,1,922125000,0,-44.5,3.04955380631665,0,0,0.480091979980469,1.63,0,-5399.92822265625
100000000000000000000000,1,922125000,0,-63.5,1.7732817907958,0,0,0.480091979980469,1.63,0,-5399.92822265625
100000000000000000000004,1,922125000,0,-51.5,4.23992289771591,0,0,0.480091979980469,1.63,0,-5399.92822265625
100000000000000000000003,1,922125000,0,-45,2.84093241916421,0,0,0.480091979980469,1.63,0,-5399.92822265625
100000000000000000000002,1,922125000,0,-42,6.05002022742097,0,0,0.480091979980469,1.63,0,-5399.92822265625
100000000000000000000000,1,922125000,0,-63,1.77941771394734,0,0,0.480091979980469,1.63,0,-5399.92822265625
100000000000000000000004,1,922125000,0,-51.5,4.22765105141283,0,0,0.480091979980469,1.63,0,-5399.92822265625
100000000000000000000001,1,922125000,0,-44.5,3.04955380631665,0,0,0.480091979980469,1.63,0,-5399.92822265625
100000000000000000000004,1,922125000,0,-51.5,4.26446659032208,0,0,0.480091979980469,1.63,0,-5399.92822265625
100000000000000000000001,1,922125000,0,-44.5,3.02501011371048,0,0,0.480091979980469,1.63,0,-5399.92822265625
100000000000000000000000,1,922125000,0,-63.5,1.8162332528566,0,0,0.480091979980469,1.63,0,-5399.92822265625
100000000000000000000002,1,922125000,0,-42,6.04388430426943,0,0,0.480091979980469,1.63,0,-5399.92822265625
100000000000000000000003,1,922125000,0,-45,2.84093241916421,0,0,0.480091979980469,1.63,0,-5399.92822265625
100000000000000000000004,1,922125000,0,-51.5,4.27060251347362,0,0,0.480091979980469,1.63,0,-5399.92822265625
100000000000000000000003,1,922125000,0,-45.5,2.85320426546729,0,0,0.480091979980469,1.63,0,-5399.92822265625
100000000000000000000001,1,922125000,0,-44.5,3.04341788316511,0,0,0.480091979980469,1.63,0,-5399.92822265625
100000000000000000000000,1,922125000,0,-63,1.71805848243192,0,0,0.480091979980469,1.63,0,-5399.92822265625
100000000000000000000002,1,922125000,0,-42,6.04388430426943,0,0,0.480091979980469,1.63,0,-5399.92822265625
100000000000000000000003,1,922125000,0,-45.5,2.82866057286112,0,0,0.480091979980469,1.63,0,-5399.92822265625
100000000000000000000002,1,922125000,0,-42,6.05002022742097,0,0,0.480091979980469,1.63,0,-5399.92822265625
100000000000000000000001,1,922125000,0,-44.5,3.03114603686203,0,0,0.480091979980469,1.63,0,-5399.92822265625
100000000000000000000000,1,922125000,0,-63.5,1.65669925091649,0,0,0.480091979980469,1.63,0,-5399.92822265625
100000000000000000000004,1,922125000,0,-51.5,4.23992289771591,0,0,0.480091979980469,1.63,0,-5399.92822265625
100000000000000000000003,1,922125000,0,-45,2.84706834231575,0,0,0.480091979980469,1.63,0,-5399.92822265625
100000000000000000000004,1,922125000,0,-51.5,4.25833066717054,0,0,0.480091979980469,1.63,0,-5399.92822265625
100000000000000000000001,1,922125000,0,-44.5,3.04341788316511,0,0,0.480091979980469,1.63,0,-5399.92822265625
100000000000000000000000,1,922125000,0,-63.5,1.68737886667421,0,0,0.480091979980469,1.63,0,-5399.92822265625
100000000000000000000002,1,922125000,0,-42,6.05002022742097,0,0,0.480091979980469,1.63,0,-5399.92822265625
100000000000000000000000,1,922125000,0,-63.5,1.67510702037112,0,0,0.480091979980469,1.63,0,-5399.92822265625
100000000000000000000004,1,922125000,0,-51.5,4.23378697456437,0,0,0.480091979980469,1.63,0,-5399.92822265625
100000000000000000000002,1,922125000,0,-42,6.06229207372405,0,0,0.480091979980469,1.63,0,-5399.92822265625
100000000000000000000003,1,922125000,0,-45.5,2.84093241916421,0,0,0.480091979980469,1.63,0,-5399.92822265625
100000000000000000000001,1,922125000,0,-44.5,3.03114603686203,0,0,0.480091979980469,1.63,0,-5399.92822265625
100000000000000000000004,1,922125000,0,-51.5,4.24605882086745,0,0,0.480091979980469,1.63,0,-5399.92822265625
100000000000000000000003,1,922125000,0,-45,2.84706834231575,0,0,0.480091979980469,1.63,0,-5399.92822265625
100000000000000000000000,1,922125000,0,-63.5,1.7732817907958,0,0,0.480091979980469,1.63,0,-5399.92822265625
100000000000000000000002,1,922125000,0,-42,6.05615615057251,0,0,0.480091979980469,1.63,0,-5399.92822265625
100000000000000000000001,1,922125000,0,-44.5,3.04341788316511,0,0,0.480091979980469,1.63,0,-5399.92822265625
100000000000000000000004,1,922125000,0,-51.5,4.25833066717054,0,0,0.480091979980469,1.63,0,-5399.92822265625
100000000000000000000002,1,922125000,0,-42,6.05002022742097,0,0,0.480091979980469,1.63,0,-5399.92822265625
100000000000000000000003,1,922125000,0,-45.5,2.84093241916421,0,0,0.480091979980469,1.63,0,-5399.92822265625
100000000000000000000001,1,922125000,0,-44.5,3.03728196001357,0,0,0.480091979980469,1.63,0,-5399.92822265625
100000000000000000000000,1,922125000,0,-63,1.73646625188655,0,0,0.480091979980469,1.63,0,-5399.92822265625
100000000000000000000003,1,922125000,0,-45,2.84093241916421,0,0,0.480091979980469,1.63,0,-5399.92822265625
100000000000000000000004,1,922125000,0,-51.5,4.24605882086745,0,0,0.480091979980469,1.63,0,-5399.92822265625
100000000000000000000000,1,922125000,0,-63.5,1.57693224994644,0,0,0.480091979980469,1.63,0,-5399.92822265625
100000000000000000000002,1,922125000,0,-42,6.05002022742097,0,0,0.480091979980469,1.63,0,-5399.92822265625
100000000000000000000001,1,922125000,0,-44.5,3.01887419055894,0,0,0.480091979980469,1.63,0,-5399.92822265625
100000000000000000000003,1,922125000,0,-45,2.82252464970958,0,0,0.480091979980469,1.63,0,-5399.92822265625
100000000000000000000000,1,922125000,0,-63,1.7732817907958,0,0,0.480091979980469,1.63,0,-5399.92822265625
100000000000000000000002,1,922125000,0,-42,6.03774838111788,0,0,0.480091979980469,1.63,0,-5399.92822265625
100000000000000000000001,1,922125000,0,-44.5,3.04955380631665,0,0,0.480091979980469,1.63,0,-5399.92822265625
100000000000000000000004,1,922125000,0,-51.5,4.25833066717054,0,0,0.480091979980469,1.63,0,-5399.92822265625
100000000000000000000002,1,922125000,0,-42,6.06229207372405,0,0,0.480091979980469,1.63,0,-5399.92822265625
100000000000000000000004,1,922125000,0,-51.5,4.22765105141283,0,0,0.480091979980469,1.63,0,-5399.92822265625
100000000000000000000001,1,922125000,0,-44.5,3.04955380631665,0,0,0.480091979980469,1.63,0,-5399.92822265625
100000000000000000000003,1,922125000,0,-45,2.83479649601267,0,0,0.480091979980469,1.63,0,-5399.92822265625
100000000000000000000000,1,922125000,0,-63,1.730330328735,0,0,0.480091979980469,1.63,0,-5399.92822265625
100000000000000000000002,1,922125000,0,-42,6.05615615057251,0,0,0.480091979980469,1.63,0,-5399.92822265625
100000000000000000000004,1,922125000,0,-51,4.19697143565511,0,0,0.480091979980469,1.63,0,-5399.92822265625
100000000000000000000000,1,922125000,0,-63,1.76714586764426,0,0,0.480091979980469,1.63,0,-5399.92822265625
100000000000000000000001,1,922125000,0,-44.5,3.04955380631665,0,0,0.480091979980469,1.63,0,-5399.92822265625
100000000000000000000003,1,922125000,0,-45,2.83479649601267,0,0,0.480091979980469,1.63,0,-5399.92822265625
100000000000000000000001,1,922125000,0,-44.5,3.03114603686203,0,0,0.480091979980469,1.63,0,-5399.92822265625
100000000000000000000004,1,922125000,0,-51.5,4.23992289771591,0,0,0.480091979980469,1.63,0,-5399.92822265625
100000000000000000000003,1,922125000,0,-45,2.83479649601267,0,0,0.480091979980469,1.63,0,-5399.92822265625
100000000000000000000002,1,922125000,0,-42,6.05615615057251,0,0,0.480091979980469,1.63,0,-5399.92822265625
100000000000000000000000,1,922125000,0,-63,1.87145656122048,0,0,0.480091979980469,1.63,0,-5399.92822265625
100000000000000000000003,1,922125000,0,-45,2.83479649601267,0,0,0.480091979980469,1.63,0,-5399.92822265625
100000000000000000000001,1,922125000,0,-44.5,3.04341788316511,0,0,0.480091979980469,1.63,0,-5399.92822265625
100000000000000000000002,1,922125000,0,-42,6.05002022742097,0,0,0.480091979980469,1.63,0,-5399.92822265625
100000000000000000000004,1,922125000,0,-51.5,4.22765105141283,0,0,0.480091979980469,1.63,0,-5399.92822265625
100000000000000000000000,1,922125000,0,-63.5,1.71805848243192,0,0,0.480091979980469,1.63,0,-5399.92822265625
100000000000000000000000,1,922125000,0,-62.5,1.7732817907958,0,0,0.480091979980469,1.63,0,-5399.92822265625
100000000000000000000002,1,922125000,0,-42,6.03774838111788,0,0,0.480091979980469,1.63,0,-5399.92822265625
100000000000000000000003,1,922125000,0,-45,2.83479649601267,0,0,0.480091979980469,1.63,0,-5399.92822265625
100000000000000000000001,1,922125000,0,-44.5,3.03728196001357,0,0,0.480091979980469,1.63,0,-5399.92822265625
100000000000000000000004,1,922125000,0,-51.5,4.24605882086745,0,0,0.480091979980469,1.63,0,-5399.92822265625
100000000000000000000002,1,922125000,0,-42,6.04388430426943,0,0,0.480091979980469,1.63,0,-5399.92822265625
100000000000000000000004,1,922125000,0,-51.5,4.22765105141283,0,0,0.480091979980469,1.63,0,-5399.92822265625
100000000000000000000000,1,922125000,0,-63,1.7732817907958,0,0,0.480091979980469,1.63,0,-5399.92822265625
100000000000000000000001,1,922125000,0,-44.5,3.03728196001357,0,0,0.480091979980469,1.63,0,-5399.92822265625
100000000000000000000003,1,922125000,0,-45,2.84093241916421,0,0,0.480091979980469,1.63,0,-5399.92822265625
100000000000000000000000,1,922125000,0,-63,1.75487402134117,0,0,0.480091979980469,1.63,0,-5399.92822265625
100000000000000000000001,1,922125000,0,-44.5,3.04341788316511,0,0,0.480091979980469,1.63,0,-5399.92822265625
100000000000000000000003,1,922125000,0,-45,2.82252464970958,0,0,0.480091979980469,1.63,0,-5399.92822265625
100000000000000000000002,1,922125000,0,-42,6.03774838111788,0,0,0.480091979980469,1.63,0,-5399.92822265625
100000000000000000000004,1,922125000,0,-51.5,4.22765105141283,0,0,0.480091979980469,1.63,0,-5399.92822265625
100000000000000000000004,1,922125000,0,-51.5,4.22151512826128,0,0,0.480091979980469,1.63,0,-5399.92822265625
100000000000000000000001,1,922125000,0,-44.5,3.03728196001357,0,0,0.480091979980469,1.63,0,-5399.92822265625
100000000000000000000003,1,922125000,0,-45,2.84093241916421,0,0,0.480091979980469,1.63,0,-5399.92822265625
100000000000000000000002,1,922125000,0,-42,6.06229207372405,0,0,0.480091979980469,1.63,0,-5399.92822265625
100000000000000000000000,1,922125000,0,-63,1.730330328735,0,0,0.480091979980469,1.63,0,-5399.92822265625
100000000000000000000001,1,922125000,0,-44.5,3.02501011371048,0,0,0.480091979980469,1.63,0,-5399.92822265625
100000000000000000000002,1,922125000,0,-42,6.05002022742097,0,0,0.480091979980469,1.63,0,-5399.92822265625
100000000000000000000000,1,922125000,0,-63,1.77941771394734,0,0,0.480091979980469,1.63,0,-5399.92822265625
100000000000000000000003,1,922125000,0,-45.5,2.83479649601267,0,0,0.480091979980469,1.63,0,-5399.92822265625
100000000000000000000004,1,922125000,0,-51.5,4.22765105141283,0,0,0.480091979980469,1.63,0,-5399.92822265625
100000000000000000000004,1,922125000,0,-51.5,4.24605882086745,0,0,0.480091979980469,1.63,0,-5399.92822265625
100000000000000000000001,1,922125000,0,-44.5,3.03114603686203,0,0,0.480091979980469,1.63,0,-5399.92822265625
100000000000000000000003,1,922125000,0,-45,2.82866057286112,0,0,0.480091979980469,1.63,0,-5399.92822265625
100000000000000000000000,1,922125000,0,-63,1.74260217503809,0,0,0.480091979980469,1.63,0,-5399.92822265625
100000000000000000000002,1,922125000,0,-42,6.06229207372405,0,0,0.480091979980469,1.63,0,-5399.92822265625
100000000000000000000003,1,922125000,0,-45,2.83479649601267,0,0,0.480091979980469,1.63,0,-5399.92822265625
100000000000000000000000,1,922125000,0,-63,1.63829148146186,0,0,0.480091979980469,1.63,0,-5399.92822265625
100000000000000000000002,1,922125000,0,-42,6.04388430426943,0,0,0.480091979980469,1.63,0,-5399.92822265625
100000000000000000000004,1,922125000,0,-51.5,4.252194744019,0,0,0.480091979980469,1.63,0,-5399.92822265625
100000000000000000000001,1,922125000,0,-44.5,3.04955380631665,0,0,0.480091979980469,1.63,0,-5399.92822265625
100000000000000000000004,1,922125000,0,-51.5,4.23992289771591,0,0,0.480091979980469,1.63,0,-5399.92822265625
100000000000000000000000,1,922125000,0,-63.5,1.7732817907958,0,0,0.480091979980469,1.63,0,-5399.92822265625
100000000000000000000002,1,922125000,0,-42,6.05002022742097,0,0,0.480091979980469,1.63,0,-5399.92822265625
100000000000000000000003,1,922125000,0,-45.5,2.84093241916421,0,0,0.480091979980469,1.63,0,-5399.92822265625
100000000000000000000001,1,922125000,0,-44.5,3.03728196001357,0,0,0.480091979980469,1.63,0,-5399.92822265625
100000000000000000000004,1,922125000,0,-51,4.24605882086745,0,0,0.480091979980469,1.63,0,-5399.92822265625
100000000000000000000003,1,922125000,0,-45,2.83479649601267,0,0,0.480091979980469,1.63,0,-5399.92822265625
100000000000000000000000,1,922125000,0,-63,1.7732817907958,0,0,0.480091979980469,1.63,0,-5399.92822265625
100000000000000000000001,1,922125000,0,-44.5,3.01887419055894,0,0,0.480091979980469,1.63,0,-5399.92822265625
100000000000000000000002,1,922125000,0,-42,6.05615615057251,0,0,0.480091979980469,1.63,0,-5399.92822265625
100000000000000000000004,1,922125000,0,-51.5,4.23378697456437,0,0,0.480091979980469,1.63,0,-5399.92822265625
100000000000000000000001,1,922125000,0,-44.5,3.03728196001357,0,0,0.480091979980469,1.63,0,-5399.92822265625
100000000000000000000003,1,922125000,0,-45,2.85320426546729,0,0,0.480091979980469,1.63,0,-5399.92822265625
100000000000000000000000,1,922125000,0,-63.5,1.72419440558346,0,0,0.480091979980469,1.63,0,-5399.92822265625
100000000000000000000002,1,922125000,0,-42,6.04388430426943,0,0,0.480091979980469,1.63,0,-5399.92822265625
100000000000000000000002,1,922125000,0,-42,6.03774838111788,0,0,0.480091979980469,1.63,0,-5399.92822265625
100000000000000000000003,1,922125000,0,-45,2.84093241916421,0,0,0.480091979980469,1.63,0,-5399.92822265625
100000000000000000000000,1,922125000,0,-63,1.66897109721958,0,0,0.480091979980469,1.63,0,-5399.92822265625
100000000000000000000001,1,922125000,0,-44.5,3.04341788316511,0,0,0.480091979980469,1.63,0,-5399.92822265625
100000000000000000000004,1,922125000,0,-51.5,4.24605882086745,0,0,0.480091979980469,1.63,0,-5399.92822265625
100000000000000000000000,1,922125000,0,-63,1.68124294352266,0,0,0.480091979980469,1.63,0,-5399.92822265625
100000000000000000000001,1,922125000,0,-44.5,3.04341788316511,0,0,0.480091979980469,1.63,0,-5399.92822265625
100000000000000000000002,1,922125000,0,-42,6.06229207372405,0,0,0.480091979980469,1.63,0,-5399.92822265625
100000000000000000000003,1,922125000,0,-45,2.84093241916421,0,0,0.480091979980469,1.63,0,-5399.92822265625
100000000000000000000004,1,922125000,0,-51.5,4.24605882086745,0,0,0.480091979980469,1.63,0,-5399.92822265625
100000000000000000000002,1,922125000,0,-42,6.0684279968756,0,0,0.480091979980469,1.63,0,-5399.92822265625
100000000000000000000000,1,922125000,0,-63,1.76714586764426,0,0,0.480091979980469,1.63,0,-5399.92822265625
100000000000000000000003,1,922125000,0,-45,2.83479649601267,0,0,0.480091979980469,1.63,0,-5399.92822265625
100000000000000000000001,1,922125000,0,-44.5,3.04341788316511,0,0,0.480091979980469,1.63,0,-5399.92822265625
100000000000000000000004,1,922125000,0,-51.5,4.23378697456437,0,0,0.480091979980469,1.63,0,-5399.92822265625
100000000000000000000001,1,922125000,0,-44.5,3.03114603686203,0,0,0.480091979980469,1.63,0,-5399.92822265625
100000000000000000000002,1,922125000,0,-42,6.05615615057251,0,0,0.480091979980469,1.63,0,-5399.92822265625
100000000000000000000003,1,922125000,0,-45.5,2.83479649601267,0,0,0.480091979980469,1.63,0,-5399.92822265625
100000000000000000000004,1,922125000,0,-51.5,4.24605882086745,0,0,0.480091979980469,1.63,0,-5399.92822265625
100000000000000000000000,1,922125000,0,-63,1.68737886667421,0,0,0.480091979980469,1.63,0,-5399.92822265625
100000000000000000000004,1,922125000,0,-51.5,4.22151512826128,0,0,0.480091979980469,1.63,0,-5399.92822265625
100000000000000000000001,1,922125000,0,-44.5,3.01887419055894,0,0,0.480091979980469,1.63,0,-5399.92822265625
100000000000000000000002,1,922125000,0,-42,6.05615615057251,0,0,0.480091979980469,1.63,0,-5399.92822265625
100000000000000000000003,1,922125000,0,-45,2.84706834231575,0,0,0.480091979980469,1.63,0,-5399.92822265625
100000000000000000000000,1,922125000,0,-63,1.89600025382665,0,0,0.480091979980469,1.63,0,-5399.92822265625
100000000000000000000000,1,922125000,0,-62.5,1.79782548340197,0,0,0.480091979980469,1.63,0,-5399.92822265625
100000000000000000000002,1,922125000,0,-42,6.04388430426943,0,0,0.480091979980469,1.63,0,-5399.92822265625
100000000000000000000003,1,922125000,0,-45,2.82252464970958,0,0,0.480091979980469,1.63,0,-5399.92822265625
100000000000000000000004,1,922125000,0,-51.5,4.25833066717054,0,0,0.480091979980469,1.63,0,-5399.92822265625
100000000000000000000001,1,922125000,0,-44.5,3.04341788316511,0,0,0.480091979980469,1.63,0,-5399.92822265625
100000000000000000000002,1,922125000,0,-42,6.06229207372405,0,0,0.480091979980469,1.63,0,-5399.92822265625
100000000000000000000003,1,922125000,0,-45,2.85320426546729,0,0,0.480091979980469,1.63,0,-5399.92822265625
100000000000000000000000,1,922125000,0,-63.5,1.75487402134117,0,0,0.480091979980469,1.63,0,-5399.92822265625
100000000000000000000004,1,922125000,0,-51.5,4.24605882086745,0,0,0.480091979980469,1.63,0,-5399.92822265625
100000000000000000000001,1,922125000,0,-44.5,3.04341788316511,0,0,0.480091979980469,1.63,0,-5399.92822265625
100000000000000000000001,1,922125000,0,-44.5,3.01887419055894,0,0,0.480091979980469,1.63,0,-5399.92822265625
100000000000000000000004,1,922125000,0,-51.5,4.24605882086745,0,0,0.480091979980469,1.63,0,-5399.92822265625
100000000000000000000000,1,922125000,0,-63.5,1.76100994449272,0,0,0.480091979980469,1.63,0,-5399.92822265625
100000000000000000000002,1,922125000,0,-42,6.04388430426943,0,0,0.480091979980469,1.63,0,-5399.92822265625
100000000000000000000003,1,922125000,0,-45,2.82866057286112,0,0,0.480091979980469,1.63,0,-5399.92822265625
100000000000000000000000,1,922125000,0,-63,1.87759248437203,0,0,0.480091979980469,1.63,0,-5399.92822265625
100000000000000000000003,1,922125000,0,-45,2.84093241916421,0,0,0.480091979980469,1.63,0,-5399.92822265625
100000000000000000000002,1,922125000,0,-42,6.04388430426943,0,0,0.480091979980469,1.63,0,-5399.92822265625
100000000000000000000001,1,922125000,0,-44.5,3.03728196001357,0,0,0.480091979980469,1.63,0,-5399.92822265625
100000000000000000000004,1,922125000,0,-51,4.24605882086745,0,0,0.480091979980469,1.63,0,-5399.92822265625
100000000000000000000003,1,922125000,0,-45,2.82866057286112,0,0,0.480091979980469,1.63,0,-5399.92822265625
100000000000000000000001,1,922125000,0,-44.5,3.02501011371048,0,0,0.480091979980469,1.63,0,-5399.92822265625
100000000000000000000002,1,922125000,0,-42,6.05002022742097,0,0,0.480091979980469,1.63,0,-5399.92822265625
100000000000000000000000,1,922125000,0,-63,1.83464102231123,0,0,0.480091979980469,1.63,0,-5399.92822265625
100000000000000000000004,1,922125000,0,-51.5,4.23992289771591,0,0,0.480091979980469,1.63,0,-5399.92822265625
100000000000000000000004,1,922125000,0,-51.5,4.22151512826128,0,0,0.480091979980469,1.63,0,-5399.92822265625
100000000000000000000001,1,922125000,0,-44.5,3.02501011371048,0,0,0.480091979980469,1.63,0,-5399.92822265625
100000000000000000000002,1,922125000,0,-42,6.05615615057251,0,0,0.480091979980469,1.63,0,-5399.92822265625
100000000000000000000003,1,922125000,0,-45,2.82866057286112,0,0,0.480091979980469,1.63,0,-5399.92822265625
100000000000000000000000,1,922125000,0,-63,2.03712648631213,0,0,0.480091979980469,1.63,0,-5399.92822265625
100000000000000000000002,1,922125000,0,-42,6.05002022742097,0,0,0.480091979980469,1.63,0,-5399.92822265625
100000000000000000000000,1,922125000,0,-64,1.79782548340197,0,0,0.480091979980469,1.63,0,-5399.92822265625
100000000000000000000001,1,922125000,0,-44.5,3.03728196001357,0,0,0.480091979980469,1.63,0,-5399.92822265625
100000000000000000000003,1,922125000,0,-45,2.83479649601267,0,0,0.480091979980469,1.63,0,-5399.92822265625
100000000000000000000004,1,922125000,0,-51.5,4.252194744019,0,0,0.480091979980469,1.63,0,-5399.92822265625
100000000000000000000002,1,922125000,0,-42,6.04388430426943,0,0,0.480091979980469,1.63,0,-5399.92822265625
100000000000000000000004,1,922125000,0,-51.5,4.23378697456437,0,0,0.480091979980469,1.63,0,-5399.92822265625
100000000000000000000003,1,922125000,0,-45,2.84706834231575,0,0,0.480091979980469,1.63,0,-5399.92822265625
100000000000000000000001,1,922125000,0,-44.5,3.03114603686203,0,0,0.480091979980469,1.63,0,-5399.92822265625
100000000000000000000000,1,922125000,0,-63.5,1.67510702037112,0,0,0.480091979980469,1.63,0,-5399.92822265625
100000000000000000000001,1,922125000,0,-44.5,3.02501011371048,0,0,0.480091979980469,1.63,0,-5399.92822265625
100000000000000000000002,1,922125000,0,-42,6.04388430426943,0,0,0.480091979980469,1.63,0,-5399.92822265625
100000000000000000000000,1,922125000,0,-63,1.71192255928038,0,0,0.480091979980469,1.63,0,-5399.92822265625
100000000000000000000003,1,922125000,0,-45,2.84706834231575,0,0,0.480091979980469,1.63,0,-5399.92822265625
100000000000000000000004,1,922125000,0,-51.5,4.23992289771591,0,0,0.480091979980469,1.63,0,-5399.92822265625
100000000000000000000000,1,922125000,0,-63,1.74873809818963,0,0,0.480091979980469,1.63,0,-5399.92822265625
100000000000000000000001,1,922125000,0,-44.5,3.03728196001357,0,0,0.480091979980469,1.63,0,-5399.92822265625
100000000000000000000002,1,922125000,0,-42,6.05002022742097,0,0,0.480091979980469,1.63,0,-5399.92822265625
100000000000000000000004,1,922125000,0,-51,4.252194744019,0,0,0.480091979980469,1.63,0,-5399.92822265625
100000000000000000000003,1,922125000,0,-45,2.84093241916421,0,0,0.480091979980469,1.63,0,-5399.92822265625
100000000000000000000000,1,922125000,0,-63,1.84691286861431,0,0,0.480091979980469,1.63,0,-5399.92822265625
100000000000000000000004,1,922125000,0,-51.5,4.23378697456437,0,0,0.480091979980469,1.63,0,-5399.92822265625
100000000000000000000001,1,922125000,0,-44.5,3.04341788316511,0,0,0.480091979980469,1.63,0,-5399.92822265625
100000000000000000000002,1,922125000,0,-42,6.03774838111788,0,0,0.480091979980469,1.63,0,-5399.92822265625
100000000000000000000003,1,922125000,0,-45,2.84706834231575,0,0,0.480091979980469,1.63,0,-5399.92822265625
100000000000000000000004,1,922125000,0,-51.5,4.252194744019,0,0,0.480091979980469,1.63,0,-5399.92822265625
100000000000000000000001,1,922125000,0,-44.5,3.02501011371048,0,0,0.480091979980469,1.63,0,-5399.92822265625
100000000000000000000002,1,922125000,0,-42,6.05002022742097,0,0,0.480091979980469,1.63,0,-5399.92822265625
100000000000000000000003,1,922125000,0,-45.5,2.82866057286112,0,0,0.480091979980469,1.63,0,-5399.92822265625
100000000000000000000000,1,922125000,0,-63,1.70578663612883,0,0,0.480091979980469,1.63,0,-5399.92822265625
100000000000000000000003,1,922125000,0,-45,2.83479649601267,0,0,0.480091979980469,1.63,0,-5399.92822265625
100000000000000000000004,1,922125000,0,-51.5,4.23992289771591,0,0,0.480091979980469,1.63,0,-5399.92822265625
100000000000000000000002,1,922125000,0,-42,6.05615615057251,0,0,0.480091979980469,1.63,0,-5399.92822265625
100000000000000000000001,1,922125000,0,-44.5,3.01887419055894,0,0,0.480091979980469,1.63,0,-5399.92822265625
100000000000000000000000,1,922125000,0,-63,1.67510702037112,0,0,0.480091979980469,1.63,0,-5399.92822265625
100000000000000000000003,1,922125000,0,-45,2.82252464970958,0,0,0.480091979980469,1.63,0,-5399.92822265625
100000000000000000000001,1,922125000,0,-44.5,3.04341788316511,0,0,0.480091979980469,1.63,0,-5399.92822265625
100000000000000000000000,1,922125000,0,-63,1.730330328735,0,0,0.480091979980469,1.63,0,-5399.92822265625
100000000000000000000004,1,922125000,0,-51.5,4.252194744019,0,0,0.480091979980469,1.63,0,-5399.92822265625
100000000000000000000002,1,922125000,0,-42,6.06229207372405,0,0,0.480091979980469,1.63,0,-5399.92822265625
100000000000000000000002,1,922125000,0,-42,6.03774838111788,0,0,0.480091979980469,1.63,0,-5399.92822265625
100000000000000000000004,1,922125000,0,-51.5,4.23378697456437,0,0,0.480091979980469,1.63,0,-5399.92822265625
100000000000000000000003,1,922125000,0,-45.5,2.84706834231575,0,0,0.480091979980469,1.63,0,-5399.92822265625
100000000000000000000000,1,922125000,0,-63,1.73646625188655,0,0,0.480091979980469,1.63,0,-5399.92822265625
100000000000000000000001,1,922125000,0,-44.5,3.03728196001357,0,0,0.480091979980469,1.63,0,-5399.92822265625
100000000000000000000004,1,922125000,0,-51.5,4.23378697456437,0,0,0.480091979980469,1.63,0,-5399.92822265625
100000000000000000000003,1,922125000,0,-45,2.83479649601267,0,0,0.480091979980469,1.63,0,-5399.92822265625
100000000000000000000000,1,922125000,0,-62.5,1.71192255928038,0,0,0.480091979980469,1.63,0,-5399.92822265625
100000000000000000000002,1,922125000,0,-42,6.05615615057251,0,0,0.480091979980469,1.63,0,-5399.92822265625
100000000000000000000001,1,922125000,0,-44.5,3.04341788316511,0,0,0.480091979980469,1.63,0,-5399.92822265625
100000000000000000000001,1,922125000,0,-44.5,3.03728196001357,0,0,0.480091979980469,1.63,0,-5399.92822265625
100000000000000000000003,1,922125000,0,-45,2.83479649601267,0,0,0.480091979980469,1.63,0,-5399.92822265625
100000000000000000000004,1,922125000,0,-51.5,4.2092432819582,0,0,0.480091979980469,1.63,0,-5399.92822265625
100000000000000000000002,1,922125000,0,-42,6.05002022742097,0,0,0.480091979980469,1.63,0,-5399.92822265625
100000000000000000000000,1,922125000,0,-63.5,1.79782548340197,0,0,0.480091979980469,1.63,0,-5399.92822265625
100000000000000000000000,1,922125000,0,-63.5,1.77941771394734,0,0,0.480091979980469,1.63,0,-5399.92822265625
100000000000000000000003,1,922125000,0,-45,2.84706834231575,0,0,0.480091979980469,1.63,0,-5399.92822265625
100000000000000000000001,1,922125000,0,-44.5,3.03114603686203,0,0,0.480091979980469,1.63,0,-5399.92822265625
100000000000000000000004,1,922125000,0,-51.5,4.24605882086745,0,0,0.480091979980469,1.63,0,-5399.92822265625
100000000000000000000002,1,922125000,0,-42,6.03774838111788,0,0,0.480091979980469,1.63,0,-5399.92822265625
100000000000000000000002,1,922125000,0,-42,6.04388430426943,0,0,0.480091979980469,1.63,0,-5399.92822265625
100000000000000000000003,1,922125000,0,-45,2.84093241916421,0,0,0.480091979980469,1.63,0,-5399.92822265625
100000000000000000000000,1,922125000,0,-63,1.85304879176585,0,0,0.480091979980469,1.63,0,-5399.92822265625
100000000000000000000001,1,922125000,0,-44.5,3.03114603686203,0,0,0.480091979980469,1.63,0,-5399.92822265625
100000000000000000000004,1,922125000,0,-51.5,4.252194744019,0,0,0.480091979980469,1.63,0,-5399.92822265625
100000000000000000000000,1,922125000,0,-63,1.76714586764426,0,0,0.480091979980469,1.63,0,-5399.92822265625
100000000000000000000004,1,922125000,0,-51.5,4.23992289771591,0,0,0.480091979980469,1.63,0,-5399.92822265625
100000000000000000000003,1,922125000,0,-45,2.84706834231575,0,0,0.480091979980469,1.63,0,-5399.92822265625
100000000000000000000001,1,922125000,0,-44.5,3.03114603686203,0,0,0.480091979980469,1.63,0,-5399.92822265625
100000000000000000000002,1,922125000,0,-42,6.05615615057251,0,0,0.480091979980469,1.63,0,-5399.92822265625
100000000000000000000002,1,922125000,0,-42,6.06229207372405,0,0,0.480091979980469,1.63,0,-5399.92822265625
100000000000000000000001,1,922125000,0,-44.5,3.03728196001357,0,0,0.480091979980469,1.63,0,-5399.92822265625
100000000000000000000000,1,922125000,0,-63,1.75487402134117,0,0,0.480091979980469,1.63,0,-5399.92822265625
100000000000000000000004,1,922125000,0,-51.5,4.21537920510974,0,0,0.480091979980469,1.63,0,-5399.92822265625
100000000000000000000003,1,922125000,0,-45,2.84706834231575,0,0,0.480091979980469,1.63,0,-5399.92822265625
100000000000000000000000,1,922125000,0,-63,1.79168956025043,0,0,0.480091979980469,1.63,0,-5399.92822265625
100000000000000000000003,1,922125000,0,-45,2.84706834231575,0,0,0.480091979980469,1.63,0,-5399.92822265625
100000000000000000000001,1,922125000,0,-44.5,3.0127382674074,0,0,0.480091979980469,1.63,0,-5399.92822265625
100000000000000000000002,1,922125000,0,-42,6.06229207372405,0,0,0.480091979980469,1.63,0,-5399.92822265625
100000000000000000000004,1,922125000,0,-51.5,4.22151512826128,0,0,0.480091979980469,1.63,0,-5399.92822265625
100000000000000000000003,1,922125000,0,-45,2.84093241916421,0,0,0.480091979980469,1.63,0,-5399.92822265625
100000000000000000000000,1,922125000,0,-63.5,1.7732817907958,0,0,0.480091979980469,1.63,0,-5399.92822265625
100000000000000000000001,1,922125000,0,-44.5,3.03114603686203,0,0,0.480091979980469,1.63,0,-5399.92822265625
100000000000000000000002,1,922125000,0,-42,6.05002022742097,0,0,0.480091979980469,1.63,0,-5399.92822265625
100000000000000000000004,1,922125000,0,-51.5,4.23992289771591,0,0,0.480091979980469,1.63,0,-5399.92822265625
100000000000000000000004,1,922125000,0,-51.5,4.2092432819582,0,0,0.480091979980469,1.63,0,-5399.92822265625
100000000000000000000000,1,922125000,0,-63,1.78555363709889,0,0,0.480091979980469,1.63,0,-5399.92822265625
100000000000000000000001,1,922125000,0,-44.5,3.04341788316511,0,0,0.480091979980469,1.63,0,-5399.92822265625
100000000000000000000002,1,922125000,0,-42,6.05615615057251,0,0,0.480091979980469,1.63,0,-5399.92822265625
100000000000000000000003,1,922125000,0,-45,2.84706834231575,0,0,0.480091979980469,1.63,0,-5399.92822265625
100000000000000000000002,1,922125000,0,-42,6.05002022742097,0,0,0.480091979980469,1.63,0,-5399.92822265625
100000000000000000000001,1,922125000,0,-44.5,3.03728196001357,0,0,0.480091979980469,1.63,0,-5399.92822265625
100000000000000000000003,1,922125000,0,-45,2.83479649601267,0,0,0.480091979980469,1.63,0,-5399.92822265625
100000000000000000000000,1,922125000,0,-63,1.83464102231123,0,0,0.480091979980469,1.63,0,-5399.92822265625
100000000000000000000004,1,922125000,0,-51.5,4.25833066717054,0,0,0.480091979980469,1.63,0,-5399.92822265625
100000000000000000000004,1,922125000,0,-51.5,4.24605882086745,0,0,0.480091979980469,1.63,0,-5399.92822265625
100000000000000000000002,1,922125000,0,-42,6.04388430426943,0,0,0.480091979980469,1.63,0,-5399.92822265625
100000000000000000000003,1,922125000,0,-45,2.84093241916421,0,0,0.480091979980469,1.63,0,-5399.92822265625
100000000000000000000001,1,922125000,0,-44.5,3.04341788316511,0,0,0.480091979980469,1.63,0,-5399.92822265625
100000000000000000000000,1,922125000,0,-63,1.76100994449272,0,0,0.480091979980469,1.63,0,-5399.92822265625
100000000000000000000003,1,922125000,0,-45.5,2.83479649601267,0,0,0.480091979980469,1.63,0,-5399.92822265625
100000000000000000000000,1,922125000,0,-63.5,1.75487402134117,0,0,0.480091979980469,1.63,0,-5399.92822265625
100000000000000000000001,1,922125000,0,-44.5,3.03728196001357,0,0,0.480091979980469,1.63,0,-5399.92822265625
100000000000000000000002,1,922125000,0,-42,6.05002022742097,0,0,0.480091979980469,1.63,0,-5399.92822265625
100000000000000000000004,1,922125000,0,-51.5,4.24605882086745,0,0,0.480091979980469,1.63,0,-5399.92822265625
100000000000000000000004,1,922125000,0,-51.5,4.23992289771591,0,0,0.480091979980469,1.63,0,-5399.92822265625
100000000000000000000000,1,922125000,0,-64,1.7732817907958,0,0,0.480091979980469,1.63,0,-5399.92822265625
100000000000000000000003,1,922125000,0,-45.5,2.84093241916421,0,0,0.480091979980469,1.63,0,-5399.92822265625
100000000000000000000002,1,922125000,0,-42,6.05002022742097,0,0,0.480091979980469,1.63,0,-5399.92822265625
100000000000000000000001,1,922125000,0,-44.5,3.03728196001357,0,0,0.480091979980469,1.63,0,-5399.92822265625
100000000000000000000003,1,922125000,0,-45,2.84093241916421,0,0,0.480091979980469,1.63,0,-5399.92822265625
100000000000000000000000,1,922125000,0,-63.5,1.73646625188655,0,0,0.480091979980469,1.63,0,-5399.92822265625
100000000000000000000001,1,922125000,0,-44.5,3.03728196001357,0,0,0.480091979980469,1.63,0,-5399.92822265625
100000000000000000000002,1,922125000,0,-42,6.04388430426943,0,0,0.480091979980469,1.63,0,-5399.92822265625
100000000000000000000004,1,922125000,0,-51.5,4.24605882086745,0,0,0.480091979980469,1.63,0,-5399.92822265625
100000000000000000000004,1,922125000,0,-51.5,4.25833066717054,0,0,0.480091979980469,1.63,0,-5399.92822265625
100000000000000000000003,1,922125000,0,-45,2.85320426546729,0,0,0.480091979980469,1.63,0,-5399.92822265625
100000000000000000000001,1,922125000,0,-44.5,3.04955380631665,0,0,0.480091979980469,1.63,0,-5399.92822265625
100000000000000000000000,1,922125000,0,-63,1.69965071297729,0,0,0.480091979980469,1.63,0,-5399.92822265625
100000000000000000000002,1,922125000,0,-42,6.0684279968756,0,0,0.480091979980469,1.63,0,-5399.92822265625
100000000000000000000003,1,922125000,0,-45,2.84706834231575,0,0,0.480091979980469,1.63,0,-5399.92822265625
100000000000000000000000,1,922125000,0,-63.5,1.76714586764426,0,0,0.480091979980469,1.63,0,-5399.92822265625
100000000000000000000002,1,922125000,0,-42,6.04388430426943,0,0,0.480091979980469,1.63,0,-5399.92822265625
100000000000000000000001,1,922125000,0,-44.5,3.03114603686203,0,0,0.480091979980469,1.63,0,-5399.92822265625
100000000000000000000004,1,922125000,0,-51,4.26446659032208,0,0,0.480091979980469,1.63,0,-5399.92822265625
100000000000000000000003,1,922125000,0,-45,2.85320426546729,0,0,0.480091979980469,1.63,0,-5399.92822265625
100000000000000000000001,1,922125000,0,-44.5,3.03728196001357,0,0,0.480091979980469,1.63,0,-5399.92822265625
100000000000000000000002,1,922125000,0,-42,6.05002022742097,0,0,0.480091979980469,1.63,0,-5399.92822265625
100000000000000000000004,1,922125000,0,-51.5,4.22151512826128,0,0,0.480091979980469,1.63,0,-5399.92822265625
100000000000000000000000,1,922125000,0,-63.5,1.68124294352266,0,0,0.480091979980469,1.63,0,-5399.92822265625
100000000000000000000004,1,922125000,0,-51.5,4.22151512826128,0,0,0.480091979980469,1.63,0,-5399.92822265625
100000000000000000000000,1,922125000,0,-63,1.68124294352266,0,0,0.480091979980469,1.63,0,-5399.92822265625
100000000000000000000003,1,922125000,0,-45,2.83479649601267,0,0,0.480091979980469,1.63,0,-5399.92822265625
100000000000000000000001,1,922125000,0,-44.5,3.04341788316511,0,0,0.480091979980469,1.63,0,-5399.92822265625
100000000000000000000002,1,922125000,0,-42,6.05002022742097,0,0,0.480091979980469,1.63,0,-5399.92822265625
100000000000000000000000,1,922125000,0,-63,1.71192255928038,0,0,0.480091979980469,1.63,0,-5399.92822265625
100000000000000000000001,1,922125000,0,-44.5,3.04341788316511,0,0,0.480091979980469,1.63,0,-5399.92822265625
100000000000000000000004,1,922125000,0,-51.5,4.24605882086745,0,0,0.480091979980469,1.63,0,-5399.92822265625
100000000000000000000003,1,922125000,0,-45,2.84706834231575,0,0,0.480091979980469,1.63,0,-5399.92822265625
100000000000000000000002,1,922125000,0,-42,6.05002022742097,0,0,0.480091979980469,1.63,0,-5399.92822265625
100000000000000000000004,1,922125000,0,-51.5,4.23992289771591,0,0,0.480091979980469,1.63,0,-5399.92822265625
100000000000000000000000,1,922125000,0,-63.5,1.70578663612883,0,0,0.480091979980469,1.63,0,-5399.92822265625
100000000000000000000002,1,922125000,0,-42,6.05002022742097,0,0,0.480091979980469,1.63,0,-5399.92822265625
100000000000000000000003,1,922125000,0,-45,2.84706834231575,0,0,0.480091979980469,1.63,0,-5399.92822265625
100000000000000000000001,1,922125000,0,-44.5,3.04955380631665,0,0,0.480091979980469,1.63,0,-5399.92822265625
100000000000000000000000,1,922125000,0,-63,1.74873809818963,0,0,0.480091979980469,1.63,0,-5399.92822265625
100000000000000000000001,1,922125000,0,-44.5,3.03728196001357,0,0,0.480091979980469,1.63,0,-5399.92822265625
100000000000000000000004,1,922125000,0,-51.5,4.26446659032208,0,0,0.480091979980469,1.63,0,-5399.92822265625
100000000000000000000002,1,922125000,0,-42,6.06229207372405,0,0,0.480091979980469,1.63,0,-5399.92822265625
100000000000000000000003,1,922125000,0,-45,2.82866057286112,0,0,0.480091979980469,1.63,0,-5399.92822265625
100000000000000000000002,1,922125000,0,-42,6.05002022742097,0,0,0.480091979980469,1.63,0,-5399.92822265625
100000000000000000000003,1,922125000,0,-45,2.84093241916421,0,0,0.480091979980469,1.63,0,-5399.92822265625
100000000000000000000001,1,922125000,0,-44.5,3.03114603686203,0,0,0.480091979980469,1.63,0,-5399.92822265625
100000000000000000000000,1,922125000,0,-63,1.71192255928038,0,0,0.480091979980469,1.63,0,-5399.92822265625
100000000000000000000004,1,922125000,0,-51,4.23992289771591,0,0,0.480091979980469,1.63,0,-5399.92822265625
100000000000000000000002,1,922125000,0,-42,6.05002022742097,0,0,0.480091979980469,1.63,0,-5399.92822265625
100000000000000000000004,1,922125000,0,-51.5,4.21537920510974,0,0,0.480091979980469,1.63,0,-5399.92822265625
100000000000000000000000,1,922125000,0,-63,1.76100994449272,0,0,0.480091979980469,1.63,0,-5399.92822265625
100000000000000000000001,1,922125000,0,-44.5,3.03114603686203,0,0,0.480091979980469,1.63,0,-5399.92822265625
100000000000000000000003,1,922125000,0,-45,2.83479649601267,0,0,0.480091979980469,1.63,0,-5399.92822265625
100000000000000000000002,1,922125000,0,-42,6.03774838111788,0,0,0.480091979980469,1.63,0,-5399.92822265625
100000000000000000000003,1,922125000,0,-45,2.84706834231575,0,0,0.480091979980469,1.63,0,-5399.92822265625
100000000000000000000001,1,922125000,0,-44.5,3.03728196001357,0,0,0.480091979980469,1.63,0,-5399.92822265625
100000000000000000000004,1,922125000,0,-51.5,4.252194744019,0,0,0.480091979980469,1.63,0,-5399.92822265625
100000000000000000000000,1,922125000,0,-63.5,1.71805848243192,0,0,0.480091979980469,1.63,0,-5399.92822265625
100000000000000000000002,1,922125000,0,-42,6.03774838111788,0,0,0.480091979980469,1.63,0,-5399.92822265625
100000000000000000000001,1,922125000,0,-44.5,3.03114603686203,0,0,0.480091979980469,1.63,0,-5399.92822265625
100000000000000000000003,1,922125000,0,-45,2.84093241916421,0,0,0.480091979980469,1.63,0,-5399.92822265625
100000000000000000000000,1,922125000,0,-63,1.63215555831032,0,0,0.480091979980469,1.63,0,-5399.92822265625
100000000000000000000004,1,922125000,0,-51.5,4.252194744019,0,0,0.480091979980469,1.63,0,-5399.92822265625
100000000000000000000002,1,922125000,0,-42,6.05615615057251,0,0,0.480091979980469,1.63,0,-5399.92822265625
100000000000000000000003,1,922125000,0,-45,2.84093241916421,0,0,0.480091979980469,1.63,0,-5399.92822265625
100000000000000000000004,1,922125000,0,-51.5,4.21537920510974,0,0,0.480091979980469,1.63,0,-5399.92822265625
100000000000000000000001,1,922125000,0,-44.5,3.03728196001357,0,0,0.480091979980469,1.63,0,-5399.92822265625
100000000000000000000000,1,922125000,0,-63,1.71192255928038,0,0,0.480091979980469,1.63,0,-5399.92822265625
100000000000000000000004,1,922125000,0,-51.5,4.24605882086745,0,0,0.480091979980469,1.63,0,-5399.92822265625
100000000000000000000002,1,922125000,0,-42,6.04388430426943,0,0,0.480091979980469,1.63,0,-5399.92822265625
100000000000000000000000,1,922125000,0,-63,1.75487402134117,0,0,0.480091979980469,1.63,0,-5399.92822265625
100000000000000000000003,1,922125000,0,-45,2.83479649601267,0,0,0.480091979980469,1.63,0,-5399.92822265625
100000000000000000000001,1,922125000,0,-44.5,3.03728196001357,0,0,0.480091979980469,1.63,0,-5399.92822265625
100000000000000000000000,1,922125000,0,-63.5,1.7732817907958,0,0,0.480091979980469,1.63,0,-5399.92822265625
100000000000000000000002,1,922125000,0,-42,6.04388430426943,0,0,0.480091979980469,1.63,0,-5399.92822265625
100000000000000000000004,1,922125000,0,-51.5,4.27673843662517,0,0,0.480091979980469,1.63,0,-5399.92822265625
100000000000000000000001,1,922125000,0,-44.5,3.03728196001357,0,0,0.480091979980469,1.63,0,-5399.92822265625
100000000000000000000003,1,922125000,0,-45.5,2.84706834231575,0,0,0.480091979980469,1.63,0,-5399.92822265625
100000000000000000000002,1,922125000,0,-42,6.04388430426943,0,0,0.480091979980469,1.63,0,-5399.92822265625
100000000000000000000001,1,922125000,0,-44.5,3.01887419055894,0,0,0.480091979980469,1.63,0,-5399.92822265625
100000000000000000000000,1,922125000,0,-63,1.78555363709889,0,0,0.480091979980469,1.63,0,-5399.92822265625
100000000000000000000004,1,922125000,0,-51.5,4.22151512826128,0,0,0.480091979980469,1.63,0,-5399.92822265625
100000000000000000000003,1,922125000,0,-45,2.84706834231575,0,0,0.480091979980469,1.63,0,-5399.92822265625
100000000000000000000004,1,922125000,0,-51,4.23992289771591,0,0,0.480091979980469,1.63,0,-5399.92822265625
100000000000000000000000,1,922125000,0,-63,1.74260217503809,0,0,0.480091979980469,1.63,0,-5399.92822265625
100000000000000000000003,1,922125000,0,-45.5,2.83479649601267,0,0,0.480091979980469,1.63,0,-5399.92822265625
100000000000000000000001,1,922125000,0,-44.5,3.04341788316511,0,0,0.480091979980469,1.63,0,-5399.92822265625
100000000000000000000002,1,922125000,0,-42,6.04388430426943,0,0,0.480091979980469,1.63,0,-5399.92822265625
100000000000000000000003,1,922125000,0,-45,2.82866057286112,0,0,0.480091979980469,1.63,0,-5399.92822265625
100000000000000000000002,1,922125000,0,-42,6.05002022742097,0,0,0.480091979980469,1.63,0,-5399.92822265625
100000000000000000000000,1,922125000,0,-63.5,1.7732817907958,0,0,0.480091979980469,1.63,0,-5399.92822265625
100000000000000000000004,1,922125000,0,-51.5,4.23992289771591,0,0,0.480091979980469,1.63,0,-5399.92822265625
100000000000000000000001,1,922125000,0,-44.5,3.06182565261974,0,0,0.480091979980469,1.63,0,-5399.92822265625
100000000000000000000000,1,922125000,0,-63.5,1.64442740461341,0,0,0.480091979980469,1.63,0,-5399.92822265625
100000000000000000000001,1,922125000,0,-44.5,3.02501011371048,0,0,0.480091979980469,1.63,0,-5399.92822265625
100000000000000000000004,1,922125000,0,-51.5,4.24605882086745,0,0,0.480091979980469,1.63,0,-5399.92822265625
100000000000000000000003,1,922125000,0,-45,2.84093241916421,0,0,0.480091979980469,1.63,0,-5399.92822265625
100000000000000000000002,1,922125000,0,-42,6.05615615057251,0,0,0.480091979980469,1.63,0,-5399.92822265625
100000000000000000000001,1,922125000,0,-44.5,3.03114603686203,0,0,0.480091979980469,1.63,0,-5399.92822265625
100000000000000000000002,1,922125000,0,-42,6.04388430426943,0,0,0.480091979980469,1.63,0,-5399.92822265625
100000000000000000000004,1,922125000,0,-51,4.24605882086745,0,0,0.480091979980469,1.63,0,-5399.92822265625
100000000000000000000003,1,922125000,0,-45,2.84093241916421,0,0,0.480091979980469,1.63,0,-5399.92822265625
100000000000000000000000,1,922125000,0,-63,1.69965071297729,0,0,0.480091979980469,1.63,0,-5399.92822265625
100000000000000000000004,1,922125000,0,-51.5,4.22151512826128,0,0,0.480091979980469,1.63,0,-5399.92822265625
100000000000000000000000,1,922125000,0,-63,1.730330328735,0,0,0.480091979980469,1.63,0,-5399.92822265625
100000000000000000000002,1,922125000,0,-42,6.03774838111788,0,0,0.480091979980469,1.63,0,-5399.92822265625
100000000000000000000003,1,922125000,0,-45.5,2.83479649601267,0,0,0.480091979980469,1.63,0,-5399.92822265625
100000000000000000000001,1,922125000,0,-44.5,3.01887419055894,0,0,0.480091979980469,1.63,0,-5399.92822265625
100000000000000000000001,1,922125000,0,-44.5,3.03114603686203,0,0,0.480091979980469,1.63,0,-5399.92822265625
100000000000000000000000,1,922125000,0,-63.5,1.85304879176585,0,0,0.480091979980469,1.63,0,-5399.92822265625
100000000000000000000002,1,922125000,0,-42,6.06229207372405,0,0,0.480091979980469,1.63,0,-5399.92822265625
100000000000000000000003,1,922125000,0,-45,2.84706834231575,0,0,0.480091979980469,1.63,0,-5399.92822265625
100000000000000000000004,1,922125000,0,-51,4.23992289771591,0,0,0.480091979980469,1.63,0,-5399.92822265625
100000000000000000000003,1,922125000,0,-45.5,2.84093241916421,0,0,0.480091979980469,1.63,0,-5399.92822265625
100000000000000000000000,1,922125000,0,-63,1.79168956025043,0,0,0.480091979980469,1.63,0,-5399.92822265625
100000000000000000000004,1,922125000,0,-51.5,4.252194744019,0,0,0.480091979980469,1.63,0,-5399.92822265625
100000000000000000000002,1,922125000,0,-42,6.05615615057251,0,0,0.480091979980469,1.63,0,-5399.92822265625
100000000000000000000001,1,922125000,0,-44.5,3.02501011371048,0,0,0.480091979980469,1.63,0,-5399.92822265625
100000000000000000000004,1,922125000,0,-51.5,4.252194744019,0,0,0.480091979980469,1.63,0,-5399.92822265625
100000000000000000000001,1,922125000,0,-44.5,3.03728196001357,0,0,0.480091979980469,1.63,0,-5399.92822265625
100000000000000000000003,1,922125000,0,-45.5,2.84706834231575,0,0,0.480091979980469,1.63,0,-5399.92822265625
100000000000000000000000,1,922125000,0,-63.5,1.76714586764426,0,0,0.480091979980469,1.63,0,-5399.92822265625
100000000000000000000002,1,922125000,0,-42,6.04388430426943,0,0,0.480091979980469,1.63,0,-5399.92822265625
100000000000000000000001,1,922125000,0,-44.5,3.03114603686203,0,0,0.480091979980469,1.63,0,-5399.92822265625
100000000000000000000002,1,922125000,0,-42,6.03161245796634,0,0,0.480091979980469,1.63,0,-5399.92822265625
100000000000000000000003,1,922125000,0,-45,2.83479649601267,0,0,0.480091979980469,1.63,0,-5399.92822265625
100000000000000000000004,1,922125000,0,-51.5,4.24605882086745,0,0,0.480091979980469,1.63,0,-5399.92822265625
100000000000000000000000,1,922125000,0,-63.5,1.8162332528566,0,0,0.480091979980469,1.63,0,-5399.92822265625
100000000000000000000002,1,922125000,0,-42,6.03774838111788,0,0,0.480091979980469,1.63,0,-5399.92822265625
100000000000000000000000,1,922125000,0,-63,1.730330328735,0,0,0.480091979980469,1.63,0,-5399.92822265625
100000000000000000000003,1,922125000,0,-45,2.83479649601267,0,0,0.480091979980469,1.63,0,-5399.92822265625
100000000000000000000004,1,922125000,0,-51.5,4.20310735880666,0,0,0.480091979980469,1.63,0,-5399.92822265625
100000000000000000000001,1,922125000,0,-44.5,3.04341788316511,0,0,0.480091979980469,1.63,0,-5399.92822265625
100000000000000000000003,1,922125000,0,-45,2.84093241916421,0,0,0.480091979980469,1.63,0,-5399.92822265625
100000000000000000000001,1,922125000,0,-44.5,3.03114603686203,0,0,0.480091979980469,1.63,0,-5399.92822265625
100000000000000000000000,1,922125000,0,-63,1.79168956025043,0,0,0.480091979980469,1.63,0,-5399.92822265625
100000000000000000000004,1,922125000,0,-51.5,4.24605882086745,0,0,0.480091979980469,1.63,0,-5399.92822265625
100000000000000000000002,1,922125000,0,-42,6.06229207372405,0,0,0.480091979980469,1.63,0,-5399.92822265625
100000000000000000000002,1,922125000,0,-42,6.03774838111788,0,0,0.480091979980469,1.63,0,-5399.92822265625
100000000000000000000000,1,922125000,0,-63,1.76714586764426,0,0,0.480091979980469,1.63,0,-5399.92822265625
100000000000000000000004,1,922125000,0,-51.5,4.252194744019,0,0,0.480091979980469,1.63,0,-5399.92822265625
100000000000000000000003,1,922125000,0,-45,2.84093241916421,0,0,0.480091979980469,1.63,0,-5399.92822265625
100000000000000000000001,1,922125000,0,-44.5,3.04955380631665,0,0,0.480091979980469,1.63,0,-5399.92822265625
100000000000000000000003,1,922125000,0,-45,2.84706834231575,0,0,0.480091979980469,1.63,0,-5399.92822265625
100000000000000000000001,1,922125000,0,-44.5,3.03114603686203,0,0,0.480091979980469,1.63,0,-5399.92822265625
100000000000000000000002,1,922125000,0,-42,6.05615615057251,0,0,0.480091979980469,1.63,0,-5399.92822265625
100000000000000000000004,1,922125000,0,-51,4.252194744019,0,0,0.480091979980469,1.63,0,-5399.92822265625
100000000000000000000000,1,922125000,0,-63.5,1.74260217503809,0,0,0.480091979980469,1.63,0,-5399.92822265625
100000000000000000000004,1,922625000,0,-51,4.44240836171682,0,0,0.480091979980469,1.63,0,-5399.92822265625
100000000000000000000002,1,922625000,0,-42.5,0.0122718463030855,0,0,0.480091979980469,1.63,0,-5399.92822265625
100000000000000000000001,1,922625000,0,-44.5,3.2581751934691,0,0,0.480091979980469,1.63,0,-5399.92822265625
100000000000000000000003,1,922625000,0,-45.5,3.06182565261974,0,0,0.480091979980469,1.63,0,-5399.92822265625
100000000000000000000000,1,922625000,0,-64,1.82850509915968,0,0,0.480091979980469,1.63,0,-5399.92822265625
100000000000000000000002,1,922625000,0,-42.5,0.0184077694546279,0,0,0.480091979980469,1.63,0,-5399.92822265625
100000000000000000000000,1,922625000,0,-64,1.83464102231123,0,0,0.480091979980469,1.63,0,-5399.92822265625
100000000000000000000003,1,922625000,0,-45.5,3.06182565261974,0,0,0.480091979980469,1.63,0,-5399.92822265625
100000000000000000000001,1,922625000,0,-44.5,3.28271888607527,0,0,0.480091979980469,1.63,0,-5399.92822265625
100000000000000000000004,1,922625000,0,-51,4.43013651541373,0,0,0.480091979980469,1.63,0,-5399.92822265625
100000000000000000000001,1,922625000,0,-44.5,3.2581751934691,0,0,0.480091979980469,1.63,0,-5399.92822265625
100000000000000000000003,1,922625000,0,-45.5,3.06182565261974,0,0,0.480091979980469,1.63,0,-5399.92822265625
100000000000000000000000,1,922625000,0,-64,1.92054394643282,0,0,0.480091979980469,1.63,0,-5399.92822265625
100000000000000000000002,1,922625000,0,-42.5,0.0122718463030855,0,0,0.480091979980469,1.63,0,-5399.92822265625
100000000000000000000004,1,922625000,0,-51,4.4117287459591,0,0,0.480091979980469,1.63,0,-5399.92822265625
100000000000000000000003,1,922625000,0,-45.5,3.08023342207437,0,0,0.480091979980469,1.63,0,-5399.92822265625
100000000000000000000004,1,922625000,0,-51,4.43013651541373,0,0,0.480091979980469,1.63,0,-5399.92822265625
100000000000000000000002,1,922625000,0,-42.5,0.0245436926061702,0,0,0.480091979980469,1.63,0,-5399.92822265625
100000000000000000000001,1,922625000,0,-44.5,3.28885480922681,0,0,0.480091979980469,1.63,0,-5399.92822265625
100000000000000000000000,1,922625000,0,-64,1.76714586764426,0,0,0.480091979980469,1.63,0,-5399.92822265625
100000000000000000000001,1,922625000,0,-44.5,3.25203927031756,0,0,0.480091979980469,1.63,0,-5399.92822265625
100000000000000000000000,1,922625000,0,-64,1.87145656122048,0,0,0.480091979980469,1.63,0,-5399.92822265625
100000000000000000000004,1,922625000,0,-51,4.43013651541373,0,0,0.480091979980469,1.63,0,-5399.92822265625
100000000000000000000003,1,922625000,0,-45.5,3.06182565261974,0,0,0.480091979980469,1.63,0,-5399.92822265625
100000000000000000000002,1,922625000,0,-42.5,0.0368155389092557,0,0,0.480091979980469,1.63,0,-5399.92822265625
100000000000000000000003,1,922625000,0,-45.5,3.0556897294682,0,0,0.480091979980469,1.63,0,-5399.92822265625
100000000000000000000001,1,922625000,0,-44.5,3.28885480922681,0,0,0.480091979980469,1.63,0,-5399.92822265625
100000000000000000000000,1,922625000,0,-64,1.8162332528566,0,0,0.480091979980469,1.63,0,-5399.92822265625
100000000000000000000002,1,922625000,0,-42.5,0.0490873852123404,0,0,0.480091979980469,1.63,0,-5399.92822265625
100000000000000000000004,1,922625000,0,-51,4.44240836171682,0,0,0.480091979980469,1.63,0,-5399.92822265625
100000000000000000000004,1,922625000,0,-50.5,4.43627243856527,0,0,0.480091979980469,1.63,0,-5399.92822265625
100000000000000000000002,1,922625000,0,-42.5,0.0245436926061702,0,0,0.480091979980469,1.63,0,-5399.92822265625
100000000000000000000003,1,922625000,0,-45.5,3.0556897294682,0,0,0.480091979980469,1.63,0,-5399.92822265625
100000000000000000000001,1,922625000,0,-44.5,3.27658296292373,0,0,0.480091979980469,1.63,0,-5399.92822265625
100000000000000000000000,1,922625000,0,-64.5,1.79782548340197,0,0,0.480091979980469,1.63,0,-5399.92822265625
100000000000000000000004,1,922625000,0,-51,4.43627243856527,0,0,0.480091979980469,1.63,0,-5399.92822265625
100000000000000000000003,1,922625000,0,-45.5,3.04955380631665,0,0,0.480091979980469,1.63,0,-5399.92822265625
100000000000000000000000,1,922625000,0,-64.5,1.7732817907958,0,0,0.480091979980469,1.63,0,-5399.92822265625
100000000000000000000001,1,922625000,0,-44.5,3.25203927031756,0,0,0.480091979980469,1.63,0,-5399.92822265625
100000000000000000000002,1,922625000,0,-42.5,0.00613592315154232,0,0,0.480091979980469,1.63,0,-5399.92822265625
100000000000000000000003,1,922625000,0,-45,3.0556897294682,0,0,0.480091979980469,1.63,0,-5399.92822265625
100000000000000000000000,1,922625000,0,-64,1.79168956025043,0,0,0.480091979980469,1.63,0,-5399.92822265625
100000000000000000000002,1,922625000,0,-42.5,0.00613592315154232,0,0,0.480091979980469,1.63,0,-5399.92822265625
100000000000000000000001,1,922625000,0,-44.5,3.27044703977219,0,0,0.480091979980469,1.63,0,-5399.92822265625
100000000000000000000004,1,922625000,0,-50.5,4.43013651541373,0,0,0.480091979980469,1.63,0,-5399.92822265625
100000000000000000000000,1,922625000,0,-63.5,1.93281579273591,0,0,0.480091979980469,1.63,0,-5399.92822265625
100000000000000000000003,1,922625000,0,-45.5,3.04955380631665,0,0,0.480091979980469,1.63,0,-5399.92822265625
100000000000000000000001,1,922625000,0,-44.5,3.27658296292373,0,0,0.480091979980469,1.63,0,-5399.92822265625
100000000000000000000002,1,922625000,0,-42.5,0.0306796157577125,0,0,0.480091979980469,1.63,0,-5399.92822265625
100000000000000000000004,1,922625000,0,-51,4.42400059226219,0,0,0.480091979980469,1.63,0,-5399.92822265625
100000000000000000000002,1,922625000,0,-42.5,0.0245436926061702,0,0,0.480091979980469,1.63,0,-5399.92822265625
100000000000000000000003,1,922625000,0,-45.5,3.06796157577128,0,0,0.480091979980469,1.63,0,-5399.92822265625
100000000000000000000004,1,922625000,0,-50.5,4.40559282280756,0,0,0.480091979980469,1.63,0,-5399.92822265625
100000000000000000000001,1,922625000,0,-44.5,3.28271888607527,0,0,0.480091979980469,1.63,0,-5399.92822265625
100000000000000000000000,1,922625000,0,-64,1.77941771394734,0,0,0.480091979980469,1.63,0,-5399.92822265625
100000000000000000000002,1,922625000,0,-42.5,0.00613592315154232,0,0,0.480091979980469,1.63,0,-5399.92822265625
100000000000000000000004,1,922625000,0,-51,4.41786466911065,0,0,0.480091979980469,1.63,0,-5399.92822265625
100000000000000000000001,1,922625000,0,-44.5,3.2581751934691,0,0,0.480091979980469,1.63,0,-5399.92822265625
100000000000000000000003,1,922625000,0,-45.5,3.04341788316511,0,0,0.480091979980469,1.63,0,-5399.92822265625
100000000000000000000000,1,922625000,0,-63.5,1.79168956025043,0,0,0.480091979980469,1.63,0,-5399.92822265625
100000000000000000000001,1,922625000,0,-44.5,3.26431111662064,0,0,0.480091979980469,1.63,0,-5399.92822265625
100000000000000000000002,1,922625000,0,-42.5,0.0184077694546279,0,0,0.480091979980469,1.63,0,-5399.92822265625
100000000000000000000003,1,922625000,0,-45.5,3.06796157577128,0,0,0.480091979980469,1.63,0,-5399.92822265625
100000000000000000000000,1,922625000,0,-64,1.93895171588745,0,0,0.480091979980469,1.63,0,-5399.92822265625
100000000000000000000004,1,922625000,0,-51,4.44240836171682,0,0,0.480091979980469,1.63,0,-5399.92822265625
100000000000000000000001,1,922625000,0,-44.5,3.27044703977219,0,0,0.480091979980469,1.63,0,-5399.92822265625
100000000000000000000002,1,922625000,0,-42.5,0.0490873852123404,0,0,0.480091979980469,1.63,0,-5399.92822265625
100000000000000000000003,1,922625000,0,-45.5,3.07409749892282,0,0,0.480091979980469,1.63,0,-5399.92822265625
100000000000000000000004,1,922625000,0,-51,4.4117287459591,0,0,0.480091979980469,1.63,0,-5399.92822265625
100000000000000000000000,1,922625000,0,-64.5,1.88986433067511,0,0,0.480091979980469,1.63,0,-5399.92822265625
100000000000000000000003,1,922625000,0,-45.5,3.07409749892282,0,0,0.480091979980469,1.63,0,-5399.92822265625
100000000000000000000004,1,922625000,0,-51,4.40559282280756,0,0,0.480091979980469,1.63,0,-5399.92822265625
100000000000000000000000,1,922625000,0,-64.5,1.82236917600814,0,0,0.480091979980469,1.63,0,-5399.92822265625
100000000000000000000001,1,922625000,0,-44.5,3.2581751934691,0,0,0.480091979980469,1.63,0,-5399.92822265625
100000000000000000000002,1,922625000,0,-42.5,0.0184077694546279,0,0,0.480091979980469,1.63,0,-5399.92822265625
100000000000000000000003,1,922625000,0,-45.5,3.03728196001357,0,0,0.480091979980469,1.63,0,-5399.92822265625
100000000000000000000000,1,922625000,0,-64,1.85304879176585,0,0,0.480091979980469,1.63,0,-5399.92822265625
100000000000000000000004,1,922625000,0,-51,4.40559282280756,0,0,0.480091979980469,1.63,0,-5399.92822265625
100000000000000000000002,1,922625000,0,-42.5,6.28318530717959,0,0,0.480091979980469,1.63,0,-5399.92822265625
100000000000000000000001,1,922625000,0,-44.5,3.24590334716602,0,0,0.480091979980469,1.63,0,-5399.92822265625
100000000000000000000000,1,922625000,0,-64.5,1.88986433067511,0,0,0.480091979980469,1.63,0,-5399.92822265625
100000000000000000000004,1,922625000,0,-51,4.42400059226219,0,0,0.480091979980469,1.63,0,-5399.92822265625
100000000000000000000003,1,922625000,0,-45.5,3.06182565261974,0,0,0.480091979980469,1.63,0,-5399.92822265625
100000000000000000000002,1,922625000,0,-42.5,0.0122718463030855,0,0,0.480091979980469,1.63,0,-5399.92822265625
100000000000000000000001,1,922625000,0,-44.5,3.2581751934691,0,0,0.480091979980469,1.63,0,-5399.92822265625
100000000000000000000000,1,922625000,0,-64,1.74873809818963,0,0,0.480091979980469,1.63,0,-5399.92822265625
100000000000000000000003,1,922625000,0,-45.5,3.06796157577128,0,0,0.480091979980469,1.63,0,-5399.92822265625
100000000000000000000001,1,922625000,0,-44.5,3.29499073237836,0,0,0.480091979980469,1.63,0,-5399.92822265625
100000000000000000000002,1,922625000,0,-42.5,0.0184077694546279,0,0,0.480091979980469,1.63,0,-5399.92822265625
100000000000000000000004,1,922625000,0,-51,4.44854428486836,0,0,0.480091979980469,1.63,0,-5399.92822265625
100000000000000000000001,1,922625000,0,-44.5,3.2581751934691,0,0,0.480091979980469,1.63,0,-5399.92822265625
100000000000000000000000,1,922625000,0,-63.5,1.79782548340197,0,0,0.480091979980469,1.63,0,-5399.92822265625
100000000000000000000002,1,922625000,0,-42.5,0.0306796157577125,0,0,0.480091979980469,1.63,0,-5399.92822265625
100000000000000000000003,1,922625000,0,-45.5,3.04955380631665,0,0,0.480091979980469,1.63,0,-5399.92822265625
100000000000000000000004,1,922625000,0,-51,4.43013651541373,0,0,0.480091979980469,1.63,0,-5399.92822265625
100000000000000000000004,1,922625000,0,-50.5,4.41786466911065,0,0,0.480091979980469,1.63,0,-5399.92822265625
100000000000000000000002,1,922625000,0,-42.5,0.0184077694546279,0,0,0.480091979980469,1.63,0,-5399.92822265625
100000000000000000000001,1,922625000,0,-44.5,3.27658296292373,0,0,0.480091979980469,1.63,0,-5399.92822265625
100000000000000000000000,1,922625000,0,-64,1.88986433067511,0,0,0.480091979980469,1.63,0,-5399.92822265625
100000000000000000000003,1,922625000,0,-45.5,3.07409749892282,0,0,0.480091979980469,1.63,0,-5399.92822265625
100000000000000000000002,1,922625000,0,-42.5,0.0368155389092557,0,0,0.480091979980469,1.63,0,-5399.92822265625
100000000000000000000001,1,922625000,0,-44.5,3.24590334716602,0,0,0.480091979980469,1.63,0,-5399.92822265625
100000000000000000000000,1,922625000,0,-64.5,1.80396140655351,0,0,0.480091979980469,1.63,0,-5399.92822265625
100000000000000000000003,1,922625000,0,-45.5,3.06182565261974,0,0,0.480091979980469,1.63,0,-5399.92822265625
100000000000000000000004,1,922625000,0,-51,4.41786466911065,0,0,0.480091979980469,1.63,0,-5399.92822265625
100000000000000000000003,1,922625000,0,-45.5,3.06182565261974,0,0,0.480091979980469,1.63,0,-5399.92822265625
100000000000000000000000,1,922625000,0,-64.5,1.84691286861431,0,0,0.480091979980469,1.63,0,-5399.92822265625
100000000000000000000002,1,922625000,0,-42.5,0.0122718463030855,0,0,0.480091979980469,1.63,0,-5399.92822265625
100000000000000000000004,1,922625000,0,-51,4.43627243856527,0,0,0.480091979980469,1.63,0,-5399.92822265625
100000000000000000000001,1,922625000,0,-44.5,3.27658296292373,0,0,0.480091979980469,1.63,0,-5399.92822265625
100000000000000000000000,1,922625000,0,-64,1.76714586764426,0,0,0.480091979980469,1.63,0,-5399.92822265625
100000000000000000000001,1,922625000,0,-44.5,3.27658296292373,0,0,0.480091979980469,1.63,0,-5399.92822265625
100000000000000000000002,1,922625000,0,-42.5,0.0122718463030855,0,0,0.480091979980469,1.63,0,-5399.92822265625
100000000000000000000003,1,922625000,0,-45.5,3.06182565261974,0,0,0.480091979980469,1.63,0,-5399.92822265625
100000000000000000000004,1,922625000,0,-51,4.38718505335293,0,0,0.480091979980469,1.63,0,-5399.92822265625
100000000000000000000000,1,922625000,0,-64,1.79168956025043,0,0,0.480091979980469,1.63,0,-5399.92822265625
100000000000000000000002,1,922625000,0,-42.5,0.0184077694546279,0,0,0.480091979980469,1.63,0,-5399.92822265625
100000000000000000000004,1,922625000,0,-50.5,4.43627243856527,0,0,0.480091979980469,1.63,0,-5399.92822265625
100000000000000000000003,1,922625000,0,-45.5,3.06796157577128,0,0,0.480091979980469,1.63,0,-5399.92822265625
100000000000000000000001,1,922625000,0,-44.5,3.27658296292373,0,0,0.480091979980469,1.63,0,-5399.92822265625
100000000000000000000000,1,922625000,0,-64.5,1.79782548340197,0,0,0.480091979980469,1.63,0,-5399.92822265625
100000000000000000000001,1,922625000,0,-44.5,3.2581751934691,0,0,0.480091979980469,1.63,0,-5399.92822265625
100000000000000000000004,1,922625000,0,-51,4.43013651541373,0,0,0.480091979980469,1.63,0,-5399.92822265625
100000000000000000000003,1,922625000,0,-45.5,3.06796157577128,0,0,0.480091979980469,1.63,0,-5399.92822265625
100000000000000000000002,1,922625000,0,-42.5,0.0245436926061702,0,0,0.480091979980469,1.63,0,-5399.92822265625
100000000000000000000004,1,922625000,0,-51,4.43013651541373,0,0,0.480091979980469,1.63,0,-5399.92822265625
100000000000000000000003,1,922625000,0,-45.5,3.06182565261974,0,0,0.480091979980469,1.63,0,-5399.92822265625
100000000000000000000000,1,922625000,0,-64.5,1.82236917600814,0,0,0.480091979980469,1.63,0,-5399.92822265625
100000000000000000000002,1,922625000,0,-42.5,0.0306796157577125,0,0,0.480091979980469,1.63,0,-5399.92822265625
100000000000000000000001,1,922625000,0,-44.5,3.27044703977219,0,0,0.480091979980469,1.63,0,-5399.92822265625
100000000000000000000000,1,922625000,0,-64.5,1.84077694546277,0,0,0.480091979980469,1.63,0,-5399.92822265625
100000000000000000000002,1,922625000,0,-42.5,0.0245436926061702,0,0,0.480091979980469,1.63,0,-5399.92822265625
100000000000000000000001,1,922625000,0,-44.5,3.2581751934691,0,0,0.480091979980469,1.63,0,-5399.92822265625
100000000000000000000003,1,922625000,0,-45.5,3.06182565261974,0,0,0.480091979980469,1.63,0,-5399.92822265625
100000000000000000000004,1,922625000,0,-51,4.43013651541373,0,0,0.480091979980469,1.63,0,-5399.92822265625
100000000000000000000000,1,922625000,0,-64.5,1.84077694546277,0,0,0.480091979980469,1.63,0,-5399.92822265625
100000000000000000000003,1,922625000,0,-45.5,3.04955380631665,0,0,0.480091979980469,1.63,0,-5399.92822265625
100000000000000000000001,1,922625000,0,-44.5,3.27044703977219,0,0,0.480091979980469,1.63,0,-5399.92822265625
100000000000000000000002,1,922625000,0,-42.5,0.0368155389092557,0,0,0.480091979980469,1.63,0,-5399.92822265625
100000000000000000000004,1,922625000,0,-51,4.42400059226219,0,0,0.480091979980469,1.63,0,-5399.92822265625
100000000000000000000002,1,922625000,0,-42.5,0.0122718463030855,0,0,0.480091979980469,1.63,0,-5399.92822265625
100000000000000000000001,1,922625000,0,-44.5,3.27044703977219,0,0,0.480091979980469,1.63,0,-5399.92822265625
100000000000000000000004,1,922625000,0,-51,4.44854428486836,0,0,0.480091979980469,1.63,0,-5399.92822265625
100000000000000000000000,1,922625000,0,-64,1.78555363709889,0,0,0.480091979980469,1.63,0,-5399.92822265625
100000000000000000000003,1,922625000,0,-45.5,3.0556897294682,0,0,0.480091979980469,1.63,0,-5399.92822265625
100000000000000000000003,1,922625000,0,-45.5,3.0556897294682,0,0,0.480091979980469,1.63,0,-5399.92822265625
100000000000000000000000,1,922625000,0,-64.5,1.81009732970506,0,0,0.480091979980469,1.63,0,-5399.92822265625
100000000000000000000002,1,922625000,0,-42.5,0.0245436926061702,0,0,0.480091979980469,1.63,0,-5399.92822265625
100000000000000000000001,1,922625000,0,-44.5,3.26431111662064,0,0,0.480091979980469,1.63,0,-5399.92822265625
100000000000000000000004,1,922625000,0,-51,4.43013651541373,0,0,0.480091979980469,1.63,0,-5399.92822265625
100000000000000000000004,1,922625000,0,-50.5,4.44240836171682,0,0,0.480091979980469,1.63,0,-5399.92822265625
100000000000000000000002,1,922625000,0,-42.5,0.0122718463030855,0,0,0.480091979980469,1.63,0,-5399.92822265625
100000000000000000000001,1,922625000,0,-44.5,3.26431111662064,0,0,0.480091979980469,1.63,0,-5399.92822265625
100000000000000000000003,1,922625000,0,-45.5,3.06796157577128,0,0,0.480091979980469,1.63,0,-5399.92822265625
100000000000000000000000,1,922625000,0,-64.5,1.87759248437203,0,0,0.480091979980469,1.63,0,-5399.92822265625
100000000000000000000001,1,922625000,0,-44.5,3.3011266555299,0,0,0.480091979980469,1.63,0,-5399.92822265625
100000000000000000000003,1,922625000,0,-45.5,3.04341788316511,0,0,0.480091979980469,1.63,0,-5399.92822265625
100000000000000000000004,1,922625000,0,-51,4.40559282280756,0,0,0.480091979980469,1.63,0,-5399.92822265625
100000000000000000000002,1,922625000,0,-42.5,0.0122718463030855,0,0,0.480091979980469,1.63,0,-5399.92822265625
100000000000000000000000,1,922625000,0,-64.5,1.8591847149174,0,0,0.480091979980469,1.63,0,-5399.92822265625
100000000000000000000003,1,922625000,0,-45.5,3.06182565261974,0,0,0.480091979980469,1.63,0,-5399.92822265625
100000000000000000000004,1,922625000,0,-51,4.42400059226219,0,0,0.480091979980469,1.63,0,-5399.92822265625
100000000000000000000000,1,922625000,0,-64.5,1.74260217503809,0,0,0.480091979980469,1.63,0,-5399.92822265625
100000000000000000000002,1,922625000,0,-42.5,0.0245436926061702,0,0,0.480091979980469,1.63,0,-5399.92822265625
100000000000000000000001,1,922625000,0,-44.5,3.28271888607527,0,0,0.480091979980469,1.63,0,-5399.92822265625
100000000000000000000002,1,922625000,0,-42.5,0.00613592315154232,0,0,0.480091979980469,1.63,0,-5399.92822265625
100000000000000000000001,1,922625000,0,-44.5,3.27044703977219,0,0,0.480091979980469,1.63,0,-5399.92822265625
100000000000000000000004,1,922625000,0,-51,4.43013651541373,0,0,0.480091979980469,1.63,0,-5399.92822265625
100000000000000000000000,1,922625000,0,-64.5,1.83464102231123,0,0,0.480091979980469,1.63,0,-5399.92822265625
100000000000000000000003,1,922625000,0,-45.5,3.06796157577128,0,0,0.480091979980469,1.63,0,-5399.92822265625
100000000000000000000003,1,922625000,0,-45.5,3.06796157577128,0,0,0.480091979980469,1.63,0,-5399.92822265625
100000000000000000000004,1,922625000,0,-51,4.43013651541373,0,0,0.480091979980469,1.63,0,-5399.92822265625
100000000000000000000001,1,922625000,0,-44.5,3.28885480922681,0,0,0.480091979980469,1.63,0,-5399.92822265625
100000000000000000000002,1,922625000,0,-42.5,0.0306796157577125,0,0,0.480091979980469,1.63,0,-5399.92822265625
100000000000000000000000,1,922625000,0,-64.5,1.90827210012974,0,0,0.480091979980469,1.63,0,-5399.92822265625
100000000000000000000003,1,922625000,0,-45.5,3.06182565261974,0,0,0.480091979980469,1.63,0,-5399.92822265625
100000000000000000000002,1,922625000,0,-42.5,0.0122718463030855,0,0,0.480091979980469,1.63,0,-5399.92822265625
100000000000000000000001,1,922625000,0,-44.5,3.27044703977219,0,0,0.480091979980469,1.63,0,-5399.92822265625
100000000000000000000004,1,922625000,0,-51,4.41786466911065,0,0,0.480091979980469,1.63,0,-5399.92822265625
100000000000000000000000,1,922625000,0,-64,1.86532063806894,0,0,0.480091979980469,1.63,0,-5399.92822265625
100000000000000000000002,1,922625000,0,-42.5,0.00613592315154232,0,0,0.480091979980469,1.63,0,-5399.92822265625
100000000000000000000004,1,922625000,0,-51,4.43013651541373,0,0,0.480091979980469,1.63,0,-5399.92822265625
100000000000000000000003,1,922625000,0,-45.5,3.06796157577128,0,0,0.480091979980469,1.63,0,-5399.92822265625
100000000000000000000001,1,922625000,0,-44.5,3.29499073237836,0,0,0.480091979980469,1.63,0,-5399.92822265625
100000000000000000000000,1,922625000,0,-64.5,1.69965071297729,0,0,0.480091979980469,1.63,0,-5399.92822265625
100000000000000000000002,1,922625000,0,-42.5,0.0306796157577125,0,0,0.480091979980469,1.63,0,-5399.92822265625
100000000000000000000000,1,922625000,0,-64,1.79168956025043,0,0,0.480091979980469,1.63,0,-5399.92822265625
100000000000000000000004,1,922625000,0,-51,4.43013651541373,0,0,0.480091979980469,1.63,0,-5399.92822265625
100000000000000000000003,1,922625000,0,-45.5,3.06182565261974,0,0,0.480091979980469,1.63,0,-5399.92822265625
100000000000000000000001,1,922625000,0,-44.5,3.27044703977219,0,0,0.480091979980469,1.63,0,-5399.92822265625
100000000000000000000000,1,922625000,0,-64.5,1.84077694546277,0,0,0.480091979980469,1.63,0,-5399.92822265625
100000000000000000000004,1,922625000,0,-50.5,4.46695205432299,0,0,0.480091979980469,1.63,0,-5399.92822265625
100000000000000000000002,1,922625000,0,-42.5,0.0184077694546279,0,0,0.480091979980469,1.63,0,-5399.92822265625
100000000000000000000001,1,922625000,0,-44.5,3.27044703977219,0,0,0.480091979980469,1.63,0,-5399.92822265625
100000000000000000000003,1,922625000,0,-45.5,3.0556897294682,0,0,0.480091979980469,1.63,0,-5399.92822265625
100000000000000000000004,1,922625000,0,-51,4.44240836171682,0,0,0.480091979980469,1.63,0,-5399.92822265625
100000000000000000000002,1,922625000,0,-42.5,0.0184077694546279,0,0,0.480091979980469,1.63,0,-5399.92822265625
100000000000000000000001,1,922625000,0,-44.5,3.27044703977219,0,0,0.480091979980469,1.63,0,-5399.92822265625
100000000000000000000003,1,922625000,0,-45,3.06182565261974,0,0,0.480091979980469,1.63,0,-5399.92822265625
100000000000000000000000,1,922625000,0,-64,1.78555363709889,0,0,0.480091979980469,1.63,0,-5399.92822265625
100000000000000000000004,1,922625000,0,-51,4.41786466911065,0,0,0.480091979980469,1.63,0,-5399.92822265625
100000000000000000000000,1,922625000,0,-64,1.78555363709889,0,0,0.480091979980469,1.63,0,-5399.92822265625
100000000000000000000001,1,922625000,0,-44.5,3.28885480922681,0,0,0.480091979980469,1.63,0,-5399.92822265625
100000000000000000000003,1,922625000,0,-45.5,3.06796157577128,0,0,0.480091979980469,1.63,0,-5399.92822265625
100000000000000000000002,1,922625000,0,-42.5,0.0184077694546279,0,0,0.480091979980469,1.63,0,-5399.92822265625
100000000000000000000002,1,922625000,0,-42.5,0.0122718463030855,0,0,0.480091979980469,1.63,0,-5399.92822265625
100000000000000000000001,1,922625000,0,-44.5,3.28885480922681,0,0,0.480091979980469,1.63,0,-5399.92822265625
100000000000000000000004,1,922625000,0,-51,4.43013651541373,0,0,0.480091979980469,1.63,0,-5399.92822265625
100000000000000000000003,1,922625000,0,-45.5,3.06182565261974,0,0,0.480091979980469,1.63,0,-5399.92822265625
100000000000000000000000,1,922625000,0,-64,1.8591847149174,0,0,0.480091979980469,1.63,0,-5399.92822265625
100000000000000000000003,1,922625000,0,-45.5,3.06796157577128,0,0,0.480091979980469,1.63,0,-5399.92822265625
100000000000000000000001,1,922625000,0,-44.5,3.28271888607527,0,0,0.480091979980469,1.63,0,-5399.92822265625
100000000000000000000000,1,922625000,0,-64.5,1.88372840752357,0,0,0.480091979980469,1.63,0,-5399.92822265625
100000000000000000000002,1,922625000,0,-42.5,0.0122718463030855,0,0,0.480091979980469,1.63,0,-5399.92822265625
100000000000000000000004,1,922625000,0,-50.5,4.41786466911065,0,0,0.480091979980469,1.63,0,-5399.92822265625
100000000000000000000004,1,922625000,0,-51,4.41786466911065,0,0,0.480091979980469,1.63,0,-5399.92822265625
100000000000000000000003,1,922625000,0,-45.5,3.06182565261974,0,0,0.480091979980469,1.63,0,-5399.92822265625
100000000000000000000001,1,922625000,0,-44.5,3.3011266555299,0,0,0.480091979980469,1.63,0,-5399.92822265625
100000000000000000000000,1,922625000,0,-64,1.86532063806894,0,0,0.480091979980469,1.63,0,-5399.92822265625
100000000000000000000002,1,922625000,0,-42.5,0.0306796157577125,0,0,0.480091979980469,1.63,0,-5399.92822265625
100000000000000000000003,1,922625000,0,-45.5,3.06182565261974,0,0,0.480091979980469,1.63,0,-5399.92822265625
100000000000000000000004,1,922625000,0,-51,4.44240836171682,0,0,0.480091979980469,1.63,0,-5399.92822265625
100000000000000000000002,1,922625000,0,-42.5,0.0306796157577125,0,0,0.480091979980469,1.63,0,-5399.92822265625
100000000000000000000001,1,922625000,0,-44.5,3.3011266555299,0,0,0.480091979980469,1.63,0,-5399.92822265625
100000000000000000000000,1,922625000,0,-64,1.86532063806894,0,0,0.480091979980469,1.63,0,-5399.92822265625
100000000000000000000000,1,922625000,0,-64.5,1.84691286861431,0,0,0.480091979980469,1.63,0,-5399.92822265625
100000000000000000000002,1,922625000,0,-42.5,0.00613592315154232,0,0,0.480091979980469,1.63,0,-5399.92822265625
100000000000000000000001,1,922625000,0,-44.5,3.27658296292373,0,0,0.480091979980469,1.63,0,-5399.92822265625
100000000000000000000003,1,922625000,0,-45,3.07409749892282,0,0,0.480091979980469,1.63,0,-5399.92822265625
100000000000000000000004,1,922625000,0,-51,4.39945689965602,0,0,0.480091979980469,1.63,0,-5399.92822265625
100000000000000000000000,1,922625000,0,-64,1.88986433067511,0,0,0.480091979980469,1.63,0,-5399.92822265625
100000000000000000000001,1,922625000,0,-44.5,3.3011266555299,0,0,0.480091979980469,1.63,0,-5399.92822265625
100000000000000000000003,1,922625000,0,-45.5,3.08023342207437,0,0,0.480091979980469,1.63,0,-5399.92822265625
100000000000000000000004,1,922625000,0,-51,4.44240836171682,0,0,0.480091979980469,1.63,0,-5399.92822265625
100000000000000000000002,1,922625000,0,-42.5,0.0368155389092557,0,0,0.480091979980469,1.63,0,-5399.92822265625
100000000000000000000000,1,922625000,0,-64.5,1.83464102231123,0,0,0.480091979980469,1.63,0,-5399.92822265625
100000000000000000000002,1,922625000,0,-42.5,0.0245436926061702,0,0,0.480091979980469,1.63,0,-5399.92822265625
100000000000000000000004,1,922625000,0,-51,4.43627243856527,0,0,0.480091979980469,1.63,0,-5399.92822265625
100000000000000000000001,1,922625000,0,-44.5,3.29499073237836,0,0,0.480091979980469,1.63,0,-5399.92822265625
100000000000000000000003,1,922625000,0,-45.5,3.06182565261974,0,0,0.480091979980469,1.63,0,-5399.92822265625
100000000000000000000000,1,922625000,0,-64.5,1.9021361769782,0,0,0.480091979980469,1.63,0,-5399.92822265625
100000000000000000000003,1,922625000,0,-45.5,3.06796157577128,0,0,0.480091979980469,1.63,0,-5399.92822265625
100000000000000000000001,1,922625000,0,-44.5,3.28885480922681,0,0,0.480091979980469,1.63,0,-5399.92822265625
100000000000000000000002,1,922625000,0,-42.5,0.0122718463030855,0,0,0.480091979980469,1.63,0,-5399.92822265625
100000000000000000000004,1,922625000,0,-51,4.43013651541373,0,0,0.480091979980469,1.63,0,-5399.92822265625
100000000000000000000002,1,922625000,0,-42.5,0.0184077694546279,0,0,0.480091979980469,1.63,0,-5399.92822265625
100000000000000000000003,1,922625000,0,-45.5,3.04955380631665,0,0,0.480091979980469,1.63,0,-5399.92822265625
100000000000000000000001,1,922625000,0,-44.5,3.28271888607527,0,0,0.480091979980469,1.63,0,-5399.92822265625
100000000000000000000004,1,922625000,0,-51,4.41786466911065,0,0,0.480091979980469,1.63,0,-5399.92822265625
100000000000000000000000,1,922625000,0,-64,1.79168956025043,0,0,0.480091979980469,1.63,0,-5399.92822265625
100000000000000000000001,1,922625000,0,-44.5,3.26431111662064,0,0,0.480091979980469,1.63,0,-5399.92822265625
100000000000000000000004,1,922625000,0,-51,4.43627243856527,0,0,0.480091979980469,1.63,0,-5399.92822265625
100000000000000000000003,1,922625000,0,-45.5,3.08023342207437,0,0,0.480091979980469,1.63,0,-5399.92822265625
100000000000000000000002,1,922625000,0,-42.5,0.0122718463030855,0,0,0.480091979980469,1.63,0,-5399.92822265625
100000000000000000000000,1,922625000,0,-64,1.8591847149174,0,0,0.480091979980469,1.63,0,-5399.92822265625
100000000000000000000000,1,922625000,0,-64,1.88372840752357,0,0,0.480091979980469,1.63,0,-5399.92822265625
100000000000000000000001,1,922625000,0,-44.5,3.25203927031756,0,0,0.480091979980469,1.63,0,-5399.92822265625
100000000000000000000002,1,922625000,0,-42.5,0.0368155389092557,0,0,0.480091979980469,1.63,0,-5399.92822265625
100000000000000000000003,1,922625000,0,-45,3.06182565261974,0,0,0.480091979980469,1.63,0,-5399.92822265625
100000000000000000000004,1,922625000,0,-50.5,4.43013651541373,0,0,0.480091979980469,1.63,0,-5399.92822265625
100000000000000000000002,1,922625000,0,-42.5,0.0306796157577125,0,0,0.480091979980469,1.63,0,-5399.92822265625
100000000000000000000001,1,922625000,0,-44.5,3.25203927031756,0,0,0.480091979980469,1.63,0,-5399.92822265625
100000000000000000000003,1,922625000,0,-45.5,3.06182565261974,0,0,0.480091979980469,1.63,0,-5399.92822265625
100000000000000000000004,1,922625000,0,-51,4.39332097650448,0,0,0.480091979980469,1.63,0,-5399.92822265625
100000000000000000000000,1,922625000,0,-64,1.88986433067511,0,0,0.480091979980469,1.63,0,-5399.92822265625
100000000000000000000001,1,922625000,0,-44.5,3.27044703977219,0,0,0.480091979980469,1.63,0,-5399.92822265625
100000000000000000000000,1,922625000,0,-64,1.84691286861431,0,0,0.480091979980469,1.63,0,-5399.92822265625
100000000000000000000004,1,922625000,0,-51,4.4117287459591,0,0,0.480091979980469,1.63,0,-5399.92822265625
100000000000000000000002,1,922625000,0,-42.5,0.0306796157577125,0,0,0.480091979980469,1.63,0,-5399.92822265625
100000000000000000000003,1,922625000,0,-45.5,3.06182565261974,0,0,0.480091979980469,1.63,0,-5399.92822265625
100000000000000000000004,1,922625000,0,-51,4.42400059226219,0,0,0.480091979980469,1.63,0,-5399.92822265625
100000000000000000000003,1,922625000,0,-45.5,3.06182565261974,0,0,0.480091979980469,1.63,0,-5399.92822265625
100000000000000000000000,1,922625000,0,-64.5,1.92667986958437,0,0,0.480091979980469,1.63,0,-5399.92822265625
100000000000000000000002,1,922625000,0,-42.5,0.00613592315154232,0,0,0.480091979980469,1.63,0,-5399.92822265625
100000000000000000000001,1,922625000,0,-44.5,3.28271888607527,0,0,0.480091979980469,1.63,0,-5399.92822265625
100000000000000000000002,1,922625000,0,-42.5,0.0306796157577125,0,0,0.480091979980469,1.63,0,-5399.92822265625
100000000000000000000004,1,922625000,0,-50.5,4.43013651541373,0,0,0.480091979980469,1.63,0,-5399.92822265625
100000000000000000000003,1,922625000,0,-45.5,3.04955380631665,0,0,0.480091979980469,1.63,0,-5399.92822265625
100000000000000000000000,1,922625000,0,-64.5,1.96963133164516,0,0,0.480091979980469,1.63,0,-5399.92822265625
100000000000000000000001,1,922625000,0,-44.5,3.27044703977219,0,0,0.480091979980469,1.63,0,-5399.92822265625
100000000000000000000003,1,922625000,0,-45.5,3.06182565261974,0,0,0.480091979980469,1.63,0,-5399.92822265625
100000000000000000000002,1,922625000,0,-42.5,0.0184077694546279,0,0,0.480091979980469,1.63,0,-5399.92822265625
100000000000000000000001,1,922625000,0,-44.5,3.25203927031756,0,0,0.480091979980469,1.63,0,-5399.92822265625
100000000000000000000004,1,922625000,0,-51,4.41786466911065,0,0,0.480091979980469,1.63,0,-5399.92822265625
100000000000000000000000,1,922625000,0,-64.5,1.98190317794825,0,0,0.480091979980469,1.63,0,-5399.92822265625
100000000000000000000004,1,922625000,0,-50.5,4.40559282280756,0,0,0.480091979980469,1.63,0,-5399.92822265625
100000000000000000000000,1,922625000,0,-63.5,1.80396140655351,0,0,0.480091979980469,1.63,0,-5399.92822265625
100000000000000000000001,1,922625000,0,-44.5,3.28271888607527,0,0,0.480091979980469,1.63,0,-5399.92822265625
100000000000000000000002,1,922625000,0,-42.5,0.00613592315154232,0,0,0.480091979980469,1.63,0,-5399.92822265625
100000000000000000000003,1,922625000,0,-45.5,3.06182565261974,0,0,0.480091979980469,1.63,0,-5399.92822265625
100000000000000000000001,1,922625000,0,-44.5,3.27658296292373,0,0,0.480091979980469,1.63,0,-5399.92822265625
100000000000000000000002,1,922625000,0,-42.5,0.0306796157577125,0,0,0.480091979980469,1.63,0,-5399.92822265625
100000000000000000000004,1,922625000,0,-51,4.4117287459591,0,0,0.480091979980469,1.63,0,-5399.92822265625
100000000000000000000003,1,922625000,0,-45.5,3.06182565261974,0,0,0.480091979980469,1.63,0,-5399.92822265625
100000000000000000000000,1,922625000,0,-64.5,1.89600025382665,0,0,0.480091979980469,1.63,0,-5399.92822265625
100000000000000000000002,1,922625000,0,-42.5,0.0122718463030855,0,0,0.480091979980469,1.63,0,-5399.92822265625
100000000000000000000000,1,922625000,0,-64,1.87145656122048,0,0,0.480091979980469,1.63,0,-5399.92822265625
100000000000000000000001,1,922625000,0,-44.5,3.2581751934691,0,0,0.480091979980469,1.63,0,-5399.92822265625
100000000000000000000003,1,922625000,0,-45.5,3.06182565261974,0,0,0.480091979980469,1.63,0,-5399.92822265625
100000000000000000000004,1,922625000,0,-51,4.4546802080199,0,0,0.480091979980469,1.63,0,-5399.92822265625
100000000000000000000001,1,922625000,0,-44.5,3.27658296292373,0,0,0.480091979980469,1.63,0,-5399.92822265625
100000000000000000000004,1,922625000,0,-51,4.44854428486836,0,0,0.480091979980469,1.63,0,-5399.92822265625
100000000000000000000002,1,922625000,0,-42.5,0.0184077694546279,0,0,0.480091979980469,1.63,0,-5399.92822265625
100000000000000000000003,1,922625000,0,-45.5,3.04955380631665,0,0,0.480091979980469,1.63,0,-5399.92822265625
100000000000000000000000,1,922625000,0,-64,1.84077694546277,0,0,0.480091979980469,1.63,0,-5399.92822265625
100000000000000000000000,1,922625000,0,-64,1.74873809818963,0,0,0.480091979980469,1.63,0,-5399.92822265625
100000000000000000000004,1,922625000,0,-51,4.42400059226219,0,0,0.480091979980469,1.63,0,-5399.92822265625
100000000000000000000001,1,922625000,0,-44.5,3.29499073237836,0,0,0.480091979980469,1.63,0,-5399.92822265625
100000000000000000000002,1,922625000,0,-42.5,0.00613592315154232,0,0,0.480091979980469,1.63,0,-5399.92822265625
100000000000000000000003,1,922625000,0,-45.5,3.0556897294682,0,0,0.480091979980469,1.63,0,-5399.92822265625
100000000000000000000003,1,922625000,0,-45.5,3.06796157577128,0,0,0.480091979980469,1.63,0,-5399.92822265625
100000000000000000000004,1,922625000,0,-51,4.43013651541373,0,0,0.480091979980469,1.63,0,-5399.92822265625
100000000000000000000000,1,922625000,0,-64,1.84077694546277,0,0,0.480091979980469,1.63,0,-5399.92822265625
100000000000000000000002,1,922625000,0,-42.5,0.0245436926061702,0,0,0.480091979980469,1.63,0,-5399.92822265625
100000000000000000000001,1,922625000,0,-44.5,3.3011266555299,0,0,0.480091979980469,1.63,0,-5399.92822265625
100000000000000000000004,1,922625000,0,-51,4.43627243856527,0,0,0.480091979980469,1.63,0,-5399.92822265625
100000000000000000000002,1,922625000,0,-42.5,0.0368155389092557,0,0,0.480091979980469,1.63,0,-5399.92822265625
100000000000000000000003,1,922625000,0,-45.5,3.06796157577128,0,0,0.480091979980469,1.63,0,-5399.92822265625
100000000000000000000000,1,922625000,0,-65,1.92054394643282,0,0,0.480091979980469,1.63,0,-5399.92822265625
100000000000000000000001,1,922625000,0,-44.5,3.28885480922681,0,0,0.480091979980469,1.63,0,-5399.92822265625
100000000000000000000002,1,922625000,0,-42.5,0.0245436926061702,0,0,0.480091979980469,1.63,0,-5399.92822265625
100000000000000000000004,1,922625000,0,-51,4.44240836171682,0,0,0.480091979980469,1.63,0,-5399.92822265625
100000000000000000000001,1,922625000,0,-44.5,3.28885480922681,0,0,0.480091979980469,1.63,0,-5399.92822265625
100000000000000000000003,1,922625000,0,-45.5,3.06182565261974,0,0,0.480091979980469,1.63,0,-5399.92822265625
100000000000000000000000,1,922625000,0,-64,1.80396140655351,0,0,0.480091979980469,1.63,0,-5399.92822265625
100000000000000000000003,1,922625000,0,-45.5,3.06182565261974,0,0,0.480091979980469,1.63,0,-5399.92822265625
100000000000000000000002,1,922625000,0,-42.5,0.00613592315154232,0,0,0.480091979980469,1.63,0,-5399.92822265625
100000000000000000000004,1,922625000,0,-51,4.42400059226219,0,0,0.480091979980469,1.63,0,-5399.92822265625
100000000000000000000000,1,922625000,0,-64,1.80396140655351,0,0,0.480091979980469,1.63,0,-5399.92822265625
100000000000000000000001,1,922625000,0,-44.5,3.27044703977219,0,0,0.480091979980469,1.63,0,-5399.92822265625
100000000000000000000001,1,922625000,0,-44.5,3.27658296292373,0,0,0.480091979980469,1.63,0,-5399.92822265625
100000000000000000000002,1,922625000,0,-42.5,0.0184077694546279,0,0,0.480091979980469,1.63,0,-5399.92822265625
100000000000000000000003,1,922625000,0,-45.5,3.06182565261974,0,0,0.480091979980469,1.63,0,-5399.92822265625
100000000000000000000000,1,922625000,0,-64,1.730330328735,0,0,0.480091979980469,1.63,0,-5399.92822265625
100000000000000000000004,1,922625000,0,-51,4.44854428486836,0,0,0.480091979980469,1.63,0,-5399.92822265625
100000000000000000000002,1,922625000,0,-42.5,0.0184077694546279,0,0,0.480091979980469,1.63,0,-5399.92822265625
100000000000000000000003,1,922625000,0,-45.5,3.06796157577128,0,0,0.480091979980469,1.63,0,-5399.92822265625
100000000000000000000001,1,922625000,0,-44.5,3.27658296292373,0,0,0.480091979980469,1.63,0,-5399.92822265625
100000000000000000000004,1,922625000,0,-51,4.41786466911065,0,0,0.480091979980469,1.63,0,-5399.92822265625
100000000000000000000000,1,922625000,0,-64,1.8591847149174,0,0,0.480091979980469,1.63,0,-5399.92822265625
100000000000000000000000,1,922625000,0,-64,1.80396140655351,0,0,0.480091979980469,1.63,0,-5399.92822265625
100000000000000000000002,1,922625000,0,-42.5,0.0122718463030855,0,0,0.480091979980469,1.63,0,-5399.92822265625
100000000000000000000004,1,922625000,0,-51,4.4117287459591,0,0,0.480091979980469,1.63,0,-5399.92822265625
100000000000000000000003,1,922625000,0,-45.5,3.06182565261974,0,0,0.480091979980469,1.63,0,-5399.92822265625
100000000000000000000001,1,922625000,0,-44.5,3.27044703977219,0,0,0.480091979980469,1.63,0,-5399.92822265625
100000000000000000000003,1,922625000,0,-45.5,3.0556897294682,0,0,0.480091979980469,1.63,0,-5399.92822265625
100000000000000000000001,1,922625000,0,-44.5,3.2581751934691,0,0,0.480091979980469,1.63,0,-5399.92822265625
100000000000000000000000,1,922625000,0,-64,1.8162332528566,0,0,0.480091979980469,1.63,0,-5399.92822265625
100000000000000000000002,1,922625000,0,-42.5,0.0184077694546279,0,0,0.480091979980469,1.63,0,-5399.92822265625
100000000000000000000004,1,922625000,0,-51,4.43013651541373,0,0,0.480091979980469,1.63,0,-5399.92822265625
100000000000000000000000,1,922625000,0,-64,1.74260217503809,0,0,0.480091979980469,1.63,0,-5399.92822265625
100000000000000000000002,1,922625000,0,-42.5,0.00613592315154232,0,0,0.480091979980469,1.63,0,-5399.92822265625
100000000000000000000001,1,922625000,0,-44.5,3.2581751934691,0,0,0.480091979980469,1.63,0,-5399.92822265625
100000000000000000000003,1,922625000,0,-45.5,3.06796157577128,0,0,0.480091979980469,1.63,0,-5399.92822265625
100000000000000000000004,1,922625000,0,-51,4.43013651541373,0,0,0.480091979980469,1.63,0,-5399.92822265625
100000000000000000000003,1,922625000,0,-45.5,3.06796157577128,0,0,0.480091979980469,1.63,0,-5399.92822265625
100000000000000000000001,1,922625000,0,-44.5,3.26431111662064,0,0,0.480091979980469,1.63,0,-5399.92822265625
100000000000000000000002,1,922625000,0,-42.5,0.0368155389092557,0,0,0.480091979980469,1.63,0,-5399.92822265625
100000000000000000000000,1,922625000,0,-64.5,1.90827210012974,0,0,0.480091979980469,1.63,0,-5399.92822265625
100000000000000000000004,1,922625000,0,-50.5,4.43013651541373,0,0,0.480091979980469,1.63,0,-5399.92822265625
100000000000000000000003,1,922625000,0,-45.5,3.04341788316511,0,0,0.480091979980469,1.63,0,-5399.92822265625
100000000000000000000002,1,922625000,0,-42.5,0.0184077694546279,0,0,0.480091979980469,1.63,0,-5399.92822265625
100000000000000000000000,1,922625000,0,-64,1.88986433067511,0,0,0.480091979980469,1.63,0,-5399.92822265625
100000000000000000000001,1,922625000,0,-44.5,3.28271888607527,0,0,0.480091979980469,1.63,0,-5399.92822265625
100000000000000000000004,1,922625000,0,-50.5,4.46081613117144,0,0,0.480091979980469,1.63,0,-5399.92822265625
100000000000000000000002,1,922625000,0,-42.5,0.042951462060798,0,0,0.480091979980469,1.63,0,-5399.92822265625
100000000000000000000000,1,922625000,0,-64,1.88372840752357,0,0,0.480091979980469,1.63,0,-5399.92822265625
100000000000000000000001,1,922625000,0,-44.5,3.29499073237836,0,0,0.480091979980469,1.63,0,-5399.92822265625
100000000000000000000004,1,922625000,0,-51,4.42400059226219,0,0,0.480091979980469,1.63,0,-5399.92822265625
100000000000000000000003,1,922625000,0,-45.5,3.0556897294682,0,0,0.480091979980469,1.63,0,-5399.92822265625
100000000000000000000002,1,922625000,0,-42.5,0.00613592315154232,0,0,0.480091979980469,1.63,0,-5399.92822265625
100000000000000000000001,1,922625000,0,-44.5,3.26431111662064,0,0,0.480091979980469,1.63,0,-5399.92822265625
100000000000000000000004,1,922625000,0,-51,4.42400059226219,0,0,0.480091979980469,1.63,0,-5399.92822265625
100000000000000000000003,1,922625000,0,-45.5,3.0556897294682,0,0,0.480091979980469,1.63,0,-5399.92822265625
100000000000000000000000,1,922625000,0,-64,1.87759248437203,0,0,0.480091979980469,1.63,0,-5399.92822265625
100000000000000000000002,1,922625000,0,-42.5,0.0245436926061702,0,0,0.480091979980469,1.63,0,-5399.92822265625
100000000000000000000003,1,922625000,0,-45.5,3.07409749892282,0,0,0.480091979980469,1.63,0,-5399.92822265625
100000000000000000000000,1,922625000,0,-64.5,1.79168956025043,0,0,0.480091979980469,1.63,0,-5399.92822265625
100000000000000000000001,1,922625000,0,-44.5,3.29499073237836,0,0,0.480091979980469,1.63,0,-5399.92822265625
100000000000000000000004,1,922625000,0,-51,4.41786466911065,0,0,0.480091979980469,1.63,0,-5399.92822265625
100000000000000000000003,1,922625000,0,-45.5,3.0556897294682,0,0,0.480091979980469,1.63,0,-5399.92822265625
100000000000000000000001,1,922625000,0,-44.5,3.28885480922681,0,0,0.480091979980469,1.63,0,-5399.92822265625
100000000000000000000000,1,922625000,0,-63.5,1.92667986958437,0,0,0.480091979980469,1.63,0,-5399.92822265625
100000000000000000000002,1,922625000,0,-42.5,0.0184077694546279,0,0,0.480091979980469,1.63,0,-5399.92822265625
100000000000000000000004,1,922625000,0,-51,4.43013651541373,0,0,0.480091979980469,1.63,0,-5399.92822265625
100000000000000000000004,1,922625000,0,-51,4.4117287459591,0,0,0.480091979980469,1.63,0,-5399.92822265625
100000000000000000000003,1,922625000,0,-45.5,3.0556897294682,0,0,0.480091979980469,1.63,0,-5399.92822265625
100000000000000000000002,1,922625000,0,-42.5,0.042951462060798,0,0,0.480091979980469,1.63,0,-5399.92822265625
100000000000000000000000,1,922625000,0,-64.5,1.82236917600814,0,0,0.480091979980469,1.63,0,-5399.92822265625
100000000000000000000001,1,922625000,0,-44.5,3.27044703977219,0,0,0.480091979980469,1.63,0,-5399.92822265625
100000000000000000000002,1,922625000,0,-42.5,0.0245436926061702,0,0,0.480091979980469,1.63,0,-5399.92822265625
100000000000000000000001,1,922625000,0,-44.5,3.26431111662064,0,0,0.480091979980469,1.63,0,-5399.92822265625
100000000000000000000003,1,922625000,0,-45,3.07409749892282,0,0,0.480091979980469,1.63,0,-5399.92822265625
100000000000000000000004,1,922625000,0,-51,4.43013651541373,0,0,0.480091979980469,1.63,0,-5399.92822265625
100000000000000000000000,1,922625000,0,-64.5,1.84691286861431,0,0,0.480091979980469,1.63,0,-5399.92822265625
100000000000000000000004,1,922625000,0,-51,4.40559282280756,0,0,0.480091979980469,1.63,0,-5399.92822265625
100000000000000000000002,1,922625000,0,-42.5,0.0184077694546279,0,0,0.480091979980469,1.63,0,-5399.92822265625
100000000000000000000000,1,922625000,0,-63.5,1.90827210012974,0,0,0.480091979980469,1.63,0,-5399.92822265625
100000000000000000000001,1,922625000,0,-44.5,3.27658296292373,0,0,0.480091979980469,1.63,0,-5399.92822265625
100000000000000000000003,1,922625000,0,-45.5,3.06796157577128,0,0,0.480091979980469,1.63,0,-5399.92822265625
100000000000000000000004,1,922625000,0,-51,4.43013651541373,0,0,0.480091979980469,1.63,0,-5399.92822265625
100000000000000000000001,1,922625000,0,-44.5,3.2581751934691,0,0,0.480091979980469,1.63,0,-5399.92822265625
100000000000000000000002,1,922625000,0,-42.5,0.042951462060798,0,0,0.480091979980469,1.63,0,-5399.92822265625
100000000000000000000000,1,922625000,0,-64.5,1.76100994449272,0,0,0.480091979980469,1.63,0,-5399.92822265625
100000000000000000000003,1,922625000,0,-45.5,3.07409749892282,0,0,0.480091979980469,1.63,0,-5399.92822265625
100000000000000000000000,1,922625000,0,-64.5,1.8162332528566,0,0,0.480091979980469,1.63,0,-5399.92822265625
100000000000000000000003,1,922625000,0,-45.5,3.06182565261974,0,0,0.480091979980469,1.63,0,-5399.92822265625
100000000000000000000001,1,922625000,0,-44.5,3.3011266555299,0,0,0.480091979980469,1.63,0,-5399.92822265625
100000000000000000000002,1,922625000,0,-42.5,0.0122718463030855,0,0,0.480091979980469,1.63,0,-5399.92822265625
100000000000000000000004,1,922625000,0,-50.5,4.41786466911065,0,0,0.480091979980469,1.63,0,-5399.92822265625
100000000000000000000004,1,922625000,0,-51,4.42400059226219,0,0,0.480091979980469,1.63,0,-5399.92822265625
100000000000000000000003,1,922625000,0,-45.5,3.06796157577128,0,0,0.480091979980469,1.63,0,-5399.92822265625
100000000000000000000000,1,922625000,0,-64,1.76100994449272,0,0,0.480091979980469,1.63,0,-5399.92822265625
100000000000000000000002,1,922625000,0,-42.5,0.00613592315154232,0,0,0.480091979980469,1.63,0,-5399.92822265625
100000000000000000000001,1,922625000,0,-44.5,3.27658296292373,0,0,0.480091979980469,1.63,0,-5399.92822265625
100000000000000000000003,1,922625000,0,-45.5,3.0556897294682,0,0,0.480091979980469,1.63,0,-5399.92822265625
100000000000000000000002,1,922625000,0,-42.5,0.0245436926061702,0,0,0.480091979980469,1.63,0,-5399.92822265625
100000000000000000000004,1,922625000,0,-51,4.41786466911065,0,0,0.480091979980469,1.63,0,-5399.92822265625
100000000000000000000000,1,922625000,0,-64,1.82850509915968,0,0,0.480091979980469,1.63,0,-5399.92822265625
100000000000000000000001,1,922625000,0,-44.5,3.29499073237836,0,0,0.480091979980469,1.63,0,-5399.92822265625
100000000000000000000001,1,922625000,0,-44.5,3.28885480922681,0,0,0.480091979980469,1.63,0,-5399.92822265625
100000000000000000000000,1,922625000,0,-64.5,1.84691286861431,0,0,0.480091979980469,1.63,0,-5399.92822265625
100000000000000000000003,1,922625000,0,-45.5,3.07409749892282,0,0,0.480091979980469,1.63,0,-5399.92822265625
100000000000000000000004,1,922625000,0,-51,4.43627243856527,0,0,0.480091979980469,1.63,0,-5399.92822265625
100000000000000000000002,1,922625000,0,-42.5,0.0184077694546279,0,0,0.480091979980469,1.63,0,-5399.92822265625
100000000000000000000004,1,922625000,0,-51,4.39945689965602,0,0,0.480091979980469,1.63,0,-5399.92822265625
100000000000000000000000,1,922625000,0,-63.5,1.8591847149174,0,0,0.480091979980469,1.63,0,-5399.92822265625
100000000000000000000003,1,922625000,0,-45.5,3.06182565261974,0,0,0.480091979980469,1.63,0,-5399.92822265625
100000000000000000000002,1,922625000,0,-42.5,0.0184077694546279,0,0,0.480091979980469,1.63,0,-5399.92822265625
100000000000000000000001,1,922625000,0,-44.5,3.26431111662064,0,0,0.480091979980469,1.63,0,-5399.92822265625
100000000000000000000003,1,922625000,0,-45.5,3.06796157577128,0,0,0.480091979980469,1.63,0,-5399.92822265625
100000000000000000000002,1,922625000,0,-42.5,0.0306796157577125,0,0,0.480091979980469,1.63,0,-5399.92822265625
100000000000000000000004,1,922625000,0,-51,4.42400059226219,0,0,0.480091979980469,1.63,0,-5399.92822265625
100000000000000000000000,1,922625000,0,-65,1.83464102231123,0,0,0.480091979980469,1.63,0,-5399.92822265625
100000000000000000000001,1,922625000,0,-44.5,3.2581751934691,0,0,0.480091979980469,1.63,0,-5399.92822265625
100000000000000000000004,1,922625000,0,-51,4.43013651541373,0,0,0.480091979980469,1.63,0,-5399.92822265625
100000000000000000000001,1,922625000,0,-44.5,3.27658296292373,0,0,0.480091979980469,1.63,0,-5399.92822265625
100000000000000000000000,1,922625000,0,-64,1.83464102231123,0,0,0.480091979980469,1.63,0,-5399.92822265625
100000000000000000000002,1,922625000,0,-42.5,0.0306796157577125,0,0,0.480091979980469,1.63,0,-5399.92822265625
100000000000000000000003,1,922625000,0,-45.5,3.06182565261974,0,0,0.480091979980469,1.63,0,-5399.92822265625
100000000000000000000002,1,922625000,0,-42.5,6.28318530717959,0,0,0.480091979980469,1.63,0,-5399.92822265625
100000000000000000000004,1,922625000,0,-51,4.44854428486836,0,0,0.480091979980469,1.63,0,-5399.92822265625
100000000000000000000000,1,922625000,0,-64.5,1.80396140655351,0,0,0.480091979980469,1.63,0,-5399.92822265625
100000000000000000000003,1,922625000,0,-45,3.06796157577128,0,0,0.480091979980469,1.63,0,-5399.92822265625
100000000000000000000001,1,922625000,0,-44.5,3.3011266555299,0,0,0.480091979980469,1.63,0,-5399.92822265625
100000000000000000000000,1,922625000,0,-64,1.76714586764426,0,0,0.480091979980469,1.63,0,-5399.92822265625
100000000000000000000004,1,922625000,0,-51,4.40559282280756,0,0,0.480091979980469,1.63,0,-5399.92822265625
100000000000000000000003,1,922625000,0,-45.5,3.04955380631665,0,0,0.480091979980469,1.63,0,-5399.92822265625
100000000000000000000001,1,922625000,0,-44.5,3.28885480922681,0,0,0.480091979980469,1.63,0,-5399.92822265625
100000000000000000000002,1,922625000,0,-42.5,0.0122718463030855,0,0,0.480091979980469,1.63,0,-5399.92822265625
100000000000000000000001,1,922625000,0,-44.5,3.28885480922681,0,0,0.480091979980469,1.63,0,-5399.92822265625
100000000000000000000003,1,922625000,0,-45.5,3.07409749892282,0,0,0.480091979980469,1.63,0,-5399.92822265625
100000000000000000000002,1,922625000,0,-42.5,0.00613592315154232,0,0,0.480091979980469,1.63,0,-5399.92822265625
100000000000000000000000,1,922625000,0,-64,1.75487402134117,0,0,0.480091979980469,1.63,0,-5399.92822265625
100000000000000000000004,1,922625000,0,-51,4.44854428486836,0,0,0.480091979980469,1.63,0,-5399.92822265625
100000000000000000000002,1,922625000,0,-42.5,0.0122718463030855,0,0,0.480091979980469,1.63,0,-5399.92822265625
100000000000000000000003,1,922625000,0,-45.5,3.07409749892282,0,0,0.480091979980469,1.63,0,-5399.92822265625
100000000000000000000000,1,922625000,0,-64.5,1.81009732970506,0,0,0.480091979980469,1.63,0,-5399.92822265625
100000000000000000000001,1,922625000,0,-44.5,3.27658296292373,0,0,0.480091979980469,1.63,0,-5399.92822265625
100000000000000000000004,1,922625000,0,-51,4.44854428486836,0,0,0.480091979980469,1.63,0,-5399.92822265625
100000000000000000000000,1,922625000,0,-64.5,1.85304879176585,0,0,0.480091979980469,1.63,0,-5399.92822265625
100000000000000000000001,1,922625000,0,-44.5,3.26431111662064,0,0,0.480091979980469,1.63,0,-5399.92822265625
100000000000000000000002,1,922625000,0,-42.5,0.0368155389092557,0,0,0.480091979980469,1.63,0,-5399.92822265625
100000000000000000000003,1,922625000,0,-45.5,3.06796157577128,0,0,0.480091979980469,1.63,0,-5399.92822265625
100000000000000000000004,1,922625000,0,-51,4.43013651541373,0,0,0.480091979980469,1.63,0,-5399.92822265625
100000000000000000000001,1,922625000,0,-44.5,3.28885480922681,0,0,0.480091979980469,1.63,0,-5399.92822265625
100000000000000000000004,1,922625000,0,-51,4.38718505335293,0,0,0.480091979980469,1.63,0,-5399.92822265625
100000000000000000000002,1,922625000,0,-42.5,0.0245436926061702,0,0,0.480091979980469,1.63,0,-5399.92822265625
100000000000000000000003,1,922625000,0,-45.5,3.06796157577128,0,0,0.480091979980469,1.63,0,-5399.92822265625
100000000000000000000000,1,922625000,0,-64.5,1.82850509915968,0,0,0.480091979980469,1.63,0,-5399.92822265625
100000000000000000000001,1,922625000,0,-44.5,3.3011266555299,0,0,0.480091979980469,1.63,0,-5399.92822265625
100000000000000000000004,1,922625000,0,-51,4.41786466911065,0,0,0.480091979980469,1.63,0,-5399.92822265625
100000000000000000000003,1,922625000,0,-45.5,3.04955380631665,0,0,0.480091979980469,1.63,0,-5399.92822265625
100000000000000000000002,1,922625000,0,-42.5,0.00613592315154232,0,0,0.480091979980469,1.63,0,-5399.92822265625
100000000000000000000000,1,922625000,0,-65,1.87145656122048,0,0,0.480091979980469,1.63,0,-5399.92822265625
100000000000000000000003,1,922625000,0,-45.5,3.07409749892282,0,0,0.480091979980469,1.63,0,-5399.92822265625
100000000000000000000000,1,922625000,0,-64.5,1.87145656122048,0,0,0.480091979980469,1.63,0,-5399.92822265625
100000000000000000000004,1,922625000,0,-51,4.4117287459591,0,0,0.480091979980469,1.63,0,-5399.92822265625
100000000000000000000002,1,922625000,0,-42.5,0.0368155389092557,0,0,0.480091979980469,1.63,0,-5399.92822265625
100000000000000000000001,1,922625000,0,-44.5,3.28885480922681,0,0,0.480091979980469,1.63,0,-5399.92822265625
100000000000000000000001,1,922625000,0,-44.5,3.2581751934691,0,0,0.480091979980469,1.63,0,-5399.92822265625
100000000000000000000000,1,922625000,0,-64,1.83464102231123,0,0,0.480091979980469,1.63,0,-5399.92822265625
100000000000000000000004,1,922625000,0,-51,4.44240836171682,0,0,0.480091979980469,1.63,0,-5399.92822265625
100000000000000000000002,1,922625000,0,-42.5,0.0122718463030855,0,0,0.480091979980469,1.63,0,-5399.92822265625
100000000000000000000003,1,922625000,0,-45.5,3.04955380631665,0,0,0.480091979980469,1.63,0,-5399.92822265625
100000000000000000000004,1,922625000,0,-51,4.43013651541373,0,0,0.480091979980469,1.63,0,-5399.92822265625
100000000000000000000001,1,922625000,0,-44.5,3.27044703977219,0,0,0.480091979980469,1.63,0,-5399.92822265625
100000000000000000000003,1,922625000,0,-45.5,3.0556897294682,0,0,0.480091979980469,1.63,0,-5399.92822265625
100000000000000000000002,1,922625000,0,-42.5,0.0245436926061702,0,0,0.480091979980469,1.63,0,-5399.92822265625
100000000000000000000000,1,922625000,0,-64.5,1.88372840752357,0,0,0.480091979980469,1.63,0,-5399.92822265625
100000000000000000000002,1,922625000,0,-42.5,6.27704938402804,0,0,0.480091979980469,1.63,0,-5399.92822265625
100000000000000000000001,1,922625000,0,-44.5,3.27044703977219,0,0,0.480091979980469,1.63,0,-5399.92822265625
100000000000000000000000,1,922625000,0,-64.5,1.7732817907958,0,0,0.480091979980469,1.63,0,-5399.92822265625
100000000000000000000003,1,922625000,0,-45.5,3.06182565261974,0,0,0.480091979980469,1.63,0,-5399.92822265625
100000000000000000000004,1,922625000,0,-50.5,4.43627243856527,0,0,0.480091979980469,1.63,0,-5399.92822265625
100000000000000000000004,1,922625000,0,-51,4.40559282280756,0,0,0.480091979980469,1.63,0,-5399.92822265625
100000000000000000000000,1,922625000,0,-64,1.80396140655351,0,0,0.480091979980469,1.63,0,-5399.92822265625
100000000000000000000002,1,922625000,0,-42.5,0.0122718463030855,0,0,0.480091979980469,1.63,0,-5399.92822265625
100000000000000000000001,1,922625000,0,-44.5,3.3011266555299,0,0,0.480091979980469,1.63,0,-5399.92822265625
100000000000000000000003,1,922625000,0,-45.5,3.06796157577128,0,0,0.480091979980469,1.63,0,-5399.92822265625
100000000000000000000000,1,922625000,0,-64,1.76714586764426,0,0,0.480091979980469,1.63,0,-5399.92822265625
100000000000000000000003,1,922625000,0,-45.5,3.06796157577128,0,0,0.480091979980469,1.63,0,-5399.92822265625
100000000000000000000001,1,922625000,0,-44.5,3.28271888607527,0,0,0.480091979980469,1.63,0,-5399.92822265625
100000000000000000000002,1,922625000,0,-42.5,0.0122718463030855,0,0,0.480091979980469,1.63,0,-5399.92822265625
100000000000000000000004,1,922625000,0,-51,4.44240836171682,0,0,0.480091979980469,1.63,0,-5399.92822265625
100000000000000000000000,1,922625000,0,-64,2.08007794837293,0,0,0.480091979980469,1.63,0,-5399.92822265625
100000000000000000000001,1,922625000,0,-44.5,3.28885480922681,0,0,0.480091979980469,1.63,0,-5399.92822265625
100000000000000000000004,1,922625000,0,-51,4.43013651541373,0,0,0.480091979980469,1.63,0,-5399.92822265625
100000000000000000000003,1,922625000,0,-45.5,3.0556897294682,0,0,0.480091979980469,1.63,0,-5399.92822265625
100000000000000000000002,1,922625000,0,-42.5,0.0184077694546279,0,0,0.480091979980469,1.63,0,-5399.92822265625
100000000000000000000004,1,922625000,0,-51,4.43627243856527,0,0,0.480091979980469,1.63,0,-5399.92822265625
100000000000000000000000,1,922625000,0,-64,1.89600025382665,0,0,0.480091979980469,1.63,0,-5399.92822265625
100000000000000000000002,1,922625000,0,-42.5,0.0306796157577125,0,0,0.480091979980469,1.63,0,-5399.92822265625
100000000000000000000003,1,922625000,0,-45.5,3.06796157577128,0,0,0.480091979980469,1.63,0,-5399.92822265625
100000000000000000000001,1,922625000,0,-44.5,3.27658296292373,0,0,0.480091979980469,1.63,0,-5399.92822265625
100000000000000000000000,1,922625000,0,-64.5,1.92667986958437,0,0,0.480091979980469,1.63,0,-5399.92822265625
100000000000000000000001,1,922625000,0,-44.5,3.30726257868144,0,0,0.480091979980469,1.63,0,-5399.92822265625
100000000000000000000004,1,922625000,0,-51,4.43627243856527,0,0,0.480091979980469,1.63,0,-5399.92822265625
100000000000000000000002,1,922625000,0,-42.5,0.0184077694546279,0,0,0.480091979980469,1.63,0,-5399.92822265625
100000000000000000000003,1,922625000,0,-45.5,3.06182565261974,0,0,0.480091979980469,1.63,0,-5399.92822265625
100000000000000000000002,1,922625000,0,-42.5,0.0306796157577125,0,0,0.480091979980469,1.63,0,-5399.92822265625
100000000000000000000004,1,922625000,0,-51,4.43013651541373,0,0,0.480091979980469,1.63,0,-5399.92822265625
100000000000000000000003,1,922625000,0,-45.5,3.06182565261974,0,0,0.480091979980469,1.63,0,-5399.92822265625
100000000000000000000001,1,922625000,0,-44.5,3.27044703977219,0,0,0.480091979980469,1.63,0,-5399.92822265625
100000000000000000000000,1,922625000,0,-64,1.92667986958437,0,0,0.480091979980469,1.63,0,-5399.92822265625
100000000000000000000004,1,922625000,0,-50.5,4.39945689965602,0,0,0.480091979980469,1.63,0,-5399.92822265625
100000000000000000000001,1,922625000,0,-44.5,3.28271888607527,0,0,0.480091979980469,1.63,0,-5399.92822265625
100000000000000000000002,1,922625000,0,-42.5,0.00613592315154232,0,0,0.480091979980469,1.63,0,-5399.92822265625
100000000000000000000000,1,922625000,0,-64,1.87145656122048,0,0,0.480091979980469,1.63,0,-5399.92822265625
100000000000000000000003,1,922625000,0,-45.5,3.06796157577128,0,0,0.480091979980469,1.63,0,-5399.92822265625
100000000000000000000003,1,922625000,0,-45.5,3.06182565261974,0,0,0.480091979980469,1.63,0,-5399.92822265625
100000000000000000000002,1,922625000,0,-42.5,0.0306796157577125,0,0,0.480091979980469,1.63,0,-5399.92822265625
100000000000000000000004,1,922625000,0,-51,4.43013651541373,0,0,0.480091979980469,1.63,0,-5399.92822265625
100000000000000000000001,1,922625000,0,-44.5,3.27044703977219,0,0,0.480091979980469,1.63,0,-5399.92822265625
100000000000000000000000,1,922625000,0,-64,1.93895171588745,0,0,0.480091979980469,1.63,0,-5399.92822265625
100000000000000000000001,1,922625000,0,-44.5,3.28271888607527,0,0,0.480091979980469,1.63,0,-5399.92822265625
100000000000000000000004,1,922625000,0,-51,4.44854428486836,0,0,0.480091979980469,1.63,0,-5399.92822265625
100000000000000000000003,1,922625000,0,-45.5,3.06182565261974,0,0,0.480091979980469,1.63,0,-5399.92822265625
100000000000000000000002,1,922625000,0,-42.5,0.0306796157577125,0,0,0.480091979980469,1.63,0,-5399.92822265625
100000000000000000000000,1,922625000,0,-64,1.87759248437203,0,0,0.480091979980469,1.63,0,-5399.92822265625
100000000000000000000000,1,922625000,0,-64.5,1.73646625188655,0,0,0.480091979980469,1.63,0,-5399.92822265625
100000000000000000000002,1,922625000,0,-42.5,0.0184077694546279,0,0,0.480091979980469,1.63,0,-5399.92822265625
100000000000000000000003,1,922625000,0,-45.5,3.04955380631665,0,0,0.480091979980469,1.63,0,-5399.92822265625
100000000000000000000001,1,922625000,0,-44.5,3.26431111662064,0,0,0.480091979980469,1.63,0,-5399.92822265625
100000000000000000000004,1,922625000,0,-50.5,4.44240836171682,0,0,0.480091979980469,1.63,0,-5399.92822265625
100000000000000000000003,1,922625000,0,-45,3.04341788316511,0,0,0.480091979980469,1.63,0,-5399.92822265625
100000000000000000000001,1,922625000,0,-44.5,3.26431111662064,0,0,0.480091979980469,1.63,0,-5399.92822265625
100000000000000000000004,1,922625000,0,-51,4.41786466911065,0,0,0.480091979980469,1.63,0,-5399.92822265625
100000000000000000000002,1,922625000,0,-42.5,0.0184077694546279,0,0,0.480091979980469,1.63,0,-5399.92822265625
100000000000000000000000,1,922625000,0,-64.5,1.80396140655351,0,0,0.480091979980469,1.63,0,-5399.92822265625
100000000000000000000004,1,922625000,0,-51,4.43013651541373,0,0,0.480091979980469,1.63,0,-5399.92822265625
100000000000000000000003,1,922625000,0,-45.5,3.0556897294682,0,0,0.480091979980469,1.63,0,-5399.92822265625
100000000000000000000000,1,922625000,0,-64.5,1.82850509915968,0,0,0.480091979980469,1.63,0,-5399.92822265625
100000000000000000000001,1,922625000,0,-44.5,3.26431111662064,0,0,0.480091979980469,1.63,0,-5399.92822265625
100000000000000000000002,1,922625000,0,-42.5,0.0184077694546279,0,0,0.480091979980469,1.63,0,-5399.92822265625
100000000000000000000004,1,922625000,0,-51,4.43627243856527,0,0,0.480091979980469,1.63,0,-5399.92822265625
100000000000000000000001,1,922625000,0,-44.5,3.2581751934691,0,0,0.480091979980469,1.63,0,-5399.92822265625
100000000000000000000002,1,922625000,0,-42.5,0.0306796157577125,0,0,0.480091979980469,1.63,0,-5399.92822265625
100000000000000000000000,1,922625000,0,-64,1.8591847149174,0,0,0.480091979980469,1.63,0,-5399.92822265625
100000000000000000000003,1,922625000,0,-45.5,3.06182565261974,0,0,0.480091979980469,1.63,0,-5399.92822265625
100000000000000000000002,1,922625000,0,-42.5,0.0184077694546279,0,0,0.480091979980469,1.63,0,-5399.92822265625
100000000000000000000003,1,922625000,0,-45.5,3.06182565261974,0,0,0.480091979980469,1.63,0,-5399.92822265625
100000000000000000000004,1,922625000,0,-51,4.41786466911065,0,0,0.480091979980469,1.63,0,-5399.92822265625
100000000000000000000001,1,922625000,0,-44.5,3.26431111662064,0,0,0.480091979980469,1.63,0,-5399.92822265625
100000000000000000000000,1,922625000,0,-64.5,1.87145656122048,0,0,0.480091979980469,1.63,0,-5399.92822265625
100000000000000000000003,1,922625000,0,-45.5,3.06182565261974,0,0,0.480091979980469,1.63,0,-5399.92822265625
100000000000000000000002,1,922625000,0,-42.5,0.0122718463030855,0,0,0.480091979980469,1.63,0,-5399.92822265625
100000000000000000000001,1,922625000,0,-44.5,3.28885480922681,0,0,0.480091979980469,1.63,0,-5399.92822265625
100000000000000000000000,1,922625000,0,-64,1.7732817907958,0,0,0.480091979980469,1.63,0,-5399.92822265625
100000000000000000000004,1,922625000,0,-51,4.41786466911065,0,0,0.480091979980469,1.63,0,-5399.92822265625
100000000000000000000001,1,923125000,0,-44,3.51588396583389,0,0,0.480091979980469,1.63,0,-5399.92822265625
100000000000000000000003,1,923125000,0,-45,3.28271888607527,0,0,0.480091979980469,1.63,0,-5399.92822265625
100000000000000000000002,1,923125000,0,-42,0.269980618667873,0,0,0.480091979980469,1.63,0,-5399.92822265625
100000000000000000000000,1,923125000,0,-64.5,1.77941771394734,0,0,0.480091979980469,1.63,0,-5399.92822265625
100000000000000000000004,1,923125000,0,-50.5,4.64489382571772,0,0,0.480091979980469,1.63,0,-5399.92822265625
100000000000000000000000,1,923125000,0,-65,1.71805848243192,0,0,0.480091979980469,1.63,0,-5399.92822265625
100000000000000000000004,1,923125000,0,-50.5,4.64489382571772,0,0,0.480091979980469,1.63,0,-5399.92822265625
100000000000000000000003,1,923125000,0,-45.5,3.25203927031756,0,0,0.480091979980469,1.63,0,-5399.92822265625
100000000000000000000001,1,923125000,0,-44,3.50974804268235,0,0,0.480091979980469,1.63,0,-5399.92822265625
100000000000000000000002,1,923125000,0,-42,0.288388388122501,0,0,0.480091979980469,1.63,0,-5399.92822265625
100000000000000000000002,1,923125000,0,-42,0.282252464970958,0,0,0.480091979980469,1.63,0,-5399.92822265625
100000000000000000000000,1,923125000,0,-65,1.76100994449272,0,0,0.480091979980469,1.63,0,-5399.92822265625
100000000000000000000004,1,923125000,0,-51,4.63262197941464,0,0,0.480091979980469,1.63,0,-5399.92822265625
100000000000000000000001,1,923125000,0,-44,3.51588396583389,0,0,0.480091979980469,1.63,0,-5399.92822265625
100000000000000000000003,1,923125000,0,-45,3.28271888607527,0,0,0.480091979980469,1.63,0,-5399.92822265625
100000000000000000000003,1,923125000,0,-45.5,3.28885480922681,0,0,0.480091979980469,1.63,0,-5399.92822265625
100000000000000000000002,1,923125000,0,-41.5,0.269980618667873,0,0,0.480091979980469,1.63,0,-5399.92822265625
100000000000000000000000,1,923125000,0,-65,1.71192255928038,0,0,0.480091979980469,1.63,0,-5399.92822265625
100000000000000000000001,1,923125000,0,-44,3.50974804268235,0,0,0.480091979980469,1.63,0,-5399.92822265625
100000000000000000000004,1,923125000,0,-51,4.65102974886926,0,0,0.480091979980469,1.63,0,-5399.92822265625
100000000000000000000004,1,923125000,0,-51,4.66330159517235,0,0,0.480091979980469,1.63,0,-5399.92822265625
100000000000000000000003,1,923125000,0,-45.5,3.2581751934691,0,0,0.480091979980469,1.63,0,-5399.92822265625
100000000000000000000000,1,923125000,0,-64.5,1.61988371200724,0,0,0.480091979980469,1.63,0,-5399.92822265625
100000000000000000000001,1,923125000,0,-44,3.49134027322772,0,0,0.480091979980469,1.63,0,-5399.92822265625
100000000000000000000002,1,923125000,0,-42,0.282252464970958,0,0,0.480091979980469,1.63,0,-5399.92822265625
100000000000000000000003,1,923125000,0,-45.5,3.26431111662064,0,0,0.480091979980469,1.63,0,-5399.92822265625
100000000000000000000000,1,923125000,0,-64.5,1.730330328735,0,0,0.480091979980469,1.63,0,-5399.92822265625
100000000000000000000002,1,923125000,0,-42,0.257708772364787,0,0,0.480091979980469,1.63,0,-5399.92822265625
100000000000000000000004,1,923125000,0,-51,4.63262197941464,0,0,0.480091979980469,1.63,0,-5399.92822265625
100000000000000000000001,1,923125000,0,-44,3.52201988898543,0,0,0.480091979980469,1.63,0,-5399.92822265625
100000000000000000000001,1,923125000,0,-44,3.52201988898543,0,0,0.480091979980469,1.63,0,-5399.92822265625
100000000000000000000002,1,923125000,0,-41.5,0.282252464970958,0,0,0.480091979980469,1.63,0,-5399.92822265625
100000000000000000000004,1,923125000,0,-50.5,4.62035013311155,0,0,0.480091979980469,1.63,0,-5399.92822265625
100000000000000000000003,1,923125000,0,-45.5,3.2581751934691,0,0,0.480091979980469,1.63,0,-5399.92822265625
100000000000000000000000,1,923125000,0,-65.5,1.730330328735,0,0,0.480091979980469,1.63,0,-5399.92822265625
100000000000000000000002,1,923125000,0,-41.5,0.288388388122501,0,0,0.480091979980469,1.63,0,-5399.92822265625
100000000000000000000003,1,923125000,0,-45.5,3.2581751934691,0,0,0.480091979980469,1.63,0,-5399.92822265625
100000000000000000000000,1,923125000,0,-64.5,1.79782548340197,0,0,0.480091979980469,1.63,0,-5399.92822265625
100000000000000000000001,1,923125000,0,-44,3.51588396583389,0,0,0.480091979980469,1.63,0,-5399.92822265625
100000000000000000000004,1,923125000,0,-50.5,4.62648605626309,0,0,0.480091979980469,1.63,0,-5399.92822265625
100000000000000000000002,1,923125000,0,-41.5,0.282252464970958,0,0,0.480091979980469,1.63,0,-5399.92822265625
100000000000000000000003,1,923125000,0,-45.5,3.26431111662064,0,0,0.480091979980469,1.63,0,-5399.92822265625
100000000000000000000001,1,923125000,0,-44,3.52815581213697,0,0,0.480091979980469,1.63,0,-5399.92822265625
100000000000000000000004,1,923125000,0,-50.5,4.66330159517235,0,0,0.480091979980469,1.63,0,-5399.92822265625
100000000000000000000000,1,923125000,0,-65.5,1.71192255928038,0,0,0.480091979980469,1.63,0,-5399.92822265625
100000000000000000000002,1,923125000,0,-41.5,0.251572849213245,0,0,0.480091979980469,1.63,0,-5399.92822265625
100000000000000000000003,1,923125000,0,-45.5,3.31339850183298,0,0,0.480091979980469,1.63,0,-5399.92822265625
100000000000000000000001,1,923125000,0,-44,3.51588396583389,0,0,0.480091979980469,1.63,0,-5399.92822265625
100000000000000000000004,1,923125000,0,-51,4.62648605626309,0,0,0.480091979980469,1.63,0,-5399.92822265625
100000000000000000000000,1,923125000,0,-65,1.730330328735,0,0,0.480091979980469,1.63,0,-5399.92822265625
100000000000000000000001,1,923125000,0,-44,3.52201988898543,0,0,0.480091979980469,1.63,0,-5399.92822265625
100000000000000000000003,1,923125000,0,-45.5,3.3011266555299,0,0,0.480091979980469,1.63,0,-5399.92822265625
100000000000000000000004,1,923125000,0,-50.5,4.63262197941464,0,0,0.480091979980469,1.63,0,-5399.92822265625
100000000000000000000002,1,923125000,0,-42,0.251572849213245,0,0,0.480091979980469,1.63,0,-5399.92822265625
100000000000000000000000,1,923125000,0,-65,1.85304879176585,0,0,0.480091979980469,1.63,0,-5399.92822265625
100000000000000000000003,1,923125000,0,-45.5,3.30726257868144,0,0,0.480091979980469,1.63,0,-5399.92822265625
100000000000000000000001,1,923125000,0,-44,3.50974804268235,0,0,0.480091979980469,1.63,0,-5399.92822265625
100000000000000000000002,1,923125000,0,-42,0.257708772364787,0,0,0.480091979980469,1.63,0,-5399.92822265625
100000000000000000000000,1,923125000,0,-64.5,1.68737886667421,0,0,0.480091979980469,1.63,0,-5399.92822265625
100000000000000000000004,1,923125000,0,-51,4.64489382571772,0,0,0.480091979980469,1.63,0,-5399.92822265625
100000000000000000000004,1,923125000,0,-51,4.65102974886926,0,0,0.480091979980469,1.63,0,-5399.92822265625
100000000000000000000000,1,923125000,0,-64.5,1.730330328735,0,0,0.480091979980469,1.63,0,-5399.92822265625
100000000000000000000002,1,923125000,0,-41.5,0.276116541819415,0,0,0.480091979980469,1.63,0,-5399.92822265625
100000000000000000000001,1,923125000,0,-44,3.50974804268235,0,0,0.480091979980469,1.63,0,-5399.92822265625
100000000000000000000003,1,923125000,0,-45,3.3011266555299,0,0,0.480091979980469,1.63,0,-5399.92822265625
100000000000000000000004,1,923125000,0,-51,4.63875790256618,0,0,0.480091979980469,1.63,0,-5399.92822265625
100000000000000000000003,1,923125000,0,-45.5,3.29499073237836,0,0,0.480091979980469,1.63,0,-5399.92822265625
100000000000000000000002,1,923125000,0,-41.5,0.276116541819415,0,0,0.480091979980469,1.63,0,-5399.92822265625
100000000000000000000000,1,923125000,0,-64.5,1.7732817907958,0,0,0.480091979980469,1.63,0,-5399.92822265625
100000000000000000000001,1,923125000,0,-44,3.52815581213697,0,0,0.480091979980469,1.63,0,-5399.92822265625
100000000000000000000004,1,923125000,0,-51,4.65102974886926,0,0,0.480091979980469,1.63,0,-5399.92822265625
100000000000000000000002,1,923125000,0,-41.5,0.269980618667873,0,0,0.480091979980469,1.63,0,-5399.92822265625
100000000000000000000003,1,923125000,0,-45.5,3.27658296292373,0,0,0.480091979980469,1.63,0,-5399.92822265625
100000000000000000000000,1,923125000,0,-64.5,1.77941771394734,0,0,0.480091979980469,1.63,0,-5399.92822265625
100000000000000000000001,1,923125000,0,-44,3.51588396583389,0,0,0.480091979980469,1.63,0,-5399.92822265625
100000000000000000000002,1,923125000,0,-41.5,0.288388388122501,0,0,0.480091979980469,1.63,0,-5399.92822265625
100000000000000000000004,1,923125000,0,-50.5,4.63262197941464,0,0,0.480091979980469,1.63,0,-5399.92822265625
100000000000000000000001,1,923125000,0,-44,3.51588396583389,0,0,0.480091979980469,1.63,0,-5399.92822265625
100000000000000000000000,1,923125000,0,-64.5,1.76714586764426,0,0,0.480091979980469,1.63,0,-5399.92822265625
100000000000000000000003,1,923125000,0,-45,3.29499073237836,0,0,0.480091979980469,1.63,0,-5399.92822265625
100000000000000000000003,1,923125000,0,-45.5,3.28885480922681,0,0,0.480091979980469,1.63,0,-5399.92822265625
100000000000000000000004,1,923125000,0,-50.5,4.64489382571772,0,0,0.480091979980469,1.63,0,-5399.92822265625
100000000000000000000000,1,923125000,0,-64.5,1.82850509915968,0,0,0.480091979980469,1.63,0,-5399.92822265625
100000000000000000000001,1,923125000,0,-44,3.50974804268235,0,0,0.480091979980469,1.63,0,-5399.92822265625
100000000000000000000002,1,923125000,0,-42,0.257708772364787,0,0,0.480091979980469,1.63,0,-5399.92822265625
100000000000000000000000,1,923125000,0,-65,1.82236917600814,0,0,0.480091979980469,1.63,0,-5399.92822265625
100000000000000000000004,1,923125000,0,-51,4.63262197941464,0,0,0.480091979980469,1.63,0,-5399.92822265625
100000000000000000000001,1,923125000,0,-44,3.52815581213697,0,0,0.480091979980469,1.63,0,-5399.92822265625
100000000000000000000003,1,923125000,0,-45.5,3.28885480922681,0,0,0.480091979980469,1.63,0,-5399.92822265625
100000000000000000000002,1,923125000,0,-41.5,0.282252464970958,0,0,0.480091979980469,1.63,0,-5399.92822265625
100000000000000000000001,1,923125000,0,-44,3.5036121195308,0,0,0.480091979980469,1.63,0,-5399.92822265625
100000000000000000000000,1,923125000,0,-65,1.83464102231123,0,0,0.480091979980469,1.63,0,-5399.92822265625
100000000000000000000003,1,923125000,0,-45.5,3.28271888607527,0,0,0.480091979980469,1.63,0,-5399.92822265625
100000000000000000000004,1,923125000,0,-51,4.63875790256618,0,0,0.480091979980469,1.63,0,-5399.92822265625
100000000000000000000002,1,923125000,0,-42,0.276116541819415,0,0,0.480091979980469,1.63,0,-5399.92822265625
100000000000000000000002,1,923125000,0,-42,0.257708772364787,0,0,0.480091979980469,1.63,0,-5399.92822265625
100000000000000000000000,1,923125000,0,-65,1.84691286861431,0,0,0.480091979980469,1.63,0,-5399.92822265625
100000000000000000000004,1,923125000,0,-50.5,4.63875790256618,0,0,0.480091979980469,1.63,0,-5399.92822265625
100000000000000000000003,1,923125000,0,-45.5,3.26431111662064,0,0,0.480091979980469,1.63,0,-5399.92822265625
100000000000000000000001,1,923125000,0,-44,3.52201988898543,0,0,0.480091979980469,1.63,0,-5399.92822265625
100000000000000000000000,1,923125000,0,-65,1.87145656122048,0,0,0.480091979980469,1.63,0,-5399.92822265625
100000000000000000000002,1,923125000,0,-41.5,0.263844695516331,0,0,0.480091979980469,1.63,0,-5399.92822265625
100000000000000000000003,1,923125000,0,-45.5,3.28885480922681,0,0,0.480091979980469,1.63,0,-5399.92822265625
100000000000000000000001,1,923125000,0,-44,3.51588396583389,0,0,0.480091979980469,1.63,0,-5399.92822265625
100000000000000000000004,1,923125000,0,-51,4.64489382571772,0,0,0.480091979980469,1.63,0,-5399.92822265625
100000000000000000000002,1,923125000,0,-41.5,0.288388388122501,0,0,0.480091979980469,1.63,0,-5399.92822265625
100000000000000000000000,1,923125000,0,-64.5,1.83464102231123,0,0,0.480091979980469,1.63,0,-5399.92822265625
100000000000000000000003,1,923125000,0,-45,3.3011266555299,0,0,0.480091979980469,1.63,0,-5399.92822265625
100000000000000000000004,1,923125000,0,-51,4.65102974886926,0,0,0.480091979980469,1.63,0,-5399.92822265625
100000000000000000000001,1,923125000,0,-44,3.50974804268235,0,0,0.480091979980469,1.63,0,-5399.92822265625
100000000000000000000003,1,923125000,0,-45.5,3.27044703977219,0,0,0.480091979980469,1.63,0,-5399.92822265625
100000000000000000000004,1,923125000,0,-51,4.64489382571772,0,0,0.480091979980469,1.63,0,-5399.92822265625
100000000000000000000002,1,923125000,0,-41.5,0.282252464970958,0,0,0.480091979980469,1.63,0,-5399.92822265625
100000000000000000000000,1,923125000,0,-64.5,1.75487402134117,0,0,0.480091979980469,1.63,0,-5399.92822265625
100000000000000000000001,1,923125000,0,-44,3.50974804268235,0,0,0.480091979980469,1.63,0,-5399.92822265625
100000000000000000000002,1,923125000,0,-42,0.251572849213245,0,0,0.480091979980469,1.63,0,-5399.92822265625
100000000000000000000004,1,923125000,0,-50.5,4.66330159517235,0,0,0.480091979980469,1.63,0,-5399.92822265625
100000000000000000000000,1,923125000,0,-65,1.70578663612883,0,0,0.480091979980469,1.63,0,-5399.92822265625
100000000000000000000001,1,923125000,0,-44,3.49747619637926,0,0,0.480091979980469,1.63,0,-5399.92822265625
100000000000000000000003,1,923125000,0,-45,3.30726257868144,0,0,0.480091979980469,1.63,0,-5399.92822265625
100000000000000000000003,1,923125000,0,-45,3.28885480922681,0,0,0.480091979980469,1.63,0,-5399.92822265625
100000000000000000000001,1,923125000,0,-44,3.52815581213697,0,0,0.480091979980469,1.63,0,-5399.92822265625
100000000000000000000000,1,923125000,0,-65,1.77941771394734,0,0,0.480091979980469,1.63,0,-5399.92822265625
100000000000000000000002,1,923125000,0,-41.5,0.257708772364787,0,0,0.480091979980469,1.63,0,-5399.92822265625
100000000000000000000004,1,923125000,0,-50.5,4.66330159517235,0,0,0.480091979980469,1.63,0,-5399.92822265625
100000000000000000000001,1,923125000,0,-44,3.49134027322772,0,0,0.480091979980469,1.63,0,-5399.92822265625
100000000000000000000003,1,923125000,0,-45.5,3.29499073237836,0,0,0.480091979980469,1.63,0,-5399.92822265625
100000000000000000000004,1,923125000,0,-51,4.65102974886926,0,0,0.480091979980469,1.63,0,-5399.92822265625
100000000000000000000002,1,923125000,0,-41.5,0.288388388122501,0,0,0.480091979980469,1.63,0,-5399.92822265625
100000000000000000000000,1,923125000,0,-64.5,1.68737886667421,0,0,0.480091979980469,1.63,0,-5399.92822265625
100000000000000000000004,1,923125000,0,-51,4.63875790256618,0,0,0.480091979980469,1.63,0,-5399.92822265625
100000000000000000000000,1,923125000,0,-65,1.66283517406803,0,0,0.480091979980469,1.63,0,-5399.92822265625
100000000000000000000001,1,923125000,0,-44,3.51588396583389,0,0,0.480091979980469,1.63,0,-5399.92822265625
100000000000000000000003,1,923125000,0,-45.5,3.27044703977219,0,0,0.480091979980469,1.63,0,-5399.92822265625
100000000000000000000002,1,923125000,0,-41.5,0.257708772364787,0,0,0.480091979980469,1.63,0,-5399.92822265625
100000000000000000000004,1,923125000,0,-50.5,4.63262197941464,0,0,0.480091979980469,1.63,0,-5399.92822265625
100000000000000000000002,1,923125000,0,-42,0.282252464970958,0,0,0.480091979980469,1.63,0,-5399.92822265625
100000000000000000000000,1,923125000,0,-65,1.72419440558346,0,0,0.480091979980469,1.63,0,-5399.92822265625
100000000000000000000001,1,923125000,0,-44,3.5036121195308,0,0,0.480091979980469,1.63,0,-5399.92822265625
100000000000000000000003,1,923125000,0,-45.5,3.28885480922681,0,0,0.480091979980469,1.63,0,-5399.92822265625
100000000000000000000001,1,923125000,0,-44,3.50974804268235,0,0,0.480091979980469,1.63,0,-5399.92822265625
100000000000000000000003,1,923125000,0,-45,3.3011266555299,0,0,0.480091979980469,1.63,0,-5399.92822265625
100000000000000000000000,1,923125000,0,-65,1.67510702037112,0,0,0.480091979980469,1.63,0,-5399.92822265625
100000000000000000000002,1,923125000,0,-41.5,0.294524311274043,0,0,0.480091979980469,1.63,0,-5399.92822265625
100000000000000000000004,1,923125000,0,-51,4.62648605626309,0,0,0.480091979980469,1.63,0,-5399.92822265625
100000000000000000000002,1,923125000,0,-41.5,0.282252464970958,0,0,0.480091979980469,1.63,0,-5399.92822265625
100000000000000000000004,1,923125000,0,-51,4.63262197941464,0,0,0.480091979980469,1.63,0,-5399.92822265625
100000000000000000000001,1,923125000,0,-44,3.52201988898543,0,0,0.480091979980469,1.63,0,-5399.92822265625
100000000000000000000003,1,923125000,0,-45,3.28885480922681,0,0,0.480091979980469,1.63,0,-5399.92822265625
100000000000000000000000,1,923125000,0,-64.5,1.70578663612883,0,0,0.480091979980469,1.63,0,-5399.92822265625
100000000000000000000000,1,923125000,0,-65,1.76100994449272,0,0,0.480091979980469,1.63,0,-5399.92822265625
100000000000000000000004,1,923125000,0,-50.5,4.66330159517235,0,0,0.480091979980469,1.63,0,-5399.92822265625
100000000000000000000002,1,923125000,0,-41.5,0.263844695516331,0,0,0.480091979980469,1.63,0,-5399.92822265625
100000000000000000000001,1,923125000,0,-44,3.52815581213697,0,0,0.480091979980469,1.63,0,-5399.92822265625
100000000000000000000003,1,923125000,0,-45,3.27044703977219,0,0,0.480091979980469,1.63,0,-5399.92822265625
100000000000000000000001,1,923125000,0,-44,3.50974804268235,0,0,0.480091979980469,1.63,0,-5399.92822265625
100000000000000000000004,1,923125000,0,-51,4.65716567202081,0,0,0.480091979980469,1.63,0,-5399.92822265625
100000000000000000000002,1,923125000,0,-41.5,0.282252464970958,0,0,0.480091979980469,1.63,0,-5399.92822265625
100000000000000000000003,1,923125000,0,-45.5,3.31953442498453,0,0,0.480091979980469,1.63,0,-5399.92822265625
100000000000000000000000,1,923125000,0,-64.5,1.70578663612883,0,0,0.480091979980469,1.63,0,-5399.92822265625
100000000000000000000000,1,923125000,0,-65,1.85304879176585,0,0,0.480091979980469,1.63,0,-5399.92822265625
100000000000000000000002,1,923125000,0,-42,0.282252464970958,0,0,0.480091979980469,1.63,0,-5399.92822265625
100000000000000000000001,1,923125000,0,-44,3.52201988898543,0,0,0.480091979980469,1.63,0,-5399.92822265625
100000000000000000000003,1,923125000,0,-45,3.26431111662064,0,0,0.480091979980469,1.63,0,-5399.92822265625
100000000000000000000004,1,923125000,0,-50.5,4.65102974886926,0,0,0.480091979980469,1.63,0,-5399.92822265625
100000000000000000000000,1,923125000,0,-64.5,1.72419440558346,0,0,0.480091979980469,1.63,0,-5399.92822265625
100000000000000000000001,1,923125000,0,-44,3.5036121195308,0,0,0.480091979980469,1.63,0,-5399.92822265625
100000000000000000000002,1,923125000,0,-41.5,0.263844695516331,0,0,0.480091979980469,1.63,0,-5399.92822265625
100000000000000000000003,1,923125000,0,-45.5,3.25203927031756,0,0,0.480091979980469,1.63,0,-5399.92822265625
100000000000000000000004,1,923125000,0,-50.5,4.65102974886926,0,0,0.480091979980469,1.63,0,-5399.92822265625
100000000000000000000003,1,923125000,0,-45.5,3.3011266555299,0,0,0.480091979980469,1.63,0,-5399.92822265625
100000000000000000000002,1,923125000,0,-41.5,0.276116541819415,0,0,0.480091979980469,1.63,0,-5399.92822265625
100000000000000000000001,1,923125000,0,-44,3.49747619637926,0,0,0.480091979980469,1.63,0,-5399.92822265625
100000000000000000000004,1,923125000,0,-51,4.65102974886926,0,0,0.480091979980469,1.63,0,-5399.92822265625
100000000000000000000000,1,923125000,0,-65,1.8162332528566,0,0,0.480091979980469,1.63,0,-5399.92822265625
100000000000000000000004,1,923125000,0,-50.5,4.63875790256618,0,0,0.480091979980469,1.63,0,-5399.92822265625
100000000000000000000000,1,923125000,0,-65,1.68124294352266,0,0,0.480091979980469,1.63,0,-5399.92822265625
100000000000000000000001,1,923125000,0,-44,3.50974804268235,0,0,0.480091979980469,1.63,0,-5399.92822265625
100000000000000000000003,1,923125000,0,-45,3.30726257868144,0,0,0.480091979980469,1.63,0,-5399.92822265625
100000000000000000000002,1,923125000,0,-42,0.276116541819415,0,0,0.480091979980469,1.63,0,-5399.92822265625
100000000000000000000003,1,923125000,0,-45,3.30726257868144,0,0,0.480091979980469,1.63,0,-5399.92822265625
100000000000000000000002,1,923125000,0,-42,0.276116541819415,0,0,0.480091979980469,1.63,0,-5399.92822265625
100000000000000000000000,1,923125000,0,-64.5,1.77941771394734,0,0,0.480091979980469,1.63,0,-5399.92822265625
100000000000000000000004,1,923125000,0,-51,4.60807828680847,0,0,0.480091979980469,1.63,0,-5399.92822265625
100000000000000000000001,1,923125000,0,-44,3.5036121195308,0,0,0.480091979980469,1.63,0,-5399.92822265625
100000000000000000000001,1,923125000,0,-44,3.52201988898543,0,0,0.480091979980469,1.63,0,-5399.92822265625
100000000000000000000000,1,923125000,0,-65,1.69351478982575,0,0,0.480091979980469,1.63,0,-5399.92822265625
100000000000000000000003,1,923125000,0,-45,3.28271888607527,0,0,0.480091979980469,1.63,0,-5399.92822265625
100000000000000000000004,1,923125000,0,-51,4.65102974886926,0,0,0.480091979980469,1.63,0,-5399.92822265625
100000000000000000000002,1,923125000,0,-42,0.257708772364787,0,0,0.480091979980469,1.63,0,-5399.92822265625
100000000000000000000002,1,923125000,0,-42,0.251572849213245,0,0,0.480091979980469,1.63,0,-5399.92822265625
100000000000000000000003,1,923125000,0,-45.5,3.26431111662064,0,0,0.480091979980469,1.63,0,-5399.92822265625
100000000000000000000004,1,923125000,0,-50.5,4.63875790256618,0,0,0.480091979980469,1.63,0,-5399.92822265625
100000000000000000000001,1,923125000,0,-44,3.50974804268235,0,0,0.480091979980469,1.63,0,-5399.92822265625
100000000000000000000000,1,923125000,0,-65,1.72419440558346,0,0,0.480091979980469,1.63,0,-5399.92822265625
100000000000000000000002,1,923125000,0,-41.5,0.276116541819415,0,0,0.480091979980469,1.63,0,-5399.92822265625
100000000000000000000004,1,923125000,0,-51,4.65716567202081,0,0,0.480091979980469,1.63,0,-5399.92822265625
100000000000000000000001,1,923125000,0,-44,3.50974804268235,0,0,0.480091979980469,1.63,0,-5399.92822265625
100000000000000000000003,1,923125000,0,-45.5,3.28271888607527,0,0,0.480091979980469,1.63,0,-5399.92822265625
100000000000000000000000,1,923125000,0,-65,1.79782548340197,0,0,0.480091979980469,1.63,0,-5399.92822265625
100000000000000000000003,1,923125000,0,-45.5,3.28271888607527,0,0,0.480091979980469,1.63,0,-5399.92822265625
100000000000000000000000,1,923125000,0,-65,1.65669925091649,0,0,0.480091979980469,1.63,0,-5399.92822265625
100000000000000000000001,1,923125000,0,-44,3.5036121195308,0,0,0.480091979980469,1.63,0,-5399.92822265625
100000000000000000000002,1,923125000,0,-42,0.282252464970958,0,0,0.480091979980469,1.63,0,-5399.92822265625
100000000000000000000004,1,923125000,0,-51,4.63262197941464,0,0,0.480091979980469,1.63,0,-5399.92822265625
100000000000000000000004,1,923125000,0,-51,4.62648605626309,0,0,0.480091979980469,1.63,0,-5399.92822265625
100000000000000000000003,1,923125000,0,-45.5,3.27658296292373,0,0,0.480091979980469,1.63,0,-5399.92822265625
100000000000000000000001,1,923125000,0,-44,3.52815581213697,0,0,0.480091979980469,1.63,0,-5399.92822265625
100000000000000000000000,1,923125000,0,-65,1.71805848243192,0,0,0.480091979980469,1.63,0,-5399.92822265625
100000000000000000000002,1,923125000,0,-42,0.276116541819415,0,0,0.480091979980469,1.63,0,-5399.92822265625
100000000000000000000004,1,923125000,0,-50.5,4.63875790256618,0,0,0.480091979980469,1.63,0,-5399.92822265625
100000000000000000000002,1,923125000,0,-41.5,0.263844695516331,0,0,0.480091979980469,1.63,0,-5399.92822265625
100000000000000000000001,1,923125000,0,-44,3.50974804268235,0,0,0.480091979980469,1.63,0,-5399.92822265625
100000000000000000000003,1,923125000,0,-45.5,3.29499073237836,0,0,0.480091979980469,1.63,0,-5399.92822265625
100000000000000000000000,1,923125000,0,-64.5,1.8162332528566,0,0,0.480091979980469,1.63,0,-5399.92822265625
100000000000000000000002,1,923125000,0,-42,0.294524311274043,0,0,0.480091979980469,1.63,0,-5399.92822265625
100000000000000000000003,1,923125000,0,-45,3.27658296292373,0,0,0.480091979980469,1.63,0,-5399.92822265625
100000000000000000000001,1,923125000,0,-44,3.50974804268235,0,0,0.480091979980469,1.63,0,-5399.92822265625
100000000000000000000000,1,923125000,0,-65,1.70578663612883,0,0,0.480091979980469,1.63,0,-5399.92822265625
100000000000000000000004,1,923125000,0,-51,4.65102974886926,0,0,0.480091979980469,1.63,0,-5399.92822265625
100000000000000000000003,1,923125000,0,-45,3.29499073237836,0,0,0.480091979980469,1.63,0,-5399.92822265625
100000000000000000000000,1,923125000,0,-64.5,1.7732817907958,0,0,0.480091979980469,1.63,0,-5399.92822265625
100000000000000000000001,1,923125000,0,-44,3.50974804268235,0,0,0.480091979980469,1.63,0,-5399.92822265625
100000000000000000000004,1,923125000,0,-51,4.63875790256618,0,0,0.480091979980469,1.63,0,-5399.92822265625
100000000000000000000002,1,923125000,0,-41.5,0.288388388122501,0,0,0.480091979980469,1.63,0,-5399.92822265625
100000000000000000000003,1,923125000,0,-45.5,3.27044703977219,0,0,0.480091979980469,1.63,0,-5399.92822265625
100000000000000000000002,1,923125000,0,-42,0.263844695516331,0,0,0.480091979980469,1.63,0,-5399.92822265625
100000000000000000000001,1,923125000,0,-44,3.50974804268235,0,0,0.480091979980469,1.63,0,-5399.92822265625
100000000000000000000000,1,923125000,0,-65,1.87145656122048,0,0,0.480091979980469,1.63,0,-5399.92822265625
100000000000000000000004,1,923125000,0,-51,4.62035013311155,0,0,0.480091979980469,1.63,0,-5399.92822265625
100000000000000000000002,1,923125000,0,-42,0.269980618667873,0,0,0.480091979980469,1.63,0,-5399.92822265625
100000000000000000000000,1,923125000,0,-65.5,1.84077694546277,0,0,0.480091979980469,1.63,0,-5399.92822265625
100000000000000000000004,1,923125000,0,-51,4.63262197941464,0,0,0.480091979980469,1.63,0,-5399.92822265625
100000000000000000000003,1,923125000,0,-45.5,3.26431111662064,0,0,0.480091979980469,1.63,0,-5399.92822265625
100000000000000000000001,1,923125000,0,-44,3.50974804268235,0,0,0.480091979980469,1.63,0,-5399.92822265625
100000000000000000000001,1,923125000,0,-44,3.50974804268235,0,0,0.480091979980469,1.63,0,-5399.92822265625
100000000000000000000000,1,923125000,0,-64.5,1.80396140655351,0,0,0.480091979980469,1.63,0,-5399.92822265625
100000000000000000000003,1,923125000,0,-45.5,3.29499073237836,0,0,0.480091979980469,1.63,0,-5399.92822265625
100000000000000000000002,1,923125000,0,-41.5,0.276116541819415,0,0,0.480091979980469,1.63,0,-5399.92822265625
100000000000000000000004,1,923125000,0,-50.5,4.64489382571772,0,0,0.480091979980469,1.63,0,-5399.92822265625
100000000000000000000004,1,923125000,0,-51,4.63875790256618,0,0,0.480091979980469,1.63,0,-5399.92822265625
100000000000000000000002,1,923125000,0,-42,0.276116541819415,0,0,0.480091979980469,1.63,0,-5399.92822265625
100000000000000000000003,1,923125000,0,-45.5,3.30726257868144,0,0,0.480091979980469,1.63,0,-5399.92822265625
100000000000000000000001,1,923125000,0,-44,3.50974804268235,0,0,0.480091979980469,1.63,0,-5399.92822265625
100000000000000000000000,1,923125000,0,-64.5,1.9021361769782,0,0,0.480091979980469,1.63,0,-5399.92822265625
100000000000000000000003,1,923125000,0,-45.5,3.27044703977219,0,0,0.480091979980469,1.63,0,-5399.92822265625
100000000000000000000004,1,923125000,0,-50.5,4.65102974886926,0,0,0.480091979980469,1.63,0,-5399.92822265625
100000000000000000000002,1,923125000,0,-41.5,0.282252464970958,0,0,0.480091979980469,1.63,0,-5399.92822265625
100000000000000000000000,1,923125000,0,-65,1.67510702037112,0,0,0.480091979980469,1.63,0,-5399.92822265625
100000000000000000000001,1,923125000,0,-44,3.52201988898543,0,0,0.480091979980469,1.63,0,-5399.92822265625
100000000000000000000004,1,923125000,0,-50.5,4.64489382571772,0,0,0.480091979980469,1.63,0,-5399.92822265625
100000000000000000000002,1,923125000,0,-42,0.269980618667873,0,0,0.480091979980469,1.63,0,-5399.92822265625
100000000000000000000001,1,923125000,0,-44,3.51588396583389,0,0,0.480091979980469,1.63,0,-5399.92822265625
100000000000000000000003,1,923125000,0,-45.5,3.27658296292373,0,0,0.480091979980469,1.63,0,-5399.92822265625
100000000000000000000000,1,923125000,0,-65,1.7732817907958,0,0,0.480091979980469,1.63,0,-5399.92822265625
100000000000000000000000,1,923125000,0,-65,1.74260217503809,0,0,0.480091979980469,1.63,0,-5399.92822265625
100000000000000000000002,1,923125000,0,-41.5,0.269980618667873,0,0,0.480091979980469,1.63,0,-5399.92822265625
100000000000000000000003,1,923125000,0,-45,3.29499073237836,0,0,0.480091979980469,1.63,0,-5399.92822265625
100000000000000000000001,1,923125000,0,-44,3.5036121195308,0,0,0.480091979980469,1.63,0,-5399.92822265625
100000000000000000000004,1,923125000,0,-50.5,4.67557344147543,0,0,0.480091979980469,1.63,0,-5399.92822265625
100000000000000000000000,1,923125000,0,-65,1.74873809818963,0,0,0.480091979980469,1.63,0,-5399.92822265625
100000000000000000000001,1,923125000,0,-44,3.5036121195308,0,0,0.480091979980469,1.63,0,-5399.92822265625
100000000000000000000003,1,923125000,0,-45.5,3.28885480922681,0,0,0.480091979980469,1.63,0,-5399.92822265625
100000000000000000000004,1,923125000,0,-51,4.65716567202081,0,0,0.480091979980469,1.63,0,-5399.92822265625
100000000000000000000002,1,923125000,0,-41.5,0.282252464970958,0,0,0.480091979980469,1.63,0,-5399.92822265625
100000000000000000000001,1,923125000,0,-44,3.49747619637926,0,0,0.480091979980469,1.63,0,-5399.92822265625
100000000000000000000003,1,923125000,0,-45.5,3.30726257868144,0,0,0.480091979980469,1.63,0,-5399.92822265625
100000000000000000000002,1,923125000,0,-42,0.257708772364787,0,0,0.480091979980469,1.63,0,-5399.92822265625
100000000000000000000000,1,923125000,0,-65.5,1.76100994449272,0,0,0.480091979980469,1.63,0,-5399.92822265625
100000000000000000000004,1,923125000,0,-51,4.64489382571772,0,0,0.480091979980469,1.63,0,-5399.92822265625
100000000000000000000000,1,923125000,0,-64.5,1.76714586764426,0,0,0.480091979980469,1.63,0,-5399.92822265625
100000000000000000000003,1,923125000,0,-45.5,3.31953442498453,0,0,0.480091979980469,1.63,0,-5399.92822265625
100000000000000000000001,1,923125000,0,-44,3.51588396583389,0,0,0.480091979980469,1.63,0,-5399.92822265625
100000000000000000000002,1,923125000,0,-42,0.276116541819415,0,0,0.480091979980469,1.63,0,-5399.92822265625
100000000000000000000004,1,923125000,0,-51,4.65102974886926,0,0,0.480091979980469,1.63,0,-5399.92822265625
100000000000000000000002,1,923125000,0,-41.5,0.251572849213245,0,0,0.480091979980469,1.63,0,-5399.92822265625
100000000000000000000003,1,923125000,0,-45.5,3.29499073237836,0,0,0.480091979980469,1.63,0,-5399.92822265625
100000000000000000000004,1,923125000,0,-51,4.63262197941464,0,0,0.480091979980469,1.63,0,-5399.92822265625
100000000000000000000001,1,923125000,0,-44,3.50974804268235,0,0,0.480091979980469,1.63,0,-5399.92822265625
100000000000000000000000,1,923125000,0,-64.5,1.75487402134117,0,0,0.480091979980469,1.63,0,-5399.92822265625
100000000000000000000003,1,923125000,0,-45,3.28885480922681,0,0,0.480091979980469,1.63,0,-5399.92822265625
100000000000000000000001,1,923125000,0,-44,3.51588396583389,0,0,0.480091979980469,1.63,0,-5399.92822265625
100000000000000000000004,1,923125000,0,-51,4.65716567202081,0,0,0.480091979980469,1.63,0,-5399.92822265625
100000000000000000000002,1,923125000,0,-42,0.276116541819415,0,0,0.480091979980469,1.63,0,-5399.92822265625
100000000000000000000000,1,923125000,0,-65,1.76100994449272,0,0,0.480091979980469,1.63,0,-5399.92822265625
100000000000000000000003,1,923125000,0,-45.5,3.28271888607527,0,0,0.480091979980469,1.63,0,-5399.92822265625
100000000000000000000001,1,923125000,0,-44,3.52815581213697,0,0,0.480091979980469,1.63,0,-5399.92822265625
100000000000000000000000,1,923125000,0,-65,1.82236917600814,0,0,0.480091979980469,1.63,0,-5399.92822265625
100000000000000000000004,1,923125000,0,-51,4.63875790256618,0,0,0.480091979980469,1.63,0,-5399.92822265625
100000000000000000000002,1,923125000,0,-42,0.276116541819415,0,0,0.480091979980469,1.63,0,-5399.92822265625
100000000000000000000003,1,923125000,0,-45,3.28271888607527,0,0,0.480091979980469,1.63,0,-5399.92822265625
100000000000000000000002,1,923125000,0,-42,0.276116541819415,0,0,0.480091979980469,1.63,0,-5399.92822265625
100000000000000000000000,1,923125000,0,-65,1.7732817907958,0,0,0.480091979980469,1.63,0,-5399.92822265625
100000000000000000000001,1,923125000,0,-44,3.53429173528852,0,0,0.480091979980469,1.63,0,-5399.92822265625
100000000000000000000004,1,923125000,0,-51,4.63875790256618,0,0,0.480091979980469,1.63,0,-5399.92822265625
100000000000000000000004,1,923125000,0,-51,4.64489382571772,0,0,0.480091979980469,1.63,0,-5399.92822265625
100000000000000000000000,1,923125000,0,-64.5,1.78555363709889,0,0,0.480091979980469,1.63,0,-5399.92822265625
100000000000000000000001,1,923125000,0,-44,3.5036121195308,0,0,0.480091979980469,1.63,0,-5399.92822265625
100000000000000000000003,1,923125000,0,-45.5,3.28271888607527,0,0,0.480091979980469,1.63,0,-5399.92822265625
100000000000000000000002,1,923125000,0,-41.5,0.288388388122501,0,0,0.480091979980469,1.63,0,-5399.92822265625
100000000000000000000000,1,923125000,0,-64.5,1.730330328735,0,0,0.480091979980469,1.63,0,-5399.92822265625
100000000000000000000002,1,923125000,0,-42,0.269980618667873,0,0,0.480091979980469,1.63,0,-5399.92822265625
100000000000000000000001,1,923125000,0,-44,3.51588396583389,0,0,0.480091979980469,1.63,0,-5399.92822265625
100000000000000000000003,1,923125000,0,-45.5,3.27044703977219,0,0,0.480091979980469,1.63,0,-5399.92822265625
100000000000000000000004,1,923125000,0,-51,4.63262197941464,0,0,0.480091979980469,1.63,0,-5399.92822265625
100000000000000000000002,1,923125000,0,-42,0.257708772364787,0,0,0.480091979980469,1.63,0,-5399.92822265625
100000000000000000000000,1,923125000,0,-65,1.8591847149174,0,0,0.480091979980469,1.63,0,-5399.92822265625
100000000000000000000003,1,923125000,0,-45.5,3.25203927031756,0,0,0.480091979980469,1.63,0,-5399.92822265625
100000000000000000000004,1,923125000,0,-51,4.62648605626309,0,0,0.480091979980469,1.63,0,-5399.92822265625
100000000000000000000001,1,923125000,0,-44,3.5036121195308,0,0,0.480091979980469,1.63,0,-5399.92822265625
100000000000000000000000,1,923125000,0,-65,1.74873809818963,0,0,0.480091979980469,1.63,0,-5399.92822265625
100000000000000000000001,1,923125000,0,-44,3.53429173528852,0,0,0.480091979980469,1.63,0,-5399.92822265625
100000000000000000000002,1,923125000,0,-41.5,0.288388388122501,0,0,0.480091979980469,1.63,0,-5399.92822265625
100000000000000000000004,1,923125000,0,-51,4.65716567202081,0,0,0.480091979980469,1.63,0,-5399.92822265625
100000000000000000000003,1,923125000,0,-45.5,3.27658296292373,0,0,0.480091979980469,1.63,0,-5399.92822265625
100000000000000000000004,1,923125000,0,-51,4.62648605626309,0,0,0.480091979980469,1.63,0,-5399.92822265625
100000000000000000000003,1,923125000,0,-45.5,3.28271888607527,0,0,0.480091979980469,1.63,0,-5399.92822265625
100000000000000000000001,1,923125000,0,-44,3.52201988898543,0,0,0.480091979980469,1.63,0,-5399.92822265625
100000000000000000000000,1,923125000,0,-65.5,1.85304879176585,0,0,0.480091979980469,1.63,0,-5399.92822265625
100000000000000000000002,1,923125000,0,-41.5,0.300660234425585,0,0,0.480091979980469,1.63,0,-5399.92822265625
100000000000000000000004,1,923125000,0,-51,4.65102974886926,0,0,0.480091979980469,1.63,0,-5399.92822265625
100000000000000000000001,1,923125000,0,-44,3.51588396583389,0,0,0.480091979980469,1.63,0,-5399.92822265625
100000000000000000000002,1,923125000,0,-42,0.251572849213245,0,0,0.480091979980469,1.63,0,-5399.92822265625
100000000000000000000003,1,923125000,0,-45.5,3.28885480922681,0,0,0.480091979980469,1.63,0,-5399.92822265625
100000000000000000000000,1,923125000,0,-64.5,1.8591847149174,0,0,0.480091979980469,1.63,0,-5399.92822265625
100000000000000000000004,1,923125000,0,-51,4.60194236365692,0,0,0.480091979980469,1.63,0,-5399.92822265625
100000000000000000000003,1,923125000,0,-45,3.28885480922681,0,0,0.480091979980469,1.63,0,-5399.92822265625
100000000000000000000002,1,923125000,0,-41.5,0.276116541819415,0,0,0.480091979980469,1.63,0,-5399.92822265625
100000000000000000000001,1,923125000,0,-44,3.50974804268235,0,0,0.480091979980469,1.63,0,-5399.92822265625
100000000000000000000000,1,923125000,0,-65,1.67510702037112,0,0,0.480091979980469,1.63,0,-5399.92822265625
100000000000000000000003,1,923125000,0,-45.5,3.29499073237836,0,0,0.480091979980469,1.63,0,-5399.92822265625
100000000000000000000000,1,923125000,0,-64.5,1.730330328735,0,0,0.480091979980469,1.63,0,-5399.92822265625
100000000000000000000002,1,923125000,0,-41.5,0.282252464970958,0,0,0.480091979980469,1.63,0,-5399.92822265625
100000000000000000000004,1,923125000,0,-50.5,4.65716567202081,0,0,0.480091979980469,1.63,0,-5399.92822265625
100000000000000000000001,1,923125000,0,-44,3.52201988898543,0,0,0.480091979980469,1.63,0,-5399.92822265625
100000000000000000000002,1,923125000,0,-42,0.282252464970958,0,0,0.480091979980469,1.63,0,-5399.92822265625
100000000000000000000001,1,923125000,0,-44,3.49134027322772,0,0,0.480091979980469,1.63,0,-5399.92822265625
100000000000000000000000,1,923125000,0,-64,1.65669925091649,0,0,0.480091979980469,1.63,0,-5399.92822265625
100000000000000000000003,1,923125000,0,-45.5,3.27658296292373,0,0,0.480091979980469,1.63,0,-5399.92822265625
100000000000000000000004,1,923125000,0,-51,4.62035013311155,0,0,0.480091979980469,1.63,0,-5399.92822265625
100000000000000000000004,1,923125000,0,-51,4.65716567202081,0,0,0.480091979980469,1.63,0,-5399.92822265625
100000000000000000000002,1,923125000,0,-41.5,0.282252464970958,0,0,0.480091979980469,1.63,0,-5399.92822265625
100000000000000000000003,1,923125000,0,-45.5,3.30726257868144,0,0,0.480091979980469,1.63,0,-5399.92822265625
100000000000000000000001,1,923125000,0,-44,3.52201988898543,0,0,0.480091979980469,1.63,0,-5399.92822265625
100000000000000000000000,1,923125000,0,-65,1.8162332528566,0,0,0.480091979980469,1.63,0,-5399.92822265625
100000000000000000000000,1,923125000,0,-65.5,1.75487402134117,0,0,0.480091979980469,1.63,0,-5399.92822265625
100000000000000000000004,1,923125000,0,-50.5,4.62035013311155,0,0,0.480091979980469,1.63,0,-5399.92822265625
100000000000000000000003,1,923125000,0,-45,3.29499073237836,0,0,0.480091979980469,1.63,0,-5399.92822265625
100000000000000000000001,1,923125000,0,-44,3.5036121195308,0,0,0.480091979980469,1.63,0,-5399.92822265625
100000000000000000000002,1,923125000,0,-41.5,0.276116541819415,0,0,0.480091979980469,1.63,0,-5399.92822265625
100000000000000000000001,1,923125000,0,-44,3.51588396583389,0,0,0.480091979980469,1.63,0,-5399.92822265625
100000000000000000000004,1,923125000,0,-51,4.63875790256618,0,0,0.480091979980469,1.63,0,-5399.92822265625
100000000000000000000002,1,923125000,0,-42,0.282252464970958,0,0,0.480091979980469,1.63,0,-5399.92822265625
100000000000000000000003,1,923125000,0,-45.5,3.3011266555299,0,0,0.480091979980469,1.63,0,-5399.92822265625
100000000000000000000000,1,923125000,0,-64.5,1.75487402134117,0,0,0.480091979980469,1.63,0,-5399.92822265625
100000000000000000000002,1,923125000,0,-42,0.294524311274043,0,0,0.480091979980469,1.63,0,-5399.92822265625
100000000000000000000003,1,923125000,0,-45.5,3.3011266555299,0,0,0.480091979980469,1.63,0,-5399.92822265625
100000000000000000000004,1,923125000,0,-50.5,4.65102974886926,0,0,0.480091979980469,1.63,0,-5399.92822265625
100000000000000000000001,1,923125000,0,-44,3.52815581213697,0,0,0.480091979980469,1.63,0,-5399.92822265625
100000000000000000000000,1,923125000,0,-65.5,1.88986433067511,0,0,0.480091979980469,1.63,0,-5399.92822265625
100000000000000000000001,1,923125000,0,-44,3.5036121195308,0,0,0.480091979980469,1.63,0,-5399.92822265625
100000000000000000000003,1,923125000,0,-45.5,3.27044703977219,0,0,0.480091979980469,1.63,0,-5399.92822265625
100000000000000000000000,1,923125000,0,-65.5,1.7732817907958,0,0,0.480091979980469,1.63,0,-5399.92822265625
100000000000000000000002,1,923125000,0,-41.5,0.282252464970958,0,0,0.480091979980469,1.63,0,-5399.92822265625
100000000000000000000004,1,923125000,0,-51,4.60807828680847,0,0,0.480091979980469,1.63,0,-5399.92822265625
100000000000000000000000,1,923125000,0,-65,1.8162332528566,0,0,0.480091979980469,1.63,0,-5399.92822265625
100000000000000000000001,1,923125000,0,-44,3.5036121195308,0,0,0.480091979980469,1.63,0,-5399.92822265625
100000000000000000000004,1,923125000,0,-50.5,4.62648605626309,0,0,0.480091979980469,1.63,0,-5399.92822265625
100000000000000000000002,1,923125000,0,-42,0.257708772364787,0,0,0.480091979980469,1.63,0,-5399.92822265625
100000000000000000000003,1,923125000,0,-45.5,3.28885480922681,0,0,0.480091979980469,1.63,0,-5399.92822265625
100000000000000000000000,1,923125000,0,-65.5,1.84077694546277,0,0,0.480091979980469,1.63,0,-5399.92822265625
100000000000000000000003,1,923125000,0,-45.5,3.28885480922681,0,0,0.480091979980469,1.63,0,-5399.92822265625
100000000000000000000002,1,923125000,0,-42,0.276116541819415,0,0,0.480091979980469,1.63,0,-5399.92822265625
100000000000000000000004,1,923125000,0,-51,4.61421420996001,0,0,0.480091979980469,1.63,0,-5399.92822265625
100000000000000000000001,1,923125000,0,-44,3.49747619637926,0,0,0.480091979980469,1.63,0,-5399.92822265625
100000000000000000000000,1,923125000,0,-65.5,1.77941771394734,0,0,0.480091979980469,1.63,0,-5399.92822265625
100000000000000000000004,1,923125000,0,-51,4.62648605626309,0,0,0.480091979980469,1.63,0,-5399.92822265625
100000000000000000000003,1,923125000,0,-45.5,3.31339850183298,0,0,0.480091979980469,1.63,0,-5399.92822265625
100000000000000000000002,1,923125000,0,-42,0.276116541819415,0,0,0.480091979980469,1.63,0,-5399.92822265625
100000000000000000000001,1,923125000,0,-44,3.52201988898543,0,0,0.480091979980469,1.63,0,-5399.92822265625
100000000000000000000004,1,923125000,0,-50.5,4.66330159517235,0,0,0.480091979980469,1.63,0,-5399.92822265625
100000000000000000000002,1,923125000,0,-42,0.282252464970958,0,0,0.480091979980469,1.63,0,-5399.92822265625
100000000000000000000003,1,923125000,0,-45.5,3.31953442498453,0,0,0.480091979980469,1.63,0,-5399.92822265625
100000000000000000000001,1,923125000,0,-44,3.52201988898543,0,0,0.480091979980469,1.63,0,-5399.92822265625
100000000000000000000000,1,923125000,0,-64.5,1.81009732970506,0,0,0.480091979980469,1.63,0,-5399.92822265625
100000000000000000000003,1,923125000,0,-45.5,3.3011266555299,0,0,0.480091979980469,1.63,0,-5399.92822265625
100000000000000000000000,1,923125000,0,-65,1.69351478982575,0,0,0.480091979980469,1.63,0,-5399.92822265625
100000000000000000000002,1,923125000,0,-41.5,0.269980618667873,0,0,0.480091979980469,1.63,0,-5399.92822265625
100000000000000000000001,1,923125000,0,-44,3.52201988898543,0,0,0.480091979980469,1.63,0,-5399.92822265625
100000000000000000000004,1,923125000,0,-51,4.62035013311155,0,0,0.480091979980469,1.63,0,-5399.92822265625
100000000000000000000001,1,923125000,0,-44,3.51588396583389,0,0,0.480091979980469,1.63,0,-5399.92822265625
100000000000000000000004,1,923125000,0,-50.5,4.63875790256618,0,0,0.480091979980469,1.63,0,-5399.92822265625
100000000000000000000003,1,923125000,0,-45.5,3.27658296292373,0,0,0.480091979980469,1.63,0,-5399.92822265625
100000000000000000000000,1,923125000,0,-64.5,1.75487402134117,0,0,0.480091979980469,1.63,0,-5399.92822265625
100000000000000000000002,1,923125000,0,-42,0.282252464970958,0,0,0.480091979980469,1.63,0,-5399.92822265625
100000000000000000000001,1,923125000,0,-44,3.50974804268235,0,0,0.480091979980469,1.63,0,-5399.92822265625
100000000000000000000003,1,923125000,0,-45,3.30726257868144,0,0,0.480091979980469,1.63,0,-5399.92822265625
100000000000000000000002,1,923125000,0,-41.5,0.288388388122501,0,0,0.480091979980469,1.63,0,-5399.92822265625
100000000000000000000000,1,923125000,0,-65,1.78555363709889,0,0,0.480091979980469,1.63,0,-5399.92822265625
100000000000000000000004,1,923125000,0,-50.5,4.62648605626309,0,0,0.480091979980469,1.63,0,-5399.92822265625
100000000000000000000000,1,923125000,0,-64.5,1.71192255928038,0,0,0.480091979980469,1.63,0,-5399.92822265625
100000000000000000000003,1,923125000,0,-45.5,3.30726257868144,0,0,0.480091979980469,1.63,0,-5399.92822265625
100000000000000000000002,1,923125000,0,-42,0.288388388122501,0,0,0.480091979980469,1.63,0,-5399.92822265625
100000000000000000000004,1,923125000,0,-51,4.61421420996001,0,0,0.480091979980469,1.63,0,-5399.92822265625
100000000000000000000001,1,923125000,0,-44,3.5036121195308,0,0,0.480091979980469,1.63,0,-5399.92822265625
100000000000000000000000,1,923125000,0,-64.5,1.74260217503809,0,0,0.480091979980469,1.63,0,-5399.92822265625
100000000000000000000003,1,923125000,0,-45.5,3.26431111662064,0,0,0.480091979980469,1.63,0,-5399.92822265625
100000000000000000000004,1,923125000,0,-51,4.65102974886926,0,0,0.480091979980469,1.63,0,-5399.92822265625
100000000000000000000001,1,923125000,0,-44,3.52201988898543,0,0,0.480091979980469,1.63,0,-5399.92822265625
100000000000000000000002,1,923125000,0,-42,0.282252464970958,0,0,0.480091979980469,1.63,0,-5399.92822265625
100000000000000000000001,1,923125000,0,-44,3.50974804268235,0,0,0.480091979980469,1.63,0,-5399.92822265625
100000000000000000000002,1,923125000,0,-42,0.276116541819415,0,0,0.480091979980469,1.63,0,-5399.92822265625
100000000000000000000000,1,923125000,0,-65,1.7732817907958,0,0,0.480091979980469,1.63,0,-5399.92822265625
100000000000000000000003,1,923125000,0,-45.5,3.28271888607527,0,0,0.480091979980469,1.63,0,-5399.92822265625
100000000000000000000004,1,923125000,0,-51,4.63262197941464,0,0,0.480091979980469,1.63,0,-5399.92822265625
100000000000000000000002,1,923125000,0,-42,0.263844695516331,0,0,0.480091979980469,1.63,0,-5399.92822265625
100000000000000000000004,1,923125000,0,-51,4.63875790256618,0,0,0.480091979980469,1.63,0,-5399.92822265625
100000000000000000000001,1,923125000,0,-44,3.51588396583389,0,0,0.480091979980469,1.63,0,-5399.92822265625
100000000000000000000003,1,923125000,0,-45.5,3.29499073237836,0,0,0.480091979980469,1.63,0,-5399.92822265625
100000000000000000000000,1,923125000,0,-65,1.71192255928038,0,0,0.480091979980469,1.63,0,-5399.92822265625
100000000000000000000001,1,923125000,0,-44,3.53429173528852,0,0,0.480091979980469,1.63,0,-5399.92822265625
100000000000000000000002,1,923125000,0,-41.5,0.257708772364787,0,0,0.480091979980469,1.63,0,-5399.92822265625
100000000000000000000000,1,923125000,0,-65,1.74873809818963,0,0,0.480091979980469,1.63,0,-5399.92822265625
100000000000000000000004,1,923125000,0,-51,4.62648605626309,0,0,0.480091979980469,1.63,0,-5399.92822265625
100000000000000000000003,1,923125000,0,-45.5,3.30726257868144,0,0,0.480091979980469,1.63,0,-5399.92822265625
100000000000000000000002,1,923125000,0,-42,0.294524311274043,0,0,0.480091979980469,1.63,0,-5399.92822265625
100000000000000000000004,1,923125000,0,-51,4.63262197941464,0,0,0.480091979980469,1.63,0,-5399.92822265625
100000000000000000000000,1,923125000,0,-65,1.74873809818963,0,0,0.480091979980469,1.63,0,-5399.92822265625
100000000000000000000001,1,923125000,0,-44,3.51588396583389,0,0,0.480091979980469,1.63,0,-5399.92822265625
100000000000000000000003,1,923125000,0,-45,3.28271888607527,0,0,0.480091979980469,1.63,0,-5399.92822265625
100000000000000000000002,1,923125000,0,-41.5,0.263844695516331,0,0,0.480091979980469,1.63,0,-5399.92822265625
100000000000000000000003,1,923125000,0,-45.5,3.31339850183298,0,0,0.480091979980469,1.63,0,-5399.92822265625
100000000000000000000004,1,923125000,0,-51,4.64489382571772,0,0,0.480091979980469,1.63,0,-5399.92822265625
100000000000000000000001,1,923125000,0,-44,3.51588396583389,0,0,0.480091979980469,1.63,0,-5399.92822265625
100000000000000000000000,1,923125000,0,-65,1.77941771394734,0,0,0.480091979980469,1.63,0,-5399.92822265625
100000000000000000000004,1,923125000,0,-51,4.64489382571772,0,0,0.480091979980469,1.63,0,-5399.92822265625
100000000000000000000002,1,923125000,0,-41.5,0.288388388122501,0,0,0.480091979980469,1.63,0,-5399.92822265625
100000000000000000000001,1,923125000,0,-44,3.49747619637926,0,0,0.480091979980469,1.63,0,-5399.92822265625
100000000000000000000003,1,923125000,0,-45.5,3.28271888607527,0,0,0.480091979980469,1.63,0,-5399.92822265625
100000000000000000000000,1,923125000,0,-64.5,1.76100994449272,0,0,0.480091979980469,1.63,0,-5399.92822265625
100000000000000000000002,1,923125000,0,-42,0.288388388122501,0,0,0.480091979980469,1.63,0,-5399.92822265625
100000000000000000000000,1,923125000,0,-65,1.63829148146186,0,0,0.480091979980469,1.63,0,-5399.92822265625
100000000000000000000003,1,923125000,0,-45.5,3.29499073237836,0,0,0.480091979980469,1.63,0,-5399.92822265625
100000000000000000000001,1,923125000,0,-44,3.50974804268235,0,0,0.480091979980469,1.63,0,-5399.92822265625
100000000000000000000004,1,923125000,0,-50.5,4.64489382571772,0,0,0.480091979980469,1.63,0,-5399.92822265625
100000000000000000000003,1,923125000,0,-45.5,3.30726257868144,0,0,0.480091979980469,1.63,0,-5399.92822265625
100000000000000000000001,1,923125000,0,-44,3.51588396583389,0,0,0.480091979980469,1.63,0,-5399.92822265625
100000000000000000000004,1,923125000,0,-51,4.63875790256618,0,0,0.480091979980469,1.63,0,-5399.92822265625
100000000000000000000002,1,923125000,0,-41.5,0.282252464970958,0,0,0.480091979980469,1.63,0,-5399.92822265625
100000000000000000000000,1,923125000,0,-65,1.7732817907958,0,0,0.480091979980469,1.63,0,-5399.92822265625
100000000000000000000004,1,923125000,0,-51,4.60807828680847,0,0,0.480091979980469,1.63,0,-5399.92822265625
100000000000000000000001,1,923125000,0,-44,3.51588396583389,0,0,0.480091979980469,1.63,0,-5399.92822265625
100000000000000000000003,1,923125000,0,-45,3.27658296292373,0,0,0.480091979980469,1.63,0,-5399.92822265625
100000000000000000000002,1,923125000,0,-41.5,0.282252464970958,0,0,0.480091979980469,1.63,0,-5399.92822265625
100000000000000000000000,1,923125000,0,-64.5,1.72419440558346,0,0,0.480091979980469,1.63,0,-5399.92822265625
100000000000000000000002,1,923125000,0,-42,0.288388388122501,0,0,0.480091979980469,1.63,0,-5399.92822265625
100000000000000000000004,1,923125000,0,-50.5,4.63875790256618,0,0,0.480091979980469,1.63,0,-5399.92822265625
100000000000000000000000,1,923125000,0,-64.5,1.71805848243192,0,0,0.480091979980469,1.63,0,-5399.92822265625
100000000000000000000003,1,923125000,0,-45,3.28271888607527,0,0,0.480091979980469,1.63,0,-5399.92822265625
100000000000000000000001,1,923125000,0,-44,3.50974804268235,0,0,0.480091979980469,1.63,0,-5399.92822265625
100000000000000000000002,1,923125000,0,-42,0.276116541819415,0,0,0.480091979980469,1.63,0,-5399.92822265625
100000000000000000000003,1,923125000,0,-45,3.3011266555299,0,0,0.480091979980469,1.63,0,-5399.92822265625
100000000000000000000001,1,923125000,0,-44,3.52201988898543,0,0,0.480091979980469,1.63,0,-5399.92822265625
100000000000000000000004,1,923125000,0,-50.5,4.64489382571772,0,0,0.480091979980469,1.63,0,-5399.92822265625
100000000000000000000000,1,923125000,0,-64.5,1.71192255928038,0,0,0.480091979980469,1.63,0,-5399.92822265625
100000000000000000000004,1,923125000,0,-51,4.63875790256618,0,0,0.480091979980469,1.63,0,-5399.92822265625
100000000000000000000001,1,923125000,0,-44,3.49747619637926,0,0,0.480091979980469,1.63,0,-5399.92822265625
100000000000000000000002,1,923125000,0,-41.5,0.269980618667873,0,0,0.480091979980469,1.63,0,-5399.92822265625
100000000000000000000003,1,923125000,0,-45.5,3.28885480922681,0,0,0.480091979980469,1.63,0,-5399.92822265625
100000000000000000000000,1,923125000,0,-65,1.79782548340197,0,0,0.480091979980469,1.63,0,-5399.92822265625
100000000000000000000004,1,923125000,0,-51,4.62648605626309,0,0,0.480091979980469,1.63,0,-5399.92822265625
100000000000000000000001,1,923125000,0,-44,3.5036121195308,0,0,0.480091979980469,1.63,0,-5399.92822265625
100000000000000000000002,1,923125000,0,-42,0.257708772364787,0,0,0.480091979980469,1.63,0,-5399.92822265625
100000000000000000000000,1,923125000,0,-65,1.73646625188655,0,0,0.480091979980469,1.63,0,-5399.92822265625
100000000000000000000003,1,923125000,0,-45.5,3.31953442498453,0,0,0.480091979980469,1.63,0,-5399.92822265625
100000000000000000000004,1,923125000,0,-51,4.64489382571772,0,0,0.480091979980469,1.63,0,-5399.92822265625
100000000000000000000000,1,923125000,0,-64.5,1.64442740461341,0,0,0.480091979980469,1.63,0,-5399.92822265625
100000000000000000000001,1,923125000,0,-44,3.51588396583389,0,0,0.480091979980469,1.63,0,-5399.92822265625
100000000000000000000003,1,923125000,0,-45,3.26431111662064,0,0,0.480091979980469,1.63,0,-5399.92822265625
100000000000000000000002,1,923125000,0,-41.5,0.294524311274043,0,0,0.480091979980469,1.63,0,-5399.92822265625
100000000000000000000000,1,923125000,0,-65,1.78555363709889,0,0,0.480091979980469,1.63,0,-5399.92822265625
100000000000000000000001,1,923125000,0,-44,3.50974804268235,0,0,0.480091979980469,1.63,0,-5399.92822265625
100000000000000000000004,1,923125000,0,-51,4.63875790256618,0,0,0.480091979980469,1.63,0,-5399.92822265625
100000000000000000000002,1,923125000,0,-41.5,0.282252464970958,0,0,0.480091979980469,1.63,0,-5399.92822265625
100000000000000000000003,1,923125000,0,-45,3.28885480922681,0,0,0.480091979980469,1.63,0,-5399.92822265625
100000000000000000000001,1,923125000,0,-44,3.50974804268235,0,0,0.480091979980469,1.63,0,-5399.92822265625
100000000000000000000002,1,923125000,0,-41.5,0.276116541819415,0,0,0.480091979980469,1.63,0,-5399.92822265625
100000000000000000000004,1,923125000,0,-51,4.64489382571772,0,0,0.480091979980469,1.63,0,-5399.92822265625
100000000000000000000000,1,923125000,0,-65,1.63829148146186,0,0,0.480091979980469,1.63,0,-5399.92822265625
100000000000000000000003,1,923125000,0,-45.5,3.29499073237836,0,0,0.480091979980469,1.63,0,-5399.92822265625
100000000000000000000004,1,923125000,0,-50.5,4.63875790256618,0,0,0.480091979980469,1.63,0,-5399.92822265625
100000000000000000000001,1,923125000,0,-44,3.5036121195308,0,0,0.480091979980469,1.63,0,-5399.92822265625
100000000000000000000003,1,923125000,0,-45.5,3.27658296292373,0,0,0.480091979980469,1.63,0,-5399.92822265625
100000000000000000000002,1,923125000,0,-41.5,0.276116541819415,0,0,0.480091979980469,1.63,0,-5399.92822265625
100000000000000000000000,1,923125000,0,-65,1.81009732970506,0,0,0.480091979980469,1.63,0,-5399.92822265625
100000000000000000000002,1,923125000,0,-41.5,0.269980618667873,0,0,0.480091979980469,1.63,0,-5399.92822265625
100000000000000000000003,1,923125000,0,-45,3.27044703977219,0,0,0.480091979980469,1.63,0,-5399.92822265625
100000000000000000000004,1,923125000,0,-51,4.65102974886926,0,0,0.480091979980469,1.63,0,-5399.92822265625
100000000000000000000000,1,923125000,0,-65,1.8162332528566,0,0,0.480091979980469,1.63,0,-5399.92822265625
100000000000000000000001,1,923125000,0,-44,3.49134027322772,0,0,0.480091979980469,1.63,0,-5399.92822265625
100000000000000000000002,1,923125000,0,-42,0.269980618667873,0,0,0.480091979980469,1.63,0,-5399.92822265625
100000000000000000000001,1,923125000,0,-44,3.51588396583389,0,0,0.480091979980469,1.63,0,-5399.92822265625
100000000000000000000004,1,923125000,0,-51,4.63262197941464,0,0,0.480091979980469,1.63,0,-5399.92822265625
100000000000000000000000,1,923125000,0,-65.5,1.68124294352266,0,0,0.480091979980469,1.63,0,-5399.92822265625
100000000000000000000003,1,923125000,0,-45.5,3.27044703977219,0,0,0.480091979980469,1.63,0,-5399.92822265625
100000000000000000000003,1,923125000,0,-45.5,3.27044703977219,0,0,0.480091979980469,1.63,0,-5399.92822265625
100000000000000000000001,1,923125000,0,-44,3.51588396583389,0,0,0.480091979980469,1.63,0,-5399.92822265625
100000000000000000000002,1,923125000,0,-41.5,0.269980618667873,0,0,0.480091979980469,1.63,0,-5399.92822265625
100000000000000000000004,1,923125000,0,-51,4.63262197941464,0,0,0.480091979980469,1.63,0,-5399.92822265625
100000000000000000000000,1,923125000,0,-64.5,1.87145656122048,0,0,0.480091979980469,1.63,0,-5399.92822265625
100000000000000000000001,1,923125000,0,-44,3.52201988898543,0,0,0.480091979980469,1.63,0,-5399.92822265625
100000000000000000000004,1,923125000,0,-50.5,4.62035013311155,0,0,0.480091979980469,1.63,0,-5399.92822265625
100000000000000000000002,1,923125000,0,-41.5,0.288388388122501,0,0,0.480091979980469,1.63,0,-5399.92822265625
100000000000000000000000,1,923125000,0,-64.5,1.74873809818963,0,0,0.480091979980469,1.63,0,-5399.92822265625
100000000000000000000003,1,923125000,0,-45.5,3.3011266555299,0,0,0.480091979980469,1.63,0,-5399.92822265625
100000000000000000000002,1,923125000,0,-42,0.257708772364787,0,0,0.480091979980469,1.63,0,-5399.92822265625
100000000000000000000003,1,923125000,0,-45.5,3.29499073237836,0,0,0.480091979980469,1.63,0,-5399.92822265625
100000000000000000000004,1,923125000,0,-50.5,4.63875790256618,0,0,0.480091979980469,1.63,0,-5399.92822265625
100000000000000000000001,1,923125000,0,-44,3.52815581213697,0,0,0.480091979980469,1.63,0,-5399.92822265625
100000000000000000000000,1,923125000,0,-64,1.7732817907958,0,0,0.480091979980469,1.63,0,-5399.92822265625
100000000000000000000003,1,923125000,0,-45,3.29499073237836,0,0,0.480091979980469,1.63,0,-5399.92822265625
100000000000000000000000,1,923125000,0,-64.5,1.8591847149174,0,0,0.480091979980469,1.63,0,-5399.92822265625
100000000000000000000001,1,923125000,0,-44,3.52201988898543,0,0,0.480091979980469,1.63,0,-5399.92822265625
100000000000000000000002,1,923125000,0,-41.5,0.276116541819415,0,0,0.480091979980469,1.63,0,-5399.92822265625
100000000000000000000004,1,923125000,0,-51,4.63262197941464,0,0,0.480091979980469,1.63,0,-5399.92822265625
100000000000000000000002,1,923125000,0,-42,0.269980618667873,0,0,0.480091979980469,1.63,0,-5399.92822265625
100000000000000000000001,1,923125000,0,-44,3.51588396583389,0,0,0.480091979980469,1.63,0,-5399.92822265625
100000000000000000000003,1,923125000,0,-45.5,3.27044703977219,0,0,0.480091979980469,1.63,0,-5399.92822265625
100000000000000000000000,1,923125000,0,-65.5,1.59534001940107,0,0,0.480091979980469,1.63,0,-5399.92822265625
100000000000000000000004,1,923125000,0,-51,4.66330159517235,0,0,0.480091979980469,1.63,0,-5399.92822265625
100000000000000000000004,1,923125000,0,-51,4.64489382571772,0,0,0.480091979980469,1.63,0,-5399.92822265625
100000000000000000000002,1,923125000,0,-41.5,0.294524311274043,0,0,0.480091979980469,1.63,0,-5399.92822265625
100000000000000000000000,1,923125000,0,-64.5,1.73646625188655,0,0,0.480091979980469,1.63,0,-5399.92822265625
100000000000000000000003,1,923125000,0,-45.5,3.29499073237836,0,0,0.480091979980469,1.63,0,-5399.92822265625
100000000000000000000001,1,923125000,0,-44,3.49747619637926,0,0,0.480091979980469,1.63,0,-5399.92822265625
100000000000000000000002,1,923125000,0,-41.5,0.282252464970958,0,0,0.480091979980469,1.63,0,-5399.92822265625
100000000000000000000004,1,923125000,0,-51,4.60807828680847,0,0,0.480091979980469,1.63,0,-5399.92822265625
100000000000000000000000,1,923125000,0,-64.5,1.78555363709889,0,0,0.480091979980469,1.63,0,-5399.92822265625
100000000000000000000003,1,923125000,0,-45,3.3011266555299,0,0,0.480091979980469,1.63,0,-5399.92822265625
100000000000000000000001,1,923125000,0,-44,3.52201988898543,0,0,0.480091979980469,1.63,0,-5399.92822265625
100000000000000000000000,1,923125000,0,-64.5,1.88372840752357,0,0,0.480091979980469,1.63,0,-5399.92822265625
100000000000000000000003,1,923125000,0,-45,3.29499073237836,0,0,0.480091979980469,1.63,0,-5399.92822265625
100000000000000000000004,1,923125000,0,-50.5,4.62035013311155,0,0,0.480091979980469,1.63,0,-5399.92822265625
100000000000000000000002,1,923125000,0,-41.5,0.282252464970958,0,0,0.480091979980469,1.63,0,-5399.92822265625
100000000000000000000001,1,923125000,0,-44,3.50974804268235,0,0,0.480091979980469,1.63,0,-5399.92822265625
100000000000000000000004,1,923125000,0,-51,4.63262197941464,0,0,0.480091979980469,1.63,0,-5399.92822265625
100000000000000000000001,1,923125000,0,-44,3.5036121195308,0,0,0.480091979980469,1.63,0,-5399.92822265625
100000000000000000000002,1,923125000,0,-42,0.263844695516331,0,0,0.480091979980469,1.63,0,-5399.92822265625
100000000000000000000003,1,923125000,0,-45,3.28271888607527,0,0,0.480091979980469,1.63,0,-5399.92822265625
100000000000000000000000,1,923125000,0,-65,1.75487402134117,0,0,0.480091979980469,1.63,0,-5399.92822265625
100000000000000000000003,1,923125000,0,-45,3.28885480922681,0,0,0.480091979980469,1.63,0,-5399.92822265625
100000000000000000000004,1,923125000,0,-51,4.65102974886926,0,0,0.480091979980469,1.63,0,-5399.92822265625
100000000000000000000002,1,923125000,0,-42,0.251572849213245,0,0,0.480091979980469,1.63,0,-5399.92822265625
100000000000000000000001,1,923125000,0,-44,3.49747619637926,0,0,0.480091979980469,1.63,0,-5399.92822265625
100000000000000000000000,1,923125000,0,-65,1.77941771394734,0,0,0.480091979980469,1.63,0,-5399.92822265625
100000000000000000000002,1,923125000,0,-41.5,0.269980618667873,0,0,0.480091979980469,1.63,0,-5399.92822265625
100000000000000000000001,1,923125000,0,-44,3.50974804268235,0,0,0.480091979980469,1.63,0,-5399.92822265625
100000000000000000000004,1,923125000,0,-50.5,4.65102974886926,0,0,0.480091979980469,1.63,0,-5399.92822265625
100000000000000000000003,1,923125000,0,-45,3.28885480922681,0,0,0.480091979980469,1.63,0,-5399.92822265625
100000000000000000000000,1,923125000,0,-65,1.86532063806894,0,0,0.480091979980469,1.63,0,-5399.92822265625
100000000000000000000003,1,923125000,0,-45,3.28885480922681,0,0,0.480091979980469,1.63,0,-5399.92822265625
100000000000000000000000,1,923125000,0,-64.5,1.81009732970506,0,0,0.480091979980469,1.63,0,-5399.92822265625
100000000000000000000002,1,923125000,0,-41.5,0.282252464970958,0,0,0.480091979980469,1.63,0,-5399.92822265625
100000000000000000000001,1,923125000,0,-44,3.50974804268235,0,0,0.480091979980469,1.63,0,-5399.92822265625
100000000000000000000004,1,923125000,0,-51,4.66330159517235,0,0,0.480091979980469,1.63,0,-5399.92822265625
100000000000000000000000,1,923125000,0,-64.5,1.67510702037112,0,0,0.480091979980469,1.63,0,-5399.92822265625
100000000000000000000003,1,923125000,0,-45,3.27658296292373,0,0,0.480091979980469,1.63,0,-5399.92822265625
100000000000000000000001,1,923125000,0,-44,3.50974804268235,0,0,0.480091979980469,1.63,0,-5399.92822265625
100000000000000000000002,1,923125000,0,-41.5,0.263844695516331,0,0,0.480091979980469,1.63,0,-5399.92822265625
100000000000000000000004,1,923625000,0,-50.5,4.84124336656708,0,0,0.480091979980469,1.63,0,-5399.92822265625
100000000000000000000003,1,923625000,0,-45,3.52815581213697,0,0,0.480091979980469,1.63,0,-5399.92822265625
100000000000000000000004,1,923625000,0,-50,4.92714629068868,0,0,0.480091979980469,1.63,0,-5399.92822265625
100000000000000000000000,1,923625000,0,-65.5,1.71192255928038,0,0,0.480091979980469,1.63,0,-5399.92822265625
100000000000000000000001,1,923625000,0,-44,3.73064127613788,0,0,0.480091979980469,1.63,0,-5399.92822265625
100000000000000000000002,1,923625000,0,-41.5,0.521553467881118,0,0,0.480091979980469,1.63,0,-5399.92822265625
100000000000000000000000,1,923625000,0,-65,1.61374778885569,0,0,0.480091979980469,1.63,0,-5399.92822265625
100000000000000000000001,1,923625000,0,-44,3.74291312244096,0,0,0.480091979980469,1.63,0,-5399.92822265625
100000000000000000000004,1,923625000,0,-50.5,4.88419482862788,0,0,0.480091979980469,1.63,0,-5399.92822265625
100000000000000000000003,1,923625000,0,-45,3.5036121195308,0,0,0.480091979980469,1.63,0,-5399.92822265625
100000000000000000000002,1,923625000,0,-41.5,0.509281621578033,0,0,0.480091979980469,1.63,0,-5399.92822265625
100000000000000000000003,1,923625000,0,-45,3.50974804268235,0,0,0.480091979980469,1.63,0,-5399.92822265625
100000000000000000000001,1,923625000,0,-44,3.73677719928942,0,0,0.480091979980469,1.63,0,-5399.92822265625
100000000000000000000004,1,923625000,0,-50,4.88419482862788,0,0,0.480091979980469,1.63,0,-5399.92822265625
100000000000000000000002,1,923625000,0,-41.5,0.521553467881118,0,0,0.480091979980469,1.63,0,-5399.92822265625
100000000000000000000000,1,923625000,0,-64,1.69965071297729,0,0,0.480091979980469,1.63,0,-5399.92822265625
100000000000000000000001,1,923625000,0,-44,3.74904904559251,0,0,0.480091979980469,1.63,0,-5399.92822265625
100000000000000000000003,1,923625000,0,-45,3.52201988898543,0,0,0.480091979980469,1.63,0,-5399.92822265625
100000000000000000000002,1,923625000,0,-41.5,0.50314569842649,0,0,0.480091979980469,1.63,0,-5399.92822265625
100000000000000000000000,1,923625000,0,-65,1.66283517406803,0,0,0.480091979980469,1.63,0,-5399.92822265625
100000000000000000000004,1,923625000,0,-50.5,4.87805890547634,0,0,0.480091979980469,1.63,0,-5399.92822265625
100000000000000000000000,1,923625000,0,-65.5,1.62601963515878,0,0,0.480091979980469,1.63,0,-5399.92822265625
100000000000000000000003,1,923625000,0,-45,3.50974804268235,0,0,0.480091979980469,1.63,0,-5399.92822265625
100000000000000000000002,1,923625000,0,-41.5,0.490873852123405,0,0,0.480091979980469,1.63,0,-5399.92822265625
100000000000000000000001,1,923625000,0,-44,3.74291312244096,0,0,0.480091979980469,1.63,0,-5399.92822265625
100000000000000000000004,1,923625000,0,-50.5,4.93328221384022,0,0,0.480091979980469,1.63,0,-5399.92822265625
100000000000000000000004,1,923625000,0,-50.5,4.91487444438559,0,0,0.480091979980469,1.63,0,-5399.92822265625
100000000000000000000001,1,923625000,0,-44,3.72450535298634,0,0,0.480091979980469,1.63,0,-5399.92822265625
100000000000000000000002,1,923625000,0,-41.5,0.497009775274948,0,0,0.480091979980469,1.63,0,-5399.92822265625
100000000000000000000000,1,923625000,0,-65.5,1.5707963267949,0,0,0.480091979980469,1.63,0,-5399.92822265625
100000000000000000000003,1,923625000,0,-45,3.52201988898543,0,0,0.480091979980469,1.63,0,-5399.92822265625
100000000000000000000002,1,923625000,0,-41.5,0.521553467881118,0,0,0.480091979980469,1.63,0,-5399.92822265625
100000000000000000000001,1,923625000,0,-44,3.71223350668325,0,0,0.480091979980469,1.63,0,-5399.92822265625
100000000000000000000004,1,923625000,0,-50.5,4.85351521287017,0,0,0.480091979980469,1.63,0,-5399.92822265625
100000000000000000000003,1,923625000,0,-45,3.52201988898543,0,0,0.480091979980469,1.63,0,-5399.92822265625
100000000000000000000000,1,923625000,0,-64.5,1.63215555831032,0,0,0.480091979980469,1.63,0,-5399.92822265625
100000000000000000000000,1,923625000,0,-64.5,1.5278448647341,0,0,0.480091979980469,1.63,0,-5399.92822265625
100000000000000000000002,1,923625000,0,-41.5,0.527689391032661,0,0,0.480091979980469,1.63,0,-5399.92822265625
100000000000000000000004,1,923625000,0,-50,4.89033075177942,0,0,0.480091979980469,1.63,0,-5399.92822265625
100000000000000000000001,1,923625000,0,-44,3.74291312244096,0,0,0.480091979980469,1.63,0,-5399.92822265625
100000000000000000000003,1,923625000,0,-45,3.50974804268235,0,0,0.480091979980469,1.63,0,-5399.92822265625
100000000000000000000003,1,923625000,0,-45,3.49134027322772,0,0,0.480091979980469,1.63,0,-5399.92822265625
100000000000000000000000,1,923625000,0,-65,1.56466040364335,0,0,0.480091979980469,1.63,0,-5399.92822265625
100000000000000000000004,1,923625000,0,-50.5,4.90260259808251,0,0,0.480091979980469,1.63,0,-5399.92822265625
100000000000000000000001,1,923625000,0,-44,3.73064127613788,0,0,0.480091979980469,1.63,0,-5399.92822265625
100000000000000000000002,1,923625000,0,-41.5,0.527689391032661,0,0,0.480091979980469,1.63,0,-5399.92822265625
100000000000000000000002,1,923625000,0,-41.5,0.515417544729575,0,0,0.480091979980469,1.63,0,-5399.92822265625
100000000000000000000004,1,923625000,0,-50.5,4.89033075177942,0,0,0.480091979980469,1.63,0,-5399.92822265625
100000000000000000000000,1,923625000,0,-64.5,1.73646625188655,0,0,0.480091979980469,1.63,0,-5399.92822265625
100000000000000000000001,1,923625000,0,-44,3.74291312244096,0,0,0.480091979980469,1.63,0,-5399.92822265625
100000000000000000000003,1,923625000,0,-45,3.52815581213697,0,0,0.480091979980469,1.63,0,-5399.92822265625
100000000000000000000001,1,923625000,0,-44,3.73677719928942,0,0,0.480091979980469,1.63,0,-5399.92822265625
100000000000000000000000,1,923625000,0,-65,1.63215555831032,0,0,0.480091979980469,1.63,0,-5399.92822265625
100000000000000000000003,1,923625000,0,-45,3.51588396583389,0,0,0.480091979980469,1.63,0,-5399.92822265625
100000000000000000000004,1,923625000,0,-50.5,4.88419482862788,0,0,0.480091979980469,1.63,0,-5399.92822265625
100000000000000000000002,1,923625000,0,-41.5,0.533825314184203,0,0,0.480091979980469,1.63,0,-5399.92822265625
100000000000000000000002,1,923625000,0,-41.5,0.539961237335746,0,0,0.480091979980469,1.63,0,-5399.92822265625
100000000000000000000000,1,923625000,0,-65.5,1.4848934026733,0,0,0.480091979980469,1.63,0,-5399.92822265625
100000000000000000000001,1,923625000,0,-44,3.72450535298634,0,0,0.480091979980469,1.63,0,-5399.92822265625
100000000000000000000003,1,923625000,0,-45,3.50974804268235,0,0,0.480091979980469,1.63,0,-5399.92822265625
100000000000000000000004,1,923625000,0,-50.5,4.8719229823248,0,0,0.480091979980469,1.63,0,-5399.92822265625
100000000000000000000003,1,923625000,0,-45,3.51588396583389,0,0,0.480091979980469,1.63,0,-5399.92822265625
100000000000000000000002,1,923625000,0,-41.5,0.509281621578033,0,0,0.480091979980469,1.63,0,-5399.92822265625
100000000000000000000001,1,923625000,0,-44,3.73677719928942,0,0,0.480091979980469,1.63,0,-5399.92822265625
100000000000000000000000,1,923625000,0,-64.5,1.50943709527947,0,0,0.480091979980469,1.63,0,-5399.92822265625
100000000000000000000004,1,923625000,0,-50.5,4.84737928971863,0,0,0.480091979980469,1.63,0,-5399.92822265625
100000000000000000000003,1,923625000,0,-45,3.52201988898543,0,0,0.480091979980469,1.63,0,-5399.92822265625
100000000000000000000004,1,923625000,0,-50.5,4.89033075177942,0,0,0.480091979980469,1.63,0,-5399.92822265625
100000000000000000000002,1,923625000,0,-41.5,0.546097160487288,0,0,0.480091979980469,1.63,0,-5399.92822265625
100000000000000000000001,1,923625000,0,-44,3.74291312244096,0,0,0.480091979980469,1.63,0,-5399.92822265625
100000000000000000000000,1,923625000,0,-65,1.5278448647341,0,0,0.480091979980469,1.63,0,-5399.92822265625
100000000000000000000004,1,923625000,0,-50,4.90873852123405,0,0,0.480091979980469,1.63,0,-5399.92822265625
100000000000000000000003,1,923625000,0,-45,3.51588396583389,0,0,0.480091979980469,1.63,0,-5399.92822265625
100000000000000000000002,1,923625000,0,-41.5,0.521553467881118,0,0,0.480091979980469,1.63,0,-5399.92822265625
100000000000000000000001,1,923625000,0,-44,3.73677719928942,0,0,0.480091979980469,1.63,0,-5399.92822265625
100000000000000000000000,1,923625000,0,-65,1.53398078788564,0,0,0.480091979980469,1.63,0,-5399.92822265625
100000000000000000000003,1,923625000,0,-45,3.52201988898543,0,0,0.480091979980469,1.63,0,-5399.92822265625
100000000000000000000004,1,923625000,0,-50.5,4.89033075177942,0,0,0.480091979980469,1.63,0,-5399.92822265625
100000000000000000000001,1,923625000,0,-44,3.73677719928942,0,0,0.480091979980469,1.63,0,-5399.92822265625
100000000000000000000000,1,923625000,0,-65,1.60761186570415,0,0,0.480091979980469,1.63,0,-5399.92822265625
100000000000000000000002,1,923625000,0,-41.5,0.539961237335746,0,0,0.480091979980469,1.63,0,-5399.92822265625
100000000000000000000001,1,923625000,0,-44,3.73064127613788,0,0,0.480091979980469,1.63,0,-5399.92822265625
100000000000000000000000,1,923625000,0,-64.5,1.730330328735,0,0,0.480091979980469,1.63,0,-5399.92822265625
100000000000000000000002,1,923625000,0,-41.5,0.546097160487288,0,0,0.480091979980469,1.63,0,-5399.92822265625
100000000000000000000004,1,923625000,0,-50.5,4.89646667493097,0,0,0.480091979980469,1.63,0,-5399.92822265625
100000000000000000000003,1,923625000,0,-45,3.50974804268235,0,0,0.480091979980469,1.63,0,-5399.92822265625
100000000000000000000004,1,923625000,0,-50.5,4.89646667493097,0,0,0.480091979980469,1.63,0,-5399.92822265625
100000000000000000000001,1,923625000,0,-44,3.71836942983479,0,0,0.480091979980469,1.63,0,-5399.92822265625
100000000000000000000003,1,923625000,0,-45,3.52201988898543,0,0,0.480091979980469,1.63,0,-5399.92822265625
100000000000000000000002,1,923625000,0,-41.5,0.539961237335746,0,0,0.480091979980469,1.63,0,-5399.92822265625
100000000000000000000000,1,923625000,0,-64.5,1.65669925091649,0,0,0.480091979980469,1.63,0,-5399.92822265625
100000000000000000000001,1,923625000,0,-44,3.73677719928942,0,0,0.480091979980469,1.63,0,-5399.92822265625
100000000000000000000004,1,923625000,0,-50,4.90873852123405,0,0,0.480091979980469,1.63,0,-5399.92822265625
100000000000000000000003,1,923625000,0,-45,3.5036121195308,0,0,0.480091979980469,1.63,0,-5399.92822265625
100000000000000000000002,1,923625000,0,-41.5,0.533825314184203,0,0,0.480091979980469,1.63,0,-5399.92822265625
100000000000000000000000,1,923625000,0,-64.5,1.66897109721958,0,0,0.480091979980469,1.63,0,-5399.92822265625
100000000000000000000002,1,923625000,0,-41.5,0.527689391032661,0,0,0.480091979980469,1.63,0,-5399.92822265625
100000000000000000000003,1,923625000,0,-45,3.5036121195308,0,0,0.480091979980469,1.63,0,-5399.92822265625
100000000000000000000001,1,923625000,0,-44,3.72450535298634,0,0,0.480091979980469,1.63,0,-5399.92822265625
100000000000000000000000,1,923625000,0,-64.5,1.61988371200724,0,0,0.480091979980469,1.63,0,-5399.92822265625
100000000000000000000004,1,923625000,0,-50.5,4.89646667493097,0,0,0.480091979980469,1.63,0,-5399.92822265625
100000000000000000000002,1,923625000,0,-41.5,0.521553467881118,0,0,0.480091979980469,1.63,0,-5399.92822265625
100000000000000000000000,1,923625000,0,-65,1.62601963515878,0,0,0.480091979980469,1.63,0,-5399.92822265625
100000000000000000000003,1,923625000,0,-45,3.52201988898543,0,0,0.480091979980469,1.63,0,-5399.92822265625
100000000000000000000001,1,923625000,0,-44,3.73677719928942,0,0,0.480091979980469,1.63,0,-5399.92822265625
100000000000000000000004,1,923625000,0,-50,4.89033075177942,0,0,0.480091979980469,1.63,0,-5399.92822265625
100000000000000000000004,1,923625000,0,-50.5,4.89646667493097,0,0,0.480091979980469,1.63,0,-5399.92822265625
100000000000000000000000,1,923625000,0,-64.5,1.60147594255261,0,0,0.480091979980469,1.63,0,-5399.92822265625
100000000000000000000001,1,923625000,0,-44,3.71836942983479,0,0,0.480091979980469,1.63,0,-5399.92822265625
100000000000000000000002,1,923625000,0,-41.5,0.527689391032661,0,0,0.480091979980469,1.63,0,-5399.92822265625
100000000000000000000003,1,923625000,0,-45,3.5036121195308,0,0,0.480091979980469,1.63,0,-5399.92822265625
100000000000000000000002,1,923625000,0,-41.5,0.515417544729575,0,0,0.480091979980469,1.63,0,-5399.92822265625
100000000000000000000000,1,923625000,0,-64.5,1.50330117212793,0,0,0.480091979980469,1.63,0,-5399.92822265625
100000000000000000000004,1,923625000,0,-50.5,4.89033075177942,0,0,0.480091979980469,1.63,0,-5399.92822265625
100000000000000000000001,1,923625000,0,-44,3.73677719928942,0,0,0.480091979980469,1.63,0,-5399.92822265625
100000000000000000000003,1,923625000,0,-45,3.51588396583389,0,0,0.480091979980469,1.63,0,-5399.92822265625
100000000000000000000004,1,923625000,0,-50.5,4.88419482862788,0,0,0.480091979980469,1.63,0,-5399.92822265625
100000000000000000000002,1,923625000,0,-41.5,0.509281621578033,0,0,0.480091979980469,1.63,0,-5399.92822265625
100000000000000000000003,1,923625000,0,-45,3.51588396583389,0,0,0.480091979980469,1.63,0,-5399.92822265625
100000000000000000000001,1,923625000,0,-44,3.73064127613788,0,0,0.480091979980469,1.63,0,-5399.92822265625
100000000000000000000000,1,923625000,0,-65.5,1.730330328735,0,0,0.480091979980469,1.63,0,-5399.92822265625
100000000000000000000000,1,923625000,0,-65,1.59534001940107,0,0,0.480091979980469,1.63,0,-5399.92822265625
100000000000000000000001,1,923625000,0,-44,3.72450535298634,0,0,0.480091979980469,1.63,0,-5399.92822265625
100000000000000000000002,1,923625000,0,-41.5,0.521553467881118,0,0,0.480091979980469,1.63,0,-5399.92822265625
100000000000000000000004,1,923625000,0,-50.5,4.87805890547634,0,0,0.480091979980469,1.63,0,-5399.92822265625
100000000000000000000003,1,923625000,0,-45,3.52201988898543,0,0,0.480091979980469,1.63,0,-5399.92822265625
100000000000000000000003,1,923625000,0,-45,3.51588396583389,0,0,0.480091979980469,1.63,0,-5399.92822265625
100000000000000000000004,1,923625000,0,-50.5,4.92101036753714,0,0,0.480091979980469,1.63,0,-5399.92822265625
100000000000000000000000,1,923625000,0,-65,1.58306817309798,0,0,0.480091979980469,1.63,0,-5399.92822265625
100000000000000000000001,1,923625000,0,-44,3.73677719928942,0,0,0.480091979980469,1.63,0,-5399.92822265625
100000000000000000000002,1,923625000,0,-41.5,0.527689391032661,0,0,0.480091979980469,1.63,0,-5399.92822265625
100000000000000000000001,1,923625000,0,-44,3.73677719928942,0,0,0.480091979980469,1.63,0,-5399.92822265625
100000000000000000000003,1,923625000,0,-45,3.52815581213697,0,0,0.480091979980469,1.63,0,-5399.92822265625
100000000000000000000000,1,923625000,0,-64.5,1.54011671103718,0,0,0.480091979980469,1.63,0,-5399.92822265625
100000000000000000000004,1,923625000,0,-50.5,4.85965113602171,0,0,0.480091979980469,1.63,0,-5399.92822265625
100000000000000000000002,1,923625000,0,-41.5,0.497009775274948,0,0,0.480091979980469,1.63,0,-5399.92822265625
100000000000000000000004,1,923625000,0,-50.5,4.91487444438559,0,0,0.480091979980469,1.63,0,-5399.92822265625
100000000000000000000003,1,923625000,0,-44.5,3.52201988898543,0,0,0.480091979980469,1.63,0,-5399.92822265625
100000000000000000000000,1,923625000,0,-64.5,1.5707963267949,0,0,0.480091979980469,1.63,0,-5399.92822265625
100000000000000000000001,1,923625000,0,-44,3.73064127613788,0,0,0.480091979980469,1.63,0,-5399.92822265625
100000000000000000000002,1,923625000,0,-41.5,0.521553467881118,0,0,0.480091979980469,1.63,0,-5399.92822265625
100000000000000000000000,1,923625000,0,-64.5,1.68737886667421,0,0,0.480091979980469,1.63,0,-5399.92822265625
100000000000000000000001,1,923625000,0,-44,3.72450535298634,0,0,0.480091979980469,1.63,0,-5399.92822265625
100000000000000000000002,1,923625000,0,-41.5,0.509281621578033,0,0,0.480091979980469,1.63,0,-5399.92822265625
100000000000000000000004,1,923625000,0,-50.5,4.89033075177942,0,0,0.480091979980469,1.63,0,-5399.92822265625
100000000000000000000003,1,923625000,0,-45,3.50974804268235,0,0,0.480091979980469,1.63,0,-5399.92822265625
100000000000000000000004,1,923625000,0,-50.5,4.90873852123405,0,0,0.480091979980469,1.63,0,-5399.92822265625
100000000000000000000002,1,923625000,0,-41.5,0.509281621578033,0,0,0.480091979980469,1.63,0,-5399.92822265625
100000000000000000000000,1,923625000,0,-65.5,1.57693224994644,0,0,0.480091979980469,1.63,0,-5399.92822265625
100000000000000000000003,1,923625000,0,-44.5,3.53429173528852,0,0,0.480091979980469,1.63,0,-5399.92822265625
100000000000000000000001,1,923625000,0,-44,3.73677719928942,0,0,0.480091979980469,1.63,0,-5399.92822265625
100000000000000000000004,1,923625000,0,-50.5,4.88419482862788,0,0,0.480091979980469,1.63,0,-5399.92822265625
100000000000000000000002,1,923625000,0,-41.5,0.509281621578033,0,0,0.480091979980469,1.63,0,-5399.92822265625
100000000000000000000001,1,923625000,0,-44,3.73064127613788,0,0,0.480091979980469,1.63,0,-5399.92822265625
100000000000000000000003,1,923625000,0,-44.5,3.52815581213697,0,0,0.480091979980469,1.63,0,-5399.92822265625
100000000000000000000000,1,923625000,0,-65,1.68737886667421,0,0,0.480091979980469,1.63,0,-5399.92822265625
100000000000000000000000,1,923625000,0,-65.5,1.5707963267949,0,0,0.480091979980469,1.63,0,-5399.92822265625
100000000000000000000004,1,923625000,0,-50.5,4.88419482862788,0,0,0.480091979980469,1.63,0,-5399.92822265625
100000000000000000000003,1,923625000,0,-45,3.5036121195308,0,0,0.480091979980469,1.63,0,-5399.92822265625
100000000000000000000001,1,923625000,0,-44,3.73064127613788,0,0,0.480091979980469,1.63,0,-5399.92822265625
100000000000000000000002,1,923625000,0,-41.5,0.515417544729575,0,0,0.480091979980469,1.63,0,-5399.92822265625
100000000000000000000000,1,923625000,0,-64.5,1.61374778885569,0,0,0.480091979980469,1.63,0,-5399.92822265625
100000000000000000000002,1,923625000,0,-41.5,0.521553467881118,0,0,0.480091979980469,1.63,0,-5399.92822265625
100000000000000000000001,1,923625000,0,-44,3.72450535298634,0,0,0.480091979980469,1.63,0,-5399.92822265625
100000000000000000000004,1,923625000,0,-50.5,4.87805890547634,0,0,0.480091979980469,1.63,0,-5399.92822265625
100000000000000000000003,1,923625000,0,-45,3.5036121195308,0,0,0.480091979980469,1.63,0,-5399.92822265625
100000000000000000000000,1,923625000,0,-65,1.61988371200724,0,0,0.480091979980469,1.63,0,-5399.92822265625
100000000000000000000002,1,923625000,0,-41.5,0.533825314184203,0,0,0.480091979980469,1.63,0,-5399.92822265625
100000000000000000000001,1,923625000,0,-44,3.72450535298634,0,0,0.480091979980469,1.63,0,-5399.92822265625
100000000000000000000003,1,923625000,0,-45,3.52201988898543,0,0,0.480091979980469,1.63,0,-5399.92822265625
100000000000000000000004,1,923625000,0,-50,4.91487444438559,0,0,0.480091979980469,1.63,0,-5399.92822265625
100000000000000000000004,1,923625000,0,-50.5,4.89033075177942,0,0,0.480091979980469,1.63,0,-5399.92822265625
100000000000000000000002,1,923625000,0,-41.5,0.533825314184203,0,0,0.480091979980469,1.63,0,-5399.92822265625
100000000000000000000000,1,923625000,0,-65,1.59534001940107,0,0,0.480091979980469,1.63,0,-5399.92822265625
100000000000000000000001,1,923625000,0,-44,3.73064127613788,0,0,0.480091979980469,1.63,0,-5399.92822265625
100000000000000000000003,1,923625000,0,-45,3.52201988898543,0,0,0.480091979980469,1.63,0,-5399.92822265625
100000000000000000000002,1,923625000,0,-41.5,0.509281621578033,0,0,0.480091979980469,1.63,0,-5399.92822265625
100000000000000000000001,1,923625000,0,-44,3.73064127613788,0,0,0.480091979980469,1.63,0,-5399.92822265625
100000000000000000000000,1,923625000,0,-65,1.54625263418873,0,0,0.480091979980469,1.63,0,-5399.92822265625
100000000000000000000003,1,923625000,0,-44.5,3.52201988898543,0,0,0.480091979980469,1.63,0,-5399.92822265625
100000000000000000000004,1,923625000,0,-50.5,4.87805890547634,0,0,0.480091979980469,1.63,0,-5399.92822265625
100000000000000000000003,1,923625000,0,-45,3.5036121195308,0,0,0.480091979980469,1.63,0,-5399.92822265625
100000000000000000000000,1,923625000,0,-64.5,1.49716524897639,0,0,0.480091979980469,1.63,0,-5399.92822265625
100000000000000000000002,1,923625000,0,-41.5,0.515417544729575,0,0,0.480091979980469,1.63,0,-5399.92822265625
100000000000000000000001,1,923625000,0,-44,3.74904904559251,0,0,0.480091979980469,1.63,0,-5399.92822265625
100000000000000000000004,1,923625000,0,-50,4.87805890547634,0,0,0.480091979980469,1.63,0,-5399.92822265625
100000000000000000000003,1,923625000,0,-45,3.5036121195308,0,0,0.480091979980469,1.63,0,-5399.92822265625
100000000000000000000002,1,923625000,0,-41.5,0.521553467881118,0,0,0.480091979980469,1.63,0,-5399.92822265625
100000000000000000000004,1,923625000,0,-50.5,4.90873852123405,0,0,0.480091979980469,1.63,0,-5399.92822265625
100000000000000000000001,1,923625000,0,-44,3.73064127613788,0,0,0.480091979980469,1.63,0,-5399.92822265625
100000000000000000000000,1,923625000,0,-64.5,1.59534001940107,0,0,0.480091979980469,1.63,0,-5399.92822265625
100000000000000000000004,1,923625000,0,-50.5,4.88419482862788,0,0,0.480091979980469,1.63,0,-5399.92822265625
100000000000000000000001,1,923625000,0,-44,3.74291312244096,0,0,0.480091979980469,1.63,0,-5399.92822265625
100000000000000000000002,1,923625000,0,-41.5,0.521553467881118,0,0,0.480091979980469,1.63,0,-5399.92822265625
100000000000000000000000,1,923625000,0,-65,1.5707963267949,0,0,0.480091979980469,1.63,0,-5399.92822265625
100000000000000000000003,1,923625000,0,-45,3.5036121195308,0,0,0.480091979980469,1.63,0,-5399.92822265625
100000000000000000000001,1,923625000,0,-44,3.73064127613788,0,0,0.480091979980469,1.63,0,-5399.92822265625
100000000000000000000002,1,923625000,0,-41.5,0.533825314184203,0,0,0.480091979980469,1.63,0,-5399.92822265625
100000000000000000000004,1,923625000,0,-50.5,4.89033075177942,0,0,0.480091979980469,1.63,0,-5399.92822265625
100000000000000000000003,1,923625000,0,-44.5,3.52815581213697,0,0,0.480091979980469,1.63,0,-5399.92822265625
100000000000000000000000,1,923625000,0,-64.5,1.61988371200724,0,0,0.480091979980469,1.63,0,-5399.92822265625
100000000000000000000004,1,923625000,0,-50.5,4.88419482862788,0,0,0.480091979980469,1.63,0,-5399.92822265625
100000000000000000000002,1,923625000,0,-41.5,0.521553467881118,0,0,0.480091979980469,1.63,0,-5399.92822265625
100000000000000000000001,1,923625000,0,-44,3.73677719928942,0,0,0.480091979980469,1.63,0,-5399.92822265625
100000000000000000000000,1,923625000,0,-64.5,1.58920409624952,0,0,0.480091979980469,1.63,0,-5399.92822265625
100000000000000000000003,1,923625000,0,-45,3.52815581213697,0,0,0.480091979980469,1.63,0,-5399.92822265625
100000000000000000000004,1,923625000,0,-50,4.89033075177942,0,0,0.480091979980469,1.63,0,-5399.92822265625
100000000000000000000000,1,923625000,0,-64.5,1.55238855734027,0,0,0.480091979980469,1.63,0,-5399.92822265625
100000000000000000000002,1,923625000,0,-41.5,0.497009775274948,0,0,0.480091979980469,1.63,0,-5399.92822265625
100000000000000000000003,1,923625000,0,-45,3.51588396583389,0,0,0.480091979980469,1.63,0,-5399.92822265625
100000000000000000000001,1,923625000,0,-44,3.73677719928942,0,0,0.480091979980469,1.63,0,-5399.92822265625
100000000000000000000002,1,923625000,0,-41.5,0.533825314184203,0,0,0.480091979980469,1.63,0,-5399.92822265625
100000000000000000000001,1,923625000,0,-44,3.74904904559251,0,0,0.480091979980469,1.63,0,-5399.92822265625
100000000000000000000004,1,923625000,0,-50.5,4.92101036753714,0,0,0.480091979980469,1.63,0,-5399.92822265625
100000000000000000000000,1,923625000,0,-65,1.61988371200724,0,0,0.480091979980469,1.63,0,-5399.92822265625
100000000000000000000003,1,923625000,0,-44.5,3.52201988898543,0,0,0.480091979980469,1.63,0,-5399.92822265625
100000000000000000000000,1,923625000,0,-65,1.60147594255261,0,0,0.480091979980469,1.63,0,-5399.92822265625
100000000000000000000003,1,923625000,0,-45,3.51588396583389,0,0,0.480091979980469,1.63,0,-5399.92822265625
100000000000000000000001,1,923625000,0,-44,3.74291312244096,0,0,0.480091979980469,1.63,0,-5399.92822265625
100000000000000000000004,1,923625000,0,-50.5,4.8719229823248,0,0,0.480091979980469,1.63,0,-5399.92822265625
100000000000000000000002,1,923625000,0,-41.5,0.521553467881118,0,0,0.480091979980469,1.63,0,-5399.92822265625
100000000000000000000002,1,923625000,0,-41.5,0.539961237335746,0,0,0.480091979980469,1.63,0,-5399.92822265625
100000000000000000000004,1,923625000,0,-50.5,4.88419482862788,0,0,0.480091979980469,1.63,0,-5399.92822265625
100000000000000000000003,1,923625000,0,-45,3.51588396583389,0,0,0.480091979980469,1.63,0,-5399.92822265625
100000000000000000000000,1,923625000,0,-65,1.54011671103718,0,0,0.480091979980469,1.63,0,-5399.92822265625
100000000000000000000001,1,923625000,0,-44,3.74904904559251,0,0,0.480091979980469,1.63,0,-5399.92822265625
100000000000000000000000,1,923625000,0,-65,1.54011671103718,0,0,0.480091979980469,1.63,0,-5399.92822265625
100000000000000000000003,1,923625000,0,-45,3.52201988898543,0,0,0.480091979980469,1.63,0,-5399.92822265625
100000000000000000000001,1,923625000,0,-44,3.73064127613788,0,0,0.480091979980469,1.63,0,-5399.92822265625
100000000000000000000002,1,923625000,0,-41.5,0.497009775274948,0,0,0.480091979980469,1.63,0,-5399.92822265625
100000000000000000000004,1,923625000,0,-50.5,4.91487444438559,0,0,0.480091979980469,1.63,0,-5399.92822265625
100000000000000000000004,1,923625000,0,-50.5,4.90260259808251,0,0,0.480091979980469,1.63,0,-5399.92822265625
100000000000000000000003,1,923625000,0,-44.5,3.52201988898543,0,0,0.480091979980469,1.63,0,-5399.92822265625
100000000000000000000002,1,923625000,0,-41.5,0.521553467881118,0,0,0.480091979980469,1.63,0,-5399.92822265625
100000000000000000000001,1,923625000,0,-44,3.73064127613788,0,0,0.480091979980469,1.63,0,-5399.92822265625
100000000000000000000000,1,923625000,0,-65,1.54625263418873,0,0,0.480091979980469,1.63,0,-5399.92822265625
100000000000000000000004,1,923625000,0,-50.5,4.89033075177942,0,0,0.480091979980469,1.63,0,-5399.92822265625
100000000000000000000002,1,923625000,0,-41.5,0.509281621578033,0,0,0.480091979980469,1.63,0,-5399.92822265625
100000000000000000000001,1,923625000,0,-44,3.73677719928942,0,0,0.480091979980469,1.63,0,-5399.92822265625
100000000000000000000003,1,923625000,0,-45,3.5036121195308,0,0,0.480091979980469,1.63,0,-5399.92822265625
100000000000000000000000,1,923625000,0,-65,1.61374778885569,0,0,0.480091979980469,1.63,0,-5399.92822265625
100000000000000000000001,1,923625000,0,-44,3.73064127613788,0,0,0.480091979980469,1.63,0,-5399.92822265625
100000000000000000000004,1,923625000,0,-50.5,4.89033075177942,0,0,0.480091979980469,1.63,0,-5399.92822265625
100000000000000000000003,1,923625000,0,-45,3.50974804268235,0,0,0.480091979980469,1.63,0,-5399.92822265625
100000000000000000000002,1,923625000,0,-41.5,0.533825314184203,0,0,0.480091979980469,1.63,0,-5399.92822265625
100000000000000000000000,1,923625000,0,-65,1.63829148146186,0,0,0.480091979980469,1.63,0,-5399.92822265625
100000000000000000000001,1,923625000,0,-44,3.72450535298634,0,0,0.480091979980469,1.63,0,-5399.92822265625
100000000000000000000000,1,923625000,0,-65,1.50943709527947,0,0,0.480091979980469,1.63,0,-5399.92822265625
100000000000000000000004,1,923625000,0,-50.5,4.90260259808251,0,0,0.480091979980469,1.63,0,-5399.92822265625
100000000000000000000003,1,923625000,0,-45,3.50974804268235,0,0,0.480091979980469,1.63,0,-5399.92822265625
100000000000000000000002,1,923625000,0,-41.5,0.539961237335746,0,0,0.480091979980469,1.63,0,-5399.92822265625
100000000000000000000000,1,923625000,0,-65,1.47875747952176,0,0,0.480091979980469,1.63,0,-5399.92822265625
100000000000000000000002,1,923625000,0,-41.5,0.527689391032661,0,0,0.480091979980469,1.63,0,-5399.92822265625
100000000000000000000003,1,923625000,0,-45,3.52815581213697,0,0,0.480091979980469,1.63,0,-5399.92822265625
100000000000000000000004,1,923625000,0,-50.5,4.89646667493097,0,0,0.480091979980469,1.63,0,-5399.92822265625
100000000000000000000001,1,923625000,0,-44,3.72450535298634,0,0,0.480091979980469,1.63,0,-5399.92822265625
100000000000000000000000,1,923625000,0,-65,1.55238855734027,0,0,0.480091979980469,1.63,0,-5399.92822265625
100000000000000000000004,1,923625000,0,-50.5,4.89646667493097,0,0,0.480091979980469,1.63,0,-5399.92822265625
100000000000000000000003,1,923625000,0,-45,3.52201988898543,0,0,0.480091979980469,1.63,0,-5399.92822265625
100000000000000000000001,1,923625000,0,-44,3.73064127613788,0,0,0.480091979980469,1.63,0,-5399.92822265625
100000000000000000000002,1,923625000,0,-41.5,0.515417544729575,0,0,0.480091979980469,1.63,0,-5399.92822265625
100000000000000000000001,1,923625000,0,-44,3.74904904559251,0,0,0.480091979980469,1.63,0,-5399.92822265625
100000000000000000000004,1,923625000,0,-50.5,4.90260259808251,0,0,0.480091979980469,1.63,0,-5399.92822265625
100000000000000000000000,1,923625000,0,-65,1.59534001940107,0,0,0.480091979980469,1.63,0,-5399.92822265625
100000000000000000000002,1,923625000,0,-41.5,0.527689391032661,0,0,0.480091979980469,1.63,0,-5399.92822265625
100000000000000000000003,1,923625000,0,-44.5,3.52815581213697,0,0,0.480091979980469,1.63,0,-5399.92822265625
100000000000000000000002,1,923625000,0,-41.5,0.527689391032661,0,0,0.480091979980469,1.63,0,-5399.92822265625
100000000000000000000001,1,923625000,0,-44,3.73064127613788,0,0,0.480091979980469,1.63,0,-5399.92822265625
100000000000000000000003,1,923625000,0,-45,3.52201988898543,0,0,0.480091979980469,1.63,0,-5399.92822265625
100000000000000000000000,1,923625000,0,-64,1.61988371200724,0,0,0.480091979980469,1.63,0,-5399.92822265625
100000000000000000000004,1,923625000,0,-50.5,4.89646667493097,0,0,0.480091979980469,1.63,0,-5399.92822265625
100000000000000000000001,1,923625000,0,-44,3.74291312244096,0,0,0.480091979980469,1.63,0,-5399.92822265625
100000000000000000000000,1,923625000,0,-64.5,1.63215555831032,0,0,0.480091979980469,1.63,0,-5399.92822265625
100000000000000000000003,1,923625000,0,-45,3.52815581213697,0,0,0.480091979980469,1.63,0,-5399.92822265625
100000000000000000000002,1,923625000,0,-41.5,0.533825314184203,0,0,0.480091979980469,1.63,0,-5399.92822265625
100000000000000000000004,1,923625000,0,-50.5,4.87805890547634,0,0,0.480091979980469,1.63,0,-5399.92822265625
100000000000000000000001,1,923625000,0,-44,3.73677719928942,0,0,0.480091979980469,1.63,0,-5399.92822265625
100000000000000000000000,1,923625000,0,-64.5,1.62601963515878,0,0,0.480091979980469,1.63,0,-5399.92822265625
100000000000000000000004,1,923625000,0,-50,4.92714629068868,0,0,0.480091979980469,1.63,0,-5399.92822265625
100000000000000000000002,1,923625000,0,-41.5,0.521553467881118,0,0,0.480091979980469,1.63,0,-5399.92822265625
100000000000000000000003,1,923625000,0,-45,3.52201988898543,0,0,0.480091979980469,1.63,0,-5399.92822265625
100000000000000000000000,1,923625000,0,-64.5,1.70578663612883,0,0,0.480091979980469,1.63,0,-5399.92822265625
100000000000000000000001,1,923625000,0,-44,3.73677719928942,0,0,0.480091979980469,1.63,0,-5399.92822265625
100000000000000000000003,1,923625000,0,-45,3.51588396583389,0,0,0.480091979980469,1.63,0,-5399.92822265625
100000000000000000000002,1,923625000,0,-41.5,0.509281621578033,0,0,0.480091979980469,1.63,0,-5399.92822265625
100000000000000000000004,1,923625000,0,-50.5,4.88419482862788,0,0,0.480091979980469,1.63,0,-5399.92822265625
100000000000000000000003,1,923625000,0,-45,3.5036121195308,0,0,0.480091979980469,1.63,0,-5399.92822265625
100000000000000000000002,1,923625000,0,-41.5,0.515417544729575,0,0,0.480091979980469,1.63,0,-5399.92822265625
100000000000000000000001,1,923625000,0,-44,3.73677719928942,0,0,0.480091979980469,1.63,0,-5399.92822265625
100000000000000000000000,1,923625000,0,-64.5,1.54011671103718,0,0,0.480091979980469,1.63,0,-5399.92822265625
100000000000000000000004,1,923625000,0,-50.5,4.92714629068868,0,0,0.480091979980469,1.63,0,-5399.92822265625
100000000000000000000003,1,923625000,0,-45,3.49747619637926,0,0,0.480091979980469,1.63,0,-5399.92822265625
100000000000000000000001,1,923625000,0,-44,3.74904904559251,0,0,0.480091979980469,1.63,0,-5399.92822265625
100000000000000000000002,1,923625000,0,-41.5,0.50314569842649,0,0,0.480091979980469,1.63,0,-5399.92822265625
100000000000000000000000,1,923625000,0,-65,1.61374778885569,0,0,0.480091979980469,1.63,0,-5399.92822265625
100000000000000000000004,1,923625000,0,-50.5,4.89033075177942,0,0,0.480091979980469,1.63,0,-5399.92822265625
100000000000000000000004,1,923625000,0,-50.5,4.89033075177942,0,0,0.480091979980469,1.63,0,-5399.92822265625
100000000000000000000000,1,923625000,0,-64.5,1.49716524897639,0,0,0.480091979980469,1.63,0,-5399.92822265625
100000000000000000000001,1,923625000,0,-44,3.72450535298634,0,0,0.480091979980469,1.63,0,-5399.92822265625
100000000000000000000002,1,923625000,0,-41.5,0.515417544729575,0,0,0.480091979980469,1.63,0,-5399.92822265625
100000000000000000000003,1,923625000,0,-45,3.50974804268235,0,0,0.480091979980469,1.63,0,-5399.92822265625
100000000000000000000002,1,923625000,0,-41.5,0.515417544729575,0,0,0.480091979980469,1.63,0,-5399.92822265625
100000000000000000000000,1,923625000,0,-64.5,1.55238855734027,0,0,0.480091979980469,1.63,0,-5399.92822265625
100000000000000000000004,1,923625000,0,-50.5,4.87805890547634,0,0,0.480091979980469,1.63,0,-5399.92822265625
100000000000000000000001,1,923625000,0,-44,3.73064127613788,0,0,0.480091979980469,1.63,0,-5399.92822265625
100000000000000000000003,1,923625000,0,-44.5,3.52815581213697,0,0,0.480091979980469,1.63,0,-5399.92822265625
100000000000000000000002,1,923625000,0,-41.5,0.539961237335746,0,0,0.480091979980469,1.63,0,-5399.92822265625
100000000000000000000004,1,923625000,0,-50.5,4.89646667493097,0,0,0.480091979980469,1.63,0,-5399.92822265625
100000000000000000000001,1,923625000,0,-44,3.74904904559251,0,0,0.480091979980469,1.63,0,-5399.92822265625
100000000000000000000003,1,923625000,0,-45,3.51588396583389,0,0,0.480091979980469,1.63,0,-5399.92822265625
100000000000000000000000,1,923625000,0,-64.5,1.54625263418873,0,0,0.480091979980469,1.63,0,-5399.92822265625
100000000000000000000001,1,923625000,0,-44,3.73677719928942,0,0,0.480091979980469,1.63,0,-5399.92822265625
100000000000000000000003,1,923625000,0,-45,3.50974804268235,0,0,0.480091979980469,1.63,0,-5399.92822265625
100000000000000000000000,1,923625000,0,-64.5,1.55852448049181,0,0,0.480091979980469,1.63,0,-5399.92822265625
100000000000000000000002,1,923625000,0,-41.5,0.50314569842649,0,0,0.480091979980469,1.63,0,-5399.92822265625
100000000000000000000004,1,923625000,0,-50,4.84737928971863,0,0,0.480091979980469,1.63,0,-5399.92822265625
100000000000000000000001,1,923625000,0,-44,3.73677719928942,0,0,0.480091979980469,1.63,0,-5399.92822265625
100000000000000000000004,1,923625000,0,-50.5,4.85965113602171,0,0,0.480091979980469,1.63,0,-5399.92822265625
100000000000000000000002,1,923625000,0,-41.5,0.509281621578033,0,0,0.480091979980469,1.63,0,-5399.92822265625
100000000000000000000003,1,923625000,0,-45,3.51588396583389,0,0,0.480091979980469,1.63,0,-5399.92822265625
100000000000000000000000,1,923625000,0,-65,1.61374778885569,0,0,0.480091979980469,1.63,0,-5399.92822265625
100000000000000000000004,1,923625000,0,-50.5,4.86578705917325,0,0,0.480091979980469,1.63,0,-5399.92822265625
100000000000000000000003,1,923625000,0,-45,3.51588396583389,0,0,0.480091979980469,1.63,0,-5399.92822265625
100000000000000000000002,1,923625000,0,-41.5,0.527689391032661,0,0,0.480091979980469,1.63,0,-5399.92822265625
100000000000000000000001,1,923625000,0,-44,3.74291312244096,0,0,0.480091979980469,1.63,0,-5399.92822265625
100000000000000000000000,1,923625000,0,-64.5,1.57693224994644,0,0,0.480091979980469,1.63,0,-5399.92822265625
100000000000000000000001,1,923625000,0,-44,3.74291312244096,0,0,0.480091979980469,1.63,0,-5399.92822265625
100000000000000000000004,1,923625000,0,-50.5,4.89646667493097,0,0,0.480091979980469,1.63,0,-5399.92822265625
100000000000000000000003,1,923625000,0,-45,3.50974804268235,0,0,0.480091979980469,1.63,0,-5399.92822265625
100000000000000000000002,1,923625000,0,-41.5,0.533825314184203,0,0,0.480091979980469,1.63,0,-5399.92822265625
100000000000000000000000,1,923625000,0,-65,1.62601963515878,0,0,0.480091979980469,1.63,0,-5399.92822265625
100000000000000000000001,1,923625000,0,-44,3.74904904559251,0,0,0.480091979980469,1.63,0,-5399.92822265625
100000000000000000000004,1,923625000,0,-50,4.89646667493097,0,0,0.480091979980469,1.63,0,-5399.92822265625
100000000000000000000002,1,923625000,0,-41.5,0.527689391032661,0,0,0.480091979980469,1.63,0,-5399.92822265625
100000000000000000000000,1,923625000,0,-64.5,1.66897109721958,0,0,0.480091979980469,1.63,0,-5399.92822265625
100000000000000000000003,1,923625000,0,-45,3.52201988898543,0,0,0.480091979980469,1.63,0,-5399.92822265625
100000000000000000000000,1,923625000,0,-65,1.69351478982575,0,0,0.480091979980469,1.63,0,-5399.92822265625
100000000000000000000003,1,923625000,0,-45,3.52201988898543,0,0,0.480091979980469,1.63,0,-5399.92822265625
100000000000000000000004,1,923625000,0,-50.5,4.84124336656708,0,0,0.480091979980469,1.63,0,-5399.92822265625
100000000000000000000002,1,923625000,0,-41.5,0.50314569842649,0,0,0.480091979980469,1.63,0,-5399.92822265625
100000000000000000000001,1,923625000,0,-44,3.73677719928942,0,0,0.480091979980469,1.63,0,-5399.92822265625
100000000000000000000002,1,923625000,0,-41.5,0.521553467881118,0,0,0.480091979980469,1.63,0,-5399.92822265625
100000000000000000000001,1,923625000,0,-44,3.73677719928942,0,0,0.480091979980469,1.63,0,-5399.92822265625
100000000000000000000004,1,923625000,0,-50.5,4.90260259808251,0,0,0.480091979980469,1.63,0,-5399.92822265625
100000000000000000000003,1,923625000,0,-45,3.50974804268235,0,0,0.480091979980469,1.63,0,-5399.92822265625
100000000000000000000000,1,923625000,0,-65,1.64442740461341,0,0,0.480091979980469,1.63,0,-5399.92822265625
100000000000000000000001,1,923625000,0,-44,3.74291312244096,0,0,0.480091979980469,1.63,0,-5399.92822265625
100000000000000000000002,1,923625000,0,-41.5,0.521553467881118,0,0,0.480091979980469,1.63,0,-5399.92822265625
100000000000000000000003,1,923625000,0,-45,3.50974804268235,0,0,0.480091979980469,1.63,0,-5399.92822265625
100000000000000000000000,1,923625000,0,-65,1.52170894158256,0,0,0.480091979980469,1.63,0,-5399.92822265625
100000000000000000000004,1,923625000,0,-50,4.91487444438559,0,0,0.480091979980469,1.63,0,-5399.92822265625
100000000000000000000001,1,923625000,0,-44,3.74904904559251,0,0,0.480091979980469,1.63,0,-5399.92822265625
100000000000000000000003,1,923625000,0,-44.5,3.50974804268235,0,0,0.480091979980469,1.63,0,-5399.92822265625
100000000000000000000000,1,923625000,0,-65,1.63829148146186,0,0,0.480091979980469,1.63,0,-5399.92822265625
100000000000000000000002,1,923625000,0,-41.5,0.527689391032661,0,0,0.480091979980469,1.63,0,-5399.92822265625
100000000000000000000004,1,923625000,0,-50.5,4.89646667493097,0,0,0.480091979980469,1.63,0,-5399.92822265625
100000000000000000000004,1,923625000,0,-50.5,4.91487444438559,0,0,0.480091979980469,1.63,0,-5399.92822265625
100000000000000000000001,1,923625000,0,-44,3.73677719928942,0,0,0.480091979980469,1.63,0,-5399.92822265625
100000000000000000000002,1,923625000,0,-41.5,0.509281621578033,0,0,0.480091979980469,1.63,0,-5399.92822265625
100000000000000000000000,1,923625000,0,-65,1.54625263418873,0,0,0.480091979980469,1.63,0,-5399.92822265625
100000000000000000000003,1,923625000,0,-45,3.51588396583389,0,0,0.480091979980469,1.63,0,-5399.92822265625
100000000000000000000001,1,923625000,0,-44,3.71836942983479,0,0,0.480091979980469,1.63,0,-5399.92822265625
100000000000000000000002,1,923625000,0,-41.5,0.515417544729575,0,0,0.480091979980469,1.63,0,-5399.92822265625
100000000000000000000003,1,923625000,0,-45,3.52815581213697,0,0,0.480091979980469,1.63,0,-5399.92822265625
100000000000000000000004,1,923625000,0,-50,4.90260259808251,0,0,0.480091979980469,1.63,0,-5399.92822265625
100000000000000000000000,1,923625000,0,-64.5,1.56466040364335,0,0,0.480091979980469,1.63,0,-5399.92822265625
100000000000000000000004,1,923625000,0,-50.5,4.89033075177942,0,0,0.480091979980469,1.63,0,-5399.92822265625
100000000000000000000003,1,923625000,0,-45,3.51588396583389,0,0,0.480091979980469,1.63,0,-5399.92822265625
100000000000000000000000,1,923625000,0,-64.5,1.59534001940107,0,0,0.480091979980469,1.63,0,-5399.92822265625
100000000000000000000001,1,923625000,0,-44,3.74291312244096,0,0,0.480091979980469,1.63,0,-5399.92822265625
100000000000000000000002,1,923625000,0,-41.5,0.515417544729575,0,0,0.480091979980469,1.63,0,-5399.92822265625
100000000000000000000003,1,923625000,0,-45,3.50974804268235,0,0,0.480091979980469,1.63,0,-5399.92822265625
100000000000000000000001,1,923625000,0,-44,3.73677719928942,0,0,0.480091979980469,1.63,0,-5399.92822265625
100000000000000000000002,1,923625000,0,-41.5,0.533825314184203,0,0,0.480091979980469,1.63,0,-5399.92822265625
100000000000000000000000,1,923625000,0,-65,1.60147594255261,0,0,0.480091979980469,1.63,0,-5399.92822265625
100000000000000000000004,1,923625000,0,-50.5,4.87805890547634,0,0,0.480091979980469,1.63,0,-5399.92822265625
100000000000000000000001,1,923625000,0,-44,3.74904904559251,0,0,0.480091979980469,1.63,0,-5399.92822265625
100000000000000000000000,1,923625000,0,-65,1.63829148146186,0,0,0.480091979980469,1.63,0,-5399.92822265625
100000000000000000000004,1,923625000,0,-50.5,4.89646667493097,0,0,0.480091979980469,1.63,0,-5399.92822265625
100000000000000000000003,1,923625000,0,-45,3.52815581213697,0,0,0.480091979980469,1.63,0,-5399.92822265625
100000000000000000000002,1,923625000,0,-41.5,0.546097160487288,0,0,0.480091979980469,1.63,0,-5399.92822265625
100000000000000000000003,1,923625000,0,-45,3.51588396583389,0,0,0.480091979980469,1.63,0,-5399.92822265625
100000000000000000000001,1,923625000,0,-44,3.73064127613788,0,0,0.480091979980469,1.63,0,-5399.92822265625
100000000000000000000004,1,923625000,0,-50.5,4.86578705917325,0,0,0.480091979980469,1.63,0,-5399.92822265625
100000000000000000000000,1,923625000,0,-64.5,1.59534001940107,0,0,0.480091979980469,1.63,0,-5399.92822265625
100000000000000000000002,1,923625000,0,-41.5,0.515417544729575,0,0,0.480091979980469,1.63,0,-5399.92822265625
100000000000000000000002,1,923625000,0,-41.5,0.515417544729575,0,0,0.480091979980469,1.63,0,-5399.92822265625
100000000000000000000003,1,923625000,0,-45,3.52201988898543,0,0,0.480091979980469,1.63,0,-5399.92822265625
100000000000000000000000,1,923625000,0,-64.5,1.65669925091649,0,0,0.480091979980469,1.63,0,-5399.92822265625
100000000000000000000004,1,923625000,0,-50.5,4.89033075177942,0,0,0.480091979980469,1.63,0,-5399.92822265625
100000000000000000000001,1,923625000,0,-44,3.74904904559251,0,0,0.480091979980469,1.63,0,-5399.92822265625
100000000000000000000001,1,923625000,0,-44,3.73064127613788,0,0,0.480091979980469,1.63,0,-5399.92822265625
100000000000000000000003,1,923625000,0,-45,3.5036121195308,0,0,0.480091979980469,1.63,0,-5399.92822265625
100000000000000000000004,1,923625000,0,-50.5,4.92101036753714,0,0,0.480091979980469,1.63,0,-5399.92822265625
100000000000000000000000,1,923625000,0,-65,1.59534001940107,0,0,0.480091979980469,1.63,0,-5399.92822265625
100000000000000000000002,1,923625000,0,-41.5,0.546097160487288,0,0,0.480091979980469,1.63,0,-5399.92822265625
100000000000000000000003,1,923625000,0,-45,3.50974804268235,0,0,0.480091979980469,1.63,0,-5399.92822265625
100000000000000000000000,1,923625000,0,-65,1.55852448049181,0,0,0.480091979980469,1.63,0,-5399.92822265625
100000000000000000000001,1,923625000,0,-44,3.75518496874405,0,0,0.480091979980469,1.63,0,-5399.92822265625
100000000000000000000004,1,923625000,0,-50.5,4.88419482862788,0,0,0.480091979980469,1.63,0,-5399.92822265625
100000000000000000000002,1,923625000,0,-41.5,0.515417544729575,0,0,0.480091979980469,1.63,0,-5399.92822265625
100000000000000000000002,1,923625000,0,-41.5,0.533825314184203,0,0,0.480091979980469,1.63,0,-5399.92822265625
100000000000000000000000,1,923625000,0,-64.5,1.55238855734027,0,0,0.480091979980469,1.63,0,-5399.92822265625
100000000000000000000003,1,923625000,0,-45,3.5036121195308,0,0,0.480091979980469,1.63,0,-5399.92822265625
100000000000000000000001,1,923625000,0,-44,3.73677719928942,0,0,0.480091979980469,1.63,0,-5399.92822265625
100000000000000000000004,1,923625000,0,-50.5,4.86578705917325,0,0,0.480091979980469,1.63,0,-5399.92822265625
100000000000000000000002,1,923625000,0,-41.5,0.50314569842649,0,0,0.480091979980469,1.63,0,-5399.92822265625
100000000000000000000001,1,923625000,0,-44,3.74291312244096,0,0,0.480091979980469,1.63,0,-5399.92822265625
100000000000000000000003,1,923625000,0,-45,3.50974804268235,0,0,0.480091979980469,1.63,0,-5399.92822265625
100000000000000000000000,1,923625000,0,-65,1.54625263418873,0,0,0.480091979980469,1.63,0,-5399.92822265625
100000000000000000000004,1,923625000,0,-50.5,4.87805890547634,0,0,0.480091979980469,1.63,0,-5399.92822265625
100000000000000000000001,1,923625000,0,-44,3.74291312244096,0,0,0.480091979980469,1.63,0,-5399.92822265625
100000000000000000000004,1,923625000,0,-50.5,4.90873852123405,0,0,0.480091979980469,1.63,0,-5399.92822265625
100000000000000000000000,1,923625000,0,-64.5,1.61988371200724,0,0,0.480091979980469,1.63,0,-5399.92822265625
100000000000000000000002,1,923625000,0,-41.5,0.533825314184203,0,0,0.480091979980469,1.63,0,-5399.92822265625
100000000000000000000003,1,923625000,0,-45,3.51588396583389,0,0,0.480091979980469,1.63,0,-5399.92822265625
100000000000000000000000,1,923625000,0,-64.5,1.62601963515878,0,0,0.480091979980469,1.63,0,-5399.92822265625
100000000000000000000003,1,923625000,0,-45,3.50974804268235,0,0,0.480091979980469,1.63,0,-5399.92822265625
100000000000000000000002,1,923625000,0,-41.5,0.527689391032661,0,0,0.480091979980469,1.63,0,-5399.92822265625
100000000000000000000004,1,923625000,0,-50,4.87805890547634,0,0,0.480091979980469,1.63,0,-5399.92822265625
100000000000000000000001,1,923625000,0,-44,3.73677719928942,0,0,0.480091979980469,1.63,0,-5399.92822265625
100000000000000000000003,1,923625000,0,-45,3.51588396583389,0,0,0.480091979980469,1.63,0,-5399.92822265625
100000000000000000000000,1,923625000,0,-64,1.54625263418873,0,0,0.480091979980469,1.63,0,-5399.92822265625
100000000000000000000001,1,923625000,0,-44,3.73064127613788,0,0,0.480091979980469,1.63,0,-5399.92822265625
100000000000000000000004,1,923625000,0,-50.5,4.88419482862788,0,0,0.480091979980469,1.63,0,-5399.92822265625
100000000000000000000002,1,923625000,0,-41.5,0.527689391032661,0,0,0.480091979980469,1.63,0,-5399.92822265625
100000000000000000000004,1,923625000,0,-50.5,4.89033075177942,0,0,0.480091979980469,1.63,0,-5399.92822265625
100000000000000000000002,1,923625000,0,-41.5,0.527689391032661,0,0,0.480091979980469,1.63,0,-5399.92822265625
100000000000000000000001,1,923625000,0,-44,3.71836942983479,0,0,0.480091979980469,1.63,0,-5399.92822265625
100000000000000000000000,1,923625000,0,-65,1.730330328735,0,0,0.480091979980469,1.63,0,-5399.92822265625
100000000000000000000003,1,923625000,0,-45,3.5036121195308,0,0,0.480091979980469,1.63,0,-5399.92822265625
100000000000000000000001,1,923625000,0,-44,3.73677719928942,0,0,0.480091979980469,1.63,0,-5399.92822265625
100000000000000000000003,1,923625000,0,-45,3.52815581213697,0,0,0.480091979980469,1.63,0,-5399.92822265625
100000000000000000000000,1,923625000,0,-65.5,1.58920409624952,0,0,0.480091979980469,1.63,0,-5399.92822265625
100000000000000000000002,1,923625000,0,-41.5,0.546097160487288,0,0,0.480091979980469,1.63,0,-5399.92822265625
100000000000000000000004,1,923625000,0,-50.5,4.90873852123405,0,0,0.480091979980469,1.63,0,-5399.92822265625
100000000000000000000004,1,923625000,0,-50.5,4.89033075177942,0,0,0.480091979980469,1.63,0,-5399.92822265625
100000000000000000000003,1,923625000,0,-45,3.51588396583389,0,0,0.480091979980469,1.63,0,-5399.92822265625
100000000000000000000002,1,923625000,0,-41.5,0.521553467881118,0,0,0.480091979980469,1.63,0,-5399.92822265625
100000000000000000000000,1,923625000,0,-65,1.52170894158256,0,0,0.480091979980469,1.63,0,-5399.92822265625
100000000000000000000001,1,923625000,0,-44,3.72450535298634,0,0,0.480091979980469,1.63,0,-5399.92822265625
100000000000000000000000,1,923625000,0,-64.5,1.67510702037112,0,0,0.480091979980469,1.63,0,-5399.92822265625
100000000000000000000002,1,923625000,0,-41.5,0.521553467881118,0,0,0.480091979980469,1.63,0,-5399.92822265625
100000000000000000000004,1,923625000,0,-50.5,4.87805890547634,0,0,0.480091979980469,1.63,0,-5399.92822265625
100000000000000000000003,1,923625000,0,-44.5,3.52815581213697,0,0,0.480091979980469,1.63,0,-5399.92822265625
100000000000000000000001,1,923625000,0,-44,3.73677719928942,0,0,0.480091979980469,1.63,0,-5399.92822265625
100000000000000000000000,1,923625000,0,-64.5,1.5707963267949,0,0,0.480091979980469,1.63,0,-5399.92822265625
100000000000000000000004,1,923625000,0,-50.5,4.90873852123405,0,0,0.480091979980469,1.63,0,-5399.92822265625
100000000000000000000003,1,923625000,0,-45,3.50974804268235,0,0,0.480091979980469,1.63,0,-5399.92822265625
100000000000000000000002,1,923625000,0,-41.5,0.515417544729575,0,0,0.480091979980469,1.63,0,-5399.92822265625
100000000000000000000001,1,923625000,0,-44,3.73064127613788,0,0,0.480091979980469,1.63,0,-5399.92822265625
100000000000000000000003,1,923625000,0,-44.5,3.50974804268235,0,0,0.480091979980469,1.63,0,-5399.92822265625
100000000000000000000001,1,923625000,0,-44,3.74291312244096,0,0,0.480091979980469,1.63,0,-5399.92822265625
100000000000000000000000,1,923625000,0,-65,1.5278448647341,0,0,0.480091979980469,1.63,0,-5399.92822265625
100000000000000000000002,1,923625000,0,-41.5,0.527689391032661,0,0,0.480091979980469,1.63,0,-5399.92822265625
100000000000000000000004,1,923625000,0,-50.5,4.89646667493097,0,0,0.480091979980469,1.63,0,-5399.92822265625
100000000000000000000002,1,923625000,0,-41.5,0.527689391032661,0,0,0.480091979980469,1.63,0,-5399.92822265625
100000000000000000000000,1,923625000,0,-65,1.58306817309798,0,0,0.480091979980469,1.63,0,-5399.92822265625
100000000000000000000003,1,923625000,0,-45,3.49747619637926,0,0,0.480091979980469,1.63,0,-5399.92822265625
100000000000000000000001,1,923625000,0,-44,3.74291312244096,0,0,0.480091979980469,1.63,0,-5399.92822265625
100000000000000000000004,1,923625000,0,-50,4.90260259808251,0,0,0.480091979980469,1.63,0,-5399.92822265625
100000000000000000000001,1,923625000,0,-44.5,3.73064127613788,0,0,0.480091979980469,1.63,0,-5399.92822265625
100000000000000000000004,1,923625000,0,-50.5,4.91487444438559,0,0,0.480091979980469,1.63,0,-5399.92822265625
100000000000000000000000,1,923625000,0,-64.5,1.57693224994644,0,0,0.480091979980469,1.63,0,-5399.92822265625
100000000000000000000002,1,923625000,0,-41.5,0.50314569842649,0,0,0.480091979980469,1.63,0,-5399.92822265625
100000000000000000000003,1,923625000,0,-45,3.5036121195308,0,0,0.480091979980469,1.63,0,-5399.92822265625
100000000000000000000002,1,923625000,0,-41.5,0.521553467881118,0,0,0.480091979980469,1.63,0,-5399.92822265625
100000000000000000000001,1,923625000,0,-44,3.74291312244096,0,0,0.480091979980469,1.63,0,-5399.92822265625
100000000000000000000003,1,923625000,0,-45,3.51588396583389,0,0,0.480091979980469,1.63,0,-5399.92822265625
100000000000000000000000,1,923625000,0,-65,1.60761186570415,0,0,0.480091979980469,1.63,0,-5399.92822265625
100000000000000000000004,1,923625000,0,-50.5,4.89033075177942,0,0,0.480091979980469,1.63,0,-5399.92822265625
100000000000000000000004,1,923625000,0,-50,4.90260259808251,0,0,0.480091979980469,1.63,0,-5399.92822265625
100000000000000000000002,1,923625000,0,-41.5,0.533825314184203,0,0,0.480091979980469,1.63,0,-5399.92822265625
100000000000000000000003,1,923625000,0,-44.5,3.51588396583389,0,0,0.480091979980469,1.63,0,-5399.92822265625
100000000000000000000001,1,923625000,0,-44,3.73677719928942,0,0,0.480091979980469,1.63,0,-5399.92822265625
100000000000000000000000,1,923625000,0,-64.5,1.56466040364335,0,0,0.480091979980469,1.63,0,-5399.92822265625
100000000000000000000004,1,923625000,0,-50,4.87805890547634,0,0,0.480091979980469,1.63,0,-5399.92822265625
100000000000000000000000,1,923625000,0,-65.5,1.65056332776495,0,0,0.480091979980469,1.63,0,-5399.92822265625
100000000000000000000001,1,923625000,0,-44,3.74291312244096,0,0,0.480091979980469,1.63,0,-5399.92822265625
100000000000000000000002,1,923625000,0,-41.5,0.527689391032661,0,0,0.480091979980469,1.63,0,-5399.92822265625
100000000000000000000003,1,923625000,0,-45,3.52201988898543,0,0,0.480091979980469,1.63,0,-5399.92822265625
100000000000000000000001,1,923625000,0,-44,3.72450535298634,0,0,0.480091979980469,1.63,0,-5399.92822265625
100000000000000000000000,1,923625000,0,-64,1.58920409624952,0,0,0.480091979980469,1.63,0,-5399.92822265625
100000000000000000000003,1,923625000,0,-45,3.52815581213697,0,0,0.480091979980469,1.63,0,-5399.92822265625
100000000000000000000002,1,923625000,0,-41.5,0.509281621578033,0,0,0.480091979980469,1.63,0,-5399.92822265625
100000000000000000000004,1,923625000,0,-50.5,4.90873852123405,0,0,0.480091979980469,1.63,0,-5399.92822265625
100000000000000000000003,1,923625000,0,-45,3.50974804268235,0,0,0.480091979980469,1.63,0,-5399.92822265625
100000000000000000000002,1,923625000,0,-41.5,0.509281621578033,0,0,0.480091979980469,1.63,0,-5399.92822265625
100000000000000000000000,1,923625000,0,-64.5,1.61988371200724,0,0,0.480091979980469,1.63,0,-5399.92822265625
100000000000000000000001,1,923625000,0,-44,3.71223350668325,0,0,0.480091979980469,1.63,0,-5399.92822265625
100000000000000000000004,1,923625000,0,-50,4.90260259808251,0,0,0.480091979980469,1.63,0,-5399.92822265625
100000000000000000000004,1,923625000,0,-50.5,4.89646667493097,0,0,0.480091979980469,1.63,0,-5399.92822265625
100000000000000000000001,1,923625000,0,-44.5,3.74291312244096,0,0,0.480091979980469,1.63,0,-5399.92822265625
100000000000000000000003,1,923625000,0,-45,3.50974804268235,0,0,0.480091979980469,1.63,0,-5399.92822265625
100000000000000000000000,1,923625000,0,-64.5,1.60761186570415,0,0,0.480091979980469,1.63,0,-5399.92822265625
100000000000000000000002,1,923625000,0,-41.5,0.515417544729575,0,0,0.480091979980469,1.63,0,-5399.92822265625
100000000000000000000001,1,923625000,0,-44,3.73064127613788,0,0,0.480091979980469,1.63,0,-5399.92822265625
100000000000000000000000,1,923625000,0,-65.5,1.61374778885569,0,0,0.480091979980469,1.63,0,-5399.92822265625
100000000000000000000004,1,923625000,0,-50.5,4.86578705917325,0,0,0.480091979980469,1.63,0,-5399.92822265625
100000000000000000000003,1,923625000,0,-45,3.49747619637926,0,0,0.480091979980469,1.63,0,-5399.92822265625
100000000000000000000002,1,923625000,0,-41.5,0.521553467881118,0,0,0.480091979980469,1.63,0,-5399.92822265625
100000000000000000000004,1,923625000,0,-50.5,4.88419482862788,0,0,0.480091979980469,1.63,0,-5399.92822265625
100000000000000000000000,1,923625000,0,-65,1.56466040364335,0,0,0.480091979980469,1.63,0,-5399.92822265625
100000000000000000000003,1,923625000,0,-45,3.51588396583389,0,0,0.480091979980469,1.63,0,-5399.92822265625
100000000000000000000001,1,923625000,0,-44,3.74291312244096,0,0,0.480091979980469,1.63,0,-5399.92822265625
100000000000000000000002,1,923625000,0,-41.5,0.546097160487288,0,0,0.480091979980469,1.63,0,-5399.92822265625
100000000000000000000001,1,923625000,0,-44,3.74291312244096,0,0,0.480091979980469,1.63,0,-5399.92822265625
100000000000000000000000,1,923625000,0,-65.5,1.54011671103718,0,0,0.480091979980469,1.63,0,-5399.92822265625
100000000000000000000003,1,923625000,0,-45,3.51588396583389,0,0,0.480091979980469,1.63,0,-5399.92822265625
100000000000000000000002,1,923625000,0,-41.5,0.515417544729575,0,0,0.480091979980469,1.63,0,-5399.92822265625
100000000000000000000004,1,923625000,0,-50,4.89033075177942,0,0,0.480091979980469,1.63,0,-5399.92822265625
100000000000000000000002,1,923625000,0,-41.5,0.546097160487288,0,0,0.480091979980469,1.63,0,-5399.92822265625
100000000000000000000003,1,923625000,0,-45,3.52201988898543,0,0,0.480091979980469,1.63,0,-5399.92822265625
100000000000000000000001,1,923625000,0,-44,3.74291312244096,0,0,0.480091979980469,1.63,0,-5399.92822265625
100000000000000000000004,1,923625000,0,-50.5,4.91487444438559,0,0,0.480091979980469,1.63,0,-5399.92822265625
100000000000000000000000,1,923625000,0,-65,1.61988371200724,0,0,0.480091979980469,1.63,0,-5399.92822265625
100000000000000000000001,1,923625000,0,-44,3.75518496874405,0,0,0.480091979980469,1.63,0,-5399.92822265625
100000000000000000000004,1,923625000,0,-50.5,4.86578705917325,0,0,0.480091979980469,1.63,0,-5399.92822265625
100000000000000000000000,1,923625000,0,-64.5,1.63215555831032,0,0,0.480091979980469,1.63,0,-5399.92822265625
100000000000000000000003,1,923625000,0,-45,3.5036121195308,0,0,0.480091979980469,1.63,0,-5399.92822265625
100000000000000000000002,1,923625000,0,-41.5,0.539961237335746,0,0,0.480091979980469,1.63,0,-5399.92822265625
100000000000000000000003,1,923625000,0,-45,3.50974804268235,0,0,0.480091979980469,1.63,0,-5399.92822265625
100000000000000000000001,1,923625000,0,-44,3.72450535298634,0,0,0.480091979980469,1.63,0,-5399.92822265625
100000000000000000000004,1,923625000,0,-50,4.91487444438559,0,0,0.480091979980469,1.63,0,-5399.92822265625
100000000000000000000002,1,923625000,0,-41.5,0.539961237335746,0,0,0.480091979980469,1.63,0,-5399.92822265625
100000000000000000000000,1,923625000,0,-64.5,1.53398078788564,0,0,0.480091979980469,1.63,0,-5399.92822265625
100000000000000000000001,1,923625000,0,-44,3.74904904559251,0,0,0.480091979980469,1.63,0,-5399.92822265625
100000000000000000000002,1,923625000,0,-41.5,0.539961237335746,0,0,0.480091979980469,1.63,0,-5399.92822265625
100000000000000000000000,1,923625000,0,-65.5,1.58306817309798,0,0,0.480091979980469,1.63,0,-5399.92822265625
100000000000000000000003,1,923625000,0,-45,3.51588396583389,0,0,0.480091979980469,1.63,0,-5399.92822265625
100000000000000000000004,1,923625000,0,-50,4.91487444438559,0,0,0.480091979980469,1.63,0,-5399.92822265625
100000000000000000000002,1,923625000,0,-41.5,0.533825314184203,0,0,0.480091979980469,1.63,0,-5399.92822265625
100000000000000000000004,1,923625000,0,-50.5,4.89033075177942,0,0,0.480091979980469,1.63,0,-5399.92822265625
100000000000000000000003,1,923625000,0,-45,3.51588396583389,0,0,0.480091979980469,1.63,0,-5399.92822265625
100000000000000000000001,1,923625000,0,-44,3.71223350668325,0,0,0.480091979980469,1.63,0,-5399.92822265625
100000000000000000000000,1,923625000,0,-65,1.53398078788564,0,0,0.480091979980469,1.63,0,-5399.92822265625
100000000000000000000002,1,923625000,0,-41.5,0.509281621578033,0,0,0.480091979980469,1.63,0,-5399.92822265625
100000000000000000000003,1,923625000,0,-45,3.52201988898543,0,0,0.480091979980469,1.63,0,-5399.92822265625
100000000000000000000000,1,923625000,0,-64.5,1.66283517406803,0,0,0.480091979980469,1.63,0,-5399.92822265625
100000000000000000000004,1,923625000,0,-50.5,4.89646667493097,0,0,0.480091979980469,1.63,0,-5399.92822265625
100000000000000000000001,1,923625000,0,-44,3.71836942983479,0,0,0.480091979980469,1.63,0,-5399.92822265625
100000000000000000000002,1,923625000,0,-41.5,0.509281621578033,0,0,0.480091979980469,1.63,0,-5399.92822265625
100000000000000000000003,1,923625000,0,-45,3.52815581213697,0,0,0.480091979980469,1.63,0,-5399.92822265625
100000000000000000000000,1,923625000,0,-65,1.58306817309798,0,0,0.480091979980469,1.63,0,-5399.92822265625
100000000000000000000001,1,923625000,0,-44,3.74904904559251,0,0,0.480091979980469,1.63,0,-5399.92822265625
100000000000000000000004,1,923625000,0,-50.5,4.88419482862788,0,0,0.480091979980469,1.63,0,-5399.92822265625
100000000000000000000002,1,923625000,0,-41.5,0.50314569842649,0,0,0.480091979980469,1.63,0,-5399.92822265625
100000000000000000000001,1,923625000,0,-44,3.73677719928942,0,0,0.480091979980469,1.63,0,-5399.92822265625
100000000000000000000003,1,923625000,0,-45,3.5036121195308,0,0,0.480091979980469,1.63,0,-5399.92822265625
100000000000000000000004,1,923625000,0,-50.5,4.89646667493097,0,0,0.480091979980469,1.63,0,-5399.92822265625
100000000000000000000000,1,923625000,0,-64.5,1.58306817309798,0,0,0.480091979980469,1.63,0,-5399.92822265625
100000000000000000000004,1,923625000,0,-50,4.91487444438559,0,0,0.480091979980469,1.63,0,-5399.92822265625
100000000000000000000000,1,923625000,0,-64,1.5278448647341,0,0,0.480091979980469,1.63,0,-5399.92822265625
100000000000000000000002,1,923625000,0,-41.5,0.509281621578033,0,0,0.480091979980469,1.63,0,-5399.92822265625
100000000000000000000003,1,923625000,0,-44.5,3.5036121195308,0,0,0.480091979980469,1.63,0,-5399.92822265625
100000000000000000000001,1,923625000,0,-44,3.72450535298634,0,0,0.480091979980469,1.63,0,-5399.92822265625
100000000000000000000004,1,923625000,0,-50.5,4.86578705917325,0,0,0.480091979980469,1.63,0,-5399.92822265625
100000000000000000000002,1,923625000,0,-41.5,0.509281621578033,0,0,0.480091979980469,1.63,0,-5399.92822265625
100000000000000000000001,1,923625000,0,-44,3.73677719928942,0,0,0.480091979980469,1.63,0,-5399.92822265625
100000000000000000000003,1,923625000,0,-45,3.49134027322772,0,0,0.480091979980469,1.63,0,-5399.92822265625
100000000000000000000000,1,923625000,0,-64.5,1.61374778885569,0,0,0.480091979980469,1.63,0,-5399.92822265625
100000000000000000000000,1,923625000,0,-65.5,1.66897109721958,0,0,0.480091979980469,1.63,0,-5399.92822265625
100000000000000000000002,1,923625000,0,-41.5,0.509281621578033,0,0,0.480091979980469,1.63,0,-5399.92822265625
100000000000000000000004,1,923625000,0,-50.5,4.84737928971863,0,0,0.480091979980469,1.63,0,-5399.92822265625
100000000000000000000003,1,923625000,0,-45,3.51588396583389,0,0,0.480091979980469,1.63,0,-5399.92822265625
100000000000000000000001,1,923625000,0,-44,3.73677719928942,0,0,0.480091979980469,1.63,0,-5399.92822265625
100000000000000000000000,1,923625000,0,-65.5,1.63829148146186,0,0,0.480091979980469,1.63,0,-5399.92822265625
100000000000000000000002,1,924125000,0,-42,0.754718547639736,0,0,0.480091979980469,1.63,0,-5399.92822265625
100000000000000000000004,1,924125000,0,-50,5.1603113704473,0,0,0.480091979980469,1.63,0,-5399.92822265625
100000000000000000000001,1,924125000,0,-44.5,3.95153450959341,0,0,0.480091979980469,1.63,0,-5399.92822265625
100000000000000000000003,1,924125000,0,-44.5,3.72450535298634,0,0,0.480091979980469,1.63,0,-5399.92822265625
100000000000000000000003,1,924125000,0,-45,3.72450535298634,0,0,0.480091979980469,1.63,0,-5399.92822265625
100000000000000000000002,1,924125000,0,-42,0.773126317094363,0,0,0.480091979980469,1.63,0,-5399.92822265625
100000000000000000000000,1,924125000,0,-64,1.64442740461341,0,0,0.480091979980469,1.63,0,-5399.92822265625
100000000000000000000001,1,924125000,0,-44.5,3.93312674013878,0,0,0.480091979980469,1.63,0,-5399.92822265625
100000000000000000000004,1,924125000,0,-50,5.17258321675038,0,0,0.480091979980469,1.63,0,-5399.92822265625
100000000000000000000003,1,924125000,0,-45,3.71836942983479,0,0,0.480091979980469,1.63,0,-5399.92822265625
100000000000000000000001,1,924125000,0,-44.5,3.93926266329033,0,0,0.480091979980469,1.63,0,-5399.92822265625
100000000000000000000000,1,924125000,0,-64.5,1.58920409624952,0,0,0.480091979980469,1.63,0,-5399.92822265625
100000000000000000000002,1,924125000,0,-42,0.760854470791278,0,0,0.480091979980469,1.63,0,-5399.92822265625
100000000000000000000004,1,924125000,0,-49.5,5.16644729359884,0,0,0.480091979980469,1.63,0,-5399.92822265625
100000000000000000000002,1,924125000,0,-42,0.785398163397448,0,0,0.480091979980469,1.63,0,-5399.92822265625
100000000000000000000004,1,924125000,0,-50,5.12963175468958,0,0,0.480091979980469,1.63,0,-5399.92822265625
100000000000000000000003,1,924125000,0,-45,3.72450535298634,0,0,0.480091979980469,1.63,0,-5399.92822265625
100000000000000000000001,1,924125000,0,-44.5,3.95767043274495,0,0,0.480091979980469,1.63,0,-5399.92822265625
100000000000000000000000,1,924125000,0,-65,1.53398078788564,0,0,0.480091979980469,1.63,0,-5399.92822265625
100000000000000000000002,1,924125000,0,-42,0.748582624488193,0,0,0.480091979980469,1.63,0,-5399.92822265625
100000000000000000000003,1,924125000,0,-45,3.69996166038017,0,0,0.480091979980469,1.63,0,-5399.92822265625
100000000000000000000000,1,924125000,0,-64.5,1.49716524897639,0,0,0.480091979980469,1.63,0,-5399.92822265625
100000000000000000000004,1,924125000,0,-49.5,5.13576767784113,0,0,0.480091979980469,1.63,0,-5399.92822265625
100000000000000000000001,1,924125000,0,-44.5,3.93312674013878,0,0,0.480091979980469,1.63,0,-5399.92822265625
100000000000000000000004,1,924125000,0,-49.5,5.15417544729575,0,0,0.480091979980469,1.63,0,-5399.92822265625
100000000000000000000002,1,924125000,0,-42,0.785398163397448,0,0,0.480091979980469,1.63,0,-5399.92822265625
100000000000000000000003,1,924125000,0,-45,3.71836942983479,0,0,0.480091979980469,1.63,0,-5399.92822265625
100000000000000000000001,1,924125000,0,-44.5,3.94539858644187,0,0,0.480091979980469,1.63,0,-5399.92822265625
100000000000000000000000,1,924125000,0,-64,1.54011671103718,0,0,0.480091979980469,1.63,0,-5399.92822265625
100000000000000000000004,1,924125000,0,-49.5,5.15417544729575,0,0,0.480091979980469,1.63,0,-5399.92822265625
100000000000000000000001,1,924125000,0,-44.5,3.93312674013878,0,0,0.480091979980469,1.63,0,-5399.92822265625
100000000000000000000002,1,924125000,0,-42,0.754718547639736,0,0,0.480091979980469,1.63,0,-5399.92822265625
100000000000000000000000,1,924125000,0,-64,1.51557301843101,0,0,0.480091979980469,1.63,0,-5399.92822265625
100000000000000000000003,1,924125000,0,-44.5,3.72450535298634,0,0,0.480091979980469,1.63,0,-5399.92822265625
100000000000000000000000,1,924125000,0,-64,1.54011671103718,0,0,0.480091979980469,1.63,0,-5399.92822265625
100000000000000000000002,1,924125000,0,-42,0.773126317094363,0,0,0.480091979980469,1.63,0,-5399.92822265625
100000000000000000000003,1,924125000,0,-45,3.69996166038017,0,0,0.480091979980469,1.63,0,-5399.92822265625
100000000000000000000004,1,924125000,0,-49.5,5.14190360099267,0,0,0.480091979980469,1.63,0,-5399.92822265625
100000000000000000000001,1,924125000,0,-44.5,3.93312674013878,0,0,0.480091979980469,1.63,0,-5399.92822265625
100000000000000000000003,1,924125000,0,-45,3.70609758353171,0,0,0.480091979980469,1.63,0,-5399.92822265625
100000000000000000000002,1,924125000,0,-42,0.748582624488193,0,0,0.480091979980469,1.63,0,-5399.92822265625
100000000000000000000000,1,924125000,0,-64,1.60761186570415,0,0,0.480091979980469,1.63,0,-5399.92822265625
100000000000000000000004,1,924125000,0,-50,5.1603113704473,0,0,0.480091979980469,1.63,0,-5399.92822265625
100000000000000000000001,1,924125000,0,-44.5,3.94539858644187,0,0,0.480091979980469,1.63,0,-5399.92822265625
100000000000000000000000,1,924125000,0,-64,1.54011671103718,0,0,0.480091979980469,1.63,0,-5399.92822265625
100000000000000000000004,1,924125000,0,-50,5.11122398523496,0,0,0.480091979980469,1.63,0,-5399.92822265625
100000000000000000000003,1,924125000,0,-44.5,3.74291312244096,0,0,0.480091979980469,1.63,0,-5399.92822265625
100000000000000000000002,1,924125000,0,-42,0.785398163397448,0,0,0.480091979980469,1.63,0,-5399.92822265625
100000000000000000000001,1,924125000,0,-44.5,3.93312674013878,0,0,0.480091979980469,1.63,0,-5399.92822265625
100000000000000000000002,1,924125000,0,-42,0.76699039394282,0,0,0.480091979980469,1.63,0,-5399.92822265625
100000000000000000000001,1,924125000,0,-44.5,3.95153450959341,0,0,0.480091979980469,1.63,0,-5399.92822265625
100000000000000000000003,1,924125000,0,-45,3.71836942983479,0,0,0.480091979980469,1.63,0,-5399.92822265625
100000000000000000000000,1,924125000,0,-64.5,1.54011671103718,0,0,0.480091979980469,1.63,0,-5399.92822265625
100000000000000000000004,1,924125000,0,-49.5,5.14803952414421,0,0,0.480091979980469,1.63,0,-5399.92822265625
100000000000000000000000,1,924125000,0,-64.5,1.49716524897639,0,0,0.480091979980469,1.63,0,-5399.92822265625
100000000000000000000002,1,924125000,0,-42,0.760854470791278,0,0,0.480091979980469,1.63,0,-5399.92822265625
100000000000000000000003,1,924125000,0,-45,3.71836942983479,0,0,0.480091979980469,1.63,0,-5399.92822265625
100000000000000000000004,1,924125000,0,-49.5,5.1173599083865,0,0,0.480091979980469,1.63,0,-5399.92822265625
100000000000000000000001,1,924125000,0,-44.5,3.92699081698724,0,0,0.480091979980469,1.63,0,-5399.92822265625
100000000000000000000002,1,924125000,0,-42,0.748582624488193,0,0,0.480091979980469,1.63,0,-5399.92822265625
100000000000000000000004,1,924125000,0,-49.5,5.14803952414421,0,0,0.480091979980469,1.63,0,-5399.92822265625
100000000000000000000001,1,924125000,0,-44.5,3.92699081698724,0,0,0.480091979980469,1.63,0,-5399.92822265625
100000000000000000000000,1,924125000,0,-64,1.4848934026733,0,0,0.480091979980469,1.63,0,-5399.92822265625
100000000000000000000003,1,924125000,0,-45,3.73064127613788,0,0,0.480091979980469,1.63,0,-5399.92822265625
100000000000000000000004,1,924125000,0,-50,5.13576767784113,0,0,0.480091979980469,1.63,0,-5399.92822265625
100000000000000000000002,1,924125000,0,-42,0.773126317094363,0,0,0.480091979980469,1.63,0,-5399.92822265625
100000000000000000000000,1,924125000,0,-64.5,1.45421378691559,0,0,0.480091979980469,1.63,0,-5399.92822265625
100000000000000000000001,1,924125000,0,-44.5,3.93926266329033,0,0,0.480091979980469,1.63,0,-5399.92822265625
100000000000000000000003,1,924125000,0,-45,3.71836942983479,0,0,0.480091979980469,1.63,0,-5399.92822265625
100000000000000000000002,1,924125000,0,-42,0.760854470791278,0,0,0.480091979980469,1.63,0,-5399.92822265625
100000000000000000000001,1,924125000,0,-44.5,3.95767043274495,0,0,0.480091979980469,1.63,0,-5399.92822265625
100000000000000000000000,1,924125000,0,-64.5,1.55852448049181,0,0,0.480091979980469,1.63,0,-5399.92822265625
100000000000000000000003,1,924125000,0,-44.5,3.72450535298634,0,0,0.480091979980469,1.63,0,-5399.92822265625
100000000000000000000004,1,924125000,0,-50,5.12963175468958,0,0,0.480091979980469,1.63,0,-5399.92822265625
100000000000000000000004,1,924125000,0,-50,5.14803952414421,0,0,0.480091979980469,1.63,0,-5399.92822265625
100000000000000000000002,1,924125000,0,-42,0.797670009700534,0,0,0.480091979980469,1.63,0,-5399.92822265625
100000000000000000000003,1,924125000,0,-45,3.73064127613788,0,0,0.480091979980469,1.63,0,-5399.92822265625
100000000000000000000001,1,924125000,0,-44.5,3.9638063558965,0,0,0.480091979980469,1.63,0,-5399.92822265625
100000000000000000000000,1,924125000,0,-64.5,1.59534001940107,0,0,0.480091979980469,1.63,0,-5399.92822265625
100000000000000000000002,1,924125000,0,-42,0.760854470791278,0,0,0.480091979980469,1.63,0,-5399.92822265625
100000000000000000000003,1,924125000,0,-45,3.71223350668325,0,0,0.480091979980469,1.63,0,-5399.92822265625
100000000000000000000001,1,924125000,0,-44.5,3.9208548938357,0,0,0.480091979980469,1.63,0,-5399.92822265625
100000000000000000000004,1,924125000,0,-50,5.14190360099267,0,0,0.480091979980469,1.63,0,-5399.92822265625
100000000000000000000000,1,924125000,0,-64.5,1.5278448647341,0,0,0.480091979980469,1.63,0,-5399.92822265625
100000000000000000000004,1,924125000,0,-50,5.12963175468958,0,0,0.480091979980469,1.63,0,-5399.92822265625
100000000000000000000001,1,924125000,0,-44.5,3.93926266329033,0,0,0.480091979980469,1.63,0,-5399.92822265625
100000000000000000000002,1,924125000,0,-42,0.754718547639736,0,0,0.480091979980469,1.63,0,-5399.92822265625
100000000000000000000003,1,924125000,0,-45,3.73064127613788,0,0,0.480091979980469,1.63,0,-5399.92822265625
100000000000000000000000,1,924125000,0,-64.5,1.52170894158256,0,0,0.480091979980469,1.63,0,-5399.92822265625
100000000000000000000003,1,924125000,0,-45,3.71836942983479,0,0,0.480091979980469,1.63,0,-5399.92822265625
100000000000000000000001,1,924125000,0,-44.5,3.94539858644187,0,0,0.480091979980469,1.63,0,-5399.92822265625
100000000000000000000002,1,924125000,0,-42,0.773126317094363,0,0,0.480091979980469,1.63,0,-5399.92822265625
100000000000000000000004,1,924125000,0,-49.5,5.12963175468958,0,0,0.480091979980469,1.63,0,-5399.92822265625
100000000000000000000000,1,924125000,0,-64,1.62601963515878,0,0,0.480091979980469,1.63,0,-5399.92822265625
100000000000000000000003,1,924125000,0,-44.5,3.72450535298634,0,0,0.480091979980469,1.63,0,-5399.92822265625
100000000000000000000002,1,924125000,0,-42,0.779262240245906,0,0,0.480091979980469,1.63,0,-5399.92822265625
100000000000000000000001,1,924125000,0,-44.5,3.95153450959341,0,0,0.480091979980469,1.63,0,-5399.92822265625
100000000000000000000004,1,924125000,0,-50,5.15417544729575,0,0,0.480091979980469,1.63,0,-5399.92822265625
100000000000000000000000,1,924125000,0,-64,1.55238855734027,0,0,0.480091979980469,1.63,0,-5399.92822265625
100000000000000000000002,1,924125000,0,-42,0.779262240245906,0,0,0.480091979980469,1.63,0,-5399.92822265625
100000000000000000000003,1,924125000,0,-44.5,3.73677719928942,0,0,0.480091979980469,1.63,0,-5399.92822265625
100000000000000000000000,1,924125000,0,-64.5,1.42967009430942,0,0,0.480091979980469,1.63,0,-5399.92822265625
100000000000000000000001,1,924125000,0,-44.5,3.92699081698724,0,0,0.480091979980469,1.63,0,-5399.92822265625
100000000000000000000004,1,924125000,0,-50,5.12963175468958,0,0,0.480091979980469,1.63,0,-5399.92822265625
100000000000000000000003,1,924125000,0,-45,3.71223350668325,0,0,0.480091979980469,1.63,0,-5399.92822265625
100000000000000000000002,1,924125000,0,-42,0.779262240245906,0,0,0.480091979980469,1.63,0,-5399.92822265625
100000000000000000000001,1,924125000,0,-44.5,3.9208548938357,0,0,0.480091979980469,1.63,0,-5399.92822265625
100000000000000000000004,1,924125000,0,-50,5.14190360099267,0,0,0.480091979980469,1.63,0,-5399.92822265625
100000000000000000000000,1,924125000,0,-64,1.60147594255261,0,0,0.480091979980469,1.63,0,-5399.92822265625
100000000000000000000000,1,924125000,0,-64.5,1.56466040364335,0,0,0.480091979980469,1.63,0,-5399.92822265625
100000000000000000000004,1,924125000,0,-49.5,5.1603113704473,0,0,0.480091979980469,1.63,0,-5399.92822265625
100000000000000000000001,1,924125000,0,-44.5,3.94539858644187,0,0,0.480091979980469,1.63,0,-5399.92822265625
100000000000000000000003,1,924125000,0,-44.5,3.72450535298634,0,0,0.480091979980469,1.63,0,-5399.92822265625
100000000000000000000002,1,924125000,0,-42,0.773126317094363,0,0,0.480091979980469,1.63,0,-5399.92822265625
100000000000000000000004,1,924125000,0,-49.5,5.13576767784113,0,0,0.480091979980469,1.63,0,-5399.92822265625
100000000000000000000002,1,924125000,0,-42,0.76699039394282,0,0,0.480091979980469,1.63,0,-5399.92822265625
100000000000000000000003,1,924125000,0,-45,3.72450535298634,0,0,0.480091979980469,1.63,0,-5399.92822265625
100000000000000000000001,1,924125000,0,-44.5,3.95153450959341,0,0,0.480091979980469,1.63,0,-5399.92822265625
100000000000000000000000,1,924125000,0,-64,1.57693224994644,0,0,0.480091979980469,1.63,0,-5399.92822265625
100000000000000000000000,1,924125000,0,-64,1.5278448647341,0,0,0.480091979980469,1.63,0,-5399.92822265625
100000000000000000000001,1,924125000,0,-44.5,3.93926266329033,0,0,0.480091979980469,1.63,0,-5399.92822265625
100000000000000000000003,1,924125000,0,-45,3.71836942983479,0,0,0.480091979980469,1.63,0,-5399.92822265625
100000000000000000000002,1,924125000,0,-42,0.760854470791278,0,0,0.480091979980469,1.63,0,-5399.92822265625
100000000000000000000004,1,924125000,0,-49.5,5.15417544729575,0,0,0.480091979980469,1.63,0,-5399.92822265625
100000000000000000000001,1,924125000,0,-44.5,3.92699081698724,0,0,0.480091979980469,1.63,0,-5399.92822265625
100000000000000000000003,1,924125000,0,-44.5,3.72450535298634,0,0,0.480091979980469,1.63,0,-5399.92822265625
100000000000000000000002,1,924125000,0,-42,0.760854470791278,0,0,0.480091979980469,1.63,0,-5399.92822265625
100000000000000000000000,1,924125000,0,-64.5,1.4848934026733,0,0,0.480091979980469,1.63,0,-5399.92822265625
100000000000000000000004,1,924125000,0,-50,5.13576767784113,0,0,0.480091979980469,1.63,0,-5399.92822265625
100000000000000000000002,1,924125000,0,-42,0.74244670133665,0,0,0.480091979980469,1.63,0,-5399.92822265625
100000000000000000000001,1,924125000,0,-44.5,3.93312674013878,0,0,0.480091979980469,1.63,0,-5399.92822265625
100000000000000000000004,1,924125000,0,-50,5.1603113704473,0,0,0.480091979980469,1.63,0,-5399.92822265625
100000000000000000000003,1,924125000,0,-45,3.71223350668325,0,0,0.480091979980469,1.63,0,-5399.92822265625
100000000000000000000000,1,924125000,0,-64,1.60147594255261,0,0,0.480091979980469,1.63,0,-5399.92822265625
100000000000000000000000,1,924125000,0,-63.5,1.47262155637022,0,0,0.480091979980469,1.63,0,-5399.92822265625
100000000000000000000001,1,924125000,0,-44.5,3.93312674013878,0,0,0.480091979980469,1.63,0,-5399.92822265625
100000000000000000000003,1,924125000,0,-44.5,3.72450535298634,0,0,0.480091979980469,1.63,0,-5399.92822265625
100000000000000000000004,1,924125000,0,-50,5.16644729359884,0,0,0.480091979980469,1.63,0,-5399.92822265625
100000000000000000000002,1,924125000,0,-42,0.779262240245906,0,0,0.480091979980469,1.63,0,-5399.92822265625
100000000000000000000004,1,924125000,0,-49.5,5.14190360099267,0,0,0.480091979980469,1.63,0,-5399.92822265625
100000000000000000000003,1,924125000,0,-44.5,3.72450535298634,0,0,0.480091979980469,1.63,0,-5399.92822265625
100000000000000000000002,1,924125000,0,-42,0.748582624488193,0,0,0.480091979980469,1.63,0,-5399.92822265625
100000000000000000000000,1,924125000,0,-64,1.45421378691559,0,0,0.480091979980469,1.63,0,-5399.92822265625
100000000000000000000001,1,924125000,0,-44.5,3.92699081698724,0,0,0.480091979980469,1.63,0,-5399.92822265625
100000000000000000000001,1,924125000,0,-44.5,3.93926266329033,0,0,0.480091979980469,1.63,0,-5399.92822265625
100000000000000000000004,1,924125000,0,-50,5.16644729359884,0,0,0.480091979980469,1.63,0,-5399.92822265625
100000000000000000000002,1,924125000,0,-42,0.779262240245906,0,0,0.480091979980469,1.63,0,-5399.92822265625
100000000000000000000003,1,924125000,0,-45,3.73064127613788,0,0,0.480091979980469,1.63,0,-5399.92822265625
100000000000000000000000,1,924125000,0,-64.5,1.50330117212793,0,0,0.480091979980469,1.63,0,-5399.92822265625
100000000000000000000002,1,924125000,0,-42,0.773126317094363,0,0,0.480091979980469,1.63,0,-5399.92822265625
100000000000000000000004,1,924125000,0,-49.5,5.13576767784113,0,0,0.480091979980469,1.63,0,-5399.92822265625
100000000000000000000001,1,924125000,0,-44.5,3.9208548938357,0,0,0.480091979980469,1.63,0,-5399.92822265625
100000000000000000000003,1,924125000,0,-45,3.71836942983479,0,0,0.480091979980469,1.63,0,-5399.92822265625
100000000000000000000000,1,924125000,0,-64.5,1.5278448647341,0,0,0.480091979980469,1.63,0,-5399.92822265625
100000000000000000000004,1,924125000,0,-50,5.09895213893187,0,0,0.480091979980469,1.63,0,-5399.92822265625
100000000000000000000000,1,924125000,0,-64,1.50330117212793,0,0,0.480091979980469,1.63,0,-5399.92822265625
100000000000000000000002,1,924125000,0,-42,0.773126317094363,0,0,0.480091979980469,1.63,0,-5399.92822265625
100000000000000000000003,1,924125000,0,-45,3.71836942983479,0,0,0.480091979980469,1.63,0,-5399.92822265625
100000000000000000000001,1,924125000,0,-44.5,3.93312674013878,0,0,0.480091979980469,1.63,0,-5399.92822265625
100000000000000000000001,1,924125000,0,-44.5,3.93312674013878,0,0,0.480091979980469,1.63,0,-5399.92822265625
100000000000000000000002,1,924125000,0,-42,0.773126317094363,0,0,0.480091979980469,1.63,0,-5399.92822265625
100000000000000000000003,1,924125000,0,-45,3.73677719928942,0,0,0.480091979980469,1.63,0,-5399.92822265625
100000000000000000000000,1,924125000,0,-64,1.50943709527947,0,0,0.480091979980469,1.63,0,-5399.92822265625
100000000000000000000004,1,924125000,0,-49.5,5.1603113704473,0,0,0.480091979980469,1.63,0,-5399.92822265625
100000000000000000000000,1,924125000,0,-64,1.58920409624952,0,0,0.480091979980469,1.63,0,-5399.92822265625
100000000000000000000004,1,924125000,0,-50,5.16644729359884,0,0,0.480091979980469,1.63,0,-5399.92822265625
100000000000000000000003,1,924125000,0,-45,3.72450535298634,0,0,0.480091979980469,1.63,0,-5399.92822265625
100000000000000000000002,1,924125000,0,-42,0.773126317094363,0,0,0.480091979980469,1.63,0,-5399.92822265625
100000000000000000000001,1,924125000,0,-44.5,3.9208548938357,0,0,0.480091979980469,1.63,0,-5399.92822265625
100000000000000000000003,1,924125000,0,-45,3.71223350668325,0,0,0.480091979980469,1.63,0,-5399.92822265625
100000000000000000000004,1,924125000,0,-50,5.17871913990192,0,0,0.480091979980469,1.63,0,-5399.92822265625
100000000000000000000000,1,924125000,0,-64,1.50943709527947,0,0,0.480091979980469,1.63,0,-5399.92822265625
100000000000000000000002,1,924125000,0,-42,0.773126317094363,0,0,0.480091979980469,1.63,0,-5399.92822265625
100000000000000000000001,1,924125000,0,-44.5,3.94539858644187,0,0,0.480091979980469,1.63,0,-5399.92822265625
100000000000000000000004,1,924125000,0,-50,5.14190360099267,0,0,0.480091979980469,1.63,0,-5399.92822265625
100000000000000000000003,1,924125000,0,-45,3.72450535298634,0,0,0.480091979980469,1.63,0,-5399.92822265625
100000000000000000000001,1,924125000,0,-44.5,3.95153450959341,0,0,0.480091979980469,1.63,0,-5399.92822265625
100000000000000000000002,1,924125000,0,-42,0.760854470791278,0,0,0.480091979980469,1.63,0,-5399.92822265625
100000000000000000000000,1,924125000,0,-64.5,1.50943709527947,0,0,0.480091979980469,1.63,0,-5399.92822265625
100000000000000000000002,1,924125000,0,-42,0.785398163397448,0,0,0.480091979980469,1.63,0,-5399.92822265625
100000000000000000000000,1,924125000,0,-64.5,1.58920409624952,0,0,0.480091979980469,1.63,0,-5399.92822265625
100000000000000000000003,1,924125000,0,-44.5,3.72450535298634,0,0,0.480091979980469,1.63,0,-5399.92822265625
100000000000000000000004,1,924125000,0,-49.5,5.14190360099267,0,0,0.480091979980469,1.63,0,-5399.92822265625
100000000000000000000001,1,924125000,0,-44.5,3.94539858644187,0,0,0.480091979980469,1.63,0,-5399.92822265625
100000000000000000000000,1,924125000,0,-64.5,1.52170894158256,0,0,0.480091979980469,1.63,0,-5399.92822265625
100000000000000000000003,1,924125000,0,-45,3.71223350668325,0,0,0.480091979980469,1.63,0,-5399.92822265625
100000000000000000000001,1,924125000,0,-44.5,3.93312674013878,0,0,0.480091979980469,1.63,0,-5399.92822265625
100000000000000000000004,1,924125000,0,-49.5,5.12349583153804,0,0,0.480091979980469,1.63,0,-5399.92822265625
100000000000000000000002,1,924125000,0,-42,0.754718547639736,0,0,0.480091979980469,1.63,0,-5399.92822265625
100000000000000000000002,1,924125000,0,-42,0.785398163397448,0,0,0.480091979980469,1.63,0,-5399.92822265625
100000000000000000000003,1,924125000,0,-45,3.71836942983479,0,0,0.480091979980469,1.63,0,-5399.92822265625
100000000000000000000001,1,924125000,0,-44.5,3.93926266329033,0,0,0.480091979980469,1.63,0,-5399.92822265625
100000000000000000000004,1,924125000,0,-49.5,5.15417544729575,0,0,0.480091979980469,1.63,0,-5399.92822265625
100000000000000000000000,1,924125000,0,-64,1.55238855734027,0,0,0.480091979980469,1.63,0,-5399.92822265625
100000000000000000000003,1,924125000,0,-45,3.71836942983479,0,0,0.480091979980469,1.63,0,-5399.92822265625
100000000000000000000001,1,924125000,0,-44.5,3.92699081698724,0,0,0.480091979980469,1.63,0,-5399.92822265625
100000000000000000000002,1,924125000,0,-42,0.773126317094363,0,0,0.480091979980469,1.63,0,-5399.92822265625
100000000000000000000004,1,924125000,0,-50,5.16644729359884,0,0,0.480091979980469,1.63,0,-5399.92822265625
100000000000000000000000,1,924125000,0,-64.5,1.50943709527947,0,0,0.480091979980469,1.63,0,-5399.92822265625
100000000000000000000000,1,924125000,0,-64.5,1.56466040364335,0,0,0.480091979980469,1.63,0,-5399.92822265625
100000000000000000000004,1,924125000,0,-49.5,5.14190360099267,0,0,0.480091979980469,1.63,0,-5399.92822265625
100000000000000000000003,1,924125000,0,-45,3.69996166038017,0,0,0.480091979980469,1.63,0,-5399.92822265625
100000000000000000000002,1,924125000,0,-42,0.760854470791278,0,0,0.480091979980469,1.63,0,-5399.92822265625
100000000000000000000001,1,924125000,0,-44.5,3.92699081698724,0,0,0.480091979980469,1.63,0,-5399.92822265625
100000000000000000000001,1,924125000,0,-44.5,3.94539858644187,0,0,0.480091979980469,1.63,0,-5399.92822265625
100000000000000000000000,1,924125000,0,-64.5,1.68124294352266,0,0,0.480091979980469,1.63,0,-5399.92822265625
100000000000000000000003,1,924125000,0,-44.5,3.70609758353171,0,0,0.480091979980469,1.63,0,-5399.92822265625
100000000000000000000004,1,924125000,0,-49.5,5.14803952414421,0,0,0.480091979980469,1.63,0,-5399.92822265625
100000000000000000000002,1,924125000,0,-42,0.76699039394282,0,0,0.480091979980469,1.63,0,-5399.92822265625
100000000000000000000003,1,924125000,0,-45,3.72450535298634,0,0,0.480091979980469,1.63,0,-5399.92822265625
100000000000000000000001,1,924125000,0,-44.5,3.95153450959341,0,0,0.480091979980469,1.63,0,-5399.92822265625
100000000000000000000004,1,924125000,0,-50,5.14803952414421,0,0,0.480091979980469,1.63,0,-5399.92822265625
100000000000000000000000,1,924125000,0,-64,1.49716524897639,0,0,0.480091979980469,1.63,0,-5399.92822265625
100000000000000000000002,1,924125000,0,-42,0.779262240245906,0,0,0.480091979980469,1.63,0,-5399.92822265625
100000000000000000000004,1,924125000,0,-50,5.13576767784113,0,0,0.480091979980469,1.63,0,-5399.92822265625
100000000000000000000000,1,924125000,0,-64.5,1.50330117212793,0,0,0.480091979980469,1.63,0,-5399.92822265625
100000000000000000000002,1,924125000,0,-42,0.754718547639736,0,0,0.480091979980469,1.63,0,-5399.92822265625
100000000000000000000003,1,924125000,0,-45,3.72450535298634,0,0,0.480091979980469,1.63,0,-5399.92822265625
100000000000000000000001,1,924125000,0,-44.5,3.93926266329033,0,0,0.480091979980469,1.63,0,-5399.92822265625
100000000000000000000001,1,924125000,0,-44.5,3.95153450959341,0,0,0.480091979980469,1.63,0,-5399.92822265625
100000000000000000000002,1,924125000,0,-42,0.730174855033566,0,0,0.480091979980469,1.63,0,-5399.92822265625
100000000000000000000000,1,924125000,0,-64.5,1.61988371200724,0,0,0.480091979980469,1.63,0,-5399.92822265625
100000000000000000000003,1,924125000,0,-45,3.72450535298634,0,0,0.480091979980469,1.63,0,-5399.92822265625
100000000000000000000004,1,924125000,0,-50,5.15417544729575,0,0,0.480091979980469,1.63,0,-5399.92822265625
100000000000000000000003,1,924125000,0,-44.5,3.71223350668325,0,0,0.480091979980469,1.63,0,-5399.92822265625
100000000000000000000002,1,924125000,0,-42,0.748582624488193,0,0,0.480091979980469,1.63,0,-5399.92822265625
100000000000000000000000,1,924125000,0,-64,1.60147594255261,0,0,0.480091979980469,1.63,0,-5399.92822265625
100000000000000000000001,1,924125000,0,-44.5,3.92699081698724,0,0,0.480091979980469,1.63,0,-5399.92822265625
100000000000000000000004,1,924125000,0,-49.5,5.14190360099267,0,0,0.480091979980469,1.63,0,-5399.92822265625
100000000000000000000003,1,924125000,0,-44.5,3.71836942983479,0,0,0.480091979980469,1.63,0,-5399.92822265625
100000000000000000000002,1,924125000,0,-42,0.791534086548991,0,0,0.480091979980469,1.63,0,-5399.92822265625
100000000000000000000001,1,924125000,0,-44.5,3.94539858644187,0,0,0.480091979980469,1.63,0,-5399.92822265625
100000000000000000000000,1,924125000,0,-64.5,1.50943709527947,0,0,0.480091979980469,1.63,0,-5399.92822265625
100000000000000000000004,1,924125000,0,-50,5.15417544729575,0,0,0.480091979980469,1.63,0,-5399.92822265625
100000000000000000000002,1,924125000,0,-42,0.754718547639736,0,0,0.480091979980469,1.63,0,-5399.92822265625
100000000000000000000001,1,924125000,0,-44.5,3.9208548938357,0,0,0.480091979980469,1.63,0,-5399.92822265625
100000000000000000000003,1,924125000,0,-44.5,3.71836942983479,0,0,0.480091979980469,1.63,0,-5399.92822265625
100000000000000000000004,1,924125000,0,-50,5.14190360099267,0,0,0.480091979980469,1.63,0,-5399.92822265625
100000000000000000000000,1,924125000,0,-65,1.58920409624952,0,0,0.480091979980469,1.63,0,-5399.92822265625
100000000000000000000000,1,924125000,0,-65,1.4848934026733,0,0,0.480091979980469,1.63,0,-5399.92822265625
100000000000000000000001,1,924125000,0,-44.5,3.95153450959341,0,0,0.480091979980469,1.63,0,-5399.92822265625
100000000000000000000003,1,924125000,0,-44.5,3.73064127613788,0,0,0.480091979980469,1.63,0,-5399.92822265625
100000000000000000000002,1,924125000,0,-42,0.773126317094363,0,0,0.480091979980469,1.63,0,-5399.92822265625
100000000000000000000004,1,924125000,0,-49.5,5.1603113704473,0,0,0.480091979980469,1.63,0,-5399.92822265625
100000000000000000000003,1,924125000,0,-44.5,3.72450535298634,0,0,0.480091979980469,1.63,0,-5399.92822265625
100000000000000000000002,1,924125000,0,-42,0.773126317094363,0,0,0.480091979980469,1.63,0,-5399.92822265625
100000000000000000000004,1,924125000,0,-49.5,5.1603113704473,0,0,0.480091979980469,1.63,0,-5399.92822265625
100000000000000000000001,1,924125000,0,-44.5,3.93312674013878,0,0,0.480091979980469,1.63,0,-5399.92822265625
100000000000000000000000,1,924125000,0,-64,1.41739824800633,0,0,0.480091979980469,1.63,0,-5399.92822265625
100000000000000000000003,1,924125000,0,-44.5,3.73064127613788,0,0,0.480091979980469,1.63,0,-5399.92822265625
100000000000000000000002,1,924125000,0,-42,0.754718547639736,0,0,0.480091979980469,1.63,0,-5399.92822265625
100000000000000000000004,1,924125000,0,-49.5,5.12349583153804,0,0,0.480091979980469,1.63,0,-5399.92822265625
100000000000000000000001,1,924125000,0,-44.5,3.95153450959341,0,0,0.480091979980469,1.63,0,-5399.92822265625
100000000000000000000000,1,924125000,0,-64.5,1.51557301843101,0,0,0.480091979980469,1.63,0,-5399.92822265625
100000000000000000000004,1,924125000,0,-50,5.17871913990192,0,0,0.480091979980469,1.63,0,-5399.92822265625
100000000000000000000002,1,924125000,0,-42,0.754718547639736,0,0,0.480091979980469,1.63,0,-5399.92822265625
100000000000000000000003,1,924125000,0,-44.5,3.71223350668325,0,0,0.480091979980469,1.63,0,-5399.92822265625
100000000000000000000001,1,924125000,0,-44.5,3.92699081698724,0,0,0.480091979980469,1.63,0,-5399.92822265625
100000000000000000000000,1,924125000,0,-64,1.49716524897639,0,0,0.480091979980469,1.63,0,-5399.92822265625
100000000000000000000003,1,924125000,0,-44.5,3.73064127613788,0,0,0.480091979980469,1.63,0,-5399.92822265625
100000000000000000000001,1,924125000,0,-44.5,3.95153450959341,0,0,0.480091979980469,1.63,0,-5399.92822265625
100000000000000000000004,1,924125000,0,-49.5,5.16644729359884,0,0,0.480091979980469,1.63,0,-5399.92822265625
100000000000000000000002,1,924125000,0,-42,0.779262240245906,0,0,0.480091979980469,1.63,0,-5399.92822265625
100000000000000000000000,1,924125000,0,-64,1.54625263418873,0,0,0.480091979980469,1.63,0,-5399.92822265625
100000000000000000000003,1,924125000,0,-45,3.72450535298634,0,0,0.480091979980469,1.63,0,-5399.92822265625
100000000000000000000000,1,924125000,0,-64.5,1.47262155637022,0,0,0.480091979980469,1.63,0,-5399.92822265625
100000000000000000000004,1,924125000,0,-49.5,5.13576767784113,0,0,0.480091979980469,1.63,0,-5399.92822265625
100000000000000000000002,1,924125000,0,-42,0.785398163397448,0,0,0.480091979980469,1.63,0,-5399.92822265625
100000000000000000000001,1,924125000,0,-44.5,3.94539858644187,0,0,0.480091979980469,1.63,0,-5399.92822265625
100000000000000000000003,1,924125000,0,-44.5,3.72450535298634,0,0,0.480091979980469,1.63,0,-5399.92822265625
100000000000000000000001,1,924125000,0,-44.5,3.94539858644187,0,0,0.480091979980469,1.63,0,-5399.92822265625
100000000000000000000000,1,924125000,0,-64,1.44807786376405,0,0,0.480091979980469,1.63,0,-5399.92822265625
100000000000000000000002,1,924125000,0,-42,0.779262240245906,0,0,0.480091979980469,1.63,0,-5399.92822265625
100000000000000000000004,1,924125000,0,-50,5.14190360099267,0,0,0.480091979980469,1.63,0,-5399.92822265625
100000000000000000000004,1,924125000,0,-49.5,5.14190360099267,0,0,0.480091979980469,1.63,0,-5399.92822265625
100000000000000000000001,1,924125000,0,-44.5,3.93926266329033,0,0,0.480091979980469,1.63,0,-5399.92822265625
100000000000000000000003,1,924125000,0,-45,3.73064127613788,0,0,0.480091979980469,1.63,0,-5399.92822265625
100000000000000000000002,1,924125000,0,-42,0.785398163397448,0,0,0.480091979980469,1.63,0,-5399.92822265625
100000000000000000000000,1,924125000,0,-64,1.49716524897639,0,0,0.480091979980469,1.63,0,-5399.92822265625
100000000000000000000003,1,924125000,0,-45,3.73677719928942,0,0,0.480091979980469,1.63,0,-5399.92822265625
100000000000000000000004,1,924125000,0,-49.5,5.14803952414421,0,0,0.480091979980469,1.63,0,-5399.92822265625
100000000000000000000001,1,924125000,0,-44.5,3.92699081698724,0,0,0.480091979980469,1.63,0,-5399.92822265625
100000000000000000000002,1,924125000,0,-42,0.74244670133665,0,0,0.480091979980469,1.63,0,-5399.92822265625
100000000000000000000000,1,924125000,0,-64,1.42353417115787,0,0,0.480091979980469,1.63,0,-5399.92822265625
100000000000000000000003,1,924125000,0,-45,3.71223350668325,0,0,0.480091979980469,1.63,0,-5399.92822265625
100000000000000000000000,1,924125000,0,-64.5,1.5278448647341,0,0,0.480091979980469,1.63,0,-5399.92822265625
100000000000000000000004,1,924125000,0,-49.5,5.12349583153804,0,0,0.480091979980469,1.63,0,-5399.92822265625
100000000000000000000002,1,924125000,0,-42,0.779262240245906,0,0,0.480091979980469,1.63,0,-5399.92822265625
100000000000000000000001,1,924125000,0,-44.5,3.94539858644187,0,0,0.480091979980469,1.63,0,-5399.92822265625
100000000000000000000003,1,924125000,0,-44.5,3.72450535298634,0,0,0.480091979980469,1.63,0,-5399.92822265625
100000000000000000000002,1,924125000,0,-42,0.760854470791278,0,0,0.480091979980469,1.63,0,-5399.92822265625
100000000000000000000001,1,924125000,0,-44.5,3.93312674013878,0,0,0.480091979980469,1.63,0,-5399.92822265625
100000000000000000000004,1,924125000,0,-49.5,5.1173599083865,0,0,0.480091979980469,1.63,0,-5399.92822265625
100000000000000000000000,1,924125000,0,-64.5,1.56466040364335,0,0,0.480091979980469,1.63,0,-5399.92822265625
100000000000000000000003,1,924125000,0,-44.5,3.71836942983479,0,0,0.480091979980469,1.63,0,-5399.92822265625
100000000000000000000001,1,924125000,0,-44.5,3.9638063558965,0,0,0.480091979980469,1.63,0,-5399.92822265625
100000000000000000000002,1,924125000,0,-42,0.785398163397448,0,0,0.480091979980469,1.63,0,-5399.92822265625
100000000000000000000000,1,924125000,0,-64,1.54011671103718,0,0,0.480091979980469,1.63,0,-5399.92822265625
100000000000000000000004,1,924125000,0,-49.5,5.15417544729575,0,0,0.480091979980469,1.63,0,-5399.92822265625
100000000000000000000002,1,924125000,0,-42,0.779262240245906,0,0,0.480091979980469,1.63,0,-5399.92822265625
100000000000000000000004,1,924125000,0,-49.5,5.12963175468958,0,0,0.480091979980469,1.63,0,-5399.92822265625
100000000000000000000003,1,924125000,0,-44.5,3.72450535298634,0,0,0.480091979980469,1.63,0,-5399.92822265625
100000000000000000000001,1,924125000,0,-44.5,3.94539858644187,0,0,0.480091979980469,1.63,0,-5399.92822265625
100000000000000000000000,1,924125000,0,-64,1.63215555831032,0,0,0.480091979980469,1.63,0,-5399.92822265625
100000000000000000000004,1,924125000,0,-49.5,5.12349583153804,0,0,0.480091979980469,1.63,0,-5399.92822265625
100000000000000000000001,1,924125000,0,-44.5,3.9208548938357,0,0,0.480091979980469,1.63,0,-5399.92822265625
100000000000000000000002,1,924125000,0,-42,0.779262240245906,0,0,0.480091979980469,1.63,0,-5399.92822265625
100000000000000000000003,1,924125000,0,-44.5,3.70609758353171,0,0,0.480091979980469,1.63,0,-5399.92822265625
100000000000000000000000,1,924125000,0,-64,1.49716524897639,0,0,0.480091979980469,1.63,0,-5399.92822265625
100000000000000000000002,1,924125000,0,-42,0.748582624488193,0,0,0.480091979980469,1.63,0,-5399.92822265625
100000000000000000000001,1,924125000,0,-44.5,3.93312674013878,0,0,0.480091979980469,1.63,0,-5399.92822265625
100000000000000000000004,1,924125000,0,-49.5,5.13576767784113,0,0,0.480091979980469,1.63,0,-5399.92822265625
100000000000000000000003,1,924125000,0,-45,3.72450535298634,0,0,0.480091979980469,1.63,0,-5399.92822265625
100000000000000000000000,1,924125000,0,-64.5,1.50330117212793,0,0,0.480091979980469,1.63,0,-5399.92822265625
100000000000000000000001,1,924125000,0,-44.5,3.93926266329033,0,0,0.480091979980469,1.63,0,-5399.92822265625
100000000000000000000004,1,924125000,0,-49.5,5.14190360099267,0,0,0.480091979980469,1.63,0,-5399.92822265625
100000000000000000000002,1,924125000,0,-42,0.76699039394282,0,0,0.480091979980469,1.63,0,-5399.92822265625
100000000000000000000000,1,924125000,0,-64.5,1.58306817309798,0,0,0.480091979980469,1.63,0,-5399.92822265625
100000000000000000000003,1,924125000,0,-44.5,3.74291312244096,0,0,0.480091979980469,1.63,0,-5399.92822265625
100000000000000000000004,1,924125000,0,-50,5.14190360099267,0,0,0.480091979980469,1.63,0,-5399.92822265625
100000000000000000000001,1,924125000,0,-44.5,3.93312674013878,0,0,0.480091979980469,1.63,0,-5399.92822265625
100000000000000000000000,1,924125000,0,-64.5,1.45421378691559,0,0,0.480091979980469,1.63,0,-5399.92822265625
100000000000000000000003,1,924125000,0,-45,3.71836942983479,0,0,0.480091979980469,1.63,0,-5399.92822265625
100000000000000000000002,1,924125000,0,-42,0.754718547639736,0,0,0.480091979980469,1.63,0,-5399.92822265625
100000000000000000000002,1,924125000,0,-42,0.74244670133665,0,0,0.480091979980469,1.63,0,-5399.92822265625
100000000000000000000003,1,924125000,0,-44.5,3.70609758353171,0,0,0.480091979980469,1.63,0,-5399.92822265625
100000000000000000000001,1,924125000,0,-44.5,3.93312674013878,0,0,0.480091979980469,1.63,0,-5399.92822265625
100000000000000000000000,1,924125000,0,-64.5,1.5278448647341,0,0,0.480091979980469,1.63,0,-5399.92822265625
100000000000000000000004,1,924125000,0,-50,5.13576767784113,0,0,0.480091979980469,1.63,0,-5399.92822265625
100000000000000000000000,1,924125000,0,-64.5,1.4848934026733,0,0,0.480091979980469,1.63,0,-5399.92822265625
100000000000000000000001,1,924125000,0,-44.5,3.93312674013878,0,0,0.480091979980469,1.63,0,-5399.92822265625
100000000000000000000004,1,924125000,0,-50,5.15417544729575,0,0,0.480091979980469,1.63,0,-5399.92822265625
100000000000000000000002,1,924125000,0,-42,0.754718547639736,0,0,0.480091979980469,1.63,0,-5399.92822265625
100000000000000000000003,1,924125000,0,-45,3.71223350668325,0,0,0.480091979980469,1.63,0,-5399.92822265625
100000000000000000000002,1,924125000,0,-42,0.748582624488193,0,0,0.480091979980469,1.63,0,-5399.92822265625
100000000000000000000003,1,924125000,0,-45,3.71223350668325,0,0,0.480091979980469,1.63,0,-5399.92822265625
100000000000000000000004,1,924125000,0,-49.5,5.14803952414421,0,0,0.480091979980469,1.63,0,-5399.92822265625
100000000000000000000001,1,924125000,0,-44.5,3.93926266329033,0,0,0.480091979980469,1.63,0,-5399.92822265625
100000000000000000000000,1,924125000,0,-64.5,1.34376717018782,0,0,0.480091979980469,1.63,0,-5399.92822265625
100000000000000000000002,1,924125000,0,-42,0.779262240245906,0,0,0.480091979980469,1.63,0,-5399.92822265625
100000000000000000000003,1,924125000,0,-44.5,3.73064127613788,0,0,0.480091979980469,1.63,0,-5399.92822265625
100000000000000000000004,1,924125000,0,-50,5.14190360099267,0,0,0.480091979980469,1.63,0,-5399.92822265625
100000000000000000000001,1,924125000,0,-44.5,3.93312674013878,0,0,0.480091979980469,1.63,0,-5399.92822265625
100000000000000000000000,1,924125000,0,-64,1.61374778885569,0,0,0.480091979980469,1.63,0,-5399.92822265625
100000000000000000000003,1,924125000,0,-45,3.73677719928942,0,0,0.480091979980469,1.63,0,-5399.92822265625
100000000000000000000004,1,924125000,0,-50,5.12963175468958,0,0,0.480091979980469,1.63,0,-5399.92822265625
100000000000000000000001,1,924125000,0,-44.5,3.9208548938357,0,0,0.480091979980469,1.63,0,-5399.92822265625
100000000000000000000000,1,924125000,0,-65,1.61374778885569,0,0,0.480091979980469,1.63,0,-5399.92822265625
100000000000000000000002,1,924125000,0,-42,0.754718547639736,0,0,0.480091979980469,1.63,0,-5399.92822265625
100000000000000000000004,1,924125000,0,-50,5.15417544729575,0,0,0.480091979980469,1.63,0,-5399.92822265625
100000000000000000000002,1,924125000,0,-42,0.748582624488193,0,0,0.480091979980469,1.63,0,-5399.92822265625
100000000000000000000001,1,924125000,0,-44.5,3.9208548938357,0,0,0.480091979980469,1.63,0,-5399.92822265625
100000000000000000000003,1,924125000,0,-44.5,3.73677719928942,0,0,0.480091979980469,1.63,0,-5399.92822265625
100000000000000000000000,1,924125000,0,-64.5,1.54011671103718,0,0,0.480091979980469,1.63,0,-5399.92822265625
100000000000000000000004,1,924125000,0,-50,5.12963175468958,0,0,0.480091979980469,1.63,0,-5399.92822265625
100000000000000000000002,1,924125000,0,-42,0.748582624488193,0,0,0.480091979980469,1.63,0,-5399.92822265625
100000000000000000000000,1,924125000,0,-64,1.65669925091649,0,0,0.480091979980469,1.63,0,-5399.92822265625
100000000000000000000003,1,924125000,0,-45,3.71836942983479,0,0,0.480091979980469,1.63,0,-5399.92822265625
100000000000000000000001,1,924125000,0,-44.5,3.94539858644187,0,0,0.480091979980469,1.63,0,-5399.92822265625
100000000000000000000003,1,924125000,0,-45,3.71836942983479,0,0,0.480091979980469,1.63,0,-5399.92822265625
100000000000000000000002,1,924125000,0,-42,0.76699039394282,0,0,0.480091979980469,1.63,0,-5399.92822265625
100000000000000000000001,1,924125000,0,-44.5,3.95153450959341,0,0,0.480091979980469,1.63,0,-5399.92822265625
100000000000000000000000,1,924125000,0,-64,1.46648563321867,0,0,0.480091979980469,1.63,0,-5399.92822265625
100000000000000000000004,1,924125000,0,-49.5,5.13576767784113,0,0,0.480091979980469,1.63,0,-5399.92822265625
100000000000000000000003,1,924125000,0,-45,3.73677719928942,0,0,0.480091979980469,1.63,0,-5399.92822265625
100000000000000000000002,1,924125000,0,-42,0.773126317094363,0,0,0.480091979980469,1.63,0,-5399.92822265625
100000000000000000000001,1,924125000,0,-44.5,3.93926266329033,0,0,0.480091979980469,1.63,0,-5399.92822265625
100000000000000000000004,1,924125000,0,-49.5,5.14803952414421,0,0,0.480091979980469,1.63,0,-5399.92822265625
100000000000000000000000,1,924125000,0,-64,1.59534001940107,0,0,0.480091979980469,1.63,0,-5399.92822265625
100000000000000000000003,1,924125000,0,-45,3.71836942983479,0,0,0.480091979980469,1.63,0,-5399.92822265625
100000000000000000000000,1,924125000,0,-64.5,1.55852448049181,0,0,0.480091979980469,1.63,0,-5399.92822265625
100000000000000000000004,1,924125000,0,-49.5,5.14803952414421,0,0,0.480091979980469,1.63,0,-5399.92822265625
100000000000000000000002,1,924125000,0,-42,0.754718547639736,0,0,0.480091979980469,1.63,0,-5399.92822265625
100000000000000000000001,1,924125000,0,-44.5,3.95153450959341,0,0,0.480091979980469,1.63,0,-5399.92822265625
100000000000000000000001,1,924125000,0,-44.5,3.93926266329033,0,0,0.480091979980469,1.63,0,-5399.92822265625
100000000000000000000002,1,924125000,0,-42,0.785398163397448,0,0,0.480091979980469,1.63,0,-5399.92822265625
100000000000000000000004,1,924125000,0,-50,5.14190360099267,0,0,0.480091979980469,1.63,0,-5399.92822265625
100000000000000000000003,1,924125000,0,-45,3.72450535298634,0,0,0.480091979980469,1.63,0,-5399.92822265625
100000000000000000000000,1,924125000,0,-64.5,1.58920409624952,0,0,0.480091979980469,1.63,0,-5399.92822265625
100000000000000000000002,1,924125000,0,-42,0.76699039394282,0,0,0.480091979980469,1.63,0,-5399.92822265625
100000000000000000000004,1,924125000,0,-50,5.14803952414421,0,0,0.480091979980469,1.63,0,-5399.92822265625
100000000000000000000001,1,924125000,0,-44.5,3.94539858644187,0,0,0.480091979980469,1.63,0,-5399.92822265625
100000000000000000000003,1,924125000,0,-45,3.71223350668325,0,0,0.480091979980469,1.63,0,-5399.92822265625
100000000000000000000000,1,924125000,0,-64,1.61988371200724,0,0,0.480091979980469,1.63,0,-5399.92822265625
100000000000000000000001,1,924125000,0,-44.5,3.94539858644187,0,0,0.480091979980469,1.63,0,-5399.92822265625
100000000000000000000000,1,924125000,0,-64,1.51557301843101,0,0,0.480091979980469,1.63,0,-5399.92822265625
100000000000000000000004,1,924125000,0,-49.5,5.15417544729575,0,0,0.480091979980469,1.63,0,-5399.92822265625
100000000000000000000002,1,924125000,0,-42,0.76699039394282,0,0,0.480091979980469,1.63,0,-5399.92822265625
100000000000000000000003,1,924125000,0,-45,3.72450535298634,0,0,0.480091979980469,1.63,0,-5399.92822265625
100000000000000000000000,1,924125000,0,-64,1.53398078788564,0,0,0.480091979980469,1.63,0,-5399.92822265625
100000000000000000000002,1,924125000,0,-42,0.754718547639736,0,0,0.480091979980469,1.63,0,-5399.92822265625
100000000000000000000001,1,924125000,0,-44.5,3.9638063558965,0,0,0.480091979980469,1.63,0,-5399.92822265625
100000000000000000000004,1,924125000,0,-50,5.15417544729575,0,0,0.480091979980469,1.63,0,-5399.92822265625
100000000000000000000003,1,924125000,0,-45,3.71836942983479,0,0,0.480091979980469,1.63,0,-5399.92822265625
100000000000000000000001,1,924125000,0,-44.5,3.94539858644187,0,0,0.480091979980469,1.63,0,-5399.92822265625
100000000000000000000003,1,924125000,0,-45,3.72450535298634,0,0,0.480091979980469,1.63,0,-5399.92822265625
100000000000000000000000,1,924125000,0,-64,1.5278448647341,0,0,0.480091979980469,1.63,0,-5399.92822265625
100000000000000000000002,1,924125000,0,-42,0.76699039394282,0,0,0.480091979980469,1.63,0,-5399.92822265625
100000000000000000000004,1,924125000,0,-50,5.14190360099267,0,0,0.480091979980469,1.63,0,-5399.92822265625
100000000000000000000002,1,924125000,0,-42,0.779262240245906,0,0,0.480091979980469,1.63,0,-5399.92822265625
100000000000000000000004,1,924125000,0,-49.5,5.13576767784113,0,0,0.480091979980469,1.63,0,-5399.92822265625
100000000000000000000003,1,924125000,0,-45,3.73677719928942,0,0,0.480091979980469,1.63,0,-5399.92822265625
100000000000000000000001,1,924125000,0,-44.5,3.92699081698724,0,0,0.480091979980469,1.63,0,-5399.92822265625
100000000000000000000000,1,924125000,0,-64,1.55852448049181,0,0,0.480091979980469,1.63,0,-5399.92822265625
100000000000000000000003,1,924125000,0,-45,3.72450535298634,0,0,0.480091979980469,1.63,0,-5399.92822265625
100000000000000000000000,1,924125000,0,-65,1.55852448049181,0,0,0.480091979980469,1.63,0,-5399.92822265625
100000000000000000000001,1,924125000,0,-44.5,3.93312674013878,0,0,0.480091979980469,1.63,0,-5399.92822265625
100000000000000000000002,1,924125000,0,-42,0.773126317094363,0,0,0.480091979980469,1.63,0,-5399.92822265625
100000000000000000000004,1,924125000,0,-49.5,5.12963175468958,0,0,0.480091979980469,1.63,0,-5399.92822265625
100000000000000000000001,1,924125000,0,-44.5,3.95767043274495,0,0,0.480091979980469,1.63,0,-5399.92822265625
100000000000000000000003,1,924125000,0,-44.5,3.73677719928942,0,0,0.480091979980469,1.63,0,-5399.92822265625
100000000000000000000004,1,924125000,0,-49.5,5.15417544729575,0,0,0.480091979980469,1.63,0,-5399.92822265625
100000000000000000000002,1,924125000,0,-42,0.785398163397448,0,0,0.480091979980469,1.63,0,-5399.92822265625
100000000000000000000000,1,924125000,0,-64,1.54011671103718,0,0,0.480091979980469,1.63,0,-5399.92822265625
100000000000000000000003,1,924125000,0,-44.5,3.71836942983479,0,0,0.480091979980469,1.63,0,-5399.92822265625
100000000000000000000004,1,924125000,0,-49.5,5.15417544729575,0,0,0.480091979980469,1.63,0,-5399.92822265625
100000000000000000000001,1,924125000,0,-44.5,3.93926266329033,0,0,0.480091979980469,1.63,0,-5399.92822265625
100000000000000000000002,1,924125000,0,-42,0.736310778185108,0,0,0.480091979980469,1.63,0,-5399.92822265625
100000000000000000000000,1,924125000,0,-64,1.60147594255261,0,0,0.480091979980469,1.63,0,-5399.92822265625
100000000000000000000004,1,924125000,0,-49.5,5.14190360099267,0,0,0.480091979980469,1.63,0,-5399.92822265625
100000000000000000000003,1,924125000,0,-45,3.72450535298634,0,0,0.480091979980469,1.63,0,-5399.92822265625
100000000000000000000002,1,924125000,0,-42,0.785398163397448,0,0,0.480091979980469,1.63,0,-5399.92822265625
100000000000000000000001,1,924125000,0,-44.5,3.93312674013878,0,0,0.480091979980469,1.63,0,-5399.92822265625
100000000000000000000000,1,924125000,0,-64.5,1.59534001940107,0,0,0.480091979980469,1.63,0,-5399.92822265625
100000000000000000000002,1,924125000,0,-42,0.779262240245906,0,0,0.480091979980469,1.63,0,-5399.92822265625
100000000000000000000004,1,924125000,0,-49.5,5.09281621578033,0,0,0.480091979980469,1.63,0,-5399.92822265625
100000000000000000000003,1,924125000,0,-45,3.70609758353171,0,0,0.480091979980469,1.63,0,-5399.92822265625
100000000000000000000000,1,924125000,0,-64.5,1.54625263418873,0,0,0.480091979980469,1.63,0,-5399.92822265625
100000000000000000000001,1,924125000,0,-44.5,3.93926266329033,0,0,0.480091979980469,1.63,0,-5399.92822265625
100000000000000000000000,1,924125000,0,-64.5,1.50943709527947,0,0,0.480091979980469,1.63,0,-5399.92822265625
100000000000000000000002,1,924125000,0,-42,0.748582624488193,0,0,0.480091979980469,1.63,0,-5399.92822265625
100000000000000000000003,1,924125000,0,-44.5,3.73064127613788,0,0,0.480091979980469,1.63,0,-5399.92822265625
100000000000000000000004,1,924125000,0,-49.5,5.12963175468958,0,0,0.480091979980469,1.63,0,-5399.92822265625
100000000000000000000001,1,924125000,0,-44.5,3.9208548938357,0,0,0.480091979980469,1.63,0,-5399.92822265625
100000000000000000000000,1,924125000,0,-64,1.51557301843101,0,0,0.480091979980469,1.63,0,-5399.92822265625
100000000000000000000002,1,924125000,0,-42,0.748582624488193,0,0,0.480091979980469,1.63,0,-5399.92822265625
100000000000000000000001,1,924125000,0,-44.5,3.95767043274495,0,0,0.480091979980469,1.63,0,-5399.92822265625
100000000000000000000003,1,924125000,0,-44.5,3.73064127613788,0,0,0.480091979980469,1.63,0,-5399.92822265625
100000000000000000000004,1,924125000,0,-49.5,5.14190360099267,0,0,0.480091979980469,1.63,0,-5399.92822265625
100000000000000000000004,1,924125000,0,-50,5.16644729359884,0,0,0.480091979980469,1.63,0,-5399.92822265625
100000000000000000000002,1,924125000,0,-42,0.748582624488193,0,0,0.480091979980469,1.63,0,-5399.92822265625
100000000000000000000000,1,924125000,0,-64.5,1.57693224994644,0,0,0.480091979980469,1.63,0,-5399.92822265625
100000000000000000000003,1,924125000,0,-45,3.71836942983479,0,0,0.480091979980469,1.63,0,-5399.92822265625
100000000000000000000001,1,924125000,0,-44.5,3.95767043274495,0,0,0.480091979980469,1.63,0,-5399.92822265625
100000000000000000000002,1,924125000,0,-42,0.773126317094363,0,0,0.480091979980469,1.63,0,-5399.92822265625
100000000000000000000003,1,924125000,0,-45,3.72450535298634,0,0,0.480091979980469,1.63,0,-5399.92822265625
100000000000000000000001,1,924125000,0,-44.5,3.95153450959341,0,0,0.480091979980469,1.63,0,-5399.92822265625
100000000000000000000000,1,924125000,0,-64.5,1.57693224994644,0,0,0.480091979980469,1.63,0,-5399.92822265625
100000000000000000000004,1,924125000,0,-49.5,5.12963175468958,0,0,0.480091979980469,1.63,0,-5399.92822265625
100000000000000000000004,1,924125000,0,-50,5.13576767784113,0,0,0.480091979980469,1.63,0,-5399.92822265625
100000000000000000000000,1,924125000,0,-64,1.52170894158256,0,0,0.480091979980469,1.63,0,-5399.92822265625
100000000000000000000002,1,924125000,0,-42,0.754718547639736,0,0,0.480091979980469,1.63,0,-5399.92822265625
100000000000000000000001,1,924125000,0,-44.5,3.94539858644187,0,0,0.480091979980469,1.63,0,-5399.92822265625
100000000000000000000003,1,924125000,0,-45,3.71836942983479,0,0,0.480091979980469,1.63,0,-5399.92822265625
100000000000000000000001,1,924125000,0,-44.5,3.94539858644187,0,0,0.480091979980469,1.63,0,-5399.92822265625
100000000000000000000000,1,924125000,0,-64.5,1.46648563321867,0,0,0.480091979980469,1.63,0,-5399.92822265625
100000000000000000000003,1,924125000,0,-44.5,3.73064127613788,0,0,0.480091979980469,1.63,0,-5399.92822265625
100000000000000000000004,1,924125000,0,-49.5,5.1603113704473,0,0,0.480091979980469,1.63,0,-5399.92822265625
100000000000000000000002,1,924125000,0,-42,0.779262240245906,0,0,0.480091979980469,1.63,0,-5399.92822265625
100000000000000000000002,1,924125000,0,-42,0.760854470791278,0,0,0.480091979980469,1.63,0,-5399.92822265625
100000000000000000000001,1,924125000,0,-44.5,3.93926266329033,0,0,0.480091979980469,1.63,0,-5399.92822265625
100000000000000000000000,1,924125000,0,-64,1.58920409624952,0,0,0.480091979980469,1.63,0,-5399.92822265625
100000000000000000000003,1,924125000,0,-45,3.72450535298634,0,0,0.480091979980469,1.63,0,-5399.92822265625
100000000000000000000004,1,924125000,0,-50,5.14803952414421,0,0,0.480091979980469,1.63,0,-5399.92822265625
100000000000000000000002,1,924125000,0,-42,0.74244670133665,0,0,0.480091979980469,1.63,0,-5399.92822265625
100000000000000000000004,1,924125000,0,-50,5.13576767784113,0,0,0.480091979980469,1.63,0,-5399.92822265625
100000000000000000000000,1,924125000,0,-64.5,1.47262155637022,0,0,0.480091979980469,1.63,0,-5399.92822265625
100000000000000000000001,1,924125000,0,-44.5,3.93926266329033,0,0,0.480091979980469,1.63,0,-5399.92822265625
100000000000000000000003,1,924125000,0,-45,3.73064127613788,0,0,0.480091979980469,1.63,0,-5399.92822265625
100000000000000000000002,1,924125000,0,-42,0.785398163397448,0,0,0.480091979980469,1.63,0,-5399.92822265625
100000000000000000000001,1,924125000,0,-44.5,3.94539858644187,0,0,0.480091979980469,1.63,0,-5399.92822265625
100000000000000000000003,1,924125000,0,-45,3.72450535298634,0,0,0.480091979980469,1.63,0,-5399.92822265625
100000000000000000000004,1,924125000,0,-50,5.12963175468958,0,0,0.480091979980469,1.63,0,-5399.92822265625
100000000000000000000000,1,924125000,0,-64.5,1.53398078788564,0,0,0.480091979980469,1.63,0,-5399.92822265625
100000000000000000000004,1,924125000,0,-49.5,5.14190360099267,0,0,0.480091979980469,1.63,0,-5399.92822265625
100000000000000000000000,1,924125000,0,-64.5,1.55852448049181,0,0,0.480091979980469,1.63,0,-5399.92822265625
100000000000000000000002,1,924125000,0,-42,0.779262240245906,0,0,0.480091979980469,1.63,0,-5399.92822265625
100000000000000000000003,1,924125000,0,-45,3.73064127613788,0,0,0.480091979980469,1.63,0,-5399.92822265625
100000000000000000000001,1,924125000,0,-44.5,3.92699081698724,0,0,0.480091979980469,1.63,0,-5399.92822265625
100000000000000000000003,1,924125000,0,-45,3.72450535298634,0,0,0.480091979980469,1.63,0,-5399.92822265625
100000000000000000000000,1,924125000,0,-64,1.54011671103718,0,0,0.480091979980469,1.63,0,-5399.92822265625
100000000000000000000004,1,924125000,0,-50,5.13576767784113,0,0,0.480091979980469,1.63,0,-5399.92822265625
100000000000000000000001,1,924125000,0,-44.5,3.95153450959341,0,0,0.480091979980469,1.63,0,-5399.92822265625
100000000000000000000002,1,924125000,0,-42,0.76699039394282,0,0,0.480091979980469,1.63,0,-5399.92822265625
100000000000000000000002,1,924125000,0,-42,0.754718547639736,0,0,0.480091979980469,1.63,0,-5399.92822265625
100000000000000000000000,1,924125000,0,-64,1.58306817309798,0,0,0.480091979980469,1.63,0,-5399.92822265625
100000000000000000000001,1,924125000,0,-44.5,3.95767043274495,0,0,0.480091979980469,1.63,0,-5399.92822265625
100000000000000000000003,1,924125000,0,-44.5,3.72450535298634,0,0,0.480091979980469,1.63,0,-5399.92822265625
100000000000000000000004,1,924125000,0,-50,5.17871913990192,0,0,0.480091979980469,1.63,0,-5399.92822265625
100000000000000000000000,1,924125000,0,-64,1.43580601746096,0,0,0.480091979980469,1.63,0,-5399.92822265625
100000000000000000000002,1,924125000,0,-42,0.748582624488193,0,0,0.480091979980469,1.63,0,-5399.92822265625
100000000000000000000003,1,924125000,0,-44.5,3.74904904559251,0,0,0.480091979980469,1.63,0,-5399.92822265625
100000000000000000000001,1,924125000,0,-44.5,3.9208548938357,0,0,0.480091979980469,1.63,0,-5399.92822265625
100000000000000000000004,1,924125000,0,-49.5,5.1603113704473,0,0,0.480091979980469,1.63,0,-5399.92822265625
100000000000000000000001,1,924125000,0,-44.5,3.95153450959341,0,0,0.480091979980469,1.63,0,-5399.92822265625
100000000000000000000003,1,924125000,0,-44.5,3.73064127613788,0,0,0.480091979980469,1.63,0,-5399.92822265625
100000000000000000000004,1,924125000,0,-49.5,5.14803952414421,0,0,0.480091979980469,1.63,0,-5399.92822265625
100000000000000000000002,1,924125000,0,-42,0.760854470791278,0,0,0.480091979980469,1.63,0,-5399.92822265625
100000000000000000000000,1,924125000,0,-64,1.47875747952176,0,0,0.480091979980469,1.63,0,-5399.92822265625
100000000000000000000001,1,924125000,0,-44.5,3.94539858644187,0,0,0.480091979980469,1.63,0,-5399.92822265625
100000000000000000000003,1,924125000,0,-45,3.71223350668325,0,0,0.480091979980469,1.63,0,-5399.92822265625
100000000000000000000002,1,924125000,0,-42,0.760854470791278,0,0,0.480091979980469,1.63,0,-5399.92822265625
100000000000000000000004,1,924125000,0,-50,5.12349583153804,0,0,0.480091979980469,1.63,0,-5399.92822265625
100000000000000000000000,1,924125000,0,-64.5,1.5278448647341,0,0,0.480091979980469,1.63,0,-5399.92822265625
100000000000000000000000,1,924125000,0,-64,1.5278448647341,0,0,0.480091979980469,1.63,0,-5399.92822265625
100000000000000000000003,1,924125000,0,-45,3.73064127613788,0,0,0.480091979980469,1.63,0,-5399.92822265625
100000000000000000000002,1,924125000,0,-42,0.785398163397448,0,0,0.480091979980469,1.63,0,-5399.92822265625
100000000000000000000001,1,924125000,0,-44.5,3.95153450959341,0,0,0.480091979980469,1.63,0,-5399.92822265625
100000000000000000000004,1,924125000,0,-49.5,5.16644729359884,0,0,0.480091979980469,1.63,0,-5399.92822265625
100000000000000000000002,1,924125000,0,-42,0.754718547639736,0,0,0.480091979980469,1.63,0,-5399.92822265625
100000000000000000000001,1,924125000,0,-44.5,3.93926266329033,0,0,0.480091979980469,1.63,0,-5399.92822265625
100000000000000000000004,1,924125000,0,-50,5.13576767784113,0,0,0.480091979980469,1.63,0,-5399.92822265625
100000000000000000000000,1,924125000,0,-64,1.45421378691559,0,0,0.480091979980469,1.63,0,-5399.92822265625
100000000000000000000003,1,924125000,0,-45,3.72450535298634,0,0,0.480091979980469,1.63,0,-5399.92822265625
100000000000000000000003,1,924125000,0,-45,3.73064127613788,0,0,0.480091979980469,1.63,0,-5399.92822265625
100000000000000000000002,1,924125000,0,-42,0.754718547639736,0,0,0.480091979980469,1.63,0,-5399.92822265625
100000000000000000000000,1,924125000,0,-64.5,1.58920409624952,0,0,0.480091979980469,1.63,0,-5399.92822265625
100000000000000000000001,1,924125000,0,-44.5,3.9638063558965,0,0,0.480091979980469,1.63,0,-5399.92822265625
100000000000000000000004,1,924125000,0,-50,5.12963175468958,0,0,0.480091979980469,1.63,0,-5399.92822265625
100000000000000000000002,1,924125000,0,-42,0.779262240245906,0,0,0.480091979980469,1.63,0,-5399.92822265625
100000000000000000000001,1,924125000,0,-44.5,3.93312674013878,0,0,0.480091979980469,1.63,0,-5399.92822265625
100000000000000000000004,1,924125000,0,-49.5,5.1603113704473,0,0,0.480091979980469,1.63,0,-5399.92822265625
100000000000000000000003,1,924125000,0,-45,3.71836942983479,0,0,0.480091979980469,1.63,0,-5399.92822265625
100000000000000000000000,1,924125000,0,-64,1.5707963267949,0,0,0.480091979980469,1.63,0,-5399.92822265625
100000000000000000000001,1,924125000,0,-44.5,3.93926266329033,0,0,0.480091979980469,1.63,0,-5399.92822265625
100000000000000000000004,1,924125000,0,-49.5,5.13576767784113,0,0,0.480091979980469,1.63,0,-5399.92822265625
100000000000000000000002,1,924125000,0,-42,0.773126317094363,0,0,0.480091979980469,1.63,0,-5399.92822265625
100000000000000000000003,1,924125000,0,-44.5,3.73064127613788,0,0,0.480091979980469,1.63,0,-5399.92822265625
100000000000000000000000,1,924125000,0,-64.5,1.4848934026733,0,0,0.480091979980469,1.63,0,-5399.92822265625
100000000000000000000003,1,924125000,0,-45,3.71223350668325,0,0,0.480091979980469,1.63,0,-5399.92822265625
100000000000000000000002,1,924125000,0,-42,0.748582624488193,0,0,0.480091979980469,1.63,0,-5399.92822265625
100000000000000000000004,1,924125000,0,-50,5.14190360099267,0,0,0.480091979980469,1.63,0,-5399.92822265625
100000000000000000000001,1,924125000,0,-44.5,3.93312674013878,0,0,0.480091979980469,1.63,0,-5399.92822265625
100000000000000000000000,1,924125000,0,-64,1.50943709527947,0,0,0.480091979980469,1.63,0,-5399.92822265625
100000000000000000000002,1,924125000,0,-42,0.76699039394282,0,0,0.480091979980469,1.63,0,-5399.92822265625
100000000000000000000004,1,924125000,0,-50,5.14803952414421,0,0,0.480091979980469,1.63,0,-5399.92822265625
100000000000000000000003,1,924125000,0,-44.5,3.71223350668325,0,0,0.480091979980469,1.63,0,-5399.92822265625
100000000000000000000001,1,924125000,0,-44.5,3.94539858644187,0,0,0.480091979980469,1.63,0,-5399.92822265625
100000000000000000000000,1,924125000,0,-64,1.53398078788564,0,0,0.480091979980469,1.63,0,-5399.92822265625
100000000000000000000001,1,924125000,0,-44.5,3.93926266329033,0,0,0.480091979980469,1.63,0,-5399.92822265625
100000000000000000000003,1,924125000,0,-45,3.73677719928942,0,0,0.480091979980469,1.63,0,-5399.92822265625
100000000000000000000000,1,924125000,0,-64,1.5707963267949,0,0,0.480091979980469,1.63,0,-5399.92822265625
100000000000000000000004,1,924125000,0,-49.5,5.1603113704473,0,0,0.480091979980469,1.63,0,-5399.92822265625
100000000000000000000002,1,924125000,0,-42,0.76699039394282,0,0,0.480091979980469,1.63,0,-5399.92822265625
100000000000000000000002,1,924125000,0,-42,0.754718547639736,0,0,0.480091979980469,1.63,0,-5399.92822265625
100000000000000000000001,1,924125000,0,-44.5,3.93926266329033,0,0,0.480091979980469,1.63,0,-5399.92822265625
100000000000000000000004,1,924125000,0,-50,5.14190360099267,0,0,0.480091979980469,1.63,0,-5399.92822265625
100000000000000000000003,1,924125000,0,-44.5,3.69996166038017,0,0,0.480091979980469,1.63,0,-5399.92822265625
100000000000000000000000,1,924125000,0,-64.5,1.4848934026733,0,0,0.480091979980469,1.63,0,-5399.92822265625
100000000000000000000004,1,924125000,0,-49.5,5.12963175468958,0,0,0.480091979980469,1.63,0,-5399.92822265625
100000000000000000000000,1,924125000,0,-64,1.52170894158256,0,0,0.480091979980469,1.63,0,-5399.92822265625
100000000000000000000003,1,924125000,0,-45,3.73064127613788,0,0,0.480091979980469,1.63,0,-5399.92822265625
100000000000000000000002,1,924125000,0,-42,0.779262240245906,0,0,0.480091979980469,1.63,0,-5399.92822265625
100000000000000000000001,1,924125000,0,-44.5,3.93926266329033,0,0,0.480091979980469,1.63,0,-5399.92822265625
100000000000000000000004,1,924125000,0,-50,5.13576767784113,0,0,0.480091979980469,1.63,0,-5399.92822265625
100000000000000000000002,1,924125000,0,-42,0.779262240245906,0,0,0.480091979980469,1.63,0,-5399.92822265625
100000000000000000000003,1,924125000,0,-44.5,3.71836942983479,0,0,0.480091979980469,1.63,0,-5399.92822265625
100000000000000000000001,1,924125000,0,-44.5,3.94539858644187,0,0,0.480091979980469,1.63,0,-5399.92822265625
100000000000000000000000,1,924125000,0,-64.5,1.55852448049181,0,0,0.480091979980469,1.63,0,-5399.92822265625
100000000000000000000002,1,924125000,0,-42,0.74244670133665,0,0,0.480091979980469,1.63,0,-5399.92822265625
100000000000000000000000,1,924125000,0,-64,1.49716524897639,0,0,0.480091979980469,1.63,0,-5399.92822265625
100000000000000000000004,1,924125000,0,-49.5,5.17258321675038,0,0,0.480091979980469,1.63,0,-5399.92822265625
100000000000000000000003,1,924125000,0,-45,3.73677719928942,0,0,0.480091979980469,1.63,0,-5399.92822265625
100000000000000000000001,1,924125000,0,-44.5,3.95153450959341,0,0,0.480091979980469,1.63,0,-5399.92822265625
100000000000000000000004,1,924125000,0,-50,5.15417544729575,0,0,0.480091979980469,1.63,0,-5399.92822265625
100000000000000000000002,1,924125000,0,-42,0.779262240245906,0,0,0.480091979980469,1.63,0,-5399.92822265625
100000000000000000000000,1,924125000,0,-65,1.52170894158256,0,0,0.480091979980469,1.63,0,-5399.92822265625
100000000000000000000001,1,924125000,0,-44.5,3.93312674013878,0,0,0.480091979980469,1.63,0,-5399.92822265625
100000000000000000000003,1,920625000,0,-45.5,2.20893233455532,0,0,0.480091979980469,1.63,0,-5399.92822265625
100000000000000000000001,1,920625000,0,-44.5,2.30097118182846,0,0,0.480091979980469,1.63,0,-5399.92822265625
100000000000000000000000,1,920625000,0,-60,1.1965050145508,0,0,0.480091979980469,1.63,0,-5399.92822265625
100000000000000000000004,1,920625000,0,-52.5,3.5895150436524,0,0,0.480091979980469,1.63,0,-5399.92822265625
100000000000000000000003,1,920625000,0,-45.5,2.21506825770687,0,0,0.480091979980469,1.63,0,-5399.92822265625
100000000000000000000002,1,920625000,0,-42.5,5.31370944923586,0,0,0.480091979980469,1.63,0,-5399.92822265625
100000000000000000000000,1,920625000,0,-59.5,1.2394564766116,0,0,0.480091979980469,1.63,0,-5399.92822265625
100000000000000000000004,1,920625000,0,-52.5,3.58337912050086,0,0,0.480091979980469,1.63,0,-5399.92822265625
100000000000000000000002,1,920625000,0,-42.5,5.31370944923586,0,0,0.480091979980469,1.63,0,-5399.92822265625
100000000000000000000001,1,920625000,0,-44.5,2.30097118182846,0,0,0.480091979980469,1.63,0,-5399.92822265625
100000000000000000000003,1,920625000,0,-45.5,2.20279641140378,0,0,0.480091979980469,1.63,0,-5399.92822265625
100000000000000000000003,1,920625000,0,-45.5,2.20279641140378,0,0,0.480091979980469,1.63,0,-5399.92822265625
100000000000000000000000,1,920625000,0,-60,1.15968947564155,0,0,0.480091979980469,1.63,0,-5399.92822265625
100000000000000000000004,1,920625000,0,-52.5,3.5895150436524,0,0,0.480091979980469,1.63,0,-5399.92822265625
100000000000000000000001,1,920625000,0,-44.5,2.28869933552538,0,0,0.480091979980469,1.63,0,-5399.92822265625
100000000000000000000002,1,920625000,0,-42.5,5.31370944923586,0,0,0.480091979980469,1.63,0,-5399.92822265625
100000000000000000000003,1,920625000,0,-45.5,2.1905245651007,0,0,0.480091979980469,1.63,0,-5399.92822265625
100000000000000000000001,1,920625000,0,-44.5,2.29483525867692,0,0,0.480091979980469,1.63,0,-5399.92822265625
100000000000000000000002,1,920625000,0,-42.5,5.30757352608432,0,0,0.480091979980469,1.63,0,-5399.92822265625
100000000000000000000004,1,920625000,0,-52.5,3.59565096680394,0,0,0.480091979980469,1.63,0,-5399.92822265625
100000000000000000000000,1,920625000,0,-59.5,1.23332055346006,0,0,0.480091979980469,1.63,0,-5399.92822265625
100000000000000000000002,1,920625000,0,-42.5,5.3198453723874,0,0,0.480091979980469,1.63,0,-5399.92822265625
100000000000000000000003,1,920625000,0,-45.5,2.19666048825224,0,0,0.480091979980469,1.63,0,-5399.92822265625
100000000000000000000001,1,920625000,0,-44.5,2.30097118182846,0,0,0.480091979980469,1.63,0,-5399.92822265625
100000000000000000000000,1,920625000,0,-60,1.16582539879309,0,0,0.480091979980469,1.63,0,-5399.92822265625
100000000000000000000004,1,920625000,0,-52.5,3.59565096680394,0,0,0.480091979980469,1.63,0,-5399.92822265625
100000000000000000000000,1,920625000,0,-60,1.19036909139926,0,0,0.480091979980469,1.63,0,-5399.92822265625
100000000000000000000001,1,920625000,0,-44.5,2.29483525867692,0,0,0.480091979980469,1.63,0,-5399.92822265625
100000000000000000000002,1,920625000,0,-42.5,5.3198453723874,0,0,0.480091979980469,1.63,0,-5399.92822265625
100000000000000000000004,1,920625000,0,-52.5,3.59565096680394,0,0,0.480091979980469,1.63,0,-5399.92822265625
100000000000000000000003,1,920625000,0,-45.5,2.19666048825224,0,0,0.480091979980469,1.63,0,-5399.92822265625
100000000000000000000000,1,920625000,0,-60,1.14128170618692,0,0,0.480091979980469,1.63,0,-5399.92822265625
100000000000000000000003,1,920625000,0,-45.5,2.18438864194915,0,0,0.480091979980469,1.63,0,-5399.92822265625
100000000000000000000002,1,920625000,0,-42.5,5.30757352608432,0,0,0.480091979980469,1.63,0,-5399.92822265625
100000000000000000000001,1,920625000,0,-44.5,2.28256341237383,0,0,0.480091979980469,1.63,0,-5399.92822265625
100000000000000000000004,1,920625000,0,-53,3.60178688995549,0,0,0.480091979980469,1.63,0,-5399.92822265625
100000000000000000000004,1,920625000,0,-53,3.58337912050086,0,0,0.480091979980469,1.63,0,-5399.92822265625
100000000000000000000000,1,920625000,0,-60,1.15355355249,0,0,0.480091979980469,1.63,0,-5399.92822265625
100000000000000000000003,1,920625000,0,-45.5,2.19666048825224,0,0,0.480091979980469,1.63,0,-5399.92822265625
100000000000000000000002,1,920625000,0,-42.5,5.3198453723874,0,0,0.480091979980469,1.63,0,-5399.92822265625
100000000000000000000001,1,920625000,0,-44.5,2.31937895128309,0,0,0.480091979980469,1.63,0,-5399.92822265625
100000000000000000000003,1,920625000,0,-45.5,2.20279641140378,0,0,0.480091979980469,1.63,0,-5399.92822265625
100000000000000000000001,1,920625000,0,-44.5,2.30097118182846,0,0,0.480091979980469,1.63,0,-5399.92822265625
100000000000000000000000,1,920625000,0,-59.5,1.19036909139926,0,0,0.480091979980469,1.63,0,-5399.92822265625
100000000000000000000002,1,920625000,0,-42.5,5.33211721869049,0,0,0.480091979980469,1.63,0,-5399.92822265625
100000000000000000000004,1,920625000,0,-52.5,3.60178688995549,0,0,0.480091979980469,1.63,0,-5399.92822265625
100000000000000000000003,1,920625000,0,-45.5,2.1905245651007,0,0,0.480091979980469,1.63,0,-5399.92822265625
100000000000000000000000,1,920625000,0,-59.5,1.15355355249,0,0,0.480091979980469,1.63,0,-5399.92822265625
100000000000000000000002,1,920625000,0,-42.5,5.31370944923586,0,0,0.480091979980469,1.63,0,-5399.92822265625
100000000000000000000001,1,920625000,0,-44.5,2.31324302813155,0,0,0.480091979980469,1.63,0,-5399.92822265625
100000000000000000000004,1,920625000,0,-52.5,3.58337912050086,0,0,0.480091979980469,1.63,0,-5399.92822265625
100000000000000000000000,1,920625000,0,-60,1.13514578303537,0,0,0.480091979980469,1.63,0,-5399.92822265625
100000000000000000000004,1,920625000,0,-52.5,3.62633058256166,0,0,0.480091979980469,1.63,0,-5399.92822265625
100000000000000000000002,1,920625000,0,-42.5,5.34438906499357,0,0,0.480091979980469,1.63,0,-5399.92822265625
100000000000000000000001,1,920625000,0,-44.5,2.30710710498,0,0,0.480091979980469,1.63,0,-5399.92822265625
100000000000000000000003,1,920625000,0,-45.5,2.17825271879761,0,0,0.480091979980469,1.63,0,-5399.92822265625
100000000000000000000003,1,920625000,0,-45.5,2.18438864194915,0,0,0.480091979980469,1.63,0,-5399.92822265625
100000000000000000000000,1,920625000,0,-59.5,1.14741762933846,0,0,0.480091979980469,1.63,0,-5399.92822265625
100000000000000000000002,1,920625000,0,-42,5.31370944923586,0,0,0.480091979980469,1.63,0,-5399.92822265625
100000000000000000000004,1,920625000,0,-52.5,3.60178688995549,0,0,0.480091979980469,1.63,0,-5399.92822265625
100000000000000000000001,1,920625000,0,-44.5,2.30097118182846,0,0,0.480091979980469,1.63,0,-5399.92822265625
100000000000000000000003,1,920625000,0,-45.5,2.1905245651007,0,0,0.480091979980469,1.63,0,-5399.92822265625
100000000000000000000000,1,920625000,0,-60,1.11673801358075,0,0,0.480091979980469,1.63,0,-5399.92822265625
100000000000000000000004,1,920625000,0,-52.5,3.59565096680394,0,0,0.480091979980469,1.63,0,-5399.92822265625
100000000000000000000001,1,920625000,0,-44.5,2.30097118182846,0,0,0.480091979980469,1.63,0,-5399.92822265625
100000000000000000000002,1,920625000,0,-42.5,5.30757352608432,0,0,0.480091979980469,1.63,0,-5399.92822265625
100000000000000000000000,1,920625000,0,-60,1.17196132194463,0,0,0.480091979980469,1.63,0,-5399.92822265625
100000000000000000000002,1,920625000,0,-42.5,5.31370944923586,0,0,0.480091979980469,1.63,0,-5399.92822265625
100000000000000000000004,1,920625000,0,-52.5,3.60178688995549,0,0,0.480091979980469,1.63,0,-5399.92822265625
100000000000000000000003,1,920625000,0,-45.5,2.21506825770687,0,0,0.480091979980469,1.63,0,-5399.92822265625
100000000000000000000001,1,920625000,0,-44.5,2.28256341237383,0,0,0.480091979980469,1.63,0,-5399.92822265625
100000000000000000000004,1,920625000,0,-52.5,3.61405873625857,0,0,0.480091979980469,1.63,0,-5399.92822265625
100000000000000000000000,1,920625000,0,-60,1.15355355249,0,0,0.480091979980469,1.63,0,-5399.92822265625
100000000000000000000002,1,920625000,0,-42.5,5.30757352608432,0,0,0.480091979980469,1.63,0,-5399.92822265625
100000000000000000000003,1,920625000,0,-45.5,2.21506825770687,0,0,0.480091979980469,1.63,0,-5399.92822265625
100000000000000000000001,1,920625000,0,-44.5,2.30710710498,0,0,0.480091979980469,1.63,0,-5399.92822265625
100000000000000000000002,1,920625000,0,-42.5,5.31370944923586,0,0,0.480091979980469,1.63,0,-5399.92822265625
100000000000000000000000,1,920625000,0,-60,1.18423316824772,0,0,0.480091979980469,1.63,0,-5399.92822265625
100000000000000000000003,1,920625000,0,-45.5,2.16598087249453,0,0,0.480091979980469,1.63,0,-5399.92822265625
100000000000000000000001,1,920625000,0,-44.5,2.29483525867692,0,0,0.480091979980469,1.63,0,-5399.92822265625
100000000000000000000004,1,920625000,0,-53,3.57724319734932,0,0,0.480091979980469,1.63,0,-5399.92822265625
100000000000000000000000,1,920625000,0,-59.5,1.14128170618692,0,0,0.480091979980469,1.63,0,-5399.92822265625
100000000000000000000002,1,920625000,0,-42.5,5.30143760293278,0,0,0.480091979980469,1.63,0,-5399.92822265625
100000000000000000000004,1,920625000,0,-53,3.61405873625857,0,0,0.480091979980469,1.63,0,-5399.92822265625
100000000000000000000001,1,920625000,0,-44.5,2.30097118182846,0,0,0.480091979980469,1.63,0,-5399.92822265625
100000000000000000000003,1,920625000,0,-45.5,2.17825271879761,0,0,0.480091979980469,1.63,0,-5399.92822265625
100000000000000000000000,1,920625000,0,-60,1.20264093770234,0,0,0.480091979980469,1.63,0,-5399.92822265625
100000000000000000000003,1,920625000,0,-45.5,2.20893233455532,0,0,0.480091979980469,1.63,0,-5399.92822265625
100000000000000000000001,1,920625000,0,-44.5,2.30710710498,0,0,0.480091979980469,1.63,0,-5399.92822265625
100000000000000000000002,1,920625000,0,-42,5.32598129553895,0,0,0.480091979980469,1.63,0,-5399.92822265625
100000000000000000000004,1,920625000,0,-52.5,3.59565096680394,0,0,0.480091979980469,1.63,0,-5399.92822265625
100000000000000000000001,1,920625000,0,-44.5,2.28869933552538,0,0,0.480091979980469,1.63,0,-5399.92822265625
100000000000000000000002,1,920625000,0,-42.5,5.30143760293278,0,0,0.480091979980469,1.63,0,-5399.92822265625
100000000000000000000000,1,920625000,0,-60,1.15355355249,0,0,0.480091979980469,1.63,0,-5399.92822265625
100000000000000000000004,1,920625000,0,-52.5,3.60178688995549,0,0,0.480091979980469,1.63,0,-5399.92822265625
100000000000000000000003,1,920625000,0,-45.5,2.19666048825224,0,0,0.480091979980469,1.63,0,-5399.92822265625
100000000000000000000001,1,920625000,0,-44.5,2.30710710498,0,0,0.480091979980469,1.63,0,-5399.92822265625
100000000000000000000000,1,920625000,0,-59.5,1.18423316824772,0,0,0.480091979980469,1.63,0,-5399.92822265625
100000000000000000000003,1,920625000,0,-45.5,2.20893233455532,0,0,0.480091979980469,1.63,0,-5399.92822265625
100000000000000000000002,1,920625000,0,-42.5,5.31370944923586,0,0,0.480091979980469,1.63,0,-5399.92822265625
100000000000000000000004,1,920625000,0,-52.5,3.61405873625857,0,0,0.480091979980469,1.63,0,-5399.92822265625
100000000000000000000004,1,920625000,0,-52.5,3.62633058256166,0,0,0.480091979980469,1.63,0,-5399.92822265625
100000000000000000000003,1,920625000,0,-45.5,2.18438864194915,0,0,0.480091979980469,1.63,0,-5399.92822265625
100000000000000000000002,1,920625000,0,-42.5,5.31370944923586,0,0,0.480091979980469,1.63,0,-5399.92822265625
100000000000000000000001,1,920625000,0,-44.5,2.31324302813155,0,0,0.480091979980469,1.63,0,-5399.92822265625
100000000000000000000000,1,920625000,0,-59.5,1.12287393673229,0,0,0.480091979980469,1.63,0,-5399.92822265625
100000000000000000000001,1,920625000,0,-44.5,2.28869933552538,0,0,0.480091979980469,1.63,0,-5399.92822265625
100000000000000000000003,1,920625000,0,-45.5,2.1905245651007,0,0,0.480091979980469,1.63,0,-5399.92822265625
100000000000000000000002,1,920625000,0,-42.5,5.30757352608432,0,0,0.480091979980469,1.63,0,-5399.92822265625
100000000000000000000000,1,920625000,0,-59.5,1.21491278400543,0,0,0.480091979980469,1.63,0,-5399.92822265625
100000000000000000000004,1,920625000,0,-52.5,3.57110727419777,0,0,0.480091979980469,1.63,0,-5399.92822265625
100000000000000000000004,1,920625000,0,-52.5,3.59565096680394,0,0,0.480091979980469,1.63,0,-5399.92822265625
100000000000000000000002,1,920625000,0,-42.5,5.32598129553895,0,0,0.480091979980469,1.63,0,-5399.92822265625
100000000000000000000000,1,920625000,0,-60,1.20264093770234,0,0,0.480091979980469,1.63,0,-5399.92822265625
100000000000000000000001,1,920625000,0,-44.5,2.31324302813155,0,0,0.480091979980469,1.63,0,-5399.92822265625
100000000000000000000003,1,920625000,0,-45.5,2.20893233455532,0,0,0.480091979980469,1.63,0,-5399.92822265625
100000000000000000000000,1,920625000,0,-60,1.14128170618692,0,0,0.480091979980469,1.63,0,-5399.92822265625
100000000000000000000002,1,920625000,0,-42.5,5.33211721869049,0,0,0.480091979980469,1.63,0,-5399.92822265625
100000000000000000000003,1,920625000,0,-45.5,2.1905245651007,0,0,0.480091979980469,1.63,0,-5399.92822265625
100000000000000000000004,1,920625000,0,-53,3.60792281310703,0,0,0.480091979980469,1.63,0,-5399.92822265625
100000000000000000000001,1,920625000,0,-44.5,2.28869933552538,0,0,0.480091979980469,1.63,0,-5399.92822265625
100000000000000000000001,1,920625000,0,-44.5,2.30710710498,0,0,0.480091979980469,1.63,0,-5399.92822265625
100000000000000000000002,1,920625000,0,-42.5,5.31370944923586,0,0,0.480091979980469,1.63,0,-5399.92822265625
100000000000000000000003,1,920625000,0,-45.5,2.19666048825224,0,0,0.480091979980469,1.63,0,-5399.92822265625
100000000000000000000000,1,920625000,0,-59.5,1.20264093770234,0,0,0.480091979980469,1.63,0,-5399.92822265625
100000000000000000000004,1,920625000,0,-52.5,3.61405873625857,0,0,0.480091979980469,1.63,0,-5399.92822265625
100000000000000000000001,1,920625000,0,-44.5,2.30097118182846,0,0,0.480091979980469,1.63,0,-5399.92822265625
100000000000000000000002,1,920625000,0,-42.5,5.31370944923586,0,0,0.480091979980469,1.63,0,-5399.92822265625
100000000000000000000003,1,920625000,0,-45.5,2.19666048825224,0,0,0.480091979980469,1.63,0,-5399.92822265625
100000000000000000000000,1,920625000,0,-60,1.13514578303537,0,0,0.480091979980469,1.63,0,-5399.92822265625
100000000000000000000004,1,920625000,0,-52.5,3.60792281310703,0,0,0.480091979980469,1.63,0,-5399.92822265625
100000000000000000000003,1,920625000,0,-45,2.20279641140378,0,0,0.480091979980469,1.63,0,-5399.92822265625
100000000000000000000004,1,920625000,0,-52.5,3.61405873625857,0,0,0.480091979980469,1.63,0,-5399.92822265625
100000000000000000000001,1,920625000,0,-44.5,2.28869933552538,0,0,0.480091979980469,1.63,0,-5399.92822265625
100000000000000000000002,1,920625000,0,-42.5,5.30757352608432,0,0,0.480091979980469,1.63,0,-5399.92822265625
100000000000000000000000,1,920625000,0,-60,1.1965050145508,0,0,0.480091979980469,1.63,0,-5399.92822265625
100000000000000000000004,1,920625000,0,-52.5,3.57724319734932,0,0,0.480091979980469,1.63,0,-5399.92822265625
100000000000000000000002,1,920625000,0,-42,5.30143760293278,0,0,0.480091979980469,1.63,0,-5399.92822265625
100000000000000000000000,1,920625000,0,-59.5,1.12287393673229,0,0,0.480091979980469,1.63,0,-5399.92822265625
100000000000000000000001,1,920625000,0,-44.5,2.28256341237383,0,0,0.480091979980469,1.63,0,-5399.92822265625
100000000000000000000003,1,920625000,0,-45.5,2.17825271879761,0,0,0.480091979980469,1.63,0,-5399.92822265625
100000000000000000000004,1,920625000,0,-52.5,3.58337912050086,0,0,0.480091979980469,1.63,0,-5399.92822265625
100000000000000000000000,1,920625000,0,-60,1.15355355249,0,0,0.480091979980469,1.63,0,-5399.92822265625
100000000000000000000003,1,920625000,0,-45.5,2.1905245651007,0,0,0.480091979980469,1.63,0,-5399.92822265625
100000000000000000000002,1,920625000,0,-42.5,5.31370944923586,0,0,0.480091979980469,1.63,0,-5399.92822265625
100000000000000000000001,1,920625000,0,-44.5,2.30097118182846,0,0,0.480091979980469,1.63,0,-5399.92822265625
100000000000000000000003,1,920625000,0,-45.5,2.18438864194915,0,0,0.480091979980469,1.63,0,-5399.92822265625
100000000000000000000002,1,920625000,0,-42.5,5.30757352608432,0,0,0.480091979980469,1.63,0,-5399.92822265625
100000000000000000000000,1,920625000,0,-60,1.17809724509617,0,0,0.480091979980469,1.63,0,-5399.92822265625
100000000000000000000004,1,920625000,0,-52.5,3.62633058256166,0,0,0.480091979980469,1.63,0,-5399.92822265625
100000000000000000000001,1,920625000,0,-44.5,2.30097118182846,0,0,0.480091979980469,1.63,0,-5399.92822265625
100000000000000000000004,1,920625000,0,-52.5,3.62019465941011,0,0,0.480091979980469,1.63,0,-5399.92822265625
100000000000000000000002,1,920625000,0,-42.5,5.32598129553895,0,0,0.480091979980469,1.63,0,-5399.92822265625
100000000000000000000001,1,920625000,0,-44.5,2.30710710498,0,0,0.480091979980469,1.63,0,-5399.92822265625
100000000000000000000003,1,920625000,0,-45.5,2.20893233455532,0,0,0.480091979980469,1.63,0,-5399.92822265625
100000000000000000000000,1,920625000,0,-60,1.1106020904292,0,0,0.480091979980469,1.63,0,-5399.92822265625
100000000000000000000001,1,920625000,0,-44.5,2.30097118182846,0,0,0.480091979980469,1.63,0,-5399.92822265625
100000000000000000000000,1,920625000,0,-59.5,1.15968947564155,0,0,0.480091979980469,1.63,0,-5399.92822265625
100000000000000000000003,1,920625000,0,-45.5,2.18438864194915,0,0,0.480091979980469,1.63,0,-5399.92822265625
100000000000000000000002,1,920625000,0,-42,5.3198453723874,0,0,0.480091979980469,1.63,0,-5399.92822265625
100000000000000000000004,1,920625000,0,-52.5,3.60792281310703,0,0,0.480091979980469,1.63,0,-5399.92822265625
100000000000000000000003,1,920625000,0,-45.5,2.17825271879761,0,0,0.480091979980469,1.63,0,-5399.92822265625
100000000000000000000004,1,920625000,0,-52.5,3.60178688995549,0,0,0.480091979980469,1.63,0,-5399.92822265625
100000000000000000000000,1,920625000,0,-60,1.18423316824772,0,0,0.480091979980469,1.63,0,-5399.92822265625
100000000000000000000001,1,920625000,0,-44.5,2.30710710498,0,0,0.480091979980469,1.63,0,-5399.92822265625
100000000000000000000002,1,920625000,0,-42.5,5.30757352608432,0,0,0.480091979980469,1.63,0,-5399.92822265625
100000000000000000000004,1,920625000,0,-52.5,3.58337912050086,0,0,0.480091979980469,1.63,0,-5399.92822265625
100000000000000000000000,1,920625000,0,-60,1.17809724509617,0,0,0.480091979980469,1.63,0,-5399.92822265625
100000000000000000000002,1,920625000,0,-42.5,5.32598129553895,0,0,0.480091979980469,1.63,0,-5399.92822265625
100000000000000000000003,1,920625000,0,-45.5,2.18438864194915,0,0,0.480091979980469,1.63,0,-5399.92822265625
100000000000000000000001,1,920625000,0,-44.5,2.30097118182846,0,0,0.480091979980469,1.63,0,-5399.92822265625
100000000000000000000001,1,920625000,0,-44.5,2.31324302813155,0,0,0.480091979980469,1.63,0,-5399.92822265625
100000000000000000000003,1,920625000,0,-45.5,2.19666048825224,0,0,0.480091979980469,1.63,0,-5399.92822265625
100000000000000000000002,1,920625000,0,-42.5,5.29530167978123,0,0,0.480091979980469,1.63,0,-5399.92822265625
100000000000000000000000,1,920625000,0,-59.5,1.22718463030851,0,0,0.480091979980469,1.63,0,-5399.92822265625
100000000000000000000004,1,920625000,0,-53,3.57724319734932,0,0,0.480091979980469,1.63,0,-5399.92822265625
100000000000000000000004,1,920625000,0,-52.5,3.57724319734932,0,0,0.480091979980469,1.63,0,-5399.92822265625
100000000000000000000000,1,920625000,0,-60,1.15355355249,0,0,0.480091979980469,1.63,0,-5399.92822265625
100000000000000000000001,1,920625000,0,-44.5,2.28869933552538,0,0,0.480091979980469,1.63,0,-5399.92822265625
100000000000000000000002,1,920625000,0,-42.5,5.29530167978123,0,0,0.480091979980469,1.63,0,-5399.92822265625
100000000000000000000003,1,920625000,0,-45.5,2.1905245651007,0,0,0.480091979980469,1.63,0,-5399.92822265625
100000000000000000000003,1,920625000,0,-45.5,2.20279641140378,0,0,0.480091979980469,1.63,0,-5399.92822265625
100000000000000000000004,1,920625000,0,-52.5,3.5895150436524,0,0,0.480091979980469,1.63,0,-5399.92822265625
100000000000000000000002,1,920625000,0,-42.5,5.29530167978123,0,0,0.480091979980469,1.63,0,-5399.92822265625
100000000000000000000000,1,920625000,0,-59.5,1.17196132194463,0,0,0.480091979980469,1.63,0,-5399.92822265625
100000000000000000000001,1,920625000,0,-44.5,2.28869933552538,0,0,0.480091979980469,1.63,0,-5399.92822265625
100000000000000000000002,1,920625000,0,-42.5,5.28302983347815,0,0,0.480091979980469,1.63,0,-5399.92822265625
100000000000000000000004,1,920625000,0,-52.5,3.59565096680394,0,0,0.480091979980469,1.63,0,-5399.92822265625
100000000000000000000001,1,920625000,0,-44.5,2.30097118182846,0,0,0.480091979980469,1.63,0,-5399.92822265625
100000000000000000000000,1,920625000,0,-59.5,1.14741762933846,0,0,0.480091979980469,1.63,0,-5399.92822265625
100000000000000000000003,1,920625000,0,-45.5,2.1905245651007,0,0,0.480091979980469,1.63,0,-5399.92822265625
100000000000000000000002,1,920625000,0,-42.5,5.30757352608432,0,0,0.480091979980469,1.63,0,-5399.92822265625
100000000000000000000003,1,920625000,0,-45.5,2.20279641140378,0,0,0.480091979980469,1.63,0,-5399.92822265625
100000000000000000000001,1,920625000,0,-44.5,2.31324302813155,0,0,0.480091979980469,1.63,0,-5399.92822265625
100000000000000000000004,1,920625000,0,-52.5,3.5895150436524,0,0,0.480091979980469,1.63,0,-5399.92822265625
100000000000000000000000,1,920625000,0,-60,1.15355355249,0,0,0.480091979980469,1.63,0,-5399.92822265625
100000000000000000000004,1,920625000,0,-52.5,3.57724319734932,0,0,0.480091979980469,1.63,0,-5399.92822265625
100000000000000000000003,1,920625000,0,-45.5,2.21506825770687,0,0,0.480091979980469,1.63,0,-5399.92822265625
100000000000000000000001,1,920625000,0,-44.5,2.31324302813155,0,0,0.480091979980469,1.63,0,-5399.92822265625
100000000000000000000000,1,920625000,0,-59.5,1.14128170618692,0,0,0.480091979980469,1.63,0,-5399.92822265625
100000000000000000000002,1,920625000,0,-42.5,5.3198453723874,0,0,0.480091979980469,1.63,0,-5399.92822265625
100000000000000000000004,1,920625000,0,-52.5,3.58337912050086,0,0,0.480091979980469,1.63,0,-5399.92822265625
100000000000000000000001,1,920625000,0,-44.5,2.29483525867692,0,0,0.480091979980469,1.63,0,-5399.92822265625
100000000000000000000003,1,920625000,0,-45.5,2.19666048825224,0,0,0.480091979980469,1.63,0,-5399.92822265625
100000000000000000000000,1,920625000,0,-59.5,1.12287393673229,0,0,0.480091979980469,1.63,0,-5399.92822265625
100000000000000000000002,1,920625000,0,-42,5.31370944923586,0,0,0.480091979980469,1.63,0,-5399.92822265625
100000000000000000000002,1,920625000,0,-42.5,5.31370944923586,0,0,0.480091979980469,1.63,0,-5399.92822265625
100000000000000000000004,1,920625000,0,-52.5,3.60178688995549,0,0,0.480091979980469,1.63,0,-5399.92822265625
100000000000000000000003,1,920625000,0,-45.5,2.1905245651007,0,0,0.480091979980469,1.63,0,-5399.92822265625
100000000000000000000000,1,920625000,0,-59.5,1.11673801358075,0,0,0.480091979980469,1.63,0,-5399.92822265625
100000000000000000000001,1,920625000,0,-44.5,2.30097118182846,0,0,0.480091979980469,1.63,0,-5399.92822265625
100000000000000000000001,1,920625000,0,-44.5,2.31324302813155,0,0,0.480091979980469,1.63,0,-5399.92822265625
100000000000000000000002,1,920625000,0,-42.5,5.33211721869049,0,0,0.480091979980469,1.63,0,-5399.92822265625
100000000000000000000003,1,920625000,0,-45.5,2.18438864194915,0,0,0.480091979980469,1.63,0,-5399.92822265625
100000000000000000000000,1,920625000,0,-60,1.18423316824772,0,0,0.480091979980469,1.63,0,-5399.92822265625
100000000000000000000004,1,920625000,0,-53,3.58337912050086,0,0,0.480091979980469,1.63,0,-5399.92822265625
100000000000000000000002,1,920625000,0,-42.5,5.30757352608432,0,0,0.480091979980469,1.63,0,-5399.92822265625
100000000000000000000000,1,920625000,0,-60,1.14741762933846,0,0,0.480091979980469,1.63,0,-5399.92822265625
100000000000000000000001,1,920625000,0,-44.5,2.30710710498,0,0,0.480091979980469,1.63,0,-5399.92822265625
100000000000000000000003,1,920625000,0,-45.5,2.20279641140378,0,0,0.480091979980469,1.63,0,-5399.92822265625
100000000000000000000004,1,920625000,0,-52.5,3.59565096680394,0,0,0.480091979980469,1.63,0,-5399.92822265625
100000000000000000000002,1,920625000,0,-42.5,5.30143760293278,0,0,0.480091979980469,1.63,0,-5399.92822265625
100000000000000000000003,1,920625000,0,-45.5,2.16598087249453,0,0,0.480091979980469,1.63,0,-5399.92822265625
100000000000000000000004,1,920625000,0,-52.5,3.60178688995549,0,0,0.480091979980469,1.63,0,-5399.92822265625
100000000000000000000001,1,920625000,0,-44.5,2.28869933552538,0,0,0.480091979980469,1.63,0,-5399.92822265625
100000000000000000000000,1,920625000,0,-60,1.13514578303537,0,0,0.480091979980469,1.63,0,-5399.92822265625
100000000000000000000003,1,920625000,0,-45.5,2.19666048825224,0,0,0.480091979980469,1.63,0,-5399.92822265625
100000000000000000000004,1,920625000,0,-52.5,3.61405873625857,0,0,0.480091979980469,1.63,0,-5399.92822265625
100000000000000000000000,1,920625000,0,-60,1.17196132194463,0,0,0.480091979980469,1.63,0,-5399.92822265625
100000000000000000000002,1,920625000,0,-42.5,5.30143760293278,0,0,0.480091979980469,1.63,0,-5399.92822265625
100000000000000000000001,1,920625000,0,-44.5,2.30097118182846,0,0,0.480091979980469,1.63,0,-5399.92822265625
100000000000000000000004,1,920625000,0,-53,3.62019465941011,0,0,0.480091979980469,1.63,0,-5399.92822265625
100000000000000000000002,1,920625000,0,-42.5,5.28916575662969,0,0,0.480091979980469,1.63,0,-5399.92822265625
100000000000000000000000,1,920625000,0,-60,1.17809724509617,0,0,0.480091979980469,1.63,0,-5399.92822265625
100000000000000000000001,1,920625000,0,-44.5,2.30710710498,0,0,0.480091979980469,1.63,0,-5399.92822265625
100000000000000000000003,1,920625000,0,-45.5,2.1905245651007,0,0,0.480091979980469,1.63,0,-5399.92822265625
100000000000000000000000,1,920625000,0,-59.5,1.17809724509617,0,0,0.480091979980469,1.63,0,-5399.92822265625
100000000000000000000001,1,920625000,0,-44.5,2.29483525867692,0,0,0.480091979980469,1.63,0,-5399.92822265625
100000000000000000000002,1,920625000,0,-42.5,5.31370944923586,0,0,0.480091979980469,1.63,0,-5399.92822265625
100000000000000000000004,1,920625000,0,-53,3.60178688995549,0,0,0.480091979980469,1.63,0,-5399.92822265625
100000000000000000000003,1,920625000,0,-45.5,2.19666048825224,0,0,0.480091979980469,1.63,0,-5399.92822265625
100000000000000000000001,1,920625000,0,-44.5,2.31937895128309,0,0,0.480091979980469,1.63,0,-5399.92822265625
100000000000000000000004,1,920625000,0,-53,3.59565096680394,0,0,0.480091979980469,1.63,0,-5399.92822265625
100000000000000000000002,1,920625000,0,-42.5,5.32598129553895,0,0,0.480091979980469,1.63,0,-5399.92822265625
100000000000000000000000,1,920625000,0,-60,1.15968947564155,0,0,0.480091979980469,1.63,0,-5399.92822265625
100000000000000000000003,1,920625000,0,-45.5,2.1905245651007,0,0,0.480091979980469,1.63,0,-5399.92822265625
100000000000000000000002,1,920625000,0,-42.5,5.32598129553895,0,0,0.480091979980469,1.63,0,-5399.92822265625
100000000000000000000000,1,920625000,0,-59.5,1.19036909139926,0,0,0.480091979980469,1.63,0,-5399.92822265625
100000000000000000000003,1,920625000,0,-45.5,2.17211679564607,0,0,0.480091979980469,1.63,0,-5399.92822265625
100000000000000000000001,1,920625000,0,-44.5,2.29483525867692,0,0,0.480091979980469,1.63,0,-5399.92822265625
100000000000000000000004,1,920625000,0,-52.5,3.55269950474315,0,0,0.480091979980469,1.63,0,-5399.92822265625
100000000000000000000003,1,920625000,0,-45.5,2.20279641140378,0,0,0.480091979980469,1.63,0,-5399.92822265625
100000000000000000000000,1,920625000,0,-60,1.1106020904292,0,0,0.480091979980469,1.63,0,-5399.92822265625
100000000000000000000002,1,920625000,0,-42.5,5.30143760293278,0,0,0.480091979980469,1.63,0,-5399.92822265625
100000000000000000000001,1,920625000,0,-44.5,2.30710710498,0,0,0.480091979980469,1.63,0,-5399.92822265625
100000000000000000000004,1,920625000,0,-52.5,3.59565096680394,0,0,0.480091979980469,1.63,0,-5399.92822265625
100000000000000000000004,1,920625000,0,-52.5,3.60178688995549,0,0,0.480091979980469,1.63,0,-5399.92822265625
100000000000000000000002,1,920625000,0,-42.5,5.3198453723874,0,0,0.480091979980469,1.63,0,-5399.92822265625
100000000000000000000000,1,920625000,0,-60,1.12900985988383,0,0,0.480091979980469,1.63,0,-5399.92822265625
100000000000000000000001,1,920625000,0,-44.5,2.31324302813155,0,0,0.480091979980469,1.63,0,-5399.92822265625
100000000000000000000003,1,920625000,0,-45,2.17825271879761,0,0,0.480091979980469,1.63,0,-5399.92822265625
100000000000000000000000,1,920625000,0,-59.5,1.17809724509617,0,0,0.480091979980469,1.63,0,-5399.92822265625
100000000000000000000004,1,920625000,0,-52.5,3.6324665057132,0,0,0.480091979980469,1.63,0,-5399.92822265625
100000000000000000000003,1,920625000,0,-45.5,2.20279641140378,0,0,0.480091979980469,1.63,0,-5399.92822265625
100000000000000000000001,1,920625000,0,-44.5,2.28869933552538,0,0,0.480091979980469,1.63,0,-5399.92822265625
100000000000000000000002,1,920625000,0,-42.5,5.33825314184203,0,0,0.480091979980469,1.63,0,-5399.92822265625
100000000000000000000003,1,920625000,0,-45,2.1905245651007,0,0,0.480091979980469,1.63,0,-5399.92822265625
100000000000000000000004,1,920625000,0,-53,3.60178688995549,0,0,0.480091979980469,1.63,0,-5399.92822265625
100000000000000000000002,1,920625000,0,-42,5.30143760293278,0,0,0.480091979980469,1.63,0,-5399.92822265625
100000000000000000000001,1,920625000,0,-44.5,2.28256341237383,0,0,0.480091979980469,1.63,0,-5399.92822265625
100000000000000000000000,1,920625000,0,-60,1.19036909139926,0,0,0.480091979980469,1.63,0,-5399.92822265625
100000000000000000000000,1,920625000,0,-59.5,1.15968947564155,0,0,0.480091979980469,1.63,0,-5399.92822265625
100000000000000000000004,1,920625000,0,-53,3.60178688995549,0,0,0.480091979980469,1.63,0,-5399.92822265625
100000000000000000000003,1,920625000,0,-45.5,2.19666048825224,0,0,0.480091979980469,1.63,0,-5399.92822265625
100000000000000000000002,1,920625000,0,-42.5,5.3198453723874,0,0,0.480091979980469,1.63,0,-5399.92822265625
100000000000000000000001,1,920625000,0,-44.5,2.29483525867692,0,0,0.480091979980469,1.63,0,-5399.92822265625
100000000000000000000000,1,920625000,0,-60,1.18423316824772,0,0,0.480091979980469,1.63,0,-5399.92822265625
100000000000000000000003,1,920625000,0,-45.5,2.20893233455532,0,0,0.480091979980469,1.63,0,-5399.92822265625
100000000000000000000002,1,920625000,0,-42.5,5.30757352608432,0,0,0.480091979980469,1.63,0,-5399.92822265625
100000000000000000000001,1,920625000,0,-44.5,2.28256341237383,0,0,0.480091979980469,1.63,0,-5399.92822265625
100000000000000000000004,1,920625000,0,-52.5,3.62633058256166,0,0,0.480091979980469,1.63,0,-5399.92822265625
100000000000000000000002,1,920625000,0,-42.5,5.30757352608432,0,0,0.480091979980469,1.63,0,-5399.92822265625
100000000000000000000000,1,920625000,0,-60,1.16582539879309,0,0,0.480091979980469,1.63,0,-5399.92822265625
100000000000000000000003,1,920625000,0,-45.5,2.20279641140378,0,0,0.480091979980469,1.63,0,-5399.92822265625
100000000000000000000001,1,920625000,0,-44.5,2.30097118182846,0,0,0.480091979980469,1.63,0,-5399.92822265625
100000000000000000000004,1,920625000,0,-52.5,3.60792281310703,0,0,0.480091979980469,1.63,0,-5399.92822265625
100000000000000000000001,1,920625000,0,-44.5,2.32551487443463,0,0,0.480091979980469,1.63,0,-5399.92822265625
100000000000000000000004,1,920625000,0,-52.5,3.5895150436524,0,0,0.480091979980469,1.63,0,-5399.92822265625
100000000000000000000002,1,920625000,0,-42.5,5.31370944923586,0,0,0.480091979980469,1.63,0,-5399.92822265625
100000000000000000000003,1,920625000,0,-45.5,2.18438864194915,0,0,0.480091979980469,1.63,0,-5399.92822265625
100000000000000000000000,1,920625000,0,-59.5,1.17196132194463,0,0,0.480091979980469,1.63,0,-5399.92822265625
100000000000000000000004,1,920625000,0,-52.5,3.57724319734932,0,0,0.480091979980469,1.63,0,-5399.92822265625
100000000000000000000003,1,920625000,0,-45.5,2.1905245651007,0,0,0.480091979980469,1.63,0,-5399.92822265625
100000000000000000000000,1,920625000,0,-60,1.17196132194463,0,0,0.480091979980469,1.63,0,-5399.92822265625
100000000000000000000001,1,920625000,0,-44.5,2.30097118182846,0,0,0.480091979980469,1.63,0,-5399.92822265625
100000000000000000000002,1,920625000,0,-42.5,5.30757352608432,0,0,0.480091979980469,1.63,0,-5399.92822265625
100000000000000000000001,1,920625000,0,-44.5,2.29483525867692,0,0,0.480091979980469,1.63,0,-5399.92822265625
100000000000000000000004,1,920625000,0,-53,3.5895150436524,0,0,0.480091979980469,1.63,0,-5399.92822265625
100000000000000000000000,1,920625000,0,-60,1.13514578303537,0,0,0.480091979980469,1.63,0,-5399.92822265625
100000000000000000000002,1,920625000,0,-42.5,5.29530167978123,0,0,0.480091979980469,1.63,0,-5399.92822265625
100000000000000000000003,1,920625000,0,-45.5,2.18438864194915,0,0,0.480091979980469,1.63,0,-5399.92822265625
100000000000000000000001,1,920625000,0,-44.5,2.32551487443463,0,0,0.480091979980469,1.63,0,-5399.92822265625
100000000000000000000000,1,920625000,0,-60,1.20877686085389,0,0,0.480091979980469,1.63,0,-5399.92822265625
100000000000000000000003,1,920625000,0,-45.5,2.19666048825224,0,0,0.480091979980469,1.63,0,-5399.92822265625
100000000000000000000002,1,920625000,0,-42.5,5.3198453723874,0,0,0.480091979980469,1.63,0,-5399.92822265625
100000000000000000000004,1,920625000,0,-52.5,3.60792281310703,0,0,0.480091979980469,1.63,0,-5399.92822265625
100000000000000000000003,1,920625000,0,-45.5,2.1905245651007,0,0,0.480091979980469,1.63,0,-5399.92822265625
100000000000000000000000,1,920625000,0,-59.5,1.17809724509617,0,0,0.480091979980469,1.63,0,-5399.92822265625
100000000000000000000002,1,920625000,0,-42.5,5.33825314184203,0,0,0.480091979980469,1.63,0,-5399.92822265625
100000000000000000000001,1,920625000,0,-44.5,2.30710710498,0,0,0.480091979980469,1.63,0,-5399.92822265625
100000000000000000000004,1,920625000,0,-53,3.62019465941011,0,0,0.480091979980469,1.63,0,-5399.92822265625
100000000000000000000004,1,920625000,0,-52.5,3.60792281310703,0,0,0.480091979980469,1.63,0,-5399.92822265625
100000000000000000000002,1,920625000,0,-42.5,5.31370944923586,0,0,0.480091979980469,1.63,0,-5399.92822265625
100000000000000000000003,1,920625000,0,-45.5,2.17825271879761,0,0,0.480091979980469,1.63,0,-5399.92822265625
100000000000000000000001,1,920625000,0,-44.5,2.29483525867692,0,0,0.480091979980469,1.63,0,-5399.92822265625
100000000000000000000000,1,920625000,0,-60,1.1965050145508,0,0,0.480091979980469,1.63,0,-5399.92822265625
100000000000000000000001,1,920625000,0,-44.5,2.29483525867692,0,0,0.480091979980469,1.63,0,-5399.92822265625
100000000000000000000000,1,920625000,0,-60,1.17809724509617,0,0,0.480091979980469,1.63,0,-5399.92822265625
100000000000000000000002,1,920625000,0,-42.5,5.30757352608432,0,0,0.480091979980469,1.63,0,-5399.92822265625
100000000000000000000003,1,920625000,0,-45.5,2.20279641140378,0,0,0.480091979980469,1.63,0,-5399.92822265625
100000000000000000000004,1,920625000,0,-52.5,3.61405873625857,0,0,0.480091979980469,1.63,0,-5399.92822265625
100000000000000000000003,1,920625000,0,-45.5,2.19666048825224,0,0,0.480091979980469,1.63,0,-5399.92822265625
100000000000000000000002,1,920625000,0,-42.5,5.32598129553895,0,0,0.480091979980469,1.63,0,-5399.92822265625
100000000000000000000004,1,920625000,0,-52.5,3.58337912050086,0,0,0.480091979980469,1.63,0,-5399.92822265625
100000000000000000000001,1,920625000,0,-44.5,2.30097118182846,0,0,0.480091979980469,1.63,0,-5399.92822265625
100000000000000000000000,1,920625000,0,-60,1.1965050145508,0,0,0.480091979980469,1.63,0,-5399.92822265625
100000000000000000000000,1,920625000,0,-59.5,1.12900985988383,0,0,0.480091979980469,1.63,0,-5399.92822265625
100000000000000000000004,1,920625000,0,-53,3.59565096680394,0,0,0.480091979980469,1.63,0,-5399.92822265625
100000000000000000000003,1,920625000,0,-45.5,2.17825271879761,0,0,0.480091979980469,1.63,0,-5399.92822265625
100000000000000000000001,1,920625000,0,-44.5,2.31937895128309,0,0,0.480091979980469,1.63,0,-5399.92822265625
100000000000000000000002,1,920625000,0,-42.5,5.32598129553895,0,0,0.480091979980469,1.63,0,-5399.92822265625
100000000000000000000001,1,920625000,0,-44.5,2.30097118182846,0,0,0.480091979980469,1.63,0,-5399.92822265625
100000000000000000000000,1,920625000,0,-60,1.20877686085389,0,0,0.480091979980469,1.63,0,-5399.92822265625
100000000000000000000003,1,920625000,0,-45.5,2.19666048825224,0,0,0.480091979980469,1.63,0,-5399.92822265625
100000000000000000000002,1,920625000,0,-42.5,5.28916575662969,0,0,0.480091979980469,1.63,0,-5399.92822265625
100000000000000000000004,1,920625000,0,-52.5,3.57724319734932,0,0,0.480091979980469,1.63,0,-5399.92822265625
100000000000000000000004,1,920625000,0,-52.5,3.5895150436524,0,0,0.480091979980469,1.63,0,-5399.92822265625
100000000000000000000002,1,920625000,0,-42.5,5.32598129553895,0,0,0.480091979980469,1.63,0,-5399.92822265625
100000000000000000000003,1,920625000,0,-45.5,2.17211679564607,0,0,0.480091979980469,1.63,0,-5399.92822265625
100000000000000000000000,1,920625000,0,-59.5,1.19036909139926,0,0,0.480091979980469,1.63,0,-5399.92822265625
100000000000000000000001,1,920625000,0,-44.5,2.30097118182846,0,0,0.480091979980469,1.63,0,-5399.92822265625
100000000000000000000000,1,920625000,0,-60.5,1.13514578303537,0,0,0.480091979980469,1.63,0,-5399.92822265625
100000000000000000000003,1,920625000,0,-45.5,2.18438864194915,0,0,0.480091979980469,1.63,0,-5399.92822265625
100000000000000000000002,1,920625000,0,-42.5,5.33825314184203,0,0,0.480091979980469,1.63,0,-5399.92822265625
100000000000000000000004,1,920625000,0,-52.5,3.55883542789469,0,0,0.480091979980469,1.63,0,-5399.92822265625
100000000000000000000001,1,920625000,0,-44.5,2.31324302813155,0,0,0.480091979980469,1.63,0,-5399.92822265625
100000000000000000000004,1,920625000,0,-53,3.57724319734932,0,0,0.480091979980469,1.63,0,-5399.92822265625
100000000000000000000002,1,920625000,0,-42.5,5.32598129553895,0,0,0.480091979980469,1.63,0,-5399.92822265625
100000000000000000000001,1,920625000,0,-44.5,2.31937895128309,0,0,0.480091979980469,1.63,0,-5399.92822265625
100000000000000000000000,1,920625000,0,-60,1.18423316824772,0,0,0.480091979980469,1.63,0,-5399.92822265625
100000000000000000000003,1,920625000,0,-45.5,2.20279641140378,0,0,0.480091979980469,1.63,0,-5399.92822265625
100000000000000000000000,1,920625000,0,-60,1.20877686085389,0,0,0.480091979980469,1.63,0,-5399.92822265625
100000000000000000000003,1,920625000,0,-45.5,2.19666048825224,0,0,0.480091979980469,1.63,0,-5399.92822265625
100000000000000000000004,1,920625000,0,-52.5,3.5895150436524,0,0,0.480091979980469,1.63,0,-5399.92822265625
100000000000000000000001,1,920625000,0,-44.5,2.28869933552538,0,0,0.480091979980469,1.63,0,-5399.92822265625
100000000000000000000002,1,920625000,0,-42,5.33211721869049,0,0,0.480091979980469,1.63,0,-5399.92822265625
100000000000000000000002,1,920625000,0,-42.5,5.31370944923586,0,0,0.480091979980469,1.63,0,-5399.92822265625
100000000000000000000003,1,920625000,0,-45.5,2.17211679564607,0,0,0.480091979980469,1.63,0,-5399.92822265625
100000000000000000000001,1,920625000,0,-44.5,2.29483525867692,0,0,0.480091979980469,1.63,0,-5399.92822265625
100000000000000000000004,1,920625000,0,-52.5,3.61405873625857,0,0,0.480091979980469,1.63,0,-5399.92822265625
100000000000000000000000,1,920625000,0,-60,1.15968947564155,0,0,0.480091979980469,1.63,0,-5399.92822265625
100000000000000000000000,1,920625000,0,-60,1.16582539879309,0,0,0.480091979980469,1.63,0,-5399.92822265625
100000000000000000000001,1,920625000,0,-44.5,2.31324302813155,0,0,0.480091979980469,1.63,0,-5399.92822265625
100000000000000000000002,1,920625000,0,-42.5,5.29530167978123,0,0,0.480091979980469,1.63,0,-5399.92822265625
100000000000000000000003,1,920625000,0,-45,2.19666048825224,0,0,0.480091979980469,1.63,0,-5399.92822265625
100000000000000000000004,1,920625000,0,-52.5,3.59565096680394,0,0,0.480091979980469,1.63,0,-5399.92822265625
100000000000000000000004,1,920625000,0,-52.5,3.5465635815916,0,0,0.480091979980469,1.63,0,-5399.92822265625
100000000000000000000002,1,920625000,0,-42.5,5.31370944923586,0,0,0.480091979980469,1.63,0,-5399.92822265625
100000000000000000000003,1,920625000,0,-45.5,2.20279641140378,0,0,0.480091979980469,1.63,0,-5399.92822265625
100000000000000000000001,1,920625000,0,-44.5,2.29483525867692,0,0,0.480091979980469,1.63,0,-5399.92822265625
100000000000000000000000,1,920625000,0,-60,1.17809724509617,0,0,0.480091979980469,1.63,0,-5399.92822265625
100000000000000000000002,1,920625000,0,-42.5,5.32598129553895,0,0,0.480091979980469,1.63,0,-5399.92822265625
100000000000000000000001,1,920625000,0,-44.5,2.29483525867692,0,0,0.480091979980469,1.63,0,-5399.92822265625
100000000000000000000000,1,920625000,0,-60,1.17809724509617,0,0,0.480091979980469,1.63,0,-5399.92822265625
100000000000000000000004,1,920625000,0,-53,3.60178688995549,0,0,0.480091979980469,1.63,0,-5399.92822265625
100000000000000000000003,1,920625000,0,-45.5,2.19666048825224,0,0,0.480091979980469,1.63,0,-5399.92822265625
100000000000000000000000,1,920625000,0,-60,1.17196132194463,0,0,0.480091979980469,1.63,0,-5399.92822265625
100000000000000000000003,1,920625000,0,-45.5,2.19666048825224,0,0,0.480091979980469,1.63,0,-5399.92822265625
100000000000000000000002,1,920625000,0,-42.5,5.31370944923586,0,0,0.480091979980469,1.63,0,-5399.92822265625
100000000000000000000001,1,920625000,0,-44.5,2.28869933552538,0,0,0.480091979980469,1.63,0,-5399.92822265625
100000000000000000000004,1,920625000,0,-52.5,3.60178688995549,0,0,0.480091979980469,1.63,0,-5399.92822265625
100000000000000000000002,1,920625000,0,-42.5,5.3198453723874,0,0,0.480091979980469,1.63,0,-5399.92822265625
100000000000000000000001,1,920625000,0,-44.5,2.31324302813155,0,0,0.480091979980469,1.63,0,-5399.92822265625
100000000000000000000003,1,920625000,0,-45.5,2.22120418085841,0,0,0.480091979980469,1.63,0,-5399.92822265625
100000000000000000000004,1,920625000,0,-53,3.57724319734932,0,0,0.480091979980469,1.63,0,-5399.92822265625
100000000000000000000000,1,920625000,0,-60,1.17196132194463,0,0,0.480091979980469,1.63,0,-5399.92822265625
100000000000000000000001,1,920625000,0,-44.5,2.29483525867692,0,0,0.480091979980469,1.63,0,-5399.92822265625
100000000000000000000000,1,920625000,0,-60,1.18423316824772,0,0,0.480091979980469,1.63,0,-5399.92822265625
100000000000000000000003,1,920625000,0,-45.5,2.18438864194915,0,0,0.480091979980469,1.63,0,-5399.92822265625
100000000000000000000002,1,920625000,0,-42.5,5.30757352608432,0,0,0.480091979980469,1.63,0,-5399.92822265625
100000000000000000000004,1,920625000,0,-52.5,3.62019465941011,0,0,0.480091979980469,1.63,0,-5399.92822265625
100000000000000000000002,1,920625000,0,-42.5,5.30757352608432,0,0,0.480091979980469,1.63,0,-5399.92822265625
100000000000000000000000,1,920625000,0,-60,1.17809724509617,0,0,0.480091979980469,1.63,0,-5399.92822265625
100000000000000000000001,1,920625000,0,-44.5,2.29483525867692,0,0,0.480091979980469,1.63,0,-5399.92822265625
100000000000000000000003,1,920625000,0,-45,2.19666048825224,0,0,0.480091979980469,1.63,0,-5399.92822265625
100000000000000000000004,1,920625000,0,-53,3.57724319734932,0,0,0.480091979980469,1.63,0,-5399.92822265625
100000000000000000000000,1,920625000,0,-59.5,1.13514578303537,0,0,0.480091979980469,1.63,0,-5399.92822265625
100000000000000000000001,1,920625000,0,-44.5,2.31937895128309,0,0,0.480091979980469,1.63,0,-5399.92822265625
100000000000000000000004,1,920625000,0,-52.5,3.60178688995549,0,0,0.480091979980469,1.63,0,-5399.92822265625
100000000000000000000003,1,920625000,0,-45.5,2.20279641140378,0,0,0.480091979980469,1.63,0,-5399.92822265625
100000000000000000000002,1,920625000,0,-42.5,5.3198453723874,0,0,0.480091979980469,1.63,0,-5399.92822265625
100000000000000000000003,1,920625000,0,-45.5,2.1905245651007,0,0,0.480091979980469,1.63,0,-5399.92822265625
100000000000000000000000,1,920625000,0,-60,1.1965050145508,0,0,0.480091979980469,1.63,0,-5399.92822265625
100000000000000000000004,1,920625000,0,-53,3.61405873625857,0,0,0.480091979980469,1.63,0,-5399.92822265625
100000000000000000000001,1,920625000,0,-44.5,2.29483525867692,0,0,0.480091979980469,1.63,0,-5399.92822265625
100000000000000000000002,1,920625000,0,-42.5,5.31370944923586,0,0,0.480091979980469,1.63,0,-5399.92822265625
100000000000000000000004,1,920625000,0,-52.5,3.62633058256166,0,0,0.480091979980469,1.63,0,-5399.92822265625
100000000000000000000002,1,920625000,0,-42.5,5.3198453723874,0,0,0.480091979980469,1.63,0,-5399.92822265625
100000000000000000000001,1,920625000,0,-44.5,2.31324302813155,0,0,0.480091979980469,1.63,0,-5399.92822265625
100000000000000000000000,1,920625000,0,-60,1.12900985988383,0,0,0.480091979980469,1.63,0,-5399.92822265625
100000000000000000000003,1,920625000,0,-45.5,2.20279641140378,0,0,0.480091979980469,1.63,0,-5399.92822265625
100000000000000000000000,1,920625000,0,-60,1.19036909139926,0,0,0.480091979980469,1.63,0,-5399.92822265625
100000000000000000000002,1,920625000,0,-42.5,5.28302983347815,0,0,0.480091979980469,1.63,0,-5399.92822265625
100000000000000000000001,1,920625000,0,-44.5,2.30097118182846,0,0,0.480091979980469,1.63,0,-5399.92822265625
100000000000000000000003,1,920625000,0,-45.5,2.17825271879761,0,0,0.480091979980469,1.63,0,-5399.92822265625
100000000000000000000004,1,920625000,0,-52.5,3.58337912050086,0,0,0.480091979980469,1.63,0,-5399.92822265625
100000000000000000000003,1,920625000,0,-45.5,2.20893233455532,0,0,0.480091979980469,1.63,0,-5399.92822265625
100000000000000000000002,1,920625000,0,-42.5,5.33825314184203,0,0,0.480091979980469,1.63,0,-5399.92822265625
100000000000000000000000,1,920625000,0,-60,1.23332055346006,0,0,0.480091979980469,1.63,0,-5399.92822265625
100000000000000000000001,1,920625000,0,-44.5,2.30710710498,0,0,0.480091979980469,1.63,0,-5399.92822265625
100000000000000000000004,1,920625000,0,-53,3.57724319734932,0,0,0.480091979980469,1.63,0,-5399.92822265625
100000000000000000000002,1,920625000,0,-42.5,5.31370944923586,0,0,0.480091979980469,1.63,0,-5399.92822265625
100000000000000000000003,1,920625000,0,-45.5,2.18438864194915,0,0,0.480091979980469,1.63,0,-5399.92822265625
100000000000000000000001,1,920625000,0,-44.5,2.31324302813155,0,0,0.480091979980469,1.63,0,-5399.92822265625
100000000000000000000004,1,920625000,0,-52.5,3.60178688995549,0,0,0.480091979980469,1.63,0,-5399.92822265625
100000000000000000000000,1,920625000,0,-60,1.17196132194463,0,0,0.480091979980469,1.63,0,-5399.92822265625
100000000000000000000003,1,920625000,0,-45.5,2.1905245651007,0,0,0.480091979980469,1.63,0,-5399.92822265625
100000000000000000000000,1,920625000,0,-60,1.21491278400543,0,0,0.480091979980469,1.63,0,-5399.92822265625
100000000000000000000004,1,920625000,0,-52.5,3.61405873625857,0,0,0.480091979980469,1.63,0,-5399.92822265625
100000000000000000000001,1,920625000,0,-44.5,2.30097118182846,0,0,0.480091979980469,1.63,0,-5399.92822265625
100000000000000000000002,1,920625000,0,-42.5,5.33211721869049,0,0,0.480091979980469,1.63,0,-5399.92822265625
100000000000000000000002,1,920625000,0,-42.5,5.30757352608432,0,0,0.480091979980469,1.63,0,-5399.92822265625
100000000000000000000001,1,920625000,0,-45,2.27029156607075,0,0,0.480091979980469,1.63,0,-5399.92822265625
100000000000000000000003,1,920625000,0,-45.5,2.1905245651007,0,0,0.480091979980469,1.63,0,-5399.92822265625
100000000000000000000004,1,920625000,0,-52.5,3.60792281310703,0,0,0.480091979980469,1.63,0,-5399.92822265625
100000000000000000000000,1,920625000,0,-60,1.14128170618692,0,0,0.480091979980469,1.63,0,-5399.92822265625
100000000000000000000002,1,920625000,0,-42,5.3198453723874,0,0,0.480091979980469,1.63,0,-5399.92822265625
100000000000000000000004,1,920625000,0,-52.5,3.61405873625857,0,0,0.480091979980469,1.63,0,-5399.92822265625
100000000000000000000003,1,920625000,0,-45.5,2.18438864194915,0,0,0.480091979980469,1.63,0,-5399.92822265625
100000000000000000000000,1,920625000,0,-59.5,1.15968947564155,0,0,0.480091979980469,1.63,0,-5399.92822265625
100000000000000000000001,1,920625000,0,-44.5,2.30710710498,0,0,0.480091979980469,1.63,0,-5399.92822265625
100000000000000000000001,1,920625000,0,-44.5,2.31324302813155,0,0,0.480091979980469,1.63,0,-5399.92822265625
100000000000000000000004,1,920625000,0,-53,3.60178688995549,0,0,0.480091979980469,1.63,0,-5399.92822265625
100000000000000000000000,1,920625000,0,-60,1.14741762933846,0,0,0.480091979980469,1.63,0,-5399.92822265625
100000000000000000000003,1,920625000,0,-45.5,2.20279641140378,0,0,0.480091979980469,1.63,0,-5399.92822265625
100000000000000000000002,1,920625000,0,-42,5.3198453723874,0,0,0.480091979980469,1.63,0,-5399.92822265625
100000000000000000000001,1,920625000,0,-44.5,2.29483525867692,0,0,0.480091979980469,1.63,0,-5399.92822265625
100000000000000000000000,1,920625000,0,-60,1.20264093770234,0,0,0.480091979980469,1.63,0,-5399.92822265625
100000000000000000000003,1,920625000,0,-45.5,2.1905245651007,0,0,0.480091979980469,1.63,0,-5399.92822265625
100000000000000000000002,1,920625000,0,-42.5,5.32598129553895,0,0,0.480091979980469,1.63,0,-5399.92822265625
100000000000000000000004,1,920625000,0,-53,3.59565096680394,0,0,0.480091979980469,1.63,0,-5399.92822265625
100000000000000000000004,1,920625000,0,-52.5,3.59565096680394,0,0,0.480091979980469,1.63,0,-5399.92822265625
100000000000000000000002,1,920625000,0,-42,5.30757352608432,0,0,0.480091979980469,1.63,0,-5399.92822265625
100000000000000000000001,1,920625000,0,-44.5,2.31324302813155,0,0,0.480091979980469,1.63,0,-5399.92822265625
100000000000000000000003,1,920625000,0,-45.5,2.18438864194915,0,0,0.480091979980469,1.63,0,-5399.92822265625
100000000000000000000000,1,920625000,0,-60,1.12287393673229,0,0,0.480091979980469,1.63,0,-5399.92822265625
100000000000000000000002,1,920625000,0,-42,5.31370944923586,0,0,0.480091979980469,1.63,0,-5399.92822265625
100000000000000000000003,1,920625000,0,-45.5,2.17825271879761,0,0,0.480091979980469,1.63,0,-5399.92822265625
100000000000000000000004,1,920625000,0,-52.5,3.60178688995549,0,0,0.480091979980469,1.63,0,-5399.92822265625
100000000000000000000001,1,920625000,0,-44.5,2.31937895128309,0,0,0.480091979980469,1.63,0,-5399.92822265625
100000000000000000000000,1,920625000,0,-60,1.16582539879309,0,0,0.480091979980469,1.63,0,-5399.92822265625
100000000000000000000000,1,920625000,0,-60,1.14128170618692,0,0,0.480091979980469,1.63,0,-5399.92822265625
100000000000000000000002,1,920625000,0,-42.5,5.31370944923586,0,0,0.480091979980469,1.63,0,-5399.92822265625
100000000000000000000003,1,920625000,0,-45.5,2.21506825770687,0,0,0.480091979980469,1.63,0,-5399.92822265625
100000000000000000000001,1,920625000,0,-44.5,2.30097118182846,0,0,0.480091979980469,1.63,0,-5399.92822265625
100000000000000000000004,1,920625000,0,-53,3.59565096680394,0,0,0.480091979980469,1.63,0,-5399.92822265625
100000000000000000000004,1,920625000,0,-52.5,3.61405873625857,0,0,0.480091979980469,1.63,0,-5399.92822265625
100000000000000000000001,1,920625000,0,-44.5,2.31324302813155,0,0,0.480091979980469,1.63,0,-5399.92822265625
100000000000000000000002,1,920625000,0,-42.5,5.3198453723874,0,0,0.480091979980469,1.63,0,-5399.92822265625
100000000000000000000000,1,920625000,0,-60,1.13514578303537,0,0,0.480091979980469,1.63,0,-5399.92822265625
100000000000000000000003,1,920625000,0,-45.5,2.1905245651007,0,0,0.480091979980469,1.63,0,-5399.92822265625
100000000000000000000001,1,920625000,0,-44.5,2.30710710498,0,0,0.480091979980469,1.63,0,-5399.92822265625
100000000000000000000003,1,920625000,0,-45.5,2.16598087249453,0,0,0.480091979980469,1.63,0,-5399.92822265625
100000000000000000000002,1,920625000,0,-42.5,5.32598129553895,0,0,0.480091979980469,1.63,0,-5399.92822265625
100000000000000000000000,1,920625000,0,-60,1.17809724509617,0,0,0.480091979980469,1.63,0,-5399.92822265625
100000000000000000000004,1,920625000,0,-53,3.57724319734932,0,0,0.480091979980469,1.63,0,-5399.92822265625
100000000000000000000002,1,920625000,0,-42.5,5.32598129553895,0,0,0.480091979980469,1.63,0,-5399.92822265625
100000000000000000000001,1,920625000,0,-44.5,2.29483525867692,0,0,0.480091979980469,1.63,0,-5399.92822265625
100000000000000000000003,1,920625000,0,-45.5,2.19666048825224,0,0,0.480091979980469,1.63,0,-5399.92822265625
100000000000000000000000,1,920625000,0,-60,1.14741762933846,0,0,0.480091979980469,1.63,0,-5399.92822265625
100000000000000000000004,1,920625000,0,-52.5,3.62019465941011,0,0,0.480091979980469,1.63,0,-5399.92822265625
100000000000000000000001,1,920625000,0,-44.5,2.28869933552538,0,0,0.480091979980469,1.63,0,-5399.92822265625
100000000000000000000000,1,920625000,0,-60,1.19036909139926,0,0,0.480091979980469,1.63,0,-5399.92822265625
100000000000000000000002,1,920625000,0,-42.5,5.3198453723874,0,0,0.480091979980469,1.63,0,-5399.92822265625
100000000000000000000003,1,920625000,0,-45.5,2.19666048825224,0,0,0.480091979980469,1.63,0,-5399.92822265625
100000000000000000000004,1,920625000,0,-53,3.5895150436524,0,0,0.480091979980469,1.63,0,-5399.92822265625
100000000000000000000001,1,920625000,0,-44.5,2.30097118182846,0,0,0.480091979980469,1.63,0,-5399.92822265625
100000000000000000000002,1,920625000,0,-42.5,5.3198453723874,0,0,0.480091979980469,1.63,0,-5399.92822265625
100000000000000000000003,1,920625000,0,-45.5,2.18438864194915,0,0,0.480091979980469,1.63,0,-5399.92822265625
100000000000000000000004,1,920625000,0,-52.5,3.62019465941011,0,0,0.480091979980469,1.63,0,-5399.92822265625
100000000000000000000000,1,920625000,0,-60,1.12287393673229,0,0,0.480091979980469,1.63,0,-5399.92822265625
100000000000000000000003,1,920625000,0,-45.5,2.20279641140378,0,0,0.480091979980469,1.63,0,-5399.92822265625
100000000000000000000001,1,920625000,0,-44.5,2.30097118182846,0,0,0.480091979980469,1.63,0,-5399.92822265625
100000000000000000000000,1,920625000,0,-59.5,1.20264093770234,0,0,0.480091979980469,1.63,0,-5399.92822265625
100000000000000000000002,1,920625000,0,-42.5,5.3198453723874,0,0,0.480091979980469,1.63,0,-5399.92822265625
100000000000000000000004,1,920625000,0,-52.5,3.58337912050086,0,0,0.480091979980469,1.63,0,-5399.92822265625
100000000000000000000004,1,920625000,0,-52.5,3.62019465941011,0,0,0.480091979980469,1.63,0,-5399.92822265625
100000000000000000000002,1,920625000,0,-42.5,5.30143760293278,0,0,0.480091979980469,1.63,0,-5399.92822265625
100000000000000000000000,1,920625000,0,-60,1.1965050145508,0,0,0.480091979980469,1.63,0,-5399.92822265625
100000000000000000000003,1,920625000,0,-45.5,2.18438864194915,0,0,0.480091979980469,1.63,0,-5399.92822265625
100000000000000000000001,1,920625000,0,-44.5,2.30097118182846,0,0,0.480091979980469,1.63,0,-5399.92822265625
100000000000000000000001,1,920625000,0,-44.5,2.30710710498,0,0,0.480091979980469,1.63,0,-5399.92822265625
100000000000000000000003,1,920625000,0,-45.5,2.18438864194915,0,0,0.480091979980469,1.63,0,-5399.92822265625
100000000000000000000002,1,920625000,0,-42,5.34438906499357,0,0,0.480091979980469,1.63,0,-5399.92822265625
100000000000000000000004,1,920625000,0,-52.5,3.61405873625857,0,0,0.480091979980469,1.63,0,-5399.92822265625
100000000000000000000000,1,920625000,0,-59.5,1.14741762933846,0,0,0.480091979980469,1.63,0,-5399.92822265625
100000000000000000000002,1,920625000,0,-42.5,5.31370944923586,0,0,0.480091979980469,1.63,0,-5399.92822265625
100000000000000000000003,1,920625000,0,-45.5,2.19666048825224,0,0,0.480091979980469,1.63,0,-5399.92822265625
100000000000000000000000,1,920625000,0,-60,1.19036909139926,0,0,0.480091979980469,1.63,0,-5399.92822265625
100000000000000000000004,1,920625000,0,-53,3.58337912050086,0,0,0.480091979980469,1.63,0,-5399.92822265625
100000000000000000000001,1,920625000,0,-44.5,2.29483525867692,0,0,0.480091979980469,1.63,0,-5399.92822265625
100000000000000000000002,1,920625000,0,-42.5,5.30757352608432,0,0,0.480091979980469,1.63,0,-5399.92822265625
100000000000000000000003,1,920625000,0,-45.5,2.17211679564607,0,0,0.480091979980469,1.63,0,-5399.92822265625
100000000000000000000001,1,920625000,0,-44.5,2.29483525867692,0,0,0.480091979980469,1.63,0,-5399.92822265625
100000000000000000000000,1,920625000,0,-59.5,1.12900985988383,0,0,0.480091979980469,1.63,0,-5399.92822265625
100000000000000000000004,1,920625000,0,-52.5,3.63860242886474,0,0,0.480091979980469,1.63,0,-5399.92822265625
100000000000000000000001,1,920625000,0,-44.5,2.31937895128309,0,0,0.480091979980469,1.63,0,-5399.92822265625
100000000000000000000003,1,920625000,0,-45.5,2.20279641140378,0,0,0.480091979980469,1.63,0,-5399.92822265625
100000000000000000000004,1,920625000,0,-52.5,3.60792281310703,0,0,0.480091979980469,1.63,0,-5399.92822265625
100000000000000000000002,1,920625000,0,-42.5,5.28916575662969,0,0,0.480091979980469,1.63,0,-5399.92822265625
100000000000000000000000,1,920625000,0,-60,1.20877686085389,0,0,0.480091979980469,1.63,0,-5399.92822265625
100000000000000000000004,1,920625000,0,-53,3.58337912050086,0,0,0.480091979980469,1.63,0,-5399.92822265625
100000000000000000000003,1,920625000,0,-45.5,2.20279641140378,0,0,0.480091979980469,1.63,0,-5399.92822265625
100000000000000000000000,1,920625000,0,-60,1.17196132194463,0,0,0.480091979980469,1.63,0,-5399.92822265625
100000000000000000000001,1,920625000,0,-44.5,2.29483525867692,0,0,0.480091979980469,1.63,0,-5399.92822265625
100000000000000000000002,1,920625000,0,-42.5,5.31370944923586,0,0,0.480091979980469,1.63,0,-5399.92822265625
100000000000000000000004,1,920625000,0,-52.5,3.61405873625857,0,0,0.480091979980469,1.63,0,-5399.92822265625
100000000000000000000000,1,920625000,0,-60,1.17196132194463,0,0,0.480091979980469,1.63,0,-5399.92822265625
100000000000000000000001,1,920625000,0,-44.5,2.30710710498,0,0,0.480091979980469,1.63,0,-5399.92822265625
100000000000000000000003,1,920625000,0,-45.5,2.20893233455532,0,0,0.480091979980469,1.63,0,-5399.92822265625
100000000000000000000002,1,920625000,0,-42.5,5.33211721869049,0,0,0.480091979980469,1.63,0,-5399.92822265625
100000000000000000000001,1,920625000,0,-44.5,2.30097118182846,0,0,0.480091979980469,1.63,0,-5399.92822265625
100000000000000000000000,1,920625000,0,-60,1.11673801358075,0,0,0.480091979980469,1.63,0,-5399.92822265625
100000000000000000000002,1,920625000,0,-42.5,5.30757352608432,0,0,0.480091979980469,1.63,0,-5399.92822265625
100000000000000000000003,1,920625000,0,-45.5,2.18438864194915,0,0,0.480091979980469,1.63,0,-5399.92822265625
100000000000000000000004,1,920625000,0,-52.5,3.57724319734932,0,0,0.480091979980469,1.63,0,-5399.92822265625
100000000000000000000000,1,920625000,0,-60,1.15355355249,0,0,0.480091979980469,1.63,0,-5399.92822265625
100000000000000000000002,1,920625000,0,-42.5,5.3198453723874,0,0,0.480091979980469,1.63,0,-5399.92822265625
100000000000000000000003,1,920625000,0,-45.5,2.19666048825224,0,0,0.480091979980469,1.63,0,-5399.92822265625
100000000000000000000004,1,920625000,0,-52.5,3.57724319734932,0,0,0.480091979980469,1.63,0,-5399.92822265625
100000000000000000000001,1,920625000,0,-44.5,2.30097118182846,0,0,0.480091979980469,1.63,0,-5399.92822265625
100000000000000000000003,1,920625000,0,-45.5,2.18438864194915,0,0,0.480091979980469,1.63,0,-5399.92822265625
100000000000000000000001,1,920625000,0,-44.5,2.28256341237383,0,0,0.480091979980469,1.63,0,-5399.92822265625
100000000000000000000002,1,920625000,0,-42,5.3198453723874,0,0,0.480091979980469,1.63,0,-5399.92822265625
100000000000000000000004,1,920625000,0,-52.5,3.60178688995549,0,0,0.480091979980469,1.63,0,-5399.92822265625
100000000000000000000000,1,920625000,0,-60,1.12900985988383,0,0,0.480091979980469,1.63,0,-5399.92822265625
100000000000000000000001,1,920625000,0,-44.5,2.28869933552538,0,0,0.480091979980469,1.63,0,-5399.92822265625
100000000000000000000002,1,920625000,0,-42,5.3198453723874,0,0,0.480091979980469,1.63,0,-5399.92822265625
100000000000000000000000,1,920625000,0,-60,1.14741762933846,0,0,0.480091979980469,1.63,0,-5399.92822265625
100000000000000000000003,1,920625000,0,-45.5,2.19666048825224,0,0,0.480091979980469,1.63,0,-5399.92822265625
100000000000000000000004,1,920625000,0,-52.5,3.60178688995549,0,0,0.480091979980469,1.63,0,-5399.92822265625
100000000000000000000000,1,920625000,0,-60,1.21491278400543,0,0,0.480091979980469,1.63,0,-5399.92822265625
100000000000000000000004,1,920625000,0,-53,3.57110727419777,0,0,0.480091979980469,1.63,0,-5399.92822265625
100000000000000000000003,1,920625000,0,-45.5,2.1905245651007,0,0,0.480091979980469,1.63,0,-5399.92822265625
100000000000000000000001,1,920625000,0,-44.5,2.30097118182846,0,0,0.480091979980469,1.63,0,-5399.92822265625
100000000000000000000002,1,920625000,0,-42.5,5.33211721869049,0,0,0.480091979980469,1.63,0,-5399.92822265625
100000000000000000000000,1,920625000,0,-59.5,1.15355355249,0,0,0.480091979980469,1.63,0,-5399.92822265625
100000000000000000000004,1,920625000,0,-52.5,3.60178688995549,0,0,0.480091979980469,1.63,0,-5399.92822265625
100000000000000000000002,1,920625000,0,-42.5,5.33211721869049,0,0,0.480091979980469,1.63,0,-5399.92822265625
100000000000000000000003,1,920625000,0,-45.5,2.1905245651007,0,0,0.480091979980469,1.63,0,-5399.92822265625
100000000000000000000001,1,920625000,0,-45,2.30097118182846,0,0,0.480091979980469,1.63,0,-5399.92822265625
100000000000000000000004,1,920625000,0,-53,3.5895150436524,0,0,0.480091979980469,1.63,0,-5399.92822265625
100000000000000000000003,1,920625000,0,-45.5,2.19666048825224,0,0,0.480091979980469,1.63,0,-5399.92822265625
100000000000000000000002,1,920625000,0,-42.5,5.30757352608432,0,0,0.480091979980469,1.63,0,-5399.92822265625
100000000000000000000001,1,920625000,0,-44.5,2.30097118182846,0,0,0.480091979980469,1.63,0,-5399.92822265625
100000000000000000000000,1,921125000,0,-61,1.50943709527947,0,0,0.480091979980469,1.63,0,-5399.92822265625
100000000000000000000002,1,921125000,0,-42.5,5.55301045214602,0,0,0.480091979980469,1.63,0,-5399.92822265625
100000000000000000000003,1,921125000,0,-45.5,2.39914595225314,0,0,0.480091979980469,1.63,0,-5399.92822265625
100000000000000000000004,1,921125000,0,-52.5,3.79200050765331,0,0,0.480091979980469,1.63,0,-5399.92822265625
100000000000000000000001,1,921125000,0,-44.5,2.56481587734479,0,0,0.480091979980469,1.63,0,-5399.92822265625
100000000000000000000000,1,921125000,0,-61,1.46648563321867,0,0,0.480091979980469,1.63,0,-5399.92822265625
100000000000000000000004,1,921125000,0,-52.5,3.76132089189559,0,0,0.480091979980469,1.63,0,-5399.92822265625
100000000000000000000002,1,921125000,0,-42.5,5.53460268269139,0,0,0.480091979980469,1.63,0,-5399.92822265625
100000000000000000000000,1,921125000,0,-60.5,1.50330117212793,0,0,0.480091979980469,1.63,0,-5399.92822265625
100000000000000000000001,1,921125000,0,-44.5,2.57095180049633,0,0,0.480091979980469,1.63,0,-5399.92822265625
100000000000000000000003,1,921125000,0,-45.5,2.3930100291016,0,0,0.480091979980469,1.63,0,-5399.92822265625
100000000000000000000003,1,921125000,0,-45.5,2.41755372170777,0,0,0.480091979980469,1.63,0,-5399.92822265625
100000000000000000000004,1,921125000,0,-52,3.79200050765331,0,0,0.480091979980469,1.63,0,-5399.92822265625
100000000000000000000001,1,921125000,0,-44.5,2.55254403104171,0,0,0.480091979980469,1.63,0,-5399.92822265625
100000000000000000000000,1,921125000,0,-60.5,1.49102932582484,0,0,0.480091979980469,1.63,0,-5399.92822265625
100000000000000000000002,1,921125000,0,-42.5,5.56528229844911,0,0,0.480091979980469,1.63,0,-5399.92822265625
100000000000000000000002,1,921125000,0,-42.5,5.53460268269139,0,0,0.480091979980469,1.63,0,-5399.92822265625
100000000000000000000001,1,921125000,0,-44.5,2.56481587734479,0,0,0.480091979980469,1.63,0,-5399.92822265625
100000000000000000000004,1,921125000,0,-52,3.78586458450176,0,0,0.480091979980469,1.63,0,-5399.92822265625
100000000000000000000003,1,921125000,0,-45.5,2.40528187540469,0,0,0.480091979980469,1.63,0,-5399.92822265625
100000000000000000000000,1,921125000,0,-60.5,1.3989904785517,0,0,0.480091979980469,1.63,0,-5399.92822265625
100000000000000000000001,1,921125000,0,-44.5,2.56481587734479,0,0,0.480091979980469,1.63,0,-5399.92822265625
100000000000000000000003,1,921125000,0,-45.5,2.39914595225314,0,0,0.480091979980469,1.63,0,-5399.92822265625
100000000000000000000004,1,921125000,0,-52,3.76745681504713,0,0,0.480091979980469,1.63,0,-5399.92822265625
100000000000000000000002,1,921125000,0,-42.5,5.57755414475219,0,0,0.480091979980469,1.63,0,-5399.92822265625
100000000000000000000000,1,921125000,0,-61,1.42967009430942,0,0,0.480091979980469,1.63,0,-5399.92822265625
100000000000000000000003,1,921125000,0,-45.5,2.3930100291016,0,0,0.480091979980469,1.63,0,-5399.92822265625
100000000000000000000002,1,921125000,0,-42.5,5.56528229844911,0,0,0.480091979980469,1.63,0,-5399.92822265625
100000000000000000000001,1,921125000,0,-44.5,2.56481587734479,0,0,0.480091979980469,1.63,0,-5399.92822265625
100000000000000000000004,1,921125000,0,-52.5,3.78586458450176,0,0,0.480091979980469,1.63,0,-5399.92822265625
100000000000000000000000,1,921125000,0,-61,1.46648563321867,0,0,0.480091979980469,1.63,0,-5399.92822265625
100000000000000000000000,1,921125000,0,-61,1.54625263418873,0,0,0.480091979980469,1.63,0,-5399.92822265625
100000000000000000000003,1,921125000,0,-46,2.39914595225314,0,0,0.480091979980469,1.63,0,-5399.92822265625
100000000000000000000001,1,921125000,0,-44.5,2.56481587734479,0,0,0.480091979980469,1.63,0,-5399.92822265625
100000000000000000000004,1,921125000,0,-52,3.78586458450176,0,0,0.480091979980469,1.63,0,-5399.92822265625
100000000000000000000002,1,921125000,0,-42.5,5.55914637529756,0,0,0.480091979980469,1.63,0,-5399.92822265625
100000000000000000000001,1,921125000,0,-44.5,2.56481587734479,0,0,0.480091979980469,1.63,0,-5399.92822265625
100000000000000000000000,1,921125000,0,-60.5,1.47875747952176,0,0,0.480091979980469,1.63,0,-5399.92822265625
100000000000000000000003,1,921125000,0,-45.5,2.40528187540469,0,0,0.480091979980469,1.63,0,-5399.92822265625
100000000000000000000002,1,921125000,0,-42.5,5.56528229844911,0,0,0.480091979980469,1.63,0,-5399.92822265625
100000000000000000000004,1,921125000,0,-52.5,3.80427235395639,0,0,0.480091979980469,1.63,0,-5399.92822265625
100000000000000000000003,1,921125000,0,-45.5,2.42368964485931,0,0,0.480091979980469,1.63,0,-5399.92822265625
100000000000000000000001,1,921125000,0,-44.5,2.57095180049633,0,0,0.480091979980469,1.63,0,-5399.92822265625
100000000000000000000004,1,921125000,0,-52,3.78586458450176,0,0,0.480091979980469,1.63,0,-5399.92822265625
100000000000000000000002,1,921125000,0,-42.5,5.53460268269139,0,0,0.480091979980469,1.63,0,-5399.92822265625
100000000000000000000000,1,921125000,0,-61,1.61374778885569,0,0,0.480091979980469,1.63,0,-5399.92822265625
100000000000000000000001,1,921125000,0,-44.5,2.57708772364788,0,0,0.480091979980469,1.63,0,-5399.92822265625
100000000000000000000004,1,921125000,0,-52.5,3.76132089189559,0,0,0.480091979980469,1.63,0,-5399.92822265625
100000000000000000000003,1,921125000,0,-45.5,2.41755372170777,0,0,0.480091979980469,1.63,0,-5399.92822265625
100000000000000000000000,1,921125000,0,-61,1.51557301843101,0,0,0.480091979980469,1.63,0,-5399.92822265625
100000000000000000000002,1,921125000,0,-42.5,5.53460268269139,0,0,0.480091979980469,1.63,0,-5399.92822265625
100000000000000000000004,1,921125000,0,-52.5,3.76132089189559,0,0,0.480091979980469,1.63,0,-5399.92822265625
100000000000000000000001,1,921125000,0,-44.5,2.57095180049633,0,0,0.480091979980469,1.63,0,-5399.92822265625
100000000000000000000000,1,921125000,0,-61.5,1.51557301843101,0,0,0.480091979980469,1.63,0,-5399.92822265625
100000000000000000000002,1,921125000,0,-42.5,5.54073860584294,0,0,0.480091979980469,1.63,0,-5399.92822265625
100000000000000000000003,1,921125000,0,-45.5,2.41755372170777,0,0,0.480091979980469,1.63,0,-5399.92822265625
100000000000000000000000,1,921125000,0,-61,1.45421378691559,0,0,0.480091979980469,1.63,0,-5399.92822265625
100000000000000000000004,1,921125000,0,-52.5,3.79813643080485,0,0,0.480091979980469,1.63,0,-5399.92822265625
100000000000000000000003,1,921125000,0,-46,2.39914595225314,0,0,0.480091979980469,1.63,0,-5399.92822265625
100000000000000000000001,1,921125000,0,-44.5,2.57095180049633,0,0,0.480091979980469,1.63,0,-5399.92822265625
100000000000000000000002,1,921125000,0,-42.5,5.55301045214602,0,0,0.480091979980469,1.63,0,-5399.92822265625
100000000000000000000003,1,921125000,0,-45.5,2.39914595225314,0,0,0.480091979980469,1.63,0,-5399.92822265625
100000000000000000000001,1,921125000,0,-44.5,2.57708772364788,0,0,0.480091979980469,1.63,0,-5399.92822265625
100000000000000000000004,1,921125000,0,-52.5,3.78586458450176,0,0,0.480091979980469,1.63,0,-5399.92822265625
100000000000000000000002,1,921125000,0,-42.5,5.55914637529756,0,0,0.480091979980469,1.63,0,-5399.92822265625
100000000000000000000000,1,921125000,0,-60.5,1.46648563321867,0,0,0.480091979980469,1.63,0,-5399.92822265625
100000000000000000000002,1,921125000,0,-42.5,5.55301045214602,0,0,0.480091979980469,1.63,0,-5399.92822265625
100000000000000000000001,1,921125000,0,-44.5,2.57095180049633,0,0,0.480091979980469,1.63,0,-5399.92822265625
100000000000000000000003,1,921125000,0,-46,2.41141779855623,0,0,0.480091979980469,1.63,0,-5399.92822265625
100000000000000000000000,1,921125000,0,-60.5,1.50943709527947,0,0,0.480091979980469,1.63,0,-5399.92822265625
100000000000000000000004,1,921125000,0,-52.5,3.77359273819868,0,0,0.480091979980469,1.63,0,-5399.92822265625
100000000000000000000002,1,921125000,0,-42.5,5.55301045214602,0,0,0.480091979980469,1.63,0,-5399.92822265625
100000000000000000000003,1,921125000,0,-45.5,2.41141779855623,0,0,0.480091979980469,1.63,0,-5399.92822265625
100000000000000000000001,1,921125000,0,-44.5,2.55867995419325,0,0,0.480091979980469,1.63,0,-5399.92822265625
100000000000000000000000,1,921125000,0,-60.5,1.53398078788564,0,0,0.480091979980469,1.63,0,-5399.92822265625
100000000000000000000004,1,921125000,0,-52.5,3.76132089189559,0,0,0.480091979980469,1.63,0,-5399.92822265625
100000000000000000000001,1,921125000,0,-44.5,2.57708772364788,0,0,0.480091979980469,1.63,0,-5399.92822265625
100000000000000000000002,1,921125000,0,-42.5,5.56528229844911,0,0,0.480091979980469,1.63,0,-5399.92822265625
100000000000000000000003,1,921125000,0,-45.5,2.40528187540469,0,0,0.480091979980469,1.63,0,-5399.92822265625
100000000000000000000004,1,921125000,0,-52.5,3.78586458450176,0,0,0.480091979980469,1.63,0,-5399.92822265625
100000000000000000000000,1,921125000,0,-61,1.55852448049181,0,0,0.480091979980469,1.63,0,-5399.92822265625
100000000000000000000003,1,921125000,0,-46,2.3930100291016,0,0,0.480091979980469,1.63,0,-5399.92822265625
100000000000000000000000,1,921125000,0,-61,1.53398078788564,0,0,0.480091979980469,1.63,0,-5399.92822265625
100000000000000000000004,1,921125000,0,-52,3.79200050765331,0,0,0.480091979980469,1.63,0,-5399.92822265625
100000000000000000000001,1,921125000,0,-44.5,2.57708772364788,0,0,0.480091979980469,1.63,0,-5399.92822265625
100000000000000000000002,1,921125000,0,-42.5,5.53460268269139,0,0,0.480091979980469,1.63,0,-5399.92822265625
100000000000000000000004,1,921125000,0,-52,3.77972866135022,0,0,0.480091979980469,1.63,0,-5399.92822265625
100000000000000000000000,1,921125000,0,-61,1.5278448647341,0,0,0.480091979980469,1.63,0,-5399.92822265625
100000000000000000000001,1,921125000,0,-44.5,2.57095180049633,0,0,0.480091979980469,1.63,0,-5399.92822265625
100000000000000000000002,1,921125000,0,-42.5,5.54687452899448,0,0,0.480091979980469,1.63,0,-5399.92822265625
100000000000000000000003,1,921125000,0,-46,2.37460225964697,0,0,0.480091979980469,1.63,0,-5399.92822265625
100000000000000000000001,1,921125000,0,-44.5,2.57095180049633,0,0,0.480091979980469,1.63,0,-5399.92822265625
100000000000000000000000,1,921125000,0,-60.5,1.46648563321867,0,0,0.480091979980469,1.63,0,-5399.92822265625
100000000000000000000003,1,921125000,0,-45.5,2.3930100291016,0,0,0.480091979980469,1.63,0,-5399.92822265625
100000000000000000000004,1,921125000,0,-52.5,3.77359273819868,0,0,0.480091979980469,1.63,0,-5399.92822265625
100000000000000000000002,1,921125000,0,-42.5,5.52846675953985,0,0,0.480091979980469,1.63,0,-5399.92822265625
100000000000000000000004,1,921125000,0,-52,3.76132089189559,0,0,0.480091979980469,1.63,0,-5399.92822265625
100000000000000000000001,1,921125000,0,-44.5,2.57095180049633,0,0,0.480091979980469,1.63,0,-5399.92822265625
100000000000000000000000,1,921125000,0,-60.5,1.49716524897639,0,0,0.480091979980469,1.63,0,-5399.92822265625
100000000000000000000002,1,921125000,0,-42.5,5.57755414475219,0,0,0.480091979980469,1.63,0,-5399.92822265625
100000000000000000000003,1,921125000,0,-45.5,2.42982556801086,0,0,0.480091979980469,1.63,0,-5399.92822265625
100000000000000000000000,1,921125000,0,-61,1.5278448647341,0,0,0.480091979980469,1.63,0,-5399.92822265625
100000000000000000000003,1,921125000,0,-45.5,2.39914595225314,0,0,0.480091979980469,1.63,0,-5399.92822265625
100000000000000000000002,1,921125000,0,-42.5,5.53460268269139,0,0,0.480091979980469,1.63,0,-5399.92822265625
100000000000000000000004,1,921125000,0,-52,3.76745681504713,0,0,0.480091979980469,1.63,0,-5399.92822265625
100000000000000000000001,1,921125000,0,-44.5,2.57095180049633,0,0,0.480091979980469,1.63,0,-5399.92822265625
100000000000000000000001,1,921125000,0,-44.5,2.57095180049633,0,0,0.480091979980469,1.63,0,-5399.92822265625
100000000000000000000000,1,921125000,0,-60.5,1.52170894158256,0,0,0.480091979980469,1.63,0,-5399.92822265625
100000000000000000000004,1,921125000,0,-52.5,3.79813643080485,0,0,0.480091979980469,1.63,0,-5399.92822265625
100000000000000000000003,1,921125000,0,-45.5,2.41141779855623,0,0,0.480091979980469,1.63,0,-5399.92822265625
100000000000000000000002,1,921125000,0,-42.5,5.57141822160065,0,0,0.480091979980469,1.63,0,-5399.92822265625
100000000000000000000002,1,921125000,0,-42.5,5.58369006790373,0,0,0.480091979980469,1.63,0,-5399.92822265625
100000000000000000000003,1,921125000,0,-45.5,2.38687410595006,0,0,0.480091979980469,1.63,0,-5399.92822265625
100000000000000000000000,1,921125000,0,-61,1.5278448647341,0,0,0.480091979980469,1.63,0,-5399.92822265625
100000000000000000000001,1,921125000,0,-44.5,2.55867995419325,0,0,0.480091979980469,1.63,0,-5399.92822265625
100000000000000000000004,1,921125000,0,-52.5,3.78586458450176,0,0,0.480091979980469,1.63,0,-5399.92822265625
100000000000000000000002,1,921125000,0,-42.5,5.53460268269139,0,0,0.480091979980469,1.63,0,-5399.92822265625
100000000000000000000003,1,921125000,0,-45.5,2.40528187540469,0,0,0.480091979980469,1.63,0,-5399.92822265625
100000000000000000000004,1,921125000,0,-52.5,3.77972866135022,0,0,0.480091979980469,1.63,0,-5399.92822265625
100000000000000000000000,1,921125000,0,-60.5,1.47262155637022,0,0,0.480091979980469,1.63,0,-5399.92822265625
100000000000000000000001,1,921125000,0,-44.5,2.55867995419325,0,0,0.480091979980469,1.63,0,-5399.92822265625
100000000000000000000001,1,921125000,0,-44.5,2.56481587734479,0,0,0.480091979980469,1.63,0,-5399.92822265625
100000000000000000000003,1,921125000,0,-46,2.41755372170777,0,0,0.480091979980469,1.63,0,-5399.92822265625
100000000000000000000000,1,921125000,0,-61,1.5278448647341,0,0,0.480091979980469,1.63,0,-5399.92822265625
100000000000000000000002,1,921125000,0,-42.5,5.52846675953985,0,0,0.480091979980469,1.63,0,-5399.92822265625
100000000000000000000004,1,921125000,0,-52.5,3.74904904559251,0,0,0.480091979980469,1.63,0,-5399.92822265625
100000000000000000000004,1,921125000,0,-52.5,3.77972866135022,0,0,0.480091979980469,1.63,0,-5399.92822265625
100000000000000000000001,1,921125000,0,-44.5,2.57708772364788,0,0,0.480091979980469,1.63,0,-5399.92822265625
100000000000000000000002,1,921125000,0,-42.5,5.54687452899448,0,0,0.480091979980469,1.63,0,-5399.92822265625
100000000000000000000003,1,921125000,0,-45.5,2.40528187540469,0,0,0.480091979980469,1.63,0,-5399.92822265625
100000000000000000000000,1,921125000,0,-61,1.46648563321867,0,0,0.480091979980469,1.63,0,-5399.92822265625
100000000000000000000002,1,921125000,0,-42.5,5.54073860584294,0,0,0.480091979980469,1.63,0,-5399.92822265625
100000000000000000000004,1,921125000,0,-52.5,3.78586458450176,0,0,0.480091979980469,1.63,0,-5399.92822265625
100000000000000000000003,1,921125000,0,-45.5,2.41141779855623,0,0,0.480091979980469,1.63,0,-5399.92822265625
100000000000000000000000,1,921125000,0,-61,1.4848934026733,0,0,0.480091979980469,1.63,0,-5399.92822265625
100000000000000000000001,1,921125000,0,-44.5,2.56481587734479,0,0,0.480091979980469,1.63,0,-5399.92822265625
100000000000000000000000,1,921125000,0,-60.5,1.55852448049181,0,0,0.480091979980469,1.63,0,-5399.92822265625
100000000000000000000003,1,921125000,0,-45.5,2.40528187540469,0,0,0.480091979980469,1.63,0,-5399.92822265625
100000000000000000000002,1,921125000,0,-42.5,5.55914637529756,0,0,0.480091979980469,1.63,0,-5399.92822265625
100000000000000000000001,1,921125000,0,-44.5,2.56481587734479,0,0,0.480091979980469,1.63,0,-5399.92822265625
100000000000000000000004,1,921125000,0,-52.5,3.82268012341102,0,0,0.480091979980469,1.63,0,-5399.92822265625
100000000000000000000001,1,921125000,0,-44.5,2.57095180049633,0,0,0.480091979980469,1.63,0,-5399.92822265625
100000000000000000000002,1,921125000,0,-42.5,5.54073860584294,0,0,0.480091979980469,1.63,0,-5399.92822265625
100000000000000000000003,1,921125000,0,-45.5,2.42368964485931,0,0,0.480091979980469,1.63,0,-5399.92822265625
100000000000000000000000,1,921125000,0,-60.5,1.4848934026733,0,0,0.480091979980469,1.63,0,-5399.92822265625
100000000000000000000004,1,921125000,0,-52.5,3.79200050765331,0,0,0.480091979980469,1.63,0,-5399.92822265625
100000000000000000000002,1,921125000,0,-42.5,5.57141822160065,0,0,0.480091979980469,1.63,0,-5399.92822265625
100000000000000000000000,1,921125000,0,-61,1.54011671103718,0,0,0.480091979980469,1.63,0,-5399.92822265625
100000000000000000000004,1,921125000,0,-52.5,3.77972866135022,0,0,0.480091979980469,1.63,0,-5399.92822265625
100000000000000000000003,1,921125000,0,-45.5,2.3930100291016,0,0,0.480091979980469,1.63,0,-5399.92822265625
100000000000000000000001,1,921125000,0,-44.5,2.56481587734479,0,0,0.480091979980469,1.63,0,-5399.92822265625
100000000000000000000001,1,921125000,0,-44.5,2.56481587734479,0,0,0.480091979980469,1.63,0,-5399.92822265625
100000000000000000000003,1,921125000,0,-45.5,2.40528187540469,0,0,0.480091979980469,1.63,0,-5399.92822265625
100000000000000000000000,1,921125000,0,-61,1.43580601746096,0,0,0.480091979980469,1.63,0,-5399.92822265625
100000000000000000000004,1,921125000,0,-52.5,3.81040827710793,0,0,0.480091979980469,1.63,0,-5399.92822265625
100000000000000000000002,1,921125000,0,-42.5,5.55914637529756,0,0,0.480091979980469,1.63,0,-5399.92822265625
100000000000000000000003,1,921125000,0,-45.5,2.41141779855623,0,0,0.480091979980469,1.63,0,-5399.92822265625
100000000000000000000000,1,921125000,0,-61,1.44807786376405,0,0,0.480091979980469,1.63,0,-5399.92822265625
100000000000000000000001,1,921125000,0,-44.5,2.57708772364788,0,0,0.480091979980469,1.63,0,-5399.92822265625
100000000000000000000002,1,921125000,0,-42.5,5.53460268269139,0,0,0.480091979980469,1.63,0,-5399.92822265625
100000000000000000000004,1,921125000,0,-52,3.76745681504713,0,0,0.480091979980469,1.63,0,-5399.92822265625
100000000000000000000002,1,921125000,0,-42.5,5.52846675953985,0,0,0.480091979980469,1.63,0,-5399.92822265625
100000000000000000000003,1,921125000,0,-45.5,2.39914595225314,0,0,0.480091979980469,1.63,0,-5399.92822265625
100000000000000000000001,1,921125000,0,-44.5,2.57708772364788,0,0,0.480091979980469,1.63,0,-5399.92822265625
100000000000000000000000,1,921125000,0,-60.5,1.49716524897639,0,0,0.480091979980469,1.63,0,-5399.92822265625
100000000000000000000004,1,921125000,0,-52,3.76745681504713,0,0,0.480091979980469,1.63,0,-5399.92822265625
100000000000000000000002,1,921125000,0,-42.5,5.55914637529756,0,0,0.480091979980469,1.63,0,-5399.92822265625
100000000000000000000000,1,921125000,0,-61,1.4419419406125,0,0,0.480091979980469,1.63,0,-5399.92822265625
100000000000000000000003,1,921125000,0,-46,2.3930100291016,0,0,0.480091979980469,1.63,0,-5399.92822265625
100000000000000000000001,1,921125000,0,-44.5,2.57095180049633,0,0,0.480091979980469,1.63,0,-5399.92822265625
100000000000000000000004,1,921125000,0,-52.5,3.77972866135022,0,0,0.480091979980469,1.63,0,-5399.92822265625
100000000000000000000003,1,921125000,0,-46,2.41141779855623,0,0,0.480091979980469,1.63,0,-5399.92822265625
100000000000000000000001,1,921125000,0,-44.5,2.56481587734479,0,0,0.480091979980469,1.63,0,-5399.92822265625
100000000000000000000002,1,921125000,0,-42.5,5.55301045214602,0,0,0.480091979980469,1.63,0,-5399.92822265625
100000000000000000000004,1,921125000,0,-52.5,3.77359273819868,0,0,0.480091979980469,1.63,0,-5399.92822265625
100000000000000000000000,1,921125000,0,-60.5,1.52170894158256,0,0,0.480091979980469,1.63,0,-5399.92822265625
100000000000000000000000,1,921125000,0,-60.5,1.5707963267949,0,0,0.480091979980469,1.63,0,-5399.92822265625
100000000000000000000002,1,921125000,0,-42.5,5.55914637529756,0,0,0.480091979980469,1.63,0,-5399.92822265625
100000000000000000000001,1,921125000,0,-44.5,2.54027218473862,0,0,0.480091979980469,1.63,0,-5399.92822265625
100000000000000000000004,1,921125000,0,-52.5,3.76745681504713,0,0,0.480091979980469,1.63,0,-5399.92822265625
100000000000000000000003,1,921125000,0,-45.5,2.41755372170777,0,0,0.480091979980469,1.63,0,-5399.92822265625
100000000000000000000002,1,921125000,0,-42.5,5.51619491323677,0,0,0.480091979980469,1.63,0,-5399.92822265625
100000000000000000000001,1,921125000,0,-44.5,2.55254403104171,0,0,0.480091979980469,1.63,0,-5399.92822265625
100000000000000000000003,1,921125000,0,-45.5,2.37460225964697,0,0,0.480091979980469,1.63,0,-5399.92822265625
100000000000000000000004,1,921125000,0,-52.5,3.76745681504713,0,0,0.480091979980469,1.63,0,-5399.92822265625
100000000000000000000000,1,921125000,0,-61,1.52170894158256,0,0,0.480091979980469,1.63,0,-5399.92822265625
100000000000000000000004,1,921125000,0,-52.5,3.75518496874405,0,0,0.480091979980469,1.63,0,-5399.92822265625
100000000000000000000000,1,921125000,0,-60.5,1.66897109721958,0,0,0.480091979980469,1.63,0,-5399.92822265625
100000000000000000000002,1,921125000,0,-42.5,5.52846675953985,0,0,0.480091979980469,1.63,0,-5399.92822265625
100000000000000000000003,1,921125000,0,-45.5,2.41141779855623,0,0,0.480091979980469,1.63,0,-5399.92822265625
100000000000000000000001,1,921125000,0,-44.5,2.54027218473862,0,0,0.480091979980469,1.63,0,-5399.92822265625
100000000000000000000002,1,921125000,0,-42.5,5.52233083638831,0,0,0.480091979980469,1.63,0,-5399.92822265625
100000000000000000000003,1,921125000,0,-46,2.41755372170777,0,0,0.480091979980469,1.63,0,-5399.92822265625
100000000000000000000000,1,921125000,0,-61,1.54625263418873,0,0,0.480091979980469,1.63,0,-5399.92822265625
100000000000000000000001,1,921125000,0,-44.5,2.57095180049633,0,0,0.480091979980469,1.63,0,-5399.92822265625
100000000000000000000004,1,921125000,0,-52.5,3.79200050765331,0,0,0.480091979980469,1.63,0,-5399.92822265625
100000000000000000000004,1,921125000,0,-52.5,3.79200050765331,0,0,0.480091979980469,1.63,0,-5399.92822265625
100000000000000000000003,1,921125000,0,-46,2.36233041334389,0,0,0.480091979980469,1.63,0,-5399.92822265625
100000000000000000000001,1,921125000,0,-44.5,2.57095180049633,0,0,0.480091979980469,1.63,0,-5399.92822265625
100000000000000000000002,1,921125000,0,-42.5,5.53460268269139,0,0,0.480091979980469,1.63,0,-5399.92822265625
100000000000000000000000,1,921125000,0,-61,1.47262155637022,0,0,0.480091979980469,1.63,0,-5399.92822265625
100000000000000000000003,1,921125000,0,-45.5,2.3930100291016,0,0,0.480091979980469,1.63,0,-5399.92822265625
100000000000000000000000,1,921125000,0,-60.5,1.41126232485479,0,0,0.480091979980469,1.63,0,-5399.92822265625
100000000000000000000001,1,921125000,0,-44.5,2.56481587734479,0,0,0.480091979980469,1.63,0,-5399.92822265625
100000000000000000000002,1,921125000,0,-42.5,5.52846675953985,0,0,0.480091979980469,1.63,0,-5399.92822265625
100000000000000000000004,1,921125000,0,-52,3.78586458450176,0,0,0.480091979980469,1.63,0,-5399.92822265625
100000000000000000000003,1,921125000,0,-45.5,2.3930100291016,0,0,0.480091979980469,1.63,0,-5399.92822265625
100000000000000000000004,1,921125000,0,-52.5,3.74904904559251,0,0,0.480091979980469,1.63,0,-5399.92822265625
100000000000000000000000,1,921125000,0,-61,1.49716524897639,0,0,0.480091979980469,1.63,0,-5399.92822265625
100000000000000000000002,1,921125000,0,-42.5,5.56528229844911,0,0,0.480091979980469,1.63,0,-5399.92822265625
100000000000000000000001,1,921125000,0,-44.5,2.55867995419325,0,0,0.480091979980469,1.63,0,-5399.92822265625
100000000000000000000004,1,921125000,0,-52.5,3.77359273819868,0,0,0.480091979980469,1.63,0,-5399.92822265625
100000000000000000000003,1,921125000,0,-45.5,2.39914595225314,0,0,0.480091979980469,1.63,0,-5399.92822265625
100000000000000000000000,1,921125000,0,-60.5,1.4419419406125,0,0,0.480091979980469,1.63,0,-5399.92822265625
100000000000000000000002,1,921125000,0,-42.5,5.54073860584294,0,0,0.480091979980469,1.63,0,-5399.92822265625
100000000000000000000001,1,921125000,0,-44.5,2.55867995419325,0,0,0.480091979980469,1.63,0,-5399.92822265625
100000000000000000000002,1,921125000,0,-42.5,5.54687452899448,0,0,0.480091979980469,1.63,0,-5399.92822265625
100000000000000000000001,1,921125000,0,-44.5,2.57095180049633,0,0,0.480091979980469,1.63,0,-5399.92822265625
100000000000000000000000,1,921125000,0,-61,1.54011671103718,0,0,0.480091979980469,1.63,0,-5399.92822265625
100000000000000000000004,1,921125000,0,-52.5,3.78586458450176,0,0,0.480091979980469,1.63,0,-5399.92822265625
100000000000000000000003,1,921125000,0,-45.5,2.41141779855623,0,0,0.480091979980469,1.63,0,-5399.92822265625
100000000000000000000000,1,921125000,0,-61,1.60761186570415,0,0,0.480091979980469,1.63,0,-5399.92822265625
100000000000000000000004,1,921125000,0,-52.5,3.79200050765331,0,0,0.480091979980469,1.63,0,-5399.92822265625
100000000000000000000001,1,921125000,0,-44.5,2.57708772364788,0,0,0.480091979980469,1.63,0,-5399.92822265625
100000000000000000000003,1,921125000,0,-45.5,2.38073818279852,0,0,0.480091979980469,1.63,0,-5399.92822265625
100000000000000000000002,1,921125000,0,-42.5,5.57141822160065,0,0,0.480091979980469,1.63,0,-5399.92822265625
100000000000000000000003,1,921125000,0,-45.5,2.41755372170777,0,0,0.480091979980469,1.63,0,-5399.92822265625
100000000000000000000002,1,921125000,0,-42.5,5.54687452899448,0,0,0.480091979980469,1.63,0,-5399.92822265625
100000000000000000000001,1,921125000,0,-44.5,2.56481587734479,0,0,0.480091979980469,1.63,0,-5399.92822265625
100000000000000000000004,1,921125000,0,-52.5,3.79200050765331,0,0,0.480091979980469,1.63,0,-5399.92822265625
100000000000000000000000,1,921125000,0,-61,1.51557301843101,0,0,0.480091979980469,1.63,0,-5399.92822265625
100000000000000000000001,1,921125000,0,-44.5,2.55867995419325,0,0,0.480091979980469,1.63,0,-5399.92822265625
100000000000000000000003,1,921125000,0,-46,2.44209741431394,0,0,0.480091979980469,1.63,0,-5399.92822265625
100000000000000000000004,1,921125000,0,-52.5,3.80427235395639,0,0,0.480091979980469,1.63,0,-5399.92822265625
100000000000000000000002,1,921125000,0,-42.5,5.55914637529756,0,0,0.480091979980469,1.63,0,-5399.92822265625
100000000000000000000000,1,921125000,0,-61.5,1.53398078788564,0,0,0.480091979980469,1.63,0,-5399.92822265625
