epc,antennaIndex,frequency,time,RSSI,phase,dopplerShift,velocity,x,y,z,angle
100000000000000000000004,1,920625000,0,-47,2.74889357189107,0,0,0.800015991210937,1.63,0,-5399.904296875
100000000000000000000000,1,920625000,0,-50,1.01856324315607,0,0,0.800015991210937,1.63,0,-5399.904296875
100000000000000000000003,1,920625000,0,-48.5,1.71805848243192,0,0,0.800015991210937,1.63,0,-5399.904296875
100000000000000000000002,1,920625000,0,-46,3.31953442498453,0,0,0.800015991210937,1.63,0,-5399.904296875
100000000000000000000001,1,920625000,0,-49,2.34392264388926,0,0,0.800015991210937,1.63,0,-5399.904296875
100000000000000000000003,1,920625000,0,-48,1.69965071297729,0,0,0.800015991210937,1.63,0,-5399.904296875
100000000000000000000004,1,920625000,0,-47,2.75502949504261,0,0,0.800015991210937,1.63,0,-5399.904296875
100000000000000000000000,1,920625000,0,-50,1.04924285891378,0,0,0.800015991210937,1.63,0,-5399.904296875
100000000000000000000002,1,920625000,0,-45.5,3.3011266555299,0,0,0.800015991210937,1.63,0,-5399.904296875
100000000000000000000004,1,920625000,0,-47,2.7673013413457,0,0,0.800015991210937,1.63,0,-5399.904296875
100000000000000000000003,1,920625000,0,-48,1.67510702037112,0,0,0.800015991210937,1.63,0,-5399.904296875
100000000000000000000001,1,920625000,0,-48.5,2.33165079758617,0,0,0.800015991210937,1.63,0,-5399.904296875
100000000000000000000000,1,920625000,0,-50,1.02469916630761,0,0,0.800015991210937,1.63,0,-5399.904296875
100000000000000000000002,1,920625000,0,-46,3.32567034813607,0,0,0.800015991210937,1.63,0,-5399.904296875
100000000000000000000002,1,920625000,0,-46,3.31339850183298,0,0,0.800015991210937,1.63,0,-5399.904296875
100000000000000000000001,1,920625000,0,-48.5,2.32551487443463,0,0,0.800015991210937,1.63,0,-5399.904296875
100000000000000000000000,1,920625000,0,-50,1.03697101261069,0,0,0.800015991210937,1.63,0,-5399.904296875
100000000000000000000003,1,920625000,0,-48,1.71805848243192,0,0,0.800015991210937,1.63,0,-5399.904296875
100000000000000000000004,1,920625000,0,-47,2.74889357189107,0,0,0.800015991210937,1.63,0,-5399.904296875
100000000000000000000004,1,920625000,0,-47,2.74275764873953,0,0,0.800015991210937,1.63,0,-5399.904296875
100000000000000000000000,1,920625000,0,-50,0.994019550549895,0,0,0.800015991210937,1.63,0,-5399.904296875
100000000000000000000002,1,920625000,0,-46,3.3011266555299,0,0,0.800015991210937,1.63,0,-5399.904296875
100000000000000000000003,1,920625000,0,-48,1.71805848243192,0,0,0.800015991210937,1.63,0,-5399.904296875
100000000000000000000001,1,920625000,0,-48.5,2.35619449019234,0,0,0.800015991210937,1.63,0,-5399.904296875
100000000000000000000004,1,920625000,0,-47,2.73662172558798,0,0,0.800015991210937,1.63,0,-5399.904296875
100000000000000000000000,1,920625000,0,-50,1.06151470521686,0,0,0.800015991210937,1.63,0,-5399.904296875
100000000000000000000002,1,920625000,0,-45.5,3.31953442498453,0,0,0.800015991210937,1.63,0,-5399.904296875
100000000000000000000003,1,920625000,0,-48,1.70578663612883,0,0,0.800015991210937,1.63,0,-5399.904296875
100000000000000000000001,1,920625000,0,-48.5,2.31937895128309,0,0,0.800015991210937,1.63,0,-5399.904296875
100000000000000000000000,1,920625000,0,-50,1.06765062836841,0,0,0.800015991210937,1.63,0,-5399.904296875
100000000000000000000003,1,920625000,0,-48,1.69351478982575,0,0,0.800015991210937,1.63,0,-5399.904296875
100000000000000000000004,1,920625000,0,-47,2.77957318764878,0,0,0.800015991210937,1.63,0,-5399.904296875
100000000000000000000002,1,920625000,0,-46,3.31339850183298,0,0,0.800015991210937,1.63,0,-5399.904296875
100000000000000000000001,1,920625000,0,-48.5,2.33165079758617,0,0,0.800015991210937,1.63,0,-5399.904296875
100000000000000000000004,1,920625000,0,-47,2.75502949504261,0,0,0.800015991210937,1.63,0,-5399.904296875
100000000000000000000002,1,920625000,0,-45.5,3.30726257868144,0,0,0.800015991210937,1.63,0,-5399.904296875
100000000000000000000000,1,920625000,0,-50,1.04924285891378,0,0,0.800015991210937,1.63,0,-5399.904296875
100000000000000000000001,1,920625000,0,-48.5,2.3500585670408,0,0,0.800015991210937,1.63,0,-5399.904296875
100000000000000000000003,1,920625000,0,-48,1.68737886667421,0,0,0.800015991210937,1.63,0,-5399.904296875
100000000000000000000002,1,920625000,0,-45.5,3.29499073237836,0,0,0.800015991210937,1.63,0,-5399.904296875
100000000000000000000000,1,920625000,0,-50,1.06151470521686,0,0,0.800015991210937,1.63,0,-5399.904296875
100000000000000000000004,1,920625000,0,-47,2.74889357189107,0,0,0.800015991210937,1.63,0,-5399.904296875
100000000000000000000001,1,920625000,0,-48.5,2.34392264388926,0,0,0.800015991210937,1.63,0,-5399.904296875
100000000000000000000003,1,920625000,0,-48.5,1.69351478982575,0,0,0.800015991210937,1.63,0,-5399.904296875
100000000000000000000000,1,920625000,0,-50.5,1.02469916630761,0,0,0.800015991210937,1.63,0,-5399.904296875
100000000000000000000001,1,920625000,0,-48.5,2.33778672073772,0,0,0.800015991210937,1.63,0,-5399.904296875
100000000000000000000002,1,920625000,0,-46,3.3011266555299,0,0,0.800015991210937,1.63,0,-5399.904296875
100000000000000000000004,1,920625000,0,-47,2.71207803298181,0,0,0.800015991210937,1.63,0,-5399.904296875
100000000000000000000003,1,920625000,0,-48,1.66283517406803,0,0,0.800015991210937,1.63,0,-5399.904296875
100000000000000000000003,1,920625000,0,-48,1.69965071297729,0,0,0.800015991210937,1.63,0,-5399.904296875
100000000000000000000001,1,920625000,0,-48.5,2.33778672073772,0,0,0.800015991210937,1.63,0,-5399.904296875
100000000000000000000002,1,920625000,0,-46,3.31339850183298,0,0,0.800015991210937,1.63,0,-5399.904296875
100000000000000000000000,1,920625000,0,-50,1.01856324315607,0,0,0.800015991210937,1.63,0,-5399.904296875
100000000000000000000004,1,920625000,0,-47,2.7673013413457,0,0,0.800015991210937,1.63,0,-5399.904296875
100000000000000000000002,1,920625000,0,-45.5,3.3011266555299,0,0,0.800015991210937,1.63,0,-5399.904296875
100000000000000000000004,1,920625000,0,-47,2.73662172558798,0,0,0.800015991210937,1.63,0,-5399.904296875
100000000000000000000000,1,920625000,0,-50,1.04924285891378,0,0,0.800015991210937,1.63,0,-5399.904296875
100000000000000000000003,1,920625000,0,-48,1.69351478982575,0,0,0.800015991210937,1.63,0,-5399.904296875
100000000000000000000001,1,920625000,0,-48.5,2.33778672073772,0,0,0.800015991210937,1.63,0,-5399.904296875
100000000000000000000001,1,920625000,0,-48.5,2.30097118182846,0,0,0.800015991210937,1.63,0,-5399.904296875
100000000000000000000000,1,920625000,0,-50,1.01242732000452,0,0,0.800015991210937,1.63,0,-5399.904296875
100000000000000000000003,1,920625000,0,-48.5,1.69351478982575,0,0,0.800015991210937,1.63,0,-5399.904296875
100000000000000000000002,1,920625000,0,-46,3.32567034813607,0,0,0.800015991210937,1.63,0,-5399.904296875
100000000000000000000004,1,920625000,0,-47,2.74275764873953,0,0,0.800015991210937,1.63,0,-5399.904296875
100000000000000000000001,1,920625000,0,-48.5,2.33165079758617,0,0,0.800015991210937,1.63,0,-5399.904296875
100000000000000000000002,1,920625000,0,-46,3.31953442498453,0,0,0.800015991210937,1.63,0,-5399.904296875
100000000000000000000004,1,920625000,0,-47,2.73662172558798,0,0,0.800015991210937,1.63,0,-5399.904296875
100000000000000000000003,1,920625000,0,-48,1.69351478982575,0,0,0.800015991210937,1.63,0,-5399.904296875
100000000000000000000000,1,920625000,0,-50,1.07378655151995,0,0,0.800015991210937,1.63,0,-5399.904296875
100000000000000000000002,1,920625000,0,-46,3.31953442498453,0,0,0.800015991210937,1.63,0,-5399.904296875
100000000000000000000004,1,920625000,0,-47,2.7673013413457,0,0,0.800015991210937,1.63,0,-5399.904296875
100000000000000000000003,1,920625000,0,-48.5,1.69351478982575,0,0,0.800015991210937,1.63,0,-5399.904296875
100000000000000000000001,1,920625000,0,-48.5,2.33778672073772,0,0,0.800015991210937,1.63,0,-5399.904296875
100000000000000000000000,1,920625000,0,-50,1.01242732000452,0,0,0.800015991210937,1.63,0,-5399.904296875
100000000000000000000003,1,920625000,0,-48.5,1.66283517406803,0,0,0.800015991210937,1.63,0,-5399.904296875
100000000000000000000001,1,920625000,0,-48.5,2.32551487443463,0,0,0.800015991210937,1.63,0,-5399.904296875
100000000000000000000002,1,920625000,0,-45.5,3.31953442498453,0,0,0.800015991210937,1.63,0,-5399.904296875
100000000000000000000004,1,920625000,0,-47,2.76116541819415,0,0,0.800015991210937,1.63,0,-5399.904296875
100000000000000000000000,1,920625000,0,-50.5,1.03697101261069,0,0,0.800015991210937,1.63,0,-5399.904296875
100000000000000000000000,1,920625000,0,-50.5,1.05537878206532,0,0,0.800015991210937,1.63,0,-5399.904296875
100000000000000000000002,1,920625000,0,-46,3.32567034813607,0,0,0.800015991210937,1.63,0,-5399.904296875
100000000000000000000003,1,920625000,0,-48.5,1.69351478982575,0,0,0.800015991210937,1.63,0,-5399.904296875
100000000000000000000004,1,920625000,0,-47,2.74275764873953,0,0,0.800015991210937,1.63,0,-5399.904296875
100000000000000000000001,1,920625000,0,-48.5,2.31937895128309,0,0,0.800015991210937,1.63,0,-5399.904296875
100000000000000000000003,1,920625000,0,-48.5,1.69351478982575,0,0,0.800015991210937,1.63,0,-5399.904296875
100000000000000000000004,1,920625000,0,-47,2.75502949504261,0,0,0.800015991210937,1.63,0,-5399.904296875
100000000000000000000000,1,920625000,0,-50,1.05537878206532,0,0,0.800015991210937,1.63,0,-5399.904296875
100000000000000000000001,1,920625000,0,-48.5,2.33778672073772,0,0,0.800015991210937,1.63,0,-5399.904296875
100000000000000000000002,1,920625000,0,-46,3.28885480922681,0,0,0.800015991210937,1.63,0,-5399.904296875
100000000000000000000004,1,920625000,0,-47,2.7673013413457,0,0,0.800015991210937,1.63,0,-5399.904296875
100000000000000000000002,1,920625000,0,-46,3.32567034813607,0,0,0.800015991210937,1.63,0,-5399.904296875
100000000000000000000003,1,920625000,0,-48,1.70578663612883,0,0,0.800015991210937,1.63,0,-5399.904296875
100000000000000000000001,1,920625000,0,-48.5,2.34392264388926,0,0,0.800015991210937,1.63,0,-5399.904296875
100000000000000000000000,1,920625000,0,-50.5,1.01856324315607,0,0,0.800015991210937,1.63,0,-5399.904296875
100000000000000000000000,1,920625000,0,-50,1.04924285891378,0,0,0.800015991210937,1.63,0,-5399.904296875
100000000000000000000002,1,920625000,0,-45.5,3.33180627128761,0,0,0.800015991210937,1.63,0,-5399.904296875
100000000000000000000003,1,920625000,0,-48,1.69965071297729,0,0,0.800015991210937,1.63,0,-5399.904296875
100000000000000000000001,1,920625000,0,-48.5,2.33165079758617,0,0,0.800015991210937,1.63,0,-5399.904296875
100000000000000000000004,1,920625000,0,-47,2.74275764873953,0,0,0.800015991210937,1.63,0,-5399.904296875
100000000000000000000002,1,920625000,0,-46,3.30726257868144,0,0,0.800015991210937,1.63,0,-5399.904296875
100000000000000000000004,1,920625000,0,-47,2.75502949504261,0,0,0.800015991210937,1.63,0,-5399.904296875
100000000000000000000003,1,920625000,0,-48,1.69351478982575,0,0,0.800015991210937,1.63,0,-5399.904296875
100000000000000000000000,1,920625000,0,-50.5,1.01856324315607,0,0,0.800015991210937,1.63,0,-5399.904296875
100000000000000000000001,1,920625000,0,-48.5,2.33165079758617,0,0,0.800015991210937,1.63,0,-5399.904296875
100000000000000000000002,1,920625000,0,-46,3.31339850183298,0,0,0.800015991210937,1.63,0,-5399.904296875
100000000000000000000000,1,920625000,0,-50,1.01242732000452,0,0,0.800015991210937,1.63,0,-5399.904296875
100000000000000000000003,1,920625000,0,-48,1.67510702037112,0,0,0.800015991210937,1.63,0,-5399.904296875
100000000000000000000001,1,920625000,0,-48.5,2.33778672073772,0,0,0.800015991210937,1.63,0,-5399.904296875
100000000000000000000004,1,920625000,0,-47,2.76116541819415,0,0,0.800015991210937,1.63,0,-5399.904296875
100000000000000000000001,1,920625000,0,-48.5,2.34392264388926,0,0,0.800015991210937,1.63,0,-5399.904296875
100000000000000000000002,1,920625000,0,-46,3.33180627128761,0,0,0.800015991210937,1.63,0,-5399.904296875
100000000000000000000004,1,920625000,0,-47,2.76116541819415,0,0,0.800015991210937,1.63,0,-5399.904296875
100000000000000000000003,1,920625000,0,-48,1.71805848243192,0,0,0.800015991210937,1.63,0,-5399.904296875
100000000000000000000000,1,920625000,0,-50,1.07992247467149,0,0,0.800015991210937,1.63,0,-5399.904296875
100000000000000000000002,1,920625000,0,-46,3.29499073237836,0,0,0.800015991210937,1.63,0,-5399.904296875
100000000000000000000000,1,920625000,0,-50,1.06151470521686,0,0,0.800015991210937,1.63,0,-5399.904296875
100000000000000000000004,1,920625000,0,-47,2.75502949504261,0,0,0.800015991210937,1.63,0,-5399.904296875
100000000000000000000001,1,920625000,0,-48.5,2.34392264388926,0,0,0.800015991210937,1.63,0,-5399.904296875
100000000000000000000003,1,920625000,0,-48,1.68737886667421,0,0,0.800015991210937,1.63,0,-5399.904296875
100000000000000000000004,1,920625000,0,-47,2.7243498792849,0,0,0.800015991210937,1.63,0,-5399.904296875
100000000000000000000002,1,920625000,0,-45.5,3.30726257868144,0,0,0.800015991210937,1.63,0,-5399.904296875
100000000000000000000003,1,920625000,0,-48.5,1.67510702037112,0,0,0.800015991210937,1.63,0,-5399.904296875
100000000000000000000001,1,920625000,0,-48.5,2.31324302813155,0,0,0.800015991210937,1.63,0,-5399.904296875
100000000000000000000000,1,920625000,0,-50.5,1.04924285891378,0,0,0.800015991210937,1.63,0,-5399.904296875
100000000000000000000000,1,920625000,0,-50.5,1.05537878206532,0,0,0.800015991210937,1.63,0,-5399.904296875
100000000000000000000003,1,920625000,0,-48,1.68124294352266,0,0,0.800015991210937,1.63,0,-5399.904296875
100000000000000000000004,1,920625000,0,-47,2.7673013413457,0,0,0.800015991210937,1.63,0,-5399.904296875
100000000000000000000002,1,920625000,0,-45.5,3.33794219443916,0,0,0.800015991210937,1.63,0,-5399.904296875
100000000000000000000001,1,920625000,0,-48.5,2.33165079758617,0,0,0.800015991210937,1.63,0,-5399.904296875
100000000000000000000000,1,920625000,0,-50,1.04924285891378,0,0,0.800015991210937,1.63,0,-5399.904296875
100000000000000000000004,1,920625000,0,-47,2.75502949504261,0,0,0.800015991210937,1.63,0,-5399.904296875
100000000000000000000001,1,920625000,0,-48.5,2.34392264388926,0,0,0.800015991210937,1.63,0,-5399.904296875
100000000000000000000003,1,920625000,0,-48.5,1.68737886667421,0,0,0.800015991210937,1.63,0,-5399.904296875
100000000000000000000002,1,920625000,0,-46,3.33180627128761,0,0,0.800015991210937,1.63,0,-5399.904296875
100000000000000000000003,1,920625000,0,-48,1.70578663612883,0,0,0.800015991210937,1.63,0,-5399.904296875
100000000000000000000000,1,920625000,0,-50,1.04924285891378,0,0,0.800015991210937,1.63,0,-5399.904296875
100000000000000000000002,1,920625000,0,-46,3.33180627128761,0,0,0.800015991210937,1.63,0,-5399.904296875
100000000000000000000001,1,920625000,0,-48.5,2.3500585670408,0,0,0.800015991210937,1.63,0,-5399.904296875
100000000000000000000004,1,920625000,0,-47,2.73048580243644,0,0,0.800015991210937,1.63,0,-5399.904296875
100000000000000000000000,1,920625000,0,-50,1.03697101261069,0,0,0.800015991210937,1.63,0,-5399.904296875
100000000000000000000001,1,920625000,0,-48.5,2.3500585670408,0,0,0.800015991210937,1.63,0,-5399.904296875
100000000000000000000002,1,920625000,0,-46,3.33180627128761,0,0,0.800015991210937,1.63,0,-5399.904296875
100000000000000000000004,1,920625000,0,-47,2.73662172558798,0,0,0.800015991210937,1.63,0,-5399.904296875
100000000000000000000003,1,920625000,0,-48,1.68737886667421,0,0,0.800015991210937,1.63,0,-5399.904296875
100000000000000000000004,1,920625000,0,-47,2.76116541819415,0,0,0.800015991210937,1.63,0,-5399.904296875
100000000000000000000002,1,920625000,0,-45.5,3.31953442498453,0,0,0.800015991210937,1.63,0,-5399.904296875
100000000000000000000001,1,920625000,0,-48.5,2.34392264388926,0,0,0.800015991210937,1.63,0,-5399.904296875
100000000000000000000003,1,920625000,0,-48,1.69965071297729,0,0,0.800015991210937,1.63,0,-5399.904296875
100000000000000000000000,1,920625000,0,-50.5,1.03697101261069,0,0,0.800015991210937,1.63,0,-5399.904296875
100000000000000000000003,1,920625000,0,-48,1.69351478982575,0,0,0.800015991210937,1.63,0,-5399.904296875
100000000000000000000001,1,920625000,0,-48.5,2.35619449019234,0,0,0.800015991210937,1.63,0,-5399.904296875
100000000000000000000002,1,920625000,0,-46,3.32567034813607,0,0,0.800015991210937,1.63,0,-5399.904296875
100000000000000000000004,1,920625000,0,-47,2.74275764873953,0,0,0.800015991210937,1.63,0,-5399.904296875
100000000000000000000000,1,920625000,0,-50,1.02469916630761,0,0,0.800015991210937,1.63,0,-5399.904296875
100000000000000000000003,1,920625000,0,-48,1.72419440558346,0,0,0.800015991210937,1.63,0,-5399.904296875
100000000000000000000001,1,920625000,0,-48.5,2.33778672073772,0,0,0.800015991210937,1.63,0,-5399.904296875
100000000000000000000002,1,920625000,0,-45.5,3.32567034813607,0,0,0.800015991210937,1.63,0,-5399.904296875
100000000000000000000004,1,920625000,0,-47,2.75502949504261,0,0,0.800015991210937,1.63,0,-5399.904296875
100000000000000000000000,1,920625000,0,-50,1.03697101261069,0,0,0.800015991210937,1.63,0,-5399.904296875
100000000000000000000004,1,920625000,0,-47,2.76116541819415,0,0,0.800015991210937,1.63,0,-5399.904296875
100000000000000000000000,1,920625000,0,-50.5,1.05537878206532,0,0,0.800015991210937,1.63,0,-5399.904296875
100000000000000000000002,1,920625000,0,-46,3.27658296292373,0,0,0.800015991210937,1.63,0,-5399.904296875
100000000000000000000001,1,920625000,0,-48.5,2.34392264388926,0,0,0.800015991210937,1.63,0,-5399.904296875
100000000000000000000003,1,920625000,0,-48,1.68737886667421,0,0,0.800015991210937,1.63,0,-5399.904296875
100000000000000000000002,1,920625000,0,-46,3.31953442498453,0,0,0.800015991210937,1.63,0,-5399.904296875
100000000000000000000003,1,920625000,0,-48,1.68737886667421,0,0,0.800015991210937,1.63,0,-5399.904296875
100000000000000000000001,1,920625000,0,-48.5,2.32551487443463,0,0,0.800015991210937,1.63,0,-5399.904296875
100000000000000000000004,1,920625000,0,-47,2.74889357189107,0,0,0.800015991210937,1.63,0,-5399.904296875
100000000000000000000000,1,920625000,0,-50,1.07378655151995,0,0,0.800015991210937,1.63,0,-5399.904296875
100000000000000000000002,1,920625000,0,-45.5,3.33794219443916,0,0,0.800015991210937,1.63,0,-5399.904296875
100000000000000000000004,1,920625000,0,-46.5,2.74889357189107,0,0,0.800015991210937,1.63,0,-5399.904296875
100000000000000000000000,1,920625000,0,-50,1.05537878206532,0,0,0.800015991210937,1.63,0,-5399.904296875
100000000000000000000001,1,920625000,0,-48.5,2.33165079758617,0,0,0.800015991210937,1.63,0,-5399.904296875
100000000000000000000003,1,920625000,0,-48,1.71805848243192,0,0,0.800015991210937,1.63,0,-5399.904296875
100000000000000000000002,1,920625000,0,-46,3.31339850183298,0,0,0.800015991210937,1.63,0,-5399.904296875
100000000000000000000000,1,920625000,0,-50.5,1.04310693576224,0,0,0.800015991210937,1.63,0,-5399.904296875
100000000000000000000004,1,920625000,0,-47,2.74889357189107,0,0,0.800015991210937,1.63,0,-5399.904296875
100000000000000000000001,1,920625000,0,-48.5,2.33165079758617,0,0,0.800015991210937,1.63,0,-5399.904296875
100000000000000000000003,1,920625000,0,-48,1.71192255928038,0,0,0.800015991210937,1.63,0,-5399.904296875
100000000000000000000000,1,920625000,0,-50,1.02469916630761,0,0,0.800015991210937,1.63,0,-5399.904296875
100000000000000000000002,1,920625000,0,-46,3.32567034813607,0,0,0.800015991210937,1.63,0,-5399.904296875
100000000000000000000003,1,920625000,0,-48,1.69965071297729,0,0,0.800015991210937,1.63,0,-5399.904296875
100000000000000000000004,1,920625000,0,-47,2.74889357189107,0,0,0.800015991210937,1.63,0,-5399.904296875
100000000000000000000001,1,920625000,0,-48.5,2.35619449019234,0,0,0.800015991210937,1.63,0,-5399.904296875
100000000000000000000000,1,920625000,0,-50,1.03697101261069,0,0,0.800015991210937,1.63,0,-5399.904296875
100000000000000000000001,1,920625000,0,-48.5,2.33165079758617,0,0,0.800015991210937,1.63,0,-5399.904296875
100000000000000000000003,1,920625000,0,-48,1.69351478982575,0,0,0.800015991210937,1.63,0,-5399.904296875
100000000000000000000002,1,920625000,0,-46,3.32567034813607,0,0,0.800015991210937,1.63,0,-5399.904296875
100000000000000000000004,1,920625000,0,-47,2.77957318764878,0,0,0.800015991210937,1.63,0,-5399.904296875
100000000000000000000000,1,920625000,0,-50.5,1.03083508945915,0,0,0.800015991210937,1.63,0,-5399.904296875
100000000000000000000001,1,920625000,0,-48.5,2.33778672073772,0,0,0.800015991210937,1.63,0,-5399.904296875
100000000000000000000004,1,920625000,0,-47,2.7673013413457,0,0,0.800015991210937,1.63,0,-5399.904296875
100000000000000000000002,1,920625000,0,-46,3.31953442498453,0,0,0.800015991210937,1.63,0,-5399.904296875
100000000000000000000003,1,920625000,0,-48,1.71805848243192,0,0,0.800015991210937,1.63,0,-5399.904296875
100000000000000000000002,1,920625000,0,-46,3.28885480922681,0,0,0.800015991210937,1.63,0,-5399.904296875
100000000000000000000004,1,920625000,0,-47,2.75502949504261,0,0,0.800015991210937,1.63,0,-5399.904296875
100000000000000000000003,1,920625000,0,-48,1.68737886667421,0,0,0.800015991210937,1.63,0,-5399.904296875
100000000000000000000000,1,920625000,0,-50,1.05537878206532,0,0,0.800015991210937,1.63,0,-5399.904296875
100000000000000000000001,1,920625000,0,-48.5,2.33778672073772,0,0,0.800015991210937,1.63,0,-5399.904296875
100000000000000000000002,1,920625000,0,-46,3.31953442498453,0,0,0.800015991210937,1.63,0,-5399.904296875
100000000000000000000000,1,920625000,0,-50.5,1.06151470521686,0,0,0.800015991210937,1.63,0,-5399.904296875
100000000000000000000004,1,920625000,0,-47,2.75502949504261,0,0,0.800015991210937,1.63,0,-5399.904296875
100000000000000000000003,1,920625000,0,-48,1.67510702037112,0,0,0.800015991210937,1.63,0,-5399.904296875
100000000000000000000001,1,920625000,0,-48.5,2.33165079758617,0,0,0.800015991210937,1.63,0,-5399.904296875
100000000000000000000001,1,920625000,0,-48.5,2.36233041334389,0,0,0.800015991210937,1.63,0,-5399.904296875
100000000000000000000004,1,920625000,0,-47,2.74275764873953,0,0,0.800015991210937,1.63,0,-5399.904296875
100000000000000000000003,1,920625000,0,-48,1.68737886667421,0,0,0.800015991210937,1.63,0,-5399.904296875
100000000000000000000000,1,920625000,0,-50.5,1.07378655151995,0,0,0.800015991210937,1.63,0,-5399.904296875
100000000000000000000002,1,920625000,0,-46,3.32567034813607,0,0,0.800015991210937,1.63,0,-5399.904296875
100000000000000000000003,1,920625000,0,-48,1.69965071297729,0,0,0.800015991210937,1.63,0,-5399.904296875
100000000000000000000001,1,920625000,0,-49,2.33778672073772,0,0,0.800015991210937,1.63,0,-5399.904296875
100000000000000000000004,1,920625000,0,-47,2.73662172558798,0,0,0.800015991210937,1.63,0,-5399.904296875
100000000000000000000002,1,920625000,0,-46,3.33794219443916,0,0,0.800015991210937,1.63,0,-5399.904296875
100000000000000000000000,1,920625000,0,-50,1.05537878206532,0,0,0.800015991210937,1.63,0,-5399.904296875
100000000000000000000000,1,920625000,0,-50,1.06151470521686,0,0,0.800015991210937,1.63,0,-5399.904296875
100000000000000000000003,1,920625000,0,-48.5,1.68124294352266,0,0,0.800015991210937,1.63,0,-5399.904296875
100000000000000000000004,1,920625000,0,-47,2.74889357189107,0,0,0.800015991210937,1.63,0,-5399.904296875
100000000000000000000002,1,920625000,0,-46,3.31339850183298,0,0,0.800015991210937,1.63,0,-5399.904296875
100000000000000000000001,1,920625000,0,-48.5,2.34392264388926,0,0,0.800015991210937,1.63,0,-5399.904296875
100000000000000000000004,1,920625000,0,-47,2.74889357189107,0,0,0.800015991210937,1.63,0,-5399.904296875
100000000000000000000000,1,920625000,0,-50.5,1.05537878206532,0,0,0.800015991210937,1.63,0,-5399.904296875
100000000000000000000003,1,920625000,0,-48,1.69965071297729,0,0,0.800015991210937,1.63,0,-5399.904296875
100000000000000000000002,1,920625000,0,-46,3.33180627128761,0,0,0.800015991210937,1.63,0,-5399.904296875
100000000000000000000001,1,920625000,0,-49,2.36233041334389,0,0,0.800015991210937,1.63,0,-5399.904296875
100000000000000000000002,1,920625000,0,-46,3.3011266555299,0,0,0.800015991210937,1.63,0,-5399.904296875
100000000000000000000004,1,920625000,0,-47,2.7673013413457,0,0,0.800015991210937,1.63,0,-5399.904296875
100000000000000000000000,1,920625000,0,-50.5,1.06151470521686,0,0,0.800015991210937,1.63,0,-5399.904296875
100000000000000000000001,1,920625000,0,-48.5,2.32551487443463,0,0,0.800015991210937,1.63,0,-5399.904296875
100000000000000000000003,1,920625000,0,-48,1.71192255928038,0,0,0.800015991210937,1.63,0,-5399.904296875
100000000000000000000003,1,920625000,0,-48,1.69965071297729,0,0,0.800015991210937,1.63,0,-5399.904296875
100000000000000000000001,1,920625000,0,-48.5,2.35619449019234,0,0,0.800015991210937,1.63,0,-5399.904296875
100000000000000000000000,1,920625000,0,-50,1.02469916630761,0,0,0.800015991210937,1.63,0,-5399.904296875
100000000000000000000002,1,920625000,0,-46,3.31953442498453,0,0,0.800015991210937,1.63,0,-5399.904296875
100000000000000000000004,1,920625000,0,-47,2.74889357189107,0,0,0.800015991210937,1.63,0,-5399.904296875
100000000000000000000000,1,920625000,0,-50.5,1.06151470521686,0,0,0.800015991210937,1.63,0,-5399.904296875
100000000000000000000001,1,920625000,0,-48.5,2.33778672073772,0,0,0.800015991210937,1.63,0,-5399.904296875
100000000000000000000002,1,920625000,0,-46,3.31339850183298,0,0,0.800015991210937,1.63,0,-5399.904296875
100000000000000000000003,1,920625000,0,-48,1.69965071297729,0,0,0.800015991210937,1.63,0,-5399.904296875
100000000000000000000004,1,920625000,0,-47,2.74889357189107,0,0,0.800015991210937,1.63,0,-5399.904296875
100000000000000000000002,1,920625000,0,-45.5,3.32567034813607,0,0,0.800015991210937,1.63,0,-5399.904296875
100000000000000000000001,1,920625000,0,-48.5,2.34392264388926,0,0,0.800015991210937,1.63,0,-5399.904296875
100000000000000000000000,1,920625000,0,-50,1.04310693576224,0,0,0.800015991210937,1.63,0,-5399.904296875
100000000000000000000004,1,920625000,0,-47,2.74275764873953,0,0,0.800015991210937,1.63,0,-5399.904296875
100000000000000000000003,1,920625000,0,-48,1.68124294352266,0,0,0.800015991210937,1.63,0,-5399.904296875
100000000000000000000002,1,920625000,0,-45.5,3.32567034813607,0,0,0.800015991210937,1.63,0,-5399.904296875
100000000000000000000000,1,920625000,0,-50,1.06765062836841,0,0,0.800015991210937,1.63,0,-5399.904296875
100000000000000000000001,1,920625000,0,-48.5,2.32551487443463,0,0,0.800015991210937,1.63,0,-5399.904296875
100000000000000000000004,1,920625000,0,-47,2.76116541819415,0,0,0.800015991210937,1.63,0,-5399.904296875
100000000000000000000003,1,920625000,0,-48,1.69351478982575,0,0,0.800015991210937,1.63,0,-5399.904296875
100000000000000000000002,1,920625000,0,-46,3.32567034813607,0,0,0.800015991210937,1.63,0,-5399.904296875
100000000000000000000004,1,920625000,0,-47,2.77343726449724,0,0,0.800015991210937,1.63,0,-5399.904296875
100000000000000000000003,1,920625000,0,-48.5,1.69351478982575,0,0,0.800015991210937,1.63,0,-5399.904296875
100000000000000000000000,1,920625000,0,-50,1.04924285891378,0,0,0.800015991210937,1.63,0,-5399.904296875
100000000000000000000001,1,920625000,0,-48.5,2.3500585670408,0,0,0.800015991210937,1.63,0,-5399.904296875
100000000000000000000003,1,920625000,0,-48,1.69965071297729,0,0,0.800015991210937,1.63,0,-5399.904296875
100000000000000000000002,1,920625000,0,-46,3.3011266555299,0,0,0.800015991210937,1.63,0,-5399.904296875
100000000000000000000001,1,920625000,0,-48.5,2.33165079758617,0,0,0.800015991210937,1.63,0,-5399.904296875
100000000000000000000000,1,920625000,0,-50,1.03697101261069,0,0,0.800015991210937,1.63,0,-5399.904296875
100000000000000000000004,1,920625000,0,-47,2.77343726449724,0,0,0.800015991210937,1.63,0,-5399.904296875
100000000000000000000004,1,920625000,0,-47,2.7673013413457,0,0,0.800015991210937,1.63,0,-5399.904296875
100000000000000000000000,1,920625000,0,-50,1.03083508945915,0,0,0.800015991210937,1.63,0,-5399.904296875
100000000000000000000001,1,920625000,0,-48.5,2.33165079758617,0,0,0.800015991210937,1.63,0,-5399.904296875
100000000000000000000003,1,920625000,0,-48,1.69965071297729,0,0,0.800015991210937,1.63,0,-5399.904296875
100000000000000000000002,1,920625000,0,-46,3.32567034813607,0,0,0.800015991210937,1.63,0,-5399.904296875
100000000000000000000003,1,920625000,0,-48,1.71192255928038,0,0,0.800015991210937,1.63,0,-5399.904296875
100000000000000000000002,1,920625000,0,-46,3.29499073237836,0,0,0.800015991210937,1.63,0,-5399.904296875
100000000000000000000001,1,920625000,0,-48.5,2.33165079758617,0,0,0.800015991210937,1.63,0,-5399.904296875
100000000000000000000004,1,920625000,0,-47,2.75502949504261,0,0,0.800015991210937,1.63,0,-5399.904296875
100000000000000000000000,1,920625000,0,-50,1.07378655151995,0,0,0.800015991210937,1.63,0,-5399.904296875
100000000000000000000001,1,920625000,0,-48.5,2.33165079758617,0,0,0.800015991210937,1.63,0,-5399.904296875
100000000000000000000003,1,920625000,0,-48,1.70578663612883,0,0,0.800015991210937,1.63,0,-5399.904296875
100000000000000000000004,1,920625000,0,-47,2.74275764873953,0,0,0.800015991210937,1.63,0,-5399.904296875
100000000000000000000002,1,920625000,0,-46,3.31339850183298,0,0,0.800015991210937,1.63,0,-5399.904296875
100000000000000000000000,1,920625000,0,-50,1.04310693576224,0,0,0.800015991210937,1.63,0,-5399.904296875
100000000000000000000003,1,920625000,0,-48,1.71805848243192,0,0,0.800015991210937,1.63,0,-5399.904296875
100000000000000000000002,1,920625000,0,-45.5,3.32567034813607,0,0,0.800015991210937,1.63,0,-5399.904296875
100000000000000000000000,1,920625000,0,-50,1.06765062836841,0,0,0.800015991210937,1.63,0,-5399.904296875
100000000000000000000004,1,920625000,0,-47,2.74889357189107,0,0,0.800015991210937,1.63,0,-5399.904296875
100000000000000000000001,1,920625000,0,-48.5,2.3500585670408,0,0,0.800015991210937,1.63,0,-5399.904296875
100000000000000000000001,1,920625000,0,-48.5,2.33165079758617,0,0,0.800015991210937,1.63,0,-5399.904296875
100000000000000000000004,1,920625000,0,-47,2.73662172558798,0,0,0.800015991210937,1.63,0,-5399.904296875
100000000000000000000003,1,920625000,0,-48,1.68124294352266,0,0,0.800015991210937,1.63,0,-5399.904296875
100000000000000000000002,1,920625000,0,-46,3.29499073237836,0,0,0.800015991210937,1.63,0,-5399.904296875
100000000000000000000000,1,920625000,0,-50,1.05537878206532,0,0,0.800015991210937,1.63,0,-5399.904296875
100000000000000000000004,1,920625000,0,-47,2.74275764873953,0,0,0.800015991210937,1.63,0,-5399.904296875
100000000000000000000002,1,920625000,0,-46,3.33180627128761,0,0,0.800015991210937,1.63,0,-5399.904296875
100000000000000000000003,1,920625000,0,-48,1.68124294352266,0,0,0.800015991210937,1.63,0,-5399.904296875
100000000000000000000000,1,920625000,0,-50,1.06151470521686,0,0,0.800015991210937,1.63,0,-5399.904296875
100000000000000000000001,1,920625000,0,-48.5,2.36233041334389,0,0,0.800015991210937,1.63,0,-5399.904296875
100000000000000000000000,1,920625000,0,-50.5,1.04310693576224,0,0,0.800015991210937,1.63,0,-5399.904296875
100000000000000000000002,1,920625000,0,-46,3.32567034813607,0,0,0.800015991210937,1.63,0,-5399.904296875
100000000000000000000004,1,920625000,0,-47,2.75502949504261,0,0,0.800015991210937,1.63,0,-5399.904296875
100000000000000000000001,1,920625000,0,-48.5,2.35619449019234,0,0,0.800015991210937,1.63,0,-5399.904296875
100000000000000000000003,1,920625000,0,-48,1.68737886667421,0,0,0.800015991210937,1.63,0,-5399.904296875
100000000000000000000002,1,920625000,0,-45.5,3.32567034813607,0,0,0.800015991210937,1.63,0,-5399.904296875
100000000000000000000000,1,920625000,0,-50,1.07992247467149,0,0,0.800015991210937,1.63,0,-5399.904296875
100000000000000000000001,1,920625000,0,-48.5,2.31937895128309,0,0,0.800015991210937,1.63,0,-5399.904296875
100000000000000000000004,1,920625000,0,-47,2.74275764873953,0,0,0.800015991210937,1.63,0,-5399.904296875
100000000000000000000003,1,920625000,0,-48,1.66897109721958,0,0,0.800015991210937,1.63,0,-5399.904296875
100000000000000000000004,1,920625000,0,-47,2.7673013413457,0,0,0.800015991210937,1.63,0,-5399.904296875
100000000000000000000002,1,920625000,0,-46,3.31953442498453,0,0,0.800015991210937,1.63,0,-5399.904296875
100000000000000000000000,1,920625000,0,-50,1.06765062836841,0,0,0.800015991210937,1.63,0,-5399.904296875
100000000000000000000003,1,920625000,0,-48,1.70578663612883,0,0,0.800015991210937,1.63,0,-5399.904296875
100000000000000000000001,1,920625000,0,-48.5,2.32551487443463,0,0,0.800015991210937,1.63,0,-5399.904296875
100000000000000000000001,1,920625000,0,-48.5,2.34392264388926,0,0,0.800015991210937,1.63,0,-5399.904296875
100000000000000000000004,1,920625000,0,-47,2.74889357189107,0,0,0.800015991210937,1.63,0,-5399.904296875
100000000000000000000002,1,920625000,0,-46,3.32567034813607,0,0,0.800015991210937,1.63,0,-5399.904296875
100000000000000000000003,1,920625000,0,-48,1.71805848243192,0,0,0.800015991210937,1.63,0,-5399.904296875
100000000000000000000000,1,920625000,0,-50,1.04310693576224,0,0,0.800015991210937,1.63,0,-5399.904296875
100000000000000000000002,1,920625000,0,-46,3.29499073237836,0,0,0.800015991210937,1.63,0,-5399.904296875
100000000000000000000004,1,920625000,0,-47,2.74889357189107,0,0,0.800015991210937,1.63,0,-5399.904296875
100000000000000000000003,1,920625000,0,-48,1.69965071297729,0,0,0.800015991210937,1.63,0,-5399.904296875
100000000000000000000001,1,920625000,0,-48.5,2.33165079758617,0,0,0.800015991210937,1.63,0,-5399.904296875
100000000000000000000000,1,920625000,0,-50,1.01856324315607,0,0,0.800015991210937,1.63,0,-5399.904296875
100000000000000000000001,1,920625000,0,-49,2.34392264388926,0,0,0.800015991210937,1.63,0,-5399.904296875
100000000000000000000003,1,920625000,0,-48,1.70578663612883,0,0,0.800015991210937,1.63,0,-5399.904296875
100000000000000000000000,1,920625000,0,-50,1.03083508945915,0,0,0.800015991210937,1.63,0,-5399.904296875
100000000000000000000002,1,920625000,0,-46,3.28271888607527,0,0,0.800015991210937,1.63,0,-5399.904296875
100000000000000000000004,1,920625000,0,-47,2.77343726449724,0,0,0.800015991210937,1.63,0,-5399.904296875
100000000000000000000002,1,920625000,0,-46,3.33794219443916,0,0,0.800015991210937,1.63,0,-5399.904296875
100000000000000000000004,1,920625000,0,-47,2.76116541819415,0,0,0.800015991210937,1.63,0,-5399.904296875
100000000000000000000000,1,920625000,0,-50,1.06765062836841,0,0,0.800015991210937,1.63,0,-5399.904296875
100000000000000000000003,1,920625000,0,-48,1.70578663612883,0,0,0.800015991210937,1.63,0,-5399.904296875
100000000000000000000001,1,920625000,0,-48.5,2.33165079758617,0,0,0.800015991210937,1.63,0,-5399.904296875
100000000000000000000002,1,920625000,0,-46,3.31339850183298,0,0,0.800015991210937,1.63,0,-5399.904296875
100000000000000000000001,1,920625000,0,-48.5,2.32551487443463,0,0,0.800015991210937,1.63,0,-5399.904296875
100000000000000000000004,1,920625000,0,-47,2.75502949504261,0,0,0.800015991210937,1.63,0,-5399.904296875
100000000000000000000003,1,920625000,0,-48,1.71192255928038,0,0,0.800015991210937,1.63,0,-5399.904296875
100000000000000000000000,1,920625000,0,-50.5,1.05537878206532,0,0,0.800015991210937,1.63,0,-5399.904296875
100000000000000000000003,1,920625000,0,-48,1.71805848243192,0,0,0.800015991210937,1.63,0,-5399.904296875
100000000000000000000002,1,920625000,0,-46,3.33794219443916,0,0,0.800015991210937,1.63,0,-5399.904296875
100000000000000000000001,1,920625000,0,-48.5,2.33165079758617,0,0,0.800015991210937,1.63,0,-5399.904296875
100000000000000000000000,1,920625000,0,-50.5,1.06151470521686,0,0,0.800015991210937,1.63,0,-5399.904296875
100000000000000000000004,1,920625000,0,-47,2.77343726449724,0,0,0.800015991210937,1.63,0,-5399.904296875
100000000000000000000002,1,920625000,0,-46,3.31953442498453,0,0,0.800015991210937,1.63,0,-5399.904296875
100000000000000000000000,1,920625000,0,-50,1.07378655151995,0,0,0.800015991210937,1.63,0,-5399.904296875
100000000000000000000003,1,920625000,0,-48,1.68124294352266,0,0,0.800015991210937,1.63,0,-5399.904296875
100000000000000000000004,1,920625000,0,-47,2.74889357189107,0,0,0.800015991210937,1.63,0,-5399.904296875
100000000000000000000001,1,920625000,0,-48.5,2.33778672073772,0,0,0.800015991210937,1.63,0,-5399.904296875
100000000000000000000000,1,920625000,0,-50,1.06151470521686,0,0,0.800015991210937,1.63,0,-5399.904296875
100000000000000000000001,1,920625000,0,-48.5,2.3500585670408,0,0,0.800015991210937,1.63,0,-5399.904296875
100000000000000000000004,1,920625000,0,-47,2.73662172558798,0,0,0.800015991210937,1.63,0,-5399.904296875
100000000000000000000002,1,920625000,0,-46,3.32567034813607,0,0,0.800015991210937,1.63,0,-5399.904296875
100000000000000000000003,1,920625000,0,-48,1.70578663612883,0,0,0.800015991210937,1.63,0,-5399.904296875
100000000000000000000003,1,920625000,0,-48,1.68124294352266,0,0,0.800015991210937,1.63,0,-5399.904296875
100000000000000000000002,1,920625000,0,-46,3.33180627128761,0,0,0.800015991210937,1.63,0,-5399.904296875
100000000000000000000004,1,920625000,0,-47,2.74275764873953,0,0,0.800015991210937,1.63,0,-5399.904296875
100000000000000000000001,1,920625000,0,-48.5,2.34392264388926,0,0,0.800015991210937,1.63,0,-5399.904296875
100000000000000000000000,1,920625000,0,-50,1.04310693576224,0,0,0.800015991210937,1.63,0,-5399.904296875
100000000000000000000002,1,920625000,0,-46,3.32567034813607,0,0,0.800015991210937,1.63,0,-5399.904296875
100000000000000000000000,1,920625000,0,-50.5,1.06151470521686,0,0,0.800015991210937,1.63,0,-5399.904296875
100000000000000000000004,1,920625000,0,-47,2.73662172558798,0,0,0.800015991210937,1.63,0,-5399.904296875
100000000000000000000003,1,920625000,0,-48,1.69965071297729,0,0,0.800015991210937,1.63,0,-5399.904296875
100000000000000000000001,1,920625000,0,-48.5,2.33778672073772,0,0,0.800015991210937,1.63,0,-5399.904296875
100000000000000000000004,1,920625000,0,-46.5,2.76116541819415,0,0,0.800015991210937,1.63,0,-5399.904296875
100000000000000000000001,1,920625000,0,-48.5,2.33778672073772,0,0,0.800015991210937,1.63,0,-5399.904296875
100000000000000000000002,1,920625000,0,-45.5,3.32567034813607,0,0,0.800015991210937,1.63,0,-5399.904296875
100000000000000000000003,1,920625000,0,-48.5,1.71192255928038,0,0,0.800015991210937,1.63,0,-5399.904296875
100000000000000000000000,1,920625000,0,-50,1.08605839782303,0,0,0.800015991210937,1.63,0,-5399.904296875
100000000000000000000001,1,920625000,0,-48.5,2.33778672073772,0,0,0.800015991210937,1.63,0,-5399.904296875
100000000000000000000003,1,920625000,0,-48,1.69965071297729,0,0,0.800015991210937,1.63,0,-5399.904296875
100000000000000000000004,1,920625000,0,-47,2.75502949504261,0,0,0.800015991210937,1.63,0,-5399.904296875
100000000000000000000000,1,920625000,0,-50,1.05537878206532,0,0,0.800015991210937,1.63,0,-5399.904296875
100000000000000000000002,1,920625000,0,-46,3.3011266555299,0,0,0.800015991210937,1.63,0,-5399.904296875
100000000000000000000000,1,920625000,0,-50,1.07378655151995,0,0,0.800015991210937,1.63,0,-5399.904296875
100000000000000000000004,1,920625000,0,-47,2.7673013413457,0,0,0.800015991210937,1.63,0,-5399.904296875
100000000000000000000002,1,920625000,0,-46,3.32567034813607,0,0,0.800015991210937,1.63,0,-5399.904296875
100000000000000000000003,1,920625000,0,-48.5,1.68737886667421,0,0,0.800015991210937,1.63,0,-5399.904296875
100000000000000000000001,1,920625000,0,-48.5,2.3500585670408,0,0,0.800015991210937,1.63,0,-5399.904296875
100000000000000000000004,1,920625000,0,-47,2.76116541819415,0,0,0.800015991210937,1.63,0,-5399.904296875
100000000000000000000003,1,920625000,0,-48,1.68124294352266,0,0,0.800015991210937,1.63,0,-5399.904296875
100000000000000000000001,1,920625000,0,-48.5,2.33778672073772,0,0,0.800015991210937,1.63,0,-5399.904296875
100000000000000000000002,1,920625000,0,-46,3.32567034813607,0,0,0.800015991210937,1.63,0,-5399.904296875
100000000000000000000000,1,920625000,0,-50,1.07992247467149,0,0,0.800015991210937,1.63,0,-5399.904296875
100000000000000000000001,1,920625000,0,-48.5,2.35619449019234,0,0,0.800015991210937,1.63,0,-5399.904296875
100000000000000000000000,1,920625000,0,-50,1.06765062836841,0,0,0.800015991210937,1.63,0,-5399.904296875
100000000000000000000004,1,920625000,0,-47,2.73662172558798,0,0,0.800015991210937,1.63,0,-5399.904296875
100000000000000000000002,1,920625000,0,-45.5,3.31339850183298,0,0,0.800015991210937,1.63,0,-5399.904296875
100000000000000000000003,1,920625000,0,-48.5,1.69965071297729,0,0,0.800015991210937,1.63,0,-5399.904296875
100000000000000000000004,1,920625000,0,-47,2.76116541819415,0,0,0.800015991210937,1.63,0,-5399.904296875
100000000000000000000001,1,920625000,0,-48.5,2.33165079758617,0,0,0.800015991210937,1.63,0,-5399.904296875
100000000000000000000000,1,920625000,0,-50,1.04310693576224,0,0,0.800015991210937,1.63,0,-5399.904296875
100000000000000000000002,1,920625000,0,-46,3.33180627128761,0,0,0.800015991210937,1.63,0,-5399.904296875
100000000000000000000003,1,920625000,0,-48,1.71805848243192,0,0,0.800015991210937,1.63,0,-5399.904296875
100000000000000000000002,1,920625000,0,-46,3.35021404074224,0,0,0.800015991210937,1.63,0,-5399.904296875
100000000000000000000000,1,920625000,0,-50.5,1.07378655151995,0,0,0.800015991210937,1.63,0,-5399.904296875
100000000000000000000001,1,920625000,0,-48.5,2.34392264388926,0,0,0.800015991210937,1.63,0,-5399.904296875
100000000000000000000003,1,920625000,0,-48,1.69351478982575,0,0,0.800015991210937,1.63,0,-5399.904296875
100000000000000000000004,1,920625000,0,-47,2.74275764873953,0,0,0.800015991210937,1.63,0,-5399.904296875
100000000000000000000004,1,920625000,0,-47,2.73662172558798,0,0,0.800015991210937,1.63,0,-5399.904296875
100000000000000000000001,1,920625000,0,-48.5,2.34392264388926,0,0,0.800015991210937,1.63,0,-5399.904296875
100000000000000000000002,1,920625000,0,-46,3.32567034813607,0,0,0.800015991210937,1.63,0,-5399.904296875
100000000000000000000000,1,920625000,0,-50,1.05537878206532,0,0,0.800015991210937,1.63,0,-5399.904296875
100000000000000000000003,1,920625000,0,-48,1.70578663612883,0,0,0.800015991210937,1.63,0,-5399.904296875
100000000000000000000004,1,920625000,0,-47,2.74275764873953,0,0,0.800015991210937,1.63,0,-5399.904296875
100000000000000000000001,1,920625000,0,-48.5,2.35619449019234,0,0,0.800015991210937,1.63,0,-5399.904296875
100000000000000000000000,1,920625000,0,-50,1.05537878206532,0,0,0.800015991210937,1.63,0,-5399.904296875
100000000000000000000002,1,920625000,0,-46,3.32567034813607,0,0,0.800015991210937,1.63,0,-5399.904296875
100000000000000000000003,1,920625000,0,-48,1.70578663612883,0,0,0.800015991210937,1.63,0,-5399.904296875
100000000000000000000004,1,920625000,0,-47,2.74275764873953,0,0,0.800015991210937,1.63,0,-5399.904296875
100000000000000000000002,1,920625000,0,-46,3.32567034813607,0,0,0.800015991210937,1.63,0,-5399.904296875
100000000000000000000003,1,920625000,0,-48,1.69965071297729,0,0,0.800015991210937,1.63,0,-5399.904296875
100000000000000000000000,1,920625000,0,-50,1.02469916630761,0,0,0.800015991210937,1.63,0,-5399.904296875
100000000000000000000001,1,920625000,0,-48.5,2.34392264388926,0,0,0.800015991210937,1.63,0,-5399.904296875
100000000000000000000000,1,920625000,0,-50,1.03083508945915,0,0,0.800015991210937,1.63,0,-5399.904296875
100000000000000000000002,1,920625000,0,-45.5,3.32567034813607,0,0,0.800015991210937,1.63,0,-5399.904296875
100000000000000000000004,1,920625000,0,-47,2.7673013413457,0,0,0.800015991210937,1.63,0,-5399.904296875
100000000000000000000001,1,920625000,0,-48.5,2.3500585670408,0,0,0.800015991210937,1.63,0,-5399.904296875
100000000000000000000003,1,920625000,0,-48,1.71192255928038,0,0,0.800015991210937,1.63,0,-5399.904296875
100000000000000000000000,1,920625000,0,-50,1.07992247467149,0,0,0.800015991210937,1.63,0,-5399.904296875
100000000000000000000002,1,920625000,0,-45.5,3.33794219443916,0,0,0.800015991210937,1.63,0,-5399.904296875
100000000000000000000003,1,920625000,0,-48,1.70578663612883,0,0,0.800015991210937,1.63,0,-5399.904296875
100000000000000000000001,1,920625000,0,-48.5,2.34392264388926,0,0,0.800015991210937,1.63,0,-5399.904296875
100000000000000000000004,1,920625000,0,-47,2.7673013413457,0,0,0.800015991210937,1.63,0,-5399.904296875
100000000000000000000003,1,920625000,0,-48,1.69351478982575,0,0,0.800015991210937,1.63,0,-5399.904296875
100000000000000000000000,1,920625000,0,-50,1.06151470521686,0,0,0.800015991210937,1.63,0,-5399.904296875
100000000000000000000002,1,920625000,0,-46,3.33794219443916,0,0,0.800015991210937,1.63,0,-5399.904296875
100000000000000000000001,1,920625000,0,-48.5,2.34392264388926,0,0,0.800015991210937,1.63,0,-5399.904296875
100000000000000000000004,1,920625000,0,-47,2.77343726449724,0,0,0.800015991210937,1.63,0,-5399.904296875
100000000000000000000001,1,920625000,0,-48.5,2.33778672073772,0,0,0.800015991210937,1.63,0,-5399.904296875
100000000000000000000002,1,920625000,0,-45.5,3.32567034813607,0,0,0.800015991210937,1.63,0,-5399.904296875
100000000000000000000004,1,920625000,0,-47,2.74889357189107,0,0,0.800015991210937,1.63,0,-5399.904296875
100000000000000000000003,1,920625000,0,-48.5,1.69351478982575,0,0,0.800015991210937,1.63,0,-5399.904296875
100000000000000000000000,1,920625000,0,-50,1.06765062836841,0,0,0.800015991210937,1.63,0,-5399.904296875
100000000000000000000000,1,920625000,0,-50,1.07378655151995,0,0,0.800015991210937,1.63,0,-5399.904296875
100000000000000000000001,1,920625000,0,-48.5,2.3500585670408,0,0,0.800015991210937,1.63,0,-5399.904296875
100000000000000000000004,1,920625000,0,-47,2.75502949504261,0,0,0.800015991210937,1.63,0,-5399.904296875
100000000000000000000002,1,920625000,0,-46,3.32567034813607,0,0,0.800015991210937,1.63,0,-5399.904296875
100000000000000000000003,1,920625000,0,-48,1.74260217503809,0,0,0.800015991210937,1.63,0,-5399.904296875
100000000000000000000003,1,920625000,0,-48,1.71192255928038,0,0,0.800015991210937,1.63,0,-5399.904296875
100000000000000000000004,1,920625000,0,-47,2.74275764873953,0,0,0.800015991210937,1.63,0,-5399.904296875
100000000000000000000002,1,920625000,0,-46,3.31339850183298,0,0,0.800015991210937,1.63,0,-5399.904296875
100000000000000000000001,1,920625000,0,-48.5,2.33778672073772,0,0,0.800015991210937,1.63,0,-5399.904296875
100000000000000000000000,1,920625000,0,-50,1.06151470521686,0,0,0.800015991210937,1.63,0,-5399.904296875
100000000000000000000003,1,920625000,0,-48,1.71805848243192,0,0,0.800015991210937,1.63,0,-5399.904296875
100000000000000000000002,1,920625000,0,-46,3.31953442498453,0,0,0.800015991210937,1.63,0,-5399.904296875
100000000000000000000001,1,920625000,0,-48.5,2.35619449019234,0,0,0.800015991210937,1.63,0,-5399.904296875
100000000000000000000004,1,920625000,0,-47,2.74889357189107,0,0,0.800015991210937,1.63,0,-5399.904296875
100000000000000000000000,1,920625000,0,-50,1.04924285891378,0,0,0.800015991210937,1.63,0,-5399.904296875
100000000000000000000004,1,920625000,0,-47,2.74275764873953,0,0,0.800015991210937,1.63,0,-5399.904296875
100000000000000000000000,1,920625000,0,-50,1.07378655151995,0,0,0.800015991210937,1.63,0,-5399.904296875
100000000000000000000002,1,920625000,0,-46,3.31953442498453,0,0,0.800015991210937,1.63,0,-5399.904296875
100000000000000000000001,1,920625000,0,-48.5,2.34392264388926,0,0,0.800015991210937,1.63,0,-5399.904296875
100000000000000000000003,1,920625000,0,-48,1.68737886667421,0,0,0.800015991210937,1.63,0,-5399.904296875
100000000000000000000004,1,920625000,0,-47,2.75502949504261,0,0,0.800015991210937,1.63,0,-5399.904296875
100000000000000000000002,1,920625000,0,-45.5,3.33180627128761,0,0,0.800015991210937,1.63,0,-5399.904296875
100000000000000000000003,1,920625000,0,-48,1.69351478982575,0,0,0.800015991210937,1.63,0,-5399.904296875
100000000000000000000000,1,920625000,0,-50,1.04310693576224,0,0,0.800015991210937,1.63,0,-5399.904296875
100000000000000000000001,1,920625000,0,-48.5,2.31324302813155,0,0,0.800015991210937,1.63,0,-5399.904296875
100000000000000000000001,1,920625000,0,-48.5,2.33778672073772,0,0,0.800015991210937,1.63,0,-5399.904296875
100000000000000000000003,1,920625000,0,-48,1.69351478982575,0,0,0.800015991210937,1.63,0,-5399.904296875
100000000000000000000000,1,920625000,0,-50,1.02469916630761,0,0,0.800015991210937,1.63,0,-5399.904296875
100000000000000000000004,1,920625000,0,-47,2.75502949504261,0,0,0.800015991210937,1.63,0,-5399.904296875
100000000000000000000002,1,920625000,0,-46,3.31953442498453,0,0,0.800015991210937,1.63,0,-5399.904296875
100000000000000000000002,1,920625000,0,-46,3.3440781175907,0,0,0.800015991210937,1.63,0,-5399.904296875
100000000000000000000004,1,920625000,0,-47,2.7673013413457,0,0,0.800015991210937,1.63,0,-5399.904296875
100000000000000000000003,1,920625000,0,-48,1.71805848243192,0,0,0.800015991210937,1.63,0,-5399.904296875
100000000000000000000000,1,920625000,0,-50.5,1.05537878206532,0,0,0.800015991210937,1.63,0,-5399.904296875
100000000000000000000001,1,920625000,0,-48.5,2.33778672073772,0,0,0.800015991210937,1.63,0,-5399.904296875
100000000000000000000004,1,920625000,0,-47,2.77957318764878,0,0,0.800015991210937,1.63,0,-5399.904296875
100000000000000000000000,1,920625000,0,-50,1.05537878206532,0,0,0.800015991210937,1.63,0,-5399.904296875
100000000000000000000001,1,920625000,0,-48.5,2.33165079758617,0,0,0.800015991210937,1.63,0,-5399.904296875
100000000000000000000002,1,920625000,0,-46,3.31953442498453,0,0,0.800015991210937,1.63,0,-5399.904296875
100000000000000000000003,1,920625000,0,-48,1.70578663612883,0,0,0.800015991210937,1.63,0,-5399.904296875
100000000000000000000001,1,920625000,0,-49,2.34392264388926,0,0,0.800015991210937,1.63,0,-5399.904296875
100000000000000000000002,1,920625000,0,-46,3.33794219443916,0,0,0.800015991210937,1.63,0,-5399.904296875
100000000000000000000003,1,920625000,0,-48,1.71805848243192,0,0,0.800015991210937,1.63,0,-5399.904296875
100000000000000000000004,1,920625000,0,-47,2.76116541819415,0,0,0.800015991210937,1.63,0,-5399.904296875
100000000000000000000000,1,920625000,0,-50.5,1.06151470521686,0,0,0.800015991210937,1.63,0,-5399.904296875
100000000000000000000002,1,920625000,0,-46,3.31339850183298,0,0,0.800015991210937,1.63,0,-5399.904296875
100000000000000000000000,1,920625000,0,-50,1.04310693576224,0,0,0.800015991210937,1.63,0,-5399.904296875
100000000000000000000003,1,920625000,0,-48,1.69351478982575,0,0,0.800015991210937,1.63,0,-5399.904296875
100000000000000000000001,1,920625000,0,-49,2.3500585670408,0,0,0.800015991210937,1.63,0,-5399.904296875
100000000000000000000004,1,920625000,0,-47,2.78570911080032,0,0,0.800015991210937,1.63,0,-5399.904296875
100000000000000000000002,1,920625000,0,-45.5,3.32567034813607,0,0,0.800015991210937,1.63,0,-5399.904296875
100000000000000000000003,1,920625000,0,-48.5,1.70578663612883,0,0,0.800015991210937,1.63,0,-5399.904296875
100000000000000000000004,1,920625000,0,-47,2.7673013413457,0,0,0.800015991210937,1.63,0,-5399.904296875
100000000000000000000001,1,920625000,0,-48.5,2.33778672073772,0,0,0.800015991210937,1.63,0,-5399.904296875
100000000000000000000000,1,920625000,0,-50.5,1.07378655151995,0,0,0.800015991210937,1.63,0,-5399.904296875
100000000000000000000003,1,920625000,0,-48,1.71192255928038,0,0,0.800015991210937,1.63,0,-5399.904296875
100000000000000000000002,1,920625000,0,-46,3.30726257868144,0,0,0.800015991210937,1.63,0,-5399.904296875
100000000000000000000004,1,920625000,0,-47,2.73048580243644,0,0,0.800015991210937,1.63,0,-5399.904296875
100000000000000000000000,1,920625000,0,-50.5,1.04310693576224,0,0,0.800015991210937,1.63,0,-5399.904296875
100000000000000000000001,1,920625000,0,-48.5,2.31324302813155,0,0,0.800015991210937,1.63,0,-5399.904296875
100000000000000000000002,1,920625000,0,-46,3.32567034813607,0,0,0.800015991210937,1.63,0,-5399.904296875
100000000000000000000004,1,920625000,0,-47,2.76116541819415,0,0,0.800015991210937,1.63,0,-5399.904296875
100000000000000000000001,1,920625000,0,-48.5,2.34392264388926,0,0,0.800015991210937,1.63,0,-5399.904296875
100000000000000000000003,1,920625000,0,-48,1.71192255928038,0,0,0.800015991210937,1.63,0,-5399.904296875
100000000000000000000000,1,920625000,0,-50.5,1.03083508945915,0,0,0.800015991210937,1.63,0,-5399.904296875
100000000000000000000003,1,920625000,0,-48,1.69351478982575,0,0,0.800015991210937,1.63,0,-5399.904296875
100000000000000000000000,1,920625000,0,-50,1.03697101261069,0,0,0.800015991210937,1.63,0,-5399.904296875
100000000000000000000001,1,920625000,0,-48.5,2.3500585670408,0,0,0.800015991210937,1.63,0,-5399.904296875
100000000000000000000004,1,920625000,0,-47,2.75502949504261,0,0,0.800015991210937,1.63,0,-5399.904296875
100000000000000000000002,1,920625000,0,-45.5,3.30726257868144,0,0,0.800015991210937,1.63,0,-5399.904296875
100000000000000000000000,1,920625000,0,-50,1.06151470521686,0,0,0.800015991210937,1.63,0,-5399.904296875
100000000000000000000001,1,920625000,0,-48.5,2.3500585670408,0,0,0.800015991210937,1.63,0,-5399.904296875
100000000000000000000002,1,920625000,0,-45.5,3.33180627128761,0,0,0.800015991210937,1.63,0,-5399.904296875
100000000000000000000004,1,920625000,0,-47,2.74275764873953,0,0,0.800015991210937,1.63,0,-5399.904296875
100000000000000000000003,1,920625000,0,-48,1.69351478982575,0,0,0.800015991210937,1.63,0,-5399.904296875
100000000000000000000000,1,920625000,0,-50,1.06765062836841,0,0,0.800015991210937,1.63,0,-5399.904296875
100000000000000000000003,1,920625000,0,-48,1.71192255928038,0,0,0.800015991210937,1.63,0,-5399.904296875
100000000000000000000004,1,920625000,0,-47,2.75502949504261,0,0,0.800015991210937,1.63,0,-5399.904296875
100000000000000000000001,1,920625000,0,-48.5,2.30710710498,0,0,0.800015991210937,1.63,0,-5399.904296875
100000000000000000000002,1,920625000,0,-46,3.29499073237836,0,0,0.800015991210937,1.63,0,-5399.904296875
100000000000000000000000,1,920625000,0,-50,1.05537878206532,0,0,0.800015991210937,1.63,0,-5399.904296875
100000000000000000000001,1,920625000,0,-48.5,2.3500585670408,0,0,0.800015991210937,1.63,0,-5399.904296875
100000000000000000000004,1,920625000,0,-47,2.7673013413457,0,0,0.800015991210937,1.63,0,-5399.904296875
100000000000000000000002,1,920625000,0,-46,3.33180627128761,0,0,0.800015991210937,1.63,0,-5399.904296875
100000000000000000000003,1,920625000,0,-48,1.71192255928038,0,0,0.800015991210937,1.63,0,-5399.904296875
100000000000000000000002,1,920625000,0,-46,3.33180627128761,0,0,0.800015991210937,1.63,0,-5399.904296875
100000000000000000000004,1,920625000,0,-47,2.74889357189107,0,0,0.800015991210937,1.63,0,-5399.904296875
100000000000000000000001,1,920625000,0,-48.5,2.35619449019234,0,0,0.800015991210937,1.63,0,-5399.904296875
100000000000000000000003,1,920625000,0,-48,1.69965071297729,0,0,0.800015991210937,1.63,0,-5399.904296875
100000000000000000000000,1,920625000,0,-50,1.04310693576224,0,0,0.800015991210937,1.63,0,-5399.904296875
100000000000000000000001,1,920625000,0,-48.5,2.3500585670408,0,0,0.800015991210937,1.63,0,-5399.904296875
100000000000000000000002,1,920625000,0,-46,3.33180627128761,0,0,0.800015991210937,1.63,0,-5399.904296875
100000000000000000000003,1,920625000,0,-48,1.68737886667421,0,0,0.800015991210937,1.63,0,-5399.904296875
100000000000000000000000,1,920625000,0,-50.5,1.07378655151995,0,0,0.800015991210937,1.63,0,-5399.904296875
100000000000000000000004,1,920625000,0,-47,2.74275764873953,0,0,0.800015991210937,1.63,0,-5399.904296875
100000000000000000000002,1,920625000,0,-45.5,3.31339850183298,0,0,0.800015991210937,1.63,0,-5399.904296875
100000000000000000000000,1,920625000,0,-50,1.02469916630761,0,0,0.800015991210937,1.63,0,-5399.904296875
100000000000000000000003,1,920625000,0,-48.5,1.730330328735,0,0,0.800015991210937,1.63,0,-5399.904296875
100000000000000000000001,1,920625000,0,-48.5,2.35619449019234,0,0,0.800015991210937,1.63,0,-5399.904296875
100000000000000000000004,1,920625000,0,-47,2.76116541819415,0,0,0.800015991210937,1.63,0,-5399.904296875
100000000000000000000001,1,920625000,0,-48.5,2.33778672073772,0,0,0.800015991210937,1.63,0,-5399.904296875
100000000000000000000002,1,920625000,0,-46,3.33794219443916,0,0,0.800015991210937,1.63,0,-5399.904296875
100000000000000000000000,1,920625000,0,-50,1.04924285891378,0,0,0.800015991210937,1.63,0,-5399.904296875
100000000000000000000003,1,920625000,0,-48,1.71805848243192,0,0,0.800015991210937,1.63,0,-5399.904296875
100000000000000000000004,1,920625000,0,-47,2.74275764873953,0,0,0.800015991210937,1.63,0,-5399.904296875
100000000000000000000004,1,920625000,0,-47,2.73662172558798,0,0,0.800015991210937,1.63,0,-5399.904296875
100000000000000000000003,1,920625000,0,-48.5,1.69965071297729,0,0,0.800015991210937,1.63,0,-5399.904296875
100000000000000000000002,1,920625000,0,-46,3.32567034813607,0,0,0.800015991210937,1.63,0,-5399.904296875
100000000000000000000001,1,920625000,0,-48.5,2.34392264388926,0,0,0.800015991210937,1.63,0,-5399.904296875
100000000000000000000000,1,920625000,0,-50,1.06765062836841,0,0,0.800015991210937,1.63,0,-5399.904296875
100000000000000000000002,1,920625000,0,-45.5,3.32567034813607,0,0,0.800015991210937,1.63,0,-5399.904296875
100000000000000000000000,1,920625000,0,-50,1.06765062836841,0,0,0.800015991210937,1.63,0,-5399.904296875
100000000000000000000003,1,920625000,0,-48,1.71805848243192,0,0,0.800015991210937,1.63,0,-5399.904296875
100000000000000000000001,1,920625000,0,-48.5,2.32551487443463,0,0,0.800015991210937,1.63,0,-5399.904296875
100000000000000000000004,1,920625000,0,-47,2.73662172558798,0,0,0.800015991210937,1.63,0,-5399.904296875
100000000000000000000001,1,920625000,0,-48.5,2.3500585670408,0,0,0.800015991210937,1.63,0,-5399.904296875
100000000000000000000000,1,920625000,0,-50,1.02469916630761,0,0,0.800015991210937,1.63,0,-5399.904296875
100000000000000000000004,1,920625000,0,-46.5,2.74889357189107,0,0,0.800015991210937,1.63,0,-5399.904296875
100000000000000000000002,1,920625000,0,-46,3.28885480922681,0,0,0.800015991210937,1.63,0,-5399.904296875
100000000000000000000003,1,920625000,0,-48,1.69965071297729,0,0,0.800015991210937,1.63,0,-5399.904296875
100000000000000000000000,1,920625000,0,-50.5,1.03697101261069,0,0,0.800015991210937,1.63,0,-5399.904296875
100000000000000000000003,1,920625000,0,-48.5,1.73646625188655,0,0,0.800015991210937,1.63,0,-5399.904296875
100000000000000000000002,1,920625000,0,-45.5,3.33180627128761,0,0,0.800015991210937,1.63,0,-5399.904296875
100000000000000000000004,1,920625000,0,-47,2.75502949504261,0,0,0.800015991210937,1.63,0,-5399.904296875
100000000000000000000001,1,920625000,0,-48.5,2.33165079758617,0,0,0.800015991210937,1.63,0,-5399.904296875
100000000000000000000002,1,920625000,0,-45.5,3.32567034813607,0,0,0.800015991210937,1.63,0,-5399.904296875
100000000000000000000004,1,920625000,0,-47,2.74275764873953,0,0,0.800015991210937,1.63,0,-5399.904296875
100000000000000000000003,1,920625000,0,-48,1.70578663612883,0,0,0.800015991210937,1.63,0,-5399.904296875
100000000000000000000001,1,920625000,0,-48.5,2.34392264388926,0,0,0.800015991210937,1.63,0,-5399.904296875
100000000000000000000000,1,920625000,0,-50.5,1.05537878206532,0,0,0.800015991210937,1.63,0,-5399.904296875
100000000000000000000000,1,920625000,0,-50,1.07378655151995,0,0,0.800015991210937,1.63,0,-5399.904296875
100000000000000000000002,1,920625000,0,-46,3.31953442498453,0,0,0.800015991210937,1.63,0,-5399.904296875
100000000000000000000003,1,920625000,0,-48.5,1.69351478982575,0,0,0.800015991210937,1.63,0,-5399.904296875
100000000000000000000001,1,920625000,0,-48.5,2.33165079758617,0,0,0.800015991210937,1.63,0,-5399.904296875
100000000000000000000004,1,920625000,0,-47,2.76116541819415,0,0,0.800015991210937,1.63,0,-5399.904296875
100000000000000000000001,1,920625000,0,-48.5,2.33778672073772,0,0,0.800015991210937,1.63,0,-5399.904296875
100000000000000000000004,1,920625000,0,-47,2.75502949504261,0,0,0.800015991210937,1.63,0,-5399.904296875
100000000000000000000002,1,920625000,0,-46,3.31953442498453,0,0,0.800015991210937,1.63,0,-5399.904296875
100000000000000000000000,1,920625000,0,-50,1.05537878206532,0,0,0.800015991210937,1.63,0,-5399.904296875
100000000000000000000003,1,920625000,0,-48,1.69965071297729,0,0,0.800015991210937,1.63,0,-5399.904296875
100000000000000000000003,1,920625000,0,-48,1.71805848243192,0,0,0.800015991210937,1.63,0,-5399.904296875
100000000000000000000001,1,920625000,0,-48.5,2.36233041334389,0,0,0.800015991210937,1.63,0,-5399.904296875
100000000000000000000004,1,920625000,0,-47,2.75502949504261,0,0,0.800015991210937,1.63,0,-5399.904296875
100000000000000000000000,1,920625000,0,-50,1.03083508945915,0,0,0.800015991210937,1.63,0,-5399.904296875
100000000000000000000002,1,920625000,0,-46,3.31953442498453,0,0,0.800015991210937,1.63,0,-5399.904296875
100000000000000000000000,1,921125000,0,-50,1.2824079386724,0,0,0.800015991210937,1.63,0,-5399.904296875
100000000000000000000004,1,921125000,0,-47,2.9697868053466,0,0,0.800015991210937,1.63,0,-5399.904296875
100000000000000000000003,1,921125000,0,-48,1.93895171588745,0,0,0.800015991210937,1.63,0,-5399.904296875
100000000000000000000002,1,921125000,0,-45.5,3.56497135104623,0,0,0.800015991210937,1.63,0,-5399.904296875
100000000000000000000001,1,921125000,0,-48.5,2.55867995419325,0,0,0.800015991210937,1.63,0,-5399.904296875
100000000000000000000000,1,921125000,0,-50,1.28854386182394,0,0,0.800015991210937,1.63,0,-5399.904296875
100000000000000000000003,1,921125000,0,-47.5,1.90827210012974,0,0,0.800015991210937,1.63,0,-5399.904296875
100000000000000000000004,1,921125000,0,-47,2.96365088219506,0,0,0.800015991210937,1.63,0,-5399.904296875
100000000000000000000001,1,921125000,0,-48.5,2.56481587734479,0,0,0.800015991210937,1.63,0,-5399.904296875
100000000000000000000002,1,921125000,0,-45.5,3.5465635815916,0,0,0.800015991210937,1.63,0,-5399.904296875
100000000000000000000003,1,921125000,0,-47.5,1.93895171588745,0,0,0.800015991210937,1.63,0,-5399.904296875
100000000000000000000001,1,921125000,0,-48.5,2.58322364679942,0,0,0.800015991210937,1.63,0,-5399.904296875
100000000000000000000000,1,921125000,0,-50,1.28854386182394,0,0,0.800015991210937,1.63,0,-5399.904296875
100000000000000000000002,1,921125000,0,-45.5,3.55883542789469,0,0,0.800015991210937,1.63,0,-5399.904296875
100000000000000000000004,1,921125000,0,-47,2.95751495904352,0,0,0.800015991210937,1.63,0,-5399.904296875
100000000000000000000003,1,921125000,0,-47.5,1.95122356219054,0,0,0.800015991210937,1.63,0,-5399.904296875
100000000000000000000000,1,921125000,0,-50,1.30081570812702,0,0,0.800015991210937,1.63,0,-5399.904296875
100000000000000000000002,1,921125000,0,-45.5,3.55883542789469,0,0,0.800015991210937,1.63,0,-5399.904296875
100000000000000000000001,1,921125000,0,-48.5,2.57708772364788,0,0,0.800015991210937,1.63,0,-5399.904296875
100000000000000000000004,1,921125000,0,-47,2.95751495904352,0,0,0.800015991210937,1.63,0,-5399.904296875
100000000000000000000002,1,921125000,0,-45.5,3.55883542789469,0,0,0.800015991210937,1.63,0,-5399.904296875
100000000000000000000001,1,921125000,0,-48.5,2.58322364679942,0,0,0.800015991210937,1.63,0,-5399.904296875
100000000000000000000003,1,921125000,0,-47.5,1.94508763903899,0,0,0.800015991210937,1.63,0,-5399.904296875
100000000000000000000004,1,921125000,0,-47,2.96365088219506,0,0,0.800015991210937,1.63,0,-5399.904296875
100000000000000000000000,1,921125000,0,-50,1.2824079386724,0,0,0.800015991210937,1.63,0,-5399.904296875
100000000000000000000001,1,921125000,0,-48.5,2.61390326255713,0,0,0.800015991210937,1.63,0,-5399.904296875
100000000000000000000003,1,921125000,0,-47.5,1.91440802328128,0,0,0.800015991210937,1.63,0,-5399.904296875
100000000000000000000002,1,921125000,0,-45.5,3.57110727419777,0,0,0.800015991210937,1.63,0,-5399.904296875
100000000000000000000000,1,921125000,0,-50,1.2824079386724,0,0,0.800015991210937,1.63,0,-5399.904296875
100000000000000000000004,1,921125000,0,-47,2.94524311274043,0,0,0.800015991210937,1.63,0,-5399.904296875
100000000000000000000000,1,921125000,0,-50,1.2824079386724,0,0,0.800015991210937,1.63,0,-5399.904296875
100000000000000000000003,1,921125000,0,-47.5,1.92054394643282,0,0,0.800015991210937,1.63,0,-5399.904296875
100000000000000000000001,1,921125000,0,-48.5,2.57095180049633,0,0,0.800015991210937,1.63,0,-5399.904296875
100000000000000000000002,1,921125000,0,-45.5,3.56497135104623,0,0,0.800015991210937,1.63,0,-5399.904296875
100000000000000000000004,1,921125000,0,-47,2.95137903589197,0,0,0.800015991210937,1.63,0,-5399.904296875
100000000000000000000000,1,921125000,0,-50,1.27627201552085,0,0,0.800015991210937,1.63,0,-5399.904296875
100000000000000000000001,1,921125000,0,-48.5,2.58935956995096,0,0,0.800015991210937,1.63,0,-5399.904296875
100000000000000000000002,1,921125000,0,-45.5,3.55883542789469,0,0,0.800015991210937,1.63,0,-5399.904296875
100000000000000000000003,1,921125000,0,-47.5,1.92667986958437,0,0,0.800015991210937,1.63,0,-5399.904296875
100000000000000000000004,1,921125000,0,-47.5,2.96365088219506,0,0,0.800015991210937,1.63,0,-5399.904296875
100000000000000000000004,1,921125000,0,-47,2.95751495904352,0,0,0.800015991210937,1.63,0,-5399.904296875
100000000000000000000000,1,921125000,0,-50,1.30081570812702,0,0,0.800015991210937,1.63,0,-5399.904296875
100000000000000000000003,1,921125000,0,-47.5,1.94508763903899,0,0,0.800015991210937,1.63,0,-5399.904296875
100000000000000000000002,1,921125000,0,-45.5,3.53429173528852,0,0,0.800015991210937,1.63,0,-5399.904296875
100000000000000000000001,1,921125000,0,-48.5,2.58935956995096,0,0,0.800015991210937,1.63,0,-5399.904296875
100000000000000000000002,1,921125000,0,-45.5,3.57110727419777,0,0,0.800015991210937,1.63,0,-5399.904296875
100000000000000000000000,1,921125000,0,-50,1.2824079386724,0,0,0.800015991210937,1.63,0,-5399.904296875
100000000000000000000004,1,921125000,0,-47,2.98205865164969,0,0,0.800015991210937,1.63,0,-5399.904296875
100000000000000000000001,1,921125000,0,-48.5,2.57095180049633,0,0,0.800015991210937,1.63,0,-5399.904296875
100000000000000000000003,1,921125000,0,-48,1.93895171588745,0,0,0.800015991210937,1.63,0,-5399.904296875
100000000000000000000000,1,921125000,0,-50,1.30695163127857,0,0,0.800015991210937,1.63,0,-5399.904296875
100000000000000000000001,1,921125000,0,-48.5,2.58935956995096,0,0,0.800015991210937,1.63,0,-5399.904296875
100000000000000000000002,1,921125000,0,-45.5,3.56497135104623,0,0,0.800015991210937,1.63,0,-5399.904296875
100000000000000000000003,1,921125000,0,-47.5,1.94508763903899,0,0,0.800015991210937,1.63,0,-5399.904296875
100000000000000000000004,1,921125000,0,-47,2.93910718958889,0,0,0.800015991210937,1.63,0,-5399.904296875
100000000000000000000003,1,921125000,0,-47.5,1.90827210012974,0,0,0.800015991210937,1.63,0,-5399.904296875
100000000000000000000002,1,921125000,0,-45.5,3.55883542789469,0,0,0.800015991210937,1.63,0,-5399.904296875
100000000000000000000001,1,921125000,0,-48.5,2.60163141625405,0,0,0.800015991210937,1.63,0,-5399.904296875
100000000000000000000004,1,921125000,0,-47,2.95751495904352,0,0,0.800015991210937,1.63,0,-5399.904296875
100000000000000000000000,1,921125000,0,-50,1.27013609236931,0,0,0.800015991210937,1.63,0,-5399.904296875
100000000000000000000002,1,921125000,0,-45.5,3.5465635815916,0,0,0.800015991210937,1.63,0,-5399.904296875
100000000000000000000000,1,921125000,0,-50,1.27013609236931,0,0,0.800015991210937,1.63,0,-5399.904296875
100000000000000000000001,1,921125000,0,-48.5,2.58935956995096,0,0,0.800015991210937,1.63,0,-5399.904296875
100000000000000000000004,1,921125000,0,-47,2.95751495904352,0,0,0.800015991210937,1.63,0,-5399.904296875
100000000000000000000003,1,921125000,0,-47.5,1.92667986958437,0,0,0.800015991210937,1.63,0,-5399.904296875
100000000000000000000003,1,921125000,0,-47.5,1.94508763903899,0,0,0.800015991210937,1.63,0,-5399.904296875
100000000000000000000001,1,921125000,0,-48.5,2.57095180049633,0,0,0.800015991210937,1.63,0,-5399.904296875
100000000000000000000002,1,921125000,0,-45.5,3.55269950474315,0,0,0.800015991210937,1.63,0,-5399.904296875
100000000000000000000004,1,921125000,0,-47,2.95751495904352,0,0,0.800015991210937,1.63,0,-5399.904296875
100000000000000000000000,1,921125000,0,-50,1.27013609236931,0,0,0.800015991210937,1.63,0,-5399.904296875
100000000000000000000001,1,921125000,0,-48.5,2.58322364679942,0,0,0.800015991210937,1.63,0,-5399.904296875
100000000000000000000004,1,921125000,0,-47,2.94524311274043,0,0,0.800015991210937,1.63,0,-5399.904296875
100000000000000000000002,1,921125000,0,-45.5,3.56497135104623,0,0,0.800015991210937,1.63,0,-5399.904296875
100000000000000000000000,1,921125000,0,-50,1.2824079386724,0,0,0.800015991210937,1.63,0,-5399.904296875
100000000000000000000003,1,921125000,0,-47.5,1.93895171588745,0,0,0.800015991210937,1.63,0,-5399.904296875
100000000000000000000002,1,921125000,0,-45.5,3.53429173528852,0,0,0.800015991210937,1.63,0,-5399.904296875
100000000000000000000001,1,921125000,0,-48.5,2.58935956995096,0,0,0.800015991210937,1.63,0,-5399.904296875
100000000000000000000004,1,921125000,0,-47,2.94524311274043,0,0,0.800015991210937,1.63,0,-5399.904296875
100000000000000000000003,1,921125000,0,-47.5,1.93281579273591,0,0,0.800015991210937,1.63,0,-5399.904296875
100000000000000000000000,1,921125000,0,-50,1.28854386182394,0,0,0.800015991210937,1.63,0,-5399.904296875
100000000000000000000001,1,921125000,0,-48.5,2.5954954931025,0,0,0.800015991210937,1.63,0,-5399.904296875
100000000000000000000002,1,921125000,0,-45.5,3.55269950474315,0,0,0.800015991210937,1.63,0,-5399.904296875
100000000000000000000004,1,921125000,0,-47,2.9697868053466,0,0,0.800015991210937,1.63,0,-5399.904296875
100000000000000000000000,1,921125000,0,-50,1.30695163127857,0,0,0.800015991210937,1.63,0,-5399.904296875
100000000000000000000003,1,921125000,0,-47.5,1.96349540849362,0,0,0.800015991210937,1.63,0,-5399.904296875
100000000000000000000000,1,921125000,0,-50,1.30695163127857,0,0,0.800015991210937,1.63,0,-5399.904296875
100000000000000000000002,1,921125000,0,-45.5,3.56497135104623,0,0,0.800015991210937,1.63,0,-5399.904296875
100000000000000000000003,1,921125000,0,-48,1.92054394643282,0,0,0.800015991210937,1.63,0,-5399.904296875
100000000000000000000004,1,921125000,0,-47,2.94524311274043,0,0,0.800015991210937,1.63,0,-5399.904296875
100000000000000000000001,1,921125000,0,-48.5,2.57095180049633,0,0,0.800015991210937,1.63,0,-5399.904296875
100000000000000000000002,1,921125000,0,-45.5,3.55883542789469,0,0,0.800015991210937,1.63,0,-5399.904296875
100000000000000000000004,1,921125000,0,-47,2.94524311274043,0,0,0.800015991210937,1.63,0,-5399.904296875
100000000000000000000000,1,921125000,0,-50,1.2824079386724,0,0,0.800015991210937,1.63,0,-5399.904296875
100000000000000000000001,1,921125000,0,-48.5,2.57095180049633,0,0,0.800015991210937,1.63,0,-5399.904296875
100000000000000000000003,1,921125000,0,-47.5,1.90827210012974,0,0,0.800015991210937,1.63,0,-5399.904296875
100000000000000000000004,1,921125000,0,-47.5,2.9697868053466,0,0,0.800015991210937,1.63,0,-5399.904296875
100000000000000000000001,1,921125000,0,-48.5,2.57095180049633,0,0,0.800015991210937,1.63,0,-5399.904296875
100000000000000000000003,1,921125000,0,-47.5,1.94508763903899,0,0,0.800015991210937,1.63,0,-5399.904296875
100000000000000000000000,1,921125000,0,-50,1.29467978497548,0,0,0.800015991210937,1.63,0,-5399.904296875
100000000000000000000002,1,921125000,0,-45.5,3.57110727419777,0,0,0.800015991210937,1.63,0,-5399.904296875
100000000000000000000002,1,921125000,0,-45.5,3.57110727419777,0,0,0.800015991210937,1.63,0,-5399.904296875
100000000000000000000003,1,921125000,0,-47.5,1.93895171588745,0,0,0.800015991210937,1.63,0,-5399.904296875
100000000000000000000001,1,921125000,0,-48.5,2.60776733940559,0,0,0.800015991210937,1.63,0,-5399.904296875
100000000000000000000004,1,921125000,0,-47,2.96365088219506,0,0,0.800015991210937,1.63,0,-5399.904296875
100000000000000000000000,1,921125000,0,-50,1.30081570812702,0,0,0.800015991210937,1.63,0,-5399.904296875
100000000000000000000004,1,921125000,0,-47,2.95137903589197,0,0,0.800015991210937,1.63,0,-5399.904296875
100000000000000000000001,1,921125000,0,-48.5,2.56481587734479,0,0,0.800015991210937,1.63,0,-5399.904296875
100000000000000000000002,1,921125000,0,-45.5,3.57110727419777,0,0,0.800015991210937,1.63,0,-5399.904296875
100000000000000000000000,1,921125000,0,-50,1.2824079386724,0,0,0.800015991210937,1.63,0,-5399.904296875
100000000000000000000003,1,921125000,0,-47.5,1.94508763903899,0,0,0.800015991210937,1.63,0,-5399.904296875
100000000000000000000004,1,921125000,0,-47.5,2.95751495904352,0,0,0.800015991210937,1.63,0,-5399.904296875
100000000000000000000002,1,921125000,0,-45.5,3.55883542789469,0,0,0.800015991210937,1.63,0,-5399.904296875
100000000000000000000000,1,921125000,0,-50,1.2824079386724,0,0,0.800015991210937,1.63,0,-5399.904296875
100000000000000000000001,1,921125000,0,-48.5,2.58322364679942,0,0,0.800015991210937,1.63,0,-5399.904296875
100000000000000000000003,1,921125000,0,-47.5,1.93281579273591,0,0,0.800015991210937,1.63,0,-5399.904296875
100000000000000000000000,1,921125000,0,-50,1.28854386182394,0,0,0.800015991210937,1.63,0,-5399.904296875
100000000000000000000004,1,921125000,0,-47,2.95137903589197,0,0,0.800015991210937,1.63,0,-5399.904296875
100000000000000000000003,1,921125000,0,-48,1.93895171588745,0,0,0.800015991210937,1.63,0,-5399.904296875
100000000000000000000001,1,921125000,0,-48.5,2.57095180049633,0,0,0.800015991210937,1.63,0,-5399.904296875
100000000000000000000002,1,921125000,0,-45.5,3.53429173528852,0,0,0.800015991210937,1.63,0,-5399.904296875
100000000000000000000004,1,921125000,0,-47,2.96365088219506,0,0,0.800015991210937,1.63,0,-5399.904296875
100000000000000000000003,1,921125000,0,-47.5,1.91440802328128,0,0,0.800015991210937,1.63,0,-5399.904296875
100000000000000000000001,1,921125000,0,-48.5,2.58322364679942,0,0,0.800015991210937,1.63,0,-5399.904296875
100000000000000000000002,1,921125000,0,-45.5,3.55883542789469,0,0,0.800015991210937,1.63,0,-5399.904296875
100000000000000000000000,1,921125000,0,-50,1.2824079386724,0,0,0.800015991210937,1.63,0,-5399.904296875
100000000000000000000003,1,921125000,0,-47.5,1.92667986958437,0,0,0.800015991210937,1.63,0,-5399.904296875
100000000000000000000004,1,921125000,0,-47,2.98205865164969,0,0,0.800015991210937,1.63,0,-5399.904296875
100000000000000000000001,1,921125000,0,-48.5,2.60163141625405,0,0,0.800015991210937,1.63,0,-5399.904296875
100000000000000000000000,1,921125000,0,-50,1.29467978497548,0,0,0.800015991210937,1.63,0,-5399.904296875
100000000000000000000002,1,921125000,0,-45.5,3.55883542789469,0,0,0.800015991210937,1.63,0,-5399.904296875
100000000000000000000004,1,921125000,0,-47,2.96365088219506,0,0,0.800015991210937,1.63,0,-5399.904296875
100000000000000000000000,1,921125000,0,-50,1.30081570812702,0,0,0.800015991210937,1.63,0,-5399.904296875
100000000000000000000002,1,921125000,0,-45.5,3.55883542789469,0,0,0.800015991210937,1.63,0,-5399.904296875
100000000000000000000001,1,921125000,0,-48.5,2.57095180049633,0,0,0.800015991210937,1.63,0,-5399.904296875
100000000000000000000003,1,921125000,0,-47.5,1.95735948534208,0,0,0.800015991210937,1.63,0,-5399.904296875
100000000000000000000000,1,921125000,0,-50,1.27627201552085,0,0,0.800015991210937,1.63,0,-5399.904296875
100000000000000000000001,1,921125000,0,-48.5,2.57095180049633,0,0,0.800015991210937,1.63,0,-5399.904296875
100000000000000000000003,1,921125000,0,-47.5,1.95122356219054,0,0,0.800015991210937,1.63,0,-5399.904296875
100000000000000000000002,1,921125000,0,-45.5,3.55883542789469,0,0,0.800015991210937,1.63,0,-5399.904296875
100000000000000000000004,1,921125000,0,-47,2.97592272849814,0,0,0.800015991210937,1.63,0,-5399.904296875
100000000000000000000003,1,921125000,0,-47.5,1.94508763903899,0,0,0.800015991210937,1.63,0,-5399.904296875
100000000000000000000004,1,921125000,0,-47,2.96365088219506,0,0,0.800015991210937,1.63,0,-5399.904296875
100000000000000000000001,1,921125000,0,-48.5,2.60163141625405,0,0,0.800015991210937,1.63,0,-5399.904296875
100000000000000000000002,1,921125000,0,-45.5,3.56497135104623,0,0,0.800015991210937,1.63,0,-5399.904296875
100000000000000000000000,1,921125000,0,-50,1.27627201552085,0,0,0.800015991210937,1.63,0,-5399.904296875
100000000000000000000001,1,921125000,0,-48.5,2.58935956995096,0,0,0.800015991210937,1.63,0,-5399.904296875
100000000000000000000004,1,921125000,0,-47,2.95751495904352,0,0,0.800015991210937,1.63,0,-5399.904296875
100000000000000000000000,1,921125000,0,-50,1.30695163127857,0,0,0.800015991210937,1.63,0,-5399.904296875
100000000000000000000002,1,921125000,0,-45.5,3.55269950474315,0,0,0.800015991210937,1.63,0,-5399.904296875
100000000000000000000003,1,921125000,0,-48,1.92667986958437,0,0,0.800015991210937,1.63,0,-5399.904296875
100000000000000000000004,1,921125000,0,-47,2.95751495904352,0,0,0.800015991210937,1.63,0,-5399.904296875
100000000000000000000003,1,921125000,0,-48,1.95735948534208,0,0,0.800015991210937,1.63,0,-5399.904296875
100000000000000000000001,1,921125000,0,-48.5,2.58935956995096,0,0,0.800015991210937,1.63,0,-5399.904296875
100000000000000000000002,1,921125000,0,-45.5,3.57110727419777,0,0,0.800015991210937,1.63,0,-5399.904296875
100000000000000000000000,1,921125000,0,-50,1.30081570812702,0,0,0.800015991210937,1.63,0,-5399.904296875
100000000000000000000003,1,921125000,0,-47.5,1.92667986958437,0,0,0.800015991210937,1.63,0,-5399.904296875
100000000000000000000000,1,921125000,0,-50,1.26400016921777,0,0,0.800015991210937,1.63,0,-5399.904296875
100000000000000000000004,1,921125000,0,-47.5,2.96365088219506,0,0,0.800015991210937,1.63,0,-5399.904296875
100000000000000000000001,1,921125000,0,-48.5,2.57708772364788,0,0,0.800015991210937,1.63,0,-5399.904296875
100000000000000000000002,1,921125000,0,-45.5,3.56497135104623,0,0,0.800015991210937,1.63,0,-5399.904296875
100000000000000000000004,1,921125000,0,-47,2.96365088219506,0,0,0.800015991210937,1.63,0,-5399.904296875
100000000000000000000001,1,921125000,0,-48.5,2.5954954931025,0,0,0.800015991210937,1.63,0,-5399.904296875
100000000000000000000002,1,921125000,0,-45.5,3.56497135104623,0,0,0.800015991210937,1.63,0,-5399.904296875
100000000000000000000003,1,921125000,0,-47.5,1.92667986958437,0,0,0.800015991210937,1.63,0,-5399.904296875
100000000000000000000000,1,921125000,0,-50,1.31308755443011,0,0,0.800015991210937,1.63,0,-5399.904296875
100000000000000000000003,1,921125000,0,-47.5,1.93281579273591,0,0,0.800015991210937,1.63,0,-5399.904296875
100000000000000000000002,1,921125000,0,-45.5,3.55269950474315,0,0,0.800015991210937,1.63,0,-5399.904296875
100000000000000000000001,1,921125000,0,-48.5,2.58322364679942,0,0,0.800015991210937,1.63,0,-5399.904296875
100000000000000000000004,1,921125000,0,-47,2.95137903589197,0,0,0.800015991210937,1.63,0,-5399.904296875
100000000000000000000000,1,921125000,0,-50,1.30695163127857,0,0,0.800015991210937,1.63,0,-5399.904296875
100000000000000000000003,1,921125000,0,-47.5,1.92667986958437,0,0,0.800015991210937,1.63,0,-5399.904296875
100000000000000000000001,1,921125000,0,-48.5,2.57708772364788,0,0,0.800015991210937,1.63,0,-5399.904296875
100000000000000000000002,1,921125000,0,-45.5,3.55883542789469,0,0,0.800015991210937,1.63,0,-5399.904296875
100000000000000000000004,1,921125000,0,-47,2.97592272849814,0,0,0.800015991210937,1.63,0,-5399.904296875
100000000000000000000000,1,921125000,0,-50,1.25786424606623,0,0,0.800015991210937,1.63,0,-5399.904296875
100000000000000000000004,1,921125000,0,-47,2.96365088219506,0,0,0.800015991210937,1.63,0,-5399.904296875
100000000000000000000002,1,921125000,0,-45.5,3.57110727419777,0,0,0.800015991210937,1.63,0,-5399.904296875
100000000000000000000001,1,921125000,0,-48.5,2.57708772364788,0,0,0.800015991210937,1.63,0,-5399.904296875
100000000000000000000003,1,921125000,0,-48,1.92667986958437,0,0,0.800015991210937,1.63,0,-5399.904296875
100000000000000000000000,1,921125000,0,-50,1.25172832291468,0,0,0.800015991210937,1.63,0,-5399.904296875
100000000000000000000001,1,921125000,0,-48.5,2.58322364679942,0,0,0.800015991210937,1.63,0,-5399.904296875
100000000000000000000002,1,921125000,0,-45.5,3.55883542789469,0,0,0.800015991210937,1.63,0,-5399.904296875
100000000000000000000003,1,921125000,0,-47.5,1.96349540849362,0,0,0.800015991210937,1.63,0,-5399.904296875
100000000000000000000004,1,921125000,0,-47,2.98205865164969,0,0,0.800015991210937,1.63,0,-5399.904296875
100000000000000000000000,1,921125000,0,-50,1.27627201552085,0,0,0.800015991210937,1.63,0,-5399.904296875
100000000000000000000003,1,921125000,0,-47.5,1.94508763903899,0,0,0.800015991210937,1.63,0,-5399.904296875
100000000000000000000001,1,921125000,0,-48.5,2.5954954931025,0,0,0.800015991210937,1.63,0,-5399.904296875
100000000000000000000004,1,921125000,0,-47,2.97592272849814,0,0,0.800015991210937,1.63,0,-5399.904296875
100000000000000000000002,1,921125000,0,-45.5,3.55269950474315,0,0,0.800015991210937,1.63,0,-5399.904296875
100000000000000000000000,1,921125000,0,-50,1.29467978497548,0,0,0.800015991210937,1.63,0,-5399.904296875
100000000000000000000004,1,921125000,0,-47,2.96365088219506,0,0,0.800015991210937,1.63,0,-5399.904296875
100000000000000000000002,1,921125000,0,-45.5,3.56497135104623,0,0,0.800015991210937,1.63,0,-5399.904296875
100000000000000000000003,1,921125000,0,-47.5,1.95122356219054,0,0,0.800015991210937,1.63,0,-5399.904296875
100000000000000000000001,1,921125000,0,-48.5,2.58322364679942,0,0,0.800015991210937,1.63,0,-5399.904296875
100000000000000000000000,1,921125000,0,-50,1.27627201552085,0,0,0.800015991210937,1.63,0,-5399.904296875
100000000000000000000000,1,921125000,0,-50,1.29467978497548,0,0,0.800015991210937,1.63,0,-5399.904296875
100000000000000000000002,1,921125000,0,-45.5,3.56497135104623,0,0,0.800015991210937,1.63,0,-5399.904296875
100000000000000000000003,1,921125000,0,-47.5,1.93895171588745,0,0,0.800015991210937,1.63,0,-5399.904296875
100000000000000000000001,1,921125000,0,-48.5,2.58935956995096,0,0,0.800015991210937,1.63,0,-5399.904296875
100000000000000000000004,1,921125000,0,-47,2.95751495904352,0,0,0.800015991210937,1.63,0,-5399.904296875
100000000000000000000000,1,921125000,0,-50,1.30695163127857,0,0,0.800015991210937,1.63,0,-5399.904296875
100000000000000000000004,1,921125000,0,-47,2.95137903589197,0,0,0.800015991210937,1.63,0,-5399.904296875
100000000000000000000001,1,921125000,0,-48.5,2.58935956995096,0,0,0.800015991210937,1.63,0,-5399.904296875
100000000000000000000003,1,921125000,0,-47.5,1.94508763903899,0,0,0.800015991210937,1.63,0,-5399.904296875
100000000000000000000002,1,921125000,0,-45.5,3.55269950474315,0,0,0.800015991210937,1.63,0,-5399.904296875
100000000000000000000002,1,921125000,0,-45.5,3.55883542789469,0,0,0.800015991210937,1.63,0,-5399.904296875
100000000000000000000001,1,921125000,0,-48.5,2.57708772364788,0,0,0.800015991210937,1.63,0,-5399.904296875
100000000000000000000003,1,921125000,0,-47.5,1.92667986958437,0,0,0.800015991210937,1.63,0,-5399.904296875
100000000000000000000000,1,921125000,0,-50,1.29467978497548,0,0,0.800015991210937,1.63,0,-5399.904296875
100000000000000000000004,1,921125000,0,-47,2.94524311274043,0,0,0.800015991210937,1.63,0,-5399.904296875
100000000000000000000002,1,921125000,0,-45.5,3.56497135104623,0,0,0.800015991210937,1.63,0,-5399.904296875
100000000000000000000003,1,921125000,0,-47.5,1.92054394643282,0,0,0.800015991210937,1.63,0,-5399.904296875
100000000000000000000001,1,921125000,0,-48.5,2.58322364679942,0,0,0.800015991210937,1.63,0,-5399.904296875
100000000000000000000000,1,921125000,0,-50,1.26400016921777,0,0,0.800015991210937,1.63,0,-5399.904296875
100000000000000000000004,1,921125000,0,-47,2.95137903589197,0,0,0.800015991210937,1.63,0,-5399.904296875
100000000000000000000001,1,921125000,0,-48.5,2.58322364679942,0,0,0.800015991210937,1.63,0,-5399.904296875
100000000000000000000003,1,921125000,0,-47.5,1.93281579273591,0,0,0.800015991210937,1.63,0,-5399.904296875
100000000000000000000002,1,921125000,0,-45.5,3.53429173528852,0,0,0.800015991210937,1.63,0,-5399.904296875
100000000000000000000000,1,921125000,0,-50,1.2824079386724,0,0,0.800015991210937,1.63,0,-5399.904296875
100000000000000000000004,1,921125000,0,-47,2.95751495904352,0,0,0.800015991210937,1.63,0,-5399.904296875
100000000000000000000003,1,921125000,0,-48,1.93281579273591,0,0,0.800015991210937,1.63,0,-5399.904296875
100000000000000000000002,1,921125000,0,-45.5,3.55883542789469,0,0,0.800015991210937,1.63,0,-5399.904296875
100000000000000000000004,1,921125000,0,-47,2.95137903589197,0,0,0.800015991210937,1.63,0,-5399.904296875
100000000000000000000001,1,921125000,0,-48.5,2.60163141625405,0,0,0.800015991210937,1.63,0,-5399.904296875
100000000000000000000000,1,921125000,0,-50,1.2824079386724,0,0,0.800015991210937,1.63,0,-5399.904296875
100000000000000000000001,1,921125000,0,-48.5,2.60776733940559,0,0,0.800015991210937,1.63,0,-5399.904296875
100000000000000000000002,1,921125000,0,-45.5,3.55883542789469,0,0,0.800015991210937,1.63,0,-5399.904296875
100000000000000000000003,1,921125000,0,-47.5,1.93281579273591,0,0,0.800015991210937,1.63,0,-5399.904296875
100000000000000000000000,1,921125000,0,-50,1.31922347758165,0,0,0.800015991210937,1.63,0,-5399.904296875
100000000000000000000004,1,921125000,0,-47,2.95751495904352,0,0,0.800015991210937,1.63,0,-5399.904296875
100000000000000000000001,1,921125000,0,-48.5,2.57095180049633,0,0,0.800015991210937,1.63,0,-5399.904296875
100000000000000000000000,1,921125000,0,-50,1.30081570812702,0,0,0.800015991210937,1.63,0,-5399.904296875
100000000000000000000003,1,921125000,0,-47.5,1.93895171588745,0,0,0.800015991210937,1.63,0,-5399.904296875
100000000000000000000004,1,921125000,0,-47,2.94524311274043,0,0,0.800015991210937,1.63,0,-5399.904296875
100000000000000000000002,1,921125000,0,-45.5,3.52815581213697,0,0,0.800015991210937,1.63,0,-5399.904296875
100000000000000000000003,1,921125000,0,-47.5,1.93895171588745,0,0,0.800015991210937,1.63,0,-5399.904296875
100000000000000000000000,1,921125000,0,-50,1.2824079386724,0,0,0.800015991210937,1.63,0,-5399.904296875
100000000000000000000002,1,921125000,0,-45.5,3.55269950474315,0,0,0.800015991210937,1.63,0,-5399.904296875
100000000000000000000004,1,921125000,0,-47,2.93910718958889,0,0,0.800015991210937,1.63,0,-5399.904296875
100000000000000000000001,1,921125000,0,-48.5,2.57708772364788,0,0,0.800015991210937,1.63,0,-5399.904296875
100000000000000000000002,1,921125000,0,-45.5,3.56497135104623,0,0,0.800015991210937,1.63,0,-5399.904296875
100000000000000000000001,1,921125000,0,-48.5,2.57708772364788,0,0,0.800015991210937,1.63,0,-5399.904296875
100000000000000000000000,1,921125000,0,-50,1.2824079386724,0,0,0.800015991210937,1.63,0,-5399.904296875
100000000000000000000004,1,921125000,0,-47,2.95137903589197,0,0,0.800015991210937,1.63,0,-5399.904296875
100000000000000000000003,1,921125000,0,-48,1.96349540849362,0,0,0.800015991210937,1.63,0,-5399.904296875
100000000000000000000002,1,921125000,0,-45.5,3.5465635815916,0,0,0.800015991210937,1.63,0,-5399.904296875
100000000000000000000004,1,921125000,0,-47,2.95751495904352,0,0,0.800015991210937,1.63,0,-5399.904296875
100000000000000000000001,1,921125000,0,-48.5,2.60163141625405,0,0,0.800015991210937,1.63,0,-5399.904296875
100000000000000000000000,1,921125000,0,-50,1.27013609236931,0,0,0.800015991210937,1.63,0,-5399.904296875
100000000000000000000003,1,921125000,0,-48,1.96963133164516,0,0,0.800015991210937,1.63,0,-5399.904296875
100000000000000000000000,1,921125000,0,-50,1.27013609236931,0,0,0.800015991210937,1.63,0,-5399.904296875
100000000000000000000002,1,921125000,0,-45.5,3.53429173528852,0,0,0.800015991210937,1.63,0,-5399.904296875
100000000000000000000004,1,921125000,0,-47,2.95751495904352,0,0,0.800015991210937,1.63,0,-5399.904296875
100000000000000000000001,1,921125000,0,-48.5,2.58322364679942,0,0,0.800015991210937,1.63,0,-5399.904296875
100000000000000000000003,1,921125000,0,-47.5,1.92054394643282,0,0,0.800015991210937,1.63,0,-5399.904296875
100000000000000000000004,1,921125000,0,-47,2.95137903589197,0,0,0.800015991210937,1.63,0,-5399.904296875
100000000000000000000001,1,921125000,0,-48.5,2.58935956995096,0,0,0.800015991210937,1.63,0,-5399.904296875
100000000000000000000000,1,921125000,0,-50,1.31308755443011,0,0,0.800015991210937,1.63,0,-5399.904296875
100000000000000000000002,1,921125000,0,-45.5,3.56497135104623,0,0,0.800015991210937,1.63,0,-5399.904296875
100000000000000000000003,1,921125000,0,-47.5,1.93281579273591,0,0,0.800015991210937,1.63,0,-5399.904296875
100000000000000000000003,1,921125000,0,-47.5,1.92667986958437,0,0,0.800015991210937,1.63,0,-5399.904296875
100000000000000000000002,1,921125000,0,-45.5,3.55883542789469,0,0,0.800015991210937,1.63,0,-5399.904296875
100000000000000000000000,1,921125000,0,-50,1.28854386182394,0,0,0.800015991210937,1.63,0,-5399.904296875
100000000000000000000001,1,921125000,0,-48.5,2.55867995419325,0,0,0.800015991210937,1.63,0,-5399.904296875
100000000000000000000004,1,921125000,0,-47,2.97592272849814,0,0,0.800015991210937,1.63,0,-5399.904296875
100000000000000000000003,1,921125000,0,-47.5,1.91440802328128,0,0,0.800015991210937,1.63,0,-5399.904296875
100000000000000000000004,1,921125000,0,-47,2.95137903589197,0,0,0.800015991210937,1.63,0,-5399.904296875
100000000000000000000000,1,921125000,0,-50,1.28854386182394,0,0,0.800015991210937,1.63,0,-5399.904296875
100000000000000000000002,1,921125000,0,-45.5,3.56497135104623,0,0,0.800015991210937,1.63,0,-5399.904296875
100000000000000000000001,1,921125000,0,-48.5,2.56481587734479,0,0,0.800015991210937,1.63,0,-5399.904296875
100000000000000000000000,1,921125000,0,-50,1.30081570812702,0,0,0.800015991210937,1.63,0,-5399.904296875
100000000000000000000003,1,921125000,0,-47.5,1.94508763903899,0,0,0.800015991210937,1.63,0,-5399.904296875
100000000000000000000001,1,921125000,0,-48.5,2.58322364679942,0,0,0.800015991210937,1.63,0,-5399.904296875
100000000000000000000002,1,921125000,0,-45.5,3.55269950474315,0,0,0.800015991210937,1.63,0,-5399.904296875
100000000000000000000004,1,921125000,0,-47,2.95751495904352,0,0,0.800015991210937,1.63,0,-5399.904296875
100000000000000000000001,1,921125000,0,-48.5,2.55867995419325,0,0,0.800015991210937,1.63,0,-5399.904296875
100000000000000000000004,1,921125000,0,-47,2.96365088219506,0,0,0.800015991210937,1.63,0,-5399.904296875
100000000000000000000003,1,921125000,0,-47.5,1.93281579273591,0,0,0.800015991210937,1.63,0,-5399.904296875
100000000000000000000002,1,921125000,0,-45.5,3.55883542789469,0,0,0.800015991210937,1.63,0,-5399.904296875
100000000000000000000000,1,921125000,0,-50,1.29467978497548,0,0,0.800015991210937,1.63,0,-5399.904296875
100000000000000000000003,1,921125000,0,-47.5,1.95122356219054,0,0,0.800015991210937,1.63,0,-5399.904296875
100000000000000000000001,1,921125000,0,-48.5,2.57095180049633,0,0,0.800015991210937,1.63,0,-5399.904296875
100000000000000000000002,1,921125000,0,-45.5,3.56497135104623,0,0,0.800015991210937,1.63,0,-5399.904296875
100000000000000000000004,1,921125000,0,-47,2.98205865164969,0,0,0.800015991210937,1.63,0,-5399.904296875
100000000000000000000000,1,921125000,0,-50,1.30695163127857,0,0,0.800015991210937,1.63,0,-5399.904296875
100000000000000000000001,1,921125000,0,-48.5,2.58935956995096,0,0,0.800015991210937,1.63,0,-5399.904296875
100000000000000000000002,1,921125000,0,-45.5,3.55883542789469,0,0,0.800015991210937,1.63,0,-5399.904296875
100000000000000000000000,1,921125000,0,-50,1.31308755443011,0,0,0.800015991210937,1.63,0,-5399.904296875
100000000000000000000004,1,921125000,0,-47,2.98205865164969,0,0,0.800015991210937,1.63,0,-5399.904296875
100000000000000000000003,1,921125000,0,-48,1.93281579273591,0,0,0.800015991210937,1.63,0,-5399.904296875
100000000000000000000004,1,921125000,0,-47.5,2.96365088219506,0,0,0.800015991210937,1.63,0,-5399.904296875
100000000000000000000002,1,921125000,0,-45.5,3.56497135104623,0,0,0.800015991210937,1.63,0,-5399.904296875
100000000000000000000001,1,921125000,0,-48.5,2.58935956995096,0,0,0.800015991210937,1.63,0,-5399.904296875
100000000000000000000000,1,921125000,0,-50,1.2824079386724,0,0,0.800015991210937,1.63,0,-5399.904296875
100000000000000000000003,1,921125000,0,-47.5,1.92667986958437,0,0,0.800015991210937,1.63,0,-5399.904296875
100000000000000000000000,1,921125000,0,-50,1.2824079386724,0,0,0.800015991210937,1.63,0,-5399.904296875
100000000000000000000001,1,921125000,0,-48.5,2.57095180049633,0,0,0.800015991210937,1.63,0,-5399.904296875
100000000000000000000003,1,921125000,0,-47.5,1.93281579273591,0,0,0.800015991210937,1.63,0,-5399.904296875
100000000000000000000002,1,921125000,0,-45.5,3.55883542789469,0,0,0.800015991210937,1.63,0,-5399.904296875
100000000000000000000004,1,921125000,0,-47,2.98205865164969,0,0,0.800015991210937,1.63,0,-5399.904296875
100000000000000000000001,1,921125000,0,-48.5,2.58935956995096,0,0,0.800015991210937,1.63,0,-5399.904296875
100000000000000000000000,1,921125000,0,-50,1.30081570812702,0,0,0.800015991210937,1.63,0,-5399.904296875
100000000000000000000004,1,921125000,0,-47,2.9697868053466,0,0,0.800015991210937,1.63,0,-5399.904296875
100000000000000000000002,1,921125000,0,-45.5,3.56497135104623,0,0,0.800015991210937,1.63,0,-5399.904296875
100000000000000000000003,1,921125000,0,-47.5,1.93895171588745,0,0,0.800015991210937,1.63,0,-5399.904296875
100000000000000000000002,1,921125000,0,-45.5,3.56497135104623,0,0,0.800015991210937,1.63,0,-5399.904296875
100000000000000000000000,1,921125000,0,-50,1.27013609236931,0,0,0.800015991210937,1.63,0,-5399.904296875
100000000000000000000001,1,921125000,0,-48.5,2.58935956995096,0,0,0.800015991210937,1.63,0,-5399.904296875
100000000000000000000004,1,921125000,0,-47,2.9697868053466,0,0,0.800015991210937,1.63,0,-5399.904296875
100000000000000000000003,1,921125000,0,-47.5,1.94508763903899,0,0,0.800015991210937,1.63,0,-5399.904296875
100000000000000000000004,1,921125000,0,-47,2.96365088219506,0,0,0.800015991210937,1.63,0,-5399.904296875
100000000000000000000001,1,921125000,0,-48.5,2.60163141625405,0,0,0.800015991210937,1.63,0,-5399.904296875
100000000000000000000003,1,921125000,0,-47.5,1.94508763903899,0,0,0.800015991210937,1.63,0,-5399.904296875
100000000000000000000000,1,921125000,0,-50,1.27013609236931,0,0,0.800015991210937,1.63,0,-5399.904296875
100000000000000000000002,1,921125000,0,-45.5,3.55269950474315,0,0,0.800015991210937,1.63,0,-5399.904296875
100000000000000000000000,1,921125000,0,-50,1.2824079386724,0,0,0.800015991210937,1.63,0,-5399.904296875
100000000000000000000001,1,921125000,0,-48.5,2.58935956995096,0,0,0.800015991210937,1.63,0,-5399.904296875
100000000000000000000004,1,921125000,0,-47,2.9697868053466,0,0,0.800015991210937,1.63,0,-5399.904296875
100000000000000000000002,1,921125000,0,-45.5,3.57110727419777,0,0,0.800015991210937,1.63,0,-5399.904296875
100000000000000000000003,1,921125000,0,-47.5,1.95122356219054,0,0,0.800015991210937,1.63,0,-5399.904296875
100000000000000000000001,1,921125000,0,-48.5,2.58322364679942,0,0,0.800015991210937,1.63,0,-5399.904296875
100000000000000000000003,1,921125000,0,-47.5,1.93895171588745,0,0,0.800015991210937,1.63,0,-5399.904296875
100000000000000000000002,1,921125000,0,-45.5,3.55883542789469,0,0,0.800015991210937,1.63,0,-5399.904296875
100000000000000000000004,1,921125000,0,-47,2.95137903589197,0,0,0.800015991210937,1.63,0,-5399.904296875
100000000000000000000000,1,921125000,0,-50,1.28854386182394,0,0,0.800015991210937,1.63,0,-5399.904296875
100000000000000000000000,1,921125000,0,-50,1.27627201552085,0,0,0.800015991210937,1.63,0,-5399.904296875
100000000000000000000001,1,921125000,0,-48.5,2.5954954931025,0,0,0.800015991210937,1.63,0,-5399.904296875
100000000000000000000004,1,921125000,0,-47,2.96365088219506,0,0,0.800015991210937,1.63,0,-5399.904296875
100000000000000000000003,1,921125000,0,-47.5,1.92667986958437,0,0,0.800015991210937,1.63,0,-5399.904296875
100000000000000000000002,1,921125000,0,-45.5,3.55883542789469,0,0,0.800015991210937,1.63,0,-5399.904296875
100000000000000000000003,1,921125000,0,-48,1.92054394643282,0,0,0.800015991210937,1.63,0,-5399.904296875
100000000000000000000004,1,921125000,0,-47,2.95751495904352,0,0,0.800015991210937,1.63,0,-5399.904296875
100000000000000000000000,1,921125000,0,-50,1.29467978497548,0,0,0.800015991210937,1.63,0,-5399.904296875
100000000000000000000002,1,921125000,0,-45.5,3.57724319734932,0,0,0.800015991210937,1.63,0,-5399.904296875
100000000000000000000001,1,921125000,0,-48.5,2.58935956995096,0,0,0.800015991210937,1.63,0,-5399.904296875
100000000000000000000001,1,921125000,0,-48.5,2.57095180049633,0,0,0.800015991210937,1.63,0,-5399.904296875
100000000000000000000004,1,921125000,0,-47,2.9697868053466,0,0,0.800015991210937,1.63,0,-5399.904296875
100000000000000000000002,1,921125000,0,-45.5,3.56497135104623,0,0,0.800015991210937,1.63,0,-5399.904296875
100000000000000000000000,1,921125000,0,-50,1.28854386182394,0,0,0.800015991210937,1.63,0,-5399.904296875
100000000000000000000003,1,921125000,0,-48,1.93895171588745,0,0,0.800015991210937,1.63,0,-5399.904296875
100000000000000000000000,1,921125000,0,-50,1.30695163127857,0,0,0.800015991210937,1.63,0,-5399.904296875
100000000000000000000002,1,921125000,0,-45.5,3.57110727419777,0,0,0.800015991210937,1.63,0,-5399.904296875
100000000000000000000001,1,921125000,0,-48.5,2.58322364679942,0,0,0.800015991210937,1.63,0,-5399.904296875
100000000000000000000004,1,921125000,0,-47,2.94524311274043,0,0,0.800015991210937,1.63,0,-5399.904296875
100000000000000000000003,1,921125000,0,-47.5,1.95122356219054,0,0,0.800015991210937,1.63,0,-5399.904296875
100000000000000000000001,1,921125000,0,-48.5,2.58322364679942,0,0,0.800015991210937,1.63,0,-5399.904296875
100000000000000000000003,1,921125000,0,-47.5,1.92054394643282,0,0,0.800015991210937,1.63,0,-5399.904296875
100000000000000000000000,1,921125000,0,-50,1.30081570812702,0,0,0.800015991210937,1.63,0,-5399.904296875
100000000000000000000002,1,921125000,0,-45.5,3.56497135104623,0,0,0.800015991210937,1.63,0,-5399.904296875
100000000000000000000004,1,921125000,0,-47,2.95137903589197,0,0,0.800015991210937,1.63,0,-5399.904296875
100000000000000000000003,1,921125000,0,-47.5,1.92054394643282,0,0,0.800015991210937,1.63,0,-5399.904296875
100000000000000000000002,1,921125000,0,-45.5,3.53429173528852,0,0,0.800015991210937,1.63,0,-5399.904296875
100000000000000000000001,1,921125000,0,-48.5,2.57708772364788,0,0,0.800015991210937,1.63,0,-5399.904296875
100000000000000000000004,1,921125000,0,-47,2.97592272849814,0,0,0.800015991210937,1.63,0,-5399.904296875
100000000000000000000000,1,921125000,0,-50,1.29467978497548,0,0,0.800015991210937,1.63,0,-5399.904296875
100000000000000000000004,1,921125000,0,-47,2.9697868053466,0,0,0.800015991210937,1.63,0,-5399.904296875
100000000000000000000002,1,921125000,0,-45.5,3.54042765844006,0,0,0.800015991210937,1.63,0,-5399.904296875
100000000000000000000001,1,921125000,0,-48.5,2.58935956995096,0,0,0.800015991210937,1.63,0,-5399.904296875
100000000000000000000003,1,921125000,0,-47.5,1.92667986958437,0,0,0.800015991210937,1.63,0,-5399.904296875
100000000000000000000000,1,921125000,0,-50,1.27627201552085,0,0,0.800015991210937,1.63,0,-5399.904296875
100000000000000000000001,1,921125000,0,-48.5,2.58935956995096,0,0,0.800015991210937,1.63,0,-5399.904296875
100000000000000000000002,1,921125000,0,-45.5,3.55269950474315,0,0,0.800015991210937,1.63,0,-5399.904296875
100000000000000000000003,1,921125000,0,-47.5,1.93281579273591,0,0,0.800015991210937,1.63,0,-5399.904296875
100000000000000000000000,1,921125000,0,-50,1.31308755443011,0,0,0.800015991210937,1.63,0,-5399.904296875
100000000000000000000004,1,921125000,0,-47,2.97592272849814,0,0,0.800015991210937,1.63,0,-5399.904296875
100000000000000000000004,1,921125000,0,-47,2.9697868053466,0,0,0.800015991210937,1.63,0,-5399.904296875
100000000000000000000003,1,921125000,0,-47.5,1.91440802328128,0,0,0.800015991210937,1.63,0,-5399.904296875
100000000000000000000000,1,921125000,0,-50,1.2824079386724,0,0,0.800015991210937,1.63,0,-5399.904296875
100000000000000000000002,1,921125000,0,-45.5,3.5465635815916,0,0,0.800015991210937,1.63,0,-5399.904296875
100000000000000000000001,1,921125000,0,-48.5,2.58322364679942,0,0,0.800015991210937,1.63,0,-5399.904296875
100000000000000000000000,1,921125000,0,-50,1.29467978497548,0,0,0.800015991210937,1.63,0,-5399.904296875
100000000000000000000001,1,921125000,0,-48.5,2.58322364679942,0,0,0.800015991210937,1.63,0,-5399.904296875
100000000000000000000004,1,921125000,0,-47,2.93297126643735,0,0,0.800015991210937,1.63,0,-5399.904296875
100000000000000000000003,1,921125000,0,-47.5,1.93281579273591,0,0,0.800015991210937,1.63,0,-5399.904296875
100000000000000000000002,1,921125000,0,-45.5,3.55269950474315,0,0,0.800015991210937,1.63,0,-5399.904296875
100000000000000000000003,1,921125000,0,-47.5,1.96349540849362,0,0,0.800015991210937,1.63,0,-5399.904296875
100000000000000000000001,1,921125000,0,-48.5,2.58935956995096,0,0,0.800015991210937,1.63,0,-5399.904296875
100000000000000000000000,1,921125000,0,-50,1.27627201552085,0,0,0.800015991210937,1.63,0,-5399.904296875
100000000000000000000002,1,921125000,0,-45.5,3.57724319734932,0,0,0.800015991210937,1.63,0,-5399.904296875
100000000000000000000004,1,921125000,0,-47,2.9697868053466,0,0,0.800015991210937,1.63,0,-5399.904296875
100000000000000000000000,1,921125000,0,-50,1.28854386182394,0,0,0.800015991210937,1.63,0,-5399.904296875
100000000000000000000004,1,921125000,0,-47.5,2.95751495904352,0,0,0.800015991210937,1.63,0,-5399.904296875
100000000000000000000001,1,921125000,0,-48.5,2.57708772364788,0,0,0.800015991210937,1.63,0,-5399.904296875
100000000000000000000002,1,921125000,0,-45.5,3.57724319734932,0,0,0.800015991210937,1.63,0,-5399.904296875
100000000000000000000003,1,921125000,0,-48,1.93281579273591,0,0,0.800015991210937,1.63,0,-5399.904296875
100000000000000000000003,1,921125000,0,-47.5,1.92667986958437,0,0,0.800015991210937,1.63,0,-5399.904296875
100000000000000000000004,1,921125000,0,-47,2.96365088219506,0,0,0.800015991210937,1.63,0,-5399.904296875
100000000000000000000002,1,921125000,0,-45.5,3.55883542789469,0,0,0.800015991210937,1.63,0,-5399.904296875
100000000000000000000000,1,921125000,0,-50,1.2824079386724,0,0,0.800015991210937,1.63,0,-5399.904296875
100000000000000000000001,1,921125000,0,-48.5,2.57095180049633,0,0,0.800015991210937,1.63,0,-5399.904296875
100000000000000000000001,1,921125000,0,-48.5,2.5954954931025,0,0,0.800015991210937,1.63,0,-5399.904296875
100000000000000000000004,1,921125000,0,-47,2.93910718958889,0,0,0.800015991210937,1.63,0,-5399.904296875
100000000000000000000000,1,921125000,0,-50,1.29467978497548,0,0,0.800015991210937,1.63,0,-5399.904296875
100000000000000000000003,1,921125000,0,-47.5,1.93281579273591,0,0,0.800015991210937,1.63,0,-5399.904296875
100000000000000000000002,1,921125000,0,-45.5,3.55269950474315,0,0,0.800015991210937,1.63,0,-5399.904296875
100000000000000000000000,1,921125000,0,-50,1.2824079386724,0,0,0.800015991210937,1.63,0,-5399.904296875
100000000000000000000002,1,921125000,0,-45.5,3.55269950474315,0,0,0.800015991210937,1.63,0,-5399.904296875
100000000000000000000003,1,921125000,0,-47.5,1.92667986958437,0,0,0.800015991210937,1.63,0,-5399.904296875
100000000000000000000001,1,921125000,0,-48.5,2.57095180049633,0,0,0.800015991210937,1.63,0,-5399.904296875
100000000000000000000004,1,921125000,0,-47,2.95137903589197,0,0,0.800015991210937,1.63,0,-5399.904296875
100000000000000000000000,1,921125000,0,-50,1.30081570812702,0,0,0.800015991210937,1.63,0,-5399.904296875
100000000000000000000004,1,921125000,0,-47,2.94524311274043,0,0,0.800015991210937,1.63,0,-5399.904296875
100000000000000000000002,1,921125000,0,-45.5,3.55883542789469,0,0,0.800015991210937,1.63,0,-5399.904296875
100000000000000000000003,1,921125000,0,-47.5,1.92667986958437,0,0,0.800015991210937,1.63,0,-5399.904296875
100000000000000000000001,1,921125000,0,-48.5,2.56481587734479,0,0,0.800015991210937,1.63,0,-5399.904296875
100000000000000000000002,1,921125000,0,-45.5,3.55269950474315,0,0,0.800015991210937,1.63,0,-5399.904296875
100000000000000000000003,1,921125000,0,-47.5,1.95735948534208,0,0,0.800015991210937,1.63,0,-5399.904296875
100000000000000000000001,1,921125000,0,-48.5,2.57095180049633,0,0,0.800015991210937,1.63,0,-5399.904296875
100000000000000000000004,1,921125000,0,-47,2.95751495904352,0,0,0.800015991210937,1.63,0,-5399.904296875
100000000000000000000000,1,921125000,0,-50,1.2824079386724,0,0,0.800015991210937,1.63,0,-5399.904296875
100000000000000000000001,1,921125000,0,-48.5,2.58935956995096,0,0,0.800015991210937,1.63,0,-5399.904296875
100000000000000000000002,1,921125000,0,-45.5,3.55269950474315,0,0,0.800015991210937,1.63,0,-5399.904296875
100000000000000000000000,1,921125000,0,-50,1.28854386182394,0,0,0.800015991210937,1.63,0,-5399.904296875
100000000000000000000004,1,921125000,0,-47,2.94524311274043,0,0,0.800015991210937,1.63,0,-5399.904296875
100000000000000000000003,1,921125000,0,-47.5,1.92054394643282,0,0,0.800015991210937,1.63,0,-5399.904296875
100000000000000000000004,1,921125000,0,-47,2.98205865164969,0,0,0.800015991210937,1.63,0,-5399.904296875
100000000000000000000003,1,921125000,0,-47.5,1.95122356219054,0,0,0.800015991210937,1.63,0,-5399.904296875
100000000000000000000001,1,921125000,0,-48.5,2.57708772364788,0,0,0.800015991210937,1.63,0,-5399.904296875
100000000000000000000002,1,921125000,0,-45.5,3.57110727419777,0,0,0.800015991210937,1.63,0,-5399.904296875
100000000000000000000000,1,921125000,0,-50,1.29467978497548,0,0,0.800015991210937,1.63,0,-5399.904296875
100000000000000000000000,1,921125000,0,-50,1.29467978497548,0,0,0.800015991210937,1.63,0,-5399.904296875
100000000000000000000001,1,921125000,0,-48.5,2.58935956995096,0,0,0.800015991210937,1.63,0,-5399.904296875
100000000000000000000003,1,921125000,0,-47.5,1.92054394643282,0,0,0.800015991210937,1.63,0,-5399.904296875
100000000000000000000004,1,921125000,0,-47.5,2.95751495904352,0,0,0.800015991210937,1.63,0,-5399.904296875
100000000000000000000002,1,921125000,0,-45.5,3.54042765844006,0,0,0.800015991210937,1.63,0,-5399.904296875
100000000000000000000001,1,921125000,0,-48.5,2.55867995419325,0,0,0.800015991210937,1.63,0,-5399.904296875
100000000000000000000000,1,921125000,0,-50,1.27627201552085,0,0,0.800015991210937,1.63,0,-5399.904296875
100000000000000000000004,1,921125000,0,-47,2.95137903589197,0,0,0.800015991210937,1.63,0,-5399.904296875
100000000000000000000002,1,921125000,0,-45.5,3.55269950474315,0,0,0.800015991210937,1.63,0,-5399.904296875
100000000000000000000003,1,921125000,0,-47.5,1.92667986958437,0,0,0.800015991210937,1.63,0,-5399.904296875
100000000000000000000001,1,921125000,0,-48.5,2.58935956995096,0,0,0.800015991210937,1.63,0,-5399.904296875
100000000000000000000004,1,921125000,0,-47,2.95137903589197,0,0,0.800015991210937,1.63,0,-5399.904296875
100000000000000000000002,1,921125000,0,-45.5,3.55269950474315,0,0,0.800015991210937,1.63,0,-5399.904296875
100000000000000000000003,1,921125000,0,-47.5,1.90827210012974,0,0,0.800015991210937,1.63,0,-5399.904296875
100000000000000000000000,1,921125000,0,-50,1.28854386182394,0,0,0.800015991210937,1.63,0,-5399.904296875
100000000000000000000002,1,921125000,0,-45.5,3.57110727419777,0,0,0.800015991210937,1.63,0,-5399.904296875
100000000000000000000004,1,921125000,0,-47,2.9697868053466,0,0,0.800015991210937,1.63,0,-5399.904296875
100000000000000000000003,1,921125000,0,-47.5,1.93895171588745,0,0,0.800015991210937,1.63,0,-5399.904296875
100000000000000000000001,1,921125000,0,-48.5,2.58322364679942,0,0,0.800015991210937,1.63,0,-5399.904296875
100000000000000000000000,1,921125000,0,-50,1.30081570812702,0,0,0.800015991210937,1.63,0,-5399.904296875
100000000000000000000000,1,921125000,0,-50,1.27627201552085,0,0,0.800015991210937,1.63,0,-5399.904296875
100000000000000000000001,1,921125000,0,-48.5,2.57708772364788,0,0,0.800015991210937,1.63,0,-5399.904296875
100000000000000000000003,1,921125000,0,-47.5,1.94508763903899,0,0,0.800015991210937,1.63,0,-5399.904296875
100000000000000000000004,1,921125000,0,-47,2.97592272849814,0,0,0.800015991210937,1.63,0,-5399.904296875
100000000000000000000002,1,921125000,0,-45.5,3.57110727419777,0,0,0.800015991210937,1.63,0,-5399.904296875
100000000000000000000003,1,921125000,0,-47.5,1.92667986958437,0,0,0.800015991210937,1.63,0,-5399.904296875
100000000000000000000004,1,921125000,0,-47,2.9697868053466,0,0,0.800015991210937,1.63,0,-5399.904296875
100000000000000000000001,1,921125000,0,-48.5,2.57708772364788,0,0,0.800015991210937,1.63,0,-5399.904296875
100000000000000000000002,1,921125000,0,-45.5,3.55883542789469,0,0,0.800015991210937,1.63,0,-5399.904296875
100000000000000000000000,1,921125000,0,-50,1.29467978497548,0,0,0.800015991210937,1.63,0,-5399.904296875
100000000000000000000002,1,921125000,0,-45.5,3.56497135104623,0,0,0.800015991210937,1.63,0,-5399.904296875
100000000000000000000004,1,921125000,0,-47,2.9697868053466,0,0,0.800015991210937,1.63,0,-5399.904296875
100000000000000000000003,1,921125000,0,-47.5,1.95735948534208,0,0,0.800015991210937,1.63,0,-5399.904296875
100000000000000000000001,1,921125000,0,-48.5,2.57095180049633,0,0,0.800015991210937,1.63,0,-5399.904296875
100000000000000000000000,1,921125000,0,-50,1.30695163127857,0,0,0.800015991210937,1.63,0,-5399.904296875
100000000000000000000000,1,921125000,0,-50,1.2824079386724,0,0,0.800015991210937,1.63,0,-5399.904296875
100000000000000000000004,1,921125000,0,-47,2.95137903589197,0,0,0.800015991210937,1.63,0,-5399.904296875
100000000000000000000002,1,921125000,0,-45.5,3.55883542789469,0,0,0.800015991210937,1.63,0,-5399.904296875
100000000000000000000003,1,921125000,0,-48,1.90827210012974,0,0,0.800015991210937,1.63,0,-5399.904296875
100000000000000000000001,1,921125000,0,-48.5,2.5954954931025,0,0,0.800015991210937,1.63,0,-5399.904296875
100000000000000000000004,1,921125000,0,-47,2.9697868053466,0,0,0.800015991210937,1.63,0,-5399.904296875
100000000000000000000003,1,921125000,0,-48,1.93281579273591,0,0,0.800015991210937,1.63,0,-5399.904296875
100000000000000000000002,1,921125000,0,-45.5,3.55269950474315,0,0,0.800015991210937,1.63,0,-5399.904296875
100000000000000000000001,1,921125000,0,-48.5,2.58935956995096,0,0,0.800015991210937,1.63,0,-5399.904296875
100000000000000000000000,1,921125000,0,-50,1.2824079386724,0,0,0.800015991210937,1.63,0,-5399.904296875
100000000000000000000004,1,921125000,0,-47,2.97592272849814,0,0,0.800015991210937,1.63,0,-5399.904296875
100000000000000000000002,1,921125000,0,-45.5,3.57110727419777,0,0,0.800015991210937,1.63,0,-5399.904296875
100000000000000000000003,1,921125000,0,-47.5,1.94508763903899,0,0,0.800015991210937,1.63,0,-5399.904296875
100000000000000000000000,1,921125000,0,-50,1.2824079386724,0,0,0.800015991210937,1.63,0,-5399.904296875
100000000000000000000001,1,921125000,0,-48.5,2.5954954931025,0,0,0.800015991210937,1.63,0,-5399.904296875
100000000000000000000004,1,921125000,0,-47,2.9697868053466,0,0,0.800015991210937,1.63,0,-5399.904296875
100000000000000000000002,1,921125000,0,-45.5,3.56497135104623,0,0,0.800015991210937,1.63,0,-5399.904296875
100000000000000000000001,1,921125000,0,-48.5,2.57708772364788,0,0,0.800015991210937,1.63,0,-5399.904296875
100000000000000000000003,1,921125000,0,-47.5,1.92667986958437,0,0,0.800015991210937,1.63,0,-5399.904296875
100000000000000000000000,1,921125000,0,-50,1.2824079386724,0,0,0.800015991210937,1.63,0,-5399.904296875
100000000000000000000002,1,921125000,0,-45.5,3.57724319734932,0,0,0.800015991210937,1.63,0,-5399.904296875
100000000000000000000001,1,921125000,0,-48.5,2.57708772364788,0,0,0.800015991210937,1.63,0,-5399.904296875
100000000000000000000004,1,921125000,0,-47,2.9697868053466,0,0,0.800015991210937,1.63,0,-5399.904296875
100000000000000000000003,1,921125000,0,-47.5,1.93281579273591,0,0,0.800015991210937,1.63,0,-5399.904296875
100000000000000000000000,1,921125000,0,-50,1.31922347758165,0,0,0.800015991210937,1.63,0,-5399.904296875
100000000000000000000001,1,921125000,0,-48.5,2.5954954931025,0,0,0.800015991210937,1.63,0,-5399.904296875
100000000000000000000003,1,921125000,0,-47.5,1.93281579273591,0,0,0.800015991210937,1.63,0,-5399.904296875
100000000000000000000002,1,921125000,0,-45.5,3.55269950474315,0,0,0.800015991210937,1.63,0,-5399.904296875
100000000000000000000004,1,921125000,0,-47,2.9697868053466,0,0,0.800015991210937,1.63,0,-5399.904296875
100000000000000000000000,1,921125000,0,-50,1.26400016921777,0,0,0.800015991210937,1.63,0,-5399.904296875
100000000000000000000004,1,921125000,0,-47,2.96365088219506,0,0,0.800015991210937,1.63,0,-5399.904296875
100000000000000000000000,1,921125000,0,-50,1.27627201552085,0,0,0.800015991210937,1.63,0,-5399.904296875
100000000000000000000001,1,921125000,0,-48.5,2.58322364679942,0,0,0.800015991210937,1.63,0,-5399.904296875
100000000000000000000002,1,921125000,0,-45.5,3.55883542789469,0,0,0.800015991210937,1.63,0,-5399.904296875
100000000000000000000003,1,921125000,0,-47.5,1.93281579273591,0,0,0.800015991210937,1.63,0,-5399.904296875
100000000000000000000003,1,921125000,0,-47.5,1.93281579273591,0,0,0.800015991210937,1.63,0,-5399.904296875
100000000000000000000004,1,921125000,0,-47,2.97592272849814,0,0,0.800015991210937,1.63,0,-5399.904296875
100000000000000000000001,1,921125000,0,-48.5,2.56481587734479,0,0,0.800015991210937,1.63,0,-5399.904296875
100000000000000000000002,1,921125000,0,-45.5,3.55883542789469,0,0,0.800015991210937,1.63,0,-5399.904296875
100000000000000000000000,1,921125000,0,-50,1.2824079386724,0,0,0.800015991210937,1.63,0,-5399.904296875
100000000000000000000003,1,921125000,0,-47.5,1.93895171588745,0,0,0.800015991210937,1.63,0,-5399.904296875
100000000000000000000000,1,921125000,0,-50,1.30081570812702,0,0,0.800015991210937,1.63,0,-5399.904296875
100000000000000000000001,1,921125000,0,-48.5,2.55867995419325,0,0,0.800015991210937,1.63,0,-5399.904296875
100000000000000000000002,1,921125000,0,-45.5,3.55883542789469,0,0,0.800015991210937,1.63,0,-5399.904296875
100000000000000000000004,1,921125000,0,-47,2.96365088219506,0,0,0.800015991210937,1.63,0,-5399.904296875
100000000000000000000003,1,921125000,0,-48,1.92667986958437,0,0,0.800015991210937,1.63,0,-5399.904296875
100000000000000000000000,1,921125000,0,-50,1.29467978497548,0,0,0.800015991210937,1.63,0,-5399.904296875
100000000000000000000001,1,921125000,0,-48.5,2.57095180049633,0,0,0.800015991210937,1.63,0,-5399.904296875
100000000000000000000004,1,921125000,0,-47,2.9697868053466,0,0,0.800015991210937,1.63,0,-5399.904296875
100000000000000000000002,1,921125000,0,-45.5,3.55269950474315,0,0,0.800015991210937,1.63,0,-5399.904296875
100000000000000000000003,1,921125000,0,-47.5,1.95122356219054,0,0,0.800015991210937,1.63,0,-5399.904296875
100000000000000000000000,1,921125000,0,-50,1.2824079386724,0,0,0.800015991210937,1.63,0,-5399.904296875
100000000000000000000002,1,921125000,0,-45.5,3.57110727419777,0,0,0.800015991210937,1.63,0,-5399.904296875
100000000000000000000004,1,921125000,0,-47,2.95137903589197,0,0,0.800015991210937,1.63,0,-5399.904296875
100000000000000000000001,1,921125000,0,-48.5,2.55867995419325,0,0,0.800015991210937,1.63,0,-5399.904296875
100000000000000000000001,1,921125000,0,-48.5,2.5954954931025,0,0,0.800015991210937,1.63,0,-5399.904296875
100000000000000000000000,1,921125000,0,-50,1.2824079386724,0,0,0.800015991210937,1.63,0,-5399.904296875
100000000000000000000003,1,921125000,0,-47.5,1.94508763903899,0,0,0.800015991210937,1.63,0,-5399.904296875
100000000000000000000002,1,921125000,0,-45.5,3.57724319734932,0,0,0.800015991210937,1.63,0,-5399.904296875
100000000000000000000004,1,921125000,0,-47,2.94524311274043,0,0,0.800015991210937,1.63,0,-5399.904296875
100000000000000000000003,1,921125000,0,-47.5,1.93281579273591,0,0,0.800015991210937,1.63,0,-5399.904296875
100000000000000000000004,1,921125000,0,-47,2.95751495904352,0,0,0.800015991210937,1.63,0,-5399.904296875
100000000000000000000002,1,921125000,0,-45.5,3.55883542789469,0,0,0.800015991210937,1.63,0,-5399.904296875
100000000000000000000001,1,921125000,0,-48.5,2.57095180049633,0,0,0.800015991210937,1.63,0,-5399.904296875
100000000000000000000000,1,921125000,0,-50,1.28854386182394,0,0,0.800015991210937,1.63,0,-5399.904296875
100000000000000000000001,1,921125000,0,-48.5,2.58322364679942,0,0,0.800015991210937,1.63,0,-5399.904296875
100000000000000000000003,1,921125000,0,-47.5,1.92667986958437,0,0,0.800015991210937,1.63,0,-5399.904296875
100000000000000000000004,1,921125000,0,-47,2.95751495904352,0,0,0.800015991210937,1.63,0,-5399.904296875
100000000000000000000002,1,921125000,0,-45.5,3.53429173528852,0,0,0.800015991210937,1.63,0,-5399.904296875
100000000000000000000000,1,921125000,0,-50,1.27627201552085,0,0,0.800015991210937,1.63,0,-5399.904296875
100000000000000000000002,1,921125000,0,-45.5,3.56497135104623,0,0,0.800015991210937,1.63,0,-5399.904296875
100000000000000000000001,1,921125000,0,-48.5,2.56481587734479,0,0,0.800015991210937,1.63,0,-5399.904296875
100000000000000000000004,1,921125000,0,-47,2.9697868053466,0,0,0.800015991210937,1.63,0,-5399.904296875
100000000000000000000003,1,921125000,0,-47.5,1.93895171588745,0,0,0.800015991210937,1.63,0,-5399.904296875
100000000000000000000000,1,921125000,0,-50,1.31922347758165,0,0,0.800015991210937,1.63,0,-5399.904296875
100000000000000000000003,1,921125000,0,-47.5,1.92667986958437,0,0,0.800015991210937,1.63,0,-5399.904296875
100000000000000000000001,1,921125000,0,-48.5,2.58322364679942,0,0,0.800015991210937,1.63,0,-5399.904296875
100000000000000000000002,1,921125000,0,-45.5,3.55883542789469,0,0,0.800015991210937,1.63,0,-5399.904296875
100000000000000000000004,1,921125000,0,-47,2.95137903589197,0,0,0.800015991210937,1.63,0,-5399.904296875
100000000000000000000000,1,921125000,0,-50,1.27627201552085,0,0,0.800015991210937,1.63,0,-5399.904296875
100000000000000000000001,1,921125000,0,-48.5,2.57708772364788,0,0,0.800015991210937,1.63,0,-5399.904296875
100000000000000000000004,1,921125000,0,-47,2.9697868053466,0,0,0.800015991210937,1.63,0,-5399.904296875
100000000000000000000000,1,921125000,0,-50,1.30081570812702,0,0,0.800015991210937,1.63,0,-5399.904296875
100000000000000000000002,1,921125000,0,-45.5,3.55269950474315,0,0,0.800015991210937,1.63,0,-5399.904296875
100000000000000000000003,1,921125000,0,-47.5,1.95122356219054,0,0,0.800015991210937,1.63,0,-5399.904296875
100000000000000000000000,1,921125000,0,-50,1.2824079386724,0,0,0.800015991210937,1.63,0,-5399.904296875
100000000000000000000003,1,921125000,0,-47.5,1.94508763903899,0,0,0.800015991210937,1.63,0,-5399.904296875
100000000000000000000001,1,921125000,0,-48.5,2.5954954931025,0,0,0.800015991210937,1.63,0,-5399.904296875
100000000000000000000002,1,921125000,0,-45.5,3.56497135104623,0,0,0.800015991210937,1.63,0,-5399.904296875
100000000000000000000004,1,921125000,0,-47,2.95751495904352,0,0,0.800015991210937,1.63,0,-5399.904296875
100000000000000000000001,1,921125000,0,-48.5,2.58322364679942,0,0,0.800015991210937,1.63,0,-5399.904296875
100000000000000000000000,1,921125000,0,-50,1.28854386182394,0,0,0.800015991210937,1.63,0,-5399.904296875
100000000000000000000003,1,921125000,0,-47.5,1.92667986958437,0,0,0.800015991210937,1.63,0,-5399.904296875
100000000000000000000004,1,921125000,0,-47,2.93910718958889,0,0,0.800015991210937,1.63,0,-5399.904296875
100000000000000000000002,1,921125000,0,-45.5,3.56497135104623,0,0,0.800015991210937,1.63,0,-5399.904296875
100000000000000000000000,1,921125000,0,-50,1.29467978497548,0,0,0.800015991210937,1.63,0,-5399.904296875
100000000000000000000001,1,921125000,0,-48.5,2.57708772364788,0,0,0.800015991210937,1.63,0,-5399.904296875
100000000000000000000002,1,921125000,0,-45.5,3.55269950474315,0,0,0.800015991210937,1.63,0,-5399.904296875
100000000000000000000004,1,921125000,0,-47,2.96365088219506,0,0,0.800015991210937,1.63,0,-5399.904296875
100000000000000000000003,1,921125000,0,-47.5,1.95122356219054,0,0,0.800015991210937,1.63,0,-5399.904296875
100000000000000000000004,1,921125000,0,-47,2.9697868053466,0,0,0.800015991210937,1.63,0,-5399.904296875
100000000000000000000001,1,921125000,0,-48.5,2.58935956995096,0,0,0.800015991210937,1.63,0,-5399.904296875
100000000000000000000002,1,921125000,0,-45.5,3.5465635815916,0,0,0.800015991210937,1.63,0,-5399.904296875
100000000000000000000000,1,921125000,0,-50,1.27627201552085,0,0,0.800015991210937,1.63,0,-5399.904296875
100000000000000000000003,1,921125000,0,-47.5,1.92667986958437,0,0,0.800015991210937,1.63,0,-5399.904296875
100000000000000000000004,1,921125000,0,-47,2.96365088219506,0,0,0.800015991210937,1.63,0,-5399.904296875
100000000000000000000002,1,921125000,0,-45.5,3.5465635815916,0,0,0.800015991210937,1.63,0,-5399.904296875
100000000000000000000003,1,921125000,0,-47.5,1.93895171588745,0,0,0.800015991210937,1.63,0,-5399.904296875
100000000000000000000001,1,921125000,0,-48.5,2.57708772364788,0,0,0.800015991210937,1.63,0,-5399.904296875
100000000000000000000000,1,921125000,0,-50,1.27013609236931,0,0,0.800015991210937,1.63,0,-5399.904296875
100000000000000000000001,1,921125000,0,-48.5,2.58935956995096,0,0,0.800015991210937,1.63,0,-5399.904296875
100000000000000000000003,1,921125000,0,-47.5,1.92054394643282,0,0,0.800015991210937,1.63,0,-5399.904296875
100000000000000000000000,1,921125000,0,-50,1.29467978497548,0,0,0.800015991210937,1.63,0,-5399.904296875
100000000000000000000002,1,921125000,0,-45.5,3.5465635815916,0,0,0.800015991210937,1.63,0,-5399.904296875
100000000000000000000004,1,921125000,0,-47,2.96365088219506,0,0,0.800015991210937,1.63,0,-5399.904296875
100000000000000000000002,1,921625000,0,-45.5,3.79813643080485,0,0,0.800015991210937,1.63,0,-5399.904296875
100000000000000000000001,1,921625000,0,-48.5,2.82866057286112,0,0,0.800015991210937,1.63,0,-5399.904296875
100000000000000000000004,1,921625000,0,-47.5,3.17227226934751,0,0,0.800015991210937,1.63,0,-5399.904296875
100000000000000000000003,1,921625000,0,-48,2.17825271879761,0,0,0.800015991210937,1.63,0,-5399.904296875
100000000000000000000000,1,921625000,0,-50.5,1.51557301843101,0,0,0.800015991210937,1.63,0,-5399.904296875
100000000000000000000001,1,921625000,0,-48.5,2.81638872655804,0,0,0.800015991210937,1.63,0,-5399.904296875
100000000000000000000002,1,921625000,0,-45.5,3.79813643080485,0,0,0.800015991210937,1.63,0,-5399.904296875
100000000000000000000000,1,921625000,0,-50.5,1.53398078788564,0,0,0.800015991210937,1.63,0,-5399.904296875
100000000000000000000004,1,921625000,0,-47.5,3.16613634619596,0,0,0.800015991210937,1.63,0,-5399.904296875
100000000000000000000003,1,921625000,0,-47.5,2.16598087249453,0,0,0.800015991210937,1.63,0,-5399.904296875
100000000000000000000004,1,921625000,0,-47.5,3.20908780825676,0,0,0.800015991210937,1.63,0,-5399.904296875
100000000000000000000003,1,921625000,0,-47.5,2.17211679564607,0,0,0.800015991210937,1.63,0,-5399.904296875
100000000000000000000001,1,921625000,0,-48.5,2.79184503395187,0,0,0.800015991210937,1.63,0,-5399.904296875
100000000000000000000002,1,921625000,0,-45.5,3.77359273819868,0,0,0.800015991210937,1.63,0,-5399.904296875
100000000000000000000000,1,921625000,0,-50.5,1.53398078788564,0,0,0.800015991210937,1.63,0,-5399.904296875
100000000000000000000000,1,921625000,0,-50.5,1.55238855734027,0,0,0.800015991210937,1.63,0,-5399.904296875
100000000000000000000002,1,921625000,0,-45.5,3.79200050765331,0,0,0.800015991210937,1.63,0,-5399.904296875
100000000000000000000001,1,921625000,0,-48.5,2.81638872655804,0,0,0.800015991210937,1.63,0,-5399.904296875
100000000000000000000004,1,921625000,0,-47.5,3.19068003880213,0,0,0.800015991210937,1.63,0,-5399.904296875
100000000000000000000003,1,921625000,0,-47.5,2.17825271879761,0,0,0.800015991210937,1.63,0,-5399.904296875
100000000000000000000004,1,921625000,0,-47.5,3.18454411565059,0,0,0.800015991210937,1.63,0,-5399.904296875
100000000000000000000001,1,921625000,0,-48.5,2.83479649601267,0,0,0.800015991210937,1.63,0,-5399.904296875
100000000000000000000002,1,921625000,0,-45.5,3.77972866135022,0,0,0.800015991210937,1.63,0,-5399.904296875
100000000000000000000003,1,921625000,0,-47.5,2.18438864194915,0,0,0.800015991210937,1.63,0,-5399.904296875
100000000000000000000000,1,921625000,0,-50.5,1.50943709527947,0,0,0.800015991210937,1.63,0,-5399.904296875
100000000000000000000002,1,921625000,0,-45.5,3.77972866135022,0,0,0.800015991210937,1.63,0,-5399.904296875
100000000000000000000004,1,921625000,0,-47.5,3.17840819249905,0,0,0.800015991210937,1.63,0,-5399.904296875
100000000000000000000003,1,921625000,0,-47.5,2.16598087249453,0,0,0.800015991210937,1.63,0,-5399.904296875
100000000000000000000000,1,921625000,0,-50.5,1.55238855734027,0,0,0.800015991210937,1.63,0,-5399.904296875
100000000000000000000001,1,921625000,0,-48.5,2.83479649601267,0,0,0.800015991210937,1.63,0,-5399.904296875
100000000000000000000002,1,921625000,0,-45.5,3.77359273819868,0,0,0.800015991210937,1.63,0,-5399.904296875
100000000000000000000003,1,921625000,0,-48,2.17825271879761,0,0,0.800015991210937,1.63,0,-5399.904296875
100000000000000000000004,1,921625000,0,-47.5,3.19068003880213,0,0,0.800015991210937,1.63,0,-5399.904296875
100000000000000000000001,1,921625000,0,-48.5,2.80411688025495,0,0,0.800015991210937,1.63,0,-5399.904296875
100000000000000000000000,1,921625000,0,-50.5,1.55852448049181,0,0,0.800015991210937,1.63,0,-5399.904296875
100000000000000000000000,1,921625000,0,-50.5,1.54011671103718,0,0,0.800015991210937,1.63,0,-5399.904296875
100000000000000000000003,1,921625000,0,-48,2.16598087249453,0,0,0.800015991210937,1.63,0,-5399.904296875
100000000000000000000002,1,921625000,0,-45.5,3.78586458450176,0,0,0.800015991210937,1.63,0,-5399.904296875
100000000000000000000004,1,921625000,0,-47.5,3.19068003880213,0,0,0.800015991210937,1.63,0,-5399.904296875
100000000000000000000001,1,921625000,0,-48.5,2.81638872655804,0,0,0.800015991210937,1.63,0,-5399.904296875
100000000000000000000002,1,921625000,0,-45.5,3.77972866135022,0,0,0.800015991210937,1.63,0,-5399.904296875
100000000000000000000003,1,921625000,0,-47.5,2.17211679564607,0,0,0.800015991210937,1.63,0,-5399.904296875
100000000000000000000001,1,921625000,0,-48.5,2.81638872655804,0,0,0.800015991210937,1.63,0,-5399.904296875
100000000000000000000004,1,921625000,0,-47.5,3.20908780825676,0,0,0.800015991210937,1.63,0,-5399.904296875
100000000000000000000000,1,921625000,0,-50.5,1.55852448049181,0,0,0.800015991210937,1.63,0,-5399.904296875
100000000000000000000001,1,921625000,0,-48.5,2.81638872655804,0,0,0.800015991210937,1.63,0,-5399.904296875
100000000000000000000004,1,921625000,0,-47.5,3.19068003880213,0,0,0.800015991210937,1.63,0,-5399.904296875
100000000000000000000002,1,921625000,0,-45.5,3.79200050765331,0,0,0.800015991210937,1.63,0,-5399.904296875
100000000000000000000000,1,921625000,0,-50.5,1.54011671103718,0,0,0.800015991210937,1.63,0,-5399.904296875
100000000000000000000003,1,921625000,0,-48,2.1905245651007,0,0,0.800015991210937,1.63,0,-5399.904296875
100000000000000000000003,1,921625000,0,-48,2.17825271879761,0,0,0.800015991210937,1.63,0,-5399.904296875
100000000000000000000000,1,921625000,0,-50.5,1.53398078788564,0,0,0.800015991210937,1.63,0,-5399.904296875
100000000000000000000001,1,921625000,0,-48.5,2.80411688025495,0,0,0.800015991210937,1.63,0,-5399.904296875
100000000000000000000002,1,921625000,0,-45.5,3.79200050765331,0,0,0.800015991210937,1.63,0,-5399.904296875
100000000000000000000004,1,921625000,0,-47.5,3.17227226934751,0,0,0.800015991210937,1.63,0,-5399.904296875
100000000000000000000000,1,921625000,0,-50.5,1.54011671103718,0,0,0.800015991210937,1.63,0,-5399.904296875
100000000000000000000002,1,921625000,0,-45.5,3.77972866135022,0,0,0.800015991210937,1.63,0,-5399.904296875
100000000000000000000001,1,921625000,0,-48.5,2.80411688025495,0,0,0.800015991210937,1.63,0,-5399.904296875
100000000000000000000003,1,921625000,0,-47.5,2.17825271879761,0,0,0.800015991210937,1.63,0,-5399.904296875
100000000000000000000004,1,921625000,0,-47.5,3.17840819249905,0,0,0.800015991210937,1.63,0,-5399.904296875
100000000000000000000004,1,921625000,0,-47.5,3.17840819249905,0,0,0.800015991210937,1.63,0,-5399.904296875
100000000000000000000002,1,921625000,0,-45.5,3.79200050765331,0,0,0.800015991210937,1.63,0,-5399.904296875
100000000000000000000001,1,921625000,0,-48.5,2.83479649601267,0,0,0.800015991210937,1.63,0,-5399.904296875
100000000000000000000003,1,921625000,0,-48,2.1475731030399,0,0,0.800015991210937,1.63,0,-5399.904296875
100000000000000000000000,1,921625000,0,-50.5,1.55238855734027,0,0,0.800015991210937,1.63,0,-5399.904296875
100000000000000000000004,1,921625000,0,-47.5,3.17840819249905,0,0,0.800015991210937,1.63,0,-5399.904296875
100000000000000000000001,1,921625000,0,-48.5,2.79184503395187,0,0,0.800015991210937,1.63,0,-5399.904296875
100000000000000000000003,1,921625000,0,-48,2.16598087249453,0,0,0.800015991210937,1.63,0,-5399.904296875
100000000000000000000000,1,921625000,0,-50.5,1.52170894158256,0,0,0.800015991210937,1.63,0,-5399.904296875
100000000000000000000002,1,921625000,0,-45.5,3.77972866135022,0,0,0.800015991210937,1.63,0,-5399.904296875
100000000000000000000002,1,921625000,0,-45.5,3.77359273819868,0,0,0.800015991210937,1.63,0,-5399.904296875
100000000000000000000001,1,921625000,0,-48.5,2.81025280340649,0,0,0.800015991210937,1.63,0,-5399.904296875
100000000000000000000003,1,921625000,0,-47.5,2.16598087249453,0,0,0.800015991210937,1.63,0,-5399.904296875
100000000000000000000004,1,921625000,0,-47.5,3.20908780825676,0,0,0.800015991210937,1.63,0,-5399.904296875
100000000000000000000000,1,921625000,0,-50.5,1.54625263418873,0,0,0.800015991210937,1.63,0,-5399.904296875
100000000000000000000004,1,921625000,0,-47.5,3.19681596195368,0,0,0.800015991210937,1.63,0,-5399.904296875
100000000000000000000002,1,921625000,0,-45.5,3.77359273819868,0,0,0.800015991210937,1.63,0,-5399.904296875
100000000000000000000001,1,921625000,0,-48.5,2.79798095710341,0,0,0.800015991210937,1.63,0,-5399.904296875
100000000000000000000000,1,921625000,0,-50.5,1.5278448647341,0,0,0.800015991210937,1.63,0,-5399.904296875
100000000000000000000003,1,921625000,0,-48,2.17825271879761,0,0,0.800015991210937,1.63,0,-5399.904296875
100000000000000000000003,1,921625000,0,-47.5,2.15984494934298,0,0,0.800015991210937,1.63,0,-5399.904296875
100000000000000000000000,1,921625000,0,-50.5,1.5278448647341,0,0,0.800015991210937,1.63,0,-5399.904296875
100000000000000000000002,1,921625000,0,-45.5,3.79200050765331,0,0,0.800015991210937,1.63,0,-5399.904296875
100000000000000000000004,1,921625000,0,-47.5,3.17840819249905,0,0,0.800015991210937,1.63,0,-5399.904296875
100000000000000000000001,1,921625000,0,-48.5,2.81025280340649,0,0,0.800015991210937,1.63,0,-5399.904296875
100000000000000000000001,1,921625000,0,-48.5,2.80411688025495,0,0,0.800015991210937,1.63,0,-5399.904296875
100000000000000000000004,1,921625000,0,-47.5,3.19068003880213,0,0,0.800015991210937,1.63,0,-5399.904296875
100000000000000000000002,1,921625000,0,-45.5,3.76745681504713,0,0,0.800015991210937,1.63,0,-5399.904296875
100000000000000000000003,1,921625000,0,-47.5,2.17825271879761,0,0,0.800015991210937,1.63,0,-5399.904296875
100000000000000000000000,1,921625000,0,-50.5,1.53398078788564,0,0,0.800015991210937,1.63,0,-5399.904296875
100000000000000000000003,1,921625000,0,-47.5,2.17211679564607,0,0,0.800015991210937,1.63,0,-5399.904296875
100000000000000000000002,1,921625000,0,-45.5,3.78586458450176,0,0,0.800015991210937,1.63,0,-5399.904296875
100000000000000000000004,1,921625000,0,-47.5,3.16613634619596,0,0,0.800015991210937,1.63,0,-5399.904296875
100000000000000000000000,1,921625000,0,-50.5,1.54625263418873,0,0,0.800015991210937,1.63,0,-5399.904296875
100000000000000000000001,1,921625000,0,-48.5,2.80411688025495,0,0,0.800015991210937,1.63,0,-5399.904296875
100000000000000000000003,1,921625000,0,-47.5,2.16598087249453,0,0,0.800015991210937,1.63,0,-5399.904296875
100000000000000000000001,1,921625000,0,-48.5,2.82252464970958,0,0,0.800015991210937,1.63,0,-5399.904296875
100000000000000000000000,1,921625000,0,-50.5,1.58306817309798,0,0,0.800015991210937,1.63,0,-5399.904296875
100000000000000000000004,1,921625000,0,-47.5,3.19681596195368,0,0,0.800015991210937,1.63,0,-5399.904296875
100000000000000000000002,1,921625000,0,-45.5,3.79200050765331,0,0,0.800015991210937,1.63,0,-5399.904296875
100000000000000000000000,1,921625000,0,-50.5,1.55852448049181,0,0,0.800015991210937,1.63,0,-5399.904296875
100000000000000000000002,1,921625000,0,-45.5,3.76745681504713,0,0,0.800015991210937,1.63,0,-5399.904296875
100000000000000000000001,1,921625000,0,-48.5,2.82252464970958,0,0,0.800015991210937,1.63,0,-5399.904296875
100000000000000000000004,1,921625000,0,-47.5,3.14159265358979,0,0,0.800015991210937,1.63,0,-5399.904296875
100000000000000000000003,1,921625000,0,-47.5,2.17825271879761,0,0,0.800015991210937,1.63,0,-5399.904296875
100000000000000000000002,1,921625000,0,-45.5,3.77972866135022,0,0,0.800015991210937,1.63,0,-5399.904296875
100000000000000000000004,1,921625000,0,-47.5,3.17840819249905,0,0,0.800015991210937,1.63,0,-5399.904296875
100000000000000000000003,1,921625000,0,-48,2.21506825770687,0,0,0.800015991210937,1.63,0,-5399.904296875
100000000000000000000000,1,921625000,0,-50.5,1.54625263418873,0,0,0.800015991210937,1.63,0,-5399.904296875
100000000000000000000001,1,921625000,0,-48.5,2.81638872655804,0,0,0.800015991210937,1.63,0,-5399.904296875
100000000000000000000003,1,921625000,0,-47.5,2.18438864194915,0,0,0.800015991210937,1.63,0,-5399.904296875
100000000000000000000000,1,921625000,0,-50.5,1.54011671103718,0,0,0.800015991210937,1.63,0,-5399.904296875
100000000000000000000001,1,921625000,0,-48.5,2.82252464970958,0,0,0.800015991210937,1.63,0,-5399.904296875
100000000000000000000004,1,921625000,0,-47.5,3.17227226934751,0,0,0.800015991210937,1.63,0,-5399.904296875
100000000000000000000002,1,921625000,0,-45.5,3.78586458450176,0,0,0.800015991210937,1.63,0,-5399.904296875
100000000000000000000002,1,921625000,0,-45.5,3.76132089189559,0,0,0.800015991210937,1.63,0,-5399.904296875
100000000000000000000004,1,921625000,0,-47.5,3.19068003880213,0,0,0.800015991210937,1.63,0,-5399.904296875
100000000000000000000001,1,921625000,0,-48.5,2.79798095710341,0,0,0.800015991210937,1.63,0,-5399.904296875
100000000000000000000003,1,921625000,0,-47.5,2.16598087249453,0,0,0.800015991210937,1.63,0,-5399.904296875
100000000000000000000000,1,921625000,0,-50.5,1.54625263418873,0,0,0.800015991210937,1.63,0,-5399.904296875
100000000000000000000002,1,921625000,0,-45.5,3.78586458450176,0,0,0.800015991210937,1.63,0,-5399.904296875
100000000000000000000001,1,921625000,0,-48.5,2.81025280340649,0,0,0.800015991210937,1.63,0,-5399.904296875
100000000000000000000000,1,921625000,0,-50.5,1.5278448647341,0,0,0.800015991210937,1.63,0,-5399.904296875
100000000000000000000004,1,921625000,0,-47.5,3.19068003880213,0,0,0.800015991210937,1.63,0,-5399.904296875
100000000000000000000003,1,921625000,0,-47.5,2.17825271879761,0,0,0.800015991210937,1.63,0,-5399.904296875
100000000000000000000002,1,921625000,0,-45.5,3.79813643080485,0,0,0.800015991210937,1.63,0,-5399.904296875
100000000000000000000001,1,921625000,0,-48.5,2.83479649601267,0,0,0.800015991210937,1.63,0,-5399.904296875
100000000000000000000000,1,921625000,0,-50.5,1.5278448647341,0,0,0.800015991210937,1.63,0,-5399.904296875
100000000000000000000004,1,921625000,0,-47.5,3.19068003880213,0,0,0.800015991210937,1.63,0,-5399.904296875
100000000000000000000003,1,921625000,0,-48,2.19666048825224,0,0,0.800015991210937,1.63,0,-5399.904296875
100000000000000000000000,1,921625000,0,-50.5,1.5278448647341,0,0,0.800015991210937,1.63,0,-5399.904296875
100000000000000000000004,1,921625000,0,-47.5,3.16000042304442,0,0,0.800015991210937,1.63,0,-5399.904296875
100000000000000000000002,1,921625000,0,-45.5,3.75518496874405,0,0,0.800015991210937,1.63,0,-5399.904296875
100000000000000000000001,1,921625000,0,-48.5,2.81025280340649,0,0,0.800015991210937,1.63,0,-5399.904296875
100000000000000000000003,1,921625000,0,-48,2.16598087249453,0,0,0.800015991210937,1.63,0,-5399.904296875
100000000000000000000004,1,921625000,0,-47.5,3.18454411565059,0,0,0.800015991210937,1.63,0,-5399.904296875
100000000000000000000003,1,921625000,0,-47.5,2.17211679564607,0,0,0.800015991210937,1.63,0,-5399.904296875
100000000000000000000001,1,921625000,0,-48.5,2.80411688025495,0,0,0.800015991210937,1.63,0,-5399.904296875
100000000000000000000000,1,921625000,0,-50.5,1.55238855734027,0,0,0.800015991210937,1.63,0,-5399.904296875
100000000000000000000002,1,921625000,0,-45.5,3.77359273819868,0,0,0.800015991210937,1.63,0,-5399.904296875
100000000000000000000003,1,921625000,0,-47.5,2.15370902619144,0,0,0.800015991210937,1.63,0,-5399.904296875
100000000000000000000001,1,921625000,0,-48.5,2.81025280340649,0,0,0.800015991210937,1.63,0,-5399.904296875
100000000000000000000000,1,921625000,0,-50.5,1.54625263418873,0,0,0.800015991210937,1.63,0,-5399.904296875
100000000000000000000004,1,921625000,0,-47.5,3.18454411565059,0,0,0.800015991210937,1.63,0,-5399.904296875
100000000000000000000002,1,921625000,0,-45.5,3.78586458450176,0,0,0.800015991210937,1.63,0,-5399.904296875
100000000000000000000000,1,921625000,0,-50.5,1.5278448647341,0,0,0.800015991210937,1.63,0,-5399.904296875
100000000000000000000004,1,921625000,0,-47.5,3.18454411565059,0,0,0.800015991210937,1.63,0,-5399.904296875
100000000000000000000001,1,921625000,0,-48.5,2.81638872655804,0,0,0.800015991210937,1.63,0,-5399.904296875
100000000000000000000003,1,921625000,0,-48,2.20279641140378,0,0,0.800015991210937,1.63,0,-5399.904296875
100000000000000000000002,1,921625000,0,-45.5,3.79813643080485,0,0,0.800015991210937,1.63,0,-5399.904296875
100000000000000000000000,1,921625000,0,-50.5,1.53398078788564,0,0,0.800015991210937,1.63,0,-5399.904296875
100000000000000000000002,1,921625000,0,-45.5,3.79200050765331,0,0,0.800015991210937,1.63,0,-5399.904296875
100000000000000000000004,1,921625000,0,-47.5,3.2152237314083,0,0,0.800015991210937,1.63,0,-5399.904296875
100000000000000000000001,1,921625000,0,-48.5,2.79798095710341,0,0,0.800015991210937,1.63,0,-5399.904296875
100000000000000000000003,1,921625000,0,-47.5,2.1905245651007,0,0,0.800015991210937,1.63,0,-5399.904296875
100000000000000000000000,1,921625000,0,-50.5,1.54011671103718,0,0,0.800015991210937,1.63,0,-5399.904296875
100000000000000000000002,1,921625000,0,-45.5,3.77972866135022,0,0,0.800015991210937,1.63,0,-5399.904296875
100000000000000000000001,1,921625000,0,-48.5,2.84093241916421,0,0,0.800015991210937,1.63,0,-5399.904296875
100000000000000000000004,1,921625000,0,-47.5,3.18454411565059,0,0,0.800015991210937,1.63,0,-5399.904296875
100000000000000000000003,1,921625000,0,-48,2.17825271879761,0,0,0.800015991210937,1.63,0,-5399.904296875
100000000000000000000001,1,921625000,0,-48.5,2.82252464970958,0,0,0.800015991210937,1.63,0,-5399.904296875
100000000000000000000002,1,921625000,0,-45.5,3.78586458450176,0,0,0.800015991210937,1.63,0,-5399.904296875
100000000000000000000003,1,921625000,0,-48,2.17825271879761,0,0,0.800015991210937,1.63,0,-5399.904296875
100000000000000000000004,1,921625000,0,-47.5,3.19068003880213,0,0,0.800015991210937,1.63,0,-5399.904296875
100000000000000000000000,1,921625000,0,-50.5,1.54011671103718,0,0,0.800015991210937,1.63,0,-5399.904296875
100000000000000000000000,1,921625000,0,-50.5,1.54011671103718,0,0,0.800015991210937,1.63,0,-5399.904296875
100000000000000000000001,1,921625000,0,-48.5,2.81025280340649,0,0,0.800015991210937,1.63,0,-5399.904296875
100000000000000000000004,1,921625000,0,-47.5,3.18454411565059,0,0,0.800015991210937,1.63,0,-5399.904296875
100000000000000000000003,1,921625000,0,-48,2.1475731030399,0,0,0.800015991210937,1.63,0,-5399.904296875
100000000000000000000002,1,921625000,0,-45.5,3.78586458450176,0,0,0.800015991210937,1.63,0,-5399.904296875
100000000000000000000003,1,921625000,0,-48,2.15984494934298,0,0,0.800015991210937,1.63,0,-5399.904296875
100000000000000000000004,1,921625000,0,-47.5,3.17840819249905,0,0,0.800015991210937,1.63,0,-5399.904296875
100000000000000000000001,1,921625000,0,-48.5,2.80411688025495,0,0,0.800015991210937,1.63,0,-5399.904296875
100000000000000000000002,1,921625000,0,-45.5,3.77972866135022,0,0,0.800015991210937,1.63,0,-5399.904296875
100000000000000000000000,1,921625000,0,-50.5,1.55238855734027,0,0,0.800015991210937,1.63,0,-5399.904296875
100000000000000000000002,1,921625000,0,-45.5,3.78586458450176,0,0,0.800015991210937,1.63,0,-5399.904296875
100000000000000000000000,1,921625000,0,-50.5,1.55238855734027,0,0,0.800015991210937,1.63,0,-5399.904296875
100000000000000000000003,1,921625000,0,-48,2.17211679564607,0,0,0.800015991210937,1.63,0,-5399.904296875
100000000000000000000001,1,921625000,0,-48.5,2.79798095710341,0,0,0.800015991210937,1.63,0,-5399.904296875
100000000000000000000004,1,921625000,0,-47.5,3.20295188510522,0,0,0.800015991210937,1.63,0,-5399.904296875
100000000000000000000003,1,921625000,0,-47.5,2.15984494934298,0,0,0.800015991210937,1.63,0,-5399.904296875
100000000000000000000001,1,921625000,0,-48.5,2.82866057286112,0,0,0.800015991210937,1.63,0,-5399.904296875
100000000000000000000004,1,921625000,0,-47.5,3.18454411565059,0,0,0.800015991210937,1.63,0,-5399.904296875
100000000000000000000002,1,921625000,0,-45.5,3.78586458450176,0,0,0.800015991210937,1.63,0,-5399.904296875
100000000000000000000000,1,921625000,0,-50.5,1.54625263418873,0,0,0.800015991210937,1.63,0,-5399.904296875
100000000000000000000003,1,921625000,0,-48,2.15984494934298,0,0,0.800015991210937,1.63,0,-5399.904296875
100000000000000000000004,1,921625000,0,-47.5,3.16613634619596,0,0,0.800015991210937,1.63,0,-5399.904296875
100000000000000000000001,1,921625000,0,-48.5,2.80411688025495,0,0,0.800015991210937,1.63,0,-5399.904296875
100000000000000000000002,1,921625000,0,-45.5,3.77359273819868,0,0,0.800015991210937,1.63,0,-5399.904296875
100000000000000000000000,1,921625000,0,-50.5,1.53398078788564,0,0,0.800015991210937,1.63,0,-5399.904296875
100000000000000000000003,1,921625000,0,-47.5,2.15370902619144,0,0,0.800015991210937,1.63,0,-5399.904296875
100000000000000000000001,1,921625000,0,-48.5,2.81025280340649,0,0,0.800015991210937,1.63,0,-5399.904296875
100000000000000000000004,1,921625000,0,-47.5,3.18454411565059,0,0,0.800015991210937,1.63,0,-5399.904296875
100000000000000000000000,1,921625000,0,-50.5,1.51557301843101,0,0,0.800015991210937,1.63,0,-5399.904296875
100000000000000000000002,1,921625000,0,-45.5,3.79813643080485,0,0,0.800015991210937,1.63,0,-5399.904296875
100000000000000000000004,1,921625000,0,-47.5,3.19068003880213,0,0,0.800015991210937,1.63,0,-5399.904296875
100000000000000000000003,1,921625000,0,-47.5,2.17825271879761,0,0,0.800015991210937,1.63,0,-5399.904296875
100000000000000000000002,1,921625000,0,-45.5,3.78586458450176,0,0,0.800015991210937,1.63,0,-5399.904296875
100000000000000000000001,1,921625000,0,-48.5,2.81025280340649,0,0,0.800015991210937,1.63,0,-5399.904296875
100000000000000000000000,1,921625000,0,-50.5,1.5278448647341,0,0,0.800015991210937,1.63,0,-5399.904296875
100000000000000000000001,1,921625000,0,-48.5,2.80411688025495,0,0,0.800015991210937,1.63,0,-5399.904296875
100000000000000000000000,1,921625000,0,-50.5,1.54011671103718,0,0,0.800015991210937,1.63,0,-5399.904296875
100000000000000000000003,1,921625000,0,-48,2.20279641140378,0,0,0.800015991210937,1.63,0,-5399.904296875
100000000000000000000002,1,921625000,0,-45.5,3.79813643080485,0,0,0.800015991210937,1.63,0,-5399.904296875
100000000000000000000004,1,921625000,0,-47.5,3.20908780825676,0,0,0.800015991210937,1.63,0,-5399.904296875
100000000000000000000004,1,921625000,0,-47.5,3.16613634619596,0,0,0.800015991210937,1.63,0,-5399.904296875
100000000000000000000000,1,921625000,0,-50.5,1.51557301843101,0,0,0.800015991210937,1.63,0,-5399.904296875
100000000000000000000002,1,921625000,0,-45.5,3.78586458450176,0,0,0.800015991210937,1.63,0,-5399.904296875
100000000000000000000001,1,921625000,0,-48.5,2.80411688025495,0,0,0.800015991210937,1.63,0,-5399.904296875
100000000000000000000003,1,921625000,0,-48,2.16598087249453,0,0,0.800015991210937,1.63,0,-5399.904296875
100000000000000000000001,1,921625000,0,-48.5,2.79184503395187,0,0,0.800015991210937,1.63,0,-5399.904296875
100000000000000000000004,1,921625000,0,-47.5,3.16613634619596,0,0,0.800015991210937,1.63,0,-5399.904296875
100000000000000000000000,1,921625000,0,-50.5,1.54011671103718,0,0,0.800015991210937,1.63,0,-5399.904296875
100000000000000000000002,1,921625000,0,-45.5,3.77972866135022,0,0,0.800015991210937,1.63,0,-5399.904296875
100000000000000000000003,1,921625000,0,-47.5,2.16598087249453,0,0,0.800015991210937,1.63,0,-5399.904296875
100000000000000000000003,1,921625000,0,-48,2.17211679564607,0,0,0.800015991210937,1.63,0,-5399.904296875
100000000000000000000004,1,921625000,0,-47.5,3.17840819249905,0,0,0.800015991210937,1.63,0,-5399.904296875
100000000000000000000000,1,921625000,0,-50.5,1.55852448049181,0,0,0.800015991210937,1.63,0,-5399.904296875
100000000000000000000001,1,921625000,0,-48.5,2.81638872655804,0,0,0.800015991210937,1.63,0,-5399.904296875
100000000000000000000002,1,921625000,0,-45.5,3.76745681504713,0,0,0.800015991210937,1.63,0,-5399.904296875
100000000000000000000003,1,921625000,0,-48,2.17211679564607,0,0,0.800015991210937,1.63,0,-5399.904296875
100000000000000000000004,1,921625000,0,-47.5,3.18454411565059,0,0,0.800015991210937,1.63,0,-5399.904296875
100000000000000000000001,1,921625000,0,-48.5,2.80411688025495,0,0,0.800015991210937,1.63,0,-5399.904296875
100000000000000000000002,1,921625000,0,-45.5,3.78586458450176,0,0,0.800015991210937,1.63,0,-5399.904296875
100000000000000000000000,1,921625000,0,-50.5,1.54011671103718,0,0,0.800015991210937,1.63,0,-5399.904296875
100000000000000000000002,1,921625000,0,-45.5,3.76745681504713,0,0,0.800015991210937,1.63,0,-5399.904296875
100000000000000000000003,1,921625000,0,-48,2.16598087249453,0,0,0.800015991210937,1.63,0,-5399.904296875
100000000000000000000004,1,921625000,0,-47.5,3.17840819249905,0,0,0.800015991210937,1.63,0,-5399.904296875
100000000000000000000000,1,921625000,0,-50.5,1.52170894158256,0,0,0.800015991210937,1.63,0,-5399.904296875
100000000000000000000001,1,921625000,0,-48.5,2.81638872655804,0,0,0.800015991210937,1.63,0,-5399.904296875
100000000000000000000001,1,921625000,0,-48.5,2.79798095710341,0,0,0.800015991210937,1.63,0,-5399.904296875
100000000000000000000000,1,921625000,0,-50.5,1.55852448049181,0,0,0.800015991210937,1.63,0,-5399.904296875
100000000000000000000004,1,921625000,0,-47.5,3.19068003880213,0,0,0.800015991210937,1.63,0,-5399.904296875
100000000000000000000002,1,921625000,0,-45.5,3.77359273819868,0,0,0.800015991210937,1.63,0,-5399.904296875
100000000000000000000003,1,921625000,0,-48,2.15984494934298,0,0,0.800015991210937,1.63,0,-5399.904296875
100000000000000000000000,1,921625000,0,-50.5,1.52170894158256,0,0,0.800015991210937,1.63,0,-5399.904296875
100000000000000000000002,1,921625000,0,-45.5,3.79200050765331,0,0,0.800015991210937,1.63,0,-5399.904296875
100000000000000000000003,1,921625000,0,-48,2.15370902619144,0,0,0.800015991210937,1.63,0,-5399.904296875
100000000000000000000001,1,921625000,0,-48.5,2.81638872655804,0,0,0.800015991210937,1.63,0,-5399.904296875
100000000000000000000004,1,921625000,0,-47.5,3.17227226934751,0,0,0.800015991210937,1.63,0,-5399.904296875
100000000000000000000003,1,921625000,0,-48,2.14143717988835,0,0,0.800015991210937,1.63,0,-5399.904296875
100000000000000000000001,1,921625000,0,-48.5,2.79184503395187,0,0,0.800015991210937,1.63,0,-5399.904296875
100000000000000000000000,1,921625000,0,-50.5,1.55238855734027,0,0,0.800015991210937,1.63,0,-5399.904296875
100000000000000000000004,1,921625000,0,-47.5,3.17840819249905,0,0,0.800015991210937,1.63,0,-5399.904296875
100000000000000000000002,1,921625000,0,-45.5,3.77972866135022,0,0,0.800015991210937,1.63,0,-5399.904296875
100000000000000000000000,1,921625000,0,-50.5,1.53398078788564,0,0,0.800015991210937,1.63,0,-5399.904296875
100000000000000000000004,1,921625000,0,-47.5,3.17227226934751,0,0,0.800015991210937,1.63,0,-5399.904296875
100000000000000000000001,1,921625000,0,-48.5,2.81638872655804,0,0,0.800015991210937,1.63,0,-5399.904296875
100000000000000000000002,1,921625000,0,-45.5,3.77972866135022,0,0,0.800015991210937,1.63,0,-5399.904296875
100000000000000000000003,1,921625000,0,-47.5,2.18438864194915,0,0,0.800015991210937,1.63,0,-5399.904296875
100000000000000000000000,1,921625000,0,-50.5,1.56466040364335,0,0,0.800015991210937,1.63,0,-5399.904296875
100000000000000000000002,1,921625000,0,-45.5,3.79200050765331,0,0,0.800015991210937,1.63,0,-5399.904296875
100000000000000000000004,1,921625000,0,-47.5,3.17840819249905,0,0,0.800015991210937,1.63,0,-5399.904296875
100000000000000000000001,1,921625000,0,-48.5,2.81638872655804,0,0,0.800015991210937,1.63,0,-5399.904296875
100000000000000000000003,1,921625000,0,-47.5,2.17211679564607,0,0,0.800015991210937,1.63,0,-5399.904296875
100000000000000000000002,1,921625000,0,-45.5,3.79813643080485,0,0,0.800015991210937,1.63,0,-5399.904296875
100000000000000000000004,1,921625000,0,-47.5,3.18454411565059,0,0,0.800015991210937,1.63,0,-5399.904296875
100000000000000000000001,1,921625000,0,-48.5,2.81638872655804,0,0,0.800015991210937,1.63,0,-5399.904296875
100000000000000000000003,1,921625000,0,-48,2.1905245651007,0,0,0.800015991210937,1.63,0,-5399.904296875
100000000000000000000000,1,921625000,0,-50.5,1.54625263418873,0,0,0.800015991210937,1.63,0,-5399.904296875
100000000000000000000002,1,921625000,0,-45.5,3.79813643080485,0,0,0.800015991210937,1.63,0,-5399.904296875
100000000000000000000004,1,921625000,0,-47.5,3.18454411565059,0,0,0.800015991210937,1.63,0,-5399.904296875
100000000000000000000000,1,921625000,0,-50.5,1.51557301843101,0,0,0.800015991210937,1.63,0,-5399.904296875
100000000000000000000001,1,921625000,0,-48.5,2.78570911080032,0,0,0.800015991210937,1.63,0,-5399.904296875
100000000000000000000003,1,921625000,0,-47.5,2.1905245651007,0,0,0.800015991210937,1.63,0,-5399.904296875
100000000000000000000002,1,921625000,0,-45.5,3.79200050765331,0,0,0.800015991210937,1.63,0,-5399.904296875
100000000000000000000000,1,921625000,0,-50.5,1.56466040364335,0,0,0.800015991210937,1.63,0,-5399.904296875
100000000000000000000004,1,921625000,0,-47.5,3.16613634619596,0,0,0.800015991210937,1.63,0,-5399.904296875
100000000000000000000003,1,921625000,0,-48,2.17825271879761,0,0,0.800015991210937,1.63,0,-5399.904296875
100000000000000000000001,1,921625000,0,-48.5,2.81638872655804,0,0,0.800015991210937,1.63,0,-5399.904296875
100000000000000000000002,1,921625000,0,-45.5,3.78586458450176,0,0,0.800015991210937,1.63,0,-5399.904296875
100000000000000000000000,1,921625000,0,-50.5,1.50330117212793,0,0,0.800015991210937,1.63,0,-5399.904296875
100000000000000000000004,1,921625000,0,-47.5,3.18454411565059,0,0,0.800015991210937,1.63,0,-5399.904296875
100000000000000000000001,1,921625000,0,-48.5,2.82252464970958,0,0,0.800015991210937,1.63,0,-5399.904296875
100000000000000000000003,1,921625000,0,-47.5,2.17825271879761,0,0,0.800015991210937,1.63,0,-5399.904296875
100000000000000000000000,1,921625000,0,-50.5,1.55852448049181,0,0,0.800015991210937,1.63,0,-5399.904296875
100000000000000000000003,1,921625000,0,-47.5,2.17211679564607,0,0,0.800015991210937,1.63,0,-5399.904296875
100000000000000000000001,1,921625000,0,-48.5,2.79184503395187,0,0,0.800015991210937,1.63,0,-5399.904296875
100000000000000000000004,1,921625000,0,-47.5,3.17227226934751,0,0,0.800015991210937,1.63,0,-5399.904296875
100000000000000000000002,1,921625000,0,-45.5,3.77972866135022,0,0,0.800015991210937,1.63,0,-5399.904296875
100000000000000000000004,1,921625000,0,-47.5,3.16613634619596,0,0,0.800015991210937,1.63,0,-5399.904296875
100000000000000000000003,1,921625000,0,-48,2.17211679564607,0,0,0.800015991210937,1.63,0,-5399.904296875
100000000000000000000002,1,921625000,0,-45.5,3.78586458450176,0,0,0.800015991210937,1.63,0,-5399.904296875
100000000000000000000001,1,921625000,0,-48.5,2.81638872655804,0,0,0.800015991210937,1.63,0,-5399.904296875
100000000000000000000000,1,921625000,0,-50.5,1.51557301843101,0,0,0.800015991210937,1.63,0,-5399.904296875
100000000000000000000003,1,921625000,0,-48,2.18438864194915,0,0,0.800015991210937,1.63,0,-5399.904296875
100000000000000000000000,1,921625000,0,-50.5,1.49716524897639,0,0,0.800015991210937,1.63,0,-5399.904296875
100000000000000000000001,1,921625000,0,-48.5,2.82866057286112,0,0,0.800015991210937,1.63,0,-5399.904296875
100000000000000000000002,1,921625000,0,-45.5,3.77972866135022,0,0,0.800015991210937,1.63,0,-5399.904296875
100000000000000000000004,1,921625000,0,-47.5,3.19068003880213,0,0,0.800015991210937,1.63,0,-5399.904296875
100000000000000000000003,1,921625000,0,-47.5,2.17825271879761,0,0,0.800015991210937,1.63,0,-5399.904296875
100000000000000000000002,1,921625000,0,-45.5,3.79813643080485,0,0,0.800015991210937,1.63,0,-5399.904296875
100000000000000000000001,1,921625000,0,-48.5,2.82252464970958,0,0,0.800015991210937,1.63,0,-5399.904296875
100000000000000000000004,1,921625000,0,-47.5,3.16613634619596,0,0,0.800015991210937,1.63,0,-5399.904296875
100000000000000000000000,1,921625000,0,-50.5,1.51557301843101,0,0,0.800015991210937,1.63,0,-5399.904296875
100000000000000000000002,1,921625000,0,-45.5,3.77359273819868,0,0,0.800015991210937,1.63,0,-5399.904296875
100000000000000000000000,1,921625000,0,-50.5,1.53398078788564,0,0,0.800015991210937,1.63,0,-5399.904296875
100000000000000000000004,1,921625000,0,-47.5,3.14772857674134,0,0,0.800015991210937,1.63,0,-5399.904296875
100000000000000000000001,1,921625000,0,-48.5,2.82866057286112,0,0,0.800015991210937,1.63,0,-5399.904296875
100000000000000000000003,1,921625000,0,-48,2.1905245651007,0,0,0.800015991210937,1.63,0,-5399.904296875
100000000000000000000004,1,921625000,0,-47.5,3.19068003880213,0,0,0.800015991210937,1.63,0,-5399.904296875
100000000000000000000003,1,921625000,0,-48,2.17825271879761,0,0,0.800015991210937,1.63,0,-5399.904296875
100000000000000000000002,1,921625000,0,-45.5,3.78586458450176,0,0,0.800015991210937,1.63,0,-5399.904296875
100000000000000000000001,1,921625000,0,-48.5,2.81025280340649,0,0,0.800015991210937,1.63,0,-5399.904296875
100000000000000000000000,1,921625000,0,-50.5,1.55852448049181,0,0,0.800015991210937,1.63,0,-5399.904296875
100000000000000000000003,1,921625000,0,-48,2.16598087249453,0,0,0.800015991210937,1.63,0,-5399.904296875
100000000000000000000004,1,921625000,0,-47.5,3.18454411565059,0,0,0.800015991210937,1.63,0,-5399.904296875
100000000000000000000002,1,921625000,0,-45.5,3.77359273819868,0,0,0.800015991210937,1.63,0,-5399.904296875
100000000000000000000001,1,921625000,0,-48.5,2.79798095710341,0,0,0.800015991210937,1.63,0,-5399.904296875
100000000000000000000000,1,921625000,0,-50.5,1.53398078788564,0,0,0.800015991210937,1.63,0,-5399.904296875
100000000000000000000003,1,921625000,0,-48,2.18438864194915,0,0,0.800015991210937,1.63,0,-5399.904296875
100000000000000000000002,1,921625000,0,-45.5,3.76745681504713,0,0,0.800015991210937,1.63,0,-5399.904296875
100000000000000000000001,1,921625000,0,-48.5,2.80411688025495,0,0,0.800015991210937,1.63,0,-5399.904296875
100000000000000000000000,1,921625000,0,-50.5,1.5278448647341,0,0,0.800015991210937,1.63,0,-5399.904296875
100000000000000000000004,1,921625000,0,-47.5,3.19681596195368,0,0,0.800015991210937,1.63,0,-5399.904296875
100000000000000000000003,1,921625000,0,-47.5,2.1475731030399,0,0,0.800015991210937,1.63,0,-5399.904296875
100000000000000000000002,1,921625000,0,-45.5,3.79200050765331,0,0,0.800015991210937,1.63,0,-5399.904296875
100000000000000000000001,1,921625000,0,-48.5,2.79798095710341,0,0,0.800015991210937,1.63,0,-5399.904296875
100000000000000000000004,1,921625000,0,-47.5,3.14772857674134,0,0,0.800015991210937,1.63,0,-5399.904296875
100000000000000000000000,1,921625000,0,-50.5,1.53398078788564,0,0,0.800015991210937,1.63,0,-5399.904296875
100000000000000000000001,1,921625000,0,-48.5,2.82252464970958,0,0,0.800015991210937,1.63,0,-5399.904296875
100000000000000000000000,1,921625000,0,-50.5,1.55238855734027,0,0,0.800015991210937,1.63,0,-5399.904296875
100000000000000000000003,1,921625000,0,-47.5,2.17211679564607,0,0,0.800015991210937,1.63,0,-5399.904296875
100000000000000000000004,1,921625000,0,-47.5,3.18454411565059,0,0,0.800015991210937,1.63,0,-5399.904296875
100000000000000000000002,1,921625000,0,-45.5,3.78586458450176,0,0,0.800015991210937,1.63,0,-5399.904296875
100000000000000000000003,1,921625000,0,-47.5,2.16598087249453,0,0,0.800015991210937,1.63,0,-5399.904296875
100000000000000000000004,1,921625000,0,-47.5,3.18454411565059,0,0,0.800015991210937,1.63,0,-5399.904296875
100000000000000000000000,1,921625000,0,-50.5,1.55238855734027,0,0,0.800015991210937,1.63,0,-5399.904296875
100000000000000000000002,1,921625000,0,-45.5,3.76745681504713,0,0,0.800015991210937,1.63,0,-5399.904296875
100000000000000000000001,1,921625000,0,-48.5,2.82252464970958,0,0,0.800015991210937,1.63,0,-5399.904296875
100000000000000000000003,1,921625000,0,-47.5,2.17825271879761,0,0,0.800015991210937,1.63,0,-5399.904296875
100000000000000000000000,1,921625000,0,-50.5,1.56466040364335,0,0,0.800015991210937,1.63,0,-5399.904296875
100000000000000000000001,1,921625000,0,-48.5,2.81638872655804,0,0,0.800015991210937,1.63,0,-5399.904296875
100000000000000000000004,1,921625000,0,-47.5,3.15386449989288,0,0,0.800015991210937,1.63,0,-5399.904296875
100000000000000000000002,1,921625000,0,-45.5,3.77972866135022,0,0,0.800015991210937,1.63,0,-5399.904296875
100000000000000000000004,1,921625000,0,-47.5,3.19068003880213,0,0,0.800015991210937,1.63,0,-5399.904296875
100000000000000000000001,1,921625000,0,-48.5,2.79184503395187,0,0,0.800015991210937,1.63,0,-5399.904296875
100000000000000000000002,1,921625000,0,-45.5,3.79813643080485,0,0,0.800015991210937,1.63,0,-5399.904296875
100000000000000000000000,1,921625000,0,-50.5,1.51557301843101,0,0,0.800015991210937,1.63,0,-5399.904296875
100000000000000000000003,1,921625000,0,-48,2.17211679564607,0,0,0.800015991210937,1.63,0,-5399.904296875
100000000000000000000003,1,921625000,0,-48,2.17211679564607,0,0,0.800015991210937,1.63,0,-5399.904296875
100000000000000000000002,1,921625000,0,-45.5,3.78586458450176,0,0,0.800015991210937,1.63,0,-5399.904296875
100000000000000000000004,1,921625000,0,-47.5,3.19681596195368,0,0,0.800015991210937,1.63,0,-5399.904296875
100000000000000000000000,1,921625000,0,-50.5,1.5278448647341,0,0,0.800015991210937,1.63,0,-5399.904296875
100000000000000000000001,1,921625000,0,-48.5,2.81638872655804,0,0,0.800015991210937,1.63,0,-5399.904296875
100000000000000000000001,1,921625000,0,-48.5,2.80411688025495,0,0,0.800015991210937,1.63,0,-5399.904296875
100000000000000000000000,1,921625000,0,-50.5,1.55238855734027,0,0,0.800015991210937,1.63,0,-5399.904296875
100000000000000000000002,1,921625000,0,-45.5,3.79200050765331,0,0,0.800015991210937,1.63,0,-5399.904296875
100000000000000000000003,1,921625000,0,-47.5,2.17211679564607,0,0,0.800015991210937,1.63,0,-5399.904296875
100000000000000000000004,1,921625000,0,-47.5,3.20295188510522,0,0,0.800015991210937,1.63,0,-5399.904296875
100000000000000000000003,1,921625000,0,-48,2.17211679564607,0,0,0.800015991210937,1.63,0,-5399.904296875
100000000000000000000004,1,921625000,0,-47.5,3.17840819249905,0,0,0.800015991210937,1.63,0,-5399.904296875
100000000000000000000002,1,921625000,0,-45.5,3.78586458450176,0,0,0.800015991210937,1.63,0,-5399.904296875
100000000000000000000000,1,921625000,0,-50.5,1.51557301843101,0,0,0.800015991210937,1.63,0,-5399.904296875
100000000000000000000001,1,921625000,0,-48.5,2.81638872655804,0,0,0.800015991210937,1.63,0,-5399.904296875
100000000000000000000001,1,921625000,0,-48.5,2.80411688025495,0,0,0.800015991210937,1.63,0,-5399.904296875
100000000000000000000000,1,921625000,0,-50.5,1.53398078788564,0,0,0.800015991210937,1.63,0,-5399.904296875
100000000000000000000003,1,921625000,0,-48,2.16598087249453,0,0,0.800015991210937,1.63,0,-5399.904296875
100000000000000000000004,1,921625000,0,-47.5,3.18454411565059,0,0,0.800015991210937,1.63,0,-5399.904296875
100000000000000000000002,1,921625000,0,-45.5,3.77972866135022,0,0,0.800015991210937,1.63,0,-5399.904296875
100000000000000000000002,1,921625000,0,-45.5,3.79200050765331,0,0,0.800015991210937,1.63,0,-5399.904296875
100000000000000000000004,1,921625000,0,-47.5,3.16000042304442,0,0,0.800015991210937,1.63,0,-5399.904296875
100000000000000000000001,1,921625000,0,-48.5,2.79184503395187,0,0,0.800015991210937,1.63,0,-5399.904296875
100000000000000000000000,1,921625000,0,-50.5,1.56466040364335,0,0,0.800015991210937,1.63,0,-5399.904296875
100000000000000000000003,1,921625000,0,-48,2.18438864194915,0,0,0.800015991210937,1.63,0,-5399.904296875
100000000000000000000003,1,921625000,0,-47.5,2.15984494934298,0,0,0.800015991210937,1.63,0,-5399.904296875
100000000000000000000001,1,921625000,0,-48.5,2.82252464970958,0,0,0.800015991210937,1.63,0,-5399.904296875
100000000000000000000002,1,921625000,0,-45.5,3.80427235395639,0,0,0.800015991210937,1.63,0,-5399.904296875
100000000000000000000004,1,921625000,0,-47.5,3.20295188510522,0,0,0.800015991210937,1.63,0,-5399.904296875
100000000000000000000000,1,921625000,0,-50.5,1.56466040364335,0,0,0.800015991210937,1.63,0,-5399.904296875
100000000000000000000000,1,921625000,0,-50.5,1.53398078788564,0,0,0.800015991210937,1.63,0,-5399.904296875
100000000000000000000004,1,921625000,0,-47.5,3.20295188510522,0,0,0.800015991210937,1.63,0,-5399.904296875
100000000000000000000003,1,921625000,0,-47.5,2.17211679564607,0,0,0.800015991210937,1.63,0,-5399.904296875
100000000000000000000001,1,921625000,0,-48.5,2.81638872655804,0,0,0.800015991210937,1.63,0,-5399.904296875
100000000000000000000002,1,921625000,0,-45.5,3.79200050765331,0,0,0.800015991210937,1.63,0,-5399.904296875
100000000000000000000000,1,921625000,0,-50.5,1.52170894158256,0,0,0.800015991210937,1.63,0,-5399.904296875
100000000000000000000001,1,921625000,0,-48.5,2.78570911080032,0,0,0.800015991210937,1.63,0,-5399.904296875
100000000000000000000004,1,921625000,0,-47.5,3.18454411565059,0,0,0.800015991210937,1.63,0,-5399.904296875
100000000000000000000002,1,921625000,0,-45.5,3.78586458450176,0,0,0.800015991210937,1.63,0,-5399.904296875
100000000000000000000003,1,921625000,0,-47.5,2.15984494934298,0,0,0.800015991210937,1.63,0,-5399.904296875
100000000000000000000000,1,921625000,0,-50.5,1.53398078788564,0,0,0.800015991210937,1.63,0,-5399.904296875
100000000000000000000001,1,921625000,0,-48.5,2.80411688025495,0,0,0.800015991210937,1.63,0,-5399.904296875
100000000000000000000003,1,921625000,0,-47.5,2.18438864194915,0,0,0.800015991210937,1.63,0,-5399.904296875
100000000000000000000004,1,921625000,0,-47.5,3.19068003880213,0,0,0.800015991210937,1.63,0,-5399.904296875
100000000000000000000002,1,921625000,0,-45.5,3.77359273819868,0,0,0.800015991210937,1.63,0,-5399.904296875
100000000000000000000002,1,921625000,0,-45.5,3.78586458450176,0,0,0.800015991210937,1.63,0,-5399.904296875
100000000000000000000001,1,921625000,0,-48.5,2.80411688025495,0,0,0.800015991210937,1.63,0,-5399.904296875
100000000000000000000003,1,921625000,0,-47.5,2.17825271879761,0,0,0.800015991210937,1.63,0,-5399.904296875
100000000000000000000004,1,921625000,0,-47.5,3.18454411565059,0,0,0.800015991210937,1.63,0,-5399.904296875
100000000000000000000000,1,921625000,0,-50.5,1.53398078788564,0,0,0.800015991210937,1.63,0,-5399.904296875
100000000000000000000002,1,921625000,0,-45.5,3.76745681504713,0,0,0.800015991210937,1.63,0,-5399.904296875
100000000000000000000000,1,921625000,0,-50.5,1.54011671103718,0,0,0.800015991210937,1.63,0,-5399.904296875
100000000000000000000004,1,921625000,0,-47.5,3.17840819249905,0,0,0.800015991210937,1.63,0,-5399.904296875
100000000000000000000001,1,921625000,0,-48.5,2.81638872655804,0,0,0.800015991210937,1.63,0,-5399.904296875
100000000000000000000003,1,921625000,0,-48,2.17825271879761,0,0,0.800015991210937,1.63,0,-5399.904296875
100000000000000000000002,1,921625000,0,-45.5,3.77972866135022,0,0,0.800015991210937,1.63,0,-5399.904296875
100000000000000000000001,1,921625000,0,-48.5,2.79798095710341,0,0,0.800015991210937,1.63,0,-5399.904296875
100000000000000000000000,1,921625000,0,-50.5,1.50330117212793,0,0,0.800015991210937,1.63,0,-5399.904296875
100000000000000000000004,1,921625000,0,-47.5,3.19681596195368,0,0,0.800015991210937,1.63,0,-5399.904296875
100000000000000000000003,1,921625000,0,-47.5,2.17825271879761,0,0,0.800015991210937,1.63,0,-5399.904296875
100000000000000000000002,1,921625000,0,-45.5,3.77359273819868,0,0,0.800015991210937,1.63,0,-5399.904296875
100000000000000000000000,1,921625000,0,-50.5,1.54625263418873,0,0,0.800015991210937,1.63,0,-5399.904296875
100000000000000000000001,1,921625000,0,-48.5,2.82866057286112,0,0,0.800015991210937,1.63,0,-5399.904296875
100000000000000000000003,1,921625000,0,-47.5,2.17211679564607,0,0,0.800015991210937,1.63,0,-5399.904296875
100000000000000000000004,1,921625000,0,-47.5,3.16613634619596,0,0,0.800015991210937,1.63,0,-5399.904296875
100000000000000000000000,1,921625000,0,-50.5,1.50330117212793,0,0,0.800015991210937,1.63,0,-5399.904296875
100000000000000000000003,1,921625000,0,-48,2.15984494934298,0,0,0.800015991210937,1.63,0,-5399.904296875
100000000000000000000001,1,921625000,0,-48.5,2.84093241916421,0,0,0.800015991210937,1.63,0,-5399.904296875
100000000000000000000002,1,921625000,0,-45.5,3.76132089189559,0,0,0.800015991210937,1.63,0,-5399.904296875
100000000000000000000004,1,921625000,0,-47.5,3.18454411565059,0,0,0.800015991210937,1.63,0,-5399.904296875
100000000000000000000000,1,921625000,0,-50.5,1.54011671103718,0,0,0.800015991210937,1.63,0,-5399.904296875
100000000000000000000002,1,921625000,0,-45.5,3.79200050765331,0,0,0.800015991210937,1.63,0,-5399.904296875
100000000000000000000001,1,921625000,0,-48.5,2.79184503395187,0,0,0.800015991210937,1.63,0,-5399.904296875
100000000000000000000003,1,921625000,0,-47.5,2.17211679564607,0,0,0.800015991210937,1.63,0,-5399.904296875
100000000000000000000004,1,921625000,0,-47.5,3.16000042304442,0,0,0.800015991210937,1.63,0,-5399.904296875
100000000000000000000003,1,921625000,0,-47.5,2.16598087249453,0,0,0.800015991210937,1.63,0,-5399.904296875
100000000000000000000001,1,921625000,0,-48.5,2.79798095710341,0,0,0.800015991210937,1.63,0,-5399.904296875
100000000000000000000004,1,921625000,0,-47.5,3.16613634619596,0,0,0.800015991210937,1.63,0,-5399.904296875
100000000000000000000002,1,921625000,0,-45.5,3.77359273819868,0,0,0.800015991210937,1.63,0,-5399.904296875
100000000000000000000000,1,921625000,0,-50.5,1.54625263418873,0,0,0.800015991210937,1.63,0,-5399.904296875
100000000000000000000004,1,921625000,0,-47.5,3.2152237314083,0,0,0.800015991210937,1.63,0,-5399.904296875
100000000000000000000002,1,921625000,0,-45.5,3.76132089189559,0,0,0.800015991210937,1.63,0,-5399.904296875
100000000000000000000000,1,921625000,0,-50.5,1.52170894158256,0,0,0.800015991210937,1.63,0,-5399.904296875
100000000000000000000001,1,921625000,0,-48.5,2.79798095710341,0,0,0.800015991210937,1.63,0,-5399.904296875
100000000000000000000003,1,921625000,0,-47.5,2.18438864194915,0,0,0.800015991210937,1.63,0,-5399.904296875
100000000000000000000004,1,921625000,0,-47.5,3.18454411565059,0,0,0.800015991210937,1.63,0,-5399.904296875
100000000000000000000002,1,921625000,0,-45.5,3.79200050765331,0,0,0.800015991210937,1.63,0,-5399.904296875
100000000000000000000000,1,921625000,0,-50.5,1.5278448647341,0,0,0.800015991210937,1.63,0,-5399.904296875
100000000000000000000001,1,921625000,0,-48.5,2.80411688025495,0,0,0.800015991210937,1.63,0,-5399.904296875
100000000000000000000003,1,921625000,0,-47.5,2.17211679564607,0,0,0.800015991210937,1.63,0,-5399.904296875
100000000000000000000003,1,921625000,0,-47.5,2.19666048825224,0,0,0.800015991210937,1.63,0,-5399.904296875
100000000000000000000004,1,921625000,0,-47.5,3.18454411565059,0,0,0.800015991210937,1.63,0,-5399.904296875
100000000000000000000001,1,921625000,0,-48.5,2.81638872655804,0,0,0.800015991210937,1.63,0,-5399.904296875
100000000000000000000000,1,921625000,0,-50.5,1.53398078788564,0,0,0.800015991210937,1.63,0,-5399.904296875
100000000000000000000002,1,921625000,0,-45.5,3.77972866135022,0,0,0.800015991210937,1.63,0,-5399.904296875
100000000000000000000002,1,921625000,0,-45.5,3.79200050765331,0,0,0.800015991210937,1.63,0,-5399.904296875
100000000000000000000003,1,921625000,0,-48,2.18438864194915,0,0,0.800015991210937,1.63,0,-5399.904296875
100000000000000000000001,1,921625000,0,-48.5,2.80411688025495,0,0,0.800015991210937,1.63,0,-5399.904296875
100000000000000000000004,1,921625000,0,-47.5,3.19681596195368,0,0,0.800015991210937,1.63,0,-5399.904296875
100000000000000000000000,1,921625000,0,-50.5,1.51557301843101,0,0,0.800015991210937,1.63,0,-5399.904296875
100000000000000000000004,1,921625000,0,-47,3.18454411565059,0,0,0.800015991210937,1.63,0,-5399.904296875
100000000000000000000001,1,921625000,0,-48.5,2.81638872655804,0,0,0.800015991210937,1.63,0,-5399.904296875
100000000000000000000003,1,921625000,0,-47.5,2.1905245651007,0,0,0.800015991210937,1.63,0,-5399.904296875
100000000000000000000002,1,921625000,0,-45.5,3.78586458450176,0,0,0.800015991210937,1.63,0,-5399.904296875
100000000000000000000000,1,921625000,0,-50.5,1.55238855734027,0,0,0.800015991210937,1.63,0,-5399.904296875
100000000000000000000004,1,921625000,0,-47.5,3.19068003880213,0,0,0.800015991210937,1.63,0,-5399.904296875
100000000000000000000000,1,921625000,0,-50.5,1.54625263418873,0,0,0.800015991210937,1.63,0,-5399.904296875
100000000000000000000001,1,921625000,0,-48.5,2.82252464970958,0,0,0.800015991210937,1.63,0,-5399.904296875
100000000000000000000003,1,921625000,0,-48,2.17825271879761,0,0,0.800015991210937,1.63,0,-5399.904296875
100000000000000000000002,1,921625000,0,-45.5,3.79200050765331,0,0,0.800015991210937,1.63,0,-5399.904296875
100000000000000000000000,1,921625000,0,-50.5,1.54011671103718,0,0,0.800015991210937,1.63,0,-5399.904296875
100000000000000000000001,1,921625000,0,-48.5,2.81638872655804,0,0,0.800015991210937,1.63,0,-5399.904296875
100000000000000000000004,1,921625000,0,-47.5,3.16613634619596,0,0,0.800015991210937,1.63,0,-5399.904296875
100000000000000000000002,1,921625000,0,-45.5,3.76745681504713,0,0,0.800015991210937,1.63,0,-5399.904296875
100000000000000000000003,1,921625000,0,-48,2.16598087249453,0,0,0.800015991210937,1.63,0,-5399.904296875
100000000000000000000001,1,921625000,0,-48.5,2.80411688025495,0,0,0.800015991210937,1.63,0,-5399.904296875
100000000000000000000003,1,921625000,0,-47.5,2.18438864194915,0,0,0.800015991210937,1.63,0,-5399.904296875
100000000000000000000000,1,921625000,0,-50.5,1.54625263418873,0,0,0.800015991210937,1.63,0,-5399.904296875
100000000000000000000004,1,921625000,0,-47.5,3.16000042304442,0,0,0.800015991210937,1.63,0,-5399.904296875
100000000000000000000002,1,921625000,0,-45.5,3.77359273819868,0,0,0.800015991210937,1.63,0,-5399.904296875
100000000000000000000003,1,921625000,0,-48,2.16598087249453,0,0,0.800015991210937,1.63,0,-5399.904296875
100000000000000000000002,1,921625000,0,-45.5,3.77972866135022,0,0,0.800015991210937,1.63,0,-5399.904296875
100000000000000000000000,1,921625000,0,-50.5,1.51557301843101,0,0,0.800015991210937,1.63,0,-5399.904296875
100000000000000000000004,1,921625000,0,-47.5,3.19681596195368,0,0,0.800015991210937,1.63,0,-5399.904296875
100000000000000000000001,1,921625000,0,-48.5,2.81025280340649,0,0,0.800015991210937,1.63,0,-5399.904296875
100000000000000000000001,1,921625000,0,-48.5,2.79184503395187,0,0,0.800015991210937,1.63,0,-5399.904296875
100000000000000000000000,1,921625000,0,-50.5,1.5278448647341,0,0,0.800015991210937,1.63,0,-5399.904296875
100000000000000000000004,1,921625000,0,-47.5,3.18454411565059,0,0,0.800015991210937,1.63,0,-5399.904296875
100000000000000000000002,1,921625000,0,-45.5,3.79200050765331,0,0,0.800015991210937,1.63,0,-5399.904296875
100000000000000000000003,1,921625000,0,-47.5,2.17825271879761,0,0,0.800015991210937,1.63,0,-5399.904296875
100000000000000000000001,1,921625000,0,-48.5,2.82252464970958,0,0,0.800015991210937,1.63,0,-5399.904296875
100000000000000000000000,1,921625000,0,-50.5,1.53398078788564,0,0,0.800015991210937,1.63,0,-5399.904296875
100000000000000000000004,1,921625000,0,-47.5,3.16000042304442,0,0,0.800015991210937,1.63,0,-5399.904296875
100000000000000000000002,1,921625000,0,-45.5,3.78586458450176,0,0,0.800015991210937,1.63,0,-5399.904296875
100000000000000000000003,1,921625000,0,-48,2.18438864194915,0,0,0.800015991210937,1.63,0,-5399.904296875
100000000000000000000001,1,921625000,0,-48.5,2.79798095710341,0,0,0.800015991210937,1.63,0,-5399.904296875
100000000000000000000002,1,921625000,0,-45.5,3.76745681504713,0,0,0.800015991210937,1.63,0,-5399.904296875
100000000000000000000000,1,921625000,0,-50.5,1.54011671103718,0,0,0.800015991210937,1.63,0,-5399.904296875
100000000000000000000004,1,921625000,0,-47.5,3.19068003880213,0,0,0.800015991210937,1.63,0,-5399.904296875
100000000000000000000003,1,921625000,0,-47.5,2.16598087249453,0,0,0.800015991210937,1.63,0,-5399.904296875
100000000000000000000001,1,921625000,0,-48.5,2.81638872655804,0,0,0.800015991210937,1.63,0,-5399.904296875
100000000000000000000003,1,921625000,0,-47.5,2.15984494934298,0,0,0.800015991210937,1.63,0,-5399.904296875
100000000000000000000000,1,921625000,0,-50.5,1.52170894158256,0,0,0.800015991210937,1.63,0,-5399.904296875
100000000000000000000004,1,921625000,0,-47.5,3.17227226934751,0,0,0.800015991210937,1.63,0,-5399.904296875
100000000000000000000002,1,921625000,0,-45.5,3.77972866135022,0,0,0.800015991210937,1.63,0,-5399.904296875
100000000000000000000004,1,921625000,0,-47.5,3.18454411565059,0,0,0.800015991210937,1.63,0,-5399.904296875
100000000000000000000003,1,921625000,0,-47.5,2.19666048825224,0,0,0.800015991210937,1.63,0,-5399.904296875
100000000000000000000002,1,921625000,0,-45.5,3.77359273819868,0,0,0.800015991210937,1.63,0,-5399.904296875
100000000000000000000000,1,921625000,0,-50.5,1.54625263418873,0,0,0.800015991210937,1.63,0,-5399.904296875
100000000000000000000001,1,921625000,0,-48.5,2.79798095710341,0,0,0.800015991210937,1.63,0,-5399.904296875
100000000000000000000002,1,921625000,0,-45.5,3.79813643080485,0,0,0.800015991210937,1.63,0,-5399.904296875
100000000000000000000001,1,921625000,0,-48.5,2.80411688025495,0,0,0.800015991210937,1.63,0,-5399.904296875
100000000000000000000004,1,921625000,0,-47.5,3.19068003880213,0,0,0.800015991210937,1.63,0,-5399.904296875
100000000000000000000003,1,921625000,0,-48,2.16598087249453,0,0,0.800015991210937,1.63,0,-5399.904296875
100000000000000000000000,1,921625000,0,-50.5,1.55852448049181,0,0,0.800015991210937,1.63,0,-5399.904296875
100000000000000000000001,1,921625000,0,-48.5,2.81025280340649,0,0,0.800015991210937,1.63,0,-5399.904296875
100000000000000000000003,1,921625000,0,-48,2.1905245651007,0,0,0.800015991210937,1.63,0,-5399.904296875
100000000000000000000002,1,921625000,0,-45.5,3.78586458450176,0,0,0.800015991210937,1.63,0,-5399.904296875
100000000000000000000004,1,921625000,0,-47.5,3.16613634619596,0,0,0.800015991210937,1.63,0,-5399.904296875
100000000000000000000000,1,921625000,0,-50.5,1.49716524897639,0,0,0.800015991210937,1.63,0,-5399.904296875
100000000000000000000003,1,921625000,0,-48,2.15984494934298,0,0,0.800015991210937,1.63,0,-5399.904296875
100000000000000000000000,1,921625000,0,-50.5,1.5278448647341,0,0,0.800015991210937,1.63,0,-5399.904296875
100000000000000000000002,1,921625000,0,-45.5,3.76745681504713,0,0,0.800015991210937,1.63,0,-5399.904296875
100000000000000000000004,1,921625000,0,-47.5,3.17227226934751,0,0,0.800015991210937,1.63,0,-5399.904296875
100000000000000000000001,1,921625000,0,-48.5,2.82866057286112,0,0,0.800015991210937,1.63,0,-5399.904296875
100000000000000000000003,1,921625000,0,-48,2.17211679564607,0,0,0.800015991210937,1.63,0,-5399.904296875
100000000000000000000001,1,921625000,0,-48.5,2.78570911080032,0,0,0.800015991210937,1.63,0,-5399.904296875
100000000000000000000002,1,921625000,0,-45.5,3.77972866135022,0,0,0.800015991210937,1.63,0,-5399.904296875
100000000000000000000004,1,921625000,0,-47.5,3.17227226934751,0,0,0.800015991210937,1.63,0,-5399.904296875
100000000000000000000000,1,921625000,0,-50.5,1.52170894158256,0,0,0.800015991210937,1.63,0,-5399.904296875
100000000000000000000001,1,921625000,0,-48.5,2.81025280340649,0,0,0.800015991210937,1.63,0,-5399.904296875
100000000000000000000003,1,921625000,0,-48,2.17825271879761,0,0,0.800015991210937,1.63,0,-5399.904296875
100000000000000000000004,1,921625000,0,-47.5,3.15386449989288,0,0,0.800015991210937,1.63,0,-5399.904296875
100000000000000000000002,1,921625000,0,-45.5,3.77359273819868,0,0,0.800015991210937,1.63,0,-5399.904296875
100000000000000000000000,1,921625000,0,-50.5,1.52170894158256,0,0,0.800015991210937,1.63,0,-5399.904296875
100000000000000000000004,1,921625000,0,-47.5,3.16613634619596,0,0,0.800015991210937,1.63,0,-5399.904296875
100000000000000000000002,1,921625000,0,-45.5,3.77972866135022,0,0,0.800015991210937,1.63,0,-5399.904296875
100000000000000000000003,1,921625000,0,-47.5,2.16598087249453,0,0,0.800015991210937,1.63,0,-5399.904296875
100000000000000000000001,1,921625000,0,-48.5,2.81025280340649,0,0,0.800015991210937,1.63,0,-5399.904296875
100000000000000000000000,1,921625000,0,-50.5,1.54011671103718,0,0,0.800015991210937,1.63,0,-5399.904296875
100000000000000000000003,1,921625000,0,-48,2.17211679564607,0,0,0.800015991210937,1.63,0,-5399.904296875
100000000000000000000001,1,921625000,0,-48.5,2.78570911080032,0,0,0.800015991210937,1.63,0,-5399.904296875
100000000000000000000002,1,921625000,0,-45.5,3.77972866135022,0,0,0.800015991210937,1.63,0,-5399.904296875
100000000000000000000004,1,921625000,0,-47.5,3.18454411565059,0,0,0.800015991210937,1.63,0,-5399.904296875
100000000000000000000000,1,921625000,0,-50.5,1.53398078788564,0,0,0.800015991210937,1.63,0,-5399.904296875
100000000000000000000004,1,921625000,0,-47.5,3.19068003880213,0,0,0.800015991210937,1.63,0,-5399.904296875
100000000000000000000000,1,921625000,0,-50.5,1.54625263418873,0,0,0.800015991210937,1.63,0,-5399.904296875
100000000000000000000003,1,921625000,0,-47.5,2.15370902619144,0,0,0.800015991210937,1.63,0,-5399.904296875
100000000000000000000001,1,921625000,0,-48.5,2.81025280340649,0,0,0.800015991210937,1.63,0,-5399.904296875
100000000000000000000002,1,921625000,0,-45.5,3.79813643080485,0,0,0.800015991210937,1.63,0,-5399.904296875
100000000000000000000000,1,921625000,0,-50.5,1.54625263418873,0,0,0.800015991210937,1.63,0,-5399.904296875
100000000000000000000002,1,921625000,0,-45.5,3.79813643080485,0,0,0.800015991210937,1.63,0,-5399.904296875
100000000000000000000003,1,921625000,0,-48,2.16598087249453,0,0,0.800015991210937,1.63,0,-5399.904296875
100000000000000000000001,1,921625000,0,-48.5,2.82252464970958,0,0,0.800015991210937,1.63,0,-5399.904296875
100000000000000000000004,1,921625000,0,-47.5,3.19068003880213,0,0,0.800015991210937,1.63,0,-5399.904296875
100000000000000000000003,1,921625000,0,-48,2.15984494934298,0,0,0.800015991210937,1.63,0,-5399.904296875
100000000000000000000000,1,921625000,0,-50.5,1.51557301843101,0,0,0.800015991210937,1.63,0,-5399.904296875
100000000000000000000002,1,921625000,0,-45.5,3.77359273819868,0,0,0.800015991210937,1.63,0,-5399.904296875
100000000000000000000004,1,921625000,0,-47.5,3.15386449989288,0,0,0.800015991210937,1.63,0,-5399.904296875
100000000000000000000001,1,921625000,0,-48.5,2.80411688025495,0,0,0.800015991210937,1.63,0,-5399.904296875
100000000000000000000004,1,921625000,0,-47.5,3.16000042304442,0,0,0.800015991210937,1.63,0,-5399.904296875
100000000000000000000003,1,921625000,0,-48,2.19666048825224,0,0,0.800015991210937,1.63,0,-5399.904296875
100000000000000000000002,1,921625000,0,-45.5,3.76745681504713,0,0,0.800015991210937,1.63,0,-5399.904296875
100000000000000000000001,1,921625000,0,-48.5,2.81638872655804,0,0,0.800015991210937,1.63,0,-5399.904296875
100000000000000000000000,1,921625000,0,-50.5,1.50943709527947,0,0,0.800015991210937,1.63,0,-5399.904296875
100000000000000000000002,1,921625000,0,-45.5,3.79200050765331,0,0,0.800015991210937,1.63,0,-5399.904296875
100000000000000000000003,1,921625000,0,-48,2.15984494934298,0,0,0.800015991210937,1.63,0,-5399.904296875
100000000000000000000001,1,921625000,0,-48.5,2.80411688025495,0,0,0.800015991210937,1.63,0,-5399.904296875
100000000000000000000004,1,921625000,0,-47.5,3.17840819249905,0,0,0.800015991210937,1.63,0,-5399.904296875
100000000000000000000000,1,921625000,0,-50.5,1.53398078788564,0,0,0.800015991210937,1.63,0,-5399.904296875
100000000000000000000002,1,921625000,0,-45.5,3.76745681504713,0,0,0.800015991210937,1.63,0,-5399.904296875
100000000000000000000003,1,921625000,0,-47.5,2.17825271879761,0,0,0.800015991210937,1.63,0,-5399.904296875
100000000000000000000001,1,921625000,0,-48.5,2.84093241916421,0,0,0.800015991210937,1.63,0,-5399.904296875
100000000000000000000004,1,921625000,0,-47.5,3.16613634619596,0,0,0.800015991210937,1.63,0,-5399.904296875
100000000000000000000000,1,921625000,0,-50.5,1.49716524897639,0,0,0.800015991210937,1.63,0,-5399.904296875
100000000000000000000001,1,921625000,0,-48.5,2.80411688025495,0,0,0.800015991210937,1.63,0,-5399.904296875
100000000000000000000004,1,921625000,0,-47.5,3.17227226934751,0,0,0.800015991210937,1.63,0,-5399.904296875
100000000000000000000003,1,921625000,0,-47.5,2.16598087249453,0,0,0.800015991210937,1.63,0,-5399.904296875
100000000000000000000002,1,921625000,0,-45.5,3.78586458450176,0,0,0.800015991210937,1.63,0,-5399.904296875
100000000000000000000000,1,921625000,0,-50.5,1.52170894158256,0,0,0.800015991210937,1.63,0,-5399.904296875
100000000000000000000004,1,921625000,0,-47.5,3.17840819249905,0,0,0.800015991210937,1.63,0,-5399.904296875
100000000000000000000000,1,921625000,0,-50.5,1.5278448647341,0,0,0.800015991210937,1.63,0,-5399.904296875
100000000000000000000003,1,921625000,0,-47.5,2.17211679564607,0,0,0.800015991210937,1.63,0,-5399.904296875
100000000000000000000001,1,921625000,0,-48.5,2.82866057286112,0,0,0.800015991210937,1.63,0,-5399.904296875
100000000000000000000002,1,921625000,0,-45.5,3.78586458450176,0,0,0.800015991210937,1.63,0,-5399.904296875
100000000000000000000004,1,921625000,0,-47.5,3.19068003880213,0,0,0.800015991210937,1.63,0,-5399.904296875
100000000000000000000003,1,921625000,0,-48,2.15984494934298,0,0,0.800015991210937,1.63,0,-5399.904296875
100000000000000000000002,1,921625000,0,-45.5,3.79813643080485,0,0,0.800015991210937,1.63,0,-5399.904296875
100000000000000000000000,1,921625000,0,-50.5,1.52170894158256,0,0,0.800015991210937,1.63,0,-5399.904296875
100000000000000000000001,1,921625000,0,-48.5,2.78570911080032,0,0,0.800015991210937,1.63,0,-5399.904296875
100000000000000000000001,1,922125000,0,-48.5,3.03114603686203,0,0,0.800015991210937,1.63,0,-5399.904296875
100000000000000000000000,1,922125000,0,-50,1.7732817907958,0,0,0.800015991210937,1.63,0,-5399.904296875
100000000000000000000003,1,922125000,0,-48,2.41755372170777,0,0,0.800015991210937,1.63,0,-5399.904296875
100000000000000000000002,1,922125000,0,-46,4.01289374110884,0,0,0.800015991210937,1.63,0,-5399.904296875
100000000000000000000004,1,922125000,0,-47,3.39930142595458,0,0,0.800015991210937,1.63,0,-5399.904296875
100000000000000000000002,1,922125000,0,-46,3.99448597165421,0,0,0.800015991210937,1.63,0,-5399.904296875
100000000000000000000003,1,922125000,0,-48,2.38073818279852,0,0,0.800015991210937,1.63,0,-5399.904296875
100000000000000000000004,1,922125000,0,-47,3.39930142595458,0,0,0.800015991210937,1.63,0,-5399.904296875
100000000000000000000001,1,922125000,0,-49,3.03114603686203,0,0,0.800015991210937,1.63,0,-5399.904296875
100000000000000000000000,1,922125000,0,-50,1.77941771394734,0,0,0.800015991210937,1.63,0,-5399.904296875
100000000000000000000002,1,922125000,0,-46,4.0067578179573,0,0,0.800015991210937,1.63,0,-5399.904296875
100000000000000000000000,1,922125000,0,-50,1.7732817907958,0,0,0.800015991210937,1.63,0,-5399.904296875
100000000000000000000004,1,922125000,0,-46.5,3.39930142595458,0,0,0.800015991210937,1.63,0,-5399.904296875
100000000000000000000003,1,922125000,0,-48,2.3930100291016,0,0,0.800015991210937,1.63,0,-5399.904296875
100000000000000000000001,1,922125000,0,-48.5,3.02501011371048,0,0,0.800015991210937,1.63,0,-5399.904296875
100000000000000000000001,1,922125000,0,-49,3.03114603686203,0,0,0.800015991210937,1.63,0,-5399.904296875
100000000000000000000000,1,922125000,0,-50,1.8162332528566,0,0,0.800015991210937,1.63,0,-5399.904296875
100000000000000000000003,1,922125000,0,-48,2.36846633649543,0,0,0.800015991210937,1.63,0,-5399.904296875
100000000000000000000004,1,922125000,0,-46.5,3.39930142595458,0,0,0.800015991210937,1.63,0,-5399.904296875
100000000000000000000002,1,922125000,0,-46,4.00062189480575,0,0,0.800015991210937,1.63,0,-5399.904296875
100000000000000000000001,1,922125000,0,-48.5,3.04341788316511,0,0,0.800015991210937,1.63,0,-5399.904296875
100000000000000000000004,1,922125000,0,-47,3.41157327225767,0,0,0.800015991210937,1.63,0,-5399.904296875
100000000000000000000003,1,922125000,0,-48,2.42368964485931,0,0,0.800015991210937,1.63,0,-5399.904296875
100000000000000000000002,1,922125000,0,-46,4.0067578179573,0,0,0.800015991210937,1.63,0,-5399.904296875
100000000000000000000000,1,922125000,0,-50,1.78555363709889,0,0,0.800015991210937,1.63,0,-5399.904296875
100000000000000000000004,1,922125000,0,-47,3.41157327225767,0,0,0.800015991210937,1.63,0,-5399.904296875
100000000000000000000001,1,922125000,0,-49,3.03728196001357,0,0,0.800015991210937,1.63,0,-5399.904296875
100000000000000000000000,1,922125000,0,-50,1.730330328735,0,0,0.800015991210937,1.63,0,-5399.904296875
100000000000000000000002,1,922125000,0,-46,3.99448597165421,0,0,0.800015991210937,1.63,0,-5399.904296875
100000000000000000000003,1,922125000,0,-48,2.41755372170777,0,0,0.800015991210937,1.63,0,-5399.904296875
100000000000000000000003,1,922125000,0,-48,2.41755372170777,0,0,0.800015991210937,1.63,0,-5399.904296875
100000000000000000000004,1,922125000,0,-47,3.40543734910612,0,0,0.800015991210937,1.63,0,-5399.904296875
100000000000000000000000,1,922125000,0,-50,1.78555363709889,0,0,0.800015991210937,1.63,0,-5399.904296875
100000000000000000000001,1,922125000,0,-49,3.01887419055894,0,0,0.800015991210937,1.63,0,-5399.904296875
100000000000000000000002,1,922125000,0,-46,3.99448597165421,0,0,0.800015991210937,1.63,0,-5399.904296875
100000000000000000000001,1,922125000,0,-49,3.02501011371048,0,0,0.800015991210937,1.63,0,-5399.904296875
100000000000000000000000,1,922125000,0,-50,1.79782548340197,0,0,0.800015991210937,1.63,0,-5399.904296875
100000000000000000000003,1,922125000,0,-48,2.41755372170777,0,0,0.800015991210937,1.63,0,-5399.904296875
100000000000000000000004,1,922125000,0,-47,3.41770919540921,0,0,0.800015991210937,1.63,0,-5399.904296875
100000000000000000000002,1,922125000,0,-46,4.01902966426038,0,0,0.800015991210937,1.63,0,-5399.904296875
100000000000000000000004,1,922125000,0,-47,3.40543734910612,0,0,0.800015991210937,1.63,0,-5399.904296875
100000000000000000000000,1,922125000,0,-50,1.78555363709889,0,0,0.800015991210937,1.63,0,-5399.904296875
100000000000000000000003,1,922125000,0,-48,2.41755372170777,0,0,0.800015991210937,1.63,0,-5399.904296875
100000000000000000000001,1,922125000,0,-49,3.02501011371048,0,0,0.800015991210937,1.63,0,-5399.904296875
100000000000000000000002,1,922125000,0,-45.5,4.0067578179573,0,0,0.800015991210937,1.63,0,-5399.904296875
100000000000000000000001,1,922125000,0,-49,3.02501011371048,0,0,0.800015991210937,1.63,0,-5399.904296875
100000000000000000000000,1,922125000,0,-50,1.80396140655351,0,0,0.800015991210937,1.63,0,-5399.904296875
100000000000000000000004,1,922125000,0,-46.5,3.39930142595458,0,0,0.800015991210937,1.63,0,-5399.904296875
100000000000000000000003,1,922125000,0,-48,2.40528187540469,0,0,0.800015991210937,1.63,0,-5399.904296875
100000000000000000000002,1,922125000,0,-46,4.02516558741192,0,0,0.800015991210937,1.63,0,-5399.904296875
100000000000000000000000,1,922125000,0,-50,1.77941771394734,0,0,0.800015991210937,1.63,0,-5399.904296875
100000000000000000000002,1,922125000,0,-45.5,4.0067578179573,0,0,0.800015991210937,1.63,0,-5399.904296875
100000000000000000000004,1,922125000,0,-47,3.41770919540921,0,0,0.800015991210937,1.63,0,-5399.904296875
100000000000000000000001,1,922125000,0,-48.5,3.00046642110431,0,0,0.800015991210937,1.63,0,-5399.904296875
100000000000000000000003,1,922125000,0,-48,2.40528187540469,0,0,0.800015991210937,1.63,0,-5399.904296875
100000000000000000000003,1,922125000,0,-48,2.42368964485931,0,0,0.800015991210937,1.63,0,-5399.904296875
100000000000000000000001,1,922125000,0,-48.5,3.00660234425586,0,0,0.800015991210937,1.63,0,-5399.904296875
100000000000000000000004,1,922125000,0,-47,3.40543734910612,0,0,0.800015991210937,1.63,0,-5399.904296875
100000000000000000000000,1,922125000,0,-50,1.80396140655351,0,0,0.800015991210937,1.63,0,-5399.904296875
100000000000000000000002,1,922125000,0,-46,4.01289374110884,0,0,0.800015991210937,1.63,0,-5399.904296875
100000000000000000000000,1,922125000,0,-50,1.79168956025043,0,0,0.800015991210937,1.63,0,-5399.904296875
100000000000000000000002,1,922125000,0,-45.5,3.99448597165421,0,0,0.800015991210937,1.63,0,-5399.904296875
100000000000000000000003,1,922125000,0,-48,2.39914595225314,0,0,0.800015991210937,1.63,0,-5399.904296875
100000000000000000000004,1,922125000,0,-47,3.40543734910612,0,0,0.800015991210937,1.63,0,-5399.904296875
100000000000000000000001,1,922125000,0,-49,3.00660234425586,0,0,0.800015991210937,1.63,0,-5399.904296875
100000000000000000000003,1,922125000,0,-48,2.41141779855623,0,0,0.800015991210937,1.63,0,-5399.904296875
100000000000000000000001,1,922125000,0,-49,3.0127382674074,0,0,0.800015991210937,1.63,0,-5399.904296875
100000000000000000000004,1,922125000,0,-47,3.41157327225767,0,0,0.800015991210937,1.63,0,-5399.904296875
100000000000000000000002,1,922125000,0,-46,3.98221412535112,0,0,0.800015991210937,1.63,0,-5399.904296875
100000000000000000000000,1,922125000,0,-50,1.76714586764426,0,0,0.800015991210937,1.63,0,-5399.904296875
100000000000000000000004,1,922125000,0,-47,3.41770919540921,0,0,0.800015991210937,1.63,0,-5399.904296875
100000000000000000000003,1,922125000,0,-48,2.40528187540469,0,0,0.800015991210937,1.63,0,-5399.904296875
100000000000000000000001,1,922125000,0,-49,3.01887419055894,0,0,0.800015991210937,1.63,0,-5399.904296875
100000000000000000000002,1,922125000,0,-46,4.00062189480575,0,0,0.800015991210937,1.63,0,-5399.904296875
100000000000000000000000,1,922125000,0,-50,1.82236917600814,0,0,0.800015991210937,1.63,0,-5399.904296875
100000000000000000000002,1,922125000,0,-46,4.0067578179573,0,0,0.800015991210937,1.63,0,-5399.904296875
100000000000000000000000,1,922125000,0,-50,1.75487402134117,0,0,0.800015991210937,1.63,0,-5399.904296875
100000000000000000000003,1,922125000,0,-48,2.41755372170777,0,0,0.800015991210937,1.63,0,-5399.904296875
100000000000000000000004,1,922125000,0,-47,3.40543734910612,0,0,0.800015991210937,1.63,0,-5399.904296875
100000000000000000000001,1,922125000,0,-49,3.03114603686203,0,0,0.800015991210937,1.63,0,-5399.904296875
100000000000000000000002,1,922125000,0,-46,4.0067578179573,0,0,0.800015991210937,1.63,0,-5399.904296875
100000000000000000000004,1,922125000,0,-47,3.42998104171229,0,0,0.800015991210937,1.63,0,-5399.904296875
100000000000000000000001,1,922125000,0,-48.5,3.03114603686203,0,0,0.800015991210937,1.63,0,-5399.904296875
100000000000000000000000,1,922125000,0,-50,1.79782548340197,0,0,0.800015991210937,1.63,0,-5399.904296875
100000000000000000000003,1,922125000,0,-48,2.42982556801086,0,0,0.800015991210937,1.63,0,-5399.904296875
100000000000000000000001,1,922125000,0,-49,3.01887419055894,0,0,0.800015991210937,1.63,0,-5399.904296875
100000000000000000000003,1,922125000,0,-48,2.4359614911624,0,0,0.800015991210937,1.63,0,-5399.904296875
100000000000000000000000,1,922125000,0,-50,1.77941771394734,0,0,0.800015991210937,1.63,0,-5399.904296875
100000000000000000000002,1,922125000,0,-46,4.01902966426038,0,0,0.800015991210937,1.63,0,-5399.904296875
100000000000000000000004,1,922125000,0,-47,3.42384511856075,0,0,0.800015991210937,1.63,0,-5399.904296875
100000000000000000000002,1,922125000,0,-45.5,3.99448597165421,0,0,0.800015991210937,1.63,0,-5399.904296875
100000000000000000000000,1,922125000,0,-50,1.77941771394734,0,0,0.800015991210937,1.63,0,-5399.904296875
100000000000000000000001,1,922125000,0,-49,3.03114603686203,0,0,0.800015991210937,1.63,0,-5399.904296875
100000000000000000000004,1,922125000,0,-47,3.41157327225767,0,0,0.800015991210937,1.63,0,-5399.904296875
100000000000000000000003,1,922125000,0,-48,2.42368964485931,0,0,0.800015991210937,1.63,0,-5399.904296875
100000000000000000000004,1,922125000,0,-47,3.41770919540921,0,0,0.800015991210937,1.63,0,-5399.904296875
100000000000000000000002,1,922125000,0,-45.5,4.01902966426038,0,0,0.800015991210937,1.63,0,-5399.904296875
100000000000000000000000,1,922125000,0,-50,1.82850509915968,0,0,0.800015991210937,1.63,0,-5399.904296875
100000000000000000000001,1,922125000,0,-48.5,3.01887419055894,0,0,0.800015991210937,1.63,0,-5399.904296875
100000000000000000000003,1,922125000,0,-48,2.42368964485931,0,0,0.800015991210937,1.63,0,-5399.904296875
100000000000000000000000,1,922125000,0,-50,1.7732817907958,0,0,0.800015991210937,1.63,0,-5399.904296875
100000000000000000000002,1,922125000,0,-46,3.95767043274495,0,0,0.800015991210937,1.63,0,-5399.904296875
100000000000000000000003,1,922125000,0,-48,2.3930100291016,0,0,0.800015991210937,1.63,0,-5399.904296875
100000000000000000000001,1,922125000,0,-48.5,3.02501011371048,0,0,0.800015991210937,1.63,0,-5399.904296875
100000000000000000000004,1,922125000,0,-47,3.41157327225767,0,0,0.800015991210937,1.63,0,-5399.904296875
100000000000000000000000,1,922125000,0,-50,1.79782548340197,0,0,0.800015991210937,1.63,0,-5399.904296875
100000000000000000000001,1,922125000,0,-49,3.04341788316511,0,0,0.800015991210937,1.63,0,-5399.904296875
100000000000000000000003,1,922125000,0,-48,2.40528187540469,0,0,0.800015991210937,1.63,0,-5399.904296875
100000000000000000000002,1,922125000,0,-46,3.98221412535112,0,0,0.800015991210937,1.63,0,-5399.904296875
100000000000000000000004,1,922125000,0,-47,3.42998104171229,0,0,0.800015991210937,1.63,0,-5399.904296875
100000000000000000000004,1,922125000,0,-47,3.39316550280304,0,0,0.800015991210937,1.63,0,-5399.904296875
100000000000000000000002,1,922125000,0,-46,4.01902966426038,0,0,0.800015991210937,1.63,0,-5399.904296875
100000000000000000000001,1,922125000,0,-48.5,3.0127382674074,0,0,0.800015991210937,1.63,0,-5399.904296875
100000000000000000000003,1,922125000,0,-48,2.42368964485931,0,0,0.800015991210937,1.63,0,-5399.904296875
100000000000000000000000,1,922125000,0,-50,1.76714586764426,0,0,0.800015991210937,1.63,0,-5399.904296875
100000000000000000000001,1,922125000,0,-48.5,3.01887419055894,0,0,0.800015991210937,1.63,0,-5399.904296875
100000000000000000000000,1,922125000,0,-50,1.7732817907958,0,0,0.800015991210937,1.63,0,-5399.904296875
100000000000000000000004,1,922125000,0,-47,3.3870295796515,0,0,0.800015991210937,1.63,0,-5399.904296875
100000000000000000000002,1,922125000,0,-45.5,4.0067578179573,0,0,0.800015991210937,1.63,0,-5399.904296875
100000000000000000000003,1,922125000,0,-48,2.41755372170777,0,0,0.800015991210937,1.63,0,-5399.904296875
100000000000000000000002,1,922125000,0,-45.5,3.99448597165421,0,0,0.800015991210937,1.63,0,-5399.904296875
100000000000000000000000,1,922125000,0,-50,1.81009732970506,0,0,0.800015991210937,1.63,0,-5399.904296875
100000000000000000000004,1,922125000,0,-47,3.41770919540921,0,0,0.800015991210937,1.63,0,-5399.904296875
100000000000000000000003,1,922125000,0,-48,2.42368964485931,0,0,0.800015991210937,1.63,0,-5399.904296875
100000000000000000000001,1,922125000,0,-48.5,3.01887419055894,0,0,0.800015991210937,1.63,0,-5399.904296875
100000000000000000000004,1,922125000,0,-47,3.40543734910612,0,0,0.800015991210937,1.63,0,-5399.904296875
100000000000000000000000,1,922125000,0,-50,1.79168956025043,0,0,0.800015991210937,1.63,0,-5399.904296875
100000000000000000000002,1,922125000,0,-45.5,3.98835004850267,0,0,0.800015991210937,1.63,0,-5399.904296875
100000000000000000000003,1,922125000,0,-48,2.44209741431394,0,0,0.800015991210937,1.63,0,-5399.904296875
100000000000000000000001,1,922125000,0,-48.5,3.0127382674074,0,0,0.800015991210937,1.63,0,-5399.904296875
100000000000000000000000,1,922125000,0,-50,1.78555363709889,0,0,0.800015991210937,1.63,0,-5399.904296875
100000000000000000000003,1,922125000,0,-48,2.41141779855623,0,0,0.800015991210937,1.63,0,-5399.904296875
100000000000000000000001,1,922125000,0,-48.5,3.01887419055894,0,0,0.800015991210937,1.63,0,-5399.904296875
100000000000000000000002,1,922125000,0,-46,4.0067578179573,0,0,0.800015991210937,1.63,0,-5399.904296875
100000000000000000000004,1,922125000,0,-47,3.41157327225767,0,0,0.800015991210937,1.63,0,-5399.904296875
100000000000000000000000,1,922125000,0,-50,1.80396140655351,0,0,0.800015991210937,1.63,0,-5399.904296875
100000000000000000000004,1,922125000,0,-47,3.42998104171229,0,0,0.800015991210937,1.63,0,-5399.904296875
100000000000000000000001,1,922125000,0,-48.5,3.04955380631665,0,0,0.800015991210937,1.63,0,-5399.904296875
100000000000000000000002,1,922125000,0,-46,4.03130151056346,0,0,0.800015991210937,1.63,0,-5399.904296875
100000000000000000000003,1,922125000,0,-48,2.41141779855623,0,0,0.800015991210937,1.63,0,-5399.904296875
100000000000000000000003,1,922125000,0,-48,2.4359614911624,0,0,0.800015991210937,1.63,0,-5399.904296875
100000000000000000000002,1,922125000,0,-45.5,3.99448597165421,0,0,0.800015991210937,1.63,0,-5399.904296875
100000000000000000000001,1,922125000,0,-49,3.02501011371048,0,0,0.800015991210937,1.63,0,-5399.904296875
100000000000000000000004,1,922125000,0,-47,3.43611696486384,0,0,0.800015991210937,1.63,0,-5399.904296875
100000000000000000000000,1,922125000,0,-50,1.8162332528566,0,0,0.800015991210937,1.63,0,-5399.904296875
100000000000000000000000,1,922125000,0,-50,1.7732817907958,0,0,0.800015991210937,1.63,0,-5399.904296875
100000000000000000000004,1,922125000,0,-47,3.42998104171229,0,0,0.800015991210937,1.63,0,-5399.904296875
100000000000000000000002,1,922125000,0,-46,4.0067578179573,0,0,0.800015991210937,1.63,0,-5399.904296875
100000000000000000000003,1,922125000,0,-48,2.39914595225314,0,0,0.800015991210937,1.63,0,-5399.904296875
100000000000000000000001,1,922125000,0,-49,3.0556897294682,0,0,0.800015991210937,1.63,0,-5399.904296875
100000000000000000000004,1,922125000,0,-47,3.41157327225767,0,0,0.800015991210937,1.63,0,-5399.904296875
100000000000000000000000,1,922125000,0,-50,1.79782548340197,0,0,0.800015991210937,1.63,0,-5399.904296875
100000000000000000000002,1,922125000,0,-46,4.01289374110884,0,0,0.800015991210937,1.63,0,-5399.904296875
100000000000000000000003,1,922125000,0,-48,2.3930100291016,0,0,0.800015991210937,1.63,0,-5399.904296875
100000000000000000000001,1,922125000,0,-49,3.03114603686203,0,0,0.800015991210937,1.63,0,-5399.904296875
100000000000000000000001,1,922125000,0,-49,3.04341788316511,0,0,0.800015991210937,1.63,0,-5399.904296875
100000000000000000000000,1,922125000,0,-50,1.80396140655351,0,0,0.800015991210937,1.63,0,-5399.904296875
100000000000000000000004,1,922125000,0,-47,3.44225288801538,0,0,0.800015991210937,1.63,0,-5399.904296875
100000000000000000000002,1,922125000,0,-46,4.01289374110884,0,0,0.800015991210937,1.63,0,-5399.904296875
100000000000000000000003,1,922125000,0,-48,2.42982556801086,0,0,0.800015991210937,1.63,0,-5399.904296875
100000000000000000000000,1,922125000,0,-50,1.78555363709889,0,0,0.800015991210937,1.63,0,-5399.904296875
100000000000000000000001,1,922125000,0,-49,3.06182565261974,0,0,0.800015991210937,1.63,0,-5399.904296875
100000000000000000000003,1,922125000,0,-48,2.42368964485931,0,0,0.800015991210937,1.63,0,-5399.904296875
100000000000000000000004,1,922125000,0,-47,3.42998104171229,0,0,0.800015991210937,1.63,0,-5399.904296875
100000000000000000000002,1,922125000,0,-46,3.99448597165421,0,0,0.800015991210937,1.63,0,-5399.904296875
100000000000000000000004,1,922125000,0,-47,3.42998104171229,0,0,0.800015991210937,1.63,0,-5399.904296875
100000000000000000000002,1,922125000,0,-45.5,4.01902966426038,0,0,0.800015991210937,1.63,0,-5399.904296875
100000000000000000000001,1,922125000,0,-49,3.03728196001357,0,0,0.800015991210937,1.63,0,-5399.904296875
100000000000000000000000,1,922125000,0,-50,1.76714586764426,0,0,0.800015991210937,1.63,0,-5399.904296875
100000000000000000000003,1,922125000,0,-48,2.40528187540469,0,0,0.800015991210937,1.63,0,-5399.904296875
100000000000000000000002,1,922125000,0,-45.5,3.98221412535112,0,0,0.800015991210937,1.63,0,-5399.904296875
100000000000000000000000,1,922125000,0,-50,1.75487402134117,0,0,0.800015991210937,1.63,0,-5399.904296875
100000000000000000000001,1,922125000,0,-48.5,3.03114603686203,0,0,0.800015991210937,1.63,0,-5399.904296875
100000000000000000000003,1,922125000,0,-48,2.3930100291016,0,0,0.800015991210937,1.63,0,-5399.904296875
100000000000000000000004,1,922125000,0,-47,3.3870295796515,0,0,0.800015991210937,1.63,0,-5399.904296875
100000000000000000000001,1,922125000,0,-49,3.03728196001357,0,0,0.800015991210937,1.63,0,-5399.904296875
100000000000000000000002,1,922125000,0,-46,3.98835004850267,0,0,0.800015991210937,1.63,0,-5399.904296875
100000000000000000000004,1,922125000,0,-47,3.43611696486384,0,0,0.800015991210937,1.63,0,-5399.904296875
100000000000000000000003,1,922125000,0,-48,2.39914595225314,0,0,0.800015991210937,1.63,0,-5399.904296875
100000000000000000000000,1,922125000,0,-50,1.7732817907958,0,0,0.800015991210937,1.63,0,-5399.904296875
100000000000000000000000,1,922125000,0,-50,1.74260217503809,0,0,0.800015991210937,1.63,0,-5399.904296875
100000000000000000000002,1,922125000,0,-46,4.0067578179573,0,0,0.800015991210937,1.63,0,-5399.904296875
100000000000000000000001,1,922125000,0,-48.5,3.01887419055894,0,0,0.800015991210937,1.63,0,-5399.904296875
100000000000000000000004,1,922125000,0,-47,3.42998104171229,0,0,0.800015991210937,1.63,0,-5399.904296875
100000000000000000000003,1,922125000,0,-48,2.39914595225314,0,0,0.800015991210937,1.63,0,-5399.904296875
100000000000000000000001,1,922125000,0,-49,3.02501011371048,0,0,0.800015991210937,1.63,0,-5399.904296875
100000000000000000000003,1,922125000,0,-48,2.41141779855623,0,0,0.800015991210937,1.63,0,-5399.904296875
100000000000000000000000,1,922125000,0,-50,1.7732817907958,0,0,0.800015991210937,1.63,0,-5399.904296875
100000000000000000000002,1,922125000,0,-46,4.01289374110884,0,0,0.800015991210937,1.63,0,-5399.904296875
100000000000000000000004,1,922125000,0,-47,3.41770919540921,0,0,0.800015991210937,1.63,0,-5399.904296875
100000000000000000000001,1,922125000,0,-49,3.0556897294682,0,0,0.800015991210937,1.63,0,-5399.904296875
100000000000000000000004,1,922125000,0,-47,3.41770919540921,0,0,0.800015991210937,1.63,0,-5399.904296875
100000000000000000000002,1,922125000,0,-46,4.00062189480575,0,0,0.800015991210937,1.63,0,-5399.904296875
100000000000000000000003,1,922125000,0,-48,2.3930100291016,0,0,0.800015991210937,1.63,0,-5399.904296875
100000000000000000000000,1,922125000,0,-50,1.74260217503809,0,0,0.800015991210937,1.63,0,-5399.904296875
100000000000000000000001,1,922125000,0,-49,3.0556897294682,0,0,0.800015991210937,1.63,0,-5399.904296875
100000000000000000000004,1,922125000,0,-47,3.41770919540921,0,0,0.800015991210937,1.63,0,-5399.904296875
100000000000000000000002,1,922125000,0,-46,4.02516558741192,0,0,0.800015991210937,1.63,0,-5399.904296875
100000000000000000000003,1,922125000,0,-48,2.38073818279852,0,0,0.800015991210937,1.63,0,-5399.904296875
100000000000000000000000,1,922125000,0,-50,1.7732817907958,0,0,0.800015991210937,1.63,0,-5399.904296875
100000000000000000000002,1,922125000,0,-46,3.99448597165421,0,0,0.800015991210937,1.63,0,-5399.904296875
100000000000000000000001,1,922125000,0,-48.5,3.02501011371048,0,0,0.800015991210937,1.63,0,-5399.904296875
100000000000000000000004,1,922125000,0,-47,3.42384511856075,0,0,0.800015991210937,1.63,0,-5399.904296875
100000000000000000000003,1,922125000,0,-48,2.40528187540469,0,0,0.800015991210937,1.63,0,-5399.904296875
100000000000000000000000,1,922125000,0,-50,1.76714586764426,0,0,0.800015991210937,1.63,0,-5399.904296875
100000000000000000000001,1,922125000,0,-48.5,3.02501011371048,0,0,0.800015991210937,1.63,0,-5399.904296875
100000000000000000000003,1,922125000,0,-48,2.40528187540469,0,0,0.800015991210937,1.63,0,-5399.904296875
100000000000000000000002,1,922125000,0,-46,4.0067578179573,0,0,0.800015991210937,1.63,0,-5399.904296875
100000000000000000000004,1,922125000,0,-47,3.42384511856075,0,0,0.800015991210937,1.63,0,-5399.904296875
100000000000000000000000,1,922125000,0,-50,1.74873809818963,0,0,0.800015991210937,1.63,0,-5399.904296875
100000000000000000000002,1,922125000,0,-46,4.02516558741192,0,0,0.800015991210937,1.63,0,-5399.904296875
100000000000000000000000,1,922125000,0,-50,1.73646625188655,0,0,0.800015991210937,1.63,0,-5399.904296875
100000000000000000000003,1,922125000,0,-48,2.40528187540469,0,0,0.800015991210937,1.63,0,-5399.904296875
100000000000000000000004,1,922125000,0,-47,3.44838881116692,0,0,0.800015991210937,1.63,0,-5399.904296875
100000000000000000000001,1,922125000,0,-49,3.0127382674074,0,0,0.800015991210937,1.63,0,-5399.904296875
100000000000000000000002,1,922125000,0,-45.5,3.99448597165421,0,0,0.800015991210937,1.63,0,-5399.904296875
100000000000000000000001,1,922125000,0,-49,3.01887419055894,0,0,0.800015991210937,1.63,0,-5399.904296875
100000000000000000000003,1,922125000,0,-48,2.39914595225314,0,0,0.800015991210937,1.63,0,-5399.904296875
100000000000000000000000,1,922125000,0,-50,1.77941771394734,0,0,0.800015991210937,1.63,0,-5399.904296875
100000000000000000000004,1,922125000,0,-47,3.41157327225767,0,0,0.800015991210937,1.63,0,-5399.904296875
100000000000000000000001,1,922125000,0,-48.5,3.03728196001357,0,0,0.800015991210937,1.63,0,-5399.904296875
100000000000000000000003,1,922125000,0,-48,2.39914595225314,0,0,0.800015991210937,1.63,0,-5399.904296875
100000000000000000000000,1,922125000,0,-50,1.74260217503809,0,0,0.800015991210937,1.63,0,-5399.904296875
100000000000000000000002,1,922125000,0,-46,4.01902966426038,0,0,0.800015991210937,1.63,0,-5399.904296875
100000000000000000000004,1,922125000,0,-47,3.39930142595458,0,0,0.800015991210937,1.63,0,-5399.904296875
100000000000000000000000,1,922125000,0,-50,1.79168956025043,0,0,0.800015991210937,1.63,0,-5399.904296875
100000000000000000000001,1,922125000,0,-49,3.03114603686203,0,0,0.800015991210937,1.63,0,-5399.904296875
100000000000000000000003,1,922125000,0,-48,2.3930100291016,0,0,0.800015991210937,1.63,0,-5399.904296875
100000000000000000000002,1,922125000,0,-46,4.00062189480575,0,0,0.800015991210937,1.63,0,-5399.904296875
100000000000000000000004,1,922125000,0,-47,3.39316550280304,0,0,0.800015991210937,1.63,0,-5399.904296875
100000000000000000000001,1,922125000,0,-49,3.03728196001357,0,0,0.800015991210937,1.63,0,-5399.904296875
100000000000000000000000,1,922125000,0,-50,1.74873809818963,0,0,0.800015991210937,1.63,0,-5399.904296875
100000000000000000000002,1,922125000,0,-46,3.98221412535112,0,0,0.800015991210937,1.63,0,-5399.904296875
100000000000000000000003,1,922125000,0,-48,2.38687410595006,0,0,0.800015991210937,1.63,0,-5399.904296875
100000000000000000000004,1,922125000,0,-46.5,3.41770919540921,0,0,0.800015991210937,1.63,0,-5399.904296875
100000000000000000000004,1,922125000,0,-47,3.40543734910612,0,0,0.800015991210937,1.63,0,-5399.904296875
100000000000000000000000,1,922125000,0,-50,1.76714586764426,0,0,0.800015991210937,1.63,0,-5399.904296875
100000000000000000000003,1,922125000,0,-48,2.37460225964697,0,0,0.800015991210937,1.63,0,-5399.904296875
100000000000000000000002,1,922125000,0,-45.5,3.98835004850267,0,0,0.800015991210937,1.63,0,-5399.904296875
100000000000000000000001,1,922125000,0,-49,3.01887419055894,0,0,0.800015991210937,1.63,0,-5399.904296875
100000000000000000000003,1,922125000,0,-48,2.38073818279852,0,0,0.800015991210937,1.63,0,-5399.904296875
100000000000000000000004,1,922125000,0,-47,3.42384511856075,0,0,0.800015991210937,1.63,0,-5399.904296875
100000000000000000000002,1,922125000,0,-46,4.03743743371501,0,0,0.800015991210937,1.63,0,-5399.904296875
100000000000000000000001,1,922125000,0,-49,3.02501011371048,0,0,0.800015991210937,1.63,0,-5399.904296875
100000000000000000000000,1,922125000,0,-50,1.75487402134117,0,0,0.800015991210937,1.63,0,-5399.904296875
100000000000000000000003,1,922125000,0,-48,2.3930100291016,0,0,0.800015991210937,1.63,0,-5399.904296875
100000000000000000000002,1,922125000,0,-46,4.00062189480575,0,0,0.800015991210937,1.63,0,-5399.904296875
100000000000000000000000,1,922125000,0,-50,1.76714586764426,0,0,0.800015991210937,1.63,0,-5399.904296875
100000000000000000000001,1,922125000,0,-49,3.0127382674074,0,0,0.800015991210937,1.63,0,-5399.904296875
100000000000000000000004,1,922125000,0,-47,3.39930142595458,0,0,0.800015991210937,1.63,0,-5399.904296875
100000000000000000000003,1,922125000,0,-48,2.39914595225314,0,0,0.800015991210937,1.63,0,-5399.904296875
100000000000000000000004,1,922125000,0,-47,3.39930142595458,0,0,0.800015991210937,1.63,0,-5399.904296875
100000000000000000000002,1,922125000,0,-46,4.01289374110884,0,0,0.800015991210937,1.63,0,-5399.904296875
100000000000000000000001,1,922125000,0,-48.5,3.01887419055894,0,0,0.800015991210937,1.63,0,-5399.904296875
100000000000000000000000,1,922125000,0,-50,1.7732817907958,0,0,0.800015991210937,1.63,0,-5399.904296875
100000000000000000000002,1,922125000,0,-46,4.00062189480575,0,0,0.800015991210937,1.63,0,-5399.904296875
100000000000000000000001,1,922125000,0,-49,3.04341788316511,0,0,0.800015991210937,1.63,0,-5399.904296875
100000000000000000000003,1,922125000,0,-48,2.41755372170777,0,0,0.800015991210937,1.63,0,-5399.904296875
100000000000000000000000,1,922125000,0,-50,1.7732817907958,0,0,0.800015991210937,1.63,0,-5399.904296875
100000000000000000000004,1,922125000,0,-47,3.42384511856075,0,0,0.800015991210937,1.63,0,-5399.904296875
100000000000000000000002,1,922125000,0,-46,4.01289374110884,0,0,0.800015991210937,1.63,0,-5399.904296875
100000000000000000000004,1,922125000,0,-47,3.42998104171229,0,0,0.800015991210937,1.63,0,-5399.904296875
100000000000000000000000,1,922125000,0,-50,1.77941771394734,0,0,0.800015991210937,1.63,0,-5399.904296875
100000000000000000000003,1,922125000,0,-48,2.41141779855623,0,0,0.800015991210937,1.63,0,-5399.904296875
100000000000000000000001,1,922125000,0,-49,3.04341788316511,0,0,0.800015991210937,1.63,0,-5399.904296875
100000000000000000000000,1,922125000,0,-50,1.76714586764426,0,0,0.800015991210937,1.63,0,-5399.904296875
100000000000000000000001,1,922125000,0,-49,3.02501011371048,0,0,0.800015991210937,1.63,0,-5399.904296875
100000000000000000000004,1,922125000,0,-47,3.42384511856075,0,0,0.800015991210937,1.63,0,-5399.904296875
100000000000000000000003,1,922125000,0,-48,2.3930100291016,0,0,0.800015991210937,1.63,0,-5399.904296875
100000000000000000000002,1,922125000,0,-46,4.0067578179573,0,0,0.800015991210937,1.63,0,-5399.904296875
100000000000000000000002,1,922125000,0,-46,3.99448597165421,0,0,0.800015991210937,1.63,0,-5399.904296875
100000000000000000000000,1,922125000,0,-50,1.79782548340197,0,0,0.800015991210937,1.63,0,-5399.904296875
100000000000000000000004,1,922125000,0,-47,3.41157327225767,0,0,0.800015991210937,1.63,0,-5399.904296875
100000000000000000000003,1,922125000,0,-48,2.40528187540469,0,0,0.800015991210937,1.63,0,-5399.904296875
100000000000000000000001,1,922125000,0,-49,3.0127382674074,0,0,0.800015991210937,1.63,0,-5399.904296875
100000000000000000000004,1,922125000,0,-47,3.41157327225767,0,0,0.800015991210937,1.63,0,-5399.904296875
100000000000000000000003,1,922125000,0,-48,2.41141779855623,0,0,0.800015991210937,1.63,0,-5399.904296875
100000000000000000000000,1,922125000,0,-50,1.78555363709889,0,0,0.800015991210937,1.63,0,-5399.904296875
100000000000000000000001,1,922125000,0,-48.5,3.04341788316511,0,0,0.800015991210937,1.63,0,-5399.904296875
100000000000000000000002,1,922125000,0,-46,3.98221412535112,0,0,0.800015991210937,1.63,0,-5399.904296875
100000000000000000000001,1,922125000,0,-49,3.04341788316511,0,0,0.800015991210937,1.63,0,-5399.904296875
100000000000000000000002,1,922125000,0,-46,4.0067578179573,0,0,0.800015991210937,1.63,0,-5399.904296875
100000000000000000000003,1,922125000,0,-48,2.41755372170777,0,0,0.800015991210937,1.63,0,-5399.904296875
100000000000000000000004,1,922125000,0,-47,3.44225288801538,0,0,0.800015991210937,1.63,0,-5399.904296875
100000000000000000000000,1,922125000,0,-50,1.77941771394734,0,0,0.800015991210937,1.63,0,-5399.904296875
100000000000000000000000,1,922125000,0,-50,1.7732817907958,0,0,0.800015991210937,1.63,0,-5399.904296875
100000000000000000000001,1,922125000,0,-49,3.00660234425586,0,0,0.800015991210937,1.63,0,-5399.904296875
100000000000000000000003,1,922125000,0,-48,2.41755372170777,0,0,0.800015991210937,1.63,0,-5399.904296875
100000000000000000000002,1,922125000,0,-46,3.99448597165421,0,0,0.800015991210937,1.63,0,-5399.904296875
100000000000000000000004,1,922125000,0,-47,3.41157327225767,0,0,0.800015991210937,1.63,0,-5399.904296875
100000000000000000000000,1,922125000,0,-50,1.76100994449272,0,0,0.800015991210937,1.63,0,-5399.904296875
100000000000000000000001,1,922125000,0,-48.5,3.02501011371048,0,0,0.800015991210937,1.63,0,-5399.904296875
100000000000000000000002,1,922125000,0,-46,4.0067578179573,0,0,0.800015991210937,1.63,0,-5399.904296875
100000000000000000000004,1,922125000,0,-47,3.41157327225767,0,0,0.800015991210937,1.63,0,-5399.904296875
100000000000000000000003,1,922125000,0,-48,2.40528187540469,0,0,0.800015991210937,1.63,0,-5399.904296875
100000000000000000000004,1,922125000,0,-47,3.41770919540921,0,0,0.800015991210937,1.63,0,-5399.904296875
100000000000000000000000,1,922125000,0,-50,1.79168956025043,0,0,0.800015991210937,1.63,0,-5399.904296875
100000000000000000000001,1,922125000,0,-48.5,3.0127382674074,0,0,0.800015991210937,1.63,0,-5399.904296875
100000000000000000000003,1,922125000,0,-48,2.38687410595006,0,0,0.800015991210937,1.63,0,-5399.904296875
100000000000000000000002,1,922125000,0,-46,4.00062189480575,0,0,0.800015991210937,1.63,0,-5399.904296875
100000000000000000000001,1,922125000,0,-49,3.03728196001357,0,0,0.800015991210937,1.63,0,-5399.904296875
100000000000000000000004,1,922125000,0,-46.5,3.41157327225767,0,0,0.800015991210937,1.63,0,-5399.904296875
100000000000000000000000,1,922125000,0,-50,1.79168956025043,0,0,0.800015991210937,1.63,0,-5399.904296875
100000000000000000000003,1,922125000,0,-48,2.40528187540469,0,0,0.800015991210937,1.63,0,-5399.904296875
100000000000000000000002,1,922125000,0,-46,3.99448597165421,0,0,0.800015991210937,1.63,0,-5399.904296875
100000000000000000000004,1,922125000,0,-47,3.41770919540921,0,0,0.800015991210937,1.63,0,-5399.904296875
100000000000000000000000,1,922125000,0,-50,1.81009732970506,0,0,0.800015991210937,1.63,0,-5399.904296875
100000000000000000000002,1,922125000,0,-45.5,4.01902966426038,0,0,0.800015991210937,1.63,0,-5399.904296875
100000000000000000000003,1,922125000,0,-48,2.38073818279852,0,0,0.800015991210937,1.63,0,-5399.904296875
100000000000000000000001,1,922125000,0,-49,3.04341788316511,0,0,0.800015991210937,1.63,0,-5399.904296875
100000000000000000000000,1,922125000,0,-50,1.78555363709889,0,0,0.800015991210937,1.63,0,-5399.904296875
100000000000000000000004,1,922125000,0,-47,3.44225288801538,0,0,0.800015991210937,1.63,0,-5399.904296875
100000000000000000000001,1,922125000,0,-49,3.01887419055894,0,0,0.800015991210937,1.63,0,-5399.904296875
100000000000000000000002,1,922125000,0,-45.5,4.0067578179573,0,0,0.800015991210937,1.63,0,-5399.904296875
100000000000000000000003,1,922125000,0,-48,2.38687410595006,0,0,0.800015991210937,1.63,0,-5399.904296875
100000000000000000000002,1,922125000,0,-46,4.00062189480575,0,0,0.800015991210937,1.63,0,-5399.904296875
100000000000000000000000,1,922125000,0,-50,1.78555363709889,0,0,0.800015991210937,1.63,0,-5399.904296875
100000000000000000000004,1,922125000,0,-47,3.42998104171229,0,0,0.800015991210937,1.63,0,-5399.904296875
100000000000000000000003,1,922125000,0,-48,2.41755372170777,0,0,0.800015991210937,1.63,0,-5399.904296875
100000000000000000000001,1,922125000,0,-48.5,3.03728196001357,0,0,0.800015991210937,1.63,0,-5399.904296875
100000000000000000000003,1,922125000,0,-48,2.41141779855623,0,0,0.800015991210937,1.63,0,-5399.904296875
100000000000000000000004,1,922125000,0,-47,3.42998104171229,0,0,0.800015991210937,1.63,0,-5399.904296875
100000000000000000000002,1,922125000,0,-46,4.01902966426038,0,0,0.800015991210937,1.63,0,-5399.904296875
100000000000000000000000,1,922125000,0,-50,1.76714586764426,0,0,0.800015991210937,1.63,0,-5399.904296875
100000000000000000000001,1,922125000,0,-49,3.01887419055894,0,0,0.800015991210937,1.63,0,-5399.904296875
100000000000000000000004,1,922125000,0,-47,3.41770919540921,0,0,0.800015991210937,1.63,0,-5399.904296875
100000000000000000000003,1,922125000,0,-48,2.3930100291016,0,0,0.800015991210937,1.63,0,-5399.904296875
100000000000000000000001,1,922125000,0,-49,2.99433049795277,0,0,0.800015991210937,1.63,0,-5399.904296875
100000000000000000000002,1,922125000,0,-46,4.01289374110884,0,0,0.800015991210937,1.63,0,-5399.904296875
100000000000000000000000,1,922125000,0,-50,1.7732817907958,0,0,0.800015991210937,1.63,0,-5399.904296875
100000000000000000000003,1,922125000,0,-48,2.3930100291016,0,0,0.800015991210937,1.63,0,-5399.904296875
100000000000000000000002,1,922125000,0,-46,4.01902966426038,0,0,0.800015991210937,1.63,0,-5399.904296875
100000000000000000000000,1,922125000,0,-50,1.76100994449272,0,0,0.800015991210937,1.63,0,-5399.904296875
100000000000000000000004,1,922125000,0,-46.5,3.41157327225767,0,0,0.800015991210937,1.63,0,-5399.904296875
100000000000000000000001,1,922125000,0,-49,3.01887419055894,0,0,0.800015991210937,1.63,0,-5399.904296875
100000000000000000000001,1,922125000,0,-49,3.01887419055894,0,0,0.800015991210937,1.63,0,-5399.904296875
100000000000000000000003,1,922125000,0,-48,2.3930100291016,0,0,0.800015991210937,1.63,0,-5399.904296875
100000000000000000000002,1,922125000,0,-46,4.0067578179573,0,0,0.800015991210937,1.63,0,-5399.904296875
100000000000000000000004,1,922125000,0,-47,3.42384511856075,0,0,0.800015991210937,1.63,0,-5399.904296875
100000000000000000000000,1,922125000,0,-50,1.74873809818963,0,0,0.800015991210937,1.63,0,-5399.904296875
100000000000000000000003,1,922125000,0,-48,2.41141779855623,0,0,0.800015991210937,1.63,0,-5399.904296875
100000000000000000000000,1,922125000,0,-50,1.730330328735,0,0,0.800015991210937,1.63,0,-5399.904296875
100000000000000000000002,1,922125000,0,-46,4.0067578179573,0,0,0.800015991210937,1.63,0,-5399.904296875
100000000000000000000001,1,922125000,0,-49,3.02501011371048,0,0,0.800015991210937,1.63,0,-5399.904296875
100000000000000000000004,1,922125000,0,-47,3.42998104171229,0,0,0.800015991210937,1.63,0,-5399.904296875
100000000000000000000002,1,922125000,0,-46,4.00062189480575,0,0,0.800015991210937,1.63,0,-5399.904296875
100000000000000000000000,1,922125000,0,-50,1.76714586764426,0,0,0.800015991210937,1.63,0,-5399.904296875
100000000000000000000001,1,922125000,0,-49,3.04341788316511,0,0,0.800015991210937,1.63,0,-5399.904296875
100000000000000000000004,1,922125000,0,-46.5,3.41770919540921,0,0,0.800015991210937,1.63,0,-5399.904296875
100000000000000000000003,1,922125000,0,-48,2.39914595225314,0,0,0.800015991210937,1.63,0,-5399.904296875
100000000000000000000000,1,922125000,0,-50,1.7732817907958,0,0,0.800015991210937,1.63,0,-5399.904296875
100000000000000000000002,1,922125000,0,-45.5,4.0067578179573,0,0,0.800015991210937,1.63,0,-5399.904296875
100000000000000000000001,1,922125000,0,-49,3.0127382674074,0,0,0.800015991210937,1.63,0,-5399.904296875
100000000000000000000003,1,922125000,0,-48,2.38687410595006,0,0,0.800015991210937,1.63,0,-5399.904296875
100000000000000000000004,1,922125000,0,-47,3.39316550280304,0,0,0.800015991210937,1.63,0,-5399.904296875
100000000000000000000003,1,922125000,0,-48,2.39914595225314,0,0,0.800015991210937,1.63,0,-5399.904296875
100000000000000000000004,1,922125000,0,-47,3.40543734910612,0,0,0.800015991210937,1.63,0,-5399.904296875
100000000000000000000000,1,922125000,0,-50,1.74260217503809,0,0,0.800015991210937,1.63,0,-5399.904296875
100000000000000000000001,1,922125000,0,-49,3.00660234425586,0,0,0.800015991210937,1.63,0,-5399.904296875
100000000000000000000002,1,922125000,0,-46,4.01289374110884,0,0,0.800015991210937,1.63,0,-5399.904296875
100000000000000000000001,1,922125000,0,-48.5,3.01887419055894,0,0,0.800015991210937,1.63,0,-5399.904296875
100000000000000000000003,1,922125000,0,-48,2.3930100291016,0,0,0.800015991210937,1.63,0,-5399.904296875
100000000000000000000004,1,922125000,0,-47,3.42384511856075,0,0,0.800015991210937,1.63,0,-5399.904296875
100000000000000000000002,1,922125000,0,-45.5,4.03130151056346,0,0,0.800015991210937,1.63,0,-5399.904296875
100000000000000000000000,1,922125000,0,-50,1.7732817907958,0,0,0.800015991210937,1.63,0,-5399.904296875
100000000000000000000004,1,922125000,0,-47,3.41157327225767,0,0,0.800015991210937,1.63,0,-5399.904296875
100000000000000000000001,1,922125000,0,-48.5,3.02501011371048,0,0,0.800015991210937,1.63,0,-5399.904296875
100000000000000000000000,1,922125000,0,-50,1.76714586764426,0,0,0.800015991210937,1.63,0,-5399.904296875
100000000000000000000002,1,922125000,0,-45.5,4.02516558741192,0,0,0.800015991210937,1.63,0,-5399.904296875
100000000000000000000003,1,922125000,0,-48,2.39914595225314,0,0,0.800015991210937,1.63,0,-5399.904296875
100000000000000000000004,1,922125000,0,-47,3.42998104171229,0,0,0.800015991210937,1.63,0,-5399.904296875
100000000000000000000002,1,922125000,0,-46,4.0067578179573,0,0,0.800015991210937,1.63,0,-5399.904296875
100000000000000000000001,1,922125000,0,-49,3.02501011371048,0,0,0.800015991210937,1.63,0,-5399.904296875
100000000000000000000003,1,922125000,0,-48,2.41755372170777,0,0,0.800015991210937,1.63,0,-5399.904296875
100000000000000000000000,1,922125000,0,-50,1.80396140655351,0,0,0.800015991210937,1.63,0,-5399.904296875
100000000000000000000004,1,922125000,0,-47,3.42384511856075,0,0,0.800015991210937,1.63,0,-5399.904296875
100000000000000000000001,1,922125000,0,-49,3.01887419055894,0,0,0.800015991210937,1.63,0,-5399.904296875
100000000000000000000002,1,922125000,0,-46,4.02516558741192,0,0,0.800015991210937,1.63,0,-5399.904296875
100000000000000000000003,1,922125000,0,-48,2.3930100291016,0,0,0.800015991210937,1.63,0,-5399.904296875
100000000000000000000000,1,922125000,0,-50,1.79782548340197,0,0,0.800015991210937,1.63,0,-5399.904296875
100000000000000000000003,1,922125000,0,-48,2.3930100291016,0,0,0.800015991210937,1.63,0,-5399.904296875
100000000000000000000004,1,922125000,0,-47,3.39930142595458,0,0,0.800015991210937,1.63,0,-5399.904296875
100000000000000000000002,1,922125000,0,-46,4.01289374110884,0,0,0.800015991210937,1.63,0,-5399.904296875
100000000000000000000000,1,922125000,0,-50,1.77941771394734,0,0,0.800015991210937,1.63,0,-5399.904296875
100000000000000000000001,1,922125000,0,-48.5,3.02501011371048,0,0,0.800015991210937,1.63,0,-5399.904296875
100000000000000000000002,1,922125000,0,-46,3.99448597165421,0,0,0.800015991210937,1.63,0,-5399.904296875
100000000000000000000004,1,922125000,0,-47,3.41157327225767,0,0,0.800015991210937,1.63,0,-5399.904296875
100000000000000000000003,1,922125000,0,-48,2.39914595225314,0,0,0.800015991210937,1.63,0,-5399.904296875
100000000000000000000000,1,922125000,0,-50,1.730330328735,0,0,0.800015991210937,1.63,0,-5399.904296875
100000000000000000000001,1,922125000,0,-49,3.03728196001357,0,0,0.800015991210937,1.63,0,-5399.904296875
100000000000000000000002,1,922125000,0,-46,4.02516558741192,0,0,0.800015991210937,1.63,0,-5399.904296875
100000000000000000000004,1,922125000,0,-47,3.40543734910612,0,0,0.800015991210937,1.63,0,-5399.904296875
100000000000000000000001,1,922125000,0,-48.5,3.00660234425586,0,0,0.800015991210937,1.63,0,-5399.904296875
100000000000000000000003,1,922125000,0,-48,2.3930100291016,0,0,0.800015991210937,1.63,0,-5399.904296875
100000000000000000000000,1,922125000,0,-50,1.75487402134117,0,0,0.800015991210937,1.63,0,-5399.904296875
100000000000000000000000,1,922125000,0,-50,1.76714586764426,0,0,0.800015991210937,1.63,0,-5399.904296875
100000000000000000000002,1,922125000,0,-46,4.0067578179573,0,0,0.800015991210937,1.63,0,-5399.904296875
100000000000000000000004,1,922125000,0,-47,3.41770919540921,0,0,0.800015991210937,1.63,0,-5399.904296875
100000000000000000000001,1,922125000,0,-49,3.00660234425586,0,0,0.800015991210937,1.63,0,-5399.904296875
100000000000000000000003,1,922125000,0,-48,2.40528187540469,0,0,0.800015991210937,1.63,0,-5399.904296875
100000000000000000000003,1,922125000,0,-48,2.38687410595006,0,0,0.800015991210937,1.63,0,-5399.904296875
100000000000000000000001,1,922125000,0,-48.5,2.98819457480123,0,0,0.800015991210937,1.63,0,-5399.904296875
100000000000000000000000,1,922125000,0,-50,1.75487402134117,0,0,0.800015991210937,1.63,0,-5399.904296875
100000000000000000000002,1,922125000,0,-46,3.98835004850267,0,0,0.800015991210937,1.63,0,-5399.904296875
100000000000000000000004,1,922125000,0,-47,3.41770919540921,0,0,0.800015991210937,1.63,0,-5399.904296875
100000000000000000000003,1,922125000,0,-48,2.38687410595006,0,0,0.800015991210937,1.63,0,-5399.904296875
100000000000000000000000,1,922125000,0,-50,1.77941771394734,0,0,0.800015991210937,1.63,0,-5399.904296875
100000000000000000000002,1,922125000,0,-46,4.0067578179573,0,0,0.800015991210937,1.63,0,-5399.904296875
100000000000000000000004,1,922125000,0,-47,3.42384511856075,0,0,0.800015991210937,1.63,0,-5399.904296875
100000000000000000000001,1,922125000,0,-48.5,3.02501011371048,0,0,0.800015991210937,1.63,0,-5399.904296875
100000000000000000000004,1,922125000,0,-47,3.41770919540921,0,0,0.800015991210937,1.63,0,-5399.904296875
100000000000000000000000,1,922125000,0,-50,1.78555363709889,0,0,0.800015991210937,1.63,0,-5399.904296875
100000000000000000000002,1,922125000,0,-45.5,3.98835004850267,0,0,0.800015991210937,1.63,0,-5399.904296875
100000000000000000000003,1,922125000,0,-48,2.3930100291016,0,0,0.800015991210937,1.63,0,-5399.904296875
100000000000000000000001,1,922125000,0,-49,3.02501011371048,0,0,0.800015991210937,1.63,0,-5399.904296875
100000000000000000000004,1,922125000,0,-47,3.41157327225767,0,0,0.800015991210937,1.63,0,-5399.904296875
100000000000000000000001,1,922125000,0,-49,3.0127382674074,0,0,0.800015991210937,1.63,0,-5399.904296875
100000000000000000000003,1,922125000,0,-48,2.39914595225314,0,0,0.800015991210937,1.63,0,-5399.904296875
100000000000000000000000,1,922125000,0,-50,1.76714586764426,0,0,0.800015991210937,1.63,0,-5399.904296875
100000000000000000000002,1,922125000,0,-46,4.01289374110884,0,0,0.800015991210937,1.63,0,-5399.904296875
100000000000000000000003,1,922125000,0,-48,2.38073818279852,0,0,0.800015991210937,1.63,0,-5399.904296875
100000000000000000000004,1,922125000,0,-47,3.41770919540921,0,0,0.800015991210937,1.63,0,-5399.904296875
100000000000000000000002,1,922125000,0,-46,3.99448597165421,0,0,0.800015991210937,1.63,0,-5399.904296875
100000000000000000000001,1,922125000,0,-48.5,3.03114603686203,0,0,0.800015991210937,1.63,0,-5399.904296875
100000000000000000000000,1,922125000,0,-50,1.76714586764426,0,0,0.800015991210937,1.63,0,-5399.904296875
100000000000000000000002,1,922125000,0,-46,4.01289374110884,0,0,0.800015991210937,1.63,0,-5399.904296875
100000000000000000000000,1,922125000,0,-50,1.77941771394734,0,0,0.800015991210937,1.63,0,-5399.904296875
100000000000000000000003,1,922125000,0,-48,2.38687410595006,0,0,0.800015991210937,1.63,0,-5399.904296875
100000000000000000000004,1,922125000,0,-47,3.41770919540921,0,0,0.800015991210937,1.63,0,-5399.904296875
100000000000000000000001,1,922125000,0,-48.5,3.00660234425586,0,0,0.800015991210937,1.63,0,-5399.904296875
100000000000000000000003,1,922125000,0,-48,2.38687410595006,0,0,0.800015991210937,1.63,0,-5399.904296875
100000000000000000000004,1,922125000,0,-46.5,3.41770919540921,0,0,0.800015991210937,1.63,0,-5399.904296875
100000000000000000000001,1,922125000,0,-49,3.03728196001357,0,0,0.800015991210937,1.63,0,-5399.904296875
100000000000000000000002,1,922125000,0,-45.5,4.0067578179573,0,0,0.800015991210937,1.63,0,-5399.904296875
100000000000000000000000,1,922125000,0,-50,1.78555363709889,0,0,0.800015991210937,1.63,0,-5399.904296875
100000000000000000000001,1,922125000,0,-49,3.04341788316511,0,0,0.800015991210937,1.63,0,-5399.904296875
100000000000000000000003,1,922125000,0,-48,2.39914595225314,0,0,0.800015991210937,1.63,0,-5399.904296875
100000000000000000000000,1,922125000,0,-50,1.79782548340197,0,0,0.800015991210937,1.63,0,-5399.904296875
100000000000000000000004,1,922125000,0,-47,3.43611696486384,0,0,0.800015991210937,1.63,0,-5399.904296875
100000000000000000000002,1,922125000,0,-46,4.01289374110884,0,0,0.800015991210937,1.63,0,-5399.904296875
100000000000000000000000,1,922125000,0,-50,1.75487402134117,0,0,0.800015991210937,1.63,0,-5399.904296875
100000000000000000000004,1,922125000,0,-47,3.42998104171229,0,0,0.800015991210937,1.63,0,-5399.904296875
100000000000000000000002,1,922125000,0,-46,4.01289374110884,0,0,0.800015991210937,1.63,0,-5399.904296875
100000000000000000000001,1,922125000,0,-49,3.04341788316511,0,0,0.800015991210937,1.63,0,-5399.904296875
100000000000000000000003,1,922125000,0,-48,2.39914595225314,0,0,0.800015991210937,1.63,0,-5399.904296875
100000000000000000000000,1,922125000,0,-50,1.75487402134117,0,0,0.800015991210937,1.63,0,-5399.904296875
100000000000000000000001,1,922125000,0,-49,3.03114603686203,0,0,0.800015991210937,1.63,0,-5399.904296875
100000000000000000000003,1,922125000,0,-48,2.3930100291016,0,0,0.800015991210937,1.63,0,-5399.904296875
100000000000000000000004,1,922125000,0,-47,3.41770919540921,0,0,0.800015991210937,1.63,0,-5399.904296875
100000000000000000000002,1,922125000,0,-46,4.01902966426038,0,0,0.800015991210937,1.63,0,-5399.904296875
100000000000000000000001,1,922125000,0,-48.5,3.02501011371048,0,0,0.800015991210937,1.63,0,-5399.904296875
100000000000000000000003,1,922125000,0,-48,2.39914595225314,0,0,0.800015991210937,1.63,0,-5399.904296875
100000000000000000000002,1,922125000,0,-46,4.01289374110884,0,0,0.800015991210937,1.63,0,-5399.904296875
100000000000000000000004,1,922125000,0,-47,3.42384511856075,0,0,0.800015991210937,1.63,0,-5399.904296875
100000000000000000000000,1,922125000,0,-50,1.77941771394734,0,0,0.800015991210937,1.63,0,-5399.904296875
100000000000000000000000,1,922125000,0,-50,1.79782548340197,0,0,0.800015991210937,1.63,0,-5399.904296875
100000000000000000000003,1,922125000,0,-48,2.36846633649543,0,0,0.800015991210937,1.63,0,-5399.904296875
100000000000000000000002,1,922125000,0,-46,4.01902966426038,0,0,0.800015991210937,1.63,0,-5399.904296875
100000000000000000000001,1,922125000,0,-49,3.02501011371048,0,0,0.800015991210937,1.63,0,-5399.904296875
100000000000000000000004,1,922125000,0,-47,3.42384511856075,0,0,0.800015991210937,1.63,0,-5399.904296875
100000000000000000000001,1,922125000,0,-49,3.02501011371048,0,0,0.800015991210937,1.63,0,-5399.904296875
100000000000000000000003,1,922125000,0,-48,2.40528187540469,0,0,0.800015991210937,1.63,0,-5399.904296875
100000000000000000000004,1,922125000,0,-47,3.39930142595458,0,0,0.800015991210937,1.63,0,-5399.904296875
100000000000000000000002,1,922125000,0,-46,4.01289374110884,0,0,0.800015991210937,1.63,0,-5399.904296875
100000000000000000000000,1,922125000,0,-50,1.77941771394734,0,0,0.800015991210937,1.63,0,-5399.904296875
100000000000000000000001,1,922125000,0,-48.5,3.03114603686203,0,0,0.800015991210937,1.63,0,-5399.904296875
100000000000000000000000,1,922125000,0,-50,1.78555363709889,0,0,0.800015991210937,1.63,0,-5399.904296875
100000000000000000000004,1,922125000,0,-47,3.39316550280304,0,0,0.800015991210937,1.63,0,-5399.904296875
100000000000000000000002,1,922125000,0,-46,4.0067578179573,0,0,0.800015991210937,1.63,0,-5399.904296875
100000000000000000000003,1,922125000,0,-48,2.39914595225314,0,0,0.800015991210937,1.63,0,-5399.904296875
100000000000000000000000,1,922125000,0,-50,1.74873809818963,0,0,0.800015991210937,1.63,0,-5399.904296875
100000000000000000000001,1,922125000,0,-48.5,3.04955380631665,0,0,0.800015991210937,1.63,0,-5399.904296875
100000000000000000000004,1,922125000,0,-46.5,3.42384511856075,0,0,0.800015991210937,1.63,0,-5399.904296875
100000000000000000000002,1,922125000,0,-46,4.03130151056346,0,0,0.800015991210937,1.63,0,-5399.904296875
100000000000000000000003,1,922125000,0,-48,2.3930100291016,0,0,0.800015991210937,1.63,0,-5399.904296875
100000000000000000000004,1,922125000,0,-47,3.40543734910612,0,0,0.800015991210937,1.63,0,-5399.904296875
100000000000000000000000,1,922125000,0,-50,1.76714586764426,0,0,0.800015991210937,1.63,0,-5399.904296875
100000000000000000000003,1,922125000,0,-48,2.40528187540469,0,0,0.800015991210937,1.63,0,-5399.904296875
100000000000000000000001,1,922125000,0,-48.5,3.04341788316511,0,0,0.800015991210937,1.63,0,-5399.904296875
100000000000000000000002,1,922125000,0,-46,4.01289374110884,0,0,0.800015991210937,1.63,0,-5399.904296875
100000000000000000000004,1,922125000,0,-47,3.42384511856075,0,0,0.800015991210937,1.63,0,-5399.904296875
100000000000000000000001,1,922125000,0,-48.5,3.00046642110431,0,0,0.800015991210937,1.63,0,-5399.904296875
100000000000000000000002,1,922125000,0,-46,4.01289374110884,0,0,0.800015991210937,1.63,0,-5399.904296875
100000000000000000000000,1,922125000,0,-50,1.76100994449272,0,0,0.800015991210937,1.63,0,-5399.904296875
100000000000000000000003,1,922125000,0,-48,2.40528187540469,0,0,0.800015991210937,1.63,0,-5399.904296875
100000000000000000000003,1,922125000,0,-48,2.3930100291016,0,0,0.800015991210937,1.63,0,-5399.904296875
100000000000000000000002,1,922125000,0,-46,3.99448597165421,0,0,0.800015991210937,1.63,0,-5399.904296875
100000000000000000000004,1,922125000,0,-47,3.39930142595458,0,0,0.800015991210937,1.63,0,-5399.904296875
100000000000000000000001,1,922125000,0,-49,3.03114603686203,0,0,0.800015991210937,1.63,0,-5399.904296875
100000000000000000000000,1,922125000,0,-50,1.75487402134117,0,0,0.800015991210937,1.63,0,-5399.904296875
100000000000000000000004,1,922125000,0,-47,3.42998104171229,0,0,0.800015991210937,1.63,0,-5399.904296875
100000000000000000000002,1,922125000,0,-46,4.0067578179573,0,0,0.800015991210937,1.63,0,-5399.904296875
100000000000000000000001,1,922125000,0,-49,3.00660234425586,0,0,0.800015991210937,1.63,0,-5399.904296875
100000000000000000000000,1,922125000,0,-50,1.77941771394734,0,0,0.800015991210937,1.63,0,-5399.904296875
100000000000000000000003,1,922125000,0,-48,2.38073818279852,0,0,0.800015991210937,1.63,0,-5399.904296875
100000000000000000000000,1,922125000,0,-50,1.77941771394734,0,0,0.800015991210937,1.63,0,-5399.904296875
100000000000000000000003,1,922125000,0,-48,2.38687410595006,0,0,0.800015991210937,1.63,0,-5399.904296875
100000000000000000000004,1,922125000,0,-47,3.40543734910612,0,0,0.800015991210937,1.63,0,-5399.904296875
100000000000000000000001,1,922125000,0,-48.5,3.03728196001357,0,0,0.800015991210937,1.63,0,-5399.904296875
100000000000000000000002,1,922125000,0,-46,3.99448597165421,0,0,0.800015991210937,1.63,0,-5399.904296875
100000000000000000000003,1,922125000,0,-48,2.38687410595006,0,0,0.800015991210937,1.63,0,-5399.904296875
100000000000000000000000,1,922125000,0,-50,1.77941771394734,0,0,0.800015991210937,1.63,0,-5399.904296875
100000000000000000000001,1,922125000,0,-49,3.03114603686203,0,0,0.800015991210937,1.63,0,-5399.904296875
100000000000000000000002,1,922125000,0,-45.5,3.99448597165421,0,0,0.800015991210937,1.63,0,-5399.904296875
100000000000000000000004,1,922125000,0,-47,3.41157327225767,0,0,0.800015991210937,1.63,0,-5399.904296875
100000000000000000000003,1,922125000,0,-48,2.39914595225314,0,0,0.800015991210937,1.63,0,-5399.904296875
100000000000000000000002,1,922125000,0,-46,4.0067578179573,0,0,0.800015991210937,1.63,0,-5399.904296875
100000000000000000000001,1,922125000,0,-49,3.00660234425586,0,0,0.800015991210937,1.63,0,-5399.904296875
100000000000000000000004,1,922125000,0,-47,3.41157327225767,0,0,0.800015991210937,1.63,0,-5399.904296875
100000000000000000000000,1,922125000,0,-50,1.78555363709889,0,0,0.800015991210937,1.63,0,-5399.904296875
100000000000000000000000,1,922125000,0,-50,1.77941771394734,0,0,0.800015991210937,1.63,0,-5399.904296875
100000000000000000000001,1,922125000,0,-49,3.01887419055894,0,0,0.800015991210937,1.63,0,-5399.904296875
100000000000000000000004,1,922125000,0,-47,3.42384511856075,0,0,0.800015991210937,1.63,0,-5399.904296875
100000000000000000000003,1,922125000,0,-48,2.38073818279852,0,0,0.800015991210937,1.63,0,-5399.904296875
100000000000000000000002,1,922125000,0,-45.5,4.0067578179573,0,0,0.800015991210937,1.63,0,-5399.904296875
100000000000000000000001,1,922125000,0,-48.5,3.02501011371048,0,0,0.800015991210937,1.63,0,-5399.904296875
100000000000000000000004,1,922125000,0,-47,3.42384511856075,0,0,0.800015991210937,1.63,0,-5399.904296875
100000000000000000000002,1,922125000,0,-46,4.01289374110884,0,0,0.800015991210937,1.63,0,-5399.904296875
100000000000000000000003,1,922125000,0,-48,2.40528187540469,0,0,0.800015991210937,1.63,0,-5399.904296875
100000000000000000000000,1,922125000,0,-50,1.76100994449272,0,0,0.800015991210937,1.63,0,-5399.904296875
100000000000000000000002,1,922125000,0,-46,4.0067578179573,0,0,0.800015991210937,1.63,0,-5399.904296875
100000000000000000000001,1,922125000,0,-49,3.02501011371048,0,0,0.800015991210937,1.63,0,-5399.904296875
100000000000000000000003,1,922125000,0,-48,2.37460225964697,0,0,0.800015991210937,1.63,0,-5399.904296875
100000000000000000000000,1,922125000,0,-50,1.75487402134117,0,0,0.800015991210937,1.63,0,-5399.904296875
100000000000000000000004,1,922125000,0,-47,3.39316550280304,0,0,0.800015991210937,1.63,0,-5399.904296875
100000000000000000000001,1,922125000,0,-48.5,2.99433049795277,0,0,0.800015991210937,1.63,0,-5399.904296875
100000000000000000000003,1,922125000,0,-48,2.3930100291016,0,0,0.800015991210937,1.63,0,-5399.904296875
100000000000000000000004,1,922125000,0,-47,3.40543734910612,0,0,0.800015991210937,1.63,0,-5399.904296875
100000000000000000000002,1,922125000,0,-46,4.01289374110884,0,0,0.800015991210937,1.63,0,-5399.904296875
100000000000000000000000,1,922125000,0,-50,1.7732817907958,0,0,0.800015991210937,1.63,0,-5399.904296875
100000000000000000000003,1,922125000,0,-48,2.3930100291016,0,0,0.800015991210937,1.63,0,-5399.904296875
100000000000000000000002,1,922125000,0,-46,4.01289374110884,0,0,0.800015991210937,1.63,0,-5399.904296875
100000000000000000000000,1,922125000,0,-50,1.77941771394734,0,0,0.800015991210937,1.63,0,-5399.904296875
100000000000000000000001,1,922125000,0,-48.5,3.0127382674074,0,0,0.800015991210937,1.63,0,-5399.904296875
100000000000000000000004,1,922125000,0,-47,3.42998104171229,0,0,0.800015991210937,1.63,0,-5399.904296875
100000000000000000000000,1,922125000,0,-50,1.7732817907958,0,0,0.800015991210937,1.63,0,-5399.904296875
100000000000000000000004,1,922125000,0,-47,3.41157327225767,0,0,0.800015991210937,1.63,0,-5399.904296875
100000000000000000000002,1,922125000,0,-46,4.00062189480575,0,0,0.800015991210937,1.63,0,-5399.904296875
100000000000000000000003,1,922125000,0,-48,2.41141779855623,0,0,0.800015991210937,1.63,0,-5399.904296875
100000000000000000000001,1,922125000,0,-49,3.02501011371048,0,0,0.800015991210937,1.63,0,-5399.904296875
100000000000000000000002,1,922125000,0,-46,3.98835004850267,0,0,0.800015991210937,1.63,0,-5399.904296875
100000000000000000000000,1,922125000,0,-50,1.8162332528566,0,0,0.800015991210937,1.63,0,-5399.904296875
100000000000000000000004,1,922125000,0,-47,3.41157327225767,0,0,0.800015991210937,1.63,0,-5399.904296875
100000000000000000000001,1,922125000,0,-49,3.03114603686203,0,0,0.800015991210937,1.63,0,-5399.904296875
100000000000000000000003,1,922125000,0,-48,2.38687410595006,0,0,0.800015991210937,1.63,0,-5399.904296875
100000000000000000000000,1,922125000,0,-50,1.76714586764426,0,0,0.800015991210937,1.63,0,-5399.904296875
100000000000000000000002,1,922125000,0,-45.5,4.00062189480575,0,0,0.800015991210937,1.63,0,-5399.904296875
100000000000000000000003,1,922125000,0,-48,2.38687410595006,0,0,0.800015991210937,1.63,0,-5399.904296875
100000000000000000000001,1,922125000,0,-48.5,3.03114603686203,0,0,0.800015991210937,1.63,0,-5399.904296875
100000000000000000000004,1,922125000,0,-47,3.43611696486384,0,0,0.800015991210937,1.63,0,-5399.904296875
100000000000000000000001,1,922125000,0,-48.5,3.0127382674074,0,0,0.800015991210937,1.63,0,-5399.904296875
100000000000000000000000,1,922125000,0,-50,1.76714586764426,0,0,0.800015991210937,1.63,0,-5399.904296875
100000000000000000000003,1,922125000,0,-48,2.38073818279852,0,0,0.800015991210937,1.63,0,-5399.904296875
100000000000000000000004,1,922125000,0,-47,3.44225288801538,0,0,0.800015991210937,1.63,0,-5399.904296875
100000000000000000000002,1,922125000,0,-46,4.01902966426038,0,0,0.800015991210937,1.63,0,-5399.904296875
100000000000000000000001,1,922125000,0,-49,3.03114603686203,0,0,0.800015991210937,1.63,0,-5399.904296875
100000000000000000000003,1,922125000,0,-48,2.38687410595006,0,0,0.800015991210937,1.63,0,-5399.904296875
100000000000000000000004,1,922125000,0,-47,3.42384511856075,0,0,0.800015991210937,1.63,0,-5399.904296875
100000000000000000000000,1,922125000,0,-50,1.7732817907958,0,0,0.800015991210937,1.63,0,-5399.904296875
100000000000000000000002,1,922125000,0,-46,4.01902966426038,0,0,0.800015991210937,1.63,0,-5399.904296875
100000000000000000000001,1,922125000,0,-49,3.03114603686203,0,0,0.800015991210937,1.63,0,-5399.904296875
100000000000000000000004,1,922125000,0,-47,3.41157327225767,0,0,0.800015991210937,1.63,0,-5399.904296875
100000000000000000000000,1,922125000,0,-50,1.7732817907958,0,0,0.800015991210937,1.63,0,-5399.904296875
100000000000000000000002,1,922125000,0,-46,4.01289374110884,0,0,0.800015991210937,1.63,0,-5399.904296875
100000000000000000000003,1,922125000,0,-48,2.37460225964697,0,0,0.800015991210937,1.63,0,-5399.904296875
100000000000000000000002,1,922125000,0,-46,3.99448597165421,0,0,0.800015991210937,1.63,0,-5399.904296875
100000000000000000000004,1,922125000,0,-47,3.42998104171229,0,0,0.800015991210937,1.63,0,-5399.904296875
100000000000000000000003,1,922125000,0,-48,2.40528187540469,0,0,0.800015991210937,1.63,0,-5399.904296875
100000000000000000000001,1,922125000,0,-49,3.03728196001357,0,0,0.800015991210937,1.63,0,-5399.904296875
100000000000000000000000,1,922125000,0,-50,1.7732817907958,0,0,0.800015991210937,1.63,0,-5399.904296875
100000000000000000000000,1,922625000,0,-50,1.98803910109979,0,0,0.800015991210937,1.63,0,-5399.904296875
100000000000000000000002,1,922625000,0,-45,4.252194744019,0,0,0.800015991210937,1.63,0,-5399.904296875
100000000000000000000003,1,922625000,0,-47.5,2.65071880146639,0,0,0.800015991210937,1.63,0,-5399.904296875
100000000000000000000004,1,922625000,0,-46.5,3.64473835201628,0,0,0.800015991210937,1.63,0,-5399.904296875
100000000000000000000001,1,922625000,0,-49,3.23976742401447,0,0,0.800015991210937,1.63,0,-5399.904296875
100000000000000000000004,1,922625000,0,-47,3.6324665057132,0,0,0.800015991210937,1.63,0,-5399.904296875
100000000000000000000000,1,922625000,0,-50,2.01258279370596,0,0,0.800015991210937,1.63,0,-5399.904296875
100000000000000000000001,1,922625000,0,-49,3.26431111662064,0,0,0.800015991210937,1.63,0,-5399.904296875
100000000000000000000003,1,922625000,0,-47.5,2.65685472461793,0,0,0.800015991210937,1.63,0,-5399.904296875
100000000000000000000002,1,922625000,0,-45,4.25833066717054,0,0,0.800015991210937,1.63,0,-5399.904296875
100000000000000000000002,1,922625000,0,-45,4.26446659032208,0,0,0.800015991210937,1.63,0,-5399.904296875
100000000000000000000000,1,922625000,0,-50,1.98190317794825,0,0,0.800015991210937,1.63,0,-5399.904296875
100000000000000000000001,1,922625000,0,-49,3.27044703977219,0,0,0.800015991210937,1.63,0,-5399.904296875
100000000000000000000004,1,922625000,0,-46.5,3.63860242886474,0,0,0.800015991210937,1.63,0,-5399.904296875
100000000000000000000003,1,922625000,0,-47.5,2.6384469551633,0,0,0.800015991210937,1.63,0,-5399.904296875
100000000000000000000002,1,922625000,0,-45.5,4.25833066717054,0,0,0.800015991210937,1.63,0,-5399.904296875
100000000000000000000003,1,922625000,0,-47.5,2.6384469551633,0,0,0.800015991210937,1.63,0,-5399.904296875
100000000000000000000001,1,922625000,0,-49,3.2581751934691,0,0,0.800015991210937,1.63,0,-5399.904296875
100000000000000000000004,1,922625000,0,-46.5,3.64473835201628,0,0,0.800015991210937,1.63,0,-5399.904296875
100000000000000000000000,1,922625000,0,-50,1.94508763903899,0,0,0.800015991210937,1.63,0,-5399.904296875
100000000000000000000003,1,922625000,0,-47.5,2.6384469551633,0,0,0.800015991210937,1.63,0,-5399.904296875
100000000000000000000001,1,922625000,0,-49,3.24590334716602,0,0,0.800015991210937,1.63,0,-5399.904296875
100000000000000000000002,1,922625000,0,-45.5,4.252194744019,0,0,0.800015991210937,1.63,0,-5399.904296875
100000000000000000000004,1,922625000,0,-47,3.66928204462245,0,0,0.800015991210937,1.63,0,-5399.904296875
100000000000000000000000,1,922625000,0,-49.5,1.99417502425133,0,0,0.800015991210937,1.63,0,-5399.904296875
100000000000000000000001,1,922625000,0,-49,3.28885480922681,0,0,0.800015991210937,1.63,0,-5399.904296875
100000000000000000000000,1,922625000,0,-49.5,2.00031094740288,0,0,0.800015991210937,1.63,0,-5399.904296875
100000000000000000000004,1,922625000,0,-46.5,3.65701019831937,0,0,0.800015991210937,1.63,0,-5399.904296875
100000000000000000000002,1,922625000,0,-45.5,4.24605882086745,0,0,0.800015991210937,1.63,0,-5399.904296875
100000000000000000000003,1,922625000,0,-47.5,2.64458287831485,0,0,0.800015991210937,1.63,0,-5399.904296875
100000000000000000000000,1,922625000,0,-50,2.00031094740288,0,0,0.800015991210937,1.63,0,-5399.904296875
100000000000000000000002,1,922625000,0,-45,4.23992289771591,0,0,0.800015991210937,1.63,0,-5399.904296875
100000000000000000000001,1,922625000,0,-49,3.27044703977219,0,0,0.800015991210937,1.63,0,-5399.904296875
100000000000000000000003,1,922625000,0,-47.5,2.65685472461793,0,0,0.800015991210937,1.63,0,-5399.904296875
100000000000000000000004,1,922625000,0,-46.5,3.64473835201628,0,0,0.800015991210937,1.63,0,-5399.904296875
100000000000000000000002,1,922625000,0,-45.5,4.26446659032208,0,0,0.800015991210937,1.63,0,-5399.904296875
100000000000000000000001,1,922625000,0,-49,3.23976742401447,0,0,0.800015991210937,1.63,0,-5399.904296875
100000000000000000000003,1,922625000,0,-47.5,2.64458287831485,0,0,0.800015991210937,1.63,0,-5399.904296875
100000000000000000000000,1,922625000,0,-50,1.98190317794825,0,0,0.800015991210937,1.63,0,-5399.904296875
100000000000000000000004,1,922625000,0,-46.5,3.63860242886474,0,0,0.800015991210937,1.63,0,-5399.904296875
100000000000000000000001,1,922625000,0,-49,3.27044703977219,0,0,0.800015991210937,1.63,0,-5399.904296875
100000000000000000000003,1,922625000,0,-47.5,2.64458287831485,0,0,0.800015991210937,1.63,0,-5399.904296875
100000000000000000000000,1,922625000,0,-49.5,1.98803910109979,0,0,0.800015991210937,1.63,0,-5399.904296875
100000000000000000000002,1,922625000,0,-45,4.25833066717054,0,0,0.800015991210937,1.63,0,-5399.904296875
100000000000000000000004,1,922625000,0,-46.5,3.65087427516783,0,0,0.800015991210937,1.63,0,-5399.904296875
100000000000000000000001,1,922625000,0,-49,3.24590334716602,0,0,0.800015991210937,1.63,0,-5399.904296875
100000000000000000000002,1,922625000,0,-45,4.252194744019,0,0,0.800015991210937,1.63,0,-5399.904296875
100000000000000000000004,1,922625000,0,-46.5,3.63860242886474,0,0,0.800015991210937,1.63,0,-5399.904296875
100000000000000000000000,1,922625000,0,-50,2.00644687055442,0,0,0.800015991210937,1.63,0,-5399.904296875
100000000000000000000003,1,922625000,0,-47.5,2.6384469551633,0,0,0.800015991210937,1.63,0,-5399.904296875
100000000000000000000004,1,922625000,0,-47,3.64473835201628,0,0,0.800015991210937,1.63,0,-5399.904296875
100000000000000000000001,1,922625000,0,-49,3.27658296292373,0,0,0.800015991210937,1.63,0,-5399.904296875
100000000000000000000002,1,922625000,0,-45,4.27060251347362,0,0,0.800015991210937,1.63,0,-5399.904296875
100000000000000000000000,1,922625000,0,-50,1.95122356219054,0,0,0.800015991210937,1.63,0,-5399.904296875
100000000000000000000003,1,922625000,0,-47.5,2.64458287831485,0,0,0.800015991210937,1.63,0,-5399.904296875
100000000000000000000001,1,922625000,0,-49,3.2581751934691,0,0,0.800015991210937,1.63,0,-5399.904296875
100000000000000000000004,1,922625000,0,-46.5,3.6324665057132,0,0,0.800015991210937,1.63,0,-5399.904296875
100000000000000000000002,1,922625000,0,-45,4.23992289771591,0,0,0.800015991210937,1.63,0,-5399.904296875
100000000000000000000003,1,922625000,0,-47.5,2.65685472461793,0,0,0.800015991210937,1.63,0,-5399.904296875
100000000000000000000000,1,922625000,0,-50,2.00644687055442,0,0,0.800015991210937,1.63,0,-5399.904296875
100000000000000000000001,1,922625000,0,-49,3.25203927031756,0,0,0.800015991210937,1.63,0,-5399.904296875
100000000000000000000002,1,922625000,0,-45.5,4.23378697456437,0,0,0.800015991210937,1.63,0,-5399.904296875
100000000000000000000004,1,922625000,0,-46.5,3.64473835201628,0,0,0.800015991210937,1.63,0,-5399.904296875
100000000000000000000000,1,922625000,0,-50,1.98803910109979,0,0,0.800015991210937,1.63,0,-5399.904296875
100000000000000000000003,1,922625000,0,-47.5,2.6384469551633,0,0,0.800015991210937,1.63,0,-5399.904296875
100000000000000000000004,1,922625000,0,-47,3.66314612147091,0,0,0.800015991210937,1.63,0,-5399.904296875
100000000000000000000000,1,922625000,0,-50,1.98803910109979,0,0,0.800015991210937,1.63,0,-5399.904296875
100000000000000000000003,1,922625000,0,-47.5,2.65071880146639,0,0,0.800015991210937,1.63,0,-5399.904296875
100000000000000000000001,1,922625000,0,-49,3.27044703977219,0,0,0.800015991210937,1.63,0,-5399.904296875
100000000000000000000002,1,922625000,0,-45,4.252194744019,0,0,0.800015991210937,1.63,0,-5399.904296875
100000000000000000000003,1,922625000,0,-47.5,2.6384469551633,0,0,0.800015991210937,1.63,0,-5399.904296875
100000000000000000000001,1,922625000,0,-49,3.28271888607527,0,0,0.800015991210937,1.63,0,-5399.904296875
100000000000000000000000,1,922625000,0,-50,1.96349540849362,0,0,0.800015991210937,1.63,0,-5399.904296875
100000000000000000000004,1,922625000,0,-47,3.63860242886474,0,0,0.800015991210937,1.63,0,-5399.904296875
100000000000000000000002,1,922625000,0,-45.5,4.25833066717054,0,0,0.800015991210937,1.63,0,-5399.904296875
100000000000000000000004,1,922625000,0,-47,3.65087427516783,0,0,0.800015991210937,1.63,0,-5399.904296875
100000000000000000000003,1,922625000,0,-47.5,2.64458287831485,0,0,0.800015991210937,1.63,0,-5399.904296875
100000000000000000000002,1,922625000,0,-45.5,4.23992289771591,0,0,0.800015991210937,1.63,0,-5399.904296875
100000000000000000000001,1,922625000,0,-49,3.27658296292373,0,0,0.800015991210937,1.63,0,-5399.904296875
100000000000000000000000,1,922625000,0,-50,1.95735948534208,0,0,0.800015991210937,1.63,0,-5399.904296875
100000000000000000000000,1,922625000,0,-50,1.98803910109979,0,0,0.800015991210937,1.63,0,-5399.904296875
100000000000000000000003,1,922625000,0,-47.5,2.6384469551633,0,0,0.800015991210937,1.63,0,-5399.904296875
100000000000000000000001,1,922625000,0,-49,3.23976742401447,0,0,0.800015991210937,1.63,0,-5399.904296875
100000000000000000000004,1,922625000,0,-47,3.63860242886474,0,0,0.800015991210937,1.63,0,-5399.904296875
100000000000000000000002,1,922625000,0,-45,4.23992289771591,0,0,0.800015991210937,1.63,0,-5399.904296875
100000000000000000000004,1,922625000,0,-46.5,3.64473835201628,0,0,0.800015991210937,1.63,0,-5399.904296875
100000000000000000000001,1,922625000,0,-49,3.24590334716602,0,0,0.800015991210937,1.63,0,-5399.904296875
100000000000000000000002,1,922625000,0,-45.5,4.22765105141283,0,0,0.800015991210937,1.63,0,-5399.904296875
100000000000000000000000,1,922625000,0,-49.5,1.95735948534208,0,0,0.800015991210937,1.63,0,-5399.904296875
100000000000000000000003,1,922625000,0,-47.5,2.62003918570868,0,0,0.800015991210937,1.63,0,-5399.904296875
100000000000000000000002,1,922625000,0,-45.5,4.23378697456437,0,0,0.800015991210937,1.63,0,-5399.904296875
100000000000000000000004,1,922625000,0,-46.5,3.65701019831937,0,0,0.800015991210937,1.63,0,-5399.904296875
100000000000000000000001,1,922625000,0,-49,3.27658296292373,0,0,0.800015991210937,1.63,0,-5399.904296875
100000000000000000000003,1,922625000,0,-47.5,2.6384469551633,0,0,0.800015991210937,1.63,0,-5399.904296875
100000000000000000000000,1,922625000,0,-50,1.99417502425133,0,0,0.800015991210937,1.63,0,-5399.904296875
100000000000000000000000,1,922625000,0,-49.5,1.97576725479671,0,0,0.800015991210937,1.63,0,-5399.904296875
100000000000000000000002,1,922625000,0,-45,4.24605882086745,0,0,0.800015991210937,1.63,0,-5399.904296875
100000000000000000000001,1,922625000,0,-49,3.26431111662064,0,0,0.800015991210937,1.63,0,-5399.904296875
100000000000000000000004,1,922625000,0,-46.5,3.6324665057132,0,0,0.800015991210937,1.63,0,-5399.904296875
100000000000000000000003,1,922625000,0,-47.5,2.65071880146639,0,0,0.800015991210937,1.63,0,-5399.904296875
100000000000000000000002,1,922625000,0,-45,4.26446659032208,0,0,0.800015991210937,1.63,0,-5399.904296875
100000000000000000000004,1,922625000,0,-47,3.65087427516783,0,0,0.800015991210937,1.63,0,-5399.904296875
100000000000000000000003,1,922625000,0,-47.5,2.65071880146639,0,0,0.800015991210937,1.63,0,-5399.904296875
100000000000000000000001,1,922625000,0,-49,3.23976742401447,0,0,0.800015991210937,1.63,0,-5399.904296875
100000000000000000000000,1,922625000,0,-49.5,1.96963133164516,0,0,0.800015991210937,1.63,0,-5399.904296875
100000000000000000000003,1,922625000,0,-47.5,2.65071880146639,0,0,0.800015991210937,1.63,0,-5399.904296875
100000000000000000000002,1,922625000,0,-45.5,4.252194744019,0,0,0.800015991210937,1.63,0,-5399.904296875
100000000000000000000004,1,922625000,0,-46.5,3.66314612147091,0,0,0.800015991210937,1.63,0,-5399.904296875
100000000000000000000001,1,922625000,0,-49,3.28271888607527,0,0,0.800015991210937,1.63,0,-5399.904296875
100000000000000000000000,1,922625000,0,-50,2.00031094740288,0,0,0.800015991210937,1.63,0,-5399.904296875
100000000000000000000000,1,922625000,0,-50,2.00031094740288,0,0,0.800015991210937,1.63,0,-5399.904296875
100000000000000000000001,1,922625000,0,-49,3.27658296292373,0,0,0.800015991210937,1.63,0,-5399.904296875
100000000000000000000004,1,922625000,0,-46.5,3.64473835201628,0,0,0.800015991210937,1.63,0,-5399.904296875
100000000000000000000003,1,922625000,0,-47.5,2.65071880146639,0,0,0.800015991210937,1.63,0,-5399.904296875
100000000000000000000002,1,922625000,0,-45.5,4.24605882086745,0,0,0.800015991210937,1.63,0,-5399.904296875
100000000000000000000004,1,922625000,0,-46.5,3.64473835201628,0,0,0.800015991210937,1.63,0,-5399.904296875
100000000000000000000000,1,922625000,0,-50,1.96963133164516,0,0,0.800015991210937,1.63,0,-5399.904296875
100000000000000000000003,1,922625000,0,-47.5,2.64458287831485,0,0,0.800015991210937,1.63,0,-5399.904296875
100000000000000000000001,1,922625000,0,-49,3.2581751934691,0,0,0.800015991210937,1.63,0,-5399.904296875
100000000000000000000002,1,922625000,0,-45,4.24605882086745,0,0,0.800015991210937,1.63,0,-5399.904296875
100000000000000000000000,1,922625000,0,-50,1.96349540849362,0,0,0.800015991210937,1.63,0,-5399.904296875
100000000000000000000001,1,922625000,0,-49,3.27658296292373,0,0,0.800015991210937,1.63,0,-5399.904296875
100000000000000000000002,1,922625000,0,-45.5,4.24605882086745,0,0,0.800015991210937,1.63,0,-5399.904296875
100000000000000000000003,1,922625000,0,-47.5,2.6384469551633,0,0,0.800015991210937,1.63,0,-5399.904296875
100000000000000000000004,1,922625000,0,-47,3.65087427516783,0,0,0.800015991210937,1.63,0,-5399.904296875
100000000000000000000000,1,922625000,0,-50,1.96963133164516,0,0,0.800015991210937,1.63,0,-5399.904296875
100000000000000000000003,1,922625000,0,-47.5,2.64458287831485,0,0,0.800015991210937,1.63,0,-5399.904296875
100000000000000000000004,1,922625000,0,-47,3.65087427516783,0,0,0.800015991210937,1.63,0,-5399.904296875
100000000000000000000001,1,922625000,0,-49,3.28271888607527,0,0,0.800015991210937,1.63,0,-5399.904296875
100000000000000000000002,1,922625000,0,-45.5,4.24605882086745,0,0,0.800015991210937,1.63,0,-5399.904296875
100000000000000000000000,1,922625000,0,-50,1.99417502425133,0,0,0.800015991210937,1.63,0,-5399.904296875
100000000000000000000004,1,922625000,0,-46.5,3.65087427516783,0,0,0.800015991210937,1.63,0,-5399.904296875
100000000000000000000003,1,922625000,0,-47.5,2.6384469551633,0,0,0.800015991210937,1.63,0,-5399.904296875
100000000000000000000001,1,922625000,0,-49,3.26431111662064,0,0,0.800015991210937,1.63,0,-5399.904296875
100000000000000000000002,1,922625000,0,-45,4.252194744019,0,0,0.800015991210937,1.63,0,-5399.904296875
100000000000000000000002,1,922625000,0,-45.5,4.23992289771591,0,0,0.800015991210937,1.63,0,-5399.904296875
100000000000000000000000,1,922625000,0,-49.5,2.01258279370596,0,0,0.800015991210937,1.63,0,-5399.904296875
100000000000000000000004,1,922625000,0,-47,3.65087427516783,0,0,0.800015991210937,1.63,0,-5399.904296875
100000000000000000000001,1,922625000,0,-49,3.25203927031756,0,0,0.800015991210937,1.63,0,-5399.904296875
100000000000000000000003,1,922625000,0,-47.5,2.62003918570868,0,0,0.800015991210937,1.63,0,-5399.904296875
100000000000000000000003,1,922625000,0,-47.5,2.63231103201176,0,0,0.800015991210937,1.63,0,-5399.904296875
100000000000000000000000,1,922625000,0,-49.5,2.00644687055442,0,0,0.800015991210937,1.63,0,-5399.904296875
100000000000000000000001,1,922625000,0,-49,3.27044703977219,0,0,0.800015991210937,1.63,0,-5399.904296875
100000000000000000000002,1,922625000,0,-45,4.26446659032208,0,0,0.800015991210937,1.63,0,-5399.904296875
100000000000000000000004,1,922625000,0,-46.5,3.64473835201628,0,0,0.800015991210937,1.63,0,-5399.904296875
100000000000000000000000,1,922625000,0,-49.5,2.00031094740288,0,0,0.800015991210937,1.63,0,-5399.904296875
100000000000000000000002,1,922625000,0,-45,4.23992289771591,0,0,0.800015991210937,1.63,0,-5399.904296875
100000000000000000000003,1,922625000,0,-47.5,2.6384469551633,0,0,0.800015991210937,1.63,0,-5399.904296875
100000000000000000000001,1,922625000,0,-49,3.2581751934691,0,0,0.800015991210937,1.63,0,-5399.904296875
100000000000000000000004,1,922625000,0,-46.5,3.62633058256166,0,0,0.800015991210937,1.63,0,-5399.904296875
100000000000000000000004,1,922625000,0,-46.5,3.65701019831937,0,0,0.800015991210937,1.63,0,-5399.904296875
100000000000000000000000,1,922625000,0,-50,1.97576725479671,0,0,0.800015991210937,1.63,0,-5399.904296875
100000000000000000000002,1,922625000,0,-45.5,4.23378697456437,0,0,0.800015991210937,1.63,0,-5399.904296875
100000000000000000000003,1,922625000,0,-47.5,2.65071880146639,0,0,0.800015991210937,1.63,0,-5399.904296875
100000000000000000000001,1,922625000,0,-49,3.28271888607527,0,0,0.800015991210937,1.63,0,-5399.904296875
100000000000000000000004,1,922625000,0,-46.5,3.65701019831937,0,0,0.800015991210937,1.63,0,-5399.904296875
100000000000000000000000,1,922625000,0,-49.5,1.99417502425133,0,0,0.800015991210937,1.63,0,-5399.904296875
100000000000000000000003,1,922625000,0,-47.5,2.65685472461793,0,0,0.800015991210937,1.63,0,-5399.904296875
100000000000000000000002,1,922625000,0,-45,4.24605882086745,0,0,0.800015991210937,1.63,0,-5399.904296875
100000000000000000000001,1,922625000,0,-49,3.27658296292373,0,0,0.800015991210937,1.63,0,-5399.904296875
100000000000000000000001,1,922625000,0,-49,3.27658296292373,0,0,0.800015991210937,1.63,0,-5399.904296875
100000000000000000000000,1,922625000,0,-50,1.95735948534208,0,0,0.800015991210937,1.63,0,-5399.904296875
100000000000000000000002,1,922625000,0,-45.5,4.26446659032208,0,0,0.800015991210937,1.63,0,-5399.904296875
100000000000000000000003,1,922625000,0,-47.5,2.65071880146639,0,0,0.800015991210937,1.63,0,-5399.904296875
100000000000000000000004,1,922625000,0,-46.5,3.63860242886474,0,0,0.800015991210937,1.63,0,-5399.904296875
100000000000000000000003,1,922625000,0,-47.5,2.62617510886022,0,0,0.800015991210937,1.63,0,-5399.904296875
100000000000000000000001,1,922625000,0,-49,3.28885480922681,0,0,0.800015991210937,1.63,0,-5399.904296875
100000000000000000000004,1,922625000,0,-46.5,3.64473835201628,0,0,0.800015991210937,1.63,0,-5399.904296875
100000000000000000000002,1,922625000,0,-45,4.27060251347362,0,0,0.800015991210937,1.63,0,-5399.904296875
100000000000000000000000,1,922625000,0,-50,1.98803910109979,0,0,0.800015991210937,1.63,0,-5399.904296875
100000000000000000000001,1,922625000,0,-49,3.29499073237836,0,0,0.800015991210937,1.63,0,-5399.904296875
100000000000000000000004,1,922625000,0,-46.5,3.6324665057132,0,0,0.800015991210937,1.63,0,-5399.904296875
100000000000000000000003,1,922625000,0,-47.5,2.65071880146639,0,0,0.800015991210937,1.63,0,-5399.904296875
100000000000000000000002,1,922625000,0,-45.5,4.22765105141283,0,0,0.800015991210937,1.63,0,-5399.904296875
100000000000000000000000,1,922625000,0,-49.5,1.98803910109979,0,0,0.800015991210937,1.63,0,-5399.904296875
100000000000000000000000,1,922625000,0,-49.5,1.97576725479671,0,0,0.800015991210937,1.63,0,-5399.904296875
100000000000000000000003,1,922625000,0,-47.5,2.65071880146639,0,0,0.800015991210937,1.63,0,-5399.904296875
100000000000000000000001,1,922625000,0,-49,3.28271888607527,0,0,0.800015991210937,1.63,0,-5399.904296875
100000000000000000000004,1,922625000,0,-46.5,3.62019465941011,0,0,0.800015991210937,1.63,0,-5399.904296875
100000000000000000000002,1,922625000,0,-45,4.25833066717054,0,0,0.800015991210937,1.63,0,-5399.904296875
100000000000000000000004,1,922625000,0,-47,3.64473835201628,0,0,0.800015991210937,1.63,0,-5399.904296875
100000000000000000000001,1,922625000,0,-49,3.29499073237836,0,0,0.800015991210937,1.63,0,-5399.904296875
100000000000000000000002,1,922625000,0,-45.5,4.23992289771591,0,0,0.800015991210937,1.63,0,-5399.904296875
100000000000000000000003,1,922625000,0,-47.5,2.6384469551633,0,0,0.800015991210937,1.63,0,-5399.904296875
100000000000000000000000,1,922625000,0,-50,1.98190317794825,0,0,0.800015991210937,1.63,0,-5399.904296875
100000000000000000000000,1,922625000,0,-50,1.98190317794825,0,0,0.800015991210937,1.63,0,-5399.904296875
100000000000000000000001,1,922625000,0,-49,3.27044703977219,0,0,0.800015991210937,1.63,0,-5399.904296875
100000000000000000000002,1,922625000,0,-45,4.23992289771591,0,0,0.800015991210937,1.63,0,-5399.904296875
100000000000000000000003,1,922625000,0,-47.5,2.65071880146639,0,0,0.800015991210937,1.63,0,-5399.904296875
100000000000000000000004,1,922625000,0,-46.5,3.63860242886474,0,0,0.800015991210937,1.63,0,-5399.904296875
100000000000000000000004,1,922625000,0,-46.5,3.63860242886474,0,0,0.800015991210937,1.63,0,-5399.904296875
100000000000000000000002,1,922625000,0,-45,4.252194744019,0,0,0.800015991210937,1.63,0,-5399.904296875
100000000000000000000001,1,922625000,0,-49,3.26431111662064,0,0,0.800015991210937,1.63,0,-5399.904296875
100000000000000000000000,1,922625000,0,-49.5,1.98803910109979,0,0,0.800015991210937,1.63,0,-5399.904296875
100000000000000000000003,1,922625000,0,-47.5,2.64458287831485,0,0,0.800015991210937,1.63,0,-5399.904296875
100000000000000000000003,1,922625000,0,-47.5,2.64458287831485,0,0,0.800015991210937,1.63,0,-5399.904296875
100000000000000000000002,1,922625000,0,-45,4.22151512826128,0,0,0.800015991210937,1.63,0,-5399.904296875
100000000000000000000001,1,922625000,0,-49,3.26431111662064,0,0,0.800015991210937,1.63,0,-5399.904296875
100000000000000000000004,1,922625000,0,-46.5,3.66314612147091,0,0,0.800015991210937,1.63,0,-5399.904296875
100000000000000000000000,1,922625000,0,-50,1.98190317794825,0,0,0.800015991210937,1.63,0,-5399.904296875
100000000000000000000001,1,922625000,0,-49,3.27658296292373,0,0,0.800015991210937,1.63,0,-5399.904296875
100000000000000000000004,1,922625000,0,-46.5,3.64473835201628,0,0,0.800015991210937,1.63,0,-5399.904296875
100000000000000000000000,1,922625000,0,-49.5,1.99417502425133,0,0,0.800015991210937,1.63,0,-5399.904296875
100000000000000000000003,1,922625000,0,-47.5,2.65071880146639,0,0,0.800015991210937,1.63,0,-5399.904296875
100000000000000000000002,1,922625000,0,-45.5,4.24605882086745,0,0,0.800015991210937,1.63,0,-5399.904296875
100000000000000000000004,1,922625000,0,-46.5,3.64473835201628,0,0,0.800015991210937,1.63,0,-5399.904296875
100000000000000000000002,1,922625000,0,-45.5,4.25833066717054,0,0,0.800015991210937,1.63,0,-5399.904296875
100000000000000000000003,1,922625000,0,-47.5,2.63231103201176,0,0,0.800015991210937,1.63,0,-5399.904296875
100000000000000000000001,1,922625000,0,-49,3.22749557771139,0,0,0.800015991210937,1.63,0,-5399.904296875
100000000000000000000000,1,922625000,0,-50,1.98803910109979,0,0,0.800015991210937,1.63,0,-5399.904296875
100000000000000000000003,1,922625000,0,-47.5,2.6384469551633,0,0,0.800015991210937,1.63,0,-5399.904296875
100000000000000000000002,1,922625000,0,-45,4.27673843662517,0,0,0.800015991210937,1.63,0,-5399.904296875
100000000000000000000004,1,922625000,0,-46.5,3.6324665057132,0,0,0.800015991210937,1.63,0,-5399.904296875
100000000000000000000001,1,922625000,0,-49,3.27658296292373,0,0,0.800015991210937,1.63,0,-5399.904296875
100000000000000000000000,1,922625000,0,-50,1.98803910109979,0,0,0.800015991210937,1.63,0,-5399.904296875
100000000000000000000002,1,922625000,0,-45,4.23378697456437,0,0,0.800015991210937,1.63,0,-5399.904296875
100000000000000000000003,1,922625000,0,-47.5,2.65685472461793,0,0,0.800015991210937,1.63,0,-5399.904296875
100000000000000000000004,1,922625000,0,-46.5,3.65701019831937,0,0,0.800015991210937,1.63,0,-5399.904296875
100000000000000000000001,1,922625000,0,-49,3.27658296292373,0,0,0.800015991210937,1.63,0,-5399.904296875
100000000000000000000000,1,922625000,0,-50,2.0187187168575,0,0,0.800015991210937,1.63,0,-5399.904296875
100000000000000000000004,1,922625000,0,-46.5,3.62633058256166,0,0,0.800015991210937,1.63,0,-5399.904296875
100000000000000000000002,1,922625000,0,-45,4.23992289771591,0,0,0.800015991210937,1.63,0,-5399.904296875
100000000000000000000001,1,922625000,0,-49,3.2581751934691,0,0,0.800015991210937,1.63,0,-5399.904296875
100000000000000000000000,1,922625000,0,-50,1.96963133164516,0,0,0.800015991210937,1.63,0,-5399.904296875
100000000000000000000003,1,922625000,0,-47,2.6384469551633,0,0,0.800015991210937,1.63,0,-5399.904296875
100000000000000000000003,1,922625000,0,-47.5,2.65685472461793,0,0,0.800015991210937,1.63,0,-5399.904296875
100000000000000000000002,1,922625000,0,-45,4.25833066717054,0,0,0.800015991210937,1.63,0,-5399.904296875
100000000000000000000004,1,922625000,0,-46.5,3.6324665057132,0,0,0.800015991210937,1.63,0,-5399.904296875
100000000000000000000000,1,922625000,0,-50,2.00644687055442,0,0,0.800015991210937,1.63,0,-5399.904296875
100000000000000000000001,1,922625000,0,-49,3.2581751934691,0,0,0.800015991210937,1.63,0,-5399.904296875
100000000000000000000002,1,922625000,0,-45.5,4.25833066717054,0,0,0.800015991210937,1.63,0,-5399.904296875
100000000000000000000004,1,922625000,0,-46.5,3.65701019831937,0,0,0.800015991210937,1.63,0,-5399.904296875
100000000000000000000000,1,922625000,0,-50,1.96963133164516,0,0,0.800015991210937,1.63,0,-5399.904296875
100000000000000000000003,1,922625000,0,-47.5,2.64458287831485,0,0,0.800015991210937,1.63,0,-5399.904296875
100000000000000000000001,1,922625000,0,-49,3.28885480922681,0,0,0.800015991210937,1.63,0,-5399.904296875
100000000000000000000003,1,922625000,0,-47.5,2.6384469551633,0,0,0.800015991210937,1.63,0,-5399.904296875
100000000000000000000001,1,922625000,0,-49,3.24590334716602,0,0,0.800015991210937,1.63,0,-5399.904296875
100000000000000000000000,1,922625000,0,-50,1.95735948534208,0,0,0.800015991210937,1.63,0,-5399.904296875
100000000000000000000004,1,922625000,0,-46.5,3.65701019831937,0,0,0.800015991210937,1.63,0,-5399.904296875
100000000000000000000002,1,922625000,0,-45.5,4.23992289771591,0,0,0.800015991210937,1.63,0,-5399.904296875
100000000000000000000003,1,922625000,0,-47.5,2.6384469551633,0,0,0.800015991210937,1.63,0,-5399.904296875
100000000000000000000004,1,922625000,0,-46.5,3.62019465941011,0,0,0.800015991210937,1.63,0,-5399.904296875
100000000000000000000000,1,922625000,0,-49.5,1.98190317794825,0,0,0.800015991210937,1.63,0,-5399.904296875
100000000000000000000002,1,922625000,0,-45,4.24605882086745,0,0,0.800015991210937,1.63,0,-5399.904296875
100000000000000000000001,1,922625000,0,-49,3.27044703977219,0,0,0.800015991210937,1.63,0,-5399.904296875
100000000000000000000003,1,922625000,0,-47,2.65071880146639,0,0,0.800015991210937,1.63,0,-5399.904296875
100000000000000000000002,1,922625000,0,-45.5,4.24605882086745,0,0,0.800015991210937,1.63,0,-5399.904296875
100000000000000000000000,1,922625000,0,-49.5,2.01258279370596,0,0,0.800015991210937,1.63,0,-5399.904296875
100000000000000000000004,1,922625000,0,-47,3.65701019831937,0,0,0.800015991210937,1.63,0,-5399.904296875
100000000000000000000001,1,922625000,0,-49,3.22749557771139,0,0,0.800015991210937,1.63,0,-5399.904296875
100000000000000000000003,1,922625000,0,-47.5,2.65685472461793,0,0,0.800015991210937,1.63,0,-5399.904296875
100000000000000000000000,1,922625000,0,-50,1.95735948534208,0,0,0.800015991210937,1.63,0,-5399.904296875
100000000000000000000002,1,922625000,0,-45,4.252194744019,0,0,0.800015991210937,1.63,0,-5399.904296875
100000000000000000000001,1,922625000,0,-49,3.23976742401447,0,0,0.800015991210937,1.63,0,-5399.904296875
100000000000000000000004,1,922625000,0,-46.5,3.6324665057132,0,0,0.800015991210937,1.63,0,-5399.904296875
100000000000000000000002,1,922625000,0,-45.5,4.252194744019,0,0,0.800015991210937,1.63,0,-5399.904296875
100000000000000000000004,1,922625000,0,-46.5,3.63860242886474,0,0,0.800015991210937,1.63,0,-5399.904296875
100000000000000000000003,1,922625000,0,-47.5,2.65071880146639,0,0,0.800015991210937,1.63,0,-5399.904296875
100000000000000000000000,1,922625000,0,-50,1.96349540849362,0,0,0.800015991210937,1.63,0,-5399.904296875
100000000000000000000001,1,922625000,0,-49,3.25203927031756,0,0,0.800015991210937,1.63,0,-5399.904296875
100000000000000000000004,1,922625000,0,-46.5,3.65087427516783,0,0,0.800015991210937,1.63,0,-5399.904296875
100000000000000000000003,1,922625000,0,-47.5,2.6384469551633,0,0,0.800015991210937,1.63,0,-5399.904296875
100000000000000000000002,1,922625000,0,-45.5,4.252194744019,0,0,0.800015991210937,1.63,0,-5399.904296875
100000000000000000000001,1,922625000,0,-49,3.27658296292373,0,0,0.800015991210937,1.63,0,-5399.904296875
100000000000000000000000,1,922625000,0,-50,1.97576725479671,0,0,0.800015991210937,1.63,0,-5399.904296875
100000000000000000000001,1,922625000,0,-49,3.2581751934691,0,0,0.800015991210937,1.63,0,-5399.904296875
100000000000000000000003,1,922625000,0,-47.5,2.63231103201176,0,0,0.800015991210937,1.63,0,-5399.904296875
100000000000000000000002,1,922625000,0,-45,4.24605882086745,0,0,0.800015991210937,1.63,0,-5399.904296875
100000000000000000000000,1,922625000,0,-50,1.98190317794825,0,0,0.800015991210937,1.63,0,-5399.904296875
100000000000000000000004,1,922625000,0,-46.5,3.65087427516783,0,0,0.800015991210937,1.63,0,-5399.904296875
100000000000000000000004,1,922625000,0,-46.5,3.64473835201628,0,0,0.800015991210937,1.63,0,-5399.904296875
100000000000000000000003,1,922625000,0,-47.5,2.64458287831485,0,0,0.800015991210937,1.63,0,-5399.904296875
100000000000000000000002,1,922625000,0,-45,4.24605882086745,0,0,0.800015991210937,1.63,0,-5399.904296875
100000000000000000000001,1,922625000,0,-49,3.25203927031756,0,0,0.800015991210937,1.63,0,-5399.904296875
100000000000000000000000,1,922625000,0,-49.5,1.98803910109979,0,0,0.800015991210937,1.63,0,-5399.904296875
100000000000000000000000,1,922625000,0,-50,1.97576725479671,0,0,0.800015991210937,1.63,0,-5399.904296875
100000000000000000000004,1,922625000,0,-47,3.64473835201628,0,0,0.800015991210937,1.63,0,-5399.904296875
100000000000000000000001,1,922625000,0,-49,3.27658296292373,0,0,0.800015991210937,1.63,0,-5399.904296875
100000000000000000000003,1,922625000,0,-47.5,2.63231103201176,0,0,0.800015991210937,1.63,0,-5399.904296875
100000000000000000000002,1,922625000,0,-45,4.23992289771591,0,0,0.800015991210937,1.63,0,-5399.904296875
100000000000000000000000,1,922625000,0,-49.5,1.95735948534208,0,0,0.800015991210937,1.63,0,-5399.904296875
100000000000000000000002,1,922625000,0,-45.5,4.25833066717054,0,0,0.800015991210937,1.63,0,-5399.904296875
100000000000000000000004,1,922625000,0,-47,3.62633058256166,0,0,0.800015991210937,1.63,0,-5399.904296875
100000000000000000000003,1,922625000,0,-47.5,2.63231103201176,0,0,0.800015991210937,1.63,0,-5399.904296875
100000000000000000000001,1,922625000,0,-49,3.2152237314083,0,0,0.800015991210937,1.63,0,-5399.904296875
100000000000000000000004,1,922625000,0,-46.5,3.64473835201628,0,0,0.800015991210937,1.63,0,-5399.904296875
100000000000000000000002,1,922625000,0,-45.5,4.252194744019,0,0,0.800015991210937,1.63,0,-5399.904296875
100000000000000000000000,1,922625000,0,-50,1.96963133164516,0,0,0.800015991210937,1.63,0,-5399.904296875
100000000000000000000001,1,922625000,0,-49,3.27044703977219,0,0,0.800015991210937,1.63,0,-5399.904296875
100000000000000000000003,1,922625000,0,-47.5,2.64458287831485,0,0,0.800015991210937,1.63,0,-5399.904296875
100000000000000000000000,1,922625000,0,-50,1.98190317794825,0,0,0.800015991210937,1.63,0,-5399.904296875
100000000000000000000003,1,922625000,0,-47.5,2.65685472461793,0,0,0.800015991210937,1.63,0,-5399.904296875
100000000000000000000004,1,922625000,0,-46.5,3.6324665057132,0,0,0.800015991210937,1.63,0,-5399.904296875
100000000000000000000002,1,922625000,0,-45.5,4.23378697456437,0,0,0.800015991210937,1.63,0,-5399.904296875
100000000000000000000001,1,922625000,0,-49,3.27044703977219,0,0,0.800015991210937,1.63,0,-5399.904296875
100000000000000000000001,1,922625000,0,-49,3.26431111662064,0,0,0.800015991210937,1.63,0,-5399.904296875
100000000000000000000002,1,922625000,0,-45,4.24605882086745,0,0,0.800015991210937,1.63,0,-5399.904296875
100000000000000000000000,1,922625000,0,-49.5,2.00644687055442,0,0,0.800015991210937,1.63,0,-5399.904296875
100000000000000000000003,1,922625000,0,-47.5,2.64458287831485,0,0,0.800015991210937,1.63,0,-5399.904296875
100000000000000000000004,1,922625000,0,-46.5,3.6324665057132,0,0,0.800015991210937,1.63,0,-5399.904296875
100000000000000000000003,1,922625000,0,-47.5,2.66299064776947,0,0,0.800015991210937,1.63,0,-5399.904296875
100000000000000000000000,1,922625000,0,-49.5,1.98190317794825,0,0,0.800015991210937,1.63,0,-5399.904296875
100000000000000000000001,1,922625000,0,-49,3.23363150086293,0,0,0.800015991210937,1.63,0,-5399.904296875
100000000000000000000002,1,922625000,0,-45,4.23992289771591,0,0,0.800015991210937,1.63,0,-5399.904296875
100000000000000000000004,1,922625000,0,-46.5,3.62633058256166,0,0,0.800015991210937,1.63,0,-5399.904296875
100000000000000000000002,1,922625000,0,-45,4.25833066717054,0,0,0.800015991210937,1.63,0,-5399.904296875
100000000000000000000004,1,922625000,0,-46.5,3.63860242886474,0,0,0.800015991210937,1.63,0,-5399.904296875
100000000000000000000001,1,922625000,0,-49,3.27044703977219,0,0,0.800015991210937,1.63,0,-5399.904296875
100000000000000000000003,1,922625000,0,-47.5,2.65685472461793,0,0,0.800015991210937,1.63,0,-5399.904296875
100000000000000000000000,1,922625000,0,-49.5,2.00644687055442,0,0,0.800015991210937,1.63,0,-5399.904296875
100000000000000000000004,1,922625000,0,-46.5,3.64473835201628,0,0,0.800015991210937,1.63,0,-5399.904296875
100000000000000000000003,1,922625000,0,-47.5,2.6384469551633,0,0,0.800015991210937,1.63,0,-5399.904296875
100000000000000000000002,1,922625000,0,-45,4.22765105141283,0,0,0.800015991210937,1.63,0,-5399.904296875
100000000000000000000001,1,922625000,0,-49,3.2581751934691,0,0,0.800015991210937,1.63,0,-5399.904296875
100000000000000000000000,1,922625000,0,-50,2.04326240946367,0,0,0.800015991210937,1.63,0,-5399.904296875
100000000000000000000000,1,922625000,0,-50,2.00644687055442,0,0,0.800015991210937,1.63,0,-5399.904296875
100000000000000000000001,1,922625000,0,-49,3.2581751934691,0,0,0.800015991210937,1.63,0,-5399.904296875
100000000000000000000003,1,922625000,0,-47.5,2.6384469551633,0,0,0.800015991210937,1.63,0,-5399.904296875
100000000000000000000002,1,922625000,0,-45,4.24605882086745,0,0,0.800015991210937,1.63,0,-5399.904296875
100000000000000000000004,1,922625000,0,-47,3.65701019831937,0,0,0.800015991210937,1.63,0,-5399.904296875
100000000000000000000003,1,922625000,0,-47.5,2.64458287831485,0,0,0.800015991210937,1.63,0,-5399.904296875
100000000000000000000001,1,922625000,0,-49,3.27658296292373,0,0,0.800015991210937,1.63,0,-5399.904296875
100000000000000000000002,1,922625000,0,-45,4.23992289771591,0,0,0.800015991210937,1.63,0,-5399.904296875
100000000000000000000000,1,922625000,0,-49.5,1.98190317794825,0,0,0.800015991210937,1.63,0,-5399.904296875
100000000000000000000004,1,922625000,0,-46.5,3.65087427516783,0,0,0.800015991210937,1.63,0,-5399.904296875
100000000000000000000000,1,922625000,0,-49.5,2.01258279370596,0,0,0.800015991210937,1.63,0,-5399.904296875
100000000000000000000002,1,922625000,0,-45.5,4.24605882086745,0,0,0.800015991210937,1.63,0,-5399.904296875
100000000000000000000001,1,922625000,0,-49,3.25203927031756,0,0,0.800015991210937,1.63,0,-5399.904296875
100000000000000000000004,1,922625000,0,-47,3.65087427516783,0,0,0.800015991210937,1.63,0,-5399.904296875
100000000000000000000003,1,922625000,0,-47.5,2.6384469551633,0,0,0.800015991210937,1.63,0,-5399.904296875
100000000000000000000003,1,922625000,0,-47.5,2.64458287831485,0,0,0.800015991210937,1.63,0,-5399.904296875
100000000000000000000002,1,922625000,0,-45,4.252194744019,0,0,0.800015991210937,1.63,0,-5399.904296875
100000000000000000000001,1,922625000,0,-49,3.28885480922681,0,0,0.800015991210937,1.63,0,-5399.904296875
100000000000000000000000,1,922625000,0,-49.5,1.99417502425133,0,0,0.800015991210937,1.63,0,-5399.904296875
100000000000000000000004,1,922625000,0,-47,3.63860242886474,0,0,0.800015991210937,1.63,0,-5399.904296875
100000000000000000000004,1,922625000,0,-46.5,3.65701019831937,0,0,0.800015991210937,1.63,0,-5399.904296875
100000000000000000000001,1,922625000,0,-49,3.23976742401447,0,0,0.800015991210937,1.63,0,-5399.904296875
100000000000000000000000,1,922625000,0,-49.5,1.96349540849362,0,0,0.800015991210937,1.63,0,-5399.904296875
100000000000000000000003,1,922625000,0,-47.5,2.66299064776947,0,0,0.800015991210937,1.63,0,-5399.904296875
100000000000000000000002,1,922625000,0,-45.5,4.25833066717054,0,0,0.800015991210937,1.63,0,-5399.904296875
100000000000000000000000,1,922625000,0,-49.5,1.97576725479671,0,0,0.800015991210937,1.63,0,-5399.904296875
100000000000000000000004,1,922625000,0,-46.5,3.63860242886474,0,0,0.800015991210937,1.63,0,-5399.904296875
100000000000000000000003,1,922625000,0,-47,2.63231103201176,0,0,0.800015991210937,1.63,0,-5399.904296875
100000000000000000000002,1,922625000,0,-45.5,4.24605882086745,0,0,0.800015991210937,1.63,0,-5399.904296875
100000000000000000000001,1,922625000,0,-49,3.24590334716602,0,0,0.800015991210937,1.63,0,-5399.904296875
100000000000000000000000,1,922625000,0,-49.5,1.98803910109979,0,0,0.800015991210937,1.63,0,-5399.904296875
100000000000000000000002,1,922625000,0,-45,4.26446659032208,0,0,0.800015991210937,1.63,0,-5399.904296875
100000000000000000000004,1,922625000,0,-46.5,3.65087427516783,0,0,0.800015991210937,1.63,0,-5399.904296875
100000000000000000000001,1,922625000,0,-49,3.26431111662064,0,0,0.800015991210937,1.63,0,-5399.904296875
100000000000000000000003,1,922625000,0,-47.5,2.66912657092102,0,0,0.800015991210937,1.63,0,-5399.904296875
100000000000000000000003,1,922625000,0,-47.5,2.65685472461793,0,0,0.800015991210937,1.63,0,-5399.904296875
100000000000000000000002,1,922625000,0,-45.5,4.23378697456437,0,0,0.800015991210937,1.63,0,-5399.904296875
100000000000000000000001,1,922625000,0,-49,3.23976742401447,0,0,0.800015991210937,1.63,0,-5399.904296875
100000000000000000000004,1,922625000,0,-46.5,3.65701019831937,0,0,0.800015991210937,1.63,0,-5399.904296875
100000000000000000000000,1,922625000,0,-49.5,1.98190317794825,0,0,0.800015991210937,1.63,0,-5399.904296875
100000000000000000000003,1,922625000,0,-47.5,2.63231103201176,0,0,0.800015991210937,1.63,0,-5399.904296875
100000000000000000000004,1,922625000,0,-47,3.62633058256166,0,0,0.800015991210937,1.63,0,-5399.904296875
100000000000000000000002,1,922625000,0,-45,4.252194744019,0,0,0.800015991210937,1.63,0,-5399.904296875
100000000000000000000000,1,922625000,0,-49.5,1.97576725479671,0,0,0.800015991210937,1.63,0,-5399.904296875
100000000000000000000001,1,922625000,0,-49,3.28271888607527,0,0,0.800015991210937,1.63,0,-5399.904296875
100000000000000000000004,1,922625000,0,-46.5,3.63860242886474,0,0,0.800015991210937,1.63,0,-5399.904296875
100000000000000000000001,1,922625000,0,-49,3.28271888607527,0,0,0.800015991210937,1.63,0,-5399.904296875
100000000000000000000000,1,922625000,0,-49.5,2.01258279370596,0,0,0.800015991210937,1.63,0,-5399.904296875
100000000000000000000003,1,922625000,0,-47.5,2.65071880146639,0,0,0.800015991210937,1.63,0,-5399.904296875
100000000000000000000002,1,922625000,0,-45.5,4.252194744019,0,0,0.800015991210937,1.63,0,-5399.904296875
100000000000000000000004,1,922625000,0,-46.5,3.64473835201628,0,0,0.800015991210937,1.63,0,-5399.904296875
100000000000000000000003,1,922625000,0,-47.5,2.6384469551633,0,0,0.800015991210937,1.63,0,-5399.904296875
100000000000000000000001,1,922625000,0,-49,3.25203927031756,0,0,0.800015991210937,1.63,0,-5399.904296875
100000000000000000000002,1,922625000,0,-45.5,4.27060251347362,0,0,0.800015991210937,1.63,0,-5399.904296875
100000000000000000000000,1,922625000,0,-50,2.0187187168575,0,0,0.800015991210937,1.63,0,-5399.904296875
100000000000000000000001,1,922625000,0,-49,3.28271888607527,0,0,0.800015991210937,1.63,0,-5399.904296875
100000000000000000000000,1,922625000,0,-50,2.01258279370596,0,0,0.800015991210937,1.63,0,-5399.904296875
100000000000000000000003,1,922625000,0,-47.5,2.63231103201176,0,0,0.800015991210937,1.63,0,-5399.904296875
100000000000000000000004,1,922625000,0,-46.5,3.63860242886474,0,0,0.800015991210937,1.63,0,-5399.904296875
100000000000000000000002,1,922625000,0,-45.5,4.23992289771591,0,0,0.800015991210937,1.63,0,-5399.904296875
100000000000000000000000,1,922625000,0,-49.5,1.96963133164516,0,0,0.800015991210937,1.63,0,-5399.904296875
100000000000000000000004,1,922625000,0,-46.5,3.63860242886474,0,0,0.800015991210937,1.63,0,-5399.904296875
100000000000000000000003,1,922625000,0,-47.5,2.64458287831485,0,0,0.800015991210937,1.63,0,-5399.904296875
100000000000000000000002,1,922625000,0,-45,4.25833066717054,0,0,0.800015991210937,1.63,0,-5399.904296875
100000000000000000000001,1,922625000,0,-49,3.26431111662064,0,0,0.800015991210937,1.63,0,-5399.904296875
100000000000000000000004,1,922625000,0,-46.5,3.62633058256166,0,0,0.800015991210937,1.63,0,-5399.904296875
100000000000000000000001,1,922625000,0,-49,3.28271888607527,0,0,0.800015991210937,1.63,0,-5399.904296875
100000000000000000000003,1,922625000,0,-47.5,2.62617510886022,0,0,0.800015991210937,1.63,0,-5399.904296875
100000000000000000000002,1,922625000,0,-45.5,4.26446659032208,0,0,0.800015991210937,1.63,0,-5399.904296875
100000000000000000000000,1,922625000,0,-50,2.00644687055442,0,0,0.800015991210937,1.63,0,-5399.904296875
100000000000000000000004,1,922625000,0,-46.5,3.62633058256166,0,0,0.800015991210937,1.63,0,-5399.904296875
100000000000000000000002,1,922625000,0,-45.5,4.25833066717054,0,0,0.800015991210937,1.63,0,-5399.904296875
100000000000000000000003,1,922625000,0,-47.5,2.63231103201176,0,0,0.800015991210937,1.63,0,-5399.904296875
100000000000000000000000,1,922625000,0,-49.5,1.98803910109979,0,0,0.800015991210937,1.63,0,-5399.904296875
100000000000000000000001,1,922625000,0,-49,3.2581751934691,0,0,0.800015991210937,1.63,0,-5399.904296875
100000000000000000000004,1,922625000,0,-46.5,3.63860242886474,0,0,0.800015991210937,1.63,0,-5399.904296875
100000000000000000000001,1,922625000,0,-49,3.28885480922681,0,0,0.800015991210937,1.63,0,-5399.904296875
100000000000000000000000,1,922625000,0,-49.5,1.99417502425133,0,0,0.800015991210937,1.63,0,-5399.904296875
100000000000000000000002,1,922625000,0,-45.5,4.23992289771591,0,0,0.800015991210937,1.63,0,-5399.904296875
100000000000000000000003,1,922625000,0,-47.5,2.62617510886022,0,0,0.800015991210937,1.63,0,-5399.904296875
100000000000000000000001,1,922625000,0,-49,3.2581751934691,0,0,0.800015991210937,1.63,0,-5399.904296875
100000000000000000000002,1,922625000,0,-45.5,4.24605882086745,0,0,0.800015991210937,1.63,0,-5399.904296875
100000000000000000000000,1,922625000,0,-49.5,1.98803910109979,0,0,0.800015991210937,1.63,0,-5399.904296875
100000000000000000000004,1,922625000,0,-46.5,3.66314612147091,0,0,0.800015991210937,1.63,0,-5399.904296875
100000000000000000000003,1,922625000,0,-47.5,2.6384469551633,0,0,0.800015991210937,1.63,0,-5399.904296875
100000000000000000000003,1,922625000,0,-47.5,2.62617510886022,0,0,0.800015991210937,1.63,0,-5399.904296875
100000000000000000000000,1,922625000,0,-50,2.00031094740288,0,0,0.800015991210937,1.63,0,-5399.904296875
100000000000000000000002,1,922625000,0,-45,4.24605882086745,0,0,0.800015991210937,1.63,0,-5399.904296875
100000000000000000000004,1,922625000,0,-47,3.6324665057132,0,0,0.800015991210937,1.63,0,-5399.904296875
100000000000000000000001,1,922625000,0,-49,3.26431111662064,0,0,0.800015991210937,1.63,0,-5399.904296875
100000000000000000000003,1,922625000,0,-47.5,2.64458287831485,0,0,0.800015991210937,1.63,0,-5399.904296875
100000000000000000000000,1,922625000,0,-50,2.00644687055442,0,0,0.800015991210937,1.63,0,-5399.904296875
100000000000000000000002,1,922625000,0,-45.5,4.252194744019,0,0,0.800015991210937,1.63,0,-5399.904296875
100000000000000000000004,1,922625000,0,-46.5,3.65087427516783,0,0,0.800015991210937,1.63,0,-5399.904296875
100000000000000000000001,1,922625000,0,-49,3.26431111662064,0,0,0.800015991210937,1.63,0,-5399.904296875
100000000000000000000003,1,922625000,0,-47.5,2.65071880146639,0,0,0.800015991210937,1.63,0,-5399.904296875
100000000000000000000001,1,922625000,0,-49,3.2581751934691,0,0,0.800015991210937,1.63,0,-5399.904296875
100000000000000000000004,1,922625000,0,-46.5,3.6324665057132,0,0,0.800015991210937,1.63,0,-5399.904296875
100000000000000000000000,1,922625000,0,-50,2.00644687055442,0,0,0.800015991210937,1.63,0,-5399.904296875
100000000000000000000002,1,922625000,0,-45,4.23992289771591,0,0,0.800015991210937,1.63,0,-5399.904296875
100000000000000000000004,1,922625000,0,-47,3.6324665057132,0,0,0.800015991210937,1.63,0,-5399.904296875
100000000000000000000003,1,922625000,0,-47.5,2.65071880146639,0,0,0.800015991210937,1.63,0,-5399.904296875
100000000000000000000000,1,922625000,0,-50,2.01258279370596,0,0,0.800015991210937,1.63,0,-5399.904296875
100000000000000000000001,1,922625000,0,-49,3.28271888607527,0,0,0.800015991210937,1.63,0,-5399.904296875
100000000000000000000002,1,922625000,0,-45.5,4.23992289771591,0,0,0.800015991210937,1.63,0,-5399.904296875
100000000000000000000002,1,922625000,0,-45.5,4.25833066717054,0,0,0.800015991210937,1.63,0,-5399.904296875
100000000000000000000004,1,922625000,0,-47,3.62019465941011,0,0,0.800015991210937,1.63,0,-5399.904296875
100000000000000000000001,1,922625000,0,-49,3.27658296292373,0,0,0.800015991210937,1.63,0,-5399.904296875
100000000000000000000000,1,922625000,0,-50,2.01258279370596,0,0,0.800015991210937,1.63,0,-5399.904296875
100000000000000000000003,1,922625000,0,-47.5,2.65071880146639,0,0,0.800015991210937,1.63,0,-5399.904296875
100000000000000000000003,1,922625000,0,-47.5,2.65071880146639,0,0,0.800015991210937,1.63,0,-5399.904296875
100000000000000000000000,1,922625000,0,-50,2.02485464000905,0,0,0.800015991210937,1.63,0,-5399.904296875
100000000000000000000002,1,922625000,0,-45.5,4.24605882086745,0,0,0.800015991210937,1.63,0,-5399.904296875
100000000000000000000001,1,922625000,0,-49,3.27658296292373,0,0,0.800015991210937,1.63,0,-5399.904296875
100000000000000000000004,1,922625000,0,-46.5,3.60792281310703,0,0,0.800015991210937,1.63,0,-5399.904296875
100000000000000000000000,1,922625000,0,-49.5,2.00644687055442,0,0,0.800015991210937,1.63,0,-5399.904296875
100000000000000000000004,1,922625000,0,-47,3.65087427516783,0,0,0.800015991210937,1.63,0,-5399.904296875
100000000000000000000002,1,922625000,0,-45.5,4.24605882086745,0,0,0.800015991210937,1.63,0,-5399.904296875
100000000000000000000001,1,922625000,0,-49,3.27044703977219,0,0,0.800015991210937,1.63,0,-5399.904296875
100000000000000000000003,1,922625000,0,-47.5,2.64458287831485,0,0,0.800015991210937,1.63,0,-5399.904296875
100000000000000000000001,1,922625000,0,-49,3.27044703977219,0,0,0.800015991210937,1.63,0,-5399.904296875
100000000000000000000004,1,922625000,0,-46.5,3.66314612147091,0,0,0.800015991210937,1.63,0,-5399.904296875
100000000000000000000000,1,922625000,0,-49.5,1.98190317794825,0,0,0.800015991210937,1.63,0,-5399.904296875
100000000000000000000003,1,922625000,0,-47.5,2.6384469551633,0,0,0.800015991210937,1.63,0,-5399.904296875
100000000000000000000002,1,922625000,0,-45.5,4.24605882086745,0,0,0.800015991210937,1.63,0,-5399.904296875
100000000000000000000000,1,922625000,0,-49.5,1.95122356219054,0,0,0.800015991210937,1.63,0,-5399.904296875
100000000000000000000004,1,922625000,0,-46.5,3.65701019831937,0,0,0.800015991210937,1.63,0,-5399.904296875
100000000000000000000002,1,922625000,0,-45,4.24605882086745,0,0,0.800015991210937,1.63,0,-5399.904296875
100000000000000000000001,1,922625000,0,-49,3.28271888607527,0,0,0.800015991210937,1.63,0,-5399.904296875
100000000000000000000003,1,922625000,0,-47.5,2.64458287831485,0,0,0.800015991210937,1.63,0,-5399.904296875
100000000000000000000001,1,922625000,0,-49,3.26431111662064,0,0,0.800015991210937,1.63,0,-5399.904296875
100000000000000000000004,1,922625000,0,-46.5,3.64473835201628,0,0,0.800015991210937,1.63,0,-5399.904296875
100000000000000000000000,1,922625000,0,-49.5,2.01258279370596,0,0,0.800015991210937,1.63,0,-5399.904296875
100000000000000000000002,1,922625000,0,-45.5,4.23378697456437,0,0,0.800015991210937,1.63,0,-5399.904296875
100000000000000000000003,1,922625000,0,-47.5,2.65685472461793,0,0,0.800015991210937,1.63,0,-5399.904296875
100000000000000000000004,1,922625000,0,-46.5,3.63860242886474,0,0,0.800015991210937,1.63,0,-5399.904296875
100000000000000000000001,1,922625000,0,-49,3.25203927031756,0,0,0.800015991210937,1.63,0,-5399.904296875
100000000000000000000002,1,922625000,0,-45.5,4.25833066717054,0,0,0.800015991210937,1.63,0,-5399.904296875
100000000000000000000000,1,922625000,0,-50,1.96963133164516,0,0,0.800015991210937,1.63,0,-5399.904296875
100000000000000000000003,1,922625000,0,-47.5,2.65071880146639,0,0,0.800015991210937,1.63,0,-5399.904296875
100000000000000000000001,1,922625000,0,-49,3.2581751934691,0,0,0.800015991210937,1.63,0,-5399.904296875
100000000000000000000002,1,922625000,0,-45,4.23378697456437,0,0,0.800015991210937,1.63,0,-5399.904296875
100000000000000000000004,1,922625000,0,-46.5,3.65701019831937,0,0,0.800015991210937,1.63,0,-5399.904296875
100000000000000000000000,1,922625000,0,-50,1.98803910109979,0,0,0.800015991210937,1.63,0,-5399.904296875
100000000000000000000003,1,922625000,0,-47.5,2.6384469551633,0,0,0.800015991210937,1.63,0,-5399.904296875
100000000000000000000001,1,922625000,0,-49,3.27044703977219,0,0,0.800015991210937,1.63,0,-5399.904296875
100000000000000000000000,1,922625000,0,-49.5,1.99417502425133,0,0,0.800015991210937,1.63,0,-5399.904296875
100000000000000000000003,1,922625000,0,-47.5,2.63231103201176,0,0,0.800015991210937,1.63,0,-5399.904296875
100000000000000000000002,1,922625000,0,-45,4.252194744019,0,0,0.800015991210937,1.63,0,-5399.904296875
100000000000000000000004,1,922625000,0,-46.5,3.63860242886474,0,0,0.800015991210937,1.63,0,-5399.904296875
100000000000000000000001,1,922625000,0,-49,3.23363150086293,0,0,0.800015991210937,1.63,0,-5399.904296875
100000000000000000000004,1,922625000,0,-46.5,3.6324665057132,0,0,0.800015991210937,1.63,0,-5399.904296875
100000000000000000000000,1,922625000,0,-50,1.96349540849362,0,0,0.800015991210937,1.63,0,-5399.904296875
100000000000000000000003,1,922625000,0,-47.5,2.65071880146639,0,0,0.800015991210937,1.63,0,-5399.904296875
100000000000000000000002,1,922625000,0,-45.5,4.24605882086745,0,0,0.800015991210937,1.63,0,-5399.904296875
100000000000000000000003,1,922625000,0,-47.5,2.64458287831485,0,0,0.800015991210937,1.63,0,-5399.904296875
100000000000000000000000,1,922625000,0,-49.5,1.98190317794825,0,0,0.800015991210937,1.63,0,-5399.904296875
100000000000000000000002,1,922625000,0,-45,4.24605882086745,0,0,0.800015991210937,1.63,0,-5399.904296875
100000000000000000000004,1,922625000,0,-47,3.64473835201628,0,0,0.800015991210937,1.63,0,-5399.904296875
100000000000000000000001,1,922625000,0,-49,3.23363150086293,0,0,0.800015991210937,1.63,0,-5399.904296875
100000000000000000000003,1,922625000,0,-47.5,2.67526249407256,0,0,0.800015991210937,1.63,0,-5399.904296875
100000000000000000000002,1,922625000,0,-45.5,4.25833066717054,0,0,0.800015991210937,1.63,0,-5399.904296875
100000000000000000000001,1,922625000,0,-49,3.28271888607527,0,0,0.800015991210937,1.63,0,-5399.904296875
100000000000000000000000,1,922625000,0,-50,2.01258279370596,0,0,0.800015991210937,1.63,0,-5399.904296875
100000000000000000000004,1,922625000,0,-47,3.64473835201628,0,0,0.800015991210937,1.63,0,-5399.904296875
100000000000000000000002,1,922625000,0,-45.5,4.252194744019,0,0,0.800015991210937,1.63,0,-5399.904296875
100000000000000000000000,1,922625000,0,-49.5,1.98190317794825,0,0,0.800015991210937,1.63,0,-5399.904296875
100000000000000000000004,1,922625000,0,-47,3.65087427516783,0,0,0.800015991210937,1.63,0,-5399.904296875
100000000000000000000003,1,922625000,0,-47.5,2.63231103201176,0,0,0.800015991210937,1.63,0,-5399.904296875
100000000000000000000001,1,922625000,0,-49,3.27044703977219,0,0,0.800015991210937,1.63,0,-5399.904296875
100000000000000000000002,1,922625000,0,-45.5,4.25833066717054,0,0,0.800015991210937,1.63,0,-5399.904296875
100000000000000000000004,1,922625000,0,-46.5,3.62633058256166,0,0,0.800015991210937,1.63,0,-5399.904296875
100000000000000000000001,1,922625000,0,-49,3.24590334716602,0,0,0.800015991210937,1.63,0,-5399.904296875
100000000000000000000003,1,922625000,0,-47.5,2.65685472461793,0,0,0.800015991210937,1.63,0,-5399.904296875
100000000000000000000000,1,922625000,0,-49.5,1.98803910109979,0,0,0.800015991210937,1.63,0,-5399.904296875
100000000000000000000002,1,922625000,0,-45.5,4.252194744019,0,0,0.800015991210937,1.63,0,-5399.904296875
100000000000000000000001,1,922625000,0,-49,3.27658296292373,0,0,0.800015991210937,1.63,0,-5399.904296875
100000000000000000000000,1,922625000,0,-50,2.00031094740288,0,0,0.800015991210937,1.63,0,-5399.904296875
100000000000000000000004,1,922625000,0,-46.5,3.6324665057132,0,0,0.800015991210937,1.63,0,-5399.904296875
100000000000000000000003,1,922625000,0,-47.5,2.66912657092102,0,0,0.800015991210937,1.63,0,-5399.904296875
100000000000000000000003,1,922625000,0,-47.5,2.66912657092102,0,0,0.800015991210937,1.63,0,-5399.904296875
100000000000000000000002,1,922625000,0,-45.5,4.25833066717054,0,0,0.800015991210937,1.63,0,-5399.904296875
100000000000000000000001,1,922625000,0,-49,3.27658296292373,0,0,0.800015991210937,1.63,0,-5399.904296875
100000000000000000000000,1,922625000,0,-49.5,2.01258279370596,0,0,0.800015991210937,1.63,0,-5399.904296875
100000000000000000000004,1,922625000,0,-46.5,3.63860242886474,0,0,0.800015991210937,1.63,0,-5399.904296875
100000000000000000000004,1,922625000,0,-46.5,3.62633058256166,0,0,0.800015991210937,1.63,0,-5399.904296875
100000000000000000000001,1,922625000,0,-49,3.26431111662064,0,0,0.800015991210937,1.63,0,-5399.904296875
100000000000000000000003,1,922625000,0,-47.5,2.64458287831485,0,0,0.800015991210937,1.63,0,-5399.904296875
100000000000000000000000,1,922625000,0,-49.5,1.98803910109979,0,0,0.800015991210937,1.63,0,-5399.904296875
100000000000000000000002,1,922625000,0,-45.5,4.23992289771591,0,0,0.800015991210937,1.63,0,-5399.904296875
100000000000000000000004,1,922625000,0,-46.5,3.66314612147091,0,0,0.800015991210937,1.63,0,-5399.904296875
100000000000000000000001,1,922625000,0,-49,3.27044703977219,0,0,0.800015991210937,1.63,0,-5399.904296875
100000000000000000000002,1,922625000,0,-45,4.23992289771591,0,0,0.800015991210937,1.63,0,-5399.904296875
100000000000000000000003,1,922625000,0,-47.5,2.65685472461793,0,0,0.800015991210937,1.63,0,-5399.904296875
100000000000000000000000,1,922625000,0,-50,2.03099056316059,0,0,0.800015991210937,1.63,0,-5399.904296875
100000000000000000000000,1,922625000,0,-49.5,1.99417502425133,0,0,0.800015991210937,1.63,0,-5399.904296875
100000000000000000000002,1,922625000,0,-45,4.26446659032208,0,0,0.800015991210937,1.63,0,-5399.904296875
100000000000000000000003,1,922625000,0,-47.5,2.65071880146639,0,0,0.800015991210937,1.63,0,-5399.904296875
100000000000000000000004,1,922625000,0,-46.5,3.64473835201628,0,0,0.800015991210937,1.63,0,-5399.904296875
100000000000000000000001,1,922625000,0,-49,3.24590334716602,0,0,0.800015991210937,1.63,0,-5399.904296875
100000000000000000000001,1,922625000,0,-49,3.24590334716602,0,0,0.800015991210937,1.63,0,-5399.904296875
100000000000000000000003,1,922625000,0,-47.5,2.65685472461793,0,0,0.800015991210937,1.63,0,-5399.904296875
100000000000000000000000,1,922625000,0,-49.5,1.96963133164516,0,0,0.800015991210937,1.63,0,-5399.904296875
100000000000000000000004,1,922625000,0,-46.5,3.62633058256166,0,0,0.800015991210937,1.63,0,-5399.904296875
100000000000000000000002,1,922625000,0,-45.5,4.23378697456437,0,0,0.800015991210937,1.63,0,-5399.904296875
100000000000000000000002,1,922625000,0,-45,4.25833066717054,0,0,0.800015991210937,1.63,0,-5399.904296875
100000000000000000000003,1,922625000,0,-47.5,2.66299064776947,0,0,0.800015991210937,1.63,0,-5399.904296875
100000000000000000000000,1,922625000,0,-50,2.0187187168575,0,0,0.800015991210937,1.63,0,-5399.904296875
100000000000000000000001,1,922625000,0,-49,3.2581751934691,0,0,0.800015991210937,1.63,0,-5399.904296875
100000000000000000000004,1,922625000,0,-47,3.63860242886474,0,0,0.800015991210937,1.63,0,-5399.904296875
100000000000000000000001,1,922625000,0,-49,3.27658296292373,0,0,0.800015991210937,1.63,0,-5399.904296875
100000000000000000000002,1,922625000,0,-45,4.252194744019,0,0,0.800015991210937,1.63,0,-5399.904296875
100000000000000000000004,1,922625000,0,-46.5,3.63860242886474,0,0,0.800015991210937,1.63,0,-5399.904296875
100000000000000000000003,1,922625000,0,-47.5,2.6384469551633,0,0,0.800015991210937,1.63,0,-5399.904296875
100000000000000000000000,1,922625000,0,-50,2.00644687055442,0,0,0.800015991210937,1.63,0,-5399.904296875
100000000000000000000002,1,922625000,0,-45,4.24605882086745,0,0,0.800015991210937,1.63,0,-5399.904296875
100000000000000000000003,1,922625000,0,-47.5,2.62003918570868,0,0,0.800015991210937,1.63,0,-5399.904296875
100000000000000000000004,1,922625000,0,-47,3.63860242886474,0,0,0.800015991210937,1.63,0,-5399.904296875
100000000000000000000001,1,922625000,0,-49,3.25203927031756,0,0,0.800015991210937,1.63,0,-5399.904296875
100000000000000000000000,1,922625000,0,-50,1.98190317794825,0,0,0.800015991210937,1.63,0,-5399.904296875
100000000000000000000004,1,922625000,0,-46.5,3.65701019831937,0,0,0.800015991210937,1.63,0,-5399.904296875
100000000000000000000001,1,922625000,0,-49,3.25203927031756,0,0,0.800015991210937,1.63,0,-5399.904296875
100000000000000000000002,1,922625000,0,-45.5,4.252194744019,0,0,0.800015991210937,1.63,0,-5399.904296875
100000000000000000000003,1,922625000,0,-47.5,2.6384469551633,0,0,0.800015991210937,1.63,0,-5399.904296875
100000000000000000000000,1,922625000,0,-50,1.98190317794825,0,0,0.800015991210937,1.63,0,-5399.904296875
100000000000000000000003,1,922625000,0,-47.5,2.65071880146639,0,0,0.800015991210937,1.63,0,-5399.904296875
100000000000000000000000,1,922625000,0,-50,2.00031094740288,0,0,0.800015991210937,1.63,0,-5399.904296875
100000000000000000000004,1,922625000,0,-47,3.64473835201628,0,0,0.800015991210937,1.63,0,-5399.904296875
100000000000000000000002,1,922625000,0,-45.5,4.24605882086745,0,0,0.800015991210937,1.63,0,-5399.904296875
100000000000000000000001,1,922625000,0,-49,3.26431111662064,0,0,0.800015991210937,1.63,0,-5399.904296875
100000000000000000000003,1,922625000,0,-47.5,2.63231103201176,0,0,0.800015991210937,1.63,0,-5399.904296875
100000000000000000000001,1,922625000,0,-49,3.23976742401447,0,0,0.800015991210937,1.63,0,-5399.904296875
100000000000000000000004,1,922625000,0,-46.5,3.65701019831937,0,0,0.800015991210937,1.63,0,-5399.904296875
100000000000000000000002,1,922625000,0,-45.5,4.23992289771591,0,0,0.800015991210937,1.63,0,-5399.904296875
100000000000000000000000,1,922625000,0,-49.5,1.98803910109979,0,0,0.800015991210937,1.63,0,-5399.904296875
100000000000000000000004,1,922625000,0,-46.5,3.62633058256166,0,0,0.800015991210937,1.63,0,-5399.904296875
100000000000000000000000,1,922625000,0,-49.5,1.96349540849362,0,0,0.800015991210937,1.63,0,-5399.904296875
100000000000000000000003,1,922625000,0,-47.5,2.6384469551633,0,0,0.800015991210937,1.63,0,-5399.904296875
100000000000000000000002,1,922625000,0,-45,4.252194744019,0,0,0.800015991210937,1.63,0,-5399.904296875
100000000000000000000001,1,922625000,0,-49,3.26431111662064,0,0,0.800015991210937,1.63,0,-5399.904296875
100000000000000000000001,1,922625000,0,-49,3.26431111662064,0,0,0.800015991210937,1.63,0,-5399.904296875
100000000000000000000004,1,922625000,0,-46.5,3.6324665057132,0,0,0.800015991210937,1.63,0,-5399.904296875
100000000000000000000003,1,922625000,0,-47.5,2.6384469551633,0,0,0.800015991210937,1.63,0,-5399.904296875
100000000000000000000002,1,922625000,0,-45,4.23992289771591,0,0,0.800015991210937,1.63,0,-5399.904296875
100000000000000000000000,1,922625000,0,-49.5,1.98190317794825,0,0,0.800015991210937,1.63,0,-5399.904296875
100000000000000000000002,1,922625000,0,-45,4.27060251347362,0,0,0.800015991210937,1.63,0,-5399.904296875
100000000000000000000003,1,922625000,0,-47.5,2.62617510886022,0,0,0.800015991210937,1.63,0,-5399.904296875
100000000000000000000001,1,922625000,0,-49,3.26431111662064,0,0,0.800015991210937,1.63,0,-5399.904296875
100000000000000000000004,1,923125000,0,-47,3.85949566232027,0,0,0.800015991210937,1.63,0,-5399.904296875
100000000000000000000000,1,923125000,0,-50,2.25188379661612,0,0,0.800015991210937,1.63,0,-5399.904296875
100000000000000000000003,1,923125000,0,-47.5,2.88388388122501,0,0,0.800015991210937,1.63,0,-5399.904296875
100000000000000000000004,1,923125000,0,-47,3.86563158547182,0,0,0.800015991210937,1.63,0,-5399.904296875
100000000000000000000002,1,923125000,0,-45,4.49149574692916,0,0,0.800015991210937,1.63,0,-5399.904296875
100000000000000000000000,1,923125000,0,-50,2.22120418085841,0,0,0.800015991210937,1.63,0,-5399.904296875
100000000000000000000001,1,923125000,0,-48.5,3.49134027322772,0,0,0.800015991210937,1.63,0,-5399.904296875
100000000000000000000000,1,923125000,0,-50,2.24574787346458,0,0,0.800015991210937,1.63,0,-5399.904296875
100000000000000000000002,1,923125000,0,-45,4.46695205432299,0,0,0.800015991210937,1.63,0,-5399.904296875
100000000000000000000003,1,923125000,0,-47,2.88388388122501,0,0,0.800015991210937,1.63,0,-5399.904296875
100000000000000000000001,1,923125000,0,-48.5,3.49747619637926,0,0,0.800015991210937,1.63,0,-5399.904296875
100000000000000000000004,1,923125000,0,-46.5,3.86563158547182,0,0,0.800015991210937,1.63,0,-5399.904296875
100000000000000000000003,1,923125000,0,-47.5,2.89001980437655,0,0,0.800015991210937,1.63,0,-5399.904296875
100000000000000000000002,1,923125000,0,-45,4.47308797747453,0,0,0.800015991210937,1.63,0,-5399.904296875
100000000000000000000004,1,923125000,0,-46.5,3.86563158547182,0,0,0.800015991210937,1.63,0,-5399.904296875
100000000000000000000001,1,923125000,0,-48.5,3.49747619637926,0,0,0.800015991210937,1.63,0,-5399.904296875
100000000000000000000000,1,923125000,0,-50,2.25801971976766,0,0,0.800015991210937,1.63,0,-5399.904296875
100000000000000000000002,1,923125000,0,-45,4.44854428486836,0,0,0.800015991210937,1.63,0,-5399.904296875
100000000000000000000004,1,923125000,0,-47,3.87176750862336,0,0,0.800015991210937,1.63,0,-5399.904296875
100000000000000000000000,1,923125000,0,-50,2.21506825770687,0,0,0.800015991210937,1.63,0,-5399.904296875
100000000000000000000001,1,923125000,0,-48.5,3.50974804268235,0,0,0.800015991210937,1.63,0,-5399.904296875
100000000000000000000003,1,923125000,0,-47.5,2.88388388122501,0,0,0.800015991210937,1.63,0,-5399.904296875
100000000000000000000002,1,923125000,0,-45.5,4.46695205432299,0,0,0.800015991210937,1.63,0,-5399.904296875
100000000000000000000000,1,923125000,0,-50,2.25801971976766,0,0,0.800015991210937,1.63,0,-5399.904296875
100000000000000000000004,1,923125000,0,-47,3.86563158547182,0,0,0.800015991210937,1.63,0,-5399.904296875
100000000000000000000003,1,923125000,0,-47.5,2.90229165067963,0,0,0.800015991210937,1.63,0,-5399.904296875
100000000000000000000001,1,923125000,0,-48.5,3.5036121195308,0,0,0.800015991210937,1.63,0,-5399.904296875
100000000000000000000000,1,923125000,0,-50,2.25801971976766,0,0,0.800015991210937,1.63,0,-5399.904296875
100000000000000000000004,1,923125000,0,-47,3.85335973916873,0,0,0.800015991210937,1.63,0,-5399.904296875
100000000000000000000003,1,923125000,0,-47.5,2.89001980437655,0,0,0.800015991210937,1.63,0,-5399.904296875
100000000000000000000002,1,923125000,0,-45,4.49149574692916,0,0,0.800015991210937,1.63,0,-5399.904296875
100000000000000000000001,1,923125000,0,-48.5,3.49134027322772,0,0,0.800015991210937,1.63,0,-5399.904296875
100000000000000000000002,1,923125000,0,-45,4.46081613117144,0,0,0.800015991210937,1.63,0,-5399.904296875
100000000000000000000004,1,923125000,0,-47,3.85335973916873,0,0,0.800015991210937,1.63,0,-5399.904296875
100000000000000000000001,1,923125000,0,-48.5,3.47906842692463,0,0,0.800015991210937,1.63,0,-5399.904296875
100000000000000000000003,1,923125000,0,-47.5,2.88388388122501,0,0,0.800015991210937,1.63,0,-5399.904296875
100000000000000000000000,1,923125000,0,-50,2.23961195031304,0,0,0.800015991210937,1.63,0,-5399.904296875
100000000000000000000002,1,923125000,0,-45.5,4.47308797747453,0,0,0.800015991210937,1.63,0,-5399.904296875
100000000000000000000001,1,923125000,0,-48.5,3.47293250377309,0,0,0.800015991210937,1.63,0,-5399.904296875
100000000000000000000000,1,923125000,0,-50,2.20279641140378,0,0,0.800015991210937,1.63,0,-5399.904296875
100000000000000000000004,1,923125000,0,-47,3.87176750862336,0,0,0.800015991210937,1.63,0,-5399.904296875
100000000000000000000003,1,923125000,0,-47.5,2.87161203492192,0,0,0.800015991210937,1.63,0,-5399.904296875
100000000000000000000001,1,923125000,0,-48.5,3.47906842692463,0,0,0.800015991210937,1.63,0,-5399.904296875
100000000000000000000003,1,923125000,0,-47.5,2.90229165067963,0,0,0.800015991210937,1.63,0,-5399.904296875
100000000000000000000002,1,923125000,0,-45,4.46695205432299,0,0,0.800015991210937,1.63,0,-5399.904296875
100000000000000000000004,1,923125000,0,-47,3.86563158547182,0,0,0.800015991210937,1.63,0,-5399.904296875
100000000000000000000000,1,923125000,0,-50,2.25188379661612,0,0,0.800015991210937,1.63,0,-5399.904296875
100000000000000000000000,1,923125000,0,-50,2.23347602716149,0,0,0.800015991210937,1.63,0,-5399.904296875
100000000000000000000003,1,923125000,0,-47.5,2.90229165067963,0,0,0.800015991210937,1.63,0,-5399.904296875
100000000000000000000001,1,923125000,0,-48.5,3.48520435007618,0,0,0.800015991210937,1.63,0,-5399.904296875
100000000000000000000002,1,923125000,0,-45,4.4546802080199,0,0,0.800015991210937,1.63,0,-5399.904296875
100000000000000000000004,1,923125000,0,-47,3.85335973916873,0,0,0.800015991210937,1.63,0,-5399.904296875
100000000000000000000003,1,923125000,0,-47.5,2.87774795807346,0,0,0.800015991210937,1.63,0,-5399.904296875
100000000000000000000001,1,923125000,0,-48.5,3.47293250377309,0,0,0.800015991210937,1.63,0,-5399.904296875
100000000000000000000002,1,923125000,0,-45,4.47308797747453,0,0,0.800015991210937,1.63,0,-5399.904296875
100000000000000000000000,1,923125000,0,-50,2.1905245651007,0,0,0.800015991210937,1.63,0,-5399.904296875
100000000000000000000004,1,923125000,0,-46.5,3.85949566232027,0,0,0.800015991210937,1.63,0,-5399.904296875
100000000000000000000000,1,923125000,0,-50,2.23347602716149,0,0,0.800015991210937,1.63,0,-5399.904296875
100000000000000000000002,1,923125000,0,-45,4.47922390062607,0,0,0.800015991210937,1.63,0,-5399.904296875
100000000000000000000004,1,923125000,0,-47,3.85949566232027,0,0,0.800015991210937,1.63,0,-5399.904296875
100000000000000000000001,1,923125000,0,-48.5,3.47906842692463,0,0,0.800015991210937,1.63,0,-5399.904296875
100000000000000000000003,1,923125000,0,-47.5,2.89615572752809,0,0,0.800015991210937,1.63,0,-5399.904296875
100000000000000000000003,1,923125000,0,-47.5,2.87774795807346,0,0,0.800015991210937,1.63,0,-5399.904296875
100000000000000000000004,1,923125000,0,-47,3.86563158547182,0,0,0.800015991210937,1.63,0,-5399.904296875
100000000000000000000000,1,923125000,0,-50,2.19666048825224,0,0,0.800015991210937,1.63,0,-5399.904296875
100000000000000000000002,1,923125000,0,-45.5,4.46695205432299,0,0,0.800015991210937,1.63,0,-5399.904296875
100000000000000000000001,1,923125000,0,-48.5,3.49134027322772,0,0,0.800015991210937,1.63,0,-5399.904296875
100000000000000000000002,1,923125000,0,-45,4.47308797747453,0,0,0.800015991210937,1.63,0,-5399.904296875
100000000000000000000003,1,923125000,0,-47.5,2.89001980437655,0,0,0.800015991210937,1.63,0,-5399.904296875
100000000000000000000001,1,923125000,0,-48.5,3.48520435007618,0,0,0.800015991210937,1.63,0,-5399.904296875
100000000000000000000004,1,923125000,0,-47,3.85335973916873,0,0,0.800015991210937,1.63,0,-5399.904296875
100000000000000000000000,1,923125000,0,-50,2.24574787346458,0,0,0.800015991210937,1.63,0,-5399.904296875
100000000000000000000002,1,923125000,0,-45,4.47308797747453,0,0,0.800015991210937,1.63,0,-5399.904296875
100000000000000000000004,1,923125000,0,-46.5,3.86563158547182,0,0,0.800015991210937,1.63,0,-5399.904296875
100000000000000000000001,1,923125000,0,-48.5,3.5036121195308,0,0,0.800015991210937,1.63,0,-5399.904296875
100000000000000000000000,1,923125000,0,-50,2.19666048825224,0,0,0.800015991210937,1.63,0,-5399.904296875
100000000000000000000003,1,923125000,0,-47.5,2.88388388122501,0,0,0.800015991210937,1.63,0,-5399.904296875
100000000000000000000002,1,923125000,0,-45,4.47922390062607,0,0,0.800015991210937,1.63,0,-5399.904296875
100000000000000000000003,1,923125000,0,-47.5,2.87774795807346,0,0,0.800015991210937,1.63,0,-5399.904296875
100000000000000000000004,1,923125000,0,-46.5,3.87176750862336,0,0,0.800015991210937,1.63,0,-5399.904296875
100000000000000000000000,1,923125000,0,-50,2.21506825770687,0,0,0.800015991210937,1.63,0,-5399.904296875
100000000000000000000001,1,923125000,0,-48.5,3.47906842692463,0,0,0.800015991210937,1.63,0,-5399.904296875
100000000000000000000000,1,923125000,0,-50,2.24574787346458,0,0,0.800015991210937,1.63,0,-5399.904296875
100000000000000000000003,1,923125000,0,-47.5,2.88388388122501,0,0,0.800015991210937,1.63,0,-5399.904296875
100000000000000000000001,1,923125000,0,-48.5,3.47906842692463,0,0,0.800015991210937,1.63,0,-5399.904296875
100000000000000000000002,1,923125000,0,-45,4.48535982377761,0,0,0.800015991210937,1.63,0,-5399.904296875
100000000000000000000004,1,923125000,0,-47,3.87176750862336,0,0,0.800015991210937,1.63,0,-5399.904296875
100000000000000000000001,1,923125000,0,-48.5,3.5036121195308,0,0,0.800015991210937,1.63,0,-5399.904296875
100000000000000000000004,1,923125000,0,-47,3.84108789286565,0,0,0.800015991210937,1.63,0,-5399.904296875
100000000000000000000003,1,923125000,0,-47.5,2.89001980437655,0,0,0.800015991210937,1.63,0,-5399.904296875
100000000000000000000000,1,923125000,0,-50,2.22120418085841,0,0,0.800015991210937,1.63,0,-5399.904296875
100000000000000000000002,1,923125000,0,-45,4.46695205432299,0,0,0.800015991210937,1.63,0,-5399.904296875
100000000000000000000003,1,923125000,0,-47.5,2.84093241916421,0,0,0.800015991210937,1.63,0,-5399.904296875
100000000000000000000002,1,923125000,0,-45,4.46695205432299,0,0,0.800015991210937,1.63,0,-5399.904296875
100000000000000000000001,1,923125000,0,-48.5,3.48520435007618,0,0,0.800015991210937,1.63,0,-5399.904296875
100000000000000000000000,1,923125000,0,-50,2.19666048825224,0,0,0.800015991210937,1.63,0,-5399.904296875
100000000000000000000004,1,923125000,0,-47,3.85949566232027,0,0,0.800015991210937,1.63,0,-5399.904296875
100000000000000000000000,1,923125000,0,-50,2.21506825770687,0,0,0.800015991210937,1.63,0,-5399.904296875
100000000000000000000002,1,923125000,0,-45,4.47922390062607,0,0,0.800015991210937,1.63,0,-5399.904296875
100000000000000000000003,1,923125000,0,-47.5,2.89615572752809,0,0,0.800015991210937,1.63,0,-5399.904296875
100000000000000000000001,1,923125000,0,-48.5,3.5036121195308,0,0,0.800015991210937,1.63,0,-5399.904296875
100000000000000000000004,1,923125000,0,-47,3.84108789286565,0,0,0.800015991210937,1.63,0,-5399.904296875
100000000000000000000001,1,923125000,0,-48.5,3.44838881116692,0,0,0.800015991210937,1.63,0,-5399.904296875
100000000000000000000004,1,923125000,0,-46.5,3.8349519697141,0,0,0.800015991210937,1.63,0,-5399.904296875
100000000000000000000000,1,923125000,0,-50,2.22734010400995,0,0,0.800015991210937,1.63,0,-5399.904296875
100000000000000000000003,1,923125000,0,-47.5,2.89001980437655,0,0,0.800015991210937,1.63,0,-5399.904296875
100000000000000000000002,1,923125000,0,-45,4.47922390062607,0,0,0.800015991210937,1.63,0,-5399.904296875
100000000000000000000004,1,923125000,0,-47,3.87176750862336,0,0,0.800015991210937,1.63,0,-5399.904296875
100000000000000000000003,1,923125000,0,-47.5,2.89615572752809,0,0,0.800015991210937,1.63,0,-5399.904296875
100000000000000000000000,1,923125000,0,-50,2.25188379661612,0,0,0.800015991210937,1.63,0,-5399.904296875
100000000000000000000002,1,923125000,0,-45,4.49149574692916,0,0,0.800015991210937,1.63,0,-5399.904296875
100000000000000000000001,1,923125000,0,-48.5,3.46679658062155,0,0,0.800015991210937,1.63,0,-5399.904296875
100000000000000000000004,1,923125000,0,-47,3.84108789286565,0,0,0.800015991210937,1.63,0,-5399.904296875
100000000000000000000001,1,923125000,0,-48.5,3.49134027322772,0,0,0.800015991210937,1.63,0,-5399.904296875
100000000000000000000002,1,923125000,0,-45,4.46695205432299,0,0,0.800015991210937,1.63,0,-5399.904296875
100000000000000000000003,1,923125000,0,-47.5,2.87774795807346,0,0,0.800015991210937,1.63,0,-5399.904296875
100000000000000000000000,1,923125000,0,-50,2.20279641140378,0,0,0.800015991210937,1.63,0,-5399.904296875
100000000000000000000003,1,923125000,0,-47.5,2.89001980437655,0,0,0.800015991210937,1.63,0,-5399.904296875
100000000000000000000002,1,923125000,0,-45,4.47308797747453,0,0,0.800015991210937,1.63,0,-5399.904296875
100000000000000000000000,1,923125000,0,-50,2.23961195031304,0,0,0.800015991210937,1.63,0,-5399.904296875
100000000000000000000004,1,923125000,0,-46.5,3.85335973916873,0,0,0.800015991210937,1.63,0,-5399.904296875
100000000000000000000001,1,923125000,0,-48.5,3.5036121195308,0,0,0.800015991210937,1.63,0,-5399.904296875
100000000000000000000003,1,923125000,0,-47.5,2.87774795807346,0,0,0.800015991210937,1.63,0,-5399.904296875
100000000000000000000004,1,923125000,0,-46.5,3.85949566232027,0,0,0.800015991210937,1.63,0,-5399.904296875
100000000000000000000002,1,923125000,0,-45,4.48535982377761,0,0,0.800015991210937,1.63,0,-5399.904296875
100000000000000000000000,1,923125000,0,-50,2.20279641140378,0,0,0.800015991210937,1.63,0,-5399.904296875
100000000000000000000001,1,923125000,0,-48.5,3.49134027322772,0,0,0.800015991210937,1.63,0,-5399.904296875
100000000000000000000000,1,923125000,0,-50,2.21506825770687,0,0,0.800015991210937,1.63,0,-5399.904296875
100000000000000000000003,1,923125000,0,-47.5,2.88388388122501,0,0,0.800015991210937,1.63,0,-5399.904296875
100000000000000000000001,1,923125000,0,-48.5,3.46066065747001,0,0,0.800015991210937,1.63,0,-5399.904296875
100000000000000000000002,1,923125000,0,-45,4.46081613117144,0,0,0.800015991210937,1.63,0,-5399.904296875
100000000000000000000004,1,923125000,0,-47,3.84108789286565,0,0,0.800015991210937,1.63,0,-5399.904296875
100000000000000000000001,1,923125000,0,-48.5,3.50974804268235,0,0,0.800015991210937,1.63,0,-5399.904296875
100000000000000000000004,1,923125000,0,-47,3.84722381601719,0,0,0.800015991210937,1.63,0,-5399.904296875
100000000000000000000000,1,923125000,0,-50,2.24574787346458,0,0,0.800015991210937,1.63,0,-5399.904296875
100000000000000000000003,1,923125000,0,-47.5,2.88388388122501,0,0,0.800015991210937,1.63,0,-5399.904296875
100000000000000000000002,1,923125000,0,-45,4.46695205432299,0,0,0.800015991210937,1.63,0,-5399.904296875
100000000000000000000004,1,923125000,0,-47,3.85335973916873,0,0,0.800015991210937,1.63,0,-5399.904296875
100000000000000000000002,1,923125000,0,-45,4.47308797747453,0,0,0.800015991210937,1.63,0,-5399.904296875
100000000000000000000001,1,923125000,0,-48.5,3.48520435007618,0,0,0.800015991210937,1.63,0,-5399.904296875
100000000000000000000000,1,923125000,0,-50,2.25188379661612,0,0,0.800015991210937,1.63,0,-5399.904296875
100000000000000000000003,1,923125000,0,-47.5,2.88388388122501,0,0,0.800015991210937,1.63,0,-5399.904296875
100000000000000000000004,1,923125000,0,-47,3.85949566232027,0,0,0.800015991210937,1.63,0,-5399.904296875
100000000000000000000000,1,923125000,0,-50,2.26415564291921,0,0,0.800015991210937,1.63,0,-5399.904296875
100000000000000000000002,1,923125000,0,-45.5,4.48535982377761,0,0,0.800015991210937,1.63,0,-5399.904296875
100000000000000000000001,1,923125000,0,-48.5,3.50974804268235,0,0,0.800015991210937,1.63,0,-5399.904296875
100000000000000000000003,1,923125000,0,-47.5,2.89001980437655,0,0,0.800015991210937,1.63,0,-5399.904296875
100000000000000000000002,1,923125000,0,-45,4.48535982377761,0,0,0.800015991210937,1.63,0,-5399.904296875
100000000000000000000004,1,923125000,0,-47,3.8779034317749,0,0,0.800015991210937,1.63,0,-5399.904296875
100000000000000000000001,1,923125000,0,-48.5,3.49747619637926,0,0,0.800015991210937,1.63,0,-5399.904296875
100000000000000000000003,1,923125000,0,-47.5,2.89615572752809,0,0,0.800015991210937,1.63,0,-5399.904296875
100000000000000000000000,1,923125000,0,-50,2.22734010400995,0,0,0.800015991210937,1.63,0,-5399.904296875
100000000000000000000002,1,923125000,0,-45,4.48535982377761,0,0,0.800015991210937,1.63,0,-5399.904296875
100000000000000000000003,1,923125000,0,-47.5,2.87774795807346,0,0,0.800015991210937,1.63,0,-5399.904296875
100000000000000000000004,1,923125000,0,-47,3.88403935492644,0,0,0.800015991210937,1.63,0,-5399.904296875
100000000000000000000001,1,923125000,0,-48.5,3.5036121195308,0,0,0.800015991210937,1.63,0,-5399.904296875
100000000000000000000000,1,923125000,0,-50,2.25801971976766,0,0,0.800015991210937,1.63,0,-5399.904296875
100000000000000000000000,1,923125000,0,-50,2.21506825770687,0,0,0.800015991210937,1.63,0,-5399.904296875
100000000000000000000003,1,923125000,0,-47.5,2.89001980437655,0,0,0.800015991210937,1.63,0,-5399.904296875
100000000000000000000002,1,923125000,0,-45,4.48535982377761,0,0,0.800015991210937,1.63,0,-5399.904296875
100000000000000000000004,1,923125000,0,-47,3.89017527807799,0,0,0.800015991210937,1.63,0,-5399.904296875
100000000000000000000001,1,923125000,0,-48.5,3.5036121195308,0,0,0.800015991210937,1.63,0,-5399.904296875
100000000000000000000000,1,923125000,0,-50,2.21506825770687,0,0,0.800015991210937,1.63,0,-5399.904296875
100000000000000000000004,1,923125000,0,-47,3.85335973916873,0,0,0.800015991210937,1.63,0,-5399.904296875
100000000000000000000003,1,923125000,0,-47.5,2.88388388122501,0,0,0.800015991210937,1.63,0,-5399.904296875
100000000000000000000001,1,923125000,0,-48.5,3.49747619637926,0,0,0.800015991210937,1.63,0,-5399.904296875
100000000000000000000002,1,923125000,0,-45,4.46695205432299,0,0,0.800015991210937,1.63,0,-5399.904296875
100000000000000000000004,1,923125000,0,-47,3.86563158547182,0,0,0.800015991210937,1.63,0,-5399.904296875
100000000000000000000002,1,923125000,0,-45,4.46081613117144,0,0,0.800015991210937,1.63,0,-5399.904296875
100000000000000000000000,1,923125000,0,-50,2.20893233455532,0,0,0.800015991210937,1.63,0,-5399.904296875
100000000000000000000003,1,923125000,0,-47.5,2.88388388122501,0,0,0.800015991210937,1.63,0,-5399.904296875
100000000000000000000001,1,923125000,0,-48.5,3.47293250377309,0,0,0.800015991210937,1.63,0,-5399.904296875
100000000000000000000001,1,923125000,0,-48.5,3.46679658062155,0,0,0.800015991210937,1.63,0,-5399.904296875
100000000000000000000003,1,923125000,0,-47.5,2.90229165067963,0,0,0.800015991210937,1.63,0,-5399.904296875
100000000000000000000002,1,923125000,0,-45,4.46695205432299,0,0,0.800015991210937,1.63,0,-5399.904296875
100000000000000000000004,1,923125000,0,-46.5,3.84722381601719,0,0,0.800015991210937,1.63,0,-5399.904296875
100000000000000000000000,1,923125000,0,-50,2.22120418085841,0,0,0.800015991210937,1.63,0,-5399.904296875
100000000000000000000004,1,923125000,0,-47,3.86563158547182,0,0,0.800015991210937,1.63,0,-5399.904296875
100000000000000000000003,1,923125000,0,-47.5,2.88388388122501,0,0,0.800015991210937,1.63,0,-5399.904296875
100000000000000000000002,1,923125000,0,-45,4.4546802080199,0,0,0.800015991210937,1.63,0,-5399.904296875
100000000000000000000001,1,923125000,0,-48.5,3.48520435007618,0,0,0.800015991210937,1.63,0,-5399.904296875
100000000000000000000000,1,923125000,0,-50,2.25801971976766,0,0,0.800015991210937,1.63,0,-5399.904296875
100000000000000000000000,1,923125000,0,-50,2.22120418085841,0,0,0.800015991210937,1.63,0,-5399.904296875
100000000000000000000004,1,923125000,0,-47,3.88403935492644,0,0,0.800015991210937,1.63,0,-5399.904296875
100000000000000000000002,1,923125000,0,-45,4.47308797747453,0,0,0.800015991210937,1.63,0,-5399.904296875
100000000000000000000001,1,923125000,0,-48.5,3.49134027322772,0,0,0.800015991210937,1.63,0,-5399.904296875
100000000000000000000003,1,923125000,0,-47.5,2.89001980437655,0,0,0.800015991210937,1.63,0,-5399.904296875
100000000000000000000001,1,923125000,0,-48.5,3.51588396583389,0,0,0.800015991210937,1.63,0,-5399.904296875
100000000000000000000004,1,923125000,0,-47,3.86563158547182,0,0,0.800015991210937,1.63,0,-5399.904296875
100000000000000000000000,1,923125000,0,-50,2.21506825770687,0,0,0.800015991210937,1.63,0,-5399.904296875
100000000000000000000002,1,923125000,0,-45,4.47922390062607,0,0,0.800015991210937,1.63,0,-5399.904296875
100000000000000000000003,1,923125000,0,-47.5,2.88388388122501,0,0,0.800015991210937,1.63,0,-5399.904296875
100000000000000000000004,1,923125000,0,-47,3.86563158547182,0,0,0.800015991210937,1.63,0,-5399.904296875
100000000000000000000000,1,923125000,0,-50,2.23347602716149,0,0,0.800015991210937,1.63,0,-5399.904296875
100000000000000000000001,1,923125000,0,-48.5,3.49134027322772,0,0,0.800015991210937,1.63,0,-5399.904296875
100000000000000000000003,1,923125000,0,-47.5,2.87774795807346,0,0,0.800015991210937,1.63,0,-5399.904296875
100000000000000000000002,1,923125000,0,-45,4.46695205432299,0,0,0.800015991210937,1.63,0,-5399.904296875
100000000000000000000003,1,923125000,0,-47.5,2.87774795807346,0,0,0.800015991210937,1.63,0,-5399.904296875
100000000000000000000000,1,923125000,0,-50,2.24574787346458,0,0,0.800015991210937,1.63,0,-5399.904296875
100000000000000000000004,1,923125000,0,-47,3.88403935492644,0,0,0.800015991210937,1.63,0,-5399.904296875
100000000000000000000001,1,923125000,0,-48.5,3.51588396583389,0,0,0.800015991210937,1.63,0,-5399.904296875
100000000000000000000002,1,923125000,0,-45,4.46081613117144,0,0,0.800015991210937,1.63,0,-5399.904296875
100000000000000000000003,1,923125000,0,-47.5,2.89615572752809,0,0,0.800015991210937,1.63,0,-5399.904296875
100000000000000000000002,1,923125000,0,-45,4.47308797747453,0,0,0.800015991210937,1.63,0,-5399.904296875
100000000000000000000000,1,923125000,0,-50,2.25188379661612,0,0,0.800015991210937,1.63,0,-5399.904296875
100000000000000000000004,1,923125000,0,-47,3.8779034317749,0,0,0.800015991210937,1.63,0,-5399.904296875
100000000000000000000001,1,923125000,0,-48.5,3.52201988898543,0,0,0.800015991210937,1.63,0,-5399.904296875
100000000000000000000000,1,923125000,0,-50,2.21506825770687,0,0,0.800015991210937,1.63,0,-5399.904296875
100000000000000000000003,1,923125000,0,-47.5,2.88388388122501,0,0,0.800015991210937,1.63,0,-5399.904296875
100000000000000000000004,1,923125000,0,-46.5,3.85949566232027,0,0,0.800015991210937,1.63,0,-5399.904296875
100000000000000000000001,1,923125000,0,-48.5,3.5036121195308,0,0,0.800015991210937,1.63,0,-5399.904296875
100000000000000000000002,1,923125000,0,-45,4.47308797747453,0,0,0.800015991210937,1.63,0,-5399.904296875
100000000000000000000002,1,923125000,0,-45,4.47922390062607,0,0,0.800015991210937,1.63,0,-5399.904296875
100000000000000000000001,1,923125000,0,-48.5,3.48520435007618,0,0,0.800015991210937,1.63,0,-5399.904296875
100000000000000000000000,1,923125000,0,-50,2.22120418085841,0,0,0.800015991210937,1.63,0,-5399.904296875
100000000000000000000004,1,923125000,0,-47,3.85335973916873,0,0,0.800015991210937,1.63,0,-5399.904296875
100000000000000000000003,1,923125000,0,-47.5,2.87774795807346,0,0,0.800015991210937,1.63,0,-5399.904296875
100000000000000000000002,1,923125000,0,-45,4.47308797747453,0,0,0.800015991210937,1.63,0,-5399.904296875
100000000000000000000003,1,923125000,0,-47.5,2.88388388122501,0,0,0.800015991210937,1.63,0,-5399.904296875
100000000000000000000000,1,923125000,0,-50,2.25801971976766,0,0,0.800015991210937,1.63,0,-5399.904296875
100000000000000000000001,1,923125000,0,-48.5,3.47293250377309,0,0,0.800015991210937,1.63,0,-5399.904296875
100000000000000000000004,1,923125000,0,-47,3.86563158547182,0,0,0.800015991210937,1.63,0,-5399.904296875
100000000000000000000000,1,923125000,0,-50,2.25188379661612,0,0,0.800015991210937,1.63,0,-5399.904296875
100000000000000000000001,1,923125000,0,-48.5,3.48520435007618,0,0,0.800015991210937,1.63,0,-5399.904296875
100000000000000000000002,1,923125000,0,-45,4.47922390062607,0,0,0.800015991210937,1.63,0,-5399.904296875
100000000000000000000004,1,923125000,0,-47,3.86563158547182,0,0,0.800015991210937,1.63,0,-5399.904296875
100000000000000000000003,1,923125000,0,-47.5,2.88388388122501,0,0,0.800015991210937,1.63,0,-5399.904296875
100000000000000000000004,1,923125000,0,-47,3.86563158547182,0,0,0.800015991210937,1.63,0,-5399.904296875
100000000000000000000003,1,923125000,0,-47.5,2.87774795807346,0,0,0.800015991210937,1.63,0,-5399.904296875
100000000000000000000001,1,923125000,0,-48.5,3.47906842692463,0,0,0.800015991210937,1.63,0,-5399.904296875
100000000000000000000002,1,923125000,0,-45,4.46081613117144,0,0,0.800015991210937,1.63,0,-5399.904296875
100000000000000000000000,1,923125000,0,-50,2.23347602716149,0,0,0.800015991210937,1.63,0,-5399.904296875
100000000000000000000000,1,923125000,0,-50,2.21506825770687,0,0,0.800015991210937,1.63,0,-5399.904296875
100000000000000000000004,1,923125000,0,-47,3.85949566232027,0,0,0.800015991210937,1.63,0,-5399.904296875
100000000000000000000003,1,923125000,0,-47.5,2.86547611177038,0,0,0.800015991210937,1.63,0,-5399.904296875
100000000000000000000002,1,923125000,0,-45,4.47308797747453,0,0,0.800015991210937,1.63,0,-5399.904296875
100000000000000000000001,1,923125000,0,-48.5,3.44838881116692,0,0,0.800015991210937,1.63,0,-5399.904296875
100000000000000000000002,1,923125000,0,-45,4.46081613117144,0,0,0.800015991210937,1.63,0,-5399.904296875
100000000000000000000004,1,923125000,0,-46.5,3.85335973916873,0,0,0.800015991210937,1.63,0,-5399.904296875
100000000000000000000000,1,923125000,0,-50,2.27029156607075,0,0,0.800015991210937,1.63,0,-5399.904296875
100000000000000000000001,1,923125000,0,-48.5,3.49747619637926,0,0,0.800015991210937,1.63,0,-5399.904296875
100000000000000000000003,1,923125000,0,-47.5,2.87161203492192,0,0,0.800015991210937,1.63,0,-5399.904296875
100000000000000000000001,1,923125000,0,-48.5,3.50974804268235,0,0,0.800015991210937,1.63,0,-5399.904296875
100000000000000000000003,1,923125000,0,-47.5,2.88388388122501,0,0,0.800015991210937,1.63,0,-5399.904296875
100000000000000000000004,1,923125000,0,-47,3.88403935492644,0,0,0.800015991210937,1.63,0,-5399.904296875
100000000000000000000002,1,923125000,0,-45,4.47308797747453,0,0,0.800015991210937,1.63,0,-5399.904296875
100000000000000000000000,1,923125000,0,-50,2.26415564291921,0,0,0.800015991210937,1.63,0,-5399.904296875
100000000000000000000001,1,923125000,0,-48.5,3.49134027322772,0,0,0.800015991210937,1.63,0,-5399.904296875
100000000000000000000003,1,923125000,0,-47.5,2.89001980437655,0,0,0.800015991210937,1.63,0,-5399.904296875
100000000000000000000004,1,923125000,0,-47,3.8779034317749,0,0,0.800015991210937,1.63,0,-5399.904296875
100000000000000000000000,1,923125000,0,-50,2.24574787346458,0,0,0.800015991210937,1.63,0,-5399.904296875
100000000000000000000002,1,923125000,0,-45.5,4.46695205432299,0,0,0.800015991210937,1.63,0,-5399.904296875
100000000000000000000001,1,923125000,0,-48.5,3.49747619637926,0,0,0.800015991210937,1.63,0,-5399.904296875
100000000000000000000004,1,923125000,0,-46.5,3.85949566232027,0,0,0.800015991210937,1.63,0,-5399.904296875
100000000000000000000000,1,923125000,0,-50,2.22120418085841,0,0,0.800015991210937,1.63,0,-5399.904296875
100000000000000000000002,1,923125000,0,-45,4.47922390062607,0,0,0.800015991210937,1.63,0,-5399.904296875
100000000000000000000003,1,923125000,0,-47,2.88388388122501,0,0,0.800015991210937,1.63,0,-5399.904296875
100000000000000000000000,1,923125000,0,-50,2.22734010400995,0,0,0.800015991210937,1.63,0,-5399.904296875
100000000000000000000004,1,923125000,0,-47,3.84722381601719,0,0,0.800015991210937,1.63,0,-5399.904296875
100000000000000000000002,1,923125000,0,-45,4.47308797747453,0,0,0.800015991210937,1.63,0,-5399.904296875
100000000000000000000003,1,923125000,0,-47.5,2.89001980437655,0,0,0.800015991210937,1.63,0,-5399.904296875
100000000000000000000001,1,923125000,0,-48.5,3.52201988898543,0,0,0.800015991210937,1.63,0,-5399.904296875
100000000000000000000001,1,923125000,0,-48.5,3.5036121195308,0,0,0.800015991210937,1.63,0,-5399.904296875
100000000000000000000004,1,923125000,0,-46.5,3.84722381601719,0,0,0.800015991210937,1.63,0,-5399.904296875
100000000000000000000003,1,923125000,0,-47.5,2.86547611177038,0,0,0.800015991210937,1.63,0,-5399.904296875
100000000000000000000000,1,923125000,0,-50,2.24574787346458,0,0,0.800015991210937,1.63,0,-5399.904296875
100000000000000000000002,1,923125000,0,-45,4.47308797747453,0,0,0.800015991210937,1.63,0,-5399.904296875
100000000000000000000002,1,923125000,0,-45,4.46695205432299,0,0,0.800015991210937,1.63,0,-5399.904296875
100000000000000000000003,1,923125000,0,-47.5,2.89001980437655,0,0,0.800015991210937,1.63,0,-5399.904296875
100000000000000000000000,1,923125000,0,-50,2.20279641140378,0,0,0.800015991210937,1.63,0,-5399.904296875
100000000000000000000004,1,923125000,0,-47,3.84108789286565,0,0,0.800015991210937,1.63,0,-5399.904296875
100000000000000000000001,1,923125000,0,-48.5,3.47906842692463,0,0,0.800015991210937,1.63,0,-5399.904296875
100000000000000000000001,1,923125000,0,-48.5,3.50974804268235,0,0,0.800015991210937,1.63,0,-5399.904296875
100000000000000000000003,1,923125000,0,-47.5,2.90229165067963,0,0,0.800015991210937,1.63,0,-5399.904296875
100000000000000000000002,1,923125000,0,-45,4.46695205432299,0,0,0.800015991210937,1.63,0,-5399.904296875
100000000000000000000004,1,923125000,0,-46.5,3.84722381601719,0,0,0.800015991210937,1.63,0,-5399.904296875
100000000000000000000000,1,923125000,0,-50,2.27029156607075,0,0,0.800015991210937,1.63,0,-5399.904296875
100000000000000000000004,1,923125000,0,-47,3.85335973916873,0,0,0.800015991210937,1.63,0,-5399.904296875
100000000000000000000002,1,923125000,0,-45.5,4.47308797747453,0,0,0.800015991210937,1.63,0,-5399.904296875
100000000000000000000001,1,923125000,0,-48.5,3.48520435007618,0,0,0.800015991210937,1.63,0,-5399.904296875
100000000000000000000000,1,923125000,0,-50,2.19666048825224,0,0,0.800015991210937,1.63,0,-5399.904296875
100000000000000000000003,1,923125000,0,-47,2.90229165067963,0,0,0.800015991210937,1.63,0,-5399.904296875
100000000000000000000001,1,923125000,0,-48.5,3.49747619637926,0,0,0.800015991210937,1.63,0,-5399.904296875
100000000000000000000004,1,923125000,0,-47,3.85949566232027,0,0,0.800015991210937,1.63,0,-5399.904296875
100000000000000000000003,1,923125000,0,-47.5,2.87774795807346,0,0,0.800015991210937,1.63,0,-5399.904296875
100000000000000000000000,1,923125000,0,-50,2.24574787346458,0,0,0.800015991210937,1.63,0,-5399.904296875
100000000000000000000002,1,923125000,0,-45,4.46695205432299,0,0,0.800015991210937,1.63,0,-5399.904296875
100000000000000000000004,1,923125000,0,-47,3.87176750862336,0,0,0.800015991210937,1.63,0,-5399.904296875
100000000000000000000003,1,923125000,0,-47.5,2.88388388122501,0,0,0.800015991210937,1.63,0,-5399.904296875
100000000000000000000001,1,923125000,0,-48.5,3.47293250377309,0,0,0.800015991210937,1.63,0,-5399.904296875
100000000000000000000002,1,923125000,0,-45,4.46081613117144,0,0,0.800015991210937,1.63,0,-5399.904296875
100000000000000000000000,1,923125000,0,-50,2.22120418085841,0,0,0.800015991210937,1.63,0,-5399.904296875
100000000000000000000000,1,923125000,0,-50,2.24574787346458,0,0,0.800015991210937,1.63,0,-5399.904296875
100000000000000000000004,1,923125000,0,-47,3.87176750862336,0,0,0.800015991210937,1.63,0,-5399.904296875
100000000000000000000001,1,923125000,0,-48.5,3.49747619637926,0,0,0.800015991210937,1.63,0,-5399.904296875
100000000000000000000002,1,923125000,0,-45,4.47308797747453,0,0,0.800015991210937,1.63,0,-5399.904296875
100000000000000000000003,1,923125000,0,-47.5,2.89001980437655,0,0,0.800015991210937,1.63,0,-5399.904296875
100000000000000000000002,1,923125000,0,-45,4.46695205432299,0,0,0.800015991210937,1.63,0,-5399.904296875
100000000000000000000004,1,923125000,0,-47,3.86563158547182,0,0,0.800015991210937,1.63,0,-5399.904296875
100000000000000000000001,1,923125000,0,-48.5,3.52201988898543,0,0,0.800015991210937,1.63,0,-5399.904296875
100000000000000000000000,1,923125000,0,-50,2.25188379661612,0,0,0.800015991210937,1.63,0,-5399.904296875
100000000000000000000003,1,923125000,0,-47.5,2.88388388122501,0,0,0.800015991210937,1.63,0,-5399.904296875
100000000000000000000002,1,923125000,0,-45,4.46081613117144,0,0,0.800015991210937,1.63,0,-5399.904296875
100000000000000000000001,1,923125000,0,-48.5,3.5036121195308,0,0,0.800015991210937,1.63,0,-5399.904296875
100000000000000000000003,1,923125000,0,-47.5,2.90229165067963,0,0,0.800015991210937,1.63,0,-5399.904296875
100000000000000000000004,1,923125000,0,-47,3.86563158547182,0,0,0.800015991210937,1.63,0,-5399.904296875
100000000000000000000000,1,923125000,0,-50,2.24574787346458,0,0,0.800015991210937,1.63,0,-5399.904296875
100000000000000000000002,1,923125000,0,-45,4.46695205432299,0,0,0.800015991210937,1.63,0,-5399.904296875
100000000000000000000000,1,923125000,0,-50,2.20893233455532,0,0,0.800015991210937,1.63,0,-5399.904296875
100000000000000000000001,1,923125000,0,-48.5,3.47906842692463,0,0,0.800015991210937,1.63,0,-5399.904296875
100000000000000000000004,1,923125000,0,-47,3.8779034317749,0,0,0.800015991210937,1.63,0,-5399.904296875
100000000000000000000003,1,923125000,0,-47.5,2.89615572752809,0,0,0.800015991210937,1.63,0,-5399.904296875
100000000000000000000001,1,923125000,0,-48.5,3.51588396583389,0,0,0.800015991210937,1.63,0,-5399.904296875
100000000000000000000002,1,923125000,0,-45,4.47922390062607,0,0,0.800015991210937,1.63,0,-5399.904296875
100000000000000000000000,1,923125000,0,-50,2.24574787346458,0,0,0.800015991210937,1.63,0,-5399.904296875
100000000000000000000003,1,923125000,0,-47.5,2.89001980437655,0,0,0.800015991210937,1.63,0,-5399.904296875
100000000000000000000004,1,923125000,0,-47,3.8779034317749,0,0,0.800015991210937,1.63,0,-5399.904296875
100000000000000000000002,1,923125000,0,-45,4.46695205432299,0,0,0.800015991210937,1.63,0,-5399.904296875
100000000000000000000003,1,923125000,0,-47.5,2.89001980437655,0,0,0.800015991210937,1.63,0,-5399.904296875
100000000000000000000001,1,923125000,0,-48.5,3.49134027322772,0,0,0.800015991210937,1.63,0,-5399.904296875
100000000000000000000000,1,923125000,0,-50,2.22734010400995,0,0,0.800015991210937,1.63,0,-5399.904296875
100000000000000000000004,1,923125000,0,-47,3.86563158547182,0,0,0.800015991210937,1.63,0,-5399.904296875
100000000000000000000004,1,923125000,0,-47,3.84108789286565,0,0,0.800015991210937,1.63,0,-5399.904296875
100000000000000000000001,1,923125000,0,-48.5,3.51588396583389,0,0,0.800015991210937,1.63,0,-5399.904296875
100000000000000000000002,1,923125000,0,-45.5,4.47922390062607,0,0,0.800015991210937,1.63,0,-5399.904296875
100000000000000000000000,1,923125000,0,-50,2.25801971976766,0,0,0.800015991210937,1.63,0,-5399.904296875
100000000000000000000003,1,923125000,0,-47.5,2.89001980437655,0,0,0.800015991210937,1.63,0,-5399.904296875
100000000000000000000004,1,923125000,0,-47,3.87176750862336,0,0,0.800015991210937,1.63,0,-5399.904296875
100000000000000000000001,1,923125000,0,-48.5,3.49747619637926,0,0,0.800015991210937,1.63,0,-5399.904296875
100000000000000000000002,1,923125000,0,-45,4.47308797747453,0,0,0.800015991210937,1.63,0,-5399.904296875
100000000000000000000000,1,923125000,0,-50,2.23961195031304,0,0,0.800015991210937,1.63,0,-5399.904296875
100000000000000000000003,1,923125000,0,-47.5,2.88388388122501,0,0,0.800015991210937,1.63,0,-5399.904296875
100000000000000000000004,1,923125000,0,-47,3.85949566232027,0,0,0.800015991210937,1.63,0,-5399.904296875
100000000000000000000000,1,923125000,0,-50,2.25188379661612,0,0,0.800015991210937,1.63,0,-5399.904296875
100000000000000000000001,1,923125000,0,-48.5,3.47906842692463,0,0,0.800015991210937,1.63,0,-5399.904296875
100000000000000000000003,1,923125000,0,-47.5,2.87161203492192,0,0,0.800015991210937,1.63,0,-5399.904296875
100000000000000000000002,1,923125000,0,-45,4.47308797747453,0,0,0.800015991210937,1.63,0,-5399.904296875
100000000000000000000003,1,923125000,0,-47.5,2.88388388122501,0,0,0.800015991210937,1.63,0,-5399.904296875
100000000000000000000002,1,923125000,0,-45,4.47922390062607,0,0,0.800015991210937,1.63,0,-5399.904296875
100000000000000000000001,1,923125000,0,-48.5,3.52201988898543,0,0,0.800015991210937,1.63,0,-5399.904296875
100000000000000000000004,1,923125000,0,-46.5,3.86563158547182,0,0,0.800015991210937,1.63,0,-5399.904296875
100000000000000000000000,1,923125000,0,-50,2.22120418085841,0,0,0.800015991210937,1.63,0,-5399.904296875
100000000000000000000004,1,923125000,0,-46.5,3.85949566232027,0,0,0.800015991210937,1.63,0,-5399.904296875
100000000000000000000002,1,923125000,0,-45,4.46081613117144,0,0,0.800015991210937,1.63,0,-5399.904296875
100000000000000000000000,1,923125000,0,-50,2.22734010400995,0,0,0.800015991210937,1.63,0,-5399.904296875
100000000000000000000003,1,923125000,0,-47.5,2.90229165067963,0,0,0.800015991210937,1.63,0,-5399.904296875
100000000000000000000001,1,923125000,0,-48.5,3.50974804268235,0,0,0.800015991210937,1.63,0,-5399.904296875
100000000000000000000002,1,923125000,0,-45,4.46081613117144,0,0,0.800015991210937,1.63,0,-5399.904296875
100000000000000000000003,1,923125000,0,-47.5,2.89615572752809,0,0,0.800015991210937,1.63,0,-5399.904296875
100000000000000000000001,1,923125000,0,-48.5,3.51588396583389,0,0,0.800015991210937,1.63,0,-5399.904296875
100000000000000000000004,1,923125000,0,-47,3.85335973916873,0,0,0.800015991210937,1.63,0,-5399.904296875
100000000000000000000000,1,923125000,0,-50,2.22734010400995,0,0,0.800015991210937,1.63,0,-5399.904296875
100000000000000000000001,1,923125000,0,-48.5,3.5036121195308,0,0,0.800015991210937,1.63,0,-5399.904296875
100000000000000000000003,1,923125000,0,-47.5,2.87774795807346,0,0,0.800015991210937,1.63,0,-5399.904296875
100000000000000000000002,1,923125000,0,-45,4.47922390062607,0,0,0.800015991210937,1.63,0,-5399.904296875
100000000000000000000000,1,923125000,0,-50,2.20893233455532,0,0,0.800015991210937,1.63,0,-5399.904296875
100000000000000000000004,1,923125000,0,-47,3.85949566232027,0,0,0.800015991210937,1.63,0,-5399.904296875
100000000000000000000003,1,923125000,0,-47.5,2.86547611177038,0,0,0.800015991210937,1.63,0,-5399.904296875
100000000000000000000001,1,923125000,0,-48.5,3.46679658062155,0,0,0.800015991210937,1.63,0,-5399.904296875
100000000000000000000002,1,923125000,0,-45,4.47922390062607,0,0,0.800015991210937,1.63,0,-5399.904296875
100000000000000000000004,1,923125000,0,-47,3.84722381601719,0,0,0.800015991210937,1.63,0,-5399.904296875
100000000000000000000000,1,923125000,0,-50,2.23961195031304,0,0,0.800015991210937,1.63,0,-5399.904296875
100000000000000000000001,1,923125000,0,-48.5,3.50974804268235,0,0,0.800015991210937,1.63,0,-5399.904296875
100000000000000000000000,1,923125000,0,-50,2.20893233455532,0,0,0.800015991210937,1.63,0,-5399.904296875
100000000000000000000004,1,923125000,0,-46.5,3.8779034317749,0,0,0.800015991210937,1.63,0,-5399.904296875
100000000000000000000003,1,923125000,0,-47.5,2.89001980437655,0,0,0.800015991210937,1.63,0,-5399.904296875
100000000000000000000002,1,923125000,0,-45,4.47308797747453,0,0,0.800015991210937,1.63,0,-5399.904296875
100000000000000000000001,1,923125000,0,-48.5,3.46679658062155,0,0,0.800015991210937,1.63,0,-5399.904296875
100000000000000000000003,1,923125000,0,-47.5,2.85934018861884,0,0,0.800015991210937,1.63,0,-5399.904296875
100000000000000000000000,1,923125000,0,-50,2.18438864194915,0,0,0.800015991210937,1.63,0,-5399.904296875
100000000000000000000002,1,923125000,0,-45,4.46081613117144,0,0,0.800015991210937,1.63,0,-5399.904296875
100000000000000000000004,1,923125000,0,-47,3.8779034317749,0,0,0.800015991210937,1.63,0,-5399.904296875
100000000000000000000001,1,923125000,0,-48.5,3.49134027322772,0,0,0.800015991210937,1.63,0,-5399.904296875
100000000000000000000000,1,923125000,0,-50,2.25188379661612,0,0,0.800015991210937,1.63,0,-5399.904296875
100000000000000000000004,1,923125000,0,-47,3.85949566232027,0,0,0.800015991210937,1.63,0,-5399.904296875
100000000000000000000002,1,923125000,0,-45.5,4.46695205432299,0,0,0.800015991210937,1.63,0,-5399.904296875
100000000000000000000003,1,923125000,0,-47.5,2.85320426546729,0,0,0.800015991210937,1.63,0,-5399.904296875
100000000000000000000001,1,923125000,0,-48.5,3.47293250377309,0,0,0.800015991210937,1.63,0,-5399.904296875
100000000000000000000002,1,923125000,0,-45,4.47308797747453,0,0,0.800015991210937,1.63,0,-5399.904296875
100000000000000000000004,1,923125000,0,-47,3.85949566232027,0,0,0.800015991210937,1.63,0,-5399.904296875
100000000000000000000000,1,923125000,0,-50,2.24574787346458,0,0,0.800015991210937,1.63,0,-5399.904296875
100000000000000000000003,1,923125000,0,-47.5,2.87774795807346,0,0,0.800015991210937,1.63,0,-5399.904296875
100000000000000000000002,1,923125000,0,-45,4.47308797747453,0,0,0.800015991210937,1.63,0,-5399.904296875
100000000000000000000003,1,923125000,0,-47,2.86547611177038,0,0,0.800015991210937,1.63,0,-5399.904296875
100000000000000000000000,1,923125000,0,-50,2.23961195031304,0,0,0.800015991210937,1.63,0,-5399.904296875
100000000000000000000004,1,923125000,0,-47,3.85335973916873,0,0,0.800015991210937,1.63,0,-5399.904296875
100000000000000000000001,1,923125000,0,-48.5,3.52815581213697,0,0,0.800015991210937,1.63,0,-5399.904296875
100000000000000000000000,1,923125000,0,-50,2.25188379661612,0,0,0.800015991210937,1.63,0,-5399.904296875
100000000000000000000002,1,923125000,0,-45,4.47922390062607,0,0,0.800015991210937,1.63,0,-5399.904296875
100000000000000000000003,1,923125000,0,-47.5,2.87774795807346,0,0,0.800015991210937,1.63,0,-5399.904296875
100000000000000000000001,1,923125000,0,-48.5,3.48520435007618,0,0,0.800015991210937,1.63,0,-5399.904296875
100000000000000000000004,1,923125000,0,-46.5,3.85949566232027,0,0,0.800015991210937,1.63,0,-5399.904296875
100000000000000000000000,1,923125000,0,-50,2.22120418085841,0,0,0.800015991210937,1.63,0,-5399.904296875
100000000000000000000001,1,923125000,0,-48.5,3.48520435007618,0,0,0.800015991210937,1.63,0,-5399.904296875
100000000000000000000003,1,923125000,0,-47.5,2.85934018861884,0,0,0.800015991210937,1.63,0,-5399.904296875
100000000000000000000002,1,923125000,0,-45.5,4.48535982377761,0,0,0.800015991210937,1.63,0,-5399.904296875
100000000000000000000004,1,923125000,0,-46.5,3.86563158547182,0,0,0.800015991210937,1.63,0,-5399.904296875
100000000000000000000001,1,923125000,0,-48.5,3.49747619637926,0,0,0.800015991210937,1.63,0,-5399.904296875
100000000000000000000003,1,923125000,0,-47.5,2.88388388122501,0,0,0.800015991210937,1.63,0,-5399.904296875
100000000000000000000004,1,923125000,0,-47,3.84722381601719,0,0,0.800015991210937,1.63,0,-5399.904296875
100000000000000000000000,1,923125000,0,-50,2.23347602716149,0,0,0.800015991210937,1.63,0,-5399.904296875
100000000000000000000002,1,923125000,0,-45,4.47922390062607,0,0,0.800015991210937,1.63,0,-5399.904296875
100000000000000000000000,1,923125000,0,-50,2.21506825770687,0,0,0.800015991210937,1.63,0,-5399.904296875
100000000000000000000003,1,923125000,0,-47.5,2.85320426546729,0,0,0.800015991210937,1.63,0,-5399.904296875
100000000000000000000001,1,923125000,0,-48.5,3.46679658062155,0,0,0.800015991210937,1.63,0,-5399.904296875
100000000000000000000002,1,923125000,0,-45,4.48535982377761,0,0,0.800015991210937,1.63,0,-5399.904296875
100000000000000000000004,1,923125000,0,-47,3.87176750862336,0,0,0.800015991210937,1.63,0,-5399.904296875
100000000000000000000003,1,923125000,0,-47.5,2.88388388122501,0,0,0.800015991210937,1.63,0,-5399.904296875
100000000000000000000002,1,923125000,0,-45,4.46695205432299,0,0,0.800015991210937,1.63,0,-5399.904296875
100000000000000000000000,1,923125000,0,-50,2.26415564291921,0,0,0.800015991210937,1.63,0,-5399.904296875
100000000000000000000004,1,923125000,0,-47,3.89017527807799,0,0,0.800015991210937,1.63,0,-5399.904296875
100000000000000000000001,1,923125000,0,-48.5,3.49134027322772,0,0,0.800015991210937,1.63,0,-5399.904296875
100000000000000000000001,1,923125000,0,-48.5,3.47293250377309,0,0,0.800015991210937,1.63,0,-5399.904296875
100000000000000000000004,1,923125000,0,-47,3.85335973916873,0,0,0.800015991210937,1.63,0,-5399.904296875
100000000000000000000000,1,923125000,0,-50,2.23961195031304,0,0,0.800015991210937,1.63,0,-5399.904296875
100000000000000000000002,1,923125000,0,-45.5,4.48535982377761,0,0,0.800015991210937,1.63,0,-5399.904296875
100000000000000000000003,1,923125000,0,-47.5,2.88388388122501,0,0,0.800015991210937,1.63,0,-5399.904296875
100000000000000000000002,1,923125000,0,-45,4.47308797747453,0,0,0.800015991210937,1.63,0,-5399.904296875
100000000000000000000001,1,923125000,0,-48.5,3.48520435007618,0,0,0.800015991210937,1.63,0,-5399.904296875
100000000000000000000004,1,923125000,0,-47,3.86563158547182,0,0,0.800015991210937,1.63,0,-5399.904296875
100000000000000000000003,1,923125000,0,-47.5,2.86547611177038,0,0,0.800015991210937,1.63,0,-5399.904296875
100000000000000000000000,1,923125000,0,-50,2.23961195031304,0,0,0.800015991210937,1.63,0,-5399.904296875
100000000000000000000003,1,923125000,0,-47.5,2.85934018861884,0,0,0.800015991210937,1.63,0,-5399.904296875
100000000000000000000004,1,923125000,0,-47,3.87176750862336,0,0,0.800015991210937,1.63,0,-5399.904296875
100000000000000000000002,1,923125000,0,-45.5,4.46695205432299,0,0,0.800015991210937,1.63,0,-5399.904296875
100000000000000000000001,1,923125000,0,-48.5,3.5036121195308,0,0,0.800015991210937,1.63,0,-5399.904296875
100000000000000000000000,1,923125000,0,-50,2.25188379661612,0,0,0.800015991210937,1.63,0,-5399.904296875
100000000000000000000003,1,923125000,0,-47.5,2.87161203492192,0,0,0.800015991210937,1.63,0,-5399.904296875
100000000000000000000000,1,923125000,0,-50,2.25188379661612,0,0,0.800015991210937,1.63,0,-5399.904296875
100000000000000000000002,1,923125000,0,-45,4.47922390062607,0,0,0.800015991210937,1.63,0,-5399.904296875
100000000000000000000004,1,923125000,0,-47,3.86563158547182,0,0,0.800015991210937,1.63,0,-5399.904296875
100000000000000000000001,1,923125000,0,-48.5,3.51588396583389,0,0,0.800015991210937,1.63,0,-5399.904296875
100000000000000000000004,1,923125000,0,-47,3.8779034317749,0,0,0.800015991210937,1.63,0,-5399.904296875
100000000000000000000002,1,923125000,0,-45,4.46695205432299,0,0,0.800015991210937,1.63,0,-5399.904296875
100000000000000000000001,1,923125000,0,-48.5,3.47906842692463,0,0,0.800015991210937,1.63,0,-5399.904296875
100000000000000000000000,1,923125000,0,-50,2.22120418085841,0,0,0.800015991210937,1.63,0,-5399.904296875
100000000000000000000003,1,923125000,0,-47.5,2.87161203492192,0,0,0.800015991210937,1.63,0,-5399.904296875
100000000000000000000004,1,923125000,0,-47,3.85949566232027,0,0,0.800015991210937,1.63,0,-5399.904296875
100000000000000000000002,1,923125000,0,-45.5,4.47922390062607,0,0,0.800015991210937,1.63,0,-5399.904296875
100000000000000000000001,1,923125000,0,-48.5,3.49134027322772,0,0,0.800015991210937,1.63,0,-5399.904296875
100000000000000000000000,1,923125000,0,-50,2.21506825770687,0,0,0.800015991210937,1.63,0,-5399.904296875
100000000000000000000003,1,923125000,0,-47.5,2.89615572752809,0,0,0.800015991210937,1.63,0,-5399.904296875
100000000000000000000003,1,923125000,0,-47.5,2.86547611177038,0,0,0.800015991210937,1.63,0,-5399.904296875
100000000000000000000004,1,923125000,0,-47,3.85335973916873,0,0,0.800015991210937,1.63,0,-5399.904296875
100000000000000000000000,1,923125000,0,-50,2.22120418085841,0,0,0.800015991210937,1.63,0,-5399.904296875
100000000000000000000001,1,923125000,0,-48.5,3.49747619637926,0,0,0.800015991210937,1.63,0,-5399.904296875
100000000000000000000002,1,923125000,0,-45,4.46695205432299,0,0,0.800015991210937,1.63,0,-5399.904296875
100000000000000000000003,1,923125000,0,-47.5,2.89001980437655,0,0,0.800015991210937,1.63,0,-5399.904296875
100000000000000000000000,1,923125000,0,-50,2.20279641140378,0,0,0.800015991210937,1.63,0,-5399.904296875
100000000000000000000002,1,923125000,0,-45.5,4.47308797747453,0,0,0.800015991210937,1.63,0,-5399.904296875
100000000000000000000004,1,923125000,0,-47,3.86563158547182,0,0,0.800015991210937,1.63,0,-5399.904296875
100000000000000000000001,1,923125000,0,-48.5,3.5036121195308,0,0,0.800015991210937,1.63,0,-5399.904296875
100000000000000000000000,1,923125000,0,-50,2.22734010400995,0,0,0.800015991210937,1.63,0,-5399.904296875
100000000000000000000002,1,923125000,0,-45,4.46695205432299,0,0,0.800015991210937,1.63,0,-5399.904296875
100000000000000000000003,1,923125000,0,-47.5,2.87161203492192,0,0,0.800015991210937,1.63,0,-5399.904296875
100000000000000000000004,1,923125000,0,-47,3.85335973916873,0,0,0.800015991210937,1.63,0,-5399.904296875
100000000000000000000001,1,923125000,0,-48.5,3.49747619637926,0,0,0.800015991210937,1.63,0,-5399.904296875
100000000000000000000002,1,923125000,0,-45,4.47922390062607,0,0,0.800015991210937,1.63,0,-5399.904296875
100000000000000000000000,1,923125000,0,-50,2.23961195031304,0,0,0.800015991210937,1.63,0,-5399.904296875
100000000000000000000001,1,923125000,0,-48.5,3.48520435007618,0,0,0.800015991210937,1.63,0,-5399.904296875
100000000000000000000004,1,923125000,0,-47,3.8779034317749,0,0,0.800015991210937,1.63,0,-5399.904296875
100000000000000000000003,1,923125000,0,-47.5,2.88388388122501,0,0,0.800015991210937,1.63,0,-5399.904296875
100000000000000000000001,1,923125000,0,-48.5,3.46066065747001,0,0,0.800015991210937,1.63,0,-5399.904296875
100000000000000000000000,1,923125000,0,-50,2.27029156607075,0,0,0.800015991210937,1.63,0,-5399.904296875
100000000000000000000003,1,923125000,0,-47.5,2.84706834231575,0,0,0.800015991210937,1.63,0,-5399.904296875
100000000000000000000004,1,923125000,0,-47,3.87176750862336,0,0,0.800015991210937,1.63,0,-5399.904296875
100000000000000000000002,1,923125000,0,-45,4.46081613117144,0,0,0.800015991210937,1.63,0,-5399.904296875
100000000000000000000004,1,923125000,0,-47,3.8779034317749,0,0,0.800015991210937,1.63,0,-5399.904296875
100000000000000000000002,1,923125000,0,-45.5,4.47922390062607,0,0,0.800015991210937,1.63,0,-5399.904296875
100000000000000000000000,1,923125000,0,-50,2.23961195031304,0,0,0.800015991210937,1.63,0,-5399.904296875
100000000000000000000003,1,923125000,0,-47.5,2.89001980437655,0,0,0.800015991210937,1.63,0,-5399.904296875
100000000000000000000001,1,923125000,0,-48.5,3.47906842692463,0,0,0.800015991210937,1.63,0,-5399.904296875
100000000000000000000002,1,923125000,0,-45.5,4.48535982377761,0,0,0.800015991210937,1.63,0,-5399.904296875
100000000000000000000004,1,923125000,0,-47,3.85949566232027,0,0,0.800015991210937,1.63,0,-5399.904296875
100000000000000000000001,1,923125000,0,-48.5,3.47906842692463,0,0,0.800015991210937,1.63,0,-5399.904296875
100000000000000000000000,1,923125000,0,-50,2.24574787346458,0,0,0.800015991210937,1.63,0,-5399.904296875
100000000000000000000003,1,923125000,0,-47.5,2.87161203492192,0,0,0.800015991210937,1.63,0,-5399.904296875
100000000000000000000000,1,923125000,0,-50,2.20893233455532,0,0,0.800015991210937,1.63,0,-5399.904296875
100000000000000000000004,1,923125000,0,-47,3.86563158547182,0,0,0.800015991210937,1.63,0,-5399.904296875
100000000000000000000002,1,923125000,0,-45.5,4.47922390062607,0,0,0.800015991210937,1.63,0,-5399.904296875
100000000000000000000003,1,923125000,0,-47.5,2.87161203492192,0,0,0.800015991210937,1.63,0,-5399.904296875
100000000000000000000001,1,923125000,0,-48.5,3.49747619637926,0,0,0.800015991210937,1.63,0,-5399.904296875
100000000000000000000004,1,923125000,0,-47,3.85335973916873,0,0,0.800015991210937,1.63,0,-5399.904296875
100000000000000000000002,1,923125000,0,-45,4.48535982377761,0,0,0.800015991210937,1.63,0,-5399.904296875
100000000000000000000001,1,923125000,0,-48.5,3.49134027322772,0,0,0.800015991210937,1.63,0,-5399.904296875
100000000000000000000000,1,923125000,0,-50,2.23961195031304,0,0,0.800015991210937,1.63,0,-5399.904296875
100000000000000000000003,1,923125000,0,-47.5,2.85934018861884,0,0,0.800015991210937,1.63,0,-5399.904296875
100000000000000000000003,1,923125000,0,-47.5,2.85320426546729,0,0,0.800015991210937,1.63,0,-5399.904296875
100000000000000000000002,1,923125000,0,-45,4.48535982377761,0,0,0.800015991210937,1.63,0,-5399.904296875
100000000000000000000004,1,923125000,0,-47,3.8349519697141,0,0,0.800015991210937,1.63,0,-5399.904296875
100000000000000000000000,1,923125000,0,-50,2.22120418085841,0,0,0.800015991210937,1.63,0,-5399.904296875
100000000000000000000001,1,923125000,0,-48.5,3.5036121195308,0,0,0.800015991210937,1.63,0,-5399.904296875
100000000000000000000003,1,923125000,0,-47.5,2.89615572752809,0,0,0.800015991210937,1.63,0,-5399.904296875
100000000000000000000002,1,923125000,0,-45,4.48535982377761,0,0,0.800015991210937,1.63,0,-5399.904296875
100000000000000000000004,1,923125000,0,-47,3.86563158547182,0,0,0.800015991210937,1.63,0,-5399.904296875
100000000000000000000001,1,923125000,0,-48.5,3.47293250377309,0,0,0.800015991210937,1.63,0,-5399.904296875
100000000000000000000000,1,923125000,0,-50,2.22734010400995,0,0,0.800015991210937,1.63,0,-5399.904296875
100000000000000000000000,1,923125000,0,-50,2.23961195031304,0,0,0.800015991210937,1.63,0,-5399.904296875
100000000000000000000002,1,923125000,0,-45,4.48535982377761,0,0,0.800015991210937,1.63,0,-5399.904296875
100000000000000000000004,1,923125000,0,-47,3.84108789286565,0,0,0.800015991210937,1.63,0,-5399.904296875
100000000000000000000001,1,923125000,0,-48.5,3.47293250377309,0,0,0.800015991210937,1.63,0,-5399.904296875
100000000000000000000003,1,923125000,0,-47.5,2.86547611177038,0,0,0.800015991210937,1.63,0,-5399.904296875
100000000000000000000004,1,923125000,0,-47,3.85949566232027,0,0,0.800015991210937,1.63,0,-5399.904296875
100000000000000000000002,1,923125000,0,-45,4.47308797747453,0,0,0.800015991210937,1.63,0,-5399.904296875
100000000000000000000001,1,923125000,0,-48.5,3.47906842692463,0,0,0.800015991210937,1.63,0,-5399.904296875
100000000000000000000000,1,923125000,0,-50,2.25188379661612,0,0,0.800015991210937,1.63,0,-5399.904296875
100000000000000000000003,1,923125000,0,-47.5,2.88388388122501,0,0,0.800015991210937,1.63,0,-5399.904296875
100000000000000000000004,1,923125000,0,-47,3.85949566232027,0,0,0.800015991210937,1.63,0,-5399.904296875
100000000000000000000002,1,923125000,0,-45.5,4.47922390062607,0,0,0.800015991210937,1.63,0,-5399.904296875
100000000000000000000003,1,923125000,0,-47.5,2.87774795807346,0,0,0.800015991210937,1.63,0,-5399.904296875
100000000000000000000001,1,923125000,0,-48.5,3.49134027322772,0,0,0.800015991210937,1.63,0,-5399.904296875
100000000000000000000000,1,923125000,0,-50,2.18438864194915,0,0,0.800015991210937,1.63,0,-5399.904296875
100000000000000000000001,1,923125000,0,-48.5,3.47906842692463,0,0,0.800015991210937,1.63,0,-5399.904296875
100000000000000000000004,1,923125000,0,-47,3.8779034317749,0,0,0.800015991210937,1.63,0,-5399.904296875
100000000000000000000002,1,923125000,0,-45,4.47308797747453,0,0,0.800015991210937,1.63,0,-5399.904296875
100000000000000000000000,1,923125000,0,-50,2.24574787346458,0,0,0.800015991210937,1.63,0,-5399.904296875
100000000000000000000003,1,923125000,0,-47.5,2.85320426546729,0,0,0.800015991210937,1.63,0,-5399.904296875
100000000000000000000004,1,923125000,0,-47,3.88403935492644,0,0,0.800015991210937,1.63,0,-5399.904296875
100000000000000000000003,1,923125000,0,-47.5,2.85320426546729,0,0,0.800015991210937,1.63,0,-5399.904296875
100000000000000000000000,1,923125000,0,-50,2.25188379661612,0,0,0.800015991210937,1.63,0,-5399.904296875
100000000000000000000002,1,923125000,0,-45,4.48535982377761,0,0,0.800015991210937,1.63,0,-5399.904296875
100000000000000000000001,1,923125000,0,-48.5,3.48520435007618,0,0,0.800015991210937,1.63,0,-5399.904296875
100000000000000000000004,1,923125000,0,-47,3.85335973916873,0,0,0.800015991210937,1.63,0,-5399.904296875
100000000000000000000003,1,923125000,0,-47.5,2.87161203492192,0,0,0.800015991210937,1.63,0,-5399.904296875
100000000000000000000002,1,923125000,0,-45,4.47308797747453,0,0,0.800015991210937,1.63,0,-5399.904296875
100000000000000000000000,1,923125000,0,-50,2.24574787346458,0,0,0.800015991210937,1.63,0,-5399.904296875
100000000000000000000001,1,923125000,0,-48.5,3.46066065747001,0,0,0.800015991210937,1.63,0,-5399.904296875
100000000000000000000004,1,923125000,0,-47,3.8779034317749,0,0,0.800015991210937,1.63,0,-5399.904296875
100000000000000000000001,1,923125000,0,-48.5,3.49134027322772,0,0,0.800015991210937,1.63,0,-5399.904296875
100000000000000000000000,1,923125000,0,-50,2.25801971976766,0,0,0.800015991210937,1.63,0,-5399.904296875
100000000000000000000003,1,923125000,0,-47.5,2.86547611177038,0,0,0.800015991210937,1.63,0,-5399.904296875
100000000000000000000002,1,923125000,0,-45,4.49149574692916,0,0,0.800015991210937,1.63,0,-5399.904296875
100000000000000000000003,1,923125000,0,-47.5,2.85320426546729,0,0,0.800015991210937,1.63,0,-5399.904296875
100000000000000000000000,1,923125000,0,-50,2.24574787346458,0,0,0.800015991210937,1.63,0,-5399.904296875
100000000000000000000002,1,923125000,0,-45.5,4.50376759323224,0,0,0.800015991210937,1.63,0,-5399.904296875
100000000000000000000001,1,923125000,0,-48.5,3.47293250377309,0,0,0.800015991210937,1.63,0,-5399.904296875
100000000000000000000004,1,923125000,0,-47,3.89017527807799,0,0,0.800015991210937,1.63,0,-5399.904296875
100000000000000000000000,1,923125000,0,-50,2.20893233455532,0,0,0.800015991210937,1.63,0,-5399.904296875
100000000000000000000001,1,923125000,0,-48.5,3.49134027322772,0,0,0.800015991210937,1.63,0,-5399.904296875
100000000000000000000004,1,923125000,0,-47,3.8779034317749,0,0,0.800015991210937,1.63,0,-5399.904296875
100000000000000000000002,1,923125000,0,-45.5,4.47922390062607,0,0,0.800015991210937,1.63,0,-5399.904296875
100000000000000000000003,1,923125000,0,-47.5,2.88388388122501,0,0,0.800015991210937,1.63,0,-5399.904296875
100000000000000000000003,1,923125000,0,-47.5,2.87774795807346,0,0,0.800015991210937,1.63,0,-5399.904296875
100000000000000000000004,1,923125000,0,-47,3.8779034317749,0,0,0.800015991210937,1.63,0,-5399.904296875
100000000000000000000002,1,923125000,0,-45,4.46695205432299,0,0,0.800015991210937,1.63,0,-5399.904296875
100000000000000000000000,1,923125000,0,-50,2.17825271879761,0,0,0.800015991210937,1.63,0,-5399.904296875
100000000000000000000001,1,923125000,0,-48.5,3.46679658062155,0,0,0.800015991210937,1.63,0,-5399.904296875
100000000000000000000002,1,923125000,0,-45.5,4.46081613117144,0,0,0.800015991210937,1.63,0,-5399.904296875
100000000000000000000000,1,923125000,0,-50,2.24574787346458,0,0,0.800015991210937,1.63,0,-5399.904296875
100000000000000000000003,1,923125000,0,-47.5,2.84706834231575,0,0,0.800015991210937,1.63,0,-5399.904296875
100000000000000000000001,1,923125000,0,-48.5,3.49747619637926,0,0,0.800015991210937,1.63,0,-5399.904296875
100000000000000000000004,1,923125000,0,-47,3.86563158547182,0,0,0.800015991210937,1.63,0,-5399.904296875
100000000000000000000004,1,923125000,0,-47,3.86563158547182,0,0,0.800015991210937,1.63,0,-5399.904296875
100000000000000000000000,1,923125000,0,-50,2.23961195031304,0,0,0.800015991210937,1.63,0,-5399.904296875
100000000000000000000001,1,923125000,0,-48.5,3.47293250377309,0,0,0.800015991210937,1.63,0,-5399.904296875
100000000000000000000003,1,923125000,0,-47.5,2.85934018861884,0,0,0.800015991210937,1.63,0,-5399.904296875
100000000000000000000002,1,923125000,0,-45.5,4.47922390062607,0,0,0.800015991210937,1.63,0,-5399.904296875
100000000000000000000000,1,923125000,0,-50,2.25188379661612,0,0,0.800015991210937,1.63,0,-5399.904296875
100000000000000000000004,1,923125000,0,-47,3.85949566232027,0,0,0.800015991210937,1.63,0,-5399.904296875
100000000000000000000001,1,923125000,0,-48.5,3.47906842692463,0,0,0.800015991210937,1.63,0,-5399.904296875
100000000000000000000002,1,923125000,0,-45,4.48535982377761,0,0,0.800015991210937,1.63,0,-5399.904296875
100000000000000000000003,1,923125000,0,-47.5,2.87774795807346,0,0,0.800015991210937,1.63,0,-5399.904296875
100000000000000000000001,1,923125000,0,-48.5,3.47293250377309,0,0,0.800015991210937,1.63,0,-5399.904296875
100000000000000000000003,1,923625000,0,-47.5,3.11091303783208,0,0,0.800015991210937,1.63,0,-5399.904296875
100000000000000000000000,1,923625000,0,-50,2.52186441528399,0,0,0.800015991210937,1.63,0,-5399.904296875
100000000000000000000004,1,923625000,0,-47,4.09879666523043,0,0,0.800015991210937,1.63,0,-5399.904296875
100000000000000000000002,1,923625000,0,-46,4.70625305723315,0,0,0.800015991210937,1.63,0,-5399.904296875
100000000000000000000000,1,923625000,0,-50,2.54027218473862,0,0,0.800015991210937,1.63,0,-5399.904296875
100000000000000000000003,1,923625000,0,-47.5,3.11091303783208,0,0,0.800015991210937,1.63,0,-5399.904296875
100000000000000000000002,1,923625000,0,-45.5,4.71852490353623,0,0,0.800015991210937,1.63,0,-5399.904296875
100000000000000000000004,1,923625000,0,-47,4.08652481892735,0,0,0.800015991210937,1.63,0,-5399.904296875
100000000000000000000001,1,923625000,0,-48.5,3.69996166038017,0,0,0.800015991210937,1.63,0,-5399.904296875
100000000000000000000001,1,923625000,0,-48.5,3.66928204462245,0,0,0.800015991210937,1.63,0,-5399.904296875
100000000000000000000002,1,923625000,0,-45.5,4.69398121093006,0,0,0.800015991210937,1.63,0,-5399.904296875
100000000000000000000003,1,923625000,0,-48,3.11704896098362,0,0,0.800015991210937,1.63,0,-5399.904296875
100000000000000000000000,1,923625000,0,-50,2.49732072267782,0,0,0.800015991210937,1.63,0,-5399.904296875
100000000000000000000004,1,923625000,0,-46.5,4.07425297262426,0,0,0.800015991210937,1.63,0,-5399.904296875
100000000000000000000001,1,923625000,0,-48.5,3.70609758353171,0,0,0.800015991210937,1.63,0,-5399.904296875
100000000000000000000004,1,923625000,0,-46.5,4.06811704947272,0,0,0.800015991210937,1.63,0,-5399.904296875
100000000000000000000002,1,923625000,0,-45.5,4.71238898038469,0,0,0.800015991210937,1.63,0,-5399.904296875
100000000000000000000000,1,923625000,0,-50,2.50345664582937,0,0,0.800015991210937,1.63,0,-5399.904296875
100000000000000000000003,1,923625000,0,-48,3.11704896098362,0,0,0.800015991210937,1.63,0,-5399.904296875
100000000000000000000003,1,923625000,0,-47.5,3.11091303783208,0,0,0.800015991210937,1.63,0,-5399.904296875
100000000000000000000001,1,923625000,0,-48.5,3.70609758353171,0,0,0.800015991210937,1.63,0,-5399.904296875
100000000000000000000000,1,923625000,0,-50,2.51572849213245,0,0,0.800015991210937,1.63,0,-5399.904296875
100000000000000000000002,1,923625000,0,-45.5,4.70625305723315,0,0,0.800015991210937,1.63,0,-5399.904296875
100000000000000000000004,1,923625000,0,-47,4.09266074207889,0,0,0.800015991210937,1.63,0,-5399.904296875
100000000000000000000004,1,923625000,0,-47,4.08038889577581,0,0,0.800015991210937,1.63,0,-5399.904296875
100000000000000000000000,1,923625000,0,-50,2.54027218473862,0,0,0.800015991210937,1.63,0,-5399.904296875
100000000000000000000002,1,923625000,0,-45.5,4.70625305723315,0,0,0.800015991210937,1.63,0,-5399.904296875
100000000000000000000003,1,923625000,0,-48,3.11091303783208,0,0,0.800015991210937,1.63,0,-5399.904296875
100000000000000000000001,1,923625000,0,-48.5,3.69996166038017,0,0,0.800015991210937,1.63,0,-5399.904296875
100000000000000000000001,1,923625000,0,-48.5,3.69382573722862,0,0,0.800015991210937,1.63,0,-5399.904296875
100000000000000000000003,1,923625000,0,-48,3.098641191529,0,0,0.800015991210937,1.63,0,-5399.904296875
100000000000000000000004,1,923625000,0,-47,4.08652481892735,0,0,0.800015991210937,1.63,0,-5399.904296875
100000000000000000000002,1,923625000,0,-45.5,4.70011713408161,0,0,0.800015991210937,1.63,0,-5399.904296875
100000000000000000000000,1,923625000,0,-50,2.51572849213245,0,0,0.800015991210937,1.63,0,-5399.904296875
100000000000000000000001,1,923625000,0,-48.5,3.70609758353171,0,0,0.800015991210937,1.63,0,-5399.904296875
100000000000000000000000,1,923625000,0,-50,2.54027218473862,0,0,0.800015991210937,1.63,0,-5399.904296875
100000000000000000000002,1,923625000,0,-45.5,4.71238898038469,0,0,0.800015991210937,1.63,0,-5399.904296875
100000000000000000000003,1,923625000,0,-48,3.11704896098362,0,0,0.800015991210937,1.63,0,-5399.904296875
100000000000000000000004,1,923625000,0,-46.5,4.05584520316964,0,0,0.800015991210937,1.63,0,-5399.904296875
100000000000000000000002,1,923625000,0,-45.5,4.69398121093006,0,0,0.800015991210937,1.63,0,-5399.904296875
100000000000000000000003,1,923625000,0,-48,3.098641191529,0,0,0.800015991210937,1.63,0,-5399.904296875
100000000000000000000000,1,923625000,0,-50,2.53413626158708,0,0,0.800015991210937,1.63,0,-5399.904296875
100000000000000000000004,1,923625000,0,-46.5,4.09266074207889,0,0,0.800015991210937,1.63,0,-5399.904296875
100000000000000000000001,1,923625000,0,-48.5,3.70609758353171,0,0,0.800015991210937,1.63,0,-5399.904296875
100000000000000000000000,1,923625000,0,-50,2.52800033843554,0,0,0.800015991210937,1.63,0,-5399.904296875
100000000000000000000002,1,923625000,0,-46,4.70011713408161,0,0,0.800015991210937,1.63,0,-5399.904296875
100000000000000000000003,1,923625000,0,-48,3.10477711468054,0,0,0.800015991210937,1.63,0,-5399.904296875
100000000000000000000004,1,923625000,0,-47,4.09266074207889,0,0,0.800015991210937,1.63,0,-5399.904296875
100000000000000000000001,1,923625000,0,-48.5,3.69996166038017,0,0,0.800015991210937,1.63,0,-5399.904296875
100000000000000000000002,1,923625000,0,-45.5,4.71238898038469,0,0,0.800015991210937,1.63,0,-5399.904296875
100000000000000000000000,1,923625000,0,-50,2.52800033843554,0,0,0.800015991210937,1.63,0,-5399.904296875
100000000000000000000004,1,923625000,0,-47,4.06811704947272,0,0,0.800015991210937,1.63,0,-5399.904296875
100000000000000000000001,1,923625000,0,-48.5,3.69996166038017,0,0,0.800015991210937,1.63,0,-5399.904296875
100000000000000000000003,1,923625000,0,-48,3.11091303783208,0,0,0.800015991210937,1.63,0,-5399.904296875
100000000000000000000000,1,923625000,0,-50,2.50959256898091,0,0,0.800015991210937,1.63,0,-5399.904296875
100000000000000000000003,1,923625000,0,-48,3.11704896098362,0,0,0.800015991210937,1.63,0,-5399.904296875
100000000000000000000002,1,923625000,0,-46,4.70625305723315,0,0,0.800015991210937,1.63,0,-5399.904296875
100000000000000000000004,1,923625000,0,-47,4.09266074207889,0,0,0.800015991210937,1.63,0,-5399.904296875
100000000000000000000001,1,923625000,0,-48.5,3.68155389092554,0,0,0.800015991210937,1.63,0,-5399.904296875
100000000000000000000001,1,923625000,0,-48.5,3.71836942983479,0,0,0.800015991210937,1.63,0,-5399.904296875
100000000000000000000004,1,923625000,0,-47,4.08652481892735,0,0,0.800015991210937,1.63,0,-5399.904296875
100000000000000000000000,1,923625000,0,-50,2.52800033843554,0,0,0.800015991210937,1.63,0,-5399.904296875
100000000000000000000003,1,923625000,0,-48,3.11091303783208,0,0,0.800015991210937,1.63,0,-5399.904296875
100000000000000000000002,1,923625000,0,-45.5,4.70625305723315,0,0,0.800015991210937,1.63,0,-5399.904296875
100000000000000000000001,1,923625000,0,-48.5,3.70609758353171,0,0,0.800015991210937,1.63,0,-5399.904296875
100000000000000000000004,1,923625000,0,-47,4.09266074207889,0,0,0.800015991210937,1.63,0,-5399.904296875
100000000000000000000000,1,923625000,0,-50,2.53413626158708,0,0,0.800015991210937,1.63,0,-5399.904296875
100000000000000000000003,1,923625000,0,-48,3.11091303783208,0,0,0.800015991210937,1.63,0,-5399.904296875
100000000000000000000002,1,923625000,0,-45.5,4.69398121093006,0,0,0.800015991210937,1.63,0,-5399.904296875
100000000000000000000000,1,923625000,0,-50,2.4789129532232,0,0,0.800015991210937,1.63,0,-5399.904296875
100000000000000000000003,1,923625000,0,-47.5,3.11704896098362,0,0,0.800015991210937,1.63,0,-5399.904296875
100000000000000000000004,1,923625000,0,-47,4.06811704947272,0,0,0.800015991210937,1.63,0,-5399.904296875
100000000000000000000002,1,923625000,0,-45.5,4.70625305723315,0,0,0.800015991210937,1.63,0,-5399.904296875
100000000000000000000001,1,923625000,0,-48.5,3.71223350668325,0,0,0.800015991210937,1.63,0,-5399.904296875
100000000000000000000002,1,923625000,0,-45.5,4.70011713408161,0,0,0.800015991210937,1.63,0,-5399.904296875
100000000000000000000004,1,923625000,0,-46.5,4.08038889577581,0,0,0.800015991210937,1.63,0,-5399.904296875
100000000000000000000000,1,923625000,0,-50,2.48504887637474,0,0,0.800015991210937,1.63,0,-5399.904296875
100000000000000000000003,1,923625000,0,-48,3.098641191529,0,0,0.800015991210937,1.63,0,-5399.904296875
100000000000000000000001,1,923625000,0,-48.5,3.70609758353171,0,0,0.800015991210937,1.63,0,-5399.904296875
100000000000000000000003,1,923625000,0,-48,3.11091303783208,0,0,0.800015991210937,1.63,0,-5399.904296875
100000000000000000000002,1,923625000,0,-45.5,4.70625305723315,0,0,0.800015991210937,1.63,0,-5399.904296875
100000000000000000000001,1,923625000,0,-48.5,3.71836942983479,0,0,0.800015991210937,1.63,0,-5399.904296875
100000000000000000000004,1,923625000,0,-47,4.06811704947272,0,0,0.800015991210937,1.63,0,-5399.904296875
100000000000000000000000,1,923625000,0,-50,2.54027218473862,0,0,0.800015991210937,1.63,0,-5399.904296875
100000000000000000000002,1,923625000,0,-46,4.72466082668777,0,0,0.800015991210937,1.63,0,-5399.904296875
100000000000000000000003,1,923625000,0,-48,3.098641191529,0,0,0.800015991210937,1.63,0,-5399.904296875
100000000000000000000001,1,923625000,0,-48.5,3.71223350668325,0,0,0.800015991210937,1.63,0,-5399.904296875
100000000000000000000000,1,923625000,0,-50,2.46050518376857,0,0,0.800015991210937,1.63,0,-5399.904296875
100000000000000000000004,1,923625000,0,-47,4.08038889577581,0,0,0.800015991210937,1.63,0,-5399.904296875
100000000000000000000001,1,923625000,0,-48.5,3.68155389092554,0,0,0.800015991210937,1.63,0,-5399.904296875
100000000000000000000002,1,923625000,0,-45.5,4.71852490353623,0,0,0.800015991210937,1.63,0,-5399.904296875
100000000000000000000000,1,923625000,0,-50,2.54027218473862,0,0,0.800015991210937,1.63,0,-5399.904296875
100000000000000000000003,1,923625000,0,-47.5,3.098641191529,0,0,0.800015991210937,1.63,0,-5399.904296875
100000000000000000000004,1,923625000,0,-47,4.07425297262426,0,0,0.800015991210937,1.63,0,-5399.904296875
100000000000000000000004,1,923625000,0,-46.5,4.05584520316964,0,0,0.800015991210937,1.63,0,-5399.904296875
100000000000000000000002,1,923625000,0,-45.5,4.71238898038469,0,0,0.800015991210937,1.63,0,-5399.904296875
100000000000000000000003,1,923625000,0,-48,3.098641191529,0,0,0.800015991210937,1.63,0,-5399.904296875
100000000000000000000001,1,923625000,0,-48.5,3.70609758353171,0,0,0.800015991210937,1.63,0,-5399.904296875
100000000000000000000000,1,923625000,0,-50,2.52800033843554,0,0,0.800015991210937,1.63,0,-5399.904296875
100000000000000000000000,1,923625000,0,-50,2.52186441528399,0,0,0.800015991210937,1.63,0,-5399.904296875
100000000000000000000001,1,923625000,0,-48.5,3.71836942983479,0,0,0.800015991210937,1.63,0,-5399.904296875
100000000000000000000002,1,923625000,0,-45.5,4.71238898038469,0,0,0.800015991210937,1.63,0,-5399.904296875
100000000000000000000004,1,923625000,0,-47,4.07425297262426,0,0,0.800015991210937,1.63,0,-5399.904296875
100000000000000000000003,1,923625000,0,-47.5,3.09250526837745,0,0,0.800015991210937,1.63,0,-5399.904296875
100000000000000000000002,1,923625000,0,-45.5,4.69398121093006,0,0,0.800015991210937,1.63,0,-5399.904296875
100000000000000000000001,1,923625000,0,-48.5,3.72450535298634,0,0,0.800015991210937,1.63,0,-5399.904296875
100000000000000000000003,1,923625000,0,-47.5,3.10477711468054,0,0,0.800015991210937,1.63,0,-5399.904296875
100000000000000000000000,1,923625000,0,-50,2.53413626158708,0,0,0.800015991210937,1.63,0,-5399.904296875
100000000000000000000004,1,923625000,0,-47,4.08038889577581,0,0,0.800015991210937,1.63,0,-5399.904296875
100000000000000000000001,1,923625000,0,-48.5,3.71836942983479,0,0,0.800015991210937,1.63,0,-5399.904296875
100000000000000000000002,1,923625000,0,-45.5,4.71238898038469,0,0,0.800015991210937,1.63,0,-5399.904296875
100000000000000000000003,1,923625000,0,-48,3.11704896098362,0,0,0.800015991210937,1.63,0,-5399.904296875
100000000000000000000004,1,923625000,0,-47,4.07425297262426,0,0,0.800015991210937,1.63,0,-5399.904296875
100000000000000000000000,1,923625000,0,-50,2.4789129532232,0,0,0.800015991210937,1.63,0,-5399.904296875
100000000000000000000000,1,923625000,0,-50,2.50345664582937,0,0,0.800015991210937,1.63,0,-5399.904296875
100000000000000000000003,1,923625000,0,-47.5,3.098641191529,0,0,0.800015991210937,1.63,0,-5399.904296875
100000000000000000000001,1,923625000,0,-48.5,3.71836942983479,0,0,0.800015991210937,1.63,0,-5399.904296875
100000000000000000000004,1,923625000,0,-46.5,4.05584520316964,0,0,0.800015991210937,1.63,0,-5399.904296875
100000000000000000000002,1,923625000,0,-45.5,4.70625305723315,0,0,0.800015991210937,1.63,0,-5399.904296875
100000000000000000000002,1,923625000,0,-45.5,4.71238898038469,0,0,0.800015991210937,1.63,0,-5399.904296875
100000000000000000000003,1,923625000,0,-48,3.11091303783208,0,0,0.800015991210937,1.63,0,-5399.904296875
100000000000000000000001,1,923625000,0,-48.5,3.69996166038017,0,0,0.800015991210937,1.63,0,-5399.904296875
100000000000000000000004,1,923625000,0,-47,4.08652481892735,0,0,0.800015991210937,1.63,0,-5399.904296875
100000000000000000000000,1,923625000,0,-50,2.46050518376857,0,0,0.800015991210937,1.63,0,-5399.904296875
100000000000000000000003,1,923625000,0,-48,3.11704896098362,0,0,0.800015991210937,1.63,0,-5399.904296875
100000000000000000000004,1,923625000,0,-47,4.09266074207889,0,0,0.800015991210937,1.63,0,-5399.904296875
100000000000000000000002,1,923625000,0,-45.5,4.71238898038469,0,0,0.800015991210937,1.63,0,-5399.904296875
100000000000000000000000,1,923625000,0,-50,2.47277703007165,0,0,0.800015991210937,1.63,0,-5399.904296875
100000000000000000000001,1,923625000,0,-48.5,3.71836942983479,0,0,0.800015991210937,1.63,0,-5399.904296875
100000000000000000000000,1,923625000,0,-50,2.49118479952628,0,0,0.800015991210937,1.63,0,-5399.904296875
100000000000000000000003,1,923625000,0,-48,3.12318488413517,0,0,0.800015991210937,1.63,0,-5399.904296875
100000000000000000000001,1,923625000,0,-48.5,3.70609758353171,0,0,0.800015991210937,1.63,0,-5399.904296875
100000000000000000000002,1,923625000,0,-46,4.70625305723315,0,0,0.800015991210937,1.63,0,-5399.904296875
100000000000000000000004,1,923625000,0,-46.5,4.06811704947272,0,0,0.800015991210937,1.63,0,-5399.904296875
100000000000000000000002,1,923625000,0,-45.5,4.72466082668777,0,0,0.800015991210937,1.63,0,-5399.904296875
100000000000000000000000,1,923625000,0,-50,2.50959256898091,0,0,0.800015991210937,1.63,0,-5399.904296875
100000000000000000000001,1,923625000,0,-48.5,3.71836942983479,0,0,0.800015991210937,1.63,0,-5399.904296875
100000000000000000000004,1,923625000,0,-47,4.08038889577581,0,0,0.800015991210937,1.63,0,-5399.904296875
100000000000000000000003,1,923625000,0,-48,3.098641191529,0,0,0.800015991210937,1.63,0,-5399.904296875
100000000000000000000003,1,923625000,0,-48,3.12318488413517,0,0,0.800015991210937,1.63,0,-5399.904296875
100000000000000000000000,1,923625000,0,-50,2.42982556801086,0,0,0.800015991210937,1.63,0,-5399.904296875
100000000000000000000004,1,923625000,0,-46.5,4.08038889577581,0,0,0.800015991210937,1.63,0,-5399.904296875
100000000000000000000001,1,923625000,0,-48.5,3.72450535298634,0,0,0.800015991210937,1.63,0,-5399.904296875
100000000000000000000002,1,923625000,0,-45.5,4.70011713408161,0,0,0.800015991210937,1.63,0,-5399.904296875
100000000000000000000000,1,923625000,0,-50,2.52186441528399,0,0,0.800015991210937,1.63,0,-5399.904296875
100000000000000000000001,1,923625000,0,-48.5,3.71223350668325,0,0,0.800015991210937,1.63,0,-5399.904296875
100000000000000000000002,1,923625000,0,-45.5,4.72466082668777,0,0,0.800015991210937,1.63,0,-5399.904296875
100000000000000000000003,1,923625000,0,-48,3.12932080728671,0,0,0.800015991210937,1.63,0,-5399.904296875
100000000000000000000004,1,923625000,0,-46.5,4.10493258838198,0,0,0.800015991210937,1.63,0,-5399.904296875
100000000000000000000000,1,923625000,0,-50,2.54027218473862,0,0,0.800015991210937,1.63,0,-5399.904296875
100000000000000000000004,1,923625000,0,-46.5,4.08038889577581,0,0,0.800015991210937,1.63,0,-5399.904296875
100000000000000000000003,1,923625000,0,-48,3.12318488413517,0,0,0.800015991210937,1.63,0,-5399.904296875
100000000000000000000002,1,923625000,0,-45.5,4.70625305723315,0,0,0.800015991210937,1.63,0,-5399.904296875
100000000000000000000001,1,923625000,0,-48.5,3.71223350668325,0,0,0.800015991210937,1.63,0,-5399.904296875
100000000000000000000000,1,923625000,0,-50,2.52800033843554,0,0,0.800015991210937,1.63,0,-5399.904296875
100000000000000000000004,1,923625000,0,-46.5,4.09266074207889,0,0,0.800015991210937,1.63,0,-5399.904296875
100000000000000000000003,1,923625000,0,-48,3.12932080728671,0,0,0.800015991210937,1.63,0,-5399.904296875
100000000000000000000002,1,923625000,0,-45.5,4.70625305723315,0,0,0.800015991210937,1.63,0,-5399.904296875
100000000000000000000001,1,923625000,0,-48.5,3.72450535298634,0,0,0.800015991210937,1.63,0,-5399.904296875
100000000000000000000003,1,923625000,0,-48,3.11704896098362,0,0,0.800015991210937,1.63,0,-5399.904296875
100000000000000000000002,1,923625000,0,-46,4.69398121093006,0,0,0.800015991210937,1.63,0,-5399.904296875
100000000000000000000000,1,923625000,0,-50,2.50345664582937,0,0,0.800015991210937,1.63,0,-5399.904296875
100000000000000000000004,1,923625000,0,-47,4.09266074207889,0,0,0.800015991210937,1.63,0,-5399.904296875
100000000000000000000001,1,923625000,0,-48.5,3.72450535298634,0,0,0.800015991210937,1.63,0,-5399.904296875
100000000000000000000000,1,923625000,0,-50,2.48504887637474,0,0,0.800015991210937,1.63,0,-5399.904296875
100000000000000000000001,1,923625000,0,-48.5,3.71223350668325,0,0,0.800015991210937,1.63,0,-5399.904296875
100000000000000000000002,1,923625000,0,-45.5,4.71238898038469,0,0,0.800015991210937,1.63,0,-5399.904296875
100000000000000000000004,1,923625000,0,-47,4.08038889577581,0,0,0.800015991210937,1.63,0,-5399.904296875
100000000000000000000003,1,923625000,0,-48,3.10477711468054,0,0,0.800015991210937,1.63,0,-5399.904296875
100000000000000000000004,1,923625000,0,-47,4.05584520316964,0,0,0.800015991210937,1.63,0,-5399.904296875
100000000000000000000000,1,923625000,0,-50,2.52800033843554,0,0,0.800015991210937,1.63,0,-5399.904296875
100000000000000000000003,1,923625000,0,-48,3.12318488413517,0,0,0.800015991210937,1.63,0,-5399.904296875
100000000000000000000002,1,923625000,0,-46,4.71852490353623,0,0,0.800015991210937,1.63,0,-5399.904296875
100000000000000000000001,1,923625000,0,-48.5,3.69996166038017,0,0,0.800015991210937,1.63,0,-5399.904296875
100000000000000000000001,1,923625000,0,-48.5,3.69996166038017,0,0,0.800015991210937,1.63,0,-5399.904296875
100000000000000000000003,1,923625000,0,-48,3.10477711468054,0,0,0.800015991210937,1.63,0,-5399.904296875
100000000000000000000002,1,923625000,0,-46,4.70625305723315,0,0,0.800015991210937,1.63,0,-5399.904296875
100000000000000000000004,1,923625000,0,-46.5,4.08038889577581,0,0,0.800015991210937,1.63,0,-5399.904296875
100000000000000000000000,1,923625000,0,-50,2.49118479952628,0,0,0.800015991210937,1.63,0,-5399.904296875
100000000000000000000003,1,923625000,0,-47.5,3.11704896098362,0,0,0.800015991210937,1.63,0,-5399.904296875
100000000000000000000002,1,923625000,0,-45.5,4.71852490353623,0,0,0.800015991210937,1.63,0,-5399.904296875
100000000000000000000000,1,923625000,0,-50,2.45436926061703,0,0,0.800015991210937,1.63,0,-5399.904296875
100000000000000000000001,1,923625000,0,-48.5,3.72450535298634,0,0,0.800015991210937,1.63,0,-5399.904296875
100000000000000000000004,1,923625000,0,-46.5,4.07425297262426,0,0,0.800015991210937,1.63,0,-5399.904296875
100000000000000000000002,1,923625000,0,-45.5,4.69398121093006,0,0,0.800015991210937,1.63,0,-5399.904296875
100000000000000000000003,1,923625000,0,-48,3.10477711468054,0,0,0.800015991210937,1.63,0,-5399.904296875
100000000000000000000000,1,923625000,0,-50,2.49732072267782,0,0,0.800015991210937,1.63,0,-5399.904296875
100000000000000000000001,1,923625000,0,-48.5,3.71836942983479,0,0,0.800015991210937,1.63,0,-5399.904296875
100000000000000000000004,1,923625000,0,-46.5,4.10493258838198,0,0,0.800015991210937,1.63,0,-5399.904296875
100000000000000000000000,1,923625000,0,-50,2.50959256898091,0,0,0.800015991210937,1.63,0,-5399.904296875
100000000000000000000002,1,923625000,0,-45.5,4.73693267299086,0,0,0.800015991210937,1.63,0,-5399.904296875
100000000000000000000004,1,923625000,0,-47,4.06811704947272,0,0,0.800015991210937,1.63,0,-5399.904296875
100000000000000000000003,1,923625000,0,-48,3.11091303783208,0,0,0.800015991210937,1.63,0,-5399.904296875
100000000000000000000001,1,923625000,0,-48.5,3.71836942983479,0,0,0.800015991210937,1.63,0,-5399.904296875
100000000000000000000004,1,923625000,0,-47,4.06198112632118,0,0,0.800015991210937,1.63,0,-5399.904296875
100000000000000000000002,1,923625000,0,-46,4.71852490353623,0,0,0.800015991210937,1.63,0,-5399.904296875
100000000000000000000001,1,923625000,0,-48.5,3.70609758353171,0,0,0.800015991210937,1.63,0,-5399.904296875
100000000000000000000000,1,923625000,0,-50,2.51572849213245,0,0,0.800015991210937,1.63,0,-5399.904296875
100000000000000000000003,1,923625000,0,-48,3.10477711468054,0,0,0.800015991210937,1.63,0,-5399.904296875
100000000000000000000003,1,923625000,0,-47.5,3.10477711468054,0,0,0.800015991210937,1.63,0,-5399.904296875
100000000000000000000004,1,923625000,0,-47,4.08652481892735,0,0,0.800015991210937,1.63,0,-5399.904296875
100000000000000000000002,1,923625000,0,-45.5,4.71852490353623,0,0,0.800015991210937,1.63,0,-5399.904296875
100000000000000000000001,1,923625000,0,-48.5,3.71836942983479,0,0,0.800015991210937,1.63,0,-5399.904296875
100000000000000000000000,1,923625000,0,-50,2.51572849213245,0,0,0.800015991210937,1.63,0,-5399.904296875
100000000000000000000004,1,923625000,0,-47,4.07425297262426,0,0,0.800015991210937,1.63,0,-5399.904296875
100000000000000000000003,1,923625000,0,-48,3.11091303783208,0,0,0.800015991210937,1.63,0,-5399.904296875
100000000000000000000002,1,923625000,0,-45.5,4.71852490353623,0,0,0.800015991210937,1.63,0,-5399.904296875
100000000000000000000001,1,923625000,0,-48.5,3.72450535298634,0,0,0.800015991210937,1.63,0,-5399.904296875
100000000000000000000000,1,923625000,0,-50,2.50345664582937,0,0,0.800015991210937,1.63,0,-5399.904296875
100000000000000000000001,1,923625000,0,-48.5,3.72450535298634,0,0,0.800015991210937,1.63,0,-5399.904296875
100000000000000000000002,1,923625000,0,-45.5,4.71852490353623,0,0,0.800015991210937,1.63,0,-5399.904296875
100000000000000000000004,1,923625000,0,-46.5,4.07425297262426,0,0,0.800015991210937,1.63,0,-5399.904296875
100000000000000000000000,1,923625000,0,-50,2.50959256898091,0,0,0.800015991210937,1.63,0,-5399.904296875
100000000000000000000003,1,923625000,0,-48,3.11704896098362,0,0,0.800015991210937,1.63,0,-5399.904296875
100000000000000000000000,1,923625000,0,-50,2.49118479952628,0,0,0.800015991210937,1.63,0,-5399.904296875
100000000000000000000003,1,923625000,0,-48,3.11091303783208,0,0,0.800015991210937,1.63,0,-5399.904296875
100000000000000000000001,1,923625000,0,-48.5,3.73064127613788,0,0,0.800015991210937,1.63,0,-5399.904296875
100000000000000000000002,1,923625000,0,-45.5,4.71852490353623,0,0,0.800015991210937,1.63,0,-5399.904296875
100000000000000000000004,1,923625000,0,-47,4.10493258838198,0,0,0.800015991210937,1.63,0,-5399.904296875
100000000000000000000004,1,923625000,0,-47,4.06198112632118,0,0,0.800015991210937,1.63,0,-5399.904296875
100000000000000000000001,1,923625000,0,-48.5,3.73677719928942,0,0,0.800015991210937,1.63,0,-5399.904296875
100000000000000000000000,1,923625000,0,-50,2.52186441528399,0,0,0.800015991210937,1.63,0,-5399.904296875
100000000000000000000003,1,923625000,0,-48,3.10477711468054,0,0,0.800015991210937,1.63,0,-5399.904296875
100000000000000000000002,1,923625000,0,-46,4.72466082668777,0,0,0.800015991210937,1.63,0,-5399.904296875
100000000000000000000001,1,923625000,0,-48.5,3.73064127613788,0,0,0.800015991210937,1.63,0,-5399.904296875
100000000000000000000002,1,923625000,0,-45.5,4.71852490353623,0,0,0.800015991210937,1.63,0,-5399.904296875
100000000000000000000000,1,923625000,0,-50,2.53413626158708,0,0,0.800015991210937,1.63,0,-5399.904296875
100000000000000000000003,1,923625000,0,-48,3.12318488413517,0,0,0.800015991210937,1.63,0,-5399.904296875
100000000000000000000004,1,923625000,0,-46.5,4.05584520316964,0,0,0.800015991210937,1.63,0,-5399.904296875
100000000000000000000003,1,923625000,0,-48,3.09250526837745,0,0,0.800015991210937,1.63,0,-5399.904296875
100000000000000000000004,1,923625000,0,-46.5,4.06811704947272,0,0,0.800015991210937,1.63,0,-5399.904296875
100000000000000000000001,1,923625000,0,-48.5,3.73064127613788,0,0,0.800015991210937,1.63,0,-5399.904296875
100000000000000000000000,1,923625000,0,-50,2.44209741431394,0,0,0.800015991210937,1.63,0,-5399.904296875
100000000000000000000002,1,923625000,0,-45.5,4.70011713408161,0,0,0.800015991210937,1.63,0,-5399.904296875
100000000000000000000000,1,923625000,0,-50,2.52800033843554,0,0,0.800015991210937,1.63,0,-5399.904296875
100000000000000000000001,1,923625000,0,-48.5,3.71836942983479,0,0,0.800015991210937,1.63,0,-5399.904296875
100000000000000000000004,1,923625000,0,-47,4.08038889577581,0,0,0.800015991210937,1.63,0,-5399.904296875
100000000000000000000002,1,923625000,0,-45.5,4.70625305723315,0,0,0.800015991210937,1.63,0,-5399.904296875
100000000000000000000003,1,923625000,0,-48,3.11091303783208,0,0,0.800015991210937,1.63,0,-5399.904296875
100000000000000000000000,1,923625000,0,-50,2.50345664582937,0,0,0.800015991210937,1.63,0,-5399.904296875
100000000000000000000003,1,923625000,0,-48,3.11091303783208,0,0,0.800015991210937,1.63,0,-5399.904296875
100000000000000000000002,1,923625000,0,-46,4.72466082668777,0,0,0.800015991210937,1.63,0,-5399.904296875
100000000000000000000004,1,923625000,0,-47,4.09266074207889,0,0,0.800015991210937,1.63,0,-5399.904296875
100000000000000000000001,1,923625000,0,-48.5,3.71836942983479,0,0,0.800015991210937,1.63,0,-5399.904296875
100000000000000000000004,1,923625000,0,-47,4.11106851153352,0,0,0.800015991210937,1.63,0,-5399.904296875
100000000000000000000000,1,923625000,0,-50,2.52186441528399,0,0,0.800015991210937,1.63,0,-5399.904296875
100000000000000000000002,1,923625000,0,-46,4.71238898038469,0,0,0.800015991210937,1.63,0,-5399.904296875
100000000000000000000001,1,923625000,0,-48.5,3.69996166038017,0,0,0.800015991210937,1.63,0,-5399.904296875
100000000000000000000003,1,923625000,0,-48,3.12932080728671,0,0,0.800015991210937,1.63,0,-5399.904296875
100000000000000000000001,1,923625000,0,-48.5,3.74904904559251,0,0,0.800015991210937,1.63,0,-5399.904296875
100000000000000000000004,1,923625000,0,-47,4.08038889577581,0,0,0.800015991210937,1.63,0,-5399.904296875
100000000000000000000002,1,923625000,0,-45.5,4.70625305723315,0,0,0.800015991210937,1.63,0,-5399.904296875
100000000000000000000000,1,923625000,0,-50,2.49732072267782,0,0,0.800015991210937,1.63,0,-5399.904296875
100000000000000000000003,1,923625000,0,-48,3.12318488413517,0,0,0.800015991210937,1.63,0,-5399.904296875
100000000000000000000002,1,923625000,0,-45.5,4.71238898038469,0,0,0.800015991210937,1.63,0,-5399.904296875
100000000000000000000000,1,923625000,0,-50,2.50959256898091,0,0,0.800015991210937,1.63,0,-5399.904296875
100000000000000000000003,1,923625000,0,-48,3.11704896098362,0,0,0.800015991210937,1.63,0,-5399.904296875
100000000000000000000004,1,923625000,0,-47,4.07425297262426,0,0,0.800015991210937,1.63,0,-5399.904296875
100000000000000000000001,1,923625000,0,-48.5,3.71223350668325,0,0,0.800015991210937,1.63,0,-5399.904296875
100000000000000000000003,1,923625000,0,-48,3.11091303783208,0,0,0.800015991210937,1.63,0,-5399.904296875
100000000000000000000004,1,923625000,0,-47,4.08652481892735,0,0,0.800015991210937,1.63,0,-5399.904296875
100000000000000000000001,1,923625000,0,-48.5,3.71223350668325,0,0,0.800015991210937,1.63,0,-5399.904296875
100000000000000000000002,1,923625000,0,-45.5,4.71852490353623,0,0,0.800015991210937,1.63,0,-5399.904296875
100000000000000000000000,1,923625000,0,-50,2.53413626158708,0,0,0.800015991210937,1.63,0,-5399.904296875
100000000000000000000000,1,923625000,0,-50,2.52186441528399,0,0,0.800015991210937,1.63,0,-5399.904296875
100000000000000000000004,1,923625000,0,-47,4.08038889577581,0,0,0.800015991210937,1.63,0,-5399.904296875
100000000000000000000003,1,923625000,0,-47.5,3.12318488413517,0,0,0.800015991210937,1.63,0,-5399.904296875
100000000000000000000002,1,923625000,0,-45.5,4.71852490353623,0,0,0.800015991210937,1.63,0,-5399.904296875
100000000000000000000001,1,923625000,0,-48.5,3.73064127613788,0,0,0.800015991210937,1.63,0,-5399.904296875
100000000000000000000000,1,923625000,0,-50,2.49732072267782,0,0,0.800015991210937,1.63,0,-5399.904296875
100000000000000000000004,1,923625000,0,-46.5,4.07425297262426,0,0,0.800015991210937,1.63,0,-5399.904296875
100000000000000000000003,1,923625000,0,-48,3.12318488413517,0,0,0.800015991210937,1.63,0,-5399.904296875
100000000000000000000002,1,923625000,0,-45.5,4.71238898038469,0,0,0.800015991210937,1.63,0,-5399.904296875
100000000000000000000001,1,923625000,0,-48.5,3.73677719928942,0,0,0.800015991210937,1.63,0,-5399.904296875
100000000000000000000001,1,923625000,0,-48.5,3.72450535298634,0,0,0.800015991210937,1.63,0,-5399.904296875
100000000000000000000003,1,923625000,0,-48,3.11091303783208,0,0,0.800015991210937,1.63,0,-5399.904296875
100000000000000000000000,1,923625000,0,-50,2.49732072267782,0,0,0.800015991210937,1.63,0,-5399.904296875
100000000000000000000004,1,923625000,0,-47,4.07425297262426,0,0,0.800015991210937,1.63,0,-5399.904296875
100000000000000000000002,1,923625000,0,-45.5,4.69398121093006,0,0,0.800015991210937,1.63,0,-5399.904296875
100000000000000000000000,1,923625000,0,-50,2.51572849213245,0,0,0.800015991210937,1.63,0,-5399.904296875
100000000000000000000004,1,923625000,0,-47,4.06198112632118,0,0,0.800015991210937,1.63,0,-5399.904296875
100000000000000000000002,1,923625000,0,-45.5,4.70625305723315,0,0,0.800015991210937,1.63,0,-5399.904296875
100000000000000000000001,1,923625000,0,-48.5,3.70609758353171,0,0,0.800015991210937,1.63,0,-5399.904296875
100000000000000000000003,1,923625000,0,-48,3.098641191529,0,0,0.800015991210937,1.63,0,-5399.904296875
100000000000000000000000,1,923625000,0,-50,2.52186441528399,0,0,0.800015991210937,1.63,0,-5399.904296875
100000000000000000000002,1,923625000,0,-45.5,4.70011713408161,0,0,0.800015991210937,1.63,0,-5399.904296875
100000000000000000000001,1,923625000,0,-48.5,3.72450535298634,0,0,0.800015991210937,1.63,0,-5399.904296875
100000000000000000000004,1,923625000,0,-47,4.06198112632118,0,0,0.800015991210937,1.63,0,-5399.904296875
100000000000000000000003,1,923625000,0,-48,3.11704896098362,0,0,0.800015991210937,1.63,0,-5399.904296875
100000000000000000000001,1,923625000,0,-48.5,3.71836942983479,0,0,0.800015991210937,1.63,0,-5399.904296875
100000000000000000000004,1,923625000,0,-46.5,4.09266074207889,0,0,0.800015991210937,1.63,0,-5399.904296875
100000000000000000000003,1,923625000,0,-48,3.11704896098362,0,0,0.800015991210937,1.63,0,-5399.904296875
100000000000000000000000,1,923625000,0,-50,2.49118479952628,0,0,0.800015991210937,1.63,0,-5399.904296875
100000000000000000000002,1,923625000,0,-45.5,4.71852490353623,0,0,0.800015991210937,1.63,0,-5399.904296875
100000000000000000000000,1,923625000,0,-50,2.47277703007165,0,0,0.800015991210937,1.63,0,-5399.904296875
100000000000000000000004,1,923625000,0,-46.5,4.08652481892735,0,0,0.800015991210937,1.63,0,-5399.904296875
100000000000000000000002,1,923625000,0,-45.5,4.72466082668777,0,0,0.800015991210937,1.63,0,-5399.904296875
100000000000000000000003,1,923625000,0,-48,3.11091303783208,0,0,0.800015991210937,1.63,0,-5399.904296875
100000000000000000000001,1,923625000,0,-48.5,3.71223350668325,0,0,0.800015991210937,1.63,0,-5399.904296875
100000000000000000000001,1,923625000,0,-48.5,3.73677719928942,0,0,0.800015991210937,1.63,0,-5399.904296875
100000000000000000000003,1,923625000,0,-48,3.11091303783208,0,0,0.800015991210937,1.63,0,-5399.904296875
100000000000000000000000,1,923625000,0,-50,2.44823333746548,0,0,0.800015991210937,1.63,0,-5399.904296875
100000000000000000000004,1,923625000,0,-47,4.06198112632118,0,0,0.800015991210937,1.63,0,-5399.904296875
100000000000000000000002,1,923625000,0,-46,4.70625305723315,0,0,0.800015991210937,1.63,0,-5399.904296875
100000000000000000000000,1,923625000,0,-50,2.54027218473862,0,0,0.800015991210937,1.63,0,-5399.904296875
100000000000000000000003,1,923625000,0,-48,3.14159265358979,0,0,0.800015991210937,1.63,0,-5399.904296875
100000000000000000000004,1,923625000,0,-46.5,4.08652481892735,0,0,0.800015991210937,1.63,0,-5399.904296875
100000000000000000000001,1,923625000,0,-48.5,3.73064127613788,0,0,0.800015991210937,1.63,0,-5399.904296875
100000000000000000000002,1,923625000,0,-45.5,4.71852490353623,0,0,0.800015991210937,1.63,0,-5399.904296875
100000000000000000000000,1,923625000,0,-50,2.52800033843554,0,0,0.800015991210937,1.63,0,-5399.904296875
100000000000000000000004,1,923625000,0,-47,4.08038889577581,0,0,0.800015991210937,1.63,0,-5399.904296875
100000000000000000000002,1,923625000,0,-45.5,4.71238898038469,0,0,0.800015991210937,1.63,0,-5399.904296875
100000000000000000000001,1,923625000,0,-48.5,3.73064127613788,0,0,0.800015991210937,1.63,0,-5399.904296875
100000000000000000000003,1,923625000,0,-48,3.11091303783208,0,0,0.800015991210937,1.63,0,-5399.904296875
100000000000000000000004,1,923625000,0,-47,4.09266074207889,0,0,0.800015991210937,1.63,0,-5399.904296875
100000000000000000000001,1,923625000,0,-48.5,3.70609758353171,0,0,0.800015991210937,1.63,0,-5399.904296875
100000000000000000000003,1,923625000,0,-47.5,3.12318488413517,0,0,0.800015991210937,1.63,0,-5399.904296875
100000000000000000000002,1,923625000,0,-45.5,4.73079674983932,0,0,0.800015991210937,1.63,0,-5399.904296875
100000000000000000000000,1,923625000,0,-50,2.52186441528399,0,0,0.800015991210937,1.63,0,-5399.904296875
100000000000000000000000,1,923625000,0,-50,2.50345664582937,0,0,0.800015991210937,1.63,0,-5399.904296875
100000000000000000000003,1,923625000,0,-47.5,3.12932080728671,0,0,0.800015991210937,1.63,0,-5399.904296875
100000000000000000000004,1,923625000,0,-46.5,4.09266074207889,0,0,0.800015991210937,1.63,0,-5399.904296875
100000000000000000000002,1,923625000,0,-45.5,4.70011713408161,0,0,0.800015991210937,1.63,0,-5399.904296875
100000000000000000000001,1,923625000,0,-48.5,3.71223350668325,0,0,0.800015991210937,1.63,0,-5399.904296875
100000000000000000000001,1,923625000,0,-48.5,3.71223350668325,0,0,0.800015991210937,1.63,0,-5399.904296875
100000000000000000000004,1,923625000,0,-46.5,4.10493258838198,0,0,0.800015991210937,1.63,0,-5399.904296875
100000000000000000000000,1,923625000,0,-50,2.52800033843554,0,0,0.800015991210937,1.63,0,-5399.904296875
100000000000000000000003,1,923625000,0,-48,3.11091303783208,0,0,0.800015991210937,1.63,0,-5399.904296875
100000000000000000000002,1,923625000,0,-45.5,4.70625305723315,0,0,0.800015991210937,1.63,0,-5399.904296875
100000000000000000000000,1,923625000,0,-50,2.50345664582937,0,0,0.800015991210937,1.63,0,-5399.904296875
100000000000000000000001,1,923625000,0,-48.5,3.72450535298634,0,0,0.800015991210937,1.63,0,-5399.904296875
100000000000000000000003,1,923625000,0,-48,3.11091303783208,0,0,0.800015991210937,1.63,0,-5399.904296875
100000000000000000000002,1,923625000,0,-45.5,4.70625305723315,0,0,0.800015991210937,1.63,0,-5399.904296875
100000000000000000000004,1,923625000,0,-47,4.06198112632118,0,0,0.800015991210937,1.63,0,-5399.904296875
100000000000000000000000,1,923625000,0,-50,2.47277703007165,0,0,0.800015991210937,1.63,0,-5399.904296875
100000000000000000000003,1,923625000,0,-48,3.11704896098362,0,0,0.800015991210937,1.63,0,-5399.904296875
100000000000000000000001,1,923625000,0,-48.5,3.70609758353171,0,0,0.800015991210937,1.63,0,-5399.904296875
100000000000000000000002,1,923625000,0,-46,4.72466082668777,0,0,0.800015991210937,1.63,0,-5399.904296875
100000000000000000000004,1,923625000,0,-47,4.08652481892735,0,0,0.800015991210937,1.63,0,-5399.904296875
100000000000000000000000,1,923625000,0,-50,2.52186441528399,0,0,0.800015991210937,1.63,0,-5399.904296875
100000000000000000000004,1,923625000,0,-47,4.09266074207889,0,0,0.800015991210937,1.63,0,-5399.904296875
100000000000000000000002,1,923625000,0,-45.5,4.69398121093006,0,0,0.800015991210937,1.63,0,-5399.904296875
100000000000000000000001,1,923625000,0,-48.5,3.69996166038017,0,0,0.800015991210937,1.63,0,-5399.904296875
100000000000000000000003,1,923625000,0,-47.5,3.10477711468054,0,0,0.800015991210937,1.63,0,-5399.904296875
100000000000000000000004,1,923625000,0,-46.5,4.08038889577581,0,0,0.800015991210937,1.63,0,-5399.904296875
100000000000000000000002,1,923625000,0,-45.5,4.70625305723315,0,0,0.800015991210937,1.63,0,-5399.904296875
100000000000000000000001,1,923625000,0,-48.5,3.69996166038017,0,0,0.800015991210937,1.63,0,-5399.904296875
100000000000000000000003,1,923625000,0,-48,3.11091303783208,0,0,0.800015991210937,1.63,0,-5399.904296875
100000000000000000000000,1,923625000,0,-50,2.50345664582937,0,0,0.800015991210937,1.63,0,-5399.904296875
100000000000000000000001,1,923625000,0,-48.5,3.71223350668325,0,0,0.800015991210937,1.63,0,-5399.904296875
100000000000000000000004,1,923625000,0,-46.5,4.08652481892735,0,0,0.800015991210937,1.63,0,-5399.904296875
100000000000000000000002,1,923625000,0,-46,4.70625305723315,0,0,0.800015991210937,1.63,0,-5399.904296875
100000000000000000000003,1,923625000,0,-48,3.14159265358979,0,0,0.800015991210937,1.63,0,-5399.904296875
100000000000000000000000,1,923625000,0,-50,2.46664110692011,0,0,0.800015991210937,1.63,0,-5399.904296875
100000000000000000000004,1,923625000,0,-46.5,4.09266074207889,0,0,0.800015991210937,1.63,0,-5399.904296875
100000000000000000000000,1,923625000,0,-50,2.51572849213245,0,0,0.800015991210937,1.63,0,-5399.904296875
100000000000000000000003,1,923625000,0,-48,3.12318488413517,0,0,0.800015991210937,1.63,0,-5399.904296875
100000000000000000000002,1,923625000,0,-46,4.72466082668777,0,0,0.800015991210937,1.63,0,-5399.904296875
100000000000000000000001,1,923625000,0,-48.5,3.72450535298634,0,0,0.800015991210937,1.63,0,-5399.904296875
100000000000000000000001,1,923625000,0,-48.5,3.71223350668325,0,0,0.800015991210937,1.63,0,-5399.904296875
100000000000000000000000,1,923625000,0,-50,2.50345664582937,0,0,0.800015991210937,1.63,0,-5399.904296875
100000000000000000000004,1,923625000,0,-46.5,4.06198112632118,0,0,0.800015991210937,1.63,0,-5399.904296875
100000000000000000000003,1,923625000,0,-47.5,3.12932080728671,0,0,0.800015991210937,1.63,0,-5399.904296875
100000000000000000000002,1,923625000,0,-46,4.72466082668777,0,0,0.800015991210937,1.63,0,-5399.904296875
100000000000000000000002,1,923625000,0,-46,4.71852490353623,0,0,0.800015991210937,1.63,0,-5399.904296875
100000000000000000000003,1,923625000,0,-48,3.11091303783208,0,0,0.800015991210937,1.63,0,-5399.904296875
100000000000000000000004,1,923625000,0,-46.5,4.08038889577581,0,0,0.800015991210937,1.63,0,-5399.904296875
100000000000000000000001,1,923625000,0,-48.5,3.72450535298634,0,0,0.800015991210937,1.63,0,-5399.904296875
100000000000000000000000,1,923625000,0,-50,2.48504887637474,0,0,0.800015991210937,1.63,0,-5399.904296875
100000000000000000000000,1,923625000,0,-50,2.50345664582937,0,0,0.800015991210937,1.63,0,-5399.904296875
100000000000000000000003,1,923625000,0,-48,3.12318488413517,0,0,0.800015991210937,1.63,0,-5399.904296875
100000000000000000000001,1,923625000,0,-48.5,3.71836942983479,0,0,0.800015991210937,1.63,0,-5399.904296875
100000000000000000000002,1,923625000,0,-45.5,4.70625305723315,0,0,0.800015991210937,1.63,0,-5399.904296875
100000000000000000000004,1,923625000,0,-46.5,4.08038889577581,0,0,0.800015991210937,1.63,0,-5399.904296875
100000000000000000000001,1,923625000,0,-48.5,3.71223350668325,0,0,0.800015991210937,1.63,0,-5399.904296875
100000000000000000000002,1,923625000,0,-46,4.71238898038469,0,0,0.800015991210937,1.63,0,-5399.904296875
100000000000000000000003,1,923625000,0,-48,3.11091303783208,0,0,0.800015991210937,1.63,0,-5399.904296875
100000000000000000000004,1,923625000,0,-47,4.06811704947272,0,0,0.800015991210937,1.63,0,-5399.904296875
100000000000000000000000,1,923625000,0,-50,2.49732072267782,0,0,0.800015991210937,1.63,0,-5399.904296875
100000000000000000000002,1,923625000,0,-46,4.71238898038469,0,0,0.800015991210937,1.63,0,-5399.904296875
100000000000000000000001,1,923625000,0,-48.5,3.69996166038017,0,0,0.800015991210937,1.63,0,-5399.904296875
100000000000000000000004,1,923625000,0,-47,4.06811704947272,0,0,0.800015991210937,1.63,0,-5399.904296875
100000000000000000000000,1,923625000,0,-50,2.4789129532232,0,0,0.800015991210937,1.63,0,-5399.904296875
100000000000000000000003,1,923625000,0,-48,3.11091303783208,0,0,0.800015991210937,1.63,0,-5399.904296875
100000000000000000000002,1,923625000,0,-45.5,4.69398121093006,0,0,0.800015991210937,1.63,0,-5399.904296875
100000000000000000000001,1,923625000,0,-48.5,3.73064127613788,0,0,0.800015991210937,1.63,0,-5399.904296875
100000000000000000000004,1,923625000,0,-47,4.07425297262426,0,0,0.800015991210937,1.63,0,-5399.904296875
100000000000000000000003,1,923625000,0,-48,3.12932080728671,0,0,0.800015991210937,1.63,0,-5399.904296875
100000000000000000000000,1,923625000,0,-50,2.54027218473862,0,0,0.800015991210937,1.63,0,-5399.904296875
100000000000000000000004,1,923625000,0,-46.5,4.06811704947272,0,0,0.800015991210937,1.63,0,-5399.904296875
100000000000000000000000,1,923625000,0,-50,2.49732072267782,0,0,0.800015991210937,1.63,0,-5399.904296875
100000000000000000000002,1,923625000,0,-45.5,4.70625305723315,0,0,0.800015991210937,1.63,0,-5399.904296875
100000000000000000000001,1,923625000,0,-48.5,3.72450535298634,0,0,0.800015991210937,1.63,0,-5399.904296875
100000000000000000000003,1,923625000,0,-47.5,3.10477711468054,0,0,0.800015991210937,1.63,0,-5399.904296875
100000000000000000000004,1,923625000,0,-47,4.07425297262426,0,0,0.800015991210937,1.63,0,-5399.904296875
100000000000000000000001,1,923625000,0,-48.5,3.69996166038017,0,0,0.800015991210937,1.63,0,-5399.904296875
100000000000000000000002,1,923625000,0,-45.5,4.72466082668777,0,0,0.800015991210937,1.63,0,-5399.904296875
100000000000000000000000,1,923625000,0,-50,2.46050518376857,0,0,0.800015991210937,1.63,0,-5399.904296875
100000000000000000000003,1,923625000,0,-47.5,3.11704896098362,0,0,0.800015991210937,1.63,0,-5399.904296875
100000000000000000000003,1,923625000,0,-48,3.10477711468054,0,0,0.800015991210937,1.63,0,-5399.904296875
100000000000000000000002,1,923625000,0,-45.5,4.70011713408161,0,0,0.800015991210937,1.63,0,-5399.904296875
100000000000000000000000,1,923625000,0,-50,2.50345664582937,0,0,0.800015991210937,1.63,0,-5399.904296875
100000000000000000000004,1,923625000,0,-47,4.06811704947272,0,0,0.800015991210937,1.63,0,-5399.904296875
100000000000000000000001,1,923625000,0,-48.5,3.73064127613788,0,0,0.800015991210937,1.63,0,-5399.904296875
100000000000000000000003,1,923625000,0,-48,3.12932080728671,0,0,0.800015991210937,1.63,0,-5399.904296875
100000000000000000000001,1,923625000,0,-48.5,3.73064127613788,0,0,0.800015991210937,1.63,0,-5399.904296875
100000000000000000000004,1,923625000,0,-47,4.08038889577581,0,0,0.800015991210937,1.63,0,-5399.904296875
100000000000000000000000,1,923625000,0,-50,2.52800033843554,0,0,0.800015991210937,1.63,0,-5399.904296875
100000000000000000000002,1,923625000,0,-45.5,4.69398121093006,0,0,0.800015991210937,1.63,0,-5399.904296875
100000000000000000000002,1,923625000,0,-45.5,4.71852490353623,0,0,0.800015991210937,1.63,0,-5399.904296875
100000000000000000000004,1,923625000,0,-46.5,4.08652481892735,0,0,0.800015991210937,1.63,0,-5399.904296875
100000000000000000000003,1,923625000,0,-48,3.11704896098362,0,0,0.800015991210937,1.63,0,-5399.904296875
100000000000000000000001,1,923625000,0,-48.5,3.71223350668325,0,0,0.800015991210937,1.63,0,-5399.904296875
100000000000000000000000,1,923625000,0,-50,2.49732072267782,0,0,0.800015991210937,1.63,0,-5399.904296875
100000000000000000000004,1,923625000,0,-46.5,4.06198112632118,0,0,0.800015991210937,1.63,0,-5399.904296875
100000000000000000000000,1,923625000,0,-50,2.4789129532232,0,0,0.800015991210937,1.63,0,-5399.904296875
100000000000000000000003,1,923625000,0,-48,3.13545673043825,0,0,0.800015991210937,1.63,0,-5399.904296875
100000000000000000000002,1,923625000,0,-45.5,4.70011713408161,0,0,0.800015991210937,1.63,0,-5399.904296875
100000000000000000000001,1,923625000,0,-48.5,3.72450535298634,0,0,0.800015991210937,1.63,0,-5399.904296875
100000000000000000000003,1,923625000,0,-48,3.12318488413517,0,0,0.800015991210937,1.63,0,-5399.904296875
100000000000000000000002,1,923625000,0,-46,4.70625305723315,0,0,0.800015991210937,1.63,0,-5399.904296875
100000000000000000000004,1,923625000,0,-47,4.09266074207889,0,0,0.800015991210937,1.63,0,-5399.904296875
100000000000000000000000,1,923625000,0,-50,2.54027218473862,0,0,0.800015991210937,1.63,0,-5399.904296875
100000000000000000000001,1,923625000,0,-48.5,3.71223350668325,0,0,0.800015991210937,1.63,0,-5399.904296875
100000000000000000000000,1,923625000,0,-50,2.53413626158708,0,0,0.800015991210937,1.63,0,-5399.904296875
100000000000000000000004,1,923625000,0,-47,4.08652481892735,0,0,0.800015991210937,1.63,0,-5399.904296875
100000000000000000000003,1,923625000,0,-48,3.13545673043825,0,0,0.800015991210937,1.63,0,-5399.904296875
100000000000000000000001,1,923625000,0,-48.5,3.71836942983479,0,0,0.800015991210937,1.63,0,-5399.904296875
100000000000000000000002,1,923625000,0,-45.5,4.71238898038469,0,0,0.800015991210937,1.63,0,-5399.904296875
100000000000000000000003,1,923625000,0,-48,3.12318488413517,0,0,0.800015991210937,1.63,0,-5399.904296875
100000000000000000000002,1,923625000,0,-45.5,4.71238898038469,0,0,0.800015991210937,1.63,0,-5399.904296875
100000000000000000000004,1,923625000,0,-46.5,4.09266074207889,0,0,0.800015991210937,1.63,0,-5399.904296875
100000000000000000000000,1,923625000,0,-50,2.4789129532232,0,0,0.800015991210937,1.63,0,-5399.904296875
100000000000000000000001,1,923625000,0,-48.5,3.71223350668325,0,0,0.800015991210937,1.63,0,-5399.904296875
100000000000000000000003,1,923625000,0,-48,3.13545673043825,0,0,0.800015991210937,1.63,0,-5399.904296875
100000000000000000000001,1,923625000,0,-48.5,3.72450535298634,0,0,0.800015991210937,1.63,0,-5399.904296875
100000000000000000000000,1,923625000,0,-50,2.50345664582937,0,0,0.800015991210937,1.63,0,-5399.904296875
100000000000000000000004,1,923625000,0,-47,4.08652481892735,0,0,0.800015991210937,1.63,0,-5399.904296875
100000000000000000000002,1,923625000,0,-45.5,4.70625305723315,0,0,0.800015991210937,1.63,0,-5399.904296875
100000000000000000000000,1,923625000,0,-50,2.44209741431394,0,0,0.800015991210937,1.63,0,-5399.904296875
100000000000000000000003,1,923625000,0,-48,3.13545673043825,0,0,0.800015991210937,1.63,0,-5399.904296875
100000000000000000000004,1,923625000,0,-47,4.08652481892735,0,0,0.800015991210937,1.63,0,-5399.904296875
100000000000000000000002,1,923625000,0,-45.5,4.70625305723315,0,0,0.800015991210937,1.63,0,-5399.904296875
100000000000000000000001,1,923625000,0,-48.5,3.71223350668325,0,0,0.800015991210937,1.63,0,-5399.904296875
100000000000000000000001,1,923625000,0,-48.5,3.71836942983479,0,0,0.800015991210937,1.63,0,-5399.904296875
100000000000000000000000,1,923625000,0,-50,2.50345664582937,0,0,0.800015991210937,1.63,0,-5399.904296875
100000000000000000000002,1,923625000,0,-45.5,4.70625305723315,0,0,0.800015991210937,1.63,0,-5399.904296875
100000000000000000000003,1,923625000,0,-48,3.12932080728671,0,0,0.800015991210937,1.63,0,-5399.904296875
100000000000000000000004,1,923625000,0,-46.5,4.06198112632118,0,0,0.800015991210937,1.63,0,-5399.904296875
100000000000000000000003,1,923625000,0,-48,3.11704896098362,0,0,0.800015991210937,1.63,0,-5399.904296875
100000000000000000000004,1,923625000,0,-47,4.08652481892735,0,0,0.800015991210937,1.63,0,-5399.904296875
100000000000000000000002,1,923625000,0,-45.5,4.69398121093006,0,0,0.800015991210937,1.63,0,-5399.904296875
100000000000000000000000,1,923625000,0,-50,2.53413626158708,0,0,0.800015991210937,1.63,0,-5399.904296875
100000000000000000000001,1,923625000,0,-48.5,3.70609758353171,0,0,0.800015991210937,1.63,0,-5399.904296875
100000000000000000000000,1,923625000,0,-50,2.53413626158708,0,0,0.800015991210937,1.63,0,-5399.904296875
100000000000000000000004,1,923625000,0,-47,4.08038889577581,0,0,0.800015991210937,1.63,0,-5399.904296875
100000000000000000000003,1,923625000,0,-48,3.12932080728671,0,0,0.800015991210937,1.63,0,-5399.904296875
100000000000000000000002,1,923625000,0,-45.5,4.70011713408161,0,0,0.800015991210937,1.63,0,-5399.904296875
100000000000000000000001,1,923625000,0,-48.5,3.71223350668325,0,0,0.800015991210937,1.63,0,-5399.904296875
100000000000000000000000,1,923625000,0,-50,2.52186441528399,0,0,0.800015991210937,1.63,0,-5399.904296875
100000000000000000000001,1,923625000,0,-48.5,3.72450535298634,0,0,0.800015991210937,1.63,0,-5399.904296875
100000000000000000000004,1,923625000,0,-47,4.08652481892735,0,0,0.800015991210937,1.63,0,-5399.904296875
100000000000000000000002,1,923625000,0,-45.5,4.70625305723315,0,0,0.800015991210937,1.63,0,-5399.904296875
100000000000000000000003,1,923625000,0,-48,3.12932080728671,0,0,0.800015991210937,1.63,0,-5399.904296875
100000000000000000000000,1,923625000,0,-50,2.50345664582937,0,0,0.800015991210937,1.63,0,-5399.904296875
100000000000000000000004,1,923625000,0,-46.5,4.08038889577581,0,0,0.800015991210937,1.63,0,-5399.904296875
100000000000000000000001,1,923625000,0,-48.5,3.71836942983479,0,0,0.800015991210937,1.63,0,-5399.904296875
100000000000000000000002,1,923625000,0,-45.5,4.72466082668777,0,0,0.800015991210937,1.63,0,-5399.904296875
100000000000000000000003,1,923625000,0,-47.5,3.12318488413517,0,0,0.800015991210937,1.63,0,-5399.904296875
100000000000000000000004,1,923625000,0,-47,4.08652481892735,0,0,0.800015991210937,1.63,0,-5399.904296875
100000000000000000000003,1,923625000,0,-48,3.12932080728671,0,0,0.800015991210937,1.63,0,-5399.904296875
100000000000000000000002,1,923625000,0,-45.5,4.71238898038469,0,0,0.800015991210937,1.63,0,-5399.904296875
100000000000000000000001,1,923625000,0,-48.5,3.72450535298634,0,0,0.800015991210937,1.63,0,-5399.904296875
100000000000000000000000,1,923625000,0,-50,2.47277703007165,0,0,0.800015991210937,1.63,0,-5399.904296875
100000000000000000000003,1,923625000,0,-48,3.12318488413517,0,0,0.800015991210937,1.63,0,-5399.904296875
100000000000000000000001,1,923625000,0,-48.5,3.71836942983479,0,0,0.800015991210937,1.63,0,-5399.904296875
100000000000000000000000,1,923625000,0,-50,2.51572849213245,0,0,0.800015991210937,1.63,0,-5399.904296875
100000000000000000000002,1,923625000,0,-45.5,4.70625305723315,0,0,0.800015991210937,1.63,0,-5399.904296875
100000000000000000000004,1,923625000,0,-47,4.08652481892735,0,0,0.800015991210937,1.63,0,-5399.904296875
100000000000000000000002,1,923625000,0,-45.5,4.70625305723315,0,0,0.800015991210937,1.63,0,-5399.904296875
100000000000000000000004,1,923625000,0,-46.5,4.08038889577581,0,0,0.800015991210937,1.63,0,-5399.904296875
100000000000000000000001,1,923625000,0,-48.5,3.73064127613788,0,0,0.800015991210937,1.63,0,-5399.904296875
100000000000000000000003,1,923625000,0,-48,3.11091303783208,0,0,0.800015991210937,1.63,0,-5399.904296875
100000000000000000000000,1,923625000,0,-50,2.49118479952628,0,0,0.800015991210937,1.63,0,-5399.904296875
100000000000000000000001,1,923625000,0,-48.5,3.71836942983479,0,0,0.800015991210937,1.63,0,-5399.904296875
100000000000000000000002,1,923625000,0,-45.5,4.71238898038469,0,0,0.800015991210937,1.63,0,-5399.904296875
100000000000000000000000,1,923625000,0,-50,2.49118479952628,0,0,0.800015991210937,1.63,0,-5399.904296875
100000000000000000000004,1,923625000,0,-47,4.08038889577581,0,0,0.800015991210937,1.63,0,-5399.904296875
100000000000000000000003,1,923625000,0,-48,3.11091303783208,0,0,0.800015991210937,1.63,0,-5399.904296875
100000000000000000000002,1,923625000,0,-45.5,4.71852490353623,0,0,0.800015991210937,1.63,0,-5399.904296875
100000000000000000000001,1,923625000,0,-48.5,3.71223350668325,0,0,0.800015991210937,1.63,0,-5399.904296875
100000000000000000000003,1,923625000,0,-48,3.11704896098362,0,0,0.800015991210937,1.63,0,-5399.904296875
100000000000000000000004,1,923625000,0,-46.5,4.07425297262426,0,0,0.800015991210937,1.63,0,-5399.904296875
100000000000000000000000,1,923625000,0,-50,2.49732072267782,0,0,0.800015991210937,1.63,0,-5399.904296875
100000000000000000000002,1,923625000,0,-46,4.72466082668777,0,0,0.800015991210937,1.63,0,-5399.904296875
100000000000000000000001,1,923625000,0,-48.5,3.72450535298634,0,0,0.800015991210937,1.63,0,-5399.904296875
100000000000000000000003,1,923625000,0,-48,3.14159265358979,0,0,0.800015991210937,1.63,0,-5399.904296875
100000000000000000000000,1,923625000,0,-50,2.48504887637474,0,0,0.800015991210937,1.63,0,-5399.904296875
100000000000000000000004,1,923625000,0,-46.5,4.09266074207889,0,0,0.800015991210937,1.63,0,-5399.904296875
100000000000000000000003,1,923625000,0,-48,3.13545673043825,0,0,0.800015991210937,1.63,0,-5399.904296875
100000000000000000000001,1,923625000,0,-48.5,3.73064127613788,0,0,0.800015991210937,1.63,0,-5399.904296875
100000000000000000000002,1,923625000,0,-45.5,4.69398121093006,0,0,0.800015991210937,1.63,0,-5399.904296875
100000000000000000000000,1,923625000,0,-50,2.46050518376857,0,0,0.800015991210937,1.63,0,-5399.904296875
100000000000000000000004,1,923625000,0,-47,4.07425297262426,0,0,0.800015991210937,1.63,0,-5399.904296875
100000000000000000000002,1,923625000,0,-45.5,4.70625305723315,0,0,0.800015991210937,1.63,0,-5399.904296875
100000000000000000000003,1,923625000,0,-47.5,3.12318488413517,0,0,0.800015991210937,1.63,0,-5399.904296875
100000000000000000000004,1,923625000,0,-46.5,4.08652481892735,0,0,0.800015991210937,1.63,0,-5399.904296875
100000000000000000000000,1,923625000,0,-50,2.54640810789016,0,0,0.800015991210937,1.63,0,-5399.904296875
100000000000000000000001,1,923625000,0,-48.5,3.72450535298634,0,0,0.800015991210937,1.63,0,-5399.904296875
100000000000000000000000,1,923625000,0,-50,2.52800033843554,0,0,0.800015991210937,1.63,0,-5399.904296875
100000000000000000000001,1,923625000,0,-48.5,3.72450535298634,0,0,0.800015991210937,1.63,0,-5399.904296875
100000000000000000000004,1,923625000,0,-46.5,4.08038889577581,0,0,0.800015991210937,1.63,0,-5399.904296875
100000000000000000000003,1,923625000,0,-48,3.098641191529,0,0,0.800015991210937,1.63,0,-5399.904296875
100000000000000000000002,1,923625000,0,-45.5,4.69398121093006,0,0,0.800015991210937,1.63,0,-5399.904296875
100000000000000000000002,1,923625000,0,-45.5,4.70625305723315,0,0,0.800015991210937,1.63,0,-5399.904296875
100000000000000000000000,1,923625000,0,-50,2.49118479952628,0,0,0.800015991210937,1.63,0,-5399.904296875
100000000000000000000003,1,923625000,0,-47.5,3.12318488413517,0,0,0.800015991210937,1.63,0,-5399.904296875
100000000000000000000001,1,923625000,0,-48.5,3.71223350668325,0,0,0.800015991210937,1.63,0,-5399.904296875
100000000000000000000004,1,923625000,0,-47,4.08038889577581,0,0,0.800015991210937,1.63,0,-5399.904296875
100000000000000000000000,1,923625000,0,-50,2.52186441528399,0,0,0.800015991210937,1.63,0,-5399.904296875
100000000000000000000004,1,923625000,0,-47,4.08652481892735,0,0,0.800015991210937,1.63,0,-5399.904296875
100000000000000000000002,1,923625000,0,-45.5,4.71852490353623,0,0,0.800015991210937,1.63,0,-5399.904296875
100000000000000000000001,1,923625000,0,-48.5,3.73677719928942,0,0,0.800015991210937,1.63,0,-5399.904296875
100000000000000000000003,1,923625000,0,-48,3.12932080728671,0,0,0.800015991210937,1.63,0,-5399.904296875
100000000000000000000000,1,923625000,0,-50,2.50345664582937,0,0,0.800015991210937,1.63,0,-5399.904296875
100000000000000000000002,1,923625000,0,-45.5,4.70625305723315,0,0,0.800015991210937,1.63,0,-5399.904296875
100000000000000000000001,1,923625000,0,-48.5,3.71836942983479,0,0,0.800015991210937,1.63,0,-5399.904296875
100000000000000000000003,1,923625000,0,-48,3.11704896098362,0,0,0.800015991210937,1.63,0,-5399.904296875
100000000000000000000004,1,923625000,0,-47,4.06198112632118,0,0,0.800015991210937,1.63,0,-5399.904296875
100000000000000000000001,1,923625000,0,-48.5,3.74904904559251,0,0,0.800015991210937,1.63,0,-5399.904296875
100000000000000000000004,1,923625000,0,-46.5,4.07425297262426,0,0,0.800015991210937,1.63,0,-5399.904296875
100000000000000000000000,1,923625000,0,-50,2.52186441528399,0,0,0.800015991210937,1.63,0,-5399.904296875
100000000000000000000002,1,923625000,0,-45.5,4.68784528777852,0,0,0.800015991210937,1.63,0,-5399.904296875
100000000000000000000003,1,923625000,0,-48,3.12318488413517,0,0,0.800015991210937,1.63,0,-5399.904296875
100000000000000000000000,1,923625000,0,-50,2.52186441528399,0,0,0.800015991210937,1.63,0,-5399.904296875
100000000000000000000002,1,923625000,0,-46,4.70625305723315,0,0,0.800015991210937,1.63,0,-5399.904296875
100000000000000000000004,1,923625000,0,-47,4.08652481892735,0,0,0.800015991210937,1.63,0,-5399.904296875
100000000000000000000003,1,923625000,0,-48,3.12932080728671,0,0,0.800015991210937,1.63,0,-5399.904296875
100000000000000000000001,1,923625000,0,-48.5,3.71223350668325,0,0,0.800015991210937,1.63,0,-5399.904296875
100000000000000000000000,1,923625000,0,-50,2.52186441528399,0,0,0.800015991210937,1.63,0,-5399.904296875
100000000000000000000003,1,923625000,0,-47.5,3.10477711468054,0,0,0.800015991210937,1.63,0,-5399.904296875
100000000000000000000001,1,923625000,0,-48.5,3.73677719928942,0,0,0.800015991210937,1.63,0,-5399.904296875
100000000000000000000002,1,923625000,0,-45.5,4.71852490353623,0,0,0.800015991210937,1.63,0,-5399.904296875
100000000000000000000004,1,923625000,0,-47,4.09266074207889,0,0,0.800015991210937,1.63,0,-5399.904296875
100000000000000000000000,1,923625000,0,-50,2.52800033843554,0,0,0.800015991210937,1.63,0,-5399.904296875
100000000000000000000002,1,923625000,0,-45.5,4.70625305723315,0,0,0.800015991210937,1.63,0,-5399.904296875
100000000000000000000001,1,923625000,0,-48.5,3.71836942983479,0,0,0.800015991210937,1.63,0,-5399.904296875
100000000000000000000004,1,923625000,0,-46.5,4.06811704947272,0,0,0.800015991210937,1.63,0,-5399.904296875
100000000000000000000003,1,923625000,0,-48,3.12932080728671,0,0,0.800015991210937,1.63,0,-5399.904296875
100000000000000000000004,1,923625000,0,-47,4.08038889577581,0,0,0.800015991210937,1.63,0,-5399.904296875
100000000000000000000001,1,923625000,0,-48.5,3.72450535298634,0,0,0.800015991210937,1.63,0,-5399.904296875
100000000000000000000002,1,923625000,0,-46,4.71852490353623,0,0,0.800015991210937,1.63,0,-5399.904296875
100000000000000000000003,1,923625000,0,-47.5,3.12318488413517,0,0,0.800015991210937,1.63,0,-5399.904296875
100000000000000000000000,1,923625000,0,-50,2.50959256898091,0,0,0.800015991210937,1.63,0,-5399.904296875
100000000000000000000004,1,923625000,0,-47,4.06811704947272,0,0,0.800015991210937,1.63,0,-5399.904296875
100000000000000000000000,1,923625000,0,-50,2.52800033843554,0,0,0.800015991210937,1.63,0,-5399.904296875
100000000000000000000002,1,923625000,0,-46,4.73079674983932,0,0,0.800015991210937,1.63,0,-5399.904296875
100000000000000000000003,1,923625000,0,-48,3.098641191529,0,0,0.800015991210937,1.63,0,-5399.904296875
100000000000000000000001,1,923625000,0,-48.5,3.71836942983479,0,0,0.800015991210937,1.63,0,-5399.904296875
100000000000000000000000,1,923625000,0,-50,2.52186441528399,0,0,0.800015991210937,1.63,0,-5399.904296875
100000000000000000000001,1,923625000,0,-48.5,3.71836942983479,0,0,0.800015991210937,1.63,0,-5399.904296875
100000000000000000000004,1,923625000,0,-47,4.09879666523043,0,0,0.800015991210937,1.63,0,-5399.904296875
100000000000000000000003,1,923625000,0,-48,3.10477711468054,0,0,0.800015991210937,1.63,0,-5399.904296875
100000000000000000000002,1,923625000,0,-45.5,4.70011713408161,0,0,0.800015991210937,1.63,0,-5399.904296875
100000000000000000000000,1,924125000,0,-49.5,2.7673013413457,0,0,0.800015991210937,1.63,0,-5399.904296875
100000000000000000000001,1,924125000,0,-49,3.9208548938357,0,0,0.800015991210937,1.63,0,-5399.904296875
100000000000000000000004,1,924125000,0,-46.5,4.27060251347362,0,0,0.800015991210937,1.63,0,-5399.904296875
100000000000000000000003,1,924125000,0,-47.5,3.35634996389378,0,0,0.800015991210937,1.63,0,-5399.904296875
100000000000000000000002,1,924125000,0,-45.5,4.93941813699176,0,0,0.800015991210937,1.63,0,-5399.904296875
100000000000000000000001,1,924125000,0,-49,3.94539858644187,0,0,0.800015991210937,1.63,0,-5399.904296875
100000000000000000000002,1,924125000,0,-45.5,4.96396182959793,0,0,0.800015991210937,1.63,0,-5399.904296875
100000000000000000000000,1,924125000,0,-49.5,2.80411688025495,0,0,0.800015991210937,1.63,0,-5399.904296875
100000000000000000000003,1,924125000,0,-47.5,3.36862181019687,0,0,0.800015991210937,1.63,0,-5399.904296875
100000000000000000000004,1,924125000,0,-46.5,4.28287435977671,0,0,0.800015991210937,1.63,0,-5399.904296875
100000000000000000000000,1,924125000,0,-49.5,2.73662172558798,0,0,0.800015991210937,1.63,0,-5399.904296875
100000000000000000000004,1,924125000,0,-46.5,4.28287435977671,0,0,0.800015991210937,1.63,0,-5399.904296875
100000000000000000000001,1,924125000,0,-49,3.92699081698724,0,0,0.800015991210937,1.63,0,-5399.904296875
100000000000000000000002,1,924125000,0,-45.5,4.92714629068868,0,0,0.800015991210937,1.63,0,-5399.904296875
100000000000000000000003,1,924125000,0,-47.5,3.36862181019687,0,0,0.800015991210937,1.63,0,-5399.904296875
100000000000000000000003,1,924125000,0,-47.5,3.35634996389378,0,0,0.800015991210937,1.63,0,-5399.904296875
100000000000000000000001,1,924125000,0,-49,3.93926266329033,0,0,0.800015991210937,1.63,0,-5399.904296875
100000000000000000000002,1,924125000,0,-45.5,4.92101036753714,0,0,0.800015991210937,1.63,0,-5399.904296875
100000000000000000000004,1,924125000,0,-46,4.28287435977671,0,0,0.800015991210937,1.63,0,-5399.904296875
100000000000000000000000,1,924125000,0,-49.5,2.74275764873953,0,0,0.800015991210937,1.63,0,-5399.904296875
100000000000000000000003,1,924125000,0,-47,3.3440781175907,0,0,0.800015991210937,1.63,0,-5399.904296875
100000000000000000000002,1,924125000,0,-45.5,4.97009775274948,0,0,0.800015991210937,1.63,0,-5399.904296875
100000000000000000000004,1,924125000,0,-46.5,4.28287435977671,0,0,0.800015991210937,1.63,0,-5399.904296875
100000000000000000000001,1,924125000,0,-49,3.89631120122953,0,0,0.800015991210937,1.63,0,-5399.904296875
100000000000000000000000,1,924125000,0,-49.5,2.74889357189107,0,0,0.800015991210937,1.63,0,-5399.904296875
100000000000000000000002,1,924125000,0,-45.5,4.93941813699176,0,0,0.800015991210937,1.63,0,-5399.904296875
100000000000000000000004,1,924125000,0,-46.5,4.28287435977671,0,0,0.800015991210937,1.63,0,-5399.904296875
100000000000000000000000,1,924125000,0,-49.5,2.7673013413457,0,0,0.800015991210937,1.63,0,-5399.904296875
100000000000000000000001,1,924125000,0,-49,3.91471897068416,0,0,0.800015991210937,1.63,0,-5399.904296875
100000000000000000000003,1,924125000,0,-47,3.37475773334841,0,0,0.800015991210937,1.63,0,-5399.904296875
100000000000000000000001,1,924125000,0,-49,3.91471897068416,0,0,0.800015991210937,1.63,0,-5399.904296875
100000000000000000000000,1,924125000,0,-49.5,2.76116541819415,0,0,0.800015991210937,1.63,0,-5399.904296875
100000000000000000000002,1,924125000,0,-45.5,4.95168998329485,0,0,0.800015991210937,1.63,0,-5399.904296875
100000000000000000000004,1,924125000,0,-46.5,4.2951462060798,0,0,0.800015991210937,1.63,0,-5399.904296875
100000000000000000000003,1,924125000,0,-47,3.3870295796515,0,0,0.800015991210937,1.63,0,-5399.904296875
100000000000000000000001,1,924125000,0,-49,3.90244712438107,0,0,0.800015991210937,1.63,0,-5399.904296875
100000000000000000000003,1,924125000,0,-47.5,3.35634996389378,0,0,0.800015991210937,1.63,0,-5399.904296875
100000000000000000000000,1,924125000,0,-49.5,2.76116541819415,0,0,0.800015991210937,1.63,0,-5399.904296875
100000000000000000000002,1,924125000,0,-45.5,4.94555406014331,0,0,0.800015991210937,1.63,0,-5399.904296875
100000000000000000000004,1,924125000,0,-46.5,4.28901028292825,0,0,0.800015991210937,1.63,0,-5399.904296875
100000000000000000000004,1,924125000,0,-46,4.27060251347362,0,0,0.800015991210937,1.63,0,-5399.904296875
100000000000000000000003,1,924125000,0,-47.5,3.37475773334841,0,0,0.800015991210937,1.63,0,-5399.904296875
100000000000000000000001,1,924125000,0,-49,3.9208548938357,0,0,0.800015991210937,1.63,0,-5399.904296875
100000000000000000000000,1,924125000,0,-49.5,2.80411688025495,0,0,0.800015991210937,1.63,0,-5399.904296875
100000000000000000000002,1,924125000,0,-45.5,4.92714629068868,0,0,0.800015991210937,1.63,0,-5399.904296875
100000000000000000000002,1,924125000,0,-45.5,4.94555406014331,0,0,0.800015991210937,1.63,0,-5399.904296875
100000000000000000000000,1,924125000,0,-49.5,2.79798095710341,0,0,0.800015991210937,1.63,0,-5399.904296875
100000000000000000000001,1,924125000,0,-49,3.91471897068416,0,0,0.800015991210937,1.63,0,-5399.904296875
100000000000000000000003,1,924125000,0,-47.5,3.35021404074224,0,0,0.800015991210937,1.63,0,-5399.904296875
100000000000000000000004,1,924125000,0,-46.5,4.28287435977671,0,0,0.800015991210937,1.63,0,-5399.904296875
100000000000000000000004,1,924125000,0,-46.5,4.28287435977671,0,0,0.800015991210937,1.63,0,-5399.904296875
100000000000000000000003,1,924125000,0,-47.5,3.37475773334841,0,0,0.800015991210937,1.63,0,-5399.904296875
100000000000000000000002,1,924125000,0,-45.5,4.94555406014331,0,0,0.800015991210937,1.63,0,-5399.904296875
100000000000000000000001,1,924125000,0,-49,3.93312674013878,0,0,0.800015991210937,1.63,0,-5399.904296875
100000000000000000000000,1,924125000,0,-49.5,2.77957318764878,0,0,0.800015991210937,1.63,0,-5399.904296875
100000000000000000000003,1,924125000,0,-47.5,3.36862181019687,0,0,0.800015991210937,1.63,0,-5399.904296875
100000000000000000000001,1,924125000,0,-49,3.92699081698724,0,0,0.800015991210937,1.63,0,-5399.904296875
100000000000000000000004,1,924125000,0,-46.5,4.25833066717054,0,0,0.800015991210937,1.63,0,-5399.904296875
100000000000000000000002,1,924125000,0,-45.5,4.93941813699176,0,0,0.800015991210937,1.63,0,-5399.904296875
100000000000000000000000,1,924125000,0,-49.5,2.77957318764878,0,0,0.800015991210937,1.63,0,-5399.904296875
100000000000000000000002,1,924125000,0,-45.5,4.90873852123405,0,0,0.800015991210937,1.63,0,-5399.904296875
100000000000000000000000,1,924125000,0,-49.5,2.76116541819415,0,0,0.800015991210937,1.63,0,-5399.904296875
100000000000000000000003,1,924125000,0,-47.5,3.38089365649995,0,0,0.800015991210937,1.63,0,-5399.904296875
100000000000000000000001,1,924125000,0,-49,3.90858304753261,0,0,0.800015991210937,1.63,0,-5399.904296875
100000000000000000000004,1,924125000,0,-46.5,4.28901028292825,0,0,0.800015991210937,1.63,0,-5399.904296875
100000000000000000000001,1,924125000,0,-49,3.9208548938357,0,0,0.800015991210937,1.63,0,-5399.904296875
100000000000000000000004,1,924125000,0,-46.5,4.26446659032208,0,0,0.800015991210937,1.63,0,-5399.904296875
100000000000000000000002,1,924125000,0,-45.5,4.92101036753714,0,0,0.800015991210937,1.63,0,-5399.904296875
100000000000000000000000,1,924125000,0,-49.5,2.79184503395187,0,0,0.800015991210937,1.63,0,-5399.904296875
100000000000000000000003,1,924125000,0,-47.5,3.38089365649995,0,0,0.800015991210937,1.63,0,-5399.904296875
100000000000000000000004,1,924125000,0,-46,4.28287435977671,0,0,0.800015991210937,1.63,0,-5399.904296875
100000000000000000000003,1,924125000,0,-47.5,3.37475773334841,0,0,0.800015991210937,1.63,0,-5399.904296875
100000000000000000000002,1,924125000,0,-45.5,4.96396182959793,0,0,0.800015991210937,1.63,0,-5399.904296875
100000000000000000000000,1,924125000,0,-49.5,2.76116541819415,0,0,0.800015991210937,1.63,0,-5399.904296875
100000000000000000000001,1,924125000,0,-49,3.9208548938357,0,0,0.800015991210937,1.63,0,-5399.904296875
100000000000000000000002,1,924125000,0,-45.5,4.95782590644639,0,0,0.800015991210937,1.63,0,-5399.904296875
100000000000000000000001,1,924125000,0,-49,3.9208548938357,0,0,0.800015991210937,1.63,0,-5399.904296875
100000000000000000000000,1,924125000,0,-49.5,2.77343726449724,0,0,0.800015991210937,1.63,0,-5399.904296875
100000000000000000000003,1,924125000,0,-47.5,3.38089365649995,0,0,0.800015991210937,1.63,0,-5399.904296875
100000000000000000000004,1,924125000,0,-46.5,4.28901028292825,0,0,0.800015991210937,1.63,0,-5399.904296875
100000000000000000000002,1,924125000,0,-45.5,4.96396182959793,0,0,0.800015991210937,1.63,0,-5399.904296875
100000000000000000000001,1,924125000,0,-49,3.90858304753261,0,0,0.800015991210937,1.63,0,-5399.904296875
100000000000000000000003,1,924125000,0,-47.5,3.36248588704533,0,0,0.800015991210937,1.63,0,-5399.904296875
100000000000000000000004,1,924125000,0,-46,4.27060251347362,0,0,0.800015991210937,1.63,0,-5399.904296875
100000000000000000000000,1,924125000,0,-49.5,2.74275764873953,0,0,0.800015991210937,1.63,0,-5399.904296875
100000000000000000000001,1,924125000,0,-49,3.93312674013878,0,0,0.800015991210937,1.63,0,-5399.904296875
100000000000000000000004,1,924125000,0,-46,4.2951462060798,0,0,0.800015991210937,1.63,0,-5399.904296875
100000000000000000000000,1,924125000,0,-49.5,2.79184503395187,0,0,0.800015991210937,1.63,0,-5399.904296875
100000000000000000000003,1,924125000,0,-47.5,3.36248588704533,0,0,0.800015991210937,1.63,0,-5399.904296875
100000000000000000000002,1,924125000,0,-45.5,4.94555406014331,0,0,0.800015991210937,1.63,0,-5399.904296875
100000000000000000000002,1,924125000,0,-45.5,4.95782590644639,0,0,0.800015991210937,1.63,0,-5399.904296875
100000000000000000000003,1,924125000,0,-47.5,3.35021404074224,0,0,0.800015991210937,1.63,0,-5399.904296875
100000000000000000000000,1,924125000,0,-49.5,2.7673013413457,0,0,0.800015991210937,1.63,0,-5399.904296875
100000000000000000000001,1,924125000,0,-49,3.92699081698724,0,0,0.800015991210937,1.63,0,-5399.904296875
100000000000000000000004,1,924125000,0,-46,4.28901028292825,0,0,0.800015991210937,1.63,0,-5399.904296875
100000000000000000000001,1,924125000,0,-49,3.92699081698724,0,0,0.800015991210937,1.63,0,-5399.904296875
100000000000000000000004,1,924125000,0,-46.5,4.27673843662517,0,0,0.800015991210937,1.63,0,-5399.904296875
100000000000000000000002,1,924125000,0,-45.5,4.95168998329485,0,0,0.800015991210937,1.63,0,-5399.904296875
100000000000000000000003,1,924125000,0,-47,3.37475773334841,0,0,0.800015991210937,1.63,0,-5399.904296875
100000000000000000000000,1,924125000,0,-49.5,2.79798095710341,0,0,0.800015991210937,1.63,0,-5399.904296875
100000000000000000000002,1,924125000,0,-45.5,4.92714629068868,0,0,0.800015991210937,1.63,0,-5399.904296875
100000000000000000000001,1,924125000,0,-49,3.89017527807799,0,0,0.800015991210937,1.63,0,-5399.904296875
100000000000000000000000,1,924125000,0,-49.5,2.78570911080032,0,0,0.800015991210937,1.63,0,-5399.904296875
100000000000000000000003,1,924125000,0,-47.5,3.36862181019687,0,0,0.800015991210937,1.63,0,-5399.904296875
100000000000000000000004,1,924125000,0,-46.5,4.28287435977671,0,0,0.800015991210937,1.63,0,-5399.904296875
100000000000000000000003,1,924125000,0,-47,3.33794219443916,0,0,0.800015991210937,1.63,0,-5399.904296875
100000000000000000000001,1,924125000,0,-49,3.92699081698724,0,0,0.800015991210937,1.63,0,-5399.904296875
100000000000000000000004,1,924125000,0,-46.5,4.2951462060798,0,0,0.800015991210937,1.63,0,-5399.904296875
100000000000000000000002,1,924125000,0,-45.5,4.96396182959793,0,0,0.800015991210937,1.63,0,-5399.904296875
100000000000000000000000,1,924125000,0,-49.5,2.73662172558798,0,0,0.800015991210937,1.63,0,-5399.904296875
100000000000000000000001,1,924125000,0,-49,3.93926266329033,0,0,0.800015991210937,1.63,0,-5399.904296875
100000000000000000000003,1,924125000,0,-47.5,3.36862181019687,0,0,0.800015991210937,1.63,0,-5399.904296875
100000000000000000000004,1,924125000,0,-46.5,4.28287435977671,0,0,0.800015991210937,1.63,0,-5399.904296875
100000000000000000000002,1,924125000,0,-45.5,4.93941813699176,0,0,0.800015991210937,1.63,0,-5399.904296875
100000000000000000000000,1,924125000,0,-49.5,2.80411688025495,0,0,0.800015991210937,1.63,0,-5399.904296875
100000000000000000000004,1,924125000,0,-46,4.28287435977671,0,0,0.800015991210937,1.63,0,-5399.904296875
100000000000000000000000,1,924125000,0,-49.5,2.77343726449724,0,0,0.800015991210937,1.63,0,-5399.904296875
100000000000000000000002,1,924125000,0,-45.5,4.94555406014331,0,0,0.800015991210937,1.63,0,-5399.904296875
100000000000000000000003,1,924125000,0,-47.5,3.35634996389378,0,0,0.800015991210937,1.63,0,-5399.904296875
100000000000000000000001,1,924125000,0,-49,3.92699081698724,0,0,0.800015991210937,1.63,0,-5399.904296875
100000000000000000000000,1,924125000,0,-49.5,2.75502949504261,0,0,0.800015991210937,1.63,0,-5399.904296875
100000000000000000000002,1,924125000,0,-45.5,4.95168998329485,0,0,0.800015991210937,1.63,0,-5399.904296875
100000000000000000000001,1,924125000,0,-49,3.89631120122953,0,0,0.800015991210937,1.63,0,-5399.904296875
100000000000000000000003,1,924125000,0,-47.5,3.37475773334841,0,0,0.800015991210937,1.63,0,-5399.904296875
100000000000000000000004,1,924125000,0,-46,4.28287435977671,0,0,0.800015991210937,1.63,0,-5399.904296875
100000000000000000000000,1,924125000,0,-49.5,2.76116541819415,0,0,0.800015991210937,1.63,0,-5399.904296875
100000000000000000000002,1,924125000,0,-45.5,4.95782590644639,0,0,0.800015991210937,1.63,0,-5399.904296875
100000000000000000000001,1,924125000,0,-49,3.90858304753261,0,0,0.800015991210937,1.63,0,-5399.904296875
100000000000000000000004,1,924125000,0,-46.5,4.28287435977671,0,0,0.800015991210937,1.63,0,-5399.904296875
100000000000000000000003,1,924125000,0,-47.5,3.36862181019687,0,0,0.800015991210937,1.63,0,-5399.904296875
100000000000000000000000,1,924125000,0,-49.5,2.79798095710341,0,0,0.800015991210937,1.63,0,-5399.904296875
100000000000000000000003,1,924125000,0,-47.5,3.3870295796515,0,0,0.800015991210937,1.63,0,-5399.904296875
100000000000000000000002,1,924125000,0,-45.5,4.93328221384022,0,0,0.800015991210937,1.63,0,-5399.904296875
100000000000000000000001,1,924125000,0,-49,3.90858304753261,0,0,0.800015991210937,1.63,0,-5399.904296875
100000000000000000000004,1,924125000,0,-46.5,4.28901028292825,0,0,0.800015991210937,1.63,0,-5399.904296875
100000000000000000000001,1,924125000,0,-49,3.91471897068416,0,0,0.800015991210937,1.63,0,-5399.904296875
100000000000000000000000,1,924125000,0,-49.5,2.76116541819415,0,0,0.800015991210937,1.63,0,-5399.904296875
100000000000000000000003,1,924125000,0,-47,3.31339850183298,0,0,0.800015991210937,1.63,0,-5399.904296875
100000000000000000000004,1,924125000,0,-46,4.28901028292825,0,0,0.800015991210937,1.63,0,-5399.904296875
100000000000000000000002,1,924125000,0,-45.5,4.92101036753714,0,0,0.800015991210937,1.63,0,-5399.904296875
100000000000000000000002,1,924125000,0,-45.5,4.93941813699176,0,0,0.800015991210937,1.63,0,-5399.904296875
100000000000000000000004,1,924125000,0,-46.5,4.28901028292825,0,0,0.800015991210937,1.63,0,-5399.904296875
100000000000000000000001,1,924125000,0,-48.5,3.9208548938357,0,0,0.800015991210937,1.63,0,-5399.904296875
100000000000000000000003,1,924125000,0,-47.5,3.3440781175907,0,0,0.800015991210937,1.63,0,-5399.904296875
100000000000000000000000,1,924125000,0,-49.5,2.73662172558798,0,0,0.800015991210937,1.63,0,-5399.904296875
100000000000000000000002,1,924125000,0,-45.5,4.93941813699176,0,0,0.800015991210937,1.63,0,-5399.904296875
100000000000000000000000,1,924125000,0,-49.5,2.74275764873953,0,0,0.800015991210937,1.63,0,-5399.904296875
100000000000000000000004,1,924125000,0,-46.5,4.28901028292825,0,0,0.800015991210937,1.63,0,-5399.904296875
100000000000000000000003,1,924125000,0,-47.5,3.3870295796515,0,0,0.800015991210937,1.63,0,-5399.904296875
100000000000000000000001,1,924125000,0,-49,3.90858304753261,0,0,0.800015991210937,1.63,0,-5399.904296875
100000000000000000000002,1,924125000,0,-45.5,4.93328221384022,0,0,0.800015991210937,1.63,0,-5399.904296875
100000000000000000000003,1,924125000,0,-47.5,3.38089365649995,0,0,0.800015991210937,1.63,0,-5399.904296875
100000000000000000000001,1,924125000,0,-49,3.90858304753261,0,0,0.800015991210937,1.63,0,-5399.904296875
100000000000000000000004,1,924125000,0,-46.5,4.30128212923134,0,0,0.800015991210937,1.63,0,-5399.904296875
100000000000000000000000,1,924125000,0,-50,2.74889357189107,0,0,0.800015991210937,1.63,0,-5399.904296875
100000000000000000000003,1,924125000,0,-47.5,3.36248588704533,0,0,0.800015991210937,1.63,0,-5399.904296875
100000000000000000000004,1,924125000,0,-46.5,4.28287435977671,0,0,0.800015991210937,1.63,0,-5399.904296875
100000000000000000000002,1,924125000,0,-45.5,4.93328221384022,0,0,0.800015991210937,1.63,0,-5399.904296875
100000000000000000000000,1,924125000,0,-49.5,2.74275764873953,0,0,0.800015991210937,1.63,0,-5399.904296875
100000000000000000000001,1,924125000,0,-49,3.92699081698724,0,0,0.800015991210937,1.63,0,-5399.904296875
100000000000000000000002,1,924125000,0,-45.5,4.93941813699176,0,0,0.800015991210937,1.63,0,-5399.904296875
100000000000000000000000,1,924125000,0,-49.5,2.77957318764878,0,0,0.800015991210937,1.63,0,-5399.904296875
100000000000000000000004,1,924125000,0,-46.5,4.27673843662517,0,0,0.800015991210937,1.63,0,-5399.904296875
100000000000000000000001,1,924125000,0,-49,3.91471897068416,0,0,0.800015991210937,1.63,0,-5399.904296875
100000000000000000000003,1,924125000,0,-47.5,3.36862181019687,0,0,0.800015991210937,1.63,0,-5399.904296875
100000000000000000000000,1,924125000,0,-49.5,2.78570911080032,0,0,0.800015991210937,1.63,0,-5399.904296875
100000000000000000000003,1,924125000,0,-47.5,3.35021404074224,0,0,0.800015991210937,1.63,0,-5399.904296875
100000000000000000000004,1,924125000,0,-46.5,4.28901028292825,0,0,0.800015991210937,1.63,0,-5399.904296875
100000000000000000000001,1,924125000,0,-49,3.89631120122953,0,0,0.800015991210937,1.63,0,-5399.904296875
100000000000000000000002,1,924125000,0,-45.5,4.97009775274948,0,0,0.800015991210937,1.63,0,-5399.904296875
100000000000000000000002,1,924125000,0,-45.5,4.94555406014331,0,0,0.800015991210937,1.63,0,-5399.904296875
100000000000000000000000,1,924125000,0,-49.5,2.79184503395187,0,0,0.800015991210937,1.63,0,-5399.904296875
100000000000000000000004,1,924125000,0,-46.5,4.27060251347362,0,0,0.800015991210937,1.63,0,-5399.904296875
100000000000000000000001,1,924125000,0,-49,3.90858304753261,0,0,0.800015991210937,1.63,0,-5399.904296875
100000000000000000000003,1,924125000,0,-47.5,3.3870295796515,0,0,0.800015991210937,1.63,0,-5399.904296875
100000000000000000000000,1,924125000,0,-49.5,2.74275764873953,0,0,0.800015991210937,1.63,0,-5399.904296875
100000000000000000000004,1,924125000,0,-46,4.28901028292825,0,0,0.800015991210937,1.63,0,-5399.904296875
100000000000000000000003,1,924125000,0,-47.5,3.36862181019687,0,0,0.800015991210937,1.63,0,-5399.904296875
100000000000000000000001,1,924125000,0,-49,3.91471897068416,0,0,0.800015991210937,1.63,0,-5399.904296875
100000000000000000000002,1,924125000,0,-45.5,4.93941813699176,0,0,0.800015991210937,1.63,0,-5399.904296875
100000000000000000000003,1,924125000,0,-47.5,3.36248588704533,0,0,0.800015991210937,1.63,0,-5399.904296875
100000000000000000000000,1,924125000,0,-49.5,2.77343726449724,0,0,0.800015991210937,1.63,0,-5399.904296875
100000000000000000000004,1,924125000,0,-46.5,4.27673843662517,0,0,0.800015991210937,1.63,0,-5399.904296875
100000000000000000000002,1,924125000,0,-45.5,4.92714629068868,0,0,0.800015991210937,1.63,0,-5399.904296875
100000000000000000000001,1,924125000,0,-49,3.89631120122953,0,0,0.800015991210937,1.63,0,-5399.904296875
100000000000000000000004,1,924125000,0,-46.5,4.28901028292825,0,0,0.800015991210937,1.63,0,-5399.904296875
100000000000000000000001,1,924125000,0,-49,3.89017527807799,0,0,0.800015991210937,1.63,0,-5399.904296875
100000000000000000000003,1,924125000,0,-47.5,3.3440781175907,0,0,0.800015991210937,1.63,0,-5399.904296875
100000000000000000000002,1,924125000,0,-45.5,4.94555406014331,0,0,0.800015991210937,1.63,0,-5399.904296875
100000000000000000000000,1,924125000,0,-49.5,2.77343726449724,0,0,0.800015991210937,1.63,0,-5399.904296875
100000000000000000000002,1,924125000,0,-45.5,4.95168998329485,0,0,0.800015991210937,1.63,0,-5399.904296875
100000000000000000000003,1,924125000,0,-47.5,3.35021404074224,0,0,0.800015991210937,1.63,0,-5399.904296875
100000000000000000000000,1,924125000,0,-49.5,2.78570911080032,0,0,0.800015991210937,1.63,0,-5399.904296875
100000000000000000000001,1,924125000,0,-49,3.91471897068416,0,0,0.800015991210937,1.63,0,-5399.904296875
100000000000000000000004,1,924125000,0,-46.5,4.30128212923134,0,0,0.800015991210937,1.63,0,-5399.904296875
100000000000000000000001,1,924125000,0,-49,3.9208548938357,0,0,0.800015991210937,1.63,0,-5399.904296875
100000000000000000000003,1,924125000,0,-47.5,3.37475773334841,0,0,0.800015991210937,1.63,0,-5399.904296875
100000000000000000000000,1,924125000,0,-49.5,2.74275764873953,0,0,0.800015991210937,1.63,0,-5399.904296875
100000000000000000000002,1,924125000,0,-45.5,4.93941813699176,0,0,0.800015991210937,1.63,0,-5399.904296875
100000000000000000000004,1,924125000,0,-46.5,4.28287435977671,0,0,0.800015991210937,1.63,0,-5399.904296875
100000000000000000000003,1,924125000,0,-47.5,3.35634996389378,0,0,0.800015991210937,1.63,0,-5399.904296875
100000000000000000000001,1,924125000,0,-49,3.9208548938357,0,0,0.800015991210937,1.63,0,-5399.904296875
100000000000000000000000,1,924125000,0,-49.5,2.74275764873953,0,0,0.800015991210937,1.63,0,-5399.904296875
100000000000000000000004,1,924125000,0,-46.5,4.28287435977671,0,0,0.800015991210937,1.63,0,-5399.904296875
100000000000000000000002,1,924125000,0,-45.5,4.93328221384022,0,0,0.800015991210937,1.63,0,-5399.904296875
100000000000000000000004,1,924125000,0,-46.5,4.30128212923134,0,0,0.800015991210937,1.63,0,-5399.904296875
100000000000000000000003,1,924125000,0,-47.5,3.35634996389378,0,0,0.800015991210937,1.63,0,-5399.904296875
100000000000000000000002,1,924125000,0,-45.5,4.93941813699176,0,0,0.800015991210937,1.63,0,-5399.904296875
100000000000000000000001,1,924125000,0,-49,3.9208548938357,0,0,0.800015991210937,1.63,0,-5399.904296875
100000000000000000000000,1,924125000,0,-49.5,2.77343726449724,0,0,0.800015991210937,1.63,0,-5399.904296875
100000000000000000000003,1,924125000,0,-47.5,3.36862181019687,0,0,0.800015991210937,1.63,0,-5399.904296875
100000000000000000000000,1,924125000,0,-49.5,2.7673013413457,0,0,0.800015991210937,1.63,0,-5399.904296875
100000000000000000000004,1,924125000,0,-46,4.2951462060798,0,0,0.800015991210937,1.63,0,-5399.904296875
100000000000000000000002,1,924125000,0,-45.5,4.95168998329485,0,0,0.800015991210937,1.63,0,-5399.904296875
100000000000000000000001,1,924125000,0,-49,3.92699081698724,0,0,0.800015991210937,1.63,0,-5399.904296875
100000000000000000000000,1,924125000,0,-49.5,2.79798095710341,0,0,0.800015991210937,1.63,0,-5399.904296875
100000000000000000000001,1,924125000,0,-49,3.91471897068416,0,0,0.800015991210937,1.63,0,-5399.904296875
100000000000000000000002,1,924125000,0,-45.5,4.96396182959793,0,0,0.800015991210937,1.63,0,-5399.904296875
100000000000000000000004,1,924125000,0,-46,4.2951462060798,0,0,0.800015991210937,1.63,0,-5399.904296875
100000000000000000000003,1,924125000,0,-47.5,3.36248588704533,0,0,0.800015991210937,1.63,0,-5399.904296875
100000000000000000000002,1,924125000,0,-45.5,4.94555406014331,0,0,0.800015991210937,1.63,0,-5399.904296875
100000000000000000000003,1,924125000,0,-47.5,3.36248588704533,0,0,0.800015991210937,1.63,0,-5399.904296875
100000000000000000000004,1,924125000,0,-46.5,4.28287435977671,0,0,0.800015991210937,1.63,0,-5399.904296875
100000000000000000000001,1,924125000,0,-49,3.93312674013878,0,0,0.800015991210937,1.63,0,-5399.904296875
100000000000000000000000,1,924125000,0,-49.5,2.77957318764878,0,0,0.800015991210937,1.63,0,-5399.904296875
100000000000000000000003,1,924125000,0,-47.5,3.38089365649995,0,0,0.800015991210937,1.63,0,-5399.904296875
100000000000000000000002,1,924125000,0,-45.5,4.93941813699176,0,0,0.800015991210937,1.63,0,-5399.904296875
100000000000000000000004,1,924125000,0,-46.5,4.28287435977671,0,0,0.800015991210937,1.63,0,-5399.904296875
100000000000000000000001,1,924125000,0,-49,3.9208548938357,0,0,0.800015991210937,1.63,0,-5399.904296875
100000000000000000000000,1,924125000,0,-50,2.79184503395187,0,0,0.800015991210937,1.63,0,-5399.904296875
100000000000000000000000,1,924125000,0,-49.5,2.76116541819415,0,0,0.800015991210937,1.63,0,-5399.904296875
100000000000000000000003,1,924125000,0,-47,3.36248588704533,0,0,0.800015991210937,1.63,0,-5399.904296875
100000000000000000000004,1,924125000,0,-46.5,4.2951462060798,0,0,0.800015991210937,1.63,0,-5399.904296875
100000000000000000000001,1,924125000,0,-49,3.89631120122953,0,0,0.800015991210937,1.63,0,-5399.904296875
100000000000000000000002,1,924125000,0,-45.5,4.96396182959793,0,0,0.800015991210937,1.63,0,-5399.904296875
100000000000000000000002,1,924125000,0,-45.5,4.94555406014331,0,0,0.800015991210937,1.63,0,-5399.904296875
100000000000000000000001,1,924125000,0,-49,3.9208548938357,0,0,0.800015991210937,1.63,0,-5399.904296875
100000000000000000000000,1,924125000,0,-49.5,2.79798095710341,0,0,0.800015991210937,1.63,0,-5399.904296875
100000000000000000000004,1,924125000,0,-46.5,4.28901028292825,0,0,0.800015991210937,1.63,0,-5399.904296875
100000000000000000000003,1,924125000,0,-47.5,3.36862181019687,0,0,0.800015991210937,1.63,0,-5399.904296875
100000000000000000000000,1,924125000,0,-49.5,2.75502949504261,0,0,0.800015991210937,1.63,0,-5399.904296875
100000000000000000000004,1,924125000,0,-46.5,4.27673843662517,0,0,0.800015991210937,1.63,0,-5399.904296875
100000000000000000000002,1,924125000,0,-45.5,4.96396182959793,0,0,0.800015991210937,1.63,0,-5399.904296875
100000000000000000000001,1,924125000,0,-49,3.93312674013878,0,0,0.800015991210937,1.63,0,-5399.904296875
100000000000000000000003,1,924125000,0,-47.5,3.38089365649995,0,0,0.800015991210937,1.63,0,-5399.904296875
100000000000000000000004,1,924125000,0,-46.5,4.27673843662517,0,0,0.800015991210937,1.63,0,-5399.904296875
100000000000000000000000,1,924125000,0,-49.5,2.74889357189107,0,0,0.800015991210937,1.63,0,-5399.904296875
100000000000000000000001,1,924125000,0,-49,3.9208548938357,0,0,0.800015991210937,1.63,0,-5399.904296875
100000000000000000000003,1,924125000,0,-47.5,3.36248588704533,0,0,0.800015991210937,1.63,0,-5399.904296875
100000000000000000000002,1,924125000,0,-45.5,4.94555406014331,0,0,0.800015991210937,1.63,0,-5399.904296875
100000000000000000000000,1,924125000,0,-49.5,2.7673013413457,0,0,0.800015991210937,1.63,0,-5399.904296875
100000000000000000000003,1,924125000,0,-47.5,3.35634996389378,0,0,0.800015991210937,1.63,0,-5399.904296875
100000000000000000000001,1,924125000,0,-49,3.9208548938357,0,0,0.800015991210937,1.63,0,-5399.904296875
100000000000000000000004,1,924125000,0,-46.5,4.28901028292825,0,0,0.800015991210937,1.63,0,-5399.904296875
100000000000000000000002,1,924125000,0,-45.5,4.93941813699176,0,0,0.800015991210937,1.63,0,-5399.904296875
100000000000000000000001,1,924125000,0,-49,3.92699081698724,0,0,0.800015991210937,1.63,0,-5399.904296875
100000000000000000000000,1,924125000,0,-49.5,2.74275764873953,0,0,0.800015991210937,1.63,0,-5399.904296875
100000000000000000000004,1,924125000,0,-46.5,4.2951462060798,0,0,0.800015991210937,1.63,0,-5399.904296875
100000000000000000000002,1,924125000,0,-45.5,4.97009775274948,0,0,0.800015991210937,1.63,0,-5399.904296875
100000000000000000000003,1,924125000,0,-47.5,3.35634996389378,0,0,0.800015991210937,1.63,0,-5399.904296875
100000000000000000000003,1,924125000,0,-47.5,3.37475773334841,0,0,0.800015991210937,1.63,0,-5399.904296875
100000000000000000000002,1,924125000,0,-45.5,4.97009775274948,0,0,0.800015991210937,1.63,0,-5399.904296875
100000000000000000000004,1,924125000,0,-46.5,4.27673843662517,0,0,0.800015991210937,1.63,0,-5399.904296875
100000000000000000000001,1,924125000,0,-49,3.89017527807799,0,0,0.800015991210937,1.63,0,-5399.904296875
100000000000000000000000,1,924125000,0,-49.5,2.71821395613336,0,0,0.800015991210937,1.63,0,-5399.904296875
100000000000000000000004,1,924125000,0,-46.5,4.31355397553442,0,0,0.800015991210937,1.63,0,-5399.904296875
100000000000000000000001,1,924125000,0,-49,3.90858304753261,0,0,0.800015991210937,1.63,0,-5399.904296875
100000000000000000000002,1,924125000,0,-45.5,4.93941813699176,0,0,0.800015991210937,1.63,0,-5399.904296875
100000000000000000000000,1,924125000,0,-49.5,2.74889357189107,0,0,0.800015991210937,1.63,0,-5399.904296875
100000000000000000000003,1,924125000,0,-47.5,3.35634996389378,0,0,0.800015991210937,1.63,0,-5399.904296875
100000000000000000000001,1,924125000,0,-49,3.9208548938357,0,0,0.800015991210937,1.63,0,-5399.904296875
100000000000000000000003,1,924125000,0,-47.5,3.36248588704533,0,0,0.800015991210937,1.63,0,-5399.904296875
100000000000000000000004,1,924125000,0,-46.5,4.27673843662517,0,0,0.800015991210937,1.63,0,-5399.904296875
100000000000000000000002,1,924125000,0,-45.5,4.94555406014331,0,0,0.800015991210937,1.63,0,-5399.904296875
100000000000000000000000,1,924125000,0,-49.5,2.74275764873953,0,0,0.800015991210937,1.63,0,-5399.904296875
100000000000000000000000,1,924125000,0,-49.5,2.78570911080032,0,0,0.800015991210937,1.63,0,-5399.904296875
100000000000000000000004,1,924125000,0,-46.5,4.27673843662517,0,0,0.800015991210937,1.63,0,-5399.904296875
100000000000000000000003,1,924125000,0,-47.5,3.37475773334841,0,0,0.800015991210937,1.63,0,-5399.904296875
100000000000000000000002,1,924125000,0,-45.5,4.94555406014331,0,0,0.800015991210937,1.63,0,-5399.904296875
100000000000000000000001,1,924125000,0,-49,3.9208548938357,0,0,0.800015991210937,1.63,0,-5399.904296875
100000000000000000000004,1,924125000,0,-46.5,4.28287435977671,0,0,0.800015991210937,1.63,0,-5399.904296875
100000000000000000000000,1,924125000,0,-49.5,2.74889357189107,0,0,0.800015991210937,1.63,0,-5399.904296875
100000000000000000000002,1,924125000,0,-45.5,4.94555406014331,0,0,0.800015991210937,1.63,0,-5399.904296875
100000000000000000000003,1,924125000,0,-47,3.36862181019687,0,0,0.800015991210937,1.63,0,-5399.904296875
100000000000000000000001,1,924125000,0,-49,3.90244712438107,0,0,0.800015991210937,1.63,0,-5399.904296875
100000000000000000000000,1,924125000,0,-49.5,2.76116541819415,0,0,0.800015991210937,1.63,0,-5399.904296875
100000000000000000000001,1,924125000,0,-49,3.90858304753261,0,0,0.800015991210937,1.63,0,-5399.904296875
100000000000000000000003,1,924125000,0,-47.5,3.36248588704533,0,0,0.800015991210937,1.63,0,-5399.904296875
100000000000000000000002,1,924125000,0,-45.5,4.92101036753714,0,0,0.800015991210937,1.63,0,-5399.904296875
100000000000000000000004,1,924125000,0,-46.5,4.28901028292825,0,0,0.800015991210937,1.63,0,-5399.904296875
100000000000000000000001,1,924125000,0,-49,3.92699081698724,0,0,0.800015991210937,1.63,0,-5399.904296875
100000000000000000000002,1,924125000,0,-45.5,4.94555406014331,0,0,0.800015991210937,1.63,0,-5399.904296875
100000000000000000000003,1,924125000,0,-47.5,3.36862181019687,0,0,0.800015991210937,1.63,0,-5399.904296875
100000000000000000000000,1,924125000,0,-49.5,2.7673013413457,0,0,0.800015991210937,1.63,0,-5399.904296875
100000000000000000000004,1,924125000,0,-46.5,4.30128212923134,0,0,0.800015991210937,1.63,0,-5399.904296875
100000000000000000000003,1,924125000,0,-47.5,3.3870295796515,0,0,0.800015991210937,1.63,0,-5399.904296875
100000000000000000000004,1,924125000,0,-46.5,4.30128212923134,0,0,0.800015991210937,1.63,0,-5399.904296875
100000000000000000000001,1,924125000,0,-49,3.9208548938357,0,0,0.800015991210937,1.63,0,-5399.904296875
100000000000000000000000,1,924125000,0,-49.5,2.74889357189107,0,0,0.800015991210937,1.63,0,-5399.904296875
100000000000000000000002,1,924125000,0,-45.5,4.93941813699176,0,0,0.800015991210937,1.63,0,-5399.904296875
100000000000000000000002,1,924125000,0,-45.5,4.93941813699176,0,0,0.800015991210937,1.63,0,-5399.904296875
100000000000000000000001,1,924125000,0,-49,3.92699081698724,0,0,0.800015991210937,1.63,0,-5399.904296875
100000000000000000000004,1,924125000,0,-46.5,4.27673843662517,0,0,0.800015991210937,1.63,0,-5399.904296875
100000000000000000000000,1,924125000,0,-49.5,2.80411688025495,0,0,0.800015991210937,1.63,0,-5399.904296875
100000000000000000000003,1,924125000,0,-47.5,3.36248588704533,0,0,0.800015991210937,1.63,0,-5399.904296875
100000000000000000000000,1,924125000,0,-49.5,2.76116541819415,0,0,0.800015991210937,1.63,0,-5399.904296875
100000000000000000000002,1,924125000,0,-45.5,4.95168998329485,0,0,0.800015991210937,1.63,0,-5399.904296875
100000000000000000000004,1,924125000,0,-46.5,4.2951462060798,0,0,0.800015991210937,1.63,0,-5399.904296875
100000000000000000000001,1,924125000,0,-49,3.89631120122953,0,0,0.800015991210937,1.63,0,-5399.904296875
100000000000000000000003,1,924125000,0,-47,3.36248588704533,0,0,0.800015991210937,1.63,0,-5399.904296875
100000000000000000000004,1,924125000,0,-46.5,4.28901028292825,0,0,0.800015991210937,1.63,0,-5399.904296875
100000000000000000000003,1,924125000,0,-47,3.35634996389378,0,0,0.800015991210937,1.63,0,-5399.904296875
100000000000000000000001,1,924125000,0,-49,3.9208548938357,0,0,0.800015991210937,1.63,0,-5399.904296875
100000000000000000000000,1,924125000,0,-49.5,2.74889357189107,0,0,0.800015991210937,1.63,0,-5399.904296875
100000000000000000000002,1,924125000,0,-45.5,4.92101036753714,0,0,0.800015991210937,1.63,0,-5399.904296875
100000000000000000000003,1,924125000,0,-47.5,3.36248588704533,0,0,0.800015991210937,1.63,0,-5399.904296875
100000000000000000000000,1,924125000,0,-49.5,2.74889357189107,0,0,0.800015991210937,1.63,0,-5399.904296875
100000000000000000000002,1,924125000,0,-45.5,4.92101036753714,0,0,0.800015991210937,1.63,0,-5399.904296875
100000000000000000000001,1,924125000,0,-49,3.91471897068416,0,0,0.800015991210937,1.63,0,-5399.904296875
100000000000000000000004,1,924125000,0,-46,4.28287435977671,0,0,0.800015991210937,1.63,0,-5399.904296875
100000000000000000000003,1,924125000,0,-47.5,3.3870295796515,0,0,0.800015991210937,1.63,0,-5399.904296875
100000000000000000000004,1,924125000,0,-46.5,4.28901028292825,0,0,0.800015991210937,1.63,0,-5399.904296875
100000000000000000000000,1,924125000,0,-49.5,2.7673013413457,0,0,0.800015991210937,1.63,0,-5399.904296875
100000000000000000000002,1,924125000,0,-45.5,4.95782590644639,0,0,0.800015991210937,1.63,0,-5399.904296875
100000000000000000000001,1,924125000,0,-49,3.92699081698724,0,0,0.800015991210937,1.63,0,-5399.904296875
100000000000000000000001,1,924125000,0,-49,3.93926266329033,0,0,0.800015991210937,1.63,0,-5399.904296875
100000000000000000000004,1,924125000,0,-46,4.28287435977671,0,0,0.800015991210937,1.63,0,-5399.904296875
100000000000000000000002,1,924125000,0,-45.5,4.95168998329485,0,0,0.800015991210937,1.63,0,-5399.904296875
100000000000000000000003,1,924125000,0,-47.5,3.37475773334841,0,0,0.800015991210937,1.63,0,-5399.904296875
100000000000000000000000,1,924125000,0,-49.5,2.76116541819415,0,0,0.800015991210937,1.63,0,-5399.904296875
100000000000000000000003,1,924125000,0,-47.5,3.37475773334841,0,0,0.800015991210937,1.63,0,-5399.904296875
100000000000000000000000,1,924125000,0,-49.5,2.76116541819415,0,0,0.800015991210937,1.63,0,-5399.904296875
100000000000000000000002,1,924125000,0,-45.5,4.93941813699176,0,0,0.800015991210937,1.63,0,-5399.904296875
100000000000000000000004,1,924125000,0,-46.5,4.27673843662517,0,0,0.800015991210937,1.63,0,-5399.904296875
100000000000000000000001,1,924125000,0,-49,3.9208548938357,0,0,0.800015991210937,1.63,0,-5399.904296875
100000000000000000000002,1,924125000,0,-45.5,4.93941813699176,0,0,0.800015991210937,1.63,0,-5399.904296875
100000000000000000000004,1,924125000,0,-46.5,4.28901028292825,0,0,0.800015991210937,1.63,0,-5399.904296875
100000000000000000000001,1,924125000,0,-49,3.92699081698724,0,0,0.800015991210937,1.63,0,-5399.904296875
100000000000000000000000,1,924125000,0,-49.5,2.77343726449724,0,0,0.800015991210937,1.63,0,-5399.904296875
100000000000000000000003,1,924125000,0,-47.5,3.36248588704533,0,0,0.800015991210937,1.63,0,-5399.904296875
100000000000000000000003,1,924125000,0,-47.5,3.3440781175907,0,0,0.800015991210937,1.63,0,-5399.904296875
100000000000000000000004,1,924125000,0,-46.5,4.28901028292825,0,0,0.800015991210937,1.63,0,-5399.904296875
100000000000000000000001,1,924125000,0,-49,3.93312674013878,0,0,0.800015991210937,1.63,0,-5399.904296875
100000000000000000000000,1,924125000,0,-49.5,2.78570911080032,0,0,0.800015991210937,1.63,0,-5399.904296875
100000000000000000000002,1,924125000,0,-45.5,4.95168998329485,0,0,0.800015991210937,1.63,0,-5399.904296875
100000000000000000000001,1,924125000,0,-49,3.92699081698724,0,0,0.800015991210937,1.63,0,-5399.904296875
100000000000000000000004,1,924125000,0,-46.5,4.27673843662517,0,0,0.800015991210937,1.63,0,-5399.904296875
100000000000000000000000,1,924125000,0,-49.5,2.78570911080032,0,0,0.800015991210937,1.63,0,-5399.904296875
100000000000000000000002,1,924125000,0,-45.5,4.95168998329485,0,0,0.800015991210937,1.63,0,-5399.904296875
100000000000000000000003,1,924125000,0,-47.5,3.35021404074224,0,0,0.800015991210937,1.63,0,-5399.904296875
100000000000000000000000,1,924125000,0,-49.5,2.75502949504261,0,0,0.800015991210937,1.63,0,-5399.904296875
100000000000000000000001,1,924125000,0,-49,3.92699081698724,0,0,0.800015991210937,1.63,0,-5399.904296875
100000000000000000000004,1,924125000,0,-46,4.28287435977671,0,0,0.800015991210937,1.63,0,-5399.904296875
100000000000000000000002,1,924125000,0,-45.5,4.93328221384022,0,0,0.800015991210937,1.63,0,-5399.904296875
100000000000000000000003,1,924125000,0,-47,3.38089365649995,0,0,0.800015991210937,1.63,0,-5399.904296875
100000000000000000000001,1,924125000,0,-49,3.90244712438107,0,0,0.800015991210937,1.63,0,-5399.904296875
100000000000000000000000,1,924125000,0,-49.5,2.76116541819415,0,0,0.800015991210937,1.63,0,-5399.904296875
100000000000000000000003,1,924125000,0,-47.5,3.37475773334841,0,0,0.800015991210937,1.63,0,-5399.904296875
100000000000000000000004,1,924125000,0,-46.5,4.27673843662517,0,0,0.800015991210937,1.63,0,-5399.904296875
100000000000000000000002,1,924125000,0,-45.5,4.95782590644639,0,0,0.800015991210937,1.63,0,-5399.904296875
100000000000000000000000,1,924125000,0,-49.5,2.77957318764878,0,0,0.800015991210937,1.63,0,-5399.904296875
100000000000000000000003,1,924125000,0,-47.5,3.37475773334841,0,0,0.800015991210937,1.63,0,-5399.904296875
100000000000000000000002,1,924125000,0,-45.5,4.95782590644639,0,0,0.800015991210937,1.63,0,-5399.904296875
100000000000000000000004,1,924125000,0,-46.5,4.27060251347362,0,0,0.800015991210937,1.63,0,-5399.904296875
100000000000000000000001,1,924125000,0,-49,3.93926266329033,0,0,0.800015991210937,1.63,0,-5399.904296875
100000000000000000000002,1,924125000,0,-45.5,4.93328221384022,0,0,0.800015991210937,1.63,0,-5399.904296875
100000000000000000000001,1,924125000,0,-49,3.93926266329033,0,0,0.800015991210937,1.63,0,-5399.904296875
100000000000000000000004,1,924125000,0,-46.5,4.28287435977671,0,0,0.800015991210937,1.63,0,-5399.904296875
100000000000000000000000,1,924125000,0,-50,2.78570911080032,0,0,0.800015991210937,1.63,0,-5399.904296875
100000000000000000000003,1,924125000,0,-47.5,3.37475773334841,0,0,0.800015991210937,1.63,0,-5399.904296875
100000000000000000000001,1,924125000,0,-49,3.9208548938357,0,0,0.800015991210937,1.63,0,-5399.904296875
100000000000000000000003,1,924125000,0,-47.5,3.3440781175907,0,0,0.800015991210937,1.63,0,-5399.904296875
100000000000000000000004,1,924125000,0,-46,4.27060251347362,0,0,0.800015991210937,1.63,0,-5399.904296875
100000000000000000000002,1,924125000,0,-45.5,4.93941813699176,0,0,0.800015991210937,1.63,0,-5399.904296875
100000000000000000000000,1,924125000,0,-49.5,2.7673013413457,0,0,0.800015991210937,1.63,0,-5399.904296875
100000000000000000000001,1,924125000,0,-49,3.92699081698724,0,0,0.800015991210937,1.63,0,-5399.904296875
100000000000000000000002,1,924125000,0,-45.5,4.96396182959793,0,0,0.800015991210937,1.63,0,-5399.904296875
100000000000000000000003,1,924125000,0,-47.5,3.38089365649995,0,0,0.800015991210937,1.63,0,-5399.904296875
100000000000000000000004,1,924125000,0,-46.5,4.27673843662517,0,0,0.800015991210937,1.63,0,-5399.904296875
100000000000000000000000,1,924125000,0,-50,2.77957318764878,0,0,0.800015991210937,1.63,0,-5399.904296875
100000000000000000000002,1,924125000,0,-45.5,4.95782590644639,0,0,0.800015991210937,1.63,0,-5399.904296875
100000000000000000000003,1,924125000,0,-47,3.36248588704533,0,0,0.800015991210937,1.63,0,-5399.904296875
100000000000000000000004,1,924125000,0,-46,4.28287435977671,0,0,0.800015991210937,1.63,0,-5399.904296875
100000000000000000000000,1,924125000,0,-49.5,2.7673013413457,0,0,0.800015991210937,1.63,0,-5399.904296875
100000000000000000000001,1,924125000,0,-49,3.91471897068416,0,0,0.800015991210937,1.63,0,-5399.904296875
100000000000000000000004,1,924125000,0,-46.5,4.28901028292825,0,0,0.800015991210937,1.63,0,-5399.904296875
100000000000000000000002,1,924125000,0,-45.5,4.95168998329485,0,0,0.800015991210937,1.63,0,-5399.904296875
100000000000000000000001,1,924125000,0,-49,3.93926266329033,0,0,0.800015991210937,1.63,0,-5399.904296875
100000000000000000000003,1,924125000,0,-47.5,3.36862181019687,0,0,0.800015991210937,1.63,0,-5399.904296875
100000000000000000000000,1,924125000,0,-49.5,2.74889357189107,0,0,0.800015991210937,1.63,0,-5399.904296875
100000000000000000000001,1,924125000,0,-49,3.91471897068416,0,0,0.800015991210937,1.63,0,-5399.904296875
100000000000000000000000,1,924125000,0,-49.5,2.79184503395187,0,0,0.800015991210937,1.63,0,-5399.904296875
100000000000000000000004,1,924125000,0,-46.5,4.27673843662517,0,0,0.800015991210937,1.63,0,-5399.904296875
100000000000000000000002,1,924125000,0,-45.5,4.94555406014331,0,0,0.800015991210937,1.63,0,-5399.904296875
100000000000000000000003,1,924125000,0,-47,3.36248588704533,0,0,0.800015991210937,1.63,0,-5399.904296875
100000000000000000000001,1,924125000,0,-49,3.90858304753261,0,0,0.800015991210937,1.63,0,-5399.904296875
100000000000000000000002,1,924125000,0,-45.5,4.95782590644639,0,0,0.800015991210937,1.63,0,-5399.904296875
100000000000000000000000,1,924125000,0,-49.5,2.79798095710341,0,0,0.800015991210937,1.63,0,-5399.904296875
100000000000000000000004,1,924125000,0,-46.5,4.28287435977671,0,0,0.800015991210937,1.63,0,-5399.904296875
100000000000000000000003,1,924125000,0,-47.5,3.38089365649995,0,0,0.800015991210937,1.63,0,-5399.904296875
100000000000000000000002,1,924125000,0,-45.5,4.95168998329485,0,0,0.800015991210937,1.63,0,-5399.904296875
100000000000000000000003,1,924125000,0,-47.5,3.36862181019687,0,0,0.800015991210937,1.63,0,-5399.904296875
100000000000000000000004,1,924125000,0,-46.5,4.2951462060798,0,0,0.800015991210937,1.63,0,-5399.904296875
100000000000000000000001,1,924125000,0,-49,3.90858304753261,0,0,0.800015991210937,1.63,0,-5399.904296875
100000000000000000000000,1,924125000,0,-49.5,2.77957318764878,0,0,0.800015991210937,1.63,0,-5399.904296875
100000000000000000000002,1,924125000,0,-45.5,4.95168998329485,0,0,0.800015991210937,1.63,0,-5399.904296875
100000000000000000000000,1,924125000,0,-49.5,2.78570911080032,0,0,0.800015991210937,1.63,0,-5399.904296875
100000000000000000000003,1,924125000,0,-47.5,3.36862181019687,0,0,0.800015991210937,1.63,0,-5399.904296875
100000000000000000000001,1,924125000,0,-49,3.94539858644187,0,0,0.800015991210937,1.63,0,-5399.904296875
100000000000000000000004,1,924125000,0,-46.5,4.27673843662517,0,0,0.800015991210937,1.63,0,-5399.904296875
100000000000000000000000,1,924125000,0,-49.5,2.76116541819415,0,0,0.800015991210937,1.63,0,-5399.904296875
100000000000000000000002,1,924125000,0,-45.5,4.92714629068868,0,0,0.800015991210937,1.63,0,-5399.904296875
100000000000000000000003,1,924125000,0,-47.5,3.38089365649995,0,0,0.800015991210937,1.63,0,-5399.904296875
100000000000000000000004,1,924125000,0,-46.5,4.28287435977671,0,0,0.800015991210937,1.63,0,-5399.904296875
100000000000000000000001,1,924125000,0,-49,3.9208548938357,0,0,0.800015991210937,1.63,0,-5399.904296875
100000000000000000000003,1,924125000,0,-47.5,3.3870295796515,0,0,0.800015991210937,1.63,0,-5399.904296875
100000000000000000000002,1,924125000,0,-45.5,4.95168998329485,0,0,0.800015991210937,1.63,0,-5399.904296875
100000000000000000000004,1,924125000,0,-46,4.30128212923134,0,0,0.800015991210937,1.63,0,-5399.904296875
100000000000000000000001,1,924125000,0,-49,3.93312674013878,0,0,0.800015991210937,1.63,0,-5399.904296875
100000000000000000000000,1,924125000,0,-49.5,2.75502949504261,0,0,0.800015991210937,1.63,0,-5399.904296875
100000000000000000000003,1,924125000,0,-47,3.36862181019687,0,0,0.800015991210937,1.63,0,-5399.904296875
100000000000000000000002,1,924125000,0,-45.5,4.97009775274948,0,0,0.800015991210937,1.63,0,-5399.904296875
100000000000000000000000,1,924125000,0,-49.5,2.7673013413457,0,0,0.800015991210937,1.63,0,-5399.904296875
100000000000000000000001,1,924125000,0,-49,3.94539858644187,0,0,0.800015991210937,1.63,0,-5399.904296875
100000000000000000000004,1,924125000,0,-46.5,4.30128212923134,0,0,0.800015991210937,1.63,0,-5399.904296875
100000000000000000000000,1,924125000,0,-49.5,2.75502949504261,0,0,0.800015991210937,1.63,0,-5399.904296875
100000000000000000000003,1,924125000,0,-47.5,3.36862181019687,0,0,0.800015991210937,1.63,0,-5399.904296875
100000000000000000000002,1,924125000,0,-45.5,4.93941813699176,0,0,0.800015991210937,1.63,0,-5399.904296875
100000000000000000000004,1,924125000,0,-46.5,4.27673843662517,0,0,0.800015991210937,1.63,0,-5399.904296875
100000000000000000000001,1,924125000,0,-49,3.93312674013878,0,0,0.800015991210937,1.63,0,-5399.904296875
100000000000000000000000,1,924125000,0,-49.5,2.76116541819415,0,0,0.800015991210937,1.63,0,-5399.904296875
100000000000000000000002,1,924125000,0,-45.5,4.93941813699176,0,0,0.800015991210937,1.63,0,-5399.904296875
100000000000000000000004,1,924125000,0,-46,4.2951462060798,0,0,0.800015991210937,1.63,0,-5399.904296875
100000000000000000000001,1,924125000,0,-49,3.92699081698724,0,0,0.800015991210937,1.63,0,-5399.904296875
100000000000000000000003,1,924125000,0,-47.5,3.35634996389378,0,0,0.800015991210937,1.63,0,-5399.904296875
100000000000000000000002,1,924125000,0,-45.5,4.95782590644639,0,0,0.800015991210937,1.63,0,-5399.904296875
100000000000000000000000,1,924125000,0,-49.5,2.77957318764878,0,0,0.800015991210937,1.63,0,-5399.904296875
100000000000000000000003,1,924125000,0,-47.5,3.36862181019687,0,0,0.800015991210937,1.63,0,-5399.904296875
100000000000000000000001,1,924125000,0,-49,3.93312674013878,0,0,0.800015991210937,1.63,0,-5399.904296875
100000000000000000000004,1,924125000,0,-46.5,4.28901028292825,0,0,0.800015991210937,1.63,0,-5399.904296875
100000000000000000000001,1,924125000,0,-49,3.91471897068416,0,0,0.800015991210937,1.63,0,-5399.904296875
100000000000000000000003,1,924125000,0,-47.5,3.35634996389378,0,0,0.800015991210937,1.63,0,-5399.904296875
100000000000000000000002,1,924125000,0,-45.5,4.95782590644639,0,0,0.800015991210937,1.63,0,-5399.904296875
100000000000000000000000,1,924125000,0,-49.5,2.75502949504261,0,0,0.800015991210937,1.63,0,-5399.904296875
100000000000000000000004,1,924125000,0,-46.5,4.28287435977671,0,0,0.800015991210937,1.63,0,-5399.904296875
100000000000000000000002,1,924125000,0,-45.5,4.95168998329485,0,0,0.800015991210937,1.63,0,-5399.904296875
100000000000000000000003,1,924125000,0,-47.5,3.36862181019687,0,0,0.800015991210937,1.63,0,-5399.904296875
100000000000000000000000,1,924125000,0,-49.5,2.71207803298181,0,0,0.800015991210937,1.63,0,-5399.904296875
100000000000000000000001,1,924125000,0,-49,3.93312674013878,0,0,0.800015991210937,1.63,0,-5399.904296875
100000000000000000000004,1,924125000,0,-46.5,4.30741805238288,0,0,0.800015991210937,1.63,0,-5399.904296875
100000000000000000000001,1,924125000,0,-49,3.94539858644187,0,0,0.800015991210937,1.63,0,-5399.904296875
100000000000000000000000,1,924125000,0,-49.5,2.74275764873953,0,0,0.800015991210937,1.63,0,-5399.904296875
100000000000000000000003,1,924125000,0,-47.5,3.36862181019687,0,0,0.800015991210937,1.63,0,-5399.904296875
100000000000000000000004,1,924125000,0,-46.5,4.28287435977671,0,0,0.800015991210937,1.63,0,-5399.904296875
100000000000000000000002,1,924125000,0,-45.5,4.93941813699176,0,0,0.800015991210937,1.63,0,-5399.904296875
100000000000000000000001,1,924125000,0,-49,3.92699081698724,0,0,0.800015991210937,1.63,0,-5399.904296875
100000000000000000000000,1,924125000,0,-49.5,2.77343726449724,0,0,0.800015991210937,1.63,0,-5399.904296875
100000000000000000000002,1,924125000,0,-45.5,4.95782590644639,0,0,0.800015991210937,1.63,0,-5399.904296875
100000000000000000000003,1,924125000,0,-47,3.38089365649995,0,0,0.800015991210937,1.63,0,-5399.904296875
100000000000000000000004,1,924125000,0,-46.5,4.28287435977671,0,0,0.800015991210937,1.63,0,-5399.904296875
100000000000000000000003,1,924125000,0,-47.5,3.36248588704533,0,0,0.800015991210937,1.63,0,-5399.904296875
100000000000000000000002,1,924125000,0,-45.5,4.96396182959793,0,0,0.800015991210937,1.63,0,-5399.904296875
100000000000000000000001,1,924125000,0,-49,3.93312674013878,0,0,0.800015991210937,1.63,0,-5399.904296875
100000000000000000000000,1,924125000,0,-49.5,2.74889357189107,0,0,0.800015991210937,1.63,0,-5399.904296875
100000000000000000000004,1,924125000,0,-46.5,4.2951462060798,0,0,0.800015991210937,1.63,0,-5399.904296875
100000000000000000000001,1,924125000,0,-49,3.91471897068416,0,0,0.800015991210937,1.63,0,-5399.904296875
100000000000000000000004,1,924125000,0,-46.5,4.27673843662517,0,0,0.800015991210937,1.63,0,-5399.904296875
100000000000000000000000,1,924125000,0,-50,2.74889357189107,0,0,0.800015991210937,1.63,0,-5399.904296875
100000000000000000000003,1,924125000,0,-47,3.36862181019687,0,0,0.800015991210937,1.63,0,-5399.904296875
100000000000000000000002,1,924125000,0,-45.5,4.93328221384022,0,0,0.800015991210937,1.63,0,-5399.904296875
100000000000000000000003,1,924125000,0,-47.5,3.35021404074224,0,0,0.800015991210937,1.63,0,-5399.904296875
100000000000000000000002,1,924125000,0,-45.5,4.94555406014331,0,0,0.800015991210937,1.63,0,-5399.904296875
100000000000000000000000,1,924125000,0,-49.5,2.76116541819415,0,0,0.800015991210937,1.63,0,-5399.904296875
100000000000000000000001,1,924125000,0,-49,3.90858304753261,0,0,0.800015991210937,1.63,0,-5399.904296875
100000000000000000000004,1,924125000,0,-46,4.28287435977671,0,0,0.800015991210937,1.63,0,-5399.904296875
100000000000000000000004,1,924125000,0,-46.5,4.28287435977671,0,0,0.800015991210937,1.63,0,-5399.904296875
100000000000000000000003,1,924125000,0,-47.5,3.36248588704533,0,0,0.800015991210937,1.63,0,-5399.904296875
100000000000000000000000,1,924125000,0,-49.5,2.77957318764878,0,0,0.800015991210937,1.63,0,-5399.904296875
100000000000000000000001,1,924125000,0,-49,3.94539858644187,0,0,0.800015991210937,1.63,0,-5399.904296875
100000000000000000000002,1,924125000,0,-45.5,4.94555406014331,0,0,0.800015991210937,1.63,0,-5399.904296875
100000000000000000000002,1,924125000,0,-45.5,4.93328221384022,0,0,0.800015991210937,1.63,0,-5399.904296875
100000000000000000000000,1,924125000,0,-49.5,2.76116541819415,0,0,0.800015991210937,1.63,0,-5399.904296875
100000000000000000000003,1,924125000,0,-47.5,3.36248588704533,0,0,0.800015991210937,1.63,0,-5399.904296875
100000000000000000000004,1,924125000,0,-46.5,4.28901028292825,0,0,0.800015991210937,1.63,0,-5399.904296875
100000000000000000000001,1,924125000,0,-49,3.9208548938357,0,0,0.800015991210937,1.63,0,-5399.904296875
100000000000000000000003,1,924125000,0,-47.5,3.37475773334841,0,0,0.800015991210937,1.63,0,-5399.904296875
100000000000000000000004,1,924125000,0,-46.5,4.28287435977671,0,0,0.800015991210937,1.63,0,-5399.904296875
100000000000000000000000,1,924125000,0,-49.5,2.74275764873953,0,0,0.800015991210937,1.63,0,-5399.904296875
100000000000000000000001,1,924125000,0,-49,3.92699081698724,0,0,0.800015991210937,1.63,0,-5399.904296875
100000000000000000000002,1,924125000,0,-45.5,4.93328221384022,0,0,0.800015991210937,1.63,0,-5399.904296875
100000000000000000000003,1,924125000,0,-47,3.36248588704533,0,0,0.800015991210937,1.63,0,-5399.904296875
100000000000000000000002,1,924125000,0,-45.5,4.94555406014331,0,0,0.800015991210937,1.63,0,-5399.904296875
100000000000000000000001,1,924125000,0,-49,3.9208548938357,0,0,0.800015991210937,1.63,0,-5399.904296875
100000000000000000000004,1,924125000,0,-46.5,4.28901028292825,0,0,0.800015991210937,1.63,0,-5399.904296875
100000000000000000000000,1,924125000,0,-49.5,2.74889357189107,0,0,0.800015991210937,1.63,0,-5399.904296875
100000000000000000000000,1,924125000,0,-49.5,2.74275764873953,0,0,0.800015991210937,1.63,0,-5399.904296875
100000000000000000000001,1,924125000,0,-49,3.92699081698724,0,0,0.800015991210937,1.63,0,-5399.904296875
100000000000000000000003,1,924125000,0,-47.5,3.35021404074224,0,0,0.800015991210937,1.63,0,-5399.904296875
100000000000000000000002,1,924125000,0,-45.5,4.95168998329485,0,0,0.800015991210937,1.63,0,-5399.904296875
100000000000000000000004,1,924125000,0,-46.5,4.27673843662517,0,0,0.800015991210937,1.63,0,-5399.904296875
100000000000000000000002,1,924125000,0,-45.5,4.95782590644639,0,0,0.800015991210937,1.63,0,-5399.904296875
100000000000000000000000,1,924125000,0,-49.5,2.78570911080032,0,0,0.800015991210937,1.63,0,-5399.904296875
100000000000000000000004,1,924125000,0,-46.5,4.28901028292825,0,0,0.800015991210937,1.63,0,-5399.904296875
100000000000000000000003,1,924125000,0,-47,3.3870295796515,0,0,0.800015991210937,1.63,0,-5399.904296875
100000000000000000000001,1,924125000,0,-49,3.9208548938357,0,0,0.800015991210937,1.63,0,-5399.904296875
100000000000000000000004,1,924125000,0,-46,4.27673843662517,0,0,0.800015991210937,1.63,0,-5399.904296875
100000000000000000000002,1,924125000,0,-45.5,4.94555406014331,0,0,0.800015991210937,1.63,0,-5399.904296875
100000000000000000000003,1,924125000,0,-47.5,3.35634996389378,0,0,0.800015991210937,1.63,0,-5399.904296875
100000000000000000000001,1,924125000,0,-49,3.91471897068416,0,0,0.800015991210937,1.63,0,-5399.904296875
100000000000000000000000,1,924125000,0,-49.5,2.74889357189107,0,0,0.800015991210937,1.63,0,-5399.904296875
100000000000000000000004,1,924125000,0,-46.5,4.28287435977671,0,0,0.800015991210937,1.63,0,-5399.904296875
100000000000000000000000,1,924125000,0,-49.5,2.74275764873953,0,0,0.800015991210937,1.63,0,-5399.904296875
100000000000000000000003,1,924125000,0,-47.5,3.36862181019687,0,0,0.800015991210937,1.63,0,-5399.904296875
100000000000000000000002,1,924125000,0,-45.5,4.95168998329485,0,0,0.800015991210937,1.63,0,-5399.904296875
100000000000000000000001,1,924125000,0,-49,3.92699081698724,0,0,0.800015991210937,1.63,0,-5399.904296875
100000000000000000000003,1,924125000,0,-47,3.37475773334841,0,0,0.800015991210937,1.63,0,-5399.904296875
100000000000000000000001,1,924125000,0,-49,3.92699081698724,0,0,0.800015991210937,1.63,0,-5399.904296875
100000000000000000000000,1,924125000,0,-49.5,2.73662172558798,0,0,0.800015991210937,1.63,0,-5399.904296875
100000000000000000000002,1,924125000,0,-45.5,4.93941813699176,0,0,0.800015991210937,1.63,0,-5399.904296875
100000000000000000000004,1,924125000,0,-46,4.28287435977671,0,0,0.800015991210937,1.63,0,-5399.904296875
100000000000000000000001,1,924125000,0,-49,3.94539858644187,0,0,0.800015991210937,1.63,0,-5399.904296875
100000000000000000000004,1,924125000,0,-46,4.28901028292825,0,0,0.800015991210937,1.63,0,-5399.904296875
100000000000000000000003,1,924125000,0,-47.5,3.36248588704533,0,0,0.800015991210937,1.63,0,-5399.904296875
100000000000000000000000,1,924125000,0,-49.5,2.78570911080032,0,0,0.800015991210937,1.63,0,-5399.904296875
100000000000000000000002,1,924125000,0,-45.5,4.94555406014331,0,0,0.800015991210937,1.63,0,-5399.904296875
100000000000000000000003,1,924125000,0,-47.5,3.36862181019687,0,0,0.800015991210937,1.63,0,-5399.904296875
100000000000000000000004,1,924125000,0,-46.5,4.27673843662517,0,0,0.800015991210937,1.63,0,-5399.904296875
100000000000000000000001,1,924125000,0,-49,3.92699081698724,0,0,0.800015991210937,1.63,0,-5399.904296875
100000000000000000000000,1,924125000,0,-49.5,2.75502949504261,0,0,0.800015991210937,1.63,0,-5399.904296875
100000000000000000000002,1,924125000,0,-45.5,4.95782590644639,0,0,0.800015991210937,1.63,0,-5399.904296875
100000000000000000000002,1,924125000,0,-45.5,4.93328221384022,0,0,0.800015991210937,1.63,0,-5399.904296875
100000000000000000000004,1,924125000,0,-46.5,4.27673843662517,0,0,0.800015991210937,1.63,0,-5399.904296875
100000000000000000000001,1,924125000,0,-49,3.93926266329033,0,0,0.800015991210937,1.63,0,-5399.904296875
100000000000000000000003,1,924125000,0,-47.5,3.38089365649995,0,0,0.800015991210937,1.63,0,-5399.904296875
100000000000000000000000,1,924125000,0,-49.5,2.73048580243644,0,0,0.800015991210937,1.63,0,-5399.904296875
100000000000000000000004,1,924125000,0,-46,4.27673843662517,0,0,0.800015991210937,1.63,0,-5399.904296875
100000000000000000000002,1,924125000,0,-45.5,4.95168998329485,0,0,0.800015991210937,1.63,0,-5399.904296875
100000000000000000000001,1,924125000,0,-49,3.92699081698724,0,0,0.800015991210937,1.63,0,-5399.904296875
100000000000000000000000,1,924125000,0,-49.5,2.73662172558798,0,0,0.800015991210937,1.63,0,-5399.904296875
100000000000000000000003,1,924125000,0,-47.5,3.35634996389378,0,0,0.800015991210937,1.63,0,-5399.904296875
100000000000000000000002,1,924125000,0,-45.5,4.91487444438559,0,0,0.800015991210937,1.63,0,-5399.904296875
100000000000000000000000,1,924125000,0,-49.5,2.73662172558798,0,0,0.800015991210937,1.63,0,-5399.904296875
100000000000000000000003,1,924125000,0,-47.5,3.36862181019687,0,0,0.800015991210937,1.63,0,-5399.904296875
100000000000000000000004,1,924125000,0,-46.5,4.28901028292825,0,0,0.800015991210937,1.63,0,-5399.904296875
100000000000000000000001,1,924125000,0,-49,3.91471897068416,0,0,0.800015991210937,1.63,0,-5399.904296875
100000000000000000000000,1,924125000,0,-49.5,2.7243498792849,0,0,0.800015991210937,1.63,0,-5399.904296875
100000000000000000000002,1,924125000,0,-45.5,4.92101036753714,0,0,0.800015991210937,1.63,0,-5399.904296875
100000000000000000000004,1,924125000,0,-46.5,4.26446659032208,0,0,0.800015991210937,1.63,0,-5399.904296875
100000000000000000000001,1,924125000,0,-49,3.89631120122953,0,0,0.800015991210937,1.63,0,-5399.904296875
100000000000000000000003,1,924125000,0,-47.5,3.35634996389378,0,0,0.800015991210937,1.63,0,-5399.904296875
100000000000000000000001,1,924125000,0,-49,3.90858304753261,0,0,0.800015991210937,1.63,0,-5399.904296875
100000000000000000000002,1,924125000,0,-45.5,4.95782590644639,0,0,0.800015991210937,1.63,0,-5399.904296875
100000000000000000000003,1,924125000,0,-47.5,3.37475773334841,0,0,0.800015991210937,1.63,0,-5399.904296875
100000000000000000000004,1,924125000,0,-46.5,4.30128212923134,0,0,0.800015991210937,1.63,0,-5399.904296875
100000000000000000000000,1,924125000,0,-49.5,2.77343726449724,0,0,0.800015991210937,1.63,0,-5399.904296875
100000000000000000000003,1,924125000,0,-47.5,3.36862181019687,0,0,0.800015991210937,1.63,0,-5399.904296875
100000000000000000000001,1,924125000,0,-49,3.92699081698724,0,0,0.800015991210937,1.63,0,-5399.904296875
100000000000000000000000,1,924125000,0,-49.5,2.75502949504261,0,0,0.800015991210937,1.63,0,-5399.904296875
100000000000000000000004,1,924125000,0,-46,4.27673843662517,0,0,0.800015991210937,1.63,0,-5399.904296875
100000000000000000000002,1,924125000,0,-45.5,4.95168998329485,0,0,0.800015991210937,1.63,0,-5399.904296875
100000000000000000000002,1,924125000,0,-45.5,4.93328221384022,0,0,0.800015991210937,1.63,0,-5399.904296875
100000000000000000000001,1,924125000,0,-49,3.91471897068416,0,0,0.800015991210937,1.63,0,-5399.904296875
100000000000000000000003,1,920625000,0,-48,1.74260217503809,0,0,0.800015991210937,1.63,0,-5399.904296875
100000000000000000000004,1,920625000,0,-47,2.73048580243644,0,0,0.800015991210937,1.63,0,-5399.904296875
100000000000000000000000,1,920625000,0,-50.5,1.03083508945915,0,0,0.800015991210937,1.63,0,-5399.904296875
100000000000000000000004,1,920625000,0,-47,2.74275764873953,0,0,0.800015991210937,1.63,0,-5399.904296875
100000000000000000000003,1,920625000,0,-48,1.69965071297729,0,0,0.800015991210937,1.63,0,-5399.904296875
100000000000000000000001,1,920625000,0,-48.5,2.35619449019234,0,0,0.800015991210937,1.63,0,-5399.904296875
100000000000000000000002,1,920625000,0,-45.5,3.33794219443916,0,0,0.800015991210937,1.63,0,-5399.904296875
100000000000000000000000,1,920625000,0,-50.5,1.04924285891378,0,0,0.800015991210937,1.63,0,-5399.904296875
100000000000000000000004,1,920625000,0,-47,2.75502949504261,0,0,0.800015991210937,1.63,0,-5399.904296875
100000000000000000000002,1,920625000,0,-45.5,3.33794219443916,0,0,0.800015991210937,1.63,0,-5399.904296875
100000000000000000000001,1,920625000,0,-48.5,2.3500585670408,0,0,0.800015991210937,1.63,0,-5399.904296875
100000000000000000000003,1,920625000,0,-48.5,1.74260217503809,0,0,0.800015991210937,1.63,0,-5399.904296875
100000000000000000000000,1,920625000,0,-50.5,1.10446616727766,0,0,0.800015991210937,1.63,0,-5399.904296875
100000000000000000000000,1,920625000,0,-50,1.07992247467149,0,0,0.800015991210937,1.63,0,-5399.904296875
100000000000000000000004,1,920625000,0,-47,2.75502949504261,0,0,0.800015991210937,1.63,0,-5399.904296875
100000000000000000000002,1,920625000,0,-46,3.33794219443916,0,0,0.800015991210937,1.63,0,-5399.904296875
100000000000000000000001,1,920625000,0,-48.5,2.35619449019234,0,0,0.800015991210937,1.63,0,-5399.904296875
100000000000000000000003,1,920625000,0,-48,1.71192255928038,0,0,0.800015991210937,1.63,0,-5399.904296875
100000000000000000000000,1,920625000,0,-50.5,1.06151470521686,0,0,0.800015991210937,1.63,0,-5399.904296875
100000000000000000000001,1,920625000,0,-48.5,2.3500585670408,0,0,0.800015991210937,1.63,0,-5399.904296875
100000000000000000000003,1,920625000,0,-48,1.74260217503809,0,0,0.800015991210937,1.63,0,-5399.904296875
100000000000000000000002,1,920625000,0,-45.5,3.32567034813607,0,0,0.800015991210937,1.63,0,-5399.904296875
100000000000000000000004,1,920625000,0,-47,2.75502949504261,0,0,0.800015991210937,1.63,0,-5399.904296875
100000000000000000000004,1,920625000,0,-47,2.7243498792849,0,0,0.800015991210937,1.63,0,-5399.904296875
100000000000000000000002,1,920625000,0,-45.5,3.33794219443916,0,0,0.800015991210937,1.63,0,-5399.904296875
100000000000000000000003,1,920625000,0,-48.5,1.73646625188655,0,0,0.800015991210937,1.63,0,-5399.904296875
100000000000000000000001,1,920625000,0,-48.5,2.38073818279852,0,0,0.800015991210937,1.63,0,-5399.904296875
100000000000000000000000,1,920625000,0,-50.5,1.07992247467149,0,0,0.800015991210937,1.63,0,-5399.904296875
100000000000000000000004,1,920625000,0,-47,2.74275764873953,0,0,0.800015991210937,1.63,0,-5399.904296875
100000000000000000000002,1,920625000,0,-45.5,3.3440781175907,0,0,0.800015991210937,1.63,0,-5399.904296875
100000000000000000000001,1,920625000,0,-48.5,2.36233041334389,0,0,0.800015991210937,1.63,0,-5399.904296875
100000000000000000000003,1,920625000,0,-48.5,1.69351478982575,0,0,0.800015991210937,1.63,0,-5399.904296875
100000000000000000000000,1,920625000,0,-50,1.09219432097458,0,0,0.800015991210937,1.63,0,-5399.904296875
100000000000000000000001,1,920625000,0,-48.5,2.34392264388926,0,0,0.800015991210937,1.63,0,-5399.904296875
100000000000000000000002,1,920625000,0,-45.5,3.32567034813607,0,0,0.800015991210937,1.63,0,-5399.904296875
100000000000000000000004,1,920625000,0,-47,2.74889357189107,0,0,0.800015991210937,1.63,0,-5399.904296875
100000000000000000000003,1,920625000,0,-48.5,1.73646625188655,0,0,0.800015991210937,1.63,0,-5399.904296875
100000000000000000000000,1,920625000,0,-50.5,1.06151470521686,0,0,0.800015991210937,1.63,0,-5399.904296875
100000000000000000000004,1,920625000,0,-47,2.69980618667873,0,0,0.800015991210937,1.63,0,-5399.904296875
100000000000000000000003,1,920625000,0,-48,1.72419440558346,0,0,0.800015991210937,1.63,0,-5399.904296875
100000000000000000000000,1,920625000,0,-50,1.02469916630761,0,0,0.800015991210937,1.63,0,-5399.904296875
100000000000000000000002,1,920625000,0,-45.5,3.31953442498453,0,0,0.800015991210937,1.63,0,-5399.904296875
100000000000000000000001,1,920625000,0,-48.5,2.33778672073772,0,0,0.800015991210937,1.63,0,-5399.904296875
100000000000000000000003,1,920625000,0,-48.5,1.730330328735,0,0,0.800015991210937,1.63,0,-5399.904296875
100000000000000000000000,1,920625000,0,-50.5,1.08605839782303,0,0,0.800015991210937,1.63,0,-5399.904296875
100000000000000000000002,1,920625000,0,-45.5,3.33180627128761,0,0,0.800015991210937,1.63,0,-5399.904296875
100000000000000000000001,1,920625000,0,-48.5,2.3500585670408,0,0,0.800015991210937,1.63,0,-5399.904296875
100000000000000000000004,1,920625000,0,-47,2.73662172558798,0,0,0.800015991210937,1.63,0,-5399.904296875
100000000000000000000003,1,920625000,0,-48,1.75487402134117,0,0,0.800015991210937,1.63,0,-5399.904296875
100000000000000000000001,1,920625000,0,-48.5,2.35619449019234,0,0,0.800015991210937,1.63,0,-5399.904296875
100000000000000000000002,1,920625000,0,-45.5,3.33794219443916,0,0,0.800015991210937,1.63,0,-5399.904296875
100000000000000000000000,1,920625000,0,-50.5,1.06765062836841,0,0,0.800015991210937,1.63,0,-5399.904296875
100000000000000000000004,1,920625000,0,-47,2.74275764873953,0,0,0.800015991210937,1.63,0,-5399.904296875
100000000000000000000003,1,920625000,0,-48,1.74873809818963,0,0,0.800015991210937,1.63,0,-5399.904296875
100000000000000000000004,1,920625000,0,-47,2.7243498792849,0,0,0.800015991210937,1.63,0,-5399.904296875
100000000000000000000002,1,920625000,0,-45.5,3.33794219443916,0,0,0.800015991210937,1.63,0,-5399.904296875
100000000000000000000001,1,920625000,0,-48.5,2.35619449019234,0,0,0.800015991210937,1.63,0,-5399.904296875
100000000000000000000000,1,920625000,0,-50,1.07378655151995,0,0,0.800015991210937,1.63,0,-5399.904296875
100000000000000000000003,1,920625000,0,-48.5,1.730330328735,0,0,0.800015991210937,1.63,0,-5399.904296875
100000000000000000000001,1,920625000,0,-48.5,2.33778672073772,0,0,0.800015991210937,1.63,0,-5399.904296875
100000000000000000000000,1,920625000,0,-50.5,1.07992247467149,0,0,0.800015991210937,1.63,0,-5399.904296875
100000000000000000000002,1,920625000,0,-45.5,3.30726257868144,0,0,0.800015991210937,1.63,0,-5399.904296875
100000000000000000000004,1,920625000,0,-47,2.74275764873953,0,0,0.800015991210937,1.63,0,-5399.904296875
100000000000000000000003,1,920625000,0,-48,1.71805848243192,0,0,0.800015991210937,1.63,0,-5399.904296875
100000000000000000000004,1,920625000,0,-47,2.7243498792849,0,0,0.800015991210937,1.63,0,-5399.904296875
100000000000000000000001,1,920625000,0,-48.5,2.35619449019234,0,0,0.800015991210937,1.63,0,-5399.904296875
100000000000000000000002,1,920625000,0,-45.5,3.35634996389378,0,0,0.800015991210937,1.63,0,-5399.904296875
100000000000000000000000,1,920625000,0,-50,1.07992247467149,0,0,0.800015991210937,1.63,0,-5399.904296875
100000000000000000000002,1,920625000,0,-45.5,3.3440781175907,0,0,0.800015991210937,1.63,0,-5399.904296875
100000000000000000000001,1,920625000,0,-48.5,2.35619449019234,0,0,0.800015991210937,1.63,0,-5399.904296875
100000000000000000000000,1,920625000,0,-50.5,1.04924285891378,0,0,0.800015991210937,1.63,0,-5399.904296875
100000000000000000000004,1,920625000,0,-47,2.73662172558798,0,0,0.800015991210937,1.63,0,-5399.904296875
100000000000000000000003,1,920625000,0,-48,1.71192255928038,0,0,0.800015991210937,1.63,0,-5399.904296875
100000000000000000000002,1,920625000,0,-45.5,3.30726257868144,0,0,0.800015991210937,1.63,0,-5399.904296875
100000000000000000000003,1,920625000,0,-48,1.70578663612883,0,0,0.800015991210937,1.63,0,-5399.904296875
100000000000000000000001,1,920625000,0,-48.5,2.3500585670408,0,0,0.800015991210937,1.63,0,-5399.904296875
100000000000000000000004,1,920625000,0,-47,2.73662172558798,0,0,0.800015991210937,1.63,0,-5399.904296875
100000000000000000000000,1,920625000,0,-50,1.09219432097458,0,0,0.800015991210937,1.63,0,-5399.904296875
100000000000000000000001,1,920625000,0,-48.5,2.35619449019234,0,0,0.800015991210937,1.63,0,-5399.904296875
100000000000000000000002,1,920625000,0,-45.5,3.33794219443916,0,0,0.800015991210937,1.63,0,-5399.904296875
100000000000000000000003,1,920625000,0,-48,1.75487402134117,0,0,0.800015991210937,1.63,0,-5399.904296875
100000000000000000000004,1,920625000,0,-47,2.7243498792849,0,0,0.800015991210937,1.63,0,-5399.904296875
100000000000000000000000,1,920625000,0,-50,1.07992247467149,0,0,0.800015991210937,1.63,0,-5399.904296875
100000000000000000000002,1,920625000,0,-45.5,3.30726257868144,0,0,0.800015991210937,1.63,0,-5399.904296875
100000000000000000000001,1,920625000,0,-48.5,2.34392264388926,0,0,0.800015991210937,1.63,0,-5399.904296875
100000000000000000000004,1,920625000,0,-47,2.74275764873953,0,0,0.800015991210937,1.63,0,-5399.904296875
100000000000000000000000,1,920625000,0,-50.5,1.06765062836841,0,0,0.800015991210937,1.63,0,-5399.904296875
100000000000000000000003,1,920625000,0,-48,1.69351478982575,0,0,0.800015991210937,1.63,0,-5399.904296875
100000000000000000000002,1,920625000,0,-46,3.31339850183298,0,0,0.800015991210937,1.63,0,-5399.904296875
100000000000000000000003,1,920625000,0,-48,1.70578663612883,0,0,0.800015991210937,1.63,0,-5399.904296875
100000000000000000000004,1,920625000,0,-47,2.7243498792849,0,0,0.800015991210937,1.63,0,-5399.904296875
100000000000000000000000,1,920625000,0,-50,1.04924285891378,0,0,0.800015991210937,1.63,0,-5399.904296875
100000000000000000000001,1,920625000,0,-48.5,2.36233041334389,0,0,0.800015991210937,1.63,0,-5399.904296875
100000000000000000000000,1,920625000,0,-50,1.07378655151995,0,0,0.800015991210937,1.63,0,-5399.904296875
100000000000000000000002,1,920625000,0,-45.5,3.35634996389378,0,0,0.800015991210937,1.63,0,-5399.904296875
100000000000000000000004,1,920625000,0,-47,2.74275764873953,0,0,0.800015991210937,1.63,0,-5399.904296875
100000000000000000000001,1,920625000,0,-48.5,2.33165079758617,0,0,0.800015991210937,1.63,0,-5399.904296875
100000000000000000000003,1,920625000,0,-48,1.74873809818963,0,0,0.800015991210937,1.63,0,-5399.904296875
100000000000000000000004,1,920625000,0,-47,2.73662172558798,0,0,0.800015991210937,1.63,0,-5399.904296875
100000000000000000000001,1,920625000,0,-48.5,2.33778672073772,0,0,0.800015991210937,1.63,0,-5399.904296875
100000000000000000000000,1,920625000,0,-50,1.07992247467149,0,0,0.800015991210937,1.63,0,-5399.904296875
100000000000000000000003,1,920625000,0,-48.5,1.68737886667421,0,0,0.800015991210937,1.63,0,-5399.904296875
100000000000000000000002,1,920625000,0,-45.5,3.32567034813607,0,0,0.800015991210937,1.63,0,-5399.904296875
100000000000000000000001,1,920625000,0,-48.5,2.36233041334389,0,0,0.800015991210937,1.63,0,-5399.904296875
100000000000000000000004,1,920625000,0,-47,2.73662172558798,0,0,0.800015991210937,1.63,0,-5399.904296875
100000000000000000000000,1,920625000,0,-50.5,1.07992247467149,0,0,0.800015991210937,1.63,0,-5399.904296875
100000000000000000000003,1,920625000,0,-48,1.74260217503809,0,0,0.800015991210937,1.63,0,-5399.904296875
100000000000000000000002,1,920625000,0,-46,3.33794219443916,0,0,0.800015991210937,1.63,0,-5399.904296875
100000000000000000000004,1,920625000,0,-47,2.73048580243644,0,0,0.800015991210937,1.63,0,-5399.904296875
100000000000000000000003,1,920625000,0,-48.5,1.730330328735,0,0,0.800015991210937,1.63,0,-5399.904296875
100000000000000000000001,1,920625000,0,-48.5,2.36846633649543,0,0,0.800015991210937,1.63,0,-5399.904296875
100000000000000000000000,1,920625000,0,-50.5,1.07992247467149,0,0,0.800015991210937,1.63,0,-5399.904296875
100000000000000000000002,1,920625000,0,-45.5,3.33794219443916,0,0,0.800015991210937,1.63,0,-5399.904296875
100000000000000000000004,1,920625000,0,-47,2.74275764873953,0,0,0.800015991210937,1.63,0,-5399.904296875
100000000000000000000001,1,920625000,0,-48.5,2.3500585670408,0,0,0.800015991210937,1.63,0,-5399.904296875
100000000000000000000002,1,920625000,0,-45.5,3.31953442498453,0,0,0.800015991210937,1.63,0,-5399.904296875
100000000000000000000000,1,920625000,0,-50.5,1.07378655151995,0,0,0.800015991210937,1.63,0,-5399.904296875
100000000000000000000003,1,920625000,0,-48,1.72419440558346,0,0,0.800015991210937,1.63,0,-5399.904296875
100000000000000000000001,1,920625000,0,-48.5,2.36233041334389,0,0,0.800015991210937,1.63,0,-5399.904296875
100000000000000000000000,1,920625000,0,-50.5,1.07378655151995,0,0,0.800015991210937,1.63,0,-5399.904296875
100000000000000000000004,1,920625000,0,-47,2.70594210983027,0,0,0.800015991210937,1.63,0,-5399.904296875
100000000000000000000002,1,920625000,0,-45.5,3.31953442498453,0,0,0.800015991210937,1.63,0,-5399.904296875
100000000000000000000003,1,920625000,0,-48,1.71192255928038,0,0,0.800015991210937,1.63,0,-5399.904296875
100000000000000000000003,1,920625000,0,-48.5,1.70578663612883,0,0,0.800015991210937,1.63,0,-5399.904296875
100000000000000000000002,1,920625000,0,-45.5,3.33180627128761,0,0,0.800015991210937,1.63,0,-5399.904296875
100000000000000000000004,1,920625000,0,-47,2.73662172558798,0,0,0.800015991210937,1.63,0,-5399.904296875
100000000000000000000000,1,920625000,0,-50,1.01242732000452,0,0,0.800015991210937,1.63,0,-5399.904296875
100000000000000000000001,1,920625000,0,-48.5,2.32551487443463,0,0,0.800015991210937,1.63,0,-5399.904296875
100000000000000000000003,1,920625000,0,-48,1.72419440558346,0,0,0.800015991210937,1.63,0,-5399.904296875
100000000000000000000000,1,920625000,0,-50,1.06151470521686,0,0,0.800015991210937,1.63,0,-5399.904296875
100000000000000000000001,1,920625000,0,-48.5,2.36233041334389,0,0,0.800015991210937,1.63,0,-5399.904296875
100000000000000000000002,1,920625000,0,-46,3.33794219443916,0,0,0.800015991210937,1.63,0,-5399.904296875
100000000000000000000004,1,920625000,0,-47,2.73048580243644,0,0,0.800015991210937,1.63,0,-5399.904296875
100000000000000000000000,1,920625000,0,-50.5,1.06151470521686,0,0,0.800015991210937,1.63,0,-5399.904296875
100000000000000000000002,1,920625000,0,-45.5,3.31953442498453,0,0,0.800015991210937,1.63,0,-5399.904296875
100000000000000000000001,1,920625000,0,-48.5,2.36233041334389,0,0,0.800015991210937,1.63,0,-5399.904296875
100000000000000000000003,1,920625000,0,-48,1.71192255928038,0,0,0.800015991210937,1.63,0,-5399.904296875
100000000000000000000004,1,920625000,0,-47,2.73662172558798,0,0,0.800015991210937,1.63,0,-5399.904296875
100000000000000000000003,1,920625000,0,-48.5,1.72419440558346,0,0,0.800015991210937,1.63,0,-5399.904296875
100000000000000000000004,1,920625000,0,-47,2.74889357189107,0,0,0.800015991210937,1.63,0,-5399.904296875
100000000000000000000000,1,920625000,0,-50,1.09219432097458,0,0,0.800015991210937,1.63,0,-5399.904296875
100000000000000000000002,1,920625000,0,-45.5,3.33794219443916,0,0,0.800015991210937,1.63,0,-5399.904296875
100000000000000000000001,1,920625000,0,-48.5,2.40528187540469,0,0,0.800015991210937,1.63,0,-5399.904296875
100000000000000000000002,1,920625000,0,-46,3.31339850183298,0,0,0.800015991210937,1.63,0,-5399.904296875
100000000000000000000000,1,920625000,0,-50.5,1.08605839782303,0,0,0.800015991210937,1.63,0,-5399.904296875
100000000000000000000004,1,920625000,0,-47,2.74889357189107,0,0,0.800015991210937,1.63,0,-5399.904296875
100000000000000000000003,1,920625000,0,-48,1.71805848243192,0,0,0.800015991210937,1.63,0,-5399.904296875
100000000000000000000001,1,920625000,0,-48.5,2.36233041334389,0,0,0.800015991210937,1.63,0,-5399.904296875
100000000000000000000003,1,920625000,0,-48,1.69965071297729,0,0,0.800015991210937,1.63,0,-5399.904296875
100000000000000000000000,1,920625000,0,-50.5,1.05537878206532,0,0,0.800015991210937,1.63,0,-5399.904296875
100000000000000000000004,1,920625000,0,-47,2.7673013413457,0,0,0.800015991210937,1.63,0,-5399.904296875
100000000000000000000002,1,920625000,0,-46,3.31339850183298,0,0,0.800015991210937,1.63,0,-5399.904296875
100000000000000000000001,1,920625000,0,-48.5,2.33778672073772,0,0,0.800015991210937,1.63,0,-5399.904296875
100000000000000000000000,1,920625000,0,-50,1.09219432097458,0,0,0.800015991210937,1.63,0,-5399.904296875
100000000000000000000002,1,920625000,0,-45.5,3.33794219443916,0,0,0.800015991210937,1.63,0,-5399.904296875
100000000000000000000003,1,920625000,0,-48,1.71805848243192,0,0,0.800015991210937,1.63,0,-5399.904296875
100000000000000000000004,1,920625000,0,-47,2.73048580243644,0,0,0.800015991210937,1.63,0,-5399.904296875
100000000000000000000001,1,920625000,0,-48.5,2.3500585670408,0,0,0.800015991210937,1.63,0,-5399.904296875
100000000000000000000002,1,920625000,0,-45.5,3.32567034813607,0,0,0.800015991210937,1.63,0,-5399.904296875
100000000000000000000003,1,920625000,0,-48,1.71805848243192,0,0,0.800015991210937,1.63,0,-5399.904296875
100000000000000000000004,1,920625000,0,-47,2.7243498792849,0,0,0.800015991210937,1.63,0,-5399.904296875
100000000000000000000000,1,920625000,0,-50,1.07992247467149,0,0,0.800015991210937,1.63,0,-5399.904296875
100000000000000000000001,1,920625000,0,-48.5,2.34392264388926,0,0,0.800015991210937,1.63,0,-5399.904296875
100000000000000000000002,1,920625000,0,-45.5,3.33180627128761,0,0,0.800015991210937,1.63,0,-5399.904296875
100000000000000000000001,1,920625000,0,-48.5,2.3500585670408,0,0,0.800015991210937,1.63,0,-5399.904296875
100000000000000000000004,1,920625000,0,-47,2.73662172558798,0,0,0.800015991210937,1.63,0,-5399.904296875
100000000000000000000003,1,920625000,0,-48,1.71805848243192,0,0,0.800015991210937,1.63,0,-5399.904296875
100000000000000000000000,1,920625000,0,-50,1.04924285891378,0,0,0.800015991210937,1.63,0,-5399.904296875
100000000000000000000004,1,920625000,0,-47,2.74275764873953,0,0,0.800015991210937,1.63,0,-5399.904296875
100000000000000000000003,1,920625000,0,-48,1.72419440558346,0,0,0.800015991210937,1.63,0,-5399.904296875
100000000000000000000001,1,920625000,0,-48.5,2.34392264388926,0,0,0.800015991210937,1.63,0,-5399.904296875
100000000000000000000000,1,920625000,0,-50.5,1.07378655151995,0,0,0.800015991210937,1.63,0,-5399.904296875
100000000000000000000002,1,920625000,0,-45.5,3.32567034813607,0,0,0.800015991210937,1.63,0,-5399.904296875
100000000000000000000000,1,920625000,0,-50.5,1.03083508945915,0,0,0.800015991210937,1.63,0,-5399.904296875
100000000000000000000002,1,920625000,0,-45.5,3.31953442498453,0,0,0.800015991210937,1.63,0,-5399.904296875
100000000000000000000001,1,920625000,0,-48.5,2.3500585670408,0,0,0.800015991210937,1.63,0,-5399.904296875
100000000000000000000003,1,920625000,0,-48,1.71192255928038,0,0,0.800015991210937,1.63,0,-5399.904296875
100000000000000000000004,1,920625000,0,-47,2.73048580243644,0,0,0.800015991210937,1.63,0,-5399.904296875
100000000000000000000003,1,920625000,0,-48,1.68737886667421,0,0,0.800015991210937,1.63,0,-5399.904296875
100000000000000000000000,1,920625000,0,-50,1.06151470521686,0,0,0.800015991210937,1.63,0,-5399.904296875
100000000000000000000001,1,920625000,0,-48.5,2.36846633649543,0,0,0.800015991210937,1.63,0,-5399.904296875
100000000000000000000002,1,920625000,0,-45.5,3.35634996389378,0,0,0.800015991210937,1.63,0,-5399.904296875
100000000000000000000004,1,920625000,0,-47,2.74889357189107,0,0,0.800015991210937,1.63,0,-5399.904296875
100000000000000000000004,1,920625000,0,-47,2.73048580243644,0,0,0.800015991210937,1.63,0,-5399.904296875
100000000000000000000003,1,920625000,0,-48.5,1.75487402134117,0,0,0.800015991210937,1.63,0,-5399.904296875
100000000000000000000000,1,920625000,0,-50,1.05537878206532,0,0,0.800015991210937,1.63,0,-5399.904296875
100000000000000000000001,1,920625000,0,-48.5,2.35619449019234,0,0,0.800015991210937,1.63,0,-5399.904296875
100000000000000000000002,1,920625000,0,-45.5,3.35021404074224,0,0,0.800015991210937,1.63,0,-5399.904296875
100000000000000000000004,1,920625000,0,-47,2.74275764873953,0,0,0.800015991210937,1.63,0,-5399.904296875
100000000000000000000000,1,920625000,0,-50,1.07378655151995,0,0,0.800015991210937,1.63,0,-5399.904296875
100000000000000000000002,1,920625000,0,-45.5,3.31953442498453,0,0,0.800015991210937,1.63,0,-5399.904296875
100000000000000000000003,1,920625000,0,-48,1.70578663612883,0,0,0.800015991210937,1.63,0,-5399.904296875
100000000000000000000001,1,920625000,0,-48.5,2.36846633649543,0,0,0.800015991210937,1.63,0,-5399.904296875
100000000000000000000000,1,920625000,0,-50,1.07992247467149,0,0,0.800015991210937,1.63,0,-5399.904296875
100000000000000000000001,1,920625000,0,-48.5,2.36233041334389,0,0,0.800015991210937,1.63,0,-5399.904296875
100000000000000000000003,1,920625000,0,-48.5,1.73646625188655,0,0,0.800015991210937,1.63,0,-5399.904296875
100000000000000000000002,1,920625000,0,-45.5,3.3440781175907,0,0,0.800015991210937,1.63,0,-5399.904296875
100000000000000000000004,1,920625000,0,-47,2.73048580243644,0,0,0.800015991210937,1.63,0,-5399.904296875
100000000000000000000003,1,920625000,0,-48.5,1.68124294352266,0,0,0.800015991210937,1.63,0,-5399.904296875
100000000000000000000000,1,920625000,0,-50.5,1.03697101261069,0,0,0.800015991210937,1.63,0,-5399.904296875
100000000000000000000002,1,920625000,0,-46,3.33794219443916,0,0,0.800015991210937,1.63,0,-5399.904296875
100000000000000000000001,1,920625000,0,-48.5,2.32551487443463,0,0,0.800015991210937,1.63,0,-5399.904296875
100000000000000000000004,1,920625000,0,-47,2.74275764873953,0,0,0.800015991210937,1.63,0,-5399.904296875
100000000000000000000003,1,920625000,0,-48.5,1.74260217503809,0,0,0.800015991210937,1.63,0,-5399.904296875
100000000000000000000001,1,920625000,0,-48.5,2.3500585670408,0,0,0.800015991210937,1.63,0,-5399.904296875
100000000000000000000004,1,920625000,0,-47,2.74889357189107,0,0,0.800015991210937,1.63,0,-5399.904296875
100000000000000000000002,1,920625000,0,-45.5,3.32567034813607,0,0,0.800015991210937,1.63,0,-5399.904296875
100000000000000000000000,1,920625000,0,-50.5,1.03083508945915,0,0,0.800015991210937,1.63,0,-5399.904296875
100000000000000000000000,1,920625000,0,-50.5,1.05537878206532,0,0,0.800015991210937,1.63,0,-5399.904296875
100000000000000000000004,1,920625000,0,-47,2.74889357189107,0,0,0.800015991210937,1.63,0,-5399.904296875
100000000000000000000003,1,920625000,0,-48.5,1.72419440558346,0,0,0.800015991210937,1.63,0,-5399.904296875
100000000000000000000002,1,920625000,0,-45.5,3.31339850183298,0,0,0.800015991210937,1.63,0,-5399.904296875
100000000000000000000001,1,920625000,0,-48.5,2.33778672073772,0,0,0.800015991210937,1.63,0,-5399.904296875
100000000000000000000002,1,920625000,0,-45.5,3.3440781175907,0,0,0.800015991210937,1.63,0,-5399.904296875
100000000000000000000003,1,920625000,0,-48,1.70578663612883,0,0,0.800015991210937,1.63,0,-5399.904296875
100000000000000000000004,1,920625000,0,-47,2.75502949504261,0,0,0.800015991210937,1.63,0,-5399.904296875
100000000000000000000001,1,920625000,0,-48.5,2.34392264388926,0,0,0.800015991210937,1.63,0,-5399.904296875
100000000000000000000000,1,920625000,0,-50.5,1.06765062836841,0,0,0.800015991210937,1.63,0,-5399.904296875
100000000000000000000002,1,920625000,0,-46,3.3011266555299,0,0,0.800015991210937,1.63,0,-5399.904296875
100000000000000000000003,1,920625000,0,-48.5,1.69351478982575,0,0,0.800015991210937,1.63,0,-5399.904296875
100000000000000000000001,1,920625000,0,-48.5,2.35619449019234,0,0,0.800015991210937,1.63,0,-5399.904296875
100000000000000000000000,1,920625000,0,-50,1.04310693576224,0,0,0.800015991210937,1.63,0,-5399.904296875
100000000000000000000004,1,920625000,0,-47,2.74889357189107,0,0,0.800015991210937,1.63,0,-5399.904296875
