epc,antennaIndex,frequency,time,RSSI,phase,dopplerShift,velocity,x,y,z,angle
100000000000000000000001,1,921125000,0,-44.5,3.6324665057132,0,0,0.560039978027344,1.63,0,-5399.92822265625
100000000000000000000002,1,921125000,0,-43,5.86594253287469,0,0,0.560039978027344,1.63,0,-5399.92822265625
100000000000000000000003,1,921125000,0,-45.5,1.20877686085389,0,0,0.560039978027344,1.63,0,-5399.92822265625
100000000000000000000000,1,921125000,0,-51.5,3.6324665057132,0,0,0.560039978027344,1.63,0,-5399.92822265625
100000000000000000000004,1,921125000,0,-46,2.57708772364788,0,0,0.560039978027344,1.63,0,-5399.92822265625
100000000000000000000001,1,921125000,0,-44.5,3.62019465941011,0,0,0.560039978027344,1.63,0,-5399.92822265625
100000000000000000000000,1,921125000,0,-51,3.62633058256166,0,0,0.560039978027344,1.63,0,-5399.92822265625
100000000000000000000002,1,921125000,0,-43,5.88435030232932,0,0,0.560039978027344,1.63,0,-5399.92822265625
100000000000000000000004,1,921125000,0,-46,2.57708772364788,0,0,0.560039978027344,1.63,0,-5399.92822265625
100000000000000000000003,1,921125000,0,-45.5,1.19036909139926,0,0,0.560039978027344,1.63,0,-5399.92822265625
100000000000000000000000,1,921125000,0,-51.5,3.63860242886474,0,0,0.560039978027344,1.63,0,-5399.92822265625
100000000000000000000002,1,921125000,0,-43,5.85980660972315,0,0,0.560039978027344,1.63,0,-5399.92822265625
100000000000000000000003,1,921125000,0,-45.5,1.20877686085389,0,0,0.560039978027344,1.63,0,-5399.92822265625
100000000000000000000001,1,921125000,0,-44.5,3.59565096680394,0,0,0.560039978027344,1.63,0,-5399.92822265625
100000000000000000000004,1,921125000,0,-46,2.57708772364788,0,0,0.560039978027344,1.63,0,-5399.92822265625
100000000000000000000001,1,921125000,0,-44.5,3.62633058256166,0,0,0.560039978027344,1.63,0,-5399.92822265625
100000000000000000000004,1,921125000,0,-46,2.55867995419325,0,0,0.560039978027344,1.63,0,-5399.92822265625
100000000000000000000000,1,921125000,0,-51,3.66314612147091,0,0,0.560039978027344,1.63,0,-5399.92822265625
100000000000000000000002,1,921125000,0,-43,5.89048622548086,0,0,0.560039978027344,1.63,0,-5399.92822265625
100000000000000000000003,1,921125000,0,-45.5,1.21491278400543,0,0,0.560039978027344,1.63,0,-5399.92822265625
100000000000000000000004,1,921125000,0,-46,2.58935956995096,0,0,0.560039978027344,1.63,0,-5399.92822265625
100000000000000000000002,1,921125000,0,-43,5.88435030232932,0,0,0.560039978027344,1.63,0,-5399.92822265625
100000000000000000000003,1,921125000,0,-45.5,1.20877686085389,0,0,0.560039978027344,1.63,0,-5399.92822265625
100000000000000000000000,1,921125000,0,-51.5,3.60178688995549,0,0,0.560039978027344,1.63,0,-5399.92822265625
100000000000000000000001,1,921125000,0,-44.5,3.65087427516783,0,0,0.560039978027344,1.63,0,-5399.92822265625
100000000000000000000003,1,921125000,0,-45.5,1.17809724509617,0,0,0.560039978027344,1.63,0,-5399.92822265625
100000000000000000000002,1,921125000,0,-43,5.88435030232932,0,0,0.560039978027344,1.63,0,-5399.92822265625
100000000000000000000000,1,921125000,0,-51.5,3.675417967774,0,0,0.560039978027344,1.63,0,-5399.92822265625
100000000000000000000001,1,921125000,0,-44.5,3.62019465941011,0,0,0.560039978027344,1.63,0,-5399.92822265625
100000000000000000000004,1,921125000,0,-46,2.58935956995096,0,0,0.560039978027344,1.63,0,-5399.92822265625
100000000000000000000002,1,921125000,0,-43,5.85980660972315,0,0,0.560039978027344,1.63,0,-5399.92822265625
100000000000000000000003,1,921125000,0,-45.5,1.1965050145508,0,0,0.560039978027344,1.63,0,-5399.92822265625
100000000000000000000001,1,921125000,0,-44.5,3.61405873625857,0,0,0.560039978027344,1.63,0,-5399.92822265625
100000000000000000000004,1,921125000,0,-46.5,2.55254403104171,0,0,0.560039978027344,1.63,0,-5399.92822265625
100000000000000000000000,1,921125000,0,-51.5,3.62633058256166,0,0,0.560039978027344,1.63,0,-5399.92822265625
100000000000000000000003,1,921125000,0,-45.5,1.19036909139926,0,0,0.560039978027344,1.63,0,-5399.92822265625
100000000000000000000001,1,921125000,0,-44.5,3.63860242886474,0,0,0.560039978027344,1.63,0,-5399.92822265625
100000000000000000000002,1,921125000,0,-43,5.88435030232932,0,0,0.560039978027344,1.63,0,-5399.92822265625
100000000000000000000000,1,921125000,0,-51.5,3.61405873625857,0,0,0.560039978027344,1.63,0,-5399.92822265625
100000000000000000000004,1,921125000,0,-46,2.57095180049633,0,0,0.560039978027344,1.63,0,-5399.92822265625
100000000000000000000004,1,921125000,0,-46,2.57095180049633,0,0,0.560039978027344,1.63,0,-5399.92822265625
100000000000000000000002,1,921125000,0,-43,5.87821437917778,0,0,0.560039978027344,1.63,0,-5399.92822265625
100000000000000000000003,1,921125000,0,-45.5,1.19036909139926,0,0,0.560039978027344,1.63,0,-5399.92822265625
100000000000000000000000,1,921125000,0,-51,3.65087427516783,0,0,0.560039978027344,1.63,0,-5399.92822265625
100000000000000000000001,1,921125000,0,-44.5,3.60792281310703,0,0,0.560039978027344,1.63,0,-5399.92822265625
100000000000000000000001,1,921125000,0,-44.5,3.61405873625857,0,0,0.560039978027344,1.63,0,-5399.92822265625
100000000000000000000000,1,921125000,0,-51,3.63860242886474,0,0,0.560039978027344,1.63,0,-5399.92822265625
100000000000000000000002,1,921125000,0,-43,5.87207845602623,0,0,0.560039978027344,1.63,0,-5399.92822265625
100000000000000000000004,1,921125000,0,-46,2.57095180049633,0,0,0.560039978027344,1.63,0,-5399.92822265625
100000000000000000000003,1,921125000,0,-45.5,1.18423316824772,0,0,0.560039978027344,1.63,0,-5399.92822265625
100000000000000000000003,1,921125000,0,-45.5,1.20264093770234,0,0,0.560039978027344,1.63,0,-5399.92822265625
100000000000000000000000,1,921125000,0,-51.5,3.6324665057132,0,0,0.560039978027344,1.63,0,-5399.92822265625
100000000000000000000004,1,921125000,0,-46,2.54640810789016,0,0,0.560039978027344,1.63,0,-5399.92822265625
100000000000000000000001,1,921125000,0,-44.5,3.61405873625857,0,0,0.560039978027344,1.63,0,-5399.92822265625
100000000000000000000002,1,921125000,0,-43,5.87821437917778,0,0,0.560039978027344,1.63,0,-5399.92822265625
100000000000000000000002,1,921125000,0,-43,5.86594253287469,0,0,0.560039978027344,1.63,0,-5399.92822265625
100000000000000000000003,1,921125000,0,-45.5,1.20264093770234,0,0,0.560039978027344,1.63,0,-5399.92822265625
100000000000000000000001,1,921125000,0,-44.5,3.61405873625857,0,0,0.560039978027344,1.63,0,-5399.92822265625
100000000000000000000004,1,921125000,0,-46,2.56481587734479,0,0,0.560039978027344,1.63,0,-5399.92822265625
100000000000000000000000,1,921125000,0,-51.5,3.60178688995549,0,0,0.560039978027344,1.63,0,-5399.92822265625
100000000000000000000000,1,921125000,0,-51,3.64473835201628,0,0,0.560039978027344,1.63,0,-5399.92822265625
100000000000000000000001,1,921125000,0,-44.5,3.62633058256166,0,0,0.560039978027344,1.63,0,-5399.92822265625
100000000000000000000004,1,921125000,0,-46,2.54640810789016,0,0,0.560039978027344,1.63,0,-5399.92822265625
100000000000000000000003,1,921125000,0,-45.5,1.1965050145508,0,0,0.560039978027344,1.63,0,-5399.92822265625
100000000000000000000002,1,921125000,0,-43,5.85980660972315,0,0,0.560039978027344,1.63,0,-5399.92822265625
100000000000000000000001,1,921125000,0,-44.5,3.63860242886474,0,0,0.560039978027344,1.63,0,-5399.92822265625
100000000000000000000003,1,921125000,0,-45.5,1.1965050145508,0,0,0.560039978027344,1.63,0,-5399.92822265625
100000000000000000000004,1,921125000,0,-46,2.57095180049633,0,0,0.560039978027344,1.63,0,-5399.92822265625
100000000000000000000000,1,921125000,0,-51,3.65087427516783,0,0,0.560039978027344,1.63,0,-5399.92822265625
100000000000000000000002,1,921125000,0,-43,5.88435030232932,0,0,0.560039978027344,1.63,0,-5399.92822265625
100000000000000000000002,1,921125000,0,-43,5.85367068657161,0,0,0.560039978027344,1.63,0,-5399.92822265625
100000000000000000000003,1,921125000,0,-45.5,1.19036909139926,0,0,0.560039978027344,1.63,0,-5399.92822265625
100000000000000000000004,1,921125000,0,-46,2.57708772364788,0,0,0.560039978027344,1.63,0,-5399.92822265625
100000000000000000000000,1,921125000,0,-51,3.65701019831937,0,0,0.560039978027344,1.63,0,-5399.92822265625
100000000000000000000001,1,921125000,0,-44.5,3.62633058256166,0,0,0.560039978027344,1.63,0,-5399.92822265625
100000000000000000000004,1,921125000,0,-46.5,2.55867995419325,0,0,0.560039978027344,1.63,0,-5399.92822265625
100000000000000000000002,1,921125000,0,-43,5.86594253287469,0,0,0.560039978027344,1.63,0,-5399.92822265625
100000000000000000000001,1,921125000,0,-44.5,3.62633058256166,0,0,0.560039978027344,1.63,0,-5399.92822265625
100000000000000000000000,1,921125000,0,-51.5,3.64473835201628,0,0,0.560039978027344,1.63,0,-5399.92822265625
100000000000000000000003,1,921125000,0,-45.5,1.1965050145508,0,0,0.560039978027344,1.63,0,-5399.92822265625
100000000000000000000004,1,921125000,0,-46,2.57095180049633,0,0,0.560039978027344,1.63,0,-5399.92822265625
100000000000000000000000,1,921125000,0,-51.5,3.64473835201628,0,0,0.560039978027344,1.63,0,-5399.92822265625
100000000000000000000001,1,921125000,0,-44.5,3.61405873625857,0,0,0.560039978027344,1.63,0,-5399.92822265625
100000000000000000000003,1,921125000,0,-45.5,1.20264093770234,0,0,0.560039978027344,1.63,0,-5399.92822265625
100000000000000000000002,1,921125000,0,-43,5.86594253287469,0,0,0.560039978027344,1.63,0,-5399.92822265625
100000000000000000000003,1,921125000,0,-45.5,1.20877686085389,0,0,0.560039978027344,1.63,0,-5399.92822265625
100000000000000000000001,1,921125000,0,-44.5,3.60792281310703,0,0,0.560039978027344,1.63,0,-5399.92822265625
100000000000000000000000,1,921125000,0,-51.5,3.60792281310703,0,0,0.560039978027344,1.63,0,-5399.92822265625
100000000000000000000004,1,921125000,0,-46,2.58322364679942,0,0,0.560039978027344,1.63,0,-5399.92822265625
100000000000000000000002,1,921125000,0,-43,5.85980660972315,0,0,0.560039978027344,1.63,0,-5399.92822265625
100000000000000000000004,1,921125000,0,-46,2.56481587734479,0,0,0.560039978027344,1.63,0,-5399.92822265625
100000000000000000000000,1,921125000,0,-51,3.65087427516783,0,0,0.560039978027344,1.63,0,-5399.92822265625
100000000000000000000002,1,921125000,0,-43,5.87207845602623,0,0,0.560039978027344,1.63,0,-5399.92822265625
100000000000000000000001,1,921125000,0,-44.5,3.6324665057132,0,0,0.560039978027344,1.63,0,-5399.92822265625
100000000000000000000003,1,921125000,0,-45.5,1.20264093770234,0,0,0.560039978027344,1.63,0,-5399.92822265625
100000000000000000000003,1,921125000,0,-45.5,1.20877686085389,0,0,0.560039978027344,1.63,0,-5399.92822265625
100000000000000000000004,1,921125000,0,-46,2.57095180049633,0,0,0.560039978027344,1.63,0,-5399.92822265625
100000000000000000000002,1,921125000,0,-43,5.87207845602623,0,0,0.560039978027344,1.63,0,-5399.92822265625
100000000000000000000001,1,921125000,0,-44.5,3.62019465941011,0,0,0.560039978027344,1.63,0,-5399.92822265625
100000000000000000000000,1,921125000,0,-51.5,3.63860242886474,0,0,0.560039978027344,1.63,0,-5399.92822265625
100000000000000000000001,1,921125000,0,-44.5,3.62019465941011,0,0,0.560039978027344,1.63,0,-5399.92822265625
100000000000000000000004,1,921125000,0,-46,2.58322364679942,0,0,0.560039978027344,1.63,0,-5399.92822265625
100000000000000000000000,1,921125000,0,-51,3.63860242886474,0,0,0.560039978027344,1.63,0,-5399.92822265625
100000000000000000000002,1,921125000,0,-43,5.87821437917778,0,0,0.560039978027344,1.63,0,-5399.92822265625
100000000000000000000003,1,921125000,0,-45.5,1.21491278400543,0,0,0.560039978027344,1.63,0,-5399.92822265625
100000000000000000000001,1,921125000,0,-44.5,3.62633058256166,0,0,0.560039978027344,1.63,0,-5399.92822265625
100000000000000000000003,1,921125000,0,-45.5,1.19036909139926,0,0,0.560039978027344,1.63,0,-5399.92822265625
100000000000000000000000,1,921125000,0,-51.5,3.62019465941011,0,0,0.560039978027344,1.63,0,-5399.92822265625
100000000000000000000002,1,921125000,0,-43,5.85980660972315,0,0,0.560039978027344,1.63,0,-5399.92822265625
100000000000000000000004,1,921125000,0,-46.5,2.58935956995096,0,0,0.560039978027344,1.63,0,-5399.92822265625
100000000000000000000000,1,921125000,0,-51.5,3.63860242886474,0,0,0.560039978027344,1.63,0,-5399.92822265625
100000000000000000000004,1,921125000,0,-46,2.58322364679942,0,0,0.560039978027344,1.63,0,-5399.92822265625
100000000000000000000001,1,921125000,0,-44.5,3.62019465941011,0,0,0.560039978027344,1.63,0,-5399.92822265625
100000000000000000000003,1,921125000,0,-45.5,1.20877686085389,0,0,0.560039978027344,1.63,0,-5399.92822265625
100000000000000000000002,1,921125000,0,-43,5.86594253287469,0,0,0.560039978027344,1.63,0,-5399.92822265625
100000000000000000000002,1,921125000,0,-43,5.87821437917778,0,0,0.560039978027344,1.63,0,-5399.92822265625
100000000000000000000000,1,921125000,0,-51.5,3.60792281310703,0,0,0.560039978027344,1.63,0,-5399.92822265625
100000000000000000000001,1,921125000,0,-44.5,3.62019465941011,0,0,0.560039978027344,1.63,0,-5399.92822265625
100000000000000000000003,1,921125000,0,-45.5,1.20264093770234,0,0,0.560039978027344,1.63,0,-5399.92822265625
100000000000000000000004,1,921125000,0,-46,2.57708772364788,0,0,0.560039978027344,1.63,0,-5399.92822265625
100000000000000000000002,1,921125000,0,-43,5.87821437917778,0,0,0.560039978027344,1.63,0,-5399.92822265625
100000000000000000000004,1,921125000,0,-46.5,2.58935956995096,0,0,0.560039978027344,1.63,0,-5399.92822265625
100000000000000000000000,1,921125000,0,-51,3.59565096680394,0,0,0.560039978027344,1.63,0,-5399.92822265625
100000000000000000000003,1,921125000,0,-45.5,1.20877686085389,0,0,0.560039978027344,1.63,0,-5399.92822265625
100000000000000000000001,1,921125000,0,-44.5,3.62019465941011,0,0,0.560039978027344,1.63,0,-5399.92822265625
100000000000000000000001,1,921125000,0,-44.5,3.62019465941011,0,0,0.560039978027344,1.63,0,-5399.92822265625
100000000000000000000003,1,921125000,0,-45.5,1.20264093770234,0,0,0.560039978027344,1.63,0,-5399.92822265625
100000000000000000000000,1,921125000,0,-51,3.65701019831937,0,0,0.560039978027344,1.63,0,-5399.92822265625
100000000000000000000004,1,921125000,0,-46,2.5954954931025,0,0,0.560039978027344,1.63,0,-5399.92822265625
100000000000000000000002,1,921125000,0,-43,5.87821437917778,0,0,0.560039978027344,1.63,0,-5399.92822265625
100000000000000000000004,1,921125000,0,-46,2.57095180049633,0,0,0.560039978027344,1.63,0,-5399.92822265625
100000000000000000000003,1,921125000,0,-45.5,1.20877686085389,0,0,0.560039978027344,1.63,0,-5399.92822265625
100000000000000000000001,1,921125000,0,-44.5,3.62019465941011,0,0,0.560039978027344,1.63,0,-5399.92822265625
100000000000000000000002,1,921125000,0,-43,5.88435030232932,0,0,0.560039978027344,1.63,0,-5399.92822265625
100000000000000000000000,1,921125000,0,-51.5,3.6324665057132,0,0,0.560039978027344,1.63,0,-5399.92822265625
100000000000000000000001,1,921125000,0,-44.5,3.6324665057132,0,0,0.560039978027344,1.63,0,-5399.92822265625
100000000000000000000000,1,921125000,0,-51.5,3.63860242886474,0,0,0.560039978027344,1.63,0,-5399.92822265625
100000000000000000000002,1,921125000,0,-43,5.87207845602623,0,0,0.560039978027344,1.63,0,-5399.92822265625
100000000000000000000003,1,921125000,0,-45.5,1.1965050145508,0,0,0.560039978027344,1.63,0,-5399.92822265625
100000000000000000000004,1,921125000,0,-46,2.57708772364788,0,0,0.560039978027344,1.63,0,-5399.92822265625
100000000000000000000004,1,921125000,0,-46,2.57095180049633,0,0,0.560039978027344,1.63,0,-5399.92822265625
100000000000000000000003,1,921125000,0,-45.5,1.20877686085389,0,0,0.560039978027344,1.63,0,-5399.92822265625
100000000000000000000000,1,921125000,0,-51.5,3.63860242886474,0,0,0.560039978027344,1.63,0,-5399.92822265625
100000000000000000000002,1,921125000,0,-43,5.86594253287469,0,0,0.560039978027344,1.63,0,-5399.92822265625
100000000000000000000001,1,921125000,0,-44.5,3.61405873625857,0,0,0.560039978027344,1.63,0,-5399.92822265625
100000000000000000000002,1,921125000,0,-43,5.89048622548086,0,0,0.560039978027344,1.63,0,-5399.92822265625
100000000000000000000003,1,921125000,0,-45.5,1.20877686085389,0,0,0.560039978027344,1.63,0,-5399.92822265625
100000000000000000000004,1,921125000,0,-46.5,2.55254403104171,0,0,0.560039978027344,1.63,0,-5399.92822265625
100000000000000000000001,1,921125000,0,-44.5,3.62019465941011,0,0,0.560039978027344,1.63,0,-5399.92822265625
100000000000000000000000,1,921125000,0,-51.5,3.62633058256166,0,0,0.560039978027344,1.63,0,-5399.92822265625
100000000000000000000000,1,921125000,0,-51.5,3.63860242886474,0,0,0.560039978027344,1.63,0,-5399.92822265625
100000000000000000000002,1,921125000,0,-43,5.86594253287469,0,0,0.560039978027344,1.63,0,-5399.92822265625
100000000000000000000004,1,921125000,0,-46.5,2.57708772364788,0,0,0.560039978027344,1.63,0,-5399.92822265625
100000000000000000000001,1,921125000,0,-44.5,3.61405873625857,0,0,0.560039978027344,1.63,0,-5399.92822265625
100000000000000000000003,1,921125000,0,-45.5,1.1965050145508,0,0,0.560039978027344,1.63,0,-5399.92822265625
100000000000000000000003,1,921125000,0,-45.5,1.21491278400543,0,0,0.560039978027344,1.63,0,-5399.92822265625
100000000000000000000000,1,921125000,0,-51,3.6324665057132,0,0,0.560039978027344,1.63,0,-5399.92822265625
100000000000000000000004,1,921125000,0,-46.5,2.57095180049633,0,0,0.560039978027344,1.63,0,-5399.92822265625
100000000000000000000002,1,921125000,0,-43,5.85980660972315,0,0,0.560039978027344,1.63,0,-5399.92822265625
100000000000000000000001,1,921125000,0,-44.5,3.60792281310703,0,0,0.560039978027344,1.63,0,-5399.92822265625
100000000000000000000001,1,921125000,0,-44.5,3.61405873625857,0,0,0.560039978027344,1.63,0,-5399.92822265625
100000000000000000000004,1,921125000,0,-46,2.56481587734479,0,0,0.560039978027344,1.63,0,-5399.92822265625
100000000000000000000003,1,921125000,0,-45.5,1.1965050145508,0,0,0.560039978027344,1.63,0,-5399.92822265625
100000000000000000000002,1,921125000,0,-43,5.87207845602623,0,0,0.560039978027344,1.63,0,-5399.92822265625
100000000000000000000000,1,921125000,0,-51.5,3.64473835201628,0,0,0.560039978027344,1.63,0,-5399.92822265625
100000000000000000000000,1,921125000,0,-51,3.65087427516783,0,0,0.560039978027344,1.63,0,-5399.92822265625
100000000000000000000001,1,921125000,0,-44.5,3.6324665057132,0,0,0.560039978027344,1.63,0,-5399.92822265625
100000000000000000000002,1,921125000,0,-43,5.86594253287469,0,0,0.560039978027344,1.63,0,-5399.92822265625
100000000000000000000004,1,921125000,0,-46.5,2.57095180049633,0,0,0.560039978027344,1.63,0,-5399.92822265625
100000000000000000000003,1,921125000,0,-45.5,1.1965050145508,0,0,0.560039978027344,1.63,0,-5399.92822265625
100000000000000000000003,1,921125000,0,-45.5,1.21491278400543,0,0,0.560039978027344,1.63,0,-5399.92822265625
100000000000000000000004,1,921125000,0,-46,2.55867995419325,0,0,0.560039978027344,1.63,0,-5399.92822265625
100000000000000000000000,1,921125000,0,-51.5,3.61405873625857,0,0,0.560039978027344,1.63,0,-5399.92822265625
100000000000000000000001,1,921125000,0,-44.5,3.62633058256166,0,0,0.560039978027344,1.63,0,-5399.92822265625
100000000000000000000002,1,921125000,0,-43,5.87207845602623,0,0,0.560039978027344,1.63,0,-5399.92822265625
100000000000000000000003,1,921125000,0,-45.5,1.20264093770234,0,0,0.560039978027344,1.63,0,-5399.92822265625
100000000000000000000000,1,921125000,0,-51.5,3.60178688995549,0,0,0.560039978027344,1.63,0,-5399.92822265625
100000000000000000000004,1,921125000,0,-46,2.5954954931025,0,0,0.560039978027344,1.63,0,-5399.92822265625
100000000000000000000002,1,921125000,0,-43,5.87207845602623,0,0,0.560039978027344,1.63,0,-5399.92822265625
100000000000000000000001,1,921125000,0,-44.5,3.61405873625857,0,0,0.560039978027344,1.63,0,-5399.92822265625
100000000000000000000001,1,921125000,0,-44.5,3.59565096680394,0,0,0.560039978027344,1.63,0,-5399.92822265625
100000000000000000000004,1,921125000,0,-46.5,2.58322364679942,0,0,0.560039978027344,1.63,0,-5399.92822265625
100000000000000000000003,1,921125000,0,-45.5,1.20877686085389,0,0,0.560039978027344,1.63,0,-5399.92822265625
100000000000000000000002,1,921125000,0,-43,5.87207845602623,0,0,0.560039978027344,1.63,0,-5399.92822265625
100000000000000000000000,1,921125000,0,-51.5,3.65087427516783,0,0,0.560039978027344,1.63,0,-5399.92822265625
100000000000000000000001,1,921125000,0,-44.5,3.60792281310703,0,0,0.560039978027344,1.63,0,-5399.92822265625
100000000000000000000004,1,921125000,0,-46,2.57095180049633,0,0,0.560039978027344,1.63,0,-5399.92822265625
100000000000000000000002,1,921125000,0,-43,5.85367068657161,0,0,0.560039978027344,1.63,0,-5399.92822265625
100000000000000000000003,1,921125000,0,-45.5,1.1965050145508,0,0,0.560039978027344,1.63,0,-5399.92822265625
100000000000000000000000,1,921125000,0,-51,3.6324665057132,0,0,0.560039978027344,1.63,0,-5399.92822265625
100000000000000000000003,1,921125000,0,-45.5,1.20877686085389,0,0,0.560039978027344,1.63,0,-5399.92822265625
100000000000000000000001,1,921125000,0,-44.5,3.60792281310703,0,0,0.560039978027344,1.63,0,-5399.92822265625
100000000000000000000000,1,921125000,0,-51.5,3.63860242886474,0,0,0.560039978027344,1.63,0,-5399.92822265625
100000000000000000000002,1,921125000,0,-43,5.87821437917778,0,0,0.560039978027344,1.63,0,-5399.92822265625
100000000000000000000004,1,921125000,0,-46,2.56481587734479,0,0,0.560039978027344,1.63,0,-5399.92822265625
100000000000000000000001,1,921125000,0,-44.5,3.62633058256166,0,0,0.560039978027344,1.63,0,-5399.92822265625
100000000000000000000002,1,921125000,0,-43,5.85980660972315,0,0,0.560039978027344,1.63,0,-5399.92822265625
100000000000000000000004,1,921125000,0,-46.5,2.58935956995096,0,0,0.560039978027344,1.63,0,-5399.92822265625
100000000000000000000003,1,921125000,0,-45.5,1.18423316824772,0,0,0.560039978027344,1.63,0,-5399.92822265625
100000000000000000000000,1,921125000,0,-51.5,3.64473835201628,0,0,0.560039978027344,1.63,0,-5399.92822265625
100000000000000000000002,1,921125000,0,-43,5.87821437917778,0,0,0.560039978027344,1.63,0,-5399.92822265625
100000000000000000000003,1,921125000,0,-46,1.1965050145508,0,0,0.560039978027344,1.63,0,-5399.92822265625
100000000000000000000004,1,921125000,0,-46.5,2.57708772364788,0,0,0.560039978027344,1.63,0,-5399.92822265625
100000000000000000000001,1,921125000,0,-44.5,3.6324665057132,0,0,0.560039978027344,1.63,0,-5399.92822265625
100000000000000000000000,1,921125000,0,-51,3.64473835201628,0,0,0.560039978027344,1.63,0,-5399.92822265625
100000000000000000000002,1,921125000,0,-43,5.85367068657161,0,0,0.560039978027344,1.63,0,-5399.92822265625
100000000000000000000003,1,921125000,0,-45.5,1.20264093770234,0,0,0.560039978027344,1.63,0,-5399.92822265625
100000000000000000000004,1,921125000,0,-46.5,2.57708772364788,0,0,0.560039978027344,1.63,0,-5399.92822265625
100000000000000000000001,1,921125000,0,-44.5,3.61405873625857,0,0,0.560039978027344,1.63,0,-5399.92822265625
100000000000000000000000,1,921125000,0,-51,3.62633058256166,0,0,0.560039978027344,1.63,0,-5399.92822265625
100000000000000000000001,1,921125000,0,-44.5,3.61405873625857,0,0,0.560039978027344,1.63,0,-5399.92822265625
100000000000000000000000,1,921125000,0,-51,3.60792281310703,0,0,0.560039978027344,1.63,0,-5399.92822265625
100000000000000000000002,1,921125000,0,-43,5.87207845602623,0,0,0.560039978027344,1.63,0,-5399.92822265625
100000000000000000000003,1,921125000,0,-45.5,1.19036909139926,0,0,0.560039978027344,1.63,0,-5399.92822265625
100000000000000000000004,1,921125000,0,-46,2.57708772364788,0,0,0.560039978027344,1.63,0,-5399.92822265625
100000000000000000000004,1,921125000,0,-46,2.58935956995096,0,0,0.560039978027344,1.63,0,-5399.92822265625
100000000000000000000001,1,921125000,0,-44.5,3.62633058256166,0,0,0.560039978027344,1.63,0,-5399.92822265625
100000000000000000000002,1,921125000,0,-43,5.85980660972315,0,0,0.560039978027344,1.63,0,-5399.92822265625
100000000000000000000000,1,921125000,0,-51.5,3.62019465941011,0,0,0.560039978027344,1.63,0,-5399.92822265625
100000000000000000000003,1,921125000,0,-45.5,1.18423316824772,0,0,0.560039978027344,1.63,0,-5399.92822265625
100000000000000000000003,1,921125000,0,-45.5,1.18423316824772,0,0,0.560039978027344,1.63,0,-5399.92822265625
100000000000000000000001,1,921125000,0,-44.5,3.62019465941011,0,0,0.560039978027344,1.63,0,-5399.92822265625
100000000000000000000000,1,921125000,0,-51,3.60178688995549,0,0,0.560039978027344,1.63,0,-5399.92822265625
100000000000000000000002,1,921125000,0,-43,5.86594253287469,0,0,0.560039978027344,1.63,0,-5399.92822265625
100000000000000000000004,1,921125000,0,-46,2.58322364679942,0,0,0.560039978027344,1.63,0,-5399.92822265625
100000000000000000000003,1,921125000,0,-45.5,1.22718463030851,0,0,0.560039978027344,1.63,0,-5399.92822265625
100000000000000000000000,1,921125000,0,-51.5,3.62019465941011,0,0,0.560039978027344,1.63,0,-5399.92822265625
100000000000000000000004,1,921125000,0,-46,2.57708772364788,0,0,0.560039978027344,1.63,0,-5399.92822265625
100000000000000000000001,1,921125000,0,-44.5,3.61405873625857,0,0,0.560039978027344,1.63,0,-5399.92822265625
100000000000000000000002,1,921125000,0,-43,5.86594253287469,0,0,0.560039978027344,1.63,0,-5399.92822265625
100000000000000000000003,1,921125000,0,-45.5,1.19036909139926,0,0,0.560039978027344,1.63,0,-5399.92822265625
100000000000000000000002,1,921125000,0,-43,5.84753476342006,0,0,0.560039978027344,1.63,0,-5399.92822265625
100000000000000000000001,1,921125000,0,-44.5,3.60178688995549,0,0,0.560039978027344,1.63,0,-5399.92822265625
100000000000000000000004,1,921125000,0,-46,2.55254403104171,0,0,0.560039978027344,1.63,0,-5399.92822265625
100000000000000000000000,1,921125000,0,-51.5,3.62019465941011,0,0,0.560039978027344,1.63,0,-5399.92822265625
100000000000000000000002,1,921125000,0,-43,5.86594253287469,0,0,0.560039978027344,1.63,0,-5399.92822265625
100000000000000000000001,1,921125000,0,-44.5,3.62019465941011,0,0,0.560039978027344,1.63,0,-5399.92822265625
100000000000000000000003,1,921125000,0,-45.5,1.21491278400543,0,0,0.560039978027344,1.63,0,-5399.92822265625
100000000000000000000000,1,921125000,0,-51.5,3.60792281310703,0,0,0.560039978027344,1.63,0,-5399.92822265625
100000000000000000000004,1,921125000,0,-46.5,2.54640810789016,0,0,0.560039978027344,1.63,0,-5399.92822265625
100000000000000000000003,1,921125000,0,-45.5,1.20877686085389,0,0,0.560039978027344,1.63,0,-5399.92822265625
100000000000000000000000,1,921125000,0,-51.5,3.6324665057132,0,0,0.560039978027344,1.63,0,-5399.92822265625
100000000000000000000002,1,921125000,0,-43,5.85980660972315,0,0,0.560039978027344,1.63,0,-5399.92822265625
100000000000000000000004,1,921125000,0,-46,2.56481587734479,0,0,0.560039978027344,1.63,0,-5399.92822265625
100000000000000000000001,1,921125000,0,-44.5,3.61405873625857,0,0,0.560039978027344,1.63,0,-5399.92822265625
100000000000000000000000,1,921125000,0,-51.5,3.62019465941011,0,0,0.560039978027344,1.63,0,-5399.92822265625
100000000000000000000002,1,921125000,0,-43,5.85980660972315,0,0,0.560039978027344,1.63,0,-5399.92822265625
100000000000000000000003,1,921125000,0,-45.5,1.18423316824772,0,0,0.560039978027344,1.63,0,-5399.92822265625
100000000000000000000001,1,921125000,0,-44.5,3.62633058256166,0,0,0.560039978027344,1.63,0,-5399.92822265625
100000000000000000000004,1,921125000,0,-46,2.58322364679942,0,0,0.560039978027344,1.63,0,-5399.92822265625
100000000000000000000001,1,921125000,0,-44.5,3.6324665057132,0,0,0.560039978027344,1.63,0,-5399.92822265625
100000000000000000000004,1,921125000,0,-46,2.57708772364788,0,0,0.560039978027344,1.63,0,-5399.92822265625
100000000000000000000000,1,921125000,0,-51.5,3.63860242886474,0,0,0.560039978027344,1.63,0,-5399.92822265625
100000000000000000000003,1,921125000,0,-45.5,1.1965050145508,0,0,0.560039978027344,1.63,0,-5399.92822265625
100000000000000000000002,1,921125000,0,-43,5.88435030232932,0,0,0.560039978027344,1.63,0,-5399.92822265625
100000000000000000000000,1,921125000,0,-51.5,3.6324665057132,0,0,0.560039978027344,1.63,0,-5399.92822265625
100000000000000000000003,1,921125000,0,-45.5,1.1965050145508,0,0,0.560039978027344,1.63,0,-5399.92822265625
100000000000000000000002,1,921125000,0,-43,5.89048622548086,0,0,0.560039978027344,1.63,0,-5399.92822265625
100000000000000000000004,1,921125000,0,-46,2.57095180049633,0,0,0.560039978027344,1.63,0,-5399.92822265625
100000000000000000000001,1,921125000,0,-44.5,3.61405873625857,0,0,0.560039978027344,1.63,0,-5399.92822265625
100000000000000000000003,1,921125000,0,-45.5,1.20877686085389,0,0,0.560039978027344,1.63,0,-5399.92822265625
100000000000000000000002,1,921125000,0,-43,5.88435030232932,0,0,0.560039978027344,1.63,0,-5399.92822265625
100000000000000000000001,1,921125000,0,-44.5,3.62633058256166,0,0,0.560039978027344,1.63,0,-5399.92822265625
100000000000000000000000,1,921125000,0,-51.5,3.64473835201628,0,0,0.560039978027344,1.63,0,-5399.92822265625
100000000000000000000004,1,921125000,0,-46,2.55867995419325,0,0,0.560039978027344,1.63,0,-5399.92822265625
100000000000000000000004,1,921125000,0,-46.5,2.56481587734479,0,0,0.560039978027344,1.63,0,-5399.92822265625
100000000000000000000002,1,921125000,0,-43,5.85367068657161,0,0,0.560039978027344,1.63,0,-5399.92822265625
100000000000000000000001,1,921125000,0,-44.5,3.6324665057132,0,0,0.560039978027344,1.63,0,-5399.92822265625
100000000000000000000003,1,921125000,0,-45.5,1.20264093770234,0,0,0.560039978027344,1.63,0,-5399.92822265625
100000000000000000000000,1,921125000,0,-51,3.65087427516783,0,0,0.560039978027344,1.63,0,-5399.92822265625
100000000000000000000003,1,921125000,0,-45.5,1.17196132194463,0,0,0.560039978027344,1.63,0,-5399.92822265625
100000000000000000000000,1,921125000,0,-51,3.61405873625857,0,0,0.560039978027344,1.63,0,-5399.92822265625
100000000000000000000001,1,921125000,0,-44.5,3.6324665057132,0,0,0.560039978027344,1.63,0,-5399.92822265625
100000000000000000000002,1,921125000,0,-43,5.87207845602623,0,0,0.560039978027344,1.63,0,-5399.92822265625
100000000000000000000004,1,921125000,0,-46,2.57708772364788,0,0,0.560039978027344,1.63,0,-5399.92822265625
100000000000000000000001,1,921125000,0,-44.5,3.62633058256166,0,0,0.560039978027344,1.63,0,-5399.92822265625
100000000000000000000002,1,921125000,0,-43,5.87207845602623,0,0,0.560039978027344,1.63,0,-5399.92822265625
100000000000000000000000,1,921125000,0,-51,3.60792281310703,0,0,0.560039978027344,1.63,0,-5399.92822265625
100000000000000000000004,1,921125000,0,-46,2.58322364679942,0,0,0.560039978027344,1.63,0,-5399.92822265625
100000000000000000000003,1,921125000,0,-45.5,1.20264093770234,0,0,0.560039978027344,1.63,0,-5399.92822265625
100000000000000000000002,1,921125000,0,-43,5.85367068657161,0,0,0.560039978027344,1.63,0,-5399.92822265625
100000000000000000000000,1,921125000,0,-51.5,3.60792281310703,0,0,0.560039978027344,1.63,0,-5399.92822265625
100000000000000000000004,1,921125000,0,-46,2.57708772364788,0,0,0.560039978027344,1.63,0,-5399.92822265625
100000000000000000000001,1,921125000,0,-44.5,3.61405873625857,0,0,0.560039978027344,1.63,0,-5399.92822265625
100000000000000000000003,1,921125000,0,-45.5,1.20877686085389,0,0,0.560039978027344,1.63,0,-5399.92822265625
100000000000000000000004,1,921125000,0,-46,2.56481587734479,0,0,0.560039978027344,1.63,0,-5399.92822265625
100000000000000000000001,1,921125000,0,-44.5,3.62633058256166,0,0,0.560039978027344,1.63,0,-5399.92822265625
100000000000000000000000,1,921125000,0,-51,3.60792281310703,0,0,0.560039978027344,1.63,0,-5399.92822265625
100000000000000000000002,1,921125000,0,-43,5.87821437917778,0,0,0.560039978027344,1.63,0,-5399.92822265625
100000000000000000000003,1,921125000,0,-45.5,1.20877686085389,0,0,0.560039978027344,1.63,0,-5399.92822265625
100000000000000000000004,1,921125000,0,-46,2.57708772364788,0,0,0.560039978027344,1.63,0,-5399.92822265625
100000000000000000000003,1,921125000,0,-45.5,1.20264093770234,0,0,0.560039978027344,1.63,0,-5399.92822265625
100000000000000000000000,1,921125000,0,-51,3.5895150436524,0,0,0.560039978027344,1.63,0,-5399.92822265625
100000000000000000000002,1,921125000,0,-43,5.85980660972315,0,0,0.560039978027344,1.63,0,-5399.92822265625
100000000000000000000001,1,921125000,0,-44.5,3.61405873625857,0,0,0.560039978027344,1.63,0,-5399.92822265625
100000000000000000000001,1,921125000,0,-44.5,3.61405873625857,0,0,0.560039978027344,1.63,0,-5399.92822265625
100000000000000000000004,1,921125000,0,-46,2.58322364679942,0,0,0.560039978027344,1.63,0,-5399.92822265625
100000000000000000000000,1,921125000,0,-51.5,3.6324665057132,0,0,0.560039978027344,1.63,0,-5399.92822265625
100000000000000000000003,1,921125000,0,-45.5,1.1965050145508,0,0,0.560039978027344,1.63,0,-5399.92822265625
100000000000000000000002,1,921125000,0,-43,5.85367068657161,0,0,0.560039978027344,1.63,0,-5399.92822265625
100000000000000000000000,1,921125000,0,-51.5,3.6324665057132,0,0,0.560039978027344,1.63,0,-5399.92822265625
100000000000000000000002,1,921125000,0,-43,5.86594253287469,0,0,0.560039978027344,1.63,0,-5399.92822265625
100000000000000000000003,1,921125000,0,-45.5,1.19036909139926,0,0,0.560039978027344,1.63,0,-5399.92822265625
100000000000000000000001,1,921125000,0,-44.5,3.62633058256166,0,0,0.560039978027344,1.63,0,-5399.92822265625
100000000000000000000004,1,921125000,0,-46,2.55867995419325,0,0,0.560039978027344,1.63,0,-5399.92822265625
100000000000000000000004,1,921125000,0,-46,2.58322364679942,0,0,0.560039978027344,1.63,0,-5399.92822265625
100000000000000000000002,1,921125000,0,-43,5.87821437917778,0,0,0.560039978027344,1.63,0,-5399.92822265625
100000000000000000000000,1,921125000,0,-51.5,3.65087427516783,0,0,0.560039978027344,1.63,0,-5399.92822265625
100000000000000000000001,1,921125000,0,-44.5,3.62019465941011,0,0,0.560039978027344,1.63,0,-5399.92822265625
100000000000000000000003,1,921125000,0,-45.5,1.21491278400543,0,0,0.560039978027344,1.63,0,-5399.92822265625
100000000000000000000001,1,921125000,0,-44.5,3.62019465941011,0,0,0.560039978027344,1.63,0,-5399.92822265625
100000000000000000000002,1,921125000,0,-43,5.84139884026852,0,0,0.560039978027344,1.63,0,-5399.92822265625
100000000000000000000000,1,921125000,0,-51,3.60792281310703,0,0,0.560039978027344,1.63,0,-5399.92822265625
100000000000000000000004,1,921125000,0,-46.5,2.57095180049633,0,0,0.560039978027344,1.63,0,-5399.92822265625
100000000000000000000003,1,921125000,0,-45.5,1.1965050145508,0,0,0.560039978027344,1.63,0,-5399.92822265625
100000000000000000000000,1,921125000,0,-51,3.65701019831937,0,0,0.560039978027344,1.63,0,-5399.92822265625
100000000000000000000001,1,921125000,0,-44.5,3.60792281310703,0,0,0.560039978027344,1.63,0,-5399.92822265625
100000000000000000000004,1,921125000,0,-46.5,2.53413626158708,0,0,0.560039978027344,1.63,0,-5399.92822265625
100000000000000000000002,1,921125000,0,-43,5.87207845602623,0,0,0.560039978027344,1.63,0,-5399.92822265625
100000000000000000000003,1,921125000,0,-45.5,1.20877686085389,0,0,0.560039978027344,1.63,0,-5399.92822265625
100000000000000000000002,1,921125000,0,-43,5.8966221486324,0,0,0.560039978027344,1.63,0,-5399.92822265625
100000000000000000000001,1,921125000,0,-44.5,3.61405873625857,0,0,0.560039978027344,1.63,0,-5399.92822265625
100000000000000000000004,1,921125000,0,-46,2.60163141625405,0,0,0.560039978027344,1.63,0,-5399.92822265625
100000000000000000000000,1,921125000,0,-51,3.6324665057132,0,0,0.560039978027344,1.63,0,-5399.92822265625
100000000000000000000003,1,921125000,0,-45.5,1.20264093770234,0,0,0.560039978027344,1.63,0,-5399.92822265625
100000000000000000000004,1,921125000,0,-46,2.57708772364788,0,0,0.560039978027344,1.63,0,-5399.92822265625
100000000000000000000002,1,921125000,0,-43,5.85980660972315,0,0,0.560039978027344,1.63,0,-5399.92822265625
100000000000000000000001,1,921125000,0,-44.5,3.62019465941011,0,0,0.560039978027344,1.63,0,-5399.92822265625
100000000000000000000000,1,921125000,0,-51,3.65087427516783,0,0,0.560039978027344,1.63,0,-5399.92822265625
100000000000000000000003,1,921125000,0,-45.5,1.1965050145508,0,0,0.560039978027344,1.63,0,-5399.92822265625
100000000000000000000004,1,921125000,0,-46.5,2.57708772364788,0,0,0.560039978027344,1.63,0,-5399.92822265625
100000000000000000000001,1,921125000,0,-44.5,3.61405873625857,0,0,0.560039978027344,1.63,0,-5399.92822265625
100000000000000000000003,1,921125000,0,-45.5,1.20877686085389,0,0,0.560039978027344,1.63,0,-5399.92822265625
100000000000000000000002,1,921125000,0,-43,5.86594253287469,0,0,0.560039978027344,1.63,0,-5399.92822265625
100000000000000000000000,1,921125000,0,-51,3.62633058256166,0,0,0.560039978027344,1.63,0,-5399.92822265625
100000000000000000000004,1,921125000,0,-46,2.58322364679942,0,0,0.560039978027344,1.63,0,-5399.92822265625
100000000000000000000002,1,921125000,0,-43,5.88435030232932,0,0,0.560039978027344,1.63,0,-5399.92822265625
100000000000000000000000,1,921125000,0,-51.5,3.6324665057132,0,0,0.560039978027344,1.63,0,-5399.92822265625
100000000000000000000001,1,921125000,0,-44.5,3.61405873625857,0,0,0.560039978027344,1.63,0,-5399.92822265625
100000000000000000000003,1,921125000,0,-45.5,1.20877686085389,0,0,0.560039978027344,1.63,0,-5399.92822265625
100000000000000000000003,1,921125000,0,-45.5,1.1965050145508,0,0,0.560039978027344,1.63,0,-5399.92822265625
100000000000000000000001,1,921125000,0,-44.5,3.62019465941011,0,0,0.560039978027344,1.63,0,-5399.92822265625
100000000000000000000000,1,921125000,0,-51.5,3.62633058256166,0,0,0.560039978027344,1.63,0,-5399.92822265625
100000000000000000000004,1,921125000,0,-46,2.56481587734479,0,0,0.560039978027344,1.63,0,-5399.92822265625
100000000000000000000002,1,921125000,0,-43,5.87207845602623,0,0,0.560039978027344,1.63,0,-5399.92822265625
100000000000000000000003,1,921125000,0,-45.5,1.20264093770234,0,0,0.560039978027344,1.63,0,-5399.92822265625
100000000000000000000004,1,921125000,0,-46,2.55254403104171,0,0,0.560039978027344,1.63,0,-5399.92822265625
100000000000000000000002,1,921125000,0,-43,5.86594253287469,0,0,0.560039978027344,1.63,0,-5399.92822265625
100000000000000000000000,1,921125000,0,-51.5,3.5895150436524,0,0,0.560039978027344,1.63,0,-5399.92822265625
100000000000000000000001,1,921125000,0,-44.5,3.62633058256166,0,0,0.560039978027344,1.63,0,-5399.92822265625
100000000000000000000003,1,921125000,0,-45.5,1.17809724509617,0,0,0.560039978027344,1.63,0,-5399.92822265625
100000000000000000000001,1,921125000,0,-44.5,3.61405873625857,0,0,0.560039978027344,1.63,0,-5399.92822265625
100000000000000000000000,1,921125000,0,-51.5,3.64473835201628,0,0,0.560039978027344,1.63,0,-5399.92822265625
100000000000000000000004,1,921125000,0,-46,2.57708772364788,0,0,0.560039978027344,1.63,0,-5399.92822265625
100000000000000000000002,1,921125000,0,-43,5.87207845602623,0,0,0.560039978027344,1.63,0,-5399.92822265625
100000000000000000000004,1,921125000,0,-46.5,2.60163141625405,0,0,0.560039978027344,1.63,0,-5399.92822265625
100000000000000000000001,1,921125000,0,-44.5,3.62633058256166,0,0,0.560039978027344,1.63,0,-5399.92822265625
100000000000000000000003,1,921125000,0,-45.5,1.1965050145508,0,0,0.560039978027344,1.63,0,-5399.92822265625
100000000000000000000002,1,921125000,0,-43,5.84753476342006,0,0,0.560039978027344,1.63,0,-5399.92822265625
100000000000000000000000,1,921125000,0,-51.5,3.63860242886474,0,0,0.560039978027344,1.63,0,-5399.92822265625
100000000000000000000001,1,921125000,0,-44.5,3.60792281310703,0,0,0.560039978027344,1.63,0,-5399.92822265625
100000000000000000000002,1,921125000,0,-43,5.85980660972315,0,0,0.560039978027344,1.63,0,-5399.92822265625
100000000000000000000003,1,921125000,0,-45.5,1.1965050145508,0,0,0.560039978027344,1.63,0,-5399.92822265625
100000000000000000000004,1,921125000,0,-46,2.58322364679942,0,0,0.560039978027344,1.63,0,-5399.92822265625
100000000000000000000000,1,921125000,0,-51,3.60792281310703,0,0,0.560039978027344,1.63,0,-5399.92822265625
100000000000000000000003,1,921125000,0,-45.5,1.19036909139926,0,0,0.560039978027344,1.63,0,-5399.92822265625
100000000000000000000002,1,921125000,0,-43,5.87821437917778,0,0,0.560039978027344,1.63,0,-5399.92822265625
100000000000000000000000,1,921125000,0,-51.5,3.60178688995549,0,0,0.560039978027344,1.63,0,-5399.92822265625
100000000000000000000004,1,921125000,0,-46.5,2.56481587734479,0,0,0.560039978027344,1.63,0,-5399.92822265625
100000000000000000000001,1,921125000,0,-44.5,3.62019465941011,0,0,0.560039978027344,1.63,0,-5399.92822265625
100000000000000000000003,1,921125000,0,-45.5,1.21491278400543,0,0,0.560039978027344,1.63,0,-5399.92822265625
100000000000000000000001,1,921125000,0,-44.5,3.62633058256166,0,0,0.560039978027344,1.63,0,-5399.92822265625
100000000000000000000004,1,921125000,0,-46.5,2.58935956995096,0,0,0.560039978027344,1.63,0,-5399.92822265625
100000000000000000000002,1,921125000,0,-43,5.87821437917778,0,0,0.560039978027344,1.63,0,-5399.92822265625
100000000000000000000000,1,921125000,0,-51.5,3.60178688995549,0,0,0.560039978027344,1.63,0,-5399.92822265625
100000000000000000000001,1,921125000,0,-44.5,3.62019465941011,0,0,0.560039978027344,1.63,0,-5399.92822265625
100000000000000000000000,1,921125000,0,-51,3.63860242886474,0,0,0.560039978027344,1.63,0,-5399.92822265625
100000000000000000000003,1,921125000,0,-45.5,1.1965050145508,0,0,0.560039978027344,1.63,0,-5399.92822265625
100000000000000000000002,1,921125000,0,-43,5.88435030232932,0,0,0.560039978027344,1.63,0,-5399.92822265625
100000000000000000000004,1,921125000,0,-46,2.57708772364788,0,0,0.560039978027344,1.63,0,-5399.92822265625
100000000000000000000004,1,921125000,0,-46,2.57708772364788,0,0,0.560039978027344,1.63,0,-5399.92822265625
100000000000000000000002,1,921125000,0,-43,5.87207845602623,0,0,0.560039978027344,1.63,0,-5399.92822265625
100000000000000000000003,1,921125000,0,-45.5,1.22104870715697,0,0,0.560039978027344,1.63,0,-5399.92822265625
100000000000000000000000,1,921125000,0,-51.5,3.60178688995549,0,0,0.560039978027344,1.63,0,-5399.92822265625
100000000000000000000001,1,921125000,0,-44.5,3.61405873625857,0,0,0.560039978027344,1.63,0,-5399.92822265625
100000000000000000000001,1,921125000,0,-44.5,3.61405873625857,0,0,0.560039978027344,1.63,0,-5399.92822265625
100000000000000000000004,1,921125000,0,-46.5,2.57095180049633,0,0,0.560039978027344,1.63,0,-5399.92822265625
100000000000000000000002,1,921125000,0,-43,5.86594253287469,0,0,0.560039978027344,1.63,0,-5399.92822265625
100000000000000000000003,1,921125000,0,-45.5,1.20877686085389,0,0,0.560039978027344,1.63,0,-5399.92822265625
100000000000000000000000,1,921125000,0,-51.5,3.65087427516783,0,0,0.560039978027344,1.63,0,-5399.92822265625
100000000000000000000003,1,921125000,0,-45.5,1.20264093770234,0,0,0.560039978027344,1.63,0,-5399.92822265625
100000000000000000000002,1,921125000,0,-43,5.89048622548086,0,0,0.560039978027344,1.63,0,-5399.92822265625
100000000000000000000001,1,921125000,0,-44.5,3.61405873625857,0,0,0.560039978027344,1.63,0,-5399.92822265625
100000000000000000000004,1,921125000,0,-46,2.57095180049633,0,0,0.560039978027344,1.63,0,-5399.92822265625
100000000000000000000000,1,921125000,0,-51.5,3.6324665057132,0,0,0.560039978027344,1.63,0,-5399.92822265625
100000000000000000000001,1,921125000,0,-44.5,3.62633058256166,0,0,0.560039978027344,1.63,0,-5399.92822265625
100000000000000000000004,1,921125000,0,-46,2.60163141625405,0,0,0.560039978027344,1.63,0,-5399.92822265625
100000000000000000000000,1,921125000,0,-51.5,3.63860242886474,0,0,0.560039978027344,1.63,0,-5399.92822265625
100000000000000000000003,1,921125000,0,-45.5,1.21491278400543,0,0,0.560039978027344,1.63,0,-5399.92822265625
100000000000000000000002,1,921125000,0,-43,5.87821437917778,0,0,0.560039978027344,1.63,0,-5399.92822265625
100000000000000000000002,1,921125000,0,-43,5.87207845602623,0,0,0.560039978027344,1.63,0,-5399.92822265625
100000000000000000000000,1,921125000,0,-51.5,3.64473835201628,0,0,0.560039978027344,1.63,0,-5399.92822265625
100000000000000000000003,1,921125000,0,-45.5,1.1965050145508,0,0,0.560039978027344,1.63,0,-5399.92822265625
100000000000000000000004,1,921125000,0,-46.5,2.55254403104171,0,0,0.560039978027344,1.63,0,-5399.92822265625
100000000000000000000001,1,921125000,0,-44.5,3.61405873625857,0,0,0.560039978027344,1.63,0,-5399.92822265625
100000000000000000000002,1,921125000,0,-43,5.85367068657161,0,0,0.560039978027344,1.63,0,-5399.92822265625
100000000000000000000003,1,921125000,0,-45.5,1.1965050145508,0,0,0.560039978027344,1.63,0,-5399.92822265625
100000000000000000000000,1,921125000,0,-51.5,3.64473835201628,0,0,0.560039978027344,1.63,0,-5399.92822265625
100000000000000000000004,1,921125000,0,-46,2.57708772364788,0,0,0.560039978027344,1.63,0,-5399.92822265625
100000000000000000000001,1,921125000,0,-44.5,3.62019465941011,0,0,0.560039978027344,1.63,0,-5399.92822265625
100000000000000000000001,1,921125000,0,-44.5,3.62633058256166,0,0,0.560039978027344,1.63,0,-5399.92822265625
100000000000000000000000,1,921125000,0,-51,3.65701019831937,0,0,0.560039978027344,1.63,0,-5399.92822265625
100000000000000000000003,1,921125000,0,-45.5,1.20264093770234,0,0,0.560039978027344,1.63,0,-5399.92822265625
100000000000000000000002,1,921125000,0,-43,5.85980660972315,0,0,0.560039978027344,1.63,0,-5399.92822265625
100000000000000000000004,1,921125000,0,-46,2.57708772364788,0,0,0.560039978027344,1.63,0,-5399.92822265625
100000000000000000000000,1,921125000,0,-51,3.64473835201628,0,0,0.560039978027344,1.63,0,-5399.92822265625
100000000000000000000003,1,921125000,0,-45.5,1.1965050145508,0,0,0.560039978027344,1.63,0,-5399.92822265625
100000000000000000000004,1,921125000,0,-46.5,2.57708772364788,0,0,0.560039978027344,1.63,0,-5399.92822265625
100000000000000000000001,1,921125000,0,-44.5,3.61405873625857,0,0,0.560039978027344,1.63,0,-5399.92822265625
100000000000000000000002,1,921125000,0,-43,5.89048622548086,0,0,0.560039978027344,1.63,0,-5399.92822265625
100000000000000000000002,1,921125000,0,-43,5.85980660972315,0,0,0.560039978027344,1.63,0,-5399.92822265625
100000000000000000000000,1,921125000,0,-51.5,3.6324665057132,0,0,0.560039978027344,1.63,0,-5399.92822265625
100000000000000000000004,1,921125000,0,-46.5,2.57095180049633,0,0,0.560039978027344,1.63,0,-5399.92822265625
100000000000000000000003,1,921125000,0,-45.5,1.1965050145508,0,0,0.560039978027344,1.63,0,-5399.92822265625
100000000000000000000001,1,921125000,0,-44.5,3.61405873625857,0,0,0.560039978027344,1.63,0,-5399.92822265625
100000000000000000000002,1,921125000,0,-43,5.88435030232932,0,0,0.560039978027344,1.63,0,-5399.92822265625
100000000000000000000003,1,921125000,0,-45.5,1.20877686085389,0,0,0.560039978027344,1.63,0,-5399.92822265625
100000000000000000000004,1,921125000,0,-46.5,2.56481587734479,0,0,0.560039978027344,1.63,0,-5399.92822265625
100000000000000000000001,1,921125000,0,-44.5,3.60792281310703,0,0,0.560039978027344,1.63,0,-5399.92822265625
100000000000000000000000,1,921125000,0,-51.5,3.65087427516783,0,0,0.560039978027344,1.63,0,-5399.92822265625
100000000000000000000001,1,921125000,0,-44.5,3.62019465941011,0,0,0.560039978027344,1.63,0,-5399.92822265625
100000000000000000000003,1,921125000,0,-45.5,1.20877686085389,0,0,0.560039978027344,1.63,0,-5399.92822265625
100000000000000000000004,1,921125000,0,-46.5,2.53413626158708,0,0,0.560039978027344,1.63,0,-5399.92822265625
100000000000000000000000,1,921125000,0,-51.5,3.62633058256166,0,0,0.560039978027344,1.63,0,-5399.92822265625
100000000000000000000002,1,921125000,0,-43,5.87821437917778,0,0,0.560039978027344,1.63,0,-5399.92822265625
100000000000000000000004,1,921125000,0,-46.5,2.54027218473862,0,0,0.560039978027344,1.63,0,-5399.92822265625
100000000000000000000002,1,921125000,0,-43,5.85980660972315,0,0,0.560039978027344,1.63,0,-5399.92822265625
100000000000000000000000,1,921125000,0,-51.5,3.63860242886474,0,0,0.560039978027344,1.63,0,-5399.92822265625
100000000000000000000003,1,921125000,0,-45.5,1.20877686085389,0,0,0.560039978027344,1.63,0,-5399.92822265625
100000000000000000000001,1,921125000,0,-44.5,3.62633058256166,0,0,0.560039978027344,1.63,0,-5399.92822265625
100000000000000000000002,1,921125000,0,-43,5.87207845602623,0,0,0.560039978027344,1.63,0,-5399.92822265625
100000000000000000000000,1,921125000,0,-51.5,3.63860242886474,0,0,0.560039978027344,1.63,0,-5399.92822265625
100000000000000000000003,1,921125000,0,-45.5,1.19036909139926,0,0,0.560039978027344,1.63,0,-5399.92822265625
100000000000000000000001,1,921125000,0,-44.5,3.62019465941011,0,0,0.560039978027344,1.63,0,-5399.92822265625
100000000000000000000004,1,921125000,0,-46,2.55867995419325,0,0,0.560039978027344,1.63,0,-5399.92822265625
100000000000000000000001,1,921125000,0,-44.5,3.61405873625857,0,0,0.560039978027344,1.63,0,-5399.92822265625
100000000000000000000000,1,921125000,0,-51.5,3.6324665057132,0,0,0.560039978027344,1.63,0,-5399.92822265625
100000000000000000000003,1,921125000,0,-45.5,1.21491278400543,0,0,0.560039978027344,1.63,0,-5399.92822265625
100000000000000000000004,1,921125000,0,-46,2.56481587734479,0,0,0.560039978027344,1.63,0,-5399.92822265625
100000000000000000000002,1,921125000,0,-43,5.87821437917778,0,0,0.560039978027344,1.63,0,-5399.92822265625
100000000000000000000002,1,921125000,0,-43,5.87207845602623,0,0,0.560039978027344,1.63,0,-5399.92822265625
100000000000000000000004,1,921125000,0,-46,2.57708772364788,0,0,0.560039978027344,1.63,0,-5399.92822265625
100000000000000000000000,1,921125000,0,-51.5,3.6324665057132,0,0,0.560039978027344,1.63,0,-5399.92822265625
100000000000000000000001,1,921125000,0,-44.5,3.62019465941011,0,0,0.560039978027344,1.63,0,-5399.92822265625
100000000000000000000003,1,921125000,0,-45.5,1.21491278400543,0,0,0.560039978027344,1.63,0,-5399.92822265625
100000000000000000000000,1,921125000,0,-51.5,3.62633058256166,0,0,0.560039978027344,1.63,0,-5399.92822265625
100000000000000000000003,1,921125000,0,-45.5,1.20264093770234,0,0,0.560039978027344,1.63,0,-5399.92822265625
100000000000000000000004,1,921125000,0,-46.5,2.54640810789016,0,0,0.560039978027344,1.63,0,-5399.92822265625
100000000000000000000002,1,921125000,0,-43,5.88435030232932,0,0,0.560039978027344,1.63,0,-5399.92822265625
100000000000000000000001,1,921125000,0,-44.5,3.61405873625857,0,0,0.560039978027344,1.63,0,-5399.92822265625
100000000000000000000004,1,921125000,0,-46,2.56481587734479,0,0,0.560039978027344,1.63,0,-5399.92822265625
100000000000000000000001,1,921125000,0,-44.5,3.61405873625857,0,0,0.560039978027344,1.63,0,-5399.92822265625
100000000000000000000003,1,921125000,0,-45.5,1.20877686085389,0,0,0.560039978027344,1.63,0,-5399.92822265625
100000000000000000000000,1,921125000,0,-51.5,3.62633058256166,0,0,0.560039978027344,1.63,0,-5399.92822265625
100000000000000000000002,1,921125000,0,-43,5.88435030232932,0,0,0.560039978027344,1.63,0,-5399.92822265625
100000000000000000000001,1,921125000,0,-44.5,3.61405873625857,0,0,0.560039978027344,1.63,0,-5399.92822265625
100000000000000000000003,1,921125000,0,-45.5,1.19036909139926,0,0,0.560039978027344,1.63,0,-5399.92822265625
100000000000000000000002,1,921125000,0,-43,5.87821437917778,0,0,0.560039978027344,1.63,0,-5399.92822265625
100000000000000000000004,1,921125000,0,-46,2.57095180049633,0,0,0.560039978027344,1.63,0,-5399.92822265625
100000000000000000000000,1,921125000,0,-51,3.59565096680394,0,0,0.560039978027344,1.63,0,-5399.92822265625
100000000000000000000001,1,921125000,0,-44.5,3.62019465941011,0,0,0.560039978027344,1.63,0,-5399.92822265625
100000000000000000000002,1,921125000,0,-43,5.89048622548086,0,0,0.560039978027344,1.63,0,-5399.92822265625
100000000000000000000004,1,921125000,0,-46,2.57708772364788,0,0,0.560039978027344,1.63,0,-5399.92822265625
100000000000000000000003,1,921125000,0,-45.5,1.20877686085389,0,0,0.560039978027344,1.63,0,-5399.92822265625
100000000000000000000000,1,921125000,0,-51,3.62019465941011,0,0,0.560039978027344,1.63,0,-5399.92822265625
100000000000000000000002,1,921125000,0,-43,5.85367068657161,0,0,0.560039978027344,1.63,0,-5399.92822265625
100000000000000000000001,1,921125000,0,-44.5,3.62019465941011,0,0,0.560039978027344,1.63,0,-5399.92822265625
100000000000000000000003,1,921125000,0,-45.5,1.22104870715697,0,0,0.560039978027344,1.63,0,-5399.92822265625
100000000000000000000000,1,921125000,0,-51.5,3.6324665057132,0,0,0.560039978027344,1.63,0,-5399.92822265625
100000000000000000000004,1,921125000,0,-46,2.58935956995096,0,0,0.560039978027344,1.63,0,-5399.92822265625
100000000000000000000002,1,921125000,0,-43,5.85980660972315,0,0,0.560039978027344,1.63,0,-5399.92822265625
100000000000000000000003,1,921125000,0,-45.5,1.21491278400543,0,0,0.560039978027344,1.63,0,-5399.92822265625
100000000000000000000001,1,921125000,0,-44.5,3.60792281310703,0,0,0.560039978027344,1.63,0,-5399.92822265625
100000000000000000000004,1,921125000,0,-46,2.54640810789016,0,0,0.560039978027344,1.63,0,-5399.92822265625
100000000000000000000000,1,921125000,0,-51.5,3.63860242886474,0,0,0.560039978027344,1.63,0,-5399.92822265625
100000000000000000000003,1,921125000,0,-45.5,1.20877686085389,0,0,0.560039978027344,1.63,0,-5399.92822265625
100000000000000000000002,1,921125000,0,-43,5.85367068657161,0,0,0.560039978027344,1.63,0,-5399.92822265625
100000000000000000000001,1,921125000,0,-44.5,3.60792281310703,0,0,0.560039978027344,1.63,0,-5399.92822265625
100000000000000000000004,1,921125000,0,-46,2.55254403104171,0,0,0.560039978027344,1.63,0,-5399.92822265625
100000000000000000000000,1,921125000,0,-51.5,3.63860242886474,0,0,0.560039978027344,1.63,0,-5399.92822265625
100000000000000000000001,1,921125000,0,-44.5,3.61405873625857,0,0,0.560039978027344,1.63,0,-5399.92822265625
100000000000000000000000,1,921125000,0,-51.5,3.62633058256166,0,0,0.560039978027344,1.63,0,-5399.92822265625
100000000000000000000004,1,921125000,0,-46.5,2.56481587734479,0,0,0.560039978027344,1.63,0,-5399.92822265625
100000000000000000000003,1,921125000,0,-45.5,1.1965050145508,0,0,0.560039978027344,1.63,0,-5399.92822265625
100000000000000000000002,1,921125000,0,-43,5.87207845602623,0,0,0.560039978027344,1.63,0,-5399.92822265625
100000000000000000000000,1,921125000,0,-51.5,3.65087427516783,0,0,0.560039978027344,1.63,0,-5399.92822265625
100000000000000000000001,1,921125000,0,-44.5,3.62633058256166,0,0,0.560039978027344,1.63,0,-5399.92822265625
100000000000000000000003,1,921125000,0,-45.5,1.19036909139926,0,0,0.560039978027344,1.63,0,-5399.92822265625
100000000000000000000002,1,921125000,0,-43,5.85367068657161,0,0,0.560039978027344,1.63,0,-5399.92822265625
100000000000000000000004,1,921125000,0,-46,2.57708772364788,0,0,0.560039978027344,1.63,0,-5399.92822265625
100000000000000000000002,1,921125000,0,-43,5.84753476342006,0,0,0.560039978027344,1.63,0,-5399.92822265625
100000000000000000000000,1,921125000,0,-51,3.66314612147091,0,0,0.560039978027344,1.63,0,-5399.92822265625
100000000000000000000004,1,921125000,0,-46,2.58935956995096,0,0,0.560039978027344,1.63,0,-5399.92822265625
100000000000000000000001,1,921125000,0,-44.5,3.62633058256166,0,0,0.560039978027344,1.63,0,-5399.92822265625
100000000000000000000003,1,921125000,0,-45.5,1.19036909139926,0,0,0.560039978027344,1.63,0,-5399.92822265625
100000000000000000000003,1,921125000,0,-45.5,1.20264093770234,0,0,0.560039978027344,1.63,0,-5399.92822265625
100000000000000000000001,1,921125000,0,-44.5,3.61405873625857,0,0,0.560039978027344,1.63,0,-5399.92822265625
100000000000000000000002,1,921125000,0,-43,5.86594253287469,0,0,0.560039978027344,1.63,0,-5399.92822265625
100000000000000000000000,1,921125000,0,-51.5,3.60792281310703,0,0,0.560039978027344,1.63,0,-5399.92822265625
100000000000000000000004,1,921125000,0,-46,2.55867995419325,0,0,0.560039978027344,1.63,0,-5399.92822265625
100000000000000000000000,1,921125000,0,-51.5,3.62633058256166,0,0,0.560039978027344,1.63,0,-5399.92822265625
100000000000000000000002,1,921125000,0,-43,5.87821437917778,0,0,0.560039978027344,1.63,0,-5399.92822265625
100000000000000000000001,1,921125000,0,-44.5,3.63860242886474,0,0,0.560039978027344,1.63,0,-5399.92822265625
100000000000000000000003,1,921125000,0,-45.5,1.20264093770234,0,0,0.560039978027344,1.63,0,-5399.92822265625
100000000000000000000004,1,921125000,0,-46,2.5954954931025,0,0,0.560039978027344,1.63,0,-5399.92822265625
100000000000000000000002,1,921125000,0,-43,5.87821437917778,0,0,0.560039978027344,1.63,0,-5399.92822265625
100000000000000000000001,1,921125000,0,-44.5,3.59565096680394,0,0,0.560039978027344,1.63,0,-5399.92822265625
100000000000000000000004,1,921125000,0,-46,2.51572849213245,0,0,0.560039978027344,1.63,0,-5399.92822265625
100000000000000000000003,1,921125000,0,-45.5,1.1965050145508,0,0,0.560039978027344,1.63,0,-5399.92822265625
100000000000000000000000,1,921125000,0,-51.5,3.59565096680394,0,0,0.560039978027344,1.63,0,-5399.92822265625
100000000000000000000001,1,921125000,0,-44.5,3.62633058256166,0,0,0.560039978027344,1.63,0,-5399.92822265625
100000000000000000000002,1,921125000,0,-43,5.87821437917778,0,0,0.560039978027344,1.63,0,-5399.92822265625
100000000000000000000000,1,921125000,0,-51.5,3.65087427516783,0,0,0.560039978027344,1.63,0,-5399.92822265625
100000000000000000000004,1,921125000,0,-46,2.57708772364788,0,0,0.560039978027344,1.63,0,-5399.92822265625
100000000000000000000003,1,921125000,0,-45.5,1.20877686085389,0,0,0.560039978027344,1.63,0,-5399.92822265625
100000000000000000000002,1,921125000,0,-43,5.85980660972315,0,0,0.560039978027344,1.63,0,-5399.92822265625
100000000000000000000004,1,921125000,0,-46,2.57095180049633,0,0,0.560039978027344,1.63,0,-5399.92822265625
100000000000000000000003,1,921125000,0,-45.5,1.1965050145508,0,0,0.560039978027344,1.63,0,-5399.92822265625
100000000000000000000000,1,921125000,0,-51.5,3.5895150436524,0,0,0.560039978027344,1.63,0,-5399.92822265625
100000000000000000000001,1,921125000,0,-44.5,3.59565096680394,0,0,0.560039978027344,1.63,0,-5399.92822265625
100000000000000000000002,1,921125000,0,-43,5.85980660972315,0,0,0.560039978027344,1.63,0,-5399.92822265625
100000000000000000000004,1,921125000,0,-46.5,2.56481587734479,0,0,0.560039978027344,1.63,0,-5399.92822265625
100000000000000000000000,1,921125000,0,-51,3.64473835201628,0,0,0.560039978027344,1.63,0,-5399.92822265625
100000000000000000000001,1,921125000,0,-44.5,3.62633058256166,0,0,0.560039978027344,1.63,0,-5399.92822265625
100000000000000000000003,1,921125000,0,-45.5,1.18423316824772,0,0,0.560039978027344,1.63,0,-5399.92822265625
100000000000000000000003,1,921125000,0,-45.5,1.20877686085389,0,0,0.560039978027344,1.63,0,-5399.92822265625
100000000000000000000000,1,921125000,0,-51,3.6324665057132,0,0,0.560039978027344,1.63,0,-5399.92822265625
100000000000000000000002,1,921125000,0,-43,5.87207845602623,0,0,0.560039978027344,1.63,0,-5399.92822265625
100000000000000000000001,1,921125000,0,-44.5,3.61405873625857,0,0,0.560039978027344,1.63,0,-5399.92822265625
100000000000000000000004,1,921125000,0,-46,2.57095180049633,0,0,0.560039978027344,1.63,0,-5399.92822265625
100000000000000000000002,1,921125000,0,-43,5.85367068657161,0,0,0.560039978027344,1.63,0,-5399.92822265625
100000000000000000000001,1,921125000,0,-44.5,3.6324665057132,0,0,0.560039978027344,1.63,0,-5399.92822265625
100000000000000000000004,1,921125000,0,-46,2.57708772364788,0,0,0.560039978027344,1.63,0,-5399.92822265625
100000000000000000000000,1,921125000,0,-51.5,3.58337912050086,0,0,0.560039978027344,1.63,0,-5399.92822265625
100000000000000000000003,1,921125000,0,-45.5,1.20264093770234,0,0,0.560039978027344,1.63,0,-5399.92822265625
100000000000000000000002,1,921125000,0,-43,5.87207845602623,0,0,0.560039978027344,1.63,0,-5399.92822265625
100000000000000000000000,1,921125000,0,-51.5,3.62633058256166,0,0,0.560039978027344,1.63,0,-5399.92822265625
100000000000000000000003,1,921125000,0,-45.5,1.20877686085389,0,0,0.560039978027344,1.63,0,-5399.92822265625
100000000000000000000001,1,921125000,0,-44.5,3.62019465941011,0,0,0.560039978027344,1.63,0,-5399.92822265625
100000000000000000000004,1,921125000,0,-46,2.58322364679942,0,0,0.560039978027344,1.63,0,-5399.92822265625
100000000000000000000003,1,921125000,0,-45.5,1.20264093770234,0,0,0.560039978027344,1.63,0,-5399.92822265625
100000000000000000000001,1,921125000,0,-44.5,3.62633058256166,0,0,0.560039978027344,1.63,0,-5399.92822265625
100000000000000000000002,1,921125000,0,-43,5.87207845602623,0,0,0.560039978027344,1.63,0,-5399.92822265625
100000000000000000000004,1,921125000,0,-46,2.56481587734479,0,0,0.560039978027344,1.63,0,-5399.92822265625
100000000000000000000000,1,921125000,0,-51.5,3.65701019831937,0,0,0.560039978027344,1.63,0,-5399.92822265625
100000000000000000000004,1,921125000,0,-46,2.57095180049633,0,0,0.560039978027344,1.63,0,-5399.92822265625
100000000000000000000003,1,921125000,0,-45.5,1.19036909139926,0,0,0.560039978027344,1.63,0,-5399.92822265625
100000000000000000000002,1,921625000,0,-43,6.08069984317868,0,0,0.560039978027344,1.63,0,-5399.92822265625
100000000000000000000000,1,921625000,0,-52,3.98835004850267,0,0,0.560039978027344,1.63,0,-5399.92822265625
100000000000000000000001,1,921625000,0,-45,3.86563158547182,0,0,0.560039978027344,1.63,0,-5399.92822265625
100000000000000000000003,1,921625000,0,-45.5,1.39285455540016,0,0,0.560039978027344,1.63,0,-5399.92822265625
100000000000000000000000,1,921625000,0,-52,3.9638063558965,0,0,0.560039978027344,1.63,0,-5399.92822265625
100000000000000000000002,1,921625000,0,-43,6.09297168948177,0,0,0.560039978027344,1.63,0,-5399.92822265625
100000000000000000000001,1,921625000,0,-45,3.86563158547182,0,0,0.560039978027344,1.63,0,-5399.92822265625
100000000000000000000004,1,921625000,0,-45.5,2.81638872655804,0,0,0.560039978027344,1.63,0,-5399.92822265625
100000000000000000000002,1,921625000,0,-43,6.11751538208794,0,0,0.560039978027344,1.63,0,-5399.92822265625
100000000000000000000003,1,921625000,0,-45.5,1.39285455540016,0,0,0.560039978027344,1.63,0,-5399.92822265625
100000000000000000000001,1,921625000,0,-45,3.8349519697141,0,0,0.560039978027344,1.63,0,-5399.92822265625
100000000000000000000004,1,921625000,0,-46,2.84093241916421,0,0,0.560039978027344,1.63,0,-5399.92822265625
100000000000000000000000,1,921625000,0,-52,3.95767043274495,0,0,0.560039978027344,1.63,0,-5399.92822265625
100000000000000000000004,1,921625000,0,-45.5,2.82252464970958,0,0,0.560039978027344,1.63,0,-5399.92822265625
100000000000000000000001,1,921625000,0,-45,3.85949566232027,0,0,0.560039978027344,1.63,0,-5399.92822265625
100000000000000000000000,1,921625000,0,-52,3.93312674013878,0,0,0.560039978027344,1.63,0,-5399.92822265625
100000000000000000000002,1,921625000,0,-43,6.09297168948177,0,0,0.560039978027344,1.63,0,-5399.92822265625
100000000000000000000003,1,921625000,0,-45.5,1.40512640170325,0,0,0.560039978027344,1.63,0,-5399.92822265625
100000000000000000000000,1,921625000,0,-52,3.92699081698724,0,0,0.560039978027344,1.63,0,-5399.92822265625
100000000000000000000001,1,921625000,0,-45,3.85335973916873,0,0,0.560039978027344,1.63,0,-5399.92822265625
100000000000000000000002,1,921625000,0,-43,6.07456392002714,0,0,0.560039978027344,1.63,0,-5399.92822265625
100000000000000000000004,1,921625000,0,-46,2.83479649601267,0,0,0.560039978027344,1.63,0,-5399.92822265625
100000000000000000000003,1,921625000,0,-45.5,1.40512640170325,0,0,0.560039978027344,1.63,0,-5399.92822265625
100000000000000000000003,1,921625000,0,-45.5,1.41126232485479,0,0,0.560039978027344,1.63,0,-5399.92822265625
100000000000000000000001,1,921625000,0,-45,3.84722381601719,0,0,0.560039978027344,1.63,0,-5399.92822265625
100000000000000000000000,1,921625000,0,-52,3.94539858644187,0,0,0.560039978027344,1.63,0,-5399.92822265625
100000000000000000000002,1,921625000,0,-43,6.08069984317868,0,0,0.560039978027344,1.63,0,-5399.92822265625
100000000000000000000004,1,921625000,0,-46,2.84706834231575,0,0,0.560039978027344,1.63,0,-5399.92822265625
100000000000000000000003,1,921625000,0,-45.5,1.40512640170325,0,0,0.560039978027344,1.63,0,-5399.92822265625
100000000000000000000000,1,921625000,0,-52,3.95153450959341,0,0,0.560039978027344,1.63,0,-5399.92822265625
100000000000000000000001,1,921625000,0,-45,3.86563158547182,0,0,0.560039978027344,1.63,0,-5399.92822265625
100000000000000000000002,1,921625000,0,-43,6.08069984317868,0,0,0.560039978027344,1.63,0,-5399.92822265625
100000000000000000000004,1,921625000,0,-46,2.81638872655804,0,0,0.560039978027344,1.63,0,-5399.92822265625
100000000000000000000001,1,921625000,0,-45,3.87176750862336,0,0,0.560039978027344,1.63,0,-5399.92822265625
100000000000000000000000,1,921625000,0,-52,3.94539858644187,0,0,0.560039978027344,1.63,0,-5399.92822265625
100000000000000000000004,1,921625000,0,-45.5,2.82252464970958,0,0,0.560039978027344,1.63,0,-5399.92822265625
100000000000000000000002,1,921625000,0,-43,6.09297168948177,0,0,0.560039978027344,1.63,0,-5399.92822265625
100000000000000000000003,1,921625000,0,-45.5,1.3989904785517,0,0,0.560039978027344,1.63,0,-5399.92822265625
100000000000000000000000,1,921625000,0,-51.5,3.94539858644187,0,0,0.560039978027344,1.63,0,-5399.92822265625
100000000000000000000001,1,921625000,0,-45,3.84722381601719,0,0,0.560039978027344,1.63,0,-5399.92822265625
100000000000000000000003,1,921625000,0,-45.5,1.3989904785517,0,0,0.560039978027344,1.63,0,-5399.92822265625
100000000000000000000004,1,921625000,0,-46,2.80411688025495,0,0,0.560039978027344,1.63,0,-5399.92822265625
100000000000000000000002,1,921625000,0,-43,6.09297168948177,0,0,0.560039978027344,1.63,0,-5399.92822265625
100000000000000000000003,1,921625000,0,-46,1.3989904785517,0,0,0.560039978027344,1.63,0,-5399.92822265625
100000000000000000000000,1,921625000,0,-52,3.93312674013878,0,0,0.560039978027344,1.63,0,-5399.92822265625
100000000000000000000004,1,921625000,0,-45.5,2.82866057286112,0,0,0.560039978027344,1.63,0,-5399.92822265625
100000000000000000000002,1,921625000,0,-43,6.08683576633022,0,0,0.560039978027344,1.63,0,-5399.92822265625
100000000000000000000001,1,921625000,0,-45,3.85335973916873,0,0,0.560039978027344,1.63,0,-5399.92822265625
100000000000000000000003,1,921625000,0,-45.5,1.40512640170325,0,0,0.560039978027344,1.63,0,-5399.92822265625
100000000000000000000004,1,921625000,0,-45.5,2.82866057286112,0,0,0.560039978027344,1.63,0,-5399.92822265625
100000000000000000000000,1,921625000,0,-52,3.96994227904804,0,0,0.560039978027344,1.63,0,-5399.92822265625
100000000000000000000002,1,921625000,0,-43,6.11137945893639,0,0,0.560039978027344,1.63,0,-5399.92822265625
100000000000000000000001,1,921625000,0,-45,3.84722381601719,0,0,0.560039978027344,1.63,0,-5399.92822265625
100000000000000000000002,1,921625000,0,-43,6.07456392002714,0,0,0.560039978027344,1.63,0,-5399.92822265625
100000000000000000000004,1,921625000,0,-45.5,2.82252464970958,0,0,0.560039978027344,1.63,0,-5399.92822265625
100000000000000000000001,1,921625000,0,-45,3.84108789286565,0,0,0.560039978027344,1.63,0,-5399.92822265625
100000000000000000000003,1,921625000,0,-45.5,1.40512640170325,0,0,0.560039978027344,1.63,0,-5399.92822265625
100000000000000000000000,1,921625000,0,-52,3.95153450959341,0,0,0.560039978027344,1.63,0,-5399.92822265625
100000000000000000000001,1,921625000,0,-45,3.8349519697141,0,0,0.560039978027344,1.63,0,-5399.92822265625
100000000000000000000002,1,921625000,0,-43,6.09297168948177,0,0,0.560039978027344,1.63,0,-5399.92822265625
100000000000000000000000,1,921625000,0,-52,3.93312674013878,0,0,0.560039978027344,1.63,0,-5399.92822265625
100000000000000000000003,1,921625000,0,-45.5,1.40512640170325,0,0,0.560039978027344,1.63,0,-5399.92822265625
100000000000000000000004,1,921625000,0,-45.5,2.81638872655804,0,0,0.560039978027344,1.63,0,-5399.92822265625
100000000000000000000003,1,921625000,0,-45.5,1.3989904785517,0,0,0.560039978027344,1.63,0,-5399.92822265625
100000000000000000000001,1,921625000,0,-45,3.85949566232027,0,0,0.560039978027344,1.63,0,-5399.92822265625
100000000000000000000002,1,921625000,0,-43,6.11137945893639,0,0,0.560039978027344,1.63,0,-5399.92822265625
100000000000000000000004,1,921625000,0,-45.5,2.82866057286112,0,0,0.560039978027344,1.63,0,-5399.92822265625
100000000000000000000000,1,921625000,0,-51.5,3.93926266329033,0,0,0.560039978027344,1.63,0,-5399.92822265625
100000000000000000000003,1,921625000,0,-45.5,1.40512640170325,0,0,0.560039978027344,1.63,0,-5399.92822265625
100000000000000000000004,1,921625000,0,-46,2.84093241916421,0,0,0.560039978027344,1.63,0,-5399.92822265625
100000000000000000000001,1,921625000,0,-45,3.87176750862336,0,0,0.560039978027344,1.63,0,-5399.92822265625
100000000000000000000000,1,921625000,0,-52,3.95153450959341,0,0,0.560039978027344,1.63,0,-5399.92822265625
100000000000000000000002,1,921625000,0,-43,6.09297168948177,0,0,0.560039978027344,1.63,0,-5399.92822265625
100000000000000000000002,1,921625000,0,-43,6.08683576633022,0,0,0.560039978027344,1.63,0,-5399.92822265625
100000000000000000000001,1,921625000,0,-45,3.85335973916873,0,0,0.560039978027344,1.63,0,-5399.92822265625
100000000000000000000003,1,921625000,0,-45.5,1.3989904785517,0,0,0.560039978027344,1.63,0,-5399.92822265625
100000000000000000000000,1,921625000,0,-51.5,3.91471897068416,0,0,0.560039978027344,1.63,0,-5399.92822265625
100000000000000000000004,1,921625000,0,-46,2.82866057286112,0,0,0.560039978027344,1.63,0,-5399.92822265625
100000000000000000000004,1,921625000,0,-46,2.82252464970958,0,0,0.560039978027344,1.63,0,-5399.92822265625
100000000000000000000003,1,921625000,0,-45.5,1.39285455540016,0,0,0.560039978027344,1.63,0,-5399.92822265625
100000000000000000000000,1,921625000,0,-51.5,3.97607820219958,0,0,0.560039978027344,1.63,0,-5399.92822265625
100000000000000000000002,1,921625000,0,-43,6.08069984317868,0,0,0.560039978027344,1.63,0,-5399.92822265625
100000000000000000000001,1,921625000,0,-45,3.86563158547182,0,0,0.560039978027344,1.63,0,-5399.92822265625
100000000000000000000000,1,921625000,0,-51.5,3.93312674013878,0,0,0.560039978027344,1.63,0,-5399.92822265625
100000000000000000000003,1,921625000,0,-45.5,1.40512640170325,0,0,0.560039978027344,1.63,0,-5399.92822265625
100000000000000000000004,1,921625000,0,-45.5,2.83479649601267,0,0,0.560039978027344,1.63,0,-5399.92822265625
100000000000000000000001,1,921625000,0,-45,3.85335973916873,0,0,0.560039978027344,1.63,0,-5399.92822265625
100000000000000000000002,1,921625000,0,-43,6.09297168948177,0,0,0.560039978027344,1.63,0,-5399.92822265625
100000000000000000000001,1,921625000,0,-45,3.86563158547182,0,0,0.560039978027344,1.63,0,-5399.92822265625
100000000000000000000004,1,921625000,0,-45.5,2.83479649601267,0,0,0.560039978027344,1.63,0,-5399.92822265625
100000000000000000000000,1,921625000,0,-52,3.91471897068416,0,0,0.560039978027344,1.63,0,-5399.92822265625
100000000000000000000003,1,921625000,0,-46,1.41739824800633,0,0,0.560039978027344,1.63,0,-5399.92822265625
100000000000000000000002,1,921625000,0,-43,6.11751538208794,0,0,0.560039978027344,1.63,0,-5399.92822265625
100000000000000000000001,1,921625000,0,-45,3.85949566232027,0,0,0.560039978027344,1.63,0,-5399.92822265625
100000000000000000000002,1,921625000,0,-43,6.09910761263331,0,0,0.560039978027344,1.63,0,-5399.92822265625
100000000000000000000004,1,921625000,0,-46,2.84093241916421,0,0,0.560039978027344,1.63,0,-5399.92822265625
100000000000000000000003,1,921625000,0,-45.5,1.38671863224862,0,0,0.560039978027344,1.63,0,-5399.92822265625
100000000000000000000000,1,921625000,0,-52,3.96994227904804,0,0,0.560039978027344,1.63,0,-5399.92822265625
100000000000000000000002,1,921625000,0,-43,6.10524353578485,0,0,0.560039978027344,1.63,0,-5399.92822265625
100000000000000000000003,1,921625000,0,-46,1.40512640170325,0,0,0.560039978027344,1.63,0,-5399.92822265625
100000000000000000000000,1,921625000,0,-51.5,3.94539858644187,0,0,0.560039978027344,1.63,0,-5399.92822265625
100000000000000000000004,1,921625000,0,-46,2.82866057286112,0,0,0.560039978027344,1.63,0,-5399.92822265625
100000000000000000000001,1,921625000,0,-45,3.84722381601719,0,0,0.560039978027344,1.63,0,-5399.92822265625
100000000000000000000004,1,921625000,0,-46,2.83479649601267,0,0,0.560039978027344,1.63,0,-5399.92822265625
100000000000000000000001,1,921625000,0,-45,3.8349519697141,0,0,0.560039978027344,1.63,0,-5399.92822265625
100000000000000000000000,1,921625000,0,-52,3.95153450959341,0,0,0.560039978027344,1.63,0,-5399.92822265625
100000000000000000000003,1,921625000,0,-46,1.41126232485479,0,0,0.560039978027344,1.63,0,-5399.92822265625
100000000000000000000002,1,921625000,0,-43,6.10524353578485,0,0,0.560039978027344,1.63,0,-5399.92822265625
100000000000000000000002,1,921625000,0,-43,6.10524353578485,0,0,0.560039978027344,1.63,0,-5399.92822265625
100000000000000000000004,1,921625000,0,-46,2.82866057286112,0,0,0.560039978027344,1.63,0,-5399.92822265625
100000000000000000000000,1,921625000,0,-52,3.93312674013878,0,0,0.560039978027344,1.63,0,-5399.92822265625
100000000000000000000003,1,921625000,0,-46,1.41126232485479,0,0,0.560039978027344,1.63,0,-5399.92822265625
100000000000000000000001,1,921625000,0,-45,3.85949566232027,0,0,0.560039978027344,1.63,0,-5399.92822265625
100000000000000000000002,1,921625000,0,-43,6.09910761263331,0,0,0.560039978027344,1.63,0,-5399.92822265625
100000000000000000000004,1,921625000,0,-46,2.82866057286112,0,0,0.560039978027344,1.63,0,-5399.92822265625
100000000000000000000001,1,921625000,0,-45,3.86563158547182,0,0,0.560039978027344,1.63,0,-5399.92822265625
100000000000000000000003,1,921625000,0,-46,1.40512640170325,0,0,0.560039978027344,1.63,0,-5399.92822265625
100000000000000000000000,1,921625000,0,-52,3.93926266329033,0,0,0.560039978027344,1.63,0,-5399.92822265625
100000000000000000000001,1,921625000,0,-45,3.86563158547182,0,0,0.560039978027344,1.63,0,-5399.92822265625
100000000000000000000004,1,921625000,0,-46,2.82866057286112,0,0,0.560039978027344,1.63,0,-5399.92822265625
100000000000000000000002,1,921625000,0,-43,6.08683576633022,0,0,0.560039978027344,1.63,0,-5399.92822265625
100000000000000000000003,1,921625000,0,-46,1.39285455540016,0,0,0.560039978027344,1.63,0,-5399.92822265625
100000000000000000000000,1,921625000,0,-51.5,3.93312674013878,0,0,0.560039978027344,1.63,0,-5399.92822265625
100000000000000000000001,1,921625000,0,-45,3.88403935492644,0,0,0.560039978027344,1.63,0,-5399.92822265625
100000000000000000000004,1,921625000,0,-45.5,2.84093241916421,0,0,0.560039978027344,1.63,0,-5399.92822265625
100000000000000000000002,1,921625000,0,-43,6.11751538208794,0,0,0.560039978027344,1.63,0,-5399.92822265625
100000000000000000000003,1,921625000,0,-45.5,1.40512640170325,0,0,0.560039978027344,1.63,0,-5399.92822265625
100000000000000000000000,1,921625000,0,-52,3.93312674013878,0,0,0.560039978027344,1.63,0,-5399.92822265625
100000000000000000000004,1,921625000,0,-45.5,2.82252464970958,0,0,0.560039978027344,1.63,0,-5399.92822265625
100000000000000000000001,1,921625000,0,-45,3.87176750862336,0,0,0.560039978027344,1.63,0,-5399.92822265625
100000000000000000000002,1,921625000,0,-43,6.09297168948177,0,0,0.560039978027344,1.63,0,-5399.92822265625
100000000000000000000000,1,921625000,0,-51.5,3.96994227904804,0,0,0.560039978027344,1.63,0,-5399.92822265625
100000000000000000000003,1,921625000,0,-46,1.41739824800633,0,0,0.560039978027344,1.63,0,-5399.92822265625
100000000000000000000002,1,921625000,0,-43,6.08683576633022,0,0,0.560039978027344,1.63,0,-5399.92822265625
100000000000000000000001,1,921625000,0,-45,3.86563158547182,0,0,0.560039978027344,1.63,0,-5399.92822265625
100000000000000000000004,1,921625000,0,-46,2.81025280340649,0,0,0.560039978027344,1.63,0,-5399.92822265625
100000000000000000000000,1,921625000,0,-52,3.95767043274495,0,0,0.560039978027344,1.63,0,-5399.92822265625
100000000000000000000003,1,921625000,0,-45.5,1.41126232485479,0,0,0.560039978027344,1.63,0,-5399.92822265625
100000000000000000000000,1,921625000,0,-51.5,3.91471897068416,0,0,0.560039978027344,1.63,0,-5399.92822265625
100000000000000000000002,1,921625000,0,-43,6.08683576633022,0,0,0.560039978027344,1.63,0,-5399.92822265625
100000000000000000000001,1,921625000,0,-45,3.85949566232027,0,0,0.560039978027344,1.63,0,-5399.92822265625
100000000000000000000003,1,921625000,0,-45.5,1.41126232485479,0,0,0.560039978027344,1.63,0,-5399.92822265625
100000000000000000000004,1,921625000,0,-46,2.84093241916421,0,0,0.560039978027344,1.63,0,-5399.92822265625
100000000000000000000001,1,921625000,0,-45,3.87176750862336,0,0,0.560039978027344,1.63,0,-5399.92822265625
100000000000000000000000,1,921625000,0,-51.5,3.95153450959341,0,0,0.560039978027344,1.63,0,-5399.92822265625
100000000000000000000003,1,921625000,0,-46,1.41739824800633,0,0,0.560039978027344,1.63,0,-5399.92822265625
100000000000000000000004,1,921625000,0,-45.5,2.83479649601267,0,0,0.560039978027344,1.63,0,-5399.92822265625
100000000000000000000002,1,921625000,0,-43,6.08683576633022,0,0,0.560039978027344,1.63,0,-5399.92822265625
100000000000000000000000,1,921625000,0,-51.5,3.93926266329033,0,0,0.560039978027344,1.63,0,-5399.92822265625
100000000000000000000002,1,921625000,0,-43,6.10524353578485,0,0,0.560039978027344,1.63,0,-5399.92822265625
100000000000000000000004,1,921625000,0,-46,2.82866057286112,0,0,0.560039978027344,1.63,0,-5399.92822265625
100000000000000000000003,1,921625000,0,-46,1.40512640170325,0,0,0.560039978027344,1.63,0,-5399.92822265625
100000000000000000000001,1,921625000,0,-45,3.85949566232027,0,0,0.560039978027344,1.63,0,-5399.92822265625
100000000000000000000004,1,921625000,0,-46,2.82252464970958,0,0,0.560039978027344,1.63,0,-5399.92822265625
100000000000000000000002,1,921625000,0,-43,6.10524353578485,0,0,0.560039978027344,1.63,0,-5399.92822265625
100000000000000000000000,1,921625000,0,-52,3.92699081698724,0,0,0.560039978027344,1.63,0,-5399.92822265625
100000000000000000000003,1,921625000,0,-46,1.41126232485479,0,0,0.560039978027344,1.63,0,-5399.92822265625
100000000000000000000001,1,921625000,0,-45,3.87176750862336,0,0,0.560039978027344,1.63,0,-5399.92822265625
100000000000000000000003,1,921625000,0,-46,1.40512640170325,0,0,0.560039978027344,1.63,0,-5399.92822265625
100000000000000000000000,1,921625000,0,-51.5,3.93312674013878,0,0,0.560039978027344,1.63,0,-5399.92822265625
100000000000000000000002,1,921625000,0,-43,6.09910761263331,0,0,0.560039978027344,1.63,0,-5399.92822265625
100000000000000000000004,1,921625000,0,-46,2.83479649601267,0,0,0.560039978027344,1.63,0,-5399.92822265625
100000000000000000000001,1,921625000,0,-45,3.84722381601719,0,0,0.560039978027344,1.63,0,-5399.92822265625
100000000000000000000001,1,921625000,0,-45,3.85949566232027,0,0,0.560039978027344,1.63,0,-5399.92822265625
100000000000000000000003,1,921625000,0,-46,1.41126232485479,0,0,0.560039978027344,1.63,0,-5399.92822265625
100000000000000000000004,1,921625000,0,-46,2.84706834231575,0,0,0.560039978027344,1.63,0,-5399.92822265625
100000000000000000000002,1,921625000,0,-43,6.11137945893639,0,0,0.560039978027344,1.63,0,-5399.92822265625
100000000000000000000000,1,921625000,0,-52,3.93926266329033,0,0,0.560039978027344,1.63,0,-5399.92822265625
100000000000000000000003,1,921625000,0,-46,1.41126232485479,0,0,0.560039978027344,1.63,0,-5399.92822265625
100000000000000000000004,1,921625000,0,-46,2.83479649601267,0,0,0.560039978027344,1.63,0,-5399.92822265625
100000000000000000000001,1,921625000,0,-45,3.85949566232027,0,0,0.560039978027344,1.63,0,-5399.92822265625
100000000000000000000002,1,921625000,0,-43,6.09910761263331,0,0,0.560039978027344,1.63,0,-5399.92822265625
100000000000000000000000,1,921625000,0,-52,3.9208548938357,0,0,0.560039978027344,1.63,0,-5399.92822265625
100000000000000000000004,1,921625000,0,-46,2.84093241916421,0,0,0.560039978027344,1.63,0,-5399.92822265625
100000000000000000000002,1,921625000,0,-43,6.10524353578485,0,0,0.560039978027344,1.63,0,-5399.92822265625
100000000000000000000001,1,921625000,0,-45,3.84722381601719,0,0,0.560039978027344,1.63,0,-5399.92822265625
100000000000000000000003,1,921625000,0,-45.5,1.39285455540016,0,0,0.560039978027344,1.63,0,-5399.92822265625
100000000000000000000000,1,921625000,0,-52,3.9638063558965,0,0,0.560039978027344,1.63,0,-5399.92822265625
100000000000000000000004,1,921625000,0,-46,2.84093241916421,0,0,0.560039978027344,1.63,0,-5399.92822265625
100000000000000000000001,1,921625000,0,-45,3.85335973916873,0,0,0.560039978027344,1.63,0,-5399.92822265625
100000000000000000000002,1,921625000,0,-43,6.09910761263331,0,0,0.560039978027344,1.63,0,-5399.92822265625
100000000000000000000003,1,921625000,0,-45.5,1.41126232485479,0,0,0.560039978027344,1.63,0,-5399.92822265625
100000000000000000000000,1,921625000,0,-52,3.94539858644187,0,0,0.560039978027344,1.63,0,-5399.92822265625
100000000000000000000002,1,921625000,0,-43,6.11137945893639,0,0,0.560039978027344,1.63,0,-5399.92822265625
100000000000000000000001,1,921625000,0,-45,3.85949566232027,0,0,0.560039978027344,1.63,0,-5399.92822265625
100000000000000000000004,1,921625000,0,-45.5,2.84093241916421,0,0,0.560039978027344,1.63,0,-5399.92822265625
100000000000000000000003,1,921625000,0,-46,1.39285455540016,0,0,0.560039978027344,1.63,0,-5399.92822265625
100000000000000000000000,1,921625000,0,-51.5,3.93312674013878,0,0,0.560039978027344,1.63,0,-5399.92822265625
100000000000000000000002,1,921625000,0,-43,6.11137945893639,0,0,0.560039978027344,1.63,0,-5399.92822265625
100000000000000000000004,1,921625000,0,-45.5,2.84706834231575,0,0,0.560039978027344,1.63,0,-5399.92822265625
100000000000000000000001,1,921625000,0,-45,3.85949566232027,0,0,0.560039978027344,1.63,0,-5399.92822265625
100000000000000000000003,1,921625000,0,-45.5,1.40512640170325,0,0,0.560039978027344,1.63,0,-5399.92822265625
100000000000000000000000,1,921625000,0,-51.5,3.95153450959341,0,0,0.560039978027344,1.63,0,-5399.92822265625
100000000000000000000003,1,921625000,0,-45.5,1.41739824800633,0,0,0.560039978027344,1.63,0,-5399.92822265625
100000000000000000000002,1,921625000,0,-43,6.08069984317868,0,0,0.560039978027344,1.63,0,-5399.92822265625
100000000000000000000000,1,921625000,0,-51.5,3.94539858644187,0,0,0.560039978027344,1.63,0,-5399.92822265625
100000000000000000000001,1,921625000,0,-45,3.86563158547182,0,0,0.560039978027344,1.63,0,-5399.92822265625
100000000000000000000004,1,921625000,0,-46,2.82252464970958,0,0,0.560039978027344,1.63,0,-5399.92822265625
100000000000000000000003,1,921625000,0,-45.5,1.39285455540016,0,0,0.560039978027344,1.63,0,-5399.92822265625
100000000000000000000001,1,921625000,0,-45,3.85335973916873,0,0,0.560039978027344,1.63,0,-5399.92822265625
100000000000000000000004,1,921625000,0,-46,2.80411688025495,0,0,0.560039978027344,1.63,0,-5399.92822265625
100000000000000000000002,1,921625000,0,-43,6.07456392002714,0,0,0.560039978027344,1.63,0,-5399.92822265625
100000000000000000000000,1,921625000,0,-52,3.95767043274495,0,0,0.560039978027344,1.63,0,-5399.92822265625
100000000000000000000000,1,921625000,0,-52,3.95153450959341,0,0,0.560039978027344,1.63,0,-5399.92822265625
100000000000000000000004,1,921625000,0,-46,2.80411688025495,0,0,0.560039978027344,1.63,0,-5399.92822265625
100000000000000000000001,1,921625000,0,-45,3.85949566232027,0,0,0.560039978027344,1.63,0,-5399.92822265625
100000000000000000000003,1,921625000,0,-45.5,1.39285455540016,0,0,0.560039978027344,1.63,0,-5399.92822265625
100000000000000000000002,1,921625000,0,-43,6.08683576633022,0,0,0.560039978027344,1.63,0,-5399.92822265625
100000000000000000000003,1,921625000,0,-46,1.41739824800633,0,0,0.560039978027344,1.63,0,-5399.92822265625
100000000000000000000000,1,921625000,0,-52,3.9208548938357,0,0,0.560039978027344,1.63,0,-5399.92822265625
100000000000000000000004,1,921625000,0,-46,2.84093241916421,0,0,0.560039978027344,1.63,0,-5399.92822265625
100000000000000000000001,1,921625000,0,-45,3.86563158547182,0,0,0.560039978027344,1.63,0,-5399.92822265625
100000000000000000000002,1,921625000,0,-43,6.09297168948177,0,0,0.560039978027344,1.63,0,-5399.92822265625
100000000000000000000002,1,921625000,0,-43,6.0684279968756,0,0,0.560039978027344,1.63,0,-5399.92822265625
100000000000000000000001,1,921625000,0,-45,3.87176750862336,0,0,0.560039978027344,1.63,0,-5399.92822265625
100000000000000000000003,1,921625000,0,-46,1.3989904785517,0,0,0.560039978027344,1.63,0,-5399.92822265625
100000000000000000000004,1,921625000,0,-45.5,2.82866057286112,0,0,0.560039978027344,1.63,0,-5399.92822265625
100000000000000000000000,1,921625000,0,-51.5,3.93312674013878,0,0,0.560039978027344,1.63,0,-5399.92822265625
100000000000000000000001,1,921625000,0,-45,3.84108789286565,0,0,0.560039978027344,1.63,0,-5399.92822265625
100000000000000000000000,1,921625000,0,-52,3.91471897068416,0,0,0.560039978027344,1.63,0,-5399.92822265625
100000000000000000000004,1,921625000,0,-46,2.81638872655804,0,0,0.560039978027344,1.63,0,-5399.92822265625
100000000000000000000002,1,921625000,0,-43,6.08683576633022,0,0,0.560039978027344,1.63,0,-5399.92822265625
100000000000000000000003,1,921625000,0,-45.5,1.3989904785517,0,0,0.560039978027344,1.63,0,-5399.92822265625
100000000000000000000001,1,921625000,0,-45,3.85335973916873,0,0,0.560039978027344,1.63,0,-5399.92822265625
100000000000000000000003,1,921625000,0,-45.5,1.3989904785517,0,0,0.560039978027344,1.63,0,-5399.92822265625
100000000000000000000000,1,921625000,0,-52,3.93926266329033,0,0,0.560039978027344,1.63,0,-5399.92822265625
100000000000000000000002,1,921625000,0,-43,6.09910761263331,0,0,0.560039978027344,1.63,0,-5399.92822265625
100000000000000000000004,1,921625000,0,-46,2.82252464970958,0,0,0.560039978027344,1.63,0,-5399.92822265625
100000000000000000000004,1,921625000,0,-46,2.82866057286112,0,0,0.560039978027344,1.63,0,-5399.92822265625
100000000000000000000003,1,921625000,0,-46,1.38671863224862,0,0,0.560039978027344,1.63,0,-5399.92822265625
100000000000000000000000,1,921625000,0,-52,3.95153450959341,0,0,0.560039978027344,1.63,0,-5399.92822265625
100000000000000000000001,1,921625000,0,-45,3.85949566232027,0,0,0.560039978027344,1.63,0,-5399.92822265625
100000000000000000000002,1,921625000,0,-43,6.09297168948177,0,0,0.560039978027344,1.63,0,-5399.92822265625
100000000000000000000002,1,921625000,0,-43,6.08069984317868,0,0,0.560039978027344,1.63,0,-5399.92822265625
100000000000000000000000,1,921625000,0,-51.5,3.95153450959341,0,0,0.560039978027344,1.63,0,-5399.92822265625
100000000000000000000003,1,921625000,0,-45.5,1.40512640170325,0,0,0.560039978027344,1.63,0,-5399.92822265625
100000000000000000000004,1,921625000,0,-46,2.81638872655804,0,0,0.560039978027344,1.63,0,-5399.92822265625
100000000000000000000001,1,921625000,0,-45,3.8779034317749,0,0,0.560039978027344,1.63,0,-5399.92822265625
100000000000000000000000,1,921625000,0,-51.5,3.97607820219958,0,0,0.560039978027344,1.63,0,-5399.92822265625
100000000000000000000002,1,921625000,0,-43,6.09910761263331,0,0,0.560039978027344,1.63,0,-5399.92822265625
100000000000000000000004,1,921625000,0,-46,2.84093241916421,0,0,0.560039978027344,1.63,0,-5399.92822265625
100000000000000000000001,1,921625000,0,-45,3.85949566232027,0,0,0.560039978027344,1.63,0,-5399.92822265625
100000000000000000000003,1,921625000,0,-45.5,1.41126232485479,0,0,0.560039978027344,1.63,0,-5399.92822265625
100000000000000000000003,1,921625000,0,-45.5,1.39285455540016,0,0,0.560039978027344,1.63,0,-5399.92822265625
100000000000000000000001,1,921625000,0,-45,3.87176750862336,0,0,0.560039978027344,1.63,0,-5399.92822265625
100000000000000000000004,1,921625000,0,-46,2.83479649601267,0,0,0.560039978027344,1.63,0,-5399.92822265625
100000000000000000000002,1,921625000,0,-43,6.11137945893639,0,0,0.560039978027344,1.63,0,-5399.92822265625
100000000000000000000000,1,921625000,0,-51.5,3.92699081698724,0,0,0.560039978027344,1.63,0,-5399.92822265625
100000000000000000000004,1,921625000,0,-46,2.84093241916421,0,0,0.560039978027344,1.63,0,-5399.92822265625
100000000000000000000001,1,921625000,0,-45,3.85949566232027,0,0,0.560039978027344,1.63,0,-5399.92822265625
100000000000000000000003,1,921625000,0,-45.5,1.39285455540016,0,0,0.560039978027344,1.63,0,-5399.92822265625
100000000000000000000000,1,921625000,0,-52,3.94539858644187,0,0,0.560039978027344,1.63,0,-5399.92822265625
100000000000000000000002,1,921625000,0,-43,6.08069984317868,0,0,0.560039978027344,1.63,0,-5399.92822265625
100000000000000000000001,1,921625000,0,-45,3.85949566232027,0,0,0.560039978027344,1.63,0,-5399.92822265625
100000000000000000000002,1,921625000,0,-43,6.09297168948177,0,0,0.560039978027344,1.63,0,-5399.92822265625
100000000000000000000000,1,921625000,0,-52,3.95153450959341,0,0,0.560039978027344,1.63,0,-5399.92822265625
100000000000000000000004,1,921625000,0,-46,2.82252464970958,0,0,0.560039978027344,1.63,0,-5399.92822265625
100000000000000000000003,1,921625000,0,-45.5,1.40512640170325,0,0,0.560039978027344,1.63,0,-5399.92822265625
100000000000000000000002,1,921625000,0,-43,6.11137945893639,0,0,0.560039978027344,1.63,0,-5399.92822265625
100000000000000000000000,1,921625000,0,-51.5,3.93926266329033,0,0,0.560039978027344,1.63,0,-5399.92822265625
100000000000000000000004,1,921625000,0,-46,2.82866057286112,0,0,0.560039978027344,1.63,0,-5399.92822265625
100000000000000000000003,1,921625000,0,-45.5,1.40512640170325,0,0,0.560039978027344,1.63,0,-5399.92822265625
100000000000000000000001,1,921625000,0,-45,3.85335973916873,0,0,0.560039978027344,1.63,0,-5399.92822265625
100000000000000000000002,1,921625000,0,-43,6.10524353578485,0,0,0.560039978027344,1.63,0,-5399.92822265625
100000000000000000000003,1,921625000,0,-45.5,1.41126232485479,0,0,0.560039978027344,1.63,0,-5399.92822265625
100000000000000000000001,1,921625000,0,-45,3.85949566232027,0,0,0.560039978027344,1.63,0,-5399.92822265625
100000000000000000000004,1,921625000,0,-46,2.84706834231575,0,0,0.560039978027344,1.63,0,-5399.92822265625
100000000000000000000000,1,921625000,0,-51.5,3.95767043274495,0,0,0.560039978027344,1.63,0,-5399.92822265625
100000000000000000000003,1,921625000,0,-45.5,1.41126232485479,0,0,0.560039978027344,1.63,0,-5399.92822265625
100000000000000000000000,1,921625000,0,-51.5,3.9638063558965,0,0,0.560039978027344,1.63,0,-5399.92822265625
100000000000000000000002,1,921625000,0,-43,6.10524353578485,0,0,0.560039978027344,1.63,0,-5399.92822265625
100000000000000000000004,1,921625000,0,-45.5,2.84093241916421,0,0,0.560039978027344,1.63,0,-5399.92822265625
100000000000000000000001,1,921625000,0,-45,3.84722381601719,0,0,0.560039978027344,1.63,0,-5399.92822265625
100000000000000000000002,1,921625000,0,-43,6.08683576633022,0,0,0.560039978027344,1.63,0,-5399.92822265625
100000000000000000000001,1,921625000,0,-45,3.8779034317749,0,0,0.560039978027344,1.63,0,-5399.92822265625
100000000000000000000004,1,921625000,0,-45.5,2.82866057286112,0,0,0.560039978027344,1.63,0,-5399.92822265625
100000000000000000000003,1,921625000,0,-45.5,1.40512640170325,0,0,0.560039978027344,1.63,0,-5399.92822265625
100000000000000000000000,1,921625000,0,-51.5,3.93312674013878,0,0,0.560039978027344,1.63,0,-5399.92822265625
100000000000000000000003,1,921625000,0,-46,1.41126232485479,0,0,0.560039978027344,1.63,0,-5399.92822265625
100000000000000000000000,1,921625000,0,-52,3.93312674013878,0,0,0.560039978027344,1.63,0,-5399.92822265625
100000000000000000000004,1,921625000,0,-45.5,2.84706834231575,0,0,0.560039978027344,1.63,0,-5399.92822265625
100000000000000000000002,1,921625000,0,-43,6.10524353578485,0,0,0.560039978027344,1.63,0,-5399.92822265625
100000000000000000000001,1,921625000,0,-45,3.84722381601719,0,0,0.560039978027344,1.63,0,-5399.92822265625
100000000000000000000001,1,921625000,0,-45,3.86563158547182,0,0,0.560039978027344,1.63,0,-5399.92822265625
100000000000000000000004,1,921625000,0,-45.5,2.84093241916421,0,0,0.560039978027344,1.63,0,-5399.92822265625
100000000000000000000000,1,921625000,0,-52,3.95767043274495,0,0,0.560039978027344,1.63,0,-5399.92822265625
100000000000000000000003,1,921625000,0,-45.5,1.3989904785517,0,0,0.560039978027344,1.63,0,-5399.92822265625
100000000000000000000002,1,921625000,0,-43,6.09297168948177,0,0,0.560039978027344,1.63,0,-5399.92822265625
100000000000000000000004,1,921625000,0,-45.5,2.82252464970958,0,0,0.560039978027344,1.63,0,-5399.92822265625
100000000000000000000001,1,921625000,0,-45,3.84722381601719,0,0,0.560039978027344,1.63,0,-5399.92822265625
100000000000000000000003,1,921625000,0,-46,1.3989904785517,0,0,0.560039978027344,1.63,0,-5399.92822265625
100000000000000000000002,1,921625000,0,-43,6.08069984317868,0,0,0.560039978027344,1.63,0,-5399.92822265625
100000000000000000000000,1,921625000,0,-52,3.9208548938357,0,0,0.560039978027344,1.63,0,-5399.92822265625
100000000000000000000000,1,921625000,0,-51.5,3.9638063558965,0,0,0.560039978027344,1.63,0,-5399.92822265625
100000000000000000000001,1,921625000,0,-45,3.85949566232027,0,0,0.560039978027344,1.63,0,-5399.92822265625
100000000000000000000004,1,921625000,0,-46,2.83479649601267,0,0,0.560039978027344,1.63,0,-5399.92822265625
100000000000000000000002,1,921625000,0,-43,6.11137945893639,0,0,0.560039978027344,1.63,0,-5399.92822265625
100000000000000000000003,1,921625000,0,-45.5,1.41126232485479,0,0,0.560039978027344,1.63,0,-5399.92822265625
100000000000000000000000,1,921625000,0,-51.5,3.95153450959341,0,0,0.560039978027344,1.63,0,-5399.92822265625
100000000000000000000003,1,921625000,0,-45.5,1.41739824800633,0,0,0.560039978027344,1.63,0,-5399.92822265625
100000000000000000000004,1,921625000,0,-45.5,2.84706834231575,0,0,0.560039978027344,1.63,0,-5399.92822265625
100000000000000000000001,1,921625000,0,-45,3.86563158547182,0,0,0.560039978027344,1.63,0,-5399.92822265625
100000000000000000000002,1,921625000,0,-43,6.0684279968756,0,0,0.560039978027344,1.63,0,-5399.92822265625
100000000000000000000003,1,921625000,0,-46,1.3989904785517,0,0,0.560039978027344,1.63,0,-5399.92822265625
100000000000000000000000,1,921625000,0,-51.5,3.96994227904804,0,0,0.560039978027344,1.63,0,-5399.92822265625
100000000000000000000002,1,921625000,0,-43,6.10524353578485,0,0,0.560039978027344,1.63,0,-5399.92822265625
100000000000000000000001,1,921625000,0,-45,3.84108789286565,0,0,0.560039978027344,1.63,0,-5399.92822265625
100000000000000000000004,1,921625000,0,-46,2.83479649601267,0,0,0.560039978027344,1.63,0,-5399.92822265625
100000000000000000000004,1,921625000,0,-45.5,2.81025280340649,0,0,0.560039978027344,1.63,0,-5399.92822265625
100000000000000000000003,1,921625000,0,-45.5,1.40512640170325,0,0,0.560039978027344,1.63,0,-5399.92822265625
100000000000000000000000,1,921625000,0,-52,3.95767043274495,0,0,0.560039978027344,1.63,0,-5399.92822265625
100000000000000000000002,1,921625000,0,-43,6.12365130523948,0,0,0.560039978027344,1.63,0,-5399.92822265625
100000000000000000000001,1,921625000,0,-45,3.85949566232027,0,0,0.560039978027344,1.63,0,-5399.92822265625
100000000000000000000002,1,921625000,0,-43,6.05002022742097,0,0,0.560039978027344,1.63,0,-5399.92822265625
100000000000000000000001,1,921625000,0,-45,3.87176750862336,0,0,0.560039978027344,1.63,0,-5399.92822265625
100000000000000000000000,1,921625000,0,-52,3.93312674013878,0,0,0.560039978027344,1.63,0,-5399.92822265625
100000000000000000000004,1,921625000,0,-45.5,2.82866057286112,0,0,0.560039978027344,1.63,0,-5399.92822265625
100000000000000000000003,1,921625000,0,-45.5,1.3989904785517,0,0,0.560039978027344,1.63,0,-5399.92822265625
100000000000000000000000,1,921625000,0,-52,3.95153450959341,0,0,0.560039978027344,1.63,0,-5399.92822265625
100000000000000000000004,1,921625000,0,-45.5,2.84093241916421,0,0,0.560039978027344,1.63,0,-5399.92822265625
100000000000000000000003,1,921625000,0,-45.5,1.3989904785517,0,0,0.560039978027344,1.63,0,-5399.92822265625
100000000000000000000002,1,921625000,0,-43,6.09297168948177,0,0,0.560039978027344,1.63,0,-5399.92822265625
100000000000000000000001,1,921625000,0,-45,3.84108789286565,0,0,0.560039978027344,1.63,0,-5399.92822265625
100000000000000000000001,1,921625000,0,-45,3.88403935492644,0,0,0.560039978027344,1.63,0,-5399.92822265625
100000000000000000000002,1,921625000,0,-43,6.08683576633022,0,0,0.560039978027344,1.63,0,-5399.92822265625
100000000000000000000004,1,921625000,0,-46,2.83479649601267,0,0,0.560039978027344,1.63,0,-5399.92822265625
100000000000000000000000,1,921625000,0,-52,3.93312674013878,0,0,0.560039978027344,1.63,0,-5399.92822265625
100000000000000000000003,1,921625000,0,-45.5,1.41739824800633,0,0,0.560039978027344,1.63,0,-5399.92822265625
100000000000000000000003,1,921625000,0,-45.5,1.41126232485479,0,0,0.560039978027344,1.63,0,-5399.92822265625
100000000000000000000004,1,921625000,0,-45.5,2.82866057286112,0,0,0.560039978027344,1.63,0,-5399.92822265625
100000000000000000000002,1,921625000,0,-43,6.09297168948177,0,0,0.560039978027344,1.63,0,-5399.92822265625
100000000000000000000000,1,921625000,0,-52,3.95153450959341,0,0,0.560039978027344,1.63,0,-5399.92822265625
100000000000000000000001,1,921625000,0,-45,3.85335973916873,0,0,0.560039978027344,1.63,0,-5399.92822265625
100000000000000000000002,1,921625000,0,-43,6.11137945893639,0,0,0.560039978027344,1.63,0,-5399.92822265625
100000000000000000000000,1,921625000,0,-51.5,3.9208548938357,0,0,0.560039978027344,1.63,0,-5399.92822265625
100000000000000000000004,1,921625000,0,-46,2.81638872655804,0,0,0.560039978027344,1.63,0,-5399.92822265625
100000000000000000000001,1,921625000,0,-45,3.84108789286565,0,0,0.560039978027344,1.63,0,-5399.92822265625
100000000000000000000003,1,921625000,0,-46,1.38671863224862,0,0,0.560039978027344,1.63,0,-5399.92822265625
100000000000000000000001,1,921625000,0,-45,3.86563158547182,0,0,0.560039978027344,1.63,0,-5399.92822265625
100000000000000000000002,1,921625000,0,-43,6.07456392002714,0,0,0.560039978027344,1.63,0,-5399.92822265625
100000000000000000000000,1,921625000,0,-51.5,3.94539858644187,0,0,0.560039978027344,1.63,0,-5399.92822265625
100000000000000000000004,1,921625000,0,-45.5,2.83479649601267,0,0,0.560039978027344,1.63,0,-5399.92822265625
100000000000000000000003,1,921625000,0,-45.5,1.39285455540016,0,0,0.560039978027344,1.63,0,-5399.92822265625
100000000000000000000001,1,921625000,0,-45,3.82881604656256,0,0,0.560039978027344,1.63,0,-5399.92822265625
100000000000000000000002,1,921625000,0,-43,6.08683576633022,0,0,0.560039978027344,1.63,0,-5399.92822265625
100000000000000000000003,1,921625000,0,-45.5,1.3989904785517,0,0,0.560039978027344,1.63,0,-5399.92822265625
100000000000000000000000,1,921625000,0,-51.5,3.90858304753261,0,0,0.560039978027344,1.63,0,-5399.92822265625
100000000000000000000004,1,921625000,0,-46,2.82252464970958,0,0,0.560039978027344,1.63,0,-5399.92822265625
100000000000000000000000,1,921625000,0,-52,3.94539858644187,0,0,0.560039978027344,1.63,0,-5399.92822265625
100000000000000000000002,1,921625000,0,-43,6.08069984317868,0,0,0.560039978027344,1.63,0,-5399.92822265625
100000000000000000000004,1,921625000,0,-45.5,2.83479649601267,0,0,0.560039978027344,1.63,0,-5399.92822265625
100000000000000000000001,1,921625000,0,-45,3.85335973916873,0,0,0.560039978027344,1.63,0,-5399.92822265625
100000000000000000000003,1,921625000,0,-45.5,1.3989904785517,0,0,0.560039978027344,1.63,0,-5399.92822265625
100000000000000000000001,1,921625000,0,-45,3.84108789286565,0,0,0.560039978027344,1.63,0,-5399.92822265625
100000000000000000000002,1,921625000,0,-43,6.08683576633022,0,0,0.560039978027344,1.63,0,-5399.92822265625
100000000000000000000003,1,921625000,0,-45.5,1.40512640170325,0,0,0.560039978027344,1.63,0,-5399.92822265625
100000000000000000000004,1,921625000,0,-45.5,2.81025280340649,0,0,0.560039978027344,1.63,0,-5399.92822265625
100000000000000000000000,1,921625000,0,-51.5,3.95767043274495,0,0,0.560039978027344,1.63,0,-5399.92822265625
100000000000000000000000,1,921625000,0,-51.5,3.93312674013878,0,0,0.560039978027344,1.63,0,-5399.92822265625
100000000000000000000001,1,921625000,0,-45,3.84722381601719,0,0,0.560039978027344,1.63,0,-5399.92822265625
100000000000000000000004,1,921625000,0,-46,2.85934018861884,0,0,0.560039978027344,1.63,0,-5399.92822265625
100000000000000000000002,1,921625000,0,-43,6.0684279968756,0,0,0.560039978027344,1.63,0,-5399.92822265625
100000000000000000000003,1,921625000,0,-45.5,1.41126232485479,0,0,0.560039978027344,1.63,0,-5399.92822265625
100000000000000000000001,1,921625000,0,-45,3.84108789286565,0,0,0.560039978027344,1.63,0,-5399.92822265625
100000000000000000000002,1,921625000,0,-43,6.08683576633022,0,0,0.560039978027344,1.63,0,-5399.92822265625
100000000000000000000004,1,921625000,0,-45.5,2.82866057286112,0,0,0.560039978027344,1.63,0,-5399.92822265625
100000000000000000000000,1,921625000,0,-52,3.95153450959341,0,0,0.560039978027344,1.63,0,-5399.92822265625
100000000000000000000003,1,921625000,0,-45.5,1.3989904785517,0,0,0.560039978027344,1.63,0,-5399.92822265625
100000000000000000000001,1,921625000,0,-45,3.84722381601719,0,0,0.560039978027344,1.63,0,-5399.92822265625
100000000000000000000004,1,921625000,0,-45.5,2.84706834231575,0,0,0.560039978027344,1.63,0,-5399.92822265625
100000000000000000000000,1,921625000,0,-51.5,3.95153450959341,0,0,0.560039978027344,1.63,0,-5399.92822265625
100000000000000000000002,1,921625000,0,-43,6.08069984317868,0,0,0.560039978027344,1.63,0,-5399.92822265625
100000000000000000000003,1,921625000,0,-46,1.42353417115787,0,0,0.560039978027344,1.63,0,-5399.92822265625
100000000000000000000003,1,921625000,0,-45.5,1.3989904785517,0,0,0.560039978027344,1.63,0,-5399.92822265625
100000000000000000000002,1,921625000,0,-43,6.08683576633022,0,0,0.560039978027344,1.63,0,-5399.92822265625
100000000000000000000004,1,921625000,0,-45.5,2.81025280340649,0,0,0.560039978027344,1.63,0,-5399.92822265625
100000000000000000000001,1,921625000,0,-45,3.87176750862336,0,0,0.560039978027344,1.63,0,-5399.92822265625
100000000000000000000000,1,921625000,0,-52,3.94539858644187,0,0,0.560039978027344,1.63,0,-5399.92822265625
100000000000000000000000,1,921625000,0,-52,3.95767043274495,0,0,0.560039978027344,1.63,0,-5399.92822265625
100000000000000000000001,1,921625000,0,-45,3.85949566232027,0,0,0.560039978027344,1.63,0,-5399.92822265625
100000000000000000000002,1,921625000,0,-43,6.09910761263331,0,0,0.560039978027344,1.63,0,-5399.92822265625
100000000000000000000004,1,921625000,0,-45.5,2.82866057286112,0,0,0.560039978027344,1.63,0,-5399.92822265625
100000000000000000000003,1,921625000,0,-46,1.41126232485479,0,0,0.560039978027344,1.63,0,-5399.92822265625
100000000000000000000001,1,921625000,0,-45,3.87176750862336,0,0,0.560039978027344,1.63,0,-5399.92822265625
100000000000000000000004,1,921625000,0,-45.5,2.83479649601267,0,0,0.560039978027344,1.63,0,-5399.92822265625
100000000000000000000002,1,921625000,0,-43,6.09910761263331,0,0,0.560039978027344,1.63,0,-5399.92822265625
100000000000000000000000,1,921625000,0,-51.5,3.95767043274495,0,0,0.560039978027344,1.63,0,-5399.92822265625
100000000000000000000003,1,921625000,0,-46,1.39285455540016,0,0,0.560039978027344,1.63,0,-5399.92822265625
100000000000000000000002,1,921625000,0,-43,6.11137945893639,0,0,0.560039978027344,1.63,0,-5399.92822265625
100000000000000000000004,1,921625000,0,-46,2.82252464970958,0,0,0.560039978027344,1.63,0,-5399.92822265625
100000000000000000000003,1,921625000,0,-45.5,1.40512640170325,0,0,0.560039978027344,1.63,0,-5399.92822265625
100000000000000000000001,1,921625000,0,-45,3.85949566232027,0,0,0.560039978027344,1.63,0,-5399.92822265625
100000000000000000000000,1,921625000,0,-52,3.91471897068416,0,0,0.560039978027344,1.63,0,-5399.92822265625
100000000000000000000004,1,921625000,0,-45.5,2.84706834231575,0,0,0.560039978027344,1.63,0,-5399.92822265625
100000000000000000000001,1,921625000,0,-45,3.86563158547182,0,0,0.560039978027344,1.63,0,-5399.92822265625
100000000000000000000002,1,921625000,0,-43,6.10524353578485,0,0,0.560039978027344,1.63,0,-5399.92822265625
100000000000000000000003,1,921625000,0,-45.5,1.41126232485479,0,0,0.560039978027344,1.63,0,-5399.92822265625
100000000000000000000000,1,921625000,0,-52,3.93926266329033,0,0,0.560039978027344,1.63,0,-5399.92822265625
100000000000000000000002,1,921625000,0,-43,6.08683576633022,0,0,0.560039978027344,1.63,0,-5399.92822265625
100000000000000000000000,1,921625000,0,-52,3.93312674013878,0,0,0.560039978027344,1.63,0,-5399.92822265625
100000000000000000000004,1,921625000,0,-45.5,2.83479649601267,0,0,0.560039978027344,1.63,0,-5399.92822265625
100000000000000000000001,1,921625000,0,-45,3.85949566232027,0,0,0.560039978027344,1.63,0,-5399.92822265625
100000000000000000000003,1,921625000,0,-46,1.3989904785517,0,0,0.560039978027344,1.63,0,-5399.92822265625
100000000000000000000001,1,921625000,0,-45,3.85949566232027,0,0,0.560039978027344,1.63,0,-5399.92822265625
100000000000000000000004,1,921625000,0,-46,2.84093241916421,0,0,0.560039978027344,1.63,0,-5399.92822265625
100000000000000000000002,1,921625000,0,-43,6.09297168948177,0,0,0.560039978027344,1.63,0,-5399.92822265625
100000000000000000000003,1,921625000,0,-45.5,1.41126232485479,0,0,0.560039978027344,1.63,0,-5399.92822265625
100000000000000000000000,1,921625000,0,-51.5,3.93926266329033,0,0,0.560039978027344,1.63,0,-5399.92822265625
100000000000000000000004,1,921625000,0,-46,2.82866057286112,0,0,0.560039978027344,1.63,0,-5399.92822265625
100000000000000000000001,1,921625000,0,-45,3.87176750862336,0,0,0.560039978027344,1.63,0,-5399.92822265625
100000000000000000000003,1,921625000,0,-45.5,1.41126232485479,0,0,0.560039978027344,1.63,0,-5399.92822265625
100000000000000000000000,1,921625000,0,-52,3.94539858644187,0,0,0.560039978027344,1.63,0,-5399.92822265625
100000000000000000000002,1,921625000,0,-43,6.09297168948177,0,0,0.560039978027344,1.63,0,-5399.92822265625
100000000000000000000003,1,921625000,0,-46,1.3989904785517,0,0,0.560039978027344,1.63,0,-5399.92822265625
100000000000000000000002,1,921625000,0,-43,6.09910761263331,0,0,0.560039978027344,1.63,0,-5399.92822265625
100000000000000000000001,1,921625000,0,-45,3.85335973916873,0,0,0.560039978027344,1.63,0,-5399.92822265625
100000000000000000000004,1,921625000,0,-46,2.83479649601267,0,0,0.560039978027344,1.63,0,-5399.92822265625
100000000000000000000000,1,921625000,0,-51.5,3.94539858644187,0,0,0.560039978027344,1.63,0,-5399.92822265625
100000000000000000000001,1,921625000,0,-45,3.85949566232027,0,0,0.560039978027344,1.63,0,-5399.92822265625
100000000000000000000002,1,921625000,0,-43,6.09910761263331,0,0,0.560039978027344,1.63,0,-5399.92822265625
100000000000000000000003,1,921625000,0,-46,1.40512640170325,0,0,0.560039978027344,1.63,0,-5399.92822265625
100000000000000000000004,1,921625000,0,-46,2.81025280340649,0,0,0.560039978027344,1.63,0,-5399.92822265625
100000000000000000000000,1,921625000,0,-52,3.95153450959341,0,0,0.560039978027344,1.63,0,-5399.92822265625
100000000000000000000001,1,921625000,0,-45,3.85335973916873,0,0,0.560039978027344,1.63,0,-5399.92822265625
100000000000000000000000,1,921625000,0,-52,3.9638063558965,0,0,0.560039978027344,1.63,0,-5399.92822265625
100000000000000000000004,1,921625000,0,-46,2.84093241916421,0,0,0.560039978027344,1.63,0,-5399.92822265625
100000000000000000000003,1,921625000,0,-46,1.39285455540016,0,0,0.560039978027344,1.63,0,-5399.92822265625
100000000000000000000002,1,921625000,0,-43,6.08683576633022,0,0,0.560039978027344,1.63,0,-5399.92822265625
100000000000000000000001,1,921625000,0,-45,3.86563158547182,0,0,0.560039978027344,1.63,0,-5399.92822265625
100000000000000000000000,1,921625000,0,-52,3.94539858644187,0,0,0.560039978027344,1.63,0,-5399.92822265625
100000000000000000000004,1,921625000,0,-45.5,2.83479649601267,0,0,0.560039978027344,1.63,0,-5399.92822265625
100000000000000000000003,1,921625000,0,-45.5,1.41739824800633,0,0,0.560039978027344,1.63,0,-5399.92822265625
100000000000000000000002,1,921625000,0,-43,6.11751538208794,0,0,0.560039978027344,1.63,0,-5399.92822265625
100000000000000000000001,1,921625000,0,-45,3.86563158547182,0,0,0.560039978027344,1.63,0,-5399.92822265625
100000000000000000000002,1,921625000,0,-43,6.09910761263331,0,0,0.560039978027344,1.63,0,-5399.92822265625
100000000000000000000003,1,921625000,0,-45.5,1.39285455540016,0,0,0.560039978027344,1.63,0,-5399.92822265625
100000000000000000000004,1,921625000,0,-45.5,2.81025280340649,0,0,0.560039978027344,1.63,0,-5399.92822265625
100000000000000000000000,1,921625000,0,-51.5,3.95153450959341,0,0,0.560039978027344,1.63,0,-5399.92822265625
100000000000000000000003,1,921625000,0,-45.5,1.41126232485479,0,0,0.560039978027344,1.63,0,-5399.92822265625
100000000000000000000001,1,921625000,0,-45,3.85949566232027,0,0,0.560039978027344,1.63,0,-5399.92822265625
100000000000000000000004,1,921625000,0,-45.5,2.81025280340649,0,0,0.560039978027344,1.63,0,-5399.92822265625
100000000000000000000002,1,921625000,0,-43,6.08069984317868,0,0,0.560039978027344,1.63,0,-5399.92822265625
100000000000000000000000,1,921625000,0,-52,3.93312674013878,0,0,0.560039978027344,1.63,0,-5399.92822265625
100000000000000000000003,1,921625000,0,-45.5,1.40512640170325,0,0,0.560039978027344,1.63,0,-5399.92822265625
100000000000000000000002,1,921625000,0,-43,6.09910761263331,0,0,0.560039978027344,1.63,0,-5399.92822265625
100000000000000000000004,1,921625000,0,-46,2.81025280340649,0,0,0.560039978027344,1.63,0,-5399.92822265625
100000000000000000000000,1,921625000,0,-51.5,3.94539858644187,0,0,0.560039978027344,1.63,0,-5399.92822265625
100000000000000000000001,1,921625000,0,-45,3.84108789286565,0,0,0.560039978027344,1.63,0,-5399.92822265625
100000000000000000000004,1,921625000,0,-46,2.83479649601267,0,0,0.560039978027344,1.63,0,-5399.92822265625
100000000000000000000001,1,921625000,0,-45,3.84722381601719,0,0,0.560039978027344,1.63,0,-5399.92822265625
100000000000000000000003,1,921625000,0,-45.5,1.40512640170325,0,0,0.560039978027344,1.63,0,-5399.92822265625
100000000000000000000002,1,921625000,0,-43,6.09297168948177,0,0,0.560039978027344,1.63,0,-5399.92822265625
100000000000000000000000,1,921625000,0,-52,3.93926266329033,0,0,0.560039978027344,1.63,0,-5399.92822265625
100000000000000000000002,1,921625000,0,-43,6.08683576633022,0,0,0.560039978027344,1.63,0,-5399.92822265625
100000000000000000000001,1,921625000,0,-45,3.85335973916873,0,0,0.560039978027344,1.63,0,-5399.92822265625
100000000000000000000003,1,921625000,0,-45.5,1.3989904785517,0,0,0.560039978027344,1.63,0,-5399.92822265625
100000000000000000000004,1,921625000,0,-46,2.82866057286112,0,0,0.560039978027344,1.63,0,-5399.92822265625
100000000000000000000000,1,921625000,0,-52,3.93312674013878,0,0,0.560039978027344,1.63,0,-5399.92822265625
100000000000000000000003,1,921625000,0,-45.5,1.3989904785517,0,0,0.560039978027344,1.63,0,-5399.92822265625
100000000000000000000001,1,921625000,0,-45,3.85335973916873,0,0,0.560039978027344,1.63,0,-5399.92822265625
100000000000000000000002,1,921625000,0,-43,6.11137945893639,0,0,0.560039978027344,1.63,0,-5399.92822265625
100000000000000000000004,1,921625000,0,-46,2.82252464970958,0,0,0.560039978027344,1.63,0,-5399.92822265625
100000000000000000000000,1,921625000,0,-52,3.93312674013878,0,0,0.560039978027344,1.63,0,-5399.92822265625
100000000000000000000004,1,921625000,0,-46,2.82866057286112,0,0,0.560039978027344,1.63,0,-5399.92822265625
100000000000000000000000,1,921625000,0,-51.5,3.93312674013878,0,0,0.560039978027344,1.63,0,-5399.92822265625
100000000000000000000003,1,921625000,0,-45.5,1.3989904785517,0,0,0.560039978027344,1.63,0,-5399.92822265625
100000000000000000000002,1,921625000,0,-43,6.08683576633022,0,0,0.560039978027344,1.63,0,-5399.92822265625
100000000000000000000001,1,921625000,0,-45,3.84722381601719,0,0,0.560039978027344,1.63,0,-5399.92822265625
100000000000000000000001,1,921625000,0,-45,3.85949566232027,0,0,0.560039978027344,1.63,0,-5399.92822265625
100000000000000000000002,1,921625000,0,-43,6.11137945893639,0,0,0.560039978027344,1.63,0,-5399.92822265625
100000000000000000000003,1,921625000,0,-45.5,1.41126232485479,0,0,0.560039978027344,1.63,0,-5399.92822265625
100000000000000000000004,1,921625000,0,-46,2.82866057286112,0,0,0.560039978027344,1.63,0,-5399.92822265625
100000000000000000000000,1,921625000,0,-51.5,3.95767043274495,0,0,0.560039978027344,1.63,0,-5399.92822265625
100000000000000000000002,1,921625000,0,-43,6.07456392002714,0,0,0.560039978027344,1.63,0,-5399.92822265625
100000000000000000000004,1,921625000,0,-45.5,2.82866057286112,0,0,0.560039978027344,1.63,0,-5399.92822265625
100000000000000000000001,1,921625000,0,-45,3.85335973916873,0,0,0.560039978027344,1.63,0,-5399.92822265625
100000000000000000000003,1,921625000,0,-45.5,1.3989904785517,0,0,0.560039978027344,1.63,0,-5399.92822265625
100000000000000000000000,1,921625000,0,-51.5,3.92699081698724,0,0,0.560039978027344,1.63,0,-5399.92822265625
100000000000000000000003,1,921625000,0,-45.5,1.41126232485479,0,0,0.560039978027344,1.63,0,-5399.92822265625
100000000000000000000002,1,921625000,0,-43,6.09910761263331,0,0,0.560039978027344,1.63,0,-5399.92822265625
100000000000000000000004,1,921625000,0,-45.5,2.81638872655804,0,0,0.560039978027344,1.63,0,-5399.92822265625
100000000000000000000000,1,921625000,0,-52,3.9638063558965,0,0,0.560039978027344,1.63,0,-5399.92822265625
100000000000000000000001,1,921625000,0,-45,3.85335973916873,0,0,0.560039978027344,1.63,0,-5399.92822265625
100000000000000000000004,1,921625000,0,-45.5,2.84093241916421,0,0,0.560039978027344,1.63,0,-5399.92822265625
100000000000000000000002,1,921625000,0,-43,6.09297168948177,0,0,0.560039978027344,1.63,0,-5399.92822265625
100000000000000000000000,1,921625000,0,-51.5,3.95153450959341,0,0,0.560039978027344,1.63,0,-5399.92822265625
100000000000000000000001,1,921625000,0,-45,3.8349519697141,0,0,0.560039978027344,1.63,0,-5399.92822265625
100000000000000000000003,1,921625000,0,-45.5,1.39285455540016,0,0,0.560039978027344,1.63,0,-5399.92822265625
100000000000000000000002,1,921625000,0,-43,6.10524353578485,0,0,0.560039978027344,1.63,0,-5399.92822265625
100000000000000000000003,1,921625000,0,-45.5,1.41739824800633,0,0,0.560039978027344,1.63,0,-5399.92822265625
100000000000000000000001,1,921625000,0,-45,3.82881604656256,0,0,0.560039978027344,1.63,0,-5399.92822265625
100000000000000000000004,1,921625000,0,-45.5,2.81638872655804,0,0,0.560039978027344,1.63,0,-5399.92822265625
100000000000000000000000,1,921625000,0,-51.5,3.94539858644187,0,0,0.560039978027344,1.63,0,-5399.92822265625
100000000000000000000002,1,921625000,0,-43,6.09297168948177,0,0,0.560039978027344,1.63,0,-5399.92822265625
100000000000000000000001,1,921625000,0,-45,3.8779034317749,0,0,0.560039978027344,1.63,0,-5399.92822265625
100000000000000000000000,1,921625000,0,-52,3.95767043274495,0,0,0.560039978027344,1.63,0,-5399.92822265625
100000000000000000000004,1,921625000,0,-45.5,2.82252464970958,0,0,0.560039978027344,1.63,0,-5399.92822265625
100000000000000000000003,1,921625000,0,-46,1.39285455540016,0,0,0.560039978027344,1.63,0,-5399.92822265625
100000000000000000000003,1,921625000,0,-45.5,1.3989904785517,0,0,0.560039978027344,1.63,0,-5399.92822265625
100000000000000000000004,1,921625000,0,-45.5,2.83479649601267,0,0,0.560039978027344,1.63,0,-5399.92822265625
100000000000000000000002,1,921625000,0,-43,6.09910761263331,0,0,0.560039978027344,1.63,0,-5399.92822265625
100000000000000000000000,1,921625000,0,-52,3.9638063558965,0,0,0.560039978027344,1.63,0,-5399.92822265625
100000000000000000000001,1,921625000,0,-45,3.86563158547182,0,0,0.560039978027344,1.63,0,-5399.92822265625
100000000000000000000003,1,921625000,0,-46,1.41126232485479,0,0,0.560039978027344,1.63,0,-5399.92822265625
100000000000000000000000,1,921625000,0,-51.5,3.95153450959341,0,0,0.560039978027344,1.63,0,-5399.92822265625
100000000000000000000002,1,921625000,0,-43,6.08683576633022,0,0,0.560039978027344,1.63,0,-5399.92822265625
100000000000000000000001,1,921625000,0,-45,3.85949566232027,0,0,0.560039978027344,1.63,0,-5399.92822265625
100000000000000000000004,1,921625000,0,-45.5,2.83479649601267,0,0,0.560039978027344,1.63,0,-5399.92822265625
100000000000000000000000,1,921625000,0,-52,3.94539858644187,0,0,0.560039978027344,1.63,0,-5399.92822265625
100000000000000000000004,1,921625000,0,-46,2.83479649601267,0,0,0.560039978027344,1.63,0,-5399.92822265625
100000000000000000000001,1,921625000,0,-45,3.84722381601719,0,0,0.560039978027344,1.63,0,-5399.92822265625
100000000000000000000002,1,921625000,0,-43,6.11137945893639,0,0,0.560039978027344,1.63,0,-5399.92822265625
100000000000000000000003,1,921625000,0,-45.5,1.38671863224862,0,0,0.560039978027344,1.63,0,-5399.92822265625
100000000000000000000004,1,921625000,0,-45.5,2.82252464970958,0,0,0.560039978027344,1.63,0,-5399.92822265625
100000000000000000000000,1,921625000,0,-52,3.9208548938357,0,0,0.560039978027344,1.63,0,-5399.92822265625
100000000000000000000001,1,921625000,0,-45,3.86563158547182,0,0,0.560039978027344,1.63,0,-5399.92822265625
100000000000000000000002,1,921625000,0,-43,6.09910761263331,0,0,0.560039978027344,1.63,0,-5399.92822265625
100000000000000000000003,1,921625000,0,-45.5,1.40512640170325,0,0,0.560039978027344,1.63,0,-5399.92822265625
100000000000000000000003,1,921625000,0,-45.5,1.3989904785517,0,0,0.560039978027344,1.63,0,-5399.92822265625
100000000000000000000001,1,921625000,0,-45,3.84722381601719,0,0,0.560039978027344,1.63,0,-5399.92822265625
100000000000000000000002,1,921625000,0,-43,6.09297168948177,0,0,0.560039978027344,1.63,0,-5399.92822265625
100000000000000000000004,1,921625000,0,-46,2.81638872655804,0,0,0.560039978027344,1.63,0,-5399.92822265625
100000000000000000000000,1,921625000,0,-52,3.93926266329033,0,0,0.560039978027344,1.63,0,-5399.92822265625
100000000000000000000003,1,921625000,0,-45.5,1.39285455540016,0,0,0.560039978027344,1.63,0,-5399.92822265625
100000000000000000000004,1,921625000,0,-45.5,2.83479649601267,0,0,0.560039978027344,1.63,0,-5399.92822265625
100000000000000000000001,1,921625000,0,-45,3.86563158547182,0,0,0.560039978027344,1.63,0,-5399.92822265625
100000000000000000000002,1,921625000,0,-43,6.09297168948177,0,0,0.560039978027344,1.63,0,-5399.92822265625
100000000000000000000000,1,921625000,0,-51.5,3.94539858644187,0,0,0.560039978027344,1.63,0,-5399.92822265625
100000000000000000000000,1,921625000,0,-51.5,3.95767043274495,0,0,0.560039978027344,1.63,0,-5399.92822265625
100000000000000000000004,1,921625000,0,-46,2.83479649601267,0,0,0.560039978027344,1.63,0,-5399.92822265625
100000000000000000000003,1,921625000,0,-46,1.39285455540016,0,0,0.560039978027344,1.63,0,-5399.92822265625
100000000000000000000001,1,921625000,0,-45,3.85335973916873,0,0,0.560039978027344,1.63,0,-5399.92822265625
100000000000000000000002,1,921625000,0,-43,6.09910761263331,0,0,0.560039978027344,1.63,0,-5399.92822265625
100000000000000000000001,1,921625000,0,-45,3.85335973916873,0,0,0.560039978027344,1.63,0,-5399.92822265625
100000000000000000000002,1,921625000,0,-43,6.12365130523948,0,0,0.560039978027344,1.63,0,-5399.92822265625
100000000000000000000000,1,921625000,0,-51.5,3.90858304753261,0,0,0.560039978027344,1.63,0,-5399.92822265625
100000000000000000000003,1,921625000,0,-45.5,1.41739824800633,0,0,0.560039978027344,1.63,0,-5399.92822265625
100000000000000000000004,1,921625000,0,-46,2.81025280340649,0,0,0.560039978027344,1.63,0,-5399.92822265625
100000000000000000000003,1,921625000,0,-46,1.3989904785517,0,0,0.560039978027344,1.63,0,-5399.92822265625
100000000000000000000004,1,921625000,0,-46,2.82866057286112,0,0,0.560039978027344,1.63,0,-5399.92822265625
100000000000000000000001,1,921625000,0,-45,3.85949566232027,0,0,0.560039978027344,1.63,0,-5399.92822265625
100000000000000000000002,1,921625000,0,-43,6.11751538208794,0,0,0.560039978027344,1.63,0,-5399.92822265625
100000000000000000000000,1,921625000,0,-52,3.94539858644187,0,0,0.560039978027344,1.63,0,-5399.92822265625
100000000000000000000004,1,921625000,0,-45.5,2.82866057286112,0,0,0.560039978027344,1.63,0,-5399.92822265625
100000000000000000000002,1,921625000,0,-43,6.11137945893639,0,0,0.560039978027344,1.63,0,-5399.92822265625
100000000000000000000000,1,921625000,0,-52,3.9638063558965,0,0,0.560039978027344,1.63,0,-5399.92822265625
100000000000000000000001,1,921625000,0,-45,3.84108789286565,0,0,0.560039978027344,1.63,0,-5399.92822265625
100000000000000000000003,1,921625000,0,-45.5,1.38671863224862,0,0,0.560039978027344,1.63,0,-5399.92822265625
100000000000000000000004,1,921625000,0,-45.5,2.83479649601267,0,0,0.560039978027344,1.63,0,-5399.92822265625
100000000000000000000000,1,921625000,0,-52,3.94539858644187,0,0,0.560039978027344,1.63,0,-5399.92822265625
100000000000000000000001,1,921625000,0,-45,3.85949566232027,0,0,0.560039978027344,1.63,0,-5399.92822265625
100000000000000000000002,1,921625000,0,-43,6.09910761263331,0,0,0.560039978027344,1.63,0,-5399.92822265625
100000000000000000000003,1,921625000,0,-46,1.3989904785517,0,0,0.560039978027344,1.63,0,-5399.92822265625
100000000000000000000000,1,921625000,0,-51.5,3.93926266329033,0,0,0.560039978027344,1.63,0,-5399.92822265625
100000000000000000000003,1,921625000,0,-45.5,1.41739824800633,0,0,0.560039978027344,1.63,0,-5399.92822265625
100000000000000000000001,1,921625000,0,-45,3.84722381601719,0,0,0.560039978027344,1.63,0,-5399.92822265625
100000000000000000000002,1,921625000,0,-43,6.09910761263331,0,0,0.560039978027344,1.63,0,-5399.92822265625
100000000000000000000004,1,921625000,0,-46,2.84706834231575,0,0,0.560039978027344,1.63,0,-5399.92822265625
100000000000000000000000,1,921625000,0,-51.5,3.9208548938357,0,0,0.560039978027344,1.63,0,-5399.92822265625
100000000000000000000001,1,921625000,0,-45,3.84722381601719,0,0,0.560039978027344,1.63,0,-5399.92822265625
100000000000000000000003,1,921625000,0,-45.5,1.41126232485479,0,0,0.560039978027344,1.63,0,-5399.92822265625
100000000000000000000002,1,921625000,0,-43,6.11137945893639,0,0,0.560039978027344,1.63,0,-5399.92822265625
100000000000000000000004,1,921625000,0,-46,2.82866057286112,0,0,0.560039978027344,1.63,0,-5399.92822265625
100000000000000000000003,1,921625000,0,-45.5,1.41739824800633,0,0,0.560039978027344,1.63,0,-5399.92822265625
100000000000000000000001,1,921625000,0,-45,3.86563158547182,0,0,0.560039978027344,1.63,0,-5399.92822265625
100000000000000000000002,1,921625000,0,-43,6.0684279968756,0,0,0.560039978027344,1.63,0,-5399.92822265625
100000000000000000000004,1,921625000,0,-46,2.82252464970958,0,0,0.560039978027344,1.63,0,-5399.92822265625
100000000000000000000000,1,921625000,0,-51.5,3.93312674013878,0,0,0.560039978027344,1.63,0,-5399.92822265625
100000000000000000000004,1,921625000,0,-45.5,2.81025280340649,0,0,0.560039978027344,1.63,0,-5399.92822265625
100000000000000000000002,1,921625000,0,-43,6.09910761263331,0,0,0.560039978027344,1.63,0,-5399.92822265625
100000000000000000000003,1,921625000,0,-45.5,1.40512640170325,0,0,0.560039978027344,1.63,0,-5399.92822265625
100000000000000000000001,1,922125000,0,-45,4.10493258838198,0,0,0.560039978027344,1.63,0,-5399.92822265625
100000000000000000000000,1,922125000,0,-51.5,4.25833066717054,0,0,0.560039978027344,1.63,0,-5399.92822265625
100000000000000000000000,1,922125000,0,-51.5,4.27673843662517,0,0,0.560039978027344,1.63,0,-5399.92822265625
100000000000000000000003,1,922125000,0,-46,1.57693224994644,0,0,0.560039978027344,1.63,0,-5399.92822265625
100000000000000000000002,1,922125000,0,-43,0.0490873852123404,0,0,0.560039978027344,1.63,0,-5399.92822265625
100000000000000000000004,1,922125000,0,-46,3.07409749892282,0,0,0.560039978027344,1.63,0,-5399.92822265625
100000000000000000000001,1,922125000,0,-44.5,4.09266074207889,0,0,0.560039978027344,1.63,0,-5399.92822265625
100000000000000000000004,1,922125000,0,-46,3.06182565261974,0,0,0.560039978027344,1.63,0,-5399.92822265625
100000000000000000000001,1,922125000,0,-45,4.10493258838198,0,0,0.560039978027344,1.63,0,-5399.92822265625
100000000000000000000003,1,922125000,0,-46,1.60761186570415,0,0,0.560039978027344,1.63,0,-5399.92822265625
100000000000000000000002,1,922125000,0,-43,0.0306796157577125,0,0,0.560039978027344,1.63,0,-5399.92822265625
100000000000000000000000,1,922125000,0,-51.5,4.27673843662517,0,0,0.560039978027344,1.63,0,-5399.92822265625
100000000000000000000002,1,922125000,0,-43,0.0613592315154259,0,0,0.560039978027344,1.63,0,-5399.92822265625
100000000000000000000000,1,922125000,0,-51.5,4.27060251347362,0,0,0.560039978027344,1.63,0,-5399.92822265625
100000000000000000000003,1,922125000,0,-46,1.61988371200724,0,0,0.560039978027344,1.63,0,-5399.92822265625
100000000000000000000001,1,922125000,0,-44.5,4.11720443468506,0,0,0.560039978027344,1.63,0,-5399.92822265625
100000000000000000000004,1,922125000,0,-46,3.06796157577128,0,0,0.560039978027344,1.63,0,-5399.92822265625
100000000000000000000003,1,922125000,0,-46,1.60761186570415,0,0,0.560039978027344,1.63,0,-5399.92822265625
100000000000000000000002,1,922125000,0,-43.5,0.042951462060798,0,0,0.560039978027344,1.63,0,-5399.92822265625
100000000000000000000000,1,922125000,0,-51.5,4.27060251347362,0,0,0.560039978027344,1.63,0,-5399.92822265625
100000000000000000000004,1,922125000,0,-46,3.04955380631665,0,0,0.560039978027344,1.63,0,-5399.92822265625
100000000000000000000001,1,922125000,0,-45,4.09879666523043,0,0,0.560039978027344,1.63,0,-5399.92822265625
100000000000000000000001,1,922125000,0,-45,4.11720443468506,0,0,0.560039978027344,1.63,0,-5399.92822265625
100000000000000000000003,1,922125000,0,-46,1.57693224994644,0,0,0.560039978027344,1.63,0,-5399.92822265625
100000000000000000000004,1,922125000,0,-46,3.06182565261974,0,0,0.560039978027344,1.63,0,-5399.92822265625
100000000000000000000002,1,922125000,0,-43,0.0368155389092557,0,0,0.560039978027344,1.63,0,-5399.92822265625
100000000000000000000000,1,922125000,0,-51.5,4.23992289771591,0,0,0.560039978027344,1.63,0,-5399.92822265625
100000000000000000000001,1,922125000,0,-45,4.11106851153352,0,0,0.560039978027344,1.63,0,-5399.92822265625
100000000000000000000002,1,922125000,0,-43.5,0.0490873852123404,0,0,0.560039978027344,1.63,0,-5399.92822265625
100000000000000000000004,1,922125000,0,-46,3.09250526837745,0,0,0.560039978027344,1.63,0,-5399.92822265625
100000000000000000000000,1,922125000,0,-51.5,4.28287435977671,0,0,0.560039978027344,1.63,0,-5399.92822265625
100000000000000000000003,1,922125000,0,-46,1.61988371200724,0,0,0.560039978027344,1.63,0,-5399.92822265625
100000000000000000000000,1,922125000,0,-51.5,4.26446659032208,0,0,0.560039978027344,1.63,0,-5399.92822265625
100000000000000000000001,1,922125000,0,-45,4.09879666523043,0,0,0.560039978027344,1.63,0,-5399.92822265625
100000000000000000000002,1,922125000,0,-43.5,0.0613592315154259,0,0,0.560039978027344,1.63,0,-5399.92822265625
100000000000000000000003,1,922125000,0,-46,1.61988371200724,0,0,0.560039978027344,1.63,0,-5399.92822265625
100000000000000000000004,1,922125000,0,-46,3.06796157577128,0,0,0.560039978027344,1.63,0,-5399.92822265625
100000000000000000000002,1,922125000,0,-43,0.0552233083638827,0,0,0.560039978027344,1.63,0,-5399.92822265625
100000000000000000000003,1,922125000,0,-46,1.61374778885569,0,0,0.560039978027344,1.63,0,-5399.92822265625
100000000000000000000001,1,922125000,0,-44.5,4.09266074207889,0,0,0.560039978027344,1.63,0,-5399.92822265625
100000000000000000000000,1,922125000,0,-51.5,4.27673843662517,0,0,0.560039978027344,1.63,0,-5399.92822265625
100000000000000000000004,1,922125000,0,-46,3.08023342207437,0,0,0.560039978027344,1.63,0,-5399.92822265625
100000000000000000000003,1,922125000,0,-46,1.60761186570415,0,0,0.560039978027344,1.63,0,-5399.92822265625
100000000000000000000002,1,922125000,0,-43.5,0.0184077694546279,0,0,0.560039978027344,1.63,0,-5399.92822265625
100000000000000000000000,1,922125000,0,-51.5,4.25833066717054,0,0,0.560039978027344,1.63,0,-5399.92822265625
100000000000000000000001,1,922125000,0,-45,4.10493258838198,0,0,0.560039978027344,1.63,0,-5399.92822265625
100000000000000000000004,1,922125000,0,-46,3.06182565261974,0,0,0.560039978027344,1.63,0,-5399.92822265625
100000000000000000000001,1,922125000,0,-45,4.09879666523043,0,0,0.560039978027344,1.63,0,-5399.92822265625
100000000000000000000002,1,922125000,0,-43.5,0.042951462060798,0,0,0.560039978027344,1.63,0,-5399.92822265625
100000000000000000000000,1,922125000,0,-51.5,4.27673843662517,0,0,0.560039978027344,1.63,0,-5399.92822265625
100000000000000000000003,1,922125000,0,-46,1.60761186570415,0,0,0.560039978027344,1.63,0,-5399.92822265625
100000000000000000000004,1,922125000,0,-46,3.06796157577128,0,0,0.560039978027344,1.63,0,-5399.92822265625
100000000000000000000001,1,922125000,0,-45,4.10493258838198,0,0,0.560039978027344,1.63,0,-5399.92822265625
100000000000000000000002,1,922125000,0,-43.5,0.0368155389092557,0,0,0.560039978027344,1.63,0,-5399.92822265625
100000000000000000000004,1,922125000,0,-46,3.0556897294682,0,0,0.560039978027344,1.63,0,-5399.92822265625
100000000000000000000003,1,922125000,0,-46,1.60147594255261,0,0,0.560039978027344,1.63,0,-5399.92822265625
100000000000000000000000,1,922125000,0,-51.5,4.27060251347362,0,0,0.560039978027344,1.63,0,-5399.92822265625
100000000000000000000000,1,922125000,0,-51.5,4.23992289771591,0,0,0.560039978027344,1.63,0,-5399.92822265625
100000000000000000000004,1,922125000,0,-46,3.06182565261974,0,0,0.560039978027344,1.63,0,-5399.92822265625
100000000000000000000002,1,922125000,0,-43.5,0.0368155389092557,0,0,0.560039978027344,1.63,0,-5399.92822265625
100000000000000000000003,1,922125000,0,-46,1.61988371200724,0,0,0.560039978027344,1.63,0,-5399.92822265625
100000000000000000000001,1,922125000,0,-44.5,4.09879666523043,0,0,0.560039978027344,1.63,0,-5399.92822265625
100000000000000000000002,1,922125000,0,-43,0.0552233083638827,0,0,0.560039978027344,1.63,0,-5399.92822265625
100000000000000000000001,1,922125000,0,-44.5,4.10493258838198,0,0,0.560039978027344,1.63,0,-5399.92822265625
100000000000000000000000,1,922125000,0,-51.5,4.27673843662517,0,0,0.560039978027344,1.63,0,-5399.92822265625
100000000000000000000003,1,922125000,0,-46,1.59534001940107,0,0,0.560039978027344,1.63,0,-5399.92822265625
100000000000000000000004,1,922125000,0,-46,3.06796157577128,0,0,0.560039978027344,1.63,0,-5399.92822265625
100000000000000000000001,1,922125000,0,-44.5,4.11106851153352,0,0,0.560039978027344,1.63,0,-5399.92822265625
100000000000000000000000,1,922125000,0,-51.5,4.30128212923134,0,0,0.560039978027344,1.63,0,-5399.92822265625
100000000000000000000002,1,922125000,0,-43.5,0.0245436926061702,0,0,0.560039978027344,1.63,0,-5399.92822265625
100000000000000000000004,1,922125000,0,-46,3.0556897294682,0,0,0.560039978027344,1.63,0,-5399.92822265625
100000000000000000000003,1,922125000,0,-46,1.60761186570415,0,0,0.560039978027344,1.63,0,-5399.92822265625
100000000000000000000004,1,922125000,0,-46,3.07409749892282,0,0,0.560039978027344,1.63,0,-5399.92822265625
100000000000000000000001,1,922125000,0,-45,4.09266074207889,0,0,0.560039978027344,1.63,0,-5399.92822265625
100000000000000000000000,1,922125000,0,-51.5,4.2951462060798,0,0,0.560039978027344,1.63,0,-5399.92822265625
100000000000000000000003,1,922125000,0,-46,1.58920409624952,0,0,0.560039978027344,1.63,0,-5399.92822265625
100000000000000000000002,1,922125000,0,-43.5,0.0245436926061702,0,0,0.560039978027344,1.63,0,-5399.92822265625
100000000000000000000004,1,922125000,0,-46,3.04955380631665,0,0,0.560039978027344,1.63,0,-5399.92822265625
100000000000000000000001,1,922125000,0,-45,4.09266074207889,0,0,0.560039978027344,1.63,0,-5399.92822265625
100000000000000000000002,1,922125000,0,-43.5,0.0490873852123404,0,0,0.560039978027344,1.63,0,-5399.92822265625
100000000000000000000003,1,922125000,0,-46,1.58920409624952,0,0,0.560039978027344,1.63,0,-5399.92822265625
100000000000000000000000,1,922125000,0,-51.5,4.26446659032208,0,0,0.560039978027344,1.63,0,-5399.92822265625
100000000000000000000000,1,922125000,0,-51.5,4.23992289771591,0,0,0.560039978027344,1.63,0,-5399.92822265625
100000000000000000000004,1,922125000,0,-46,3.06182565261974,0,0,0.560039978027344,1.63,0,-5399.92822265625
100000000000000000000002,1,922125000,0,-43.5,0.042951462060798,0,0,0.560039978027344,1.63,0,-5399.92822265625
100000000000000000000003,1,922125000,0,-46,1.59534001940107,0,0,0.560039978027344,1.63,0,-5399.92822265625
100000000000000000000001,1,922125000,0,-44.5,4.09266074207889,0,0,0.560039978027344,1.63,0,-5399.92822265625
100000000000000000000004,1,922125000,0,-46,3.06796157577128,0,0,0.560039978027344,1.63,0,-5399.92822265625
100000000000000000000003,1,922125000,0,-46,1.61988371200724,0,0,0.560039978027344,1.63,0,-5399.92822265625
100000000000000000000000,1,922125000,0,-51.5,4.27060251347362,0,0,0.560039978027344,1.63,0,-5399.92822265625
100000000000000000000001,1,922125000,0,-44.5,4.09266074207889,0,0,0.560039978027344,1.63,0,-5399.92822265625
100000000000000000000002,1,922125000,0,-43.5,0.0490873852123404,0,0,0.560039978027344,1.63,0,-5399.92822265625
100000000000000000000003,1,922125000,0,-46,1.60761186570415,0,0,0.560039978027344,1.63,0,-5399.92822265625
100000000000000000000002,1,922125000,0,-43.5,0.042951462060798,0,0,0.560039978027344,1.63,0,-5399.92822265625
100000000000000000000001,1,922125000,0,-44.5,4.11106851153352,0,0,0.560039978027344,1.63,0,-5399.92822265625
100000000000000000000004,1,922125000,0,-46,3.06182565261974,0,0,0.560039978027344,1.63,0,-5399.92822265625
100000000000000000000000,1,922125000,0,-51.5,4.23992289771591,0,0,0.560039978027344,1.63,0,-5399.92822265625
100000000000000000000000,1,922125000,0,-51.5,4.25833066717054,0,0,0.560039978027344,1.63,0,-5399.92822265625
100000000000000000000002,1,922125000,0,-43.5,0.0490873852123404,0,0,0.560039978027344,1.63,0,-5399.92822265625
100000000000000000000001,1,922125000,0,-45,4.09879666523043,0,0,0.560039978027344,1.63,0,-5399.92822265625
100000000000000000000004,1,922125000,0,-46,3.06182565261974,0,0,0.560039978027344,1.63,0,-5399.92822265625
100000000000000000000003,1,922125000,0,-46,1.60147594255261,0,0,0.560039978027344,1.63,0,-5399.92822265625
100000000000000000000002,1,922125000,0,-43,0.0490873852123404,0,0,0.560039978027344,1.63,0,-5399.92822265625
100000000000000000000004,1,922125000,0,-46,3.07409749892282,0,0,0.560039978027344,1.63,0,-5399.92822265625
100000000000000000000001,1,922125000,0,-44.5,4.10493258838198,0,0,0.560039978027344,1.63,0,-5399.92822265625
100000000000000000000000,1,922125000,0,-51.5,4.27060251347362,0,0,0.560039978027344,1.63,0,-5399.92822265625
100000000000000000000003,1,922125000,0,-46,1.58920409624952,0,0,0.560039978027344,1.63,0,-5399.92822265625
100000000000000000000002,1,922125000,0,-43,0.0306796157577125,0,0,0.560039978027344,1.63,0,-5399.92822265625
100000000000000000000004,1,922125000,0,-46,3.06796157577128,0,0,0.560039978027344,1.63,0,-5399.92822265625
100000000000000000000003,1,922125000,0,-46,1.58920409624952,0,0,0.560039978027344,1.63,0,-5399.92822265625
100000000000000000000001,1,922125000,0,-44.5,4.11106851153352,0,0,0.560039978027344,1.63,0,-5399.92822265625
100000000000000000000000,1,922125000,0,-51.5,4.26446659032208,0,0,0.560039978027344,1.63,0,-5399.92822265625
100000000000000000000000,1,922125000,0,-51.5,4.28287435977671,0,0,0.560039978027344,1.63,0,-5399.92822265625
100000000000000000000001,1,922125000,0,-44.5,4.09879666523043,0,0,0.560039978027344,1.63,0,-5399.92822265625
100000000000000000000002,1,922125000,0,-43.5,0.0490873852123404,0,0,0.560039978027344,1.63,0,-5399.92822265625
100000000000000000000004,1,922125000,0,-46,3.08023342207437,0,0,0.560039978027344,1.63,0,-5399.92822265625
100000000000000000000003,1,922125000,0,-46,1.60761186570415,0,0,0.560039978027344,1.63,0,-5399.92822265625
100000000000000000000004,1,922125000,0,-46,3.0556897294682,0,0,0.560039978027344,1.63,0,-5399.92822265625
100000000000000000000000,1,922125000,0,-51.5,4.27673843662517,0,0,0.560039978027344,1.63,0,-5399.92822265625
100000000000000000000002,1,922125000,0,-43.5,0.0490873852123404,0,0,0.560039978027344,1.63,0,-5399.92822265625
100000000000000000000003,1,922125000,0,-46,1.59534001940107,0,0,0.560039978027344,1.63,0,-5399.92822265625
100000000000000000000001,1,922125000,0,-45,4.11106851153352,0,0,0.560039978027344,1.63,0,-5399.92822265625
100000000000000000000000,1,922125000,0,-51.5,4.28901028292825,0,0,0.560039978027344,1.63,0,-5399.92822265625
100000000000000000000003,1,922125000,0,-46,1.59534001940107,0,0,0.560039978027344,1.63,0,-5399.92822265625
100000000000000000000002,1,922125000,0,-43,0.042951462060798,0,0,0.560039978027344,1.63,0,-5399.92822265625
100000000000000000000001,1,922125000,0,-44.5,4.11106851153352,0,0,0.560039978027344,1.63,0,-5399.92822265625
100000000000000000000004,1,922125000,0,-46,3.07409749892282,0,0,0.560039978027344,1.63,0,-5399.92822265625
100000000000000000000004,1,922125000,0,-46,3.098641191529,0,0,0.560039978027344,1.63,0,-5399.92822265625
100000000000000000000002,1,922125000,0,-43,0.042951462060798,0,0,0.560039978027344,1.63,0,-5399.92822265625
100000000000000000000000,1,922125000,0,-51.5,4.252194744019,0,0,0.560039978027344,1.63,0,-5399.92822265625
100000000000000000000001,1,922125000,0,-45,4.10493258838198,0,0,0.560039978027344,1.63,0,-5399.92822265625
100000000000000000000003,1,922125000,0,-46,1.61988371200724,0,0,0.560039978027344,1.63,0,-5399.92822265625
100000000000000000000004,1,922125000,0,-46,3.06796157577128,0,0,0.560039978027344,1.63,0,-5399.92822265625
100000000000000000000003,1,922125000,0,-46,1.61374778885569,0,0,0.560039978027344,1.63,0,-5399.92822265625
100000000000000000000002,1,922125000,0,-43.5,0.042951462060798,0,0,0.560039978027344,1.63,0,-5399.92822265625
100000000000000000000001,1,922125000,0,-44.5,4.09266074207889,0,0,0.560039978027344,1.63,0,-5399.92822265625
100000000000000000000000,1,922125000,0,-51.5,4.252194744019,0,0,0.560039978027344,1.63,0,-5399.92822265625
100000000000000000000003,1,922125000,0,-46,1.60147594255261,0,0,0.560039978027344,1.63,0,-5399.92822265625
100000000000000000000000,1,922125000,0,-51.5,4.23378697456437,0,0,0.560039978027344,1.63,0,-5399.92822265625
100000000000000000000001,1,922125000,0,-44.5,4.10493258838198,0,0,0.560039978027344,1.63,0,-5399.92822265625
100000000000000000000004,1,922125000,0,-46,3.08023342207437,0,0,0.560039978027344,1.63,0,-5399.92822265625
100000000000000000000002,1,922125000,0,-43.5,0.0490873852123404,0,0,0.560039978027344,1.63,0,-5399.92822265625
100000000000000000000002,1,922125000,0,-43.5,0.0490873852123404,0,0,0.560039978027344,1.63,0,-5399.92822265625
100000000000000000000003,1,922125000,0,-46,1.58306817309798,0,0,0.560039978027344,1.63,0,-5399.92822265625
100000000000000000000004,1,922125000,0,-46,3.07409749892282,0,0,0.560039978027344,1.63,0,-5399.92822265625
100000000000000000000001,1,922125000,0,-45,4.09879666523043,0,0,0.560039978027344,1.63,0,-5399.92822265625
100000000000000000000000,1,922125000,0,-51.5,4.28287435977671,0,0,0.560039978027344,1.63,0,-5399.92822265625
100000000000000000000001,1,922125000,0,-44.5,4.09879666523043,0,0,0.560039978027344,1.63,0,-5399.92822265625
100000000000000000000000,1,922125000,0,-51.5,4.25833066717054,0,0,0.560039978027344,1.63,0,-5399.92822265625
100000000000000000000004,1,922125000,0,-46,3.0556897294682,0,0,0.560039978027344,1.63,0,-5399.92822265625
100000000000000000000002,1,922125000,0,-43.5,0.042951462060798,0,0,0.560039978027344,1.63,0,-5399.92822265625
100000000000000000000003,1,922125000,0,-46,1.60147594255261,0,0,0.560039978027344,1.63,0,-5399.92822265625
100000000000000000000004,1,922125000,0,-46,3.06796157577128,0,0,0.560039978027344,1.63,0,-5399.92822265625
100000000000000000000001,1,922125000,0,-45,4.11106851153352,0,0,0.560039978027344,1.63,0,-5399.92822265625
100000000000000000000002,1,922125000,0,-43,0.0490873852123404,0,0,0.560039978027344,1.63,0,-5399.92822265625
100000000000000000000000,1,922125000,0,-51.5,4.27060251347362,0,0,0.560039978027344,1.63,0,-5399.92822265625
100000000000000000000003,1,922125000,0,-46,1.61374778885569,0,0,0.560039978027344,1.63,0,-5399.92822265625
100000000000000000000004,1,922125000,0,-46,3.07409749892282,0,0,0.560039978027344,1.63,0,-5399.92822265625
100000000000000000000000,1,922125000,0,-51.5,4.27673843662517,0,0,0.560039978027344,1.63,0,-5399.92822265625
100000000000000000000001,1,922125000,0,-44.5,4.09879666523043,0,0,0.560039978027344,1.63,0,-5399.92822265625
100000000000000000000002,1,922125000,0,-43,0.0490873852123404,0,0,0.560039978027344,1.63,0,-5399.92822265625
100000000000000000000003,1,922125000,0,-46,1.61988371200724,0,0,0.560039978027344,1.63,0,-5399.92822265625
100000000000000000000002,1,922125000,0,-43.5,0.0245436926061702,0,0,0.560039978027344,1.63,0,-5399.92822265625
100000000000000000000000,1,922125000,0,-51.5,4.252194744019,0,0,0.560039978027344,1.63,0,-5399.92822265625
100000000000000000000001,1,922125000,0,-44.5,4.11106851153352,0,0,0.560039978027344,1.63,0,-5399.92822265625
100000000000000000000003,1,922125000,0,-46,1.60761186570415,0,0,0.560039978027344,1.63,0,-5399.92822265625
100000000000000000000004,1,922125000,0,-46,3.06796157577128,0,0,0.560039978027344,1.63,0,-5399.92822265625
100000000000000000000001,1,922125000,0,-44.5,4.11106851153352,0,0,0.560039978027344,1.63,0,-5399.92822265625
100000000000000000000002,1,922125000,0,-43.5,0.0613592315154259,0,0,0.560039978027344,1.63,0,-5399.92822265625
100000000000000000000003,1,922125000,0,-46,1.61374778885569,0,0,0.560039978027344,1.63,0,-5399.92822265625
100000000000000000000000,1,922125000,0,-51,4.252194744019,0,0,0.560039978027344,1.63,0,-5399.92822265625
100000000000000000000004,1,922125000,0,-46,3.04955380631665,0,0,0.560039978027344,1.63,0,-5399.92822265625
100000000000000000000002,1,922125000,0,-43,0.042951462060798,0,0,0.560039978027344,1.63,0,-5399.92822265625
100000000000000000000004,1,922125000,0,-46,3.08023342207437,0,0,0.560039978027344,1.63,0,-5399.92822265625
100000000000000000000001,1,922125000,0,-44.5,4.10493258838198,0,0,0.560039978027344,1.63,0,-5399.92822265625
100000000000000000000000,1,922125000,0,-51.5,4.24605882086745,0,0,0.560039978027344,1.63,0,-5399.92822265625
100000000000000000000003,1,922125000,0,-46,1.61374778885569,0,0,0.560039978027344,1.63,0,-5399.92822265625
100000000000000000000002,1,922125000,0,-43.5,0.0490873852123404,0,0,0.560039978027344,1.63,0,-5399.92822265625
100000000000000000000004,1,922125000,0,-46,3.06796157577128,0,0,0.560039978027344,1.63,0,-5399.92822265625
100000000000000000000001,1,922125000,0,-45,4.09266074207889,0,0,0.560039978027344,1.63,0,-5399.92822265625
100000000000000000000000,1,922125000,0,-51.5,4.26446659032208,0,0,0.560039978027344,1.63,0,-5399.92822265625
100000000000000000000003,1,922125000,0,-46,1.61374778885569,0,0,0.560039978027344,1.63,0,-5399.92822265625
100000000000000000000004,1,922125000,0,-46,3.0556897294682,0,0,0.560039978027344,1.63,0,-5399.92822265625
100000000000000000000003,1,922125000,0,-46,1.60147594255261,0,0,0.560039978027344,1.63,0,-5399.92822265625
100000000000000000000002,1,922125000,0,-43.5,0.0613592315154259,0,0,0.560039978027344,1.63,0,-5399.92822265625
100000000000000000000001,1,922125000,0,-45,4.1233403578366,0,0,0.560039978027344,1.63,0,-5399.92822265625
100000000000000000000000,1,922125000,0,-51.5,4.252194744019,0,0,0.560039978027344,1.63,0,-5399.92822265625
100000000000000000000000,1,922125000,0,-51.5,4.27060251347362,0,0,0.560039978027344,1.63,0,-5399.92822265625
100000000000000000000004,1,922125000,0,-46,3.08023342207437,0,0,0.560039978027344,1.63,0,-5399.92822265625
100000000000000000000002,1,922125000,0,-43,0.0306796157577125,0,0,0.560039978027344,1.63,0,-5399.92822265625
100000000000000000000001,1,922125000,0,-44.5,4.11720443468506,0,0,0.560039978027344,1.63,0,-5399.92822265625
100000000000000000000003,1,922125000,0,-46,1.58920409624952,0,0,0.560039978027344,1.63,0,-5399.92822265625
100000000000000000000004,1,922125000,0,-46,3.0556897294682,0,0,0.560039978027344,1.63,0,-5399.92822265625
100000000000000000000001,1,922125000,0,-44.5,4.10493258838198,0,0,0.560039978027344,1.63,0,-5399.92822265625
100000000000000000000000,1,922125000,0,-51.5,4.26446659032208,0,0,0.560039978027344,1.63,0,-5399.92822265625
100000000000000000000002,1,922125000,0,-43.5,0.0368155389092557,0,0,0.560039978027344,1.63,0,-5399.92822265625
100000000000000000000003,1,922125000,0,-46,1.60147594255261,0,0,0.560039978027344,1.63,0,-5399.92822265625
100000000000000000000001,1,922125000,0,-45,4.09879666523043,0,0,0.560039978027344,1.63,0,-5399.92822265625
100000000000000000000002,1,922125000,0,-43,0.042951462060798,0,0,0.560039978027344,1.63,0,-5399.92822265625
100000000000000000000003,1,922125000,0,-46,1.58920409624952,0,0,0.560039978027344,1.63,0,-5399.92822265625
100000000000000000000000,1,922125000,0,-51.5,4.27060251347362,0,0,0.560039978027344,1.63,0,-5399.92822265625
100000000000000000000004,1,922125000,0,-46,3.06182565261974,0,0,0.560039978027344,1.63,0,-5399.92822265625
100000000000000000000000,1,922125000,0,-51.5,4.25833066717054,0,0,0.560039978027344,1.63,0,-5399.92822265625
100000000000000000000003,1,922125000,0,-46,1.58920409624952,0,0,0.560039978027344,1.63,0,-5399.92822265625
100000000000000000000004,1,922125000,0,-46,3.04341788316511,0,0,0.560039978027344,1.63,0,-5399.92822265625
100000000000000000000001,1,922125000,0,-45,4.07425297262426,0,0,0.560039978027344,1.63,0,-5399.92822265625
100000000000000000000002,1,922125000,0,-43.5,0.0306796157577125,0,0,0.560039978027344,1.63,0,-5399.92822265625
100000000000000000000004,1,922125000,0,-46,3.06182565261974,0,0,0.560039978027344,1.63,0,-5399.92822265625
100000000000000000000003,1,922125000,0,-46,1.59534001940107,0,0,0.560039978027344,1.63,0,-5399.92822265625
100000000000000000000001,1,922125000,0,-45,4.11106851153352,0,0,0.560039978027344,1.63,0,-5399.92822265625
100000000000000000000002,1,922125000,0,-43.5,0.0306796157577125,0,0,0.560039978027344,1.63,0,-5399.92822265625
100000000000000000000000,1,922125000,0,-51.5,4.25833066717054,0,0,0.560039978027344,1.63,0,-5399.92822265625
100000000000000000000003,1,922125000,0,-46,1.59534001940107,0,0,0.560039978027344,1.63,0,-5399.92822265625
100000000000000000000004,1,922125000,0,-46,3.06796157577128,0,0,0.560039978027344,1.63,0,-5399.92822265625
100000000000000000000001,1,922125000,0,-44.5,4.11106851153352,0,0,0.560039978027344,1.63,0,-5399.92822265625
100000000000000000000000,1,922125000,0,-51.5,4.27673843662517,0,0,0.560039978027344,1.63,0,-5399.92822265625
100000000000000000000002,1,922125000,0,-43.5,0.042951462060798,0,0,0.560039978027344,1.63,0,-5399.92822265625
100000000000000000000001,1,922125000,0,-44.5,4.09879666523043,0,0,0.560039978027344,1.63,0,-5399.92822265625
100000000000000000000003,1,922125000,0,-46,1.60147594255261,0,0,0.560039978027344,1.63,0,-5399.92822265625
100000000000000000000002,1,922125000,0,-43.5,0.0552233083638827,0,0,0.560039978027344,1.63,0,-5399.92822265625
100000000000000000000004,1,922125000,0,-46,3.07409749892282,0,0,0.560039978027344,1.63,0,-5399.92822265625
100000000000000000000000,1,922125000,0,-51.5,4.26446659032208,0,0,0.560039978027344,1.63,0,-5399.92822265625
100000000000000000000003,1,922125000,0,-46,1.60761186570415,0,0,0.560039978027344,1.63,0,-5399.92822265625
100000000000000000000000,1,922125000,0,-51.5,4.28287435977671,0,0,0.560039978027344,1.63,0,-5399.92822265625
100000000000000000000004,1,922125000,0,-46,3.07409749892282,0,0,0.560039978027344,1.63,0,-5399.92822265625
100000000000000000000001,1,922125000,0,-44.5,4.10493258838198,0,0,0.560039978027344,1.63,0,-5399.92822265625
100000000000000000000002,1,922125000,0,-43.5,0.0306796157577125,0,0,0.560039978027344,1.63,0,-5399.92822265625
100000000000000000000000,1,922125000,0,-51.5,4.27673843662517,0,0,0.560039978027344,1.63,0,-5399.92822265625
100000000000000000000004,1,922125000,0,-46,3.06796157577128,0,0,0.560039978027344,1.63,0,-5399.92822265625
100000000000000000000002,1,922125000,0,-43.5,0.0552233083638827,0,0,0.560039978027344,1.63,0,-5399.92822265625
100000000000000000000003,1,922125000,0,-46,1.59534001940107,0,0,0.560039978027344,1.63,0,-5399.92822265625
100000000000000000000001,1,922125000,0,-44.5,4.11106851153352,0,0,0.560039978027344,1.63,0,-5399.92822265625
100000000000000000000003,1,922125000,0,-46,1.60147594255261,0,0,0.560039978027344,1.63,0,-5399.92822265625
100000000000000000000001,1,922125000,0,-44.5,4.09879666523043,0,0,0.560039978027344,1.63,0,-5399.92822265625
100000000000000000000004,1,922125000,0,-46,3.04955380631665,0,0,0.560039978027344,1.63,0,-5399.92822265625
100000000000000000000000,1,922125000,0,-51.5,4.25833066717054,0,0,0.560039978027344,1.63,0,-5399.92822265625
100000000000000000000002,1,922125000,0,-43.5,0.0368155389092557,0,0,0.560039978027344,1.63,0,-5399.92822265625
100000000000000000000000,1,922125000,0,-51,4.27673843662517,0,0,0.560039978027344,1.63,0,-5399.92822265625
100000000000000000000003,1,922125000,0,-46,1.59534001940107,0,0,0.560039978027344,1.63,0,-5399.92822265625
100000000000000000000002,1,922125000,0,-43.5,0.0490873852123404,0,0,0.560039978027344,1.63,0,-5399.92822265625
100000000000000000000001,1,922125000,0,-45,4.08038889577581,0,0,0.560039978027344,1.63,0,-5399.92822265625
100000000000000000000004,1,922125000,0,-46,3.08636934522591,0,0,0.560039978027344,1.63,0,-5399.92822265625
100000000000000000000003,1,922125000,0,-46,1.60147594255261,0,0,0.560039978027344,1.63,0,-5399.92822265625
100000000000000000000002,1,922125000,0,-43,0.042951462060798,0,0,0.560039978027344,1.63,0,-5399.92822265625
100000000000000000000004,1,922125000,0,-46,3.06796157577128,0,0,0.560039978027344,1.63,0,-5399.92822265625
100000000000000000000001,1,922125000,0,-44.5,4.09879666523043,0,0,0.560039978027344,1.63,0,-5399.92822265625
100000000000000000000000,1,922125000,0,-51.5,4.252194744019,0,0,0.560039978027344,1.63,0,-5399.92822265625
100000000000000000000000,1,922125000,0,-51.5,4.28901028292825,0,0,0.560039978027344,1.63,0,-5399.92822265625
100000000000000000000001,1,922125000,0,-44.5,4.10493258838198,0,0,0.560039978027344,1.63,0,-5399.92822265625
100000000000000000000003,1,922125000,0,-46,1.58306817309798,0,0,0.560039978027344,1.63,0,-5399.92822265625
100000000000000000000004,1,922125000,0,-46,3.0556897294682,0,0,0.560039978027344,1.63,0,-5399.92822265625
100000000000000000000002,1,922125000,0,-43.5,0.042951462060798,0,0,0.560039978027344,1.63,0,-5399.92822265625
100000000000000000000004,1,922125000,0,-46,3.06182565261974,0,0,0.560039978027344,1.63,0,-5399.92822265625
100000000000000000000001,1,922125000,0,-45,4.10493258838198,0,0,0.560039978027344,1.63,0,-5399.92822265625
100000000000000000000002,1,922125000,0,-43,0.042951462060798,0,0,0.560039978027344,1.63,0,-5399.92822265625
100000000000000000000003,1,922125000,0,-46,1.59534001940107,0,0,0.560039978027344,1.63,0,-5399.92822265625
100000000000000000000000,1,922125000,0,-51.5,4.25833066717054,0,0,0.560039978027344,1.63,0,-5399.92822265625
100000000000000000000001,1,922125000,0,-44.5,4.10493258838198,0,0,0.560039978027344,1.63,0,-5399.92822265625
100000000000000000000000,1,922125000,0,-51.5,4.27673843662517,0,0,0.560039978027344,1.63,0,-5399.92822265625
100000000000000000000002,1,922125000,0,-43.5,0.0490873852123404,0,0,0.560039978027344,1.63,0,-5399.92822265625
100000000000000000000004,1,922125000,0,-46,3.08023342207437,0,0,0.560039978027344,1.63,0,-5399.92822265625
100000000000000000000003,1,922125000,0,-46,1.61988371200724,0,0,0.560039978027344,1.63,0,-5399.92822265625
100000000000000000000002,1,922125000,0,-43,0.0490873852123404,0,0,0.560039978027344,1.63,0,-5399.92822265625
100000000000000000000000,1,922125000,0,-51.5,4.27060251347362,0,0,0.560039978027344,1.63,0,-5399.92822265625
100000000000000000000004,1,922125000,0,-46,3.08023342207437,0,0,0.560039978027344,1.63,0,-5399.92822265625
100000000000000000000003,1,922125000,0,-46,1.59534001940107,0,0,0.560039978027344,1.63,0,-5399.92822265625
100000000000000000000001,1,922125000,0,-44.5,4.10493258838198,0,0,0.560039978027344,1.63,0,-5399.92822265625
100000000000000000000001,1,922125000,0,-44.5,4.10493258838198,0,0,0.560039978027344,1.63,0,-5399.92822265625
100000000000000000000003,1,922125000,0,-46,1.60147594255261,0,0,0.560039978027344,1.63,0,-5399.92822265625
100000000000000000000000,1,922125000,0,-51.5,4.27673843662517,0,0,0.560039978027344,1.63,0,-5399.92822265625
100000000000000000000004,1,922125000,0,-46,3.06796157577128,0,0,0.560039978027344,1.63,0,-5399.92822265625
100000000000000000000002,1,922125000,0,-43,0.0306796157577125,0,0,0.560039978027344,1.63,0,-5399.92822265625
100000000000000000000004,1,922125000,0,-46,3.08023342207437,0,0,0.560039978027344,1.63,0,-5399.92822265625
100000000000000000000000,1,922125000,0,-51.5,4.24605882086745,0,0,0.560039978027344,1.63,0,-5399.92822265625
100000000000000000000003,1,922125000,0,-46,1.60147594255261,0,0,0.560039978027344,1.63,0,-5399.92822265625
100000000000000000000001,1,922125000,0,-44.5,4.11720443468506,0,0,0.560039978027344,1.63,0,-5399.92822265625
100000000000000000000002,1,922125000,0,-43.5,0.0552233083638827,0,0,0.560039978027344,1.63,0,-5399.92822265625
100000000000000000000003,1,922125000,0,-46,1.61374778885569,0,0,0.560039978027344,1.63,0,-5399.92822265625
100000000000000000000001,1,922125000,0,-44.5,4.11720443468506,0,0,0.560039978027344,1.63,0,-5399.92822265625
100000000000000000000002,1,922125000,0,-43,0.0552233083638827,0,0,0.560039978027344,1.63,0,-5399.92822265625
100000000000000000000004,1,922125000,0,-46,3.04341788316511,0,0,0.560039978027344,1.63,0,-5399.92822265625
100000000000000000000000,1,922125000,0,-51.5,4.28287435977671,0,0,0.560039978027344,1.63,0,-5399.92822265625
100000000000000000000001,1,922125000,0,-44.5,4.10493258838198,0,0,0.560039978027344,1.63,0,-5399.92822265625
100000000000000000000002,1,922125000,0,-43.5,0.042951462060798,0,0,0.560039978027344,1.63,0,-5399.92822265625
100000000000000000000000,1,922125000,0,-51.5,4.23378697456437,0,0,0.560039978027344,1.63,0,-5399.92822265625
100000000000000000000003,1,922125000,0,-46,1.60147594255261,0,0,0.560039978027344,1.63,0,-5399.92822265625
100000000000000000000004,1,922125000,0,-46,3.06182565261974,0,0,0.560039978027344,1.63,0,-5399.92822265625
100000000000000000000001,1,922125000,0,-44.5,4.09879666523043,0,0,0.560039978027344,1.63,0,-5399.92822265625
100000000000000000000002,1,922125000,0,-43,0.042951462060798,0,0,0.560039978027344,1.63,0,-5399.92822265625
100000000000000000000003,1,922125000,0,-46,1.60147594255261,0,0,0.560039978027344,1.63,0,-5399.92822265625
100000000000000000000000,1,922125000,0,-51.5,4.27060251347362,0,0,0.560039978027344,1.63,0,-5399.92822265625
100000000000000000000004,1,922125000,0,-46,3.06796157577128,0,0,0.560039978027344,1.63,0,-5399.92822265625
100000000000000000000004,1,922125000,0,-46,3.06796157577128,0,0,0.560039978027344,1.63,0,-5399.92822265625
100000000000000000000000,1,922125000,0,-51.5,4.27673843662517,0,0,0.560039978027344,1.63,0,-5399.92822265625
100000000000000000000002,1,922125000,0,-43.5,0.0552233083638827,0,0,0.560039978027344,1.63,0,-5399.92822265625
100000000000000000000001,1,922125000,0,-44.5,4.09879666523043,0,0,0.560039978027344,1.63,0,-5399.92822265625
100000000000000000000003,1,922125000,0,-46,1.60147594255261,0,0,0.560039978027344,1.63,0,-5399.92822265625
100000000000000000000004,1,922125000,0,-46,3.06796157577128,0,0,0.560039978027344,1.63,0,-5399.92822265625
100000000000000000000001,1,922125000,0,-44.5,4.11106851153352,0,0,0.560039978027344,1.63,0,-5399.92822265625
100000000000000000000000,1,922125000,0,-51.5,4.27060251347362,0,0,0.560039978027344,1.63,0,-5399.92822265625
100000000000000000000002,1,922125000,0,-43,0.0490873852123404,0,0,0.560039978027344,1.63,0,-5399.92822265625
100000000000000000000003,1,922125000,0,-46,1.59534001940107,0,0,0.560039978027344,1.63,0,-5399.92822265625
100000000000000000000001,1,922125000,0,-45,4.10493258838198,0,0,0.560039978027344,1.63,0,-5399.92822265625
100000000000000000000000,1,922125000,0,-51.5,4.28287435977671,0,0,0.560039978027344,1.63,0,-5399.92822265625
100000000000000000000004,1,922125000,0,-46,3.07409749892282,0,0,0.560039978027344,1.63,0,-5399.92822265625
100000000000000000000002,1,922125000,0,-43.5,0.0490873852123404,0,0,0.560039978027344,1.63,0,-5399.92822265625
100000000000000000000003,1,922125000,0,-46,1.59534001940107,0,0,0.560039978027344,1.63,0,-5399.92822265625
100000000000000000000003,1,922125000,0,-46,1.58306817309798,0,0,0.560039978027344,1.63,0,-5399.92822265625
100000000000000000000001,1,922125000,0,-44.5,4.10493258838198,0,0,0.560039978027344,1.63,0,-5399.92822265625
100000000000000000000004,1,922125000,0,-46,3.06182565261974,0,0,0.560039978027344,1.63,0,-5399.92822265625
100000000000000000000002,1,922125000,0,-43.5,0.0306796157577125,0,0,0.560039978027344,1.63,0,-5399.92822265625
100000000000000000000000,1,922125000,0,-51.5,4.25833066717054,0,0,0.560039978027344,1.63,0,-5399.92822265625
100000000000000000000000,1,922125000,0,-51.5,4.27673843662517,0,0,0.560039978027344,1.63,0,-5399.92822265625
100000000000000000000002,1,922125000,0,-43.5,0.0613592315154259,0,0,0.560039978027344,1.63,0,-5399.92822265625
100000000000000000000001,1,922125000,0,-45,4.11106851153352,0,0,0.560039978027344,1.63,0,-5399.92822265625
100000000000000000000004,1,922125000,0,-46,3.07409749892282,0,0,0.560039978027344,1.63,0,-5399.92822265625
100000000000000000000003,1,922125000,0,-46,1.59534001940107,0,0,0.560039978027344,1.63,0,-5399.92822265625
100000000000000000000004,1,922125000,0,-46,3.0556897294682,0,0,0.560039978027344,1.63,0,-5399.92822265625
100000000000000000000001,1,922125000,0,-44.5,4.11106851153352,0,0,0.560039978027344,1.63,0,-5399.92822265625
100000000000000000000003,1,922125000,0,-46,1.60761186570415,0,0,0.560039978027344,1.63,0,-5399.92822265625
100000000000000000000002,1,922125000,0,-43.5,0.0306796157577125,0,0,0.560039978027344,1.63,0,-5399.92822265625
100000000000000000000000,1,922125000,0,-51.5,4.23992289771591,0,0,0.560039978027344,1.63,0,-5399.92822265625
100000000000000000000003,1,922125000,0,-46,1.59534001940107,0,0,0.560039978027344,1.63,0,-5399.92822265625
100000000000000000000000,1,922125000,0,-51.5,4.25833066717054,0,0,0.560039978027344,1.63,0,-5399.92822265625
100000000000000000000004,1,922125000,0,-46,3.06796157577128,0,0,0.560039978027344,1.63,0,-5399.92822265625
100000000000000000000001,1,922125000,0,-44.5,4.11106851153352,0,0,0.560039978027344,1.63,0,-5399.92822265625
100000000000000000000002,1,922125000,0,-43,0.0306796157577125,0,0,0.560039978027344,1.63,0,-5399.92822265625
100000000000000000000004,1,922125000,0,-46,3.06182565261974,0,0,0.560039978027344,1.63,0,-5399.92822265625
100000000000000000000000,1,922125000,0,-51.5,4.252194744019,0,0,0.560039978027344,1.63,0,-5399.92822265625
100000000000000000000001,1,922125000,0,-45,4.11106851153352,0,0,0.560039978027344,1.63,0,-5399.92822265625
100000000000000000000002,1,922125000,0,-43.5,0.0245436926061702,0,0,0.560039978027344,1.63,0,-5399.92822265625
100000000000000000000003,1,922125000,0,-46,1.61374778885569,0,0,0.560039978027344,1.63,0,-5399.92822265625
100000000000000000000003,1,922125000,0,-46,1.61988371200724,0,0,0.560039978027344,1.63,0,-5399.92822265625
100000000000000000000004,1,922125000,0,-46,3.0556897294682,0,0,0.560039978027344,1.63,0,-5399.92822265625
100000000000000000000002,1,922125000,0,-43,0.042951462060798,0,0,0.560039978027344,1.63,0,-5399.92822265625
100000000000000000000001,1,922125000,0,-45,4.10493258838198,0,0,0.560039978027344,1.63,0,-5399.92822265625
100000000000000000000000,1,922125000,0,-51.5,4.27060251347362,0,0,0.560039978027344,1.63,0,-5399.92822265625
100000000000000000000001,1,922125000,0,-44.5,4.11720443468506,0,0,0.560039978027344,1.63,0,-5399.92822265625
100000000000000000000004,1,922125000,0,-46,3.0556897294682,0,0,0.560039978027344,1.63,0,-5399.92822265625
100000000000000000000000,1,922125000,0,-51.5,4.27060251347362,0,0,0.560039978027344,1.63,0,-5399.92822265625
100000000000000000000003,1,922125000,0,-46,1.60761186570415,0,0,0.560039978027344,1.63,0,-5399.92822265625
100000000000000000000002,1,922125000,0,-43.5,0.0368155389092557,0,0,0.560039978027344,1.63,0,-5399.92822265625
100000000000000000000002,1,922125000,0,-43,0.0368155389092557,0,0,0.560039978027344,1.63,0,-5399.92822265625
100000000000000000000000,1,922125000,0,-51.5,4.27060251347362,0,0,0.560039978027344,1.63,0,-5399.92822265625
100000000000000000000003,1,922125000,0,-46,1.59534001940107,0,0,0.560039978027344,1.63,0,-5399.92822265625
100000000000000000000004,1,922125000,0,-46,3.06182565261974,0,0,0.560039978027344,1.63,0,-5399.92822265625
100000000000000000000001,1,922125000,0,-44.5,4.10493258838198,0,0,0.560039978027344,1.63,0,-5399.92822265625
100000000000000000000003,1,922125000,0,-46,1.61374778885569,0,0,0.560039978027344,1.63,0,-5399.92822265625
100000000000000000000002,1,922125000,0,-43.5,0.0613592315154259,0,0,0.560039978027344,1.63,0,-5399.92822265625
100000000000000000000004,1,922125000,0,-46,3.06182565261974,0,0,0.560039978027344,1.63,0,-5399.92822265625
100000000000000000000000,1,922125000,0,-51.5,4.28287435977671,0,0,0.560039978027344,1.63,0,-5399.92822265625
100000000000000000000001,1,922125000,0,-44.5,4.10493258838198,0,0,0.560039978027344,1.63,0,-5399.92822265625
100000000000000000000004,1,922125000,0,-46,3.08023342207437,0,0,0.560039978027344,1.63,0,-5399.92822265625
100000000000000000000002,1,922125000,0,-43,0.0797670009700537,0,0,0.560039978027344,1.63,0,-5399.92822265625
100000000000000000000001,1,922125000,0,-45,4.09879666523043,0,0,0.560039978027344,1.63,0,-5399.92822265625
100000000000000000000003,1,922125000,0,-46,1.60147594255261,0,0,0.560039978027344,1.63,0,-5399.92822265625
100000000000000000000000,1,922125000,0,-51.5,4.28287435977671,0,0,0.560039978027344,1.63,0,-5399.92822265625
100000000000000000000001,1,922125000,0,-44.5,4.11106851153352,0,0,0.560039978027344,1.63,0,-5399.92822265625
100000000000000000000000,1,922125000,0,-51.5,4.26446659032208,0,0,0.560039978027344,1.63,0,-5399.92822265625
100000000000000000000004,1,922125000,0,-46,3.0556897294682,0,0,0.560039978027344,1.63,0,-5399.92822265625
100000000000000000000002,1,922125000,0,-43.5,0.0368155389092557,0,0,0.560039978027344,1.63,0,-5399.92822265625
100000000000000000000003,1,922125000,0,-46,1.60147594255261,0,0,0.560039978027344,1.63,0,-5399.92822265625
100000000000000000000002,1,922125000,0,-43.5,0.042951462060798,0,0,0.560039978027344,1.63,0,-5399.92822265625
100000000000000000000001,1,922125000,0,-44.5,4.10493258838198,0,0,0.560039978027344,1.63,0,-5399.92822265625
100000000000000000000003,1,922125000,0,-46,1.58920409624952,0,0,0.560039978027344,1.63,0,-5399.92822265625
100000000000000000000004,1,922125000,0,-46,3.07409749892282,0,0,0.560039978027344,1.63,0,-5399.92822265625
100000000000000000000000,1,922125000,0,-51.5,4.25833066717054,0,0,0.560039978027344,1.63,0,-5399.92822265625
100000000000000000000001,1,922125000,0,-45,4.09879666523043,0,0,0.560039978027344,1.63,0,-5399.92822265625
100000000000000000000000,1,922125000,0,-51.5,4.252194744019,0,0,0.560039978027344,1.63,0,-5399.92822265625
100000000000000000000002,1,922125000,0,-43,0.0368155389092557,0,0,0.560039978027344,1.63,0,-5399.92822265625
100000000000000000000004,1,922125000,0,-46,3.06796157577128,0,0,0.560039978027344,1.63,0,-5399.92822265625
100000000000000000000003,1,922125000,0,-46,1.60147594255261,0,0,0.560039978027344,1.63,0,-5399.92822265625
100000000000000000000002,1,922125000,0,-43.5,0.042951462060798,0,0,0.560039978027344,1.63,0,-5399.92822265625
100000000000000000000000,1,922125000,0,-51.5,4.27060251347362,0,0,0.560039978027344,1.63,0,-5399.92822265625
100000000000000000000004,1,922125000,0,-46.5,3.08023342207437,0,0,0.560039978027344,1.63,0,-5399.92822265625
100000000000000000000003,1,922125000,0,-46,1.60761186570415,0,0,0.560039978027344,1.63,0,-5399.92822265625
100000000000000000000001,1,922125000,0,-45,4.10493258838198,0,0,0.560039978027344,1.63,0,-5399.92822265625
100000000000000000000003,1,922125000,0,-46,1.60761186570415,0,0,0.560039978027344,1.63,0,-5399.92822265625
100000000000000000000004,1,922125000,0,-46,3.04955380631665,0,0,0.560039978027344,1.63,0,-5399.92822265625
100000000000000000000001,1,922125000,0,-45,4.11106851153352,0,0,0.560039978027344,1.63,0,-5399.92822265625
100000000000000000000000,1,922125000,0,-51.5,4.27673843662517,0,0,0.560039978027344,1.63,0,-5399.92822265625
100000000000000000000002,1,922125000,0,-43.5,0.0368155389092557,0,0,0.560039978027344,1.63,0,-5399.92822265625
100000000000000000000001,1,922125000,0,-44.5,4.11720443468506,0,0,0.560039978027344,1.63,0,-5399.92822265625
100000000000000000000000,1,922125000,0,-51.5,4.27673843662517,0,0,0.560039978027344,1.63,0,-5399.92822265625
100000000000000000000004,1,922125000,0,-46,3.03728196001357,0,0,0.560039978027344,1.63,0,-5399.92822265625
100000000000000000000003,1,922125000,0,-46,1.60761186570415,0,0,0.560039978027344,1.63,0,-5399.92822265625
100000000000000000000002,1,922125000,0,-43.5,0.0368155389092557,0,0,0.560039978027344,1.63,0,-5399.92822265625
100000000000000000000002,1,922125000,0,-43,0.0736310778185105,0,0,0.560039978027344,1.63,0,-5399.92822265625
100000000000000000000004,1,922125000,0,-46,3.08023342207437,0,0,0.560039978027344,1.63,0,-5399.92822265625
100000000000000000000000,1,922125000,0,-51.5,4.27060251347362,0,0,0.560039978027344,1.63,0,-5399.92822265625
100000000000000000000001,1,922125000,0,-44.5,4.09879666523043,0,0,0.560039978027344,1.63,0,-5399.92822265625
100000000000000000000003,1,922125000,0,-46,1.60147594255261,0,0,0.560039978027344,1.63,0,-5399.92822265625
100000000000000000000002,1,922125000,0,-43.5,0.0368155389092557,0,0,0.560039978027344,1.63,0,-5399.92822265625
100000000000000000000004,1,922125000,0,-46,3.08636934522591,0,0,0.560039978027344,1.63,0,-5399.92822265625
100000000000000000000001,1,922125000,0,-45,4.09266074207889,0,0,0.560039978027344,1.63,0,-5399.92822265625
100000000000000000000000,1,922125000,0,-51.5,4.31355397553442,0,0,0.560039978027344,1.63,0,-5399.92822265625
100000000000000000000003,1,922125000,0,-46,1.60761186570415,0,0,0.560039978027344,1.63,0,-5399.92822265625
100000000000000000000004,1,922125000,0,-46,3.08023342207437,0,0,0.560039978027344,1.63,0,-5399.92822265625
100000000000000000000002,1,922125000,0,-43.5,0.0613592315154259,0,0,0.560039978027344,1.63,0,-5399.92822265625
100000000000000000000003,1,922125000,0,-46,1.58920409624952,0,0,0.560039978027344,1.63,0,-5399.92822265625
100000000000000000000001,1,922125000,0,-44.5,4.10493258838198,0,0,0.560039978027344,1.63,0,-5399.92822265625
100000000000000000000000,1,922125000,0,-51.5,4.26446659032208,0,0,0.560039978027344,1.63,0,-5399.92822265625
100000000000000000000003,1,922125000,0,-46,1.60147594255261,0,0,0.560039978027344,1.63,0,-5399.92822265625
100000000000000000000004,1,922125000,0,-46,3.06796157577128,0,0,0.560039978027344,1.63,0,-5399.92822265625
100000000000000000000001,1,922125000,0,-45,4.11106851153352,0,0,0.560039978027344,1.63,0,-5399.92822265625
100000000000000000000000,1,922125000,0,-51.5,4.23992289771591,0,0,0.560039978027344,1.63,0,-5399.92822265625
100000000000000000000002,1,922125000,0,-43.5,0.0490873852123404,0,0,0.560039978027344,1.63,0,-5399.92822265625
100000000000000000000002,1,922125000,0,-43.5,0.042951462060798,0,0,0.560039978027344,1.63,0,-5399.92822265625
100000000000000000000000,1,922125000,0,-51.5,4.26446659032208,0,0,0.560039978027344,1.63,0,-5399.92822265625
100000000000000000000001,1,922125000,0,-45,4.11720443468506,0,0,0.560039978027344,1.63,0,-5399.92822265625
100000000000000000000004,1,922125000,0,-46,3.06182565261974,0,0,0.560039978027344,1.63,0,-5399.92822265625
100000000000000000000003,1,922125000,0,-46,1.63215555831032,0,0,0.560039978027344,1.63,0,-5399.92822265625
100000000000000000000000,1,922125000,0,-51.5,4.25833066717054,0,0,0.560039978027344,1.63,0,-5399.92822265625
100000000000000000000003,1,922125000,0,-46,1.60761186570415,0,0,0.560039978027344,1.63,0,-5399.92822265625
100000000000000000000004,1,922125000,0,-46,3.08636934522591,0,0,0.560039978027344,1.63,0,-5399.92822265625
100000000000000000000002,1,922125000,0,-43.5,0.042951462060798,0,0,0.560039978027344,1.63,0,-5399.92822265625
100000000000000000000001,1,922125000,0,-45,4.11106851153352,0,0,0.560039978027344,1.63,0,-5399.92822265625
100000000000000000000004,1,922125000,0,-46,3.07409749892282,0,0,0.560039978027344,1.63,0,-5399.92822265625
100000000000000000000002,1,922125000,0,-43.5,0.042951462060798,0,0,0.560039978027344,1.63,0,-5399.92822265625
100000000000000000000003,1,922125000,0,-46,1.57693224994644,0,0,0.560039978027344,1.63,0,-5399.92822265625
100000000000000000000001,1,922125000,0,-44.5,4.11106851153352,0,0,0.560039978027344,1.63,0,-5399.92822265625
100000000000000000000000,1,922125000,0,-51.5,4.26446659032208,0,0,0.560039978027344,1.63,0,-5399.92822265625
100000000000000000000004,1,922125000,0,-46,3.07409749892282,0,0,0.560039978027344,1.63,0,-5399.92822265625
100000000000000000000003,1,922125000,0,-46,1.60147594255261,0,0,0.560039978027344,1.63,0,-5399.92822265625
100000000000000000000000,1,922125000,0,-51.5,4.26446659032208,0,0,0.560039978027344,1.63,0,-5399.92822265625
100000000000000000000001,1,922125000,0,-44.5,4.09879666523043,0,0,0.560039978027344,1.63,0,-5399.92822265625
100000000000000000000002,1,922125000,0,-43.5,0.042951462060798,0,0,0.560039978027344,1.63,0,-5399.92822265625
100000000000000000000000,1,922125000,0,-51.5,4.28901028292825,0,0,0.560039978027344,1.63,0,-5399.92822265625
100000000000000000000002,1,922125000,0,-43,0.042951462060798,0,0,0.560039978027344,1.63,0,-5399.92822265625
100000000000000000000004,1,922125000,0,-46,3.07409749892282,0,0,0.560039978027344,1.63,0,-5399.92822265625
100000000000000000000003,1,922125000,0,-46,1.60761186570415,0,0,0.560039978027344,1.63,0,-5399.92822265625
100000000000000000000001,1,922125000,0,-44.5,4.11720443468506,0,0,0.560039978027344,1.63,0,-5399.92822265625
100000000000000000000004,1,922125000,0,-46,3.07409749892282,0,0,0.560039978027344,1.63,0,-5399.92822265625
100000000000000000000002,1,922125000,0,-43.5,0.0613592315154259,0,0,0.560039978027344,1.63,0,-5399.92822265625
100000000000000000000003,1,922125000,0,-46,1.59534001940107,0,0,0.560039978027344,1.63,0,-5399.92822265625
100000000000000000000000,1,922125000,0,-51.5,4.27673843662517,0,0,0.560039978027344,1.63,0,-5399.92822265625
100000000000000000000001,1,922125000,0,-44.5,4.09879666523043,0,0,0.560039978027344,1.63,0,-5399.92822265625
100000000000000000000003,1,922125000,0,-46,1.58306817309798,0,0,0.560039978027344,1.63,0,-5399.92822265625
100000000000000000000001,1,922125000,0,-44.5,4.09879666523043,0,0,0.560039978027344,1.63,0,-5399.92822265625
100000000000000000000000,1,922125000,0,-51.5,4.25833066717054,0,0,0.560039978027344,1.63,0,-5399.92822265625
100000000000000000000004,1,922125000,0,-46,3.08023342207437,0,0,0.560039978027344,1.63,0,-5399.92822265625
100000000000000000000002,1,922125000,0,-43.5,0.0613592315154259,0,0,0.560039978027344,1.63,0,-5399.92822265625
100000000000000000000001,1,922125000,0,-44.5,4.09879666523043,0,0,0.560039978027344,1.63,0,-5399.92822265625
100000000000000000000002,1,922125000,0,-43,0.0552233083638827,0,0,0.560039978027344,1.63,0,-5399.92822265625
100000000000000000000004,1,922125000,0,-46,3.07409749892282,0,0,0.560039978027344,1.63,0,-5399.92822265625
100000000000000000000000,1,922125000,0,-51.5,4.27060251347362,0,0,0.560039978027344,1.63,0,-5399.92822265625
100000000000000000000003,1,922125000,0,-46,1.60147594255261,0,0,0.560039978027344,1.63,0,-5399.92822265625
100000000000000000000001,1,922125000,0,-44.5,4.09879666523043,0,0,0.560039978027344,1.63,0,-5399.92822265625
100000000000000000000000,1,922125000,0,-51.5,4.23992289771591,0,0,0.560039978027344,1.63,0,-5399.92822265625
100000000000000000000002,1,922125000,0,-43,0.042951462060798,0,0,0.560039978027344,1.63,0,-5399.92822265625
100000000000000000000004,1,922125000,0,-46,3.0556897294682,0,0,0.560039978027344,1.63,0,-5399.92822265625
100000000000000000000003,1,922125000,0,-46,1.58306817309798,0,0,0.560039978027344,1.63,0,-5399.92822265625
100000000000000000000004,1,922125000,0,-46,3.08636934522591,0,0,0.560039978027344,1.63,0,-5399.92822265625
100000000000000000000000,1,922125000,0,-51.5,4.27673843662517,0,0,0.560039978027344,1.63,0,-5399.92822265625
100000000000000000000002,1,922125000,0,-43.5,0.0368155389092557,0,0,0.560039978027344,1.63,0,-5399.92822265625
100000000000000000000001,1,922125000,0,-45,4.09879666523043,0,0,0.560039978027344,1.63,0,-5399.92822265625
100000000000000000000003,1,922125000,0,-46,1.58920409624952,0,0,0.560039978027344,1.63,0,-5399.92822265625
100000000000000000000004,1,922125000,0,-46,3.08636934522591,0,0,0.560039978027344,1.63,0,-5399.92822265625
100000000000000000000002,1,922125000,0,-43.5,0.0674951546669682,0,0,0.560039978027344,1.63,0,-5399.92822265625
100000000000000000000003,1,922125000,0,-46,1.59534001940107,0,0,0.560039978027344,1.63,0,-5399.92822265625
100000000000000000000001,1,922125000,0,-45,4.09266074207889,0,0,0.560039978027344,1.63,0,-5399.92822265625
100000000000000000000000,1,922125000,0,-51.5,4.27673843662517,0,0,0.560039978027344,1.63,0,-5399.92822265625
100000000000000000000002,1,922125000,0,-43.5,0.0613592315154259,0,0,0.560039978027344,1.63,0,-5399.92822265625
100000000000000000000000,1,922125000,0,-51.5,4.25833066717054,0,0,0.560039978027344,1.63,0,-5399.92822265625
100000000000000000000003,1,922125000,0,-46,1.60761186570415,0,0,0.560039978027344,1.63,0,-5399.92822265625
100000000000000000000001,1,922125000,0,-44.5,4.11720443468506,0,0,0.560039978027344,1.63,0,-5399.92822265625
100000000000000000000004,1,922125000,0,-46.5,3.08023342207437,0,0,0.560039978027344,1.63,0,-5399.92822265625
100000000000000000000002,1,922125000,0,-43.5,0.042951462060798,0,0,0.560039978027344,1.63,0,-5399.92822265625
100000000000000000000004,1,922125000,0,-46,3.07409749892282,0,0,0.560039978027344,1.63,0,-5399.92822265625
100000000000000000000001,1,922125000,0,-45,4.10493258838198,0,0,0.560039978027344,1.63,0,-5399.92822265625
100000000000000000000003,1,922125000,0,-46,1.59534001940107,0,0,0.560039978027344,1.63,0,-5399.92822265625
100000000000000000000000,1,922125000,0,-51.5,4.25833066717054,0,0,0.560039978027344,1.63,0,-5399.92822265625
100000000000000000000004,1,922125000,0,-46,3.08023342207437,0,0,0.560039978027344,1.63,0,-5399.92822265625
100000000000000000000000,1,922125000,0,-51.5,4.24605882086745,0,0,0.560039978027344,1.63,0,-5399.92822265625
100000000000000000000003,1,922125000,0,-46,1.60147594255261,0,0,0.560039978027344,1.63,0,-5399.92822265625
100000000000000000000002,1,922125000,0,-43.5,0.0368155389092557,0,0,0.560039978027344,1.63,0,-5399.92822265625
100000000000000000000001,1,922125000,0,-44.5,4.09266074207889,0,0,0.560039978027344,1.63,0,-5399.92822265625
100000000000000000000001,1,922125000,0,-44.5,4.10493258838198,0,0,0.560039978027344,1.63,0,-5399.92822265625
100000000000000000000003,1,922125000,0,-46,1.61374778885569,0,0,0.560039978027344,1.63,0,-5399.92822265625
100000000000000000000000,1,922125000,0,-51.5,4.24605882086745,0,0,0.560039978027344,1.63,0,-5399.92822265625
100000000000000000000004,1,922125000,0,-46,3.06182565261974,0,0,0.560039978027344,1.63,0,-5399.92822265625
100000000000000000000002,1,922125000,0,-43.5,0.0368155389092557,0,0,0.560039978027344,1.63,0,-5399.92822265625
100000000000000000000001,1,922125000,0,-44.5,4.09879666523043,0,0,0.560039978027344,1.63,0,-5399.92822265625
100000000000000000000002,1,922125000,0,-43,0.0490873852123404,0,0,0.560039978027344,1.63,0,-5399.92822265625
100000000000000000000000,1,922125000,0,-51.5,4.26446659032208,0,0,0.560039978027344,1.63,0,-5399.92822265625
100000000000000000000003,1,922125000,0,-46,1.60147594255261,0,0,0.560039978027344,1.63,0,-5399.92822265625
100000000000000000000004,1,922125000,0,-46,3.06796157577128,0,0,0.560039978027344,1.63,0,-5399.92822265625
100000000000000000000003,1,922125000,0,-46,1.60147594255261,0,0,0.560039978027344,1.63,0,-5399.92822265625
100000000000000000000004,1,922125000,0,-46,3.06796157577128,0,0,0.560039978027344,1.63,0,-5399.92822265625
100000000000000000000001,1,922125000,0,-45,4.09879666523043,0,0,0.560039978027344,1.63,0,-5399.92822265625
100000000000000000000000,1,922125000,0,-51.5,4.24605882086745,0,0,0.560039978027344,1.63,0,-5399.92822265625
100000000000000000000002,1,922125000,0,-43.5,0.0552233083638827,0,0,0.560039978027344,1.63,0,-5399.92822265625
100000000000000000000000,1,922125000,0,-51.5,4.27673843662517,0,0,0.560039978027344,1.63,0,-5399.92822265625
100000000000000000000002,1,922125000,0,-43.5,0.042951462060798,0,0,0.560039978027344,1.63,0,-5399.92822265625
100000000000000000000004,1,922125000,0,-46,3.06182565261974,0,0,0.560039978027344,1.63,0,-5399.92822265625
100000000000000000000001,1,922125000,0,-44.5,4.09266074207889,0,0,0.560039978027344,1.63,0,-5399.92822265625
100000000000000000000003,1,922125000,0,-46,1.58920409624952,0,0,0.560039978027344,1.63,0,-5399.92822265625
100000000000000000000000,1,922125000,0,-51.5,4.252194744019,0,0,0.560039978027344,1.63,0,-5399.92822265625
100000000000000000000002,1,922125000,0,-43,0.0368155389092557,0,0,0.560039978027344,1.63,0,-5399.92822265625
100000000000000000000004,1,922125000,0,-46,3.07409749892282,0,0,0.560039978027344,1.63,0,-5399.92822265625
100000000000000000000001,1,922125000,0,-44.5,4.10493258838198,0,0,0.560039978027344,1.63,0,-5399.92822265625
100000000000000000000003,1,922125000,0,-46,1.60147594255261,0,0,0.560039978027344,1.63,0,-5399.92822265625
100000000000000000000002,1,922125000,0,-43.5,0.042951462060798,0,0,0.560039978027344,1.63,0,-5399.92822265625
100000000000000000000004,1,922125000,0,-46,3.06182565261974,0,0,0.560039978027344,1.63,0,-5399.92822265625
100000000000000000000003,1,922125000,0,-46,1.60147594255261,0,0,0.560039978027344,1.63,0,-5399.92822265625
100000000000000000000001,1,922125000,0,-44.5,4.10493258838198,0,0,0.560039978027344,1.63,0,-5399.92822265625
100000000000000000000000,1,922125000,0,-51.5,4.25833066717054,0,0,0.560039978027344,1.63,0,-5399.92822265625
100000000000000000000003,1,922125000,0,-46,1.58920409624952,0,0,0.560039978027344,1.63,0,-5399.92822265625
100000000000000000000000,1,922125000,0,-51.5,4.26446659032208,0,0,0.560039978027344,1.63,0,-5399.92822265625
100000000000000000000004,1,922125000,0,-46,3.06182565261974,0,0,0.560039978027344,1.63,0,-5399.92822265625
100000000000000000000001,1,922125000,0,-44.5,4.09879666523043,0,0,0.560039978027344,1.63,0,-5399.92822265625
100000000000000000000002,1,922125000,0,-43.5,0.042951462060798,0,0,0.560039978027344,1.63,0,-5399.92822265625
100000000000000000000003,1,922125000,0,-46,1.57693224994644,0,0,0.560039978027344,1.63,0,-5399.92822265625
100000000000000000000001,1,922125000,0,-45,4.09266074207889,0,0,0.560039978027344,1.63,0,-5399.92822265625
100000000000000000000002,1,922125000,0,-43.5,0.042951462060798,0,0,0.560039978027344,1.63,0,-5399.92822265625
100000000000000000000004,1,922125000,0,-46,3.08023342207437,0,0,0.560039978027344,1.63,0,-5399.92822265625
100000000000000000000000,1,922125000,0,-51.5,4.252194744019,0,0,0.560039978027344,1.63,0,-5399.92822265625
100000000000000000000003,1,922125000,0,-46,1.59534001940107,0,0,0.560039978027344,1.63,0,-5399.92822265625
100000000000000000000004,1,922125000,0,-46,3.07409749892282,0,0,0.560039978027344,1.63,0,-5399.92822265625
100000000000000000000000,1,922125000,0,-51.5,4.24605882086745,0,0,0.560039978027344,1.63,0,-5399.92822265625
100000000000000000000002,1,922125000,0,-43.5,0.0490873852123404,0,0,0.560039978027344,1.63,0,-5399.92822265625
100000000000000000000001,1,922125000,0,-44.5,4.1233403578366,0,0,0.560039978027344,1.63,0,-5399.92822265625
100000000000000000000001,1,922125000,0,-45,4.11106851153352,0,0,0.560039978027344,1.63,0,-5399.92822265625
100000000000000000000000,1,922125000,0,-51.5,4.27673843662517,0,0,0.560039978027344,1.63,0,-5399.92822265625
100000000000000000000002,1,922125000,0,-43,0.0490873852123404,0,0,0.560039978027344,1.63,0,-5399.92822265625
100000000000000000000003,1,922125000,0,-46,1.60147594255261,0,0,0.560039978027344,1.63,0,-5399.92822265625
100000000000000000000004,1,922125000,0,-46,3.06182565261974,0,0,0.560039978027344,1.63,0,-5399.92822265625
100000000000000000000003,1,922125000,0,-46,1.60761186570415,0,0,0.560039978027344,1.63,0,-5399.92822265625
100000000000000000000001,1,922125000,0,-45,4.09879666523043,0,0,0.560039978027344,1.63,0,-5399.92822265625
100000000000000000000002,1,922125000,0,-43.5,0.0306796157577125,0,0,0.560039978027344,1.63,0,-5399.92822265625
100000000000000000000004,1,922125000,0,-46,3.06182565261974,0,0,0.560039978027344,1.63,0,-5399.92822265625
100000000000000000000000,1,922125000,0,-51.5,4.26446659032208,0,0,0.560039978027344,1.63,0,-5399.92822265625
100000000000000000000001,1,922125000,0,-44.5,4.11106851153352,0,0,0.560039978027344,1.63,0,-5399.92822265625
100000000000000000000002,1,922125000,0,-43.5,0.042951462060798,0,0,0.560039978027344,1.63,0,-5399.92822265625
100000000000000000000003,1,922125000,0,-46,1.59534001940107,0,0,0.560039978027344,1.63,0,-5399.92822265625
100000000000000000000000,1,922125000,0,-51.5,4.252194744019,0,0,0.560039978027344,1.63,0,-5399.92822265625
100000000000000000000004,1,922125000,0,-46,3.0556897294682,0,0,0.560039978027344,1.63,0,-5399.92822265625
100000000000000000000001,1,922125000,0,-44.5,4.11106851153352,0,0,0.560039978027344,1.63,0,-5399.92822265625
100000000000000000000002,1,922125000,0,-43.5,0.0245436926061702,0,0,0.560039978027344,1.63,0,-5399.92822265625
100000000000000000000000,1,922125000,0,-51.5,4.28901028292825,0,0,0.560039978027344,1.63,0,-5399.92822265625
100000000000000000000003,1,922125000,0,-46,1.61374778885569,0,0,0.560039978027344,1.63,0,-5399.92822265625
100000000000000000000004,1,922125000,0,-46,3.08023342207437,0,0,0.560039978027344,1.63,0,-5399.92822265625
100000000000000000000004,1,922125000,0,-46,3.06796157577128,0,0,0.560039978027344,1.63,0,-5399.92822265625
100000000000000000000001,1,922125000,0,-45,4.11720443468506,0,0,0.560039978027344,1.63,0,-5399.92822265625
100000000000000000000000,1,922125000,0,-51.5,4.27060251347362,0,0,0.560039978027344,1.63,0,-5399.92822265625
100000000000000000000002,1,922125000,0,-43,0.042951462060798,0,0,0.560039978027344,1.63,0,-5399.92822265625
100000000000000000000003,1,922125000,0,-46,1.58920409624952,0,0,0.560039978027344,1.63,0,-5399.92822265625
100000000000000000000001,1,922125000,0,-44.5,4.11720443468506,0,0,0.560039978027344,1.63,0,-5399.92822265625
100000000000000000000004,1,922125000,0,-46,3.06182565261974,0,0,0.560039978027344,1.63,0,-5399.92822265625
100000000000000000000000,1,922125000,0,-51.5,4.27060251347362,0,0,0.560039978027344,1.63,0,-5399.92822265625
100000000000000000000002,1,922125000,0,-43.5,0.0306796157577125,0,0,0.560039978027344,1.63,0,-5399.92822265625
100000000000000000000003,1,922125000,0,-46,1.59534001940107,0,0,0.560039978027344,1.63,0,-5399.92822265625
100000000000000000000002,1,922125000,0,-43.5,0.042951462060798,0,0,0.560039978027344,1.63,0,-5399.92822265625
100000000000000000000001,1,922125000,0,-44.5,4.11106851153352,0,0,0.560039978027344,1.63,0,-5399.92822265625
100000000000000000000004,1,922125000,0,-46,3.07409749892282,0,0,0.560039978027344,1.63,0,-5399.92822265625
100000000000000000000003,1,922125000,0,-46,1.60761186570415,0,0,0.560039978027344,1.63,0,-5399.92822265625
100000000000000000000000,1,922125000,0,-51.5,4.27060251347362,0,0,0.560039978027344,1.63,0,-5399.92822265625
100000000000000000000002,1,922125000,0,-43.5,0.042951462060798,0,0,0.560039978027344,1.63,0,-5399.92822265625
100000000000000000000003,1,922125000,0,-46,1.59534001940107,0,0,0.560039978027344,1.63,0,-5399.92822265625
100000000000000000000004,1,922125000,0,-46,3.0556897294682,0,0,0.560039978027344,1.63,0,-5399.92822265625
100000000000000000000000,1,922125000,0,-51.5,4.26446659032208,0,0,0.560039978027344,1.63,0,-5399.92822265625
100000000000000000000001,1,922125000,0,-44.5,4.11720443468506,0,0,0.560039978027344,1.63,0,-5399.92822265625
100000000000000000000001,1,922125000,0,-44.5,4.10493258838198,0,0,0.560039978027344,1.63,0,-5399.92822265625
100000000000000000000002,1,922125000,0,-43,0.0490873852123404,0,0,0.560039978027344,1.63,0,-5399.92822265625
100000000000000000000004,1,922125000,0,-46,3.06796157577128,0,0,0.560039978027344,1.63,0,-5399.92822265625
100000000000000000000000,1,922125000,0,-51.5,4.28287435977671,0,0,0.560039978027344,1.63,0,-5399.92822265625
100000000000000000000003,1,922125000,0,-46,1.59534001940107,0,0,0.560039978027344,1.63,0,-5399.92822265625
100000000000000000000002,1,922625000,0,-42.5,0.288388388122501,0,0,0.560039978027344,1.63,0,-5399.92822265625
100000000000000000000001,1,922625000,0,-44.5,4.32582582183751,0,0,0.560039978027344,1.63,0,-5399.92822265625
100000000000000000000000,1,922625000,0,-52,4.54671905529304,0,0,0.560039978027344,1.63,0,-5399.92822265625
100000000000000000000003,1,922625000,0,-45.5,1.8162332528566,0,0,0.560039978027344,1.63,0,-5399.92822265625
100000000000000000000004,1,922625000,0,-45.5,3.31953442498453,0,0,0.560039978027344,1.63,0,-5399.92822265625
100000000000000000000000,1,922625000,0,-52,4.54671905529304,0,0,0.560039978027344,1.63,0,-5399.92822265625
100000000000000000000003,1,922625000,0,-45.5,1.79168956025043,0,0,0.560039978027344,1.63,0,-5399.92822265625
100000000000000000000001,1,922625000,0,-44.5,4.33809766814059,0,0,0.560039978027344,1.63,0,-5399.92822265625
100000000000000000000004,1,922625000,0,-45.5,3.33180627128761,0,0,0.560039978027344,1.63,0,-5399.92822265625
100000000000000000000002,1,922625000,0,-42.5,0.300660234425585,0,0,0.560039978027344,1.63,0,-5399.92822265625
100000000000000000000001,1,922625000,0,-44.5,4.33809766814059,0,0,0.560039978027344,1.63,0,-5399.92822265625
100000000000000000000000,1,922625000,0,-52,4.55285497844458,0,0,0.560039978027344,1.63,0,-5399.92822265625
100000000000000000000004,1,922625000,0,-45.5,3.35021404074224,0,0,0.560039978027344,1.63,0,-5399.92822265625
100000000000000000000003,1,922625000,0,-45.5,1.82850509915968,0,0,0.560039978027344,1.63,0,-5399.92822265625
100000000000000000000002,1,922625000,0,-42.5,0.312932080728671,0,0,0.560039978027344,1.63,0,-5399.92822265625
100000000000000000000004,1,922625000,0,-46,3.3440781175907,0,0,0.560039978027344,1.63,0,-5399.92822265625
100000000000000000000002,1,922625000,0,-42.5,0.288388388122501,0,0,0.560039978027344,1.63,0,-5399.92822265625
100000000000000000000001,1,922625000,0,-44.5,4.32582582183751,0,0,0.560039978027344,1.63,0,-5399.92822265625
100000000000000000000000,1,922625000,0,-52,4.56512682474767,0,0,0.560039978027344,1.63,0,-5399.92822265625
100000000000000000000003,1,922625000,0,-45.5,1.82236917600814,0,0,0.560039978027344,1.63,0,-5399.92822265625
100000000000000000000001,1,922625000,0,-44.5,4.30741805238288,0,0,0.560039978027344,1.63,0,-5399.92822265625
100000000000000000000003,1,922625000,0,-45.5,1.83464102231123,0,0,0.560039978027344,1.63,0,-5399.92822265625
100000000000000000000004,1,922625000,0,-45.5,3.33794219443916,0,0,0.560039978027344,1.63,0,-5399.92822265625
100000000000000000000000,1,922625000,0,-52,4.57126274789921,0,0,0.560039978027344,1.63,0,-5399.92822265625
100000000000000000000002,1,922625000,0,-42.5,0.306796157577129,0,0,0.560039978027344,1.63,0,-5399.92822265625
100000000000000000000004,1,922625000,0,-45.5,3.33180627128761,0,0,0.560039978027344,1.63,0,-5399.92822265625
100000000000000000000002,1,922625000,0,-42.5,0.276116541819415,0,0,0.560039978027344,1.63,0,-5399.92822265625
100000000000000000000003,1,922625000,0,-45.5,1.82236917600814,0,0,0.560039978027344,1.63,0,-5399.92822265625
100000000000000000000001,1,922625000,0,-44.5,4.32582582183751,0,0,0.560039978027344,1.63,0,-5399.92822265625
100000000000000000000000,1,922625000,0,-52,4.54671905529304,0,0,0.560039978027344,1.63,0,-5399.92822265625
100000000000000000000004,1,922625000,0,-45.5,3.31339850183298,0,0,0.560039978027344,1.63,0,-5399.92822265625
100000000000000000000003,1,922625000,0,-45.5,1.80396140655351,0,0,0.560039978027344,1.63,0,-5399.92822265625
100000000000000000000001,1,922625000,0,-44.5,4.31968989868597,0,0,0.560039978027344,1.63,0,-5399.92822265625
100000000000000000000002,1,922625000,0,-42.5,0.282252464970958,0,0,0.560039978027344,1.63,0,-5399.92822265625
100000000000000000000000,1,922625000,0,-51.5,4.57126274789921,0,0,0.560039978027344,1.63,0,-5399.92822265625
100000000000000000000000,1,922625000,0,-52,4.55899090159613,0,0,0.560039978027344,1.63,0,-5399.92822265625
100000000000000000000001,1,922625000,0,-44.5,4.30741805238288,0,0,0.560039978027344,1.63,0,-5399.92822265625
100000000000000000000004,1,922625000,0,-46,3.31339850183298,0,0,0.560039978027344,1.63,0,-5399.92822265625
100000000000000000000002,1,922625000,0,-42.5,0.319068003880213,0,0,0.560039978027344,1.63,0,-5399.92822265625
100000000000000000000003,1,922625000,0,-45.5,1.8162332528566,0,0,0.560039978027344,1.63,0,-5399.92822265625
100000000000000000000002,1,922625000,0,-42.5,0.300660234425585,0,0,0.560039978027344,1.63,0,-5399.92822265625
100000000000000000000001,1,922625000,0,-44.5,4.33196174498905,0,0,0.560039978027344,1.63,0,-5399.92822265625
100000000000000000000000,1,922625000,0,-52,4.54671905529304,0,0,0.560039978027344,1.63,0,-5399.92822265625
100000000000000000000003,1,922625000,0,-45.5,1.84077694546277,0,0,0.560039978027344,1.63,0,-5399.92822265625
100000000000000000000004,1,922625000,0,-45.5,3.30726257868144,0,0,0.560039978027344,1.63,0,-5399.92822265625
100000000000000000000002,1,922625000,0,-42.5,0.288388388122501,0,0,0.560039978027344,1.63,0,-5399.92822265625
100000000000000000000001,1,922625000,0,-44.5,4.31968989868597,0,0,0.560039978027344,1.63,0,-5399.92822265625
100000000000000000000004,1,922625000,0,-46,3.31339850183298,0,0,0.560039978027344,1.63,0,-5399.92822265625
100000000000000000000003,1,922625000,0,-45.5,1.84077694546277,0,0,0.560039978027344,1.63,0,-5399.92822265625
100000000000000000000000,1,922625000,0,-52,4.55285497844458,0,0,0.560039978027344,1.63,0,-5399.92822265625
100000000000000000000000,1,922625000,0,-52,4.55899090159613,0,0,0.560039978027344,1.63,0,-5399.92822265625
100000000000000000000001,1,922625000,0,-44.5,4.32582582183751,0,0,0.560039978027344,1.63,0,-5399.92822265625
100000000000000000000002,1,922625000,0,-42.5,0.319068003880213,0,0,0.560039978027344,1.63,0,-5399.92822265625
100000000000000000000004,1,922625000,0,-46,3.33180627128761,0,0,0.560039978027344,1.63,0,-5399.92822265625
100000000000000000000003,1,922625000,0,-45.5,1.82236917600814,0,0,0.560039978027344,1.63,0,-5399.92822265625
100000000000000000000001,1,922625000,0,-44.5,4.32582582183751,0,0,0.560039978027344,1.63,0,-5399.92822265625
100000000000000000000002,1,922625000,0,-42.5,0.306796157577129,0,0,0.560039978027344,1.63,0,-5399.92822265625
100000000000000000000004,1,922625000,0,-46,3.29499073237836,0,0,0.560039978027344,1.63,0,-5399.92822265625
100000000000000000000000,1,922625000,0,-51.5,4.52217536268687,0,0,0.560039978027344,1.63,0,-5399.92822265625
100000000000000000000003,1,922625000,0,-45.5,1.84077694546277,0,0,0.560039978027344,1.63,0,-5399.92822265625
100000000000000000000003,1,922625000,0,-45.5,1.82850509915968,0,0,0.560039978027344,1.63,0,-5399.92822265625
100000000000000000000004,1,922625000,0,-46,3.31953442498453,0,0,0.560039978027344,1.63,0,-5399.92822265625
100000000000000000000002,1,922625000,0,-42.5,0.312932080728671,0,0,0.560039978027344,1.63,0,-5399.92822265625
100000000000000000000000,1,922625000,0,-52,4.54671905529304,0,0,0.560039978027344,1.63,0,-5399.92822265625
100000000000000000000001,1,922625000,0,-44.5,4.31968989868597,0,0,0.560039978027344,1.63,0,-5399.92822265625
100000000000000000000002,1,922625000,0,-42.5,0.319068003880213,0,0,0.560039978027344,1.63,0,-5399.92822265625
100000000000000000000000,1,922625000,0,-52,4.5405831321415,0,0,0.560039978027344,1.63,0,-5399.92822265625
100000000000000000000001,1,922625000,0,-44.5,4.32582582183751,0,0,0.560039978027344,1.63,0,-5399.92822265625
100000000000000000000004,1,922625000,0,-45.5,3.3440781175907,0,0,0.560039978027344,1.63,0,-5399.92822265625
100000000000000000000003,1,922625000,0,-45.5,1.81009732970506,0,0,0.560039978027344,1.63,0,-5399.92822265625
100000000000000000000002,1,922625000,0,-42.5,0.300660234425585,0,0,0.560039978027344,1.63,0,-5399.92822265625
100000000000000000000004,1,922625000,0,-45.5,3.32567034813607,0,0,0.560039978027344,1.63,0,-5399.92822265625
100000000000000000000000,1,922625000,0,-52,4.55285497844458,0,0,0.560039978027344,1.63,0,-5399.92822265625
100000000000000000000003,1,922625000,0,-45.5,1.82850509915968,0,0,0.560039978027344,1.63,0,-5399.92822265625
100000000000000000000001,1,922625000,0,-44.5,4.33196174498905,0,0,0.560039978027344,1.63,0,-5399.92822265625
100000000000000000000000,1,922625000,0,-51.5,4.5405831321415,0,0,0.560039978027344,1.63,0,-5399.92822265625
100000000000000000000003,1,922625000,0,-45.5,1.80396140655351,0,0,0.560039978027344,1.63,0,-5399.92822265625
100000000000000000000001,1,922625000,0,-44.5,4.32582582183751,0,0,0.560039978027344,1.63,0,-5399.92822265625
100000000000000000000004,1,922625000,0,-45.5,3.31953442498453,0,0,0.560039978027344,1.63,0,-5399.92822265625
100000000000000000000002,1,922625000,0,-42.5,0.294524311274043,0,0,0.560039978027344,1.63,0,-5399.92822265625
100000000000000000000001,1,922625000,0,-44.5,4.31968989868597,0,0,0.560039978027344,1.63,0,-5399.92822265625
100000000000000000000004,1,922625000,0,-46,3.30726257868144,0,0,0.560039978027344,1.63,0,-5399.92822265625
100000000000000000000002,1,922625000,0,-42.5,0.312932080728671,0,0,0.560039978027344,1.63,0,-5399.92822265625
100000000000000000000000,1,922625000,0,-52,4.58967051735384,0,0,0.560039978027344,1.63,0,-5399.92822265625
100000000000000000000003,1,922625000,0,-45.5,1.82236917600814,0,0,0.560039978027344,1.63,0,-5399.92822265625
100000000000000000000001,1,922625000,0,-44.5,4.32582582183751,0,0,0.560039978027344,1.63,0,-5399.92822265625
100000000000000000000000,1,922625000,0,-51.5,4.52217536268687,0,0,0.560039978027344,1.63,0,-5399.92822265625
100000000000000000000003,1,922625000,0,-45.5,1.84077694546277,0,0,0.560039978027344,1.63,0,-5399.92822265625
100000000000000000000004,1,922625000,0,-45.5,3.3440781175907,0,0,0.560039978027344,1.63,0,-5399.92822265625
100000000000000000000002,1,922625000,0,-42.5,0.312932080728671,0,0,0.560039978027344,1.63,0,-5399.92822265625
100000000000000000000000,1,922625000,0,-52,4.52217536268687,0,0,0.560039978027344,1.63,0,-5399.92822265625
100000000000000000000002,1,922625000,0,-42.5,0.294524311274043,0,0,0.560039978027344,1.63,0,-5399.92822265625
100000000000000000000001,1,922625000,0,-44.5,4.31968989868597,0,0,0.560039978027344,1.63,0,-5399.92822265625
100000000000000000000004,1,922625000,0,-45.5,3.31339850183298,0,0,0.560039978027344,1.63,0,-5399.92822265625
100000000000000000000003,1,922625000,0,-45.5,1.82850509915968,0,0,0.560039978027344,1.63,0,-5399.92822265625
100000000000000000000002,1,922625000,0,-42.5,0.319068003880213,0,0,0.560039978027344,1.63,0,-5399.92822265625
100000000000000000000003,1,922625000,0,-45.5,1.84077694546277,0,0,0.560039978027344,1.63,0,-5399.92822265625
100000000000000000000000,1,922625000,0,-52,4.55285497844458,0,0,0.560039978027344,1.63,0,-5399.92822265625
100000000000000000000004,1,922625000,0,-46,3.33180627128761,0,0,0.560039978027344,1.63,0,-5399.92822265625
100000000000000000000001,1,922625000,0,-44.5,4.32582582183751,0,0,0.560039978027344,1.63,0,-5399.92822265625
100000000000000000000003,1,922625000,0,-45.5,1.80396140655351,0,0,0.560039978027344,1.63,0,-5399.92822265625
100000000000000000000001,1,922625000,0,-44.5,4.30128212923134,0,0,0.560039978027344,1.63,0,-5399.92822265625
100000000000000000000004,1,922625000,0,-46,3.31953442498453,0,0,0.560039978027344,1.63,0,-5399.92822265625
100000000000000000000000,1,922625000,0,-52,4.5405831321415,0,0,0.560039978027344,1.63,0,-5399.92822265625
100000000000000000000002,1,922625000,0,-42.5,0.306796157577129,0,0,0.560039978027344,1.63,0,-5399.92822265625
100000000000000000000000,1,922625000,0,-52,4.58967051735384,0,0,0.560039978027344,1.63,0,-5399.92822265625
100000000000000000000004,1,922625000,0,-46,3.33180627128761,0,0,0.560039978027344,1.63,0,-5399.92822265625
100000000000000000000003,1,922625000,0,-45.5,1.83464102231123,0,0,0.560039978027344,1.63,0,-5399.92822265625
100000000000000000000001,1,922625000,0,-44.5,4.32582582183751,0,0,0.560039978027344,1.63,0,-5399.92822265625
100000000000000000000002,1,922625000,0,-42.5,0.288388388122501,0,0,0.560039978027344,1.63,0,-5399.92822265625
100000000000000000000000,1,922625000,0,-52,4.52217536268687,0,0,0.560039978027344,1.63,0,-5399.92822265625
100000000000000000000004,1,922625000,0,-46,3.31953442498453,0,0,0.560039978027344,1.63,0,-5399.92822265625
100000000000000000000001,1,922625000,0,-44.5,4.32582582183751,0,0,0.560039978027344,1.63,0,-5399.92822265625
100000000000000000000002,1,922625000,0,-42.5,0.325203927031755,0,0,0.560039978027344,1.63,0,-5399.92822265625
100000000000000000000003,1,922625000,0,-45.5,1.82236917600814,0,0,0.560039978027344,1.63,0,-5399.92822265625
100000000000000000000001,1,922625000,0,-44.5,4.33196174498905,0,0,0.560039978027344,1.63,0,-5399.92822265625
100000000000000000000004,1,922625000,0,-45.5,3.33180627128761,0,0,0.560039978027344,1.63,0,-5399.92822265625
100000000000000000000000,1,922625000,0,-52,4.57126274789921,0,0,0.560039978027344,1.63,0,-5399.92822265625
100000000000000000000003,1,922625000,0,-45.5,1.82850509915968,0,0,0.560039978027344,1.63,0,-5399.92822265625
100000000000000000000002,1,922625000,0,-42.5,0.294524311274043,0,0,0.560039978027344,1.63,0,-5399.92822265625
100000000000000000000002,1,922625000,0,-42.5,0.306796157577129,0,0,0.560039978027344,1.63,0,-5399.92822265625
100000000000000000000003,1,922625000,0,-45.5,1.82850509915968,0,0,0.560039978027344,1.63,0,-5399.92822265625
100000000000000000000004,1,922625000,0,-45.5,3.35021404074224,0,0,0.560039978027344,1.63,0,-5399.92822265625
100000000000000000000001,1,922625000,0,-44.5,4.32582582183751,0,0,0.560039978027344,1.63,0,-5399.92822265625
100000000000000000000000,1,922625000,0,-52,4.53444720898996,0,0,0.560039978027344,1.63,0,-5399.92822265625
100000000000000000000002,1,922625000,0,-42.5,0.325203927031755,0,0,0.560039978027344,1.63,0,-5399.92822265625
100000000000000000000003,1,922625000,0,-45.5,1.80396140655351,0,0,0.560039978027344,1.63,0,-5399.92822265625
100000000000000000000001,1,922625000,0,-44.5,4.31968989868597,0,0,0.560039978027344,1.63,0,-5399.92822265625
100000000000000000000000,1,922625000,0,-52,4.54671905529304,0,0,0.560039978027344,1.63,0,-5399.92822265625
100000000000000000000004,1,922625000,0,-45.5,3.32567034813607,0,0,0.560039978027344,1.63,0,-5399.92822265625
100000000000000000000004,1,922625000,0,-45.5,3.33180627128761,0,0,0.560039978027344,1.63,0,-5399.92822265625
100000000000000000000000,1,922625000,0,-52,4.57739867105075,0,0,0.560039978027344,1.63,0,-5399.92822265625
100000000000000000000003,1,922625000,0,-45.5,1.82236917600814,0,0,0.560039978027344,1.63,0,-5399.92822265625
100000000000000000000002,1,922625000,0,-42.5,0.312932080728671,0,0,0.560039978027344,1.63,0,-5399.92822265625
100000000000000000000001,1,922625000,0,-44.5,4.32582582183751,0,0,0.560039978027344,1.63,0,-5399.92822265625
100000000000000000000003,1,922625000,0,-45.5,1.84691286861431,0,0,0.560039978027344,1.63,0,-5399.92822265625
100000000000000000000001,1,922625000,0,-44.5,4.33809766814059,0,0,0.560039978027344,1.63,0,-5399.92822265625
100000000000000000000000,1,922625000,0,-52,4.55899090159613,0,0,0.560039978027344,1.63,0,-5399.92822265625
100000000000000000000002,1,922625000,0,-42.5,0.300660234425585,0,0,0.560039978027344,1.63,0,-5399.92822265625
100000000000000000000004,1,922625000,0,-45.5,3.31953442498453,0,0,0.560039978027344,1.63,0,-5399.92822265625
100000000000000000000002,1,922625000,0,-42.5,0.300660234425585,0,0,0.560039978027344,1.63,0,-5399.92822265625
100000000000000000000001,1,922625000,0,-44.5,4.31968989868597,0,0,0.560039978027344,1.63,0,-5399.92822265625
100000000000000000000000,1,922625000,0,-52,4.5405831321415,0,0,0.560039978027344,1.63,0,-5399.92822265625
100000000000000000000003,1,922625000,0,-45.5,1.82236917600814,0,0,0.560039978027344,1.63,0,-5399.92822265625
100000000000000000000004,1,922625000,0,-45.5,3.35021404074224,0,0,0.560039978027344,1.63,0,-5399.92822265625
100000000000000000000003,1,922625000,0,-45.5,1.83464102231123,0,0,0.560039978027344,1.63,0,-5399.92822265625
100000000000000000000000,1,922625000,0,-52,4.55285497844458,0,0,0.560039978027344,1.63,0,-5399.92822265625
100000000000000000000004,1,922625000,0,-45.5,3.31953442498453,0,0,0.560039978027344,1.63,0,-5399.92822265625
100000000000000000000002,1,922625000,0,-42.5,0.319068003880213,0,0,0.560039978027344,1.63,0,-5399.92822265625
100000000000000000000001,1,922625000,0,-44.5,4.33196174498905,0,0,0.560039978027344,1.63,0,-5399.92822265625
100000000000000000000000,1,922625000,0,-52,4.55285497844458,0,0,0.560039978027344,1.63,0,-5399.92822265625
100000000000000000000003,1,922625000,0,-45.5,1.84077694546277,0,0,0.560039978027344,1.63,0,-5399.92822265625
100000000000000000000004,1,922625000,0,-45.5,3.33794219443916,0,0,0.560039978027344,1.63,0,-5399.92822265625
100000000000000000000002,1,922625000,0,-42.5,0.319068003880213,0,0,0.560039978027344,1.63,0,-5399.92822265625
100000000000000000000001,1,922625000,0,-44.5,4.31968989868597,0,0,0.560039978027344,1.63,0,-5399.92822265625
100000000000000000000004,1,922625000,0,-46,3.33794219443916,0,0,0.560039978027344,1.63,0,-5399.92822265625
100000000000000000000003,1,922625000,0,-45.5,1.83464102231123,0,0,0.560039978027344,1.63,0,-5399.92822265625
100000000000000000000002,1,922625000,0,-42.5,0.312932080728671,0,0,0.560039978027344,1.63,0,-5399.92822265625
100000000000000000000001,1,922625000,0,-44.5,4.32582582183751,0,0,0.560039978027344,1.63,0,-5399.92822265625
100000000000000000000000,1,922625000,0,-52,4.55899090159613,0,0,0.560039978027344,1.63,0,-5399.92822265625
100000000000000000000004,1,922625000,0,-45.5,3.3440781175907,0,0,0.560039978027344,1.63,0,-5399.92822265625
100000000000000000000000,1,922625000,0,-52,4.54671905529304,0,0,0.560039978027344,1.63,0,-5399.92822265625
100000000000000000000003,1,922625000,0,-45.5,1.84077694546277,0,0,0.560039978027344,1.63,0,-5399.92822265625
100000000000000000000002,1,922625000,0,-42.5,0.294524311274043,0,0,0.560039978027344,1.63,0,-5399.92822265625
100000000000000000000001,1,922625000,0,-44.5,4.33196174498905,0,0,0.560039978027344,1.63,0,-5399.92822265625
100000000000000000000001,1,922625000,0,-44.5,4.31968989868597,0,0,0.560039978027344,1.63,0,-5399.92822265625
100000000000000000000002,1,922625000,0,-42.5,0.300660234425585,0,0,0.560039978027344,1.63,0,-5399.92822265625
100000000000000000000003,1,922625000,0,-45.5,1.82236917600814,0,0,0.560039978027344,1.63,0,-5399.92822265625
100000000000000000000000,1,922625000,0,-52,4.5405831321415,0,0,0.560039978027344,1.63,0,-5399.92822265625
100000000000000000000004,1,922625000,0,-45.5,3.33180627128761,0,0,0.560039978027344,1.63,0,-5399.92822265625
100000000000000000000002,1,922625000,0,-42.5,0.300660234425585,0,0,0.560039978027344,1.63,0,-5399.92822265625
100000000000000000000000,1,922625000,0,-52,4.55899090159613,0,0,0.560039978027344,1.63,0,-5399.92822265625
100000000000000000000003,1,922625000,0,-45.5,1.83464102231123,0,0,0.560039978027344,1.63,0,-5399.92822265625
100000000000000000000004,1,922625000,0,-45.5,3.33180627128761,0,0,0.560039978027344,1.63,0,-5399.92822265625
100000000000000000000001,1,922625000,0,-44.5,4.33809766814059,0,0,0.560039978027344,1.63,0,-5399.92822265625
100000000000000000000001,1,922625000,0,-44.5,4.33196174498905,0,0,0.560039978027344,1.63,0,-5399.92822265625
100000000000000000000004,1,922625000,0,-45.5,3.30726257868144,0,0,0.560039978027344,1.63,0,-5399.92822265625
100000000000000000000002,1,922625000,0,-42.5,0.306796157577129,0,0,0.560039978027344,1.63,0,-5399.92822265625
100000000000000000000003,1,922625000,0,-45.5,1.82850509915968,0,0,0.560039978027344,1.63,0,-5399.92822265625
100000000000000000000000,1,922625000,0,-52,4.57739867105075,0,0,0.560039978027344,1.63,0,-5399.92822265625
100000000000000000000002,1,922625000,0,-42.5,0.294524311274043,0,0,0.560039978027344,1.63,0,-5399.92822265625
100000000000000000000004,1,922625000,0,-45.5,3.32567034813607,0,0,0.560039978027344,1.63,0,-5399.92822265625
100000000000000000000000,1,922625000,0,-52,4.59580644050538,0,0,0.560039978027344,1.63,0,-5399.92822265625
100000000000000000000003,1,922625000,0,-45.5,1.79782548340197,0,0,0.560039978027344,1.63,0,-5399.92822265625
100000000000000000000001,1,922625000,0,-44.5,4.31968989868597,0,0,0.560039978027344,1.63,0,-5399.92822265625
100000000000000000000003,1,922625000,0,-45.5,1.83464102231123,0,0,0.560039978027344,1.63,0,-5399.92822265625
100000000000000000000002,1,922625000,0,-42.5,0.306796157577129,0,0,0.560039978027344,1.63,0,-5399.92822265625
100000000000000000000000,1,922625000,0,-52,4.55899090159613,0,0,0.560039978027344,1.63,0,-5399.92822265625
100000000000000000000001,1,922625000,0,-44.5,4.33196174498905,0,0,0.560039978027344,1.63,0,-5399.92822265625
100000000000000000000004,1,922625000,0,-45.5,3.30726257868144,0,0,0.560039978027344,1.63,0,-5399.92822265625
100000000000000000000000,1,922625000,0,-52,4.53444720898996,0,0,0.560039978027344,1.63,0,-5399.92822265625
100000000000000000000002,1,922625000,0,-42.5,0.288388388122501,0,0,0.560039978027344,1.63,0,-5399.92822265625
100000000000000000000004,1,922625000,0,-45.5,3.33794219443916,0,0,0.560039978027344,1.63,0,-5399.92822265625
100000000000000000000003,1,922625000,0,-45.5,1.79782548340197,0,0,0.560039978027344,1.63,0,-5399.92822265625
100000000000000000000001,1,922625000,0,-44.5,4.32582582183751,0,0,0.560039978027344,1.63,0,-5399.92822265625
100000000000000000000001,1,922625000,0,-44.5,4.31968989868597,0,0,0.560039978027344,1.63,0,-5399.92822265625
100000000000000000000000,1,922625000,0,-52,4.54671905529304,0,0,0.560039978027344,1.63,0,-5399.92822265625
100000000000000000000004,1,922625000,0,-45.5,3.33180627128761,0,0,0.560039978027344,1.63,0,-5399.92822265625
100000000000000000000002,1,922625000,0,-42.5,0.288388388122501,0,0,0.560039978027344,1.63,0,-5399.92822265625
100000000000000000000003,1,922625000,0,-45.5,1.80396140655351,0,0,0.560039978027344,1.63,0,-5399.92822265625
100000000000000000000003,1,922625000,0,-45.5,1.82236917600814,0,0,0.560039978027344,1.63,0,-5399.92822265625
100000000000000000000004,1,922625000,0,-45.5,3.32567034813607,0,0,0.560039978027344,1.63,0,-5399.92822265625
100000000000000000000001,1,922625000,0,-44.5,4.32582582183751,0,0,0.560039978027344,1.63,0,-5399.92822265625
100000000000000000000002,1,922625000,0,-42.5,0.312932080728671,0,0,0.560039978027344,1.63,0,-5399.92822265625
100000000000000000000000,1,922625000,0,-52,4.57126274789921,0,0,0.560039978027344,1.63,0,-5399.92822265625
100000000000000000000003,1,922625000,0,-45.5,1.81009732970506,0,0,0.560039978027344,1.63,0,-5399.92822265625
100000000000000000000001,1,922625000,0,-44.5,4.31968989868597,0,0,0.560039978027344,1.63,0,-5399.92822265625
100000000000000000000002,1,922625000,0,-42.5,0.306796157577129,0,0,0.560039978027344,1.63,0,-5399.92822265625
100000000000000000000004,1,922625000,0,-45.5,3.33180627128761,0,0,0.560039978027344,1.63,0,-5399.92822265625
100000000000000000000000,1,922625000,0,-52,4.55899090159613,0,0,0.560039978027344,1.63,0,-5399.92822265625
100000000000000000000003,1,922625000,0,-45.5,1.82236917600814,0,0,0.560039978027344,1.63,0,-5399.92822265625
100000000000000000000001,1,922625000,0,-44.5,4.31355397553442,0,0,0.560039978027344,1.63,0,-5399.92822265625
100000000000000000000000,1,922625000,0,-52,4.53444720898996,0,0,0.560039978027344,1.63,0,-5399.92822265625
100000000000000000000002,1,922625000,0,-42.5,0.288388388122501,0,0,0.560039978027344,1.63,0,-5399.92822265625
100000000000000000000004,1,922625000,0,-45.5,3.31339850183298,0,0,0.560039978027344,1.63,0,-5399.92822265625
100000000000000000000000,1,922625000,0,-51.5,4.57126274789921,0,0,0.560039978027344,1.63,0,-5399.92822265625
100000000000000000000001,1,922625000,0,-44.5,4.33196174498905,0,0,0.560039978027344,1.63,0,-5399.92822265625
100000000000000000000004,1,922625000,0,-45.5,3.31339850183298,0,0,0.560039978027344,1.63,0,-5399.92822265625
100000000000000000000002,1,922625000,0,-42.5,0.306796157577129,0,0,0.560039978027344,1.63,0,-5399.92822265625
100000000000000000000003,1,922625000,0,-45.5,1.82850509915968,0,0,0.560039978027344,1.63,0,-5399.92822265625
100000000000000000000003,1,922625000,0,-45.5,1.81009732970506,0,0,0.560039978027344,1.63,0,-5399.92822265625
100000000000000000000000,1,922625000,0,-52,4.55899090159613,0,0,0.560039978027344,1.63,0,-5399.92822265625
100000000000000000000002,1,922625000,0,-42.5,0.276116541819415,0,0,0.560039978027344,1.63,0,-5399.92822265625
100000000000000000000001,1,922625000,0,-44.5,4.30741805238288,0,0,0.560039978027344,1.63,0,-5399.92822265625
100000000000000000000004,1,922625000,0,-45.5,3.33794219443916,0,0,0.560039978027344,1.63,0,-5399.92822265625
100000000000000000000003,1,922625000,0,-45.5,1.8162332528566,0,0,0.560039978027344,1.63,0,-5399.92822265625
100000000000000000000002,1,922625000,0,-42.5,0.306796157577129,0,0,0.560039978027344,1.63,0,-5399.92822265625
100000000000000000000000,1,922625000,0,-52,4.55899090159613,0,0,0.560039978027344,1.63,0,-5399.92822265625
100000000000000000000004,1,922625000,0,-45.5,3.33794219443916,0,0,0.560039978027344,1.63,0,-5399.92822265625
100000000000000000000001,1,922625000,0,-44.5,4.33196174498905,0,0,0.560039978027344,1.63,0,-5399.92822265625
100000000000000000000001,1,922625000,0,-44.5,4.31355397553442,0,0,0.560039978027344,1.63,0,-5399.92822265625
100000000000000000000000,1,922625000,0,-52,4.50990351638379,0,0,0.560039978027344,1.63,0,-5399.92822265625
100000000000000000000003,1,922625000,0,-45.5,1.8162332528566,0,0,0.560039978027344,1.63,0,-5399.92822265625
100000000000000000000002,1,922625000,0,-42.5,0.312932080728671,0,0,0.560039978027344,1.63,0,-5399.92822265625
100000000000000000000004,1,922625000,0,-45.5,3.35634996389378,0,0,0.560039978027344,1.63,0,-5399.92822265625
100000000000000000000001,1,922625000,0,-44.5,4.31968989868597,0,0,0.560039978027344,1.63,0,-5399.92822265625
100000000000000000000000,1,922625000,0,-52,4.54671905529304,0,0,0.560039978027344,1.63,0,-5399.92822265625
100000000000000000000004,1,922625000,0,-46,3.31339850183298,0,0,0.560039978027344,1.63,0,-5399.92822265625
100000000000000000000002,1,922625000,0,-42.5,0.306796157577129,0,0,0.560039978027344,1.63,0,-5399.92822265625
100000000000000000000003,1,922625000,0,-45.5,1.8162332528566,0,0,0.560039978027344,1.63,0,-5399.92822265625
100000000000000000000004,1,922625000,0,-46,3.31339850183298,0,0,0.560039978027344,1.63,0,-5399.92822265625
100000000000000000000003,1,922625000,0,-45.5,1.83464102231123,0,0,0.560039978027344,1.63,0,-5399.92822265625
100000000000000000000000,1,922625000,0,-52,4.57739867105075,0,0,0.560039978027344,1.63,0,-5399.92822265625
100000000000000000000002,1,922625000,0,-42.5,0.319068003880213,0,0,0.560039978027344,1.63,0,-5399.92822265625
100000000000000000000001,1,922625000,0,-44.5,4.32582582183751,0,0,0.560039978027344,1.63,0,-5399.92822265625
100000000000000000000003,1,922625000,0,-45.5,1.85304879176585,0,0,0.560039978027344,1.63,0,-5399.92822265625
100000000000000000000004,1,922625000,0,-45.5,3.33794219443916,0,0,0.560039978027344,1.63,0,-5399.92822265625
100000000000000000000002,1,922625000,0,-42.5,0.306796157577129,0,0,0.560039978027344,1.63,0,-5399.92822265625
100000000000000000000001,1,922625000,0,-44.5,4.33196174498905,0,0,0.560039978027344,1.63,0,-5399.92822265625
100000000000000000000000,1,922625000,0,-52,4.5405831321415,0,0,0.560039978027344,1.63,0,-5399.92822265625
100000000000000000000003,1,922625000,0,-45.5,1.8162332528566,0,0,0.560039978027344,1.63,0,-5399.92822265625
100000000000000000000000,1,922625000,0,-51.5,4.55899090159613,0,0,0.560039978027344,1.63,0,-5399.92822265625
100000000000000000000002,1,922625000,0,-42.5,0.319068003880213,0,0,0.560039978027344,1.63,0,-5399.92822265625
100000000000000000000004,1,922625000,0,-45.5,3.3440781175907,0,0,0.560039978027344,1.63,0,-5399.92822265625
100000000000000000000001,1,922625000,0,-44.5,4.33196174498905,0,0,0.560039978027344,1.63,0,-5399.92822265625
100000000000000000000001,1,922625000,0,-44.5,4.31968989868597,0,0,0.560039978027344,1.63,0,-5399.92822265625
100000000000000000000003,1,922625000,0,-45.5,1.83464102231123,0,0,0.560039978027344,1.63,0,-5399.92822265625
100000000000000000000002,1,922625000,0,-42.5,0.294524311274043,0,0,0.560039978027344,1.63,0,-5399.92822265625
100000000000000000000000,1,922625000,0,-52,4.55285497844458,0,0,0.560039978027344,1.63,0,-5399.92822265625
100000000000000000000004,1,922625000,0,-46,3.33180627128761,0,0,0.560039978027344,1.63,0,-5399.92822265625
100000000000000000000003,1,922625000,0,-45.5,1.82236917600814,0,0,0.560039978027344,1.63,0,-5399.92822265625
100000000000000000000002,1,922625000,0,-42.5,0.288388388122501,0,0,0.560039978027344,1.63,0,-5399.92822265625
100000000000000000000004,1,922625000,0,-45.5,3.3440781175907,0,0,0.560039978027344,1.63,0,-5399.92822265625
100000000000000000000000,1,922625000,0,-52,4.5405831321415,0,0,0.560039978027344,1.63,0,-5399.92822265625
100000000000000000000001,1,922625000,0,-44.5,4.31968989868597,0,0,0.560039978027344,1.63,0,-5399.92822265625
100000000000000000000004,1,922625000,0,-46,3.32567034813607,0,0,0.560039978027344,1.63,0,-5399.92822265625
100000000000000000000001,1,922625000,0,-44.5,4.32582582183751,0,0,0.560039978027344,1.63,0,-5399.92822265625
100000000000000000000002,1,922625000,0,-42.5,0.306796157577129,0,0,0.560039978027344,1.63,0,-5399.92822265625
100000000000000000000000,1,922625000,0,-52,4.56512682474767,0,0,0.560039978027344,1.63,0,-5399.92822265625
100000000000000000000003,1,922625000,0,-45.5,1.84077694546277,0,0,0.560039978027344,1.63,0,-5399.92822265625
100000000000000000000000,1,922625000,0,-52,4.5405831321415,0,0,0.560039978027344,1.63,0,-5399.92822265625
100000000000000000000002,1,922625000,0,-42.5,0.300660234425585,0,0,0.560039978027344,1.63,0,-5399.92822265625
100000000000000000000004,1,922625000,0,-46,3.32567034813607,0,0,0.560039978027344,1.63,0,-5399.92822265625
100000000000000000000003,1,922625000,0,-45.5,1.84077694546277,0,0,0.560039978027344,1.63,0,-5399.92822265625
100000000000000000000001,1,922625000,0,-44.5,4.31355397553442,0,0,0.560039978027344,1.63,0,-5399.92822265625
100000000000000000000003,1,922625000,0,-45.5,1.81009732970506,0,0,0.560039978027344,1.63,0,-5399.92822265625
100000000000000000000004,1,922625000,0,-45.5,3.31339850183298,0,0,0.560039978027344,1.63,0,-5399.92822265625
100000000000000000000001,1,922625000,0,-44.5,4.32582582183751,0,0,0.560039978027344,1.63,0,-5399.92822265625
100000000000000000000000,1,922625000,0,-52,4.53444720898996,0,0,0.560039978027344,1.63,0,-5399.92822265625
100000000000000000000002,1,922625000,0,-42.5,0.306796157577129,0,0,0.560039978027344,1.63,0,-5399.92822265625
100000000000000000000003,1,922625000,0,-45.5,1.8162332528566,0,0,0.560039978027344,1.63,0,-5399.92822265625
100000000000000000000002,1,922625000,0,-42.5,0.325203927031755,0,0,0.560039978027344,1.63,0,-5399.92822265625
100000000000000000000000,1,922625000,0,-52,4.56512682474767,0,0,0.560039978027344,1.63,0,-5399.92822265625
100000000000000000000001,1,922625000,0,-44.5,4.33196174498905,0,0,0.560039978027344,1.63,0,-5399.92822265625
100000000000000000000004,1,922625000,0,-45.5,3.31953442498453,0,0,0.560039978027344,1.63,0,-5399.92822265625
100000000000000000000001,1,922625000,0,-44.5,4.32582582183751,0,0,0.560039978027344,1.63,0,-5399.92822265625
100000000000000000000000,1,922625000,0,-52,4.55285497844458,0,0,0.560039978027344,1.63,0,-5399.92822265625
100000000000000000000002,1,922625000,0,-42.5,0.319068003880213,0,0,0.560039978027344,1.63,0,-5399.92822265625
100000000000000000000003,1,922625000,0,-45.5,1.82850509915968,0,0,0.560039978027344,1.63,0,-5399.92822265625
100000000000000000000004,1,922625000,0,-46,3.32567034813607,0,0,0.560039978027344,1.63,0,-5399.92822265625
100000000000000000000003,1,922625000,0,-45.5,1.83464102231123,0,0,0.560039978027344,1.63,0,-5399.92822265625
100000000000000000000000,1,922625000,0,-52,4.54671905529304,0,0,0.560039978027344,1.63,0,-5399.92822265625
100000000000000000000002,1,922625000,0,-42.5,0.312932080728671,0,0,0.560039978027344,1.63,0,-5399.92822265625
100000000000000000000001,1,922625000,0,-44.5,4.32582582183751,0,0,0.560039978027344,1.63,0,-5399.92822265625
100000000000000000000004,1,922625000,0,-46,3.31339850183298,0,0,0.560039978027344,1.63,0,-5399.92822265625
100000000000000000000004,1,922625000,0,-46,3.31339850183298,0,0,0.560039978027344,1.63,0,-5399.92822265625
100000000000000000000002,1,922625000,0,-42.5,0.294524311274043,0,0,0.560039978027344,1.63,0,-5399.92822265625
100000000000000000000001,1,922625000,0,-44.5,4.32582582183751,0,0,0.560039978027344,1.63,0,-5399.92822265625
100000000000000000000003,1,922625000,0,-45.5,1.82236917600814,0,0,0.560039978027344,1.63,0,-5399.92822265625
100000000000000000000000,1,922625000,0,-52,4.57739867105075,0,0,0.560039978027344,1.63,0,-5399.92822265625
100000000000000000000004,1,922625000,0,-45.5,3.33794219443916,0,0,0.560039978027344,1.63,0,-5399.92822265625
100000000000000000000003,1,922625000,0,-45.5,1.8162332528566,0,0,0.560039978027344,1.63,0,-5399.92822265625
100000000000000000000002,1,922625000,0,-42.5,0.294524311274043,0,0,0.560039978027344,1.63,0,-5399.92822265625
100000000000000000000000,1,922625000,0,-52,4.55285497844458,0,0,0.560039978027344,1.63,0,-5399.92822265625
100000000000000000000001,1,922625000,0,-44.5,4.32582582183751,0,0,0.560039978027344,1.63,0,-5399.92822265625
100000000000000000000000,1,922625000,0,-52,4.57126274789921,0,0,0.560039978027344,1.63,0,-5399.92822265625
100000000000000000000004,1,922625000,0,-46,3.33180627128761,0,0,0.560039978027344,1.63,0,-5399.92822265625
100000000000000000000002,1,922625000,0,-42.5,0.331339850183299,0,0,0.560039978027344,1.63,0,-5399.92822265625
100000000000000000000001,1,922625000,0,-44.5,4.31968989868597,0,0,0.560039978027344,1.63,0,-5399.92822265625
100000000000000000000003,1,922625000,0,-45.5,1.81009732970506,0,0,0.560039978027344,1.63,0,-5399.92822265625
100000000000000000000003,1,922625000,0,-45.5,1.82236917600814,0,0,0.560039978027344,1.63,0,-5399.92822265625
100000000000000000000001,1,922625000,0,-44.5,4.31968989868597,0,0,0.560039978027344,1.63,0,-5399.92822265625
100000000000000000000002,1,922625000,0,-42.5,0.288388388122501,0,0,0.560039978027344,1.63,0,-5399.92822265625
100000000000000000000004,1,922625000,0,-45.5,3.33794219443916,0,0,0.560039978027344,1.63,0,-5399.92822265625
100000000000000000000000,1,922625000,0,-52,4.55285497844458,0,0,0.560039978027344,1.63,0,-5399.92822265625
100000000000000000000003,1,922625000,0,-45.5,1.82850509915968,0,0,0.560039978027344,1.63,0,-5399.92822265625
100000000000000000000000,1,922625000,0,-52,4.59580644050538,0,0,0.560039978027344,1.63,0,-5399.92822265625
100000000000000000000001,1,922625000,0,-44.5,4.32582582183751,0,0,0.560039978027344,1.63,0,-5399.92822265625
100000000000000000000004,1,922625000,0,-46,3.31953442498453,0,0,0.560039978027344,1.63,0,-5399.92822265625
100000000000000000000002,1,922625000,0,-42.5,0.306796157577129,0,0,0.560039978027344,1.63,0,-5399.92822265625
100000000000000000000003,1,922625000,0,-45.5,1.8162332528566,0,0,0.560039978027344,1.63,0,-5399.92822265625
100000000000000000000004,1,922625000,0,-45.5,3.33180627128761,0,0,0.560039978027344,1.63,0,-5399.92822265625
100000000000000000000000,1,922625000,0,-52,4.54671905529304,0,0,0.560039978027344,1.63,0,-5399.92822265625
100000000000000000000002,1,922625000,0,-42.5,0.300660234425585,0,0,0.560039978027344,1.63,0,-5399.92822265625
100000000000000000000001,1,922625000,0,-44.5,4.33196174498905,0,0,0.560039978027344,1.63,0,-5399.92822265625
100000000000000000000000,1,922625000,0,-51.5,4.5835345942023,0,0,0.560039978027344,1.63,0,-5399.92822265625
100000000000000000000001,1,922625000,0,-44.5,4.30128212923134,0,0,0.560039978027344,1.63,0,-5399.92822265625
100000000000000000000004,1,922625000,0,-45.5,3.32567034813607,0,0,0.560039978027344,1.63,0,-5399.92822265625
100000000000000000000002,1,922625000,0,-42.5,0.312932080728671,0,0,0.560039978027344,1.63,0,-5399.92822265625
100000000000000000000003,1,922625000,0,-45.5,1.8162332528566,0,0,0.560039978027344,1.63,0,-5399.92822265625
100000000000000000000000,1,922625000,0,-52,4.53444720898996,0,0,0.560039978027344,1.63,0,-5399.92822265625
100000000000000000000001,1,922625000,0,-44.5,4.31968989868597,0,0,0.560039978027344,1.63,0,-5399.92822265625
100000000000000000000002,1,922625000,0,-42.5,0.312932080728671,0,0,0.560039978027344,1.63,0,-5399.92822265625
100000000000000000000003,1,922625000,0,-45.5,1.84077694546277,0,0,0.560039978027344,1.63,0,-5399.92822265625
100000000000000000000004,1,922625000,0,-46,3.33180627128761,0,0,0.560039978027344,1.63,0,-5399.92822265625
100000000000000000000004,1,922625000,0,-45.5,3.33794219443916,0,0,0.560039978027344,1.63,0,-5399.92822265625
100000000000000000000001,1,922625000,0,-44.5,4.31968989868597,0,0,0.560039978027344,1.63,0,-5399.92822265625
100000000000000000000003,1,922625000,0,-45.5,1.82850509915968,0,0,0.560039978027344,1.63,0,-5399.92822265625
100000000000000000000002,1,922625000,0,-42.5,0.282252464970958,0,0,0.560039978027344,1.63,0,-5399.92822265625
100000000000000000000000,1,922625000,0,-52,4.56512682474767,0,0,0.560039978027344,1.63,0,-5399.92822265625
100000000000000000000000,1,922625000,0,-51.5,4.51603943953533,0,0,0.560039978027344,1.63,0,-5399.92822265625
100000000000000000000003,1,922625000,0,-45.5,1.82850509915968,0,0,0.560039978027344,1.63,0,-5399.92822265625
100000000000000000000001,1,922625000,0,-44.5,4.31968989868597,0,0,0.560039978027344,1.63,0,-5399.92822265625
100000000000000000000004,1,922625000,0,-46,3.30726257868144,0,0,0.560039978027344,1.63,0,-5399.92822265625
100000000000000000000002,1,922625000,0,-42.5,0.294524311274043,0,0,0.560039978027344,1.63,0,-5399.92822265625
100000000000000000000000,1,922625000,0,-52,4.53444720898996,0,0,0.560039978027344,1.63,0,-5399.92822265625
100000000000000000000004,1,922625000,0,-45.5,3.33794219443916,0,0,0.560039978027344,1.63,0,-5399.92822265625
100000000000000000000001,1,922625000,0,-44.5,4.33196174498905,0,0,0.560039978027344,1.63,0,-5399.92822265625
100000000000000000000002,1,922625000,0,-42.5,0.294524311274043,0,0,0.560039978027344,1.63,0,-5399.92822265625
100000000000000000000003,1,922625000,0,-45.5,1.82236917600814,0,0,0.560039978027344,1.63,0,-5399.92822265625
100000000000000000000002,1,922625000,0,-42.5,0.319068003880213,0,0,0.560039978027344,1.63,0,-5399.92822265625
100000000000000000000003,1,922625000,0,-45.5,1.83464102231123,0,0,0.560039978027344,1.63,0,-5399.92822265625
100000000000000000000000,1,922625000,0,-52,4.5405831321415,0,0,0.560039978027344,1.63,0,-5399.92822265625
100000000000000000000004,1,922625000,0,-45.5,3.31953442498453,0,0,0.560039978027344,1.63,0,-5399.92822265625
100000000000000000000001,1,922625000,0,-44.5,4.31968989868597,0,0,0.560039978027344,1.63,0,-5399.92822265625
100000000000000000000004,1,922625000,0,-45.5,3.32567034813607,0,0,0.560039978027344,1.63,0,-5399.92822265625
100000000000000000000001,1,922625000,0,-44.5,4.31968989868597,0,0,0.560039978027344,1.63,0,-5399.92822265625
100000000000000000000003,1,922625000,0,-45.5,1.83464102231123,0,0,0.560039978027344,1.63,0,-5399.92822265625
100000000000000000000002,1,922625000,0,-42.5,0.319068003880213,0,0,0.560039978027344,1.63,0,-5399.92822265625
100000000000000000000000,1,922625000,0,-52,4.56512682474767,0,0,0.560039978027344,1.63,0,-5399.92822265625
100000000000000000000002,1,922625000,0,-42.5,0.300660234425585,0,0,0.560039978027344,1.63,0,-5399.92822265625
100000000000000000000003,1,922625000,0,-45.5,1.81009732970506,0,0,0.560039978027344,1.63,0,-5399.92822265625
100000000000000000000001,1,922625000,0,-44.5,4.32582582183751,0,0,0.560039978027344,1.63,0,-5399.92822265625
100000000000000000000000,1,922625000,0,-52,4.55899090159613,0,0,0.560039978027344,1.63,0,-5399.92822265625
100000000000000000000004,1,922625000,0,-45.5,3.30726257868144,0,0,0.560039978027344,1.63,0,-5399.92822265625
100000000000000000000001,1,922625000,0,-44.5,4.31968989868597,0,0,0.560039978027344,1.63,0,-5399.92822265625
100000000000000000000003,1,922625000,0,-45.5,1.82850509915968,0,0,0.560039978027344,1.63,0,-5399.92822265625
100000000000000000000002,1,922625000,0,-42.5,0.300660234425585,0,0,0.560039978027344,1.63,0,-5399.92822265625
100000000000000000000004,1,922625000,0,-45.5,3.33180627128761,0,0,0.560039978027344,1.63,0,-5399.92822265625
100000000000000000000000,1,922625000,0,-52,4.53444720898996,0,0,0.560039978027344,1.63,0,-5399.92822265625
100000000000000000000004,1,922625000,0,-45.5,3.33180627128761,0,0,0.560039978027344,1.63,0,-5399.92822265625
100000000000000000000001,1,922625000,0,-44.5,4.33196174498905,0,0,0.560039978027344,1.63,0,-5399.92822265625
100000000000000000000003,1,922625000,0,-45.5,1.81009732970506,0,0,0.560039978027344,1.63,0,-5399.92822265625
100000000000000000000002,1,922625000,0,-42.5,0.325203927031755,0,0,0.560039978027344,1.63,0,-5399.92822265625
100000000000000000000000,1,922625000,0,-52,4.5405831321415,0,0,0.560039978027344,1.63,0,-5399.92822265625
100000000000000000000000,1,922625000,0,-52,4.55285497844458,0,0,0.560039978027344,1.63,0,-5399.92822265625
100000000000000000000002,1,922625000,0,-42.5,0.288388388122501,0,0,0.560039978027344,1.63,0,-5399.92822265625
100000000000000000000004,1,922625000,0,-45.5,3.33180627128761,0,0,0.560039978027344,1.63,0,-5399.92822265625
100000000000000000000003,1,922625000,0,-45.5,1.82850509915968,0,0,0.560039978027344,1.63,0,-5399.92822265625
100000000000000000000001,1,922625000,0,-44.5,4.33196174498905,0,0,0.560039978027344,1.63,0,-5399.92822265625
100000000000000000000000,1,922625000,0,-52,4.59580644050538,0,0,0.560039978027344,1.63,0,-5399.92822265625
100000000000000000000001,1,922625000,0,-44.5,4.32582582183751,0,0,0.560039978027344,1.63,0,-5399.92822265625
100000000000000000000003,1,922625000,0,-45.5,1.82236917600814,0,0,0.560039978027344,1.63,0,-5399.92822265625
100000000000000000000004,1,922625000,0,-46,3.33180627128761,0,0,0.560039978027344,1.63,0,-5399.92822265625
100000000000000000000002,1,922625000,0,-42.5,0.300660234425585,0,0,0.560039978027344,1.63,0,-5399.92822265625
100000000000000000000004,1,922625000,0,-46,3.31339850183298,0,0,0.560039978027344,1.63,0,-5399.92822265625
100000000000000000000002,1,922625000,0,-42.5,0.325203927031755,0,0,0.560039978027344,1.63,0,-5399.92822265625
100000000000000000000000,1,922625000,0,-52,4.54671905529304,0,0,0.560039978027344,1.63,0,-5399.92822265625
100000000000000000000001,1,922625000,0,-44.5,4.31355397553442,0,0,0.560039978027344,1.63,0,-5399.92822265625
100000000000000000000003,1,922625000,0,-45.5,1.84077694546277,0,0,0.560039978027344,1.63,0,-5399.92822265625
100000000000000000000001,1,922625000,0,-44.5,4.33196174498905,0,0,0.560039978027344,1.63,0,-5399.92822265625
100000000000000000000003,1,922625000,0,-45.5,1.82236917600814,0,0,0.560039978027344,1.63,0,-5399.92822265625
100000000000000000000002,1,922625000,0,-42.5,0.282252464970958,0,0,0.560039978027344,1.63,0,-5399.92822265625
100000000000000000000000,1,922625000,0,-52,4.48535982377761,0,0,0.560039978027344,1.63,0,-5399.92822265625
100000000000000000000004,1,922625000,0,-45.5,3.3440781175907,0,0,0.560039978027344,1.63,0,-5399.92822265625
100000000000000000000002,1,922625000,0,-42.5,0.294524311274043,0,0,0.560039978027344,1.63,0,-5399.92822265625
100000000000000000000000,1,922625000,0,-52,4.54671905529304,0,0,0.560039978027344,1.63,0,-5399.92822265625
100000000000000000000004,1,922625000,0,-45.5,3.3440781175907,0,0,0.560039978027344,1.63,0,-5399.92822265625
100000000000000000000001,1,922625000,0,-44.5,4.32582582183751,0,0,0.560039978027344,1.63,0,-5399.92822265625
100000000000000000000003,1,922625000,0,-45.5,1.81009732970506,0,0,0.560039978027344,1.63,0,-5399.92822265625
100000000000000000000002,1,922625000,0,-42.5,0.312932080728671,0,0,0.560039978027344,1.63,0,-5399.92822265625
100000000000000000000003,1,922625000,0,-45.5,1.82236917600814,0,0,0.560039978027344,1.63,0,-5399.92822265625
100000000000000000000000,1,922625000,0,-52,4.57739867105075,0,0,0.560039978027344,1.63,0,-5399.92822265625
100000000000000000000001,1,922625000,0,-44.5,4.33196174498905,0,0,0.560039978027344,1.63,0,-5399.92822265625
100000000000000000000004,1,922625000,0,-46,3.33794219443916,0,0,0.560039978027344,1.63,0,-5399.92822265625
100000000000000000000001,1,922625000,0,-44.5,4.31968989868597,0,0,0.560039978027344,1.63,0,-5399.92822265625
100000000000000000000004,1,922625000,0,-45.5,3.33794219443916,0,0,0.560039978027344,1.63,0,-5399.92822265625
100000000000000000000003,1,922625000,0,-45.5,1.82236917600814,0,0,0.560039978027344,1.63,0,-5399.92822265625
100000000000000000000000,1,922625000,0,-52,4.57126274789921,0,0,0.560039978027344,1.63,0,-5399.92822265625
100000000000000000000002,1,922625000,0,-42.5,0.288388388122501,0,0,0.560039978027344,1.63,0,-5399.92822265625
100000000000000000000000,1,922625000,0,-52,4.58967051735384,0,0,0.560039978027344,1.63,0,-5399.92822265625
100000000000000000000003,1,922625000,0,-45.5,1.8162332528566,0,0,0.560039978027344,1.63,0,-5399.92822265625
100000000000000000000002,1,922625000,0,-42.5,0.294524311274043,0,0,0.560039978027344,1.63,0,-5399.92822265625
100000000000000000000001,1,922625000,0,-44.5,4.33809766814059,0,0,0.560039978027344,1.63,0,-5399.92822265625
100000000000000000000004,1,922625000,0,-46,3.29499073237836,0,0,0.560039978027344,1.63,0,-5399.92822265625
100000000000000000000001,1,922625000,0,-44.5,4.33809766814059,0,0,0.560039978027344,1.63,0,-5399.92822265625
100000000000000000000003,1,922625000,0,-45.5,1.83464102231123,0,0,0.560039978027344,1.63,0,-5399.92822265625
100000000000000000000004,1,922625000,0,-46,3.3440781175907,0,0,0.560039978027344,1.63,0,-5399.92822265625
100000000000000000000002,1,922625000,0,-42.5,0.282252464970958,0,0,0.560039978027344,1.63,0,-5399.92822265625
100000000000000000000000,1,922625000,0,-52,4.5835345942023,0,0,0.560039978027344,1.63,0,-5399.92822265625
100000000000000000000002,1,922625000,0,-42.5,0.312932080728671,0,0,0.560039978027344,1.63,0,-5399.92822265625
100000000000000000000000,1,922625000,0,-52,4.52831128583841,0,0,0.560039978027344,1.63,0,-5399.92822265625
100000000000000000000004,1,922625000,0,-46,3.3440781175907,0,0,0.560039978027344,1.63,0,-5399.92822265625
100000000000000000000001,1,922625000,0,-44.5,4.33196174498905,0,0,0.560039978027344,1.63,0,-5399.92822265625
100000000000000000000003,1,922625000,0,-45.5,1.80396140655351,0,0,0.560039978027344,1.63,0,-5399.92822265625
100000000000000000000000,1,922625000,0,-52,4.54671905529304,0,0,0.560039978027344,1.63,0,-5399.92822265625
100000000000000000000001,1,922625000,0,-44.5,4.31968989868597,0,0,0.560039978027344,1.63,0,-5399.92822265625
100000000000000000000003,1,922625000,0,-45.5,1.8591847149174,0,0,0.560039978027344,1.63,0,-5399.92822265625
100000000000000000000004,1,922625000,0,-45.5,3.35021404074224,0,0,0.560039978027344,1.63,0,-5399.92822265625
100000000000000000000002,1,922625000,0,-42.5,0.294524311274043,0,0,0.560039978027344,1.63,0,-5399.92822265625
100000000000000000000003,1,922625000,0,-45.5,1.8162332528566,0,0,0.560039978027344,1.63,0,-5399.92822265625
100000000000000000000001,1,922625000,0,-44.5,4.33809766814059,0,0,0.560039978027344,1.63,0,-5399.92822265625
100000000000000000000004,1,922625000,0,-45.5,3.35634996389378,0,0,0.560039978027344,1.63,0,-5399.92822265625
100000000000000000000000,1,922625000,0,-52,4.55899090159613,0,0,0.560039978027344,1.63,0,-5399.92822265625
100000000000000000000002,1,922625000,0,-42.5,0.300660234425585,0,0,0.560039978027344,1.63,0,-5399.92822265625
100000000000000000000001,1,922625000,0,-44.5,4.32582582183751,0,0,0.560039978027344,1.63,0,-5399.92822265625
100000000000000000000002,1,922625000,0,-42.5,0.294524311274043,0,0,0.560039978027344,1.63,0,-5399.92822265625
100000000000000000000003,1,922625000,0,-45.5,1.82236917600814,0,0,0.560039978027344,1.63,0,-5399.92822265625
100000000000000000000000,1,922625000,0,-52,4.57739867105075,0,0,0.560039978027344,1.63,0,-5399.92822265625
100000000000000000000004,1,922625000,0,-45.5,3.30726257868144,0,0,0.560039978027344,1.63,0,-5399.92822265625
100000000000000000000002,1,922625000,0,-42.5,0.306796157577129,0,0,0.560039978027344,1.63,0,-5399.92822265625
100000000000000000000000,1,922625000,0,-52,4.5835345942023,0,0,0.560039978027344,1.63,0,-5399.92822265625
100000000000000000000004,1,922625000,0,-45.5,3.35021404074224,0,0,0.560039978027344,1.63,0,-5399.92822265625
100000000000000000000001,1,922625000,0,-44.5,4.33196174498905,0,0,0.560039978027344,1.63,0,-5399.92822265625
100000000000000000000003,1,922625000,0,-45.5,1.82850509915968,0,0,0.560039978027344,1.63,0,-5399.92822265625
100000000000000000000002,1,922625000,0,-42.5,0.306796157577129,0,0,0.560039978027344,1.63,0,-5399.92822265625
100000000000000000000004,1,922625000,0,-46,3.28885480922681,0,0,0.560039978027344,1.63,0,-5399.92822265625
100000000000000000000001,1,922625000,0,-44.5,4.32582582183751,0,0,0.560039978027344,1.63,0,-5399.92822265625
100000000000000000000003,1,922625000,0,-45.5,1.82850509915968,0,0,0.560039978027344,1.63,0,-5399.92822265625
100000000000000000000000,1,922625000,0,-52,4.54671905529304,0,0,0.560039978027344,1.63,0,-5399.92822265625
100000000000000000000000,1,922625000,0,-52,4.5405831321415,0,0,0.560039978027344,1.63,0,-5399.92822265625
100000000000000000000004,1,922625000,0,-45.5,3.32567034813607,0,0,0.560039978027344,1.63,0,-5399.92822265625
100000000000000000000001,1,922625000,0,-44.5,4.31968989868597,0,0,0.560039978027344,1.63,0,-5399.92822265625
100000000000000000000002,1,922625000,0,-42.5,0.306796157577129,0,0,0.560039978027344,1.63,0,-5399.92822265625
100000000000000000000003,1,922625000,0,-45.5,1.83464102231123,0,0,0.560039978027344,1.63,0,-5399.92822265625
100000000000000000000003,1,922625000,0,-45.5,1.79168956025043,0,0,0.560039978027344,1.63,0,-5399.92822265625
100000000000000000000004,1,922625000,0,-45.5,3.33794219443916,0,0,0.560039978027344,1.63,0,-5399.92822265625
100000000000000000000001,1,922625000,0,-44.5,4.33809766814059,0,0,0.560039978027344,1.63,0,-5399.92822265625
100000000000000000000000,1,922625000,0,-52,4.57739867105075,0,0,0.560039978027344,1.63,0,-5399.92822265625
100000000000000000000002,1,922625000,0,-42.5,0.312932080728671,0,0,0.560039978027344,1.63,0,-5399.92822265625
100000000000000000000001,1,922625000,0,-44.5,4.33196174498905,0,0,0.560039978027344,1.63,0,-5399.92822265625
100000000000000000000000,1,922625000,0,-52,4.57739867105075,0,0,0.560039978027344,1.63,0,-5399.92822265625
100000000000000000000003,1,922625000,0,-45.5,1.84691286861431,0,0,0.560039978027344,1.63,0,-5399.92822265625
100000000000000000000002,1,922625000,0,-42.5,0.300660234425585,0,0,0.560039978027344,1.63,0,-5399.92822265625
100000000000000000000004,1,922625000,0,-45.5,3.31953442498453,0,0,0.560039978027344,1.63,0,-5399.92822265625
100000000000000000000003,1,922625000,0,-45.5,1.79782548340197,0,0,0.560039978027344,1.63,0,-5399.92822265625
100000000000000000000001,1,922625000,0,-44.5,4.31355397553442,0,0,0.560039978027344,1.63,0,-5399.92822265625
100000000000000000000004,1,922625000,0,-46,3.32567034813607,0,0,0.560039978027344,1.63,0,-5399.92822265625
100000000000000000000002,1,922625000,0,-42.5,0.282252464970958,0,0,0.560039978027344,1.63,0,-5399.92822265625
100000000000000000000000,1,922625000,0,-52,4.52831128583841,0,0,0.560039978027344,1.63,0,-5399.92822265625
100000000000000000000001,1,922625000,0,-44.5,4.33196174498905,0,0,0.560039978027344,1.63,0,-5399.92822265625
100000000000000000000002,1,922625000,0,-42.5,0.282252464970958,0,0,0.560039978027344,1.63,0,-5399.92822265625
100000000000000000000004,1,922625000,0,-46,3.31953442498453,0,0,0.560039978027344,1.63,0,-5399.92822265625
100000000000000000000003,1,922625000,0,-45.5,1.83464102231123,0,0,0.560039978027344,1.63,0,-5399.92822265625
100000000000000000000000,1,922625000,0,-52,4.52217536268687,0,0,0.560039978027344,1.63,0,-5399.92822265625
100000000000000000000003,1,922625000,0,-45.5,1.82236917600814,0,0,0.560039978027344,1.63,0,-5399.92822265625
100000000000000000000000,1,922625000,0,-52,4.56512682474767,0,0,0.560039978027344,1.63,0,-5399.92822265625
100000000000000000000004,1,922625000,0,-45.5,3.33794219443916,0,0,0.560039978027344,1.63,0,-5399.92822265625
100000000000000000000002,1,922625000,0,-42.5,0.300660234425585,0,0,0.560039978027344,1.63,0,-5399.92822265625
100000000000000000000001,1,922625000,0,-44.5,4.31355397553442,0,0,0.560039978027344,1.63,0,-5399.92822265625
100000000000000000000003,1,922625000,0,-45.5,1.82850509915968,0,0,0.560039978027344,1.63,0,-5399.92822265625
100000000000000000000001,1,922625000,0,-44.5,4.31355397553442,0,0,0.560039978027344,1.63,0,-5399.92822265625
100000000000000000000004,1,922625000,0,-45.5,3.33180627128761,0,0,0.560039978027344,1.63,0,-5399.92822265625
100000000000000000000000,1,922625000,0,-52,4.53444720898996,0,0,0.560039978027344,1.63,0,-5399.92822265625
100000000000000000000002,1,922625000,0,-42.5,0.306796157577129,0,0,0.560039978027344,1.63,0,-5399.92822265625
100000000000000000000003,1,922625000,0,-45.5,1.83464102231123,0,0,0.560039978027344,1.63,0,-5399.92822265625
100000000000000000000001,1,922625000,0,-44.5,4.31355397553442,0,0,0.560039978027344,1.63,0,-5399.92822265625
100000000000000000000000,1,922625000,0,-52,4.57739867105075,0,0,0.560039978027344,1.63,0,-5399.92822265625
100000000000000000000002,1,922625000,0,-42.5,0.331339850183299,0,0,0.560039978027344,1.63,0,-5399.92822265625
100000000000000000000004,1,922625000,0,-45.5,3.32567034813607,0,0,0.560039978027344,1.63,0,-5399.92822265625
100000000000000000000004,1,922625000,0,-45.5,3.32567034813607,0,0,0.560039978027344,1.63,0,-5399.92822265625
100000000000000000000000,1,922625000,0,-52,4.52831128583841,0,0,0.560039978027344,1.63,0,-5399.92822265625
100000000000000000000002,1,922625000,0,-42.5,0.306796157577129,0,0,0.560039978027344,1.63,0,-5399.92822265625
100000000000000000000001,1,922625000,0,-44.5,4.31355397553442,0,0,0.560039978027344,1.63,0,-5399.92822265625
100000000000000000000003,1,922625000,0,-45.5,1.82236917600814,0,0,0.560039978027344,1.63,0,-5399.92822265625
100000000000000000000002,1,922625000,0,-42.5,0.331339850183299,0,0,0.560039978027344,1.63,0,-5399.92822265625
100000000000000000000001,1,922625000,0,-44.5,4.31968989868597,0,0,0.560039978027344,1.63,0,-5399.92822265625
100000000000000000000003,1,922625000,0,-45.5,1.83464102231123,0,0,0.560039978027344,1.63,0,-5399.92822265625
100000000000000000000000,1,922625000,0,-52,4.60807828680847,0,0,0.560039978027344,1.63,0,-5399.92822265625
100000000000000000000004,1,922625000,0,-45.5,3.33180627128761,0,0,0.560039978027344,1.63,0,-5399.92822265625
100000000000000000000002,1,922625000,0,-42.5,0.294524311274043,0,0,0.560039978027344,1.63,0,-5399.92822265625
100000000000000000000003,1,922625000,0,-45.5,1.81009732970506,0,0,0.560039978027344,1.63,0,-5399.92822265625
100000000000000000000001,1,922625000,0,-44.5,4.31355397553442,0,0,0.560039978027344,1.63,0,-5399.92822265625
100000000000000000000000,1,922625000,0,-52,4.55285497844458,0,0,0.560039978027344,1.63,0,-5399.92822265625
100000000000000000000004,1,922625000,0,-46,3.33180627128761,0,0,0.560039978027344,1.63,0,-5399.92822265625
100000000000000000000002,1,922625000,0,-42.5,0.288388388122501,0,0,0.560039978027344,1.63,0,-5399.92822265625
100000000000000000000003,1,922625000,0,-45.5,1.8162332528566,0,0,0.560039978027344,1.63,0,-5399.92822265625
100000000000000000000001,1,922625000,0,-44.5,4.32582582183751,0,0,0.560039978027344,1.63,0,-5399.92822265625
100000000000000000000000,1,922625000,0,-52,4.54671905529304,0,0,0.560039978027344,1.63,0,-5399.92822265625
100000000000000000000004,1,922625000,0,-45.5,3.31953442498453,0,0,0.560039978027344,1.63,0,-5399.92822265625
100000000000000000000004,1,922625000,0,-45.5,3.32567034813607,0,0,0.560039978027344,1.63,0,-5399.92822265625
100000000000000000000003,1,922625000,0,-45.5,1.82850509915968,0,0,0.560039978027344,1.63,0,-5399.92822265625
100000000000000000000000,1,922625000,0,-52,4.55285497844458,0,0,0.560039978027344,1.63,0,-5399.92822265625
100000000000000000000002,1,922625000,0,-42.5,0.294524311274043,0,0,0.560039978027344,1.63,0,-5399.92822265625
100000000000000000000001,1,922625000,0,-44.5,4.31355397553442,0,0,0.560039978027344,1.63,0,-5399.92822265625
100000000000000000000003,1,922625000,0,-45.5,1.8162332528566,0,0,0.560039978027344,1.63,0,-5399.92822265625
100000000000000000000002,1,922625000,0,-42.5,0.325203927031755,0,0,0.560039978027344,1.63,0,-5399.92822265625
100000000000000000000004,1,922625000,0,-46,3.32567034813607,0,0,0.560039978027344,1.63,0,-5399.92822265625
100000000000000000000001,1,922625000,0,-44.5,4.32582582183751,0,0,0.560039978027344,1.63,0,-5399.92822265625
100000000000000000000000,1,922625000,0,-52,4.54671905529304,0,0,0.560039978027344,1.63,0,-5399.92822265625
100000000000000000000003,1,922625000,0,-45.5,1.82850509915968,0,0,0.560039978027344,1.63,0,-5399.92822265625
100000000000000000000000,1,922625000,0,-52,4.55899090159613,0,0,0.560039978027344,1.63,0,-5399.92822265625
100000000000000000000004,1,922625000,0,-45.5,3.33180627128761,0,0,0.560039978027344,1.63,0,-5399.92822265625
100000000000000000000001,1,922625000,0,-44.5,4.31355397553442,0,0,0.560039978027344,1.63,0,-5399.92822265625
100000000000000000000002,1,922625000,0,-42.5,0.300660234425585,0,0,0.560039978027344,1.63,0,-5399.92822265625
100000000000000000000004,1,922625000,0,-45.5,3.31953442498453,0,0,0.560039978027344,1.63,0,-5399.92822265625
100000000000000000000000,1,922625000,0,-52,4.56512682474767,0,0,0.560039978027344,1.63,0,-5399.92822265625
100000000000000000000002,1,922625000,0,-42.5,0.306796157577129,0,0,0.560039978027344,1.63,0,-5399.92822265625
100000000000000000000001,1,922625000,0,-44.5,4.31968989868597,0,0,0.560039978027344,1.63,0,-5399.92822265625
100000000000000000000003,1,922625000,0,-45.5,1.80396140655351,0,0,0.560039978027344,1.63,0,-5399.92822265625
100000000000000000000001,1,922625000,0,-44.5,4.30741805238288,0,0,0.560039978027344,1.63,0,-5399.92822265625
100000000000000000000003,1,922625000,0,-45.5,1.82850509915968,0,0,0.560039978027344,1.63,0,-5399.92822265625
100000000000000000000004,1,922625000,0,-45.5,3.33180627128761,0,0,0.560039978027344,1.63,0,-5399.92822265625
100000000000000000000002,1,922625000,0,-42.5,0.288388388122501,0,0,0.560039978027344,1.63,0,-5399.92822265625
100000000000000000000000,1,922625000,0,-52,4.55285497844458,0,0,0.560039978027344,1.63,0,-5399.92822265625
100000000000000000000001,1,922625000,0,-44.5,4.31355397553442,0,0,0.560039978027344,1.63,0,-5399.92822265625
100000000000000000000002,1,922625000,0,-42.5,0.319068003880213,0,0,0.560039978027344,1.63,0,-5399.92822265625
100000000000000000000000,1,922625000,0,-52,4.59580644050538,0,0,0.560039978027344,1.63,0,-5399.92822265625
100000000000000000000004,1,922625000,0,-45.5,3.31339850183298,0,0,0.560039978027344,1.63,0,-5399.92822265625
100000000000000000000003,1,922625000,0,-45.5,1.8162332528566,0,0,0.560039978027344,1.63,0,-5399.92822265625
100000000000000000000004,1,922625000,0,-46,3.32567034813607,0,0,0.560039978027344,1.63,0,-5399.92822265625
100000000000000000000002,1,922625000,0,-42.5,0.306796157577129,0,0,0.560039978027344,1.63,0,-5399.92822265625
100000000000000000000000,1,922625000,0,-52,4.5405831321415,0,0,0.560039978027344,1.63,0,-5399.92822265625
100000000000000000000001,1,922625000,0,-44.5,4.33196174498905,0,0,0.560039978027344,1.63,0,-5399.92822265625
100000000000000000000003,1,922625000,0,-45.5,1.78555363709889,0,0,0.560039978027344,1.63,0,-5399.92822265625
100000000000000000000002,1,922625000,0,-42.5,0.300660234425585,0,0,0.560039978027344,1.63,0,-5399.92822265625
100000000000000000000001,1,922625000,0,-44.5,4.32582582183751,0,0,0.560039978027344,1.63,0,-5399.92822265625
100000000000000000000004,1,922625000,0,-45.5,3.33794219443916,0,0,0.560039978027344,1.63,0,-5399.92822265625
100000000000000000000000,1,922625000,0,-52,4.55899090159613,0,0,0.560039978027344,1.63,0,-5399.92822265625
100000000000000000000003,1,922625000,0,-45.5,1.8162332528566,0,0,0.560039978027344,1.63,0,-5399.92822265625
100000000000000000000001,1,922625000,0,-44.5,4.30128212923134,0,0,0.560039978027344,1.63,0,-5399.92822265625
100000000000000000000000,1,922625000,0,-52,4.55899090159613,0,0,0.560039978027344,1.63,0,-5399.92822265625
100000000000000000000004,1,922625000,0,-45.5,3.3440781175907,0,0,0.560039978027344,1.63,0,-5399.92822265625
100000000000000000000002,1,922625000,0,-42.5,0.300660234425585,0,0,0.560039978027344,1.63,0,-5399.92822265625
100000000000000000000003,1,922625000,0,-45.5,1.8162332528566,0,0,0.560039978027344,1.63,0,-5399.92822265625
100000000000000000000001,1,922625000,0,-44.5,4.33196174498905,0,0,0.560039978027344,1.63,0,-5399.92822265625
100000000000000000000002,1,922625000,0,-42.5,0.276116541819415,0,0,0.560039978027344,1.63,0,-5399.92822265625
100000000000000000000004,1,922625000,0,-46,3.33180627128761,0,0,0.560039978027344,1.63,0,-5399.92822265625
100000000000000000000000,1,922625000,0,-52,4.56512682474767,0,0,0.560039978027344,1.63,0,-5399.92822265625
100000000000000000000003,1,922625000,0,-45.5,1.82850509915968,0,0,0.560039978027344,1.63,0,-5399.92822265625
100000000000000000000004,1,922625000,0,-46,3.35021404074224,0,0,0.560039978027344,1.63,0,-5399.92822265625
100000000000000000000000,1,922625000,0,-51.5,4.5405831321415,0,0,0.560039978027344,1.63,0,-5399.92822265625
100000000000000000000001,1,922625000,0,-44.5,4.33196174498905,0,0,0.560039978027344,1.63,0,-5399.92822265625
100000000000000000000002,1,922625000,0,-42.5,0.300660234425585,0,0,0.560039978027344,1.63,0,-5399.92822265625
100000000000000000000003,1,922625000,0,-45.5,1.82850509915968,0,0,0.560039978027344,1.63,0,-5399.92822265625
100000000000000000000004,1,923125000,0,-45,3.58337912050086,0,0,0.560039978027344,1.63,0,-5399.92822265625
100000000000000000000001,1,923125000,0,-44.5,4.55285497844458,0,0,0.560039978027344,1.63,0,-5399.92822265625
100000000000000000000002,1,923125000,0,-42.5,0.533825314184203,0,0,0.560039978027344,1.63,0,-5399.92822265625
100000000000000000000000,1,923125000,0,-52.5,4.82283559711246,0,0,0.560039978027344,1.63,0,-5399.92822265625
100000000000000000000003,1,923125000,0,-45,2.01258279370596,0,0,0.560039978027344,1.63,0,-5399.92822265625
100000000000000000000001,1,923125000,0,-44.5,4.54671905529304,0,0,0.560039978027344,1.63,0,-5399.92822265625
100000000000000000000004,1,923125000,0,-45,3.58337912050086,0,0,0.560039978027344,1.63,0,-5399.92822265625
100000000000000000000002,1,923125000,0,-42.5,0.558369006790373,0,0,0.560039978027344,1.63,0,-5399.92822265625
100000000000000000000003,1,923125000,0,-45,2.0187187168575,0,0,0.560039978027344,1.63,0,-5399.92822265625
100000000000000000000000,1,923125000,0,-52.5,4.828971520264,0,0,0.560039978027344,1.63,0,-5399.92822265625
100000000000000000000003,1,923125000,0,-45.5,2.02485464000905,0,0,0.560039978027344,1.63,0,-5399.92822265625
100000000000000000000004,1,923125000,0,-45.5,3.57724319734932,0,0,0.560039978027344,1.63,0,-5399.92822265625
100000000000000000000000,1,923125000,0,-52.5,4.82283559711246,0,0,0.560039978027344,1.63,0,-5399.92822265625
100000000000000000000001,1,923125000,0,-44.5,4.55285497844458,0,0,0.560039978027344,1.63,0,-5399.92822265625
100000000000000000000002,1,923125000,0,-42.5,0.521553467881118,0,0,0.560039978027344,1.63,0,-5399.92822265625
100000000000000000000001,1,923125000,0,-44.5,4.5405831321415,0,0,0.560039978027344,1.63,0,-5399.92822265625
100000000000000000000004,1,923125000,0,-45.5,3.5895150436524,0,0,0.560039978027344,1.63,0,-5399.92822265625
100000000000000000000003,1,923125000,0,-45.5,2.03099056316059,0,0,0.560039978027344,1.63,0,-5399.92822265625
100000000000000000000002,1,923125000,0,-42.5,0.552233083638831,0,0,0.560039978027344,1.63,0,-5399.92822265625
100000000000000000000000,1,923125000,0,-52.5,4.81669967396091,0,0,0.560039978027344,1.63,0,-5399.92822265625
100000000000000000000002,1,923125000,0,-42.5,0.521553467881118,0,0,0.560039978027344,1.63,0,-5399.92822265625
100000000000000000000000,1,923125000,0,-52.5,4.84737928971863,0,0,0.560039978027344,1.63,0,-5399.92822265625
100000000000000000000004,1,923125000,0,-45.5,3.57724319734932,0,0,0.560039978027344,1.63,0,-5399.92822265625
100000000000000000000003,1,923125000,0,-45,2.04326240946367,0,0,0.560039978027344,1.63,0,-5399.92822265625
100000000000000000000001,1,923125000,0,-44.5,4.55285497844458,0,0,0.560039978027344,1.63,0,-5399.92822265625
100000000000000000000001,1,923125000,0,-44.5,4.56512682474767,0,0,0.560039978027344,1.63,0,-5399.92822265625
100000000000000000000000,1,923125000,0,-52,4.79215598135474,0,0,0.560039978027344,1.63,0,-5399.92822265625
100000000000000000000002,1,923125000,0,-42.5,0.546097160487288,0,0,0.560039978027344,1.63,0,-5399.92822265625
100000000000000000000003,1,923125000,0,-45.5,2.01258279370596,0,0,0.560039978027344,1.63,0,-5399.92822265625
100000000000000000000004,1,923125000,0,-45,3.58337912050086,0,0,0.560039978027344,1.63,0,-5399.92822265625
100000000000000000000002,1,923125000,0,-42.5,0.564504929941916,0,0,0.560039978027344,1.63,0,-5399.92822265625
100000000000000000000004,1,923125000,0,-45,3.57724319734932,0,0,0.560039978027344,1.63,0,-5399.92822265625
100000000000000000000001,1,923125000,0,-44.5,4.55899090159613,0,0,0.560039978027344,1.63,0,-5399.92822265625
100000000000000000000003,1,923125000,0,-45.5,2.02485464000905,0,0,0.560039978027344,1.63,0,-5399.92822265625
100000000000000000000000,1,923125000,0,-52.5,4.8719229823248,0,0,0.560039978027344,1.63,0,-5399.92822265625
100000000000000000000000,1,923125000,0,-52.5,4.828971520264,0,0,0.560039978027344,1.63,0,-5399.92822265625
100000000000000000000003,1,923125000,0,-45,2.03712648631213,0,0,0.560039978027344,1.63,0,-5399.92822265625
100000000000000000000004,1,923125000,0,-45,3.57110727419777,0,0,0.560039978027344,1.63,0,-5399.92822265625
100000000000000000000002,1,923125000,0,-42.5,0.546097160487288,0,0,0.560039978027344,1.63,0,-5399.92822265625
100000000000000000000001,1,923125000,0,-44.5,4.5405831321415,0,0,0.560039978027344,1.63,0,-5399.92822265625
100000000000000000000001,1,923125000,0,-44.5,4.54671905529304,0,0,0.560039978027344,1.63,0,-5399.92822265625
100000000000000000000003,1,923125000,0,-45.5,2.03099056316059,0,0,0.560039978027344,1.63,0,-5399.92822265625
100000000000000000000004,1,923125000,0,-45.5,3.57110727419777,0,0,0.560039978027344,1.63,0,-5399.92822265625
100000000000000000000000,1,923125000,0,-52.5,4.84124336656708,0,0,0.560039978027344,1.63,0,-5399.92822265625
100000000000000000000002,1,923125000,0,-42.5,0.546097160487288,0,0,0.560039978027344,1.63,0,-5399.92822265625
100000000000000000000000,1,923125000,0,-52.5,4.828971520264,0,0,0.560039978027344,1.63,0,-5399.92822265625
100000000000000000000001,1,923125000,0,-44.5,4.55285497844458,0,0,0.560039978027344,1.63,0,-5399.92822265625
100000000000000000000004,1,923125000,0,-45,3.58337912050086,0,0,0.560039978027344,1.63,0,-5399.92822265625
100000000000000000000002,1,923125000,0,-42.5,0.533825314184203,0,0,0.560039978027344,1.63,0,-5399.92822265625
100000000000000000000003,1,923125000,0,-45.5,2.02485464000905,0,0,0.560039978027344,1.63,0,-5399.92822265625
100000000000000000000000,1,923125000,0,-52.5,4.84124336656708,0,0,0.560039978027344,1.63,0,-5399.92822265625
100000000000000000000001,1,923125000,0,-44.5,4.55899090159613,0,0,0.560039978027344,1.63,0,-5399.92822265625
100000000000000000000004,1,923125000,0,-45,3.57724319734932,0,0,0.560039978027344,1.63,0,-5399.92822265625
100000000000000000000002,1,923125000,0,-42.5,0.564504929941916,0,0,0.560039978027344,1.63,0,-5399.92822265625
100000000000000000000003,1,923125000,0,-45.5,2.04326240946367,0,0,0.560039978027344,1.63,0,-5399.92822265625
100000000000000000000000,1,923125000,0,-52.5,4.84737928971863,0,0,0.560039978027344,1.63,0,-5399.92822265625
100000000000000000000002,1,923125000,0,-42.5,0.539961237335746,0,0,0.560039978027344,1.63,0,-5399.92822265625
100000000000000000000003,1,923125000,0,-45.5,2.01258279370596,0,0,0.560039978027344,1.63,0,-5399.92822265625
100000000000000000000004,1,923125000,0,-45,3.57724319734932,0,0,0.560039978027344,1.63,0,-5399.92822265625
100000000000000000000001,1,923125000,0,-44.5,4.55285497844458,0,0,0.560039978027344,1.63,0,-5399.92822265625
100000000000000000000002,1,923125000,0,-42.5,0.521553467881118,0,0,0.560039978027344,1.63,0,-5399.92822265625
100000000000000000000004,1,923125000,0,-45.5,3.57724319734932,0,0,0.560039978027344,1.63,0,-5399.92822265625
100000000000000000000001,1,923125000,0,-44.5,4.55899090159613,0,0,0.560039978027344,1.63,0,-5399.92822265625
100000000000000000000003,1,923125000,0,-45.5,2.03712648631213,0,0,0.560039978027344,1.63,0,-5399.92822265625
100000000000000000000000,1,923125000,0,-52.5,4.81056375080937,0,0,0.560039978027344,1.63,0,-5399.92822265625
100000000000000000000001,1,923125000,0,-44.5,4.55899090159613,0,0,0.560039978027344,1.63,0,-5399.92822265625
100000000000000000000000,1,923125000,0,-52.5,4.83510744341554,0,0,0.560039978027344,1.63,0,-5399.92822265625
100000000000000000000003,1,923125000,0,-45.5,2.01258279370596,0,0,0.560039978027344,1.63,0,-5399.92822265625
100000000000000000000002,1,923125000,0,-42.5,0.521553467881118,0,0,0.560039978027344,1.63,0,-5399.92822265625
100000000000000000000004,1,923125000,0,-45.5,3.55269950474315,0,0,0.560039978027344,1.63,0,-5399.92822265625
100000000000000000000004,1,923125000,0,-45.5,3.57724319734932,0,0,0.560039978027344,1.63,0,-5399.92822265625
100000000000000000000001,1,923125000,0,-44.5,4.55285497844458,0,0,0.560039978027344,1.63,0,-5399.92822265625
100000000000000000000003,1,923125000,0,-45,2.03712648631213,0,0,0.560039978027344,1.63,0,-5399.92822265625
100000000000000000000002,1,923125000,0,-42.5,0.527689391032661,0,0,0.560039978027344,1.63,0,-5399.92822265625
100000000000000000000000,1,923125000,0,-52.5,4.82283559711246,0,0,0.560039978027344,1.63,0,-5399.92822265625
100000000000000000000000,1,923125000,0,-52.5,4.85965113602171,0,0,0.560039978027344,1.63,0,-5399.92822265625
100000000000000000000001,1,923125000,0,-44.5,4.55285497844458,0,0,0.560039978027344,1.63,0,-5399.92822265625
100000000000000000000003,1,923125000,0,-45,2.01258279370596,0,0,0.560039978027344,1.63,0,-5399.92822265625
100000000000000000000004,1,923125000,0,-45.5,3.58337912050086,0,0,0.560039978027344,1.63,0,-5399.92822265625
100000000000000000000002,1,923125000,0,-42.5,0.546097160487288,0,0,0.560039978027344,1.63,0,-5399.92822265625
100000000000000000000004,1,923125000,0,-45,3.58337912050086,0,0,0.560039978027344,1.63,0,-5399.92822265625
100000000000000000000002,1,923125000,0,-42.5,0.527689391032661,0,0,0.560039978027344,1.63,0,-5399.92822265625
100000000000000000000000,1,923125000,0,-52.5,4.81669967396091,0,0,0.560039978027344,1.63,0,-5399.92822265625
100000000000000000000001,1,923125000,0,-44.5,4.55899090159613,0,0,0.560039978027344,1.63,0,-5399.92822265625
100000000000000000000003,1,923125000,0,-45,2.02485464000905,0,0,0.560039978027344,1.63,0,-5399.92822265625
100000000000000000000003,1,923125000,0,-45.5,2.03712648631213,0,0,0.560039978027344,1.63,0,-5399.92822265625
100000000000000000000004,1,923125000,0,-45,3.57724319734932,0,0,0.560039978027344,1.63,0,-5399.92822265625
100000000000000000000000,1,923125000,0,-52.5,4.82283559711246,0,0,0.560039978027344,1.63,0,-5399.92822265625
100000000000000000000002,1,923125000,0,-42.5,0.546097160487288,0,0,0.560039978027344,1.63,0,-5399.92822265625
100000000000000000000001,1,923125000,0,-44.5,4.55285497844458,0,0,0.560039978027344,1.63,0,-5399.92822265625
100000000000000000000004,1,923125000,0,-45,3.57110727419777,0,0,0.560039978027344,1.63,0,-5399.92822265625
100000000000000000000003,1,923125000,0,-45,2.04326240946367,0,0,0.560039978027344,1.63,0,-5399.92822265625
100000000000000000000000,1,923125000,0,-52.5,4.828971520264,0,0,0.560039978027344,1.63,0,-5399.92822265625
100000000000000000000001,1,923125000,0,-44.5,4.55899090159613,0,0,0.560039978027344,1.63,0,-5399.92822265625
100000000000000000000002,1,923125000,0,-42.5,0.546097160487288,0,0,0.560039978027344,1.63,0,-5399.92822265625
100000000000000000000000,1,923125000,0,-52.5,4.84124336656708,0,0,0.560039978027344,1.63,0,-5399.92822265625
100000000000000000000003,1,923125000,0,-45.5,2.02485464000905,0,0,0.560039978027344,1.63,0,-5399.92822265625
100000000000000000000001,1,923125000,0,-44.5,4.56512682474767,0,0,0.560039978027344,1.63,0,-5399.92822265625
100000000000000000000002,1,923125000,0,-42.5,0.558369006790373,0,0,0.560039978027344,1.63,0,-5399.92822265625
100000000000000000000004,1,923125000,0,-45.5,3.59565096680394,0,0,0.560039978027344,1.63,0,-5399.92822265625
100000000000000000000002,1,923125000,0,-42.5,0.552233083638831,0,0,0.560039978027344,1.63,0,-5399.92822265625
100000000000000000000003,1,923125000,0,-45.5,1.98803910109979,0,0,0.560039978027344,1.63,0,-5399.92822265625
100000000000000000000004,1,923125000,0,-45.5,3.57110727419777,0,0,0.560039978027344,1.63,0,-5399.92822265625
100000000000000000000001,1,923125000,0,-45,4.54671905529304,0,0,0.560039978027344,1.63,0,-5399.92822265625
100000000000000000000000,1,923125000,0,-52.5,4.84124336656708,0,0,0.560039978027344,1.63,0,-5399.92822265625
100000000000000000000003,1,923125000,0,-45,2.01258279370596,0,0,0.560039978027344,1.63,0,-5399.92822265625
100000000000000000000000,1,923125000,0,-52.5,4.84124336656708,0,0,0.560039978027344,1.63,0,-5399.92822265625
100000000000000000000001,1,923125000,0,-44.5,4.54671905529304,0,0,0.560039978027344,1.63,0,-5399.92822265625
100000000000000000000004,1,923125000,0,-45,3.60178688995549,0,0,0.560039978027344,1.63,0,-5399.92822265625
100000000000000000000002,1,923125000,0,-42.5,0.539961237335746,0,0,0.560039978027344,1.63,0,-5399.92822265625
100000000000000000000004,1,923125000,0,-45.5,3.5895150436524,0,0,0.560039978027344,1.63,0,-5399.92822265625
100000000000000000000002,1,923125000,0,-42.5,0.533825314184203,0,0,0.560039978027344,1.63,0,-5399.92822265625
100000000000000000000001,1,923125000,0,-44.5,4.55899090159613,0,0,0.560039978027344,1.63,0,-5399.92822265625
100000000000000000000003,1,923125000,0,-45.5,2.00644687055442,0,0,0.560039978027344,1.63,0,-5399.92822265625
100000000000000000000000,1,923125000,0,-52.5,4.83510744341554,0,0,0.560039978027344,1.63,0,-5399.92822265625
100000000000000000000000,1,923125000,0,-52.5,4.79215598135474,0,0,0.560039978027344,1.63,0,-5399.92822265625
100000000000000000000004,1,923125000,0,-45,3.58337912050086,0,0,0.560039978027344,1.63,0,-5399.92822265625
100000000000000000000003,1,923125000,0,-45.5,2.03099056316059,0,0,0.560039978027344,1.63,0,-5399.92822265625
100000000000000000000001,1,923125000,0,-44.5,4.54671905529304,0,0,0.560039978027344,1.63,0,-5399.92822265625
100000000000000000000002,1,923125000,0,-42.5,0.552233083638831,0,0,0.560039978027344,1.63,0,-5399.92822265625
100000000000000000000001,1,923125000,0,-44.5,4.5405831321415,0,0,0.560039978027344,1.63,0,-5399.92822265625
100000000000000000000003,1,923125000,0,-45,2.0187187168575,0,0,0.560039978027344,1.63,0,-5399.92822265625
100000000000000000000002,1,923125000,0,-42.5,0.552233083638831,0,0,0.560039978027344,1.63,0,-5399.92822265625
100000000000000000000004,1,923125000,0,-45,3.57110727419777,0,0,0.560039978027344,1.63,0,-5399.92822265625
100000000000000000000000,1,923125000,0,-52.5,4.84124336656708,0,0,0.560039978027344,1.63,0,-5399.92822265625
100000000000000000000002,1,923125000,0,-42.5,0.564504929941916,0,0,0.560039978027344,1.63,0,-5399.92822265625
100000000000000000000001,1,923125000,0,-44.5,4.55899090159613,0,0,0.560039978027344,1.63,0,-5399.92822265625
100000000000000000000000,1,923125000,0,-52.5,4.82283559711246,0,0,0.560039978027344,1.63,0,-5399.92822265625
100000000000000000000004,1,923125000,0,-45.5,3.58337912050086,0,0,0.560039978027344,1.63,0,-5399.92822265625
100000000000000000000003,1,923125000,0,-45,2.01258279370596,0,0,0.560039978027344,1.63,0,-5399.92822265625
100000000000000000000001,1,923125000,0,-44.5,4.55899090159613,0,0,0.560039978027344,1.63,0,-5399.92822265625
100000000000000000000002,1,923125000,0,-42.5,0.564504929941916,0,0,0.560039978027344,1.63,0,-5399.92822265625
100000000000000000000000,1,923125000,0,-52.5,4.85351521287017,0,0,0.560039978027344,1.63,0,-5399.92822265625
100000000000000000000003,1,923125000,0,-45,2.0187187168575,0,0,0.560039978027344,1.63,0,-5399.92822265625
100000000000000000000004,1,923125000,0,-45,3.5895150436524,0,0,0.560039978027344,1.63,0,-5399.92822265625
100000000000000000000002,1,923125000,0,-42.5,0.539961237335746,0,0,0.560039978027344,1.63,0,-5399.92822265625
100000000000000000000001,1,923125000,0,-44.5,4.54671905529304,0,0,0.560039978027344,1.63,0,-5399.92822265625
100000000000000000000000,1,923125000,0,-52,4.84737928971863,0,0,0.560039978027344,1.63,0,-5399.92822265625
100000000000000000000003,1,923125000,0,-45.5,2.01258279370596,0,0,0.560039978027344,1.63,0,-5399.92822265625
100000000000000000000004,1,923125000,0,-45,3.57724319734932,0,0,0.560039978027344,1.63,0,-5399.92822265625
100000000000000000000002,1,923125000,0,-42.5,0.539961237335746,0,0,0.560039978027344,1.63,0,-5399.92822265625
100000000000000000000003,1,923125000,0,-45,2.01258279370596,0,0,0.560039978027344,1.63,0,-5399.92822265625
100000000000000000000001,1,923125000,0,-44.5,4.54671905529304,0,0,0.560039978027344,1.63,0,-5399.92822265625
100000000000000000000000,1,923125000,0,-52,4.8719229823248,0,0,0.560039978027344,1.63,0,-5399.92822265625
100000000000000000000004,1,923125000,0,-45.5,3.58337912050086,0,0,0.560039978027344,1.63,0,-5399.92822265625
100000000000000000000000,1,923125000,0,-52.5,4.89646667493097,0,0,0.560039978027344,1.63,0,-5399.92822265625
100000000000000000000003,1,923125000,0,-45,2.0187187168575,0,0,0.560039978027344,1.63,0,-5399.92822265625
100000000000000000000002,1,923125000,0,-42.5,0.533825314184203,0,0,0.560039978027344,1.63,0,-5399.92822265625
100000000000000000000001,1,923125000,0,-44.5,4.56512682474767,0,0,0.560039978027344,1.63,0,-5399.92822265625
100000000000000000000004,1,923125000,0,-45.5,3.57110727419777,0,0,0.560039978027344,1.63,0,-5399.92822265625
100000000000000000000000,1,923125000,0,-52.5,4.81056375080937,0,0,0.560039978027344,1.63,0,-5399.92822265625
100000000000000000000002,1,923125000,0,-42.5,0.533825314184203,0,0,0.560039978027344,1.63,0,-5399.92822265625
100000000000000000000003,1,923125000,0,-45.5,2.01258279370596,0,0,0.560039978027344,1.63,0,-5399.92822265625
100000000000000000000001,1,923125000,0,-44.5,4.55899090159613,0,0,0.560039978027344,1.63,0,-5399.92822265625
100000000000000000000004,1,923125000,0,-45.5,3.60178688995549,0,0,0.560039978027344,1.63,0,-5399.92822265625
100000000000000000000003,1,923125000,0,-45,2.0187187168575,0,0,0.560039978027344,1.63,0,-5399.92822265625
100000000000000000000001,1,923125000,0,-44.5,4.54671905529304,0,0,0.560039978027344,1.63,0,-5399.92822265625
100000000000000000000000,1,923125000,0,-52.5,4.84124336656708,0,0,0.560039978027344,1.63,0,-5399.92822265625
100000000000000000000004,1,923125000,0,-45,3.55269950474315,0,0,0.560039978027344,1.63,0,-5399.92822265625
100000000000000000000002,1,923125000,0,-42.5,0.558369006790373,0,0,0.560039978027344,1.63,0,-5399.92822265625
100000000000000000000003,1,923125000,0,-45.5,2.0187187168575,0,0,0.560039978027344,1.63,0,-5399.92822265625
100000000000000000000002,1,923125000,0,-42.5,0.546097160487288,0,0,0.560039978027344,1.63,0,-5399.92822265625
100000000000000000000001,1,923125000,0,-44.5,4.55899090159613,0,0,0.560039978027344,1.63,0,-5399.92822265625
100000000000000000000004,1,923125000,0,-45,3.5465635815916,0,0,0.560039978027344,1.63,0,-5399.92822265625
100000000000000000000000,1,923125000,0,-52.5,4.84124336656708,0,0,0.560039978027344,1.63,0,-5399.92822265625
100000000000000000000004,1,923125000,0,-45,3.58337912050086,0,0,0.560039978027344,1.63,0,-5399.92822265625
100000000000000000000001,1,923125000,0,-44.5,4.55285497844458,0,0,0.560039978027344,1.63,0,-5399.92822265625
100000000000000000000002,1,923125000,0,-42.5,0.539961237335746,0,0,0.560039978027344,1.63,0,-5399.92822265625
100000000000000000000003,1,923125000,0,-45.5,2.01258279370596,0,0,0.560039978027344,1.63,0,-5399.92822265625
100000000000000000000000,1,923125000,0,-52.5,4.85965113602171,0,0,0.560039978027344,1.63,0,-5399.92822265625
100000000000000000000004,1,923125000,0,-45.5,3.56497135104623,0,0,0.560039978027344,1.63,0,-5399.92822265625
100000000000000000000001,1,923125000,0,-44.5,4.5405831321415,0,0,0.560039978027344,1.63,0,-5399.92822265625
100000000000000000000000,1,923125000,0,-52.5,4.84124336656708,0,0,0.560039978027344,1.63,0,-5399.92822265625
100000000000000000000003,1,923125000,0,-45.5,2.03099056316059,0,0,0.560039978027344,1.63,0,-5399.92822265625
100000000000000000000002,1,923125000,0,-42.5,0.539961237335746,0,0,0.560039978027344,1.63,0,-5399.92822265625
100000000000000000000004,1,923125000,0,-45,3.57724319734932,0,0,0.560039978027344,1.63,0,-5399.92822265625
100000000000000000000002,1,923125000,0,-42.5,0.570640853093458,0,0,0.560039978027344,1.63,0,-5399.92822265625
100000000000000000000001,1,923125000,0,-44.5,4.54671905529304,0,0,0.560039978027344,1.63,0,-5399.92822265625
100000000000000000000003,1,923125000,0,-45,2.01258279370596,0,0,0.560039978027344,1.63,0,-5399.92822265625
100000000000000000000000,1,923125000,0,-52.5,4.83510744341554,0,0,0.560039978027344,1.63,0,-5399.92822265625
100000000000000000000000,1,923125000,0,-52,4.83510744341554,0,0,0.560039978027344,1.63,0,-5399.92822265625
100000000000000000000002,1,923125000,0,-42.5,0.558369006790373,0,0,0.560039978027344,1.63,0,-5399.92822265625
100000000000000000000003,1,923125000,0,-45,2.0187187168575,0,0,0.560039978027344,1.63,0,-5399.92822265625
100000000000000000000001,1,923125000,0,-44.5,4.55899090159613,0,0,0.560039978027344,1.63,0,-5399.92822265625
100000000000000000000004,1,923125000,0,-45.5,3.57110727419777,0,0,0.560039978027344,1.63,0,-5399.92822265625
100000000000000000000001,1,923125000,0,-44.5,4.54671905529304,0,0,0.560039978027344,1.63,0,-5399.92822265625
100000000000000000000000,1,923125000,0,-52.5,4.84737928971863,0,0,0.560039978027344,1.63,0,-5399.92822265625
100000000000000000000002,1,923125000,0,-42.5,0.546097160487288,0,0,0.560039978027344,1.63,0,-5399.92822265625
100000000000000000000004,1,923125000,0,-45,3.58337912050086,0,0,0.560039978027344,1.63,0,-5399.92822265625
100000000000000000000003,1,923125000,0,-45.5,2.03099056316059,0,0,0.560039978027344,1.63,0,-5399.92822265625
100000000000000000000002,1,923125000,0,-42.5,0.539961237335746,0,0,0.560039978027344,1.63,0,-5399.92822265625
100000000000000000000004,1,923125000,0,-45,3.5895150436524,0,0,0.560039978027344,1.63,0,-5399.92822265625
100000000000000000000001,1,923125000,0,-44.5,4.55899090159613,0,0,0.560039978027344,1.63,0,-5399.92822265625
100000000000000000000003,1,923125000,0,-45.5,2.02485464000905,0,0,0.560039978027344,1.63,0,-5399.92822265625
100000000000000000000000,1,923125000,0,-52.5,4.85351521287017,0,0,0.560039978027344,1.63,0,-5399.92822265625
100000000000000000000004,1,923125000,0,-45,3.55883542789469,0,0,0.560039978027344,1.63,0,-5399.92822265625
100000000000000000000003,1,923125000,0,-45,2.02485464000905,0,0,0.560039978027344,1.63,0,-5399.92822265625
100000000000000000000001,1,923125000,0,-44.5,4.56512682474767,0,0,0.560039978027344,1.63,0,-5399.92822265625
100000000000000000000002,1,923125000,0,-42.5,0.515417544729575,0,0,0.560039978027344,1.63,0,-5399.92822265625
100000000000000000000000,1,923125000,0,-52.5,4.85965113602171,0,0,0.560039978027344,1.63,0,-5399.92822265625
100000000000000000000002,1,923125000,0,-42.5,0.552233083638831,0,0,0.560039978027344,1.63,0,-5399.92822265625
100000000000000000000003,1,923125000,0,-45,2.00644687055442,0,0,0.560039978027344,1.63,0,-5399.92822265625
100000000000000000000001,1,923125000,0,-44.5,4.55285497844458,0,0,0.560039978027344,1.63,0,-5399.92822265625
100000000000000000000000,1,923125000,0,-52.5,4.81056375080937,0,0,0.560039978027344,1.63,0,-5399.92822265625
100000000000000000000004,1,923125000,0,-45.5,3.57724319734932,0,0,0.560039978027344,1.63,0,-5399.92822265625
100000000000000000000004,1,923125000,0,-45,3.55269950474315,0,0,0.560039978027344,1.63,0,-5399.92822265625
100000000000000000000003,1,923125000,0,-45.5,2.02485464000905,0,0,0.560039978027344,1.63,0,-5399.92822265625
100000000000000000000001,1,923125000,0,-44.5,4.56512682474767,0,0,0.560039978027344,1.63,0,-5399.92822265625
100000000000000000000000,1,923125000,0,-52.5,4.84124336656708,0,0,0.560039978027344,1.63,0,-5399.92822265625
100000000000000000000002,1,923125000,0,-42.5,0.521553467881118,0,0,0.560039978027344,1.63,0,-5399.92822265625
100000000000000000000001,1,923125000,0,-44.5,4.53444720898996,0,0,0.560039978027344,1.63,0,-5399.92822265625
100000000000000000000002,1,923125000,0,-42.5,0.558369006790373,0,0,0.560039978027344,1.63,0,-5399.92822265625
100000000000000000000003,1,923125000,0,-45,2.02485464000905,0,0,0.560039978027344,1.63,0,-5399.92822265625
100000000000000000000004,1,923125000,0,-45,3.57724319734932,0,0,0.560039978027344,1.63,0,-5399.92822265625
100000000000000000000000,1,923125000,0,-52.5,4.83510744341554,0,0,0.560039978027344,1.63,0,-5399.92822265625
100000000000000000000003,1,923125000,0,-45,2.00644687055442,0,0,0.560039978027344,1.63,0,-5399.92822265625
100000000000000000000004,1,923125000,0,-45.5,3.5895150436524,0,0,0.560039978027344,1.63,0,-5399.92822265625
100000000000000000000000,1,923125000,0,-52.5,4.86578705917325,0,0,0.560039978027344,1.63,0,-5399.92822265625
100000000000000000000001,1,923125000,0,-44.5,4.55285497844458,0,0,0.560039978027344,1.63,0,-5399.92822265625
100000000000000000000002,1,923125000,0,-42.5,0.546097160487288,0,0,0.560039978027344,1.63,0,-5399.92822265625
100000000000000000000001,1,923125000,0,-44.5,4.55285497844458,0,0,0.560039978027344,1.63,0,-5399.92822265625
100000000000000000000000,1,923125000,0,-52.5,4.84737928971863,0,0,0.560039978027344,1.63,0,-5399.92822265625
100000000000000000000004,1,923125000,0,-45.5,3.60792281310703,0,0,0.560039978027344,1.63,0,-5399.92822265625
100000000000000000000002,1,923125000,0,-42.5,0.552233083638831,0,0,0.560039978027344,1.63,0,-5399.92822265625
100000000000000000000003,1,923125000,0,-45.5,2.00031094740288,0,0,0.560039978027344,1.63,0,-5399.92822265625
100000000000000000000002,1,923125000,0,-42.5,0.546097160487288,0,0,0.560039978027344,1.63,0,-5399.92822265625
100000000000000000000003,1,923125000,0,-45.5,2.01258279370596,0,0,0.560039978027344,1.63,0,-5399.92822265625
100000000000000000000001,1,923125000,0,-44.5,4.55899090159613,0,0,0.560039978027344,1.63,0,-5399.92822265625
100000000000000000000004,1,923125000,0,-45.5,3.56497135104623,0,0,0.560039978027344,1.63,0,-5399.92822265625
100000000000000000000000,1,923125000,0,-52,4.83510744341554,0,0,0.560039978027344,1.63,0,-5399.92822265625
100000000000000000000003,1,923125000,0,-45,2.00644687055442,0,0,0.560039978027344,1.63,0,-5399.92822265625
100000000000000000000004,1,923125000,0,-45.5,3.56497135104623,0,0,0.560039978027344,1.63,0,-5399.92822265625
100000000000000000000002,1,923125000,0,-42.5,0.552233083638831,0,0,0.560039978027344,1.63,0,-5399.92822265625
100000000000000000000001,1,923125000,0,-44.5,4.5405831321415,0,0,0.560039978027344,1.63,0,-5399.92822265625
100000000000000000000000,1,923125000,0,-52.5,4.85965113602171,0,0,0.560039978027344,1.63,0,-5399.92822265625
100000000000000000000000,1,923125000,0,-52.5,4.828971520264,0,0,0.560039978027344,1.63,0,-5399.92822265625
100000000000000000000003,1,923125000,0,-45.5,2.02485464000905,0,0,0.560039978027344,1.63,0,-5399.92822265625
100000000000000000000002,1,923125000,0,-42.5,0.527689391032661,0,0,0.560039978027344,1.63,0,-5399.92822265625
100000000000000000000001,1,923125000,0,-44.5,4.55899090159613,0,0,0.560039978027344,1.63,0,-5399.92822265625
100000000000000000000004,1,923125000,0,-45,3.57724319734932,0,0,0.560039978027344,1.63,0,-5399.92822265625
100000000000000000000001,1,923125000,0,-44.5,4.56512682474767,0,0,0.560039978027344,1.63,0,-5399.92822265625
100000000000000000000003,1,923125000,0,-45,2.03099056316059,0,0,0.560039978027344,1.63,0,-5399.92822265625
100000000000000000000002,1,923125000,0,-42.5,0.539961237335746,0,0,0.560039978027344,1.63,0,-5399.92822265625
100000000000000000000000,1,923125000,0,-52.5,4.83510744341554,0,0,0.560039978027344,1.63,0,-5399.92822265625
100000000000000000000004,1,923125000,0,-45,3.59565096680394,0,0,0.560039978027344,1.63,0,-5399.92822265625
100000000000000000000003,1,923125000,0,-45,2.0187187168575,0,0,0.560039978027344,1.63,0,-5399.92822265625
100000000000000000000001,1,923125000,0,-44.5,4.55285497844458,0,0,0.560039978027344,1.63,0,-5399.92822265625
100000000000000000000004,1,923125000,0,-45,3.58337912050086,0,0,0.560039978027344,1.63,0,-5399.92822265625
100000000000000000000000,1,923125000,0,-52.5,4.84737928971863,0,0,0.560039978027344,1.63,0,-5399.92822265625
100000000000000000000002,1,923125000,0,-42.5,0.558369006790373,0,0,0.560039978027344,1.63,0,-5399.92822265625
100000000000000000000000,1,923125000,0,-52,4.85351521287017,0,0,0.560039978027344,1.63,0,-5399.92822265625
100000000000000000000002,1,923125000,0,-42.5,0.527689391032661,0,0,0.560039978027344,1.63,0,-5399.92822265625
100000000000000000000001,1,923125000,0,-44.5,4.55899090159613,0,0,0.560039978027344,1.63,0,-5399.92822265625
100000000000000000000004,1,923125000,0,-45.5,3.5895150436524,0,0,0.560039978027344,1.63,0,-5399.92822265625
100000000000000000000003,1,923125000,0,-45,2.02485464000905,0,0,0.560039978027344,1.63,0,-5399.92822265625
100000000000000000000002,1,923125000,0,-42.5,0.558369006790373,0,0,0.560039978027344,1.63,0,-5399.92822265625
100000000000000000000003,1,923125000,0,-45,2.0187187168575,0,0,0.560039978027344,1.63,0,-5399.92822265625
100000000000000000000000,1,923125000,0,-52.5,4.82283559711246,0,0,0.560039978027344,1.63,0,-5399.92822265625
100000000000000000000004,1,923125000,0,-45.5,3.57724319734932,0,0,0.560039978027344,1.63,0,-5399.92822265625
100000000000000000000001,1,923125000,0,-45,4.55285497844458,0,0,0.560039978027344,1.63,0,-5399.92822265625
100000000000000000000004,1,923125000,0,-45.5,3.55269950474315,0,0,0.560039978027344,1.63,0,-5399.92822265625
100000000000000000000002,1,923125000,0,-42.5,0.564504929941916,0,0,0.560039978027344,1.63,0,-5399.92822265625
100000000000000000000003,1,923125000,0,-45.5,2.03712648631213,0,0,0.560039978027344,1.63,0,-5399.92822265625
100000000000000000000000,1,923125000,0,-52,4.85351521287017,0,0,0.560039978027344,1.63,0,-5399.92822265625
100000000000000000000001,1,923125000,0,-44.5,4.56512682474767,0,0,0.560039978027344,1.63,0,-5399.92822265625
100000000000000000000001,1,923125000,0,-44.5,4.55285497844458,0,0,0.560039978027344,1.63,0,-5399.92822265625
100000000000000000000004,1,923125000,0,-45.5,3.55883542789469,0,0,0.560039978027344,1.63,0,-5399.92822265625
100000000000000000000003,1,923125000,0,-45,2.03712648631213,0,0,0.560039978027344,1.63,0,-5399.92822265625
100000000000000000000002,1,923125000,0,-42.5,0.533825314184203,0,0,0.560039978027344,1.63,0,-5399.92822265625
100000000000000000000000,1,923125000,0,-52,4.85351521287017,0,0,0.560039978027344,1.63,0,-5399.92822265625
100000000000000000000001,1,923125000,0,-44.5,4.55285497844458,0,0,0.560039978027344,1.63,0,-5399.92822265625
100000000000000000000004,1,923125000,0,-45.5,3.57724319734932,0,0,0.560039978027344,1.63,0,-5399.92822265625
100000000000000000000000,1,923125000,0,-52.5,4.85351521287017,0,0,0.560039978027344,1.63,0,-5399.92822265625
100000000000000000000003,1,923125000,0,-45,2.00644687055442,0,0,0.560039978027344,1.63,0,-5399.92822265625
100000000000000000000002,1,923125000,0,-42.5,0.533825314184203,0,0,0.560039978027344,1.63,0,-5399.92822265625
100000000000000000000003,1,923125000,0,-45.5,2.00644687055442,0,0,0.560039978027344,1.63,0,-5399.92822265625
100000000000000000000000,1,923125000,0,-52.5,4.84124336656708,0,0,0.560039978027344,1.63,0,-5399.92822265625
100000000000000000000002,1,923125000,0,-42.5,0.558369006790373,0,0,0.560039978027344,1.63,0,-5399.92822265625
100000000000000000000004,1,923125000,0,-45,3.56497135104623,0,0,0.560039978027344,1.63,0,-5399.92822265625
100000000000000000000001,1,923125000,0,-44.5,4.56512682474767,0,0,0.560039978027344,1.63,0,-5399.92822265625
100000000000000000000002,1,923125000,0,-42.5,0.564504929941916,0,0,0.560039978027344,1.63,0,-5399.92822265625
100000000000000000000001,1,923125000,0,-44.5,4.54671905529304,0,0,0.560039978027344,1.63,0,-5399.92822265625
100000000000000000000004,1,923125000,0,-45,3.57724319734932,0,0,0.560039978027344,1.63,0,-5399.92822265625
100000000000000000000003,1,923125000,0,-45,2.01258279370596,0,0,0.560039978027344,1.63,0,-5399.92822265625
100000000000000000000000,1,923125000,0,-52.5,4.84124336656708,0,0,0.560039978027344,1.63,0,-5399.92822265625
100000000000000000000002,1,923125000,0,-42.5,0.546097160487288,0,0,0.560039978027344,1.63,0,-5399.92822265625
100000000000000000000001,1,923125000,0,-44.5,4.54671905529304,0,0,0.560039978027344,1.63,0,-5399.92822265625
100000000000000000000004,1,923125000,0,-45.5,3.58337912050086,0,0,0.560039978027344,1.63,0,-5399.92822265625
100000000000000000000000,1,923125000,0,-52.5,4.84737928971863,0,0,0.560039978027344,1.63,0,-5399.92822265625
100000000000000000000003,1,923125000,0,-45.5,2.03712648631213,0,0,0.560039978027344,1.63,0,-5399.92822265625
100000000000000000000004,1,923125000,0,-45.5,3.57110727419777,0,0,0.560039978027344,1.63,0,-5399.92822265625
100000000000000000000002,1,923125000,0,-42.5,0.539961237335746,0,0,0.560039978027344,1.63,0,-5399.92822265625
100000000000000000000001,1,923125000,0,-44.5,4.5405831321415,0,0,0.560039978027344,1.63,0,-5399.92822265625
100000000000000000000000,1,923125000,0,-52.5,4.85351521287017,0,0,0.560039978027344,1.63,0,-5399.92822265625
100000000000000000000003,1,923125000,0,-45,2.04326240946367,0,0,0.560039978027344,1.63,0,-5399.92822265625
100000000000000000000002,1,923125000,0,-42.5,0.552233083638831,0,0,0.560039978027344,1.63,0,-5399.92822265625
100000000000000000000000,1,923125000,0,-52,4.83510744341554,0,0,0.560039978027344,1.63,0,-5399.92822265625
100000000000000000000004,1,923125000,0,-45,3.58337912050086,0,0,0.560039978027344,1.63,0,-5399.92822265625
100000000000000000000001,1,923125000,0,-44.5,4.55899090159613,0,0,0.560039978027344,1.63,0,-5399.92822265625
100000000000000000000003,1,923125000,0,-45.5,2.03099056316059,0,0,0.560039978027344,1.63,0,-5399.92822265625
100000000000000000000002,1,923125000,0,-42.5,0.539961237335746,0,0,0.560039978027344,1.63,0,-5399.92822265625
100000000000000000000001,1,923125000,0,-44.5,4.55899090159613,0,0,0.560039978027344,1.63,0,-5399.92822265625
100000000000000000000000,1,923125000,0,-52,4.84124336656708,0,0,0.560039978027344,1.63,0,-5399.92822265625
100000000000000000000004,1,923125000,0,-45.5,3.5895150436524,0,0,0.560039978027344,1.63,0,-5399.92822265625
100000000000000000000003,1,923125000,0,-45.5,2.00644687055442,0,0,0.560039978027344,1.63,0,-5399.92822265625
100000000000000000000002,1,923125000,0,-42.5,0.533825314184203,0,0,0.560039978027344,1.63,0,-5399.92822265625
100000000000000000000004,1,923125000,0,-45,3.57110727419777,0,0,0.560039978027344,1.63,0,-5399.92822265625
100000000000000000000003,1,923125000,0,-45.5,2.03099056316059,0,0,0.560039978027344,1.63,0,-5399.92822265625
100000000000000000000001,1,923125000,0,-44.5,4.55899090159613,0,0,0.560039978027344,1.63,0,-5399.92822265625
100000000000000000000000,1,923125000,0,-52.5,4.84737928971863,0,0,0.560039978027344,1.63,0,-5399.92822265625
100000000000000000000002,1,923125000,0,-42.5,0.558369006790373,0,0,0.560039978027344,1.63,0,-5399.92822265625
100000000000000000000001,1,923125000,0,-44.5,4.5405831321415,0,0,0.560039978027344,1.63,0,-5399.92822265625
100000000000000000000004,1,923125000,0,-45,3.57724319734932,0,0,0.560039978027344,1.63,0,-5399.92822265625
100000000000000000000003,1,923125000,0,-45,2.03099056316059,0,0,0.560039978027344,1.63,0,-5399.92822265625
100000000000000000000000,1,923125000,0,-52.5,4.87805890547634,0,0,0.560039978027344,1.63,0,-5399.92822265625
100000000000000000000002,1,923125000,0,-42.5,0.539961237335746,0,0,0.560039978027344,1.63,0,-5399.92822265625
100000000000000000000003,1,923125000,0,-45,2.0187187168575,0,0,0.560039978027344,1.63,0,-5399.92822265625
100000000000000000000004,1,923125000,0,-45,3.53429173528852,0,0,0.560039978027344,1.63,0,-5399.92822265625
100000000000000000000000,1,923125000,0,-52.5,4.82283559711246,0,0,0.560039978027344,1.63,0,-5399.92822265625
100000000000000000000001,1,923125000,0,-44.5,4.55899090159613,0,0,0.560039978027344,1.63,0,-5399.92822265625
100000000000000000000001,1,923125000,0,-44.5,4.54671905529304,0,0,0.560039978027344,1.63,0,-5399.92822265625
100000000000000000000004,1,923125000,0,-45,3.56497135104623,0,0,0.560039978027344,1.63,0,-5399.92822265625
100000000000000000000000,1,923125000,0,-52.5,4.84737928971863,0,0,0.560039978027344,1.63,0,-5399.92822265625
100000000000000000000003,1,923125000,0,-45.5,1.98190317794825,0,0,0.560039978027344,1.63,0,-5399.92822265625
100000000000000000000002,1,923125000,0,-42.5,0.546097160487288,0,0,0.560039978027344,1.63,0,-5399.92822265625
100000000000000000000001,1,923125000,0,-44.5,4.55899090159613,0,0,0.560039978027344,1.63,0,-5399.92822265625
100000000000000000000004,1,923125000,0,-45,3.57724319734932,0,0,0.560039978027344,1.63,0,-5399.92822265625
100000000000000000000002,1,923125000,0,-42.5,0.533825314184203,0,0,0.560039978027344,1.63,0,-5399.92822265625
100000000000000000000003,1,923125000,0,-45.5,2.00031094740288,0,0,0.560039978027344,1.63,0,-5399.92822265625
100000000000000000000000,1,923125000,0,-52.5,4.828971520264,0,0,0.560039978027344,1.63,0,-5399.92822265625
100000000000000000000004,1,923125000,0,-45,3.58337912050086,0,0,0.560039978027344,1.63,0,-5399.92822265625
100000000000000000000001,1,923125000,0,-44.5,4.54671905529304,0,0,0.560039978027344,1.63,0,-5399.92822265625
100000000000000000000002,1,923125000,0,-42.5,0.539961237335746,0,0,0.560039978027344,1.63,0,-5399.92822265625
100000000000000000000000,1,923125000,0,-52,4.83510744341554,0,0,0.560039978027344,1.63,0,-5399.92822265625
100000000000000000000003,1,923125000,0,-45,2.0187187168575,0,0,0.560039978027344,1.63,0,-5399.92822265625
100000000000000000000000,1,923125000,0,-52.5,4.84737928971863,0,0,0.560039978027344,1.63,0,-5399.92822265625
100000000000000000000001,1,923125000,0,-44.5,4.55285497844458,0,0,0.560039978027344,1.63,0,-5399.92822265625
100000000000000000000004,1,923125000,0,-45.5,3.58337912050086,0,0,0.560039978027344,1.63,0,-5399.92822265625
100000000000000000000003,1,923125000,0,-45,2.01258279370596,0,0,0.560039978027344,1.63,0,-5399.92822265625
100000000000000000000002,1,923125000,0,-42.5,0.552233083638831,0,0,0.560039978027344,1.63,0,-5399.92822265625
100000000000000000000002,1,923125000,0,-42.5,0.552233083638831,0,0,0.560039978027344,1.63,0,-5399.92822265625
100000000000000000000001,1,923125000,0,-44.5,4.5405831321415,0,0,0.560039978027344,1.63,0,-5399.92822265625
100000000000000000000000,1,923125000,0,-52.5,4.84124336656708,0,0,0.560039978027344,1.63,0,-5399.92822265625
100000000000000000000003,1,923125000,0,-45,2.01258279370596,0,0,0.560039978027344,1.63,0,-5399.92822265625
100000000000000000000004,1,923125000,0,-45.5,3.55883542789469,0,0,0.560039978027344,1.63,0,-5399.92822265625
100000000000000000000004,1,923125000,0,-45.5,3.59565096680394,0,0,0.560039978027344,1.63,0,-5399.92822265625
100000000000000000000000,1,923125000,0,-52.5,4.85965113602171,0,0,0.560039978027344,1.63,0,-5399.92822265625
100000000000000000000002,1,923125000,0,-42.5,0.539961237335746,0,0,0.560039978027344,1.63,0,-5399.92822265625
100000000000000000000001,1,923125000,0,-44.5,4.55285497844458,0,0,0.560039978027344,1.63,0,-5399.92822265625
100000000000000000000003,1,923125000,0,-45,2.0187187168575,0,0,0.560039978027344,1.63,0,-5399.92822265625
100000000000000000000002,1,923125000,0,-42.5,0.558369006790373,0,0,0.560039978027344,1.63,0,-5399.92822265625
100000000000000000000004,1,923125000,0,-45.5,3.58337912050086,0,0,0.560039978027344,1.63,0,-5399.92822265625
100000000000000000000001,1,923125000,0,-44.5,4.55899090159613,0,0,0.560039978027344,1.63,0,-5399.92822265625
100000000000000000000003,1,923125000,0,-45.5,2.01258279370596,0,0,0.560039978027344,1.63,0,-5399.92822265625
100000000000000000000000,1,923125000,0,-52.5,4.8719229823248,0,0,0.560039978027344,1.63,0,-5399.92822265625
100000000000000000000000,1,923125000,0,-52.5,4.828971520264,0,0,0.560039978027344,1.63,0,-5399.92822265625
100000000000000000000001,1,923125000,0,-44.5,4.56512682474767,0,0,0.560039978027344,1.63,0,-5399.92822265625
100000000000000000000002,1,923125000,0,-42.5,0.546097160487288,0,0,0.560039978027344,1.63,0,-5399.92822265625
100000000000000000000004,1,923125000,0,-45,3.56497135104623,0,0,0.560039978027344,1.63,0,-5399.92822265625
100000000000000000000003,1,923125000,0,-45,2.02485464000905,0,0,0.560039978027344,1.63,0,-5399.92822265625
100000000000000000000003,1,923125000,0,-45.5,2.01258279370596,0,0,0.560039978027344,1.63,0,-5399.92822265625
100000000000000000000001,1,923125000,0,-44.5,4.54671905529304,0,0,0.560039978027344,1.63,0,-5399.92822265625
100000000000000000000004,1,923125000,0,-45,3.57724319734932,0,0,0.560039978027344,1.63,0,-5399.92822265625
100000000000000000000002,1,923125000,0,-42.5,0.546097160487288,0,0,0.560039978027344,1.63,0,-5399.92822265625
100000000000000000000000,1,923125000,0,-52.5,4.79829190450629,0,0,0.560039978027344,1.63,0,-5399.92822265625
100000000000000000000002,1,923125000,0,-42.5,0.552233083638831,0,0,0.560039978027344,1.63,0,-5399.92822265625
100000000000000000000001,1,923125000,0,-44.5,4.55899090159613,0,0,0.560039978027344,1.63,0,-5399.92822265625
100000000000000000000000,1,923125000,0,-52,4.84737928971863,0,0,0.560039978027344,1.63,0,-5399.92822265625
100000000000000000000004,1,923125000,0,-45,3.57110727419777,0,0,0.560039978027344,1.63,0,-5399.92822265625
100000000000000000000003,1,923125000,0,-45,2.01258279370596,0,0,0.560039978027344,1.63,0,-5399.92822265625
100000000000000000000000,1,923125000,0,-52.5,4.86578705917325,0,0,0.560039978027344,1.63,0,-5399.92822265625
100000000000000000000004,1,923125000,0,-45.5,3.56497135104623,0,0,0.560039978027344,1.63,0,-5399.92822265625
100000000000000000000003,1,923125000,0,-45,2.00644687055442,0,0,0.560039978027344,1.63,0,-5399.92822265625
100000000000000000000001,1,923125000,0,-44.5,4.54671905529304,0,0,0.560039978027344,1.63,0,-5399.92822265625
100000000000000000000002,1,923125000,0,-42.5,0.558369006790373,0,0,0.560039978027344,1.63,0,-5399.92822265625
100000000000000000000004,1,923125000,0,-45,3.57724319734932,0,0,0.560039978027344,1.63,0,-5399.92822265625
100000000000000000000003,1,923125000,0,-45,2.00644687055442,0,0,0.560039978027344,1.63,0,-5399.92822265625
100000000000000000000001,1,923125000,0,-44.5,4.54671905529304,0,0,0.560039978027344,1.63,0,-5399.92822265625
100000000000000000000000,1,923125000,0,-52.5,4.82283559711246,0,0,0.560039978027344,1.63,0,-5399.92822265625
100000000000000000000002,1,923125000,0,-42.5,0.570640853093458,0,0,0.560039978027344,1.63,0,-5399.92822265625
100000000000000000000002,1,923125000,0,-42.5,0.521553467881118,0,0,0.560039978027344,1.63,0,-5399.92822265625
100000000000000000000000,1,923125000,0,-52.5,4.82283559711246,0,0,0.560039978027344,1.63,0,-5399.92822265625
100000000000000000000004,1,923125000,0,-45,3.57110727419777,0,0,0.560039978027344,1.63,0,-5399.92822265625
100000000000000000000003,1,923125000,0,-45.5,1.99417502425133,0,0,0.560039978027344,1.63,0,-5399.92822265625
100000000000000000000001,1,923125000,0,-45,4.55899090159613,0,0,0.560039978027344,1.63,0,-5399.92822265625
100000000000000000000000,1,923125000,0,-52.5,4.88419482862788,0,0,0.560039978027344,1.63,0,-5399.92822265625
100000000000000000000001,1,923125000,0,-45,4.54671905529304,0,0,0.560039978027344,1.63,0,-5399.92822265625
100000000000000000000004,1,923125000,0,-45.5,3.5895150436524,0,0,0.560039978027344,1.63,0,-5399.92822265625
100000000000000000000002,1,923125000,0,-42.5,0.546097160487288,0,0,0.560039978027344,1.63,0,-5399.92822265625
100000000000000000000003,1,923125000,0,-45,2.02485464000905,0,0,0.560039978027344,1.63,0,-5399.92822265625
100000000000000000000004,1,923125000,0,-45.5,3.57724319734932,0,0,0.560039978027344,1.63,0,-5399.92822265625
100000000000000000000001,1,923125000,0,-44.5,4.55285497844458,0,0,0.560039978027344,1.63,0,-5399.92822265625
100000000000000000000003,1,923125000,0,-45,1.99417502425133,0,0,0.560039978027344,1.63,0,-5399.92822265625
100000000000000000000002,1,923125000,0,-42.5,0.570640853093458,0,0,0.560039978027344,1.63,0,-5399.92822265625
100000000000000000000000,1,923125000,0,-52.5,4.8719229823248,0,0,0.560039978027344,1.63,0,-5399.92822265625
100000000000000000000000,1,923125000,0,-52.5,4.85965113602171,0,0,0.560039978027344,1.63,0,-5399.92822265625
100000000000000000000003,1,923125000,0,-45,2.02485464000905,0,0,0.560039978027344,1.63,0,-5399.92822265625
100000000000000000000002,1,923125000,0,-42.5,0.558369006790373,0,0,0.560039978027344,1.63,0,-5399.92822265625
100000000000000000000001,1,923125000,0,-44.5,4.55899090159613,0,0,0.560039978027344,1.63,0,-5399.92822265625
100000000000000000000004,1,923125000,0,-45.5,3.57724319734932,0,0,0.560039978027344,1.63,0,-5399.92822265625
100000000000000000000004,1,923125000,0,-45.5,3.59565096680394,0,0,0.560039978027344,1.63,0,-5399.92822265625
100000000000000000000002,1,923125000,0,-42.5,0.546097160487288,0,0,0.560039978027344,1.63,0,-5399.92822265625
100000000000000000000001,1,923125000,0,-44.5,4.56512682474767,0,0,0.560039978027344,1.63,0,-5399.92822265625
100000000000000000000003,1,923125000,0,-45.5,2.03099056316059,0,0,0.560039978027344,1.63,0,-5399.92822265625
100000000000000000000000,1,923125000,0,-52.5,4.84737928971863,0,0,0.560039978027344,1.63,0,-5399.92822265625
100000000000000000000002,1,923125000,0,-42.5,0.552233083638831,0,0,0.560039978027344,1.63,0,-5399.92822265625
100000000000000000000001,1,923125000,0,-44.5,4.54671905529304,0,0,0.560039978027344,1.63,0,-5399.92822265625
100000000000000000000000,1,923125000,0,-52.5,4.87805890547634,0,0,0.560039978027344,1.63,0,-5399.92822265625
100000000000000000000003,1,923125000,0,-45.5,2.01258279370596,0,0,0.560039978027344,1.63,0,-5399.92822265625
100000000000000000000004,1,923125000,0,-45.5,3.59565096680394,0,0,0.560039978027344,1.63,0,-5399.92822265625
100000000000000000000001,1,923125000,0,-44.5,4.55899090159613,0,0,0.560039978027344,1.63,0,-5399.92822265625
100000000000000000000000,1,923125000,0,-52.5,4.828971520264,0,0,0.560039978027344,1.63,0,-5399.92822265625
100000000000000000000002,1,923125000,0,-42.5,0.564504929941916,0,0,0.560039978027344,1.63,0,-5399.92822265625
100000000000000000000003,1,923125000,0,-45,2.03712648631213,0,0,0.560039978027344,1.63,0,-5399.92822265625
100000000000000000000004,1,923125000,0,-45,3.55883542789469,0,0,0.560039978027344,1.63,0,-5399.92822265625
100000000000000000000002,1,923125000,0,-42.5,0.521553467881118,0,0,0.560039978027344,1.63,0,-5399.92822265625
100000000000000000000003,1,923125000,0,-45,1.99417502425133,0,0,0.560039978027344,1.63,0,-5399.92822265625
100000000000000000000001,1,923125000,0,-44.5,4.56512682474767,0,0,0.560039978027344,1.63,0,-5399.92822265625
100000000000000000000004,1,923125000,0,-45,3.5895150436524,0,0,0.560039978027344,1.63,0,-5399.92822265625
100000000000000000000000,1,923125000,0,-52,4.86578705917325,0,0,0.560039978027344,1.63,0,-5399.92822265625
100000000000000000000003,1,923125000,0,-45.5,2.02485464000905,0,0,0.560039978027344,1.63,0,-5399.92822265625
100000000000000000000001,1,923125000,0,-44.5,4.55285497844458,0,0,0.560039978027344,1.63,0,-5399.92822265625
100000000000000000000000,1,923125000,0,-52.5,4.84124336656708,0,0,0.560039978027344,1.63,0,-5399.92822265625
100000000000000000000002,1,923125000,0,-42.5,0.558369006790373,0,0,0.560039978027344,1.63,0,-5399.92822265625
100000000000000000000004,1,923125000,0,-45.5,3.59565096680394,0,0,0.560039978027344,1.63,0,-5399.92822265625
100000000000000000000001,1,923125000,0,-44.5,4.55899090159613,0,0,0.560039978027344,1.63,0,-5399.92822265625
100000000000000000000000,1,923125000,0,-52.5,4.84124336656708,0,0,0.560039978027344,1.63,0,-5399.92822265625
100000000000000000000002,1,923125000,0,-42.5,0.527689391032661,0,0,0.560039978027344,1.63,0,-5399.92822265625
100000000000000000000004,1,923125000,0,-45.5,3.5895150436524,0,0,0.560039978027344,1.63,0,-5399.92822265625
100000000000000000000003,1,923125000,0,-45.5,2.00644687055442,0,0,0.560039978027344,1.63,0,-5399.92822265625
100000000000000000000001,1,923125000,0,-44.5,4.55285497844458,0,0,0.560039978027344,1.63,0,-5399.92822265625
100000000000000000000000,1,923125000,0,-52.5,4.85351521287017,0,0,0.560039978027344,1.63,0,-5399.92822265625
100000000000000000000003,1,923125000,0,-45.5,2.03099056316059,0,0,0.560039978027344,1.63,0,-5399.92822265625
100000000000000000000002,1,923125000,0,-42.5,0.558369006790373,0,0,0.560039978027344,1.63,0,-5399.92822265625
100000000000000000000004,1,923125000,0,-45,3.5465635815916,0,0,0.560039978027344,1.63,0,-5399.92822265625
100000000000000000000001,1,923125000,0,-44.5,4.55899090159613,0,0,0.560039978027344,1.63,0,-5399.92822265625
100000000000000000000003,1,923125000,0,-45,2.00644687055442,0,0,0.560039978027344,1.63,0,-5399.92822265625
100000000000000000000002,1,923125000,0,-42.5,0.533825314184203,0,0,0.560039978027344,1.63,0,-5399.92822265625
100000000000000000000000,1,923125000,0,-52.5,4.83510744341554,0,0,0.560039978027344,1.63,0,-5399.92822265625
100000000000000000000004,1,923125000,0,-45,3.54042765844006,0,0,0.560039978027344,1.63,0,-5399.92822265625
100000000000000000000004,1,923125000,0,-45,3.58337912050086,0,0,0.560039978027344,1.63,0,-5399.92822265625
100000000000000000000000,1,923125000,0,-52.5,4.86578705917325,0,0,0.560039978027344,1.63,0,-5399.92822265625
100000000000000000000003,1,923125000,0,-45.5,2.02485464000905,0,0,0.560039978027344,1.63,0,-5399.92822265625
100000000000000000000002,1,923125000,0,-42.5,0.570640853093458,0,0,0.560039978027344,1.63,0,-5399.92822265625
100000000000000000000001,1,923125000,0,-44.5,4.54671905529304,0,0,0.560039978027344,1.63,0,-5399.92822265625
100000000000000000000004,1,923125000,0,-45,3.57724319734932,0,0,0.560039978027344,1.63,0,-5399.92822265625
100000000000000000000000,1,923125000,0,-52,4.81669967396091,0,0,0.560039978027344,1.63,0,-5399.92822265625
100000000000000000000001,1,923125000,0,-45,4.55285497844458,0,0,0.560039978027344,1.63,0,-5399.92822265625
100000000000000000000003,1,923125000,0,-45,2.03099056316059,0,0,0.560039978027344,1.63,0,-5399.92822265625
100000000000000000000002,1,923125000,0,-42.5,0.546097160487288,0,0,0.560039978027344,1.63,0,-5399.92822265625
100000000000000000000001,1,923125000,0,-44.5,4.5405831321415,0,0,0.560039978027344,1.63,0,-5399.92822265625
100000000000000000000000,1,923125000,0,-52,4.84124336656708,0,0,0.560039978027344,1.63,0,-5399.92822265625
100000000000000000000002,1,923125000,0,-42.5,0.552233083638831,0,0,0.560039978027344,1.63,0,-5399.92822265625
100000000000000000000003,1,923125000,0,-45.5,2.01258279370596,0,0,0.560039978027344,1.63,0,-5399.92822265625
100000000000000000000004,1,923125000,0,-45,3.57724319734932,0,0,0.560039978027344,1.63,0,-5399.92822265625
100000000000000000000004,1,923125000,0,-45,3.5895150436524,0,0,0.560039978027344,1.63,0,-5399.92822265625
100000000000000000000003,1,923125000,0,-45,2.00644687055442,0,0,0.560039978027344,1.63,0,-5399.92822265625
100000000000000000000002,1,923125000,0,-42.5,0.558369006790373,0,0,0.560039978027344,1.63,0,-5399.92822265625
100000000000000000000001,1,923125000,0,-44.5,4.5405831321415,0,0,0.560039978027344,1.63,0,-5399.92822265625
100000000000000000000000,1,923125000,0,-52.5,4.83510744341554,0,0,0.560039978027344,1.63,0,-5399.92822265625
100000000000000000000003,1,923125000,0,-45.5,2.01258279370596,0,0,0.560039978027344,1.63,0,-5399.92822265625
100000000000000000000004,1,923125000,0,-45.5,3.58337912050086,0,0,0.560039978027344,1.63,0,-5399.92822265625
100000000000000000000001,1,923125000,0,-44.5,4.54671905529304,0,0,0.560039978027344,1.63,0,-5399.92822265625
100000000000000000000002,1,923125000,0,-42.5,0.552233083638831,0,0,0.560039978027344,1.63,0,-5399.92822265625
100000000000000000000000,1,923125000,0,-52.5,4.81056375080937,0,0,0.560039978027344,1.63,0,-5399.92822265625
100000000000000000000004,1,923125000,0,-45.5,3.55883542789469,0,0,0.560039978027344,1.63,0,-5399.92822265625
100000000000000000000000,1,923125000,0,-52.5,4.82283559711246,0,0,0.560039978027344,1.63,0,-5399.92822265625
100000000000000000000001,1,923125000,0,-44.5,4.55899090159613,0,0,0.560039978027344,1.63,0,-5399.92822265625
100000000000000000000002,1,923125000,0,-42.5,0.552233083638831,0,0,0.560039978027344,1.63,0,-5399.92822265625
100000000000000000000003,1,923125000,0,-45,2.03712648631213,0,0,0.560039978027344,1.63,0,-5399.92822265625
100000000000000000000002,1,923125000,0,-42.5,0.521553467881118,0,0,0.560039978027344,1.63,0,-5399.92822265625
100000000000000000000001,1,923125000,0,-44.5,4.55285497844458,0,0,0.560039978027344,1.63,0,-5399.92822265625
100000000000000000000004,1,923125000,0,-45,3.58337912050086,0,0,0.560039978027344,1.63,0,-5399.92822265625
100000000000000000000003,1,923125000,0,-45.5,1.99417502425133,0,0,0.560039978027344,1.63,0,-5399.92822265625
100000000000000000000000,1,923125000,0,-52,4.8719229823248,0,0,0.560039978027344,1.63,0,-5399.92822265625
100000000000000000000001,1,923125000,0,-44.5,4.57126274789921,0,0,0.560039978027344,1.63,0,-5399.92822265625
100000000000000000000002,1,923125000,0,-42.5,0.521553467881118,0,0,0.560039978027344,1.63,0,-5399.92822265625
100000000000000000000003,1,923125000,0,-45.5,2.00031094740288,0,0,0.560039978027344,1.63,0,-5399.92822265625
100000000000000000000004,1,923125000,0,-45,3.57724319734932,0,0,0.560039978027344,1.63,0,-5399.92822265625
100000000000000000000000,1,923125000,0,-52,4.84737928971863,0,0,0.560039978027344,1.63,0,-5399.92822265625
100000000000000000000001,1,923125000,0,-44.5,4.55285497844458,0,0,0.560039978027344,1.63,0,-5399.92822265625
100000000000000000000002,1,923125000,0,-42.5,0.552233083638831,0,0,0.560039978027344,1.63,0,-5399.92822265625
100000000000000000000003,1,923125000,0,-45,2.02485464000905,0,0,0.560039978027344,1.63,0,-5399.92822265625
100000000000000000000004,1,923125000,0,-45,3.57724319734932,0,0,0.560039978027344,1.63,0,-5399.92822265625
100000000000000000000000,1,923125000,0,-52.5,4.81669967396091,0,0,0.560039978027344,1.63,0,-5399.92822265625
100000000000000000000003,1,923125000,0,-45,2.03099056316059,0,0,0.560039978027344,1.63,0,-5399.92822265625
100000000000000000000001,1,923125000,0,-44.5,4.56512682474767,0,0,0.560039978027344,1.63,0,-5399.92822265625
100000000000000000000002,1,923125000,0,-42.5,0.521553467881118,0,0,0.560039978027344,1.63,0,-5399.92822265625
100000000000000000000000,1,923125000,0,-52.5,4.83510744341554,0,0,0.560039978027344,1.63,0,-5399.92822265625
100000000000000000000004,1,923125000,0,-45.5,3.5895150436524,0,0,0.560039978027344,1.63,0,-5399.92822265625
100000000000000000000001,1,923125000,0,-44.5,4.5405831321415,0,0,0.560039978027344,1.63,0,-5399.92822265625
100000000000000000000004,1,923125000,0,-45.5,3.58337912050086,0,0,0.560039978027344,1.63,0,-5399.92822265625
100000000000000000000002,1,923125000,0,-42.5,0.546097160487288,0,0,0.560039978027344,1.63,0,-5399.92822265625
100000000000000000000003,1,923125000,0,-45.5,2.00031094740288,0,0,0.560039978027344,1.63,0,-5399.92822265625
100000000000000000000000,1,923125000,0,-52.5,4.84737928971863,0,0,0.560039978027344,1.63,0,-5399.92822265625
100000000000000000000004,1,923125000,0,-45,3.57110727419777,0,0,0.560039978027344,1.63,0,-5399.92822265625
100000000000000000000003,1,923125000,0,-45,2.01258279370596,0,0,0.560039978027344,1.63,0,-5399.92822265625
100000000000000000000002,1,923125000,0,-42.5,0.539961237335746,0,0,0.560039978027344,1.63,0,-5399.92822265625
100000000000000000000001,1,923125000,0,-44.5,4.54671905529304,0,0,0.560039978027344,1.63,0,-5399.92822265625
100000000000000000000000,1,923125000,0,-52.5,4.83510744341554,0,0,0.560039978027344,1.63,0,-5399.92822265625
100000000000000000000001,1,923125000,0,-44.5,4.55285497844458,0,0,0.560039978027344,1.63,0,-5399.92822265625
100000000000000000000002,1,923125000,0,-42.5,0.558369006790373,0,0,0.560039978027344,1.63,0,-5399.92822265625
100000000000000000000000,1,923125000,0,-52.5,4.82283559711246,0,0,0.560039978027344,1.63,0,-5399.92822265625
100000000000000000000004,1,923125000,0,-45,3.57724319734932,0,0,0.560039978027344,1.63,0,-5399.92822265625
100000000000000000000003,1,923125000,0,-45.5,2.00031094740288,0,0,0.560039978027344,1.63,0,-5399.92822265625
100000000000000000000001,1,923125000,0,-44.5,4.55285497844458,0,0,0.560039978027344,1.63,0,-5399.92822265625
100000000000000000000003,1,923125000,0,-45.5,2.0187187168575,0,0,0.560039978027344,1.63,0,-5399.92822265625
100000000000000000000002,1,923125000,0,-42.5,0.533825314184203,0,0,0.560039978027344,1.63,0,-5399.92822265625
100000000000000000000000,1,923125000,0,-52,4.84737928971863,0,0,0.560039978027344,1.63,0,-5399.92822265625
100000000000000000000004,1,923125000,0,-45.5,3.56497135104623,0,0,0.560039978027344,1.63,0,-5399.92822265625
100000000000000000000004,1,923125000,0,-45,3.57110727419777,0,0,0.560039978027344,1.63,0,-5399.92822265625
100000000000000000000002,1,923125000,0,-42.5,0.564504929941916,0,0,0.560039978027344,1.63,0,-5399.92822265625
100000000000000000000000,1,923125000,0,-52.5,4.86578705917325,0,0,0.560039978027344,1.63,0,-5399.92822265625
100000000000000000000001,1,923125000,0,-44.5,4.55899090159613,0,0,0.560039978027344,1.63,0,-5399.92822265625
100000000000000000000003,1,923125000,0,-45.5,2.0187187168575,0,0,0.560039978027344,1.63,0,-5399.92822265625
100000000000000000000001,1,923125000,0,-44.5,4.55899090159613,0,0,0.560039978027344,1.63,0,-5399.92822265625
100000000000000000000003,1,923125000,0,-45,2.00644687055442,0,0,0.560039978027344,1.63,0,-5399.92822265625
100000000000000000000002,1,923125000,0,-42.5,0.533825314184203,0,0,0.560039978027344,1.63,0,-5399.92822265625
100000000000000000000004,1,923125000,0,-45.5,3.57724319734932,0,0,0.560039978027344,1.63,0,-5399.92822265625
100000000000000000000000,1,923125000,0,-52.5,4.82283559711246,0,0,0.560039978027344,1.63,0,-5399.92822265625
100000000000000000000000,1,923125000,0,-52.5,4.84737928971863,0,0,0.560039978027344,1.63,0,-5399.92822265625
100000000000000000000002,1,923125000,0,-42.5,0.533825314184203,0,0,0.560039978027344,1.63,0,-5399.92822265625
100000000000000000000001,1,923125000,0,-44.5,4.5405831321415,0,0,0.560039978027344,1.63,0,-5399.92822265625
100000000000000000000004,1,923125000,0,-45,3.5895150436524,0,0,0.560039978027344,1.63,0,-5399.92822265625
100000000000000000000003,1,923125000,0,-45.5,2.0187187168575,0,0,0.560039978027344,1.63,0,-5399.92822265625
100000000000000000000001,1,923125000,0,-44.5,4.55285497844458,0,0,0.560039978027344,1.63,0,-5399.92822265625
100000000000000000000003,1,923125000,0,-45.5,2.0187187168575,0,0,0.560039978027344,1.63,0,-5399.92822265625
100000000000000000000000,1,923125000,0,-52.5,4.828971520264,0,0,0.560039978027344,1.63,0,-5399.92822265625
100000000000000000000002,1,923125000,0,-42.5,0.546097160487288,0,0,0.560039978027344,1.63,0,-5399.92822265625
100000000000000000000004,1,923125000,0,-45,3.57110727419777,0,0,0.560039978027344,1.63,0,-5399.92822265625
100000000000000000000003,1,923125000,0,-45,2.03099056316059,0,0,0.560039978027344,1.63,0,-5399.92822265625
100000000000000000000001,1,923125000,0,-44.5,4.55899090159613,0,0,0.560039978027344,1.63,0,-5399.92822265625
100000000000000000000000,1,923125000,0,-52.5,4.87805890547634,0,0,0.560039978027344,1.63,0,-5399.92822265625
100000000000000000000004,1,923125000,0,-45.5,3.56497135104623,0,0,0.560039978027344,1.63,0,-5399.92822265625
100000000000000000000002,1,923125000,0,-42.5,0.558369006790373,0,0,0.560039978027344,1.63,0,-5399.92822265625
100000000000000000000002,1,923125000,0,-42.5,0.515417544729575,0,0,0.560039978027344,1.63,0,-5399.92822265625
100000000000000000000004,1,923125000,0,-45.5,3.55883542789469,0,0,0.560039978027344,1.63,0,-5399.92822265625
100000000000000000000001,1,923125000,0,-44.5,4.55899090159613,0,0,0.560039978027344,1.63,0,-5399.92822265625
100000000000000000000000,1,923125000,0,-52,4.84124336656708,0,0,0.560039978027344,1.63,0,-5399.92822265625
100000000000000000000003,1,923125000,0,-45,2.02485464000905,0,0,0.560039978027344,1.63,0,-5399.92822265625
100000000000000000000000,1,923125000,0,-52.5,4.82283559711246,0,0,0.560039978027344,1.63,0,-5399.92822265625
100000000000000000000002,1,923125000,0,-42.5,0.558369006790373,0,0,0.560039978027344,1.63,0,-5399.92822265625
100000000000000000000004,1,923125000,0,-45.5,3.5895150436524,0,0,0.560039978027344,1.63,0,-5399.92822265625
100000000000000000000001,1,923125000,0,-45,4.54671905529304,0,0,0.560039978027344,1.63,0,-5399.92822265625
100000000000000000000003,1,923125000,0,-45.5,2.01258279370596,0,0,0.560039978027344,1.63,0,-5399.92822265625
100000000000000000000001,1,923125000,0,-44.5,4.55899090159613,0,0,0.560039978027344,1.63,0,-5399.92822265625
100000000000000000000004,1,923125000,0,-45,3.5895150436524,0,0,0.560039978027344,1.63,0,-5399.92822265625
100000000000000000000003,1,923125000,0,-45.5,2.0187187168575,0,0,0.560039978027344,1.63,0,-5399.92822265625
100000000000000000000000,1,923125000,0,-52.5,4.83510744341554,0,0,0.560039978027344,1.63,0,-5399.92822265625
100000000000000000000002,1,923125000,0,-42.5,0.539961237335746,0,0,0.560039978027344,1.63,0,-5399.92822265625
100000000000000000000000,1,923125000,0,-52.5,4.83510744341554,0,0,0.560039978027344,1.63,0,-5399.92822265625
100000000000000000000004,1,923125000,0,-45.5,3.57110727419777,0,0,0.560039978027344,1.63,0,-5399.92822265625
100000000000000000000001,1,923125000,0,-44.5,4.55899090159613,0,0,0.560039978027344,1.63,0,-5399.92822265625
100000000000000000000003,1,923125000,0,-45.5,2.00644687055442,0,0,0.560039978027344,1.63,0,-5399.92822265625
100000000000000000000002,1,923125000,0,-42.5,0.533825314184203,0,0,0.560039978027344,1.63,0,-5399.92822265625
100000000000000000000000,1,923125000,0,-52.5,4.828971520264,0,0,0.560039978027344,1.63,0,-5399.92822265625
100000000000000000000002,1,923125000,0,-42.5,0.552233083638831,0,0,0.560039978027344,1.63,0,-5399.92822265625
100000000000000000000003,1,923125000,0,-45.5,2.04326240946367,0,0,0.560039978027344,1.63,0,-5399.92822265625
100000000000000000000004,1,923125000,0,-45.5,3.58337912050086,0,0,0.560039978027344,1.63,0,-5399.92822265625
100000000000000000000001,1,923125000,0,-44.5,4.56512682474767,0,0,0.560039978027344,1.63,0,-5399.92822265625
100000000000000000000004,1,923125000,0,-45.5,3.5895150436524,0,0,0.560039978027344,1.63,0,-5399.92822265625
100000000000000000000001,1,923125000,0,-44.5,4.55285497844458,0,0,0.560039978027344,1.63,0,-5399.92822265625
100000000000000000000002,1,923125000,0,-42.5,0.539961237335746,0,0,0.560039978027344,1.63,0,-5399.92822265625
100000000000000000000003,1,923125000,0,-45,2.02485464000905,0,0,0.560039978027344,1.63,0,-5399.92822265625
100000000000000000000000,1,923125000,0,-52.5,4.83510744341554,0,0,0.560039978027344,1.63,0,-5399.92822265625
100000000000000000000003,1,923125000,0,-45.5,2.02485464000905,0,0,0.560039978027344,1.63,0,-5399.92822265625
100000000000000000000000,1,923125000,0,-52,4.84124336656708,0,0,0.560039978027344,1.63,0,-5399.92822265625
100000000000000000000001,1,923125000,0,-44.5,4.55285497844458,0,0,0.560039978027344,1.63,0,-5399.92822265625
100000000000000000000002,1,923625000,0,-43,0.803805932852076,0,0,0.560039978027344,1.63,0,-5399.92822265625
100000000000000000000004,1,923625000,0,-45.5,3.82268012341102,0,0,0.560039978027344,1.63,0,-5399.92822265625
100000000000000000000004,1,923625000,0,-45,3.82881604656256,0,0,0.560039978027344,1.63,0,-5399.92822265625
100000000000000000000000,1,923625000,0,-52.5,5.12349583153804,0,0,0.560039978027344,1.63,0,-5399.92822265625
100000000000000000000003,1,923625000,0,-45.5,2.24574787346458,0,0,0.560039978027344,1.63,0,-5399.92822265625
100000000000000000000001,1,923625000,0,-45,4.77374821190012,0,0,0.560039978027344,1.63,0,-5399.92822265625
100000000000000000000002,1,923625000,0,-43,0.791534086548991,0,0,0.560039978027344,1.63,0,-5399.92822265625
100000000000000000000000,1,923625000,0,-52.5,5.14803952414421,0,0,0.560039978027344,1.63,0,-5399.92822265625
100000000000000000000003,1,923625000,0,-45.5,2.24574787346458,0,0,0.560039978027344,1.63,0,-5399.92822265625
100000000000000000000001,1,923625000,0,-45,4.76761228874857,0,0,0.560039978027344,1.63,0,-5399.92822265625
100000000000000000000002,1,923625000,0,-43,0.797670009700534,0,0,0.560039978027344,1.63,0,-5399.92822265625
100000000000000000000004,1,923625000,0,-45.5,3.82268012341102,0,0,0.560039978027344,1.63,0,-5399.92822265625
100000000000000000000003,1,923625000,0,-45.5,2.22734010400995,0,0,0.560039978027344,1.63,0,-5399.92822265625
100000000000000000000004,1,923625000,0,-45.5,3.82268012341102,0,0,0.560039978027344,1.63,0,-5399.92822265625
100000000000000000000002,1,923625000,0,-43,0.760854470791278,0,0,0.560039978027344,1.63,0,-5399.92822265625
100000000000000000000001,1,923625000,0,-45,4.76761228874857,0,0,0.560039978027344,1.63,0,-5399.92822265625
100000000000000000000000,1,923625000,0,-52.5,5.1603113704473,0,0,0.560039978027344,1.63,0,-5399.92822265625
100000000000000000000002,1,923625000,0,-43,0.797670009700534,0,0,0.560039978027344,1.63,0,-5399.92822265625
100000000000000000000001,1,923625000,0,-45,4.77374821190012,0,0,0.560039978027344,1.63,0,-5399.92822265625
100000000000000000000004,1,923625000,0,-45.5,3.8349519697141,0,0,0.560039978027344,1.63,0,-5399.92822265625
100000000000000000000003,1,923625000,0,-45.5,2.23347602716149,0,0,0.560039978027344,1.63,0,-5399.92822265625
100000000000000000000000,1,923625000,0,-52.5,5.1173599083865,0,0,0.560039978027344,1.63,0,-5399.92822265625
100000000000000000000001,1,923625000,0,-45,4.7860200582032,0,0,0.560039978027344,1.63,0,-5399.92822265625
100000000000000000000004,1,923625000,0,-45.5,3.82268012341102,0,0,0.560039978027344,1.63,0,-5399.92822265625
100000000000000000000000,1,923625000,0,-52.5,5.12349583153804,0,0,0.560039978027344,1.63,0,-5399.92822265625
100000000000000000000003,1,923625000,0,-45.5,2.23961195031304,0,0,0.560039978027344,1.63,0,-5399.92822265625
100000000000000000000002,1,923625000,0,-43,0.797670009700534,0,0,0.560039978027344,1.63,0,-5399.92822265625
100000000000000000000002,1,923625000,0,-43,0.803805932852076,0,0,0.560039978027344,1.63,0,-5399.92822265625
100000000000000000000004,1,923625000,0,-45,3.82268012341102,0,0,0.560039978027344,1.63,0,-5399.92822265625
100000000000000000000003,1,923625000,0,-45.5,2.23961195031304,0,0,0.560039978027344,1.63,0,-5399.92822265625
100000000000000000000001,1,923625000,0,-45,4.77374821190012,0,0,0.560039978027344,1.63,0,-5399.92822265625
100000000000000000000000,1,923625000,0,-52.5,5.13576767784113,0,0,0.560039978027344,1.63,0,-5399.92822265625
100000000000000000000004,1,923625000,0,-45.5,3.82881604656256,0,0,0.560039978027344,1.63,0,-5399.92822265625
100000000000000000000000,1,923625000,0,-52.5,5.14803952414421,0,0,0.560039978027344,1.63,0,-5399.92822265625
100000000000000000000002,1,923625000,0,-43,0.791534086548991,0,0,0.560039978027344,1.63,0,-5399.92822265625
100000000000000000000001,1,923625000,0,-45,4.77374821190012,0,0,0.560039978027344,1.63,0,-5399.92822265625
100000000000000000000003,1,923625000,0,-45.5,2.23347602716149,0,0,0.560039978027344,1.63,0,-5399.92822265625
100000000000000000000000,1,923625000,0,-52.5,5.10508806208341,0,0,0.560039978027344,1.63,0,-5399.92822265625
100000000000000000000002,1,923625000,0,-43,0.797670009700534,0,0,0.560039978027344,1.63,0,-5399.92822265625
100000000000000000000003,1,923625000,0,-45.5,2.22734010400995,0,0,0.560039978027344,1.63,0,-5399.92822265625
100000000000000000000001,1,923625000,0,-45,4.7860200582032,0,0,0.560039978027344,1.63,0,-5399.92822265625
100000000000000000000004,1,923625000,0,-45.5,3.82268012341102,0,0,0.560039978027344,1.63,0,-5399.92822265625
100000000000000000000004,1,923625000,0,-45.5,3.81654420025948,0,0,0.560039978027344,1.63,0,-5399.92822265625
100000000000000000000003,1,923625000,0,-45.5,2.23347602716149,0,0,0.560039978027344,1.63,0,-5399.92822265625
100000000000000000000000,1,923625000,0,-52.5,5.15417544729575,0,0,0.560039978027344,1.63,0,-5399.92822265625
100000000000000000000002,1,923625000,0,-43,0.779262240245906,0,0,0.560039978027344,1.63,0,-5399.92822265625
100000000000000000000001,1,923625000,0,-45,4.77374821190012,0,0,0.560039978027344,1.63,0,-5399.92822265625
100000000000000000000001,1,923625000,0,-45,4.77988413505166,0,0,0.560039978027344,1.63,0,-5399.92822265625
100000000000000000000003,1,923625000,0,-45.5,2.23961195031304,0,0,0.560039978027344,1.63,0,-5399.92822265625
100000000000000000000002,1,923625000,0,-43,0.791534086548991,0,0,0.560039978027344,1.63,0,-5399.92822265625
100000000000000000000000,1,923625000,0,-52.5,5.1173599083865,0,0,0.560039978027344,1.63,0,-5399.92822265625
100000000000000000000004,1,923625000,0,-45,3.81654420025948,0,0,0.560039978027344,1.63,0,-5399.92822265625
100000000000000000000002,1,923625000,0,-43,0.779262240245906,0,0,0.560039978027344,1.63,0,-5399.92822265625
100000000000000000000001,1,923625000,0,-45,4.77374821190012,0,0,0.560039978027344,1.63,0,-5399.92822265625
100000000000000000000000,1,923625000,0,-52.5,5.12349583153804,0,0,0.560039978027344,1.63,0,-5399.92822265625
100000000000000000000003,1,923625000,0,-45.5,2.23347602716149,0,0,0.560039978027344,1.63,0,-5399.92822265625
100000000000000000000004,1,923625000,0,-45.5,3.81040827710793,0,0,0.560039978027344,1.63,0,-5399.92822265625
100000000000000000000001,1,923625000,0,-45,4.77988413505166,0,0,0.560039978027344,1.63,0,-5399.92822265625
100000000000000000000000,1,923625000,0,-52.5,5.12349583153804,0,0,0.560039978027344,1.63,0,-5399.92822265625
100000000000000000000004,1,923625000,0,-45.5,3.80427235395639,0,0,0.560039978027344,1.63,0,-5399.92822265625
100000000000000000000002,1,923625000,0,-43,0.791534086548991,0,0,0.560039978027344,1.63,0,-5399.92822265625
100000000000000000000003,1,923625000,0,-45.5,2.22120418085841,0,0,0.560039978027344,1.63,0,-5399.92822265625
100000000000000000000004,1,923625000,0,-45,3.80427235395639,0,0,0.560039978027344,1.63,0,-5399.92822265625
100000000000000000000001,1,923625000,0,-45,4.76761228874857,0,0,0.560039978027344,1.63,0,-5399.92822265625
100000000000000000000003,1,923625000,0,-45,2.23347602716149,0,0,0.560039978027344,1.63,0,-5399.92822265625
100000000000000000000002,1,923625000,0,-43,0.791534086548991,0,0,0.560039978027344,1.63,0,-5399.92822265625
100000000000000000000000,1,923625000,0,-52.5,5.12349583153804,0,0,0.560039978027344,1.63,0,-5399.92822265625
100000000000000000000003,1,923625000,0,-45.5,2.23347602716149,0,0,0.560039978027344,1.63,0,-5399.92822265625
100000000000000000000004,1,923625000,0,-45.5,3.80427235395639,0,0,0.560039978027344,1.63,0,-5399.92822265625
100000000000000000000001,1,923625000,0,-45,4.76761228874857,0,0,0.560039978027344,1.63,0,-5399.92822265625
100000000000000000000002,1,923625000,0,-43,0.797670009700534,0,0,0.560039978027344,1.63,0,-5399.92822265625
100000000000000000000000,1,923625000,0,-52.5,5.12349583153804,0,0,0.560039978027344,1.63,0,-5399.92822265625
100000000000000000000003,1,923625000,0,-45.5,2.23347602716149,0,0,0.560039978027344,1.63,0,-5399.92822265625
100000000000000000000001,1,923625000,0,-45,4.76147636559703,0,0,0.560039978027344,1.63,0,-5399.92822265625
100000000000000000000002,1,923625000,0,-43,0.779262240245906,0,0,0.560039978027344,1.63,0,-5399.92822265625
100000000000000000000000,1,923625000,0,-52.5,5.11122398523496,0,0,0.560039978027344,1.63,0,-5399.92822265625
100000000000000000000004,1,923625000,0,-45.5,3.79200050765331,0,0,0.560039978027344,1.63,0,-5399.92822265625
100000000000000000000003,1,923625000,0,-45.5,2.23347602716149,0,0,0.560039978027344,1.63,0,-5399.92822265625
100000000000000000000002,1,923625000,0,-43,0.809941856003618,0,0,0.560039978027344,1.63,0,-5399.92822265625
100000000000000000000004,1,923625000,0,-45.5,3.82268012341102,0,0,0.560039978027344,1.63,0,-5399.92822265625
100000000000000000000001,1,923625000,0,-45,4.76761228874857,0,0,0.560039978027344,1.63,0,-5399.92822265625
100000000000000000000000,1,923625000,0,-52.5,5.14803952414421,0,0,0.560039978027344,1.63,0,-5399.92822265625
100000000000000000000001,1,923625000,0,-45,4.77374821190012,0,0,0.560039978027344,1.63,0,-5399.92822265625
100000000000000000000000,1,923625000,0,-52.5,5.1173599083865,0,0,0.560039978027344,1.63,0,-5399.92822265625
100000000000000000000002,1,923625000,0,-43,0.791534086548991,0,0,0.560039978027344,1.63,0,-5399.92822265625
100000000000000000000004,1,923625000,0,-45.5,3.81654420025948,0,0,0.560039978027344,1.63,0,-5399.92822265625
100000000000000000000003,1,923625000,0,-45.5,2.22734010400995,0,0,0.560039978027344,1.63,0,-5399.92822265625
100000000000000000000001,1,923625000,0,-45,4.76761228874857,0,0,0.560039978027344,1.63,0,-5399.92822265625
100000000000000000000003,1,923625000,0,-45.5,2.22734010400995,0,0,0.560039978027344,1.63,0,-5399.92822265625
100000000000000000000002,1,923625000,0,-43,0.803805932852076,0,0,0.560039978027344,1.63,0,-5399.92822265625
100000000000000000000004,1,923625000,0,-45.5,3.82881604656256,0,0,0.560039978027344,1.63,0,-5399.92822265625
100000000000000000000000,1,923625000,0,-52.5,5.14190360099267,0,0,0.560039978027344,1.63,0,-5399.92822265625
100000000000000000000001,1,923625000,0,-45,4.77988413505166,0,0,0.560039978027344,1.63,0,-5399.92822265625
100000000000000000000004,1,923625000,0,-45,3.82268012341102,0,0,0.560039978027344,1.63,0,-5399.92822265625
100000000000000000000002,1,923625000,0,-43,0.803805932852076,0,0,0.560039978027344,1.63,0,-5399.92822265625
100000000000000000000000,1,923625000,0,-52.5,5.15417544729575,0,0,0.560039978027344,1.63,0,-5399.92822265625
100000000000000000000003,1,923625000,0,-45.5,2.23347602716149,0,0,0.560039978027344,1.63,0,-5399.92822265625
100000000000000000000004,1,923625000,0,-45.5,3.81040827710793,0,0,0.560039978027344,1.63,0,-5399.92822265625
100000000000000000000002,1,923625000,0,-43,0.791534086548991,0,0,0.560039978027344,1.63,0,-5399.92822265625
100000000000000000000001,1,923625000,0,-45,4.74920451929395,0,0,0.560039978027344,1.63,0,-5399.92822265625
100000000000000000000003,1,923625000,0,-45.5,2.22734010400995,0,0,0.560039978027344,1.63,0,-5399.92822265625
100000000000000000000000,1,923625000,0,-52.5,5.13576767784113,0,0,0.560039978027344,1.63,0,-5399.92822265625
100000000000000000000002,1,923625000,0,-43,0.791534086548991,0,0,0.560039978027344,1.63,0,-5399.92822265625
100000000000000000000000,1,923625000,0,-52.5,5.14803952414421,0,0,0.560039978027344,1.63,0,-5399.92822265625
100000000000000000000001,1,923625000,0,-45,4.7860200582032,0,0,0.560039978027344,1.63,0,-5399.92822265625
100000000000000000000003,1,923625000,0,-45.5,2.23961195031304,0,0,0.560039978027344,1.63,0,-5399.92822265625
100000000000000000000004,1,923625000,0,-45.5,3.81654420025948,0,0,0.560039978027344,1.63,0,-5399.92822265625
100000000000000000000000,1,923625000,0,-52.5,5.12349583153804,0,0,0.560039978027344,1.63,0,-5399.92822265625
100000000000000000000004,1,923625000,0,-45.5,3.82268012341102,0,0,0.560039978027344,1.63,0,-5399.92822265625
100000000000000000000001,1,923625000,0,-45,4.76761228874857,0,0,0.560039978027344,1.63,0,-5399.92822265625
100000000000000000000002,1,923625000,0,-43,0.803805932852076,0,0,0.560039978027344,1.63,0,-5399.92822265625
100000000000000000000003,1,923625000,0,-45.5,2.23347602716149,0,0,0.560039978027344,1.63,0,-5399.92822265625
100000000000000000000001,1,923625000,0,-45,4.76761228874857,0,0,0.560039978027344,1.63,0,-5399.92822265625
100000000000000000000000,1,923625000,0,-52.5,5.12963175468958,0,0,0.560039978027344,1.63,0,-5399.92822265625
100000000000000000000002,1,923625000,0,-43,0.76699039394282,0,0,0.560039978027344,1.63,0,-5399.92822265625
100000000000000000000003,1,923625000,0,-45.5,2.23961195031304,0,0,0.560039978027344,1.63,0,-5399.92822265625
100000000000000000000004,1,923625000,0,-45.5,3.81654420025948,0,0,0.560039978027344,1.63,0,-5399.92822265625
100000000000000000000003,1,923625000,0,-45.5,2.23347602716149,0,0,0.560039978027344,1.63,0,-5399.92822265625
100000000000000000000001,1,923625000,0,-45,4.77988413505166,0,0,0.560039978027344,1.63,0,-5399.92822265625
100000000000000000000002,1,923625000,0,-43,0.803805932852076,0,0,0.560039978027344,1.63,0,-5399.92822265625
100000000000000000000004,1,923625000,0,-45.5,3.82268012341102,0,0,0.560039978027344,1.63,0,-5399.92822265625
100000000000000000000000,1,923625000,0,-52.5,5.11122398523496,0,0,0.560039978027344,1.63,0,-5399.92822265625
100000000000000000000001,1,923625000,0,-45,4.77988413505166,0,0,0.560039978027344,1.63,0,-5399.92822265625
100000000000000000000002,1,923625000,0,-43,0.809941856003618,0,0,0.560039978027344,1.63,0,-5399.92822265625
100000000000000000000004,1,923625000,0,-45.5,3.81654420025948,0,0,0.560039978027344,1.63,0,-5399.92822265625
100000000000000000000003,1,923625000,0,-45.5,2.24574787346458,0,0,0.560039978027344,1.63,0,-5399.92822265625
100000000000000000000000,1,923625000,0,-52.5,5.14803952414421,0,0,0.560039978027344,1.63,0,-5399.92822265625
100000000000000000000002,1,923625000,0,-43,0.797670009700534,0,0,0.560039978027344,1.63,0,-5399.92822265625
100000000000000000000004,1,923625000,0,-45.5,3.8349519697141,0,0,0.560039978027344,1.63,0,-5399.92822265625
100000000000000000000001,1,923625000,0,-45,4.77374821190012,0,0,0.560039978027344,1.63,0,-5399.92822265625
100000000000000000000003,1,923625000,0,-45.5,2.23347602716149,0,0,0.560039978027344,1.63,0,-5399.92822265625
100000000000000000000000,1,923625000,0,-52.5,5.11122398523496,0,0,0.560039978027344,1.63,0,-5399.92822265625
100000000000000000000003,1,923625000,0,-45.5,2.23347602716149,0,0,0.560039978027344,1.63,0,-5399.92822265625
100000000000000000000004,1,923625000,0,-45.5,3.81654420025948,0,0,0.560039978027344,1.63,0,-5399.92822265625
100000000000000000000001,1,923625000,0,-45,4.77374821190012,0,0,0.560039978027344,1.63,0,-5399.92822265625
100000000000000000000002,1,923625000,0,-43,0.791534086548991,0,0,0.560039978027344,1.63,0,-5399.92822265625
100000000000000000000000,1,923625000,0,-52.5,5.14190360099267,0,0,0.560039978027344,1.63,0,-5399.92822265625
100000000000000000000000,1,923625000,0,-52.5,5.1173599083865,0,0,0.560039978027344,1.63,0,-5399.92822265625
100000000000000000000004,1,923625000,0,-45.5,3.80427235395639,0,0,0.560039978027344,1.63,0,-5399.92822265625
100000000000000000000002,1,923625000,0,-43,0.791534086548991,0,0,0.560039978027344,1.63,0,-5399.92822265625
100000000000000000000001,1,923625000,0,-45,4.77374821190012,0,0,0.560039978027344,1.63,0,-5399.92822265625
100000000000000000000003,1,923625000,0,-45.5,2.23347602716149,0,0,0.560039978027344,1.63,0,-5399.92822265625
100000000000000000000003,1,923625000,0,-45.5,2.24574787346458,0,0,0.560039978027344,1.63,0,-5399.92822265625
100000000000000000000001,1,923625000,0,-45,4.7860200582032,0,0,0.560039978027344,1.63,0,-5399.92822265625
100000000000000000000000,1,923625000,0,-52.5,5.11122398523496,0,0,0.560039978027344,1.63,0,-5399.92822265625
100000000000000000000002,1,923625000,0,-43,0.791534086548991,0,0,0.560039978027344,1.63,0,-5399.92822265625
100000000000000000000004,1,923625000,0,-45.5,3.82268012341102,0,0,0.560039978027344,1.63,0,-5399.92822265625
100000000000000000000004,1,923625000,0,-45,3.82881604656256,0,0,0.560039978027344,1.63,0,-5399.92822265625
100000000000000000000001,1,923625000,0,-45,4.79215598135474,0,0,0.560039978027344,1.63,0,-5399.92822265625
100000000000000000000003,1,923625000,0,-45.5,2.22734010400995,0,0,0.560039978027344,1.63,0,-5399.92822265625
100000000000000000000002,1,923625000,0,-43,0.797670009700534,0,0,0.560039978027344,1.63,0,-5399.92822265625
100000000000000000000000,1,923625000,0,-52.5,5.12963175468958,0,0,0.560039978027344,1.63,0,-5399.92822265625
100000000000000000000001,1,923625000,0,-45,4.77374821190012,0,0,0.560039978027344,1.63,0,-5399.92822265625
100000000000000000000002,1,923625000,0,-43,0.791534086548991,0,0,0.560039978027344,1.63,0,-5399.92822265625
100000000000000000000003,1,923625000,0,-45.5,2.21506825770687,0,0,0.560039978027344,1.63,0,-5399.92822265625
100000000000000000000004,1,923625000,0,-45.5,3.82268012341102,0,0,0.560039978027344,1.63,0,-5399.92822265625
100000000000000000000000,1,923625000,0,-52.5,5.12963175468958,0,0,0.560039978027344,1.63,0,-5399.92822265625
100000000000000000000004,1,923625000,0,-45.5,3.82268012341102,0,0,0.560039978027344,1.63,0,-5399.92822265625
100000000000000000000003,1,923625000,0,-45.5,2.23347602716149,0,0,0.560039978027344,1.63,0,-5399.92822265625
100000000000000000000000,1,923625000,0,-52.5,5.13576767784113,0,0,0.560039978027344,1.63,0,-5399.92822265625
100000000000000000000001,1,923625000,0,-45,4.79829190450629,0,0,0.560039978027344,1.63,0,-5399.92822265625
100000000000000000000002,1,923625000,0,-43,0.803805932852076,0,0,0.560039978027344,1.63,0,-5399.92822265625
100000000000000000000003,1,923625000,0,-45.5,2.23961195031304,0,0,0.560039978027344,1.63,0,-5399.92822265625
100000000000000000000002,1,923625000,0,-43,0.803805932852076,0,0,0.560039978027344,1.63,0,-5399.92822265625
100000000000000000000004,1,923625000,0,-45.5,3.82268012341102,0,0,0.560039978027344,1.63,0,-5399.92822265625
100000000000000000000001,1,923625000,0,-45,4.7860200582032,0,0,0.560039978027344,1.63,0,-5399.92822265625
100000000000000000000000,1,923625000,0,-52,5.12963175468958,0,0,0.560039978027344,1.63,0,-5399.92822265625
100000000000000000000000,1,923625000,0,-52.5,5.11122398523496,0,0,0.560039978027344,1.63,0,-5399.92822265625
100000000000000000000001,1,923625000,0,-45,4.77988413505166,0,0,0.560039978027344,1.63,0,-5399.92822265625
100000000000000000000002,1,923625000,0,-43,0.791534086548991,0,0,0.560039978027344,1.63,0,-5399.92822265625
100000000000000000000004,1,923625000,0,-45,3.8349519697141,0,0,0.560039978027344,1.63,0,-5399.92822265625
100000000000000000000003,1,923625000,0,-45.5,2.23347602716149,0,0,0.560039978027344,1.63,0,-5399.92822265625
100000000000000000000004,1,923625000,0,-45.5,3.82268012341102,0,0,0.560039978027344,1.63,0,-5399.92822265625
100000000000000000000002,1,923625000,0,-43,0.803805932852076,0,0,0.560039978027344,1.63,0,-5399.92822265625
100000000000000000000003,1,923625000,0,-45,2.21506825770687,0,0,0.560039978027344,1.63,0,-5399.92822265625
100000000000000000000000,1,923625000,0,-52.5,5.12963175468958,0,0,0.560039978027344,1.63,0,-5399.92822265625
100000000000000000000001,1,923625000,0,-45,4.77988413505166,0,0,0.560039978027344,1.63,0,-5399.92822265625
100000000000000000000001,1,923625000,0,-45,4.76761228874857,0,0,0.560039978027344,1.63,0,-5399.92822265625
100000000000000000000003,1,923625000,0,-45.5,2.23961195031304,0,0,0.560039978027344,1.63,0,-5399.92822265625
100000000000000000000000,1,923625000,0,-52.5,5.14190360099267,0,0,0.560039978027344,1.63,0,-5399.92822265625
100000000000000000000004,1,923625000,0,-45.5,3.79200050765331,0,0,0.560039978027344,1.63,0,-5399.92822265625
100000000000000000000002,1,923625000,0,-43,0.797670009700534,0,0,0.560039978027344,1.63,0,-5399.92822265625
100000000000000000000001,1,923625000,0,-45,4.77988413505166,0,0,0.560039978027344,1.63,0,-5399.92822265625
100000000000000000000003,1,923625000,0,-45.5,2.25188379661612,0,0,0.560039978027344,1.63,0,-5399.92822265625
100000000000000000000002,1,923625000,0,-43,0.797670009700534,0,0,0.560039978027344,1.63,0,-5399.92822265625
100000000000000000000004,1,923625000,0,-45.5,3.81654420025948,0,0,0.560039978027344,1.63,0,-5399.92822265625
100000000000000000000000,1,923625000,0,-52.5,5.16644729359884,0,0,0.560039978027344,1.63,0,-5399.92822265625
100000000000000000000000,1,923625000,0,-52,5.1603113704473,0,0,0.560039978027344,1.63,0,-5399.92822265625
100000000000000000000002,1,923625000,0,-43,0.803805932852076,0,0,0.560039978027344,1.63,0,-5399.92822265625
100000000000000000000001,1,923625000,0,-45,4.7860200582032,0,0,0.560039978027344,1.63,0,-5399.92822265625
100000000000000000000003,1,923625000,0,-45.5,2.23347602716149,0,0,0.560039978027344,1.63,0,-5399.92822265625
100000000000000000000004,1,923625000,0,-45,3.82268012341102,0,0,0.560039978027344,1.63,0,-5399.92822265625
100000000000000000000004,1,923625000,0,-45.5,3.82268012341102,0,0,0.560039978027344,1.63,0,-5399.92822265625
100000000000000000000002,1,923625000,0,-43,0.809941856003618,0,0,0.560039978027344,1.63,0,-5399.92822265625
100000000000000000000001,1,923625000,0,-45,4.77988413505166,0,0,0.560039978027344,1.63,0,-5399.92822265625
100000000000000000000000,1,923625000,0,-52.5,5.11122398523496,0,0,0.560039978027344,1.63,0,-5399.92822265625
100000000000000000000003,1,923625000,0,-45.5,2.23961195031304,0,0,0.560039978027344,1.63,0,-5399.92822265625
100000000000000000000004,1,923625000,0,-45,3.80427235395639,0,0,0.560039978027344,1.63,0,-5399.92822265625
100000000000000000000002,1,923625000,0,-43,0.809941856003618,0,0,0.560039978027344,1.63,0,-5399.92822265625
100000000000000000000001,1,923625000,0,-45,4.7860200582032,0,0,0.560039978027344,1.63,0,-5399.92822265625
100000000000000000000003,1,923625000,0,-45.5,2.24574787346458,0,0,0.560039978027344,1.63,0,-5399.92822265625
100000000000000000000000,1,923625000,0,-52.5,5.1173599083865,0,0,0.560039978027344,1.63,0,-5399.92822265625
100000000000000000000003,1,923625000,0,-45.5,2.23347602716149,0,0,0.560039978027344,1.63,0,-5399.92822265625
100000000000000000000001,1,923625000,0,-45,4.76147636559703,0,0,0.560039978027344,1.63,0,-5399.92822265625
100000000000000000000002,1,923625000,0,-43,0.797670009700534,0,0,0.560039978027344,1.63,0,-5399.92822265625
100000000000000000000000,1,923625000,0,-52.5,5.15417544729575,0,0,0.560039978027344,1.63,0,-5399.92822265625
100000000000000000000004,1,923625000,0,-45.5,3.81654420025948,0,0,0.560039978027344,1.63,0,-5399.92822265625
100000000000000000000004,1,923625000,0,-45.5,3.82268012341102,0,0,0.560039978027344,1.63,0,-5399.92822265625
100000000000000000000002,1,923625000,0,-43,0.797670009700534,0,0,0.560039978027344,1.63,0,-5399.92822265625
100000000000000000000003,1,923625000,0,-45.5,2.23347602716149,0,0,0.560039978027344,1.63,0,-5399.92822265625
100000000000000000000001,1,923625000,0,-45,4.77988413505166,0,0,0.560039978027344,1.63,0,-5399.92822265625
100000000000000000000000,1,923625000,0,-52.5,5.12963175468958,0,0,0.560039978027344,1.63,0,-5399.92822265625
100000000000000000000001,1,923625000,0,-45,4.77988413505166,0,0,0.560039978027344,1.63,0,-5399.92822265625
100000000000000000000004,1,923625000,0,-45.5,3.78586458450176,0,0,0.560039978027344,1.63,0,-5399.92822265625
100000000000000000000000,1,923625000,0,-52.5,5.12349583153804,0,0,0.560039978027344,1.63,0,-5399.92822265625
100000000000000000000002,1,923625000,0,-43,0.797670009700534,0,0,0.560039978027344,1.63,0,-5399.92822265625
100000000000000000000003,1,923625000,0,-45.5,2.23347602716149,0,0,0.560039978027344,1.63,0,-5399.92822265625
100000000000000000000004,1,923625000,0,-45.5,3.82268012341102,0,0,0.560039978027344,1.63,0,-5399.92822265625
100000000000000000000002,1,923625000,0,-43,0.791534086548991,0,0,0.560039978027344,1.63,0,-5399.92822265625
100000000000000000000003,1,923625000,0,-45.5,2.23347602716149,0,0,0.560039978027344,1.63,0,-5399.92822265625
100000000000000000000001,1,923625000,0,-45,4.79829190450629,0,0,0.560039978027344,1.63,0,-5399.92822265625
100000000000000000000000,1,923625000,0,-52.5,5.1603113704473,0,0,0.560039978027344,1.63,0,-5399.92822265625
100000000000000000000002,1,923625000,0,-43,0.797670009700534,0,0,0.560039978027344,1.63,0,-5399.92822265625
100000000000000000000001,1,923625000,0,-45,4.77374821190012,0,0,0.560039978027344,1.63,0,-5399.92822265625
100000000000000000000003,1,923625000,0,-45.5,2.24574787346458,0,0,0.560039978027344,1.63,0,-5399.92822265625
100000000000000000000004,1,923625000,0,-45.5,3.82268012341102,0,0,0.560039978027344,1.63,0,-5399.92822265625
100000000000000000000000,1,923625000,0,-52.5,5.14803952414421,0,0,0.560039978027344,1.63,0,-5399.92822265625
100000000000000000000001,1,923625000,0,-45,4.77374821190012,0,0,0.560039978027344,1.63,0,-5399.92822265625
100000000000000000000002,1,923625000,0,-43,0.803805932852076,0,0,0.560039978027344,1.63,0,-5399.92822265625
100000000000000000000004,1,923625000,0,-45,3.82881604656256,0,0,0.560039978027344,1.63,0,-5399.92822265625
100000000000000000000003,1,923625000,0,-45.5,2.23347602716149,0,0,0.560039978027344,1.63,0,-5399.92822265625
100000000000000000000000,1,923625000,0,-52.5,5.15417544729575,0,0,0.560039978027344,1.63,0,-5399.92822265625
100000000000000000000001,1,923625000,0,-45,4.7860200582032,0,0,0.560039978027344,1.63,0,-5399.92822265625
100000000000000000000000,1,923625000,0,-52.5,5.1173599083865,0,0,0.560039978027344,1.63,0,-5399.92822265625
100000000000000000000003,1,923625000,0,-45.5,2.22120418085841,0,0,0.560039978027344,1.63,0,-5399.92822265625
100000000000000000000002,1,923625000,0,-43,0.785398163397448,0,0,0.560039978027344,1.63,0,-5399.92822265625
100000000000000000000004,1,923625000,0,-45.5,3.81040827710793,0,0,0.560039978027344,1.63,0,-5399.92822265625
100000000000000000000003,1,923625000,0,-45.5,2.1905245651007,0,0,0.560039978027344,1.63,0,-5399.92822265625
100000000000000000000001,1,923625000,0,-45,4.76761228874857,0,0,0.560039978027344,1.63,0,-5399.92822265625
100000000000000000000002,1,923625000,0,-43,0.809941856003618,0,0,0.560039978027344,1.63,0,-5399.92822265625
100000000000000000000000,1,923625000,0,-52.5,5.19099098620501,0,0,0.560039978027344,1.63,0,-5399.92822265625
100000000000000000000004,1,923625000,0,-45.5,3.79813643080485,0,0,0.560039978027344,1.63,0,-5399.92822265625
100000000000000000000000,1,923625000,0,-52.5,5.15417544729575,0,0,0.560039978027344,1.63,0,-5399.92822265625
100000000000000000000001,1,923625000,0,-45,4.77374821190012,0,0,0.560039978027344,1.63,0,-5399.92822265625
100000000000000000000004,1,923625000,0,-45.5,3.81654420025948,0,0,0.560039978027344,1.63,0,-5399.92822265625
100000000000000000000002,1,923625000,0,-43,0.797670009700534,0,0,0.560039978027344,1.63,0,-5399.92822265625
100000000000000000000003,1,923625000,0,-45.5,2.25188379661612,0,0,0.560039978027344,1.63,0,-5399.92822265625
100000000000000000000000,1,923625000,0,-52.5,5.14803952414421,0,0,0.560039978027344,1.63,0,-5399.92822265625
100000000000000000000003,1,923625000,0,-45,2.22734010400995,0,0,0.560039978027344,1.63,0,-5399.92822265625
100000000000000000000004,1,923625000,0,-45.5,3.82268012341102,0,0,0.560039978027344,1.63,0,-5399.92822265625
100000000000000000000001,1,923625000,0,-45,4.79829190450629,0,0,0.560039978027344,1.63,0,-5399.92822265625
100000000000000000000002,1,923625000,0,-43,0.797670009700534,0,0,0.560039978027344,1.63,0,-5399.92822265625
100000000000000000000004,1,923625000,0,-45.5,3.80427235395639,0,0,0.560039978027344,1.63,0,-5399.92822265625
100000000000000000000003,1,923625000,0,-45.5,2.23347602716149,0,0,0.560039978027344,1.63,0,-5399.92822265625
100000000000000000000000,1,923625000,0,-52.5,5.11122398523496,0,0,0.560039978027344,1.63,0,-5399.92822265625
100000000000000000000002,1,923625000,0,-43,0.809941856003618,0,0,0.560039978027344,1.63,0,-5399.92822265625
100000000000000000000001,1,923625000,0,-45,4.76761228874857,0,0,0.560039978027344,1.63,0,-5399.92822265625
100000000000000000000004,1,923625000,0,-45,3.81654420025948,0,0,0.560039978027344,1.63,0,-5399.92822265625
100000000000000000000001,1,923625000,0,-45,4.7860200582032,0,0,0.560039978027344,1.63,0,-5399.92822265625
100000000000000000000002,1,923625000,0,-43,0.822213702306704,0,0,0.560039978027344,1.63,0,-5399.92822265625
100000000000000000000003,1,923625000,0,-45.5,2.25188379661612,0,0,0.560039978027344,1.63,0,-5399.92822265625
100000000000000000000000,1,923625000,0,-52.5,5.11122398523496,0,0,0.560039978027344,1.63,0,-5399.92822265625
100000000000000000000004,1,923625000,0,-45.5,3.81040827710793,0,0,0.560039978027344,1.63,0,-5399.92822265625
100000000000000000000000,1,923625000,0,-52.5,5.15417544729575,0,0,0.560039978027344,1.63,0,-5399.92822265625
100000000000000000000002,1,923625000,0,-43,0.803805932852076,0,0,0.560039978027344,1.63,0,-5399.92822265625
100000000000000000000003,1,923625000,0,-45.5,2.23961195031304,0,0,0.560039978027344,1.63,0,-5399.92822265625
100000000000000000000001,1,923625000,0,-45,4.77374821190012,0,0,0.560039978027344,1.63,0,-5399.92822265625
100000000000000000000004,1,923625000,0,-45.5,3.81654420025948,0,0,0.560039978027344,1.63,0,-5399.92822265625
100000000000000000000001,1,923625000,0,-45,4.76761228874857,0,0,0.560039978027344,1.63,0,-5399.92822265625
100000000000000000000002,1,923625000,0,-43,0.803805932852076,0,0,0.560039978027344,1.63,0,-5399.92822265625
100000000000000000000003,1,923625000,0,-45,2.23961195031304,0,0,0.560039978027344,1.63,0,-5399.92822265625
100000000000000000000000,1,923625000,0,-52.5,5.10508806208341,0,0,0.560039978027344,1.63,0,-5399.92822265625
100000000000000000000000,1,923625000,0,-52.5,5.13576767784113,0,0,0.560039978027344,1.63,0,-5399.92822265625
100000000000000000000003,1,923625000,0,-45.5,2.24574787346458,0,0,0.560039978027344,1.63,0,-5399.92822265625
100000000000000000000002,1,923625000,0,-43,0.791534086548991,0,0,0.560039978027344,1.63,0,-5399.92822265625
100000000000000000000001,1,923625000,0,-45,4.77374821190012,0,0,0.560039978027344,1.63,0,-5399.92822265625
100000000000000000000004,1,923625000,0,-45.5,3.82268012341102,0,0,0.560039978027344,1.63,0,-5399.92822265625
100000000000000000000001,1,923625000,0,-45,4.79215598135474,0,0,0.560039978027344,1.63,0,-5399.92822265625
100000000000000000000000,1,923625000,0,-52.5,5.1173599083865,0,0,0.560039978027344,1.63,0,-5399.92822265625
100000000000000000000002,1,923625000,0,-43,0.785398163397448,0,0,0.560039978027344,1.63,0,-5399.92822265625
100000000000000000000004,1,923625000,0,-45.5,3.78586458450176,0,0,0.560039978027344,1.63,0,-5399.92822265625
100000000000000000000003,1,923625000,0,-45.5,2.23347602716149,0,0,0.560039978027344,1.63,0,-5399.92822265625
100000000000000000000001,1,923625000,0,-45,4.77988413505166,0,0,0.560039978027344,1.63,0,-5399.92822265625
100000000000000000000002,1,923625000,0,-43,0.803805932852076,0,0,0.560039978027344,1.63,0,-5399.92822265625
100000000000000000000003,1,923625000,0,-45.5,2.24574787346458,0,0,0.560039978027344,1.63,0,-5399.92822265625
100000000000000000000000,1,923625000,0,-52.5,5.12963175468958,0,0,0.560039978027344,1.63,0,-5399.92822265625
100000000000000000000004,1,923625000,0,-45.5,3.82881604656256,0,0,0.560039978027344,1.63,0,-5399.92822265625
100000000000000000000001,1,923625000,0,-45,4.76147636559703,0,0,0.560039978027344,1.63,0,-5399.92822265625
100000000000000000000004,1,923625000,0,-45.5,3.81654420025948,0,0,0.560039978027344,1.63,0,-5399.92822265625
100000000000000000000000,1,923625000,0,-52.5,5.14803952414421,0,0,0.560039978027344,1.63,0,-5399.92822265625
100000000000000000000003,1,923625000,0,-45.5,2.23347602716149,0,0,0.560039978027344,1.63,0,-5399.92822265625
100000000000000000000002,1,923625000,0,-43,0.803805932852076,0,0,0.560039978027344,1.63,0,-5399.92822265625
100000000000000000000003,1,923625000,0,-45.5,2.23961195031304,0,0,0.560039978027344,1.63,0,-5399.92822265625
100000000000000000000002,1,923625000,0,-43,0.809941856003618,0,0,0.560039978027344,1.63,0,-5399.92822265625
100000000000000000000001,1,923625000,0,-45,4.77988413505166,0,0,0.560039978027344,1.63,0,-5399.92822265625
100000000000000000000000,1,923625000,0,-52.5,5.1603113704473,0,0,0.560039978027344,1.63,0,-5399.92822265625
100000000000000000000004,1,923625000,0,-45,3.82268012341102,0,0,0.560039978027344,1.63,0,-5399.92822265625
100000000000000000000000,1,923625000,0,-52.5,5.14190360099267,0,0,0.560039978027344,1.63,0,-5399.92822265625
100000000000000000000004,1,923625000,0,-45.5,3.8349519697141,0,0,0.560039978027344,1.63,0,-5399.92822265625
100000000000000000000002,1,923625000,0,-43,0.773126317094363,0,0,0.560039978027344,1.63,0,-5399.92822265625
100000000000000000000003,1,923625000,0,-45.5,2.23961195031304,0,0,0.560039978027344,1.63,0,-5399.92822265625
100000000000000000000001,1,923625000,0,-45,4.77374821190012,0,0,0.560039978027344,1.63,0,-5399.92822265625
100000000000000000000004,1,923625000,0,-45.5,3.81654420025948,0,0,0.560039978027344,1.63,0,-5399.92822265625
100000000000000000000002,1,923625000,0,-43,0.797670009700534,0,0,0.560039978027344,1.63,0,-5399.92822265625
100000000000000000000003,1,923625000,0,-45.5,2.23961195031304,0,0,0.560039978027344,1.63,0,-5399.92822265625
100000000000000000000001,1,923625000,0,-45,4.76761228874857,0,0,0.560039978027344,1.63,0,-5399.92822265625
100000000000000000000000,1,923625000,0,-52.5,5.14803952414421,0,0,0.560039978027344,1.63,0,-5399.92822265625
100000000000000000000004,1,923625000,0,-45,3.81040827710793,0,0,0.560039978027344,1.63,0,-5399.92822265625
100000000000000000000003,1,923625000,0,-45,2.20893233455532,0,0,0.560039978027344,1.63,0,-5399.92822265625
100000000000000000000001,1,923625000,0,-45,4.77374821190012,0,0,0.560039978027344,1.63,0,-5399.92822265625
100000000000000000000000,1,923625000,0,-52,5.10508806208341,0,0,0.560039978027344,1.63,0,-5399.92822265625
100000000000000000000002,1,923625000,0,-43,0.809941856003618,0,0,0.560039978027344,1.63,0,-5399.92822265625
100000000000000000000004,1,923625000,0,-45.5,3.79813643080485,0,0,0.560039978027344,1.63,0,-5399.92822265625
100000000000000000000001,1,923625000,0,-45,4.76761228874857,0,0,0.560039978027344,1.63,0,-5399.92822265625
100000000000000000000002,1,923625000,0,-43,0.809941856003618,0,0,0.560039978027344,1.63,0,-5399.92822265625
100000000000000000000003,1,923625000,0,-45.5,2.25188379661612,0,0,0.560039978027344,1.63,0,-5399.92822265625
100000000000000000000000,1,923625000,0,-52.5,5.13576767784113,0,0,0.560039978027344,1.63,0,-5399.92822265625
100000000000000000000001,1,923625000,0,-45,4.77374821190012,0,0,0.560039978027344,1.63,0,-5399.92822265625
100000000000000000000004,1,923625000,0,-45.5,3.8349519697141,0,0,0.560039978027344,1.63,0,-5399.92822265625
100000000000000000000003,1,923625000,0,-45.5,2.22734010400995,0,0,0.560039978027344,1.63,0,-5399.92822265625
100000000000000000000002,1,923625000,0,-43,0.785398163397448,0,0,0.560039978027344,1.63,0,-5399.92822265625
100000000000000000000000,1,923625000,0,-52.5,5.09895213893187,0,0,0.560039978027344,1.63,0,-5399.92822265625
100000000000000000000004,1,923625000,0,-45,3.82268012341102,0,0,0.560039978027344,1.63,0,-5399.92822265625
100000000000000000000002,1,923625000,0,-43,0.797670009700534,0,0,0.560039978027344,1.63,0,-5399.92822265625
100000000000000000000003,1,923625000,0,-45.5,2.23347602716149,0,0,0.560039978027344,1.63,0,-5399.92822265625
100000000000000000000000,1,923625000,0,-52.5,5.13576767784113,0,0,0.560039978027344,1.63,0,-5399.92822265625
100000000000000000000001,1,923625000,0,-45,4.77988413505166,0,0,0.560039978027344,1.63,0,-5399.92822265625
100000000000000000000003,1,923625000,0,-45.5,2.24574787346458,0,0,0.560039978027344,1.63,0,-5399.92822265625
100000000000000000000001,1,923625000,0,-45,4.7860200582032,0,0,0.560039978027344,1.63,0,-5399.92822265625
100000000000000000000004,1,923625000,0,-45,3.82881604656256,0,0,0.560039978027344,1.63,0,-5399.92822265625
100000000000000000000000,1,923625000,0,-52.5,5.13576767784113,0,0,0.560039978027344,1.63,0,-5399.92822265625
100000000000000000000002,1,923625000,0,-43,0.797670009700534,0,0,0.560039978027344,1.63,0,-5399.92822265625
100000000000000000000004,1,923625000,0,-45.5,3.81040827710793,0,0,0.560039978027344,1.63,0,-5399.92822265625
100000000000000000000001,1,923625000,0,-45,4.76147636559703,0,0,0.560039978027344,1.63,0,-5399.92822265625
100000000000000000000000,1,923625000,0,-52.5,5.11122398523496,0,0,0.560039978027344,1.63,0,-5399.92822265625
100000000000000000000003,1,923625000,0,-45.5,2.23347602716149,0,0,0.560039978027344,1.63,0,-5399.92822265625
100000000000000000000002,1,923625000,0,-43,0.791534086548991,0,0,0.560039978027344,1.63,0,-5399.92822265625
100000000000000000000000,1,923625000,0,-52.5,5.12349583153804,0,0,0.560039978027344,1.63,0,-5399.92822265625
100000000000000000000003,1,923625000,0,-45.5,2.23347602716149,0,0,0.560039978027344,1.63,0,-5399.92822265625
100000000000000000000004,1,923625000,0,-45,3.82268012341102,0,0,0.560039978027344,1.63,0,-5399.92822265625
100000000000000000000002,1,923625000,0,-43,0.797670009700534,0,0,0.560039978027344,1.63,0,-5399.92822265625
100000000000000000000001,1,923625000,0,-45,4.7860200582032,0,0,0.560039978027344,1.63,0,-5399.92822265625
100000000000000000000000,1,923625000,0,-52.5,5.15417544729575,0,0,0.560039978027344,1.63,0,-5399.92822265625
100000000000000000000004,1,923625000,0,-45.5,3.79813643080485,0,0,0.560039978027344,1.63,0,-5399.92822265625
100000000000000000000003,1,923625000,0,-45,2.23347602716149,0,0,0.560039978027344,1.63,0,-5399.92822265625
100000000000000000000002,1,923625000,0,-43,0.803805932852076,0,0,0.560039978027344,1.63,0,-5399.92822265625
100000000000000000000001,1,923625000,0,-45,4.7860200582032,0,0,0.560039978027344,1.63,0,-5399.92822265625
100000000000000000000000,1,923625000,0,-52.5,5.12963175468958,0,0,0.560039978027344,1.63,0,-5399.92822265625
100000000000000000000002,1,923625000,0,-43,0.785398163397448,0,0,0.560039978027344,1.63,0,-5399.92822265625
100000000000000000000003,1,923625000,0,-45.5,2.24574787346458,0,0,0.560039978027344,1.63,0,-5399.92822265625
100000000000000000000001,1,923625000,0,-45,4.7860200582032,0,0,0.560039978027344,1.63,0,-5399.92822265625
100000000000000000000004,1,923625000,0,-45.5,3.81654420025948,0,0,0.560039978027344,1.63,0,-5399.92822265625
100000000000000000000000,1,923625000,0,-52.5,5.13576767784113,0,0,0.560039978027344,1.63,0,-5399.92822265625
100000000000000000000002,1,923625000,0,-43,0.785398163397448,0,0,0.560039978027344,1.63,0,-5399.92822265625
100000000000000000000001,1,923625000,0,-45,4.77374821190012,0,0,0.560039978027344,1.63,0,-5399.92822265625
100000000000000000000004,1,923625000,0,-45.5,3.80427235395639,0,0,0.560039978027344,1.63,0,-5399.92822265625
100000000000000000000003,1,923625000,0,-45.5,2.23961195031304,0,0,0.560039978027344,1.63,0,-5399.92822265625
100000000000000000000000,1,923625000,0,-52,5.13576767784113,0,0,0.560039978027344,1.63,0,-5399.92822265625
100000000000000000000003,1,923625000,0,-45.5,2.24574787346458,0,0,0.560039978027344,1.63,0,-5399.92822265625
100000000000000000000004,1,923625000,0,-45,3.82268012341102,0,0,0.560039978027344,1.63,0,-5399.92822265625
100000000000000000000002,1,923625000,0,-43,0.797670009700534,0,0,0.560039978027344,1.63,0,-5399.92822265625
100000000000000000000001,1,923625000,0,-45,4.77988413505166,0,0,0.560039978027344,1.63,0,-5399.92822265625
100000000000000000000000,1,923625000,0,-52.5,5.09281621578033,0,0,0.560039978027344,1.63,0,-5399.92822265625
100000000000000000000004,1,923625000,0,-45,3.82268012341102,0,0,0.560039978027344,1.63,0,-5399.92822265625
100000000000000000000003,1,923625000,0,-45.5,2.24574787346458,0,0,0.560039978027344,1.63,0,-5399.92822265625
100000000000000000000002,1,923625000,0,-43,0.803805932852076,0,0,0.560039978027344,1.63,0,-5399.92822265625
100000000000000000000001,1,923625000,0,-45,4.77374821190012,0,0,0.560039978027344,1.63,0,-5399.92822265625
100000000000000000000002,1,923625000,0,-43,0.791534086548991,0,0,0.560039978027344,1.63,0,-5399.92822265625
100000000000000000000001,1,923625000,0,-45,4.76761228874857,0,0,0.560039978027344,1.63,0,-5399.92822265625
100000000000000000000004,1,923625000,0,-45,3.82268012341102,0,0,0.560039978027344,1.63,0,-5399.92822265625
100000000000000000000003,1,923625000,0,-45,2.25188379661612,0,0,0.560039978027344,1.63,0,-5399.92822265625
100000000000000000000000,1,923625000,0,-52.5,5.12349583153804,0,0,0.560039978027344,1.63,0,-5399.92822265625
100000000000000000000004,1,923625000,0,-45,3.82268012341102,0,0,0.560039978027344,1.63,0,-5399.92822265625
100000000000000000000003,1,923625000,0,-45.5,2.22734010400995,0,0,0.560039978027344,1.63,0,-5399.92822265625
100000000000000000000002,1,923625000,0,-43,0.791534086548991,0,0,0.560039978027344,1.63,0,-5399.92822265625
100000000000000000000000,1,923625000,0,-52.5,5.14803952414421,0,0,0.560039978027344,1.63,0,-5399.92822265625
100000000000000000000001,1,923625000,0,-45,4.76761228874857,0,0,0.560039978027344,1.63,0,-5399.92822265625
100000000000000000000002,1,923625000,0,-43,0.797670009700534,0,0,0.560039978027344,1.63,0,-5399.92822265625
100000000000000000000000,1,923625000,0,-52.5,5.14803952414421,0,0,0.560039978027344,1.63,0,-5399.92822265625
100000000000000000000001,1,923625000,0,-45,4.76147636559703,0,0,0.560039978027344,1.63,0,-5399.92822265625
100000000000000000000004,1,923625000,0,-45.5,3.82268012341102,0,0,0.560039978027344,1.63,0,-5399.92822265625
100000000000000000000003,1,923625000,0,-45,2.24574787346458,0,0,0.560039978027344,1.63,0,-5399.92822265625
100000000000000000000002,1,923625000,0,-43,0.803805932852076,0,0,0.560039978027344,1.63,0,-5399.92822265625
100000000000000000000003,1,923625000,0,-45.5,2.23961195031304,0,0,0.560039978027344,1.63,0,-5399.92822265625
100000000000000000000001,1,923625000,0,-45,4.77374821190012,0,0,0.560039978027344,1.63,0,-5399.92822265625
100000000000000000000004,1,923625000,0,-45,3.80427235395639,0,0,0.560039978027344,1.63,0,-5399.92822265625
100000000000000000000000,1,923625000,0,-52.5,5.14190360099267,0,0,0.560039978027344,1.63,0,-5399.92822265625
100000000000000000000000,1,923625000,0,-52.5,5.13576767784113,0,0,0.560039978027344,1.63,0,-5399.92822265625
100000000000000000000002,1,923625000,0,-43,0.803805932852076,0,0,0.560039978027344,1.63,0,-5399.92822265625
100000000000000000000003,1,923625000,0,-45.5,2.23347602716149,0,0,0.560039978027344,1.63,0,-5399.92822265625
100000000000000000000004,1,923625000,0,-45.5,3.8349519697141,0,0,0.560039978027344,1.63,0,-5399.92822265625
100000000000000000000001,1,923625000,0,-45,4.76147636559703,0,0,0.560039978027344,1.63,0,-5399.92822265625
100000000000000000000004,1,923625000,0,-45.5,3.82268012341102,0,0,0.560039978027344,1.63,0,-5399.92822265625
100000000000000000000003,1,923625000,0,-45.5,2.23347602716149,0,0,0.560039978027344,1.63,0,-5399.92822265625
100000000000000000000000,1,923625000,0,-52.5,5.14190360099267,0,0,0.560039978027344,1.63,0,-5399.92822265625
100000000000000000000001,1,923625000,0,-45,4.77988413505166,0,0,0.560039978027344,1.63,0,-5399.92822265625
100000000000000000000002,1,923625000,0,-43,0.791534086548991,0,0,0.560039978027344,1.63,0,-5399.92822265625
100000000000000000000002,1,923625000,0,-43,0.809941856003618,0,0,0.560039978027344,1.63,0,-5399.92822265625
100000000000000000000004,1,923625000,0,-45.5,3.81654420025948,0,0,0.560039978027344,1.63,0,-5399.92822265625
100000000000000000000000,1,923625000,0,-52.5,5.12963175468958,0,0,0.560039978027344,1.63,0,-5399.92822265625
100000000000000000000003,1,923625000,0,-45.5,2.22734010400995,0,0,0.560039978027344,1.63,0,-5399.92822265625
100000000000000000000001,1,923625000,0,-45,4.77988413505166,0,0,0.560039978027344,1.63,0,-5399.92822265625
100000000000000000000004,1,923625000,0,-45.5,3.8349519697141,0,0,0.560039978027344,1.63,0,-5399.92822265625
100000000000000000000002,1,923625000,0,-43,0.797670009700534,0,0,0.560039978027344,1.63,0,-5399.92822265625
100000000000000000000003,1,923625000,0,-45.5,2.23961195031304,0,0,0.560039978027344,1.63,0,-5399.92822265625
100000000000000000000000,1,923625000,0,-52.5,5.09895213893187,0,0,0.560039978027344,1.63,0,-5399.92822265625
100000000000000000000001,1,923625000,0,-45,4.76761228874857,0,0,0.560039978027344,1.63,0,-5399.92822265625
100000000000000000000002,1,923625000,0,-43,0.809941856003618,0,0,0.560039978027344,1.63,0,-5399.92822265625
100000000000000000000003,1,923625000,0,-45.5,2.23347602716149,0,0,0.560039978027344,1.63,0,-5399.92822265625
100000000000000000000004,1,923625000,0,-45,3.81654420025948,0,0,0.560039978027344,1.63,0,-5399.92822265625
100000000000000000000000,1,923625000,0,-52.5,5.08054436947724,0,0,0.560039978027344,1.63,0,-5399.92822265625
100000000000000000000001,1,923625000,0,-45,4.77988413505166,0,0,0.560039978027344,1.63,0,-5399.92822265625
100000000000000000000002,1,923625000,0,-43,0.754718547639736,0,0,0.560039978027344,1.63,0,-5399.92822265625
100000000000000000000001,1,923625000,0,-45,4.77374821190012,0,0,0.560039978027344,1.63,0,-5399.92822265625
100000000000000000000000,1,923625000,0,-52.5,5.13576767784113,0,0,0.560039978027344,1.63,0,-5399.92822265625
100000000000000000000004,1,923625000,0,-45.5,3.81040827710793,0,0,0.560039978027344,1.63,0,-5399.92822265625
100000000000000000000003,1,923625000,0,-45.5,2.20893233455532,0,0,0.560039978027344,1.63,0,-5399.92822265625
100000000000000000000003,1,923625000,0,-45.5,2.20279641140378,0,0,0.560039978027344,1.63,0,-5399.92822265625
100000000000000000000002,1,923625000,0,-43,0.803805932852076,0,0,0.560039978027344,1.63,0,-5399.92822265625
100000000000000000000000,1,923625000,0,-52.5,5.13576767784113,0,0,0.560039978027344,1.63,0,-5399.92822265625
100000000000000000000004,1,923625000,0,-45.5,3.8349519697141,0,0,0.560039978027344,1.63,0,-5399.92822265625
100000000000000000000001,1,923625000,0,-45,4.76147636559703,0,0,0.560039978027344,1.63,0,-5399.92822265625
100000000000000000000000,1,923625000,0,-52.5,5.08668029262879,0,0,0.560039978027344,1.63,0,-5399.92822265625
100000000000000000000004,1,923625000,0,-45,3.82268012341102,0,0,0.560039978027344,1.63,0,-5399.92822265625
100000000000000000000001,1,923625000,0,-45,4.77988413505166,0,0,0.560039978027344,1.63,0,-5399.92822265625
100000000000000000000003,1,923625000,0,-45.5,2.22120418085841,0,0,0.560039978027344,1.63,0,-5399.92822265625
100000000000000000000002,1,923625000,0,-43,0.791534086548991,0,0,0.560039978027344,1.63,0,-5399.92822265625
100000000000000000000001,1,923625000,0,-45,4.76147636559703,0,0,0.560039978027344,1.63,0,-5399.92822265625
100000000000000000000002,1,923625000,0,-43,0.797670009700534,0,0,0.560039978027344,1.63,0,-5399.92822265625
100000000000000000000000,1,923625000,0,-52.5,5.1603113704473,0,0,0.560039978027344,1.63,0,-5399.92822265625
100000000000000000000004,1,923625000,0,-45.5,3.81040827710793,0,0,0.560039978027344,1.63,0,-5399.92822265625
100000000000000000000003,1,923625000,0,-45.5,2.24574787346458,0,0,0.560039978027344,1.63,0,-5399.92822265625
100000000000000000000000,1,923625000,0,-52.5,5.14190360099267,0,0,0.560039978027344,1.63,0,-5399.92822265625
100000000000000000000004,1,923625000,0,-45.5,3.81654420025948,0,0,0.560039978027344,1.63,0,-5399.92822265625
100000000000000000000003,1,923625000,0,-45.5,2.23347602716149,0,0,0.560039978027344,1.63,0,-5399.92822265625
100000000000000000000002,1,923625000,0,-43,0.809941856003618,0,0,0.560039978027344,1.63,0,-5399.92822265625
100000000000000000000001,1,923625000,0,-45,4.7860200582032,0,0,0.560039978027344,1.63,0,-5399.92822265625
100000000000000000000001,1,923625000,0,-45,4.76147636559703,0,0,0.560039978027344,1.63,0,-5399.92822265625
100000000000000000000004,1,923625000,0,-45,3.81654420025948,0,0,0.560039978027344,1.63,0,-5399.92822265625
100000000000000000000002,1,923625000,0,-43,0.809941856003618,0,0,0.560039978027344,1.63,0,-5399.92822265625
100000000000000000000000,1,923625000,0,-52.5,5.17258321675038,0,0,0.560039978027344,1.63,0,-5399.92822265625
100000000000000000000003,1,923625000,0,-45.5,2.22734010400995,0,0,0.560039978027344,1.63,0,-5399.92822265625
100000000000000000000004,1,923625000,0,-45.5,3.81654420025948,0,0,0.560039978027344,1.63,0,-5399.92822265625
100000000000000000000000,1,923625000,0,-52.5,5.16644729359884,0,0,0.560039978027344,1.63,0,-5399.92822265625
100000000000000000000001,1,923625000,0,-45,4.76147636559703,0,0,0.560039978027344,1.63,0,-5399.92822265625
100000000000000000000003,1,923625000,0,-45.5,2.23347602716149,0,0,0.560039978027344,1.63,0,-5399.92822265625
100000000000000000000002,1,923625000,0,-43,0.803805932852076,0,0,0.560039978027344,1.63,0,-5399.92822265625
100000000000000000000003,1,923625000,0,-45.5,2.23347602716149,0,0,0.560039978027344,1.63,0,-5399.92822265625
100000000000000000000000,1,923625000,0,-52.5,5.1173599083865,0,0,0.560039978027344,1.63,0,-5399.92822265625
100000000000000000000001,1,923625000,0,-45,4.79215598135474,0,0,0.560039978027344,1.63,0,-5399.92822265625
100000000000000000000004,1,923625000,0,-45.5,3.81654420025948,0,0,0.560039978027344,1.63,0,-5399.92822265625
100000000000000000000002,1,923625000,0,-43,0.803805932852076,0,0,0.560039978027344,1.63,0,-5399.92822265625
100000000000000000000004,1,923625000,0,-45.5,3.82881604656256,0,0,0.560039978027344,1.63,0,-5399.92822265625
100000000000000000000002,1,923625000,0,-43,0.803805932852076,0,0,0.560039978027344,1.63,0,-5399.92822265625
100000000000000000000003,1,923625000,0,-45.5,2.21506825770687,0,0,0.560039978027344,1.63,0,-5399.92822265625
100000000000000000000001,1,923625000,0,-45,4.77374821190012,0,0,0.560039978027344,1.63,0,-5399.92822265625
100000000000000000000000,1,923625000,0,-52.5,5.12349583153804,0,0,0.560039978027344,1.63,0,-5399.92822265625
100000000000000000000000,1,923625000,0,-52.5,5.09895213893187,0,0,0.560039978027344,1.63,0,-5399.92822265625
100000000000000000000003,1,923625000,0,-45.5,2.21506825770687,0,0,0.560039978027344,1.63,0,-5399.92822265625
100000000000000000000004,1,923625000,0,-45.5,3.82881604656256,0,0,0.560039978027344,1.63,0,-5399.92822265625
100000000000000000000001,1,923625000,0,-45,4.77988413505166,0,0,0.560039978027344,1.63,0,-5399.92822265625
100000000000000000000002,1,923625000,0,-43,0.791534086548991,0,0,0.560039978027344,1.63,0,-5399.92822265625
100000000000000000000002,1,923625000,0,-43,0.785398163397448,0,0,0.560039978027344,1.63,0,-5399.92822265625
100000000000000000000003,1,923625000,0,-45.5,2.25188379661612,0,0,0.560039978027344,1.63,0,-5399.92822265625
100000000000000000000004,1,923625000,0,-45.5,3.82268012341102,0,0,0.560039978027344,1.63,0,-5399.92822265625
100000000000000000000001,1,923625000,0,-45,4.77374821190012,0,0,0.560039978027344,1.63,0,-5399.92822265625
100000000000000000000000,1,923625000,0,-52.5,5.13576767784113,0,0,0.560039978027344,1.63,0,-5399.92822265625
100000000000000000000001,1,923625000,0,-45,4.76761228874857,0,0,0.560039978027344,1.63,0,-5399.92822265625
100000000000000000000000,1,923625000,0,-52.5,5.14190360099267,0,0,0.560039978027344,1.63,0,-5399.92822265625
100000000000000000000003,1,923625000,0,-45.5,2.23347602716149,0,0,0.560039978027344,1.63,0,-5399.92822265625
100000000000000000000002,1,923625000,0,-43,0.797670009700534,0,0,0.560039978027344,1.63,0,-5399.92822265625
100000000000000000000004,1,923625000,0,-45,3.80427235395639,0,0,0.560039978027344,1.63,0,-5399.92822265625
100000000000000000000003,1,923625000,0,-45.5,2.23347602716149,0,0,0.560039978027344,1.63,0,-5399.92822265625
100000000000000000000000,1,923625000,0,-52.5,5.14190360099267,0,0,0.560039978027344,1.63,0,-5399.92822265625
100000000000000000000002,1,923625000,0,-43,0.76699039394282,0,0,0.560039978027344,1.63,0,-5399.92822265625
100000000000000000000004,1,923625000,0,-45,3.80427235395639,0,0,0.560039978027344,1.63,0,-5399.92822265625
100000000000000000000001,1,923625000,0,-45,4.76761228874857,0,0,0.560039978027344,1.63,0,-5399.92822265625
100000000000000000000002,1,923625000,0,-43,0.791534086548991,0,0,0.560039978027344,1.63,0,-5399.92822265625
100000000000000000000001,1,923625000,0,-45,4.77988413505166,0,0,0.560039978027344,1.63,0,-5399.92822265625
100000000000000000000000,1,923625000,0,-52.5,5.14803952414421,0,0,0.560039978027344,1.63,0,-5399.92822265625
100000000000000000000004,1,923625000,0,-45.5,3.82881604656256,0,0,0.560039978027344,1.63,0,-5399.92822265625
100000000000000000000003,1,923625000,0,-45.5,2.23961195031304,0,0,0.560039978027344,1.63,0,-5399.92822265625
100000000000000000000003,1,923625000,0,-45.5,2.24574787346458,0,0,0.560039978027344,1.63,0,-5399.92822265625
100000000000000000000001,1,923625000,0,-45,4.75534044244549,0,0,0.560039978027344,1.63,0,-5399.92822265625
100000000000000000000004,1,923625000,0,-45,3.84108789286565,0,0,0.560039978027344,1.63,0,-5399.92822265625
100000000000000000000002,1,923625000,0,-43,0.785398163397448,0,0,0.560039978027344,1.63,0,-5399.92822265625
100000000000000000000000,1,923625000,0,-52.5,5.11122398523496,0,0,0.560039978027344,1.63,0,-5399.92822265625
100000000000000000000001,1,923625000,0,-45,4.77374821190012,0,0,0.560039978027344,1.63,0,-5399.92822265625
100000000000000000000003,1,923625000,0,-45.5,2.21506825770687,0,0,0.560039978027344,1.63,0,-5399.92822265625
100000000000000000000004,1,923625000,0,-45.5,3.82268012341102,0,0,0.560039978027344,1.63,0,-5399.92822265625
100000000000000000000000,1,923625000,0,-52.5,5.12349583153804,0,0,0.560039978027344,1.63,0,-5399.92822265625
100000000000000000000002,1,923625000,0,-43,0.797670009700534,0,0,0.560039978027344,1.63,0,-5399.92822265625
100000000000000000000000,1,923625000,0,-52.5,5.1173599083865,0,0,0.560039978027344,1.63,0,-5399.92822265625
100000000000000000000001,1,923625000,0,-45,4.7860200582032,0,0,0.560039978027344,1.63,0,-5399.92822265625
100000000000000000000004,1,923625000,0,-45.5,3.81654420025948,0,0,0.560039978027344,1.63,0,-5399.92822265625
100000000000000000000003,1,923625000,0,-45.5,2.23347602716149,0,0,0.560039978027344,1.63,0,-5399.92822265625
100000000000000000000002,1,923625000,0,-43,0.785398163397448,0,0,0.560039978027344,1.63,0,-5399.92822265625
100000000000000000000002,1,923625000,0,-43,0.791534086548991,0,0,0.560039978027344,1.63,0,-5399.92822265625
100000000000000000000004,1,923625000,0,-45,3.81040827710793,0,0,0.560039978027344,1.63,0,-5399.92822265625
100000000000000000000003,1,923625000,0,-45.5,2.24574787346458,0,0,0.560039978027344,1.63,0,-5399.92822265625
100000000000000000000001,1,923625000,0,-45,4.7860200582032,0,0,0.560039978027344,1.63,0,-5399.92822265625
100000000000000000000000,1,923625000,0,-52.5,5.14803952414421,0,0,0.560039978027344,1.63,0,-5399.92822265625
100000000000000000000000,1,923625000,0,-52.5,5.13576767784113,0,0,0.560039978027344,1.63,0,-5399.92822265625
100000000000000000000002,1,923625000,0,-43,0.791534086548991,0,0,0.560039978027344,1.63,0,-5399.92822265625
100000000000000000000004,1,923625000,0,-45.5,3.81654420025948,0,0,0.560039978027344,1.63,0,-5399.92822265625
100000000000000000000001,1,923625000,0,-45,4.75534044244549,0,0,0.560039978027344,1.63,0,-5399.92822265625
100000000000000000000003,1,923625000,0,-45.5,2.22120418085841,0,0,0.560039978027344,1.63,0,-5399.92822265625
100000000000000000000003,1,923625000,0,-45.5,2.22734010400995,0,0,0.560039978027344,1.63,0,-5399.92822265625
100000000000000000000002,1,923625000,0,-43,0.791534086548991,0,0,0.560039978027344,1.63,0,-5399.92822265625
100000000000000000000004,1,923625000,0,-45,3.82268012341102,0,0,0.560039978027344,1.63,0,-5399.92822265625
100000000000000000000001,1,923625000,0,-45,4.77988413505166,0,0,0.560039978027344,1.63,0,-5399.92822265625
100000000000000000000000,1,923625000,0,-52.5,5.16644729359884,0,0,0.560039978027344,1.63,0,-5399.92822265625
100000000000000000000000,1,923625000,0,-52.5,5.08668029262879,0,0,0.560039978027344,1.63,0,-5399.92822265625
100000000000000000000003,1,923625000,0,-45.5,2.23347602716149,0,0,0.560039978027344,1.63,0,-5399.92822265625
100000000000000000000002,1,923625000,0,-43,0.791534086548991,0,0,0.560039978027344,1.63,0,-5399.92822265625
100000000000000000000004,1,923625000,0,-45,3.82268012341102,0,0,0.560039978027344,1.63,0,-5399.92822265625
100000000000000000000001,1,923625000,0,-45,4.77374821190012,0,0,0.560039978027344,1.63,0,-5399.92822265625
100000000000000000000003,1,923625000,0,-45.5,2.22734010400995,0,0,0.560039978027344,1.63,0,-5399.92822265625
100000000000000000000000,1,923625000,0,-52.5,5.12349583153804,0,0,0.560039978027344,1.63,0,-5399.92822265625
100000000000000000000004,1,923625000,0,-45.5,3.82881604656256,0,0,0.560039978027344,1.63,0,-5399.92822265625
100000000000000000000002,1,923625000,0,-43,0.803805932852076,0,0,0.560039978027344,1.63,0,-5399.92822265625
100000000000000000000001,1,923625000,0,-45,4.77988413505166,0,0,0.560039978027344,1.63,0,-5399.92822265625
100000000000000000000001,1,923625000,0,-45,4.77988413505166,0,0,0.560039978027344,1.63,0,-5399.92822265625
100000000000000000000002,1,923625000,0,-43,0.803805932852076,0,0,0.560039978027344,1.63,0,-5399.92822265625
100000000000000000000003,1,923625000,0,-45.5,2.23347602716149,0,0,0.560039978027344,1.63,0,-5399.92822265625
100000000000000000000000,1,923625000,0,-52.5,5.11122398523496,0,0,0.560039978027344,1.63,0,-5399.92822265625
100000000000000000000004,1,923625000,0,-45.5,3.81654420025948,0,0,0.560039978027344,1.63,0,-5399.92822265625
100000000000000000000000,1,923625000,0,-52.5,5.14190360099267,0,0,0.560039978027344,1.63,0,-5399.92822265625
100000000000000000000002,1,923625000,0,-43,0.797670009700534,0,0,0.560039978027344,1.63,0,-5399.92822265625
100000000000000000000003,1,923625000,0,-45.5,2.23347602716149,0,0,0.560039978027344,1.63,0,-5399.92822265625
100000000000000000000001,1,923625000,0,-45,4.79215598135474,0,0,0.560039978027344,1.63,0,-5399.92822265625
100000000000000000000004,1,923625000,0,-45,3.82268012341102,0,0,0.560039978027344,1.63,0,-5399.92822265625
100000000000000000000004,1,923625000,0,-45.5,3.82881604656256,0,0,0.560039978027344,1.63,0,-5399.92822265625
100000000000000000000002,1,923625000,0,-43,0.803805932852076,0,0,0.560039978027344,1.63,0,-5399.92822265625
100000000000000000000003,1,923625000,0,-45,2.23347602716149,0,0,0.560039978027344,1.63,0,-5399.92822265625
100000000000000000000001,1,923625000,0,-45,4.77374821190012,0,0,0.560039978027344,1.63,0,-5399.92822265625
100000000000000000000000,1,923625000,0,-52.5,5.14803952414421,0,0,0.560039978027344,1.63,0,-5399.92822265625
100000000000000000000003,1,923625000,0,-45.5,2.24574787346458,0,0,0.560039978027344,1.63,0,-5399.92822265625
100000000000000000000000,1,923625000,0,-52.5,5.13576767784113,0,0,0.560039978027344,1.63,0,-5399.92822265625
100000000000000000000002,1,923625000,0,-43,0.791534086548991,0,0,0.560039978027344,1.63,0,-5399.92822265625
100000000000000000000001,1,923625000,0,-45,4.77374821190012,0,0,0.560039978027344,1.63,0,-5399.92822265625
100000000000000000000004,1,923625000,0,-45.5,3.81040827710793,0,0,0.560039978027344,1.63,0,-5399.92822265625
100000000000000000000000,1,923625000,0,-52.5,5.12963175468958,0,0,0.560039978027344,1.63,0,-5399.92822265625
100000000000000000000004,1,923625000,0,-45.5,3.82268012341102,0,0,0.560039978027344,1.63,0,-5399.92822265625
100000000000000000000002,1,923625000,0,-43,0.809941856003618,0,0,0.560039978027344,1.63,0,-5399.92822265625
100000000000000000000001,1,923625000,0,-45,4.76761228874857,0,0,0.560039978027344,1.63,0,-5399.92822265625
100000000000000000000003,1,923625000,0,-45.5,2.22120418085841,0,0,0.560039978027344,1.63,0,-5399.92822265625
100000000000000000000003,1,923625000,0,-45.5,2.23347602716149,0,0,0.560039978027344,1.63,0,-5399.92822265625
100000000000000000000004,1,923625000,0,-45.5,3.81654420025948,0,0,0.560039978027344,1.63,0,-5399.92822265625
100000000000000000000000,1,923625000,0,-52.5,5.10508806208341,0,0,0.560039978027344,1.63,0,-5399.92822265625
100000000000000000000002,1,923625000,0,-43,0.791534086548991,0,0,0.560039978027344,1.63,0,-5399.92822265625
100000000000000000000001,1,923625000,0,-45,4.77374821190012,0,0,0.560039978027344,1.63,0,-5399.92822265625
100000000000000000000000,1,923625000,0,-52.5,5.13576767784113,0,0,0.560039978027344,1.63,0,-5399.92822265625
100000000000000000000003,1,923625000,0,-45.5,2.23347602716149,0,0,0.560039978027344,1.63,0,-5399.92822265625
100000000000000000000002,1,923625000,0,-43,0.803805932852076,0,0,0.560039978027344,1.63,0,-5399.92822265625
100000000000000000000001,1,923625000,0,-45,4.77374821190012,0,0,0.560039978027344,1.63,0,-5399.92822265625
100000000000000000000004,1,923625000,0,-45.5,3.82268012341102,0,0,0.560039978027344,1.63,0,-5399.92822265625
100000000000000000000002,1,923625000,0,-43,0.797670009700534,0,0,0.560039978027344,1.63,0,-5399.92822265625
100000000000000000000004,1,923625000,0,-45.5,3.82881604656256,0,0,0.560039978027344,1.63,0,-5399.92822265625
100000000000000000000000,1,923625000,0,-52.5,5.14803952414421,0,0,0.560039978027344,1.63,0,-5399.92822265625
100000000000000000000003,1,923625000,0,-45.5,2.25188379661612,0,0,0.560039978027344,1.63,0,-5399.92822265625
100000000000000000000001,1,923625000,0,-45,4.77374821190012,0,0,0.560039978027344,1.63,0,-5399.92822265625
100000000000000000000000,1,923625000,0,-52.5,5.12963175468958,0,0,0.560039978027344,1.63,0,-5399.92822265625
100000000000000000000004,1,923625000,0,-45.5,3.82268012341102,0,0,0.560039978027344,1.63,0,-5399.92822265625
100000000000000000000002,1,923625000,0,-43,0.803805932852076,0,0,0.560039978027344,1.63,0,-5399.92822265625
100000000000000000000001,1,923625000,0,-45,4.76147636559703,0,0,0.560039978027344,1.63,0,-5399.92822265625
100000000000000000000003,1,923625000,0,-45.5,2.22120418085841,0,0,0.560039978027344,1.63,0,-5399.92822265625
100000000000000000000000,1,923625000,0,-52.5,5.12349583153804,0,0,0.560039978027344,1.63,0,-5399.92822265625
100000000000000000000004,1,923625000,0,-45.5,3.80427235395639,0,0,0.560039978027344,1.63,0,-5399.92822265625
100000000000000000000003,1,923625000,0,-45.5,2.22734010400995,0,0,0.560039978027344,1.63,0,-5399.92822265625
100000000000000000000001,1,923625000,0,-45,4.76761228874857,0,0,0.560039978027344,1.63,0,-5399.92822265625
100000000000000000000002,1,923625000,0,-43,0.803805932852076,0,0,0.560039978027344,1.63,0,-5399.92822265625
100000000000000000000004,1,924125000,0,-45.5,4.06198112632118,0,0,0.560039978027344,1.63,0,-5399.92822265625
100000000000000000000002,1,924125000,0,-42.5,1.05537878206532,0,0,0.560039978027344,1.63,0,-5399.92822265625
100000000000000000000003,1,924125000,0,-45.5,2.44823333746548,0,0,0.560039978027344,1.63,0,-5399.92822265625
100000000000000000000001,1,924125000,0,-44.5,5.00691329165873,0,0,0.560039978027344,1.63,0,-5399.92822265625
100000000000000000000000,1,924125000,0,-53.5,5.405748296509,0,0,0.560039978027344,1.63,0,-5399.92822265625
100000000000000000000000,1,924125000,0,-53,5.44256383541826,0,0,0.560039978027344,1.63,0,-5399.92822265625
100000000000000000000001,1,924125000,0,-44.5,5.0314569842649,0,0,0.560039978027344,1.63,0,-5399.92822265625
100000000000000000000003,1,924125000,0,-45.5,2.46050518376857,0,0,0.560039978027344,1.63,0,-5399.92822265625
100000000000000000000004,1,924125000,0,-45.5,4.08038889577581,0,0,0.560039978027344,1.63,0,-5399.92822265625
100000000000000000000002,1,924125000,0,-42.5,1.04310693576224,0,0,0.560039978027344,1.63,0,-5399.92822265625
100000000000000000000002,1,924125000,0,-42.5,1.04924285891378,0,0,0.560039978027344,1.63,0,-5399.92822265625
100000000000000000000004,1,924125000,0,-45.5,4.04970928001809,0,0,0.560039978027344,1.63,0,-5399.92822265625
100000000000000000000003,1,924125000,0,-45.5,2.44823333746548,0,0,0.560039978027344,1.63,0,-5399.92822265625
100000000000000000000001,1,924125000,0,-44.5,5.04372883056799,0,0,0.560039978027344,1.63,0,-5399.92822265625
100000000000000000000000,1,924125000,0,-53.5,5.41188421966054,0,0,0.560039978027344,1.63,0,-5399.92822265625
100000000000000000000001,1,924125000,0,-44.5,5.01304921481028,0,0,0.560039978027344,1.63,0,-5399.92822265625
100000000000000000000003,1,924125000,0,-45.5,2.4359614911624,0,0,0.560039978027344,1.63,0,-5399.92822265625
100000000000000000000004,1,924125000,0,-45.5,4.06811704947272,0,0,0.560039978027344,1.63,0,-5399.92822265625
100000000000000000000000,1,924125000,0,-53,5.405748296509,0,0,0.560039978027344,1.63,0,-5399.92822265625
100000000000000000000002,1,924125000,0,-42,1.04310693576224,0,0,0.560039978027344,1.63,0,-5399.92822265625
100000000000000000000000,1,924125000,0,-53,5.38734052705437,0,0,0.560039978027344,1.63,0,-5399.92822265625
100000000000000000000001,1,924125000,0,-44.5,5.02532106111336,0,0,0.560039978027344,1.63,0,-5399.92822265625
100000000000000000000004,1,924125000,0,-45,4.06811704947272,0,0,0.560039978027344,1.63,0,-5399.92822265625
100000000000000000000002,1,924125000,0,-42.5,1.06765062836841,0,0,0.560039978027344,1.63,0,-5399.92822265625
100000000000000000000003,1,924125000,0,-45.5,2.44823333746548,0,0,0.560039978027344,1.63,0,-5399.92822265625
100000000000000000000003,1,924125000,0,-45.5,2.4359614911624,0,0,0.560039978027344,1.63,0,-5399.92822265625
100000000000000000000002,1,924125000,0,-42,1.05537878206532,0,0,0.560039978027344,1.63,0,-5399.92822265625
100000000000000000000004,1,924125000,0,-45,4.08652481892735,0,0,0.560039978027344,1.63,0,-5399.92822265625
100000000000000000000000,1,924125000,0,-53,5.42415606596363,0,0,0.560039978027344,1.63,0,-5399.92822265625
100000000000000000000001,1,924125000,0,-44.5,5.01918513796182,0,0,0.560039978027344,1.63,0,-5399.92822265625
100000000000000000000000,1,924125000,0,-53.5,5.41802014281208,0,0,0.560039978027344,1.63,0,-5399.92822265625
100000000000000000000002,1,924125000,0,-42.5,1.04924285891378,0,0,0.560039978027344,1.63,0,-5399.92822265625
100000000000000000000001,1,924125000,0,-44.5,5.00077736850719,0,0,0.560039978027344,1.63,0,-5399.92822265625
100000000000000000000003,1,924125000,0,-45.5,2.44209741431394,0,0,0.560039978027344,1.63,0,-5399.92822265625
100000000000000000000004,1,924125000,0,-45.5,4.06811704947272,0,0,0.560039978027344,1.63,0,-5399.92822265625
100000000000000000000003,1,924125000,0,-45.5,2.46050518376857,0,0,0.560039978027344,1.63,0,-5399.92822265625
100000000000000000000004,1,924125000,0,-45.5,4.07425297262426,0,0,0.560039978027344,1.63,0,-5399.92822265625
100000000000000000000002,1,924125000,0,-42.5,1.04924285891378,0,0,0.560039978027344,1.63,0,-5399.92822265625
100000000000000000000000,1,924125000,0,-53,5.39961237335746,0,0,0.560039978027344,1.63,0,-5399.92822265625
100000000000000000000001,1,924125000,0,-44.5,5.02532106111336,0,0,0.560039978027344,1.63,0,-5399.92822265625
100000000000000000000003,1,924125000,0,-45.5,2.44823333746548,0,0,0.560039978027344,1.63,0,-5399.92822265625
100000000000000000000004,1,924125000,0,-45.5,4.06198112632118,0,0,0.560039978027344,1.63,0,-5399.92822265625
100000000000000000000002,1,924125000,0,-42.5,1.04924285891378,0,0,0.560039978027344,1.63,0,-5399.92822265625
100000000000000000000001,1,924125000,0,-44.5,5.00077736850719,0,0,0.560039978027344,1.63,0,-5399.92822265625
100000000000000000000000,1,924125000,0,-53,5.39347645020591,0,0,0.560039978027344,1.63,0,-5399.92822265625
100000000000000000000002,1,924125000,0,-42.5,1.06151470521686,0,0,0.560039978027344,1.63,0,-5399.92822265625
100000000000000000000004,1,924125000,0,-45,4.07425297262426,0,0,0.560039978027344,1.63,0,-5399.92822265625
100000000000000000000001,1,924125000,0,-44.5,5.03759290741645,0,0,0.560039978027344,1.63,0,-5399.92822265625
100000000000000000000003,1,924125000,0,-45.5,2.45436926061703,0,0,0.560039978027344,1.63,0,-5399.92822265625
100000000000000000000000,1,924125000,0,-53,5.42415606596363,0,0,0.560039978027344,1.63,0,-5399.92822265625
100000000000000000000004,1,924125000,0,-45,4.06198112632118,0,0,0.560039978027344,1.63,0,-5399.92822265625
100000000000000000000000,1,924125000,0,-53,5.41188421966054,0,0,0.560039978027344,1.63,0,-5399.92822265625
100000000000000000000003,1,924125000,0,-45.5,2.41755372170777,0,0,0.560039978027344,1.63,0,-5399.92822265625
100000000000000000000002,1,924125000,0,-42,1.04310693576224,0,0,0.560039978027344,1.63,0,-5399.92822265625
100000000000000000000001,1,924125000,0,-44.5,5.01918513796182,0,0,0.560039978027344,1.63,0,-5399.92822265625
100000000000000000000004,1,924125000,0,-45.5,4.06811704947272,0,0,0.560039978027344,1.63,0,-5399.92822265625
100000000000000000000002,1,924125000,0,-42,1.05537878206532,0,0,0.560039978027344,1.63,0,-5399.92822265625
100000000000000000000003,1,924125000,0,-45.5,2.44209741431394,0,0,0.560039978027344,1.63,0,-5399.92822265625
100000000000000000000000,1,924125000,0,-53,5.39961237335746,0,0,0.560039978027344,1.63,0,-5399.92822265625
100000000000000000000001,1,924125000,0,-44.5,5.02532106111336,0,0,0.560039978027344,1.63,0,-5399.92822265625
100000000000000000000003,1,924125000,0,-45,2.4359614911624,0,0,0.560039978027344,1.63,0,-5399.92822265625
100000000000000000000001,1,924125000,0,-44.5,5.02532106111336,0,0,0.560039978027344,1.63,0,-5399.92822265625
100000000000000000000002,1,924125000,0,-42,1.05537878206532,0,0,0.560039978027344,1.63,0,-5399.92822265625
100000000000000000000000,1,924125000,0,-53,5.43642791226671,0,0,0.560039978027344,1.63,0,-5399.92822265625
100000000000000000000004,1,924125000,0,-45,4.06811704947272,0,0,0.560039978027344,1.63,0,-5399.92822265625
100000000000000000000004,1,924125000,0,-45,4.06198112632118,0,0,0.560039978027344,1.63,0,-5399.92822265625
100000000000000000000003,1,924125000,0,-45.5,2.42982556801086,0,0,0.560039978027344,1.63,0,-5399.92822265625
100000000000000000000002,1,924125000,0,-42.5,1.05537878206532,0,0,0.560039978027344,1.63,0,-5399.92822265625
100000000000000000000000,1,924125000,0,-53.5,5.38120460390283,0,0,0.560039978027344,1.63,0,-5399.92822265625
100000000000000000000001,1,924125000,0,-44.5,5.01304921481028,0,0,0.560039978027344,1.63,0,-5399.92822265625
100000000000000000000002,1,924125000,0,-42,1.04310693576224,0,0,0.560039978027344,1.63,0,-5399.92822265625
100000000000000000000004,1,924125000,0,-45,4.07425297262426,0,0,0.560039978027344,1.63,0,-5399.92822265625
100000000000000000000003,1,924125000,0,-45,2.39914595225314,0,0,0.560039978027344,1.63,0,-5399.92822265625
100000000000000000000001,1,924125000,0,-44.5,5.01918513796182,0,0,0.560039978027344,1.63,0,-5399.92822265625
100000000000000000000000,1,924125000,0,-53,5.43642791226671,0,0,0.560039978027344,1.63,0,-5399.92822265625
100000000000000000000002,1,924125000,0,-42.5,1.03083508945915,0,0,0.560039978027344,1.63,0,-5399.92822265625
100000000000000000000004,1,924125000,0,-45,4.07425297262426,0,0,0.560039978027344,1.63,0,-5399.92822265625
100000000000000000000003,1,924125000,0,-45.5,2.4359614911624,0,0,0.560039978027344,1.63,0,-5399.92822265625
100000000000000000000000,1,924125000,0,-53,5.405748296509,0,0,0.560039978027344,1.63,0,-5399.92822265625
100000000000000000000001,1,924125000,0,-44.5,5.00077736850719,0,0,0.560039978027344,1.63,0,-5399.92822265625
100000000000000000000002,1,924125000,0,-42.5,1.03697101261069,0,0,0.560039978027344,1.63,0,-5399.92822265625
100000000000000000000004,1,924125000,0,-45,4.07425297262426,0,0,0.560039978027344,1.63,0,-5399.92822265625
100000000000000000000003,1,924125000,0,-45.5,2.44209741431394,0,0,0.560039978027344,1.63,0,-5399.92822265625
100000000000000000000001,1,924125000,0,-44.5,5.00691329165873,0,0,0.560039978027344,1.63,0,-5399.92822265625
100000000000000000000000,1,924125000,0,-53,5.41802014281208,0,0,0.560039978027344,1.63,0,-5399.92822265625
100000000000000000000001,1,924125000,0,-44.5,5.01304921481028,0,0,0.560039978027344,1.63,0,-5399.92822265625
100000000000000000000004,1,924125000,0,-45.5,4.04357335686655,0,0,0.560039978027344,1.63,0,-5399.92822265625
100000000000000000000003,1,924125000,0,-45.5,2.44209741431394,0,0,0.560039978027344,1.63,0,-5399.92822265625
100000000000000000000002,1,924125000,0,-42.5,1.04310693576224,0,0,0.560039978027344,1.63,0,-5399.92822265625
100000000000000000000000,1,924125000,0,-53,5.43642791226671,0,0,0.560039978027344,1.63,0,-5399.92822265625
100000000000000000000002,1,924125000,0,-42.5,1.06765062836841,0,0,0.560039978027344,1.63,0,-5399.92822265625
100000000000000000000000,1,924125000,0,-53,5.41188421966054,0,0,0.560039978027344,1.63,0,-5399.92822265625
100000000000000000000003,1,924125000,0,-45.5,2.45436926061703,0,0,0.560039978027344,1.63,0,-5399.92822265625
100000000000000000000004,1,924125000,0,-45.5,4.03130151056346,0,0,0.560039978027344,1.63,0,-5399.92822265625
100000000000000000000001,1,924125000,0,-44.5,5.00691329165873,0,0,0.560039978027344,1.63,0,-5399.92822265625
100000000000000000000002,1,924125000,0,-42,1.06765062836841,0,0,0.560039978027344,1.63,0,-5399.92822265625
100000000000000000000000,1,924125000,0,-53.5,5.43642791226671,0,0,0.560039978027344,1.63,0,-5399.92822265625
100000000000000000000004,1,924125000,0,-45,4.03743743371501,0,0,0.560039978027344,1.63,0,-5399.92822265625
100000000000000000000003,1,924125000,0,-45.5,2.45436926061703,0,0,0.560039978027344,1.63,0,-5399.92822265625
100000000000000000000001,1,924125000,0,-44.5,5.00077736850719,0,0,0.560039978027344,1.63,0,-5399.92822265625
100000000000000000000000,1,924125000,0,-53,5.41188421966054,0,0,0.560039978027344,1.63,0,-5399.92822265625
100000000000000000000004,1,924125000,0,-45,4.07425297262426,0,0,0.560039978027344,1.63,0,-5399.92822265625
100000000000000000000001,1,924125000,0,-44.5,5.00077736850719,0,0,0.560039978027344,1.63,0,-5399.92822265625
100000000000000000000003,1,924125000,0,-45.5,2.45436926061703,0,0,0.560039978027344,1.63,0,-5399.92822265625
100000000000000000000002,1,924125000,0,-42.5,1.04924285891378,0,0,0.560039978027344,1.63,0,-5399.92822265625
100000000000000000000003,1,924125000,0,-45.5,2.4359614911624,0,0,0.560039978027344,1.63,0,-5399.92822265625
100000000000000000000001,1,924125000,0,-44.5,4.9885055222041,0,0,0.560039978027344,1.63,0,-5399.92822265625
100000000000000000000002,1,924125000,0,-42.5,1.05537878206532,0,0,0.560039978027344,1.63,0,-5399.92822265625
100000000000000000000004,1,924125000,0,-45,4.06198112632118,0,0,0.560039978027344,1.63,0,-5399.92822265625
100000000000000000000000,1,924125000,0,-53,5.41802014281208,0,0,0.560039978027344,1.63,0,-5399.92822265625
100000000000000000000004,1,924125000,0,-45.5,4.06198112632118,0,0,0.560039978027344,1.63,0,-5399.92822265625
100000000000000000000003,1,924125000,0,-45.5,2.44823333746548,0,0,0.560039978027344,1.63,0,-5399.92822265625
100000000000000000000002,1,924125000,0,-42.5,1.06151470521686,0,0,0.560039978027344,1.63,0,-5399.92822265625
100000000000000000000001,1,924125000,0,-44.5,5.00077736850719,0,0,0.560039978027344,1.63,0,-5399.92822265625
100000000000000000000000,1,924125000,0,-53,5.41188421966054,0,0,0.560039978027344,1.63,0,-5399.92822265625
100000000000000000000004,1,924125000,0,-45,4.07425297262426,0,0,0.560039978027344,1.63,0,-5399.92822265625
100000000000000000000000,1,924125000,0,-53,5.39347645020591,0,0,0.560039978027344,1.63,0,-5399.92822265625
100000000000000000000002,1,924125000,0,-42.5,1.06151470521686,0,0,0.560039978027344,1.63,0,-5399.92822265625
100000000000000000000001,1,924125000,0,-44.5,5.02532106111336,0,0,0.560039978027344,1.63,0,-5399.92822265625
100000000000000000000003,1,924125000,0,-45.5,2.45436926061703,0,0,0.560039978027344,1.63,0,-5399.92822265625
100000000000000000000004,1,924125000,0,-45.5,4.04970928001809,0,0,0.560039978027344,1.63,0,-5399.92822265625
100000000000000000000003,1,924125000,0,-45.5,2.46050518376857,0,0,0.560039978027344,1.63,0,-5399.92822265625
100000000000000000000001,1,924125000,0,-44.5,5.0314569842649,0,0,0.560039978027344,1.63,0,-5399.92822265625
100000000000000000000000,1,924125000,0,-53,5.43029198911517,0,0,0.560039978027344,1.63,0,-5399.92822265625
100000000000000000000002,1,924125000,0,-42.5,1.05537878206532,0,0,0.560039978027344,1.63,0,-5399.92822265625
100000000000000000000003,1,924125000,0,-45,2.4359614911624,0,0,0.560039978027344,1.63,0,-5399.92822265625
100000000000000000000001,1,924125000,0,-44.5,5.00691329165873,0,0,0.560039978027344,1.63,0,-5399.92822265625
100000000000000000000004,1,924125000,0,-45.5,4.06198112632118,0,0,0.560039978027344,1.63,0,-5399.92822265625
100000000000000000000002,1,924125000,0,-42.5,1.04310693576224,0,0,0.560039978027344,1.63,0,-5399.92822265625
100000000000000000000000,1,924125000,0,-53,5.42415606596363,0,0,0.560039978027344,1.63,0,-5399.92822265625
100000000000000000000004,1,924125000,0,-45.5,4.06198112632118,0,0,0.560039978027344,1.63,0,-5399.92822265625
100000000000000000000002,1,924125000,0,-42.5,1.05537878206532,0,0,0.560039978027344,1.63,0,-5399.92822265625
100000000000000000000003,1,924125000,0,-45.5,2.44209741431394,0,0,0.560039978027344,1.63,0,-5399.92822265625
100000000000000000000001,1,924125000,0,-44.5,5.01304921481028,0,0,0.560039978027344,1.63,0,-5399.92822265625
100000000000000000000000,1,924125000,0,-53,5.43029198911517,0,0,0.560039978027344,1.63,0,-5399.92822265625
100000000000000000000000,1,924125000,0,-53,5.39347645020591,0,0,0.560039978027344,1.63,0,-5399.92822265625
100000000000000000000002,1,924125000,0,-42.5,1.04924285891378,0,0,0.560039978027344,1.63,0,-5399.92822265625
100000000000000000000001,1,924125000,0,-44.5,5.02532106111336,0,0,0.560039978027344,1.63,0,-5399.92822265625
100000000000000000000004,1,924125000,0,-45.5,4.07425297262426,0,0,0.560039978027344,1.63,0,-5399.92822265625
100000000000000000000003,1,924125000,0,-45.5,2.41141779855623,0,0,0.560039978027344,1.63,0,-5399.92822265625
100000000000000000000001,1,924125000,0,-44.5,5.02532106111336,0,0,0.560039978027344,1.63,0,-5399.92822265625
100000000000000000000002,1,924125000,0,-42,1.05537878206532,0,0,0.560039978027344,1.63,0,-5399.92822265625
100000000000000000000000,1,924125000,0,-53.5,5.41188421966054,0,0,0.560039978027344,1.63,0,-5399.92822265625
100000000000000000000003,1,924125000,0,-45.5,2.42982556801086,0,0,0.560039978027344,1.63,0,-5399.92822265625
100000000000000000000004,1,924125000,0,-45.5,4.08038889577581,0,0,0.560039978027344,1.63,0,-5399.92822265625
100000000000000000000004,1,924125000,0,-45,4.06811704947272,0,0,0.560039978027344,1.63,0,-5399.92822265625
100000000000000000000003,1,924125000,0,-45.5,2.42368964485931,0,0,0.560039978027344,1.63,0,-5399.92822265625
100000000000000000000002,1,924125000,0,-42.5,1.04924285891378,0,0,0.560039978027344,1.63,0,-5399.92822265625
100000000000000000000000,1,924125000,0,-53.5,5.41188421966054,0,0,0.560039978027344,1.63,0,-5399.92822265625
100000000000000000000001,1,924125000,0,-44.5,5.0314569842649,0,0,0.560039978027344,1.63,0,-5399.92822265625
100000000000000000000004,1,924125000,0,-45.5,4.06811704947272,0,0,0.560039978027344,1.63,0,-5399.92822265625
100000000000000000000001,1,924125000,0,-44.5,5.01918513796182,0,0,0.560039978027344,1.63,0,-5399.92822265625
100000000000000000000003,1,924125000,0,-45.5,2.45436926061703,0,0,0.560039978027344,1.63,0,-5399.92822265625
100000000000000000000000,1,924125000,0,-53,5.38734052705437,0,0,0.560039978027344,1.63,0,-5399.92822265625
100000000000000000000002,1,924125000,0,-42,1.05537878206532,0,0,0.560039978027344,1.63,0,-5399.92822265625
100000000000000000000001,1,924125000,0,-44.5,5.0314569842649,0,0,0.560039978027344,1.63,0,-5399.92822265625
100000000000000000000000,1,924125000,0,-53.5,5.405748296509,0,0,0.560039978027344,1.63,0,-5399.92822265625
100000000000000000000003,1,924125000,0,-45.5,2.46664110692011,0,0,0.560039978027344,1.63,0,-5399.92822265625
100000000000000000000004,1,924125000,0,-45.5,4.05584520316964,0,0,0.560039978027344,1.63,0,-5399.92822265625
100000000000000000000002,1,924125000,0,-42,1.04310693576224,0,0,0.560039978027344,1.63,0,-5399.92822265625
100000000000000000000003,1,924125000,0,-45.5,2.44823333746548,0,0,0.560039978027344,1.63,0,-5399.92822265625
100000000000000000000000,1,924125000,0,-53,5.42415606596363,0,0,0.560039978027344,1.63,0,-5399.92822265625
100000000000000000000001,1,924125000,0,-44.5,5.02532106111336,0,0,0.560039978027344,1.63,0,-5399.92822265625
100000000000000000000002,1,924125000,0,-42,1.06151470521686,0,0,0.560039978027344,1.63,0,-5399.92822265625
100000000000000000000004,1,924125000,0,-45,4.06811704947272,0,0,0.560039978027344,1.63,0,-5399.92822265625
100000000000000000000002,1,924125000,0,-42,1.05537878206532,0,0,0.560039978027344,1.63,0,-5399.92822265625
100000000000000000000000,1,924125000,0,-53,5.41188421966054,0,0,0.560039978027344,1.63,0,-5399.92822265625
100000000000000000000004,1,924125000,0,-45.5,4.04357335686655,0,0,0.560039978027344,1.63,0,-5399.92822265625
100000000000000000000001,1,924125000,0,-44.5,5.02532106111336,0,0,0.560039978027344,1.63,0,-5399.92822265625
100000000000000000000003,1,924125000,0,-45.5,2.44209741431394,0,0,0.560039978027344,1.63,0,-5399.92822265625
100000000000000000000001,1,924125000,0,-44.5,5.02532106111336,0,0,0.560039978027344,1.63,0,-5399.92822265625
100000000000000000000004,1,924125000,0,-45.5,4.06811704947272,0,0,0.560039978027344,1.63,0,-5399.92822265625
100000000000000000000002,1,924125000,0,-42,1.06765062836841,0,0,0.560039978027344,1.63,0,-5399.92822265625
100000000000000000000000,1,924125000,0,-53,5.41188421966054,0,0,0.560039978027344,1.63,0,-5399.92822265625
100000000000000000000003,1,924125000,0,-45.5,2.44823333746548,0,0,0.560039978027344,1.63,0,-5399.92822265625
100000000000000000000002,1,924125000,0,-42.5,1.06151470521686,0,0,0.560039978027344,1.63,0,-5399.92822265625
100000000000000000000000,1,924125000,0,-53.5,5.405748296509,0,0,0.560039978027344,1.63,0,-5399.92822265625
100000000000000000000003,1,924125000,0,-45.5,2.45436926061703,0,0,0.560039978027344,1.63,0,-5399.92822265625
100000000000000000000001,1,924125000,0,-44.5,5.0314569842649,0,0,0.560039978027344,1.63,0,-5399.92822265625
100000000000000000000004,1,924125000,0,-45.5,4.07425297262426,0,0,0.560039978027344,1.63,0,-5399.92822265625
100000000000000000000002,1,924125000,0,-42.5,1.05537878206532,0,0,0.560039978027344,1.63,0,-5399.92822265625
100000000000000000000003,1,924125000,0,-45.5,2.46050518376857,0,0,0.560039978027344,1.63,0,-5399.92822265625
100000000000000000000001,1,924125000,0,-44.5,5.02532106111336,0,0,0.560039978027344,1.63,0,-5399.92822265625
100000000000000000000004,1,924125000,0,-45.5,4.05584520316964,0,0,0.560039978027344,1.63,0,-5399.92822265625
100000000000000000000000,1,924125000,0,-53,5.41802014281208,0,0,0.560039978027344,1.63,0,-5399.92822265625
100000000000000000000001,1,924125000,0,-44.5,5.01304921481028,0,0,0.560039978027344,1.63,0,-5399.92822265625
100000000000000000000003,1,924125000,0,-45.5,2.4359614911624,0,0,0.560039978027344,1.63,0,-5399.92822265625
100000000000000000000000,1,924125000,0,-53.5,5.41188421966054,0,0,0.560039978027344,1.63,0,-5399.92822265625
100000000000000000000002,1,924125000,0,-42.5,1.07378655151995,0,0,0.560039978027344,1.63,0,-5399.92822265625
100000000000000000000004,1,924125000,0,-45,4.05584520316964,0,0,0.560039978027344,1.63,0,-5399.92822265625
100000000000000000000003,1,924125000,0,-45.5,2.42982556801086,0,0,0.560039978027344,1.63,0,-5399.92822265625
100000000000000000000000,1,924125000,0,-53,5.38734052705437,0,0,0.560039978027344,1.63,0,-5399.92822265625
100000000000000000000002,1,924125000,0,-42.5,1.06765062836841,0,0,0.560039978027344,1.63,0,-5399.92822265625
100000000000000000000004,1,924125000,0,-45.5,4.06811704947272,0,0,0.560039978027344,1.63,0,-5399.92822265625
100000000000000000000001,1,924125000,0,-44.5,5.01918513796182,0,0,0.560039978027344,1.63,0,-5399.92822265625
100000000000000000000000,1,924125000,0,-53.5,5.41802014281208,0,0,0.560039978027344,1.63,0,-5399.92822265625
100000000000000000000004,1,924125000,0,-45,4.02516558741192,0,0,0.560039978027344,1.63,0,-5399.92822265625
100000000000000000000003,1,924125000,0,-45.5,2.42982556801086,0,0,0.560039978027344,1.63,0,-5399.92822265625
100000000000000000000001,1,924125000,0,-44.5,5.00077736850719,0,0,0.560039978027344,1.63,0,-5399.92822265625
100000000000000000000002,1,924125000,0,-42.5,1.07378655151995,0,0,0.560039978027344,1.63,0,-5399.92822265625
100000000000000000000004,1,924125000,0,-45.5,4.06811704947272,0,0,0.560039978027344,1.63,0,-5399.92822265625
100000000000000000000001,1,924125000,0,-44.5,5.02532106111336,0,0,0.560039978027344,1.63,0,-5399.92822265625
100000000000000000000003,1,924125000,0,-45.5,2.41755372170777,0,0,0.560039978027344,1.63,0,-5399.92822265625
100000000000000000000000,1,924125000,0,-53.5,5.43642791226671,0,0,0.560039978027344,1.63,0,-5399.92822265625
100000000000000000000002,1,924125000,0,-42.5,1.05537878206532,0,0,0.560039978027344,1.63,0,-5399.92822265625
100000000000000000000001,1,924125000,0,-44.5,5.01918513796182,0,0,0.560039978027344,1.63,0,-5399.92822265625
100000000000000000000004,1,924125000,0,-45,4.06811704947272,0,0,0.560039978027344,1.63,0,-5399.92822265625
100000000000000000000003,1,924125000,0,-45.5,2.42368964485931,0,0,0.560039978027344,1.63,0,-5399.92822265625
100000000000000000000002,1,924125000,0,-42,1.06765062836841,0,0,0.560039978027344,1.63,0,-5399.92822265625
100000000000000000000000,1,924125000,0,-53.5,5.43029198911517,0,0,0.560039978027344,1.63,0,-5399.92822265625
100000000000000000000001,1,924125000,0,-44.5,5.01304921481028,0,0,0.560039978027344,1.63,0,-5399.92822265625
100000000000000000000000,1,924125000,0,-53.5,5.39347645020591,0,0,0.560039978027344,1.63,0,-5399.92822265625
100000000000000000000002,1,924125000,0,-42.5,1.04310693576224,0,0,0.560039978027344,1.63,0,-5399.92822265625
100000000000000000000004,1,924125000,0,-45,4.06198112632118,0,0,0.560039978027344,1.63,0,-5399.92822265625
100000000000000000000003,1,924125000,0,-45.5,2.42982556801086,0,0,0.560039978027344,1.63,0,-5399.92822265625
100000000000000000000001,1,924125000,0,-44.5,5.02532106111336,0,0,0.560039978027344,1.63,0,-5399.92822265625
100000000000000000000000,1,924125000,0,-53,5.45483568172134,0,0,0.560039978027344,1.63,0,-5399.92822265625
100000000000000000000004,1,924125000,0,-45,4.06811704947272,0,0,0.560039978027344,1.63,0,-5399.92822265625
100000000000000000000002,1,924125000,0,-42.5,1.05537878206532,0,0,0.560039978027344,1.63,0,-5399.92822265625
100000000000000000000003,1,924125000,0,-45.5,2.44823333746548,0,0,0.560039978027344,1.63,0,-5399.92822265625
100000000000000000000001,1,924125000,0,-44.5,5.00077736850719,0,0,0.560039978027344,1.63,0,-5399.92822265625
100000000000000000000004,1,924125000,0,-45.5,4.06811704947272,0,0,0.560039978027344,1.63,0,-5399.92822265625
100000000000000000000000,1,924125000,0,-53,5.42415606596363,0,0,0.560039978027344,1.63,0,-5399.92822265625
100000000000000000000002,1,924125000,0,-42.5,1.04310693576224,0,0,0.560039978027344,1.63,0,-5399.92822265625
100000000000000000000003,1,924125000,0,-45.5,2.44209741431394,0,0,0.560039978027344,1.63,0,-5399.92822265625
100000000000000000000000,1,924125000,0,-53.5,5.42415606596363,0,0,0.560039978027344,1.63,0,-5399.92822265625
100000000000000000000004,1,924125000,0,-45,4.07425297262426,0,0,0.560039978027344,1.63,0,-5399.92822265625
100000000000000000000003,1,924125000,0,-45.5,2.46050518376857,0,0,0.560039978027344,1.63,0,-5399.92822265625
100000000000000000000002,1,924125000,0,-42.5,1.07378655151995,0,0,0.560039978027344,1.63,0,-5399.92822265625
100000000000000000000001,1,924125000,0,-44.5,5.00691329165873,0,0,0.560039978027344,1.63,0,-5399.92822265625
100000000000000000000000,1,924125000,0,-53,5.41802014281208,0,0,0.560039978027344,1.63,0,-5399.92822265625
100000000000000000000001,1,924125000,0,-44.5,5.01918513796182,0,0,0.560039978027344,1.63,0,-5399.92822265625
100000000000000000000004,1,924125000,0,-45.5,4.06198112632118,0,0,0.560039978027344,1.63,0,-5399.92822265625
100000000000000000000002,1,924125000,0,-42.5,1.06765062836841,0,0,0.560039978027344,1.63,0,-5399.92822265625
100000000000000000000003,1,924125000,0,-45.5,2.44823333746548,0,0,0.560039978027344,1.63,0,-5399.92822265625
100000000000000000000004,1,924125000,0,-45.5,4.05584520316964,0,0,0.560039978027344,1.63,0,-5399.92822265625
100000000000000000000001,1,924125000,0,-44.5,5.01304921481028,0,0,0.560039978027344,1.63,0,-5399.92822265625
100000000000000000000002,1,924125000,0,-42,1.06151470521686,0,0,0.560039978027344,1.63,0,-5399.92822265625
100000000000000000000000,1,924125000,0,-53.5,5.41188421966054,0,0,0.560039978027344,1.63,0,-5399.92822265625
100000000000000000000003,1,924125000,0,-45.5,2.46050518376857,0,0,0.560039978027344,1.63,0,-5399.92822265625
100000000000000000000000,1,924125000,0,-53.5,5.42415606596363,0,0,0.560039978027344,1.63,0,-5399.92822265625
100000000000000000000001,1,924125000,0,-44.5,5.0314569842649,0,0,0.560039978027344,1.63,0,-5399.92822265625
100000000000000000000002,1,924125000,0,-42.5,1.06151470521686,0,0,0.560039978027344,1.63,0,-5399.92822265625
100000000000000000000004,1,924125000,0,-45,4.06198112632118,0,0,0.560039978027344,1.63,0,-5399.92822265625
100000000000000000000003,1,924125000,0,-45.5,2.4359614911624,0,0,0.560039978027344,1.63,0,-5399.92822265625
100000000000000000000000,1,924125000,0,-53,5.39347645020591,0,0,0.560039978027344,1.63,0,-5399.92822265625
100000000000000000000004,1,924125000,0,-45.5,4.07425297262426,0,0,0.560039978027344,1.63,0,-5399.92822265625
100000000000000000000002,1,924125000,0,-42,1.05537878206532,0,0,0.560039978027344,1.63,0,-5399.92822265625
100000000000000000000003,1,924125000,0,-45.5,2.46050518376857,0,0,0.560039978027344,1.63,0,-5399.92822265625
100000000000000000000001,1,924125000,0,-44.5,5.00691329165873,0,0,0.560039978027344,1.63,0,-5399.92822265625
100000000000000000000004,1,924125000,0,-45,4.07425297262426,0,0,0.560039978027344,1.63,0,-5399.92822265625
100000000000000000000003,1,924125000,0,-45.5,2.41755372170777,0,0,0.560039978027344,1.63,0,-5399.92822265625
100000000000000000000001,1,924125000,0,-44.5,5.01918513796182,0,0,0.560039978027344,1.63,0,-5399.92822265625
100000000000000000000000,1,924125000,0,-53,5.41802014281208,0,0,0.560039978027344,1.63,0,-5399.92822265625
100000000000000000000002,1,924125000,0,-42.5,1.07378655151995,0,0,0.560039978027344,1.63,0,-5399.92822265625
100000000000000000000002,1,924125000,0,-42,1.04310693576224,0,0,0.560039978027344,1.63,0,-5399.92822265625
100000000000000000000004,1,924125000,0,-45,4.07425297262426,0,0,0.560039978027344,1.63,0,-5399.92822265625
100000000000000000000003,1,924125000,0,-45.5,2.4359614911624,0,0,0.560039978027344,1.63,0,-5399.92822265625
100000000000000000000000,1,924125000,0,-53,5.41188421966054,0,0,0.560039978027344,1.63,0,-5399.92822265625
100000000000000000000001,1,924125000,0,-44.5,5.0314569842649,0,0,0.560039978027344,1.63,0,-5399.92822265625
100000000000000000000002,1,924125000,0,-42.5,1.06151470521686,0,0,0.560039978027344,1.63,0,-5399.92822265625
100000000000000000000001,1,924125000,0,-44.5,5.00691329165873,0,0,0.560039978027344,1.63,0,-5399.92822265625
100000000000000000000003,1,924125000,0,-45.5,2.44209741431394,0,0,0.560039978027344,1.63,0,-5399.92822265625
100000000000000000000004,1,924125000,0,-45.5,4.07425297262426,0,0,0.560039978027344,1.63,0,-5399.92822265625
100000000000000000000000,1,924125000,0,-53,5.405748296509,0,0,0.560039978027344,1.63,0,-5399.92822265625
100000000000000000000004,1,924125000,0,-45.5,4.06811704947272,0,0,0.560039978027344,1.63,0,-5399.92822265625
100000000000000000000001,1,924125000,0,-44.5,5.01918513796182,0,0,0.560039978027344,1.63,0,-5399.92822265625
100000000000000000000000,1,924125000,0,-53.5,5.41802014281208,0,0,0.560039978027344,1.63,0,-5399.92822265625
100000000000000000000002,1,924125000,0,-42.5,1.04924285891378,0,0,0.560039978027344,1.63,0,-5399.92822265625
100000000000000000000003,1,924125000,0,-45.5,2.44209741431394,0,0,0.560039978027344,1.63,0,-5399.92822265625
100000000000000000000001,1,924125000,0,-44.5,5.01918513796182,0,0,0.560039978027344,1.63,0,-5399.92822265625
100000000000000000000003,1,924125000,0,-45.5,2.44823333746548,0,0,0.560039978027344,1.63,0,-5399.92822265625
100000000000000000000004,1,924125000,0,-45,4.08038889577581,0,0,0.560039978027344,1.63,0,-5399.92822265625
100000000000000000000000,1,924125000,0,-53,5.44256383541826,0,0,0.560039978027344,1.63,0,-5399.92822265625
100000000000000000000002,1,924125000,0,-42.5,1.05537878206532,0,0,0.560039978027344,1.63,0,-5399.92822265625
100000000000000000000000,1,924125000,0,-53,5.4486997585698,0,0,0.560039978027344,1.63,0,-5399.92822265625
100000000000000000000001,1,924125000,0,-44.5,5.01918513796182,0,0,0.560039978027344,1.63,0,-5399.92822265625
100000000000000000000002,1,924125000,0,-42,1.05537878206532,0,0,0.560039978027344,1.63,0,-5399.92822265625
100000000000000000000004,1,924125000,0,-45.5,4.06811704947272,0,0,0.560039978027344,1.63,0,-5399.92822265625
100000000000000000000003,1,924125000,0,-45.5,2.44209741431394,0,0,0.560039978027344,1.63,0,-5399.92822265625
100000000000000000000001,1,924125000,0,-44.5,5.02532106111336,0,0,0.560039978027344,1.63,0,-5399.92822265625
100000000000000000000002,1,924125000,0,-42.5,1.04310693576224,0,0,0.560039978027344,1.63,0,-5399.92822265625
100000000000000000000004,1,924125000,0,-45,4.06811704947272,0,0,0.560039978027344,1.63,0,-5399.92822265625
100000000000000000000000,1,924125000,0,-53,5.42415606596363,0,0,0.560039978027344,1.63,0,-5399.92822265625
100000000000000000000003,1,924125000,0,-45.5,2.41755372170777,0,0,0.560039978027344,1.63,0,-5399.92822265625
100000000000000000000001,1,924125000,0,-44.5,5.01918513796182,0,0,0.560039978027344,1.63,0,-5399.92822265625
100000000000000000000003,1,924125000,0,-45.5,2.44209741431394,0,0,0.560039978027344,1.63,0,-5399.92822265625
100000000000000000000002,1,924125000,0,-42.5,1.05537878206532,0,0,0.560039978027344,1.63,0,-5399.92822265625
100000000000000000000000,1,924125000,0,-53,5.4486997585698,0,0,0.560039978027344,1.63,0,-5399.92822265625
100000000000000000000004,1,924125000,0,-45.5,4.07425297262426,0,0,0.560039978027344,1.63,0,-5399.92822265625
100000000000000000000000,1,924125000,0,-53.5,5.43029198911517,0,0,0.560039978027344,1.63,0,-5399.92822265625
100000000000000000000004,1,924125000,0,-45.5,4.08652481892735,0,0,0.560039978027344,1.63,0,-5399.92822265625
100000000000000000000003,1,924125000,0,-45.5,2.44209741431394,0,0,0.560039978027344,1.63,0,-5399.92822265625
100000000000000000000001,1,924125000,0,-44.5,5.03759290741645,0,0,0.560039978027344,1.63,0,-5399.92822265625
100000000000000000000002,1,924125000,0,-42.5,1.04310693576224,0,0,0.560039978027344,1.63,0,-5399.92822265625
100000000000000000000003,1,924125000,0,-45.5,2.42982556801086,0,0,0.560039978027344,1.63,0,-5399.92822265625
100000000000000000000002,1,924125000,0,-42.5,1.04924285891378,0,0,0.560039978027344,1.63,0,-5399.92822265625
100000000000000000000004,1,924125000,0,-45,4.07425297262426,0,0,0.560039978027344,1.63,0,-5399.92822265625
100000000000000000000001,1,924125000,0,-44.5,5.02532106111336,0,0,0.560039978027344,1.63,0,-5399.92822265625
100000000000000000000000,1,924125000,0,-53,5.42415606596363,0,0,0.560039978027344,1.63,0,-5399.92822265625
100000000000000000000004,1,924125000,0,-45,4.07425297262426,0,0,0.560039978027344,1.63,0,-5399.92822265625
100000000000000000000003,1,924125000,0,-45.5,2.42982556801086,0,0,0.560039978027344,1.63,0,-5399.92822265625
100000000000000000000001,1,924125000,0,-44.5,5.01304921481028,0,0,0.560039978027344,1.63,0,-5399.92822265625
100000000000000000000000,1,924125000,0,-53,5.39961237335746,0,0,0.560039978027344,1.63,0,-5399.92822265625
100000000000000000000002,1,924125000,0,-42,1.06151470521686,0,0,0.560039978027344,1.63,0,-5399.92822265625
100000000000000000000002,1,924125000,0,-42,1.05537878206532,0,0,0.560039978027344,1.63,0,-5399.92822265625
100000000000000000000001,1,924125000,0,-44.5,5.0314569842649,0,0,0.560039978027344,1.63,0,-5399.92822265625
100000000000000000000004,1,924125000,0,-45.5,4.04970928001809,0,0,0.560039978027344,1.63,0,-5399.92822265625
100000000000000000000003,1,924125000,0,-45.5,2.4359614911624,0,0,0.560039978027344,1.63,0,-5399.92822265625
100000000000000000000000,1,924125000,0,-53,5.44256383541826,0,0,0.560039978027344,1.63,0,-5399.92822265625
100000000000000000000002,1,924125000,0,-42.5,1.04310693576224,0,0,0.560039978027344,1.63,0,-5399.92822265625
100000000000000000000003,1,924125000,0,-45.5,2.4359614911624,0,0,0.560039978027344,1.63,0,-5399.92822265625
100000000000000000000000,1,924125000,0,-53,5.41188421966054,0,0,0.560039978027344,1.63,0,-5399.92822265625
100000000000000000000001,1,924125000,0,-44.5,5.01918513796182,0,0,0.560039978027344,1.63,0,-5399.92822265625
100000000000000000000004,1,924125000,0,-45.5,4.07425297262426,0,0,0.560039978027344,1.63,0,-5399.92822265625
100000000000000000000000,1,924125000,0,-53,5.42415606596363,0,0,0.560039978027344,1.63,0,-5399.92822265625
100000000000000000000003,1,924125000,0,-45.5,2.42982556801086,0,0,0.560039978027344,1.63,0,-5399.92822265625
100000000000000000000001,1,924125000,0,-44.5,5.01304921481028,0,0,0.560039978027344,1.63,0,-5399.92822265625
100000000000000000000004,1,924125000,0,-45.5,4.06198112632118,0,0,0.560039978027344,1.63,0,-5399.92822265625
100000000000000000000002,1,924125000,0,-42,1.03083508945915,0,0,0.560039978027344,1.63,0,-5399.92822265625
100000000000000000000000,1,924125000,0,-53.5,5.39347645020591,0,0,0.560039978027344,1.63,0,-5399.92822265625
100000000000000000000003,1,924125000,0,-45.5,2.4359614911624,0,0,0.560039978027344,1.63,0,-5399.92822265625
100000000000000000000002,1,924125000,0,-42,1.04924285891378,0,0,0.560039978027344,1.63,0,-5399.92822265625
100000000000000000000001,1,924125000,0,-44.5,5.0314569842649,0,0,0.560039978027344,1.63,0,-5399.92822265625
100000000000000000000004,1,924125000,0,-45.5,4.08652481892735,0,0,0.560039978027344,1.63,0,-5399.92822265625
100000000000000000000001,1,924125000,0,-44.5,5.01304921481028,0,0,0.560039978027344,1.63,0,-5399.92822265625
100000000000000000000003,1,924125000,0,-45.5,2.44209741431394,0,0,0.560039978027344,1.63,0,-5399.92822265625
100000000000000000000004,1,924125000,0,-45,4.07425297262426,0,0,0.560039978027344,1.63,0,-5399.92822265625
100000000000000000000002,1,924125000,0,-42.5,1.04310693576224,0,0,0.560039978027344,1.63,0,-5399.92822265625
100000000000000000000000,1,924125000,0,-53,5.405748296509,0,0,0.560039978027344,1.63,0,-5399.92822265625
100000000000000000000001,1,924125000,0,-44.5,5.01918513796182,0,0,0.560039978027344,1.63,0,-5399.92822265625
100000000000000000000002,1,924125000,0,-42.5,1.04924285891378,0,0,0.560039978027344,1.63,0,-5399.92822265625
100000000000000000000000,1,924125000,0,-53,5.41188421966054,0,0,0.560039978027344,1.63,0,-5399.92822265625
100000000000000000000004,1,924125000,0,-45.5,4.05584520316964,0,0,0.560039978027344,1.63,0,-5399.92822265625
100000000000000000000003,1,924125000,0,-45.5,2.42982556801086,0,0,0.560039978027344,1.63,0,-5399.92822265625
100000000000000000000001,1,924125000,0,-44.5,5.01918513796182,0,0,0.560039978027344,1.63,0,-5399.92822265625
100000000000000000000003,1,924125000,0,-45.5,2.44209741431394,0,0,0.560039978027344,1.63,0,-5399.92822265625
100000000000000000000004,1,924125000,0,-45,4.07425297262426,0,0,0.560039978027344,1.63,0,-5399.92822265625
100000000000000000000002,1,924125000,0,-42.5,1.03697101261069,0,0,0.560039978027344,1.63,0,-5399.92822265625
100000000000000000000000,1,924125000,0,-53,5.43642791226671,0,0,0.560039978027344,1.63,0,-5399.92822265625
100000000000000000000003,1,924125000,0,-45.5,2.44209741431394,0,0,0.560039978027344,1.63,0,-5399.92822265625
100000000000000000000000,1,924125000,0,-53,5.39961237335746,0,0,0.560039978027344,1.63,0,-5399.92822265625
100000000000000000000004,1,924125000,0,-45,4.04357335686655,0,0,0.560039978027344,1.63,0,-5399.92822265625
100000000000000000000002,1,924125000,0,-42.5,1.04924285891378,0,0,0.560039978027344,1.63,0,-5399.92822265625
100000000000000000000001,1,924125000,0,-44.5,5.01918513796182,0,0,0.560039978027344,1.63,0,-5399.92822265625
100000000000000000000000,1,924125000,0,-53,5.43642791226671,0,0,0.560039978027344,1.63,0,-5399.92822265625
100000000000000000000003,1,924125000,0,-45.5,2.44823333746548,0,0,0.560039978027344,1.63,0,-5399.92822265625
100000000000000000000001,1,924125000,0,-44.5,5.00691329165873,0,0,0.560039978027344,1.63,0,-5399.92822265625
100000000000000000000002,1,924125000,0,-42.5,1.04310693576224,0,0,0.560039978027344,1.63,0,-5399.92822265625
100000000000000000000004,1,924125000,0,-45.5,4.06198112632118,0,0,0.560039978027344,1.63,0,-5399.92822265625
100000000000000000000004,1,924125000,0,-45.5,4.07425297262426,0,0,0.560039978027344,1.63,0,-5399.92822265625
100000000000000000000000,1,924125000,0,-53,5.41188421966054,0,0,0.560039978027344,1.63,0,-5399.92822265625
100000000000000000000003,1,924125000,0,-45.5,2.45436926061703,0,0,0.560039978027344,1.63,0,-5399.92822265625
100000000000000000000001,1,924125000,0,-44.5,5.00691329165873,0,0,0.560039978027344,1.63,0,-5399.92822265625
100000000000000000000002,1,924125000,0,-42.5,1.06151470521686,0,0,0.560039978027344,1.63,0,-5399.92822265625
100000000000000000000004,1,924125000,0,-45.5,4.04357335686655,0,0,0.560039978027344,1.63,0,-5399.92822265625
100000000000000000000003,1,924125000,0,-45.5,2.45436926061703,0,0,0.560039978027344,1.63,0,-5399.92822265625
100000000000000000000002,1,924125000,0,-42,1.06151470521686,0,0,0.560039978027344,1.63,0,-5399.92822265625
100000000000000000000001,1,924125000,0,-44.5,5.02532106111336,0,0,0.560039978027344,1.63,0,-5399.92822265625
100000000000000000000000,1,924125000,0,-53,5.405748296509,0,0,0.560039978027344,1.63,0,-5399.92822265625
100000000000000000000000,1,924125000,0,-53,5.4486997585698,0,0,0.560039978027344,1.63,0,-5399.92822265625
100000000000000000000002,1,924125000,0,-42,1.04924285891378,0,0,0.560039978027344,1.63,0,-5399.92822265625
100000000000000000000003,1,924125000,0,-45.5,2.45436926061703,0,0,0.560039978027344,1.63,0,-5399.92822265625
100000000000000000000001,1,924125000,0,-44.5,5.02532106111336,0,0,0.560039978027344,1.63,0,-5399.92822265625
100000000000000000000004,1,924125000,0,-45.5,4.06811704947272,0,0,0.560039978027344,1.63,0,-5399.92822265625
100000000000000000000004,1,924125000,0,-45.5,4.08652481892735,0,0,0.560039978027344,1.63,0,-5399.92822265625
100000000000000000000002,1,924125000,0,-42.5,1.04310693576224,0,0,0.560039978027344,1.63,0,-5399.92822265625
100000000000000000000000,1,924125000,0,-53.5,5.41188421966054,0,0,0.560039978027344,1.63,0,-5399.92822265625
100000000000000000000001,1,924125000,0,-44.5,5.03759290741645,0,0,0.560039978027344,1.63,0,-5399.92822265625
100000000000000000000003,1,924125000,0,-45.5,2.41755372170777,0,0,0.560039978027344,1.63,0,-5399.92822265625
100000000000000000000001,1,924125000,0,-44.5,5.01918513796182,0,0,0.560039978027344,1.63,0,-5399.92822265625
100000000000000000000002,1,924125000,0,-42,1.04310693576224,0,0,0.560039978027344,1.63,0,-5399.92822265625
100000000000000000000004,1,924125000,0,-45.5,4.08652481892735,0,0,0.560039978027344,1.63,0,-5399.92822265625
100000000000000000000003,1,924125000,0,-45.5,2.45436926061703,0,0,0.560039978027344,1.63,0,-5399.92822265625
100000000000000000000000,1,924125000,0,-53,5.405748296509,0,0,0.560039978027344,1.63,0,-5399.92822265625
100000000000000000000000,1,924125000,0,-53,5.41802014281208,0,0,0.560039978027344,1.63,0,-5399.92822265625
100000000000000000000002,1,924125000,0,-42,1.05537878206532,0,0,0.560039978027344,1.63,0,-5399.92822265625
100000000000000000000001,1,924125000,0,-44.5,5.01918513796182,0,0,0.560039978027344,1.63,0,-5399.92822265625
100000000000000000000003,1,924125000,0,-45.5,2.44823333746548,0,0,0.560039978027344,1.63,0,-5399.92822265625
100000000000000000000004,1,924125000,0,-45.5,4.04970928001809,0,0,0.560039978027344,1.63,0,-5399.92822265625
100000000000000000000002,1,924125000,0,-42.5,1.04924285891378,0,0,0.560039978027344,1.63,0,-5399.92822265625
100000000000000000000000,1,924125000,0,-53.5,5.39961237335746,0,0,0.560039978027344,1.63,0,-5399.92822265625
100000000000000000000001,1,924125000,0,-44.5,5.01304921481028,0,0,0.560039978027344,1.63,0,-5399.92822265625
100000000000000000000004,1,924125000,0,-45.5,4.06811704947272,0,0,0.560039978027344,1.63,0,-5399.92822265625
100000000000000000000003,1,924125000,0,-45.5,2.45436926061703,0,0,0.560039978027344,1.63,0,-5399.92822265625
100000000000000000000001,1,924125000,0,-44.5,5.01918513796182,0,0,0.560039978027344,1.63,0,-5399.92822265625
100000000000000000000004,1,924125000,0,-45.5,4.06811704947272,0,0,0.560039978027344,1.63,0,-5399.92822265625
100000000000000000000002,1,924125000,0,-42.5,1.04310693576224,0,0,0.560039978027344,1.63,0,-5399.92822265625
100000000000000000000000,1,924125000,0,-53,5.38734052705437,0,0,0.560039978027344,1.63,0,-5399.92822265625
100000000000000000000003,1,924125000,0,-45.5,2.46664110692011,0,0,0.560039978027344,1.63,0,-5399.92822265625
100000000000000000000003,1,924125000,0,-45.5,2.4359614911624,0,0,0.560039978027344,1.63,0,-5399.92822265625
100000000000000000000004,1,924125000,0,-45.5,4.06811704947272,0,0,0.560039978027344,1.63,0,-5399.92822265625
100000000000000000000000,1,924125000,0,-53,5.41802014281208,0,0,0.560039978027344,1.63,0,-5399.92822265625
100000000000000000000001,1,924125000,0,-44.5,5.02532106111336,0,0,0.560039978027344,1.63,0,-5399.92822265625
100000000000000000000002,1,924125000,0,-42.5,1.06151470521686,0,0,0.560039978027344,1.63,0,-5399.92822265625
100000000000000000000001,1,924125000,0,-44.5,5.01918513796182,0,0,0.560039978027344,1.63,0,-5399.92822265625
100000000000000000000003,1,924125000,0,-45.5,2.42982556801086,0,0,0.560039978027344,1.63,0,-5399.92822265625
100000000000000000000002,1,924125000,0,-42,1.04310693576224,0,0,0.560039978027344,1.63,0,-5399.92822265625
100000000000000000000000,1,924125000,0,-53,5.41802014281208,0,0,0.560039978027344,1.63,0,-5399.92822265625
100000000000000000000004,1,924125000,0,-45,4.06198112632118,0,0,0.560039978027344,1.63,0,-5399.92822265625
100000000000000000000003,1,924125000,0,-45.5,2.4359614911624,0,0,0.560039978027344,1.63,0,-5399.92822265625
100000000000000000000002,1,924125000,0,-42.5,1.03083508945915,0,0,0.560039978027344,1.63,0,-5399.92822265625
100000000000000000000001,1,924125000,0,-44.5,5.00077736850719,0,0,0.560039978027344,1.63,0,-5399.92822265625
100000000000000000000004,1,924125000,0,-45,4.08038889577581,0,0,0.560039978027344,1.63,0,-5399.92822265625
100000000000000000000000,1,924125000,0,-53,5.41802014281208,0,0,0.560039978027344,1.63,0,-5399.92822265625
100000000000000000000000,1,924125000,0,-53,5.4486997585698,0,0,0.560039978027344,1.63,0,-5399.92822265625
100000000000000000000002,1,924125000,0,-42,1.06151470521686,0,0,0.560039978027344,1.63,0,-5399.92822265625
100000000000000000000001,1,924125000,0,-44.5,5.01918513796182,0,0,0.560039978027344,1.63,0,-5399.92822265625
100000000000000000000003,1,924125000,0,-45.5,2.45436926061703,0,0,0.560039978027344,1.63,0,-5399.92822265625
100000000000000000000004,1,924125000,0,-45,4.06198112632118,0,0,0.560039978027344,1.63,0,-5399.92822265625
100000000000000000000003,1,924125000,0,-45.5,2.44823333746548,0,0,0.560039978027344,1.63,0,-5399.92822265625
100000000000000000000004,1,924125000,0,-45,4.03743743371501,0,0,0.560039978027344,1.63,0,-5399.92822265625
100000000000000000000002,1,924125000,0,-42.5,1.05537878206532,0,0,0.560039978027344,1.63,0,-5399.92822265625
100000000000000000000000,1,924125000,0,-53,5.39347645020591,0,0,0.560039978027344,1.63,0,-5399.92822265625
100000000000000000000001,1,924125000,0,-44.5,5.02532106111336,0,0,0.560039978027344,1.63,0,-5399.92822265625
100000000000000000000003,1,924125000,0,-45,2.44823333746548,0,0,0.560039978027344,1.63,0,-5399.92822265625
100000000000000000000004,1,924125000,0,-45.5,4.06811704947272,0,0,0.560039978027344,1.63,0,-5399.92822265625
100000000000000000000001,1,924125000,0,-44.5,5.01918513796182,0,0,0.560039978027344,1.63,0,-5399.92822265625
100000000000000000000000,1,924125000,0,-53,5.42415606596363,0,0,0.560039978027344,1.63,0,-5399.92822265625
100000000000000000000002,1,924125000,0,-42,1.04924285891378,0,0,0.560039978027344,1.63,0,-5399.92822265625
100000000000000000000003,1,924125000,0,-45.5,2.41141779855623,0,0,0.560039978027344,1.63,0,-5399.92822265625
100000000000000000000004,1,924125000,0,-45,4.08038889577581,0,0,0.560039978027344,1.63,0,-5399.92822265625
100000000000000000000000,1,924125000,0,-53.5,5.39961237335746,0,0,0.560039978027344,1.63,0,-5399.92822265625
100000000000000000000002,1,924125000,0,-42.5,1.06765062836841,0,0,0.560039978027344,1.63,0,-5399.92822265625
100000000000000000000001,1,924125000,0,-44.5,5.01304921481028,0,0,0.560039978027344,1.63,0,-5399.92822265625
100000000000000000000004,1,924125000,0,-45,4.07425297262426,0,0,0.560039978027344,1.63,0,-5399.92822265625
100000000000000000000003,1,924125000,0,-45.5,2.44209741431394,0,0,0.560039978027344,1.63,0,-5399.92822265625
100000000000000000000002,1,924125000,0,-42,1.04924285891378,0,0,0.560039978027344,1.63,0,-5399.92822265625
100000000000000000000001,1,924125000,0,-44.5,5.01918513796182,0,0,0.560039978027344,1.63,0,-5399.92822265625
100000000000000000000000,1,924125000,0,-53,5.41802014281208,0,0,0.560039978027344,1.63,0,-5399.92822265625
100000000000000000000002,1,924125000,0,-42,1.04924285891378,0,0,0.560039978027344,1.63,0,-5399.92822265625
100000000000000000000001,1,924125000,0,-44.5,5.00691329165873,0,0,0.560039978027344,1.63,0,-5399.92822265625
100000000000000000000003,1,924125000,0,-45.5,2.42982556801086,0,0,0.560039978027344,1.63,0,-5399.92822265625
100000000000000000000000,1,924125000,0,-53,5.42415606596363,0,0,0.560039978027344,1.63,0,-5399.92822265625
100000000000000000000004,1,924125000,0,-45.5,4.06198112632118,0,0,0.560039978027344,1.63,0,-5399.92822265625
100000000000000000000002,1,924125000,0,-42.5,1.04924285891378,0,0,0.560039978027344,1.63,0,-5399.92822265625
100000000000000000000004,1,924125000,0,-45.5,4.06811704947272,0,0,0.560039978027344,1.63,0,-5399.92822265625
100000000000000000000000,1,924125000,0,-53,5.38734052705437,0,0,0.560039978027344,1.63,0,-5399.92822265625
100000000000000000000003,1,924125000,0,-45.5,2.44209741431394,0,0,0.560039978027344,1.63,0,-5399.92822265625
100000000000000000000001,1,924125000,0,-44.5,5.00691329165873,0,0,0.560039978027344,1.63,0,-5399.92822265625
100000000000000000000003,1,924125000,0,-45.5,2.46050518376857,0,0,0.560039978027344,1.63,0,-5399.92822265625
100000000000000000000004,1,924125000,0,-45.5,4.08038889577581,0,0,0.560039978027344,1.63,0,-5399.92822265625
100000000000000000000002,1,924125000,0,-42.5,1.05537878206532,0,0,0.560039978027344,1.63,0,-5399.92822265625
100000000000000000000001,1,924125000,0,-44.5,5.02532106111336,0,0,0.560039978027344,1.63,0,-5399.92822265625
100000000000000000000000,1,924125000,0,-53,5.38734052705437,0,0,0.560039978027344,1.63,0,-5399.92822265625
100000000000000000000003,1,924125000,0,-45.5,2.48504887637474,0,0,0.560039978027344,1.63,0,-5399.92822265625
100000000000000000000000,1,924125000,0,-53,5.41188421966054,0,0,0.560039978027344,1.63,0,-5399.92822265625
100000000000000000000001,1,924125000,0,-44.5,5.01918513796182,0,0,0.560039978027344,1.63,0,-5399.92822265625
100000000000000000000004,1,924125000,0,-45,4.08038889577581,0,0,0.560039978027344,1.63,0,-5399.92822265625
100000000000000000000002,1,924125000,0,-42,1.04310693576224,0,0,0.560039978027344,1.63,0,-5399.92822265625
100000000000000000000000,1,924125000,0,-53,5.44256383541826,0,0,0.560039978027344,1.63,0,-5399.92822265625
100000000000000000000001,1,924125000,0,-44.5,5.00691329165873,0,0,0.560039978027344,1.63,0,-5399.92822265625
100000000000000000000002,1,924125000,0,-42.5,1.06151470521686,0,0,0.560039978027344,1.63,0,-5399.92822265625
100000000000000000000003,1,924125000,0,-45.5,2.42982556801086,0,0,0.560039978027344,1.63,0,-5399.92822265625
100000000000000000000004,1,924125000,0,-45,4.06811704947272,0,0,0.560039978027344,1.63,0,-5399.92822265625
100000000000000000000004,1,924125000,0,-45.5,4.04357335686655,0,0,0.560039978027344,1.63,0,-5399.92822265625
100000000000000000000000,1,924125000,0,-53,5.405748296509,0,0,0.560039978027344,1.63,0,-5399.92822265625
100000000000000000000003,1,924125000,0,-45.5,2.42982556801086,0,0,0.560039978027344,1.63,0,-5399.92822265625
100000000000000000000002,1,924125000,0,-42.5,1.05537878206532,0,0,0.560039978027344,1.63,0,-5399.92822265625
100000000000000000000001,1,924125000,0,-44.5,5.01918513796182,0,0,0.560039978027344,1.63,0,-5399.92822265625
100000000000000000000002,1,924125000,0,-42,1.05537878206532,0,0,0.560039978027344,1.63,0,-5399.92822265625
100000000000000000000003,1,924125000,0,-45.5,2.44209741431394,0,0,0.560039978027344,1.63,0,-5399.92822265625
100000000000000000000000,1,924125000,0,-53.5,5.405748296509,0,0,0.560039978027344,1.63,0,-5399.92822265625
100000000000000000000004,1,924125000,0,-45,4.05584520316964,0,0,0.560039978027344,1.63,0,-5399.92822265625
100000000000000000000001,1,924125000,0,-44.5,5.01918513796182,0,0,0.560039978027344,1.63,0,-5399.92822265625
100000000000000000000000,1,924125000,0,-53,5.405748296509,0,0,0.560039978027344,1.63,0,-5399.92822265625
100000000000000000000002,1,924125000,0,-42,1.04924285891378,0,0,0.560039978027344,1.63,0,-5399.92822265625
100000000000000000000004,1,924125000,0,-45.5,4.03743743371501,0,0,0.560039978027344,1.63,0,-5399.92822265625
100000000000000000000003,1,924125000,0,-45.5,2.42982556801086,0,0,0.560039978027344,1.63,0,-5399.92822265625
100000000000000000000001,1,924125000,0,-44.5,5.03759290741645,0,0,0.560039978027344,1.63,0,-5399.92822265625
100000000000000000000003,1,924125000,0,-45.5,2.46050518376857,0,0,0.560039978027344,1.63,0,-5399.92822265625
100000000000000000000001,1,924125000,0,-44.5,5.01918513796182,0,0,0.560039978027344,1.63,0,-5399.92822265625
100000000000000000000004,1,924125000,0,-45,4.06811704947272,0,0,0.560039978027344,1.63,0,-5399.92822265625
100000000000000000000002,1,924125000,0,-42.5,1.05537878206532,0,0,0.560039978027344,1.63,0,-5399.92822265625
100000000000000000000000,1,924125000,0,-53,5.43642791226671,0,0,0.560039978027344,1.63,0,-5399.92822265625
100000000000000000000000,1,924125000,0,-53,5.41188421966054,0,0,0.560039978027344,1.63,0,-5399.92822265625
100000000000000000000002,1,924125000,0,-42.5,1.03083508945915,0,0,0.560039978027344,1.63,0,-5399.92822265625
100000000000000000000001,1,924125000,0,-44.5,5.01304921481028,0,0,0.560039978027344,1.63,0,-5399.92822265625
100000000000000000000004,1,924125000,0,-45.5,4.06811704947272,0,0,0.560039978027344,1.63,0,-5399.92822265625
100000000000000000000003,1,924125000,0,-45.5,2.44209741431394,0,0,0.560039978027344,1.63,0,-5399.92822265625
100000000000000000000000,1,924125000,0,-53,5.405748296509,0,0,0.560039978027344,1.63,0,-5399.92822265625
100000000000000000000004,1,924125000,0,-45.5,4.06811704947272,0,0,0.560039978027344,1.63,0,-5399.92822265625
100000000000000000000001,1,924125000,0,-44.5,5.02532106111336,0,0,0.560039978027344,1.63,0,-5399.92822265625
100000000000000000000003,1,924125000,0,-45.5,2.40528187540469,0,0,0.560039978027344,1.63,0,-5399.92822265625
100000000000000000000002,1,924125000,0,-42.5,1.03697101261069,0,0,0.560039978027344,1.63,0,-5399.92822265625
100000000000000000000001,1,924125000,0,-44.5,5.01304921481028,0,0,0.560039978027344,1.63,0,-5399.92822265625
100000000000000000000002,1,924125000,0,-42.5,1.04924285891378,0,0,0.560039978027344,1.63,0,-5399.92822265625
100000000000000000000004,1,924125000,0,-45.5,4.06811704947272,0,0,0.560039978027344,1.63,0,-5399.92822265625
100000000000000000000003,1,924125000,0,-45.5,2.44823333746548,0,0,0.560039978027344,1.63,0,-5399.92822265625
100000000000000000000000,1,924125000,0,-53,5.41802014281208,0,0,0.560039978027344,1.63,0,-5399.92822265625
100000000000000000000000,1,924125000,0,-53,5.405748296509,0,0,0.560039978027344,1.63,0,-5399.92822265625
100000000000000000000002,1,924125000,0,-42.5,1.05537878206532,0,0,0.560039978027344,1.63,0,-5399.92822265625
100000000000000000000001,1,924125000,0,-44.5,5.00691329165873,0,0,0.560039978027344,1.63,0,-5399.92822265625
100000000000000000000003,1,924125000,0,-45.5,2.46050518376857,0,0,0.560039978027344,1.63,0,-5399.92822265625
100000000000000000000004,1,924125000,0,-45,4.06198112632118,0,0,0.560039978027344,1.63,0,-5399.92822265625
100000000000000000000000,1,924125000,0,-53,5.39961237335746,0,0,0.560039978027344,1.63,0,-5399.92822265625
100000000000000000000004,1,924125000,0,-45,4.06811704947272,0,0,0.560039978027344,1.63,0,-5399.92822265625
100000000000000000000001,1,924125000,0,-44.5,5.02532106111336,0,0,0.560039978027344,1.63,0,-5399.92822265625
100000000000000000000003,1,924125000,0,-45,2.44209741431394,0,0,0.560039978027344,1.63,0,-5399.92822265625
100000000000000000000002,1,924125000,0,-42,1.04310693576224,0,0,0.560039978027344,1.63,0,-5399.92822265625
100000000000000000000004,1,924125000,0,-45.5,4.06198112632118,0,0,0.560039978027344,1.63,0,-5399.92822265625
100000000000000000000001,1,924125000,0,-44.5,5.01918513796182,0,0,0.560039978027344,1.63,0,-5399.92822265625
100000000000000000000003,1,924125000,0,-45.5,2.44823333746548,0,0,0.560039978027344,1.63,0,-5399.92822265625
100000000000000000000002,1,924125000,0,-42,1.06151470521686,0,0,0.560039978027344,1.63,0,-5399.92822265625
100000000000000000000000,1,924125000,0,-53,5.42415606596363,0,0,0.560039978027344,1.63,0,-5399.92822265625
100000000000000000000003,1,924125000,0,-45.5,2.46664110692011,0,0,0.560039978027344,1.63,0,-5399.92822265625
100000000000000000000001,1,924125000,0,-44.5,5.01918513796182,0,0,0.560039978027344,1.63,0,-5399.92822265625
100000000000000000000000,1,924125000,0,-53.5,5.405748296509,0,0,0.560039978027344,1.63,0,-5399.92822265625
100000000000000000000004,1,924125000,0,-45.5,4.06811704947272,0,0,0.560039978027344,1.63,0,-5399.92822265625
100000000000000000000002,1,924125000,0,-42.5,1.04310693576224,0,0,0.560039978027344,1.63,0,-5399.92822265625
100000000000000000000001,1,924125000,0,-44.5,5.01918513796182,0,0,0.560039978027344,1.63,0,-5399.92822265625
100000000000000000000000,1,924125000,0,-53,5.39347645020591,0,0,0.560039978027344,1.63,0,-5399.92822265625
100000000000000000000004,1,924125000,0,-45.5,4.08038889577581,0,0,0.560039978027344,1.63,0,-5399.92822265625
100000000000000000000003,1,924125000,0,-45.5,2.42982556801086,0,0,0.560039978027344,1.63,0,-5399.92822265625
100000000000000000000002,1,924125000,0,-42,1.06765062836841,0,0,0.560039978027344,1.63,0,-5399.92822265625
100000000000000000000003,1,924125000,0,-45.5,2.4359614911624,0,0,0.560039978027344,1.63,0,-5399.92822265625
100000000000000000000004,1,924125000,0,-45.5,4.06198112632118,0,0,0.560039978027344,1.63,0,-5399.92822265625
100000000000000000000002,1,924125000,0,-42.5,1.04924285891378,0,0,0.560039978027344,1.63,0,-5399.92822265625
100000000000000000000000,1,924125000,0,-53,5.41188421966054,0,0,0.560039978027344,1.63,0,-5399.92822265625
100000000000000000000001,1,924125000,0,-44.5,5.02532106111336,0,0,0.560039978027344,1.63,0,-5399.92822265625
100000000000000000000002,1,924125000,0,-42.5,1.04310693576224,0,0,0.560039978027344,1.63,0,-5399.92822265625
100000000000000000000004,1,924125000,0,-45,4.08652481892735,0,0,0.560039978027344,1.63,0,-5399.92822265625
100000000000000000000000,1,924125000,0,-53,5.39961237335746,0,0,0.560039978027344,1.63,0,-5399.92822265625
100000000000000000000003,1,924125000,0,-45.5,2.44209741431394,0,0,0.560039978027344,1.63,0,-5399.92822265625
100000000000000000000001,1,924125000,0,-44.5,5.0314569842649,0,0,0.560039978027344,1.63,0,-5399.92822265625
100000000000000000000003,1,924125000,0,-45.5,2.4359614911624,0,0,0.560039978027344,1.63,0,-5399.92822265625
100000000000000000000001,1,924125000,0,-44.5,5.01304921481028,0,0,0.560039978027344,1.63,0,-5399.92822265625
100000000000000000000004,1,924125000,0,-45.5,4.07425297262426,0,0,0.560039978027344,1.63,0,-5399.92822265625
100000000000000000000002,1,924125000,0,-42.5,1.04310693576224,0,0,0.560039978027344,1.63,0,-5399.92822265625
100000000000000000000000,1,924125000,0,-53,5.3627968344482,0,0,0.560039978027344,1.63,0,-5399.92822265625
100000000000000000000000,1,924125000,0,-53,5.43029198911517,0,0,0.560039978027344,1.63,0,-5399.92822265625
100000000000000000000003,1,924125000,0,-45.5,2.42368964485931,0,0,0.560039978027344,1.63,0,-5399.92822265625
100000000000000000000002,1,924125000,0,-42.5,1.06151470521686,0,0,0.560039978027344,1.63,0,-5399.92822265625
100000000000000000000004,1,924125000,0,-45.5,4.08038889577581,0,0,0.560039978027344,1.63,0,-5399.92822265625
100000000000000000000001,1,924125000,0,-44.5,5.0314569842649,0,0,0.560039978027344,1.63,0,-5399.92822265625
100000000000000000000004,1,924125000,0,-45,4.09266074207889,0,0,0.560039978027344,1.63,0,-5399.92822265625
100000000000000000000001,1,924125000,0,-44.5,5.01304921481028,0,0,0.560039978027344,1.63,0,-5399.92822265625
100000000000000000000003,1,924125000,0,-45.5,2.44209741431394,0,0,0.560039978027344,1.63,0,-5399.92822265625
100000000000000000000002,1,924125000,0,-42,1.05537878206532,0,0,0.560039978027344,1.63,0,-5399.92822265625
100000000000000000000000,1,924125000,0,-53,5.41802014281208,0,0,0.560039978027344,1.63,0,-5399.92822265625
100000000000000000000004,1,924125000,0,-45,4.05584520316964,0,0,0.560039978027344,1.63,0,-5399.92822265625
100000000000000000000002,1,924125000,0,-42,1.07378655151995,0,0,0.560039978027344,1.63,0,-5399.92822265625
100000000000000000000000,1,924125000,0,-53,5.38120460390283,0,0,0.560039978027344,1.63,0,-5399.92822265625
100000000000000000000003,1,924125000,0,-45.5,2.42368964485931,0,0,0.560039978027344,1.63,0,-5399.92822265625
100000000000000000000001,1,924125000,0,-44.5,5.03759290741645,0,0,0.560039978027344,1.63,0,-5399.92822265625
100000000000000000000000,1,924125000,0,-53,5.44256383541826,0,0,0.560039978027344,1.63,0,-5399.92822265625
100000000000000000000004,1,924125000,0,-45,4.06811704947272,0,0,0.560039978027344,1.63,0,-5399.92822265625
100000000000000000000003,1,924125000,0,-45.5,2.44823333746548,0,0,0.560039978027344,1.63,0,-5399.92822265625
100000000000000000000001,1,924125000,0,-44.5,5.00077736850719,0,0,0.560039978027344,1.63,0,-5399.92822265625
100000000000000000000002,1,924125000,0,-42,1.06151470521686,0,0,0.560039978027344,1.63,0,-5399.92822265625
100000000000000000000001,1,924125000,0,-44.5,5.01918513796182,0,0,0.560039978027344,1.63,0,-5399.92822265625
100000000000000000000004,1,924125000,0,-45,4.06198112632118,0,0,0.560039978027344,1.63,0,-5399.92822265625
100000000000000000000000,1,924125000,0,-53.5,5.39347645020591,0,0,0.560039978027344,1.63,0,-5399.92822265625
100000000000000000000003,1,924125000,0,-45.5,2.46050518376857,0,0,0.560039978027344,1.63,0,-5399.92822265625
100000000000000000000002,1,924125000,0,-42.5,1.06151470521686,0,0,0.560039978027344,1.63,0,-5399.92822265625
100000000000000000000000,1,924125000,0,-53.5,5.405748296509,0,0,0.560039978027344,1.63,0,-5399.92822265625
100000000000000000000004,1,924125000,0,-45,4.05584520316964,0,0,0.560039978027344,1.63,0,-5399.92822265625
100000000000000000000001,1,924125000,0,-44.5,5.02532106111336,0,0,0.560039978027344,1.63,0,-5399.92822265625
100000000000000000000003,1,924125000,0,-45.5,2.44209741431394,0,0,0.560039978027344,1.63,0,-5399.92822265625
100000000000000000000002,1,924125000,0,-42.5,1.04924285891378,0,0,0.560039978027344,1.63,0,-5399.92822265625
100000000000000000000004,1,924125000,0,-45.5,4.06811704947272,0,0,0.560039978027344,1.63,0,-5399.92822265625
100000000000000000000001,1,924125000,0,-44.5,5.01918513796182,0,0,0.560039978027344,1.63,0,-5399.92822265625
100000000000000000000003,1,924125000,0,-45.5,2.44823333746548,0,0,0.560039978027344,1.63,0,-5399.92822265625
100000000000000000000000,1,924125000,0,-53,5.41188421966054,0,0,0.560039978027344,1.63,0,-5399.92822265625
100000000000000000000002,1,924125000,0,-42.5,1.06151470521686,0,0,0.560039978027344,1.63,0,-5399.92822265625
100000000000000000000000,1,924125000,0,-53.5,5.405748296509,0,0,0.560039978027344,1.63,0,-5399.92822265625
100000000000000000000003,1,924125000,0,-45.5,2.42982556801086,0,0,0.560039978027344,1.63,0,-5399.92822265625
100000000000000000000002,1,924125000,0,-42,1.06151470521686,0,0,0.560039978027344,1.63,0,-5399.92822265625
100000000000000000000001,1,924125000,0,-44.5,5.02532106111336,0,0,0.560039978027344,1.63,0,-5399.92822265625
100000000000000000000004,1,924125000,0,-45,4.08038889577581,0,0,0.560039978027344,1.63,0,-5399.92822265625
100000000000000000000001,1,920625000,0,-45,3.38089365649995,0,0,0.560039978027344,1.63,0,-5399.92822265625
100000000000000000000000,1,920625000,0,-51.5,3.33180627128761,0,0,0.560039978027344,1.63,0,-5399.92822265625
100000000000000000000004,1,920625000,0,-46.5,2.31324302813155,0,0,0.560039978027344,1.63,0,-5399.92822265625
100000000000000000000003,1,920625000,0,-45.5,0.987883627398353,0,0,0.560039978027344,1.63,0,-5399.92822265625
100000000000000000000002,1,920625000,0,-43.5,5.64504929941916,0,0,0.560039978027344,1.63,0,-5399.92822265625
100000000000000000000003,1,920625000,0,-46,1.00015547370144,0,0,0.560039978027344,1.63,0,-5399.92822265625
100000000000000000000001,1,920625000,0,-45,3.36248588704533,0,0,0.560039978027344,1.63,0,-5399.92822265625
100000000000000000000004,1,920625000,0,-46.5,2.35619449019234,0,0,0.560039978027344,1.63,0,-5399.92822265625
100000000000000000000002,1,920625000,0,-43,5.61436968366145,0,0,0.560039978027344,1.63,0,-5399.92822265625
100000000000000000000000,1,920625000,0,-51.5,3.30726257868144,0,0,0.560039978027344,1.63,0,-5399.92822265625
100000000000000000000004,1,920625000,0,-46.5,2.32551487443463,0,0,0.560039978027344,1.63,0,-5399.92822265625
100000000000000000000000,1,920625000,0,-51.5,3.26431111662064,0,0,0.560039978027344,1.63,0,-5399.92822265625
100000000000000000000003,1,920625000,0,-46,1.00629139685298,0,0,0.560039978027344,1.63,0,-5399.92822265625
100000000000000000000001,1,920625000,0,-45,3.35021404074224,0,0,0.560039978027344,1.63,0,-5399.92822265625
100000000000000000000002,1,920625000,0,-43,5.61436968366145,0,0,0.560039978027344,1.63,0,-5399.92822265625
100000000000000000000003,1,920625000,0,-46,1.01242732000452,0,0,0.560039978027344,1.63,0,-5399.92822265625
100000000000000000000001,1,920625000,0,-45,3.36248588704533,0,0,0.560039978027344,1.63,0,-5399.92822265625
100000000000000000000002,1,920625000,0,-43.5,5.65732114572224,0,0,0.560039978027344,1.63,0,-5399.92822265625
100000000000000000000004,1,920625000,0,-46.5,2.32551487443463,0,0,0.560039978027344,1.63,0,-5399.92822265625
100000000000000000000000,1,920625000,0,-51.5,3.29499073237836,0,0,0.560039978027344,1.63,0,-5399.92822265625
100000000000000000000003,1,920625000,0,-46,0.994019550549895,0,0,0.560039978027344,1.63,0,-5399.92822265625
100000000000000000000000,1,920625000,0,-51.5,3.29499073237836,0,0,0.560039978027344,1.63,0,-5399.92822265625
100000000000000000000001,1,920625000,0,-45,3.35021404074224,0,0,0.560039978027344,1.63,0,-5399.92822265625
100000000000000000000002,1,920625000,0,-43.5,5.63277745311607,0,0,0.560039978027344,1.63,0,-5399.92822265625
100000000000000000000004,1,920625000,0,-46.5,2.31937895128309,0,0,0.560039978027344,1.63,0,-5399.92822265625
100000000000000000000002,1,920625000,0,-43.5,5.65732114572224,0,0,0.560039978027344,1.63,0,-5399.92822265625
100000000000000000000004,1,920625000,0,-46.5,2.31937895128309,0,0,0.560039978027344,1.63,0,-5399.92822265625
100000000000000000000001,1,920625000,0,-45,3.36862181019687,0,0,0.560039978027344,1.63,0,-5399.92822265625
100000000000000000000003,1,920625000,0,-45.5,1.01242732000452,0,0,0.560039978027344,1.63,0,-5399.92822265625
100000000000000000000000,1,920625000,0,-51.5,3.29499073237836,0,0,0.560039978027344,1.63,0,-5399.92822265625
100000000000000000000002,1,920625000,0,-43.5,5.6511852225707,0,0,0.560039978027344,1.63,0,-5399.92822265625
100000000000000000000004,1,920625000,0,-46.5,2.32551487443463,0,0,0.560039978027344,1.63,0,-5399.92822265625
100000000000000000000001,1,920625000,0,-45,3.35021404074224,0,0,0.560039978027344,1.63,0,-5399.92822265625
100000000000000000000003,1,920625000,0,-46,1.00015547370144,0,0,0.560039978027344,1.63,0,-5399.92822265625
100000000000000000000000,1,920625000,0,-51.5,3.30726257868144,0,0,0.560039978027344,1.63,0,-5399.92822265625
100000000000000000000000,1,920625000,0,-51.5,3.30726257868144,0,0,0.560039978027344,1.63,0,-5399.92822265625
100000000000000000000003,1,920625000,0,-46,1.00015547370144,0,0,0.560039978027344,1.63,0,-5399.92822265625
100000000000000000000004,1,920625000,0,-46.5,2.34392264388926,0,0,0.560039978027344,1.63,0,-5399.92822265625
100000000000000000000001,1,920625000,0,-45,3.35634996389378,0,0,0.560039978027344,1.63,0,-5399.92822265625
100000000000000000000002,1,920625000,0,-43.5,5.62050560681299,0,0,0.560039978027344,1.63,0,-5399.92822265625
100000000000000000000000,1,920625000,0,-51.5,3.30726257868144,0,0,0.560039978027344,1.63,0,-5399.92822265625
100000000000000000000004,1,920625000,0,-46.5,2.32551487443463,0,0,0.560039978027344,1.63,0,-5399.92822265625
100000000000000000000001,1,920625000,0,-45,3.3870295796515,0,0,0.560039978027344,1.63,0,-5399.92822265625
100000000000000000000002,1,920625000,0,-43.5,5.64504929941916,0,0,0.560039978027344,1.63,0,-5399.92822265625
100000000000000000000003,1,920625000,0,-46,1.01242732000452,0,0,0.560039978027344,1.63,0,-5399.92822265625
100000000000000000000003,1,920625000,0,-46,1.01856324315607,0,0,0.560039978027344,1.63,0,-5399.92822265625
100000000000000000000000,1,920625000,0,-51.5,3.27044703977219,0,0,0.560039978027344,1.63,0,-5399.92822265625
100000000000000000000002,1,920625000,0,-43.5,5.64504929941916,0,0,0.560039978027344,1.63,0,-5399.92822265625
100000000000000000000001,1,920625000,0,-45,3.36248588704533,0,0,0.560039978027344,1.63,0,-5399.92822265625
100000000000000000000004,1,920625000,0,-46.5,2.3500585670408,0,0,0.560039978027344,1.63,0,-5399.92822265625
100000000000000000000004,1,920625000,0,-46.5,2.33165079758617,0,0,0.560039978027344,1.63,0,-5399.92822265625
100000000000000000000001,1,920625000,0,-45,3.36248588704533,0,0,0.560039978027344,1.63,0,-5399.92822265625
100000000000000000000003,1,920625000,0,-46,0.981747704246811,0,0,0.560039978027344,1.63,0,-5399.92822265625
100000000000000000000002,1,920625000,0,-43,5.6511852225707,0,0,0.560039978027344,1.63,0,-5399.92822265625
100000000000000000000000,1,920625000,0,-51.5,3.32567034813607,0,0,0.560039978027344,1.63,0,-5399.92822265625
100000000000000000000002,1,920625000,0,-43,5.6511852225707,0,0,0.560039978027344,1.63,0,-5399.92822265625
100000000000000000000001,1,920625000,0,-45,3.36862181019687,0,0,0.560039978027344,1.63,0,-5399.92822265625
100000000000000000000000,1,920625000,0,-51.5,3.29499073237836,0,0,0.560039978027344,1.63,0,-5399.92822265625
100000000000000000000004,1,920625000,0,-46.5,2.34392264388926,0,0,0.560039978027344,1.63,0,-5399.92822265625
100000000000000000000003,1,920625000,0,-46,1.02469916630761,0,0,0.560039978027344,1.63,0,-5399.92822265625
100000000000000000000004,1,920625000,0,-46.5,2.31324302813155,0,0,0.560039978027344,1.63,0,-5399.92822265625
100000000000000000000000,1,920625000,0,-51.5,3.26431111662064,0,0,0.560039978027344,1.63,0,-5399.92822265625
100000000000000000000001,1,920625000,0,-45,3.38089365649995,0,0,0.560039978027344,1.63,0,-5399.92822265625
100000000000000000000003,1,920625000,0,-46,1.00629139685298,0,0,0.560039978027344,1.63,0,-5399.92822265625
100000000000000000000002,1,920625000,0,-43,5.6511852225707,0,0,0.560039978027344,1.63,0,-5399.92822265625
100000000000000000000003,1,920625000,0,-46,1.00629139685298,0,0,0.560039978027344,1.63,0,-5399.92822265625
100000000000000000000001,1,920625000,0,-45,3.3870295796515,0,0,0.560039978027344,1.63,0,-5399.92822265625
100000000000000000000004,1,920625000,0,-46.5,2.32551487443463,0,0,0.560039978027344,1.63,0,-5399.92822265625
100000000000000000000000,1,920625000,0,-51.5,3.28271888607527,0,0,0.560039978027344,1.63,0,-5399.92822265625
100000000000000000000002,1,920625000,0,-43.5,5.63891337626762,0,0,0.560039978027344,1.63,0,-5399.92822265625
100000000000000000000001,1,920625000,0,-45,3.36248588704533,0,0,0.560039978027344,1.63,0,-5399.92822265625
100000000000000000000004,1,920625000,0,-46.5,2.31937895128309,0,0,0.560039978027344,1.63,0,-5399.92822265625
100000000000000000000000,1,920625000,0,-51.5,3.27658296292373,0,0,0.560039978027344,1.63,0,-5399.92822265625
100000000000000000000003,1,920625000,0,-46,1.00015547370144,0,0,0.560039978027344,1.63,0,-5399.92822265625
100000000000000000000002,1,920625000,0,-43.5,5.63891337626762,0,0,0.560039978027344,1.63,0,-5399.92822265625
100000000000000000000004,1,920625000,0,-46.5,2.31324302813155,0,0,0.560039978027344,1.63,0,-5399.92822265625
100000000000000000000002,1,920625000,0,-43.5,5.63277745311607,0,0,0.560039978027344,1.63,0,-5399.92822265625
100000000000000000000000,1,920625000,0,-51.5,3.28271888607527,0,0,0.560039978027344,1.63,0,-5399.92822265625
100000000000000000000001,1,920625000,0,-45,3.37475773334841,0,0,0.560039978027344,1.63,0,-5399.92822265625
100000000000000000000003,1,920625000,0,-46,1.00629139685298,0,0,0.560039978027344,1.63,0,-5399.92822265625
100000000000000000000002,1,920625000,0,-43.5,5.63891337626762,0,0,0.560039978027344,1.63,0,-5399.92822265625
100000000000000000000004,1,920625000,0,-46.5,2.31324302813155,0,0,0.560039978027344,1.63,0,-5399.92822265625
100000000000000000000000,1,920625000,0,-51.5,3.28885480922681,0,0,0.560039978027344,1.63,0,-5399.92822265625
100000000000000000000001,1,920625000,0,-45,3.35634996389378,0,0,0.560039978027344,1.63,0,-5399.92822265625
100000000000000000000003,1,920625000,0,-46,1.01242732000452,0,0,0.560039978027344,1.63,0,-5399.92822265625
100000000000000000000003,1,920625000,0,-46,0.994019550549895,0,0,0.560039978027344,1.63,0,-5399.92822265625
100000000000000000000000,1,920625000,0,-51.5,3.3011266555299,0,0,0.560039978027344,1.63,0,-5399.92822265625
100000000000000000000004,1,920625000,0,-46.5,2.31324302813155,0,0,0.560039978027344,1.63,0,-5399.92822265625
100000000000000000000001,1,920625000,0,-45,3.38089365649995,0,0,0.560039978027344,1.63,0,-5399.92822265625
100000000000000000000002,1,920625000,0,-43.5,5.63891337626762,0,0,0.560039978027344,1.63,0,-5399.92822265625
100000000000000000000002,1,920625000,0,-43.5,5.66345706887379,0,0,0.560039978027344,1.63,0,-5399.92822265625
100000000000000000000004,1,920625000,0,-46.5,2.33778672073772,0,0,0.560039978027344,1.63,0,-5399.92822265625
100000000000000000000003,1,920625000,0,-46,1.00015547370144,0,0,0.560039978027344,1.63,0,-5399.92822265625
100000000000000000000001,1,920625000,0,-45,3.37475773334841,0,0,0.560039978027344,1.63,0,-5399.92822265625
100000000000000000000000,1,920625000,0,-51.5,3.32567034813607,0,0,0.560039978027344,1.63,0,-5399.92822265625
100000000000000000000002,1,920625000,0,-43.5,5.63891337626762,0,0,0.560039978027344,1.63,0,-5399.92822265625
100000000000000000000004,1,920625000,0,-46,2.34392264388926,0,0,0.560039978027344,1.63,0,-5399.92822265625
100000000000000000000001,1,920625000,0,-45,3.36862181019687,0,0,0.560039978027344,1.63,0,-5399.92822265625
100000000000000000000003,1,920625000,0,-46,0.987883627398353,0,0,0.560039978027344,1.63,0,-5399.92822265625
100000000000000000000000,1,920625000,0,-51.5,3.29499073237836,0,0,0.560039978027344,1.63,0,-5399.92822265625
100000000000000000000003,1,920625000,0,-46,1.00629139685298,0,0,0.560039978027344,1.63,0,-5399.92822265625
100000000000000000000004,1,920625000,0,-47,2.33778672073772,0,0,0.560039978027344,1.63,0,-5399.92822265625
100000000000000000000000,1,920625000,0,-51.5,3.30726257868144,0,0,0.560039978027344,1.63,0,-5399.92822265625
100000000000000000000001,1,920625000,0,-45,3.37475773334841,0,0,0.560039978027344,1.63,0,-5399.92822265625
100000000000000000000002,1,920625000,0,-43.5,5.65732114572224,0,0,0.560039978027344,1.63,0,-5399.92822265625
100000000000000000000002,1,920625000,0,-43.5,5.63277745311607,0,0,0.560039978027344,1.63,0,-5399.92822265625
100000000000000000000000,1,920625000,0,-51.5,3.28271888607527,0,0,0.560039978027344,1.63,0,-5399.92822265625
100000000000000000000003,1,920625000,0,-46,1.00629139685298,0,0,0.560039978027344,1.63,0,-5399.92822265625
100000000000000000000001,1,920625000,0,-45,3.37475773334841,0,0,0.560039978027344,1.63,0,-5399.92822265625
100000000000000000000004,1,920625000,0,-46.5,2.33165079758617,0,0,0.560039978027344,1.63,0,-5399.92822265625
100000000000000000000000,1,920625000,0,-51.5,3.30726257868144,0,0,0.560039978027344,1.63,0,-5399.92822265625
100000000000000000000003,1,920625000,0,-46,0.987883627398353,0,0,0.560039978027344,1.63,0,-5399.92822265625
100000000000000000000002,1,920625000,0,-43,5.62050560681299,0,0,0.560039978027344,1.63,0,-5399.92822265625
100000000000000000000001,1,920625000,0,-45,3.36248588704533,0,0,0.560039978027344,1.63,0,-5399.92822265625
100000000000000000000004,1,920625000,0,-46.5,2.30097118182846,0,0,0.560039978027344,1.63,0,-5399.92822265625
100000000000000000000002,1,920625000,0,-43.5,5.61436968366145,0,0,0.560039978027344,1.63,0,-5399.92822265625
100000000000000000000001,1,920625000,0,-45,3.36248588704533,0,0,0.560039978027344,1.63,0,-5399.92822265625
100000000000000000000003,1,920625000,0,-46,1.01242732000452,0,0,0.560039978027344,1.63,0,-5399.92822265625
100000000000000000000000,1,920625000,0,-51.5,3.28271888607527,0,0,0.560039978027344,1.63,0,-5399.92822265625
100000000000000000000004,1,920625000,0,-46.5,2.32551487443463,0,0,0.560039978027344,1.63,0,-5399.92822265625
100000000000000000000004,1,920625000,0,-46.5,2.32551487443463,0,0,0.560039978027344,1.63,0,-5399.92822265625
100000000000000000000001,1,920625000,0,-45,3.38089365649995,0,0,0.560039978027344,1.63,0,-5399.92822265625
100000000000000000000000,1,920625000,0,-51.5,3.29499073237836,0,0,0.560039978027344,1.63,0,-5399.92822265625
100000000000000000000003,1,920625000,0,-46,1.01242732000452,0,0,0.560039978027344,1.63,0,-5399.92822265625
100000000000000000000002,1,920625000,0,-43.5,5.63277745311607,0,0,0.560039978027344,1.63,0,-5399.92822265625
100000000000000000000003,1,920625000,0,-46,1.00629139685298,0,0,0.560039978027344,1.63,0,-5399.92822265625
100000000000000000000002,1,920625000,0,-43,5.65732114572224,0,0,0.560039978027344,1.63,0,-5399.92822265625
100000000000000000000004,1,920625000,0,-47,2.31937895128309,0,0,0.560039978027344,1.63,0,-5399.92822265625
100000000000000000000001,1,920625000,0,-45,3.36248588704533,0,0,0.560039978027344,1.63,0,-5399.92822265625
100000000000000000000000,1,920625000,0,-51.5,3.28271888607527,0,0,0.560039978027344,1.63,0,-5399.92822265625
100000000000000000000000,1,920625000,0,-51.5,3.28271888607527,0,0,0.560039978027344,1.63,0,-5399.92822265625
100000000000000000000001,1,920625000,0,-45,3.36862181019687,0,0,0.560039978027344,1.63,0,-5399.92822265625
100000000000000000000004,1,920625000,0,-46.5,2.34392264388926,0,0,0.560039978027344,1.63,0,-5399.92822265625
100000000000000000000003,1,920625000,0,-46,1.01242732000452,0,0,0.560039978027344,1.63,0,-5399.92822265625
100000000000000000000002,1,920625000,0,-43.5,5.62664152996453,0,0,0.560039978027344,1.63,0,-5399.92822265625
100000000000000000000002,1,920625000,0,-43.5,5.64504929941916,0,0,0.560039978027344,1.63,0,-5399.92822265625
100000000000000000000003,1,920625000,0,-46,1.02469916630761,0,0,0.560039978027344,1.63,0,-5399.92822265625
100000000000000000000000,1,920625000,0,-51.5,3.28271888607527,0,0,0.560039978027344,1.63,0,-5399.92822265625
100000000000000000000001,1,920625000,0,-45,3.35634996389378,0,0,0.560039978027344,1.63,0,-5399.92822265625
100000000000000000000004,1,920625000,0,-46.5,2.31937895128309,0,0,0.560039978027344,1.63,0,-5399.92822265625
100000000000000000000001,1,920625000,0,-45,3.36862181019687,0,0,0.560039978027344,1.63,0,-5399.92822265625
100000000000000000000003,1,920625000,0,-46,1.01242732000452,0,0,0.560039978027344,1.63,0,-5399.92822265625
100000000000000000000004,1,920625000,0,-46.5,2.30710710498,0,0,0.560039978027344,1.63,0,-5399.92822265625
100000000000000000000000,1,920625000,0,-51.5,3.3011266555299,0,0,0.560039978027344,1.63,0,-5399.92822265625
100000000000000000000002,1,920625000,0,-43,5.62664152996453,0,0,0.560039978027344,1.63,0,-5399.92822265625
100000000000000000000001,1,920625000,0,-45,3.35634996389378,0,0,0.560039978027344,1.63,0,-5399.92822265625
100000000000000000000004,1,920625000,0,-46.5,2.33165079758617,0,0,0.560039978027344,1.63,0,-5399.92822265625
100000000000000000000002,1,920625000,0,-43.5,5.61436968366145,0,0,0.560039978027344,1.63,0,-5399.92822265625
100000000000000000000003,1,920625000,0,-46,1.00629139685298,0,0,0.560039978027344,1.63,0,-5399.92822265625
100000000000000000000000,1,920625000,0,-51.5,3.31339850183298,0,0,0.560039978027344,1.63,0,-5399.92822265625
100000000000000000000004,1,920625000,0,-46.5,2.32551487443463,0,0,0.560039978027344,1.63,0,-5399.92822265625
100000000000000000000003,1,920625000,0,-46,1.02469916630761,0,0,0.560039978027344,1.63,0,-5399.92822265625
100000000000000000000001,1,920625000,0,-45,3.36862181019687,0,0,0.560039978027344,1.63,0,-5399.92822265625
100000000000000000000002,1,920625000,0,-43.5,5.64504929941916,0,0,0.560039978027344,1.63,0,-5399.92822265625
100000000000000000000000,1,920625000,0,-51.5,3.30726257868144,0,0,0.560039978027344,1.63,0,-5399.92822265625
100000000000000000000002,1,920625000,0,-43.5,5.59596191420682,0,0,0.560039978027344,1.63,0,-5399.92822265625
100000000000000000000003,1,920625000,0,-46,1.01242732000452,0,0,0.560039978027344,1.63,0,-5399.92822265625
100000000000000000000000,1,920625000,0,-51.5,3.3011266555299,0,0,0.560039978027344,1.63,0,-5399.92822265625
100000000000000000000004,1,920625000,0,-47,2.33778672073772,0,0,0.560039978027344,1.63,0,-5399.92822265625
100000000000000000000001,1,920625000,0,-45,3.38089365649995,0,0,0.560039978027344,1.63,0,-5399.92822265625
100000000000000000000001,1,920625000,0,-45,3.36248588704533,0,0,0.560039978027344,1.63,0,-5399.92822265625
100000000000000000000003,1,920625000,0,-46,1.00629139685298,0,0,0.560039978027344,1.63,0,-5399.92822265625
100000000000000000000004,1,920625000,0,-46.5,2.31324302813155,0,0,0.560039978027344,1.63,0,-5399.92822265625
100000000000000000000002,1,920625000,0,-43.5,5.64504929941916,0,0,0.560039978027344,1.63,0,-5399.92822265625
100000000000000000000000,1,920625000,0,-51.5,3.29499073237836,0,0,0.560039978027344,1.63,0,-5399.92822265625
100000000000000000000003,1,920625000,0,-46,1.00629139685298,0,0,0.560039978027344,1.63,0,-5399.92822265625
100000000000000000000002,1,920625000,0,-43.5,5.60209783735836,0,0,0.560039978027344,1.63,0,-5399.92822265625
100000000000000000000000,1,920625000,0,-51.5,3.28271888607527,0,0,0.560039978027344,1.63,0,-5399.92822265625
100000000000000000000004,1,920625000,0,-46.5,2.35619449019234,0,0,0.560039978027344,1.63,0,-5399.92822265625
100000000000000000000001,1,920625000,0,-45,3.36862181019687,0,0,0.560039978027344,1.63,0,-5399.92822265625
100000000000000000000002,1,920625000,0,-43,5.63891337626762,0,0,0.560039978027344,1.63,0,-5399.92822265625
100000000000000000000003,1,920625000,0,-45.5,0.987883627398353,0,0,0.560039978027344,1.63,0,-5399.92822265625
100000000000000000000004,1,920625000,0,-47,2.33778672073772,0,0,0.560039978027344,1.63,0,-5399.92822265625
100000000000000000000000,1,920625000,0,-51.5,3.29499073237836,0,0,0.560039978027344,1.63,0,-5399.92822265625
100000000000000000000001,1,920625000,0,-45,3.35021404074224,0,0,0.560039978027344,1.63,0,-5399.92822265625
100000000000000000000002,1,920625000,0,-43.5,5.61436968366145,0,0,0.560039978027344,1.63,0,-5399.92822265625
100000000000000000000003,1,920625000,0,-46,1.00629139685298,0,0,0.560039978027344,1.63,0,-5399.92822265625
100000000000000000000000,1,920625000,0,-51.5,3.31339850183298,0,0,0.560039978027344,1.63,0,-5399.92822265625
100000000000000000000004,1,920625000,0,-46.5,2.31324302813155,0,0,0.560039978027344,1.63,0,-5399.92822265625
100000000000000000000001,1,920625000,0,-45,3.38089365649995,0,0,0.560039978027344,1.63,0,-5399.92822265625
100000000000000000000002,1,920625000,0,-43.5,5.62050560681299,0,0,0.560039978027344,1.63,0,-5399.92822265625
100000000000000000000004,1,920625000,0,-46.5,2.32551487443463,0,0,0.560039978027344,1.63,0,-5399.92822265625
100000000000000000000001,1,920625000,0,-45,3.36862181019687,0,0,0.560039978027344,1.63,0,-5399.92822265625
100000000000000000000003,1,920625000,0,-46,1.00629139685298,0,0,0.560039978027344,1.63,0,-5399.92822265625
100000000000000000000000,1,920625000,0,-51.5,3.28271888607527,0,0,0.560039978027344,1.63,0,-5399.92822265625
100000000000000000000001,1,920625000,0,-45,3.3440781175907,0,0,0.560039978027344,1.63,0,-5399.92822265625
100000000000000000000002,1,920625000,0,-43.5,5.61436968366145,0,0,0.560039978027344,1.63,0,-5399.92822265625
100000000000000000000004,1,920625000,0,-46.5,2.30097118182846,0,0,0.560039978027344,1.63,0,-5399.92822265625
100000000000000000000000,1,920625000,0,-51.5,3.28271888607527,0,0,0.560039978027344,1.63,0,-5399.92822265625
100000000000000000000003,1,920625000,0,-45.5,1.00015547370144,0,0,0.560039978027344,1.63,0,-5399.92822265625
100000000000000000000004,1,920625000,0,-46.5,2.34392264388926,0,0,0.560039978027344,1.63,0,-5399.92822265625
100000000000000000000002,1,920625000,0,-43.5,5.64504929941916,0,0,0.560039978027344,1.63,0,-5399.92822265625
100000000000000000000001,1,920625000,0,-45,3.3870295796515,0,0,0.560039978027344,1.63,0,-5399.92822265625
100000000000000000000003,1,920625000,0,-45.5,1.01242732000452,0,0,0.560039978027344,1.63,0,-5399.92822265625
100000000000000000000000,1,920625000,0,-51.5,3.28885480922681,0,0,0.560039978027344,1.63,0,-5399.92822265625
100000000000000000000004,1,920625000,0,-46.5,2.31937895128309,0,0,0.560039978027344,1.63,0,-5399.92822265625
100000000000000000000000,1,920625000,0,-51.5,3.30726257868144,0,0,0.560039978027344,1.63,0,-5399.92822265625
100000000000000000000002,1,920625000,0,-43.5,5.64504929941916,0,0,0.560039978027344,1.63,0,-5399.92822265625
100000000000000000000003,1,920625000,0,-46,1.01856324315607,0,0,0.560039978027344,1.63,0,-5399.92822265625
100000000000000000000001,1,920625000,0,-45,3.36248588704533,0,0,0.560039978027344,1.63,0,-5399.92822265625
100000000000000000000000,1,920625000,0,-51.5,3.28271888607527,0,0,0.560039978027344,1.63,0,-5399.92822265625
100000000000000000000002,1,920625000,0,-43.5,5.65732114572224,0,0,0.560039978027344,1.63,0,-5399.92822265625
100000000000000000000004,1,920625000,0,-46.5,2.34392264388926,0,0,0.560039978027344,1.63,0,-5399.92822265625
100000000000000000000001,1,920625000,0,-45,3.38089365649995,0,0,0.560039978027344,1.63,0,-5399.92822265625
100000000000000000000003,1,920625000,0,-46,1.01242732000452,0,0,0.560039978027344,1.63,0,-5399.92822265625
100000000000000000000004,1,920625000,0,-46.5,2.31937895128309,0,0,0.560039978027344,1.63,0,-5399.92822265625
100000000000000000000003,1,920625000,0,-46,1.00629139685298,0,0,0.560039978027344,1.63,0,-5399.92822265625
100000000000000000000002,1,920625000,0,-43.5,5.61436968366145,0,0,0.560039978027344,1.63,0,-5399.92822265625
100000000000000000000001,1,920625000,0,-44.5,3.37475773334841,0,0,0.560039978027344,1.63,0,-5399.92822265625
100000000000000000000000,1,920625000,0,-51.5,3.3011266555299,0,0,0.560039978027344,1.63,0,-5399.92822265625
100000000000000000000001,1,920625000,0,-45,3.36248588704533,0,0,0.560039978027344,1.63,0,-5399.92822265625
100000000000000000000000,1,920625000,0,-51.5,3.28271888607527,0,0,0.560039978027344,1.63,0,-5399.92822265625
100000000000000000000003,1,920625000,0,-46,1.00629139685298,0,0,0.560039978027344,1.63,0,-5399.92822265625
100000000000000000000002,1,920625000,0,-43.5,5.6082337605099,0,0,0.560039978027344,1.63,0,-5399.92822265625
100000000000000000000004,1,920625000,0,-46.5,2.31937895128309,0,0,0.560039978027344,1.63,0,-5399.92822265625
100000000000000000000003,1,920625000,0,-46,1.01242732000452,0,0,0.560039978027344,1.63,0,-5399.92822265625
100000000000000000000002,1,920625000,0,-43.5,5.63891337626762,0,0,0.560039978027344,1.63,0,-5399.92822265625
100000000000000000000004,1,920625000,0,-46.5,2.31937895128309,0,0,0.560039978027344,1.63,0,-5399.92822265625
100000000000000000000000,1,920625000,0,-51.5,3.31953442498453,0,0,0.560039978027344,1.63,0,-5399.92822265625
100000000000000000000001,1,920625000,0,-45,3.36248588704533,0,0,0.560039978027344,1.63,0,-5399.92822265625
100000000000000000000002,1,920625000,0,-43.5,5.6082337605099,0,0,0.560039978027344,1.63,0,-5399.92822265625
100000000000000000000003,1,920625000,0,-46,0.994019550549895,0,0,0.560039978027344,1.63,0,-5399.92822265625
100000000000000000000001,1,920625000,0,-45,3.36862181019687,0,0,0.560039978027344,1.63,0,-5399.92822265625
100000000000000000000000,1,920625000,0,-51.5,3.27044703977219,0,0,0.560039978027344,1.63,0,-5399.92822265625
100000000000000000000004,1,920625000,0,-46.5,2.31937895128309,0,0,0.560039978027344,1.63,0,-5399.92822265625
100000000000000000000001,1,920625000,0,-45,3.37475773334841,0,0,0.560039978027344,1.63,0,-5399.92822265625
100000000000000000000002,1,920625000,0,-43.5,5.64504929941916,0,0,0.560039978027344,1.63,0,-5399.92822265625
100000000000000000000004,1,920625000,0,-46.5,2.31937895128309,0,0,0.560039978027344,1.63,0,-5399.92822265625
100000000000000000000003,1,920625000,0,-46,0.994019550549895,0,0,0.560039978027344,1.63,0,-5399.92822265625
100000000000000000000000,1,920625000,0,-51.5,3.25203927031756,0,0,0.560039978027344,1.63,0,-5399.92822265625
100000000000000000000000,1,920625000,0,-51.5,3.3011266555299,0,0,0.560039978027344,1.63,0,-5399.92822265625
100000000000000000000002,1,920625000,0,-43.5,5.65732114572224,0,0,0.560039978027344,1.63,0,-5399.92822265625
100000000000000000000003,1,920625000,0,-46,1.00015547370144,0,0,0.560039978027344,1.63,0,-5399.92822265625
100000000000000000000004,1,920625000,0,-46.5,2.31937895128309,0,0,0.560039978027344,1.63,0,-5399.92822265625
100000000000000000000001,1,920625000,0,-45,3.3870295796515,0,0,0.560039978027344,1.63,0,-5399.92822265625
100000000000000000000003,1,920625000,0,-46,1.01242732000452,0,0,0.560039978027344,1.63,0,-5399.92822265625
100000000000000000000001,1,920625000,0,-45,3.36248588704533,0,0,0.560039978027344,1.63,0,-5399.92822265625
100000000000000000000000,1,920625000,0,-51.5,3.32567034813607,0,0,0.560039978027344,1.63,0,-5399.92822265625
100000000000000000000004,1,920625000,0,-46.5,2.31937895128309,0,0,0.560039978027344,1.63,0,-5399.92822265625
100000000000000000000002,1,920625000,0,-43.5,5.6511852225707,0,0,0.560039978027344,1.63,0,-5399.92822265625
100000000000000000000002,1,920625000,0,-43.5,5.62050560681299,0,0,0.560039978027344,1.63,0,-5399.92822265625
100000000000000000000003,1,920625000,0,-46,1.01242732000452,0,0,0.560039978027344,1.63,0,-5399.92822265625
100000000000000000000000,1,920625000,0,-51.5,3.27044703977219,0,0,0.560039978027344,1.63,0,-5399.92822265625
100000000000000000000001,1,920625000,0,-45,3.37475773334841,0,0,0.560039978027344,1.63,0,-5399.92822265625
100000000000000000000004,1,920625000,0,-46.5,2.33165079758617,0,0,0.560039978027344,1.63,0,-5399.92822265625
100000000000000000000000,1,920625000,0,-51.5,3.3011266555299,0,0,0.560039978027344,1.63,0,-5399.92822265625
100000000000000000000004,1,920625000,0,-46.5,2.34392264388926,0,0,0.560039978027344,1.63,0,-5399.92822265625
100000000000000000000003,1,920625000,0,-46,1.00015547370144,0,0,0.560039978027344,1.63,0,-5399.92822265625
100000000000000000000001,1,920625000,0,-44.5,3.36248588704533,0,0,0.560039978027344,1.63,0,-5399.92822265625
100000000000000000000002,1,920625000,0,-43,5.63277745311607,0,0,0.560039978027344,1.63,0,-5399.92822265625
100000000000000000000001,1,920625000,0,-45,3.37475773334841,0,0,0.560039978027344,1.63,0,-5399.92822265625
100000000000000000000002,1,920625000,0,-43.5,5.61436968366145,0,0,0.560039978027344,1.63,0,-5399.92822265625
100000000000000000000003,1,920625000,0,-46,1.01856324315607,0,0,0.560039978027344,1.63,0,-5399.92822265625
100000000000000000000004,1,920625000,0,-46.5,2.34392264388926,0,0,0.560039978027344,1.63,0,-5399.92822265625
100000000000000000000000,1,920625000,0,-51.5,3.25203927031756,0,0,0.560039978027344,1.63,0,-5399.92822265625
100000000000000000000004,1,920625000,0,-46.5,2.33165079758617,0,0,0.560039978027344,1.63,0,-5399.92822265625
100000000000000000000001,1,920625000,0,-45,3.37475773334841,0,0,0.560039978027344,1.63,0,-5399.92822265625
100000000000000000000002,1,920625000,0,-43.5,5.63891337626762,0,0,0.560039978027344,1.63,0,-5399.92822265625
100000000000000000000003,1,920625000,0,-46,1.01242732000452,0,0,0.560039978027344,1.63,0,-5399.92822265625
100000000000000000000000,1,920625000,0,-51.5,3.3011266555299,0,0,0.560039978027344,1.63,0,-5399.92822265625
100000000000000000000003,1,920625000,0,-46,1.02469916630761,0,0,0.560039978027344,1.63,0,-5399.92822265625
100000000000000000000002,1,920625000,0,-43.5,5.63277745311607,0,0,0.560039978027344,1.63,0,-5399.92822265625
100000000000000000000000,1,920625000,0,-51.5,3.3011266555299,0,0,0.560039978027344,1.63,0,-5399.92822265625
100000000000000000000001,1,920625000,0,-45,3.32567034813607,0,0,0.560039978027344,1.63,0,-5399.92822265625
100000000000000000000004,1,920625000,0,-46.5,2.31937895128309,0,0,0.560039978027344,1.63,0,-5399.92822265625
100000000000000000000001,1,920625000,0,-45,3.36862181019687,0,0,0.560039978027344,1.63,0,-5399.92822265625
100000000000000000000003,1,920625000,0,-46,1.01242732000452,0,0,0.560039978027344,1.63,0,-5399.92822265625
100000000000000000000004,1,920625000,0,-46.5,2.29483525867692,0,0,0.560039978027344,1.63,0,-5399.92822265625
100000000000000000000000,1,920625000,0,-51.5,3.3011266555299,0,0,0.560039978027344,1.63,0,-5399.92822265625
100000000000000000000002,1,920625000,0,-43.5,5.63891337626762,0,0,0.560039978027344,1.63,0,-5399.92822265625
100000000000000000000000,1,920625000,0,-51.5,3.27658296292373,0,0,0.560039978027344,1.63,0,-5399.92822265625
100000000000000000000001,1,920625000,0,-45,3.36248588704533,0,0,0.560039978027344,1.63,0,-5399.92822265625
100000000000000000000004,1,920625000,0,-46.5,2.33165079758617,0,0,0.560039978027344,1.63,0,-5399.92822265625
100000000000000000000002,1,920625000,0,-43.5,5.6082337605099,0,0,0.560039978027344,1.63,0,-5399.92822265625
100000000000000000000003,1,920625000,0,-46,1.00015547370144,0,0,0.560039978027344,1.63,0,-5399.92822265625
100000000000000000000001,1,920625000,0,-45,3.38089365649995,0,0,0.560039978027344,1.63,0,-5399.92822265625
100000000000000000000002,1,920625000,0,-43.5,5.63277745311607,0,0,0.560039978027344,1.63,0,-5399.92822265625
100000000000000000000000,1,920625000,0,-51.5,3.31339850183298,0,0,0.560039978027344,1.63,0,-5399.92822265625
100000000000000000000003,1,920625000,0,-46,1.01242732000452,0,0,0.560039978027344,1.63,0,-5399.92822265625
100000000000000000000004,1,920625000,0,-47,2.31937895128309,0,0,0.560039978027344,1.63,0,-5399.92822265625
100000000000000000000001,1,920625000,0,-45,3.35021404074224,0,0,0.560039978027344,1.63,0,-5399.92822265625
100000000000000000000000,1,920625000,0,-51.5,3.28885480922681,0,0,0.560039978027344,1.63,0,-5399.92822265625
100000000000000000000002,1,920625000,0,-43.5,5.63277745311607,0,0,0.560039978027344,1.63,0,-5399.92822265625
100000000000000000000003,1,920625000,0,-46,0.975611781095267,0,0,0.560039978027344,1.63,0,-5399.92822265625
100000000000000000000004,1,920625000,0,-46.5,2.32551487443463,0,0,0.560039978027344,1.63,0,-5399.92822265625
100000000000000000000000,1,920625000,0,-51.5,3.27044703977219,0,0,0.560039978027344,1.63,0,-5399.92822265625
100000000000000000000003,1,920625000,0,-46,1.00015547370144,0,0,0.560039978027344,1.63,0,-5399.92822265625
100000000000000000000002,1,920625000,0,-43.5,5.64504929941916,0,0,0.560039978027344,1.63,0,-5399.92822265625
100000000000000000000001,1,920625000,0,-45,3.38089365649995,0,0,0.560039978027344,1.63,0,-5399.92822265625
100000000000000000000004,1,920625000,0,-47,2.32551487443463,0,0,0.560039978027344,1.63,0,-5399.92822265625
100000000000000000000003,1,920625000,0,-46,1.02469916630761,0,0,0.560039978027344,1.63,0,-5399.92822265625
100000000000000000000000,1,920625000,0,-51.5,3.31339850183298,0,0,0.560039978027344,1.63,0,-5399.92822265625
100000000000000000000004,1,920625000,0,-46.5,2.33778672073772,0,0,0.560039978027344,1.63,0,-5399.92822265625
100000000000000000000002,1,920625000,0,-43.5,5.63277745311607,0,0,0.560039978027344,1.63,0,-5399.92822265625
100000000000000000000001,1,920625000,0,-45,3.36248588704533,0,0,0.560039978027344,1.63,0,-5399.92822265625
100000000000000000000001,1,920625000,0,-45,3.38089365649995,0,0,0.560039978027344,1.63,0,-5399.92822265625
100000000000000000000002,1,920625000,0,-43.5,5.63277745311607,0,0,0.560039978027344,1.63,0,-5399.92822265625
100000000000000000000004,1,920625000,0,-46.5,2.33165079758617,0,0,0.560039978027344,1.63,0,-5399.92822265625
100000000000000000000003,1,920625000,0,-46,0.987883627398353,0,0,0.560039978027344,1.63,0,-5399.92822265625
100000000000000000000000,1,920625000,0,-51.5,3.29499073237836,0,0,0.560039978027344,1.63,0,-5399.92822265625
100000000000000000000003,1,920625000,0,-46,0.994019550549895,0,0,0.560039978027344,1.63,0,-5399.92822265625
100000000000000000000004,1,920625000,0,-46.5,2.30710710498,0,0,0.560039978027344,1.63,0,-5399.92822265625
100000000000000000000001,1,920625000,0,-45,3.36862181019687,0,0,0.560039978027344,1.63,0,-5399.92822265625
100000000000000000000000,1,920625000,0,-51.5,3.3011266555299,0,0,0.560039978027344,1.63,0,-5399.92822265625
100000000000000000000002,1,920625000,0,-43.5,5.64504929941916,0,0,0.560039978027344,1.63,0,-5399.92822265625
100000000000000000000002,1,920625000,0,-43.5,5.65732114572224,0,0,0.560039978027344,1.63,0,-5399.92822265625
100000000000000000000000,1,920625000,0,-51.5,3.23363150086293,0,0,0.560039978027344,1.63,0,-5399.92822265625
100000000000000000000004,1,920625000,0,-46.5,2.33165079758617,0,0,0.560039978027344,1.63,0,-5399.92822265625
100000000000000000000001,1,920625000,0,-45,3.35634996389378,0,0,0.560039978027344,1.63,0,-5399.92822265625
100000000000000000000003,1,920625000,0,-46,1.01242732000452,0,0,0.560039978027344,1.63,0,-5399.92822265625
100000000000000000000002,1,920625000,0,-43.5,5.63277745311607,0,0,0.560039978027344,1.63,0,-5399.92822265625
100000000000000000000000,1,920625000,0,-51.5,3.24590334716602,0,0,0.560039978027344,1.63,0,-5399.92822265625
100000000000000000000001,1,920625000,0,-45,3.36862181019687,0,0,0.560039978027344,1.63,0,-5399.92822265625
100000000000000000000003,1,920625000,0,-46,1.01242732000452,0,0,0.560039978027344,1.63,0,-5399.92822265625
100000000000000000000004,1,920625000,0,-46.5,2.31324302813155,0,0,0.560039978027344,1.63,0,-5399.92822265625
100000000000000000000003,1,920625000,0,-46,1.00629139685298,0,0,0.560039978027344,1.63,0,-5399.92822265625
100000000000000000000002,1,920625000,0,-43.5,5.63891337626762,0,0,0.560039978027344,1.63,0,-5399.92822265625
100000000000000000000001,1,920625000,0,-45,3.36862181019687,0,0,0.560039978027344,1.63,0,-5399.92822265625
100000000000000000000000,1,920625000,0,-51.5,3.28271888607527,0,0,0.560039978027344,1.63,0,-5399.92822265625
100000000000000000000004,1,920625000,0,-47,2.32551487443463,0,0,0.560039978027344,1.63,0,-5399.92822265625
100000000000000000000001,1,920625000,0,-45,3.37475773334841,0,0,0.560039978027344,1.63,0,-5399.92822265625
100000000000000000000003,1,920625000,0,-46,0.994019550549895,0,0,0.560039978027344,1.63,0,-5399.92822265625
100000000000000000000000,1,920625000,0,-51.5,3.28885480922681,0,0,0.560039978027344,1.63,0,-5399.92822265625
100000000000000000000002,1,920625000,0,-43.5,5.60209783735836,0,0,0.560039978027344,1.63,0,-5399.92822265625
100000000000000000000004,1,920625000,0,-46.5,2.31937895128309,0,0,0.560039978027344,1.63,0,-5399.92822265625
100000000000000000000000,1,920625000,0,-51.5,3.27658296292373,0,0,0.560039978027344,1.63,0,-5399.92822265625
100000000000000000000004,1,920625000,0,-46.5,2.31324302813155,0,0,0.560039978027344,1.63,0,-5399.92822265625
100000000000000000000001,1,920625000,0,-45,3.37475773334841,0,0,0.560039978027344,1.63,0,-5399.92822265625
100000000000000000000003,1,920625000,0,-46,1.00015547370144,0,0,0.560039978027344,1.63,0,-5399.92822265625
100000000000000000000002,1,920625000,0,-43.5,5.63277745311607,0,0,0.560039978027344,1.63,0,-5399.92822265625
100000000000000000000000,1,920625000,0,-51.5,3.30726257868144,0,0,0.560039978027344,1.63,0,-5399.92822265625
100000000000000000000004,1,920625000,0,-46.5,2.32551487443463,0,0,0.560039978027344,1.63,0,-5399.92822265625
100000000000000000000002,1,920625000,0,-43.5,5.63891337626762,0,0,0.560039978027344,1.63,0,-5399.92822265625
100000000000000000000001,1,920625000,0,-45,3.36248588704533,0,0,0.560039978027344,1.63,0,-5399.92822265625
100000000000000000000003,1,920625000,0,-46,1.00629139685298,0,0,0.560039978027344,1.63,0,-5399.92822265625
100000000000000000000004,1,920625000,0,-46.5,2.32551487443463,0,0,0.560039978027344,1.63,0,-5399.92822265625
100000000000000000000000,1,920625000,0,-51.5,3.31339850183298,0,0,0.560039978027344,1.63,0,-5399.92822265625
100000000000000000000002,1,920625000,0,-43.5,5.65732114572224,0,0,0.560039978027344,1.63,0,-5399.92822265625
100000000000000000000001,1,920625000,0,-45,3.35021404074224,0,0,0.560039978027344,1.63,0,-5399.92822265625
100000000000000000000003,1,920625000,0,-46,1.01242732000452,0,0,0.560039978027344,1.63,0,-5399.92822265625
100000000000000000000001,1,920625000,0,-45,3.39930142595458,0,0,0.560039978027344,1.63,0,-5399.92822265625
100000000000000000000002,1,920625000,0,-43.5,5.63277745311607,0,0,0.560039978027344,1.63,0,-5399.92822265625
100000000000000000000004,1,920625000,0,-46.5,2.30710710498,0,0,0.560039978027344,1.63,0,-5399.92822265625
100000000000000000000000,1,920625000,0,-51.5,3.30726257868144,0,0,0.560039978027344,1.63,0,-5399.92822265625
100000000000000000000003,1,920625000,0,-46,1.01242732000452,0,0,0.560039978027344,1.63,0,-5399.92822265625
100000000000000000000000,1,920625000,0,-51.5,3.29499073237836,0,0,0.560039978027344,1.63,0,-5399.92822265625
100000000000000000000004,1,920625000,0,-46.5,2.31324302813155,0,0,0.560039978027344,1.63,0,-5399.92822265625
100000000000000000000001,1,920625000,0,-45,3.36248588704533,0,0,0.560039978027344,1.63,0,-5399.92822265625
100000000000000000000002,1,920625000,0,-43.5,5.62664152996453,0,0,0.560039978027344,1.63,0,-5399.92822265625
100000000000000000000003,1,920625000,0,-46,0.975611781095267,0,0,0.560039978027344,1.63,0,-5399.92822265625
100000000000000000000002,1,920625000,0,-43.5,5.6082337605099,0,0,0.560039978027344,1.63,0,-5399.92822265625
100000000000000000000000,1,920625000,0,-51.5,3.30726257868144,0,0,0.560039978027344,1.63,0,-5399.92822265625
100000000000000000000003,1,920625000,0,-46,1.01242732000452,0,0,0.560039978027344,1.63,0,-5399.92822265625
100000000000000000000004,1,920625000,0,-46.5,2.29483525867692,0,0,0.560039978027344,1.63,0,-5399.92822265625
100000000000000000000001,1,920625000,0,-45,3.37475773334841,0,0,0.560039978027344,1.63,0,-5399.92822265625
100000000000000000000001,1,920625000,0,-45,3.36248588704533,0,0,0.560039978027344,1.63,0,-5399.92822265625
100000000000000000000002,1,920625000,0,-43,5.63277745311607,0,0,0.560039978027344,1.63,0,-5399.92822265625
100000000000000000000003,1,920625000,0,-46,1.00015547370144,0,0,0.560039978027344,1.63,0,-5399.92822265625
100000000000000000000004,1,920625000,0,-46.5,2.30097118182846,0,0,0.560039978027344,1.63,0,-5399.92822265625
100000000000000000000000,1,920625000,0,-51.5,3.30726257868144,0,0,0.560039978027344,1.63,0,-5399.92822265625
100000000000000000000002,1,920625000,0,-43.5,5.63891337626762,0,0,0.560039978027344,1.63,0,-5399.92822265625
100000000000000000000000,1,920625000,0,-51.5,3.33180627128761,0,0,0.560039978027344,1.63,0,-5399.92822265625
100000000000000000000003,1,920625000,0,-46,0.987883627398353,0,0,0.560039978027344,1.63,0,-5399.92822265625
100000000000000000000001,1,920625000,0,-45,3.36862181019687,0,0,0.560039978027344,1.63,0,-5399.92822265625
100000000000000000000004,1,920625000,0,-46.5,2.33165079758617,0,0,0.560039978027344,1.63,0,-5399.92822265625
100000000000000000000001,1,920625000,0,-45,3.36862181019687,0,0,0.560039978027344,1.63,0,-5399.92822265625
100000000000000000000000,1,920625000,0,-51.5,3.27658296292373,0,0,0.560039978027344,1.63,0,-5399.92822265625
100000000000000000000004,1,920625000,0,-46.5,2.30710710498,0,0,0.560039978027344,1.63,0,-5399.92822265625
100000000000000000000002,1,920625000,0,-43.5,5.62050560681299,0,0,0.560039978027344,1.63,0,-5399.92822265625
100000000000000000000003,1,920625000,0,-46,1.00629139685298,0,0,0.560039978027344,1.63,0,-5399.92822265625
100000000000000000000000,1,920625000,0,-51.5,3.33180627128761,0,0,0.560039978027344,1.63,0,-5399.92822265625
100000000000000000000003,1,920625000,0,-46,0.975611781095267,0,0,0.560039978027344,1.63,0,-5399.92822265625
100000000000000000000004,1,920625000,0,-46.5,2.31937895128309,0,0,0.560039978027344,1.63,0,-5399.92822265625
100000000000000000000002,1,920625000,0,-43.5,5.62664152996453,0,0,0.560039978027344,1.63,0,-5399.92822265625
100000000000000000000001,1,920625000,0,-45,3.36862181019687,0,0,0.560039978027344,1.63,0,-5399.92822265625
100000000000000000000004,1,920625000,0,-46.5,2.33778672073772,0,0,0.560039978027344,1.63,0,-5399.92822265625
100000000000000000000002,1,920625000,0,-43.5,5.62050560681299,0,0,0.560039978027344,1.63,0,-5399.92822265625
100000000000000000000003,1,920625000,0,-45.5,0.994019550549895,0,0,0.560039978027344,1.63,0,-5399.92822265625
100000000000000000000000,1,920625000,0,-51.5,3.27658296292373,0,0,0.560039978027344,1.63,0,-5399.92822265625
100000000000000000000001,1,920625000,0,-45,3.3440781175907,0,0,0.560039978027344,1.63,0,-5399.92822265625
100000000000000000000000,1,920625000,0,-51.5,3.30726257868144,0,0,0.560039978027344,1.63,0,-5399.92822265625
100000000000000000000002,1,920625000,0,-43.5,5.63277745311607,0,0,0.560039978027344,1.63,0,-5399.92822265625
100000000000000000000003,1,920625000,0,-46,1.00629139685298,0,0,0.560039978027344,1.63,0,-5399.92822265625
100000000000000000000004,1,920625000,0,-46.5,2.33165079758617,0,0,0.560039978027344,1.63,0,-5399.92822265625
100000000000000000000001,1,920625000,0,-45,3.37475773334841,0,0,0.560039978027344,1.63,0,-5399.92822265625
100000000000000000000002,1,920625000,0,-43.5,5.63891337626762,0,0,0.560039978027344,1.63,0,-5399.92822265625
100000000000000000000004,1,920625000,0,-46.5,2.32551487443463,0,0,0.560039978027344,1.63,0,-5399.92822265625
100000000000000000000000,1,920625000,0,-51.5,3.28885480922681,0,0,0.560039978027344,1.63,0,-5399.92822265625
100000000000000000000001,1,920625000,0,-45,3.35634996389378,0,0,0.560039978027344,1.63,0,-5399.92822265625
100000000000000000000003,1,920625000,0,-46,1.01856324315607,0,0,0.560039978027344,1.63,0,-5399.92822265625
100000000000000000000000,1,920625000,0,-51.5,3.27044703977219,0,0,0.560039978027344,1.63,0,-5399.92822265625
100000000000000000000001,1,920625000,0,-45,3.36248588704533,0,0,0.560039978027344,1.63,0,-5399.92822265625
100000000000000000000003,1,920625000,0,-46,1.00015547370144,0,0,0.560039978027344,1.63,0,-5399.92822265625
100000000000000000000004,1,920625000,0,-46.5,2.31937895128309,0,0,0.560039978027344,1.63,0,-5399.92822265625
100000000000000000000002,1,920625000,0,-43.5,5.65732114572224,0,0,0.560039978027344,1.63,0,-5399.92822265625
100000000000000000000000,1,920625000,0,-51.5,3.28271888607527,0,0,0.560039978027344,1.63,0,-5399.92822265625
100000000000000000000001,1,920625000,0,-45,3.36248588704533,0,0,0.560039978027344,1.63,0,-5399.92822265625
100000000000000000000002,1,920625000,0,-43.5,5.63891337626762,0,0,0.560039978027344,1.63,0,-5399.92822265625
100000000000000000000003,1,920625000,0,-46,0.987883627398353,0,0,0.560039978027344,1.63,0,-5399.92822265625
100000000000000000000004,1,920625000,0,-46.5,2.34392264388926,0,0,0.560039978027344,1.63,0,-5399.92822265625
100000000000000000000003,1,920625000,0,-46,1.00629139685298,0,0,0.560039978027344,1.63,0,-5399.92822265625
100000000000000000000002,1,920625000,0,-43.5,5.65732114572224,0,0,0.560039978027344,1.63,0,-5399.92822265625
100000000000000000000001,1,920625000,0,-44.5,3.36248588704533,0,0,0.560039978027344,1.63,0,-5399.92822265625
100000000000000000000004,1,920625000,0,-46.5,2.32551487443463,0,0,0.560039978027344,1.63,0,-5399.92822265625
100000000000000000000000,1,920625000,0,-51.5,3.31953442498453,0,0,0.560039978027344,1.63,0,-5399.92822265625
100000000000000000000002,1,920625000,0,-43.5,5.62050560681299,0,0,0.560039978027344,1.63,0,-5399.92822265625
100000000000000000000003,1,920625000,0,-46,1.01242732000452,0,0,0.560039978027344,1.63,0,-5399.92822265625
100000000000000000000004,1,920625000,0,-46.5,2.3500585670408,0,0,0.560039978027344,1.63,0,-5399.92822265625
100000000000000000000001,1,920625000,0,-45,3.3870295796515,0,0,0.560039978027344,1.63,0,-5399.92822265625
100000000000000000000000,1,920625000,0,-51.5,3.28885480922681,0,0,0.560039978027344,1.63,0,-5399.92822265625
100000000000000000000002,1,920625000,0,-43.5,5.61436968366145,0,0,0.560039978027344,1.63,0,-5399.92822265625
100000000000000000000003,1,920625000,0,-46,1.00629139685298,0,0,0.560039978027344,1.63,0,-5399.92822265625
100000000000000000000004,1,920625000,0,-46.5,2.32551487443463,0,0,0.560039978027344,1.63,0,-5399.92822265625
100000000000000000000001,1,920625000,0,-45,3.37475773334841,0,0,0.560039978027344,1.63,0,-5399.92822265625
100000000000000000000000,1,920625000,0,-51.5,3.27044703977219,0,0,0.560039978027344,1.63,0,-5399.92822265625
100000000000000000000001,1,920625000,0,-45,3.36248588704533,0,0,0.560039978027344,1.63,0,-5399.92822265625
100000000000000000000002,1,920625000,0,-43.5,5.64504929941916,0,0,0.560039978027344,1.63,0,-5399.92822265625
100000000000000000000003,1,920625000,0,-45.5,1.02469916630761,0,0,0.560039978027344,1.63,0,-5399.92822265625
100000000000000000000000,1,920625000,0,-51.5,3.33794219443916,0,0,0.560039978027344,1.63,0,-5399.92822265625
100000000000000000000004,1,920625000,0,-46.5,2.32551487443463,0,0,0.560039978027344,1.63,0,-5399.92822265625
100000000000000000000001,1,920625000,0,-45,3.36862181019687,0,0,0.560039978027344,1.63,0,-5399.92822265625
100000000000000000000004,1,920625000,0,-46.5,2.34392264388926,0,0,0.560039978027344,1.63,0,-5399.92822265625
100000000000000000000002,1,920625000,0,-43.5,5.66345706887379,0,0,0.560039978027344,1.63,0,-5399.92822265625
100000000000000000000003,1,920625000,0,-46,1.01242732000452,0,0,0.560039978027344,1.63,0,-5399.92822265625
100000000000000000000000,1,920625000,0,-51.5,3.30726257868144,0,0,0.560039978027344,1.63,0,-5399.92822265625
100000000000000000000003,1,920625000,0,-46,1.00629139685298,0,0,0.560039978027344,1.63,0,-5399.92822265625
100000000000000000000002,1,920625000,0,-43.5,5.58369006790373,0,0,0.560039978027344,1.63,0,-5399.92822265625
100000000000000000000001,1,920625000,0,-45,3.36862181019687,0,0,0.560039978027344,1.63,0,-5399.92822265625
100000000000000000000000,1,920625000,0,-51.5,3.31339850183298,0,0,0.560039978027344,1.63,0,-5399.92822265625
100000000000000000000004,1,920625000,0,-46.5,2.31937895128309,0,0,0.560039978027344,1.63,0,-5399.92822265625
100000000000000000000003,1,920625000,0,-46,1.00015547370144,0,0,0.560039978027344,1.63,0,-5399.92822265625
100000000000000000000000,1,920625000,0,-51.5,3.27044703977219,0,0,0.560039978027344,1.63,0,-5399.92822265625
100000000000000000000002,1,920625000,0,-43.5,5.62664152996453,0,0,0.560039978027344,1.63,0,-5399.92822265625
100000000000000000000004,1,920625000,0,-46.5,2.32551487443463,0,0,0.560039978027344,1.63,0,-5399.92822265625
100000000000000000000001,1,920625000,0,-45,3.36862181019687,0,0,0.560039978027344,1.63,0,-5399.92822265625
100000000000000000000003,1,920625000,0,-46,1.02469916630761,0,0,0.560039978027344,1.63,0,-5399.92822265625
100000000000000000000001,1,920625000,0,-45,3.36248588704533,0,0,0.560039978027344,1.63,0,-5399.92822265625
100000000000000000000004,1,920625000,0,-46.5,2.33778672073772,0,0,0.560039978027344,1.63,0,-5399.92822265625
100000000000000000000002,1,920625000,0,-43,5.64504929941916,0,0,0.560039978027344,1.63,0,-5399.92822265625
100000000000000000000000,1,920625000,0,-51.5,3.28271888607527,0,0,0.560039978027344,1.63,0,-5399.92822265625
100000000000000000000003,1,920625000,0,-46,1.00629139685298,0,0,0.560039978027344,1.63,0,-5399.92822265625
100000000000000000000002,1,920625000,0,-43.5,5.63891337626762,0,0,0.560039978027344,1.63,0,-5399.92822265625
100000000000000000000001,1,920625000,0,-45,3.38089365649995,0,0,0.560039978027344,1.63,0,-5399.92822265625
100000000000000000000004,1,920625000,0,-46.5,2.32551487443463,0,0,0.560039978027344,1.63,0,-5399.92822265625
100000000000000000000000,1,920625000,0,-51.5,3.29499073237836,0,0,0.560039978027344,1.63,0,-5399.92822265625
100000000000000000000000,1,920625000,0,-51.5,3.31953442498453,0,0,0.560039978027344,1.63,0,-5399.92822265625
100000000000000000000001,1,920625000,0,-45,3.37475773334841,0,0,0.560039978027344,1.63,0,-5399.92822265625
100000000000000000000003,1,920625000,0,-46,1.02469916630761,0,0,0.560039978027344,1.63,0,-5399.92822265625
100000000000000000000004,1,920625000,0,-46.5,2.30097118182846,0,0,0.560039978027344,1.63,0,-5399.92822265625
100000000000000000000002,1,920625000,0,-43.5,5.62050560681299,0,0,0.560039978027344,1.63,0,-5399.92822265625
100000000000000000000001,1,920625000,0,-45,3.35634996389378,0,0,0.560039978027344,1.63,0,-5399.92822265625
100000000000000000000000,1,920625000,0,-51.5,3.27044703977219,0,0,0.560039978027344,1.63,0,-5399.92822265625
100000000000000000000002,1,920625000,0,-43.5,5.64504929941916,0,0,0.560039978027344,1.63,0,-5399.92822265625
100000000000000000000004,1,920625000,0,-46.5,2.30710710498,0,0,0.560039978027344,1.63,0,-5399.92822265625
100000000000000000000003,1,920625000,0,-46,1.00015547370144,0,0,0.560039978027344,1.63,0,-5399.92822265625
100000000000000000000004,1,920625000,0,-46.5,2.34392264388926,0,0,0.560039978027344,1.63,0,-5399.92822265625
100000000000000000000002,1,920625000,0,-43.5,5.63891337626762,0,0,0.560039978027344,1.63,0,-5399.92822265625
100000000000000000000003,1,920625000,0,-46,1.00015547370144,0,0,0.560039978027344,1.63,0,-5399.92822265625
100000000000000000000001,1,920625000,0,-45,3.37475773334841,0,0,0.560039978027344,1.63,0,-5399.92822265625
100000000000000000000000,1,920625000,0,-51.5,3.27044703977219,0,0,0.560039978027344,1.63,0,-5399.92822265625
100000000000000000000004,1,920625000,0,-46.5,2.33778672073772,0,0,0.560039978027344,1.63,0,-5399.92822265625
100000000000000000000002,1,920625000,0,-43.5,5.6511852225707,0,0,0.560039978027344,1.63,0,-5399.92822265625
100000000000000000000001,1,920625000,0,-45,3.36862181019687,0,0,0.560039978027344,1.63,0,-5399.92822265625
100000000000000000000000,1,920625000,0,-51.5,3.28271888607527,0,0,0.560039978027344,1.63,0,-5399.92822265625
100000000000000000000003,1,920625000,0,-46,1.00629139685298,0,0,0.560039978027344,1.63,0,-5399.92822265625
100000000000000000000001,1,920625000,0,-45,3.36862181019687,0,0,0.560039978027344,1.63,0,-5399.92822265625
100000000000000000000004,1,920625000,0,-46.5,2.31937895128309,0,0,0.560039978027344,1.63,0,-5399.92822265625
100000000000000000000003,1,920625000,0,-45.5,1.01242732000452,0,0,0.560039978027344,1.63,0,-5399.92822265625
100000000000000000000000,1,920625000,0,-51.5,3.28885480922681,0,0,0.560039978027344,1.63,0,-5399.92822265625
100000000000000000000002,1,920625000,0,-43.5,5.62050560681299,0,0,0.560039978027344,1.63,0,-5399.92822265625
100000000000000000000001,1,920625000,0,-45,3.36248588704533,0,0,0.560039978027344,1.63,0,-5399.92822265625
100000000000000000000000,1,920625000,0,-52,3.28885480922681,0,0,0.560039978027344,1.63,0,-5399.92822265625
100000000000000000000004,1,920625000,0,-46.5,2.33165079758617,0,0,0.560039978027344,1.63,0,-5399.92822265625
100000000000000000000003,1,920625000,0,-45.5,1.01856324315607,0,0,0.560039978027344,1.63,0,-5399.92822265625
100000000000000000000002,1,920625000,0,-43.5,5.63891337626762,0,0,0.560039978027344,1.63,0,-5399.92822265625
100000000000000000000001,1,920625000,0,-45,3.36862181019687,0,0,0.560039978027344,1.63,0,-5399.92822265625
100000000000000000000004,1,920625000,0,-46.5,2.31324302813155,0,0,0.560039978027344,1.63,0,-5399.92822265625
100000000000000000000002,1,920625000,0,-43.5,5.64504929941916,0,0,0.560039978027344,1.63,0,-5399.92822265625
100000000000000000000003,1,920625000,0,-46,1.00629139685298,0,0,0.560039978027344,1.63,0,-5399.92822265625
100000000000000000000000,1,920625000,0,-51.5,3.27658296292373,0,0,0.560039978027344,1.63,0,-5399.92822265625
100000000000000000000003,1,920625000,0,-46,1.00015547370144,0,0,0.560039978027344,1.63,0,-5399.92822265625
100000000000000000000000,1,920625000,0,-51.5,3.25203927031756,0,0,0.560039978027344,1.63,0,-5399.92822265625
100000000000000000000001,1,920625000,0,-45,3.38089365649995,0,0,0.560039978027344,1.63,0,-5399.92822265625
100000000000000000000002,1,920625000,0,-43.5,5.62664152996453,0,0,0.560039978027344,1.63,0,-5399.92822265625
100000000000000000000004,1,920625000,0,-46.5,2.30097118182846,0,0,0.560039978027344,1.63,0,-5399.92822265625
100000000000000000000000,1,920625000,0,-51.5,3.30726257868144,0,0,0.560039978027344,1.63,0,-5399.92822265625
100000000000000000000003,1,920625000,0,-46,1.00629139685298,0,0,0.560039978027344,1.63,0,-5399.92822265625
100000000000000000000004,1,920625000,0,-46.5,2.27642748922229,0,0,0.560039978027344,1.63,0,-5399.92822265625
100000000000000000000001,1,920625000,0,-45,3.38089365649995,0,0,0.560039978027344,1.63,0,-5399.92822265625
100000000000000000000002,1,920625000,0,-43.5,5.63891337626762,0,0,0.560039978027344,1.63,0,-5399.92822265625
100000000000000000000004,1,920625000,0,-47,2.33778672073772,0,0,0.560039978027344,1.63,0,-5399.92822265625
100000000000000000000003,1,920625000,0,-46,1.00015547370144,0,0,0.560039978027344,1.63,0,-5399.92822265625
100000000000000000000000,1,920625000,0,-51.5,3.33180627128761,0,0,0.560039978027344,1.63,0,-5399.92822265625
100000000000000000000001,1,920625000,0,-45,3.36248588704533,0,0,0.560039978027344,1.63,0,-5399.92822265625
100000000000000000000002,1,920625000,0,-43.5,5.63891337626762,0,0,0.560039978027344,1.63,0,-5399.92822265625
100000000000000000000004,1,920625000,0,-47,2.33165079758617,0,0,0.560039978027344,1.63,0,-5399.92822265625
100000000000000000000002,1,920625000,0,-43.5,5.64504929941916,0,0,0.560039978027344,1.63,0,-5399.92822265625
100000000000000000000001,1,920625000,0,-45,3.36862181019687,0,0,0.560039978027344,1.63,0,-5399.92822265625
100000000000000000000003,1,920625000,0,-46,1.01242732000452,0,0,0.560039978027344,1.63,0,-5399.92822265625
100000000000000000000000,1,920625000,0,-51.5,3.28271888607527,0,0,0.560039978027344,1.63,0,-5399.92822265625
100000000000000000000003,1,920625000,0,-46,1.01856324315607,0,0,0.560039978027344,1.63,0,-5399.92822265625
100000000000000000000000,1,920625000,0,-51.5,3.31953442498453,0,0,0.560039978027344,1.63,0,-5399.92822265625
100000000000000000000002,1,920625000,0,-43.5,5.63277745311607,0,0,0.560039978027344,1.63,0,-5399.92822265625
100000000000000000000004,1,920625000,0,-46.5,2.31324302813155,0,0,0.560039978027344,1.63,0,-5399.92822265625
100000000000000000000001,1,920625000,0,-45,3.38089365649995,0,0,0.560039978027344,1.63,0,-5399.92822265625
100000000000000000000000,1,920625000,0,-51.5,3.28885480922681,0,0,0.560039978027344,1.63,0,-5399.92822265625
100000000000000000000002,1,920625000,0,-43.5,5.64504929941916,0,0,0.560039978027344,1.63,0,-5399.92822265625
100000000000000000000001,1,920625000,0,-45,3.3870295796515,0,0,0.560039978027344,1.63,0,-5399.92822265625
100000000000000000000003,1,920625000,0,-46,1.00629139685298,0,0,0.560039978027344,1.63,0,-5399.92822265625
100000000000000000000004,1,920625000,0,-46.5,2.34392264388926,0,0,0.560039978027344,1.63,0,-5399.92822265625
100000000000000000000003,1,920625000,0,-46,1.00015547370144,0,0,0.560039978027344,1.63,0,-5399.92822265625
100000000000000000000001,1,920625000,0,-45,3.35634996389378,0,0,0.560039978027344,1.63,0,-5399.92822265625
100000000000000000000000,1,920625000,0,-51.5,3.28271888607527,0,0,0.560039978027344,1.63,0,-5399.92822265625
100000000000000000000002,1,920625000,0,-43.5,5.65732114572224,0,0,0.560039978027344,1.63,0,-5399.92822265625
100000000000000000000004,1,920625000,0,-46.5,2.30097118182846,0,0,0.560039978027344,1.63,0,-5399.92822265625
100000000000000000000003,1,920625000,0,-46,1.00629139685298,0,0,0.560039978027344,1.63,0,-5399.92822265625
100000000000000000000001,1,920625000,0,-45,3.36862181019687,0,0,0.560039978027344,1.63,0,-5399.92822265625
100000000000000000000002,1,920625000,0,-43.5,5.6511852225707,0,0,0.560039978027344,1.63,0,-5399.92822265625
100000000000000000000004,1,920625000,0,-46.5,2.33778672073772,0,0,0.560039978027344,1.63,0,-5399.92822265625
100000000000000000000000,1,920625000,0,-51.5,3.31953442498453,0,0,0.560039978027344,1.63,0,-5399.92822265625
100000000000000000000000,1,920625000,0,-51.5,3.30726257868144,0,0,0.560039978027344,1.63,0,-5399.92822265625
100000000000000000000001,1,920625000,0,-45,3.35634996389378,0,0,0.560039978027344,1.63,0,-5399.92822265625
100000000000000000000002,1,920625000,0,-43.5,5.60209783735836,0,0,0.560039978027344,1.63,0,-5399.92822265625
100000000000000000000003,1,920625000,0,-46,1.01242732000452,0,0,0.560039978027344,1.63,0,-5399.92822265625
100000000000000000000004,1,920625000,0,-46.5,2.33165079758617,0,0,0.560039978027344,1.63,0,-5399.92822265625
100000000000000000000003,1,920625000,0,-46,1.02469916630761,0,0,0.560039978027344,1.63,0,-5399.92822265625
100000000000000000000000,1,920625000,0,-51.5,3.27658296292373,0,0,0.560039978027344,1.63,0,-5399.92822265625
100000000000000000000002,1,920625000,0,-43.5,5.65732114572224,0,0,0.560039978027344,1.63,0,-5399.92822265625
100000000000000000000001,1,920625000,0,-45,3.35634996389378,0,0,0.560039978027344,1.63,0,-5399.92822265625
100000000000000000000004,1,920625000,0,-46.5,2.33165079758617,0,0,0.560039978027344,1.63,0,-5399.92822265625
100000000000000000000000,1,920625000,0,-51.5,3.3011266555299,0,0,0.560039978027344,1.63,0,-5399.92822265625
100000000000000000000002,1,920625000,0,-43.5,5.6511852225707,0,0,0.560039978027344,1.63,0,-5399.92822265625
100000000000000000000004,1,920625000,0,-46.5,2.31324302813155,0,0,0.560039978027344,1.63,0,-5399.92822265625
100000000000000000000001,1,920625000,0,-45,3.38089365649995,0,0,0.560039978027344,1.63,0,-5399.92822265625
100000000000000000000003,1,920625000,0,-45.5,1.00629139685298,0,0,0.560039978027344,1.63,0,-5399.92822265625
100000000000000000000004,1,920625000,0,-46.5,2.33165079758617,0,0,0.560039978027344,1.63,0,-5399.92822265625
100000000000000000000001,1,920625000,0,-45,3.36862181019687,0,0,0.560039978027344,1.63,0,-5399.92822265625
100000000000000000000002,1,920625000,0,-43.5,5.64504929941916,0,0,0.560039978027344,1.63,0,-5399.92822265625
100000000000000000000003,1,920625000,0,-46,1.00629139685298,0,0,0.560039978027344,1.63,0,-5399.92822265625
100000000000000000000000,1,920625000,0,-51.5,3.28271888607527,0,0,0.560039978027344,1.63,0,-5399.92822265625
100000000000000000000000,1,920625000,0,-51.5,3.27658296292373,0,0,0.560039978027344,1.63,0,-5399.92822265625
100000000000000000000001,1,920625000,0,-45,3.35021404074224,0,0,0.560039978027344,1.63,0,-5399.92822265625
100000000000000000000002,1,920625000,0,-43.5,5.6511852225707,0,0,0.560039978027344,1.63,0,-5399.92822265625
100000000000000000000003,1,920625000,0,-46,1.00629139685298,0,0,0.560039978027344,1.63,0,-5399.92822265625
100000000000000000000004,1,920625000,0,-46.5,2.31324302813155,0,0,0.560039978027344,1.63,0,-5399.92822265625
100000000000000000000004,1,920625000,0,-46.5,2.32551487443463,0,0,0.560039978027344,1.63,0,-5399.92822265625
100000000000000000000003,1,920625000,0,-46,1.01242732000452,0,0,0.560039978027344,1.63,0,-5399.92822265625
100000000000000000000001,1,920625000,0,-45,3.36862181019687,0,0,0.560039978027344,1.63,0,-5399.92822265625
100000000000000000000002,1,920625000,0,-43.5,5.62664152996453,0,0,0.560039978027344,1.63,0,-5399.92822265625
100000000000000000000000,1,920625000,0,-51.5,3.30726257868144,0,0,0.560039978027344,1.63,0,-5399.92822265625
100000000000000000000004,1,920625000,0,-46.5,2.32551487443463,0,0,0.560039978027344,1.63,0,-5399.92822265625
100000000000000000000002,1,920625000,0,-43.5,5.65732114572224,0,0,0.560039978027344,1.63,0,-5399.92822265625
100000000000000000000001,1,920625000,0,-45,3.36248588704533,0,0,0.560039978027344,1.63,0,-5399.92822265625
100000000000000000000000,1,920625000,0,-51.5,3.27658296292373,0,0,0.560039978027344,1.63,0,-5399.92822265625
100000000000000000000003,1,920625000,0,-46,0.994019550549895,0,0,0.560039978027344,1.63,0,-5399.92822265625
100000000000000000000004,1,920625000,0,-46.5,2.32551487443463,0,0,0.560039978027344,1.63,0,-5399.92822265625
100000000000000000000001,1,920625000,0,-45,3.35021404074224,0,0,0.560039978027344,1.63,0,-5399.92822265625
100000000000000000000000,1,920625000,0,-51.5,3.28885480922681,0,0,0.560039978027344,1.63,0,-5399.92822265625
100000000000000000000002,1,920625000,0,-43.5,5.65732114572224,0,0,0.560039978027344,1.63,0,-5399.92822265625
100000000000000000000003,1,920625000,0,-46,0.994019550549895,0,0,0.560039978027344,1.63,0,-5399.92822265625
100000000000000000000002,1,921125000,0,-43,5.86594253287469,0,0,0.560039978027344,1.63,0,-5399.92822265625
100000000000000000000004,1,921125000,0,-46,2.58322364679942,0,0,0.560039978027344,1.63,0,-5399.92822265625
100000000000000000000001,1,921125000,0,-44.5,3.60792281310703,0,0,0.560039978027344,1.63,0,-5399.92822265625
100000000000000000000003,1,921125000,0,-45.5,1.1965050145508,0,0,0.560039978027344,1.63,0,-5399.92822265625
100000000000000000000000,1,921125000,0,-51.5,3.66928204462245,0,0,0.560039978027344,1.63,0,-5399.92822265625
100000000000000000000002,1,921125000,0,-43,5.87207845602623,0,0,0.560039978027344,1.63,0,-5399.92822265625
100000000000000000000003,1,921125000,0,-45.5,1.20264093770234,0,0,0.560039978027344,1.63,0,-5399.92822265625
100000000000000000000004,1,921125000,0,-46.5,2.57708772364788,0,0,0.560039978027344,1.63,0,-5399.92822265625
100000000000000000000001,1,921125000,0,-44.5,3.62633058256166,0,0,0.560039978027344,1.63,0,-5399.92822265625
100000000000000000000000,1,921125000,0,-51.5,3.6324665057132,0,0,0.560039978027344,1.63,0,-5399.92822265625
100000000000000000000001,1,921125000,0,-44.5,3.61405873625857,0,0,0.560039978027344,1.63,0,-5399.92822265625
100000000000000000000004,1,921125000,0,-46,2.57095180049633,0,0,0.560039978027344,1.63,0,-5399.92822265625
100000000000000000000002,1,921125000,0,-43,5.84753476342006,0,0,0.560039978027344,1.63,0,-5399.92822265625
100000000000000000000003,1,921125000,0,-45.5,1.18423316824772,0,0,0.560039978027344,1.63,0,-5399.92822265625
100000000000000000000000,1,921125000,0,-51.5,3.60178688995549,0,0,0.560039978027344,1.63,0,-5399.92822265625
100000000000000000000004,1,921125000,0,-46.5,2.57708772364788,0,0,0.560039978027344,1.63,0,-5399.92822265625
100000000000000000000000,1,921125000,0,-51.5,3.62019465941011,0,0,0.560039978027344,1.63,0,-5399.92822265625
100000000000000000000002,1,921125000,0,-43,5.84753476342006,0,0,0.560039978027344,1.63,0,-5399.92822265625
100000000000000000000001,1,921125000,0,-44.5,3.61405873625857,0,0,0.560039978027344,1.63,0,-5399.92822265625
100000000000000000000003,1,921125000,0,-45.5,1.20264093770234,0,0,0.560039978027344,1.63,0,-5399.92822265625
100000000000000000000004,1,921125000,0,-46,2.57708772364788,0,0,0.560039978027344,1.63,0,-5399.92822265625
100000000000000000000003,1,921125000,0,-45.5,1.20877686085389,0,0,0.560039978027344,1.63,0,-5399.92822265625
100000000000000000000002,1,921125000,0,-43,5.85980660972315,0,0,0.560039978027344,1.63,0,-5399.92822265625
100000000000000000000001,1,921125000,0,-44.5,3.61405873625857,0,0,0.560039978027344,1.63,0,-5399.92822265625
100000000000000000000000,1,921125000,0,-51.5,3.62633058256166,0,0,0.560039978027344,1.63,0,-5399.92822265625
100000000000000000000001,1,921125000,0,-44.5,3.62633058256166,0,0,0.560039978027344,1.63,0,-5399.92822265625
100000000000000000000004,1,921125000,0,-46.5,2.53413626158708,0,0,0.560039978027344,1.63,0,-5399.92822265625
100000000000000000000000,1,921125000,0,-51,3.65087427516783,0,0,0.560039978027344,1.63,0,-5399.92822265625
100000000000000000000002,1,921125000,0,-43,5.89048622548086,0,0,0.560039978027344,1.63,0,-5399.92822265625
100000000000000000000003,1,921125000,0,-45.5,1.1965050145508,0,0,0.560039978027344,1.63,0,-5399.92822265625
100000000000000000000002,1,921125000,0,-43,5.84753476342006,0,0,0.560039978027344,1.63,0,-5399.92822265625
100000000000000000000004,1,921125000,0,-46,2.57708772364788,0,0,0.560039978027344,1.63,0,-5399.92822265625
100000000000000000000001,1,921125000,0,-44.5,3.60792281310703,0,0,0.560039978027344,1.63,0,-5399.92822265625
100000000000000000000003,1,921125000,0,-45.5,1.20264093770234,0,0,0.560039978027344,1.63,0,-5399.92822265625
100000000000000000000000,1,921125000,0,-51,3.59565096680394,0,0,0.560039978027344,1.63,0,-5399.92822265625
100000000000000000000001,1,921125000,0,-44.5,3.62019465941011,0,0,0.560039978027344,1.63,0,-5399.92822265625
100000000000000000000002,1,921125000,0,-43,5.85367068657161,0,0,0.560039978027344,1.63,0,-5399.92822265625
100000000000000000000004,1,921125000,0,-46,2.58322364679942,0,0,0.560039978027344,1.63,0,-5399.92822265625
100000000000000000000000,1,921125000,0,-51.5,3.6324665057132,0,0,0.560039978027344,1.63,0,-5399.92822265625
100000000000000000000003,1,921125000,0,-45.5,1.18423316824772,0,0,0.560039978027344,1.63,0,-5399.92822265625
100000000000000000000002,1,921125000,0,-43,5.86594253287469,0,0,0.560039978027344,1.63,0,-5399.92822265625
100000000000000000000000,1,921125000,0,-51,3.62633058256166,0,0,0.560039978027344,1.63,0,-5399.92822265625
100000000000000000000001,1,921125000,0,-44.5,3.6324665057132,0,0,0.560039978027344,1.63,0,-5399.92822265625
100000000000000000000004,1,921125000,0,-46,2.58322364679942,0,0,0.560039978027344,1.63,0,-5399.92822265625
100000000000000000000003,1,921125000,0,-45.5,1.1965050145508,0,0,0.560039978027344,1.63,0,-5399.92822265625
100000000000000000000003,1,921125000,0,-45.5,1.20264093770234,0,0,0.560039978027344,1.63,0,-5399.92822265625
100000000000000000000000,1,921125000,0,-51,3.60792281310703,0,0,0.560039978027344,1.63,0,-5399.92822265625
100000000000000000000004,1,921125000,0,-46,2.58322364679942,0,0,0.560039978027344,1.63,0,-5399.92822265625
100000000000000000000001,1,921125000,0,-44.5,3.62633058256166,0,0,0.560039978027344,1.63,0,-5399.92822265625
100000000000000000000002,1,921125000,0,-43,5.85367068657161,0,0,0.560039978027344,1.63,0,-5399.92822265625
100000000000000000000002,1,921125000,0,-43,5.86594253287469,0,0,0.560039978027344,1.63,0,-5399.92822265625
100000000000000000000000,1,921125000,0,-51,3.6324665057132,0,0,0.560039978027344,1.63,0,-5399.92822265625
100000000000000000000004,1,921125000,0,-46,2.57708772364788,0,0,0.560039978027344,1.63,0,-5399.92822265625
100000000000000000000001,1,921125000,0,-44.5,3.61405873625857,0,0,0.560039978027344,1.63,0,-5399.92822265625
100000000000000000000003,1,921125000,0,-45.5,1.17196132194463,0,0,0.560039978027344,1.63,0,-5399.92822265625
100000000000000000000001,1,921125000,0,-44.5,3.61405873625857,0,0,0.560039978027344,1.63,0,-5399.92822265625
100000000000000000000004,1,921125000,0,-46,2.56481587734479,0,0,0.560039978027344,1.63,0,-5399.92822265625
100000000000000000000002,1,921125000,0,-43,5.83526291711698,0,0,0.560039978027344,1.63,0,-5399.92822265625
100000000000000000000003,1,921125000,0,-45.5,1.20877686085389,0,0,0.560039978027344,1.63,0,-5399.92822265625
100000000000000000000000,1,921125000,0,-51,3.6324665057132,0,0,0.560039978027344,1.63,0,-5399.92822265625
100000000000000000000000,1,921125000,0,-51,3.59565096680394,0,0,0.560039978027344,1.63,0,-5399.92822265625
100000000000000000000002,1,921125000,0,-43,5.85367068657161,0,0,0.560039978027344,1.63,0,-5399.92822265625
100000000000000000000001,1,921125000,0,-44.5,3.62633058256166,0,0,0.560039978027344,1.63,0,-5399.92822265625
100000000000000000000004,1,921125000,0,-46,2.55254403104171,0,0,0.560039978027344,1.63,0,-5399.92822265625
100000000000000000000003,1,921125000,0,-45.5,1.17809724509617,0,0,0.560039978027344,1.63,0,-5399.92822265625
100000000000000000000004,1,921125000,0,-46,2.54640810789016,0,0,0.560039978027344,1.63,0,-5399.92822265625
100000000000000000000003,1,921125000,0,-45.5,1.20877686085389,0,0,0.560039978027344,1.63,0,-5399.92822265625
100000000000000000000002,1,921125000,0,-43,5.88435030232932,0,0,0.560039978027344,1.63,0,-5399.92822265625
100000000000000000000000,1,921125000,0,-51,3.62633058256166,0,0,0.560039978027344,1.63,0,-5399.92822265625
100000000000000000000001,1,921125000,0,-44.5,3.61405873625857,0,0,0.560039978027344,1.63,0,-5399.92822265625
100000000000000000000001,1,921125000,0,-44.5,3.62633058256166,0,0,0.560039978027344,1.63,0,-5399.92822265625
100000000000000000000000,1,921125000,0,-51.5,3.64473835201628,0,0,0.560039978027344,1.63,0,-5399.92822265625
100000000000000000000004,1,921125000,0,-46,2.56481587734479,0,0,0.560039978027344,1.63,0,-5399.92822265625
100000000000000000000002,1,921125000,0,-43,5.84753476342006,0,0,0.560039978027344,1.63,0,-5399.92822265625
100000000000000000000003,1,921125000,0,-45.5,1.1965050145508,0,0,0.560039978027344,1.63,0,-5399.92822265625
100000000000000000000003,1,921125000,0,-45.5,1.20877686085389,0,0,0.560039978027344,1.63,0,-5399.92822265625
100000000000000000000001,1,921125000,0,-44.5,3.62633058256166,0,0,0.560039978027344,1.63,0,-5399.92822265625
100000000000000000000004,1,921125000,0,-46,2.56481587734479,0,0,0.560039978027344,1.63,0,-5399.92822265625
100000000000000000000002,1,921125000,0,-43,5.85980660972315,0,0,0.560039978027344,1.63,0,-5399.92822265625
100000000000000000000000,1,921125000,0,-51.5,3.6324665057132,0,0,0.560039978027344,1.63,0,-5399.92822265625
100000000000000000000000,1,921125000,0,-51.5,3.60792281310703,0,0,0.560039978027344,1.63,0,-5399.92822265625
100000000000000000000004,1,921125000,0,-46,2.54027218473862,0,0,0.560039978027344,1.63,0,-5399.92822265625
100000000000000000000001,1,921125000,0,-44.5,3.62019465941011,0,0,0.560039978027344,1.63,0,-5399.92822265625
100000000000000000000002,1,921125000,0,-43,5.85980660972315,0,0,0.560039978027344,1.63,0,-5399.92822265625
100000000000000000000003,1,921125000,0,-45.5,1.20264093770234,0,0,0.560039978027344,1.63,0,-5399.92822265625
100000000000000000000003,1,921125000,0,-45.5,1.19036909139926,0,0,0.560039978027344,1.63,0,-5399.92822265625
100000000000000000000004,1,921125000,0,-46,2.55867995419325,0,0,0.560039978027344,1.63,0,-5399.92822265625
100000000000000000000002,1,921125000,0,-43,5.85980660972315,0,0,0.560039978027344,1.63,0,-5399.92822265625
100000000000000000000001,1,921125000,0,-44.5,3.60792281310703,0,0,0.560039978027344,1.63,0,-5399.92822265625
100000000000000000000000,1,921125000,0,-51,3.62633058256166,0,0,0.560039978027344,1.63,0,-5399.92822265625
100000000000000000000001,1,921125000,0,-44.5,3.62019465941011,0,0,0.560039978027344,1.63,0,-5399.92822265625
100000000000000000000003,1,921125000,0,-45.5,1.1965050145508,0,0,0.560039978027344,1.63,0,-5399.92822265625
100000000000000000000004,1,921125000,0,-46,2.57708772364788,0,0,0.560039978027344,1.63,0,-5399.92822265625
100000000000000000000002,1,921125000,0,-43,5.85367068657161,0,0,0.560039978027344,1.63,0,-5399.92822265625
100000000000000000000000,1,921125000,0,-51.5,3.60178688995549,0,0,0.560039978027344,1.63,0,-5399.92822265625
100000000000000000000002,1,921125000,0,-43,5.85367068657161,0,0,0.560039978027344,1.63,0,-5399.92822265625
100000000000000000000003,1,921125000,0,-45.5,1.20877686085389,0,0,0.560039978027344,1.63,0,-5399.92822265625
100000000000000000000001,1,921125000,0,-44.5,3.61405873625857,0,0,0.560039978027344,1.63,0,-5399.92822265625
100000000000000000000000,1,921125000,0,-51,3.6324665057132,0,0,0.560039978027344,1.63,0,-5399.92822265625
100000000000000000000004,1,921125000,0,-46,2.57095180049633,0,0,0.560039978027344,1.63,0,-5399.92822265625
100000000000000000000003,1,921125000,0,-45.5,1.18423316824772,0,0,0.560039978027344,1.63,0,-5399.92822265625
100000000000000000000001,1,921125000,0,-44.5,3.62019465941011,0,0,0.560039978027344,1.63,0,-5399.92822265625
100000000000000000000004,1,921125000,0,-46.5,2.57708772364788,0,0,0.560039978027344,1.63,0,-5399.92822265625
100000000000000000000000,1,921125000,0,-51.5,3.62633058256166,0,0,0.560039978027344,1.63,0,-5399.92822265625
100000000000000000000002,1,921125000,0,-43,5.86594253287469,0,0,0.560039978027344,1.63,0,-5399.92822265625
100000000000000000000002,1,921125000,0,-43,5.86594253287469,0,0,0.560039978027344,1.63,0,-5399.92822265625
100000000000000000000000,1,921125000,0,-51.5,3.63860242886474,0,0,0.560039978027344,1.63,0,-5399.92822265625
100000000000000000000003,1,921125000,0,-45.5,1.1965050145508,0,0,0.560039978027344,1.63,0,-5399.92822265625
100000000000000000000001,1,921125000,0,-44.5,3.6324665057132,0,0,0.560039978027344,1.63,0,-5399.92822265625
100000000000000000000004,1,921125000,0,-46.5,2.55254403104171,0,0,0.560039978027344,1.63,0,-5399.92822265625
100000000000000000000004,1,921125000,0,-46.5,2.56481587734479,0,0,0.560039978027344,1.63,0,-5399.92822265625
100000000000000000000002,1,921125000,0,-43,5.87207845602623,0,0,0.560039978027344,1.63,0,-5399.92822265625
100000000000000000000001,1,921125000,0,-44.5,3.61405873625857,0,0,0.560039978027344,1.63,0,-5399.92822265625
100000000000000000000003,1,921125000,0,-45.5,1.20264093770234,0,0,0.560039978027344,1.63,0,-5399.92822265625
100000000000000000000000,1,921125000,0,-51,3.65087427516783,0,0,0.560039978027344,1.63,0,-5399.92822265625
100000000000000000000001,1,921125000,0,-44.5,3.62633058256166,0,0,0.560039978027344,1.63,0,-5399.92822265625
100000000000000000000002,1,921125000,0,-43,5.88435030232932,0,0,0.560039978027344,1.63,0,-5399.92822265625
100000000000000000000004,1,921125000,0,-46,2.57708772364788,0,0,0.560039978027344,1.63,0,-5399.92822265625
100000000000000000000003,1,921125000,0,-45.5,1.20264093770234,0,0,0.560039978027344,1.63,0,-5399.92822265625
100000000000000000000000,1,921125000,0,-51,3.6324665057132,0,0,0.560039978027344,1.63,0,-5399.92822265625
100000000000000000000002,1,921125000,0,-43,5.86594253287469,0,0,0.560039978027344,1.63,0,-5399.92822265625
100000000000000000000004,1,921125000,0,-46,2.58935956995096,0,0,0.560039978027344,1.63,0,-5399.92822265625
100000000000000000000003,1,921125000,0,-45.5,1.17196132194463,0,0,0.560039978027344,1.63,0,-5399.92822265625
100000000000000000000001,1,921125000,0,-44.5,3.61405873625857,0,0,0.560039978027344,1.63,0,-5399.92822265625
100000000000000000000000,1,921125000,0,-51.5,3.61405873625857,0,0,0.560039978027344,1.63,0,-5399.92822265625
100000000000000000000003,1,921125000,0,-45.5,1.20877686085389,0,0,0.560039978027344,1.63,0,-5399.92822265625
100000000000000000000001,1,921125000,0,-44.5,3.60178688995549,0,0,0.560039978027344,1.63,0,-5399.92822265625
100000000000000000000004,1,921125000,0,-46,2.57095180049633,0,0,0.560039978027344,1.63,0,-5399.92822265625
100000000000000000000000,1,921125000,0,-51.5,3.58337912050086,0,0,0.560039978027344,1.63,0,-5399.92822265625
100000000000000000000002,1,921125000,0,-43,5.87207845602623,0,0,0.560039978027344,1.63,0,-5399.92822265625
100000000000000000000002,1,921125000,0,-43,5.88435030232932,0,0,0.560039978027344,1.63,0,-5399.92822265625
100000000000000000000003,1,921125000,0,-45.5,1.20264093770234,0,0,0.560039978027344,1.63,0,-5399.92822265625
100000000000000000000001,1,921125000,0,-44.5,3.60792281310703,0,0,0.560039978027344,1.63,0,-5399.92822265625
100000000000000000000004,1,921125000,0,-46.5,2.54640810789016,0,0,0.560039978027344,1.63,0,-5399.92822265625
100000000000000000000000,1,921125000,0,-51.5,3.6324665057132,0,0,0.560039978027344,1.63,0,-5399.92822265625
100000000000000000000002,1,921125000,0,-43,5.84753476342006,0,0,0.560039978027344,1.63,0,-5399.92822265625
100000000000000000000003,1,921125000,0,-45.5,1.20264093770234,0,0,0.560039978027344,1.63,0,-5399.92822265625
100000000000000000000004,1,921125000,0,-46,2.57708772364788,0,0,0.560039978027344,1.63,0,-5399.92822265625
100000000000000000000001,1,921125000,0,-44.5,3.62019465941011,0,0,0.560039978027344,1.63,0,-5399.92822265625
100000000000000000000000,1,921125000,0,-51.5,3.62019465941011,0,0,0.560039978027344,1.63,0,-5399.92822265625
100000000000000000000001,1,921125000,0,-44.5,3.60792281310703,0,0,0.560039978027344,1.63,0,-5399.92822265625
100000000000000000000000,1,921125000,0,-51.5,3.64473835201628,0,0,0.560039978027344,1.63,0,-5399.92822265625
100000000000000000000004,1,921125000,0,-46.5,2.57708772364788,0,0,0.560039978027344,1.63,0,-5399.92822265625
100000000000000000000002,1,921125000,0,-43,5.85367068657161,0,0,0.560039978027344,1.63,0,-5399.92822265625
100000000000000000000003,1,921125000,0,-45.5,1.20264093770234,0,0,0.560039978027344,1.63,0,-5399.92822265625
100000000000000000000001,1,921125000,0,-44.5,3.62633058256166,0,0,0.560039978027344,1.63,0,-5399.92822265625
100000000000000000000002,1,921125000,0,-43,5.85980660972315,0,0,0.560039978027344,1.63,0,-5399.92822265625
100000000000000000000000,1,921125000,0,-51,3.63860242886474,0,0,0.560039978027344,1.63,0,-5399.92822265625
100000000000000000000003,1,921125000,0,-45.5,1.20877686085389,0,0,0.560039978027344,1.63,0,-5399.92822265625
100000000000000000000004,1,921125000,0,-46,2.55254403104171,0,0,0.560039978027344,1.63,0,-5399.92822265625
100000000000000000000001,1,921125000,0,-44.5,3.62633058256166,0,0,0.560039978027344,1.63,0,-5399.92822265625
100000000000000000000004,1,921125000,0,-46,2.56481587734479,0,0,0.560039978027344,1.63,0,-5399.92822265625
100000000000000000000003,1,921125000,0,-45.5,1.1965050145508,0,0,0.560039978027344,1.63,0,-5399.92822265625
100000000000000000000002,1,921125000,0,-43,5.87207845602623,0,0,0.560039978027344,1.63,0,-5399.92822265625
100000000000000000000000,1,921125000,0,-51.5,3.64473835201628,0,0,0.560039978027344,1.63,0,-5399.92822265625
100000000000000000000001,1,921125000,0,-44.5,3.62019465941011,0,0,0.560039978027344,1.63,0,-5399.92822265625
100000000000000000000004,1,921125000,0,-46.5,2.56481587734479,0,0,0.560039978027344,1.63,0,-5399.92822265625
100000000000000000000002,1,921125000,0,-43,5.84753476342006,0,0,0.560039978027344,1.63,0,-5399.92822265625
100000000000000000000003,1,921125000,0,-45.5,1.19036909139926,0,0,0.560039978027344,1.63,0,-5399.92822265625
100000000000000000000000,1,921125000,0,-51.5,3.6324665057132,0,0,0.560039978027344,1.63,0,-5399.92822265625
100000000000000000000003,1,921125000,0,-45.5,1.1965050145508,0,0,0.560039978027344,1.63,0,-5399.92822265625
100000000000000000000002,1,921125000,0,-43,5.87207845602623,0,0,0.560039978027344,1.63,0,-5399.92822265625
100000000000000000000004,1,921125000,0,-46,2.58935956995096,0,0,0.560039978027344,1.63,0,-5399.92822265625
100000000000000000000000,1,921125000,0,-51,3.66314612147091,0,0,0.560039978027344,1.63,0,-5399.92822265625
100000000000000000000001,1,921125000,0,-44.5,3.62019465941011,0,0,0.560039978027344,1.63,0,-5399.92822265625
100000000000000000000003,1,921125000,0,-45.5,1.20264093770234,0,0,0.560039978027344,1.63,0,-5399.92822265625
100000000000000000000001,1,921125000,0,-44.5,3.62019465941011,0,0,0.560039978027344,1.63,0,-5399.92822265625
100000000000000000000004,1,921125000,0,-46.5,2.57095180049633,0,0,0.560039978027344,1.63,0,-5399.92822265625
100000000000000000000000,1,921125000,0,-51.5,3.6324665057132,0,0,0.560039978027344,1.63,0,-5399.92822265625
100000000000000000000002,1,921125000,0,-43,5.85367068657161,0,0,0.560039978027344,1.63,0,-5399.92822265625
100000000000000000000000,1,921125000,0,-51.5,3.65087427516783,0,0,0.560039978027344,1.63,0,-5399.92822265625
100000000000000000000002,1,921125000,0,-43,5.85980660972315,0,0,0.560039978027344,1.63,0,-5399.92822265625
100000000000000000000004,1,921125000,0,-46,2.57708772364788,0,0,0.560039978027344,1.63,0,-5399.92822265625
100000000000000000000001,1,921125000,0,-44.5,3.61405873625857,0,0,0.560039978027344,1.63,0,-5399.92822265625
100000000000000000000003,1,921125000,0,-45.5,1.19036909139926,0,0,0.560039978027344,1.63,0,-5399.92822265625
100000000000000000000001,1,921125000,0,-44.5,3.63860242886474,0,0,0.560039978027344,1.63,0,-5399.92822265625
100000000000000000000002,1,921125000,0,-43,5.86594253287469,0,0,0.560039978027344,1.63,0,-5399.92822265625
100000000000000000000004,1,921125000,0,-46,2.57708772364788,0,0,0.560039978027344,1.63,0,-5399.92822265625
100000000000000000000003,1,921125000,0,-45.5,1.20264093770234,0,0,0.560039978027344,1.63,0,-5399.92822265625
100000000000000000000000,1,921125000,0,-51.5,3.61405873625857,0,0,0.560039978027344,1.63,0,-5399.92822265625
100000000000000000000002,1,921125000,0,-43,5.88435030232932,0,0,0.560039978027344,1.63,0,-5399.92822265625
100000000000000000000003,1,921125000,0,-45.5,1.20877686085389,0,0,0.560039978027344,1.63,0,-5399.92822265625
100000000000000000000000,1,921125000,0,-51.5,3.62633058256166,0,0,0.560039978027344,1.63,0,-5399.92822265625
100000000000000000000004,1,921125000,0,-46,2.52186441528399,0,0,0.560039978027344,1.63,0,-5399.92822265625
100000000000000000000001,1,921125000,0,-44.5,3.61405873625857,0,0,0.560039978027344,1.63,0,-5399.92822265625
100000000000000000000003,1,921125000,0,-45.5,1.19036909139926,0,0,0.560039978027344,1.63,0,-5399.92822265625
100000000000000000000002,1,921125000,0,-43,5.88435030232932,0,0,0.560039978027344,1.63,0,-5399.92822265625
100000000000000000000000,1,921125000,0,-51.5,3.62633058256166,0,0,0.560039978027344,1.63,0,-5399.92822265625
100000000000000000000004,1,921125000,0,-46.5,2.56481587734479,0,0,0.560039978027344,1.63,0,-5399.92822265625
100000000000000000000001,1,921125000,0,-44.5,3.60792281310703,0,0,0.560039978027344,1.63,0,-5399.92822265625
100000000000000000000003,1,921125000,0,-45.5,1.1965050145508,0,0,0.560039978027344,1.63,0,-5399.92822265625
100000000000000000000002,1,921125000,0,-43,5.87207845602623,0,0,0.560039978027344,1.63,0,-5399.92822265625
100000000000000000000004,1,921125000,0,-46,2.57708772364788,0,0,0.560039978027344,1.63,0,-5399.92822265625
100000000000000000000001,1,921125000,0,-44.5,3.62633058256166,0,0,0.560039978027344,1.63,0,-5399.92822265625
100000000000000000000000,1,921125000,0,-51.5,3.60178688995549,0,0,0.560039978027344,1.63,0,-5399.92822265625
100000000000000000000000,1,921125000,0,-51.5,3.63860242886474,0,0,0.560039978027344,1.63,0,-5399.92822265625
100000000000000000000003,1,921125000,0,-45.5,1.20264093770234,0,0,0.560039978027344,1.63,0,-5399.92822265625
100000000000000000000002,1,921125000,0,-43,5.85367068657161,0,0,0.560039978027344,1.63,0,-5399.92822265625
100000000000000000000004,1,921125000,0,-46,2.55254403104171,0,0,0.560039978027344,1.63,0,-5399.92822265625
100000000000000000000001,1,921125000,0,-44.5,3.60792281310703,0,0,0.560039978027344,1.63,0,-5399.92822265625
100000000000000000000004,1,921125000,0,-46,2.56481587734479,0,0,0.560039978027344,1.63,0,-5399.92822265625
100000000000000000000003,1,921125000,0,-45.5,1.1965050145508,0,0,0.560039978027344,1.63,0,-5399.92822265625
100000000000000000000000,1,921125000,0,-51.5,3.6324665057132,0,0,0.560039978027344,1.63,0,-5399.92822265625
100000000000000000000002,1,921125000,0,-43,5.87207845602623,0,0,0.560039978027344,1.63,0,-5399.92822265625
100000000000000000000001,1,921125000,0,-44.5,3.62019465941011,0,0,0.560039978027344,1.63,0,-5399.92822265625
100000000000000000000000,1,921125000,0,-51.5,3.65087427516783,0,0,0.560039978027344,1.63,0,-5399.92822265625
100000000000000000000002,1,921125000,0,-43,5.87207845602623,0,0,0.560039978027344,1.63,0,-5399.92822265625
100000000000000000000003,1,921125000,0,-45.5,1.19036909139926,0,0,0.560039978027344,1.63,0,-5399.92822265625
100000000000000000000004,1,921125000,0,-46,2.57708772364788,0,0,0.560039978027344,1.63,0,-5399.92822265625
100000000000000000000001,1,921125000,0,-44.5,3.60792281310703,0,0,0.560039978027344,1.63,0,-5399.92822265625
100000000000000000000001,1,921125000,0,-44.5,3.61405873625857,0,0,0.560039978027344,1.63,0,-5399.92822265625
100000000000000000000002,1,921125000,0,-43,5.85980660972315,0,0,0.560039978027344,1.63,0,-5399.92822265625
100000000000000000000003,1,921125000,0,-45.5,1.20264093770234,0,0,0.560039978027344,1.63,0,-5399.92822265625
100000000000000000000004,1,921125000,0,-46,2.57095180049633,0,0,0.560039978027344,1.63,0,-5399.92822265625
100000000000000000000000,1,921125000,0,-51.5,3.63860242886474,0,0,0.560039978027344,1.63,0,-5399.92822265625
100000000000000000000003,1,921125000,0,-45.5,1.20264093770234,0,0,0.560039978027344,1.63,0,-5399.92822265625
100000000000000000000001,1,921125000,0,-44.5,3.6324665057132,0,0,0.560039978027344,1.63,0,-5399.92822265625
100000000000000000000000,1,921125000,0,-51.5,3.60792281310703,0,0,0.560039978027344,1.63,0,-5399.92822265625
100000000000000000000002,1,921125000,0,-43,5.86594253287469,0,0,0.560039978027344,1.63,0,-5399.92822265625
100000000000000000000004,1,921125000,0,-46.5,2.57708772364788,0,0,0.560039978027344,1.63,0,-5399.92822265625
