epc,antennaIndex,frequency,time,RSSI,phase,dopplerShift,velocity,x,y,z,angle
942700000000000000000007,1,920625000,0,-57.5,3.3011266555299,0,0,0.960028015136719,1.63,0,-0.0240000002086163
942700000000000000000006,1,920625000,0,-50.5,1.10446616727766,0,0,0.960028015136719,1.63,0,-0.0240000002086163
942700000000000000000008,1,920625000,0,-46.5,5.78617553190464,0,0,0.960028015136719,1.63,0,-0.0240000002086163
942700000000000000000004,1,920625000,0,-56,3.93312674013878,0,0,0.960028015136719,1.63,0,-0.0240000002086163
942700000000000000000002,1,920625000,0,-55,0.527689391032661,0,0,0.960028015136719,1.63,0,-0.0240000002086163
942700000000000000000003,1,920625000,0,-54.5,5.76163183929847,0,0,0.960028015136719,1.63,0,-0.0240000002086163
942700000000000000000007,1,920625000,0,-57.5,3.16613634619596,0,0,0.960028015136719,1.63,0,-0.0240000002086163
942700000000000000000008,1,920625000,0,-46,5.77390368560155,0,0,0.960028015136719,1.63,0,-0.0240000002086163
942700000000000000000004,1,920625000,0,-56,3.77972866135022,0,0,0.960028015136719,1.63,0,-0.0240000002086163
942700000000000000000001,1,920625000,0,-55,1.49102932582484,0,0,0.960028015136719,1.63,0,-0.0240000002086163
942700000000000000000002,1,920625000,0,-55,0.552233083638831,0,0,0.960028015136719,1.63,0,-0.0240000002086163
942700000000000000000005,1,920625000,0,-51.5,1.96349540849362,0,0,0.960028015136719,1.63,0,-0.0240000002086163
942700000000000000000006,1,920625000,0,-51,1.02469916630761,0,0,0.960028015136719,1.63,0,-0.0240000002086163
942700000000000000000003,1,920625000,0,-54.5,5.52846675953985,0,0,0.960028015136719,1.63,0,-0.0240000002086163
942700000000000000000003,1,920625000,0,-54.5,5.4486997585698,0,0,0.960028015136719,1.63,0,-0.0240000002086163
942700000000000000000007,1,920625000,0,-57.5,3.3440781175907,0,0,0.960028015136719,1.63,0,-0.0240000002086163
942700000000000000000008,1,920625000,0,-46.5,5.7800396087531,0,0,0.960028015136719,1.63,0,-0.0240000002086163
942700000000000000000005,1,920625000,0,-51.5,1.93895171588745,0,0,0.960028015136719,1.63,0,-0.0240000002086163
942700000000000000000001,1,920625000,0,-54.5,1.50330117212793,0,0,0.960028015136719,1.63,0,-0.0240000002086163
942700000000000000000006,1,920625000,0,-50.5,1.1106020904292,0,0,0.960028015136719,1.63,0,-0.0240000002086163
942700000000000000000004,1,920625000,0,-56,3.9208548938357,0,0,0.960028015136719,1.63,0,-0.0240000002086163
942700000000000000000002,1,920625000,0,-55,0.509281621578033,0,0,0.960028015136719,1.63,0,-0.0240000002086163
942700000000000000000008,1,920625000,0,-46.5,5.76776776245001,0,0,0.960028015136719,1.63,0,-0.0240000002086163
942700000000000000000005,1,920625000,0,-52,2.01258279370596,0,0,0.960028015136719,1.63,0,-0.0240000002086163
942700000000000000000004,1,920625000,0,-56,3.91471897068416,0,0,0.960028015136719,1.63,0,-0.0240000002086163
942700000000000000000002,1,920625000,0,-55,0.515417544729575,0,0,0.960028015136719,1.63,0,-0.0240000002086163
942700000000000000000006,1,920625000,0,-51,1.14741762933846,0,0,0.960028015136719,1.63,0,-0.0240000002086163
942700000000000000000003,1,920625000,0,-55,5.62664152996453,0,0,0.960028015136719,1.63,0,-0.0240000002086163
942700000000000000000001,1,920625000,0,-55.5,1.4848934026733,0,0,0.960028015136719,1.63,0,-0.0240000002086163
942700000000000000000007,1,920625000,0,-58,3.3870295796515,0,0,0.960028015136719,1.63,0,-0.0240000002086163
942700000000000000000006,1,920625000,0,-51,1.09833024412612,0,0,0.960028015136719,1.63,0,-0.0240000002086163
942700000000000000000002,1,920625000,0,-55,0.576776776245001,0,0,0.960028015136719,1.63,0,-0.0240000002086163
942700000000000000000007,1,920625000,0,-58,3.39930142595458,0,0,0.960028015136719,1.63,0,-0.0240000002086163
942700000000000000000008,1,920625000,0,-46.5,5.79844737820772,0,0,0.960028015136719,1.63,0,-0.0240000002086163
942700000000000000000004,1,920625000,0,-56,3.8349519697141,0,0,0.960028015136719,1.63,0,-0.0240000002086163
942700000000000000000005,1,920625000,0,-51.5,2.0187187168575,0,0,0.960028015136719,1.63,0,-0.0240000002086163
942700000000000000000001,1,920625000,0,-55.5,1.5707963267949,0,0,0.960028015136719,1.63,0,-0.0240000002086163
942700000000000000000004,1,920625000,0,-55.5,3.92699081698724,0,0,0.960028015136719,1.63,0,-0.0240000002086163
942700000000000000000002,1,920625000,0,-55,0.380427235395639,0,0,0.960028015136719,1.63,0,-0.0240000002086163
942700000000000000000005,1,920625000,0,-52,1.96963133164516,0,0,0.960028015136719,1.63,0,-0.0240000002086163
942700000000000000000001,1,920625000,0,-55.5,1.49716524897639,0,0,0.960028015136719,1.63,0,-0.0240000002086163
942700000000000000000008,1,920625000,0,-46,5.7800396087531,0,0,0.960028015136719,1.63,0,-0.0240000002086163
942700000000000000000003,1,920625000,0,-55,5.58982599105528,0,0,0.960028015136719,1.63,0,-0.0240000002086163
942700000000000000000006,1,920625000,0,-50.5,1.12900985988383,0,0,0.960028015136719,1.63,0,-0.0240000002086163
942700000000000000000007,1,920625000,0,-58,3.33794219443916,0,0,0.960028015136719,1.63,0,-0.0240000002086163
942700000000000000000006,1,920625000,0,-51,1.05537878206532,0,0,0.960028015136719,1.63,0,-0.0240000002086163
942700000000000000000005,1,920625000,0,-52,2.04326240946367,0,0,0.960028015136719,1.63,0,-0.0240000002086163
942700000000000000000008,1,920625000,0,-46.5,5.73095222354076,0,0,0.960028015136719,1.63,0,-0.0240000002086163
942700000000000000000007,1,920625000,0,-58,3.38089365649995,0,0,0.960028015136719,1.63,0,-0.0240000002086163
942700000000000000000001,1,920625000,0,-55.5,1.51557301843101,0,0,0.960028015136719,1.63,0,-0.0240000002086163
942700000000000000000003,1,920625000,0,-55,5.54073860584294,0,0,0.960028015136719,1.63,0,-0.0240000002086163
942700000000000000000004,1,920625000,0,-55.5,3.89631120122953,0,0,0.960028015136719,1.63,0,-0.0240000002086163
942700000000000000000002,1,920625000,0,-55,0.429514620607979,0,0,0.960028015136719,1.63,0,-0.0240000002086163
942700000000000000000003,1,920625000,0,-55,5.6082337605099,0,0,0.960028015136719,1.63,0,-0.0240000002086163
942700000000000000000002,1,920625000,0,-55,0.472466082668777,0,0,0.960028015136719,1.63,0,-0.0240000002086163
942700000000000000000006,1,920625000,0,-51,1.11673801358075,0,0,0.960028015136719,1.63,0,-0.0240000002086163
942700000000000000000007,1,920625000,0,-58,3.36248588704533,0,0,0.960028015136719,1.63,0,-0.0240000002086163
942700000000000000000008,1,920625000,0,-46.5,5.75549591614693,0,0,0.960028015136719,1.63,0,-0.0240000002086163
942700000000000000000005,1,920625000,0,-52,1.98190317794825,0,0,0.960028015136719,1.63,0,-0.0240000002086163
942700000000000000000004,1,920625000,0,-56,3.8779034317749,0,0,0.960028015136719,1.63,0,-0.0240000002086163
942700000000000000000001,1,920625000,0,-54.5,1.55852448049181,0,0,0.960028015136719,1.63,0,-0.0240000002086163
942700000000000000000001,1,920625000,0,-55.5,1.52170894158256,0,0,0.960028015136719,1.63,0,-0.0240000002086163
942700000000000000000004,1,920625000,0,-56,3.86563158547182,0,0,0.960028015136719,1.63,0,-0.0240000002086163
942700000000000000000008,1,920625000,0,-46.5,5.76776776245001,0,0,0.960028015136719,1.63,0,-0.0240000002086163
942700000000000000000005,1,920625000,0,-52,2.01258279370596,0,0,0.960028015136719,1.63,0,-0.0240000002086163
942700000000000000000006,1,920625000,0,-51,1.09219432097458,0,0,0.960028015136719,1.63,0,-0.0240000002086163
942700000000000000000003,1,920625000,0,-55,5.55301045214602,0,0,0.960028015136719,1.63,0,-0.0240000002086163
942700000000000000000002,1,920625000,0,-55,0.533825314184203,0,0,0.960028015136719,1.63,0,-0.0240000002086163
942700000000000000000007,1,920625000,0,-57.5,3.42998104171229,0,0,0.960028015136719,1.63,0,-0.0240000002086163
942700000000000000000008,1,920625000,0,-46,5.75549591614693,0,0,0.960028015136719,1.63,0,-0.0240000002086163
942700000000000000000004,1,920625000,0,-55.5,3.91471897068416,0,0,0.960028015136719,1.63,0,-0.0240000002086163
942700000000000000000001,1,920625000,0,-55.5,1.54625263418873,0,0,0.960028015136719,1.63,0,-0.0240000002086163
942700000000000000000005,1,920625000,0,-51.5,1.98803910109979,0,0,0.960028015136719,1.63,0,-0.0240000002086163
942700000000000000000006,1,920625000,0,-50.5,1.15355355249,0,0,0.960028015136719,1.63,0,-0.0240000002086163
942700000000000000000002,1,920625000,0,-55,0.472466082668777,0,0,0.960028015136719,1.63,0,-0.0240000002086163
942700000000000000000007,1,920625000,0,-58,3.31339850183298,0,0,0.960028015136719,1.63,0,-0.0240000002086163
942700000000000000000003,1,920625000,0,-55,5.57141822160065,0,0,0.960028015136719,1.63,0,-0.0240000002086163
942700000000000000000003,1,920625000,0,-55,5.65732114572224,0,0,0.960028015136719,1.63,0,-0.0240000002086163
942700000000000000000004,1,920625000,0,-55.5,3.94539858644187,0,0,0.960028015136719,1.63,0,-0.0240000002086163
942700000000000000000005,1,920625000,0,-52,2.03099056316059,0,0,0.960028015136719,1.63,0,-0.0240000002086163
942700000000000000000002,1,920625000,0,-55,0.582912699396544,0,0,0.960028015136719,1.63,0,-0.0240000002086163
942700000000000000000006,1,920625000,0,-50.5,1.07378655151995,0,0,0.960028015136719,1.63,0,-0.0240000002086163
942700000000000000000007,1,920625000,0,-58,3.33794219443916,0,0,0.960028015136719,1.63,0,-0.0240000002086163
942700000000000000000008,1,920625000,0,-46.5,5.74935999299538,0,0,0.960028015136719,1.63,0,-0.0240000002086163
942700000000000000000001,1,920625000,0,-55.5,1.50943709527947,0,0,0.960028015136719,1.63,0,-0.0240000002086163
942700000000000000000003,1,920625000,0,-55,5.58982599105528,0,0,0.960028015136719,1.63,0,-0.0240000002086163
942700000000000000000008,1,920625000,0,-46.5,5.77390368560155,0,0,0.960028015136719,1.63,0,-0.0240000002086163
942700000000000000000007,1,920625000,0,-57.5,3.27044703977219,0,0,0.960028015136719,1.63,0,-0.0240000002086163
942700000000000000000005,1,920625000,0,-52,1.96349540849362,0,0,0.960028015136719,1.63,0,-0.0240000002086163
942700000000000000000001,1,920625000,0,-55.5,1.57693224994644,0,0,0.960028015136719,1.63,0,-0.0240000002086163
942700000000000000000004,1,920625000,0,-55.5,3.86563158547182,0,0,0.960028015136719,1.63,0,-0.0240000002086163
942700000000000000000006,1,920625000,0,-51,1.13514578303537,0,0,0.960028015136719,1.63,0,-0.0240000002086163
942700000000000000000002,1,920625000,0,-55,0.527689391032661,0,0,0.960028015136719,1.63,0,-0.0240000002086163
942700000000000000000008,1,920625000,0,-46.5,5.76776776245001,0,0,0.960028015136719,1.63,0,-0.0240000002086163
942700000000000000000004,1,920625000,0,-55.5,3.88403935492644,0,0,0.960028015136719,1.63,0,-0.0240000002086163
942700000000000000000007,1,920625000,0,-57.5,3.33180627128761,0,0,0.960028015136719,1.63,0,-0.0240000002086163
942700000000000000000005,1,920625000,0,-51.5,1.98803910109979,0,0,0.960028015136719,1.63,0,-0.0240000002086163
942700000000000000000003,1,920625000,0,-55,5.57755414475219,0,0,0.960028015136719,1.63,0,-0.0240000002086163
942700000000000000000001,1,920625000,0,-55.5,1.56466040364335,0,0,0.960028015136719,1.63,0,-0.0240000002086163
942700000000000000000006,1,920625000,0,-50.5,1.11673801358075,0,0,0.960028015136719,1.63,0,-0.0240000002086163
942700000000000000000002,1,920625000,0,-54.5,0.472466082668777,0,0,0.960028015136719,1.63,0,-0.0240000002086163
942700000000000000000007,1,920625000,0,-57.5,3.28885480922681,0,0,0.960028015136719,1.63,0,-0.0240000002086163
942700000000000000000006,1,920625000,0,-51,1.14128170618692,0,0,0.960028015136719,1.63,0,-0.0240000002086163
942700000000000000000004,1,920625000,0,-56,3.86563158547182,0,0,0.960028015136719,1.63,0,-0.0240000002086163
942700000000000000000005,1,920625000,0,-52,1.98803910109979,0,0,0.960028015136719,1.63,0,-0.0240000002086163
942700000000000000000008,1,920625000,0,-46.5,5.7800396087531,0,0,0.960028015136719,1.63,0,-0.0240000002086163
942700000000000000000003,1,920625000,0,-55,5.60209783735836,0,0,0.960028015136719,1.63,0,-0.0240000002086163
942700000000000000000001,1,920625000,0,-55.5,1.54625263418873,0,0,0.960028015136719,1.63,0,-0.0240000002086163
942700000000000000000002,1,920625000,0,-55,0.50314569842649,0,0,0.960028015136719,1.63,0,-0.0240000002086163
942700000000000000000002,1,920625000,0,-55,0.490873852123405,0,0,0.960028015136719,1.63,0,-0.0240000002086163
942700000000000000000008,1,920625000,0,-46.5,5.7800396087531,0,0,0.960028015136719,1.63,0,-0.0240000002086163
942700000000000000000001,1,920625000,0,-55.5,1.5278448647341,0,0,0.960028015136719,1.63,0,-0.0240000002086163
942700000000000000000003,1,920625000,0,-55,5.57755414475219,0,0,0.960028015136719,1.63,0,-0.0240000002086163
942700000000000000000007,1,920625000,0,-57.5,3.3440781175907,0,0,0.960028015136719,1.63,0,-0.0240000002086163
942700000000000000000006,1,920625000,0,-50.5,1.12900985988383,0,0,0.960028015136719,1.63,0,-0.0240000002086163
942700000000000000000005,1,920625000,0,-51.5,1.96349540849362,0,0,0.960028015136719,1.63,0,-0.0240000002086163
942700000000000000000004,1,920625000,0,-56,3.89017527807799,0,0,0.960028015136719,1.63,0,-0.0240000002086163
942700000000000000000002,1,920625000,0,-54.5,0.484737928971863,0,0,0.960028015136719,1.63,0,-0.0240000002086163
942700000000000000000001,1,920625000,0,-55,1.54011671103718,0,0,0.960028015136719,1.63,0,-0.0240000002086163
942700000000000000000005,1,920625000,0,-52,2.01258279370596,0,0,0.960028015136719,1.63,0,-0.0240000002086163
942700000000000000000008,1,920625000,0,-46.5,5.7800396087531,0,0,0.960028015136719,1.63,0,-0.0240000002086163
942700000000000000000006,1,920625000,0,-50.5,1.15968947564155,0,0,0.960028015136719,1.63,0,-0.0240000002086163
942700000000000000000007,1,920625000,0,-58.5,3.3440781175907,0,0,0.960028015136719,1.63,0,-0.0240000002086163
942700000000000000000004,1,920625000,0,-56,3.82881604656256,0,0,0.960028015136719,1.63,0,-0.0240000002086163
942700000000000000000003,1,920625000,0,-55,5.61436968366145,0,0,0.960028015136719,1.63,0,-0.0240000002086163
942700000000000000000008,1,920625000,0,-46.5,5.7800396087531,0,0,0.960028015136719,1.63,0,-0.0240000002086163
942700000000000000000001,1,920625000,0,-55.5,1.50330117212793,0,0,0.960028015136719,1.63,0,-0.0240000002086163
942700000000000000000005,1,920625000,0,-52,2.00644687055442,0,0,0.960028015136719,1.63,0,-0.0240000002086163
942700000000000000000006,1,920625000,0,-51,1.06765062836841,0,0,0.960028015136719,1.63,0,-0.0240000002086163
942700000000000000000003,1,920625000,0,-53,5.51619491323677,0,0,0.960028015136719,1.63,0,-0.0240000002086163
942700000000000000000007,1,920625000,0,-58,3.18454411565059,0,0,0.960028015136719,1.63,0,-0.0240000002086163
942700000000000000000002,1,920625000,0,-54.5,0.466330159517235,0,0,0.960028015136719,1.63,0,-0.0240000002086163
942700000000000000000004,1,920625000,0,-56,3.8349519697141,0,0,0.960028015136719,1.63,0,-0.0240000002086163
942700000000000000000004,1,920625000,0,-55.5,3.88403935492644,0,0,0.960028015136719,1.63,0,-0.0240000002086163
942700000000000000000001,1,920625000,0,-55.5,1.50943709527947,0,0,0.960028015136719,1.63,0,-0.0240000002086163
942700000000000000000003,1,920625000,0,-55,5.52233083638831,0,0,0.960028015136719,1.63,0,-0.0240000002086163
942700000000000000000006,1,920625000,0,-51,1.09219432097458,0,0,0.960028015136719,1.63,0,-0.0240000002086163
942700000000000000000008,1,920625000,0,-46.5,5.76163183929847,0,0,0.960028015136719,1.63,0,-0.0240000002086163
942700000000000000000007,1,920625000,0,-58,3.5036121195308,0,0,0.960028015136719,1.63,0,-0.0240000002086163
942700000000000000000002,1,920625000,0,-55,0.472466082668777,0,0,0.960028015136719,1.63,0,-0.0240000002086163
942700000000000000000005,1,920625000,0,-52,1.96963133164516,0,0,0.960028015136719,1.63,0,-0.0240000002086163
942700000000000000000008,1,920625000,0,-46.5,5.76776776245001,0,0,0.960028015136719,1.63,0,-0.0240000002086163
942700000000000000000007,1,920625000,0,-57.5,3.36248588704533,0,0,0.960028015136719,1.63,0,-0.0240000002086163
942700000000000000000006,1,920625000,0,-51,1.14741762933846,0,0,0.960028015136719,1.63,0,-0.0240000002086163
942700000000000000000002,1,920625000,0,-54.5,0.582912699396544,0,0,0.960028015136719,1.63,0,-0.0240000002086163
942700000000000000000005,1,920625000,0,-52,2.02485464000905,0,0,0.960028015136719,1.63,0,-0.0240000002086163
942700000000000000000004,1,920625000,0,-56,3.91471897068416,0,0,0.960028015136719,1.63,0,-0.0240000002086163
942700000000000000000001,1,920625000,0,-55.5,1.47875747952176,0,0,0.960028015136719,1.63,0,-0.0240000002086163
942700000000000000000003,1,920625000,0,-55,5.58982599105528,0,0,0.960028015136719,1.63,0,-0.0240000002086163
942700000000000000000005,1,920625000,0,-51.5,2.00644687055442,0,0,0.960028015136719,1.63,0,-0.0240000002086163
942700000000000000000008,1,920625000,0,-46.5,5.76163183929847,0,0,0.960028015136719,1.63,0,-0.0240000002086163
942700000000000000000004,1,920625000,0,-56,3.93312674013878,0,0,0.960028015136719,1.63,0,-0.0240000002086163
942700000000000000000003,1,920625000,0,-54.5,5.52846675953985,0,0,0.960028015136719,1.63,0,-0.0240000002086163
942700000000000000000001,1,920625000,0,-55.5,1.49102932582484,0,0,0.960028015136719,1.63,0,-0.0240000002086163
942700000000000000000006,1,920625000,0,-51,1.1106020904292,0,0,0.960028015136719,1.63,0,-0.0240000002086163
942700000000000000000007,1,920625000,0,-57.5,3.37475773334841,0,0,0.960028015136719,1.63,0,-0.0240000002086163
942700000000000000000002,1,920625000,0,-55,0.435650543759522,0,0,0.960028015136719,1.63,0,-0.0240000002086163
942700000000000000000001,1,920625000,0,-55.5,1.5278448647341,0,0,0.960028015136719,1.63,0,-0.0240000002086163
942700000000000000000006,1,920625000,0,-50.5,1.10446616727766,0,0,0.960028015136719,1.63,0,-0.0240000002086163
942700000000000000000008,1,920625000,0,-46.5,5.77390368560155,0,0,0.960028015136719,1.63,0,-0.0240000002086163
942700000000000000000007,1,920625000,0,-58,3.35634996389378,0,0,0.960028015136719,1.63,0,-0.0240000002086163
942700000000000000000003,1,920625000,0,-55,5.52846675953985,0,0,0.960028015136719,1.63,0,-0.0240000002086163
942700000000000000000005,1,920625000,0,-52,1.98803910109979,0,0,0.960028015136719,1.63,0,-0.0240000002086163
942700000000000000000002,1,920625000,0,-55,0.490873852123405,0,0,0.960028015136719,1.63,0,-0.0240000002086163
942700000000000000000004,1,920625000,0,-56,3.87176750862336,0,0,0.960028015136719,1.63,0,-0.0240000002086163
942700000000000000000007,1,920625000,0,-57.5,3.36862181019687,0,0,0.960028015136719,1.63,0,-0.0240000002086163
942700000000000000000005,1,920625000,0,-52,1.97576725479671,0,0,0.960028015136719,1.63,0,-0.0240000002086163
942700000000000000000008,1,920625000,0,-46,5.74935999299538,0,0,0.960028015136719,1.63,0,-0.0240000002086163
942700000000000000000006,1,920625000,0,-51,1.09219432097458,0,0,0.960028015136719,1.63,0,-0.0240000002086163
942700000000000000000003,1,920625000,0,-55,5.63891337626762,0,0,0.960028015136719,1.63,0,-0.0240000002086163
942700000000000000000002,1,920625000,0,-55,0.527689391032661,0,0,0.960028015136719,1.63,0,-0.0240000002086163
942700000000000000000004,1,920625000,0,-55.5,3.85335973916873,0,0,0.960028015136719,1.63,0,-0.0240000002086163
942700000000000000000001,1,920625000,0,-55,1.52170894158256,0,0,0.960028015136719,1.63,0,-0.0240000002086163
942700000000000000000006,1,920625000,0,-51,1.09833024412612,0,0,0.960028015136719,1.63,0,-0.0240000002086163
942700000000000000000002,1,920625000,0,-55,0.497009775274948,0,0,0.960028015136719,1.63,0,-0.0240000002086163
942700000000000000000008,1,920625000,0,-46.5,5.76163183929847,0,0,0.960028015136719,1.63,0,-0.0240000002086163
942700000000000000000007,1,920625000,0,-58,3.3011266555299,0,0,0.960028015136719,1.63,0,-0.0240000002086163
942700000000000000000003,1,920625000,0,-54.5,5.55914637529756,0,0,0.960028015136719,1.63,0,-0.0240000002086163
942700000000000000000001,1,920625000,0,-55.5,1.55238855734027,0,0,0.960028015136719,1.63,0,-0.0240000002086163
942700000000000000000005,1,920625000,0,-52,2.00644687055442,0,0,0.960028015136719,1.63,0,-0.0240000002086163
942700000000000000000004,1,920625000,0,-55.5,3.85949566232027,0,0,0.960028015136719,1.63,0,-0.0240000002086163
942700000000000000000007,1,920625000,0,-57.5,3.28885480922681,0,0,0.960028015136719,1.63,0,-0.0240000002086163
942700000000000000000006,1,920625000,0,-50.5,1.12287393673229,0,0,0.960028015136719,1.63,0,-0.0240000002086163
942700000000000000000001,1,920625000,0,-55.5,1.55852448049181,0,0,0.960028015136719,1.63,0,-0.0240000002086163
942700000000000000000005,1,920625000,0,-52,1.99417502425133,0,0,0.960028015136719,1.63,0,-0.0240000002086163
942700000000000000000002,1,920625000,0,-55,0.490873852123405,0,0,0.960028015136719,1.63,0,-0.0240000002086163
942700000000000000000008,1,920625000,0,-46.5,5.76776776245001,0,0,0.960028015136719,1.63,0,-0.0240000002086163
942700000000000000000003,1,920625000,0,-55,5.58369006790373,0,0,0.960028015136719,1.63,0,-0.0240000002086163
942700000000000000000004,1,920625000,0,-56,3.88403935492644,0,0,0.960028015136719,1.63,0,-0.0240000002086163
942700000000000000000005,1,920625000,0,-51.5,1.98803910109979,0,0,0.960028015136719,1.63,0,-0.0240000002086163
942700000000000000000006,1,920625000,0,-50.5,1.13514578303537,0,0,0.960028015136719,1.63,0,-0.0240000002086163
942700000000000000000008,1,920625000,0,-46.5,5.75549591614693,0,0,0.960028015136719,1.63,0,-0.0240000002086163
942700000000000000000007,1,920625000,0,-57.5,3.28885480922681,0,0,0.960028015136719,1.63,0,-0.0240000002086163
942700000000000000000002,1,920625000,0,-55,0.521553467881118,0,0,0.960028015136719,1.63,0,-0.0240000002086163
942700000000000000000003,1,920625000,0,-55,5.54687452899448,0,0,0.960028015136719,1.63,0,-0.0240000002086163
942700000000000000000004,1,920625000,0,-55.5,3.82881604656256,0,0,0.960028015136719,1.63,0,-0.0240000002086163
942700000000000000000001,1,920625000,0,-55.5,1.53398078788564,0,0,0.960028015136719,1.63,0,-0.0240000002086163
942700000000000000000007,1,920625000,0,-58,3.24590334716602,0,0,0.960028015136719,1.63,0,-0.0240000002086163
942700000000000000000004,1,920625000,0,-56,3.82881604656256,0,0,0.960028015136719,1.63,0,-0.0240000002086163
942700000000000000000002,1,920625000,0,-55,0.527689391032661,0,0,0.960028015136719,1.63,0,-0.0240000002086163
942700000000000000000006,1,920625000,0,-51,1.14741762933846,0,0,0.960028015136719,1.63,0,-0.0240000002086163
942700000000000000000001,1,920625000,0,-55.5,1.58306817309798,0,0,0.960028015136719,1.63,0,-0.0240000002086163
942700000000000000000008,1,920625000,0,-46.5,5.76163183929847,0,0,0.960028015136719,1.63,0,-0.0240000002086163
942700000000000000000003,1,920625000,0,-55,5.52233083638831,0,0,0.960028015136719,1.63,0,-0.0240000002086163
942700000000000000000005,1,920625000,0,-51.5,2.01258279370596,0,0,0.960028015136719,1.63,0,-0.0240000002086163
942700000000000000000005,1,920625000,0,-52,2.00644687055442,0,0,0.960028015136719,1.63,0,-0.0240000002086163
942700000000000000000003,1,920625000,0,-55,5.60209783735836,0,0,0.960028015136719,1.63,0,-0.0240000002086163
942700000000000000000006,1,920625000,0,-50.5,1.09833024412612,0,0,0.960028015136719,1.63,0,-0.0240000002086163
942700000000000000000008,1,920625000,0,-46.5,5.78617553190464,0,0,0.960028015136719,1.63,0,-0.0240000002086163
942700000000000000000001,1,920625000,0,-55,1.53398078788564,0,0,0.960028015136719,1.63,0,-0.0240000002086163
942700000000000000000007,1,920625000,0,-57.5,3.29499073237836,0,0,0.960028015136719,1.63,0,-0.0240000002086163
942700000000000000000004,1,920625000,0,-55.5,3.84722381601719,0,0,0.960028015136719,1.63,0,-0.0240000002086163
942700000000000000000002,1,920625000,0,-55,0.509281621578033,0,0,0.960028015136719,1.63,0,-0.0240000002086163
942700000000000000000003,1,920625000,0,-55,5.58369006790373,0,0,0.960028015136719,1.63,0,-0.0240000002086163
942700000000000000000004,1,920625000,0,-55.5,3.89017527807799,0,0,0.960028015136719,1.63,0,-0.0240000002086163
942700000000000000000007,1,920625000,0,-58,3.33180627128761,0,0,0.960028015136719,1.63,0,-0.0240000002086163
942700000000000000000006,1,920625000,0,-50.5,1.14741762933846,0,0,0.960028015136719,1.63,0,-0.0240000002086163
942700000000000000000001,1,920625000,0,-55.5,1.55852448049181,0,0,0.960028015136719,1.63,0,-0.0240000002086163
942700000000000000000008,1,920625000,0,-46.5,5.76163183929847,0,0,0.960028015136719,1.63,0,-0.0240000002086163
942700000000000000000002,1,920625000,0,-55,0.47860200582032,0,0,0.960028015136719,1.63,0,-0.0240000002086163
942700000000000000000005,1,920625000,0,-52,2.02485464000905,0,0,0.960028015136719,1.63,0,-0.0240000002086163
942700000000000000000008,1,920625000,0,-46,5.75549591614693,0,0,0.960028015136719,1.63,0,-0.0240000002086163
942700000000000000000005,1,920625000,0,-52,1.99417502425133,0,0,0.960028015136719,1.63,0,-0.0240000002086163
942700000000000000000006,1,920625000,0,-51,1.12287393673229,0,0,0.960028015136719,1.63,0,-0.0240000002086163
942700000000000000000003,1,920625000,0,-55,5.52233083638831,0,0,0.960028015136719,1.63,0,-0.0240000002086163
942700000000000000000001,1,920625000,0,-55.5,1.5278448647341,0,0,0.960028015136719,1.63,0,-0.0240000002086163
942700000000000000000007,1,920625000,0,-58,3.3011266555299,0,0,0.960028015136719,1.63,0,-0.0240000002086163
942700000000000000000004,1,920625000,0,-55.5,3.81654420025948,0,0,0.960028015136719,1.63,0,-0.0240000002086163
942700000000000000000002,1,920625000,0,-55,0.47860200582032,0,0,0.960028015136719,1.63,0,-0.0240000002086163
942700000000000000000005,1,920625000,0,-52,2.00644687055442,0,0,0.960028015136719,1.63,0,-0.0240000002086163
942700000000000000000002,1,920625000,0,-55,0.533825314184203,0,0,0.960028015136719,1.63,0,-0.0240000002086163
942700000000000000000007,1,920625000,0,-58,3.35021404074224,0,0,0.960028015136719,1.63,0,-0.0240000002086163
942700000000000000000001,1,920625000,0,-55,1.49102932582484,0,0,0.960028015136719,1.63,0,-0.0240000002086163
942700000000000000000008,1,920625000,0,-46.5,5.76163183929847,0,0,0.960028015136719,1.63,0,-0.0240000002086163
942700000000000000000003,1,920625000,0,-55,5.51005899008522,0,0,0.960028015136719,1.63,0,-0.0240000002086163
942700000000000000000004,1,920625000,0,-55.5,3.85949566232027,0,0,0.960028015136719,1.63,0,-0.0240000002086163
942700000000000000000006,1,920625000,0,-51,1.12900985988383,0,0,0.960028015136719,1.63,0,-0.0240000002086163
942700000000000000000006,1,920625000,0,-51,1.12900985988383,0,0,0.960028015136719,1.63,0,-0.0240000002086163
942700000000000000000007,1,920625000,0,-58,3.28885480922681,0,0,0.960028015136719,1.63,0,-0.0240000002086163
942700000000000000000008,1,920625000,0,-46.5,5.75549591614693,0,0,0.960028015136719,1.63,0,-0.0240000002086163
942700000000000000000001,1,920625000,0,-55.5,1.53398078788564,0,0,0.960028015136719,1.63,0,-0.0240000002086163
942700000000000000000005,1,920625000,0,-52,1.98803910109979,0,0,0.960028015136719,1.63,0,-0.0240000002086163
942700000000000000000003,1,920625000,0,-55,5.55914637529756,0,0,0.960028015136719,1.63,0,-0.0240000002086163
942700000000000000000002,1,920625000,0,-55,0.539961237335746,0,0,0.960028015136719,1.63,0,-0.0240000002086163
942700000000000000000004,1,920625000,0,-55.5,3.76745681504713,0,0,0.960028015136719,1.63,0,-0.0240000002086163
942700000000000000000008,1,920625000,0,-46.5,5.75549591614693,0,0,0.960028015136719,1.63,0,-0.0240000002086163
942700000000000000000002,1,920625000,0,-55,0.509281621578033,0,0,0.960028015136719,1.63,0,-0.0240000002086163
942700000000000000000006,1,920625000,0,-50.5,1.15355355249,0,0,0.960028015136719,1.63,0,-0.0240000002086163
942700000000000000000003,1,920625000,0,-55,5.51005899008522,0,0,0.960028015136719,1.63,0,-0.0240000002086163
942700000000000000000005,1,920625000,0,-52,1.99417502425133,0,0,0.960028015136719,1.63,0,-0.0240000002086163
942700000000000000000001,1,920625000,0,-55.5,1.55238855734027,0,0,0.960028015136719,1.63,0,-0.0240000002086163
942700000000000000000004,1,920625000,0,-55.5,3.82881604656256,0,0,0.960028015136719,1.63,0,-0.0240000002086163
942700000000000000000007,1,920625000,0,-57.5,3.35021404074224,0,0,0.960028015136719,1.63,0,-0.0240000002086163
942700000000000000000002,1,920625000,0,-55,0.521553467881118,0,0,0.960028015136719,1.63,0,-0.0240000002086163
942700000000000000000007,1,920625000,0,-58,3.28271888607527,0,0,0.960028015136719,1.63,0,-0.0240000002086163
942700000000000000000006,1,920625000,0,-51,1.05537878206532,0,0,0.960028015136719,1.63,0,-0.0240000002086163
942700000000000000000008,1,920625000,0,-46.5,5.76163183929847,0,0,0.960028015136719,1.63,0,-0.0240000002086163
942700000000000000000004,1,920625000,0,-56,3.89017527807799,0,0,0.960028015136719,1.63,0,-0.0240000002086163
942700000000000000000003,1,920625000,0,-55,5.61436968366145,0,0,0.960028015136719,1.63,0,-0.0240000002086163
942700000000000000000005,1,920625000,0,-52,2.0187187168575,0,0,0.960028015136719,1.63,0,-0.0240000002086163
942700000000000000000001,1,920625000,0,-56,1.54625263418873,0,0,0.960028015136719,1.63,0,-0.0240000002086163
942700000000000000000008,1,920625000,0,-46.5,5.71254445408613,0,0,0.960028015136719,1.63,0,-0.0240000002086163
942700000000000000000004,1,920625000,0,-55.5,3.8349519697141,0,0,0.960028015136719,1.63,0,-0.0240000002086163
942700000000000000000001,1,920625000,0,-55.5,1.57693224994644,0,0,0.960028015136719,1.63,0,-0.0240000002086163
942700000000000000000005,1,920625000,0,-52,1.94508763903899,0,0,0.960028015136719,1.63,0,-0.0240000002086163
942700000000000000000003,1,920625000,0,-55,5.55301045214602,0,0,0.960028015136719,1.63,0,-0.0240000002086163
942700000000000000000006,1,920625000,0,-50.5,1.11673801358075,0,0,0.960028015136719,1.63,0,-0.0240000002086163
942700000000000000000007,1,920625000,0,-57.5,3.36248588704533,0,0,0.960028015136719,1.63,0,-0.0240000002086163
942700000000000000000002,1,920625000,0,-55,0.497009775274948,0,0,0.960028015136719,1.63,0,-0.0240000002086163
942700000000000000000005,1,920625000,0,-52,1.98190317794825,0,0,0.960028015136719,1.63,0,-0.0240000002086163
942700000000000000000008,1,920625000,0,-46.5,5.75549591614693,0,0,0.960028015136719,1.63,0,-0.0240000002086163
942700000000000000000007,1,920625000,0,-58,3.28271888607527,0,0,0.960028015136719,1.63,0,-0.0240000002086163
942700000000000000000004,1,920625000,0,-55.5,3.85949566232027,0,0,0.960028015136719,1.63,0,-0.0240000002086163
942700000000000000000001,1,920625000,0,-54.5,1.55852448049181,0,0,0.960028015136719,1.63,0,-0.0240000002086163
942700000000000000000003,1,920625000,0,-54.5,5.52846675953985,0,0,0.960028015136719,1.63,0,-0.0240000002086163
942700000000000000000006,1,920625000,0,-50.5,1.15355355249,0,0,0.960028015136719,1.63,0,-0.0240000002086163
942700000000000000000002,1,920625000,0,-55,0.539961237335746,0,0,0.960028015136719,1.63,0,-0.0240000002086163
942700000000000000000008,1,920625000,0,-46.5,5.79844737820772,0,0,0.960028015136719,1.63,0,-0.0240000002086163
942700000000000000000001,1,920625000,0,-55,1.56466040364335,0,0,0.960028015136719,1.63,0,-0.0240000002086163
942700000000000000000003,1,920625000,0,-55,5.55914637529756,0,0,0.960028015136719,1.63,0,-0.0240000002086163
942700000000000000000005,1,920625000,0,-52,2.00031094740288,0,0,0.960028015136719,1.63,0,-0.0240000002086163
942700000000000000000004,1,920625000,0,-55.5,3.79200050765331,0,0,0.960028015136719,1.63,0,-0.0240000002086163
942700000000000000000006,1,920625000,0,-50.5,1.14128170618692,0,0,0.960028015136719,1.63,0,-0.0240000002086163
942700000000000000000007,1,920625000,0,-58,3.24590334716602,0,0,0.960028015136719,1.63,0,-0.0240000002086163
942700000000000000000002,1,920625000,0,-55,0.509281621578033,0,0,0.960028015136719,1.63,0,-0.0240000002086163
942700000000000000000001,1,920625000,0,-55,1.5707963267949,0,0,0.960028015136719,1.63,0,-0.0240000002086163
942700000000000000000008,1,920625000,0,-46.5,5.77390368560155,0,0,0.960028015136719,1.63,0,-0.0240000002086163
942700000000000000000006,1,920625000,0,-50.5,1.14741762933846,0,0,0.960028015136719,1.63,0,-0.0240000002086163
942700000000000000000002,1,920625000,0,-55,0.50314569842649,0,0,0.960028015136719,1.63,0,-0.0240000002086163
942700000000000000000007,1,920625000,0,-57.5,3.31339850183298,0,0,0.960028015136719,1.63,0,-0.0240000002086163
942700000000000000000005,1,920625000,0,-52,1.98803910109979,0,0,0.960028015136719,1.63,0,-0.0240000002086163
942700000000000000000003,1,920625000,0,-55,5.51619491323677,0,0,0.960028015136719,1.63,0,-0.0240000002086163
942700000000000000000004,1,920625000,0,-56,3.77359273819868,0,0,0.960028015136719,1.63,0,-0.0240000002086163
942700000000000000000008,1,920625000,0,-46.5,5.76163183929847,0,0,0.960028015136719,1.63,0,-0.0240000002086163
942700000000000000000002,1,920625000,0,-55,0.546097160487288,0,0,0.960028015136719,1.63,0,-0.0240000002086163
942700000000000000000003,1,920625000,0,-55,5.53460268269139,0,0,0.960028015136719,1.63,0,-0.0240000002086163
942700000000000000000006,1,920625000,0,-50.5,1.14741762933846,0,0,0.960028015136719,1.63,0,-0.0240000002086163
942700000000000000000007,1,920625000,0,-58,3.30726257868144,0,0,0.960028015136719,1.63,0,-0.0240000002086163
942700000000000000000004,1,920625000,0,-55.5,3.82881604656256,0,0,0.960028015136719,1.63,0,-0.0240000002086163
942700000000000000000005,1,920625000,0,-52,2.04326240946367,0,0,0.960028015136719,1.63,0,-0.0240000002086163
942700000000000000000001,1,920625000,0,-55.5,1.53398078788564,0,0,0.960028015136719,1.63,0,-0.0240000002086163
942700000000000000000002,1,920625000,0,-54.5,0.558369006790373,0,0,0.960028015136719,1.63,0,-0.0240000002086163
942700000000000000000006,1,920625000,0,-50.5,1.1106020904292,0,0,0.960028015136719,1.63,0,-0.0240000002086163
942700000000000000000008,1,920625000,0,-46.5,5.76163183929847,0,0,0.960028015136719,1.63,0,-0.0240000002086163
942700000000000000000007,1,920625000,0,-57.5,3.33180627128761,0,0,0.960028015136719,1.63,0,-0.0240000002086163
942700000000000000000003,1,920625000,0,-54.5,5.54073860584294,0,0,0.960028015136719,1.63,0,-0.0240000002086163
942700000000000000000004,1,920625000,0,-55.5,3.84108789286565,0,0,0.960028015136719,1.63,0,-0.0240000002086163
942700000000000000000005,1,920625000,0,-52,2.01258279370596,0,0,0.960028015136719,1.63,0,-0.0240000002086163
942700000000000000000001,1,920625000,0,-55.5,1.55852448049181,0,0,0.960028015136719,1.63,0,-0.0240000002086163
942700000000000000000004,1,920625000,0,-55.5,3.81040827710793,0,0,0.960028015136719,1.63,0,-0.0240000002086163
942700000000000000000002,1,920625000,0,-55,0.47860200582032,0,0,0.960028015136719,1.63,0,-0.0240000002086163
942700000000000000000006,1,920625000,0,-50.5,1.15355355249,0,0,0.960028015136719,1.63,0,-0.0240000002086163
942700000000000000000008,1,920625000,0,-46.5,5.77390368560155,0,0,0.960028015136719,1.63,0,-0.0240000002086163
942700000000000000000007,1,920625000,0,-58,3.31953442498453,0,0,0.960028015136719,1.63,0,-0.0240000002086163
942700000000000000000005,1,920625000,0,-51.5,1.98190317794825,0,0,0.960028015136719,1.63,0,-0.0240000002086163
942700000000000000000003,1,920625000,0,-55,5.51619491323677,0,0,0.960028015136719,1.63,0,-0.0240000002086163
942700000000000000000001,1,920625000,0,-55.5,1.5278448647341,0,0,0.960028015136719,1.63,0,-0.0240000002086163
942700000000000000000005,1,920625000,0,-51.5,1.96963133164516,0,0,0.960028015136719,1.63,0,-0.0240000002086163
942700000000000000000004,1,920625000,0,-55.5,3.82881604656256,0,0,0.960028015136719,1.63,0,-0.0240000002086163
942700000000000000000002,1,920625000,0,-55,0.539961237335746,0,0,0.960028015136719,1.63,0,-0.0240000002086163
942700000000000000000001,1,920625000,0,-55,1.55238855734027,0,0,0.960028015136719,1.63,0,-0.0240000002086163
942700000000000000000003,1,920625000,0,-55,5.57141822160065,0,0,0.960028015136719,1.63,0,-0.0240000002086163
942700000000000000000007,1,920625000,0,-57.5,3.29499073237836,0,0,0.960028015136719,1.63,0,-0.0240000002086163
942700000000000000000006,1,920625000,0,-50.5,1.14128170618692,0,0,0.960028015136719,1.63,0,-0.0240000002086163
942700000000000000000008,1,920625000,0,-46.5,5.76163183929847,0,0,0.960028015136719,1.63,0,-0.0240000002086163
942700000000000000000008,1,920625000,0,-46.5,5.76776776245001,0,0,0.960028015136719,1.63,0,-0.0240000002086163
942700000000000000000007,1,920625000,0,-57.5,3.28271888607527,0,0,0.960028015136719,1.63,0,-0.0240000002086163
942700000000000000000002,1,920625000,0,-54.5,0.460194236365693,0,0,0.960028015136719,1.63,0,-0.0240000002086163
942700000000000000000004,1,920625000,0,-56,3.80427235395639,0,0,0.960028015136719,1.63,0,-0.0240000002086163
942700000000000000000003,1,920625000,0,-55,5.52846675953985,0,0,0.960028015136719,1.63,0,-0.0240000002086163
942700000000000000000005,1,920625000,0,-52,2.04326240946367,0,0,0.960028015136719,1.63,0,-0.0240000002086163
942700000000000000000001,1,920625000,0,-55.5,1.58920409624952,0,0,0.960028015136719,1.63,0,-0.0240000002086163
942700000000000000000006,1,920625000,0,-50.5,1.15968947564155,0,0,0.960028015136719,1.63,0,-0.0240000002086163
942700000000000000000008,1,920625000,0,-46.5,5.78617553190464,0,0,0.960028015136719,1.63,0,-0.0240000002086163
942700000000000000000005,1,920625000,0,-51.5,2.00031094740288,0,0,0.960028015136719,1.63,0,-0.0240000002086163
942700000000000000000006,1,920625000,0,-51,1.14128170618692,0,0,0.960028015136719,1.63,0,-0.0240000002086163
942700000000000000000003,1,920625000,0,-55,5.54073860584294,0,0,0.960028015136719,1.63,0,-0.0240000002086163
942700000000000000000001,1,920625000,0,-55.5,1.5707963267949,0,0,0.960028015136719,1.63,0,-0.0240000002086163
942700000000000000000007,1,920625000,0,-57.5,3.37475773334841,0,0,0.960028015136719,1.63,0,-0.0240000002086163
942700000000000000000004,1,920625000,0,-56,3.78586458450176,0,0,0.960028015136719,1.63,0,-0.0240000002086163
942700000000000000000002,1,920625000,0,-55,0.466330159517235,0,0,0.960028015136719,1.63,0,-0.0240000002086163
942700000000000000000004,1,920625000,0,-55.5,3.84108789286565,0,0,0.960028015136719,1.63,0,-0.0240000002086163
942700000000000000000003,1,920625000,0,-55,5.42415606596363,0,0,0.960028015136719,1.63,0,-0.0240000002086163
942700000000000000000001,1,920625000,0,-55.5,1.55852448049181,0,0,0.960028015136719,1.63,0,-0.0240000002086163
942700000000000000000008,1,920625000,0,-46.5,5.71868037723767,0,0,0.960028015136719,1.63,0,-0.0240000002086163
942700000000000000000007,1,920625000,0,-57.5,3.31339850183298,0,0,0.960028015136719,1.63,0,-0.0240000002086163
942700000000000000000002,1,920625000,0,-55,0.50314569842649,0,0,0.960028015136719,1.63,0,-0.0240000002086163
942700000000000000000006,1,920625000,0,-51,1.1106020904292,0,0,0.960028015136719,1.63,0,-0.0240000002086163
942700000000000000000005,1,920625000,0,-51.5,2.00644687055442,0,0,0.960028015136719,1.63,0,-0.0240000002086163
942700000000000000000002,1,920625000,0,-55,0.521553467881118,0,0,0.960028015136719,1.63,0,-0.0240000002086163
942700000000000000000001,1,920625000,0,-55,1.5278448647341,0,0,0.960028015136719,1.63,0,-0.0240000002086163
942700000000000000000004,1,920625000,0,-55.5,3.85949566232027,0,0,0.960028015136719,1.63,0,-0.0240000002086163
942700000000000000000003,1,920625000,0,-55,5.48551529747905,0,0,0.960028015136719,1.63,0,-0.0240000002086163
942700000000000000000008,1,920625000,0,-46.5,5.76163183929847,0,0,0.960028015136719,1.63,0,-0.0240000002086163
942700000000000000000005,1,920625000,0,-51.5,2.00644687055442,0,0,0.960028015136719,1.63,0,-0.0240000002086163
942700000000000000000006,1,920625000,0,-51,1.15355355249,0,0,0.960028015136719,1.63,0,-0.0240000002086163
942700000000000000000007,1,920625000,0,-57.5,3.31953442498453,0,0,0.960028015136719,1.63,0,-0.0240000002086163
942700000000000000000008,1,920625000,0,-46.5,5.76163183929847,0,0,0.960028015136719,1.63,0,-0.0240000002086163
942700000000000000000007,1,920625000,0,-58,3.33180627128761,0,0,0.960028015136719,1.63,0,-0.0240000002086163
942700000000000000000001,1,920625000,0,-55.5,1.53398078788564,0,0,0.960028015136719,1.63,0,-0.0240000002086163
942700000000000000000006,1,920625000,0,-50.5,1.15968947564155,0,0,0.960028015136719,1.63,0,-0.0240000002086163
942700000000000000000002,1,920625000,0,-55,0.47860200582032,0,0,0.960028015136719,1.63,0,-0.0240000002086163
942700000000000000000004,1,920625000,0,-55.5,3.82268012341102,0,0,0.960028015136719,1.63,0,-0.0240000002086163
942700000000000000000005,1,920625000,0,-51.5,2.01258279370596,0,0,0.960028015136719,1.63,0,-0.0240000002086163
942700000000000000000003,1,920625000,0,-55,5.57141822160065,0,0,0.960028015136719,1.63,0,-0.0240000002086163
942700000000000000000001,1,920625000,0,-55.5,1.58920409624952,0,0,0.960028015136719,1.63,0,-0.0240000002086163
942700000000000000000003,1,920625000,0,-55,5.50392306693368,0,0,0.960028015136719,1.63,0,-0.0240000002086163
942700000000000000000004,1,920625000,0,-55.5,3.8349519697141,0,0,0.960028015136719,1.63,0,-0.0240000002086163
942700000000000000000002,1,920625000,0,-55,0.533825314184203,0,0,0.960028015136719,1.63,0,-0.0240000002086163
942700000000000000000008,1,920625000,0,-46.5,5.76163183929847,0,0,0.960028015136719,1.63,0,-0.0240000002086163
942700000000000000000005,1,920625000,0,-51.5,2.0187187168575,0,0,0.960028015136719,1.63,0,-0.0240000002086163
942700000000000000000006,1,920625000,0,-50.5,1.14128170618692,0,0,0.960028015136719,1.63,0,-0.0240000002086163
942700000000000000000007,1,920625000,0,-57.5,3.30726257868144,0,0,0.960028015136719,1.63,0,-0.0240000002086163
942700000000000000000008,1,920625000,0,-46.5,5.74935999299538,0,0,0.960028015136719,1.63,0,-0.0240000002086163
942700000000000000000003,1,920625000,0,-55,5.50392306693368,0,0,0.960028015136719,1.63,0,-0.0240000002086163
942700000000000000000004,1,920625000,0,-55.5,3.77972866135022,0,0,0.960028015136719,1.63,0,-0.0240000002086163
942700000000000000000007,1,920625000,0,-58,3.33794219443916,0,0,0.960028015136719,1.63,0,-0.0240000002086163
942700000000000000000005,1,920625000,0,-51.5,2.05553425576676,0,0,0.960028015136719,1.63,0,-0.0240000002086163
942700000000000000000002,1,920625000,0,-55,0.527689391032661,0,0,0.960028015136719,1.63,0,-0.0240000002086163
942700000000000000000006,1,920625000,0,-51,1.14741762933846,0,0,0.960028015136719,1.63,0,-0.0240000002086163
942700000000000000000001,1,920625000,0,-55.5,1.56466040364335,0,0,0.960028015136719,1.63,0,-0.0240000002086163
942700000000000000000006,1,920625000,0,-50.5,1.12287393673229,0,0,0.960028015136719,1.63,0,-0.0240000002086163
942700000000000000000008,1,920625000,0,-46.5,5.7800396087531,0,0,0.960028015136719,1.63,0,-0.0240000002086163
942700000000000000000002,1,920625000,0,-55,0.515417544729575,0,0,0.960028015136719,1.63,0,-0.0240000002086163
942700000000000000000003,1,920625000,0,-55,5.54073860584294,0,0,0.960028015136719,1.63,0,-0.0240000002086163
942700000000000000000007,1,920625000,0,-57.5,3.3440781175907,0,0,0.960028015136719,1.63,0,-0.0240000002086163
942700000000000000000004,1,920625000,0,-56,3.80427235395639,0,0,0.960028015136719,1.63,0,-0.0240000002086163
942700000000000000000005,1,920625000,0,-52,2.03099056316059,0,0,0.960028015136719,1.63,0,-0.0240000002086163
942700000000000000000001,1,920625000,0,-55.5,1.57693224994644,0,0,0.960028015136719,1.63,0,-0.0240000002086163
942700000000000000000001,1,920625000,0,-55,1.58306817309798,0,0,0.960028015136719,1.63,0,-0.0240000002086163
942700000000000000000002,1,920625000,0,-55,0.613592315154256,0,0,0.960028015136719,1.63,0,-0.0240000002086163
942700000000000000000005,1,920625000,0,-52,2.02485464000905,0,0,0.960028015136719,1.63,0,-0.0240000002086163
942700000000000000000004,1,920625000,0,-55.5,3.79813643080485,0,0,0.960028015136719,1.63,0,-0.0240000002086163
942700000000000000000008,1,920625000,0,-46.5,5.76776776245001,0,0,0.960028015136719,1.63,0,-0.0240000002086163
942700000000000000000003,1,920625000,0,-54.5,5.55914637529756,0,0,0.960028015136719,1.63,0,-0.0240000002086163
942700000000000000000006,1,920625000,0,-50.5,1.15968947564155,0,0,0.960028015136719,1.63,0,-0.0240000002086163
942700000000000000000007,1,920625000,0,-58,3.28885480922681,0,0,0.960028015136719,1.63,0,-0.0240000002086163
942700000000000000000006,1,920625000,0,-50.5,1.14741762933846,0,0,0.960028015136719,1.63,0,-0.0240000002086163
942700000000000000000008,1,920625000,0,-46.5,5.74935999299538,0,0,0.960028015136719,1.63,0,-0.0240000002086163
942700000000000000000001,1,920625000,0,-55.5,1.57693224994644,0,0,0.960028015136719,1.63,0,-0.0240000002086163
942700000000000000000002,1,920625000,0,-55,0.460194236365693,0,0,0.960028015136719,1.63,0,-0.0240000002086163
942700000000000000000004,1,920625000,0,-55.5,3.82881604656256,0,0,0.960028015136719,1.63,0,-0.0240000002086163
942700000000000000000005,1,920625000,0,-52,2.04939833261522,0,0,0.960028015136719,1.63,0,-0.0240000002086163
942700000000000000000003,1,920625000,0,-55,5.53460268269139,0,0,0.960028015136719,1.63,0,-0.0240000002086163
942700000000000000000007,1,920625000,0,-57.5,3.31339850183298,0,0,0.960028015136719,1.63,0,-0.0240000002086163
942700000000000000000002,1,920625000,0,-54.5,0.527689391032661,0,0,0.960028015136719,1.63,0,-0.0240000002086163
942700000000000000000001,1,920625000,0,-55.5,1.54011671103718,0,0,0.960028015136719,1.63,0,-0.0240000002086163
942700000000000000000005,1,920625000,0,-52,2.01258279370596,0,0,0.960028015136719,1.63,0,-0.0240000002086163
942700000000000000000004,1,920625000,0,-55.5,3.85949566232027,0,0,0.960028015136719,1.63,0,-0.0240000002086163
942700000000000000000008,1,920625000,0,-46.5,5.74935999299538,0,0,0.960028015136719,1.63,0,-0.0240000002086163
942700000000000000000006,1,920625000,0,-50.5,1.12900985988383,0,0,0.960028015136719,1.63,0,-0.0240000002086163
942700000000000000000007,1,920625000,0,-57.5,3.31339850183298,0,0,0.960028015136719,1.63,0,-0.0240000002086163
942700000000000000000003,1,920625000,0,-55,5.54073860584294,0,0,0.960028015136719,1.63,0,-0.0240000002086163
942700000000000000000008,1,920625000,0,-46.5,5.75549591614693,0,0,0.960028015136719,1.63,0,-0.0240000002086163
942700000000000000000005,1,920625000,0,-52,2.06780610206984,0,0,0.960028015136719,1.63,0,-0.0240000002086163
942700000000000000000003,1,920625000,0,-54.5,5.54073860584294,0,0,0.960028015136719,1.63,0,-0.0240000002086163
942700000000000000000001,1,920625000,0,-55,1.60147594255261,0,0,0.960028015136719,1.63,0,-0.0240000002086163
942700000000000000000006,1,920625000,0,-50.5,1.12900985988383,0,0,0.960028015136719,1.63,0,-0.0240000002086163
942700000000000000000002,1,920625000,0,-55,0.576776776245001,0,0,0.960028015136719,1.63,0,-0.0240000002086163
942700000000000000000007,1,920625000,0,-57.5,3.40543734910612,0,0,0.960028015136719,1.63,0,-0.0240000002086163
942700000000000000000004,1,920625000,0,-55.5,3.84722381601719,0,0,0.960028015136719,1.63,0,-0.0240000002086163
942700000000000000000006,1,920625000,0,-50.5,1.12287393673229,0,0,0.960028015136719,1.63,0,-0.0240000002086163
942700000000000000000004,1,920625000,0,-55.5,3.80427235395639,0,0,0.960028015136719,1.63,0,-0.0240000002086163
942700000000000000000007,1,920625000,0,-57.5,3.3440781175907,0,0,0.960028015136719,1.63,0,-0.0240000002086163
942700000000000000000003,1,920625000,0,-54.5,5.52233083638831,0,0,0.960028015136719,1.63,0,-0.0240000002086163
942700000000000000000005,1,920625000,0,-51.5,2.00031094740288,0,0,0.960028015136719,1.63,0,-0.0240000002086163
942700000000000000000008,1,920625000,0,-46.5,5.77390368560155,0,0,0.960028015136719,1.63,0,-0.0240000002086163
942700000000000000000001,1,920625000,0,-55.5,1.53398078788564,0,0,0.960028015136719,1.63,0,-0.0240000002086163
942700000000000000000002,1,920625000,0,-55,0.521553467881118,0,0,0.960028015136719,1.63,0,-0.0240000002086163
942700000000000000000006,1,920625000,0,-51,1.16582539879309,0,0,0.960028015136719,1.63,0,-0.0240000002086163
942700000000000000000007,1,920625000,0,-58,3.33180627128761,0,0,0.960028015136719,1.63,0,-0.0240000002086163
942700000000000000000003,1,920625000,0,-55,5.52233083638831,0,0,0.960028015136719,1.63,0,-0.0240000002086163
942700000000000000000005,1,920625000,0,-52,2.01258279370596,0,0,0.960028015136719,1.63,0,-0.0240000002086163
942700000000000000000001,1,920625000,0,-55.5,1.56466040364335,0,0,0.960028015136719,1.63,0,-0.0240000002086163
942700000000000000000004,1,920625000,0,-55.5,3.81654420025948,0,0,0.960028015136719,1.63,0,-0.0240000002086163
942700000000000000000008,1,920625000,0,-46.5,5.74935999299538,0,0,0.960028015136719,1.63,0,-0.0240000002086163
942700000000000000000002,1,920625000,0,-55,0.466330159517235,0,0,0.960028015136719,1.63,0,-0.0240000002086163
942700000000000000000005,1,920625000,0,-52,2.04326240946367,0,0,0.960028015136719,1.63,0,-0.0240000002086163
942700000000000000000001,1,920625000,0,-55,1.54625263418873,0,0,0.960028015136719,1.63,0,-0.0240000002086163
942700000000000000000004,1,920625000,0,-55.5,3.86563158547182,0,0,0.960028015136719,1.63,0,-0.0240000002086163
942700000000000000000008,1,920625000,0,-46.5,5.76776776245001,0,0,0.960028015136719,1.63,0,-0.0240000002086163
942700000000000000000007,1,920625000,0,-58,3.35634996389378,0,0,0.960028015136719,1.63,0,-0.0240000002086163
942700000000000000000006,1,920625000,0,-51,1.13514578303537,0,0,0.960028015136719,1.63,0,-0.0240000002086163
942700000000000000000003,1,920625000,0,-55,5.52846675953985,0,0,0.960028015136719,1.63,0,-0.0240000002086163
942700000000000000000002,1,920625000,0,-55,0.484737928971863,0,0,0.960028015136719,1.63,0,-0.0240000002086163
942700000000000000000005,1,920625000,0,-51.5,2.04939833261522,0,0,0.960028015136719,1.63,0,-0.0240000002086163
942700000000000000000004,1,920625000,0,-55.5,3.82268012341102,0,0,0.960028015136719,1.63,0,-0.0240000002086163
942700000000000000000006,1,920625000,0,-51,1.14741762933846,0,0,0.960028015136719,1.63,0,-0.0240000002086163
942700000000000000000002,1,920625000,0,-55,0.595184545699629,0,0,0.960028015136719,1.63,0,-0.0240000002086163
942700000000000000000003,1,920625000,0,-55,5.55914637529756,0,0,0.960028015136719,1.63,0,-0.0240000002086163
942700000000000000000008,1,920625000,0,-46,5.74322406984384,0,0,0.960028015136719,1.63,0,-0.0240000002086163
942700000000000000000001,1,920625000,0,-55.5,1.55238855734027,0,0,0.960028015136719,1.63,0,-0.0240000002086163
942700000000000000000007,1,920625000,0,-57.5,3.3011266555299,0,0,0.960028015136719,1.63,0,-0.0240000002086163
942700000000000000000001,1,920625000,0,-55,1.59534001940107,0,0,0.960028015136719,1.63,0,-0.0240000002086163
942700000000000000000006,1,920625000,0,-51,1.15968947564155,0,0,0.960028015136719,1.63,0,-0.0240000002086163
942700000000000000000005,1,920625000,0,-51.5,2.03099056316059,0,0,0.960028015136719,1.63,0,-0.0240000002086163
942700000000000000000003,1,920625000,0,-55,5.48551529747905,0,0,0.960028015136719,1.63,0,-0.0240000002086163
942700000000000000000004,1,920625000,0,-55.5,3.84108789286565,0,0,0.960028015136719,1.63,0,-0.0240000002086163
942700000000000000000008,1,920625000,0,-46.5,5.7800396087531,0,0,0.960028015136719,1.63,0,-0.0240000002086163
942700000000000000000002,1,920625000,0,-55,0.607456392002714,0,0,0.960028015136719,1.63,0,-0.0240000002086163
942700000000000000000007,1,920625000,0,-58,3.3011266555299,0,0,0.960028015136719,1.63,0,-0.0240000002086163
942700000000000000000005,1,920625000,0,-52,2.0187187168575,0,0,0.960028015136719,1.63,0,-0.0240000002086163
942700000000000000000003,1,920625000,0,-54.5,5.57141822160065,0,0,0.960028015136719,1.63,0,-0.0240000002086163
942700000000000000000008,1,920625000,0,-46.5,5.76776776245001,0,0,0.960028015136719,1.63,0,-0.0240000002086163
942700000000000000000004,1,920625000,0,-56,3.84108789286565,0,0,0.960028015136719,1.63,0,-0.0240000002086163
942700000000000000000002,1,920625000,0,-55,0.490873852123405,0,0,0.960028015136719,1.63,0,-0.0240000002086163
942700000000000000000007,1,920625000,0,-58,3.30726257868144,0,0,0.960028015136719,1.63,0,-0.0240000002086163
942700000000000000000001,1,920625000,0,-55,1.57693224994644,0,0,0.960028015136719,1.63,0,-0.0240000002086163
942700000000000000000006,1,920625000,0,-50.5,1.15968947564155,0,0,0.960028015136719,1.63,0,-0.0240000002086163
942700000000000000000001,1,920625000,0,-55.5,1.54625263418873,0,0,0.960028015136719,1.63,0,-0.0240000002086163
942700000000000000000002,1,920625000,0,-55,0.533825314184203,0,0,0.960028015136719,1.63,0,-0.0240000002086163
942700000000000000000005,1,920625000,0,-52,2.02485464000905,0,0,0.960028015136719,1.63,0,-0.0240000002086163
942700000000000000000006,1,920625000,0,-50.5,1.13514578303537,0,0,0.960028015136719,1.63,0,-0.0240000002086163
942700000000000000000003,1,920625000,0,-54.5,5.49778714378214,0,0,0.960028015136719,1.63,0,-0.0240000002086163
942700000000000000000008,1,920625000,0,-46.5,5.75549591614693,0,0,0.960028015136719,1.63,0,-0.0240000002086163
942700000000000000000007,1,920625000,0,-57.5,3.32567034813607,0,0,0.960028015136719,1.63,0,-0.0240000002086163
942700000000000000000004,1,920625000,0,-55.5,3.84108789286565,0,0,0.960028015136719,1.63,0,-0.0240000002086163
942700000000000000000003,1,920625000,0,-55,5.51005899008522,0,0,0.960028015136719,1.63,0,-0.0240000002086163
942700000000000000000007,1,920625000,0,-57.5,3.29499073237836,0,0,0.960028015136719,1.63,0,-0.0240000002086163
942700000000000000000008,1,920625000,0,-46.5,5.75549591614693,0,0,0.960028015136719,1.63,0,-0.0240000002086163
942700000000000000000005,1,920625000,0,-52,1.98190317794825,0,0,0.960028015136719,1.63,0,-0.0240000002086163
942700000000000000000001,1,920625000,0,-55,1.57693224994644,0,0,0.960028015136719,1.63,0,-0.0240000002086163
942700000000000000000004,1,920625000,0,-56,3.82881604656256,0,0,0.960028015136719,1.63,0,-0.0240000002086163
942700000000000000000002,1,920625000,0,-54.5,0.515417544729575,0,0,0.960028015136719,1.63,0,-0.0240000002086163
942700000000000000000006,1,920625000,0,-51,1.15968947564155,0,0,0.960028015136719,1.63,0,-0.0240000002086163
942700000000000000000005,1,920625000,0,-52,1.99417502425133,0,0,0.960028015136719,1.63,0,-0.0240000002086163
942700000000000000000003,1,920625000,0,-55,5.51619491323677,0,0,0.960028015136719,1.63,0,-0.0240000002086163
942700000000000000000004,1,920625000,0,-55.5,3.8349519697141,0,0,0.960028015136719,1.63,0,-0.0240000002086163
942700000000000000000001,1,920625000,0,-55,1.5278448647341,0,0,0.960028015136719,1.63,0,-0.0240000002086163
942700000000000000000006,1,920625000,0,-51,1.13514578303537,0,0,0.960028015136719,1.63,0,-0.0240000002086163
942700000000000000000007,1,920625000,0,-58,3.3440781175907,0,0,0.960028015136719,1.63,0,-0.0240000002086163
942700000000000000000002,1,920625000,0,-55,0.497009775274948,0,0,0.960028015136719,1.63,0,-0.0240000002086163
942700000000000000000008,1,920625000,0,-46,5.7800396087531,0,0,0.960028015136719,1.63,0,-0.0240000002086163
942700000000000000000007,1,920625000,0,-58,3.28271888607527,0,0,0.960028015136719,1.63,0,-0.0240000002086163
942700000000000000000008,1,920625000,0,-46.5,5.76776776245001,0,0,0.960028015136719,1.63,0,-0.0240000002086163
942700000000000000000003,1,920625000,0,-55,5.51619491323677,0,0,0.960028015136719,1.63,0,-0.0240000002086163
942700000000000000000005,1,920625000,0,-51.5,2.05553425576676,0,0,0.960028015136719,1.63,0,-0.0240000002086163
942700000000000000000002,1,920625000,0,-55,0.576776776245001,0,0,0.960028015136719,1.63,0,-0.0240000002086163
942700000000000000000006,1,920625000,0,-50.5,1.15355355249,0,0,0.960028015136719,1.63,0,-0.0240000002086163
942700000000000000000001,1,920625000,0,-55.5,1.62601963515878,0,0,0.960028015136719,1.63,0,-0.0240000002086163
942700000000000000000004,1,920625000,0,-55.5,3.81654420025948,0,0,0.960028015136719,1.63,0,-0.0240000002086163
942700000000000000000007,1,920625000,0,-57.5,3.3011266555299,0,0,0.960028015136719,1.63,0,-0.0240000002086163
942700000000000000000001,1,920625000,0,-55.5,1.5707963267949,0,0,0.960028015136719,1.63,0,-0.0240000002086163
942700000000000000000004,1,920625000,0,-55.5,3.81040827710793,0,0,0.960028015136719,1.63,0,-0.0240000002086163
942700000000000000000008,1,920625000,0,-46.5,5.7800396087531,0,0,0.960028015136719,1.63,0,-0.0240000002086163
942700000000000000000006,1,920625000,0,-50.5,1.10446616727766,0,0,0.960028015136719,1.63,0,-0.0240000002086163
942700000000000000000002,1,920625000,0,-55,0.607456392002714,0,0,0.960028015136719,1.63,0,-0.0240000002086163
942700000000000000000005,1,920625000,0,-52,2.00031094740288,0,0,0.960028015136719,1.63,0,-0.0240000002086163
942700000000000000000003,1,920625000,0,-54.5,5.52846675953985,0,0,0.960028015136719,1.63,0,-0.0240000002086163
942700000000000000000001,1,920625000,0,-55.5,1.61374778885569,0,0,0.960028015136719,1.63,0,-0.0240000002086163
942700000000000000000003,1,920625000,0,-55,5.53460268269139,0,0,0.960028015136719,1.63,0,-0.0240000002086163
942700000000000000000008,1,920625000,0,-46.5,5.77390368560155,0,0,0.960028015136719,1.63,0,-0.0240000002086163
942700000000000000000006,1,920625000,0,-50.5,1.14741762933846,0,0,0.960028015136719,1.63,0,-0.0240000002086163
942700000000000000000005,1,920625000,0,-51.5,2.04326240946367,0,0,0.960028015136719,1.63,0,-0.0240000002086163
942700000000000000000004,1,920625000,0,-56,3.81654420025948,0,0,0.960028015136719,1.63,0,-0.0240000002086163
942700000000000000000007,1,920625000,0,-58,3.32567034813607,0,0,0.960028015136719,1.63,0,-0.0240000002086163
942700000000000000000002,1,920625000,0,-55,0.558369006790373,0,0,0.960028015136719,1.63,0,-0.0240000002086163
942700000000000000000004,1,920625000,0,-55.5,3.82881604656256,0,0,0.960028015136719,1.63,0,-0.0240000002086163
942700000000000000000007,1,920625000,0,-58,3.33794219443916,0,0,0.960028015136719,1.63,0,-0.0240000002086163
942700000000000000000003,1,920625000,0,-55,5.58369006790373,0,0,0.960028015136719,1.63,0,-0.0240000002086163
942700000000000000000005,1,920625000,0,-52,2.0187187168575,0,0,0.960028015136719,1.63,0,-0.0240000002086163
942700000000000000000002,1,920625000,0,-55,0.533825314184203,0,0,0.960028015136719,1.63,0,-0.0240000002086163
942700000000000000000006,1,920625000,0,-51,1.13514578303537,0,0,0.960028015136719,1.63,0,-0.0240000002086163
942700000000000000000001,1,920625000,0,-55.5,1.58920409624952,0,0,0.960028015136719,1.63,0,-0.0240000002086163
942700000000000000000008,1,920625000,0,-46.5,5.77390368560155,0,0,0.960028015136719,1.63,0,-0.0240000002086163
942700000000000000000008,1,920625000,0,-46.5,5.76776776245001,0,0,0.960028015136719,1.63,0,-0.0240000002086163
942700000000000000000005,1,920625000,0,-51.5,2.00644687055442,0,0,0.960028015136719,1.63,0,-0.0240000002086163
942700000000000000000003,1,920625000,0,-55,5.55301045214602,0,0,0.960028015136719,1.63,0,-0.0240000002086163
942700000000000000000006,1,920625000,0,-51,1.14128170618692,0,0,0.960028015136719,1.63,0,-0.0240000002086163
942700000000000000000002,1,920625000,0,-54.5,0.564504929941916,0,0,0.960028015136719,1.63,0,-0.0240000002086163
942700000000000000000007,1,920625000,0,-57.5,3.32567034813607,0,0,0.960028015136719,1.63,0,-0.0240000002086163
942700000000000000000004,1,920625000,0,-55.5,3.89631120122953,0,0,0.960028015136719,1.63,0,-0.0240000002086163
942700000000000000000001,1,920625000,0,-55.5,1.63829148146186,0,0,0.960028015136719,1.63,0,-0.0240000002086163
942700000000000000000006,1,920625000,0,-50.5,1.14128170618692,0,0,0.960028015136719,1.63,0,-0.0240000002086163
942700000000000000000003,1,920625000,0,-55,5.55301045214602,0,0,0.960028015136719,1.63,0,-0.0240000002086163
942700000000000000000008,1,920625000,0,-46,5.77390368560155,0,0,0.960028015136719,1.63,0,-0.0240000002086163
942700000000000000000004,1,920625000,0,-56,3.77359273819868,0,0,0.960028015136719,1.63,0,-0.0240000002086163
942700000000000000000007,1,920625000,0,-58,3.3011266555299,0,0,0.960028015136719,1.63,0,-0.0240000002086163
942700000000000000000002,1,920625000,0,-55,0.582912699396544,0,0,0.960028015136719,1.63,0,-0.0240000002086163
942700000000000000000005,1,920625000,0,-51.5,2.06780610206984,0,0,0.960028015136719,1.63,0,-0.0240000002086163
942700000000000000000001,1,920625000,0,-55.5,1.60147594255261,0,0,0.960028015136719,1.63,0,-0.0240000002086163
942700000000000000000005,1,920625000,0,-52,2.08007794837293,0,0,0.960028015136719,1.63,0,-0.0240000002086163
942700000000000000000004,1,920625000,0,-55.5,3.85949566232027,0,0,0.960028015136719,1.63,0,-0.0240000002086163
942700000000000000000003,1,920625000,0,-55,5.55914637529756,0,0,0.960028015136719,1.63,0,-0.0240000002086163
942700000000000000000001,1,920625000,0,-55.5,1.5707963267949,0,0,0.960028015136719,1.63,0,-0.0240000002086163
942700000000000000000008,1,920625000,0,-46.5,5.74322406984384,0,0,0.960028015136719,1.63,0,-0.0240000002086163
942700000000000000000007,1,920625000,0,-57.5,3.22749557771139,0,0,0.960028015136719,1.63,0,-0.0240000002086163
942700000000000000000006,1,920625000,0,-51,1.15968947564155,0,0,0.960028015136719,1.63,0,-0.0240000002086163
942700000000000000000002,1,920625000,0,-55,0.521553467881118,0,0,0.960028015136719,1.63,0,-0.0240000002086163
942700000000000000000006,1,920625000,0,-51,1.12900985988383,0,0,0.960028015136719,1.63,0,-0.0240000002086163
942700000000000000000005,1,920625000,0,-51.5,1.99417502425133,0,0,0.960028015136719,1.63,0,-0.0240000002086163
942700000000000000000001,1,920625000,0,-55.5,1.54625263418873,0,0,0.960028015136719,1.63,0,-0.0240000002086163
942700000000000000000003,1,920625000,0,-55,5.47937937432751,0,0,0.960028015136719,1.63,0,-0.0240000002086163
942700000000000000000002,1,920625000,0,-55,0.527689391032661,0,0,0.960028015136719,1.63,0,-0.0240000002086163
942700000000000000000007,1,920625000,0,-58,3.27658296292373,0,0,0.960028015136719,1.63,0,-0.0240000002086163
942700000000000000000004,1,920625000,0,-55.5,3.85949566232027,0,0,0.960028015136719,1.63,0,-0.0240000002086163
942700000000000000000008,1,920625000,0,-46.5,5.75549591614693,0,0,0.960028015136719,1.63,0,-0.0240000002086163
942700000000000000000002,1,920625000,0,-55,0.47860200582032,0,0,0.960028015136719,1.63,0,-0.0240000002086163
942700000000000000000003,1,920625000,0,-54.5,5.58369006790373,0,0,0.960028015136719,1.63,0,-0.0240000002086163
942700000000000000000004,1,920625000,0,-55.5,3.87176750862336,0,0,0.960028015136719,1.63,0,-0.0240000002086163
942700000000000000000008,1,920625000,0,-46.5,5.76776776245001,0,0,0.960028015136719,1.63,0,-0.0240000002086163
942700000000000000000006,1,920625000,0,-50.5,1.18423316824772,0,0,0.960028015136719,1.63,0,-0.0240000002086163
942700000000000000000005,1,920625000,0,-52,2.00644687055442,0,0,0.960028015136719,1.63,0,-0.0240000002086163
942700000000000000000001,1,920625000,0,-55.5,1.63215555831032,0,0,0.960028015136719,1.63,0,-0.0240000002086163
942700000000000000000007,1,920625000,0,-57.5,3.33180627128761,0,0,0.960028015136719,1.63,0,-0.0240000002086163
942700000000000000000005,1,920625000,0,-52,2.03099056316059,0,0,0.960028015136719,1.63,0,-0.0240000002086163
942700000000000000000006,1,920625000,0,-50.5,1.15355355249,0,0,0.960028015136719,1.63,0,-0.0240000002086163
942700000000000000000007,1,920625000,0,-58,3.3870295796515,0,0,0.960028015136719,1.63,0,-0.0240000002086163
942700000000000000000001,1,920625000,0,-55.5,1.54011671103718,0,0,0.960028015136719,1.63,0,-0.0240000002086163
942700000000000000000004,1,920625000,0,-55.5,3.85949566232027,0,0,0.960028015136719,1.63,0,-0.0240000002086163
942700000000000000000002,1,920625000,0,-55,0.570640853093458,0,0,0.960028015136719,1.63,0,-0.0240000002086163
942700000000000000000003,1,920625000,0,-55,5.51619491323677,0,0,0.960028015136719,1.63,0,-0.0240000002086163
942700000000000000000008,1,920625000,0,-46.5,5.75549591614693,0,0,0.960028015136719,1.63,0,-0.0240000002086163
942700000000000000000003,1,920625000,0,-55,5.52846675953985,0,0,0.960028015136719,1.63,0,-0.0240000002086163
942700000000000000000005,1,920625000,0,-51.5,2.06780610206984,0,0,0.960028015136719,1.63,0,-0.0240000002086163
942700000000000000000001,1,920625000,0,-55.5,1.5707963267949,0,0,0.960028015136719,1.63,0,-0.0240000002086163
942700000000000000000008,1,920625000,0,-46.5,5.76776776245001,0,0,0.960028015136719,1.63,0,-0.0240000002086163
942700000000000000000006,1,920625000,0,-50.5,1.17809724509617,0,0,0.960028015136719,1.63,0,-0.0240000002086163
942700000000000000000002,1,920625000,0,-55.5,0.533825314184203,0,0,0.960028015136719,1.63,0,-0.0240000002086163
942700000000000000000007,1,920625000,0,-57.5,3.30726257868144,0,0,0.960028015136719,1.63,0,-0.0240000002086163
942700000000000000000004,1,920625000,0,-55.5,3.82881604656256,0,0,0.960028015136719,1.63,0,-0.0240000002086163
942700000000000000000003,1,920625000,0,-55,5.57755414475219,0,0,0.960028015136719,1.63,0,-0.0240000002086163
942700000000000000000004,1,920625000,0,-56,3.86563158547182,0,0,0.960028015136719,1.63,0,-0.0240000002086163
942700000000000000000006,1,920625000,0,-50.5,1.19036909139926,0,0,0.960028015136719,1.63,0,-0.0240000002086163
942700000000000000000005,1,920625000,0,-51.5,2.00031094740288,0,0,0.960028015136719,1.63,0,-0.0240000002086163
942700000000000000000001,1,920625000,0,-55.5,1.52170894158256,0,0,0.960028015136719,1.63,0,-0.0240000002086163
942700000000000000000007,1,920625000,0,-57.5,3.36862181019687,0,0,0.960028015136719,1.63,0,-0.0240000002086163
942700000000000000000008,1,920625000,0,-46.5,5.75549591614693,0,0,0.960028015136719,1.63,0,-0.0240000002086163
942700000000000000000002,1,920625000,0,-55,0.533825314184203,0,0,0.960028015136719,1.63,0,-0.0240000002086163
942700000000000000000003,1,920625000,0,-55,5.48551529747905,0,0,0.960028015136719,1.63,0,-0.0240000002086163
942700000000000000000007,1,920625000,0,-57.5,3.31953442498453,0,0,0.960028015136719,1.63,0,-0.0240000002086163
942700000000000000000001,1,920625000,0,-55.5,1.55852448049181,0,0,0.960028015136719,1.63,0,-0.0240000002086163
942700000000000000000006,1,920625000,0,-51,1.15968947564155,0,0,0.960028015136719,1.63,0,-0.0240000002086163
942700000000000000000005,1,920625000,0,-52,2.02485464000905,0,0,0.960028015136719,1.63,0,-0.0240000002086163
942700000000000000000008,1,920625000,0,-46.5,5.75549591614693,0,0,0.960028015136719,1.63,0,-0.0240000002086163
942700000000000000000004,1,920625000,0,-56,3.86563158547182,0,0,0.960028015136719,1.63,0,-0.0240000002086163
942700000000000000000002,1,920625000,0,-55,0.558369006790373,0,0,0.960028015136719,1.63,0,-0.0240000002086163
942700000000000000000003,1,920625000,0,-55,5.50392306693368,0,0,0.960028015136719,1.63,0,-0.0240000002086163
942700000000000000000006,1,920625000,0,-50.5,1.14128170618692,0,0,0.960028015136719,1.63,0,-0.0240000002086163
942700000000000000000005,1,920625000,0,-52,2.00644687055442,0,0,0.960028015136719,1.63,0,-0.0240000002086163
942700000000000000000008,1,920625000,0,-46.5,5.7370881466923,0,0,0.960028015136719,1.63,0,-0.0240000002086163
942700000000000000000001,1,920625000,0,-55.5,1.55852448049181,0,0,0.960028015136719,1.63,0,-0.0240000002086163
942700000000000000000007,1,920625000,0,-52.5,3.38089365649995,0,0,0.960028015136719,1.63,0,-0.0240000002086163
942700000000000000000002,1,920625000,0,-55,0.564504929941916,0,0,0.960028015136719,1.63,0,-0.0240000002086163
942700000000000000000004,1,920625000,0,-56,3.8349519697141,0,0,0.960028015136719,1.63,0,-0.0240000002086163
942700000000000000000005,1,920625000,0,-52,2.00644687055442,0,0,0.960028015136719,1.63,0,-0.0240000002086163
942700000000000000000002,1,920625000,0,-55.5,0.552233083638831,0,0,0.960028015136719,1.63,0,-0.0240000002086163
942700000000000000000004,1,920625000,0,-55.5,3.89631120122953,0,0,0.960028015136719,1.63,0,-0.0240000002086163
942700000000000000000001,1,920625000,0,-55.5,1.5278448647341,0,0,0.960028015136719,1.63,0,-0.0240000002086163
942700000000000000000008,1,920625000,0,-46.5,5.76163183929847,0,0,0.960028015136719,1.63,0,-0.0240000002086163
942700000000000000000007,1,920625000,0,-57.5,3.33794219443916,0,0,0.960028015136719,1.63,0,-0.0240000002086163
942700000000000000000006,1,920625000,0,-51,1.14741762933846,0,0,0.960028015136719,1.63,0,-0.0240000002086163
942700000000000000000003,1,920625000,0,-54.5,5.52846675953985,0,0,0.960028015136719,1.63,0,-0.0240000002086163
942700000000000000000002,1,920625000,0,-55,0.490873852123405,0,0,0.960028015136719,1.63,0,-0.0240000002086163
942700000000000000000008,1,920625000,0,-46.5,5.76163183929847,0,0,0.960028015136719,1.63,0,-0.0240000002086163
942700000000000000000005,1,920625000,0,-52,2.0187187168575,0,0,0.960028015136719,1.63,0,-0.0240000002086163
942700000000000000000004,1,920625000,0,-55.5,3.76132089189559,0,0,0.960028015136719,1.63,0,-0.0240000002086163
942700000000000000000007,1,920625000,0,-57.5,3.27658296292373,0,0,0.960028015136719,1.63,0,-0.0240000002086163
942700000000000000000001,1,920625000,0,-55.5,1.58306817309798,0,0,0.960028015136719,1.63,0,-0.0240000002086163
942700000000000000000006,1,920625000,0,-50.5,1.14741762933846,0,0,0.960028015136719,1.63,0,-0.0240000002086163
942700000000000000000003,1,920625000,0,-55,5.52846675953985,0,0,0.960028015136719,1.63,0,-0.0240000002086163
942700000000000000000005,1,920625000,0,-52,2.02485464000905,0,0,0.960028015136719,1.63,0,-0.0240000002086163
942700000000000000000004,1,920625000,0,-55.5,3.85335973916873,0,0,0.960028015136719,1.63,0,-0.0240000002086163
942700000000000000000008,1,920625000,0,-46.5,5.75549591614693,0,0,0.960028015136719,1.63,0,-0.0240000002086163
942700000000000000000007,1,920625000,0,-57.5,3.29499073237836,0,0,0.960028015136719,1.63,0,-0.0240000002086163
942700000000000000000001,1,920625000,0,-55,1.55238855734027,0,0,0.960028015136719,1.63,0,-0.0240000002086163
942700000000000000000003,1,920625000,0,-54.5,5.57141822160065,0,0,0.960028015136719,1.63,0,-0.0240000002086163
942700000000000000000002,1,920625000,0,-55,0.466330159517235,0,0,0.960028015136719,1.63,0,-0.0240000002086163
942700000000000000000006,1,920625000,0,-51,1.10446616727766,0,0,0.960028015136719,1.63,0,-0.0240000002086163
942700000000000000000004,1,920625000,0,-55.5,3.79813643080485,0,0,0.960028015136719,1.63,0,-0.0240000002086163
942700000000000000000007,1,920625000,0,-58,3.35021404074224,0,0,0.960028015136719,1.63,0,-0.0240000002086163
942700000000000000000002,1,920625000,0,-55,0.546097160487288,0,0,0.960028015136719,1.63,0,-0.0240000002086163
942700000000000000000005,1,920625000,0,-52,2.0616701789183,0,0,0.960028015136719,1.63,0,-0.0240000002086163
942700000000000000000001,1,920625000,0,-55.5,1.58920409624952,0,0,0.960028015136719,1.63,0,-0.0240000002086163
942700000000000000000008,1,920625000,0,-46.5,5.75549591614693,0,0,0.960028015136719,1.63,0,-0.0240000002086163
942700000000000000000006,1,920625000,0,-50.5,1.13514578303537,0,0,0.960028015136719,1.63,0,-0.0240000002086163
942700000000000000000003,1,920625000,0,-54.5,5.51005899008522,0,0,0.960028015136719,1.63,0,-0.0240000002086163
942700000000000000000005,1,920625000,0,-51.5,2.0187187168575,0,0,0.960028015136719,1.63,0,-0.0240000002086163
942700000000000000000003,1,920625000,0,-55,5.55914637529756,0,0,0.960028015136719,1.63,0,-0.0240000002086163
942700000000000000000001,1,920625000,0,-55.5,1.60761186570415,0,0,0.960028015136719,1.63,0,-0.0240000002086163
942700000000000000000002,1,920625000,0,-55,0.546097160487288,0,0,0.960028015136719,1.63,0,-0.0240000002086163
942700000000000000000008,1,920625000,0,-46,5.76776776245001,0,0,0.960028015136719,1.63,0,-0.0240000002086163
942700000000000000000006,1,920625000,0,-51,1.12900985988383,0,0,0.960028015136719,1.63,0,-0.0240000002086163
942700000000000000000007,1,920625000,0,-58,3.31953442498453,0,0,0.960028015136719,1.63,0,-0.0240000002086163
942700000000000000000004,1,920625000,0,-55.5,3.81654420025948,0,0,0.960028015136719,1.63,0,-0.0240000002086163
