epc,antennaIndex,frequency,time,RSSI,phase,dopplerShift,velocity,x,y,z,angle
100000000000000000000000,1,921125000,0,-47.5,4.98236959905256,0,0,0.580067993164063,1.63,0,-5400.240234375
100000000000000000000003,1,921125000,0,-43.5,2.27029156607075,0,0,0.580067993164063,1.63,0,-5400.240234375
100000000000000000000001,1,921125000,0,-44.5,4.7860200582032,0,0,0.580067993164063,1.63,0,-5400.240234375
100000000000000000000004,1,921125000,0,-49,5.06827252317416,0,0,0.580067993164063,1.63,0,-5400.240234375
100000000000000000000002,1,921125000,0,-41,0.294524311274043,0,0,0.580067993164063,1.63,0,-5400.240234375
100000000000000000000000,1,921125000,0,-47.5,4.97009775274948,0,0,0.580067993164063,1.63,0,-5400.240234375
100000000000000000000003,1,921125000,0,-43,2.28256341237383,0,0,0.580067993164063,1.63,0,-5400.240234375
100000000000000000000004,1,921125000,0,-49,5.08054436947724,0,0,0.580067993164063,1.63,0,-5400.240234375
100000000000000000000001,1,921125000,0,-44.5,4.77988413505166,0,0,0.580067993164063,1.63,0,-5400.240234375
100000000000000000000002,1,921125000,0,-41,0.288388388122501,0,0,0.580067993164063,1.63,0,-5400.240234375
100000000000000000000000,1,921125000,0,-47.5,4.9885055222041,0,0,0.580067993164063,1.63,0,-5400.240234375
100000000000000000000001,1,921125000,0,-44.5,4.77988413505166,0,0,0.580067993164063,1.63,0,-5400.240234375
100000000000000000000002,1,921125000,0,-41,0.282252464970958,0,0,0.580067993164063,1.63,0,-5400.240234375
100000000000000000000004,1,921125000,0,-49,5.03759290741645,0,0,0.580067993164063,1.63,0,-5400.240234375
100000000000000000000003,1,921125000,0,-43,2.30710710498,0,0,0.580067993164063,1.63,0,-5400.240234375
100000000000000000000004,1,921125000,0,-49,5.05600067687107,0,0,0.580067993164063,1.63,0,-5400.240234375
100000000000000000000001,1,921125000,0,-44.5,4.7860200582032,0,0,0.580067993164063,1.63,0,-5400.240234375
100000000000000000000000,1,921125000,0,-47.5,4.98236959905256,0,0,0.580067993164063,1.63,0,-5400.240234375
100000000000000000000002,1,921125000,0,-41,0.269980618667873,0,0,0.580067993164063,1.63,0,-5400.240234375
100000000000000000000003,1,921125000,0,-43,2.29483525867692,0,0,0.580067993164063,1.63,0,-5400.240234375
100000000000000000000003,1,921125000,0,-43,2.30710710498,0,0,0.580067993164063,1.63,0,-5400.240234375
100000000000000000000001,1,921125000,0,-44.5,4.77988413505166,0,0,0.580067993164063,1.63,0,-5400.240234375
100000000000000000000002,1,921125000,0,-41,0.325203927031755,0,0,0.580067993164063,1.63,0,-5400.240234375
100000000000000000000000,1,921125000,0,-47.5,4.96396182959793,0,0,0.580067993164063,1.63,0,-5400.240234375
100000000000000000000004,1,921125000,0,-49.5,5.04372883056799,0,0,0.580067993164063,1.63,0,-5400.240234375
100000000000000000000000,1,921125000,0,-47.5,5.00077736850719,0,0,0.580067993164063,1.63,0,-5400.240234375
100000000000000000000003,1,921125000,0,-43,2.27642748922229,0,0,0.580067993164063,1.63,0,-5400.240234375
100000000000000000000002,1,921125000,0,-41,0.294524311274043,0,0,0.580067993164063,1.63,0,-5400.240234375
100000000000000000000004,1,921125000,0,-49,5.03759290741645,0,0,0.580067993164063,1.63,0,-5400.240234375
100000000000000000000001,1,921125000,0,-44.5,4.79829190450629,0,0,0.580067993164063,1.63,0,-5400.240234375
100000000000000000000002,1,921125000,0,-41,0.276116541819415,0,0,0.580067993164063,1.63,0,-5400.240234375
100000000000000000000001,1,921125000,0,-44.5,4.7860200582032,0,0,0.580067993164063,1.63,0,-5400.240234375
100000000000000000000004,1,921125000,0,-49,5.04372883056799,0,0,0.580067993164063,1.63,0,-5400.240234375
100000000000000000000003,1,921125000,0,-43,2.30710710498,0,0,0.580067993164063,1.63,0,-5400.240234375
100000000000000000000000,1,921125000,0,-47.5,4.97623367590102,0,0,0.580067993164063,1.63,0,-5400.240234375
100000000000000000000002,1,921125000,0,-41,0.294524311274043,0,0,0.580067993164063,1.63,0,-5400.240234375
100000000000000000000003,1,921125000,0,-43.5,2.28869933552538,0,0,0.580067993164063,1.63,0,-5400.240234375
100000000000000000000004,1,921125000,0,-49,5.05600067687107,0,0,0.580067993164063,1.63,0,-5400.240234375
100000000000000000000001,1,921125000,0,-44.5,4.77988413505166,0,0,0.580067993164063,1.63,0,-5400.240234375
100000000000000000000000,1,921125000,0,-47.5,4.96396182959793,0,0,0.580067993164063,1.63,0,-5400.240234375
100000000000000000000000,1,921125000,0,-47.5,4.99464144535565,0,0,0.580067993164063,1.63,0,-5400.240234375
100000000000000000000003,1,921125000,0,-43,2.30097118182846,0,0,0.580067993164063,1.63,0,-5400.240234375
100000000000000000000004,1,921125000,0,-49,5.03759290741645,0,0,0.580067993164063,1.63,0,-5400.240234375
100000000000000000000001,1,921125000,0,-44.5,4.77988413505166,0,0,0.580067993164063,1.63,0,-5400.240234375
100000000000000000000002,1,921125000,0,-41.5,0.294524311274043,0,0,0.580067993164063,1.63,0,-5400.240234375
100000000000000000000001,1,921125000,0,-44.5,4.77988413505166,0,0,0.580067993164063,1.63,0,-5400.240234375
100000000000000000000002,1,921125000,0,-41,0.276116541819415,0,0,0.580067993164063,1.63,0,-5400.240234375
100000000000000000000000,1,921125000,0,-47.5,4.93941813699176,0,0,0.580067993164063,1.63,0,-5400.240234375
100000000000000000000003,1,921125000,0,-43,2.29483525867692,0,0,0.580067993164063,1.63,0,-5400.240234375
100000000000000000000004,1,921125000,0,-49,5.06213660002262,0,0,0.580067993164063,1.63,0,-5400.240234375
100000000000000000000003,1,921125000,0,-43,2.30097118182846,0,0,0.580067993164063,1.63,0,-5400.240234375
100000000000000000000002,1,921125000,0,-41,0.282252464970958,0,0,0.580067993164063,1.63,0,-5400.240234375
100000000000000000000000,1,921125000,0,-47.5,4.95782590644639,0,0,0.580067993164063,1.63,0,-5400.240234375
100000000000000000000001,1,921125000,0,-44.5,4.79215598135474,0,0,0.580067993164063,1.63,0,-5400.240234375
100000000000000000000004,1,921125000,0,-49,5.03759290741645,0,0,0.580067993164063,1.63,0,-5400.240234375
100000000000000000000004,1,921125000,0,-49,5.04372883056799,0,0,0.580067993164063,1.63,0,-5400.240234375
100000000000000000000000,1,921125000,0,-47.5,4.97009775274948,0,0,0.580067993164063,1.63,0,-5400.240234375
100000000000000000000002,1,921125000,0,-41,0.282252464970958,0,0,0.580067993164063,1.63,0,-5400.240234375
100000000000000000000001,1,921125000,0,-44.5,4.79215598135474,0,0,0.580067993164063,1.63,0,-5400.240234375
100000000000000000000003,1,921125000,0,-43,2.30097118182846,0,0,0.580067993164063,1.63,0,-5400.240234375
100000000000000000000002,1,921125000,0,-41,0.269980618667873,0,0,0.580067993164063,1.63,0,-5400.240234375
100000000000000000000004,1,921125000,0,-49,5.06827252317416,0,0,0.580067993164063,1.63,0,-5400.240234375
100000000000000000000000,1,921125000,0,-47.5,4.98236959905256,0,0,0.580067993164063,1.63,0,-5400.240234375
100000000000000000000001,1,921125000,0,-44.5,4.77988413505166,0,0,0.580067993164063,1.63,0,-5400.240234375
100000000000000000000003,1,921125000,0,-43,2.29483525867692,0,0,0.580067993164063,1.63,0,-5400.240234375
100000000000000000000004,1,921125000,0,-49,5.02532106111336,0,0,0.580067993164063,1.63,0,-5400.240234375
100000000000000000000000,1,921125000,0,-47.5,4.97009775274948,0,0,0.580067993164063,1.63,0,-5400.240234375
100000000000000000000003,1,921125000,0,-43,2.28256341237383,0,0,0.580067993164063,1.63,0,-5400.240234375
100000000000000000000001,1,921125000,0,-44.5,4.79829190450629,0,0,0.580067993164063,1.63,0,-5400.240234375
100000000000000000000002,1,921125000,0,-41.5,0.269980618667873,0,0,0.580067993164063,1.63,0,-5400.240234375
100000000000000000000004,1,921125000,0,-49,5.03759290741645,0,0,0.580067993164063,1.63,0,-5400.240234375
100000000000000000000003,1,921125000,0,-43,2.28256341237383,0,0,0.580067993164063,1.63,0,-5400.240234375
100000000000000000000002,1,921125000,0,-41,0.276116541819415,0,0,0.580067993164063,1.63,0,-5400.240234375
100000000000000000000001,1,921125000,0,-44.5,4.7860200582032,0,0,0.580067993164063,1.63,0,-5400.240234375
100000000000000000000000,1,921125000,0,-47.5,4.96396182959793,0,0,0.580067993164063,1.63,0,-5400.240234375
100000000000000000000003,1,921125000,0,-43,2.30097118182846,0,0,0.580067993164063,1.63,0,-5400.240234375
100000000000000000000004,1,921125000,0,-49,5.04372883056799,0,0,0.580067993164063,1.63,0,-5400.240234375
100000000000000000000002,1,921125000,0,-41,0.288388388122501,0,0,0.580067993164063,1.63,0,-5400.240234375
100000000000000000000001,1,921125000,0,-44.5,4.77988413505166,0,0,0.580067993164063,1.63,0,-5400.240234375
100000000000000000000000,1,921125000,0,-47.5,4.94555406014331,0,0,0.580067993164063,1.63,0,-5400.240234375
100000000000000000000002,1,921125000,0,-41.5,0.294524311274043,0,0,0.580067993164063,1.63,0,-5400.240234375
100000000000000000000004,1,921125000,0,-49,5.0314569842649,0,0,0.580067993164063,1.63,0,-5400.240234375
100000000000000000000000,1,921125000,0,-47.5,4.97623367590102,0,0,0.580067993164063,1.63,0,-5400.240234375
100000000000000000000001,1,921125000,0,-44.5,4.80442782765783,0,0,0.580067993164063,1.63,0,-5400.240234375
100000000000000000000003,1,921125000,0,-43.5,2.28869933552538,0,0,0.580067993164063,1.63,0,-5400.240234375
100000000000000000000003,1,921125000,0,-43.5,2.30710710498,0,0,0.580067993164063,1.63,0,-5400.240234375
100000000000000000000004,1,921125000,0,-49,5.03759290741645,0,0,0.580067993164063,1.63,0,-5400.240234375
100000000000000000000001,1,921125000,0,-44.5,4.76761228874857,0,0,0.580067993164063,1.63,0,-5400.240234375
100000000000000000000000,1,921125000,0,-47.5,4.94555406014331,0,0,0.580067993164063,1.63,0,-5400.240234375
100000000000000000000002,1,921125000,0,-41,0.294524311274043,0,0,0.580067993164063,1.63,0,-5400.240234375
100000000000000000000002,1,921125000,0,-41.5,0.319068003880213,0,0,0.580067993164063,1.63,0,-5400.240234375
100000000000000000000004,1,921125000,0,-49,5.01918513796182,0,0,0.580067993164063,1.63,0,-5400.240234375
100000000000000000000003,1,921125000,0,-43,2.31324302813155,0,0,0.580067993164063,1.63,0,-5400.240234375
100000000000000000000001,1,921125000,0,-44.5,4.75534044244549,0,0,0.580067993164063,1.63,0,-5400.240234375
100000000000000000000000,1,921125000,0,-47.5,4.96396182959793,0,0,0.580067993164063,1.63,0,-5400.240234375
100000000000000000000002,1,921125000,0,-41,0.300660234425585,0,0,0.580067993164063,1.63,0,-5400.240234375
100000000000000000000000,1,921125000,0,-47.5,4.95168998329485,0,0,0.580067993164063,1.63,0,-5400.240234375
100000000000000000000003,1,921125000,0,-43,2.28869933552538,0,0,0.580067993164063,1.63,0,-5400.240234375
100000000000000000000001,1,921125000,0,-44.5,4.7860200582032,0,0,0.580067993164063,1.63,0,-5400.240234375
100000000000000000000004,1,921125000,0,-49,5.06213660002262,0,0,0.580067993164063,1.63,0,-5400.240234375
100000000000000000000003,1,921125000,0,-43.5,2.31324302813155,0,0,0.580067993164063,1.63,0,-5400.240234375
100000000000000000000001,1,921125000,0,-44.5,4.79829190450629,0,0,0.580067993164063,1.63,0,-5400.240234375
100000000000000000000002,1,921125000,0,-41,0.269980618667873,0,0,0.580067993164063,1.63,0,-5400.240234375
100000000000000000000000,1,921125000,0,-47.5,4.93941813699176,0,0,0.580067993164063,1.63,0,-5400.240234375
100000000000000000000004,1,921125000,0,-49,5.04986475371953,0,0,0.580067993164063,1.63,0,-5400.240234375
100000000000000000000000,1,921125000,0,-47.5,4.95168998329485,0,0,0.580067993164063,1.63,0,-5400.240234375
100000000000000000000002,1,921125000,0,-41.5,0.282252464970958,0,0,0.580067993164063,1.63,0,-5400.240234375
100000000000000000000003,1,921125000,0,-43.5,2.30097118182846,0,0,0.580067993164063,1.63,0,-5400.240234375
100000000000000000000004,1,921125000,0,-49,5.04372883056799,0,0,0.580067993164063,1.63,0,-5400.240234375
100000000000000000000001,1,921125000,0,-44.5,4.77988413505166,0,0,0.580067993164063,1.63,0,-5400.240234375
100000000000000000000000,1,921125000,0,-47.5,4.97009775274948,0,0,0.580067993164063,1.63,0,-5400.240234375
100000000000000000000004,1,921125000,0,-49,5.03759290741645,0,0,0.580067993164063,1.63,0,-5400.240234375
100000000000000000000001,1,921125000,0,-44.5,4.80442782765783,0,0,0.580067993164063,1.63,0,-5400.240234375
100000000000000000000002,1,921125000,0,-41,0.319068003880213,0,0,0.580067993164063,1.63,0,-5400.240234375
100000000000000000000003,1,921125000,0,-43.5,2.30097118182846,0,0,0.580067993164063,1.63,0,-5400.240234375
100000000000000000000004,1,921125000,0,-49,5.04986475371953,0,0,0.580067993164063,1.63,0,-5400.240234375
100000000000000000000003,1,921125000,0,-43.5,2.29483525867692,0,0,0.580067993164063,1.63,0,-5400.240234375
100000000000000000000001,1,921125000,0,-44.5,4.79215598135474,0,0,0.580067993164063,1.63,0,-5400.240234375
100000000000000000000000,1,921125000,0,-47.5,4.95168998329485,0,0,0.580067993164063,1.63,0,-5400.240234375
100000000000000000000002,1,921125000,0,-41,0.300660234425585,0,0,0.580067993164063,1.63,0,-5400.240234375
100000000000000000000001,1,921125000,0,-44.5,4.79829190450629,0,0,0.580067993164063,1.63,0,-5400.240234375
100000000000000000000002,1,921125000,0,-41.5,0.288388388122501,0,0,0.580067993164063,1.63,0,-5400.240234375
100000000000000000000000,1,921125000,0,-47.5,4.93941813699176,0,0,0.580067993164063,1.63,0,-5400.240234375
100000000000000000000003,1,921125000,0,-43.5,2.30710710498,0,0,0.580067993164063,1.63,0,-5400.240234375
100000000000000000000004,1,921125000,0,-49,5.04372883056799,0,0,0.580067993164063,1.63,0,-5400.240234375
100000000000000000000001,1,921125000,0,-44.5,4.79215598135474,0,0,0.580067993164063,1.63,0,-5400.240234375
100000000000000000000000,1,921125000,0,-47.5,4.96396182959793,0,0,0.580067993164063,1.63,0,-5400.240234375
100000000000000000000002,1,921125000,0,-41,0.306796157577129,0,0,0.580067993164063,1.63,0,-5400.240234375
100000000000000000000003,1,921125000,0,-43.5,2.29483525867692,0,0,0.580067993164063,1.63,0,-5400.240234375
100000000000000000000004,1,921125000,0,-49,5.04986475371953,0,0,0.580067993164063,1.63,0,-5400.240234375
100000000000000000000000,1,921125000,0,-47.5,4.94555406014331,0,0,0.580067993164063,1.63,0,-5400.240234375
100000000000000000000001,1,921125000,0,-44.5,4.7860200582032,0,0,0.580067993164063,1.63,0,-5400.240234375
100000000000000000000003,1,921125000,0,-43,2.30710710498,0,0,0.580067993164063,1.63,0,-5400.240234375
100000000000000000000002,1,921125000,0,-41.5,0.276116541819415,0,0,0.580067993164063,1.63,0,-5400.240234375
100000000000000000000004,1,921125000,0,-49,5.08054436947724,0,0,0.580067993164063,1.63,0,-5400.240234375
100000000000000000000000,1,921125000,0,-47.5,4.92714629068868,0,0,0.580067993164063,1.63,0,-5400.240234375
100000000000000000000001,1,921125000,0,-44.5,4.79829190450629,0,0,0.580067993164063,1.63,0,-5400.240234375
100000000000000000000002,1,921125000,0,-41.5,0.312932080728671,0,0,0.580067993164063,1.63,0,-5400.240234375
100000000000000000000004,1,921125000,0,-49,5.01918513796182,0,0,0.580067993164063,1.63,0,-5400.240234375
100000000000000000000003,1,921125000,0,-43.5,2.27029156607075,0,0,0.580067993164063,1.63,0,-5400.240234375
100000000000000000000004,1,921125000,0,-49,5.04372883056799,0,0,0.580067993164063,1.63,0,-5400.240234375
100000000000000000000003,1,921125000,0,-43.5,2.28256341237383,0,0,0.580067993164063,1.63,0,-5400.240234375
100000000000000000000000,1,921125000,0,-47.5,4.97009775274948,0,0,0.580067993164063,1.63,0,-5400.240234375
100000000000000000000001,1,921125000,0,-44.5,4.7860200582032,0,0,0.580067993164063,1.63,0,-5400.240234375
100000000000000000000002,1,921125000,0,-41,0.276116541819415,0,0,0.580067993164063,1.63,0,-5400.240234375
100000000000000000000004,1,921125000,0,-49,5.05600067687107,0,0,0.580067993164063,1.63,0,-5400.240234375
100000000000000000000002,1,921125000,0,-41.5,0.276116541819415,0,0,0.580067993164063,1.63,0,-5400.240234375
100000000000000000000000,1,921125000,0,-47.5,4.93941813699176,0,0,0.580067993164063,1.63,0,-5400.240234375
100000000000000000000001,1,921125000,0,-44.5,4.76147636559703,0,0,0.580067993164063,1.63,0,-5400.240234375
100000000000000000000003,1,921125000,0,-43.5,2.28869933552538,0,0,0.580067993164063,1.63,0,-5400.240234375
100000000000000000000002,1,921125000,0,-41,0.294524311274043,0,0,0.580067993164063,1.63,0,-5400.240234375
100000000000000000000004,1,921125000,0,-49,5.03759290741645,0,0,0.580067993164063,1.63,0,-5400.240234375
100000000000000000000003,1,921125000,0,-43,2.29483525867692,0,0,0.580067993164063,1.63,0,-5400.240234375
100000000000000000000000,1,921125000,0,-47.5,4.95168998329485,0,0,0.580067993164063,1.63,0,-5400.240234375
100000000000000000000001,1,921125000,0,-44.5,4.7860200582032,0,0,0.580067993164063,1.63,0,-5400.240234375
100000000000000000000003,1,921125000,0,-43,2.28256341237383,0,0,0.580067993164063,1.63,0,-5400.240234375
100000000000000000000000,1,921125000,0,-47.5,4.95168998329485,0,0,0.580067993164063,1.63,0,-5400.240234375
100000000000000000000001,1,921125000,0,-44.5,4.7860200582032,0,0,0.580067993164063,1.63,0,-5400.240234375
100000000000000000000004,1,921125000,0,-49.5,5.03759290741645,0,0,0.580067993164063,1.63,0,-5400.240234375
100000000000000000000002,1,921125000,0,-41,0.288388388122501,0,0,0.580067993164063,1.63,0,-5400.240234375
100000000000000000000000,1,921125000,0,-47,4.94555406014331,0,0,0.580067993164063,1.63,0,-5400.240234375
100000000000000000000003,1,921125000,0,-43,2.27642748922229,0,0,0.580067993164063,1.63,0,-5400.240234375
100000000000000000000004,1,921125000,0,-49,5.03759290741645,0,0,0.580067993164063,1.63,0,-5400.240234375
100000000000000000000001,1,921125000,0,-44.5,4.76147636559703,0,0,0.580067993164063,1.63,0,-5400.240234375
100000000000000000000002,1,921125000,0,-41.5,0.306796157577129,0,0,0.580067993164063,1.63,0,-5400.240234375
100000000000000000000004,1,921125000,0,-49,5.04372883056799,0,0,0.580067993164063,1.63,0,-5400.240234375
100000000000000000000001,1,921125000,0,-44.5,4.79829190450629,0,0,0.580067993164063,1.63,0,-5400.240234375
100000000000000000000002,1,921125000,0,-41.5,0.300660234425585,0,0,0.580067993164063,1.63,0,-5400.240234375
100000000000000000000000,1,921125000,0,-47.5,4.93941813699176,0,0,0.580067993164063,1.63,0,-5400.240234375
100000000000000000000003,1,921125000,0,-43,2.29483525867692,0,0,0.580067993164063,1.63,0,-5400.240234375
100000000000000000000004,1,921125000,0,-49,5.0314569842649,0,0,0.580067993164063,1.63,0,-5400.240234375
100000000000000000000002,1,921125000,0,-41.5,0.276116541819415,0,0,0.580067993164063,1.63,0,-5400.240234375
100000000000000000000003,1,921125000,0,-43,2.28256341237383,0,0,0.580067993164063,1.63,0,-5400.240234375
100000000000000000000001,1,921125000,0,-44.5,4.7860200582032,0,0,0.580067993164063,1.63,0,-5400.240234375
100000000000000000000000,1,921125000,0,-47.5,4.93941813699176,0,0,0.580067993164063,1.63,0,-5400.240234375
100000000000000000000004,1,921125000,0,-49,5.06213660002262,0,0,0.580067993164063,1.63,0,-5400.240234375
100000000000000000000003,1,921125000,0,-43,2.30097118182846,0,0,0.580067993164063,1.63,0,-5400.240234375
100000000000000000000000,1,921125000,0,-47.5,4.97623367590102,0,0,0.580067993164063,1.63,0,-5400.240234375
100000000000000000000001,1,921125000,0,-44.5,4.79215598135474,0,0,0.580067993164063,1.63,0,-5400.240234375
100000000000000000000002,1,921125000,0,-41,0.282252464970958,0,0,0.580067993164063,1.63,0,-5400.240234375
100000000000000000000000,1,921125000,0,-47.5,4.96396182959793,0,0,0.580067993164063,1.63,0,-5400.240234375
100000000000000000000002,1,921125000,0,-41,0.300660234425585,0,0,0.580067993164063,1.63,0,-5400.240234375
100000000000000000000003,1,921125000,0,-43.5,2.30097118182846,0,0,0.580067993164063,1.63,0,-5400.240234375
100000000000000000000001,1,921125000,0,-44.5,4.81056375080937,0,0,0.580067993164063,1.63,0,-5400.240234375
100000000000000000000004,1,921125000,0,-49,5.02532106111336,0,0,0.580067993164063,1.63,0,-5400.240234375
100000000000000000000004,1,921125000,0,-49,5.08054436947724,0,0,0.580067993164063,1.63,0,-5400.240234375
100000000000000000000002,1,921125000,0,-41,0.288388388122501,0,0,0.580067993164063,1.63,0,-5400.240234375
100000000000000000000003,1,921125000,0,-43.5,2.28256341237383,0,0,0.580067993164063,1.63,0,-5400.240234375
100000000000000000000001,1,921125000,0,-44.5,4.74920451929395,0,0,0.580067993164063,1.63,0,-5400.240234375
100000000000000000000000,1,921125000,0,-47.5,4.95782590644639,0,0,0.580067993164063,1.63,0,-5400.240234375
100000000000000000000000,1,921125000,0,-47.5,4.94555406014331,0,0,0.580067993164063,1.63,0,-5400.240234375
100000000000000000000002,1,921125000,0,-41,0.294524311274043,0,0,0.580067993164063,1.63,0,-5400.240234375
100000000000000000000004,1,921125000,0,-49,5.04986475371953,0,0,0.580067993164063,1.63,0,-5400.240234375
100000000000000000000001,1,921125000,0,-44.5,4.79215598135474,0,0,0.580067993164063,1.63,0,-5400.240234375
100000000000000000000003,1,921125000,0,-43,2.30710710498,0,0,0.580067993164063,1.63,0,-5400.240234375
100000000000000000000003,1,921125000,0,-43.5,2.28869933552538,0,0,0.580067993164063,1.63,0,-5400.240234375
100000000000000000000001,1,921125000,0,-44.5,4.79215598135474,0,0,0.580067993164063,1.63,0,-5400.240234375
100000000000000000000004,1,921125000,0,-49,5.0314569842649,0,0,0.580067993164063,1.63,0,-5400.240234375
100000000000000000000002,1,921125000,0,-41,0.288388388122501,0,0,0.580067993164063,1.63,0,-5400.240234375
100000000000000000000000,1,921125000,0,-47.5,4.95782590644639,0,0,0.580067993164063,1.63,0,-5400.240234375
100000000000000000000000,1,921125000,0,-47.5,4.9885055222041,0,0,0.580067993164063,1.63,0,-5400.240234375
100000000000000000000004,1,921125000,0,-49,5.0314569842649,0,0,0.580067993164063,1.63,0,-5400.240234375
100000000000000000000001,1,921125000,0,-44.5,4.7860200582032,0,0,0.580067993164063,1.63,0,-5400.240234375
100000000000000000000002,1,921125000,0,-41.5,0.300660234425585,0,0,0.580067993164063,1.63,0,-5400.240234375
100000000000000000000003,1,921125000,0,-43,2.30097118182846,0,0,0.580067993164063,1.63,0,-5400.240234375
100000000000000000000000,1,921125000,0,-47.5,4.96396182959793,0,0,0.580067993164063,1.63,0,-5400.240234375
100000000000000000000004,1,921125000,0,-49,5.05600067687107,0,0,0.580067993164063,1.63,0,-5400.240234375
100000000000000000000001,1,921125000,0,-44.5,4.80442782765783,0,0,0.580067993164063,1.63,0,-5400.240234375
100000000000000000000002,1,921125000,0,-41.5,0.288388388122501,0,0,0.580067993164063,1.63,0,-5400.240234375
100000000000000000000003,1,921125000,0,-43,2.31324302813155,0,0,0.580067993164063,1.63,0,-5400.240234375
100000000000000000000001,1,921125000,0,-44.5,4.7860200582032,0,0,0.580067993164063,1.63,0,-5400.240234375
100000000000000000000004,1,921125000,0,-49,5.06213660002262,0,0,0.580067993164063,1.63,0,-5400.240234375
100000000000000000000002,1,921125000,0,-41,0.288388388122501,0,0,0.580067993164063,1.63,0,-5400.240234375
100000000000000000000003,1,921125000,0,-43.5,2.29483525867692,0,0,0.580067993164063,1.63,0,-5400.240234375
100000000000000000000000,1,921125000,0,-47.5,4.96396182959793,0,0,0.580067993164063,1.63,0,-5400.240234375
100000000000000000000002,1,921125000,0,-41,0.300660234425585,0,0,0.580067993164063,1.63,0,-5400.240234375
100000000000000000000000,1,921125000,0,-47.5,4.95782590644639,0,0,0.580067993164063,1.63,0,-5400.240234375
100000000000000000000001,1,921125000,0,-44.5,4.79215598135474,0,0,0.580067993164063,1.63,0,-5400.240234375
100000000000000000000004,1,921125000,0,-49,5.04986475371953,0,0,0.580067993164063,1.63,0,-5400.240234375
100000000000000000000003,1,921125000,0,-43,2.30710710498,0,0,0.580067993164063,1.63,0,-5400.240234375
100000000000000000000001,1,921125000,0,-44.5,4.77374821190012,0,0,0.580067993164063,1.63,0,-5400.240234375
100000000000000000000004,1,921125000,0,-49.5,5.03759290741645,0,0,0.580067993164063,1.63,0,-5400.240234375
100000000000000000000000,1,921125000,0,-47.5,4.94555406014331,0,0,0.580067993164063,1.63,0,-5400.240234375
100000000000000000000002,1,921125000,0,-41,0.319068003880213,0,0,0.580067993164063,1.63,0,-5400.240234375
100000000000000000000003,1,921125000,0,-43,2.28256341237383,0,0,0.580067993164063,1.63,0,-5400.240234375
100000000000000000000000,1,921125000,0,-47.5,4.94555406014331,0,0,0.580067993164063,1.63,0,-5400.240234375
100000000000000000000003,1,921125000,0,-43,2.27642748922229,0,0,0.580067993164063,1.63,0,-5400.240234375
100000000000000000000002,1,921125000,0,-41,0.276116541819415,0,0,0.580067993164063,1.63,0,-5400.240234375
100000000000000000000001,1,921125000,0,-44.5,4.81669967396091,0,0,0.580067993164063,1.63,0,-5400.240234375
100000000000000000000004,1,921125000,0,-49,5.06213660002262,0,0,0.580067993164063,1.63,0,-5400.240234375
100000000000000000000003,1,921125000,0,-43,2.28869933552538,0,0,0.580067993164063,1.63,0,-5400.240234375
100000000000000000000002,1,921125000,0,-41.5,0.312932080728671,0,0,0.580067993164063,1.63,0,-5400.240234375
100000000000000000000001,1,921125000,0,-44.5,4.77374821190012,0,0,0.580067993164063,1.63,0,-5400.240234375
100000000000000000000000,1,921125000,0,-47.5,4.92101036753714,0,0,0.580067993164063,1.63,0,-5400.240234375
100000000000000000000004,1,921125000,0,-49,5.04986475371953,0,0,0.580067993164063,1.63,0,-5400.240234375
100000000000000000000004,1,921125000,0,-49,5.04372883056799,0,0,0.580067993164063,1.63,0,-5400.240234375
100000000000000000000003,1,921125000,0,-43,2.29483525867692,0,0,0.580067993164063,1.63,0,-5400.240234375
100000000000000000000000,1,921125000,0,-47.5,4.95168998329485,0,0,0.580067993164063,1.63,0,-5400.240234375
100000000000000000000001,1,921125000,0,-44.5,4.80442782765783,0,0,0.580067993164063,1.63,0,-5400.240234375
100000000000000000000002,1,921125000,0,-41.5,0.300660234425585,0,0,0.580067993164063,1.63,0,-5400.240234375
100000000000000000000004,1,921125000,0,-49,5.06213660002262,0,0,0.580067993164063,1.63,0,-5400.240234375
100000000000000000000002,1,921125000,0,-41,0.294524311274043,0,0,0.580067993164063,1.63,0,-5400.240234375
100000000000000000000000,1,921125000,0,-47.5,4.94555406014331,0,0,0.580067993164063,1.63,0,-5400.240234375
100000000000000000000001,1,921125000,0,-44.5,4.80442782765783,0,0,0.580067993164063,1.63,0,-5400.240234375
100000000000000000000003,1,921125000,0,-43,2.29483525867692,0,0,0.580067993164063,1.63,0,-5400.240234375
100000000000000000000000,1,921125000,0,-47.5,4.9885055222041,0,0,0.580067993164063,1.63,0,-5400.240234375
100000000000000000000001,1,921125000,0,-44.5,4.80442782765783,0,0,0.580067993164063,1.63,0,-5400.240234375
100000000000000000000002,1,921125000,0,-41,0.294524311274043,0,0,0.580067993164063,1.63,0,-5400.240234375
100000000000000000000003,1,921125000,0,-43,2.30097118182846,0,0,0.580067993164063,1.63,0,-5400.240234375
100000000000000000000004,1,921125000,0,-49.5,5.05600067687107,0,0,0.580067993164063,1.63,0,-5400.240234375
100000000000000000000002,1,921125000,0,-41,0.306796157577129,0,0,0.580067993164063,1.63,0,-5400.240234375
100000000000000000000001,1,921125000,0,-44.5,4.77988413505166,0,0,0.580067993164063,1.63,0,-5400.240234375
100000000000000000000003,1,921125000,0,-43,2.28256341237383,0,0,0.580067993164063,1.63,0,-5400.240234375
100000000000000000000000,1,921125000,0,-47.5,4.98236959905256,0,0,0.580067993164063,1.63,0,-5400.240234375
100000000000000000000004,1,921125000,0,-49,5.08054436947724,0,0,0.580067993164063,1.63,0,-5400.240234375
100000000000000000000002,1,921125000,0,-41,0.269980618667873,0,0,0.580067993164063,1.63,0,-5400.240234375
100000000000000000000000,1,921125000,0,-47.5,4.89646667493097,0,0,0.580067993164063,1.63,0,-5400.240234375
100000000000000000000004,1,921125000,0,-49,5.08054436947724,0,0,0.580067993164063,1.63,0,-5400.240234375
100000000000000000000001,1,921125000,0,-44.5,4.77374821190012,0,0,0.580067993164063,1.63,0,-5400.240234375
100000000000000000000003,1,921125000,0,-43.5,2.30710710498,0,0,0.580067993164063,1.63,0,-5400.240234375
100000000000000000000002,1,921125000,0,-41,0.300660234425585,0,0,0.580067993164063,1.63,0,-5400.240234375
100000000000000000000004,1,921125000,0,-49,5.05600067687107,0,0,0.580067993164063,1.63,0,-5400.240234375
100000000000000000000001,1,921125000,0,-44.5,4.77988413505166,0,0,0.580067993164063,1.63,0,-5400.240234375
100000000000000000000000,1,921125000,0,-47.5,4.92101036753714,0,0,0.580067993164063,1.63,0,-5400.240234375
100000000000000000000003,1,921125000,0,-43,2.28256341237383,0,0,0.580067993164063,1.63,0,-5400.240234375
100000000000000000000000,1,921125000,0,-47.5,4.97623367590102,0,0,0.580067993164063,1.63,0,-5400.240234375
100000000000000000000001,1,921125000,0,-44.5,4.7860200582032,0,0,0.580067993164063,1.63,0,-5400.240234375
100000000000000000000003,1,921125000,0,-43,2.28869933552538,0,0,0.580067993164063,1.63,0,-5400.240234375
100000000000000000000004,1,921125000,0,-49,5.06213660002262,0,0,0.580067993164063,1.63,0,-5400.240234375
100000000000000000000002,1,921125000,0,-41.5,0.294524311274043,0,0,0.580067993164063,1.63,0,-5400.240234375
100000000000000000000003,1,921125000,0,-43,2.28869933552538,0,0,0.580067993164063,1.63,0,-5400.240234375
100000000000000000000001,1,921125000,0,-44.5,4.76761228874857,0,0,0.580067993164063,1.63,0,-5400.240234375
100000000000000000000000,1,921125000,0,-47.5,4.96396182959793,0,0,0.580067993164063,1.63,0,-5400.240234375
100000000000000000000002,1,921125000,0,-41,0.306796157577129,0,0,0.580067993164063,1.63,0,-5400.240234375
100000000000000000000004,1,921125000,0,-49,5.06213660002262,0,0,0.580067993164063,1.63,0,-5400.240234375
100000000000000000000000,1,921125000,0,-47.5,4.97009775274948,0,0,0.580067993164063,1.63,0,-5400.240234375
100000000000000000000002,1,921125000,0,-41.5,0.306796157577129,0,0,0.580067993164063,1.63,0,-5400.240234375
100000000000000000000003,1,921125000,0,-43,2.29483525867692,0,0,0.580067993164063,1.63,0,-5400.240234375
100000000000000000000001,1,921125000,0,-44.5,4.79215598135474,0,0,0.580067993164063,1.63,0,-5400.240234375
100000000000000000000004,1,921125000,0,-49,5.06827252317416,0,0,0.580067993164063,1.63,0,-5400.240234375
100000000000000000000000,1,921125000,0,-47.5,4.97009775274948,0,0,0.580067993164063,1.63,0,-5400.240234375
100000000000000000000004,1,921125000,0,-49,5.06827252317416,0,0,0.580067993164063,1.63,0,-5400.240234375
100000000000000000000001,1,921125000,0,-44.5,4.79829190450629,0,0,0.580067993164063,1.63,0,-5400.240234375
100000000000000000000002,1,921125000,0,-41,0.300660234425585,0,0,0.580067993164063,1.63,0,-5400.240234375
100000000000000000000003,1,921125000,0,-43.5,2.31324302813155,0,0,0.580067993164063,1.63,0,-5400.240234375
100000000000000000000002,1,921125000,0,-41,0.294524311274043,0,0,0.580067993164063,1.63,0,-5400.240234375
100000000000000000000003,1,921125000,0,-43.5,2.30097118182846,0,0,0.580067993164063,1.63,0,-5400.240234375
100000000000000000000004,1,921125000,0,-49,5.02532106111336,0,0,0.580067993164063,1.63,0,-5400.240234375
100000000000000000000001,1,921125000,0,-44.5,4.79215598135474,0,0,0.580067993164063,1.63,0,-5400.240234375
100000000000000000000000,1,921125000,0,-47.5,4.97009775274948,0,0,0.580067993164063,1.63,0,-5400.240234375
100000000000000000000000,1,921125000,0,-47.5,4.95168998329485,0,0,0.580067993164063,1.63,0,-5400.240234375
100000000000000000000001,1,921125000,0,-44.5,4.7860200582032,0,0,0.580067993164063,1.63,0,-5400.240234375
100000000000000000000003,1,921125000,0,-43,2.28869933552538,0,0,0.580067993164063,1.63,0,-5400.240234375
100000000000000000000002,1,921125000,0,-41.5,0.269980618667873,0,0,0.580067993164063,1.63,0,-5400.240234375
100000000000000000000004,1,921125000,0,-49,5.0744084463257,0,0,0.580067993164063,1.63,0,-5400.240234375
100000000000000000000000,1,921125000,0,-47.5,4.97009775274948,0,0,0.580067993164063,1.63,0,-5400.240234375
100000000000000000000001,1,921125000,0,-44.5,4.7860200582032,0,0,0.580067993164063,1.63,0,-5400.240234375
100000000000000000000003,1,921125000,0,-43.5,2.30097118182846,0,0,0.580067993164063,1.63,0,-5400.240234375
100000000000000000000002,1,921125000,0,-41,0.294524311274043,0,0,0.580067993164063,1.63,0,-5400.240234375
100000000000000000000004,1,921125000,0,-49,5.04372883056799,0,0,0.580067993164063,1.63,0,-5400.240234375
100000000000000000000003,1,921125000,0,-43,2.29483525867692,0,0,0.580067993164063,1.63,0,-5400.240234375
100000000000000000000002,1,921125000,0,-41,0.300660234425585,0,0,0.580067993164063,1.63,0,-5400.240234375
100000000000000000000004,1,921125000,0,-49,5.08668029262879,0,0,0.580067993164063,1.63,0,-5400.240234375
100000000000000000000001,1,921125000,0,-44.5,4.77988413505166,0,0,0.580067993164063,1.63,0,-5400.240234375
100000000000000000000000,1,921125000,0,-47.5,4.95782590644639,0,0,0.580067993164063,1.63,0,-5400.240234375
100000000000000000000001,1,921125000,0,-44.5,4.79215598135474,0,0,0.580067993164063,1.63,0,-5400.240234375
100000000000000000000002,1,921125000,0,-41.5,0.312932080728671,0,0,0.580067993164063,1.63,0,-5400.240234375
100000000000000000000003,1,921125000,0,-43.5,2.28869933552538,0,0,0.580067993164063,1.63,0,-5400.240234375
100000000000000000000004,1,921125000,0,-49,5.06213660002262,0,0,0.580067993164063,1.63,0,-5400.240234375
100000000000000000000000,1,921125000,0,-47.5,4.96396182959793,0,0,0.580067993164063,1.63,0,-5400.240234375
100000000000000000000004,1,921125000,0,-49.5,5.04986475371953,0,0,0.580067993164063,1.63,0,-5400.240234375
100000000000000000000000,1,921125000,0,-47.5,4.9885055222041,0,0,0.580067993164063,1.63,0,-5400.240234375
100000000000000000000002,1,921125000,0,-41.5,0.300660234425585,0,0,0.580067993164063,1.63,0,-5400.240234375
100000000000000000000001,1,921125000,0,-44.5,4.80442782765783,0,0,0.580067993164063,1.63,0,-5400.240234375
100000000000000000000003,1,921125000,0,-43,2.29483525867692,0,0,0.580067993164063,1.63,0,-5400.240234375
100000000000000000000001,1,921125000,0,-44.5,4.81669967396091,0,0,0.580067993164063,1.63,0,-5400.240234375
100000000000000000000002,1,921125000,0,-41.5,0.312932080728671,0,0,0.580067993164063,1.63,0,-5400.240234375
100000000000000000000003,1,921125000,0,-43,2.29483525867692,0,0,0.580067993164063,1.63,0,-5400.240234375
100000000000000000000004,1,921125000,0,-49,5.04372883056799,0,0,0.580067993164063,1.63,0,-5400.240234375
100000000000000000000000,1,921125000,0,-47.5,4.95782590644639,0,0,0.580067993164063,1.63,0,-5400.240234375
100000000000000000000000,1,921125000,0,-47.5,4.97009775274948,0,0,0.580067993164063,1.63,0,-5400.240234375
100000000000000000000003,1,921125000,0,-43,2.30710710498,0,0,0.580067993164063,1.63,0,-5400.240234375
100000000000000000000002,1,921125000,0,-41,0.276116541819415,0,0,0.580067993164063,1.63,0,-5400.240234375
100000000000000000000004,1,921125000,0,-49,5.08668029262879,0,0,0.580067993164063,1.63,0,-5400.240234375
100000000000000000000001,1,921125000,0,-44.5,4.828971520264,0,0,0.580067993164063,1.63,0,-5400.240234375
100000000000000000000000,1,921125000,0,-47.5,4.96396182959793,0,0,0.580067993164063,1.63,0,-5400.240234375
100000000000000000000001,1,921125000,0,-44.5,4.77374821190012,0,0,0.580067993164063,1.63,0,-5400.240234375
100000000000000000000003,1,921125000,0,-43.5,2.28869933552538,0,0,0.580067993164063,1.63,0,-5400.240234375
100000000000000000000004,1,921125000,0,-49,5.06213660002262,0,0,0.580067993164063,1.63,0,-5400.240234375
100000000000000000000002,1,921125000,0,-41,0.306796157577129,0,0,0.580067993164063,1.63,0,-5400.240234375
100000000000000000000003,1,921125000,0,-43,2.31324302813155,0,0,0.580067993164063,1.63,0,-5400.240234375
100000000000000000000004,1,921125000,0,-49,5.05600067687107,0,0,0.580067993164063,1.63,0,-5400.240234375
100000000000000000000001,1,921125000,0,-44.5,4.77374821190012,0,0,0.580067993164063,1.63,0,-5400.240234375
100000000000000000000002,1,921125000,0,-41.5,0.294524311274043,0,0,0.580067993164063,1.63,0,-5400.240234375
100000000000000000000000,1,921125000,0,-47.5,4.97623367590102,0,0,0.580067993164063,1.63,0,-5400.240234375
100000000000000000000004,1,921125000,0,-49.5,5.04986475371953,0,0,0.580067993164063,1.63,0,-5400.240234375
100000000000000000000000,1,921125000,0,-47.5,4.97009775274948,0,0,0.580067993164063,1.63,0,-5400.240234375
100000000000000000000002,1,921125000,0,-41.5,0.306796157577129,0,0,0.580067993164063,1.63,0,-5400.240234375
100000000000000000000001,1,921125000,0,-44.5,4.80442782765783,0,0,0.580067993164063,1.63,0,-5400.240234375
100000000000000000000003,1,921125000,0,-43.5,2.30097118182846,0,0,0.580067993164063,1.63,0,-5400.240234375
100000000000000000000004,1,921125000,0,-49.5,5.06827252317416,0,0,0.580067993164063,1.63,0,-5400.240234375
100000000000000000000001,1,921125000,0,-44.5,4.7860200582032,0,0,0.580067993164063,1.63,0,-5400.240234375
100000000000000000000003,1,921125000,0,-43.5,2.28869933552538,0,0,0.580067993164063,1.63,0,-5400.240234375
100000000000000000000000,1,921125000,0,-47.5,4.97623367590102,0,0,0.580067993164063,1.63,0,-5400.240234375
100000000000000000000002,1,921125000,0,-41,0.306796157577129,0,0,0.580067993164063,1.63,0,-5400.240234375
100000000000000000000003,1,921125000,0,-43.5,2.28869933552538,0,0,0.580067993164063,1.63,0,-5400.240234375
100000000000000000000002,1,921125000,0,-41,0.288388388122501,0,0,0.580067993164063,1.63,0,-5400.240234375
100000000000000000000001,1,921125000,0,-44.5,4.77988413505166,0,0,0.580067993164063,1.63,0,-5400.240234375
100000000000000000000004,1,921125000,0,-49.5,5.04372883056799,0,0,0.580067993164063,1.63,0,-5400.240234375
100000000000000000000000,1,921125000,0,-47.5,4.95782590644639,0,0,0.580067993164063,1.63,0,-5400.240234375
100000000000000000000002,1,921125000,0,-41.5,0.294524311274043,0,0,0.580067993164063,1.63,0,-5400.240234375
100000000000000000000004,1,921125000,0,-49,5.05600067687107,0,0,0.580067993164063,1.63,0,-5400.240234375
100000000000000000000003,1,921125000,0,-43.5,2.31324302813155,0,0,0.580067993164063,1.63,0,-5400.240234375
100000000000000000000001,1,921125000,0,-44.5,4.77988413505166,0,0,0.580067993164063,1.63,0,-5400.240234375
100000000000000000000000,1,921125000,0,-47.5,4.97009775274948,0,0,0.580067993164063,1.63,0,-5400.240234375
100000000000000000000002,1,921125000,0,-41,0.306796157577129,0,0,0.580067993164063,1.63,0,-5400.240234375
100000000000000000000004,1,921125000,0,-49.5,5.06827252317416,0,0,0.580067993164063,1.63,0,-5400.240234375
100000000000000000000000,1,921125000,0,-47.5,4.94555406014331,0,0,0.580067993164063,1.63,0,-5400.240234375
100000000000000000000003,1,921125000,0,-43.5,2.29483525867692,0,0,0.580067993164063,1.63,0,-5400.240234375
100000000000000000000001,1,921125000,0,-44.5,4.77988413505166,0,0,0.580067993164063,1.63,0,-5400.240234375
100000000000000000000002,1,921125000,0,-41,0.276116541819415,0,0,0.580067993164063,1.63,0,-5400.240234375
100000000000000000000003,1,921125000,0,-43.5,2.30097118182846,0,0,0.580067993164063,1.63,0,-5400.240234375
100000000000000000000004,1,921125000,0,-49,5.06827252317416,0,0,0.580067993164063,1.63,0,-5400.240234375
100000000000000000000001,1,921125000,0,-44.5,4.76147636559703,0,0,0.580067993164063,1.63,0,-5400.240234375
100000000000000000000000,1,921125000,0,-47.5,4.97009775274948,0,0,0.580067993164063,1.63,0,-5400.240234375
100000000000000000000004,1,921125000,0,-49,5.04986475371953,0,0,0.580067993164063,1.63,0,-5400.240234375
100000000000000000000003,1,921125000,0,-43,2.30097118182846,0,0,0.580067993164063,1.63,0,-5400.240234375
100000000000000000000002,1,921125000,0,-41.5,0.294524311274043,0,0,0.580067993164063,1.63,0,-5400.240234375
100000000000000000000001,1,921125000,0,-44.5,4.79829190450629,0,0,0.580067993164063,1.63,0,-5400.240234375
100000000000000000000000,1,921125000,0,-47.5,4.96396182959793,0,0,0.580067993164063,1.63,0,-5400.240234375
100000000000000000000002,1,921125000,0,-41,0.294524311274043,0,0,0.580067993164063,1.63,0,-5400.240234375
100000000000000000000001,1,921125000,0,-44.5,4.79215598135474,0,0,0.580067993164063,1.63,0,-5400.240234375
100000000000000000000003,1,921125000,0,-43,2.30710710498,0,0,0.580067993164063,1.63,0,-5400.240234375
100000000000000000000004,1,921125000,0,-49,5.05600067687107,0,0,0.580067993164063,1.63,0,-5400.240234375
100000000000000000000000,1,921125000,0,-47.5,4.93941813699176,0,0,0.580067993164063,1.63,0,-5400.240234375
100000000000000000000001,1,921125000,0,-44.5,4.79829190450629,0,0,0.580067993164063,1.63,0,-5400.240234375
100000000000000000000004,1,921125000,0,-49,5.06213660002262,0,0,0.580067993164063,1.63,0,-5400.240234375
100000000000000000000002,1,921125000,0,-41,0.269980618667873,0,0,0.580067993164063,1.63,0,-5400.240234375
100000000000000000000000,1,921125000,0,-47.5,4.98236959905256,0,0,0.580067993164063,1.63,0,-5400.240234375
100000000000000000000003,1,921125000,0,-43,2.30097118182846,0,0,0.580067993164063,1.63,0,-5400.240234375
100000000000000000000000,1,921125000,0,-47.5,4.94555406014331,0,0,0.580067993164063,1.63,0,-5400.240234375
100000000000000000000002,1,921125000,0,-41,0.312932080728671,0,0,0.580067993164063,1.63,0,-5400.240234375
100000000000000000000004,1,921125000,0,-49,5.0744084463257,0,0,0.580067993164063,1.63,0,-5400.240234375
100000000000000000000003,1,921125000,0,-43,2.28869933552538,0,0,0.580067993164063,1.63,0,-5400.240234375
100000000000000000000001,1,921125000,0,-44.5,4.77988413505166,0,0,0.580067993164063,1.63,0,-5400.240234375
100000000000000000000000,1,921125000,0,-47.5,4.9885055222041,0,0,0.580067993164063,1.63,0,-5400.240234375
100000000000000000000004,1,921125000,0,-49,5.06213660002262,0,0,0.580067993164063,1.63,0,-5400.240234375
100000000000000000000003,1,921125000,0,-43.5,2.30097118182846,0,0,0.580067993164063,1.63,0,-5400.240234375
100000000000000000000002,1,921125000,0,-41,0.300660234425585,0,0,0.580067993164063,1.63,0,-5400.240234375
100000000000000000000001,1,921125000,0,-44.5,4.77988413505166,0,0,0.580067993164063,1.63,0,-5400.240234375
100000000000000000000003,1,921125000,0,-43.5,2.28869933552538,0,0,0.580067993164063,1.63,0,-5400.240234375
100000000000000000000000,1,921125000,0,-47.5,4.93941813699176,0,0,0.580067993164063,1.63,0,-5400.240234375
100000000000000000000004,1,921125000,0,-49,5.06827252317416,0,0,0.580067993164063,1.63,0,-5400.240234375
100000000000000000000002,1,921125000,0,-41,0.269980618667873,0,0,0.580067993164063,1.63,0,-5400.240234375
100000000000000000000001,1,921125000,0,-44.5,4.79215598135474,0,0,0.580067993164063,1.63,0,-5400.240234375
100000000000000000000000,1,921125000,0,-47.5,4.95782590644639,0,0,0.580067993164063,1.63,0,-5400.240234375
100000000000000000000002,1,921125000,0,-41,0.294524311274043,0,0,0.580067993164063,1.63,0,-5400.240234375
100000000000000000000001,1,921125000,0,-44.5,4.79215598135474,0,0,0.580067993164063,1.63,0,-5400.240234375
100000000000000000000003,1,921125000,0,-43,2.32551487443463,0,0,0.580067993164063,1.63,0,-5400.240234375
100000000000000000000004,1,921125000,0,-49,5.09281621578033,0,0,0.580067993164063,1.63,0,-5400.240234375
100000000000000000000001,1,921125000,0,-44.5,4.79215598135474,0,0,0.580067993164063,1.63,0,-5400.240234375
100000000000000000000000,1,921125000,0,-47.5,4.96396182959793,0,0,0.580067993164063,1.63,0,-5400.240234375
100000000000000000000004,1,921125000,0,-49,5.05600067687107,0,0,0.580067993164063,1.63,0,-5400.240234375
100000000000000000000002,1,921125000,0,-41,0.294524311274043,0,0,0.580067993164063,1.63,0,-5400.240234375
100000000000000000000003,1,921125000,0,-43.5,2.30097118182846,0,0,0.580067993164063,1.63,0,-5400.240234375
100000000000000000000003,1,921125000,0,-43.5,2.30097118182846,0,0,0.580067993164063,1.63,0,-5400.240234375
100000000000000000000004,1,921125000,0,-49,5.04986475371953,0,0,0.580067993164063,1.63,0,-5400.240234375
100000000000000000000000,1,921125000,0,-47.5,4.95782590644639,0,0,0.580067993164063,1.63,0,-5400.240234375
100000000000000000000002,1,921125000,0,-41.5,0.282252464970958,0,0,0.580067993164063,1.63,0,-5400.240234375
100000000000000000000001,1,921125000,0,-44.5,4.79829190450629,0,0,0.580067993164063,1.63,0,-5400.240234375
100000000000000000000004,1,921125000,0,-49.5,5.04372883056799,0,0,0.580067993164063,1.63,0,-5400.240234375
100000000000000000000001,1,921125000,0,-44.5,4.79215598135474,0,0,0.580067993164063,1.63,0,-5400.240234375
100000000000000000000002,1,921125000,0,-41,0.319068003880213,0,0,0.580067993164063,1.63,0,-5400.240234375
100000000000000000000003,1,921125000,0,-43,2.29483525867692,0,0,0.580067993164063,1.63,0,-5400.240234375
100000000000000000000000,1,921125000,0,-47.5,4.96396182959793,0,0,0.580067993164063,1.63,0,-5400.240234375
100000000000000000000002,1,921125000,0,-41.5,0.288388388122501,0,0,0.580067993164063,1.63,0,-5400.240234375
100000000000000000000004,1,921125000,0,-49,5.0314569842649,0,0,0.580067993164063,1.63,0,-5400.240234375
100000000000000000000003,1,921125000,0,-43.5,2.28869933552538,0,0,0.580067993164063,1.63,0,-5400.240234375
100000000000000000000001,1,921125000,0,-44.5,4.7860200582032,0,0,0.580067993164063,1.63,0,-5400.240234375
100000000000000000000000,1,921125000,0,-47.5,5.00077736850719,0,0,0.580067993164063,1.63,0,-5400.240234375
100000000000000000000001,1,921125000,0,-44.5,4.80442782765783,0,0,0.580067993164063,1.63,0,-5400.240234375
100000000000000000000002,1,921125000,0,-41,0.300660234425585,0,0,0.580067993164063,1.63,0,-5400.240234375
100000000000000000000004,1,921125000,0,-49,5.05600067687107,0,0,0.580067993164063,1.63,0,-5400.240234375
100000000000000000000003,1,921125000,0,-43,2.31324302813155,0,0,0.580067993164063,1.63,0,-5400.240234375
100000000000000000000000,1,921125000,0,-47.5,4.95168998329485,0,0,0.580067993164063,1.63,0,-5400.240234375
100000000000000000000002,1,921125000,0,-41,0.294524311274043,0,0,0.580067993164063,1.63,0,-5400.240234375
100000000000000000000004,1,921125000,0,-49,5.08054436947724,0,0,0.580067993164063,1.63,0,-5400.240234375
100000000000000000000000,1,921125000,0,-47.5,4.97009775274948,0,0,0.580067993164063,1.63,0,-5400.240234375
100000000000000000000001,1,921125000,0,-44.5,4.7860200582032,0,0,0.580067993164063,1.63,0,-5400.240234375
100000000000000000000003,1,921125000,0,-43.5,2.29483525867692,0,0,0.580067993164063,1.63,0,-5400.240234375
100000000000000000000004,1,921125000,0,-49.5,5.06213660002262,0,0,0.580067993164063,1.63,0,-5400.240234375
100000000000000000000001,1,921125000,0,-44.5,4.79215598135474,0,0,0.580067993164063,1.63,0,-5400.240234375
100000000000000000000000,1,921125000,0,-47.5,4.96396182959793,0,0,0.580067993164063,1.63,0,-5400.240234375
100000000000000000000002,1,921125000,0,-41.5,0.288388388122501,0,0,0.580067993164063,1.63,0,-5400.240234375
100000000000000000000003,1,921125000,0,-43.5,2.29483525867692,0,0,0.580067993164063,1.63,0,-5400.240234375
100000000000000000000003,1,921125000,0,-43.5,2.30097118182846,0,0,0.580067993164063,1.63,0,-5400.240234375
100000000000000000000002,1,921125000,0,-41,0.300660234425585,0,0,0.580067993164063,1.63,0,-5400.240234375
100000000000000000000000,1,921125000,0,-47.5,4.98236959905256,0,0,0.580067993164063,1.63,0,-5400.240234375
100000000000000000000001,1,921125000,0,-44.5,4.79829190450629,0,0,0.580067993164063,1.63,0,-5400.240234375
100000000000000000000004,1,921125000,0,-49,5.0744084463257,0,0,0.580067993164063,1.63,0,-5400.240234375
100000000000000000000002,1,921125000,0,-41.5,0.294524311274043,0,0,0.580067993164063,1.63,0,-5400.240234375
100000000000000000000000,1,921125000,0,-47.5,4.97623367590102,0,0,0.580067993164063,1.63,0,-5400.240234375
100000000000000000000003,1,921125000,0,-43,2.31324302813155,0,0,0.580067993164063,1.63,0,-5400.240234375
100000000000000000000001,1,921125000,0,-44.5,4.77988413505166,0,0,0.580067993164063,1.63,0,-5400.240234375
100000000000000000000004,1,921125000,0,-49,5.04986475371953,0,0,0.580067993164063,1.63,0,-5400.240234375
100000000000000000000004,1,921125000,0,-49.5,5.06213660002262,0,0,0.580067993164063,1.63,0,-5400.240234375
100000000000000000000001,1,921125000,0,-44.5,4.79215598135474,0,0,0.580067993164063,1.63,0,-5400.240234375
100000000000000000000002,1,921125000,0,-41,0.276116541819415,0,0,0.580067993164063,1.63,0,-5400.240234375
100000000000000000000000,1,921125000,0,-47.5,4.98236959905256,0,0,0.580067993164063,1.63,0,-5400.240234375
100000000000000000000003,1,921125000,0,-43.5,2.30710710498,0,0,0.580067993164063,1.63,0,-5400.240234375
100000000000000000000002,1,921125000,0,-41.5,0.288388388122501,0,0,0.580067993164063,1.63,0,-5400.240234375
100000000000000000000004,1,921125000,0,-49,5.04986475371953,0,0,0.580067993164063,1.63,0,-5400.240234375
100000000000000000000001,1,921125000,0,-44.5,4.81056375080937,0,0,0.580067993164063,1.63,0,-5400.240234375
100000000000000000000003,1,921125000,0,-43,2.30097118182846,0,0,0.580067993164063,1.63,0,-5400.240234375
100000000000000000000000,1,921125000,0,-47.5,4.97009775274948,0,0,0.580067993164063,1.63,0,-5400.240234375
100000000000000000000004,1,921125000,0,-49,5.09895213893187,0,0,0.580067993164063,1.63,0,-5400.240234375
100000000000000000000002,1,921125000,0,-41,0.300660234425585,0,0,0.580067993164063,1.63,0,-5400.240234375
100000000000000000000001,1,921125000,0,-44.5,4.79215598135474,0,0,0.580067993164063,1.63,0,-5400.240234375
100000000000000000000003,1,921125000,0,-43,2.30097118182846,0,0,0.580067993164063,1.63,0,-5400.240234375
100000000000000000000000,1,921125000,0,-47.5,4.98236959905256,0,0,0.580067993164063,1.63,0,-5400.240234375
100000000000000000000002,1,921125000,0,-41,0.300660234425585,0,0,0.580067993164063,1.63,0,-5400.240234375
100000000000000000000004,1,921125000,0,-49,5.04986475371953,0,0,0.580067993164063,1.63,0,-5400.240234375
100000000000000000000001,1,921125000,0,-44.5,4.77374821190012,0,0,0.580067993164063,1.63,0,-5400.240234375
100000000000000000000003,1,921125000,0,-43,2.29483525867692,0,0,0.580067993164063,1.63,0,-5400.240234375
100000000000000000000000,1,921125000,0,-47.5,4.97623367590102,0,0,0.580067993164063,1.63,0,-5400.240234375
100000000000000000000001,1,921125000,0,-44.5,4.80442782765783,0,0,0.580067993164063,1.63,0,-5400.240234375
100000000000000000000003,1,921125000,0,-43,2.29483525867692,0,0,0.580067993164063,1.63,0,-5400.240234375
100000000000000000000002,1,921125000,0,-41,0.288388388122501,0,0,0.580067993164063,1.63,0,-5400.240234375
100000000000000000000004,1,921125000,0,-49,5.04986475371953,0,0,0.580067993164063,1.63,0,-5400.240234375
100000000000000000000000,1,921125000,0,-47.5,4.9885055222041,0,0,0.580067993164063,1.63,0,-5400.240234375
100000000000000000000003,1,921125000,0,-43,2.30710710498,0,0,0.580067993164063,1.63,0,-5400.240234375
100000000000000000000000,1,921125000,0,-47.5,4.97623367590102,0,0,0.580067993164063,1.63,0,-5400.240234375
100000000000000000000002,1,921125000,0,-41,0.288388388122501,0,0,0.580067993164063,1.63,0,-5400.240234375
100000000000000000000004,1,921125000,0,-49,5.0314569842649,0,0,0.580067993164063,1.63,0,-5400.240234375
100000000000000000000001,1,921125000,0,-44.5,4.7860200582032,0,0,0.580067993164063,1.63,0,-5400.240234375
100000000000000000000004,1,921125000,0,-49,5.0744084463257,0,0,0.580067993164063,1.63,0,-5400.240234375
100000000000000000000002,1,921125000,0,-41,0.288388388122501,0,0,0.580067993164063,1.63,0,-5400.240234375
100000000000000000000003,1,921125000,0,-43.5,2.28256341237383,0,0,0.580067993164063,1.63,0,-5400.240234375
100000000000000000000000,1,921125000,0,-47.5,4.98236959905256,0,0,0.580067993164063,1.63,0,-5400.240234375
100000000000000000000001,1,921125000,0,-44.5,4.77988413505166,0,0,0.580067993164063,1.63,0,-5400.240234375
100000000000000000000002,1,921125000,0,-41.5,0.300660234425585,0,0,0.580067993164063,1.63,0,-5400.240234375
100000000000000000000003,1,921125000,0,-43.5,2.31937895128309,0,0,0.580067993164063,1.63,0,-5400.240234375
100000000000000000000001,1,921125000,0,-44.5,4.81056375080937,0,0,0.580067993164063,1.63,0,-5400.240234375
100000000000000000000000,1,921125000,0,-47.5,4.97009775274948,0,0,0.580067993164063,1.63,0,-5400.240234375
100000000000000000000004,1,921125000,0,-49.5,5.06213660002262,0,0,0.580067993164063,1.63,0,-5400.240234375
100000000000000000000002,1,921125000,0,-41,0.276116541819415,0,0,0.580067993164063,1.63,0,-5400.240234375
100000000000000000000004,1,921125000,0,-49,5.01918513796182,0,0,0.580067993164063,1.63,0,-5400.240234375
100000000000000000000000,1,921125000,0,-47.5,4.9885055222041,0,0,0.580067993164063,1.63,0,-5400.240234375
100000000000000000000003,1,921125000,0,-43.5,2.28869933552538,0,0,0.580067993164063,1.63,0,-5400.240234375
100000000000000000000001,1,921125000,0,-44.5,4.81056375080937,0,0,0.580067993164063,1.63,0,-5400.240234375
100000000000000000000002,1,921125000,0,-41,0.300660234425585,0,0,0.580067993164063,1.63,0,-5400.240234375
100000000000000000000001,1,921125000,0,-44.5,4.7860200582032,0,0,0.580067993164063,1.63,0,-5400.240234375
100000000000000000000000,1,921125000,0,-47.5,4.97623367590102,0,0,0.580067993164063,1.63,0,-5400.240234375
100000000000000000000003,1,921125000,0,-43.5,2.30097118182846,0,0,0.580067993164063,1.63,0,-5400.240234375
100000000000000000000004,1,921125000,0,-49,5.05600067687107,0,0,0.580067993164063,1.63,0,-5400.240234375
100000000000000000000002,1,921125000,0,-41,0.288388388122501,0,0,0.580067993164063,1.63,0,-5400.240234375
100000000000000000000000,1,921125000,0,-47.5,4.97009775274948,0,0,0.580067993164063,1.63,0,-5400.240234375
100000000000000000000001,1,921125000,0,-44.5,4.77988413505166,0,0,0.580067993164063,1.63,0,-5400.240234375
100000000000000000000004,1,921125000,0,-49,5.04986475371953,0,0,0.580067993164063,1.63,0,-5400.240234375
100000000000000000000003,1,921125000,0,-43.5,2.29483525867692,0,0,0.580067993164063,1.63,0,-5400.240234375
100000000000000000000001,1,921125000,0,-44.5,4.79829190450629,0,0,0.580067993164063,1.63,0,-5400.240234375
100000000000000000000004,1,921125000,0,-49,5.0744084463257,0,0,0.580067993164063,1.63,0,-5400.240234375
100000000000000000000002,1,921125000,0,-41.5,0.263844695516331,0,0,0.580067993164063,1.63,0,-5400.240234375
100000000000000000000000,1,921125000,0,-47.5,5.00077736850719,0,0,0.580067993164063,1.63,0,-5400.240234375
100000000000000000000003,1,921125000,0,-43,2.30097118182846,0,0,0.580067993164063,1.63,0,-5400.240234375
100000000000000000000002,1,921125000,0,-41.5,0.282252464970958,0,0,0.580067993164063,1.63,0,-5400.240234375
100000000000000000000001,1,921125000,0,-44.5,4.80442782765783,0,0,0.580067993164063,1.63,0,-5400.240234375
100000000000000000000003,1,921125000,0,-43,2.28869933552538,0,0,0.580067993164063,1.63,0,-5400.240234375
100000000000000000000004,1,921125000,0,-49,5.06827252317416,0,0,0.580067993164063,1.63,0,-5400.240234375
100000000000000000000000,1,921125000,0,-47.5,4.97623367590102,0,0,0.580067993164063,1.63,0,-5400.240234375
100000000000000000000001,1,921125000,0,-44.5,4.81056375080937,0,0,0.580067993164063,1.63,0,-5400.240234375
100000000000000000000003,1,921125000,0,-43.5,2.30097118182846,0,0,0.580067993164063,1.63,0,-5400.240234375
100000000000000000000004,1,921125000,0,-49,5.0744084463257,0,0,0.580067993164063,1.63,0,-5400.240234375
100000000000000000000002,1,921125000,0,-41.5,0.282252464970958,0,0,0.580067993164063,1.63,0,-5400.240234375
100000000000000000000000,1,921125000,0,-47.5,4.96396182959793,0,0,0.580067993164063,1.63,0,-5400.240234375
100000000000000000000003,1,921125000,0,-43,2.30097118182846,0,0,0.580067993164063,1.63,0,-5400.240234375
100000000000000000000004,1,921125000,0,-49,5.04986475371953,0,0,0.580067993164063,1.63,0,-5400.240234375
100000000000000000000001,1,921125000,0,-44.5,4.81056375080937,0,0,0.580067993164063,1.63,0,-5400.240234375
100000000000000000000002,1,921125000,0,-41,0.276116541819415,0,0,0.580067993164063,1.63,0,-5400.240234375
100000000000000000000000,1,921125000,0,-47.5,4.96396182959793,0,0,0.580067993164063,1.63,0,-5400.240234375
100000000000000000000000,1,921125000,0,-47.5,4.98236959905256,0,0,0.580067993164063,1.63,0,-5400.240234375
100000000000000000000004,1,921125000,0,-49,5.10508806208341,0,0,0.580067993164063,1.63,0,-5400.240234375
100000000000000000000003,1,921125000,0,-43.5,2.30710710498,0,0,0.580067993164063,1.63,0,-5400.240234375
100000000000000000000001,1,921125000,0,-44.5,4.79829190450629,0,0,0.580067993164063,1.63,0,-5400.240234375
100000000000000000000002,1,921125000,0,-41.5,0.269980618667873,0,0,0.580067993164063,1.63,0,-5400.240234375
100000000000000000000004,1,921125000,0,-49,5.08668029262879,0,0,0.580067993164063,1.63,0,-5400.240234375
100000000000000000000000,1,921125000,0,-47.5,4.99464144535565,0,0,0.580067993164063,1.63,0,-5400.240234375
100000000000000000000001,1,921125000,0,-44.5,4.80442782765783,0,0,0.580067993164063,1.63,0,-5400.240234375
100000000000000000000003,1,921125000,0,-43.5,2.27642748922229,0,0,0.580067993164063,1.63,0,-5400.240234375
100000000000000000000002,1,921125000,0,-41.5,0.294524311274043,0,0,0.580067993164063,1.63,0,-5400.240234375
100000000000000000000003,1,921125000,0,-43.5,2.29483525867692,0,0,0.580067993164063,1.63,0,-5400.240234375
100000000000000000000002,1,921125000,0,-41.5,0.300660234425585,0,0,0.580067993164063,1.63,0,-5400.240234375
100000000000000000000004,1,921125000,0,-49,5.05600067687107,0,0,0.580067993164063,1.63,0,-5400.240234375
100000000000000000000000,1,921125000,0,-47.5,4.97623367590102,0,0,0.580067993164063,1.63,0,-5400.240234375
100000000000000000000001,1,921125000,0,-44.5,4.80442782765783,0,0,0.580067993164063,1.63,0,-5400.240234375
100000000000000000000000,1,921125000,0,-47.5,5.00691329165873,0,0,0.580067993164063,1.63,0,-5400.240234375
100000000000000000000002,1,921125000,0,-41.5,0.269980618667873,0,0,0.580067993164063,1.63,0,-5400.240234375
100000000000000000000003,1,921125000,0,-43.5,2.29483525867692,0,0,0.580067993164063,1.63,0,-5400.240234375
100000000000000000000004,1,921125000,0,-49,5.08668029262879,0,0,0.580067993164063,1.63,0,-5400.240234375
100000000000000000000001,1,921125000,0,-44.5,4.79215598135474,0,0,0.580067993164063,1.63,0,-5400.240234375
100000000000000000000001,1,921125000,0,-44.5,4.81056375080937,0,0,0.580067993164063,1.63,0,-5400.240234375
100000000000000000000004,1,921125000,0,-49,5.05600067687107,0,0,0.580067993164063,1.63,0,-5400.240234375
100000000000000000000002,1,921125000,0,-41.5,0.269980618667873,0,0,0.580067993164063,1.63,0,-5400.240234375
100000000000000000000003,1,921125000,0,-43.5,2.30097118182846,0,0,0.580067993164063,1.63,0,-5400.240234375
100000000000000000000000,1,921125000,0,-47.5,4.99464144535565,0,0,0.580067993164063,1.63,0,-5400.240234375
100000000000000000000000,1,921125000,0,-47.5,4.96396182959793,0,0,0.580067993164063,1.63,0,-5400.240234375
100000000000000000000004,1,921125000,0,-49,5.08668029262879,0,0,0.580067993164063,1.63,0,-5400.240234375
100000000000000000000002,1,921125000,0,-41.5,0.282252464970958,0,0,0.580067993164063,1.63,0,-5400.240234375
100000000000000000000003,1,921125000,0,-43.5,2.28869933552538,0,0,0.580067993164063,1.63,0,-5400.240234375
100000000000000000000001,1,921125000,0,-44.5,4.81056375080937,0,0,0.580067993164063,1.63,0,-5400.240234375
100000000000000000000003,1,921125000,0,-43.5,2.28869933552538,0,0,0.580067993164063,1.63,0,-5400.240234375
100000000000000000000002,1,921125000,0,-41.5,0.263844695516331,0,0,0.580067993164063,1.63,0,-5400.240234375
100000000000000000000004,1,921125000,0,-49,5.08668029262879,0,0,0.580067993164063,1.63,0,-5400.240234375
100000000000000000000001,1,921125000,0,-44.5,4.79829190450629,0,0,0.580067993164063,1.63,0,-5400.240234375
100000000000000000000000,1,921125000,0,-47.5,4.97623367590102,0,0,0.580067993164063,1.63,0,-5400.240234375
100000000000000000000000,1,921125000,0,-47.5,5.00077736850719,0,0,0.580067993164063,1.63,0,-5400.240234375
100000000000000000000003,1,921125000,0,-43,2.30097118182846,0,0,0.580067993164063,1.63,0,-5400.240234375
100000000000000000000004,1,921125000,0,-49,5.04986475371953,0,0,0.580067993164063,1.63,0,-5400.240234375
100000000000000000000001,1,921125000,0,-44.5,4.81056375080937,0,0,0.580067993164063,1.63,0,-5400.240234375
100000000000000000000002,1,921125000,0,-41.5,0.269980618667873,0,0,0.580067993164063,1.63,0,-5400.240234375
100000000000000000000002,1,921125000,0,-41.5,0.269980618667873,0,0,0.580067993164063,1.63,0,-5400.240234375
100000000000000000000001,1,921125000,0,-44.5,4.7860200582032,0,0,0.580067993164063,1.63,0,-5400.240234375
100000000000000000000004,1,921125000,0,-49,5.0744084463257,0,0,0.580067993164063,1.63,0,-5400.240234375
100000000000000000000003,1,921125000,0,-43.5,2.29483525867692,0,0,0.580067993164063,1.63,0,-5400.240234375
100000000000000000000000,1,921125000,0,-47.5,4.97009775274948,0,0,0.580067993164063,1.63,0,-5400.240234375
100000000000000000000000,1,921625000,0,-47.5,5.24007837141735,0,0,0.580067993164063,1.63,0,-5400.240234375
100000000000000000000001,1,921625000,0,-44,5.03759290741645,0,0,0.580067993164063,1.63,0,-5400.240234375
100000000000000000000002,1,921625000,0,-41,0.521553467881118,0,0,0.580067993164063,1.63,0,-5400.240234375
100000000000000000000003,1,921625000,0,-43,2.56481587734479,0,0,0.580067993164063,1.63,0,-5400.240234375
100000000000000000000004,1,921625000,0,-49,5.24621429456889,0,0,0.580067993164063,1.63,0,-5400.240234375
100000000000000000000002,1,921625000,0,-41,0.497009775274948,0,0,0.580067993164063,1.63,0,-5400.240234375
100000000000000000000003,1,921625000,0,-43,2.56481587734479,0,0,0.580067993164063,1.63,0,-5400.240234375
100000000000000000000000,1,921625000,0,-47.5,5.21553467881118,0,0,0.580067993164063,1.63,0,-5400.240234375
100000000000000000000004,1,921625000,0,-49,5.25848614087198,0,0,0.580067993164063,1.63,0,-5400.240234375
100000000000000000000001,1,921625000,0,-44,5.04986475371953,0,0,0.580067993164063,1.63,0,-5400.240234375
100000000000000000000004,1,921625000,0,-49,5.24621429456889,0,0,0.580067993164063,1.63,0,-5400.240234375
100000000000000000000000,1,921625000,0,-47.5,5.21553467881118,0,0,0.580067993164063,1.63,0,-5400.240234375
100000000000000000000001,1,921625000,0,-44,5.04372883056799,0,0,0.580067993164063,1.63,0,-5400.240234375
100000000000000000000002,1,921625000,0,-41,0.521553467881118,0,0,0.580067993164063,1.63,0,-5400.240234375
100000000000000000000003,1,921625000,0,-43,2.57095180049633,0,0,0.580067993164063,1.63,0,-5400.240234375
100000000000000000000000,1,921625000,0,-47.5,5.23394244826581,0,0,0.580067993164063,1.63,0,-5400.240234375
100000000000000000000004,1,921625000,0,-49,5.22167060196272,0,0,0.580067993164063,1.63,0,-5400.240234375
100000000000000000000002,1,921625000,0,-41,0.515417544729575,0,0,0.580067993164063,1.63,0,-5400.240234375
100000000000000000000001,1,921625000,0,-44,5.04372883056799,0,0,0.580067993164063,1.63,0,-5400.240234375
100000000000000000000003,1,921625000,0,-43,2.57095180049633,0,0,0.580067993164063,1.63,0,-5400.240234375
100000000000000000000004,1,921625000,0,-49,5.26462206402352,0,0,0.580067993164063,1.63,0,-5400.240234375
100000000000000000000002,1,921625000,0,-41,0.509281621578033,0,0,0.580067993164063,1.63,0,-5400.240234375
100000000000000000000001,1,921625000,0,-44,5.04372883056799,0,0,0.580067993164063,1.63,0,-5400.240234375
100000000000000000000003,1,921625000,0,-43,2.55867995419325,0,0,0.580067993164063,1.63,0,-5400.240234375
100000000000000000000000,1,921625000,0,-47.5,5.22780652511427,0,0,0.580067993164063,1.63,0,-5400.240234375
100000000000000000000003,1,921625000,0,-43,2.57708772364788,0,0,0.580067993164063,1.63,0,-5400.240234375
100000000000000000000000,1,921625000,0,-47.5,5.24621429456889,0,0,0.580067993164063,1.63,0,-5400.240234375
100000000000000000000001,1,921625000,0,-44,5.03759290741645,0,0,0.580067993164063,1.63,0,-5400.240234375
100000000000000000000002,1,921625000,0,-41,0.497009775274948,0,0,0.580067993164063,1.63,0,-5400.240234375
100000000000000000000004,1,921625000,0,-49,5.25848614087198,0,0,0.580067993164063,1.63,0,-5400.240234375
100000000000000000000003,1,921625000,0,-43,2.58935956995096,0,0,0.580067993164063,1.63,0,-5400.240234375
100000000000000000000002,1,921625000,0,-41,0.509281621578033,0,0,0.580067993164063,1.63,0,-5400.240234375
100000000000000000000001,1,921625000,0,-44,5.02532106111336,0,0,0.580067993164063,1.63,0,-5400.240234375
100000000000000000000004,1,921625000,0,-49,5.24007837141735,0,0,0.580067993164063,1.63,0,-5400.240234375
100000000000000000000000,1,921625000,0,-47.5,5.24007837141735,0,0,0.580067993164063,1.63,0,-5400.240234375
100000000000000000000003,1,921625000,0,-43,2.56481587734479,0,0,0.580067993164063,1.63,0,-5400.240234375
100000000000000000000001,1,921625000,0,-44,5.04372883056799,0,0,0.580067993164063,1.63,0,-5400.240234375
100000000000000000000000,1,921625000,0,-47.5,5.21553467881118,0,0,0.580067993164063,1.63,0,-5400.240234375
100000000000000000000002,1,921625000,0,-41,0.509281621578033,0,0,0.580067993164063,1.63,0,-5400.240234375
100000000000000000000004,1,921625000,0,-49,5.23394244826581,0,0,0.580067993164063,1.63,0,-5400.240234375
100000000000000000000001,1,921625000,0,-44,5.04372883056799,0,0,0.580067993164063,1.63,0,-5400.240234375
100000000000000000000000,1,921625000,0,-47.5,5.24007837141735,0,0,0.580067993164063,1.63,0,-5400.240234375
100000000000000000000002,1,921625000,0,-41,0.527689391032661,0,0,0.580067993164063,1.63,0,-5400.240234375
100000000000000000000003,1,921625000,0,-43,2.57095180049633,0,0,0.580067993164063,1.63,0,-5400.240234375
100000000000000000000004,1,921625000,0,-49,5.25235021772044,0,0,0.580067993164063,1.63,0,-5400.240234375
100000000000000000000000,1,921625000,0,-47.5,5.22780652511427,0,0,0.580067993164063,1.63,0,-5400.240234375
100000000000000000000003,1,921625000,0,-43,2.57095180049633,0,0,0.580067993164063,1.63,0,-5400.240234375
100000000000000000000001,1,921625000,0,-44,5.05600067687107,0,0,0.580067993164063,1.63,0,-5400.240234375
100000000000000000000002,1,921625000,0,-41,0.515417544729575,0,0,0.580067993164063,1.63,0,-5400.240234375
100000000000000000000004,1,921625000,0,-49,5.24621429456889,0,0,0.580067993164063,1.63,0,-5400.240234375
100000000000000000000001,1,921625000,0,-44,5.02532106111336,0,0,0.580067993164063,1.63,0,-5400.240234375
100000000000000000000003,1,921625000,0,-43,2.56481587734479,0,0,0.580067993164063,1.63,0,-5400.240234375
100000000000000000000000,1,921625000,0,-47.5,5.24007837141735,0,0,0.580067993164063,1.63,0,-5400.240234375
100000000000000000000002,1,921625000,0,-41,0.533825314184203,0,0,0.580067993164063,1.63,0,-5400.240234375
100000000000000000000004,1,921625000,0,-49,5.23394244826581,0,0,0.580067993164063,1.63,0,-5400.240234375
100000000000000000000003,1,921625000,0,-43,2.56481587734479,0,0,0.580067993164063,1.63,0,-5400.240234375
100000000000000000000002,1,921625000,0,-41,0.527689391032661,0,0,0.580067993164063,1.63,0,-5400.240234375
100000000000000000000001,1,921625000,0,-44,5.04372883056799,0,0,0.580067993164063,1.63,0,-5400.240234375
100000000000000000000000,1,921625000,0,-47.5,5.24007837141735,0,0,0.580067993164063,1.63,0,-5400.240234375
100000000000000000000004,1,921625000,0,-49,5.22780652511427,0,0,0.580067993164063,1.63,0,-5400.240234375
100000000000000000000003,1,921625000,0,-43,2.57708772364788,0,0,0.580067993164063,1.63,0,-5400.240234375
100000000000000000000001,1,921625000,0,-44,5.04372883056799,0,0,0.580067993164063,1.63,0,-5400.240234375
100000000000000000000004,1,921625000,0,-49,5.24621429456889,0,0,0.580067993164063,1.63,0,-5400.240234375
100000000000000000000002,1,921625000,0,-41,0.497009775274948,0,0,0.580067993164063,1.63,0,-5400.240234375
100000000000000000000000,1,921625000,0,-47.5,5.24007837141735,0,0,0.580067993164063,1.63,0,-5400.240234375
100000000000000000000001,1,921625000,0,-44,5.04986475371953,0,0,0.580067993164063,1.63,0,-5400.240234375
100000000000000000000004,1,921625000,0,-49,5.23394244826581,0,0,0.580067993164063,1.63,0,-5400.240234375
100000000000000000000002,1,921625000,0,-41,0.521553467881118,0,0,0.580067993164063,1.63,0,-5400.240234375
100000000000000000000000,1,921625000,0,-47.5,5.25848614087198,0,0,0.580067993164063,1.63,0,-5400.240234375
100000000000000000000003,1,921625000,0,-43,2.56481587734479,0,0,0.580067993164063,1.63,0,-5400.240234375
100000000000000000000002,1,921625000,0,-41,0.533825314184203,0,0,0.580067993164063,1.63,0,-5400.240234375
100000000000000000000000,1,921625000,0,-47.5,5.24007837141735,0,0,0.580067993164063,1.63,0,-5400.240234375
100000000000000000000004,1,921625000,0,-49,5.27075798717506,0,0,0.580067993164063,1.63,0,-5400.240234375
100000000000000000000003,1,921625000,0,-43,2.54640810789016,0,0,0.580067993164063,1.63,0,-5400.240234375
100000000000000000000001,1,921625000,0,-44,5.04986475371953,0,0,0.580067993164063,1.63,0,-5400.240234375
100000000000000000000002,1,921625000,0,-41,0.521553467881118,0,0,0.580067993164063,1.63,0,-5400.240234375
100000000000000000000003,1,921625000,0,-43,2.55254403104171,0,0,0.580067993164063,1.63,0,-5400.240234375
100000000000000000000000,1,921625000,0,-47.5,5.24621429456889,0,0,0.580067993164063,1.63,0,-5400.240234375
100000000000000000000001,1,921625000,0,-44,5.04986475371953,0,0,0.580067993164063,1.63,0,-5400.240234375
100000000000000000000004,1,921625000,0,-49,5.24007837141735,0,0,0.580067993164063,1.63,0,-5400.240234375
100000000000000000000001,1,921625000,0,-44,5.04986475371953,0,0,0.580067993164063,1.63,0,-5400.240234375
100000000000000000000004,1,921625000,0,-49.5,5.20939875565964,0,0,0.580067993164063,1.63,0,-5400.240234375
100000000000000000000002,1,921625000,0,-41,0.527689391032661,0,0,0.580067993164063,1.63,0,-5400.240234375
100000000000000000000000,1,921625000,0,-47.5,5.25235021772044,0,0,0.580067993164063,1.63,0,-5400.240234375
100000000000000000000003,1,921625000,0,-43,2.56481587734479,0,0,0.580067993164063,1.63,0,-5400.240234375
100000000000000000000001,1,921625000,0,-44,5.0314569842649,0,0,0.580067993164063,1.63,0,-5400.240234375
100000000000000000000002,1,921625000,0,-41,0.533825314184203,0,0,0.580067993164063,1.63,0,-5400.240234375
100000000000000000000000,1,921625000,0,-47.5,5.25848614087198,0,0,0.580067993164063,1.63,0,-5400.240234375
100000000000000000000004,1,921625000,0,-49,5.24621429456889,0,0,0.580067993164063,1.63,0,-5400.240234375
100000000000000000000003,1,921625000,0,-43,2.55254403104171,0,0,0.580067993164063,1.63,0,-5400.240234375
100000000000000000000004,1,921625000,0,-49,5.24007837141735,0,0,0.580067993164063,1.63,0,-5400.240234375
100000000000000000000001,1,921625000,0,-44,5.04372883056799,0,0,0.580067993164063,1.63,0,-5400.240234375
100000000000000000000003,1,921625000,0,-43,2.56481587734479,0,0,0.580067993164063,1.63,0,-5400.240234375
100000000000000000000002,1,921625000,0,-41,0.533825314184203,0,0,0.580067993164063,1.63,0,-5400.240234375
100000000000000000000000,1,921625000,0,-47.5,5.25235021772044,0,0,0.580067993164063,1.63,0,-5400.240234375
100000000000000000000002,1,921625000,0,-41,0.521553467881118,0,0,0.580067993164063,1.63,0,-5400.240234375
100000000000000000000004,1,921625000,0,-49.5,5.23394244826581,0,0,0.580067993164063,1.63,0,-5400.240234375
100000000000000000000000,1,921625000,0,-47.5,5.23394244826581,0,0,0.580067993164063,1.63,0,-5400.240234375
100000000000000000000001,1,921625000,0,-44,5.04372883056799,0,0,0.580067993164063,1.63,0,-5400.240234375
100000000000000000000003,1,921625000,0,-43,2.55867995419325,0,0,0.580067993164063,1.63,0,-5400.240234375
100000000000000000000003,1,921625000,0,-43,2.56481587734479,0,0,0.580067993164063,1.63,0,-5400.240234375
100000000000000000000002,1,921625000,0,-41,0.50314569842649,0,0,0.580067993164063,1.63,0,-5400.240234375
100000000000000000000000,1,921625000,0,-47.5,5.22167060196272,0,0,0.580067993164063,1.63,0,-5400.240234375
100000000000000000000001,1,921625000,0,-44,5.03759290741645,0,0,0.580067993164063,1.63,0,-5400.240234375
100000000000000000000004,1,921625000,0,-49,5.23394244826581,0,0,0.580067993164063,1.63,0,-5400.240234375
100000000000000000000002,1,921625000,0,-41,0.527689391032661,0,0,0.580067993164063,1.63,0,-5400.240234375
100000000000000000000000,1,921625000,0,-47.5,5.24621429456889,0,0,0.580067993164063,1.63,0,-5400.240234375
100000000000000000000003,1,921625000,0,-43,2.55867995419325,0,0,0.580067993164063,1.63,0,-5400.240234375
100000000000000000000001,1,921625000,0,-44,5.03759290741645,0,0,0.580067993164063,1.63,0,-5400.240234375
100000000000000000000004,1,921625000,0,-49,5.23394244826581,0,0,0.580067993164063,1.63,0,-5400.240234375
100000000000000000000003,1,921625000,0,-43,2.57095180049633,0,0,0.580067993164063,1.63,0,-5400.240234375
100000000000000000000000,1,921625000,0,-47.5,5.24007837141735,0,0,0.580067993164063,1.63,0,-5400.240234375
100000000000000000000002,1,921625000,0,-41,0.515417544729575,0,0,0.580067993164063,1.63,0,-5400.240234375
100000000000000000000001,1,921625000,0,-44,5.0314569842649,0,0,0.580067993164063,1.63,0,-5400.240234375
100000000000000000000004,1,921625000,0,-49.5,5.2032628325081,0,0,0.580067993164063,1.63,0,-5400.240234375
100000000000000000000002,1,921625000,0,-41,0.521553467881118,0,0,0.580067993164063,1.63,0,-5400.240234375
100000000000000000000004,1,921625000,0,-49,5.24007837141735,0,0,0.580067993164063,1.63,0,-5400.240234375
100000000000000000000001,1,921625000,0,-44,5.03759290741645,0,0,0.580067993164063,1.63,0,-5400.240234375
100000000000000000000003,1,921625000,0,-43,2.55254403104171,0,0,0.580067993164063,1.63,0,-5400.240234375
100000000000000000000000,1,921625000,0,-47.5,5.25235021772044,0,0,0.580067993164063,1.63,0,-5400.240234375
100000000000000000000003,1,921625000,0,-43,2.55867995419325,0,0,0.580067993164063,1.63,0,-5400.240234375
100000000000000000000001,1,921625000,0,-44,5.01918513796182,0,0,0.580067993164063,1.63,0,-5400.240234375
100000000000000000000004,1,921625000,0,-49.5,5.23394244826581,0,0,0.580067993164063,1.63,0,-5400.240234375
100000000000000000000000,1,921625000,0,-47.5,5.21553467881118,0,0,0.580067993164063,1.63,0,-5400.240234375
100000000000000000000002,1,921625000,0,-41,0.509281621578033,0,0,0.580067993164063,1.63,0,-5400.240234375
100000000000000000000004,1,921625000,0,-49,5.24621429456889,0,0,0.580067993164063,1.63,0,-5400.240234375
100000000000000000000001,1,921625000,0,-44,5.0314569842649,0,0,0.580067993164063,1.63,0,-5400.240234375
100000000000000000000002,1,921625000,0,-41,0.497009775274948,0,0,0.580067993164063,1.63,0,-5400.240234375
100000000000000000000000,1,921625000,0,-47,5.24621429456889,0,0,0.580067993164063,1.63,0,-5400.240234375
100000000000000000000003,1,921625000,0,-43,2.57708772364788,0,0,0.580067993164063,1.63,0,-5400.240234375
100000000000000000000004,1,921625000,0,-49,5.24621429456889,0,0,0.580067993164063,1.63,0,-5400.240234375
100000000000000000000000,1,921625000,0,-47.5,5.24007837141735,0,0,0.580067993164063,1.63,0,-5400.240234375
100000000000000000000001,1,921625000,0,-44,5.0314569842649,0,0,0.580067993164063,1.63,0,-5400.240234375
100000000000000000000002,1,921625000,0,-41,0.521553467881118,0,0,0.580067993164063,1.63,0,-5400.240234375
100000000000000000000003,1,921625000,0,-43,2.56481587734479,0,0,0.580067993164063,1.63,0,-5400.240234375
100000000000000000000002,1,921625000,0,-41,0.515417544729575,0,0,0.580067993164063,1.63,0,-5400.240234375
100000000000000000000003,1,921625000,0,-43,2.55254403104171,0,0,0.580067993164063,1.63,0,-5400.240234375
100000000000000000000001,1,921625000,0,-44,5.03759290741645,0,0,0.580067993164063,1.63,0,-5400.240234375
100000000000000000000000,1,921625000,0,-47.5,5.24621429456889,0,0,0.580067993164063,1.63,0,-5400.240234375
100000000000000000000004,1,921625000,0,-49,5.22167060196272,0,0,0.580067993164063,1.63,0,-5400.240234375
100000000000000000000003,1,921625000,0,-43,2.57708772364788,0,0,0.580067993164063,1.63,0,-5400.240234375
100000000000000000000000,1,921625000,0,-47.5,5.23394244826581,0,0,0.580067993164063,1.63,0,-5400.240234375
100000000000000000000001,1,921625000,0,-44,5.0314569842649,0,0,0.580067993164063,1.63,0,-5400.240234375
100000000000000000000002,1,921625000,0,-41,0.539961237335746,0,0,0.580067993164063,1.63,0,-5400.240234375
100000000000000000000004,1,921625000,0,-49,5.22780652511427,0,0,0.580067993164063,1.63,0,-5400.240234375
100000000000000000000003,1,921625000,0,-43,2.54640810789016,0,0,0.580067993164063,1.63,0,-5400.240234375
100000000000000000000002,1,921625000,0,-41,0.533825314184203,0,0,0.580067993164063,1.63,0,-5400.240234375
100000000000000000000000,1,921625000,0,-47.5,5.23394244826581,0,0,0.580067993164063,1.63,0,-5400.240234375
100000000000000000000001,1,921625000,0,-44,5.03759290741645,0,0,0.580067993164063,1.63,0,-5400.240234375
100000000000000000000004,1,921625000,0,-49,5.23394244826581,0,0,0.580067993164063,1.63,0,-5400.240234375
100000000000000000000000,1,921625000,0,-47.5,5.21553467881118,0,0,0.580067993164063,1.63,0,-5400.240234375
100000000000000000000002,1,921625000,0,-41,0.527689391032661,0,0,0.580067993164063,1.63,0,-5400.240234375
100000000000000000000003,1,921625000,0,-43,2.57095180049633,0,0,0.580067993164063,1.63,0,-5400.240234375
100000000000000000000001,1,921625000,0,-44,5.03759290741645,0,0,0.580067993164063,1.63,0,-5400.240234375
100000000000000000000004,1,921625000,0,-49,5.23394244826581,0,0,0.580067993164063,1.63,0,-5400.240234375
100000000000000000000000,1,921625000,0,-47.5,5.24621429456889,0,0,0.580067993164063,1.63,0,-5400.240234375
100000000000000000000001,1,921625000,0,-44,5.01304921481028,0,0,0.580067993164063,1.63,0,-5400.240234375
100000000000000000000003,1,921625000,0,-43,2.55867995419325,0,0,0.580067993164063,1.63,0,-5400.240234375
100000000000000000000002,1,921625000,0,-41,0.515417544729575,0,0,0.580067993164063,1.63,0,-5400.240234375
100000000000000000000004,1,921625000,0,-49.5,5.23394244826581,0,0,0.580067993164063,1.63,0,-5400.240234375
100000000000000000000000,1,921625000,0,-47,5.23394244826581,0,0,0.580067993164063,1.63,0,-5400.240234375
100000000000000000000002,1,921625000,0,-41,0.50314569842649,0,0,0.580067993164063,1.63,0,-5400.240234375
100000000000000000000004,1,921625000,0,-49.5,5.22780652511427,0,0,0.580067993164063,1.63,0,-5400.240234375
100000000000000000000001,1,921625000,0,-44,5.0314569842649,0,0,0.580067993164063,1.63,0,-5400.240234375
100000000000000000000003,1,921625000,0,-43,2.56481587734479,0,0,0.580067993164063,1.63,0,-5400.240234375
100000000000000000000004,1,921625000,0,-49,5.25235021772044,0,0,0.580067993164063,1.63,0,-5400.240234375
100000000000000000000000,1,921625000,0,-47,5.24007837141735,0,0,0.580067993164063,1.63,0,-5400.240234375
100000000000000000000002,1,921625000,0,-41,0.497009775274948,0,0,0.580067993164063,1.63,0,-5400.240234375
100000000000000000000001,1,921625000,0,-44,5.02532106111336,0,0,0.580067993164063,1.63,0,-5400.240234375
100000000000000000000003,1,921625000,0,-43,2.55867995419325,0,0,0.580067993164063,1.63,0,-5400.240234375
100000000000000000000002,1,921625000,0,-41,0.515417544729575,0,0,0.580067993164063,1.63,0,-5400.240234375
100000000000000000000004,1,921625000,0,-49,5.25235021772044,0,0,0.580067993164063,1.63,0,-5400.240234375
100000000000000000000003,1,921625000,0,-43,2.56481587734479,0,0,0.580067993164063,1.63,0,-5400.240234375
100000000000000000000000,1,921625000,0,-47.5,5.24621429456889,0,0,0.580067993164063,1.63,0,-5400.240234375
100000000000000000000001,1,921625000,0,-44,5.01918513796182,0,0,0.580067993164063,1.63,0,-5400.240234375
100000000000000000000002,1,921625000,0,-41,0.50314569842649,0,0,0.580067993164063,1.63,0,-5400.240234375
100000000000000000000003,1,921625000,0,-43,2.57095180049633,0,0,0.580067993164063,1.63,0,-5400.240234375
100000000000000000000001,1,921625000,0,-44,5.02532106111336,0,0,0.580067993164063,1.63,0,-5400.240234375
100000000000000000000000,1,921625000,0,-47,5.22167060196272,0,0,0.580067993164063,1.63,0,-5400.240234375
100000000000000000000004,1,921625000,0,-49,5.22780652511427,0,0,0.580067993164063,1.63,0,-5400.240234375
100000000000000000000000,1,921625000,0,-47.5,5.24007837141735,0,0,0.580067993164063,1.63,0,-5400.240234375
100000000000000000000002,1,921625000,0,-41,0.497009775274948,0,0,0.580067993164063,1.63,0,-5400.240234375
100000000000000000000004,1,921625000,0,-49,5.22780652511427,0,0,0.580067993164063,1.63,0,-5400.240234375
100000000000000000000001,1,921625000,0,-44,5.04372883056799,0,0,0.580067993164063,1.63,0,-5400.240234375
100000000000000000000003,1,921625000,0,-43,2.57708772364788,0,0,0.580067993164063,1.63,0,-5400.240234375
100000000000000000000001,1,921625000,0,-44,5.01918513796182,0,0,0.580067993164063,1.63,0,-5400.240234375
100000000000000000000003,1,921625000,0,-43,2.55867995419325,0,0,0.580067993164063,1.63,0,-5400.240234375
100000000000000000000002,1,921625000,0,-41,0.521553467881118,0,0,0.580067993164063,1.63,0,-5400.240234375
100000000000000000000000,1,921625000,0,-47.5,5.20939875565964,0,0,0.580067993164063,1.63,0,-5400.240234375
100000000000000000000004,1,921625000,0,-49,5.24007837141735,0,0,0.580067993164063,1.63,0,-5400.240234375
100000000000000000000002,1,921625000,0,-41,0.50314569842649,0,0,0.580067993164063,1.63,0,-5400.240234375
100000000000000000000001,1,921625000,0,-44,5.02532106111336,0,0,0.580067993164063,1.63,0,-5400.240234375
100000000000000000000003,1,921625000,0,-43,2.57095180049633,0,0,0.580067993164063,1.63,0,-5400.240234375
100000000000000000000004,1,921625000,0,-49,5.24621429456889,0,0,0.580067993164063,1.63,0,-5400.240234375
100000000000000000000000,1,921625000,0,-47.5,5.23394244826581,0,0,0.580067993164063,1.63,0,-5400.240234375
100000000000000000000004,1,921625000,0,-49,5.23394244826581,0,0,0.580067993164063,1.63,0,-5400.240234375
100000000000000000000000,1,921625000,0,-47.5,5.22780652511427,0,0,0.580067993164063,1.63,0,-5400.240234375
100000000000000000000002,1,921625000,0,-41,0.509281621578033,0,0,0.580067993164063,1.63,0,-5400.240234375
100000000000000000000003,1,921625000,0,-43,2.57708772364788,0,0,0.580067993164063,1.63,0,-5400.240234375
100000000000000000000001,1,921625000,0,-44,5.0314569842649,0,0,0.580067993164063,1.63,0,-5400.240234375
100000000000000000000002,1,921625000,0,-41,0.497009775274948,0,0,0.580067993164063,1.63,0,-5400.240234375
100000000000000000000004,1,921625000,0,-49.5,5.22780652511427,0,0,0.580067993164063,1.63,0,-5400.240234375
100000000000000000000001,1,921625000,0,-44,5.03759290741645,0,0,0.580067993164063,1.63,0,-5400.240234375
100000000000000000000000,1,921625000,0,-47.5,5.22780652511427,0,0,0.580067993164063,1.63,0,-5400.240234375
100000000000000000000003,1,921625000,0,-43,2.57095180049633,0,0,0.580067993164063,1.63,0,-5400.240234375
100000000000000000000001,1,921625000,0,-44,5.02532106111336,0,0,0.580067993164063,1.63,0,-5400.240234375
100000000000000000000004,1,921625000,0,-49,5.25848614087198,0,0,0.580067993164063,1.63,0,-5400.240234375
100000000000000000000003,1,921625000,0,-43,2.56481587734479,0,0,0.580067993164063,1.63,0,-5400.240234375
100000000000000000000002,1,921625000,0,-41,0.509281621578033,0,0,0.580067993164063,1.63,0,-5400.240234375
100000000000000000000000,1,921625000,0,-47.5,5.24621429456889,0,0,0.580067993164063,1.63,0,-5400.240234375
100000000000000000000001,1,921625000,0,-44,5.01918513796182,0,0,0.580067993164063,1.63,0,-5400.240234375
100000000000000000000003,1,921625000,0,-43,2.55254403104171,0,0,0.580067993164063,1.63,0,-5400.240234375
100000000000000000000004,1,921625000,0,-49,5.24007837141735,0,0,0.580067993164063,1.63,0,-5400.240234375
100000000000000000000002,1,921625000,0,-41,0.509281621578033,0,0,0.580067993164063,1.63,0,-5400.240234375
100000000000000000000000,1,921625000,0,-47.5,5.20939875565964,0,0,0.580067993164063,1.63,0,-5400.240234375
100000000000000000000001,1,921625000,0,-44,5.0314569842649,0,0,0.580067993164063,1.63,0,-5400.240234375
100000000000000000000002,1,921625000,0,-41,0.515417544729575,0,0,0.580067993164063,1.63,0,-5400.240234375
100000000000000000000000,1,921625000,0,-47.5,5.18485506305347,0,0,0.580067993164063,1.63,0,-5400.240234375
100000000000000000000004,1,921625000,0,-49.5,5.24007837141735,0,0,0.580067993164063,1.63,0,-5400.240234375
100000000000000000000003,1,921625000,0,-43,2.57708772364788,0,0,0.580067993164063,1.63,0,-5400.240234375
100000000000000000000002,1,921625000,0,-41,0.484737928971863,0,0,0.580067993164063,1.63,0,-5400.240234375
100000000000000000000001,1,921625000,0,-44,5.0314569842649,0,0,0.580067993164063,1.63,0,-5400.240234375
100000000000000000000000,1,921625000,0,-47.5,5.20939875565964,0,0,0.580067993164063,1.63,0,-5400.240234375
100000000000000000000003,1,921625000,0,-43,2.55867995419325,0,0,0.580067993164063,1.63,0,-5400.240234375
100000000000000000000004,1,921625000,0,-49,5.24007837141735,0,0,0.580067993164063,1.63,0,-5400.240234375
100000000000000000000002,1,921625000,0,-41,0.490873852123405,0,0,0.580067993164063,1.63,0,-5400.240234375
100000000000000000000001,1,921625000,0,-44,5.02532106111336,0,0,0.580067993164063,1.63,0,-5400.240234375
100000000000000000000003,1,921625000,0,-43,2.55254403104171,0,0,0.580067993164063,1.63,0,-5400.240234375
100000000000000000000004,1,921625000,0,-49,5.24007837141735,0,0,0.580067993164063,1.63,0,-5400.240234375
100000000000000000000000,1,921625000,0,-47,5.24621429456889,0,0,0.580067993164063,1.63,0,-5400.240234375
100000000000000000000002,1,921625000,0,-41,0.521553467881118,0,0,0.580067993164063,1.63,0,-5400.240234375
100000000000000000000004,1,921625000,0,-49,5.27689391032661,0,0,0.580067993164063,1.63,0,-5400.240234375
100000000000000000000001,1,921625000,0,-44,5.02532106111336,0,0,0.580067993164063,1.63,0,-5400.240234375
100000000000000000000003,1,921625000,0,-43,2.57095180049633,0,0,0.580067993164063,1.63,0,-5400.240234375
100000000000000000000000,1,921625000,0,-47,5.22780652511427,0,0,0.580067993164063,1.63,0,-5400.240234375
100000000000000000000004,1,921625000,0,-49,5.26462206402352,0,0,0.580067993164063,1.63,0,-5400.240234375
100000000000000000000002,1,921625000,0,-41,0.533825314184203,0,0,0.580067993164063,1.63,0,-5400.240234375
100000000000000000000003,1,921625000,0,-43,2.58322364679942,0,0,0.580067993164063,1.63,0,-5400.240234375
100000000000000000000000,1,921625000,0,-47,5.22780652511427,0,0,0.580067993164063,1.63,0,-5400.240234375
100000000000000000000001,1,921625000,0,-44,5.01304921481028,0,0,0.580067993164063,1.63,0,-5400.240234375
100000000000000000000002,1,921625000,0,-41,0.490873852123405,0,0,0.580067993164063,1.63,0,-5400.240234375
100000000000000000000000,1,921625000,0,-47.5,5.24007837141735,0,0,0.580067993164063,1.63,0,-5400.240234375
100000000000000000000004,1,921625000,0,-49,5.21553467881118,0,0,0.580067993164063,1.63,0,-5400.240234375
100000000000000000000003,1,921625000,0,-43,2.55867995419325,0,0,0.580067993164063,1.63,0,-5400.240234375
100000000000000000000001,1,921625000,0,-44,5.02532106111336,0,0,0.580067993164063,1.63,0,-5400.240234375
100000000000000000000002,1,921625000,0,-41,0.521553467881118,0,0,0.580067993164063,1.63,0,-5400.240234375
100000000000000000000000,1,921625000,0,-47.5,5.22167060196272,0,0,0.580067993164063,1.63,0,-5400.240234375
100000000000000000000004,1,921625000,0,-49,5.26462206402352,0,0,0.580067993164063,1.63,0,-5400.240234375
100000000000000000000003,1,921625000,0,-43,2.55254403104171,0,0,0.580067993164063,1.63,0,-5400.240234375
100000000000000000000001,1,921625000,0,-44,5.00077736850719,0,0,0.580067993164063,1.63,0,-5400.240234375
100000000000000000000000,1,921625000,0,-47.5,5.24007837141735,0,0,0.580067993164063,1.63,0,-5400.240234375
100000000000000000000002,1,921625000,0,-41,0.515417544729575,0,0,0.580067993164063,1.63,0,-5400.240234375
100000000000000000000004,1,921625000,0,-49.5,5.25235021772044,0,0,0.580067993164063,1.63,0,-5400.240234375
100000000000000000000003,1,921625000,0,-43,2.55867995419325,0,0,0.580067993164063,1.63,0,-5400.240234375
100000000000000000000001,1,921625000,0,-44,4.99464144535565,0,0,0.580067993164063,1.63,0,-5400.240234375
100000000000000000000003,1,921625000,0,-43,2.54027218473862,0,0,0.580067993164063,1.63,0,-5400.240234375
100000000000000000000000,1,921625000,0,-47.5,5.23394244826581,0,0,0.580067993164063,1.63,0,-5400.240234375
100000000000000000000002,1,921625000,0,-41,0.515417544729575,0,0,0.580067993164063,1.63,0,-5400.240234375
100000000000000000000001,1,921625000,0,-44,5.0314569842649,0,0,0.580067993164063,1.63,0,-5400.240234375
100000000000000000000004,1,921625000,0,-49,5.23394244826581,0,0,0.580067993164063,1.63,0,-5400.240234375
100000000000000000000001,1,921625000,0,-44,5.0314569842649,0,0,0.580067993164063,1.63,0,-5400.240234375
100000000000000000000003,1,921625000,0,-43,2.57095180049633,0,0,0.580067993164063,1.63,0,-5400.240234375
100000000000000000000002,1,921625000,0,-41,0.521553467881118,0,0,0.580067993164063,1.63,0,-5400.240234375
100000000000000000000000,1,921625000,0,-47,5.21553467881118,0,0,0.580067993164063,1.63,0,-5400.240234375
100000000000000000000004,1,921625000,0,-49,5.25848614087198,0,0,0.580067993164063,1.63,0,-5400.240234375
100000000000000000000003,1,921625000,0,-43,2.55254403104171,0,0,0.580067993164063,1.63,0,-5400.240234375
100000000000000000000004,1,921625000,0,-49,5.26462206402352,0,0,0.580067993164063,1.63,0,-5400.240234375
100000000000000000000000,1,921625000,0,-47,5.23394244826581,0,0,0.580067993164063,1.63,0,-5400.240234375
100000000000000000000002,1,921625000,0,-41,0.509281621578033,0,0,0.580067993164063,1.63,0,-5400.240234375
100000000000000000000001,1,921625000,0,-44,5.01918513796182,0,0,0.580067993164063,1.63,0,-5400.240234375
100000000000000000000001,1,921625000,0,-44,5.00691329165873,0,0,0.580067993164063,1.63,0,-5400.240234375
100000000000000000000002,1,921625000,0,-41,0.509281621578033,0,0,0.580067993164063,1.63,0,-5400.240234375
100000000000000000000004,1,921625000,0,-49,5.23394244826581,0,0,0.580067993164063,1.63,0,-5400.240234375
100000000000000000000003,1,921625000,0,-43,2.56481587734479,0,0,0.580067993164063,1.63,0,-5400.240234375
100000000000000000000000,1,921625000,0,-47.5,5.22780652511427,0,0,0.580067993164063,1.63,0,-5400.240234375
100000000000000000000004,1,921625000,0,-49,5.24621429456889,0,0,0.580067993164063,1.63,0,-5400.240234375
100000000000000000000001,1,921625000,0,-44,5.02532106111336,0,0,0.580067993164063,1.63,0,-5400.240234375
100000000000000000000000,1,921625000,0,-47.5,5.22780652511427,0,0,0.580067993164063,1.63,0,-5400.240234375
100000000000000000000003,1,921625000,0,-43,2.54640810789016,0,0,0.580067993164063,1.63,0,-5400.240234375
100000000000000000000002,1,921625000,0,-41,0.527689391032661,0,0,0.580067993164063,1.63,0,-5400.240234375
100000000000000000000002,1,921625000,0,-41,0.490873852123405,0,0,0.580067993164063,1.63,0,-5400.240234375
100000000000000000000000,1,921625000,0,-47.5,5.23394244826581,0,0,0.580067993164063,1.63,0,-5400.240234375
100000000000000000000003,1,921625000,0,-43,2.56481587734479,0,0,0.580067993164063,1.63,0,-5400.240234375
100000000000000000000004,1,921625000,0,-49,5.23394244826581,0,0,0.580067993164063,1.63,0,-5400.240234375
100000000000000000000001,1,921625000,0,-44,5.02532106111336,0,0,0.580067993164063,1.63,0,-5400.240234375
100000000000000000000004,1,921625000,0,-49,5.25848614087198,0,0,0.580067993164063,1.63,0,-5400.240234375
100000000000000000000001,1,921625000,0,-44,5.02532106111336,0,0,0.580067993164063,1.63,0,-5400.240234375
100000000000000000000003,1,921625000,0,-43,2.57095180049633,0,0,0.580067993164063,1.63,0,-5400.240234375
100000000000000000000000,1,921625000,0,-47,5.21553467881118,0,0,0.580067993164063,1.63,0,-5400.240234375
100000000000000000000002,1,921625000,0,-41,0.521553467881118,0,0,0.580067993164063,1.63,0,-5400.240234375
100000000000000000000000,1,921625000,0,-47,5.22167060196272,0,0,0.580067993164063,1.63,0,-5400.240234375
100000000000000000000004,1,921625000,0,-49,5.23394244826581,0,0,0.580067993164063,1.63,0,-5400.240234375
100000000000000000000002,1,921625000,0,-41,0.50314569842649,0,0,0.580067993164063,1.63,0,-5400.240234375
100000000000000000000001,1,921625000,0,-44,5.01918513796182,0,0,0.580067993164063,1.63,0,-5400.240234375
100000000000000000000003,1,921625000,0,-43,2.55867995419325,0,0,0.580067993164063,1.63,0,-5400.240234375
100000000000000000000002,1,921625000,0,-41,0.47860200582032,0,0,0.580067993164063,1.63,0,-5400.240234375
100000000000000000000003,1,921625000,0,-43,2.55867995419325,0,0,0.580067993164063,1.63,0,-5400.240234375
100000000000000000000001,1,921625000,0,-44,5.02532106111336,0,0,0.580067993164063,1.63,0,-5400.240234375
100000000000000000000004,1,921625000,0,-49,5.24621429456889,0,0,0.580067993164063,1.63,0,-5400.240234375
100000000000000000000000,1,921625000,0,-47.5,5.24007837141735,0,0,0.580067993164063,1.63,0,-5400.240234375
100000000000000000000002,1,921625000,0,-41,0.527689391032661,0,0,0.580067993164063,1.63,0,-5400.240234375
100000000000000000000000,1,921625000,0,-47.5,5.19712690935655,0,0,0.580067993164063,1.63,0,-5400.240234375
100000000000000000000001,1,921625000,0,-44,5.04372883056799,0,0,0.580067993164063,1.63,0,-5400.240234375
100000000000000000000003,1,921625000,0,-43,2.57095180049633,0,0,0.580067993164063,1.63,0,-5400.240234375
100000000000000000000004,1,921625000,0,-49,5.23394244826581,0,0,0.580067993164063,1.63,0,-5400.240234375
100000000000000000000000,1,921625000,0,-47,5.22167060196272,0,0,0.580067993164063,1.63,0,-5400.240234375
100000000000000000000003,1,921625000,0,-43,2.55867995419325,0,0,0.580067993164063,1.63,0,-5400.240234375
100000000000000000000002,1,921625000,0,-41,0.509281621578033,0,0,0.580067993164063,1.63,0,-5400.240234375
100000000000000000000001,1,921625000,0,-44,5.01918513796182,0,0,0.580067993164063,1.63,0,-5400.240234375
100000000000000000000004,1,921625000,0,-49,5.26462206402352,0,0,0.580067993164063,1.63,0,-5400.240234375
100000000000000000000004,1,921625000,0,-49,5.24621429456889,0,0,0.580067993164063,1.63,0,-5400.240234375
100000000000000000000002,1,921625000,0,-41,0.490873852123405,0,0,0.580067993164063,1.63,0,-5400.240234375
100000000000000000000001,1,921625000,0,-44,5.0314569842649,0,0,0.580067993164063,1.63,0,-5400.240234375
100000000000000000000003,1,921625000,0,-43,2.55867995419325,0,0,0.580067993164063,1.63,0,-5400.240234375
100000000000000000000000,1,921625000,0,-47,5.22780652511427,0,0,0.580067993164063,1.63,0,-5400.240234375
100000000000000000000000,1,921625000,0,-47.5,5.22167060196272,0,0,0.580067993164063,1.63,0,-5400.240234375
100000000000000000000003,1,921625000,0,-43,2.56481587734479,0,0,0.580067993164063,1.63,0,-5400.240234375
100000000000000000000004,1,921625000,0,-49,5.22167060196272,0,0,0.580067993164063,1.63,0,-5400.240234375
100000000000000000000001,1,921625000,0,-44,5.0314569842649,0,0,0.580067993164063,1.63,0,-5400.240234375
100000000000000000000002,1,921625000,0,-41,0.521553467881118,0,0,0.580067993164063,1.63,0,-5400.240234375
100000000000000000000000,1,921625000,0,-47.5,5.24007837141735,0,0,0.580067993164063,1.63,0,-5400.240234375
100000000000000000000002,1,921625000,0,-41,0.484737928971863,0,0,0.580067993164063,1.63,0,-5400.240234375
100000000000000000000003,1,921625000,0,-43,2.57095180049633,0,0,0.580067993164063,1.63,0,-5400.240234375
100000000000000000000004,1,921625000,0,-49,5.23394244826581,0,0,0.580067993164063,1.63,0,-5400.240234375
100000000000000000000001,1,921625000,0,-44,5.04986475371953,0,0,0.580067993164063,1.63,0,-5400.240234375
100000000000000000000003,1,921625000,0,-43,2.57708772364788,0,0,0.580067993164063,1.63,0,-5400.240234375
100000000000000000000004,1,921625000,0,-49,5.23394244826581,0,0,0.580067993164063,1.63,0,-5400.240234375
100000000000000000000001,1,921625000,0,-44,5.01918513796182,0,0,0.580067993164063,1.63,0,-5400.240234375
100000000000000000000002,1,921625000,0,-41,0.497009775274948,0,0,0.580067993164063,1.63,0,-5400.240234375
100000000000000000000000,1,921625000,0,-47.5,5.21553467881118,0,0,0.580067993164063,1.63,0,-5400.240234375
100000000000000000000000,1,921625000,0,-47.5,5.22780652511427,0,0,0.580067993164063,1.63,0,-5400.240234375
100000000000000000000001,1,921625000,0,-44,5.03759290741645,0,0,0.580067993164063,1.63,0,-5400.240234375
100000000000000000000003,1,921625000,0,-43,2.56481587734479,0,0,0.580067993164063,1.63,0,-5400.240234375
100000000000000000000002,1,921625000,0,-41,0.521553467881118,0,0,0.580067993164063,1.63,0,-5400.240234375
100000000000000000000004,1,921625000,0,-49,5.24621429456889,0,0,0.580067993164063,1.63,0,-5400.240234375
100000000000000000000003,1,921625000,0,-43,2.56481587734479,0,0,0.580067993164063,1.63,0,-5400.240234375
100000000000000000000000,1,921625000,0,-47.5,5.23394244826581,0,0,0.580067993164063,1.63,0,-5400.240234375
100000000000000000000002,1,921625000,0,-41,0.527689391032661,0,0,0.580067993164063,1.63,0,-5400.240234375
100000000000000000000004,1,921625000,0,-49,5.25235021772044,0,0,0.580067993164063,1.63,0,-5400.240234375
100000000000000000000001,1,921625000,0,-44,5.03759290741645,0,0,0.580067993164063,1.63,0,-5400.240234375
100000000000000000000002,1,921625000,0,-41,0.497009775274948,0,0,0.580067993164063,1.63,0,-5400.240234375
100000000000000000000003,1,921625000,0,-43,2.57095180049633,0,0,0.580067993164063,1.63,0,-5400.240234375
100000000000000000000001,1,921625000,0,-44,5.0314569842649,0,0,0.580067993164063,1.63,0,-5400.240234375
100000000000000000000004,1,921625000,0,-49,5.24621429456889,0,0,0.580067993164063,1.63,0,-5400.240234375
100000000000000000000000,1,921625000,0,-47.5,5.22780652511427,0,0,0.580067993164063,1.63,0,-5400.240234375
100000000000000000000003,1,921625000,0,-43,2.56481587734479,0,0,0.580067993164063,1.63,0,-5400.240234375
100000000000000000000000,1,921625000,0,-47.5,5.24007837141735,0,0,0.580067993164063,1.63,0,-5400.240234375
100000000000000000000002,1,921625000,0,-41,0.47860200582032,0,0,0.580067993164063,1.63,0,-5400.240234375
100000000000000000000001,1,921625000,0,-44,5.04372883056799,0,0,0.580067993164063,1.63,0,-5400.240234375
100000000000000000000004,1,921625000,0,-49,5.24007837141735,0,0,0.580067993164063,1.63,0,-5400.240234375
100000000000000000000003,1,921625000,0,-43,2.56481587734479,0,0,0.580067993164063,1.63,0,-5400.240234375
100000000000000000000000,1,921625000,0,-47,5.22167060196272,0,0,0.580067993164063,1.63,0,-5400.240234375
100000000000000000000004,1,921625000,0,-49,5.23394244826581,0,0,0.580067993164063,1.63,0,-5400.240234375
100000000000000000000002,1,921625000,0,-41,0.490873852123405,0,0,0.580067993164063,1.63,0,-5400.240234375
100000000000000000000001,1,921625000,0,-44,5.00691329165873,0,0,0.580067993164063,1.63,0,-5400.240234375
100000000000000000000003,1,921625000,0,-43,2.57708772364788,0,0,0.580067993164063,1.63,0,-5400.240234375
100000000000000000000002,1,921625000,0,-41,0.490873852123405,0,0,0.580067993164063,1.63,0,-5400.240234375
100000000000000000000001,1,921625000,0,-44,5.02532106111336,0,0,0.580067993164063,1.63,0,-5400.240234375
100000000000000000000004,1,921625000,0,-49.5,5.22780652511427,0,0,0.580067993164063,1.63,0,-5400.240234375
100000000000000000000000,1,921625000,0,-47.5,5.22167060196272,0,0,0.580067993164063,1.63,0,-5400.240234375
100000000000000000000003,1,921625000,0,-43,2.58322364679942,0,0,0.580067993164063,1.63,0,-5400.240234375
100000000000000000000002,1,921625000,0,-41,0.484737928971863,0,0,0.580067993164063,1.63,0,-5400.240234375
100000000000000000000001,1,921625000,0,-44,5.03759290741645,0,0,0.580067993164063,1.63,0,-5400.240234375
100000000000000000000000,1,921625000,0,-47,5.22167060196272,0,0,0.580067993164063,1.63,0,-5400.240234375
100000000000000000000004,1,921625000,0,-49,5.25848614087198,0,0,0.580067993164063,1.63,0,-5400.240234375
100000000000000000000002,1,921625000,0,-41,0.527689391032661,0,0,0.580067993164063,1.63,0,-5400.240234375
100000000000000000000000,1,921625000,0,-47.5,5.22780652511427,0,0,0.580067993164063,1.63,0,-5400.240234375
100000000000000000000003,1,921625000,0,-43,2.56481587734479,0,0,0.580067993164063,1.63,0,-5400.240234375
100000000000000000000001,1,921625000,0,-44,5.03759290741645,0,0,0.580067993164063,1.63,0,-5400.240234375
100000000000000000000004,1,921625000,0,-49,5.24007837141735,0,0,0.580067993164063,1.63,0,-5400.240234375
100000000000000000000001,1,921625000,0,-44,5.04372883056799,0,0,0.580067993164063,1.63,0,-5400.240234375
100000000000000000000003,1,921625000,0,-43,2.57708772364788,0,0,0.580067993164063,1.63,0,-5400.240234375
100000000000000000000004,1,921625000,0,-49,5.25848614087198,0,0,0.580067993164063,1.63,0,-5400.240234375
100000000000000000000000,1,921625000,0,-47,5.22167060196272,0,0,0.580067993164063,1.63,0,-5400.240234375
100000000000000000000002,1,921625000,0,-41,0.47860200582032,0,0,0.580067993164063,1.63,0,-5400.240234375
100000000000000000000003,1,921625000,0,-43,2.55867995419325,0,0,0.580067993164063,1.63,0,-5400.240234375
100000000000000000000001,1,921625000,0,-44,5.03759290741645,0,0,0.580067993164063,1.63,0,-5400.240234375
100000000000000000000004,1,921625000,0,-49,5.23394244826581,0,0,0.580067993164063,1.63,0,-5400.240234375
100000000000000000000002,1,921625000,0,-41,0.490873852123405,0,0,0.580067993164063,1.63,0,-5400.240234375
100000000000000000000000,1,921625000,0,-47.5,5.2032628325081,0,0,0.580067993164063,1.63,0,-5400.240234375
100000000000000000000002,1,921625000,0,-41,0.497009775274948,0,0,0.580067993164063,1.63,0,-5400.240234375
100000000000000000000004,1,921625000,0,-49,5.21553467881118,0,0,0.580067993164063,1.63,0,-5400.240234375
100000000000000000000001,1,921625000,0,-44,5.02532106111336,0,0,0.580067993164063,1.63,0,-5400.240234375
100000000000000000000000,1,921625000,0,-47.5,5.24621429456889,0,0,0.580067993164063,1.63,0,-5400.240234375
100000000000000000000003,1,921625000,0,-43,2.55867995419325,0,0,0.580067993164063,1.63,0,-5400.240234375
100000000000000000000002,1,921625000,0,-41,0.521553467881118,0,0,0.580067993164063,1.63,0,-5400.240234375
100000000000000000000001,1,921625000,0,-44,5.03759290741645,0,0,0.580067993164063,1.63,0,-5400.240234375
100000000000000000000003,1,921625000,0,-43,2.55867995419325,0,0,0.580067993164063,1.63,0,-5400.240234375
100000000000000000000000,1,921625000,0,-47.5,5.22167060196272,0,0,0.580067993164063,1.63,0,-5400.240234375
100000000000000000000004,1,921625000,0,-49,5.22780652511427,0,0,0.580067993164063,1.63,0,-5400.240234375
100000000000000000000001,1,921625000,0,-44,5.04372883056799,0,0,0.580067993164063,1.63,0,-5400.240234375
100000000000000000000003,1,921625000,0,-43,2.58322364679942,0,0,0.580067993164063,1.63,0,-5400.240234375
100000000000000000000002,1,921625000,0,-41,0.50314569842649,0,0,0.580067993164063,1.63,0,-5400.240234375
100000000000000000000004,1,921625000,0,-49,5.23394244826581,0,0,0.580067993164063,1.63,0,-5400.240234375
100000000000000000000000,1,921625000,0,-47.5,5.22167060196272,0,0,0.580067993164063,1.63,0,-5400.240234375
100000000000000000000002,1,921625000,0,-41,0.509281621578033,0,0,0.580067993164063,1.63,0,-5400.240234375
100000000000000000000000,1,921625000,0,-47,5.18485506305347,0,0,0.580067993164063,1.63,0,-5400.240234375
100000000000000000000001,1,921625000,0,-44,5.04372883056799,0,0,0.580067993164063,1.63,0,-5400.240234375
100000000000000000000004,1,921625000,0,-49,5.24007837141735,0,0,0.580067993164063,1.63,0,-5400.240234375
100000000000000000000003,1,921625000,0,-43,2.55867995419325,0,0,0.580067993164063,1.63,0,-5400.240234375
100000000000000000000001,1,921625000,0,-44,5.04372883056799,0,0,0.580067993164063,1.63,0,-5400.240234375
100000000000000000000002,1,921625000,0,-41,0.497009775274948,0,0,0.580067993164063,1.63,0,-5400.240234375
100000000000000000000004,1,921625000,0,-49,5.24007837141735,0,0,0.580067993164063,1.63,0,-5400.240234375
100000000000000000000003,1,921625000,0,-43,2.55867995419325,0,0,0.580067993164063,1.63,0,-5400.240234375
100000000000000000000000,1,921625000,0,-47,5.23394244826581,0,0,0.580067993164063,1.63,0,-5400.240234375
100000000000000000000004,1,921625000,0,-49.5,5.24007837141735,0,0,0.580067993164063,1.63,0,-5400.240234375
100000000000000000000002,1,921625000,0,-41,0.509281621578033,0,0,0.580067993164063,1.63,0,-5400.240234375
100000000000000000000000,1,921625000,0,-47.5,5.25235021772044,0,0,0.580067993164063,1.63,0,-5400.240234375
100000000000000000000003,1,921625000,0,-43,2.57095180049633,0,0,0.580067993164063,1.63,0,-5400.240234375
100000000000000000000001,1,921625000,0,-44,5.03759290741645,0,0,0.580067993164063,1.63,0,-5400.240234375
100000000000000000000000,1,921625000,0,-47.5,5.24621429456889,0,0,0.580067993164063,1.63,0,-5400.240234375
100000000000000000000001,1,921625000,0,-44,5.05600067687107,0,0,0.580067993164063,1.63,0,-5400.240234375
100000000000000000000003,1,921625000,0,-43,2.56481587734479,0,0,0.580067993164063,1.63,0,-5400.240234375
100000000000000000000002,1,921625000,0,-41,0.490873852123405,0,0,0.580067993164063,1.63,0,-5400.240234375
100000000000000000000004,1,921625000,0,-49,5.23394244826581,0,0,0.580067993164063,1.63,0,-5400.240234375
100000000000000000000003,1,921625000,0,-43,2.54640810789016,0,0,0.580067993164063,1.63,0,-5400.240234375
100000000000000000000004,1,921625000,0,-49,5.22167060196272,0,0,0.580067993164063,1.63,0,-5400.240234375
100000000000000000000000,1,921625000,0,-47.5,5.22780652511427,0,0,0.580067993164063,1.63,0,-5400.240234375
100000000000000000000002,1,921625000,0,-41,0.515417544729575,0,0,0.580067993164063,1.63,0,-5400.240234375
100000000000000000000001,1,921625000,0,-44,5.04372883056799,0,0,0.580067993164063,1.63,0,-5400.240234375
100000000000000000000003,1,921625000,0,-43,2.56481587734479,0,0,0.580067993164063,1.63,0,-5400.240234375
100000000000000000000001,1,921625000,0,-44,5.04372883056799,0,0,0.580067993164063,1.63,0,-5400.240234375
100000000000000000000000,1,921625000,0,-47.5,5.22167060196272,0,0,0.580067993164063,1.63,0,-5400.240234375
100000000000000000000002,1,921625000,0,-41,0.484737928971863,0,0,0.580067993164063,1.63,0,-5400.240234375
100000000000000000000004,1,921625000,0,-49,5.24621429456889,0,0,0.580067993164063,1.63,0,-5400.240234375
100000000000000000000003,1,921625000,0,-43,2.57095180049633,0,0,0.580067993164063,1.63,0,-5400.240234375
100000000000000000000001,1,921625000,0,-44,5.00691329165873,0,0,0.580067993164063,1.63,0,-5400.240234375
100000000000000000000002,1,921625000,0,-41,0.521553467881118,0,0,0.580067993164063,1.63,0,-5400.240234375
100000000000000000000004,1,921625000,0,-49.5,5.21553467881118,0,0,0.580067993164063,1.63,0,-5400.240234375
100000000000000000000000,1,921625000,0,-47.5,5.24007837141735,0,0,0.580067993164063,1.63,0,-5400.240234375
100000000000000000000002,1,921625000,0,-41,0.490873852123405,0,0,0.580067993164063,1.63,0,-5400.240234375
100000000000000000000003,1,921625000,0,-43,2.57095180049633,0,0,0.580067993164063,1.63,0,-5400.240234375
100000000000000000000004,1,921625000,0,-49,5.23394244826581,0,0,0.580067993164063,1.63,0,-5400.240234375
100000000000000000000000,1,921625000,0,-47.5,5.22167060196272,0,0,0.580067993164063,1.63,0,-5400.240234375
100000000000000000000001,1,921625000,0,-44,5.04372883056799,0,0,0.580067993164063,1.63,0,-5400.240234375
100000000000000000000000,1,921625000,0,-47,5.24007837141735,0,0,0.580067993164063,1.63,0,-5400.240234375
100000000000000000000004,1,921625000,0,-49,5.24007837141735,0,0,0.580067993164063,1.63,0,-5400.240234375
100000000000000000000003,1,921625000,0,-43,2.56481587734479,0,0,0.580067993164063,1.63,0,-5400.240234375
100000000000000000000002,1,921625000,0,-41,0.472466082668777,0,0,0.580067993164063,1.63,0,-5400.240234375
100000000000000000000001,1,921625000,0,-44,5.04372883056799,0,0,0.580067993164063,1.63,0,-5400.240234375
100000000000000000000004,1,921625000,0,-49,5.24621429456889,0,0,0.580067993164063,1.63,0,-5400.240234375
100000000000000000000001,1,921625000,0,-44,5.01304921481028,0,0,0.580067993164063,1.63,0,-5400.240234375
100000000000000000000003,1,921625000,0,-43,2.58935956995096,0,0,0.580067993164063,1.63,0,-5400.240234375
100000000000000000000000,1,921625000,0,-47.5,5.24621429456889,0,0,0.580067993164063,1.63,0,-5400.240234375
100000000000000000000002,1,921625000,0,-41,0.521553467881118,0,0,0.580067993164063,1.63,0,-5400.240234375
100000000000000000000000,1,921625000,0,-47.5,5.22167060196272,0,0,0.580067993164063,1.63,0,-5400.240234375
100000000000000000000002,1,921625000,0,-41,0.515417544729575,0,0,0.580067993164063,1.63,0,-5400.240234375
100000000000000000000001,1,921625000,0,-44,5.03759290741645,0,0,0.580067993164063,1.63,0,-5400.240234375
100000000000000000000003,1,921625000,0,-43,2.55254403104171,0,0,0.580067993164063,1.63,0,-5400.240234375
100000000000000000000004,1,921625000,0,-49,5.25235021772044,0,0,0.580067993164063,1.63,0,-5400.240234375
100000000000000000000001,1,921625000,0,-44,5.05600067687107,0,0,0.580067993164063,1.63,0,-5400.240234375
100000000000000000000004,1,921625000,0,-49,5.24007837141735,0,0,0.580067993164063,1.63,0,-5400.240234375
100000000000000000000000,1,921625000,0,-47.5,5.22167060196272,0,0,0.580067993164063,1.63,0,-5400.240234375
100000000000000000000003,1,921625000,0,-43,2.57095180049633,0,0,0.580067993164063,1.63,0,-5400.240234375
100000000000000000000002,1,921625000,0,-41,0.515417544729575,0,0,0.580067993164063,1.63,0,-5400.240234375
100000000000000000000000,1,921625000,0,-47.5,5.23394244826581,0,0,0.580067993164063,1.63,0,-5400.240234375
100000000000000000000001,1,921625000,0,-44,5.03759290741645,0,0,0.580067993164063,1.63,0,-5400.240234375
100000000000000000000003,1,921625000,0,-43,2.57708772364788,0,0,0.580067993164063,1.63,0,-5400.240234375
100000000000000000000002,1,921625000,0,-41,0.515417544729575,0,0,0.580067993164063,1.63,0,-5400.240234375
100000000000000000000004,1,921625000,0,-49,5.23394244826581,0,0,0.580067993164063,1.63,0,-5400.240234375
100000000000000000000003,1,921625000,0,-43,2.56481587734479,0,0,0.580067993164063,1.63,0,-5400.240234375
100000000000000000000004,1,921625000,0,-49,5.24621429456889,0,0,0.580067993164063,1.63,0,-5400.240234375
100000000000000000000002,1,921625000,0,-41,0.490873852123405,0,0,0.580067993164063,1.63,0,-5400.240234375
100000000000000000000000,1,921625000,0,-47,5.23394244826581,0,0,0.580067993164063,1.63,0,-5400.240234375
100000000000000000000001,1,921625000,0,-44,5.05600067687107,0,0,0.580067993164063,1.63,0,-5400.240234375
100000000000000000000000,1,921625000,0,-47.5,5.2032628325081,0,0,0.580067993164063,1.63,0,-5400.240234375
100000000000000000000003,1,921625000,0,-43,2.57095180049633,0,0,0.580067993164063,1.63,0,-5400.240234375
100000000000000000000001,1,921625000,0,-44,5.0314569842649,0,0,0.580067993164063,1.63,0,-5400.240234375
100000000000000000000002,1,921625000,0,-41,0.497009775274948,0,0,0.580067993164063,1.63,0,-5400.240234375
100000000000000000000004,1,921625000,0,-49,5.24621429456889,0,0,0.580067993164063,1.63,0,-5400.240234375
100000000000000000000001,1,921625000,0,-44,5.02532106111336,0,0,0.580067993164063,1.63,0,-5400.240234375
100000000000000000000002,1,921625000,0,-41,0.50314569842649,0,0,0.580067993164063,1.63,0,-5400.240234375
100000000000000000000000,1,921625000,0,-47.5,5.24621429456889,0,0,0.580067993164063,1.63,0,-5400.240234375
100000000000000000000003,1,921625000,0,-43,2.57095180049633,0,0,0.580067993164063,1.63,0,-5400.240234375
100000000000000000000004,1,921625000,0,-49,5.24621429456889,0,0,0.580067993164063,1.63,0,-5400.240234375
100000000000000000000002,1,921625000,0,-41,0.521553467881118,0,0,0.580067993164063,1.63,0,-5400.240234375
100000000000000000000001,1,921625000,0,-44,5.04986475371953,0,0,0.580067993164063,1.63,0,-5400.240234375
100000000000000000000000,1,921625000,0,-47.5,5.24007837141735,0,0,0.580067993164063,1.63,0,-5400.240234375
100000000000000000000003,1,921625000,0,-43,2.57708772364788,0,0,0.580067993164063,1.63,0,-5400.240234375
100000000000000000000004,1,921625000,0,-49,5.23394244826581,0,0,0.580067993164063,1.63,0,-5400.240234375
100000000000000000000002,1,921625000,0,-41,0.47860200582032,0,0,0.580067993164063,1.63,0,-5400.240234375
100000000000000000000004,1,921625000,0,-49,5.22780652511427,0,0,0.580067993164063,1.63,0,-5400.240234375
100000000000000000000003,1,921625000,0,-43,2.55867995419325,0,0,0.580067993164063,1.63,0,-5400.240234375
100000000000000000000000,1,921625000,0,-47.5,5.24007837141735,0,0,0.580067993164063,1.63,0,-5400.240234375
100000000000000000000001,1,921625000,0,-44,5.02532106111336,0,0,0.580067993164063,1.63,0,-5400.240234375
100000000000000000000001,1,921625000,0,-44,5.0314569842649,0,0,0.580067993164063,1.63,0,-5400.240234375
100000000000000000000000,1,921625000,0,-47.5,5.22780652511427,0,0,0.580067993164063,1.63,0,-5400.240234375
100000000000000000000003,1,921625000,0,-43,2.57708772364788,0,0,0.580067993164063,1.63,0,-5400.240234375
100000000000000000000002,1,921625000,0,-41,0.509281621578033,0,0,0.580067993164063,1.63,0,-5400.240234375
100000000000000000000004,1,921625000,0,-49,5.22167060196272,0,0,0.580067993164063,1.63,0,-5400.240234375
100000000000000000000004,1,921625000,0,-49,5.20939875565964,0,0,0.580067993164063,1.63,0,-5400.240234375
100000000000000000000002,1,921625000,0,-41,0.490873852123405,0,0,0.580067993164063,1.63,0,-5400.240234375
100000000000000000000000,1,921625000,0,-47.5,5.22167060196272,0,0,0.580067993164063,1.63,0,-5400.240234375
100000000000000000000003,1,921625000,0,-43,2.57708772364788,0,0,0.580067993164063,1.63,0,-5400.240234375
100000000000000000000001,1,921625000,0,-44,5.0314569842649,0,0,0.580067993164063,1.63,0,-5400.240234375
100000000000000000000000,1,921625000,0,-47.5,5.25235021772044,0,0,0.580067993164063,1.63,0,-5400.240234375
100000000000000000000002,1,921625000,0,-41,0.497009775274948,0,0,0.580067993164063,1.63,0,-5400.240234375
100000000000000000000003,1,921625000,0,-43,2.57708772364788,0,0,0.580067993164063,1.63,0,-5400.240234375
100000000000000000000004,1,921625000,0,-49,5.23394244826581,0,0,0.580067993164063,1.63,0,-5400.240234375
100000000000000000000001,1,921625000,0,-44,5.0314569842649,0,0,0.580067993164063,1.63,0,-5400.240234375
100000000000000000000003,1,921625000,0,-43,2.57708772364788,0,0,0.580067993164063,1.63,0,-5400.240234375
100000000000000000000002,1,921625000,0,-41,0.509281621578033,0,0,0.580067993164063,1.63,0,-5400.240234375
100000000000000000000004,1,921625000,0,-49,5.24007837141735,0,0,0.580067993164063,1.63,0,-5400.240234375
100000000000000000000000,1,921625000,0,-47,5.22780652511427,0,0,0.580067993164063,1.63,0,-5400.240234375
100000000000000000000001,1,921625000,0,-44,5.02532106111336,0,0,0.580067993164063,1.63,0,-5400.240234375
100000000000000000000000,1,921625000,0,-47.5,5.20939875565964,0,0,0.580067993164063,1.63,0,-5400.240234375
100000000000000000000004,1,921625000,0,-49,5.23394244826581,0,0,0.580067993164063,1.63,0,-5400.240234375
100000000000000000000001,1,921625000,0,-44,5.04986475371953,0,0,0.580067993164063,1.63,0,-5400.240234375
100000000000000000000003,1,921625000,0,-43,2.57095180049633,0,0,0.580067993164063,1.63,0,-5400.240234375
100000000000000000000002,1,921625000,0,-41,0.484737928971863,0,0,0.580067993164063,1.63,0,-5400.240234375
100000000000000000000004,1,921625000,0,-49,5.23394244826581,0,0,0.580067993164063,1.63,0,-5400.240234375
100000000000000000000001,1,921625000,0,-44,5.0314569842649,0,0,0.580067993164063,1.63,0,-5400.240234375
100000000000000000000000,1,921625000,0,-47.5,5.20939875565964,0,0,0.580067993164063,1.63,0,-5400.240234375
100000000000000000000002,1,921625000,0,-41,0.497009775274948,0,0,0.580067993164063,1.63,0,-5400.240234375
100000000000000000000003,1,921625000,0,-43,2.57095180049633,0,0,0.580067993164063,1.63,0,-5400.240234375
100000000000000000000001,1,921625000,0,-44,5.03759290741645,0,0,0.580067993164063,1.63,0,-5400.240234375
100000000000000000000004,1,921625000,0,-49,5.23394244826581,0,0,0.580067993164063,1.63,0,-5400.240234375
100000000000000000000002,1,921625000,0,-41,0.47860200582032,0,0,0.580067993164063,1.63,0,-5400.240234375
100000000000000000000003,1,921625000,0,-43,2.57095180049633,0,0,0.580067993164063,1.63,0,-5400.240234375
100000000000000000000000,1,921625000,0,-47,5.23394244826581,0,0,0.580067993164063,1.63,0,-5400.240234375
100000000000000000000000,1,921625000,0,-47,5.22780652511427,0,0,0.580067993164063,1.63,0,-5400.240234375
100000000000000000000003,1,921625000,0,-43,2.56481587734479,0,0,0.580067993164063,1.63,0,-5400.240234375
100000000000000000000004,1,921625000,0,-49,5.22780652511427,0,0,0.580067993164063,1.63,0,-5400.240234375
100000000000000000000001,1,921625000,0,-44,5.0314569842649,0,0,0.580067993164063,1.63,0,-5400.240234375
100000000000000000000002,1,921625000,0,-41,0.47860200582032,0,0,0.580067993164063,1.63,0,-5400.240234375
100000000000000000000004,1,921625000,0,-49,5.22780652511427,0,0,0.580067993164063,1.63,0,-5400.240234375
100000000000000000000001,1,921625000,0,-44,5.0314569842649,0,0,0.580067993164063,1.63,0,-5400.240234375
100000000000000000000002,1,921625000,0,-41,0.484737928971863,0,0,0.580067993164063,1.63,0,-5400.240234375
100000000000000000000003,1,921625000,0,-43,2.55867995419325,0,0,0.580067993164063,1.63,0,-5400.240234375
100000000000000000000000,1,921625000,0,-47.5,5.22780652511427,0,0,0.580067993164063,1.63,0,-5400.240234375
100000000000000000000000,1,921625000,0,-47.5,5.22780652511427,0,0,0.580067993164063,1.63,0,-5400.240234375
100000000000000000000003,1,921625000,0,-43,2.58322364679942,0,0,0.580067993164063,1.63,0,-5400.240234375
100000000000000000000004,1,921625000,0,-49,5.24621429456889,0,0,0.580067993164063,1.63,0,-5400.240234375
100000000000000000000002,1,921625000,0,-41,0.521553467881118,0,0,0.580067993164063,1.63,0,-5400.240234375
100000000000000000000001,1,921625000,0,-44,5.0314569842649,0,0,0.580067993164063,1.63,0,-5400.240234375
100000000000000000000000,1,921625000,0,-47.5,5.21553467881118,0,0,0.580067993164063,1.63,0,-5400.240234375
100000000000000000000002,1,921625000,0,-41,0.509281621578033,0,0,0.580067993164063,1.63,0,-5400.240234375
100000000000000000000001,1,921625000,0,-44,5.00691329165873,0,0,0.580067993164063,1.63,0,-5400.240234375
100000000000000000000003,1,921625000,0,-43,2.57095180049633,0,0,0.580067993164063,1.63,0,-5400.240234375
100000000000000000000004,1,921625000,0,-49,5.23394244826581,0,0,0.580067993164063,1.63,0,-5400.240234375
100000000000000000000000,1,921625000,0,-47.5,5.22167060196272,0,0,0.580067993164063,1.63,0,-5400.240234375
100000000000000000000001,1,921625000,0,-44,5.0314569842649,0,0,0.580067993164063,1.63,0,-5400.240234375
100000000000000000000002,1,921625000,0,-41,0.497009775274948,0,0,0.580067993164063,1.63,0,-5400.240234375
100000000000000000000004,1,921625000,0,-49,5.23394244826581,0,0,0.580067993164063,1.63,0,-5400.240234375
100000000000000000000003,1,921625000,0,-43,2.57708772364788,0,0,0.580067993164063,1.63,0,-5400.240234375
100000000000000000000003,1,921625000,0,-43,2.57708772364788,0,0,0.580067993164063,1.63,0,-5400.240234375
100000000000000000000000,1,921625000,0,-47.5,5.24007837141735,0,0,0.580067993164063,1.63,0,-5400.240234375
100000000000000000000001,1,921625000,0,-44,5.02532106111336,0,0,0.580067993164063,1.63,0,-5400.240234375
100000000000000000000002,1,921625000,0,-41,0.521553467881118,0,0,0.580067993164063,1.63,0,-5400.240234375
100000000000000000000004,1,921625000,0,-49,5.24621429456889,0,0,0.580067993164063,1.63,0,-5400.240234375
100000000000000000000001,1,921625000,0,-44,5.03759290741645,0,0,0.580067993164063,1.63,0,-5400.240234375
100000000000000000000004,1,921625000,0,-49,5.23394244826581,0,0,0.580067993164063,1.63,0,-5400.240234375
100000000000000000000000,1,921625000,0,-47.5,5.23394244826581,0,0,0.580067993164063,1.63,0,-5400.240234375
100000000000000000000003,1,921625000,0,-43,2.57708772364788,0,0,0.580067993164063,1.63,0,-5400.240234375
100000000000000000000002,1,921625000,0,-41,0.509281621578033,0,0,0.580067993164063,1.63,0,-5400.240234375
100000000000000000000000,1,921625000,0,-47.5,5.22167060196272,0,0,0.580067993164063,1.63,0,-5400.240234375
100000000000000000000004,1,921625000,0,-49,5.24007837141735,0,0,0.580067993164063,1.63,0,-5400.240234375
100000000000000000000001,1,921625000,0,-44,5.0314569842649,0,0,0.580067993164063,1.63,0,-5400.240234375
100000000000000000000003,1,921625000,0,-43,2.57708772364788,0,0,0.580067993164063,1.63,0,-5400.240234375
100000000000000000000002,1,921625000,0,-41,0.509281621578033,0,0,0.580067993164063,1.63,0,-5400.240234375
100000000000000000000000,1,921625000,0,-47.5,5.24007837141735,0,0,0.580067993164063,1.63,0,-5400.240234375
100000000000000000000004,1,921625000,0,-49,5.24007837141735,0,0,0.580067993164063,1.63,0,-5400.240234375
100000000000000000000002,1,921625000,0,-41,0.515417544729575,0,0,0.580067993164063,1.63,0,-5400.240234375
100000000000000000000001,1,921625000,0,-44,5.01918513796182,0,0,0.580067993164063,1.63,0,-5400.240234375
100000000000000000000003,1,921625000,0,-43,2.57095180049633,0,0,0.580067993164063,1.63,0,-5400.240234375
100000000000000000000003,1,922125000,0,-42.5,2.82252464970958,0,0,0.580067993164063,1.63,0,-5400.240234375
100000000000000000000002,1,922125000,0,-41,0.74244670133665,0,0,0.580067993164063,1.63,0,-5400.240234375
100000000000000000000001,1,922125000,0,-44,5.24621429456889,0,0,0.580067993164063,1.63,0,-5400.240234375
100000000000000000000004,1,922125000,0,-49.5,5.41188421966054,0,0,0.580067993164063,1.63,0,-5400.240234375
100000000000000000000000,1,922125000,0,-48,5.46710752802443,0,0,0.580067993164063,1.63,0,-5400.240234375
100000000000000000000003,1,922125000,0,-43,2.82252464970958,0,0,0.580067993164063,1.63,0,-5400.240234375
100000000000000000000002,1,922125000,0,-41.5,0.754718547639736,0,0,0.580067993164063,1.63,0,-5400.240234375
100000000000000000000000,1,922125000,0,-48,5.51005899008522,0,0,0.580067993164063,1.63,0,-5400.240234375
100000000000000000000004,1,922125000,0,-49.5,5.42415606596363,0,0,0.580067993164063,1.63,0,-5400.240234375
100000000000000000000001,1,922125000,0,-44,5.24621429456889,0,0,0.580067993164063,1.63,0,-5400.240234375
100000000000000000000003,1,922125000,0,-43,2.81638872655804,0,0,0.580067993164063,1.63,0,-5400.240234375
100000000000000000000001,1,922125000,0,-44,5.25235021772044,0,0,0.580067993164063,1.63,0,-5400.240234375
100000000000000000000002,1,922125000,0,-41.5,0.711767085578938,0,0,0.580067993164063,1.63,0,-5400.240234375
100000000000000000000004,1,922125000,0,-49.5,5.41188421966054,0,0,0.580067993164063,1.63,0,-5400.240234375
100000000000000000000000,1,922125000,0,-48,5.47324345117597,0,0,0.580067993164063,1.63,0,-5400.240234375
100000000000000000000003,1,922125000,0,-42.5,2.81638872655804,0,0,0.580067993164063,1.63,0,-5400.240234375
100000000000000000000000,1,922125000,0,-47.5,5.4916512206306,0,0,0.580067993164063,1.63,0,-5400.240234375
100000000000000000000004,1,922125000,0,-49.5,5.405748296509,0,0,0.580067993164063,1.63,0,-5400.240234375
100000000000000000000002,1,922125000,0,-41.5,0.748582624488193,0,0,0.580067993164063,1.63,0,-5400.240234375
100000000000000000000001,1,922125000,0,-44,5.25235021772044,0,0,0.580067993164063,1.63,0,-5400.240234375
100000000000000000000000,1,922125000,0,-47.5,5.49778714378214,0,0,0.580067993164063,1.63,0,-5400.240234375
100000000000000000000002,1,922125000,0,-41,0.748582624488193,0,0,0.580067993164063,1.63,0,-5400.240234375
100000000000000000000003,1,922125000,0,-43,2.81638872655804,0,0,0.580067993164063,1.63,0,-5400.240234375
100000000000000000000001,1,922125000,0,-44,5.26462206402352,0,0,0.580067993164063,1.63,0,-5400.240234375
100000000000000000000004,1,922125000,0,-49.5,5.405748296509,0,0,0.580067993164063,1.63,0,-5400.240234375
100000000000000000000002,1,922125000,0,-41,0.74244670133665,0,0,0.580067993164063,1.63,0,-5400.240234375
100000000000000000000000,1,922125000,0,-48,5.50392306693368,0,0,0.580067993164063,1.63,0,-5400.240234375
100000000000000000000001,1,922125000,0,-44,5.24621429456889,0,0,0.580067993164063,1.63,0,-5400.240234375
100000000000000000000004,1,922125000,0,-49.5,5.41188421966054,0,0,0.580067993164063,1.63,0,-5400.240234375
100000000000000000000003,1,922125000,0,-43,2.82866057286112,0,0,0.580067993164063,1.63,0,-5400.240234375
100000000000000000000001,1,922125000,0,-44,5.22167060196272,0,0,0.580067993164063,1.63,0,-5400.240234375
100000000000000000000000,1,922125000,0,-48,5.48551529747905,0,0,0.580067993164063,1.63,0,-5400.240234375
100000000000000000000002,1,922125000,0,-41,0.754718547639736,0,0,0.580067993164063,1.63,0,-5400.240234375
100000000000000000000004,1,922125000,0,-49.5,5.39961237335746,0,0,0.580067993164063,1.63,0,-5400.240234375
100000000000000000000003,1,922125000,0,-42.5,2.81638872655804,0,0,0.580067993164063,1.63,0,-5400.240234375
100000000000000000000001,1,922125000,0,-44,5.24621429456889,0,0,0.580067993164063,1.63,0,-5400.240234375
100000000000000000000000,1,922125000,0,-48,5.46710752802443,0,0,0.580067993164063,1.63,0,-5400.240234375
100000000000000000000003,1,922125000,0,-43,2.80411688025495,0,0,0.580067993164063,1.63,0,-5400.240234375
100000000000000000000002,1,922125000,0,-41,0.748582624488193,0,0,0.580067993164063,1.63,0,-5400.240234375
100000000000000000000004,1,922125000,0,-49.5,5.43642791226671,0,0,0.580067993164063,1.63,0,-5400.240234375
100000000000000000000000,1,922125000,0,-48,5.49778714378214,0,0,0.580067993164063,1.63,0,-5400.240234375
100000000000000000000004,1,922125000,0,-49.5,5.39961237335746,0,0,0.580067993164063,1.63,0,-5400.240234375
100000000000000000000002,1,922125000,0,-41,0.754718547639736,0,0,0.580067993164063,1.63,0,-5400.240234375
100000000000000000000001,1,922125000,0,-44,5.24621429456889,0,0,0.580067993164063,1.63,0,-5400.240234375
100000000000000000000003,1,922125000,0,-42.5,2.82252464970958,0,0,0.580067993164063,1.63,0,-5400.240234375
100000000000000000000001,1,922125000,0,-44,5.25848614087198,0,0,0.580067993164063,1.63,0,-5400.240234375
100000000000000000000002,1,922125000,0,-41.5,0.748582624488193,0,0,0.580067993164063,1.63,0,-5400.240234375
100000000000000000000004,1,922125000,0,-49.5,5.41802014281208,0,0,0.580067993164063,1.63,0,-5400.240234375
100000000000000000000000,1,922125000,0,-48,5.47324345117597,0,0,0.580067993164063,1.63,0,-5400.240234375
100000000000000000000003,1,922125000,0,-43,2.81025280340649,0,0,0.580067993164063,1.63,0,-5400.240234375
100000000000000000000003,1,922125000,0,-42.5,2.82866057286112,0,0,0.580067993164063,1.63,0,-5400.240234375
100000000000000000000004,1,922125000,0,-49.5,5.44256383541826,0,0,0.580067993164063,1.63,0,-5400.240234375
100000000000000000000001,1,922125000,0,-44,5.25848614087198,0,0,0.580067993164063,1.63,0,-5400.240234375
100000000000000000000002,1,922125000,0,-41,0.760854470791278,0,0,0.580067993164063,1.63,0,-5400.240234375
100000000000000000000000,1,922125000,0,-48,5.45483568172134,0,0,0.580067993164063,1.63,0,-5400.240234375
100000000000000000000001,1,922125000,0,-44,5.25235021772044,0,0,0.580067993164063,1.63,0,-5400.240234375
100000000000000000000004,1,922125000,0,-49.5,5.41802014281208,0,0,0.580067993164063,1.63,0,-5400.240234375
100000000000000000000000,1,922125000,0,-48,5.4916512206306,0,0,0.580067993164063,1.63,0,-5400.240234375
100000000000000000000003,1,922125000,0,-43,2.82252464970958,0,0,0.580067993164063,1.63,0,-5400.240234375
100000000000000000000002,1,922125000,0,-41,0.760854470791278,0,0,0.580067993164063,1.63,0,-5400.240234375
100000000000000000000002,1,922125000,0,-41,0.724038931882022,0,0,0.580067993164063,1.63,0,-5400.240234375
100000000000000000000000,1,922125000,0,-48,5.49778714378214,0,0,0.580067993164063,1.63,0,-5400.240234375
100000000000000000000004,1,922125000,0,-49.5,5.43029198911517,0,0,0.580067993164063,1.63,0,-5400.240234375
100000000000000000000001,1,922125000,0,-44,5.23394244826581,0,0,0.580067993164063,1.63,0,-5400.240234375
100000000000000000000003,1,922125000,0,-43,2.81638872655804,0,0,0.580067993164063,1.63,0,-5400.240234375
100000000000000000000002,1,922125000,0,-41,0.748582624488193,0,0,0.580067993164063,1.63,0,-5400.240234375
100000000000000000000003,1,922125000,0,-42.5,2.82252464970958,0,0,0.580067993164063,1.63,0,-5400.240234375
100000000000000000000001,1,922125000,0,-44,5.25848614087198,0,0,0.580067993164063,1.63,0,-5400.240234375
100000000000000000000004,1,922125000,0,-49.5,5.44256383541826,0,0,0.580067993164063,1.63,0,-5400.240234375
100000000000000000000000,1,922125000,0,-48,5.51005899008522,0,0,0.580067993164063,1.63,0,-5400.240234375
100000000000000000000003,1,922125000,0,-42.5,2.82252464970958,0,0,0.580067993164063,1.63,0,-5400.240234375
100000000000000000000001,1,922125000,0,-44,5.26462206402352,0,0,0.580067993164063,1.63,0,-5400.240234375
100000000000000000000002,1,922125000,0,-41,0.74244670133665,0,0,0.580067993164063,1.63,0,-5400.240234375
100000000000000000000004,1,922125000,0,-49.5,5.43642791226671,0,0,0.580067993164063,1.63,0,-5400.240234375
100000000000000000000000,1,922125000,0,-48,5.51005899008522,0,0,0.580067993164063,1.63,0,-5400.240234375
100000000000000000000000,1,922125000,0,-48,5.47937937432751,0,0,0.580067993164063,1.63,0,-5400.240234375
100000000000000000000002,1,922125000,0,-41,0.748582624488193,0,0,0.580067993164063,1.63,0,-5400.240234375
100000000000000000000004,1,922125000,0,-49.5,5.41802014281208,0,0,0.580067993164063,1.63,0,-5400.240234375
100000000000000000000003,1,922125000,0,-42.5,2.81025280340649,0,0,0.580067993164063,1.63,0,-5400.240234375
100000000000000000000001,1,922125000,0,-44,5.25848614087198,0,0,0.580067993164063,1.63,0,-5400.240234375
100000000000000000000000,1,922125000,0,-48,5.4916512206306,0,0,0.580067993164063,1.63,0,-5400.240234375
100000000000000000000002,1,922125000,0,-41,0.754718547639736,0,0,0.580067993164063,1.63,0,-5400.240234375
100000000000000000000001,1,922125000,0,-44,5.24621429456889,0,0,0.580067993164063,1.63,0,-5400.240234375
100000000000000000000004,1,922125000,0,-49.5,5.42415606596363,0,0,0.580067993164063,1.63,0,-5400.240234375
100000000000000000000003,1,922125000,0,-42.5,2.81638872655804,0,0,0.580067993164063,1.63,0,-5400.240234375
100000000000000000000004,1,922125000,0,-49.5,5.42415606596363,0,0,0.580067993164063,1.63,0,-5400.240234375
100000000000000000000001,1,922125000,0,-44,5.25848614087198,0,0,0.580067993164063,1.63,0,-5400.240234375
100000000000000000000002,1,922125000,0,-41,0.748582624488193,0,0,0.580067993164063,1.63,0,-5400.240234375
100000000000000000000003,1,922125000,0,-42.5,2.81638872655804,0,0,0.580067993164063,1.63,0,-5400.240234375
100000000000000000000000,1,922125000,0,-48,5.50392306693368,0,0,0.580067993164063,1.63,0,-5400.240234375
100000000000000000000003,1,922125000,0,-42.5,2.81025280340649,0,0,0.580067993164063,1.63,0,-5400.240234375
100000000000000000000000,1,922125000,0,-48,5.48551529747905,0,0,0.580067993164063,1.63,0,-5400.240234375
100000000000000000000001,1,922125000,0,-44,5.27075798717506,0,0,0.580067993164063,1.63,0,-5400.240234375
100000000000000000000004,1,922125000,0,-49.5,5.42415606596363,0,0,0.580067993164063,1.63,0,-5400.240234375
100000000000000000000002,1,922125000,0,-41,0.754718547639736,0,0,0.580067993164063,1.63,0,-5400.240234375
100000000000000000000000,1,922125000,0,-48,5.47324345117597,0,0,0.580067993164063,1.63,0,-5400.240234375
100000000000000000000003,1,922125000,0,-43,2.81638872655804,0,0,0.580067993164063,1.63,0,-5400.240234375
100000000000000000000002,1,922125000,0,-41,0.748582624488193,0,0,0.580067993164063,1.63,0,-5400.240234375
100000000000000000000001,1,922125000,0,-44,5.24007837141735,0,0,0.580067993164063,1.63,0,-5400.240234375
100000000000000000000004,1,922125000,0,-49.5,5.41802014281208,0,0,0.580067993164063,1.63,0,-5400.240234375
100000000000000000000002,1,922125000,0,-41,0.754718547639736,0,0,0.580067993164063,1.63,0,-5400.240234375
100000000000000000000003,1,922125000,0,-43,2.81025280340649,0,0,0.580067993164063,1.63,0,-5400.240234375
100000000000000000000000,1,922125000,0,-48,5.4916512206306,0,0,0.580067993164063,1.63,0,-5400.240234375
100000000000000000000001,1,922125000,0,-44,5.25235021772044,0,0,0.580067993164063,1.63,0,-5400.240234375
100000000000000000000004,1,922125000,0,-49.5,5.43642791226671,0,0,0.580067993164063,1.63,0,-5400.240234375
100000000000000000000004,1,922125000,0,-49.5,5.405748296509,0,0,0.580067993164063,1.63,0,-5400.240234375
100000000000000000000001,1,922125000,0,-44,5.25848614087198,0,0,0.580067993164063,1.63,0,-5400.240234375
100000000000000000000003,1,922125000,0,-42.5,2.81638872655804,0,0,0.580067993164063,1.63,0,-5400.240234375
100000000000000000000000,1,922125000,0,-48,5.47324345117597,0,0,0.580067993164063,1.63,0,-5400.240234375
100000000000000000000002,1,922125000,0,-41,0.754718547639736,0,0,0.580067993164063,1.63,0,-5400.240234375
100000000000000000000001,1,922125000,0,-44,5.27075798717506,0,0,0.580067993164063,1.63,0,-5400.240234375
100000000000000000000002,1,922125000,0,-41,0.74244670133665,0,0,0.580067993164063,1.63,0,-5400.240234375
100000000000000000000004,1,922125000,0,-49.5,5.41188421966054,0,0,0.580067993164063,1.63,0,-5400.240234375
100000000000000000000003,1,922125000,0,-42.5,2.81638872655804,0,0,0.580067993164063,1.63,0,-5400.240234375
100000000000000000000000,1,922125000,0,-47.5,5.47937937432751,0,0,0.580067993164063,1.63,0,-5400.240234375
100000000000000000000000,1,922125000,0,-48,5.49778714378214,0,0,0.580067993164063,1.63,0,-5400.240234375
100000000000000000000003,1,922125000,0,-42.5,2.82866057286112,0,0,0.580067993164063,1.63,0,-5400.240234375
100000000000000000000002,1,922125000,0,-41,0.724038931882022,0,0,0.580067993164063,1.63,0,-5400.240234375
100000000000000000000004,1,922125000,0,-49,5.43029198911517,0,0,0.580067993164063,1.63,0,-5400.240234375
100000000000000000000001,1,922125000,0,-44,5.25848614087198,0,0,0.580067993164063,1.63,0,-5400.240234375
100000000000000000000000,1,922125000,0,-48,5.51005899008522,0,0,0.580067993164063,1.63,0,-5400.240234375
100000000000000000000001,1,922125000,0,-44,5.21553467881118,0,0,0.580067993164063,1.63,0,-5400.240234375
100000000000000000000003,1,922125000,0,-43,2.81025280340649,0,0,0.580067993164063,1.63,0,-5400.240234375
100000000000000000000004,1,922125000,0,-49.5,5.405748296509,0,0,0.580067993164063,1.63,0,-5400.240234375
100000000000000000000002,1,922125000,0,-41,0.754718547639736,0,0,0.580067993164063,1.63,0,-5400.240234375
100000000000000000000002,1,922125000,0,-41,0.760854470791278,0,0,0.580067993164063,1.63,0,-5400.240234375
100000000000000000000001,1,922125000,0,-44,5.23394244826581,0,0,0.580067993164063,1.63,0,-5400.240234375
100000000000000000000003,1,922125000,0,-42.5,2.81025280340649,0,0,0.580067993164063,1.63,0,-5400.240234375
100000000000000000000004,1,922125000,0,-49,5.42415606596363,0,0,0.580067993164063,1.63,0,-5400.240234375
100000000000000000000000,1,922125000,0,-48,5.47937937432751,0,0,0.580067993164063,1.63,0,-5400.240234375
100000000000000000000002,1,922125000,0,-41,0.724038931882022,0,0,0.580067993164063,1.63,0,-5400.240234375
100000000000000000000000,1,922125000,0,-48,5.49778714378214,0,0,0.580067993164063,1.63,0,-5400.240234375
100000000000000000000001,1,922125000,0,-44,5.25848614087198,0,0,0.580067993164063,1.63,0,-5400.240234375
100000000000000000000003,1,922125000,0,-42.5,2.81638872655804,0,0,0.580067993164063,1.63,0,-5400.240234375
100000000000000000000004,1,922125000,0,-49.5,5.405748296509,0,0,0.580067993164063,1.63,0,-5400.240234375
100000000000000000000004,1,922125000,0,-49.5,5.43029198911517,0,0,0.580067993164063,1.63,0,-5400.240234375
100000000000000000000002,1,922125000,0,-41,0.74244670133665,0,0,0.580067993164063,1.63,0,-5400.240234375
100000000000000000000001,1,922125000,0,-44,5.25235021772044,0,0,0.580067993164063,1.63,0,-5400.240234375
100000000000000000000003,1,922125000,0,-42.5,2.83479649601267,0,0,0.580067993164063,1.63,0,-5400.240234375
100000000000000000000000,1,922125000,0,-48,5.47324345117597,0,0,0.580067993164063,1.63,0,-5400.240234375
100000000000000000000003,1,922125000,0,-43,2.81638872655804,0,0,0.580067993164063,1.63,0,-5400.240234375
100000000000000000000002,1,922125000,0,-41.5,0.754718547639736,0,0,0.580067993164063,1.63,0,-5400.240234375
100000000000000000000004,1,922125000,0,-49,5.43029198911517,0,0,0.580067993164063,1.63,0,-5400.240234375
100000000000000000000001,1,922125000,0,-44,5.24621429456889,0,0,0.580067993164063,1.63,0,-5400.240234375
100000000000000000000000,1,922125000,0,-48,5.47937937432751,0,0,0.580067993164063,1.63,0,-5400.240234375
100000000000000000000004,1,922125000,0,-49.5,5.44256383541826,0,0,0.580067993164063,1.63,0,-5400.240234375
100000000000000000000000,1,922125000,0,-48,5.4916512206306,0,0,0.580067993164063,1.63,0,-5400.240234375
100000000000000000000002,1,922125000,0,-41,0.74244670133665,0,0,0.580067993164063,1.63,0,-5400.240234375
100000000000000000000001,1,922125000,0,-44,5.24621429456889,0,0,0.580067993164063,1.63,0,-5400.240234375
100000000000000000000003,1,922125000,0,-42.5,2.82252464970958,0,0,0.580067993164063,1.63,0,-5400.240234375
100000000000000000000001,1,922125000,0,-44,5.25848614087198,0,0,0.580067993164063,1.63,0,-5400.240234375
100000000000000000000004,1,922125000,0,-49,5.39347645020591,0,0,0.580067993164063,1.63,0,-5400.240234375
100000000000000000000000,1,922125000,0,-48,5.50392306693368,0,0,0.580067993164063,1.63,0,-5400.240234375
100000000000000000000002,1,922125000,0,-41,0.754718547639736,0,0,0.580067993164063,1.63,0,-5400.240234375
100000000000000000000003,1,922125000,0,-42.5,2.81638872655804,0,0,0.580067993164063,1.63,0,-5400.240234375
100000000000000000000000,1,922125000,0,-48,5.46710752802443,0,0,0.580067993164063,1.63,0,-5400.240234375
100000000000000000000003,1,922125000,0,-43,2.79798095710341,0,0,0.580067993164063,1.63,0,-5400.240234375
100000000000000000000002,1,922125000,0,-41,0.754718547639736,0,0,0.580067993164063,1.63,0,-5400.240234375
100000000000000000000001,1,922125000,0,-44,5.27075798717506,0,0,0.580067993164063,1.63,0,-5400.240234375
100000000000000000000004,1,922125000,0,-49.5,5.41802014281208,0,0,0.580067993164063,1.63,0,-5400.240234375
100000000000000000000002,1,922125000,0,-41,0.724038931882022,0,0,0.580067993164063,1.63,0,-5400.240234375
100000000000000000000003,1,922125000,0,-42.5,2.80411688025495,0,0,0.580067993164063,1.63,0,-5400.240234375
100000000000000000000000,1,922125000,0,-48,5.45483568172134,0,0,0.580067993164063,1.63,0,-5400.240234375
100000000000000000000004,1,922125000,0,-49,5.42415606596363,0,0,0.580067993164063,1.63,0,-5400.240234375
100000000000000000000001,1,922125000,0,-44,5.25235021772044,0,0,0.580067993164063,1.63,0,-5400.240234375
100000000000000000000002,1,922125000,0,-41,0.754718547639736,0,0,0.580067993164063,1.63,0,-5400.240234375
100000000000000000000003,1,922125000,0,-43,2.81025280340649,0,0,0.580067993164063,1.63,0,-5400.240234375
100000000000000000000000,1,922125000,0,-48,5.49778714378214,0,0,0.580067993164063,1.63,0,-5400.240234375
100000000000000000000001,1,922125000,0,-44,5.24007837141735,0,0,0.580067993164063,1.63,0,-5400.240234375
100000000000000000000004,1,922125000,0,-49.5,5.41188421966054,0,0,0.580067993164063,1.63,0,-5400.240234375
100000000000000000000002,1,922125000,0,-41,0.71790300873048,0,0,0.580067993164063,1.63,0,-5400.240234375
100000000000000000000000,1,922125000,0,-48,5.44256383541826,0,0,0.580067993164063,1.63,0,-5400.240234375
100000000000000000000001,1,922125000,0,-44,5.27075798717506,0,0,0.580067993164063,1.63,0,-5400.240234375
100000000000000000000003,1,922125000,0,-42.5,2.82252464970958,0,0,0.580067993164063,1.63,0,-5400.240234375
100000000000000000000004,1,922125000,0,-49.5,5.39347645020591,0,0,0.580067993164063,1.63,0,-5400.240234375
100000000000000000000003,1,922125000,0,-43,2.81638872655804,0,0,0.580067993164063,1.63,0,-5400.240234375
100000000000000000000002,1,922125000,0,-41.5,0.76699039394282,0,0,0.580067993164063,1.63,0,-5400.240234375
100000000000000000000000,1,922125000,0,-48,5.46710752802443,0,0,0.580067993164063,1.63,0,-5400.240234375
100000000000000000000004,1,922125000,0,-49,5.41188421966054,0,0,0.580067993164063,1.63,0,-5400.240234375
100000000000000000000001,1,922125000,0,-44,5.26462206402352,0,0,0.580067993164063,1.63,0,-5400.240234375
100000000000000000000002,1,922125000,0,-41,0.74244670133665,0,0,0.580067993164063,1.63,0,-5400.240234375
100000000000000000000003,1,922125000,0,-43,2.81638872655804,0,0,0.580067993164063,1.63,0,-5400.240234375
100000000000000000000001,1,922125000,0,-44,5.24621429456889,0,0,0.580067993164063,1.63,0,-5400.240234375
100000000000000000000004,1,922125000,0,-49,5.41188421966054,0,0,0.580067993164063,1.63,0,-5400.240234375
100000000000000000000000,1,922125000,0,-48,5.4916512206306,0,0,0.580067993164063,1.63,0,-5400.240234375
100000000000000000000000,1,922125000,0,-48,5.49778714378214,0,0,0.580067993164063,1.63,0,-5400.240234375
100000000000000000000002,1,922125000,0,-41.5,0.754718547639736,0,0,0.580067993164063,1.63,0,-5400.240234375
100000000000000000000004,1,922125000,0,-49,5.38120460390283,0,0,0.580067993164063,1.63,0,-5400.240234375
100000000000000000000001,1,922125000,0,-44,5.25235021772044,0,0,0.580067993164063,1.63,0,-5400.240234375
100000000000000000000003,1,922125000,0,-42.5,2.81025280340649,0,0,0.580067993164063,1.63,0,-5400.240234375
100000000000000000000002,1,922125000,0,-41.5,0.748582624488193,0,0,0.580067993164063,1.63,0,-5400.240234375
100000000000000000000004,1,922125000,0,-49.5,5.41802014281208,0,0,0.580067993164063,1.63,0,-5400.240234375
100000000000000000000000,1,922125000,0,-48,5.49778714378214,0,0,0.580067993164063,1.63,0,-5400.240234375
100000000000000000000001,1,922125000,0,-44,5.24007837141735,0,0,0.580067993164063,1.63,0,-5400.240234375
100000000000000000000003,1,922125000,0,-42.5,2.81638872655804,0,0,0.580067993164063,1.63,0,-5400.240234375
100000000000000000000003,1,922125000,0,-43,2.82866057286112,0,0,0.580067993164063,1.63,0,-5400.240234375
100000000000000000000004,1,922125000,0,-49.5,5.39961237335746,0,0,0.580067993164063,1.63,0,-5400.240234375
100000000000000000000001,1,922125000,0,-44,5.22780652511427,0,0,0.580067993164063,1.63,0,-5400.240234375
100000000000000000000000,1,922125000,0,-48,5.47324345117597,0,0,0.580067993164063,1.63,0,-5400.240234375
100000000000000000000002,1,922125000,0,-41,0.754718547639736,0,0,0.580067993164063,1.63,0,-5400.240234375
100000000000000000000000,1,922125000,0,-47.5,5.51005899008522,0,0,0.580067993164063,1.63,0,-5400.240234375
100000000000000000000001,1,922125000,0,-44,5.26462206402352,0,0,0.580067993164063,1.63,0,-5400.240234375
100000000000000000000002,1,922125000,0,-41,0.724038931882022,0,0,0.580067993164063,1.63,0,-5400.240234375
100000000000000000000003,1,922125000,0,-43,2.82252464970958,0,0,0.580067993164063,1.63,0,-5400.240234375
100000000000000000000004,1,922125000,0,-49.5,5.405748296509,0,0,0.580067993164063,1.63,0,-5400.240234375
100000000000000000000004,1,922125000,0,-49.5,5.405748296509,0,0,0.580067993164063,1.63,0,-5400.240234375
100000000000000000000002,1,922125000,0,-41,0.748582624488193,0,0,0.580067993164063,1.63,0,-5400.240234375
100000000000000000000001,1,922125000,0,-44,5.25235021772044,0,0,0.580067993164063,1.63,0,-5400.240234375
100000000000000000000000,1,922125000,0,-48,5.48551529747905,0,0,0.580067993164063,1.63,0,-5400.240234375
100000000000000000000003,1,922125000,0,-43,2.81025280340649,0,0,0.580067993164063,1.63,0,-5400.240234375
100000000000000000000002,1,922125000,0,-41,0.748582624488193,0,0,0.580067993164063,1.63,0,-5400.240234375
100000000000000000000001,1,922125000,0,-44,5.25848614087198,0,0,0.580067993164063,1.63,0,-5400.240234375
100000000000000000000003,1,922125000,0,-42.5,2.81025280340649,0,0,0.580067993164063,1.63,0,-5400.240234375
100000000000000000000000,1,922125000,0,-48,5.47324345117597,0,0,0.580067993164063,1.63,0,-5400.240234375
100000000000000000000004,1,922125000,0,-49,5.405748296509,0,0,0.580067993164063,1.63,0,-5400.240234375
100000000000000000000000,1,922125000,0,-48,5.48551529747905,0,0,0.580067993164063,1.63,0,-5400.240234375
100000000000000000000002,1,922125000,0,-41,0.74244670133665,0,0,0.580067993164063,1.63,0,-5400.240234375
100000000000000000000001,1,922125000,0,-44,5.26462206402352,0,0,0.580067993164063,1.63,0,-5400.240234375
100000000000000000000004,1,922125000,0,-49.5,5.405748296509,0,0,0.580067993164063,1.63,0,-5400.240234375
100000000000000000000003,1,922125000,0,-43,2.81638872655804,0,0,0.580067993164063,1.63,0,-5400.240234375
100000000000000000000002,1,922125000,0,-41.5,0.730174855033566,0,0,0.580067993164063,1.63,0,-5400.240234375
100000000000000000000001,1,922125000,0,-44,5.24621429456889,0,0,0.580067993164063,1.63,0,-5400.240234375
100000000000000000000003,1,922125000,0,-43,2.81638872655804,0,0,0.580067993164063,1.63,0,-5400.240234375
100000000000000000000000,1,922125000,0,-47.5,5.4916512206306,0,0,0.580067993164063,1.63,0,-5400.240234375
100000000000000000000004,1,922125000,0,-49.5,5.405748296509,0,0,0.580067993164063,1.63,0,-5400.240234375
100000000000000000000003,1,922125000,0,-43,2.81638872655804,0,0,0.580067993164063,1.63,0,-5400.240234375
100000000000000000000002,1,922125000,0,-41,0.74244670133665,0,0,0.580067993164063,1.63,0,-5400.240234375
100000000000000000000004,1,922125000,0,-49.5,5.405748296509,0,0,0.580067993164063,1.63,0,-5400.240234375
100000000000000000000001,1,922125000,0,-44,5.25848614087198,0,0,0.580067993164063,1.63,0,-5400.240234375
100000000000000000000000,1,922125000,0,-48,5.48551529747905,0,0,0.580067993164063,1.63,0,-5400.240234375
100000000000000000000002,1,922125000,0,-41,0.730174855033566,0,0,0.580067993164063,1.63,0,-5400.240234375
100000000000000000000001,1,922125000,0,-44,5.27075798717506,0,0,0.580067993164063,1.63,0,-5400.240234375
100000000000000000000000,1,922125000,0,-48,5.47324345117597,0,0,0.580067993164063,1.63,0,-5400.240234375
100000000000000000000003,1,922125000,0,-43,2.81025280340649,0,0,0.580067993164063,1.63,0,-5400.240234375
100000000000000000000004,1,922125000,0,-49,5.46710752802443,0,0,0.580067993164063,1.63,0,-5400.240234375
100000000000000000000004,1,922125000,0,-49.5,5.405748296509,0,0,0.580067993164063,1.63,0,-5400.240234375
100000000000000000000003,1,922125000,0,-43,2.80411688025495,0,0,0.580067993164063,1.63,0,-5400.240234375
100000000000000000000000,1,922125000,0,-48,5.49778714378214,0,0,0.580067993164063,1.63,0,-5400.240234375
100000000000000000000001,1,922125000,0,-44,5.24621429456889,0,0,0.580067993164063,1.63,0,-5400.240234375
100000000000000000000002,1,922125000,0,-41,0.748582624488193,0,0,0.580067993164063,1.63,0,-5400.240234375
100000000000000000000001,1,922125000,0,-44,5.26462206402352,0,0,0.580067993164063,1.63,0,-5400.240234375
100000000000000000000004,1,922125000,0,-49,5.405748296509,0,0,0.580067993164063,1.63,0,-5400.240234375
100000000000000000000002,1,922125000,0,-41,0.724038931882022,0,0,0.580067993164063,1.63,0,-5400.240234375
100000000000000000000003,1,922125000,0,-43,2.81025280340649,0,0,0.580067993164063,1.63,0,-5400.240234375
100000000000000000000000,1,922125000,0,-48,5.47324345117597,0,0,0.580067993164063,1.63,0,-5400.240234375
100000000000000000000003,1,922125000,0,-42.5,2.79798095710341,0,0,0.580067993164063,1.63,0,-5400.240234375
100000000000000000000001,1,922125000,0,-44,5.25848614087198,0,0,0.580067993164063,1.63,0,-5400.240234375
100000000000000000000002,1,922125000,0,-41,0.754718547639736,0,0,0.580067993164063,1.63,0,-5400.240234375
100000000000000000000000,1,922125000,0,-48,5.48551529747905,0,0,0.580067993164063,1.63,0,-5400.240234375
100000000000000000000004,1,922125000,0,-49.5,5.41802014281208,0,0,0.580067993164063,1.63,0,-5400.240234375
100000000000000000000002,1,922125000,0,-41,0.748582624488193,0,0,0.580067993164063,1.63,0,-5400.240234375
100000000000000000000004,1,922125000,0,-49.5,5.39961237335746,0,0,0.580067993164063,1.63,0,-5400.240234375
100000000000000000000001,1,922125000,0,-44,5.25848614087198,0,0,0.580067993164063,1.63,0,-5400.240234375
100000000000000000000000,1,922125000,0,-48,5.46710752802443,0,0,0.580067993164063,1.63,0,-5400.240234375
100000000000000000000003,1,922125000,0,-43,2.80411688025495,0,0,0.580067993164063,1.63,0,-5400.240234375
100000000000000000000000,1,922125000,0,-48,5.4916512206306,0,0,0.580067993164063,1.63,0,-5400.240234375
100000000000000000000003,1,922125000,0,-43,2.81638872655804,0,0,0.580067993164063,1.63,0,-5400.240234375
100000000000000000000004,1,922125000,0,-49.5,5.41188421966054,0,0,0.580067993164063,1.63,0,-5400.240234375
100000000000000000000002,1,922125000,0,-41,0.724038931882022,0,0,0.580067993164063,1.63,0,-5400.240234375
100000000000000000000001,1,922125000,0,-44,5.25235021772044,0,0,0.580067993164063,1.63,0,-5400.240234375
100000000000000000000003,1,922125000,0,-43,2.79798095710341,0,0,0.580067993164063,1.63,0,-5400.240234375
100000000000000000000000,1,922125000,0,-48,5.4916512206306,0,0,0.580067993164063,1.63,0,-5400.240234375
100000000000000000000001,1,922125000,0,-44,5.27075798717506,0,0,0.580067993164063,1.63,0,-5400.240234375
100000000000000000000004,1,922125000,0,-49.5,5.43029198911517,0,0,0.580067993164063,1.63,0,-5400.240234375
100000000000000000000002,1,922125000,0,-41,0.760854470791278,0,0,0.580067993164063,1.63,0,-5400.240234375
100000000000000000000001,1,922125000,0,-44,5.23394244826581,0,0,0.580067993164063,1.63,0,-5400.240234375
100000000000000000000002,1,922125000,0,-41,0.748582624488193,0,0,0.580067993164063,1.63,0,-5400.240234375
100000000000000000000000,1,922125000,0,-48,5.47324345117597,0,0,0.580067993164063,1.63,0,-5400.240234375
100000000000000000000004,1,922125000,0,-49,5.42415606596363,0,0,0.580067993164063,1.63,0,-5400.240234375
100000000000000000000003,1,922125000,0,-42.5,2.80411688025495,0,0,0.580067993164063,1.63,0,-5400.240234375
100000000000000000000002,1,922125000,0,-41,0.760854470791278,0,0,0.580067993164063,1.63,0,-5400.240234375
100000000000000000000003,1,922125000,0,-43,2.82252464970958,0,0,0.580067993164063,1.63,0,-5400.240234375
100000000000000000000001,1,922125000,0,-44,5.25848614087198,0,0,0.580067993164063,1.63,0,-5400.240234375
100000000000000000000004,1,922125000,0,-49.5,5.39961237335746,0,0,0.580067993164063,1.63,0,-5400.240234375
100000000000000000000000,1,922125000,0,-48,5.49778714378214,0,0,0.580067993164063,1.63,0,-5400.240234375
100000000000000000000002,1,922125000,0,-41.5,0.754718547639736,0,0,0.580067993164063,1.63,0,-5400.240234375
100000000000000000000000,1,922125000,0,-48,5.4916512206306,0,0,0.580067993164063,1.63,0,-5400.240234375
100000000000000000000001,1,922125000,0,-44,5.25848614087198,0,0,0.580067993164063,1.63,0,-5400.240234375
100000000000000000000003,1,922125000,0,-43,2.80411688025495,0,0,0.580067993164063,1.63,0,-5400.240234375
100000000000000000000004,1,922125000,0,-49.5,5.42415606596363,0,0,0.580067993164063,1.63,0,-5400.240234375
100000000000000000000002,1,922125000,0,-41,0.754718547639736,0,0,0.580067993164063,1.63,0,-5400.240234375
100000000000000000000003,1,922125000,0,-43,2.80411688025495,0,0,0.580067993164063,1.63,0,-5400.240234375
100000000000000000000000,1,922125000,0,-48,5.47937937432751,0,0,0.580067993164063,1.63,0,-5400.240234375
100000000000000000000001,1,922125000,0,-44,5.24621429456889,0,0,0.580067993164063,1.63,0,-5400.240234375
100000000000000000000004,1,922125000,0,-49.5,5.41802014281208,0,0,0.580067993164063,1.63,0,-5400.240234375
100000000000000000000002,1,922125000,0,-41,0.760854470791278,0,0,0.580067993164063,1.63,0,-5400.240234375
100000000000000000000003,1,922125000,0,-42.5,2.79798095710341,0,0,0.580067993164063,1.63,0,-5400.240234375
100000000000000000000004,1,922125000,0,-49.5,5.43029198911517,0,0,0.580067993164063,1.63,0,-5400.240234375
100000000000000000000000,1,922125000,0,-48,5.49778714378214,0,0,0.580067993164063,1.63,0,-5400.240234375
100000000000000000000001,1,922125000,0,-44,5.24621429456889,0,0,0.580067993164063,1.63,0,-5400.240234375
100000000000000000000001,1,922125000,0,-44,5.25235021772044,0,0,0.580067993164063,1.63,0,-5400.240234375
100000000000000000000002,1,922125000,0,-41.5,0.754718547639736,0,0,0.580067993164063,1.63,0,-5400.240234375
100000000000000000000004,1,922125000,0,-49.5,5.43029198911517,0,0,0.580067993164063,1.63,0,-5400.240234375
100000000000000000000000,1,922125000,0,-47.5,5.47937937432751,0,0,0.580067993164063,1.63,0,-5400.240234375
100000000000000000000003,1,922125000,0,-42.5,2.79798095710341,0,0,0.580067993164063,1.63,0,-5400.240234375
100000000000000000000000,1,922125000,0,-48,5.50392306693368,0,0,0.580067993164063,1.63,0,-5400.240234375
100000000000000000000001,1,922125000,0,-44,5.24621429456889,0,0,0.580067993164063,1.63,0,-5400.240234375
100000000000000000000004,1,922125000,0,-49.5,5.41802014281208,0,0,0.580067993164063,1.63,0,-5400.240234375
100000000000000000000003,1,922125000,0,-42.5,2.81025280340649,0,0,0.580067993164063,1.63,0,-5400.240234375
100000000000000000000002,1,922125000,0,-41,0.748582624488193,0,0,0.580067993164063,1.63,0,-5400.240234375
100000000000000000000004,1,922125000,0,-49,5.405748296509,0,0,0.580067993164063,1.63,0,-5400.240234375
100000000000000000000002,1,922125000,0,-41,0.748582624488193,0,0,0.580067993164063,1.63,0,-5400.240234375
100000000000000000000001,1,922125000,0,-44,5.25235021772044,0,0,0.580067993164063,1.63,0,-5400.240234375
100000000000000000000003,1,922125000,0,-42.5,2.81638872655804,0,0,0.580067993164063,1.63,0,-5400.240234375
100000000000000000000000,1,922125000,0,-48,5.47324345117597,0,0,0.580067993164063,1.63,0,-5400.240234375
100000000000000000000001,1,922125000,0,-44,5.23394244826581,0,0,0.580067993164063,1.63,0,-5400.240234375
100000000000000000000002,1,922125000,0,-41,0.748582624488193,0,0,0.580067993164063,1.63,0,-5400.240234375
100000000000000000000003,1,922125000,0,-43,2.82252464970958,0,0,0.580067993164063,1.63,0,-5400.240234375
100000000000000000000004,1,922125000,0,-49.5,5.41188421966054,0,0,0.580067993164063,1.63,0,-5400.240234375
100000000000000000000000,1,922125000,0,-48,5.48551529747905,0,0,0.580067993164063,1.63,0,-5400.240234375
100000000000000000000003,1,922125000,0,-42.5,2.81638872655804,0,0,0.580067993164063,1.63,0,-5400.240234375
100000000000000000000000,1,922125000,0,-48,5.50392306693368,0,0,0.580067993164063,1.63,0,-5400.240234375
100000000000000000000004,1,922125000,0,-49.5,5.41802014281208,0,0,0.580067993164063,1.63,0,-5400.240234375
100000000000000000000001,1,922125000,0,-44,5.27075798717506,0,0,0.580067993164063,1.63,0,-5400.240234375
100000000000000000000002,1,922125000,0,-41,0.748582624488193,0,0,0.580067993164063,1.63,0,-5400.240234375
100000000000000000000003,1,922125000,0,-42.5,2.79798095710341,0,0,0.580067993164063,1.63,0,-5400.240234375
100000000000000000000000,1,922125000,0,-47.5,5.4916512206306,0,0,0.580067993164063,1.63,0,-5400.240234375
100000000000000000000001,1,922125000,0,-44,5.26462206402352,0,0,0.580067993164063,1.63,0,-5400.240234375
100000000000000000000002,1,922125000,0,-41,0.754718547639736,0,0,0.580067993164063,1.63,0,-5400.240234375
100000000000000000000004,1,922125000,0,-49.5,5.41802014281208,0,0,0.580067993164063,1.63,0,-5400.240234375
100000000000000000000003,1,922125000,0,-43,2.79184503395187,0,0,0.580067993164063,1.63,0,-5400.240234375
100000000000000000000000,1,922125000,0,-48,5.50392306693368,0,0,0.580067993164063,1.63,0,-5400.240234375
100000000000000000000004,1,922125000,0,-49,5.42415606596363,0,0,0.580067993164063,1.63,0,-5400.240234375
100000000000000000000001,1,922125000,0,-44,5.24621429456889,0,0,0.580067993164063,1.63,0,-5400.240234375
100000000000000000000002,1,922125000,0,-41,0.74244670133665,0,0,0.580067993164063,1.63,0,-5400.240234375
100000000000000000000003,1,922125000,0,-43,2.80411688025495,0,0,0.580067993164063,1.63,0,-5400.240234375
100000000000000000000004,1,922125000,0,-49.5,5.42415606596363,0,0,0.580067993164063,1.63,0,-5400.240234375
100000000000000000000001,1,922125000,0,-44,5.23394244826581,0,0,0.580067993164063,1.63,0,-5400.240234375
100000000000000000000000,1,922125000,0,-48,5.49778714378214,0,0,0.580067993164063,1.63,0,-5400.240234375
100000000000000000000002,1,922125000,0,-41,0.754718547639736,0,0,0.580067993164063,1.63,0,-5400.240234375
100000000000000000000000,1,922125000,0,-48,5.50392306693368,0,0,0.580067993164063,1.63,0,-5400.240234375
100000000000000000000002,1,922125000,0,-41,0.748582624488193,0,0,0.580067993164063,1.63,0,-5400.240234375
100000000000000000000003,1,922125000,0,-43,2.80411688025495,0,0,0.580067993164063,1.63,0,-5400.240234375
100000000000000000000004,1,922125000,0,-49,5.405748296509,0,0,0.580067993164063,1.63,0,-5400.240234375
100000000000000000000001,1,922125000,0,-44,5.25235021772044,0,0,0.580067993164063,1.63,0,-5400.240234375
100000000000000000000002,1,922125000,0,-41,0.736310778185108,0,0,0.580067993164063,1.63,0,-5400.240234375
100000000000000000000000,1,922125000,0,-48,5.4916512206306,0,0,0.580067993164063,1.63,0,-5400.240234375
100000000000000000000003,1,922125000,0,-43,2.81025280340649,0,0,0.580067993164063,1.63,0,-5400.240234375
100000000000000000000001,1,922125000,0,-44,5.25235021772044,0,0,0.580067993164063,1.63,0,-5400.240234375
100000000000000000000004,1,922125000,0,-49.5,5.44256383541826,0,0,0.580067993164063,1.63,0,-5400.240234375
100000000000000000000003,1,922125000,0,-42.5,2.81638872655804,0,0,0.580067993164063,1.63,0,-5400.240234375
100000000000000000000002,1,922125000,0,-41,0.736310778185108,0,0,0.580067993164063,1.63,0,-5400.240234375
100000000000000000000004,1,922125000,0,-49.5,5.42415606596363,0,0,0.580067993164063,1.63,0,-5400.240234375
100000000000000000000000,1,922125000,0,-47.5,5.47937937432751,0,0,0.580067993164063,1.63,0,-5400.240234375
100000000000000000000001,1,922125000,0,-44,5.24007837141735,0,0,0.580067993164063,1.63,0,-5400.240234375
100000000000000000000002,1,922125000,0,-41,0.754718547639736,0,0,0.580067993164063,1.63,0,-5400.240234375
100000000000000000000004,1,922125000,0,-49,5.41802014281208,0,0,0.580067993164063,1.63,0,-5400.240234375
100000000000000000000000,1,922125000,0,-48,5.4486997585698,0,0,0.580067993164063,1.63,0,-5400.240234375
100000000000000000000003,1,922125000,0,-42.5,2.81025280340649,0,0,0.580067993164063,1.63,0,-5400.240234375
100000000000000000000001,1,922125000,0,-44,5.27689391032661,0,0,0.580067993164063,1.63,0,-5400.240234375
100000000000000000000001,1,922125000,0,-44,5.27075798717506,0,0,0.580067993164063,1.63,0,-5400.240234375
100000000000000000000003,1,922125000,0,-43,2.80411688025495,0,0,0.580067993164063,1.63,0,-5400.240234375
100000000000000000000004,1,922125000,0,-49.5,5.45483568172134,0,0,0.580067993164063,1.63,0,-5400.240234375
100000000000000000000000,1,922125000,0,-48,5.47937937432751,0,0,0.580067993164063,1.63,0,-5400.240234375
100000000000000000000002,1,922125000,0,-41,0.736310778185108,0,0,0.580067993164063,1.63,0,-5400.240234375
100000000000000000000003,1,922125000,0,-42.5,2.81025280340649,0,0,0.580067993164063,1.63,0,-5400.240234375
100000000000000000000002,1,922125000,0,-41,0.736310778185108,0,0,0.580067993164063,1.63,0,-5400.240234375
100000000000000000000001,1,922125000,0,-44,5.24621429456889,0,0,0.580067993164063,1.63,0,-5400.240234375
100000000000000000000000,1,922125000,0,-48,5.51619491323677,0,0,0.580067993164063,1.63,0,-5400.240234375
100000000000000000000004,1,922125000,0,-49.5,5.39961237335746,0,0,0.580067993164063,1.63,0,-5400.240234375
100000000000000000000001,1,922125000,0,-44,5.27075798717506,0,0,0.580067993164063,1.63,0,-5400.240234375
100000000000000000000004,1,922125000,0,-49.5,5.41802014281208,0,0,0.580067993164063,1.63,0,-5400.240234375
100000000000000000000003,1,922125000,0,-43,2.81025280340649,0,0,0.580067993164063,1.63,0,-5400.240234375
100000000000000000000002,1,922125000,0,-41,0.730174855033566,0,0,0.580067993164063,1.63,0,-5400.240234375
100000000000000000000000,1,922125000,0,-48,5.4916512206306,0,0,0.580067993164063,1.63,0,-5400.240234375
100000000000000000000002,1,922125000,0,-41,0.754718547639736,0,0,0.580067993164063,1.63,0,-5400.240234375
100000000000000000000001,1,922125000,0,-44,5.24007837141735,0,0,0.580067993164063,1.63,0,-5400.240234375
100000000000000000000003,1,922125000,0,-43,2.81025280340649,0,0,0.580067993164063,1.63,0,-5400.240234375
100000000000000000000004,1,922125000,0,-49.5,5.43029198911517,0,0,0.580067993164063,1.63,0,-5400.240234375
100000000000000000000000,1,922125000,0,-48,5.48551529747905,0,0,0.580067993164063,1.63,0,-5400.240234375
100000000000000000000004,1,922125000,0,-49.5,5.43642791226671,0,0,0.580067993164063,1.63,0,-5400.240234375
100000000000000000000001,1,922125000,0,-44,5.24007837141735,0,0,0.580067993164063,1.63,0,-5400.240234375
100000000000000000000003,1,922125000,0,-43,2.81025280340649,0,0,0.580067993164063,1.63,0,-5400.240234375
100000000000000000000000,1,922125000,0,-48,5.47324345117597,0,0,0.580067993164063,1.63,0,-5400.240234375
100000000000000000000002,1,922125000,0,-41,0.74244670133665,0,0,0.580067993164063,1.63,0,-5400.240234375
100000000000000000000002,1,922125000,0,-41,0.730174855033566,0,0,0.580067993164063,1.63,0,-5400.240234375
100000000000000000000001,1,922125000,0,-44,5.24007837141735,0,0,0.580067993164063,1.63,0,-5400.240234375
100000000000000000000003,1,922125000,0,-43,2.80411688025495,0,0,0.580067993164063,1.63,0,-5400.240234375
100000000000000000000000,1,922125000,0,-48,5.51005899008522,0,0,0.580067993164063,1.63,0,-5400.240234375
100000000000000000000004,1,922125000,0,-49.5,5.4486997585698,0,0,0.580067993164063,1.63,0,-5400.240234375
100000000000000000000002,1,922125000,0,-41,0.736310778185108,0,0,0.580067993164063,1.63,0,-5400.240234375
100000000000000000000003,1,922125000,0,-42.5,2.81025280340649,0,0,0.580067993164063,1.63,0,-5400.240234375
100000000000000000000001,1,922125000,0,-44,5.27075798717506,0,0,0.580067993164063,1.63,0,-5400.240234375
100000000000000000000000,1,922125000,0,-47.5,5.49778714378214,0,0,0.580067993164063,1.63,0,-5400.240234375
100000000000000000000004,1,922125000,0,-49,5.42415606596363,0,0,0.580067993164063,1.63,0,-5400.240234375
100000000000000000000000,1,922125000,0,-48,5.47324345117597,0,0,0.580067993164063,1.63,0,-5400.240234375
100000000000000000000004,1,922125000,0,-49.5,5.41802014281208,0,0,0.580067993164063,1.63,0,-5400.240234375
100000000000000000000003,1,922125000,0,-42.5,2.81025280340649,0,0,0.580067993164063,1.63,0,-5400.240234375
100000000000000000000001,1,922125000,0,-44,5.25848614087198,0,0,0.580067993164063,1.63,0,-5400.240234375
100000000000000000000002,1,922125000,0,-41,0.748582624488193,0,0,0.580067993164063,1.63,0,-5400.240234375
100000000000000000000000,1,922125000,0,-48,5.48551529747905,0,0,0.580067993164063,1.63,0,-5400.240234375
100000000000000000000004,1,922125000,0,-49.5,5.405748296509,0,0,0.580067993164063,1.63,0,-5400.240234375
100000000000000000000002,1,922125000,0,-41,0.748582624488193,0,0,0.580067993164063,1.63,0,-5400.240234375
100000000000000000000001,1,922125000,0,-44,5.25848614087198,0,0,0.580067993164063,1.63,0,-5400.240234375
100000000000000000000003,1,922125000,0,-43,2.82252464970958,0,0,0.580067993164063,1.63,0,-5400.240234375
100000000000000000000001,1,922125000,0,-44,5.24007837141735,0,0,0.580067993164063,1.63,0,-5400.240234375
100000000000000000000002,1,922125000,0,-41,0.760854470791278,0,0,0.580067993164063,1.63,0,-5400.240234375
100000000000000000000000,1,922125000,0,-47.5,5.49778714378214,0,0,0.580067993164063,1.63,0,-5400.240234375
100000000000000000000004,1,922125000,0,-49.5,5.44256383541826,0,0,0.580067993164063,1.63,0,-5400.240234375
100000000000000000000003,1,922125000,0,-42.5,2.81638872655804,0,0,0.580067993164063,1.63,0,-5400.240234375
100000000000000000000003,1,922125000,0,-42.5,2.82252464970958,0,0,0.580067993164063,1.63,0,-5400.240234375
100000000000000000000000,1,922125000,0,-47.5,5.47324345117597,0,0,0.580067993164063,1.63,0,-5400.240234375
100000000000000000000002,1,922125000,0,-41,0.748582624488193,0,0,0.580067993164063,1.63,0,-5400.240234375
100000000000000000000001,1,922125000,0,-44,5.25848614087198,0,0,0.580067993164063,1.63,0,-5400.240234375
100000000000000000000004,1,922125000,0,-49.5,5.42415606596363,0,0,0.580067993164063,1.63,0,-5400.240234375
100000000000000000000002,1,922125000,0,-41.5,0.730174855033566,0,0,0.580067993164063,1.63,0,-5400.240234375
100000000000000000000000,1,922125000,0,-47.5,5.49778714378214,0,0,0.580067993164063,1.63,0,-5400.240234375
100000000000000000000003,1,922125000,0,-42.5,2.81638872655804,0,0,0.580067993164063,1.63,0,-5400.240234375
100000000000000000000004,1,922125000,0,-49.5,5.42415606596363,0,0,0.580067993164063,1.63,0,-5400.240234375
100000000000000000000001,1,922125000,0,-44,5.26462206402352,0,0,0.580067993164063,1.63,0,-5400.240234375
100000000000000000000002,1,922125000,0,-41,0.748582624488193,0,0,0.580067993164063,1.63,0,-5400.240234375
100000000000000000000000,1,922125000,0,-48,5.52846675953985,0,0,0.580067993164063,1.63,0,-5400.240234375
100000000000000000000004,1,922125000,0,-49.5,5.41188421966054,0,0,0.580067993164063,1.63,0,-5400.240234375
100000000000000000000001,1,922125000,0,-44,5.25235021772044,0,0,0.580067993164063,1.63,0,-5400.240234375
100000000000000000000003,1,922125000,0,-43,2.81025280340649,0,0,0.580067993164063,1.63,0,-5400.240234375
100000000000000000000002,1,922125000,0,-41,0.748582624488193,0,0,0.580067993164063,1.63,0,-5400.240234375
100000000000000000000001,1,922125000,0,-44,5.25235021772044,0,0,0.580067993164063,1.63,0,-5400.240234375
100000000000000000000003,1,922125000,0,-43,2.81025280340649,0,0,0.580067993164063,1.63,0,-5400.240234375
100000000000000000000000,1,922125000,0,-48,5.47937937432751,0,0,0.580067993164063,1.63,0,-5400.240234375
100000000000000000000004,1,922125000,0,-49.5,5.42415606596363,0,0,0.580067993164063,1.63,0,-5400.240234375
100000000000000000000001,1,922125000,0,-44,5.23394244826581,0,0,0.580067993164063,1.63,0,-5400.240234375
100000000000000000000004,1,922125000,0,-49.5,5.43029198911517,0,0,0.580067993164063,1.63,0,-5400.240234375
100000000000000000000003,1,922125000,0,-43,2.80411688025495,0,0,0.580067993164063,1.63,0,-5400.240234375
100000000000000000000002,1,922125000,0,-41.5,0.724038931882022,0,0,0.580067993164063,1.63,0,-5400.240234375
100000000000000000000000,1,922125000,0,-47.5,5.52233083638831,0,0,0.580067993164063,1.63,0,-5400.240234375
100000000000000000000002,1,922125000,0,-41,0.74244670133665,0,0,0.580067993164063,1.63,0,-5400.240234375
100000000000000000000004,1,922125000,0,-49.5,5.44256383541826,0,0,0.580067993164063,1.63,0,-5400.240234375
100000000000000000000001,1,922125000,0,-44,5.24621429456889,0,0,0.580067993164063,1.63,0,-5400.240234375
100000000000000000000000,1,922125000,0,-48,5.51005899008522,0,0,0.580067993164063,1.63,0,-5400.240234375
100000000000000000000003,1,922125000,0,-42.5,2.81638872655804,0,0,0.580067993164063,1.63,0,-5400.240234375
100000000000000000000001,1,922125000,0,-44,5.26462206402352,0,0,0.580067993164063,1.63,0,-5400.240234375
100000000000000000000000,1,922125000,0,-48,5.50392306693368,0,0,0.580067993164063,1.63,0,-5400.240234375
100000000000000000000002,1,922125000,0,-41,0.748582624488193,0,0,0.580067993164063,1.63,0,-5400.240234375
100000000000000000000004,1,922125000,0,-49.5,5.41188421966054,0,0,0.580067993164063,1.63,0,-5400.240234375
100000000000000000000003,1,922125000,0,-43,2.80411688025495,0,0,0.580067993164063,1.63,0,-5400.240234375
100000000000000000000004,1,922125000,0,-49.5,5.43642791226671,0,0,0.580067993164063,1.63,0,-5400.240234375
100000000000000000000001,1,922125000,0,-44,5.23394244826581,0,0,0.580067993164063,1.63,0,-5400.240234375
100000000000000000000000,1,922125000,0,-48,5.47324345117597,0,0,0.580067993164063,1.63,0,-5400.240234375
100000000000000000000003,1,922125000,0,-43,2.81025280340649,0,0,0.580067993164063,1.63,0,-5400.240234375
100000000000000000000002,1,922125000,0,-41,0.74244670133665,0,0,0.580067993164063,1.63,0,-5400.240234375
100000000000000000000002,1,922125000,0,-41,0.748582624488193,0,0,0.580067993164063,1.63,0,-5400.240234375
100000000000000000000003,1,922125000,0,-43,2.79184503395187,0,0,0.580067993164063,1.63,0,-5400.240234375
100000000000000000000000,1,922125000,0,-47.5,5.51005899008522,0,0,0.580067993164063,1.63,0,-5400.240234375
100000000000000000000001,1,922125000,0,-44,5.25848614087198,0,0,0.580067993164063,1.63,0,-5400.240234375
100000000000000000000004,1,922125000,0,-49.5,5.41802014281208,0,0,0.580067993164063,1.63,0,-5400.240234375
100000000000000000000001,1,922125000,0,-44,5.25235021772044,0,0,0.580067993164063,1.63,0,-5400.240234375
100000000000000000000004,1,922125000,0,-49.5,5.4486997585698,0,0,0.580067993164063,1.63,0,-5400.240234375
100000000000000000000002,1,922125000,0,-41,0.74244670133665,0,0,0.580067993164063,1.63,0,-5400.240234375
100000000000000000000000,1,922125000,0,-48,5.48551529747905,0,0,0.580067993164063,1.63,0,-5400.240234375
100000000000000000000003,1,922125000,0,-42.5,2.81025280340649,0,0,0.580067993164063,1.63,0,-5400.240234375
100000000000000000000002,1,922125000,0,-41,0.730174855033566,0,0,0.580067993164063,1.63,0,-5400.240234375
100000000000000000000004,1,922125000,0,-49.5,5.42415606596363,0,0,0.580067993164063,1.63,0,-5400.240234375
100000000000000000000000,1,922125000,0,-47.5,5.47324345117597,0,0,0.580067993164063,1.63,0,-5400.240234375
100000000000000000000001,1,922125000,0,-44,5.24621429456889,0,0,0.580067993164063,1.63,0,-5400.240234375
100000000000000000000003,1,922125000,0,-43,2.81025280340649,0,0,0.580067993164063,1.63,0,-5400.240234375
100000000000000000000001,1,922125000,0,-44,5.25235021772044,0,0,0.580067993164063,1.63,0,-5400.240234375
100000000000000000000003,1,922125000,0,-43,2.81638872655804,0,0,0.580067993164063,1.63,0,-5400.240234375
100000000000000000000000,1,922125000,0,-47.5,5.48551529747905,0,0,0.580067993164063,1.63,0,-5400.240234375
100000000000000000000002,1,922125000,0,-41,0.724038931882022,0,0,0.580067993164063,1.63,0,-5400.240234375
100000000000000000000004,1,922125000,0,-49.5,5.44256383541826,0,0,0.580067993164063,1.63,0,-5400.240234375
100000000000000000000000,1,922125000,0,-48,5.4916512206306,0,0,0.580067993164063,1.63,0,-5400.240234375
100000000000000000000001,1,922125000,0,-44,5.26462206402352,0,0,0.580067993164063,1.63,0,-5400.240234375
100000000000000000000002,1,922125000,0,-41,0.748582624488193,0,0,0.580067993164063,1.63,0,-5400.240234375
100000000000000000000004,1,922125000,0,-49.5,5.43029198911517,0,0,0.580067993164063,1.63,0,-5400.240234375
100000000000000000000003,1,922125000,0,-42.5,2.81638872655804,0,0,0.580067993164063,1.63,0,-5400.240234375
100000000000000000000001,1,922125000,0,-44,5.25235021772044,0,0,0.580067993164063,1.63,0,-5400.240234375
100000000000000000000002,1,922125000,0,-41,0.730174855033566,0,0,0.580067993164063,1.63,0,-5400.240234375
100000000000000000000003,1,922125000,0,-43,2.80411688025495,0,0,0.580067993164063,1.63,0,-5400.240234375
100000000000000000000000,1,922125000,0,-48,5.47937937432751,0,0,0.580067993164063,1.63,0,-5400.240234375
100000000000000000000004,1,922125000,0,-49.5,5.4486997585698,0,0,0.580067993164063,1.63,0,-5400.240234375
100000000000000000000004,1,922125000,0,-49.5,5.405748296509,0,0,0.580067993164063,1.63,0,-5400.240234375
100000000000000000000003,1,922125000,0,-43,2.79184503395187,0,0,0.580067993164063,1.63,0,-5400.240234375
100000000000000000000001,1,922125000,0,-44,5.26462206402352,0,0,0.580067993164063,1.63,0,-5400.240234375
100000000000000000000000,1,922125000,0,-48,5.47937937432751,0,0,0.580067993164063,1.63,0,-5400.240234375
100000000000000000000002,1,922125000,0,-41,0.748582624488193,0,0,0.580067993164063,1.63,0,-5400.240234375
100000000000000000000004,1,922125000,0,-49.5,5.39961237335746,0,0,0.580067993164063,1.63,0,-5400.240234375
100000000000000000000001,1,922125000,0,-44,5.26462206402352,0,0,0.580067993164063,1.63,0,-5400.240234375
100000000000000000000002,1,922125000,0,-41,0.760854470791278,0,0,0.580067993164063,1.63,0,-5400.240234375
100000000000000000000003,1,922125000,0,-42.5,2.81638872655804,0,0,0.580067993164063,1.63,0,-5400.240234375
100000000000000000000000,1,922125000,0,-47.5,5.4916512206306,0,0,0.580067993164063,1.63,0,-5400.240234375
100000000000000000000004,1,922125000,0,-49.5,5.39347645020591,0,0,0.580067993164063,1.63,0,-5400.240234375
100000000000000000000000,1,922125000,0,-47.5,5.51619491323677,0,0,0.580067993164063,1.63,0,-5400.240234375
100000000000000000000003,1,922125000,0,-43,2.81638872655804,0,0,0.580067993164063,1.63,0,-5400.240234375
100000000000000000000002,1,922125000,0,-41,0.760854470791278,0,0,0.580067993164063,1.63,0,-5400.240234375
100000000000000000000001,1,922125000,0,-44,5.26462206402352,0,0,0.580067993164063,1.63,0,-5400.240234375
100000000000000000000000,1,922125000,0,-47.5,5.48551529747905,0,0,0.580067993164063,1.63,0,-5400.240234375
100000000000000000000001,1,922125000,0,-44,5.25235021772044,0,0,0.580067993164063,1.63,0,-5400.240234375
100000000000000000000002,1,922125000,0,-41,0.74244670133665,0,0,0.580067993164063,1.63,0,-5400.240234375
100000000000000000000003,1,922125000,0,-43,2.80411688025495,0,0,0.580067993164063,1.63,0,-5400.240234375
100000000000000000000004,1,922125000,0,-49.5,5.39961237335746,0,0,0.580067993164063,1.63,0,-5400.240234375
100000000000000000000003,1,922125000,0,-43,2.81025280340649,0,0,0.580067993164063,1.63,0,-5400.240234375
100000000000000000000001,1,922125000,0,-44,5.24621429456889,0,0,0.580067993164063,1.63,0,-5400.240234375
100000000000000000000000,1,922125000,0,-48,5.46097160487288,0,0,0.580067993164063,1.63,0,-5400.240234375
100000000000000000000002,1,922125000,0,-41,0.760854470791278,0,0,0.580067993164063,1.63,0,-5400.240234375
100000000000000000000004,1,922125000,0,-49,5.43642791226671,0,0,0.580067993164063,1.63,0,-5400.240234375
100000000000000000000000,1,922125000,0,-48,5.49778714378214,0,0,0.580067993164063,1.63,0,-5400.240234375
100000000000000000000003,1,922125000,0,-43,2.81638872655804,0,0,0.580067993164063,1.63,0,-5400.240234375
100000000000000000000001,1,922125000,0,-44,5.24007837141735,0,0,0.580067993164063,1.63,0,-5400.240234375
100000000000000000000004,1,922125000,0,-49.5,5.42415606596363,0,0,0.580067993164063,1.63,0,-5400.240234375
100000000000000000000002,1,922125000,0,-41,0.724038931882022,0,0,0.580067993164063,1.63,0,-5400.240234375
100000000000000000000003,1,922125000,0,-43,2.81025280340649,0,0,0.580067993164063,1.63,0,-5400.240234375
100000000000000000000000,1,922125000,0,-48,5.47937937432751,0,0,0.580067993164063,1.63,0,-5400.240234375
100000000000000000000001,1,922125000,0,-44,5.25848614087198,0,0,0.580067993164063,1.63,0,-5400.240234375
100000000000000000000004,1,922125000,0,-49.5,5.405748296509,0,0,0.580067993164063,1.63,0,-5400.240234375
100000000000000000000002,1,922125000,0,-41,0.74244670133665,0,0,0.580067993164063,1.63,0,-5400.240234375
100000000000000000000003,1,922125000,0,-42.5,2.80411688025495,0,0,0.580067993164063,1.63,0,-5400.240234375
100000000000000000000002,1,922125000,0,-41,0.748582624488193,0,0,0.580067993164063,1.63,0,-5400.240234375
100000000000000000000000,1,922125000,0,-48,5.51005899008522,0,0,0.580067993164063,1.63,0,-5400.240234375
100000000000000000000004,1,922125000,0,-49.5,5.45483568172134,0,0,0.580067993164063,1.63,0,-5400.240234375
100000000000000000000001,1,922125000,0,-44,5.25848614087198,0,0,0.580067993164063,1.63,0,-5400.240234375
100000000000000000000000,1,922125000,0,-47.5,5.45483568172134,0,0,0.580067993164063,1.63,0,-5400.240234375
100000000000000000000002,1,922125000,0,-41,0.730174855033566,0,0,0.580067993164063,1.63,0,-5400.240234375
100000000000000000000004,1,922125000,0,-49.5,5.43029198911517,0,0,0.580067993164063,1.63,0,-5400.240234375
100000000000000000000003,1,922125000,0,-43,2.80411688025495,0,0,0.580067993164063,1.63,0,-5400.240234375
100000000000000000000001,1,922125000,0,-44,5.24621429456889,0,0,0.580067993164063,1.63,0,-5400.240234375
100000000000000000000002,1,922125000,0,-41,0.736310778185108,0,0,0.580067993164063,1.63,0,-5400.240234375
100000000000000000000003,1,922125000,0,-42.5,2.80411688025495,0,0,0.580067993164063,1.63,0,-5400.240234375
100000000000000000000004,1,922125000,0,-49.5,5.41802014281208,0,0,0.580067993164063,1.63,0,-5400.240234375
100000000000000000000001,1,922125000,0,-44,5.25848614087198,0,0,0.580067993164063,1.63,0,-5400.240234375
100000000000000000000000,1,922125000,0,-48,5.50392306693368,0,0,0.580067993164063,1.63,0,-5400.240234375
100000000000000000000004,1,922125000,0,-49.5,5.43642791226671,0,0,0.580067993164063,1.63,0,-5400.240234375
100000000000000000000003,1,922125000,0,-43,2.80411688025495,0,0,0.580067993164063,1.63,0,-5400.240234375
100000000000000000000000,1,922125000,0,-48,5.4916512206306,0,0,0.580067993164063,1.63,0,-5400.240234375
100000000000000000000002,1,922125000,0,-41,0.748582624488193,0,0,0.580067993164063,1.63,0,-5400.240234375
100000000000000000000001,1,922125000,0,-44,5.27689391032661,0,0,0.580067993164063,1.63,0,-5400.240234375
100000000000000000000001,1,922125000,0,-44,5.24621429456889,0,0,0.580067993164063,1.63,0,-5400.240234375
100000000000000000000000,1,922125000,0,-48,5.4916512206306,0,0,0.580067993164063,1.63,0,-5400.240234375
100000000000000000000004,1,922125000,0,-49.5,5.42415606596363,0,0,0.580067993164063,1.63,0,-5400.240234375
100000000000000000000003,1,922125000,0,-42.5,2.81638872655804,0,0,0.580067993164063,1.63,0,-5400.240234375
100000000000000000000002,1,922125000,0,-41,0.74244670133665,0,0,0.580067993164063,1.63,0,-5400.240234375
100000000000000000000001,1,922125000,0,-44,5.25848614087198,0,0,0.580067993164063,1.63,0,-5400.240234375
100000000000000000000000,1,922125000,0,-48,5.47937937432751,0,0,0.580067993164063,1.63,0,-5400.240234375
100000000000000000000003,1,922125000,0,-42.5,2.81638872655804,0,0,0.580067993164063,1.63,0,-5400.240234375
100000000000000000000002,1,922125000,0,-41,0.748582624488193,0,0,0.580067993164063,1.63,0,-5400.240234375
100000000000000000000004,1,922125000,0,-49.5,5.39961237335746,0,0,0.580067993164063,1.63,0,-5400.240234375
100000000000000000000000,1,922125000,0,-48,5.4916512206306,0,0,0.580067993164063,1.63,0,-5400.240234375
100000000000000000000004,1,922125000,0,-49.5,5.405748296509,0,0,0.580067993164063,1.63,0,-5400.240234375
100000000000000000000001,1,922125000,0,-44,5.25235021772044,0,0,0.580067993164063,1.63,0,-5400.240234375
100000000000000000000002,1,922125000,0,-41,0.74244670133665,0,0,0.580067993164063,1.63,0,-5400.240234375
100000000000000000000003,1,922125000,0,-43,2.79798095710341,0,0,0.580067993164063,1.63,0,-5400.240234375
100000000000000000000000,1,922125000,0,-48,5.47324345117597,0,0,0.580067993164063,1.63,0,-5400.240234375
100000000000000000000002,1,922125000,0,-41,0.76699039394282,0,0,0.580067993164063,1.63,0,-5400.240234375
100000000000000000000001,1,922125000,0,-44,5.25235021772044,0,0,0.580067993164063,1.63,0,-5400.240234375
100000000000000000000003,1,922125000,0,-42.5,2.79798095710341,0,0,0.580067993164063,1.63,0,-5400.240234375
100000000000000000000004,1,922125000,0,-49.5,5.41188421966054,0,0,0.580067993164063,1.63,0,-5400.240234375
100000000000000000000003,1,922125000,0,-42.5,2.82252464970958,0,0,0.580067993164063,1.63,0,-5400.240234375
100000000000000000000000,1,922125000,0,-48,5.48551529747905,0,0,0.580067993164063,1.63,0,-5400.240234375
100000000000000000000001,1,922125000,0,-44,5.24621429456889,0,0,0.580067993164063,1.63,0,-5400.240234375
100000000000000000000004,1,922125000,0,-49,5.405748296509,0,0,0.580067993164063,1.63,0,-5400.240234375
100000000000000000000002,1,922125000,0,-41,0.748582624488193,0,0,0.580067993164063,1.63,0,-5400.240234375
100000000000000000000000,1,922125000,0,-48,5.47937937432751,0,0,0.580067993164063,1.63,0,-5400.240234375
100000000000000000000001,1,922125000,0,-44,5.25848614087198,0,0,0.580067993164063,1.63,0,-5400.240234375
100000000000000000000003,1,922125000,0,-42.5,2.81025280340649,0,0,0.580067993164063,1.63,0,-5400.240234375
100000000000000000000002,1,922125000,0,-41,0.748582624488193,0,0,0.580067993164063,1.63,0,-5400.240234375
100000000000000000000004,1,922125000,0,-49.5,5.43642791226671,0,0,0.580067993164063,1.63,0,-5400.240234375
100000000000000000000003,1,922125000,0,-42.5,2.80411688025495,0,0,0.580067993164063,1.63,0,-5400.240234375
100000000000000000000001,1,922125000,0,-44,5.25848614087198,0,0,0.580067993164063,1.63,0,-5400.240234375
100000000000000000000002,1,922125000,0,-41,0.74244670133665,0,0,0.580067993164063,1.63,0,-5400.240234375
100000000000000000000000,1,922125000,0,-48,5.46710752802443,0,0,0.580067993164063,1.63,0,-5400.240234375
100000000000000000000004,1,922125000,0,-49.5,5.43029198911517,0,0,0.580067993164063,1.63,0,-5400.240234375
100000000000000000000003,1,922125000,0,-43,2.81025280340649,0,0,0.580067993164063,1.63,0,-5400.240234375
100000000000000000000002,1,922125000,0,-41,0.730174855033566,0,0,0.580067993164063,1.63,0,-5400.240234375
100000000000000000000001,1,922125000,0,-44,5.25235021772044,0,0,0.580067993164063,1.63,0,-5400.240234375
100000000000000000000000,1,922125000,0,-48,5.50392306693368,0,0,0.580067993164063,1.63,0,-5400.240234375
100000000000000000000004,1,922125000,0,-49.5,5.41802014281208,0,0,0.580067993164063,1.63,0,-5400.240234375
100000000000000000000004,1,922125000,0,-49.5,5.41188421966054,0,0,0.580067993164063,1.63,0,-5400.240234375
100000000000000000000003,1,922125000,0,-42.5,2.81025280340649,0,0,0.580067993164063,1.63,0,-5400.240234375
100000000000000000000001,1,922125000,0,-44,5.24007837141735,0,0,0.580067993164063,1.63,0,-5400.240234375
100000000000000000000002,1,922125000,0,-41,0.754718547639736,0,0,0.580067993164063,1.63,0,-5400.240234375
100000000000000000000000,1,922125000,0,-48,5.48551529747905,0,0,0.580067993164063,1.63,0,-5400.240234375
100000000000000000000003,1,922625000,0,-43,3.0556897294682,0,0,0.580067993164063,1.63,0,-5400.240234375
100000000000000000000002,1,922625000,0,-40.5,0.987883627398353,0,0,0.580067993164063,1.63,0,-5400.240234375
100000000000000000000001,1,922625000,0,-44.5,5.48551529747905,0,0,0.580067993164063,1.63,0,-5400.240234375
100000000000000000000000,1,922625000,0,-47.5,5.76776776245001,0,0,0.580067993164063,1.63,0,-5400.240234375
100000000000000000000004,1,922625000,0,-49,5.64504929941916,0,0,0.580067993164063,1.63,0,-5400.240234375
100000000000000000000002,1,922625000,0,-40.5,0.969475857943725,0,0,0.580067993164063,1.63,0,-5400.240234375
100000000000000000000003,1,922625000,0,-43,3.02501011371048,0,0,0.580067993164063,1.63,0,-5400.240234375
100000000000000000000004,1,922625000,0,-49.5,5.62664152996453,0,0,0.580067993164063,1.63,0,-5400.240234375
100000000000000000000000,1,922625000,0,-47.5,5.80458330135927,0,0,0.580067993164063,1.63,0,-5400.240234375
100000000000000000000001,1,922625000,0,-44.5,5.47324345117597,0,0,0.580067993164063,1.63,0,-5400.240234375
100000000000000000000002,1,922625000,0,-40.5,1.00015547370144,0,0,0.580067993164063,1.63,0,-5400.240234375
100000000000000000000004,1,922625000,0,-49.5,5.63277745311607,0,0,0.580067993164063,1.63,0,-5400.240234375
100000000000000000000001,1,922625000,0,-44.5,5.48551529747905,0,0,0.580067993164063,1.63,0,-5400.240234375
100000000000000000000003,1,922625000,0,-43,3.0556897294682,0,0,0.580067993164063,1.63,0,-5400.240234375
100000000000000000000000,1,922625000,0,-47.5,5.78617553190464,0,0,0.580067993164063,1.63,0,-5400.240234375
100000000000000000000000,1,922625000,0,-47.5,5.80458330135927,0,0,0.580067993164063,1.63,0,-5400.240234375
100000000000000000000001,1,922625000,0,-44.5,5.47324345117597,0,0,0.580067993164063,1.63,0,-5400.240234375
100000000000000000000002,1,922625000,0,-40.5,1.02469916630761,0,0,0.580067993164063,1.63,0,-5400.240234375
100000000000000000000004,1,922625000,0,-49,5.63891337626762,0,0,0.580067993164063,1.63,0,-5400.240234375
100000000000000000000003,1,922625000,0,-43,3.04341788316511,0,0,0.580067993164063,1.63,0,-5400.240234375
100000000000000000000004,1,922625000,0,-49.5,5.63891337626762,0,0,0.580067993164063,1.63,0,-5400.240234375
100000000000000000000001,1,922625000,0,-44.5,5.47937937432751,0,0,0.580067993164063,1.63,0,-5400.240234375
100000000000000000000002,1,922625000,0,-40.5,1.01856324315607,0,0,0.580067993164063,1.63,0,-5400.240234375
100000000000000000000000,1,922625000,0,-47,5.79231145505618,0,0,0.580067993164063,1.63,0,-5400.240234375
100000000000000000000003,1,922625000,0,-43,3.03728196001357,0,0,0.580067993164063,1.63,0,-5400.240234375
100000000000000000000004,1,922625000,0,-49.5,5.59596191420682,0,0,0.580067993164063,1.63,0,-5400.240234375
100000000000000000000002,1,922625000,0,-40.5,0.994019550549895,0,0,0.580067993164063,1.63,0,-5400.240234375
100000000000000000000001,1,922625000,0,-44.5,5.46710752802443,0,0,0.580067993164063,1.63,0,-5400.240234375
100000000000000000000003,1,922625000,0,-43,3.04341788316511,0,0,0.580067993164063,1.63,0,-5400.240234375
100000000000000000000000,1,922625000,0,-47,5.7800396087531,0,0,0.580067993164063,1.63,0,-5400.240234375
100000000000000000000004,1,922625000,0,-49.5,5.63891337626762,0,0,0.580067993164063,1.63,0,-5400.240234375
100000000000000000000003,1,922625000,0,-43,3.04955380631665,0,0,0.580067993164063,1.63,0,-5400.240234375
100000000000000000000002,1,922625000,0,-40.5,0.994019550549895,0,0,0.580067993164063,1.63,0,-5400.240234375
100000000000000000000000,1,922625000,0,-47.5,5.79844737820772,0,0,0.580067993164063,1.63,0,-5400.240234375
100000000000000000000001,1,922625000,0,-44.5,5.48551529747905,0,0,0.580067993164063,1.63,0,-5400.240234375
100000000000000000000001,1,922625000,0,-44.5,5.47324345117597,0,0,0.580067993164063,1.63,0,-5400.240234375
100000000000000000000003,1,922625000,0,-43,3.04955380631665,0,0,0.580067993164063,1.63,0,-5400.240234375
100000000000000000000002,1,922625000,0,-40.5,1.01856324315607,0,0,0.580067993164063,1.63,0,-5400.240234375
100000000000000000000000,1,922625000,0,-47,5.77390368560155,0,0,0.580067993164063,1.63,0,-5400.240234375
100000000000000000000004,1,922625000,0,-49,5.64504929941916,0,0,0.580067993164063,1.63,0,-5400.240234375
100000000000000000000000,1,922625000,0,-47.5,5.80458330135927,0,0,0.580067993164063,1.63,0,-5400.240234375
100000000000000000000001,1,922625000,0,-44.5,5.47937937432751,0,0,0.580067993164063,1.63,0,-5400.240234375
100000000000000000000004,1,922625000,0,-49,5.6511852225707,0,0,0.580067993164063,1.63,0,-5400.240234375
100000000000000000000003,1,922625000,0,-43,3.04955380631665,0,0,0.580067993164063,1.63,0,-5400.240234375
100000000000000000000002,1,922625000,0,-40.5,0.987883627398353,0,0,0.580067993164063,1.63,0,-5400.240234375
100000000000000000000003,1,922625000,0,-43,3.04341788316511,0,0,0.580067993164063,1.63,0,-5400.240234375
100000000000000000000001,1,922625000,0,-44.5,5.49778714378214,0,0,0.580067993164063,1.63,0,-5400.240234375
100000000000000000000000,1,922625000,0,-47,5.79844737820772,0,0,0.580067993164063,1.63,0,-5400.240234375
100000000000000000000002,1,922625000,0,-40.5,0.975611781095267,0,0,0.580067993164063,1.63,0,-5400.240234375
100000000000000000000004,1,922625000,0,-49,5.67572891517687,0,0,0.580067993164063,1.63,0,-5400.240234375
100000000000000000000000,1,922625000,0,-47.5,5.79844737820772,0,0,0.580067993164063,1.63,0,-5400.240234375
100000000000000000000004,1,922625000,0,-49,5.63891337626762,0,0,0.580067993164063,1.63,0,-5400.240234375
100000000000000000000001,1,922625000,0,-44.5,5.4916512206306,0,0,0.580067993164063,1.63,0,-5400.240234375
100000000000000000000002,1,922625000,0,-40.5,1.00629139685298,0,0,0.580067993164063,1.63,0,-5400.240234375
100000000000000000000003,1,922625000,0,-43,3.0556897294682,0,0,0.580067993164063,1.63,0,-5400.240234375
100000000000000000000002,1,922625000,0,-40.5,0.981747704246811,0,0,0.580067993164063,1.63,0,-5400.240234375
100000000000000000000003,1,922625000,0,-43,3.03728196001357,0,0,0.580067993164063,1.63,0,-5400.240234375
100000000000000000000000,1,922625000,0,-47,5.7800396087531,0,0,0.580067993164063,1.63,0,-5400.240234375
100000000000000000000004,1,922625000,0,-49.5,5.65732114572224,0,0,0.580067993164063,1.63,0,-5400.240234375
100000000000000000000001,1,922625000,0,-44.5,5.4916512206306,0,0,0.580067993164063,1.63,0,-5400.240234375
100000000000000000000003,1,922625000,0,-43,3.03728196001357,0,0,0.580067993164063,1.63,0,-5400.240234375
100000000000000000000000,1,922625000,0,-47.5,5.78617553190464,0,0,0.580067993164063,1.63,0,-5400.240234375
100000000000000000000002,1,922625000,0,-40.5,1.00629139685298,0,0,0.580067993164063,1.63,0,-5400.240234375
100000000000000000000001,1,922625000,0,-44.5,5.4916512206306,0,0,0.580067993164063,1.63,0,-5400.240234375
100000000000000000000004,1,922625000,0,-49,5.64504929941916,0,0,0.580067993164063,1.63,0,-5400.240234375
100000000000000000000003,1,922625000,0,-43,3.04341788316511,0,0,0.580067993164063,1.63,0,-5400.240234375
100000000000000000000001,1,922625000,0,-44.5,5.48551529747905,0,0,0.580067993164063,1.63,0,-5400.240234375
100000000000000000000002,1,922625000,0,-40.5,0.981747704246811,0,0,0.580067993164063,1.63,0,-5400.240234375
100000000000000000000004,1,922625000,0,-49,5.62664152996453,0,0,0.580067993164063,1.63,0,-5400.240234375
100000000000000000000000,1,922625000,0,-47,5.77390368560155,0,0,0.580067993164063,1.63,0,-5400.240234375
100000000000000000000003,1,922625000,0,-43,3.04955380631665,0,0,0.580067993164063,1.63,0,-5400.240234375
100000000000000000000001,1,922625000,0,-44.5,5.49778714378214,0,0,0.580067993164063,1.63,0,-5400.240234375
100000000000000000000000,1,922625000,0,-47.5,5.79231145505618,0,0,0.580067993164063,1.63,0,-5400.240234375
100000000000000000000002,1,922625000,0,-40.5,1.00629139685298,0,0,0.580067993164063,1.63,0,-5400.240234375
100000000000000000000004,1,922625000,0,-49,5.59596191420682,0,0,0.580067993164063,1.63,0,-5400.240234375
100000000000000000000004,1,922625000,0,-49.5,5.64504929941916,0,0,0.580067993164063,1.63,0,-5400.240234375
100000000000000000000001,1,922625000,0,-44.5,5.46097160487288,0,0,0.580067993164063,1.63,0,-5400.240234375
100000000000000000000003,1,922625000,0,-43,3.0556897294682,0,0,0.580067993164063,1.63,0,-5400.240234375
100000000000000000000000,1,922625000,0,-47,5.80458330135927,0,0,0.580067993164063,1.63,0,-5400.240234375
100000000000000000000002,1,922625000,0,-40.5,0.987883627398353,0,0,0.580067993164063,1.63,0,-5400.240234375
100000000000000000000001,1,922625000,0,-44.5,5.48551529747905,0,0,0.580067993164063,1.63,0,-5400.240234375
100000000000000000000004,1,922625000,0,-49,5.6511852225707,0,0,0.580067993164063,1.63,0,-5400.240234375
100000000000000000000002,1,922625000,0,-40.5,0.987883627398353,0,0,0.580067993164063,1.63,0,-5400.240234375
100000000000000000000000,1,922625000,0,-47,5.79231145505618,0,0,0.580067993164063,1.63,0,-5400.240234375
100000000000000000000003,1,922625000,0,-43,3.03728196001357,0,0,0.580067993164063,1.63,0,-5400.240234375
100000000000000000000001,1,922625000,0,-44.5,5.47937937432751,0,0,0.580067993164063,1.63,0,-5400.240234375
100000000000000000000002,1,922625000,0,-40.5,1.02469916630761,0,0,0.580067993164063,1.63,0,-5400.240234375
100000000000000000000004,1,922625000,0,-49,5.65732114572224,0,0,0.580067993164063,1.63,0,-5400.240234375
100000000000000000000003,1,922625000,0,-43,3.04955380631665,0,0,0.580067993164063,1.63,0,-5400.240234375
100000000000000000000000,1,922625000,0,-47,5.79844737820772,0,0,0.580067993164063,1.63,0,-5400.240234375
100000000000000000000004,1,922625000,0,-49,5.63277745311607,0,0,0.580067993164063,1.63,0,-5400.240234375
100000000000000000000002,1,922625000,0,-40.5,0.987883627398353,0,0,0.580067993164063,1.63,0,-5400.240234375
100000000000000000000000,1,922625000,0,-47.5,5.80458330135927,0,0,0.580067993164063,1.63,0,-5400.240234375
100000000000000000000001,1,922625000,0,-44.5,5.4916512206306,0,0,0.580067993164063,1.63,0,-5400.240234375
100000000000000000000003,1,922625000,0,-43,3.04341788316511,0,0,0.580067993164063,1.63,0,-5400.240234375
100000000000000000000001,1,922625000,0,-44.5,5.47324345117597,0,0,0.580067993164063,1.63,0,-5400.240234375
100000000000000000000003,1,922625000,0,-43,3.04341788316511,0,0,0.580067993164063,1.63,0,-5400.240234375
100000000000000000000000,1,922625000,0,-47.5,5.80458330135927,0,0,0.580067993164063,1.63,0,-5400.240234375
100000000000000000000002,1,922625000,0,-40.5,0.975611781095267,0,0,0.580067993164063,1.63,0,-5400.240234375
100000000000000000000004,1,922625000,0,-49,5.63891337626762,0,0,0.580067993164063,1.63,0,-5400.240234375
100000000000000000000002,1,922625000,0,-40.5,1.00629139685298,0,0,0.580067993164063,1.63,0,-5400.240234375
100000000000000000000003,1,922625000,0,-43,3.03728196001357,0,0,0.580067993164063,1.63,0,-5400.240234375
100000000000000000000000,1,922625000,0,-47.5,5.80458330135927,0,0,0.580067993164063,1.63,0,-5400.240234375
100000000000000000000001,1,922625000,0,-44.5,5.48551529747905,0,0,0.580067993164063,1.63,0,-5400.240234375
100000000000000000000004,1,922625000,0,-49,5.62050560681299,0,0,0.580067993164063,1.63,0,-5400.240234375
100000000000000000000001,1,922625000,0,-44.5,5.46710752802443,0,0,0.580067993164063,1.63,0,-5400.240234375
100000000000000000000002,1,922625000,0,-40.5,1.00629139685298,0,0,0.580067993164063,1.63,0,-5400.240234375
100000000000000000000003,1,922625000,0,-43,3.04955380631665,0,0,0.580067993164063,1.63,0,-5400.240234375
100000000000000000000000,1,922625000,0,-47.5,5.79844737820772,0,0,0.580067993164063,1.63,0,-5400.240234375
100000000000000000000004,1,922625000,0,-49,5.63277745311607,0,0,0.580067993164063,1.63,0,-5400.240234375
100000000000000000000003,1,922625000,0,-43,3.04341788316511,0,0,0.580067993164063,1.63,0,-5400.240234375
100000000000000000000002,1,922625000,0,-40.5,0.981747704246811,0,0,0.580067993164063,1.63,0,-5400.240234375
100000000000000000000001,1,922625000,0,-44.5,5.48551529747905,0,0,0.580067993164063,1.63,0,-5400.240234375
100000000000000000000004,1,922625000,0,-49,5.6511852225707,0,0,0.580067993164063,1.63,0,-5400.240234375
100000000000000000000000,1,922625000,0,-47.5,5.7800396087531,0,0,0.580067993164063,1.63,0,-5400.240234375
100000000000000000000002,1,922625000,0,-40.5,1.00629139685298,0,0,0.580067993164063,1.63,0,-5400.240234375
100000000000000000000001,1,922625000,0,-44.5,5.48551529747905,0,0,0.580067993164063,1.63,0,-5400.240234375
100000000000000000000003,1,922625000,0,-43,3.04341788316511,0,0,0.580067993164063,1.63,0,-5400.240234375
100000000000000000000004,1,922625000,0,-49,5.61436968366145,0,0,0.580067993164063,1.63,0,-5400.240234375
100000000000000000000000,1,922625000,0,-47,5.78617553190464,0,0,0.580067993164063,1.63,0,-5400.240234375
100000000000000000000001,1,922625000,0,-44.5,5.49778714378214,0,0,0.580067993164063,1.63,0,-5400.240234375
100000000000000000000004,1,922625000,0,-49.5,5.64504929941916,0,0,0.580067993164063,1.63,0,-5400.240234375
100000000000000000000000,1,922625000,0,-47,5.80458330135927,0,0,0.580067993164063,1.63,0,-5400.240234375
100000000000000000000003,1,922625000,0,-43,3.04341788316511,0,0,0.580067993164063,1.63,0,-5400.240234375
100000000000000000000002,1,922625000,0,-40.5,1.00015547370144,0,0,0.580067993164063,1.63,0,-5400.240234375
100000000000000000000004,1,922625000,0,-49,5.6511852225707,0,0,0.580067993164063,1.63,0,-5400.240234375
100000000000000000000003,1,922625000,0,-43,3.0556897294682,0,0,0.580067993164063,1.63,0,-5400.240234375
100000000000000000000001,1,922625000,0,-44.5,5.47324345117597,0,0,0.580067993164063,1.63,0,-5400.240234375
100000000000000000000000,1,922625000,0,-47,5.7800396087531,0,0,0.580067993164063,1.63,0,-5400.240234375
100000000000000000000002,1,922625000,0,-40.5,1.00629139685298,0,0,0.580067993164063,1.63,0,-5400.240234375
100000000000000000000003,1,922625000,0,-43,3.04341788316511,0,0,0.580067993164063,1.63,0,-5400.240234375
100000000000000000000004,1,922625000,0,-49,5.63277745311607,0,0,0.580067993164063,1.63,0,-5400.240234375
100000000000000000000002,1,922625000,0,-40.5,0.994019550549895,0,0,0.580067993164063,1.63,0,-5400.240234375
100000000000000000000001,1,922625000,0,-44.5,5.47937937432751,0,0,0.580067993164063,1.63,0,-5400.240234375
100000000000000000000000,1,922625000,0,-47.5,5.79844737820772,0,0,0.580067993164063,1.63,0,-5400.240234375
100000000000000000000002,1,922625000,0,-40.5,0.981747704246811,0,0,0.580067993164063,1.63,0,-5400.240234375
100000000000000000000001,1,922625000,0,-44.5,5.49778714378214,0,0,0.580067993164063,1.63,0,-5400.240234375
100000000000000000000003,1,922625000,0,-43,3.04341788316511,0,0,0.580067993164063,1.63,0,-5400.240234375
100000000000000000000000,1,922625000,0,-47,5.76163183929847,0,0,0.580067993164063,1.63,0,-5400.240234375
100000000000000000000004,1,922625000,0,-49,5.66345706887379,0,0,0.580067993164063,1.63,0,-5400.240234375
100000000000000000000000,1,922625000,0,-47,5.79231145505618,0,0,0.580067993164063,1.63,0,-5400.240234375
100000000000000000000003,1,922625000,0,-43,3.04341788316511,0,0,0.580067993164063,1.63,0,-5400.240234375
100000000000000000000004,1,922625000,0,-49.5,5.63277745311607,0,0,0.580067993164063,1.63,0,-5400.240234375
100000000000000000000002,1,922625000,0,-40.5,1.01856324315607,0,0,0.580067993164063,1.63,0,-5400.240234375
100000000000000000000001,1,922625000,0,-44.5,5.4916512206306,0,0,0.580067993164063,1.63,0,-5400.240234375
100000000000000000000004,1,922625000,0,-49,5.63277745311607,0,0,0.580067993164063,1.63,0,-5400.240234375
100000000000000000000001,1,922625000,0,-44.5,5.46710752802443,0,0,0.580067993164063,1.63,0,-5400.240234375
100000000000000000000003,1,922625000,0,-43,3.04341788316511,0,0,0.580067993164063,1.63,0,-5400.240234375
100000000000000000000000,1,922625000,0,-47,5.7800396087531,0,0,0.580067993164063,1.63,0,-5400.240234375
100000000000000000000002,1,922625000,0,-40.5,0.975611781095267,0,0,0.580067993164063,1.63,0,-5400.240234375
100000000000000000000002,1,922625000,0,-40.5,0.975611781095267,0,0,0.580067993164063,1.63,0,-5400.240234375
100000000000000000000003,1,922625000,0,-43,3.03728196001357,0,0,0.580067993164063,1.63,0,-5400.240234375
100000000000000000000004,1,922625000,0,-49,5.65732114572224,0,0,0.580067993164063,1.63,0,-5400.240234375
100000000000000000000001,1,922625000,0,-44.5,5.46097160487288,0,0,0.580067993164063,1.63,0,-5400.240234375
100000000000000000000000,1,922625000,0,-47.5,5.78617553190464,0,0,0.580067993164063,1.63,0,-5400.240234375
100000000000000000000001,1,922625000,0,-44.5,5.47937937432751,0,0,0.580067993164063,1.63,0,-5400.240234375
100000000000000000000000,1,922625000,0,-47,5.79231145505618,0,0,0.580067993164063,1.63,0,-5400.240234375
100000000000000000000003,1,922625000,0,-43,3.04341788316511,0,0,0.580067993164063,1.63,0,-5400.240234375
100000000000000000000002,1,922625000,0,-40.5,0.975611781095267,0,0,0.580067993164063,1.63,0,-5400.240234375
100000000000000000000004,1,922625000,0,-49,5.63277745311607,0,0,0.580067993164063,1.63,0,-5400.240234375
100000000000000000000004,1,922625000,0,-49,5.57755414475219,0,0,0.580067993164063,1.63,0,-5400.240234375
100000000000000000000003,1,922625000,0,-43,3.04955380631665,0,0,0.580067993164063,1.63,0,-5400.240234375
100000000000000000000000,1,922625000,0,-47,5.78617553190464,0,0,0.580067993164063,1.63,0,-5400.240234375
100000000000000000000002,1,922625000,0,-40.5,0.994019550549895,0,0,0.580067993164063,1.63,0,-5400.240234375
100000000000000000000001,1,922625000,0,-44.5,5.46710752802443,0,0,0.580067993164063,1.63,0,-5400.240234375
100000000000000000000003,1,922625000,0,-43,3.04955380631665,0,0,0.580067993164063,1.63,0,-5400.240234375
100000000000000000000002,1,922625000,0,-40.5,0.981747704246811,0,0,0.580067993164063,1.63,0,-5400.240234375
100000000000000000000001,1,922625000,0,-44.5,5.47324345117597,0,0,0.580067993164063,1.63,0,-5400.240234375
100000000000000000000000,1,922625000,0,-47,5.79844737820772,0,0,0.580067993164063,1.63,0,-5400.240234375
100000000000000000000004,1,922625000,0,-49.5,5.58369006790373,0,0,0.580067993164063,1.63,0,-5400.240234375
100000000000000000000004,1,922625000,0,-49.5,5.63277745311607,0,0,0.580067993164063,1.63,0,-5400.240234375
100000000000000000000002,1,922625000,0,-40.5,1.01856324315607,0,0,0.580067993164063,1.63,0,-5400.240234375
100000000000000000000001,1,922625000,0,-44.5,5.47937937432751,0,0,0.580067993164063,1.63,0,-5400.240234375
100000000000000000000000,1,922625000,0,-47,5.78617553190464,0,0,0.580067993164063,1.63,0,-5400.240234375
100000000000000000000003,1,922625000,0,-43,3.03728196001357,0,0,0.580067993164063,1.63,0,-5400.240234375
100000000000000000000002,1,922625000,0,-40.5,1.00015547370144,0,0,0.580067993164063,1.63,0,-5400.240234375
100000000000000000000004,1,922625000,0,-49,5.62664152996453,0,0,0.580067993164063,1.63,0,-5400.240234375
100000000000000000000000,1,922625000,0,-47,5.7800396087531,0,0,0.580067993164063,1.63,0,-5400.240234375
100000000000000000000003,1,922625000,0,-43,3.0556897294682,0,0,0.580067993164063,1.63,0,-5400.240234375
100000000000000000000001,1,922625000,0,-44.5,5.48551529747905,0,0,0.580067993164063,1.63,0,-5400.240234375
100000000000000000000002,1,922625000,0,-40.5,0.981747704246811,0,0,0.580067993164063,1.63,0,-5400.240234375
100000000000000000000001,1,922625000,0,-44.5,5.47324345117597,0,0,0.580067993164063,1.63,0,-5400.240234375
100000000000000000000003,1,922625000,0,-43,3.03728196001357,0,0,0.580067993164063,1.63,0,-5400.240234375
100000000000000000000000,1,922625000,0,-47,5.78617553190464,0,0,0.580067993164063,1.63,0,-5400.240234375
100000000000000000000004,1,922625000,0,-49.5,5.63891337626762,0,0,0.580067993164063,1.63,0,-5400.240234375
100000000000000000000004,1,922625000,0,-49.5,5.64504929941916,0,0,0.580067993164063,1.63,0,-5400.240234375
100000000000000000000001,1,922625000,0,-44.5,5.47937937432751,0,0,0.580067993164063,1.63,0,-5400.240234375
100000000000000000000000,1,922625000,0,-47.5,5.79844737820772,0,0,0.580067993164063,1.63,0,-5400.240234375
100000000000000000000003,1,922625000,0,-43,3.04955380631665,0,0,0.580067993164063,1.63,0,-5400.240234375
100000000000000000000002,1,922625000,0,-40.5,1.00015547370144,0,0,0.580067993164063,1.63,0,-5400.240234375
100000000000000000000000,1,922625000,0,-47,5.81071922451081,0,0,0.580067993164063,1.63,0,-5400.240234375
100000000000000000000001,1,922625000,0,-44.5,5.47324345117597,0,0,0.580067993164063,1.63,0,-5400.240234375
100000000000000000000003,1,922625000,0,-43,3.04341788316511,0,0,0.580067993164063,1.63,0,-5400.240234375
100000000000000000000002,1,922625000,0,-40.5,1.01242732000452,0,0,0.580067993164063,1.63,0,-5400.240234375
100000000000000000000004,1,922625000,0,-49,5.64504929941916,0,0,0.580067993164063,1.63,0,-5400.240234375
100000000000000000000003,1,922625000,0,-43,3.06182565261974,0,0,0.580067993164063,1.63,0,-5400.240234375
100000000000000000000002,1,922625000,0,-40.5,1.00629139685298,0,0,0.580067993164063,1.63,0,-5400.240234375
100000000000000000000004,1,922625000,0,-49.5,5.63891337626762,0,0,0.580067993164063,1.63,0,-5400.240234375
100000000000000000000000,1,922625000,0,-47,5.79231145505618,0,0,0.580067993164063,1.63,0,-5400.240234375
100000000000000000000001,1,922625000,0,-44.5,5.47324345117597,0,0,0.580067993164063,1.63,0,-5400.240234375
100000000000000000000001,1,922625000,0,-44.5,5.47324345117597,0,0,0.580067993164063,1.63,0,-5400.240234375
100000000000000000000003,1,922625000,0,-43,3.03728196001357,0,0,0.580067993164063,1.63,0,-5400.240234375
100000000000000000000002,1,922625000,0,-40.5,1.00015547370144,0,0,0.580067993164063,1.63,0,-5400.240234375
100000000000000000000004,1,922625000,0,-49.5,5.63277745311607,0,0,0.580067993164063,1.63,0,-5400.240234375
100000000000000000000000,1,922625000,0,-47,5.79231145505618,0,0,0.580067993164063,1.63,0,-5400.240234375
100000000000000000000003,1,922625000,0,-43,3.04341788316511,0,0,0.580067993164063,1.63,0,-5400.240234375
100000000000000000000002,1,922625000,0,-40.5,0.987883627398353,0,0,0.580067993164063,1.63,0,-5400.240234375
100000000000000000000004,1,922625000,0,-49.5,5.63277745311607,0,0,0.580067993164063,1.63,0,-5400.240234375
100000000000000000000001,1,922625000,0,-44.5,5.47324345117597,0,0,0.580067993164063,1.63,0,-5400.240234375
100000000000000000000000,1,922625000,0,-47,5.79844737820772,0,0,0.580067993164063,1.63,0,-5400.240234375
100000000000000000000003,1,922625000,0,-43,3.0556897294682,0,0,0.580067993164063,1.63,0,-5400.240234375
100000000000000000000002,1,922625000,0,-40.5,0.981747704246811,0,0,0.580067993164063,1.63,0,-5400.240234375
100000000000000000000001,1,922625000,0,-44.5,5.4916512206306,0,0,0.580067993164063,1.63,0,-5400.240234375
100000000000000000000004,1,922625000,0,-49.5,5.58369006790373,0,0,0.580067993164063,1.63,0,-5400.240234375
100000000000000000000000,1,922625000,0,-47.5,5.79231145505618,0,0,0.580067993164063,1.63,0,-5400.240234375
100000000000000000000003,1,922625000,0,-43,3.0556897294682,0,0,0.580067993164063,1.63,0,-5400.240234375
100000000000000000000004,1,922625000,0,-49,5.66959299202533,0,0,0.580067993164063,1.63,0,-5400.240234375
100000000000000000000002,1,922625000,0,-40.5,1.00629139685298,0,0,0.580067993164063,1.63,0,-5400.240234375
100000000000000000000001,1,922625000,0,-44.5,5.48551529747905,0,0,0.580067993164063,1.63,0,-5400.240234375
100000000000000000000000,1,922625000,0,-47,5.79844737820772,0,0,0.580067993164063,1.63,0,-5400.240234375
100000000000000000000000,1,922625000,0,-47,5.81071922451081,0,0,0.580067993164063,1.63,0,-5400.240234375
100000000000000000000003,1,922625000,0,-43,3.04955380631665,0,0,0.580067993164063,1.63,0,-5400.240234375
100000000000000000000002,1,922625000,0,-40.5,0.994019550549895,0,0,0.580067993164063,1.63,0,-5400.240234375
100000000000000000000004,1,922625000,0,-49,5.62664152996453,0,0,0.580067993164063,1.63,0,-5400.240234375
100000000000000000000001,1,922625000,0,-44.5,5.47937937432751,0,0,0.580067993164063,1.63,0,-5400.240234375
100000000000000000000002,1,922625000,0,-40.5,0.994019550549895,0,0,0.580067993164063,1.63,0,-5400.240234375
100000000000000000000003,1,922625000,0,-43,3.04341788316511,0,0,0.580067993164063,1.63,0,-5400.240234375
100000000000000000000004,1,922625000,0,-49,5.65732114572224,0,0,0.580067993164063,1.63,0,-5400.240234375
100000000000000000000001,1,922625000,0,-44.5,5.48551529747905,0,0,0.580067993164063,1.63,0,-5400.240234375
100000000000000000000000,1,922625000,0,-47.5,5.79844737820772,0,0,0.580067993164063,1.63,0,-5400.240234375
100000000000000000000002,1,922625000,0,-40.5,1.01242732000452,0,0,0.580067993164063,1.63,0,-5400.240234375
100000000000000000000001,1,922625000,0,-44.5,5.47937937432751,0,0,0.580067993164063,1.63,0,-5400.240234375
100000000000000000000004,1,922625000,0,-49,5.63891337626762,0,0,0.580067993164063,1.63,0,-5400.240234375
100000000000000000000000,1,922625000,0,-47.5,5.7800396087531,0,0,0.580067993164063,1.63,0,-5400.240234375
100000000000000000000003,1,922625000,0,-43,3.04341788316511,0,0,0.580067993164063,1.63,0,-5400.240234375
100000000000000000000002,1,922625000,0,-40.5,1.00629139685298,0,0,0.580067993164063,1.63,0,-5400.240234375
100000000000000000000003,1,922625000,0,-43,3.04341788316511,0,0,0.580067993164063,1.63,0,-5400.240234375
100000000000000000000001,1,922625000,0,-44.5,5.47324345117597,0,0,0.580067993164063,1.63,0,-5400.240234375
100000000000000000000000,1,922625000,0,-47.5,5.79844737820772,0,0,0.580067993164063,1.63,0,-5400.240234375
100000000000000000000004,1,922625000,0,-49,5.61436968366145,0,0,0.580067993164063,1.63,0,-5400.240234375
100000000000000000000002,1,922625000,0,-40.5,1.00015547370144,0,0,0.580067993164063,1.63,0,-5400.240234375
100000000000000000000003,1,922625000,0,-43,3.0556897294682,0,0,0.580067993164063,1.63,0,-5400.240234375
100000000000000000000001,1,922625000,0,-44.5,5.48551529747905,0,0,0.580067993164063,1.63,0,-5400.240234375
100000000000000000000004,1,922625000,0,-49.5,5.63277745311607,0,0,0.580067993164063,1.63,0,-5400.240234375
100000000000000000000000,1,922625000,0,-47.5,5.79231145505618,0,0,0.580067993164063,1.63,0,-5400.240234375
100000000000000000000000,1,922625000,0,-47.5,5.79844737820772,0,0,0.580067993164063,1.63,0,-5400.240234375
100000000000000000000003,1,922625000,0,-43,3.03728196001357,0,0,0.580067993164063,1.63,0,-5400.240234375
100000000000000000000001,1,922625000,0,-44.5,5.47937937432751,0,0,0.580067993164063,1.63,0,-5400.240234375
100000000000000000000002,1,922625000,0,-40.5,0.975611781095267,0,0,0.580067993164063,1.63,0,-5400.240234375
100000000000000000000004,1,922625000,0,-49,5.63277745311607,0,0,0.580067993164063,1.63,0,-5400.240234375
100000000000000000000001,1,922625000,0,-44.5,5.47937937432751,0,0,0.580067993164063,1.63,0,-5400.240234375
100000000000000000000004,1,922625000,0,-49.5,5.6511852225707,0,0,0.580067993164063,1.63,0,-5400.240234375
100000000000000000000003,1,922625000,0,-43,3.04955380631665,0,0,0.580067993164063,1.63,0,-5400.240234375
100000000000000000000002,1,922625000,0,-40.5,0.981747704246811,0,0,0.580067993164063,1.63,0,-5400.240234375
100000000000000000000000,1,922625000,0,-47,5.7800396087531,0,0,0.580067993164063,1.63,0,-5400.240234375
100000000000000000000004,1,922625000,0,-49,5.64504929941916,0,0,0.580067993164063,1.63,0,-5400.240234375
100000000000000000000000,1,922625000,0,-47,5.7800396087531,0,0,0.580067993164063,1.63,0,-5400.240234375
100000000000000000000002,1,922625000,0,-40.5,1.01856324315607,0,0,0.580067993164063,1.63,0,-5400.240234375
100000000000000000000001,1,922625000,0,-44.5,5.4916512206306,0,0,0.580067993164063,1.63,0,-5400.240234375
100000000000000000000003,1,922625000,0,-43,3.04341788316511,0,0,0.580067993164063,1.63,0,-5400.240234375
100000000000000000000000,1,922625000,0,-47.5,5.79844737820772,0,0,0.580067993164063,1.63,0,-5400.240234375
100000000000000000000001,1,922625000,0,-44.5,5.47324345117597,0,0,0.580067993164063,1.63,0,-5400.240234375
100000000000000000000004,1,922625000,0,-49.5,5.61436968366145,0,0,0.580067993164063,1.63,0,-5400.240234375
100000000000000000000003,1,922625000,0,-43,3.0556897294682,0,0,0.580067993164063,1.63,0,-5400.240234375
100000000000000000000002,1,922625000,0,-40.5,1.00629139685298,0,0,0.580067993164063,1.63,0,-5400.240234375
100000000000000000000002,1,922625000,0,-40.5,1.00629139685298,0,0,0.580067993164063,1.63,0,-5400.240234375
100000000000000000000003,1,922625000,0,-43,3.0556897294682,0,0,0.580067993164063,1.63,0,-5400.240234375
100000000000000000000000,1,922625000,0,-47.5,5.77390368560155,0,0,0.580067993164063,1.63,0,-5400.240234375
100000000000000000000001,1,922625000,0,-44.5,5.46710752802443,0,0,0.580067993164063,1.63,0,-5400.240234375
100000000000000000000004,1,922625000,0,-49,5.66345706887379,0,0,0.580067993164063,1.63,0,-5400.240234375
100000000000000000000003,1,922625000,0,-43,3.04341788316511,0,0,0.580067993164063,1.63,0,-5400.240234375
100000000000000000000004,1,922625000,0,-49.5,5.64504929941916,0,0,0.580067993164063,1.63,0,-5400.240234375
100000000000000000000002,1,922625000,0,-40.5,0.969475857943725,0,0,0.580067993164063,1.63,0,-5400.240234375
100000000000000000000001,1,922625000,0,-44.5,5.47324345117597,0,0,0.580067993164063,1.63,0,-5400.240234375
100000000000000000000000,1,922625000,0,-47.5,5.82912699396544,0,0,0.580067993164063,1.63,0,-5400.240234375
100000000000000000000001,1,922625000,0,-44.5,5.47324345117597,0,0,0.580067993164063,1.63,0,-5400.240234375
100000000000000000000004,1,922625000,0,-49.5,5.64504929941916,0,0,0.580067993164063,1.63,0,-5400.240234375
100000000000000000000000,1,922625000,0,-47.5,5.79231145505618,0,0,0.580067993164063,1.63,0,-5400.240234375
100000000000000000000003,1,922625000,0,-43,3.03728196001357,0,0,0.580067993164063,1.63,0,-5400.240234375
100000000000000000000002,1,922625000,0,-40.5,1.00629139685298,0,0,0.580067993164063,1.63,0,-5400.240234375
100000000000000000000000,1,922625000,0,-47.5,5.79231145505618,0,0,0.580067993164063,1.63,0,-5400.240234375
100000000000000000000001,1,922625000,0,-44.5,5.47937937432751,0,0,0.580067993164063,1.63,0,-5400.240234375
100000000000000000000003,1,922625000,0,-43,3.04341788316511,0,0,0.580067993164063,1.63,0,-5400.240234375
100000000000000000000002,1,922625000,0,-40.5,0.969475857943725,0,0,0.580067993164063,1.63,0,-5400.240234375
100000000000000000000004,1,922625000,0,-49.5,5.6511852225707,0,0,0.580067993164063,1.63,0,-5400.240234375
100000000000000000000003,1,922625000,0,-43,3.04955380631665,0,0,0.580067993164063,1.63,0,-5400.240234375
100000000000000000000004,1,922625000,0,-49,5.61436968366145,0,0,0.580067993164063,1.63,0,-5400.240234375
100000000000000000000000,1,922625000,0,-47.5,5.76776776245001,0,0,0.580067993164063,1.63,0,-5400.240234375
100000000000000000000002,1,922625000,0,-40.5,0.981747704246811,0,0,0.580067993164063,1.63,0,-5400.240234375
100000000000000000000001,1,922625000,0,-44.5,5.47324345117597,0,0,0.580067993164063,1.63,0,-5400.240234375
100000000000000000000001,1,922625000,0,-44.5,5.46710752802443,0,0,0.580067993164063,1.63,0,-5400.240234375
100000000000000000000000,1,922625000,0,-47,5.80458330135927,0,0,0.580067993164063,1.63,0,-5400.240234375
100000000000000000000004,1,922625000,0,-49,5.62050560681299,0,0,0.580067993164063,1.63,0,-5400.240234375
100000000000000000000002,1,922625000,0,-40.5,1.00629139685298,0,0,0.580067993164063,1.63,0,-5400.240234375
100000000000000000000003,1,922625000,0,-43,3.0556897294682,0,0,0.580067993164063,1.63,0,-5400.240234375
100000000000000000000001,1,922625000,0,-44.5,5.47324345117597,0,0,0.580067993164063,1.63,0,-5400.240234375
100000000000000000000000,1,922625000,0,-47.5,5.7800396087531,0,0,0.580067993164063,1.63,0,-5400.240234375
100000000000000000000002,1,922625000,0,-40.5,0.987883627398353,0,0,0.580067993164063,1.63,0,-5400.240234375
100000000000000000000004,1,922625000,0,-49.5,5.61436968366145,0,0,0.580067993164063,1.63,0,-5400.240234375
100000000000000000000003,1,922625000,0,-43,3.0556897294682,0,0,0.580067993164063,1.63,0,-5400.240234375
100000000000000000000002,1,922625000,0,-40.5,0.994019550549895,0,0,0.580067993164063,1.63,0,-5400.240234375
100000000000000000000004,1,922625000,0,-49.5,5.6511852225707,0,0,0.580067993164063,1.63,0,-5400.240234375
100000000000000000000001,1,922625000,0,-44.5,5.48551529747905,0,0,0.580067993164063,1.63,0,-5400.240234375
100000000000000000000003,1,922625000,0,-43,3.03728196001357,0,0,0.580067993164063,1.63,0,-5400.240234375
100000000000000000000000,1,922625000,0,-47,5.79844737820772,0,0,0.580067993164063,1.63,0,-5400.240234375
100000000000000000000003,1,922625000,0,-43,3.03728196001357,0,0,0.580067993164063,1.63,0,-5400.240234375
100000000000000000000004,1,922625000,0,-49.5,5.63891337626762,0,0,0.580067993164063,1.63,0,-5400.240234375
100000000000000000000001,1,922625000,0,-44.5,5.4916512206306,0,0,0.580067993164063,1.63,0,-5400.240234375
100000000000000000000002,1,922625000,0,-40.5,1.02469916630761,0,0,0.580067993164063,1.63,0,-5400.240234375
100000000000000000000000,1,922625000,0,-47,5.79231145505618,0,0,0.580067993164063,1.63,0,-5400.240234375
100000000000000000000001,1,922625000,0,-44.5,5.46097160487288,0,0,0.580067993164063,1.63,0,-5400.240234375
100000000000000000000004,1,922625000,0,-49,5.6511852225707,0,0,0.580067993164063,1.63,0,-5400.240234375
100000000000000000000003,1,922625000,0,-43,3.03728196001357,0,0,0.580067993164063,1.63,0,-5400.240234375
100000000000000000000002,1,922625000,0,-40.5,1.00015547370144,0,0,0.580067993164063,1.63,0,-5400.240234375
100000000000000000000000,1,922625000,0,-47.5,5.79231145505618,0,0,0.580067993164063,1.63,0,-5400.240234375
100000000000000000000004,1,922625000,0,-49,5.63891337626762,0,0,0.580067993164063,1.63,0,-5400.240234375
100000000000000000000002,1,922625000,0,-40.5,0.987883627398353,0,0,0.580067993164063,1.63,0,-5400.240234375
100000000000000000000001,1,922625000,0,-44.5,5.47937937432751,0,0,0.580067993164063,1.63,0,-5400.240234375
100000000000000000000000,1,922625000,0,-47,5.79844737820772,0,0,0.580067993164063,1.63,0,-5400.240234375
100000000000000000000003,1,922625000,0,-43,3.03728196001357,0,0,0.580067993164063,1.63,0,-5400.240234375
100000000000000000000001,1,922625000,0,-44.5,5.47937937432751,0,0,0.580067993164063,1.63,0,-5400.240234375
100000000000000000000000,1,922625000,0,-47,5.79231145505618,0,0,0.580067993164063,1.63,0,-5400.240234375
100000000000000000000003,1,922625000,0,-43,3.04341788316511,0,0,0.580067993164063,1.63,0,-5400.240234375
100000000000000000000004,1,922625000,0,-49,5.6511852225707,0,0,0.580067993164063,1.63,0,-5400.240234375
100000000000000000000002,1,922625000,0,-40.5,0.994019550549895,0,0,0.580067993164063,1.63,0,-5400.240234375
100000000000000000000000,1,922625000,0,-47.5,5.7800396087531,0,0,0.580067993164063,1.63,0,-5400.240234375
100000000000000000000004,1,922625000,0,-49.5,5.64504929941916,0,0,0.580067993164063,1.63,0,-5400.240234375
100000000000000000000001,1,922625000,0,-44.5,5.48551529747905,0,0,0.580067993164063,1.63,0,-5400.240234375
100000000000000000000003,1,922625000,0,-43,3.0556897294682,0,0,0.580067993164063,1.63,0,-5400.240234375
100000000000000000000002,1,922625000,0,-40.5,1.01242732000452,0,0,0.580067993164063,1.63,0,-5400.240234375
100000000000000000000002,1,922625000,0,-40.5,0.975611781095267,0,0,0.580067993164063,1.63,0,-5400.240234375
100000000000000000000003,1,922625000,0,-43,3.04955380631665,0,0,0.580067993164063,1.63,0,-5400.240234375
100000000000000000000000,1,922625000,0,-47.5,5.79844737820772,0,0,0.580067993164063,1.63,0,-5400.240234375
100000000000000000000001,1,922625000,0,-44.5,5.4916512206306,0,0,0.580067993164063,1.63,0,-5400.240234375
100000000000000000000004,1,922625000,0,-49.5,5.63891337626762,0,0,0.580067993164063,1.63,0,-5400.240234375
100000000000000000000000,1,922625000,0,-47.5,5.79844737820772,0,0,0.580067993164063,1.63,0,-5400.240234375
100000000000000000000001,1,922625000,0,-44.5,5.47937937432751,0,0,0.580067993164063,1.63,0,-5400.240234375
100000000000000000000002,1,922625000,0,-40.5,0.987883627398353,0,0,0.580067993164063,1.63,0,-5400.240234375
100000000000000000000003,1,922625000,0,-43,3.04955380631665,0,0,0.580067993164063,1.63,0,-5400.240234375
100000000000000000000004,1,922625000,0,-49,5.6511852225707,0,0,0.580067993164063,1.63,0,-5400.240234375
100000000000000000000001,1,922625000,0,-44.5,5.46097160487288,0,0,0.580067993164063,1.63,0,-5400.240234375
100000000000000000000002,1,922625000,0,-40.5,1.00015547370144,0,0,0.580067993164063,1.63,0,-5400.240234375
100000000000000000000000,1,922625000,0,-47,5.79231145505618,0,0,0.580067993164063,1.63,0,-5400.240234375
100000000000000000000003,1,922625000,0,-43,3.0556897294682,0,0,0.580067993164063,1.63,0,-5400.240234375
100000000000000000000004,1,922625000,0,-49,5.58982599105528,0,0,0.580067993164063,1.63,0,-5400.240234375
100000000000000000000002,1,922625000,0,-40.5,0.981747704246811,0,0,0.580067993164063,1.63,0,-5400.240234375
100000000000000000000001,1,922625000,0,-44.5,5.48551529747905,0,0,0.580067993164063,1.63,0,-5400.240234375
100000000000000000000004,1,922625000,0,-49.5,5.64504929941916,0,0,0.580067993164063,1.63,0,-5400.240234375
100000000000000000000000,1,922625000,0,-47,5.79231145505618,0,0,0.580067993164063,1.63,0,-5400.240234375
100000000000000000000003,1,922625000,0,-43,3.06182565261974,0,0,0.580067993164063,1.63,0,-5400.240234375
100000000000000000000002,1,922625000,0,-40.5,1.01856324315607,0,0,0.580067993164063,1.63,0,-5400.240234375
100000000000000000000004,1,922625000,0,-49.5,5.64504929941916,0,0,0.580067993164063,1.63,0,-5400.240234375
100000000000000000000003,1,922625000,0,-43,3.04955380631665,0,0,0.580067993164063,1.63,0,-5400.240234375
100000000000000000000001,1,922625000,0,-44.5,5.45483568172134,0,0,0.580067993164063,1.63,0,-5400.240234375
100000000000000000000000,1,922625000,0,-47.5,5.78617553190464,0,0,0.580067993164063,1.63,0,-5400.240234375
100000000000000000000003,1,922625000,0,-42.5,3.0556897294682,0,0,0.580067993164063,1.63,0,-5400.240234375
100000000000000000000004,1,922625000,0,-49,5.63891337626762,0,0,0.580067993164063,1.63,0,-5400.240234375
100000000000000000000000,1,922625000,0,-47,5.78617553190464,0,0,0.580067993164063,1.63,0,-5400.240234375
100000000000000000000002,1,922625000,0,-40.5,0.975611781095267,0,0,0.580067993164063,1.63,0,-5400.240234375
100000000000000000000001,1,922625000,0,-44.5,5.48551529747905,0,0,0.580067993164063,1.63,0,-5400.240234375
100000000000000000000002,1,922625000,0,-40.5,0.987883627398353,0,0,0.580067993164063,1.63,0,-5400.240234375
100000000000000000000001,1,922625000,0,-44.5,5.48551529747905,0,0,0.580067993164063,1.63,0,-5400.240234375
100000000000000000000003,1,922625000,0,-43,3.06182565261974,0,0,0.580067993164063,1.63,0,-5400.240234375
100000000000000000000000,1,922625000,0,-47.5,5.78617553190464,0,0,0.580067993164063,1.63,0,-5400.240234375
100000000000000000000004,1,922625000,0,-49,5.62664152996453,0,0,0.580067993164063,1.63,0,-5400.240234375
100000000000000000000000,1,922625000,0,-47,5.79844737820772,0,0,0.580067993164063,1.63,0,-5400.240234375
100000000000000000000002,1,922625000,0,-40.5,1.00015547370144,0,0,0.580067993164063,1.63,0,-5400.240234375
100000000000000000000003,1,922625000,0,-43,3.04341788316511,0,0,0.580067993164063,1.63,0,-5400.240234375
100000000000000000000001,1,922625000,0,-44.5,5.47937937432751,0,0,0.580067993164063,1.63,0,-5400.240234375
100000000000000000000004,1,922625000,0,-49.5,5.62664152996453,0,0,0.580067993164063,1.63,0,-5400.240234375
100000000000000000000003,1,922625000,0,-43,3.0556897294682,0,0,0.580067993164063,1.63,0,-5400.240234375
100000000000000000000001,1,922625000,0,-44.5,5.48551529747905,0,0,0.580067993164063,1.63,0,-5400.240234375
100000000000000000000002,1,922625000,0,-40.5,0.994019550549895,0,0,0.580067993164063,1.63,0,-5400.240234375
100000000000000000000000,1,922625000,0,-47.5,5.79231145505618,0,0,0.580067993164063,1.63,0,-5400.240234375
100000000000000000000004,1,922625000,0,-49,5.63277745311607,0,0,0.580067993164063,1.63,0,-5400.240234375
100000000000000000000003,1,922625000,0,-43,3.04341788316511,0,0,0.580067993164063,1.63,0,-5400.240234375
100000000000000000000004,1,922625000,0,-49.5,5.64504929941916,0,0,0.580067993164063,1.63,0,-5400.240234375
100000000000000000000001,1,922625000,0,-44.5,5.46710752802443,0,0,0.580067993164063,1.63,0,-5400.240234375
100000000000000000000000,1,922625000,0,-47,5.7800396087531,0,0,0.580067993164063,1.63,0,-5400.240234375
100000000000000000000002,1,922625000,0,-40.5,0.987883627398353,0,0,0.580067993164063,1.63,0,-5400.240234375
100000000000000000000003,1,922625000,0,-43,3.04341788316511,0,0,0.580067993164063,1.63,0,-5400.240234375
100000000000000000000002,1,922625000,0,-40.5,1.01242732000452,0,0,0.580067993164063,1.63,0,-5400.240234375
100000000000000000000004,1,922625000,0,-49.5,5.63891337626762,0,0,0.580067993164063,1.63,0,-5400.240234375
100000000000000000000001,1,922625000,0,-44.5,5.46710752802443,0,0,0.580067993164063,1.63,0,-5400.240234375
100000000000000000000000,1,922625000,0,-47.5,5.81071922451081,0,0,0.580067993164063,1.63,0,-5400.240234375
100000000000000000000002,1,922625000,0,-40.5,0.994019550549895,0,0,0.580067993164063,1.63,0,-5400.240234375
100000000000000000000000,1,922625000,0,-47.5,5.80458330135927,0,0,0.580067993164063,1.63,0,-5400.240234375
100000000000000000000003,1,922625000,0,-43,3.04955380631665,0,0,0.580067993164063,1.63,0,-5400.240234375
100000000000000000000004,1,922625000,0,-49.5,5.6082337605099,0,0,0.580067993164063,1.63,0,-5400.240234375
100000000000000000000001,1,922625000,0,-44.5,5.46097160487288,0,0,0.580067993164063,1.63,0,-5400.240234375
100000000000000000000003,1,922625000,0,-43,3.0556897294682,0,0,0.580067993164063,1.63,0,-5400.240234375
100000000000000000000002,1,922625000,0,-40.5,0.981747704246811,0,0,0.580067993164063,1.63,0,-5400.240234375
100000000000000000000000,1,922625000,0,-47,5.77390368560155,0,0,0.580067993164063,1.63,0,-5400.240234375
100000000000000000000001,1,922625000,0,-44.5,5.4916512206306,0,0,0.580067993164063,1.63,0,-5400.240234375
100000000000000000000004,1,922625000,0,-49,5.62664152996453,0,0,0.580067993164063,1.63,0,-5400.240234375
100000000000000000000001,1,922625000,0,-44.5,5.47937937432751,0,0,0.580067993164063,1.63,0,-5400.240234375
100000000000000000000002,1,922625000,0,-40.5,0.994019550549895,0,0,0.580067993164063,1.63,0,-5400.240234375
100000000000000000000000,1,922625000,0,-47,5.79231145505618,0,0,0.580067993164063,1.63,0,-5400.240234375
100000000000000000000004,1,922625000,0,-49.5,5.63891337626762,0,0,0.580067993164063,1.63,0,-5400.240234375
100000000000000000000003,1,922625000,0,-43,3.04955380631665,0,0,0.580067993164063,1.63,0,-5400.240234375
100000000000000000000004,1,922625000,0,-49,5.63891337626762,0,0,0.580067993164063,1.63,0,-5400.240234375
100000000000000000000002,1,922625000,0,-40.5,0.969475857943725,0,0,0.580067993164063,1.63,0,-5400.240234375
100000000000000000000000,1,922625000,0,-47.5,5.79231145505618,0,0,0.580067993164063,1.63,0,-5400.240234375
100000000000000000000001,1,922625000,0,-44.5,5.46710752802443,0,0,0.580067993164063,1.63,0,-5400.240234375
100000000000000000000003,1,922625000,0,-43,3.04341788316511,0,0,0.580067993164063,1.63,0,-5400.240234375
100000000000000000000004,1,922625000,0,-49,5.62050560681299,0,0,0.580067993164063,1.63,0,-5400.240234375
100000000000000000000003,1,922625000,0,-43,3.04955380631665,0,0,0.580067993164063,1.63,0,-5400.240234375
100000000000000000000000,1,922625000,0,-47.5,5.79231145505618,0,0,0.580067993164063,1.63,0,-5400.240234375
100000000000000000000002,1,922625000,0,-40.5,1.01856324315607,0,0,0.580067993164063,1.63,0,-5400.240234375
100000000000000000000001,1,922625000,0,-44.5,5.45483568172134,0,0,0.580067993164063,1.63,0,-5400.240234375
100000000000000000000000,1,922625000,0,-47,5.79231145505618,0,0,0.580067993164063,1.63,0,-5400.240234375
100000000000000000000003,1,922625000,0,-43,3.06182565261974,0,0,0.580067993164063,1.63,0,-5400.240234375
100000000000000000000002,1,922625000,0,-40.5,0.994019550549895,0,0,0.580067993164063,1.63,0,-5400.240234375
100000000000000000000001,1,922625000,0,-44.5,5.47937937432751,0,0,0.580067993164063,1.63,0,-5400.240234375
100000000000000000000004,1,922625000,0,-49,5.63277745311607,0,0,0.580067993164063,1.63,0,-5400.240234375
100000000000000000000003,1,922625000,0,-43,3.03114603686203,0,0,0.580067993164063,1.63,0,-5400.240234375
100000000000000000000000,1,922625000,0,-47,5.79844737820772,0,0,0.580067993164063,1.63,0,-5400.240234375
100000000000000000000001,1,922625000,0,-44.5,5.46710752802443,0,0,0.580067993164063,1.63,0,-5400.240234375
100000000000000000000002,1,922625000,0,-40.5,0.994019550549895,0,0,0.580067993164063,1.63,0,-5400.240234375
100000000000000000000004,1,922625000,0,-49.5,5.62050560681299,0,0,0.580067993164063,1.63,0,-5400.240234375
100000000000000000000000,1,922625000,0,-47,5.7800396087531,0,0,0.580067993164063,1.63,0,-5400.240234375
100000000000000000000001,1,922625000,0,-44.5,5.4916512206306,0,0,0.580067993164063,1.63,0,-5400.240234375
100000000000000000000003,1,922625000,0,-43,3.04955380631665,0,0,0.580067993164063,1.63,0,-5400.240234375
100000000000000000000004,1,922625000,0,-49.5,5.6511852225707,0,0,0.580067993164063,1.63,0,-5400.240234375
100000000000000000000002,1,922625000,0,-40.5,0.994019550549895,0,0,0.580067993164063,1.63,0,-5400.240234375
100000000000000000000000,1,922625000,0,-47.5,5.79231145505618,0,0,0.580067993164063,1.63,0,-5400.240234375
100000000000000000000003,1,922625000,0,-43,3.0556897294682,0,0,0.580067993164063,1.63,0,-5400.240234375
100000000000000000000002,1,922625000,0,-40.5,1.00629139685298,0,0,0.580067993164063,1.63,0,-5400.240234375
100000000000000000000001,1,922625000,0,-44.5,5.47937937432751,0,0,0.580067993164063,1.63,0,-5400.240234375
100000000000000000000004,1,922625000,0,-49,5.63891337626762,0,0,0.580067993164063,1.63,0,-5400.240234375
100000000000000000000002,1,922625000,0,-40.5,1.01242732000452,0,0,0.580067993164063,1.63,0,-5400.240234375
100000000000000000000003,1,922625000,0,-43,3.04955380631665,0,0,0.580067993164063,1.63,0,-5400.240234375
100000000000000000000001,1,922625000,0,-44.5,5.47324345117597,0,0,0.580067993164063,1.63,0,-5400.240234375
100000000000000000000004,1,922625000,0,-49,5.63277745311607,0,0,0.580067993164063,1.63,0,-5400.240234375
100000000000000000000000,1,922625000,0,-47.5,5.78617553190464,0,0,0.580067993164063,1.63,0,-5400.240234375
100000000000000000000000,1,922625000,0,-47.5,5.79231145505618,0,0,0.580067993164063,1.63,0,-5400.240234375
100000000000000000000001,1,922625000,0,-44.5,5.4916512206306,0,0,0.580067993164063,1.63,0,-5400.240234375
100000000000000000000003,1,922625000,0,-43,3.01887419055894,0,0,0.580067993164063,1.63,0,-5400.240234375
100000000000000000000002,1,922625000,0,-40.5,1.01856324315607,0,0,0.580067993164063,1.63,0,-5400.240234375
100000000000000000000004,1,922625000,0,-49,5.63891337626762,0,0,0.580067993164063,1.63,0,-5400.240234375
100000000000000000000003,1,922625000,0,-43,3.0556897294682,0,0,0.580067993164063,1.63,0,-5400.240234375
100000000000000000000001,1,922625000,0,-44.5,5.46710752802443,0,0,0.580067993164063,1.63,0,-5400.240234375
100000000000000000000000,1,922625000,0,-47.5,5.80458330135927,0,0,0.580067993164063,1.63,0,-5400.240234375
100000000000000000000004,1,922625000,0,-49,5.66345706887379,0,0,0.580067993164063,1.63,0,-5400.240234375
100000000000000000000002,1,922625000,0,-40.5,1.02469916630761,0,0,0.580067993164063,1.63,0,-5400.240234375
100000000000000000000003,1,922625000,0,-43,3.04341788316511,0,0,0.580067993164063,1.63,0,-5400.240234375
100000000000000000000000,1,922625000,0,-47,5.80458330135927,0,0,0.580067993164063,1.63,0,-5400.240234375
100000000000000000000001,1,922625000,0,-44.5,5.47324345117597,0,0,0.580067993164063,1.63,0,-5400.240234375
100000000000000000000002,1,922625000,0,-40.5,1.01856324315607,0,0,0.580067993164063,1.63,0,-5400.240234375
100000000000000000000004,1,922625000,0,-49,5.6511852225707,0,0,0.580067993164063,1.63,0,-5400.240234375
100000000000000000000002,1,922625000,0,-40.5,1.00015547370144,0,0,0.580067993164063,1.63,0,-5400.240234375
100000000000000000000001,1,922625000,0,-44.5,5.46710752802443,0,0,0.580067993164063,1.63,0,-5400.240234375
100000000000000000000004,1,922625000,0,-49.5,5.62664152996453,0,0,0.580067993164063,1.63,0,-5400.240234375
100000000000000000000003,1,922625000,0,-43,3.04341788316511,0,0,0.580067993164063,1.63,0,-5400.240234375
100000000000000000000000,1,922625000,0,-47,5.81685514766235,0,0,0.580067993164063,1.63,0,-5400.240234375
100000000000000000000002,1,922625000,0,-40.5,0.969475857943725,0,0,0.580067993164063,1.63,0,-5400.240234375
100000000000000000000004,1,922625000,0,-49,5.62664152996453,0,0,0.580067993164063,1.63,0,-5400.240234375
100000000000000000000001,1,922625000,0,-44.5,5.47937937432751,0,0,0.580067993164063,1.63,0,-5400.240234375
100000000000000000000003,1,922625000,0,-43,3.0556897294682,0,0,0.580067993164063,1.63,0,-5400.240234375
100000000000000000000000,1,922625000,0,-47,5.78617553190464,0,0,0.580067993164063,1.63,0,-5400.240234375
100000000000000000000001,1,922625000,0,-44.5,5.47324345117597,0,0,0.580067993164063,1.63,0,-5400.240234375
100000000000000000000003,1,922625000,0,-43,3.0556897294682,0,0,0.580067993164063,1.63,0,-5400.240234375
100000000000000000000004,1,922625000,0,-49.5,5.64504929941916,0,0,0.580067993164063,1.63,0,-5400.240234375
100000000000000000000000,1,922625000,0,-47.5,5.79231145505618,0,0,0.580067993164063,1.63,0,-5400.240234375
100000000000000000000002,1,922625000,0,-40.5,0.987883627398353,0,0,0.580067993164063,1.63,0,-5400.240234375
100000000000000000000000,1,922625000,0,-47.5,5.79231145505618,0,0,0.580067993164063,1.63,0,-5400.240234375
100000000000000000000003,1,922625000,0,-43,3.0556897294682,0,0,0.580067993164063,1.63,0,-5400.240234375
100000000000000000000002,1,922625000,0,-40.5,0.975611781095267,0,0,0.580067993164063,1.63,0,-5400.240234375
100000000000000000000004,1,922625000,0,-49.5,5.6511852225707,0,0,0.580067993164063,1.63,0,-5400.240234375
100000000000000000000001,1,922625000,0,-44.5,5.47324345117597,0,0,0.580067993164063,1.63,0,-5400.240234375
100000000000000000000003,1,922625000,0,-43,3.0556897294682,0,0,0.580067993164063,1.63,0,-5400.240234375
100000000000000000000004,1,922625000,0,-49.5,5.66959299202533,0,0,0.580067993164063,1.63,0,-5400.240234375
100000000000000000000000,1,922625000,0,-47,5.79844737820772,0,0,0.580067993164063,1.63,0,-5400.240234375
100000000000000000000001,1,922625000,0,-44.5,5.48551529747905,0,0,0.580067993164063,1.63,0,-5400.240234375
100000000000000000000002,1,922625000,0,-40.5,1.01856324315607,0,0,0.580067993164063,1.63,0,-5400.240234375
100000000000000000000002,1,922625000,0,-40.5,1.01856324315607,0,0,0.580067993164063,1.63,0,-5400.240234375
100000000000000000000004,1,922625000,0,-49.5,5.64504929941916,0,0,0.580067993164063,1.63,0,-5400.240234375
100000000000000000000003,1,922625000,0,-43,3.03728196001357,0,0,0.580067993164063,1.63,0,-5400.240234375
100000000000000000000001,1,922625000,0,-44.5,5.47324345117597,0,0,0.580067993164063,1.63,0,-5400.240234375
100000000000000000000000,1,922625000,0,-47,5.79231145505618,0,0,0.580067993164063,1.63,0,-5400.240234375
100000000000000000000004,1,922625000,0,-49.5,5.63277745311607,0,0,0.580067993164063,1.63,0,-5400.240234375
100000000000000000000002,1,922625000,0,-40.5,1.00015547370144,0,0,0.580067993164063,1.63,0,-5400.240234375
100000000000000000000001,1,922625000,0,-44.5,5.48551529747905,0,0,0.580067993164063,1.63,0,-5400.240234375
100000000000000000000003,1,922625000,0,-43,3.03728196001357,0,0,0.580067993164063,1.63,0,-5400.240234375
100000000000000000000000,1,922625000,0,-47.5,5.81071922451081,0,0,0.580067993164063,1.63,0,-5400.240234375
100000000000000000000004,1,922625000,0,-49.5,5.64504929941916,0,0,0.580067993164063,1.63,0,-5400.240234375
100000000000000000000001,1,922625000,0,-44.5,5.47324345117597,0,0,0.580067993164063,1.63,0,-5400.240234375
100000000000000000000000,1,922625000,0,-47,5.79844737820772,0,0,0.580067993164063,1.63,0,-5400.240234375
100000000000000000000002,1,922625000,0,-40.5,1.00015547370144,0,0,0.580067993164063,1.63,0,-5400.240234375
100000000000000000000003,1,922625000,0,-43,3.04955380631665,0,0,0.580067993164063,1.63,0,-5400.240234375
100000000000000000000001,1,922625000,0,-44.5,5.47937937432751,0,0,0.580067993164063,1.63,0,-5400.240234375
100000000000000000000004,1,922625000,0,-49,5.63891337626762,0,0,0.580067993164063,1.63,0,-5400.240234375
100000000000000000000002,1,922625000,0,-40.5,0.987883627398353,0,0,0.580067993164063,1.63,0,-5400.240234375
100000000000000000000000,1,922625000,0,-47.5,5.79844737820772,0,0,0.580067993164063,1.63,0,-5400.240234375
100000000000000000000003,1,922625000,0,-43,3.04341788316511,0,0,0.580067993164063,1.63,0,-5400.240234375
100000000000000000000002,1,922625000,0,-40.5,0.994019550549895,0,0,0.580067993164063,1.63,0,-5400.240234375
100000000000000000000003,1,922625000,0,-43,3.04955380631665,0,0,0.580067993164063,1.63,0,-5400.240234375
100000000000000000000000,1,922625000,0,-47.5,5.76163183929847,0,0,0.580067993164063,1.63,0,-5400.240234375
100000000000000000000004,1,922625000,0,-49,5.64504929941916,0,0,0.580067993164063,1.63,0,-5400.240234375
100000000000000000000001,1,922625000,0,-44.5,5.47324345117597,0,0,0.580067993164063,1.63,0,-5400.240234375
100000000000000000000001,1,922625000,0,-44.5,5.47324345117597,0,0,0.580067993164063,1.63,0,-5400.240234375
100000000000000000000002,1,922625000,0,-40.5,1.00629139685298,0,0,0.580067993164063,1.63,0,-5400.240234375
100000000000000000000003,1,922625000,0,-43,3.03728196001357,0,0,0.580067993164063,1.63,0,-5400.240234375
100000000000000000000000,1,922625000,0,-47.5,5.80458330135927,0,0,0.580067993164063,1.63,0,-5400.240234375
100000000000000000000004,1,922625000,0,-49.5,5.6082337605099,0,0,0.580067993164063,1.63,0,-5400.240234375
100000000000000000000000,1,922625000,0,-47.5,5.78617553190464,0,0,0.580067993164063,1.63,0,-5400.240234375
100000000000000000000003,1,922625000,0,-43,3.03728196001357,0,0,0.580067993164063,1.63,0,-5400.240234375
100000000000000000000002,1,922625000,0,-40.5,0.975611781095267,0,0,0.580067993164063,1.63,0,-5400.240234375
100000000000000000000001,1,922625000,0,-44.5,5.46710752802443,0,0,0.580067993164063,1.63,0,-5400.240234375
100000000000000000000004,1,922625000,0,-49.5,5.60209783735836,0,0,0.580067993164063,1.63,0,-5400.240234375
100000000000000000000000,1,922625000,0,-47.5,5.79844737820772,0,0,0.580067993164063,1.63,0,-5400.240234375
100000000000000000000002,1,922625000,0,-40.5,1.00015547370144,0,0,0.580067993164063,1.63,0,-5400.240234375
100000000000000000000004,1,922625000,0,-49,5.63891337626762,0,0,0.580067993164063,1.63,0,-5400.240234375
100000000000000000000001,1,922625000,0,-44.5,5.47937937432751,0,0,0.580067993164063,1.63,0,-5400.240234375
100000000000000000000003,1,922625000,0,-43,3.06182565261974,0,0,0.580067993164063,1.63,0,-5400.240234375
100000000000000000000004,1,922625000,0,-49,5.60209783735836,0,0,0.580067993164063,1.63,0,-5400.240234375
100000000000000000000003,1,922625000,0,-43,3.04341788316511,0,0,0.580067993164063,1.63,0,-5400.240234375
100000000000000000000000,1,922625000,0,-47.5,5.79844737820772,0,0,0.580067993164063,1.63,0,-5400.240234375
100000000000000000000001,1,922625000,0,-44.5,5.47937937432751,0,0,0.580067993164063,1.63,0,-5400.240234375
100000000000000000000002,1,922625000,0,-40.5,1.00015547370144,0,0,0.580067993164063,1.63,0,-5400.240234375
100000000000000000000004,1,922625000,0,-49.5,5.6511852225707,0,0,0.580067993164063,1.63,0,-5400.240234375
100000000000000000000002,1,922625000,0,-40.5,1.01242732000452,0,0,0.580067993164063,1.63,0,-5400.240234375
100000000000000000000001,1,922625000,0,-44.5,5.47324345117597,0,0,0.580067993164063,1.63,0,-5400.240234375
100000000000000000000003,1,922625000,0,-43,3.04955380631665,0,0,0.580067993164063,1.63,0,-5400.240234375
100000000000000000000000,1,922625000,0,-47.5,5.78617553190464,0,0,0.580067993164063,1.63,0,-5400.240234375
100000000000000000000004,1,922625000,0,-49,5.63891337626762,0,0,0.580067993164063,1.63,0,-5400.240234375
100000000000000000000003,1,922625000,0,-43,3.04341788316511,0,0,0.580067993164063,1.63,0,-5400.240234375
100000000000000000000000,1,922625000,0,-47.5,5.79844737820772,0,0,0.580067993164063,1.63,0,-5400.240234375
100000000000000000000002,1,922625000,0,-40.5,0.994019550549895,0,0,0.580067993164063,1.63,0,-5400.240234375
100000000000000000000001,1,922625000,0,-44.5,5.47937937432751,0,0,0.580067993164063,1.63,0,-5400.240234375
100000000000000000000003,1,922625000,0,-43,3.03728196001357,0,0,0.580067993164063,1.63,0,-5400.240234375
100000000000000000000002,1,922625000,0,-40.5,1.01242732000452,0,0,0.580067993164063,1.63,0,-5400.240234375
100000000000000000000004,1,922625000,0,-49,5.6511852225707,0,0,0.580067993164063,1.63,0,-5400.240234375
100000000000000000000001,1,922625000,0,-44.5,5.47937937432751,0,0,0.580067993164063,1.63,0,-5400.240234375
100000000000000000000000,1,922625000,0,-47.5,5.79844737820772,0,0,0.580067993164063,1.63,0,-5400.240234375
100000000000000000000002,1,922625000,0,-40.5,0.981747704246811,0,0,0.580067993164063,1.63,0,-5400.240234375
100000000000000000000001,1,922625000,0,-44.5,5.47937937432751,0,0,0.580067993164063,1.63,0,-5400.240234375
100000000000000000000004,1,922625000,0,-49.5,5.63891337626762,0,0,0.580067993164063,1.63,0,-5400.240234375
100000000000000000000003,1,922625000,0,-43,3.04341788316511,0,0,0.580067993164063,1.63,0,-5400.240234375
100000000000000000000000,1,922625000,0,-47,5.7800396087531,0,0,0.580067993164063,1.63,0,-5400.240234375
100000000000000000000001,1,922625000,0,-44.5,5.47324345117597,0,0,0.580067993164063,1.63,0,-5400.240234375
100000000000000000000002,1,922625000,0,-40.5,1.00015547370144,0,0,0.580067993164063,1.63,0,-5400.240234375
100000000000000000000003,1,922625000,0,-43,3.03728196001357,0,0,0.580067993164063,1.63,0,-5400.240234375
100000000000000000000004,1,922625000,0,-49,5.63277745311607,0,0,0.580067993164063,1.63,0,-5400.240234375
100000000000000000000000,1,922625000,0,-47,5.79231145505618,0,0,0.580067993164063,1.63,0,-5400.240234375
100000000000000000000003,1,922625000,0,-43,3.0556897294682,0,0,0.580067993164063,1.63,0,-5400.240234375
100000000000000000000004,1,922625000,0,-49.5,5.66345706887379,0,0,0.580067993164063,1.63,0,-5400.240234375
100000000000000000000002,1,922625000,0,-40.5,0.994019550549895,0,0,0.580067993164063,1.63,0,-5400.240234375
100000000000000000000000,1,922625000,0,-47.5,5.79844737820772,0,0,0.580067993164063,1.63,0,-5400.240234375
100000000000000000000001,1,922625000,0,-44.5,5.47937937432751,0,0,0.580067993164063,1.63,0,-5400.240234375
100000000000000000000002,1,922625000,0,-40.5,0.975611781095267,0,0,0.580067993164063,1.63,0,-5400.240234375
100000000000000000000000,1,922625000,0,-47.5,5.7800396087531,0,0,0.580067993164063,1.63,0,-5400.240234375
100000000000000000000001,1,922625000,0,-44.5,5.47324345117597,0,0,0.580067993164063,1.63,0,-5400.240234375
100000000000000000000004,1,922625000,0,-49.5,5.65732114572224,0,0,0.580067993164063,1.63,0,-5400.240234375
100000000000000000000003,1,922625000,0,-43,3.04341788316511,0,0,0.580067993164063,1.63,0,-5400.240234375
100000000000000000000000,1,922625000,0,-47.5,5.78617553190464,0,0,0.580067993164063,1.63,0,-5400.240234375
100000000000000000000003,1,922625000,0,-43,3.06182565261974,0,0,0.580067993164063,1.63,0,-5400.240234375
100000000000000000000001,1,922625000,0,-44.5,5.46097160487288,0,0,0.580067993164063,1.63,0,-5400.240234375
100000000000000000000002,1,922625000,0,-40.5,1.01242732000452,0,0,0.580067993164063,1.63,0,-5400.240234375
100000000000000000000004,1,922625000,0,-49.5,5.64504929941916,0,0,0.580067993164063,1.63,0,-5400.240234375
100000000000000000000000,1,922625000,0,-47.5,5.79844737820772,0,0,0.580067993164063,1.63,0,-5400.240234375
100000000000000000000004,1,922625000,0,-49,5.65732114572224,0,0,0.580067993164063,1.63,0,-5400.240234375
100000000000000000000003,1,922625000,0,-43,3.04955380631665,0,0,0.580067993164063,1.63,0,-5400.240234375
100000000000000000000002,1,922625000,0,-40.5,0.987883627398353,0,0,0.580067993164063,1.63,0,-5400.240234375
100000000000000000000001,1,922625000,0,-44.5,5.46710752802443,0,0,0.580067993164063,1.63,0,-5400.240234375
100000000000000000000001,1,923125000,0,-44,5.7370881466923,0,0,0.580067993164063,1.63,0,-5400.240234375
100000000000000000000002,1,923125000,0,-40,1.21491278400543,0,0,0.580067993164063,1.63,0,-5400.240234375
100000000000000000000000,1,923125000,0,-47.5,6.0684279968756,0,0,0.580067993164063,1.63,0,-5400.240234375
100000000000000000000003,1,923125000,0,-43,3.29499073237836,0,0,0.580067993164063,1.63,0,-5400.240234375
100000000000000000000004,1,923125000,0,-49,5.82912699396544,0,0,0.580067993164063,1.63,0,-5400.240234375
100000000000000000000001,1,923125000,0,-44,5.72481630038921,0,0,0.580067993164063,1.63,0,-5400.240234375
100000000000000000000004,1,923125000,0,-48.5,5.84139884026852,0,0,0.580067993164063,1.63,0,-5400.240234375
100000000000000000000003,1,923125000,0,-43,3.3011266555299,0,0,0.580067993164063,1.63,0,-5400.240234375
100000000000000000000002,1,923125000,0,-40.5,1.22718463030851,0,0,0.580067993164063,1.63,0,-5400.240234375
100000000000000000000000,1,923125000,0,-47.5,6.04388430426943,0,0,0.580067993164063,1.63,0,-5400.240234375
100000000000000000000003,1,923125000,0,-43,3.30726257868144,0,0,0.580067993164063,1.63,0,-5400.240234375
100000000000000000000004,1,923125000,0,-49,5.83526291711698,0,0,0.580067993164063,1.63,0,-5400.240234375
100000000000000000000001,1,923125000,0,-44,5.73095222354076,0,0,0.580067993164063,1.63,0,-5400.240234375
100000000000000000000000,1,923125000,0,-47.5,6.06229207372405,0,0,0.580067993164063,1.63,0,-5400.240234375
100000000000000000000002,1,923125000,0,-40.5,1.20877686085389,0,0,0.580067993164063,1.63,0,-5400.240234375
100000000000000000000004,1,923125000,0,-49,5.83526291711698,0,0,0.580067993164063,1.63,0,-5400.240234375
100000000000000000000000,1,923125000,0,-47,6.08069984317868,0,0,0.580067993164063,1.63,0,-5400.240234375
100000000000000000000003,1,923125000,0,-43,3.3011266555299,0,0,0.580067993164063,1.63,0,-5400.240234375
100000000000000000000002,1,923125000,0,-40.5,1.20264093770234,0,0,0.580067993164063,1.63,0,-5400.240234375
100000000000000000000001,1,923125000,0,-44,5.72481630038921,0,0,0.580067993164063,1.63,0,-5400.240234375
100000000000000000000000,1,923125000,0,-47.5,6.05002022742097,0,0,0.580067993164063,1.63,0,-5400.240234375
100000000000000000000003,1,923125000,0,-43,3.28885480922681,0,0,0.580067993164063,1.63,0,-5400.240234375
100000000000000000000004,1,923125000,0,-49,5.85367068657161,0,0,0.580067993164063,1.63,0,-5400.240234375
100000000000000000000001,1,923125000,0,-44,5.71868037723767,0,0,0.580067993164063,1.63,0,-5400.240234375
100000000000000000000002,1,923125000,0,-40,1.2394564766116,0,0,0.580067993164063,1.63,0,-5400.240234375
100000000000000000000004,1,923125000,0,-49,5.84753476342006,0,0,0.580067993164063,1.63,0,-5400.240234375
100000000000000000000001,1,923125000,0,-44,5.7370881466923,0,0,0.580067993164063,1.63,0,-5400.240234375
100000000000000000000003,1,923125000,0,-43,3.30726257868144,0,0,0.580067993164063,1.63,0,-5400.240234375
100000000000000000000002,1,923125000,0,-40,1.22718463030851,0,0,0.580067993164063,1.63,0,-5400.240234375
100000000000000000000000,1,923125000,0,-47.5,6.0684279968756,0,0,0.580067993164063,1.63,0,-5400.240234375
100000000000000000000004,1,923125000,0,-49,5.84139884026852,0,0,0.580067993164063,1.63,0,-5400.240234375
100000000000000000000003,1,923125000,0,-42.5,3.31339850183298,0,0,0.580067993164063,1.63,0,-5400.240234375
100000000000000000000002,1,923125000,0,-40.5,1.22104870715697,0,0,0.580067993164063,1.63,0,-5400.240234375
100000000000000000000001,1,923125000,0,-44,5.7370881466923,0,0,0.580067993164063,1.63,0,-5400.240234375
100000000000000000000000,1,923125000,0,-47.5,6.07456392002714,0,0,0.580067993164063,1.63,0,-5400.240234375
100000000000000000000002,1,923125000,0,-40.5,1.23332055346006,0,0,0.580067993164063,1.63,0,-5400.240234375
100000000000000000000000,1,923125000,0,-47.5,6.0684279968756,0,0,0.580067993164063,1.63,0,-5400.240234375
100000000000000000000003,1,923125000,0,-43,3.27658296292373,0,0,0.580067993164063,1.63,0,-5400.240234375
100000000000000000000001,1,923125000,0,-44,5.7370881466923,0,0,0.580067993164063,1.63,0,-5400.240234375
100000000000000000000004,1,923125000,0,-49,5.84139884026852,0,0,0.580067993164063,1.63,0,-5400.240234375
100000000000000000000003,1,923125000,0,-43,3.28271888607527,0,0,0.580067993164063,1.63,0,-5400.240234375
100000000000000000000004,1,923125000,0,-49,5.86594253287469,0,0,0.580067993164063,1.63,0,-5400.240234375
100000000000000000000001,1,923125000,0,-44,5.71868037723767,0,0,0.580067993164063,1.63,0,-5400.240234375
100000000000000000000002,1,923125000,0,-40,1.21491278400543,0,0,0.580067993164063,1.63,0,-5400.240234375
100000000000000000000000,1,923125000,0,-47.5,6.05615615057251,0,0,0.580067993164063,1.63,0,-5400.240234375
100000000000000000000001,1,923125000,0,-44,5.72481630038921,0,0,0.580067993164063,1.63,0,-5400.240234375
100000000000000000000002,1,923125000,0,-40,1.23332055346006,0,0,0.580067993164063,1.63,0,-5400.240234375
100000000000000000000000,1,923125000,0,-47.5,6.05615615057251,0,0,0.580067993164063,1.63,0,-5400.240234375
100000000000000000000004,1,923125000,0,-49,5.83526291711698,0,0,0.580067993164063,1.63,0,-5400.240234375
100000000000000000000003,1,923125000,0,-43,3.28271888607527,0,0,0.580067993164063,1.63,0,-5400.240234375
100000000000000000000004,1,923125000,0,-48.5,5.84139884026852,0,0,0.580067993164063,1.63,0,-5400.240234375
100000000000000000000003,1,923125000,0,-43,3.30726257868144,0,0,0.580067993164063,1.63,0,-5400.240234375
100000000000000000000002,1,923125000,0,-40.5,1.21491278400543,0,0,0.580067993164063,1.63,0,-5400.240234375
100000000000000000000001,1,923125000,0,-44,5.71868037723767,0,0,0.580067993164063,1.63,0,-5400.240234375
100000000000000000000000,1,923125000,0,-47.5,6.05615615057251,0,0,0.580067993164063,1.63,0,-5400.240234375
100000000000000000000001,1,923125000,0,-44,5.72481630038921,0,0,0.580067993164063,1.63,0,-5400.240234375
100000000000000000000003,1,923125000,0,-43,3.29499073237836,0,0,0.580067993164063,1.63,0,-5400.240234375
100000000000000000000002,1,923125000,0,-40,1.21491278400543,0,0,0.580067993164063,1.63,0,-5400.240234375
100000000000000000000004,1,923125000,0,-48.5,5.86594253287469,0,0,0.580067993164063,1.63,0,-5400.240234375
100000000000000000000000,1,923125000,0,-47.5,6.07456392002714,0,0,0.580067993164063,1.63,0,-5400.240234375
100000000000000000000002,1,923125000,0,-40.5,1.20877686085389,0,0,0.580067993164063,1.63,0,-5400.240234375
100000000000000000000003,1,923125000,0,-43,3.27658296292373,0,0,0.580067993164063,1.63,0,-5400.240234375
100000000000000000000000,1,923125000,0,-47.5,6.06229207372405,0,0,0.580067993164063,1.63,0,-5400.240234375
100000000000000000000004,1,923125000,0,-48.5,5.86594253287469,0,0,0.580067993164063,1.63,0,-5400.240234375
100000000000000000000001,1,923125000,0,-44,5.71254445408613,0,0,0.580067993164063,1.63,0,-5400.240234375
100000000000000000000002,1,923125000,0,-40.5,1.21491278400543,0,0,0.580067993164063,1.63,0,-5400.240234375
100000000000000000000001,1,923125000,0,-44,5.74322406984384,0,0,0.580067993164063,1.63,0,-5400.240234375
100000000000000000000000,1,923125000,0,-47.5,6.08683576633022,0,0,0.580067993164063,1.63,0,-5400.240234375
100000000000000000000003,1,923125000,0,-43,3.3011266555299,0,0,0.580067993164063,1.63,0,-5400.240234375
100000000000000000000004,1,923125000,0,-49,5.85980660972315,0,0,0.580067993164063,1.63,0,-5400.240234375
100000000000000000000000,1,923125000,0,-47,6.0684279968756,0,0,0.580067993164063,1.63,0,-5400.240234375
100000000000000000000004,1,923125000,0,-49,5.86594253287469,0,0,0.580067993164063,1.63,0,-5400.240234375
100000000000000000000003,1,923125000,0,-43,3.28885480922681,0,0,0.580067993164063,1.63,0,-5400.240234375
100000000000000000000001,1,923125000,0,-44,5.73095222354076,0,0,0.580067993164063,1.63,0,-5400.240234375
100000000000000000000002,1,923125000,0,-40,1.22104870715697,0,0,0.580067993164063,1.63,0,-5400.240234375
100000000000000000000001,1,923125000,0,-44,5.73095222354076,0,0,0.580067993164063,1.63,0,-5400.240234375
100000000000000000000002,1,923125000,0,-40.5,1.23332055346006,0,0,0.580067993164063,1.63,0,-5400.240234375
100000000000000000000003,1,923125000,0,-43,3.3011266555299,0,0,0.580067993164063,1.63,0,-5400.240234375
100000000000000000000004,1,923125000,0,-49,5.84139884026852,0,0,0.580067993164063,1.63,0,-5400.240234375
100000000000000000000000,1,923125000,0,-47.5,6.05615615057251,0,0,0.580067993164063,1.63,0,-5400.240234375
100000000000000000000002,1,923125000,0,-40,1.22718463030851,0,0,0.580067993164063,1.63,0,-5400.240234375
100000000000000000000004,1,923125000,0,-49,5.84139884026852,0,0,0.580067993164063,1.63,0,-5400.240234375
100000000000000000000000,1,923125000,0,-47.5,6.05615615057251,0,0,0.580067993164063,1.63,0,-5400.240234375
100000000000000000000003,1,923125000,0,-43,3.32567034813607,0,0,0.580067993164063,1.63,0,-5400.240234375
100000000000000000000001,1,923125000,0,-44,5.73095222354076,0,0,0.580067993164063,1.63,0,-5400.240234375
100000000000000000000004,1,923125000,0,-49,5.84753476342006,0,0,0.580067993164063,1.63,0,-5400.240234375
100000000000000000000001,1,923125000,0,-44,5.73095222354076,0,0,0.580067993164063,1.63,0,-5400.240234375
100000000000000000000003,1,923125000,0,-43,3.30726257868144,0,0,0.580067993164063,1.63,0,-5400.240234375
100000000000000000000002,1,923125000,0,-40.5,1.22718463030851,0,0,0.580067993164063,1.63,0,-5400.240234375
100000000000000000000000,1,923125000,0,-47.5,6.06229207372405,0,0,0.580067993164063,1.63,0,-5400.240234375
100000000000000000000001,1,923125000,0,-44,5.72481630038921,0,0,0.580067993164063,1.63,0,-5400.240234375
100000000000000000000002,1,923125000,0,-40.5,1.2394564766116,0,0,0.580067993164063,1.63,0,-5400.240234375
100000000000000000000004,1,923125000,0,-49,5.85980660972315,0,0,0.580067993164063,1.63,0,-5400.240234375
100000000000000000000003,1,923125000,0,-43,3.29499073237836,0,0,0.580067993164063,1.63,0,-5400.240234375
100000000000000000000000,1,923125000,0,-47,6.04388430426943,0,0,0.580067993164063,1.63,0,-5400.240234375
100000000000000000000004,1,923125000,0,-49,5.85367068657161,0,0,0.580067993164063,1.63,0,-5400.240234375
100000000000000000000000,1,923125000,0,-47.5,6.06229207372405,0,0,0.580067993164063,1.63,0,-5400.240234375
100000000000000000000001,1,923125000,0,-44,5.70640853093458,0,0,0.580067993164063,1.63,0,-5400.240234375
100000000000000000000002,1,923125000,0,-40,1.21491278400543,0,0,0.580067993164063,1.63,0,-5400.240234375
100000000000000000000003,1,923125000,0,-43,3.29499073237836,0,0,0.580067993164063,1.63,0,-5400.240234375
100000000000000000000001,1,923125000,0,-44,5.73095222354076,0,0,0.580067993164063,1.63,0,-5400.240234375
100000000000000000000002,1,923125000,0,-40.5,1.20264093770234,0,0,0.580067993164063,1.63,0,-5400.240234375
100000000000000000000003,1,923125000,0,-43,3.3011266555299,0,0,0.580067993164063,1.63,0,-5400.240234375
100000000000000000000004,1,923125000,0,-48.5,5.84753476342006,0,0,0.580067993164063,1.63,0,-5400.240234375
100000000000000000000000,1,923125000,0,-47.5,6.0684279968756,0,0,0.580067993164063,1.63,0,-5400.240234375
100000000000000000000003,1,923125000,0,-43,3.28885480922681,0,0,0.580067993164063,1.63,0,-5400.240234375
100000000000000000000000,1,923125000,0,-47.5,6.05615615057251,0,0,0.580067993164063,1.63,0,-5400.240234375
100000000000000000000004,1,923125000,0,-49,5.85980660972315,0,0,0.580067993164063,1.63,0,-5400.240234375
100000000000000000000001,1,923125000,0,-44,5.7370881466923,0,0,0.580067993164063,1.63,0,-5400.240234375
100000000000000000000002,1,923125000,0,-40.5,1.22718463030851,0,0,0.580067993164063,1.63,0,-5400.240234375
100000000000000000000000,1,923125000,0,-47,6.07456392002714,0,0,0.580067993164063,1.63,0,-5400.240234375
100000000000000000000001,1,923125000,0,-44,5.73095222354076,0,0,0.580067993164063,1.63,0,-5400.240234375
100000000000000000000002,1,923125000,0,-40.5,1.19036909139926,0,0,0.580067993164063,1.63,0,-5400.240234375
100000000000000000000003,1,923125000,0,-43,3.3011266555299,0,0,0.580067993164063,1.63,0,-5400.240234375
100000000000000000000004,1,923125000,0,-49,5.82299107081389,0,0,0.580067993164063,1.63,0,-5400.240234375
100000000000000000000000,1,923125000,0,-47.5,6.07456392002714,0,0,0.580067993164063,1.63,0,-5400.240234375
100000000000000000000003,1,923125000,0,-43,3.29499073237836,0,0,0.580067993164063,1.63,0,-5400.240234375
100000000000000000000004,1,923125000,0,-49,5.84753476342006,0,0,0.580067993164063,1.63,0,-5400.240234375
100000000000000000000001,1,923125000,0,-44,5.74322406984384,0,0,0.580067993164063,1.63,0,-5400.240234375
100000000000000000000002,1,923125000,0,-40.5,1.20877686085389,0,0,0.580067993164063,1.63,0,-5400.240234375
100000000000000000000000,1,923125000,0,-47.5,6.0684279968756,0,0,0.580067993164063,1.63,0,-5400.240234375
100000000000000000000002,1,923125000,0,-40.5,1.20877686085389,0,0,0.580067993164063,1.63,0,-5400.240234375
100000000000000000000001,1,923125000,0,-44,5.71868037723767,0,0,0.580067993164063,1.63,0,-5400.240234375
100000000000000000000004,1,923125000,0,-49,5.82912699396544,0,0,0.580067993164063,1.63,0,-5400.240234375
100000000000000000000003,1,923125000,0,-43,3.3011266555299,0,0,0.580067993164063,1.63,0,-5400.240234375
100000000000000000000001,1,923125000,0,-44,5.73095222354076,0,0,0.580067993164063,1.63,0,-5400.240234375
100000000000000000000004,1,923125000,0,-49,5.82912699396544,0,0,0.580067993164063,1.63,0,-5400.240234375
100000000000000000000002,1,923125000,0,-40.5,1.21491278400543,0,0,0.580067993164063,1.63,0,-5400.240234375
100000000000000000000000,1,923125000,0,-47.5,6.04388430426943,0,0,0.580067993164063,1.63,0,-5400.240234375
100000000000000000000003,1,923125000,0,-43,3.3011266555299,0,0,0.580067993164063,1.63,0,-5400.240234375
100000000000000000000002,1,923125000,0,-40.5,1.21491278400543,0,0,0.580067993164063,1.63,0,-5400.240234375
100000000000000000000000,1,923125000,0,-47.5,6.0684279968756,0,0,0.580067993164063,1.63,0,-5400.240234375
100000000000000000000001,1,923125000,0,-44,5.72481630038921,0,0,0.580067993164063,1.63,0,-5400.240234375
100000000000000000000003,1,923125000,0,-43,3.28271888607527,0,0,0.580067993164063,1.63,0,-5400.240234375
100000000000000000000004,1,923125000,0,-49,5.83526291711698,0,0,0.580067993164063,1.63,0,-5400.240234375
100000000000000000000000,1,923125000,0,-47.5,6.06229207372405,0,0,0.580067993164063,1.63,0,-5400.240234375
100000000000000000000002,1,923125000,0,-40,1.22718463030851,0,0,0.580067993164063,1.63,0,-5400.240234375
100000000000000000000004,1,923125000,0,-48.5,5.84139884026852,0,0,0.580067993164063,1.63,0,-5400.240234375
100000000000000000000003,1,923125000,0,-43,3.30726257868144,0,0,0.580067993164063,1.63,0,-5400.240234375
100000000000000000000001,1,923125000,0,-44,5.7370881466923,0,0,0.580067993164063,1.63,0,-5400.240234375
100000000000000000000004,1,923125000,0,-49,5.85367068657161,0,0,0.580067993164063,1.63,0,-5400.240234375
100000000000000000000000,1,923125000,0,-47.5,6.05615615057251,0,0,0.580067993164063,1.63,0,-5400.240234375
100000000000000000000001,1,923125000,0,-44,5.73095222354076,0,0,0.580067993164063,1.63,0,-5400.240234375
100000000000000000000002,1,923125000,0,-40.5,1.20877686085389,0,0,0.580067993164063,1.63,0,-5400.240234375
100000000000000000000003,1,923125000,0,-43,3.30726257868144,0,0,0.580067993164063,1.63,0,-5400.240234375
100000000000000000000002,1,923125000,0,-40.5,1.20264093770234,0,0,0.580067993164063,1.63,0,-5400.240234375
100000000000000000000000,1,923125000,0,-47.5,6.05002022742097,0,0,0.580067993164063,1.63,0,-5400.240234375
100000000000000000000001,1,923125000,0,-44,5.74322406984384,0,0,0.580067993164063,1.63,0,-5400.240234375
100000000000000000000003,1,923125000,0,-43,3.27658296292373,0,0,0.580067993164063,1.63,0,-5400.240234375
100000000000000000000004,1,923125000,0,-49,5.85980660972315,0,0,0.580067993164063,1.63,0,-5400.240234375
100000000000000000000002,1,923125000,0,-40.5,1.20877686085389,0,0,0.580067993164063,1.63,0,-5400.240234375
100000000000000000000003,1,923125000,0,-43,3.30726257868144,0,0,0.580067993164063,1.63,0,-5400.240234375
100000000000000000000004,1,923125000,0,-48.5,5.85367068657161,0,0,0.580067993164063,1.63,0,-5400.240234375
100000000000000000000000,1,923125000,0,-47.5,6.06229207372405,0,0,0.580067993164063,1.63,0,-5400.240234375
100000000000000000000001,1,923125000,0,-44,5.73095222354076,0,0,0.580067993164063,1.63,0,-5400.240234375
100000000000000000000003,1,923125000,0,-43,3.3011266555299,0,0,0.580067993164063,1.63,0,-5400.240234375
100000000000000000000002,1,923125000,0,-40,1.21491278400543,0,0,0.580067993164063,1.63,0,-5400.240234375
100000000000000000000004,1,923125000,0,-48.5,5.84139884026852,0,0,0.580067993164063,1.63,0,-5400.240234375
100000000000000000000000,1,923125000,0,-47.5,6.05615615057251,0,0,0.580067993164063,1.63,0,-5400.240234375
100000000000000000000001,1,923125000,0,-44,5.72481630038921,0,0,0.580067993164063,1.63,0,-5400.240234375
100000000000000000000003,1,923125000,0,-43,3.3011266555299,0,0,0.580067993164063,1.63,0,-5400.240234375
100000000000000000000002,1,923125000,0,-40.5,1.20877686085389,0,0,0.580067993164063,1.63,0,-5400.240234375
100000000000000000000004,1,923125000,0,-48.5,5.85367068657161,0,0,0.580067993164063,1.63,0,-5400.240234375
100000000000000000000001,1,923125000,0,-44,5.72481630038921,0,0,0.580067993164063,1.63,0,-5400.240234375
100000000000000000000000,1,923125000,0,-47,6.05615615057251,0,0,0.580067993164063,1.63,0,-5400.240234375
100000000000000000000001,1,923125000,0,-44,5.72481630038921,0,0,0.580067993164063,1.63,0,-5400.240234375
100000000000000000000002,1,923125000,0,-40.5,1.22104870715697,0,0,0.580067993164063,1.63,0,-5400.240234375
100000000000000000000004,1,923125000,0,-49,5.84139884026852,0,0,0.580067993164063,1.63,0,-5400.240234375
100000000000000000000003,1,923125000,0,-43,3.30726257868144,0,0,0.580067993164063,1.63,0,-5400.240234375
100000000000000000000000,1,923125000,0,-47.5,6.05615615057251,0,0,0.580067993164063,1.63,0,-5400.240234375
100000000000000000000004,1,923125000,0,-49,5.81685514766235,0,0,0.580067993164063,1.63,0,-5400.240234375
100000000000000000000001,1,923125000,0,-44,5.71868037723767,0,0,0.580067993164063,1.63,0,-5400.240234375
100000000000000000000002,1,923125000,0,-40,1.2394564766116,0,0,0.580067993164063,1.63,0,-5400.240234375
100000000000000000000000,1,923125000,0,-47.5,6.05615615057251,0,0,0.580067993164063,1.63,0,-5400.240234375
100000000000000000000003,1,923125000,0,-42.5,3.29499073237836,0,0,0.580067993164063,1.63,0,-5400.240234375
100000000000000000000003,1,923125000,0,-42.5,3.28885480922681,0,0,0.580067993164063,1.63,0,-5400.240234375
100000000000000000000002,1,923125000,0,-40.5,1.22104870715697,0,0,0.580067993164063,1.63,0,-5400.240234375
100000000000000000000001,1,923125000,0,-44,5.72481630038921,0,0,0.580067993164063,1.63,0,-5400.240234375
100000000000000000000000,1,923125000,0,-47.5,6.05615615057251,0,0,0.580067993164063,1.63,0,-5400.240234375
100000000000000000000004,1,923125000,0,-49,5.82912699396544,0,0,0.580067993164063,1.63,0,-5400.240234375
100000000000000000000001,1,923125000,0,-44,5.74322406984384,0,0,0.580067993164063,1.63,0,-5400.240234375
100000000000000000000000,1,923125000,0,-47.5,6.0684279968756,0,0,0.580067993164063,1.63,0,-5400.240234375
100000000000000000000002,1,923125000,0,-40,1.2394564766116,0,0,0.580067993164063,1.63,0,-5400.240234375
100000000000000000000003,1,923125000,0,-42.5,3.3011266555299,0,0,0.580067993164063,1.63,0,-5400.240234375
100000000000000000000004,1,923125000,0,-49,5.85367068657161,0,0,0.580067993164063,1.63,0,-5400.240234375
100000000000000000000001,1,923125000,0,-44,5.71868037723767,0,0,0.580067993164063,1.63,0,-5400.240234375
100000000000000000000003,1,923125000,0,-43,3.28885480922681,0,0,0.580067993164063,1.63,0,-5400.240234375
100000000000000000000000,1,923125000,0,-47.5,6.0684279968756,0,0,0.580067993164063,1.63,0,-5400.240234375
100000000000000000000004,1,923125000,0,-49,5.82299107081389,0,0,0.580067993164063,1.63,0,-5400.240234375
100000000000000000000002,1,923125000,0,-40.5,1.20877686085389,0,0,0.580067993164063,1.63,0,-5400.240234375
100000000000000000000003,1,923125000,0,-43,3.28885480922681,0,0,0.580067993164063,1.63,0,-5400.240234375
100000000000000000000002,1,923125000,0,-40,1.23332055346006,0,0,0.580067993164063,1.63,0,-5400.240234375
100000000000000000000001,1,923125000,0,-44,5.7370881466923,0,0,0.580067993164063,1.63,0,-5400.240234375
100000000000000000000000,1,923125000,0,-47.5,6.06229207372405,0,0,0.580067993164063,1.63,0,-5400.240234375
100000000000000000000004,1,923125000,0,-49,5.83526291711698,0,0,0.580067993164063,1.63,0,-5400.240234375
100000000000000000000002,1,923125000,0,-40.5,1.22718463030851,0,0,0.580067993164063,1.63,0,-5400.240234375
100000000000000000000004,1,923125000,0,-49,5.84753476342006,0,0,0.580067993164063,1.63,0,-5400.240234375
100000000000000000000003,1,923125000,0,-43,3.32567034813607,0,0,0.580067993164063,1.63,0,-5400.240234375
100000000000000000000000,1,923125000,0,-47.5,6.06229207372405,0,0,0.580067993164063,1.63,0,-5400.240234375
100000000000000000000001,1,923125000,0,-44,5.74322406984384,0,0,0.580067993164063,1.63,0,-5400.240234375
100000000000000000000000,1,923125000,0,-47,6.07456392002714,0,0,0.580067993164063,1.63,0,-5400.240234375
100000000000000000000002,1,923125000,0,-40.5,1.22718463030851,0,0,0.580067993164063,1.63,0,-5400.240234375
100000000000000000000003,1,923125000,0,-43,3.28885480922681,0,0,0.580067993164063,1.63,0,-5400.240234375
100000000000000000000001,1,923125000,0,-44,5.72481630038921,0,0,0.580067993164063,1.63,0,-5400.240234375
100000000000000000000004,1,923125000,0,-48.5,5.84753476342006,0,0,0.580067993164063,1.63,0,-5400.240234375
100000000000000000000001,1,923125000,0,-44,5.73095222354076,0,0,0.580067993164063,1.63,0,-5400.240234375
100000000000000000000004,1,923125000,0,-49,5.81685514766235,0,0,0.580067993164063,1.63,0,-5400.240234375
100000000000000000000000,1,923125000,0,-47.5,6.0684279968756,0,0,0.580067993164063,1.63,0,-5400.240234375
100000000000000000000002,1,923125000,0,-40.5,1.20877686085389,0,0,0.580067993164063,1.63,0,-5400.240234375
100000000000000000000003,1,923125000,0,-43,3.29499073237836,0,0,0.580067993164063,1.63,0,-5400.240234375
100000000000000000000002,1,923125000,0,-40,1.22104870715697,0,0,0.580067993164063,1.63,0,-5400.240234375
100000000000000000000000,1,923125000,0,-47.5,6.07456392002714,0,0,0.580067993164063,1.63,0,-5400.240234375
100000000000000000000003,1,923125000,0,-43,3.3011266555299,0,0,0.580067993164063,1.63,0,-5400.240234375
100000000000000000000001,1,923125000,0,-44,5.73095222354076,0,0,0.580067993164063,1.63,0,-5400.240234375
100000000000000000000004,1,923125000,0,-49,5.84139884026852,0,0,0.580067993164063,1.63,0,-5400.240234375
100000000000000000000002,1,923125000,0,-40.5,1.23332055346006,0,0,0.580067993164063,1.63,0,-5400.240234375
100000000000000000000001,1,923125000,0,-44,5.73095222354076,0,0,0.580067993164063,1.63,0,-5400.240234375
100000000000000000000003,1,923125000,0,-42.5,3.29499073237836,0,0,0.580067993164063,1.63,0,-5400.240234375
100000000000000000000004,1,923125000,0,-49,5.83526291711698,0,0,0.580067993164063,1.63,0,-5400.240234375
100000000000000000000000,1,923125000,0,-47,6.05615615057251,0,0,0.580067993164063,1.63,0,-5400.240234375
100000000000000000000001,1,923125000,0,-44,5.71254445408613,0,0,0.580067993164063,1.63,0,-5400.240234375
100000000000000000000002,1,923125000,0,-40.5,1.20877686085389,0,0,0.580067993164063,1.63,0,-5400.240234375
100000000000000000000000,1,923125000,0,-47.5,6.0684279968756,0,0,0.580067993164063,1.63,0,-5400.240234375
100000000000000000000003,1,923125000,0,-43,3.28885480922681,0,0,0.580067993164063,1.63,0,-5400.240234375
100000000000000000000004,1,923125000,0,-49,5.83526291711698,0,0,0.580067993164063,1.63,0,-5400.240234375
100000000000000000000003,1,923125000,0,-43,3.3011266555299,0,0,0.580067993164063,1.63,0,-5400.240234375
100000000000000000000000,1,923125000,0,-47.5,6.0684279968756,0,0,0.580067993164063,1.63,0,-5400.240234375
100000000000000000000002,1,923125000,0,-40.5,1.20877686085389,0,0,0.580067993164063,1.63,0,-5400.240234375
100000000000000000000004,1,923125000,0,-49,5.83526291711698,0,0,0.580067993164063,1.63,0,-5400.240234375
100000000000000000000001,1,923125000,0,-44,5.7370881466923,0,0,0.580067993164063,1.63,0,-5400.240234375
100000000000000000000001,1,923125000,0,-44,5.7370881466923,0,0,0.580067993164063,1.63,0,-5400.240234375
100000000000000000000003,1,923125000,0,-42.5,3.30726257868144,0,0,0.580067993164063,1.63,0,-5400.240234375
100000000000000000000000,1,923125000,0,-47.5,6.05002022742097,0,0,0.580067993164063,1.63,0,-5400.240234375
100000000000000000000004,1,923125000,0,-49,5.83526291711698,0,0,0.580067993164063,1.63,0,-5400.240234375
100000000000000000000002,1,923125000,0,-40.5,1.20877686085389,0,0,0.580067993164063,1.63,0,-5400.240234375
100000000000000000000001,1,923125000,0,-44,5.7370881466923,0,0,0.580067993164063,1.63,0,-5400.240234375
100000000000000000000004,1,923125000,0,-49,5.81685514766235,0,0,0.580067993164063,1.63,0,-5400.240234375
100000000000000000000000,1,923125000,0,-47.5,6.07456392002714,0,0,0.580067993164063,1.63,0,-5400.240234375
100000000000000000000002,1,923125000,0,-40.5,1.21491278400543,0,0,0.580067993164063,1.63,0,-5400.240234375
100000000000000000000003,1,923125000,0,-43,3.3011266555299,0,0,0.580067993164063,1.63,0,-5400.240234375
100000000000000000000001,1,923125000,0,-44,5.73095222354076,0,0,0.580067993164063,1.63,0,-5400.240234375
100000000000000000000002,1,923125000,0,-40.5,1.20877686085389,0,0,0.580067993164063,1.63,0,-5400.240234375
100000000000000000000000,1,923125000,0,-47.5,6.05002022742097,0,0,0.580067993164063,1.63,0,-5400.240234375
100000000000000000000004,1,923125000,0,-48.5,5.85367068657161,0,0,0.580067993164063,1.63,0,-5400.240234375
100000000000000000000003,1,923125000,0,-42.5,3.31953442498453,0,0,0.580067993164063,1.63,0,-5400.240234375
100000000000000000000000,1,923125000,0,-47.5,6.05615615057251,0,0,0.580067993164063,1.63,0,-5400.240234375
100000000000000000000001,1,923125000,0,-44,5.7370881466923,0,0,0.580067993164063,1.63,0,-5400.240234375
100000000000000000000002,1,923125000,0,-40.5,1.20877686085389,0,0,0.580067993164063,1.63,0,-5400.240234375
100000000000000000000003,1,923125000,0,-43,3.28885480922681,0,0,0.580067993164063,1.63,0,-5400.240234375
100000000000000000000004,1,923125000,0,-49,5.84753476342006,0,0,0.580067993164063,1.63,0,-5400.240234375
100000000000000000000002,1,923125000,0,-40.5,1.22104870715697,0,0,0.580067993164063,1.63,0,-5400.240234375
100000000000000000000001,1,923125000,0,-44,5.7370881466923,0,0,0.580067993164063,1.63,0,-5400.240234375
100000000000000000000000,1,923125000,0,-47.5,6.06229207372405,0,0,0.580067993164063,1.63,0,-5400.240234375
100000000000000000000003,1,923125000,0,-43,3.27658296292373,0,0,0.580067993164063,1.63,0,-5400.240234375
100000000000000000000004,1,923125000,0,-49,5.81685514766235,0,0,0.580067993164063,1.63,0,-5400.240234375
100000000000000000000004,1,923125000,0,-48.5,5.85980660972315,0,0,0.580067993164063,1.63,0,-5400.240234375
100000000000000000000001,1,923125000,0,-44,5.74322406984384,0,0,0.580067993164063,1.63,0,-5400.240234375
100000000000000000000002,1,923125000,0,-40.5,1.22104870715697,0,0,0.580067993164063,1.63,0,-5400.240234375
100000000000000000000003,1,923125000,0,-43,3.30726257868144,0,0,0.580067993164063,1.63,0,-5400.240234375
100000000000000000000000,1,923125000,0,-47,6.05615615057251,0,0,0.580067993164063,1.63,0,-5400.240234375
100000000000000000000000,1,923125000,0,-47.5,6.0684279968756,0,0,0.580067993164063,1.63,0,-5400.240234375
100000000000000000000003,1,923125000,0,-43,3.30726257868144,0,0,0.580067993164063,1.63,0,-5400.240234375
100000000000000000000001,1,923125000,0,-44,5.73095222354076,0,0,0.580067993164063,1.63,0,-5400.240234375
100000000000000000000004,1,923125000,0,-49,5.84753476342006,0,0,0.580067993164063,1.63,0,-5400.240234375
100000000000000000000002,1,923125000,0,-40.5,1.1965050145508,0,0,0.580067993164063,1.63,0,-5400.240234375
100000000000000000000002,1,923125000,0,-40.5,1.21491278400543,0,0,0.580067993164063,1.63,0,-5400.240234375
100000000000000000000001,1,923125000,0,-44,5.73095222354076,0,0,0.580067993164063,1.63,0,-5400.240234375
100000000000000000000003,1,923125000,0,-43,3.30726257868144,0,0,0.580067993164063,1.63,0,-5400.240234375
100000000000000000000004,1,923125000,0,-49,5.84139884026852,0,0,0.580067993164063,1.63,0,-5400.240234375
100000000000000000000000,1,923125000,0,-47.5,6.06229207372405,0,0,0.580067993164063,1.63,0,-5400.240234375
100000000000000000000001,1,923125000,0,-44,5.73095222354076,0,0,0.580067993164063,1.63,0,-5400.240234375
100000000000000000000003,1,923125000,0,-43,3.33180627128761,0,0,0.580067993164063,1.63,0,-5400.240234375
100000000000000000000000,1,923125000,0,-47.5,6.06229207372405,0,0,0.580067993164063,1.63,0,-5400.240234375
100000000000000000000002,1,923125000,0,-40.5,1.24559239976314,0,0,0.580067993164063,1.63,0,-5400.240234375
100000000000000000000004,1,923125000,0,-49,5.82912699396544,0,0,0.580067993164063,1.63,0,-5400.240234375
100000000000000000000002,1,923125000,0,-40.5,1.21491278400543,0,0,0.580067993164063,1.63,0,-5400.240234375
100000000000000000000003,1,923125000,0,-43,3.29499073237836,0,0,0.580067993164063,1.63,0,-5400.240234375
100000000000000000000004,1,923125000,0,-49,5.83526291711698,0,0,0.580067993164063,1.63,0,-5400.240234375
100000000000000000000001,1,923125000,0,-44,5.73095222354076,0,0,0.580067993164063,1.63,0,-5400.240234375
100000000000000000000000,1,923125000,0,-47.5,6.05615615057251,0,0,0.580067993164063,1.63,0,-5400.240234375
100000000000000000000002,1,923125000,0,-40.5,1.21491278400543,0,0,0.580067993164063,1.63,0,-5400.240234375
100000000000000000000003,1,923125000,0,-43,3.3011266555299,0,0,0.580067993164063,1.63,0,-5400.240234375
100000000000000000000004,1,923125000,0,-49,5.83526291711698,0,0,0.580067993164063,1.63,0,-5400.240234375
100000000000000000000000,1,923125000,0,-47,6.05002022742097,0,0,0.580067993164063,1.63,0,-5400.240234375
100000000000000000000001,1,923125000,0,-44,5.71254445408613,0,0,0.580067993164063,1.63,0,-5400.240234375
100000000000000000000003,1,923125000,0,-43,3.29499073237836,0,0,0.580067993164063,1.63,0,-5400.240234375
100000000000000000000004,1,923125000,0,-49,5.83526291711698,0,0,0.580067993164063,1.63,0,-5400.240234375
100000000000000000000002,1,923125000,0,-40.5,1.20877686085389,0,0,0.580067993164063,1.63,0,-5400.240234375
100000000000000000000000,1,923125000,0,-47.5,6.05002022742097,0,0,0.580067993164063,1.63,0,-5400.240234375
100000000000000000000001,1,923125000,0,-44,5.72481630038921,0,0,0.580067993164063,1.63,0,-5400.240234375
100000000000000000000003,1,923125000,0,-42.5,3.29499073237836,0,0,0.580067993164063,1.63,0,-5400.240234375
100000000000000000000000,1,923125000,0,-47.5,6.0684279968756,0,0,0.580067993164063,1.63,0,-5400.240234375
100000000000000000000004,1,923125000,0,-48.5,5.82912699396544,0,0,0.580067993164063,1.63,0,-5400.240234375
100000000000000000000002,1,923125000,0,-40,1.20877686085389,0,0,0.580067993164063,1.63,0,-5400.240234375
100000000000000000000001,1,923125000,0,-44,5.74322406984384,0,0,0.580067993164063,1.63,0,-5400.240234375
100000000000000000000001,1,923125000,0,-44,5.7370881466923,0,0,0.580067993164063,1.63,0,-5400.240234375
100000000000000000000003,1,923125000,0,-43,3.28885480922681,0,0,0.580067993164063,1.63,0,-5400.240234375
100000000000000000000002,1,923125000,0,-40.5,1.22104870715697,0,0,0.580067993164063,1.63,0,-5400.240234375
100000000000000000000000,1,923125000,0,-47.5,6.0684279968756,0,0,0.580067993164063,1.63,0,-5400.240234375
100000000000000000000004,1,923125000,0,-49,5.82912699396544,0,0,0.580067993164063,1.63,0,-5400.240234375
100000000000000000000002,1,923125000,0,-40,1.22104870715697,0,0,0.580067993164063,1.63,0,-5400.240234375
100000000000000000000003,1,923125000,0,-43,3.3011266555299,0,0,0.580067993164063,1.63,0,-5400.240234375
100000000000000000000004,1,923125000,0,-49,5.83526291711698,0,0,0.580067993164063,1.63,0,-5400.240234375
100000000000000000000000,1,923125000,0,-47,6.05615615057251,0,0,0.580067993164063,1.63,0,-5400.240234375
100000000000000000000001,1,923125000,0,-44,5.7370881466923,0,0,0.580067993164063,1.63,0,-5400.240234375
100000000000000000000004,1,923125000,0,-49,5.85367068657161,0,0,0.580067993164063,1.63,0,-5400.240234375
100000000000000000000002,1,923125000,0,-40,1.24559239976314,0,0,0.580067993164063,1.63,0,-5400.240234375
100000000000000000000003,1,923125000,0,-43,3.31339850183298,0,0,0.580067993164063,1.63,0,-5400.240234375
100000000000000000000001,1,923125000,0,-44,5.73095222354076,0,0,0.580067993164063,1.63,0,-5400.240234375
100000000000000000000000,1,923125000,0,-47.5,6.06229207372405,0,0,0.580067993164063,1.63,0,-5400.240234375
100000000000000000000001,1,923125000,0,-44,5.7370881466923,0,0,0.580067993164063,1.63,0,-5400.240234375
100000000000000000000000,1,923125000,0,-47.5,6.05615615057251,0,0,0.580067993164063,1.63,0,-5400.240234375
100000000000000000000003,1,923125000,0,-43,3.28271888607527,0,0,0.580067993164063,1.63,0,-5400.240234375
100000000000000000000004,1,923125000,0,-48.5,5.82299107081389,0,0,0.580067993164063,1.63,0,-5400.240234375
100000000000000000000002,1,923125000,0,-40,1.22718463030851,0,0,0.580067993164063,1.63,0,-5400.240234375
100000000000000000000002,1,923125000,0,-40,1.21491278400543,0,0,0.580067993164063,1.63,0,-5400.240234375
100000000000000000000003,1,923125000,0,-43,3.28271888607527,0,0,0.580067993164063,1.63,0,-5400.240234375
100000000000000000000001,1,923125000,0,-44,5.73095222354076,0,0,0.580067993164063,1.63,0,-5400.240234375
100000000000000000000004,1,923125000,0,-49,5.84139884026852,0,0,0.580067993164063,1.63,0,-5400.240234375
100000000000000000000000,1,923125000,0,-47.5,6.06229207372405,0,0,0.580067993164063,1.63,0,-5400.240234375
100000000000000000000003,1,923125000,0,-43,3.32567034813607,0,0,0.580067993164063,1.63,0,-5400.240234375
100000000000000000000000,1,923125000,0,-47.5,6.05002022742097,0,0,0.580067993164063,1.63,0,-5400.240234375
100000000000000000000001,1,923125000,0,-44,5.73095222354076,0,0,0.580067993164063,1.63,0,-5400.240234375
100000000000000000000004,1,923125000,0,-49,5.85367068657161,0,0,0.580067993164063,1.63,0,-5400.240234375
100000000000000000000002,1,923125000,0,-40,1.20877686085389,0,0,0.580067993164063,1.63,0,-5400.240234375
100000000000000000000004,1,923125000,0,-49,5.84139884026852,0,0,0.580067993164063,1.63,0,-5400.240234375
100000000000000000000001,1,923125000,0,-44,5.72481630038921,0,0,0.580067993164063,1.63,0,-5400.240234375
100000000000000000000002,1,923125000,0,-40,1.22104870715697,0,0,0.580067993164063,1.63,0,-5400.240234375
100000000000000000000003,1,923125000,0,-43,3.3011266555299,0,0,0.580067993164063,1.63,0,-5400.240234375
100000000000000000000000,1,923125000,0,-47.5,6.06229207372405,0,0,0.580067993164063,1.63,0,-5400.240234375
100000000000000000000000,1,923125000,0,-47.5,6.0684279968756,0,0,0.580067993164063,1.63,0,-5400.240234375
100000000000000000000002,1,923125000,0,-40,1.22718463030851,0,0,0.580067993164063,1.63,0,-5400.240234375
100000000000000000000004,1,923125000,0,-49,5.84139884026852,0,0,0.580067993164063,1.63,0,-5400.240234375
100000000000000000000003,1,923125000,0,-43,3.28271888607527,0,0,0.580067993164063,1.63,0,-5400.240234375
100000000000000000000001,1,923125000,0,-44,5.7370881466923,0,0,0.580067993164063,1.63,0,-5400.240234375
100000000000000000000002,1,923125000,0,-40.5,1.22104870715697,0,0,0.580067993164063,1.63,0,-5400.240234375
100000000000000000000001,1,923125000,0,-44,5.72481630038921,0,0,0.580067993164063,1.63,0,-5400.240234375
100000000000000000000003,1,923125000,0,-43,3.29499073237836,0,0,0.580067993164063,1.63,0,-5400.240234375
100000000000000000000004,1,923125000,0,-49,5.83526291711698,0,0,0.580067993164063,1.63,0,-5400.240234375
100000000000000000000000,1,923125000,0,-47.5,6.05002022742097,0,0,0.580067993164063,1.63,0,-5400.240234375
100000000000000000000004,1,923125000,0,-49,5.84753476342006,0,0,0.580067993164063,1.63,0,-5400.240234375
100000000000000000000003,1,923125000,0,-42.5,3.30726257868144,0,0,0.580067993164063,1.63,0,-5400.240234375
100000000000000000000000,1,923125000,0,-47.5,6.05002022742097,0,0,0.580067993164063,1.63,0,-5400.240234375
100000000000000000000002,1,923125000,0,-40.5,1.20264093770234,0,0,0.580067993164063,1.63,0,-5400.240234375
100000000000000000000001,1,923125000,0,-44,5.71868037723767,0,0,0.580067993164063,1.63,0,-5400.240234375
100000000000000000000000,1,923125000,0,-47,6.04388430426943,0,0,0.580067993164063,1.63,0,-5400.240234375
100000000000000000000001,1,923125000,0,-44,5.7370881466923,0,0,0.580067993164063,1.63,0,-5400.240234375
100000000000000000000002,1,923125000,0,-40,1.23332055346006,0,0,0.580067993164063,1.63,0,-5400.240234375
100000000000000000000003,1,923125000,0,-43,3.31953442498453,0,0,0.580067993164063,1.63,0,-5400.240234375
100000000000000000000004,1,923125000,0,-49,5.82912699396544,0,0,0.580067993164063,1.63,0,-5400.240234375
100000000000000000000003,1,923125000,0,-43,3.27658296292373,0,0,0.580067993164063,1.63,0,-5400.240234375
100000000000000000000004,1,923125000,0,-49,5.84139884026852,0,0,0.580067993164063,1.63,0,-5400.240234375
100000000000000000000001,1,923125000,0,-44,5.72481630038921,0,0,0.580067993164063,1.63,0,-5400.240234375
100000000000000000000000,1,923125000,0,-47.5,6.06229207372405,0,0,0.580067993164063,1.63,0,-5400.240234375
100000000000000000000002,1,923125000,0,-40.5,1.22104870715697,0,0,0.580067993164063,1.63,0,-5400.240234375
100000000000000000000003,1,923125000,0,-43,3.3011266555299,0,0,0.580067993164063,1.63,0,-5400.240234375
100000000000000000000002,1,923125000,0,-40.5,1.23332055346006,0,0,0.580067993164063,1.63,0,-5400.240234375
100000000000000000000000,1,923125000,0,-47,6.06229207372405,0,0,0.580067993164063,1.63,0,-5400.240234375
100000000000000000000004,1,923125000,0,-48.5,5.84753476342006,0,0,0.580067993164063,1.63,0,-5400.240234375
100000000000000000000001,1,923125000,0,-44,5.71254445408613,0,0,0.580067993164063,1.63,0,-5400.240234375
100000000000000000000000,1,923125000,0,-47.5,6.06229207372405,0,0,0.580067993164063,1.63,0,-5400.240234375
100000000000000000000001,1,923125000,0,-44,5.71868037723767,0,0,0.580067993164063,1.63,0,-5400.240234375
100000000000000000000003,1,923125000,0,-43,3.31339850183298,0,0,0.580067993164063,1.63,0,-5400.240234375
100000000000000000000002,1,923125000,0,-40.5,1.24559239976314,0,0,0.580067993164063,1.63,0,-5400.240234375
100000000000000000000004,1,923125000,0,-49,5.84139884026852,0,0,0.580067993164063,1.63,0,-5400.240234375
100000000000000000000001,1,923125000,0,-44,5.73095222354076,0,0,0.580067993164063,1.63,0,-5400.240234375
100000000000000000000004,1,923125000,0,-49,5.84753476342006,0,0,0.580067993164063,1.63,0,-5400.240234375
100000000000000000000002,1,923125000,0,-40.5,1.1965050145508,0,0,0.580067993164063,1.63,0,-5400.240234375
100000000000000000000003,1,923125000,0,-43,3.28271888607527,0,0,0.580067993164063,1.63,0,-5400.240234375
100000000000000000000000,1,923125000,0,-47.5,6.05615615057251,0,0,0.580067993164063,1.63,0,-5400.240234375
100000000000000000000004,1,923125000,0,-49,5.85367068657161,0,0,0.580067993164063,1.63,0,-5400.240234375
100000000000000000000001,1,923125000,0,-44,5.7370881466923,0,0,0.580067993164063,1.63,0,-5400.240234375
100000000000000000000002,1,923125000,0,-40.5,1.2394564766116,0,0,0.580067993164063,1.63,0,-5400.240234375
100000000000000000000003,1,923125000,0,-43,3.31339850183298,0,0,0.580067993164063,1.63,0,-5400.240234375
100000000000000000000000,1,923125000,0,-47.5,6.06229207372405,0,0,0.580067993164063,1.63,0,-5400.240234375
100000000000000000000003,1,923125000,0,-43,3.29499073237836,0,0,0.580067993164063,1.63,0,-5400.240234375
100000000000000000000001,1,923125000,0,-44,5.72481630038921,0,0,0.580067993164063,1.63,0,-5400.240234375
100000000000000000000000,1,923125000,0,-47,6.05615615057251,0,0,0.580067993164063,1.63,0,-5400.240234375
100000000000000000000004,1,923125000,0,-48.5,5.85980660972315,0,0,0.580067993164063,1.63,0,-5400.240234375
100000000000000000000002,1,923125000,0,-40,1.22104870715697,0,0,0.580067993164063,1.63,0,-5400.240234375
100000000000000000000001,1,923125000,0,-44,5.72481630038921,0,0,0.580067993164063,1.63,0,-5400.240234375
100000000000000000000000,1,923125000,0,-47,6.0684279968756,0,0,0.580067993164063,1.63,0,-5400.240234375
100000000000000000000002,1,923125000,0,-40.5,1.21491278400543,0,0,0.580067993164063,1.63,0,-5400.240234375
100000000000000000000004,1,923125000,0,-48.5,5.84139884026852,0,0,0.580067993164063,1.63,0,-5400.240234375
100000000000000000000003,1,923125000,0,-43,3.28271888607527,0,0,0.580067993164063,1.63,0,-5400.240234375
100000000000000000000002,1,923125000,0,-40,1.20264093770234,0,0,0.580067993164063,1.63,0,-5400.240234375
100000000000000000000000,1,923125000,0,-47.5,6.05002022742097,0,0,0.580067993164063,1.63,0,-5400.240234375
100000000000000000000004,1,923125000,0,-49,5.84139884026852,0,0,0.580067993164063,1.63,0,-5400.240234375
100000000000000000000001,1,923125000,0,-44,5.73095222354076,0,0,0.580067993164063,1.63,0,-5400.240234375
100000000000000000000003,1,923125000,0,-43,3.29499073237836,0,0,0.580067993164063,1.63,0,-5400.240234375
100000000000000000000000,1,923125000,0,-47.5,6.06229207372405,0,0,0.580067993164063,1.63,0,-5400.240234375
100000000000000000000003,1,923125000,0,-43,3.30726257868144,0,0,0.580067993164063,1.63,0,-5400.240234375
100000000000000000000002,1,923125000,0,-40.5,1.20877686085389,0,0,0.580067993164063,1.63,0,-5400.240234375
100000000000000000000004,1,923125000,0,-48.5,5.84139884026852,0,0,0.580067993164063,1.63,0,-5400.240234375
100000000000000000000001,1,923125000,0,-44,5.71868037723767,0,0,0.580067993164063,1.63,0,-5400.240234375
100000000000000000000000,1,923125000,0,-47.5,6.05615615057251,0,0,0.580067993164063,1.63,0,-5400.240234375
100000000000000000000003,1,923125000,0,-42.5,3.29499073237836,0,0,0.580067993164063,1.63,0,-5400.240234375
100000000000000000000002,1,923125000,0,-40.5,1.23332055346006,0,0,0.580067993164063,1.63,0,-5400.240234375
100000000000000000000004,1,923125000,0,-48.5,5.85367068657161,0,0,0.580067993164063,1.63,0,-5400.240234375
100000000000000000000001,1,923125000,0,-44,5.7370881466923,0,0,0.580067993164063,1.63,0,-5400.240234375
100000000000000000000003,1,923125000,0,-43,3.3011266555299,0,0,0.580067993164063,1.63,0,-5400.240234375
100000000000000000000001,1,923125000,0,-44,5.74935999299538,0,0,0.580067993164063,1.63,0,-5400.240234375
100000000000000000000004,1,923125000,0,-48.5,5.83526291711698,0,0,0.580067993164063,1.63,0,-5400.240234375
100000000000000000000000,1,923125000,0,-47.5,6.06229207372405,0,0,0.580067993164063,1.63,0,-5400.240234375
100000000000000000000002,1,923125000,0,-40,1.21491278400543,0,0,0.580067993164063,1.63,0,-5400.240234375
100000000000000000000003,1,923125000,0,-43,3.30726257868144,0,0,0.580067993164063,1.63,0,-5400.240234375
100000000000000000000000,1,923125000,0,-47.5,6.05615615057251,0,0,0.580067993164063,1.63,0,-5400.240234375
100000000000000000000002,1,923125000,0,-40.5,1.20264093770234,0,0,0.580067993164063,1.63,0,-5400.240234375
100000000000000000000004,1,923125000,0,-49,5.83526291711698,0,0,0.580067993164063,1.63,0,-5400.240234375
100000000000000000000001,1,923125000,0,-44,5.7370881466923,0,0,0.580067993164063,1.63,0,-5400.240234375
100000000000000000000002,1,923125000,0,-40,1.22718463030851,0,0,0.580067993164063,1.63,0,-5400.240234375
100000000000000000000003,1,923125000,0,-43,3.29499073237836,0,0,0.580067993164063,1.63,0,-5400.240234375
100000000000000000000000,1,923125000,0,-47.5,6.0684279968756,0,0,0.580067993164063,1.63,0,-5400.240234375
100000000000000000000004,1,923125000,0,-49,5.83526291711698,0,0,0.580067993164063,1.63,0,-5400.240234375
100000000000000000000001,1,923125000,0,-44,5.72481630038921,0,0,0.580067993164063,1.63,0,-5400.240234375
100000000000000000000000,1,923125000,0,-47,6.07456392002714,0,0,0.580067993164063,1.63,0,-5400.240234375
100000000000000000000002,1,923125000,0,-40.5,1.20264093770234,0,0,0.580067993164063,1.63,0,-5400.240234375
100000000000000000000003,1,923125000,0,-43,3.31339850183298,0,0,0.580067993164063,1.63,0,-5400.240234375
100000000000000000000001,1,923125000,0,-44,5.72481630038921,0,0,0.580067993164063,1.63,0,-5400.240234375
100000000000000000000004,1,923125000,0,-49,5.82912699396544,0,0,0.580067993164063,1.63,0,-5400.240234375
100000000000000000000003,1,923125000,0,-43,3.28885480922681,0,0,0.580067993164063,1.63,0,-5400.240234375
100000000000000000000004,1,923125000,0,-49,5.81685514766235,0,0,0.580067993164063,1.63,0,-5400.240234375
100000000000000000000000,1,923125000,0,-47.5,6.04388430426943,0,0,0.580067993164063,1.63,0,-5400.240234375
100000000000000000000001,1,923125000,0,-44,5.73095222354076,0,0,0.580067993164063,1.63,0,-5400.240234375
100000000000000000000002,1,923125000,0,-40.5,1.23332055346006,0,0,0.580067993164063,1.63,0,-5400.240234375
100000000000000000000002,1,923125000,0,-40,1.1965050145508,0,0,0.580067993164063,1.63,0,-5400.240234375
100000000000000000000003,1,923125000,0,-42.5,3.28885480922681,0,0,0.580067993164063,1.63,0,-5400.240234375
100000000000000000000000,1,923125000,0,-47.5,6.05002022742097,0,0,0.580067993164063,1.63,0,-5400.240234375
100000000000000000000001,1,923125000,0,-44,5.73095222354076,0,0,0.580067993164063,1.63,0,-5400.240234375
100000000000000000000004,1,923125000,0,-49,5.83526291711698,0,0,0.580067993164063,1.63,0,-5400.240234375
100000000000000000000002,1,923125000,0,-40.5,1.20264093770234,0,0,0.580067993164063,1.63,0,-5400.240234375
100000000000000000000001,1,923125000,0,-44,5.72481630038921,0,0,0.580067993164063,1.63,0,-5400.240234375
100000000000000000000003,1,923125000,0,-43,3.28271888607527,0,0,0.580067993164063,1.63,0,-5400.240234375
100000000000000000000004,1,923125000,0,-48.5,5.85367068657161,0,0,0.580067993164063,1.63,0,-5400.240234375
100000000000000000000000,1,923125000,0,-47.5,6.05002022742097,0,0,0.580067993164063,1.63,0,-5400.240234375
100000000000000000000002,1,923125000,0,-40.5,1.23332055346006,0,0,0.580067993164063,1.63,0,-5400.240234375
100000000000000000000000,1,923125000,0,-47.5,6.0684279968756,0,0,0.580067993164063,1.63,0,-5400.240234375
100000000000000000000001,1,923125000,0,-44,5.71868037723767,0,0,0.580067993164063,1.63,0,-5400.240234375
100000000000000000000003,1,923125000,0,-43,3.29499073237836,0,0,0.580067993164063,1.63,0,-5400.240234375
100000000000000000000004,1,923125000,0,-49,5.82912699396544,0,0,0.580067993164063,1.63,0,-5400.240234375
100000000000000000000001,1,923125000,0,-44,5.72481630038921,0,0,0.580067993164063,1.63,0,-5400.240234375
100000000000000000000003,1,923125000,0,-43,3.30726257868144,0,0,0.580067993164063,1.63,0,-5400.240234375
100000000000000000000002,1,923125000,0,-40.5,1.22718463030851,0,0,0.580067993164063,1.63,0,-5400.240234375
100000000000000000000000,1,923125000,0,-47.5,6.0684279968756,0,0,0.580067993164063,1.63,0,-5400.240234375
100000000000000000000004,1,923125000,0,-48.5,5.82299107081389,0,0,0.580067993164063,1.63,0,-5400.240234375
100000000000000000000000,1,923125000,0,-47.5,6.0684279968756,0,0,0.580067993164063,1.63,0,-5400.240234375
100000000000000000000001,1,923125000,0,-44,5.72481630038921,0,0,0.580067993164063,1.63,0,-5400.240234375
100000000000000000000003,1,923125000,0,-43,3.3011266555299,0,0,0.580067993164063,1.63,0,-5400.240234375
100000000000000000000004,1,923125000,0,-49,5.84753476342006,0,0,0.580067993164063,1.63,0,-5400.240234375
100000000000000000000002,1,923125000,0,-40.5,1.22104870715697,0,0,0.580067993164063,1.63,0,-5400.240234375
100000000000000000000003,1,923125000,0,-43,3.30726257868144,0,0,0.580067993164063,1.63,0,-5400.240234375
100000000000000000000002,1,923125000,0,-40,1.20877686085389,0,0,0.580067993164063,1.63,0,-5400.240234375
100000000000000000000004,1,923125000,0,-49,5.82299107081389,0,0,0.580067993164063,1.63,0,-5400.240234375
100000000000000000000000,1,923125000,0,-47.5,6.06229207372405,0,0,0.580067993164063,1.63,0,-5400.240234375
100000000000000000000001,1,923125000,0,-44,5.74322406984384,0,0,0.580067993164063,1.63,0,-5400.240234375
100000000000000000000003,1,923125000,0,-43,3.31953442498453,0,0,0.580067993164063,1.63,0,-5400.240234375
100000000000000000000002,1,923125000,0,-40.5,1.23332055346006,0,0,0.580067993164063,1.63,0,-5400.240234375
100000000000000000000004,1,923125000,0,-48.5,5.82299107081389,0,0,0.580067993164063,1.63,0,-5400.240234375
100000000000000000000001,1,923125000,0,-44,5.73095222354076,0,0,0.580067993164063,1.63,0,-5400.240234375
100000000000000000000000,1,923125000,0,-47.5,6.06229207372405,0,0,0.580067993164063,1.63,0,-5400.240234375
100000000000000000000001,1,923125000,0,-44,5.74322406984384,0,0,0.580067993164063,1.63,0,-5400.240234375
100000000000000000000004,1,923125000,0,-49,5.84753476342006,0,0,0.580067993164063,1.63,0,-5400.240234375
100000000000000000000003,1,923125000,0,-43,3.29499073237836,0,0,0.580067993164063,1.63,0,-5400.240234375
100000000000000000000002,1,923125000,0,-40,1.21491278400543,0,0,0.580067993164063,1.63,0,-5400.240234375
100000000000000000000000,1,923125000,0,-47.5,6.06229207372405,0,0,0.580067993164063,1.63,0,-5400.240234375
100000000000000000000003,1,923125000,0,-42.5,3.28271888607527,0,0,0.580067993164063,1.63,0,-5400.240234375
100000000000000000000001,1,923125000,0,-44,5.72481630038921,0,0,0.580067993164063,1.63,0,-5400.240234375
100000000000000000000002,1,923125000,0,-40.5,1.22718463030851,0,0,0.580067993164063,1.63,0,-5400.240234375
100000000000000000000004,1,923125000,0,-49,5.82912699396544,0,0,0.580067993164063,1.63,0,-5400.240234375
100000000000000000000000,1,923125000,0,-47.5,6.05002022742097,0,0,0.580067993164063,1.63,0,-5400.240234375
100000000000000000000002,1,923125000,0,-40.5,1.22718463030851,0,0,0.580067993164063,1.63,0,-5400.240234375
100000000000000000000000,1,923125000,0,-47.5,6.0684279968756,0,0,0.580067993164063,1.63,0,-5400.240234375
100000000000000000000004,1,923125000,0,-49,5.85367068657161,0,0,0.580067993164063,1.63,0,-5400.240234375
100000000000000000000003,1,923125000,0,-43,3.28885480922681,0,0,0.580067993164063,1.63,0,-5400.240234375
100000000000000000000001,1,923125000,0,-44,5.72481630038921,0,0,0.580067993164063,1.63,0,-5400.240234375
100000000000000000000004,1,923125000,0,-49,5.82912699396544,0,0,0.580067993164063,1.63,0,-5400.240234375
100000000000000000000003,1,923125000,0,-43,3.31953442498453,0,0,0.580067993164063,1.63,0,-5400.240234375
100000000000000000000001,1,923125000,0,-44,5.72481630038921,0,0,0.580067993164063,1.63,0,-5400.240234375
100000000000000000000002,1,923125000,0,-40.5,1.1965050145508,0,0,0.580067993164063,1.63,0,-5400.240234375
100000000000000000000000,1,923125000,0,-47.5,6.07456392002714,0,0,0.580067993164063,1.63,0,-5400.240234375
100000000000000000000004,1,923125000,0,-49,5.82912699396544,0,0,0.580067993164063,1.63,0,-5400.240234375
100000000000000000000001,1,923125000,0,-44,5.7370881466923,0,0,0.580067993164063,1.63,0,-5400.240234375
100000000000000000000000,1,923125000,0,-47.5,6.0684279968756,0,0,0.580067993164063,1.63,0,-5400.240234375
100000000000000000000003,1,923125000,0,-43,3.3011266555299,0,0,0.580067993164063,1.63,0,-5400.240234375
100000000000000000000002,1,923125000,0,-40,1.21491278400543,0,0,0.580067993164063,1.63,0,-5400.240234375
100000000000000000000003,1,923125000,0,-43,3.29499073237836,0,0,0.580067993164063,1.63,0,-5400.240234375
100000000000000000000002,1,923125000,0,-40.5,1.23332055346006,0,0,0.580067993164063,1.63,0,-5400.240234375
100000000000000000000004,1,923125000,0,-49,5.82912699396544,0,0,0.580067993164063,1.63,0,-5400.240234375
100000000000000000000000,1,923125000,0,-47,6.05002022742097,0,0,0.580067993164063,1.63,0,-5400.240234375
100000000000000000000001,1,923125000,0,-44,5.7370881466923,0,0,0.580067993164063,1.63,0,-5400.240234375
100000000000000000000002,1,923125000,0,-40.5,1.20264093770234,0,0,0.580067993164063,1.63,0,-5400.240234375
100000000000000000000001,1,923125000,0,-44,5.71254445408613,0,0,0.580067993164063,1.63,0,-5400.240234375
100000000000000000000004,1,923125000,0,-49,5.83526291711698,0,0,0.580067993164063,1.63,0,-5400.240234375
100000000000000000000000,1,923125000,0,-47,6.03774838111788,0,0,0.580067993164063,1.63,0,-5400.240234375
100000000000000000000003,1,923125000,0,-43,3.30726257868144,0,0,0.580067993164063,1.63,0,-5400.240234375
100000000000000000000001,1,923125000,0,-44,5.7370881466923,0,0,0.580067993164063,1.63,0,-5400.240234375
100000000000000000000002,1,923125000,0,-40.5,1.2394564766116,0,0,0.580067993164063,1.63,0,-5400.240234375
100000000000000000000004,1,923125000,0,-49,5.82912699396544,0,0,0.580067993164063,1.63,0,-5400.240234375
100000000000000000000003,1,923125000,0,-43,3.28885480922681,0,0,0.580067993164063,1.63,0,-5400.240234375
100000000000000000000000,1,923125000,0,-47.5,6.06229207372405,0,0,0.580067993164063,1.63,0,-5400.240234375
100000000000000000000000,1,923125000,0,-47.5,6.07456392002714,0,0,0.580067993164063,1.63,0,-5400.240234375
100000000000000000000002,1,923125000,0,-40.5,1.20877686085389,0,0,0.580067993164063,1.63,0,-5400.240234375
100000000000000000000003,1,923125000,0,-43,3.31339850183298,0,0,0.580067993164063,1.63,0,-5400.240234375
100000000000000000000004,1,923125000,0,-49,5.84753476342006,0,0,0.580067993164063,1.63,0,-5400.240234375
100000000000000000000001,1,923125000,0,-44,5.72481630038921,0,0,0.580067993164063,1.63,0,-5400.240234375
100000000000000000000002,1,923125000,0,-40.5,1.22104870715697,0,0,0.580067993164063,1.63,0,-5400.240234375
100000000000000000000003,1,923125000,0,-43,3.28885480922681,0,0,0.580067993164063,1.63,0,-5400.240234375
100000000000000000000001,1,923125000,0,-44,5.74935999299538,0,0,0.580067993164063,1.63,0,-5400.240234375
100000000000000000000000,1,923125000,0,-47.5,6.06229207372405,0,0,0.580067993164063,1.63,0,-5400.240234375
100000000000000000000004,1,923125000,0,-49,5.83526291711698,0,0,0.580067993164063,1.63,0,-5400.240234375
100000000000000000000000,1,923125000,0,-47.5,6.05615615057251,0,0,0.580067993164063,1.63,0,-5400.240234375
100000000000000000000003,1,923125000,0,-43,3.28885480922681,0,0,0.580067993164063,1.63,0,-5400.240234375
100000000000000000000004,1,923125000,0,-48.5,5.85980660972315,0,0,0.580067993164063,1.63,0,-5400.240234375
100000000000000000000002,1,923125000,0,-40.5,1.21491278400543,0,0,0.580067993164063,1.63,0,-5400.240234375
100000000000000000000001,1,923125000,0,-44,5.72481630038921,0,0,0.580067993164063,1.63,0,-5400.240234375
100000000000000000000002,1,923125000,0,-40.5,1.21491278400543,0,0,0.580067993164063,1.63,0,-5400.240234375
100000000000000000000000,1,923125000,0,-47.5,6.06229207372405,0,0,0.580067993164063,1.63,0,-5400.240234375
100000000000000000000003,1,923125000,0,-43,3.27044703977219,0,0,0.580067993164063,1.63,0,-5400.240234375
100000000000000000000001,1,923125000,0,-44,5.70640853093458,0,0,0.580067993164063,1.63,0,-5400.240234375
100000000000000000000004,1,923125000,0,-49,5.83526291711698,0,0,0.580067993164063,1.63,0,-5400.240234375
100000000000000000000001,1,923125000,0,-44,5.7370881466923,0,0,0.580067993164063,1.63,0,-5400.240234375
100000000000000000000000,1,923125000,0,-47.5,6.06229207372405,0,0,0.580067993164063,1.63,0,-5400.240234375
100000000000000000000003,1,923125000,0,-42.5,3.31953442498453,0,0,0.580067993164063,1.63,0,-5400.240234375
100000000000000000000002,1,923125000,0,-40,1.20877686085389,0,0,0.580067993164063,1.63,0,-5400.240234375
100000000000000000000004,1,923125000,0,-49,5.85367068657161,0,0,0.580067993164063,1.63,0,-5400.240234375
100000000000000000000004,1,923125000,0,-49,5.84139884026852,0,0,0.580067993164063,1.63,0,-5400.240234375
100000000000000000000000,1,923125000,0,-47.5,6.0684279968756,0,0,0.580067993164063,1.63,0,-5400.240234375
100000000000000000000002,1,923125000,0,-40.5,1.20877686085389,0,0,0.580067993164063,1.63,0,-5400.240234375
100000000000000000000001,1,923125000,0,-44,5.74935999299538,0,0,0.580067993164063,1.63,0,-5400.240234375
100000000000000000000003,1,923125000,0,-43,3.31953442498453,0,0,0.580067993164063,1.63,0,-5400.240234375
100000000000000000000002,1,923125000,0,-40,1.22718463030851,0,0,0.580067993164063,1.63,0,-5400.240234375
100000000000000000000004,1,923125000,0,-49,5.84139884026852,0,0,0.580067993164063,1.63,0,-5400.240234375
100000000000000000000001,1,923125000,0,-44,5.74322406984384,0,0,0.580067993164063,1.63,0,-5400.240234375
100000000000000000000000,1,923125000,0,-47.5,6.07456392002714,0,0,0.580067993164063,1.63,0,-5400.240234375
100000000000000000000003,1,923125000,0,-43,3.30726257868144,0,0,0.580067993164063,1.63,0,-5400.240234375
100000000000000000000003,1,923125000,0,-43,3.29499073237836,0,0,0.580067993164063,1.63,0,-5400.240234375
100000000000000000000000,1,923125000,0,-47.5,6.07456392002714,0,0,0.580067993164063,1.63,0,-5400.240234375
100000000000000000000002,1,923125000,0,-40,1.21491278400543,0,0,0.580067993164063,1.63,0,-5400.240234375
100000000000000000000001,1,923125000,0,-44,5.7370881466923,0,0,0.580067993164063,1.63,0,-5400.240234375
100000000000000000000004,1,923125000,0,-49,5.83526291711698,0,0,0.580067993164063,1.63,0,-5400.240234375
100000000000000000000000,1,923125000,0,-47.5,6.07456392002714,0,0,0.580067993164063,1.63,0,-5400.240234375
100000000000000000000004,1,923125000,0,-49,5.84139884026852,0,0,0.580067993164063,1.63,0,-5400.240234375
100000000000000000000002,1,923125000,0,-40.5,1.22718463030851,0,0,0.580067993164063,1.63,0,-5400.240234375
100000000000000000000003,1,923125000,0,-43,3.29499073237836,0,0,0.580067993164063,1.63,0,-5400.240234375
100000000000000000000001,1,923125000,0,-44,5.73095222354076,0,0,0.580067993164063,1.63,0,-5400.240234375
100000000000000000000003,1,923125000,0,-43,3.29499073237836,0,0,0.580067993164063,1.63,0,-5400.240234375
100000000000000000000004,1,923125000,0,-49,5.85367068657161,0,0,0.580067993164063,1.63,0,-5400.240234375
100000000000000000000002,1,923125000,0,-40.5,1.21491278400543,0,0,0.580067993164063,1.63,0,-5400.240234375
100000000000000000000001,1,923125000,0,-44,5.74322406984384,0,0,0.580067993164063,1.63,0,-5400.240234375
100000000000000000000000,1,923125000,0,-47.5,6.08069984317868,0,0,0.580067993164063,1.63,0,-5400.240234375
100000000000000000000000,1,923125000,0,-47.5,6.05615615057251,0,0,0.580067993164063,1.63,0,-5400.240234375
100000000000000000000003,1,923125000,0,-42.5,3.32567034813607,0,0,0.580067993164063,1.63,0,-5400.240234375
100000000000000000000002,1,923125000,0,-40,1.23332055346006,0,0,0.580067993164063,1.63,0,-5400.240234375
100000000000000000000004,1,923125000,0,-49,5.85980660972315,0,0,0.580067993164063,1.63,0,-5400.240234375
100000000000000000000001,1,923125000,0,-44,5.73095222354076,0,0,0.580067993164063,1.63,0,-5400.240234375
100000000000000000000001,1,923125000,0,-44,5.74322406984384,0,0,0.580067993164063,1.63,0,-5400.240234375
100000000000000000000003,1,923125000,0,-43,3.31339850183298,0,0,0.580067993164063,1.63,0,-5400.240234375
100000000000000000000004,1,923125000,0,-48.5,5.84753476342006,0,0,0.580067993164063,1.63,0,-5400.240234375
100000000000000000000002,1,923125000,0,-40.5,1.20877686085389,0,0,0.580067993164063,1.63,0,-5400.240234375
100000000000000000000000,1,923125000,0,-47.5,6.0684279968756,0,0,0.580067993164063,1.63,0,-5400.240234375
100000000000000000000001,1,923125000,0,-44,5.73095222354076,0,0,0.580067993164063,1.63,0,-5400.240234375
100000000000000000000003,1,923125000,0,-43,3.28271888607527,0,0,0.580067993164063,1.63,0,-5400.240234375
100000000000000000000000,1,923125000,0,-47.5,6.06229207372405,0,0,0.580067993164063,1.63,0,-5400.240234375
100000000000000000000002,1,923125000,0,-40,1.22104870715697,0,0,0.580067993164063,1.63,0,-5400.240234375
100000000000000000000004,1,923125000,0,-49,5.85367068657161,0,0,0.580067993164063,1.63,0,-5400.240234375
100000000000000000000004,1,923125000,0,-49,5.84139884026852,0,0,0.580067993164063,1.63,0,-5400.240234375
100000000000000000000002,1,923125000,0,-40,1.20877686085389,0,0,0.580067993164063,1.63,0,-5400.240234375
100000000000000000000003,1,923125000,0,-43,3.28271888607527,0,0,0.580067993164063,1.63,0,-5400.240234375
100000000000000000000001,1,923125000,0,-44,5.7370881466923,0,0,0.580067993164063,1.63,0,-5400.240234375
100000000000000000000000,1,923125000,0,-47,6.06229207372405,0,0,0.580067993164063,1.63,0,-5400.240234375
100000000000000000000004,1,923125000,0,-49,5.86594253287469,0,0,0.580067993164063,1.63,0,-5400.240234375
100000000000000000000003,1,923125000,0,-43,3.31339850183298,0,0,0.580067993164063,1.63,0,-5400.240234375
100000000000000000000000,1,923125000,0,-47.5,6.07456392002714,0,0,0.580067993164063,1.63,0,-5400.240234375
100000000000000000000001,1,923125000,0,-44,5.73095222354076,0,0,0.580067993164063,1.63,0,-5400.240234375
100000000000000000000002,1,923125000,0,-40.5,1.20264093770234,0,0,0.580067993164063,1.63,0,-5400.240234375
100000000000000000000003,1,923625000,0,-42,3.55883542789469,0,0,0.580067993164063,1.63,0,-5400.240234375
100000000000000000000000,1,923625000,0,-48,0.0859029241215961,0,0,0.580067993164063,1.63,0,-5400.240234375
100000000000000000000002,1,923625000,0,-40.5,1.42353417115787,0,0,0.580067993164063,1.63,0,-5400.240234375
100000000000000000000001,1,923625000,0,-44,5.96411730329937,0,0,0.580067993164063,1.63,0,-5400.240234375
100000000000000000000004,1,923625000,0,-49,6.03774838111788,0,0,0.580067993164063,1.63,0,-5400.240234375
100000000000000000000001,1,923625000,0,-44,5.97025322645092,0,0,0.580067993164063,1.63,0,-5400.240234375
100000000000000000000000,1,923625000,0,-48,0.0797670009700537,0,0,0.580067993164063,1.63,0,-5400.240234375
100000000000000000000003,1,923625000,0,-42.5,3.55269950474315,0,0,0.580067993164063,1.63,0,-5400.240234375
100000000000000000000002,1,923625000,0,-40.5,1.45421378691559,0,0,0.580067993164063,1.63,0,-5400.240234375
100000000000000000000004,1,923625000,0,-48.5,6.05615615057251,0,0,0.580067993164063,1.63,0,-5400.240234375
100000000000000000000002,1,923625000,0,-40.5,1.43580601746096,0,0,0.580067993164063,1.63,0,-5400.240234375
100000000000000000000003,1,923625000,0,-42.5,3.5465635815916,0,0,0.580067993164063,1.63,0,-5400.240234375
100000000000000000000004,1,923625000,0,-48.5,6.03161245796634,0,0,0.580067993164063,1.63,0,-5400.240234375
100000000000000000000000,1,923625000,0,-48,0.0552233083638827,0,0,0.580067993164063,1.63,0,-5400.240234375
100000000000000000000001,1,923625000,0,-44,5.982525072754,0,0,0.580067993164063,1.63,0,-5400.240234375
100000000000000000000002,1,923625000,0,-40.5,1.44807786376405,0,0,0.580067993164063,1.63,0,-5400.240234375
100000000000000000000001,1,923625000,0,-44,5.95798138014783,0,0,0.580067993164063,1.63,0,-5400.240234375
100000000000000000000004,1,923625000,0,-49,6.03774838111788,0,0,0.580067993164063,1.63,0,-5400.240234375
100000000000000000000003,1,923625000,0,-42.5,3.55269950474315,0,0,0.580067993164063,1.63,0,-5400.240234375
100000000000000000000000,1,923625000,0,-48,0.0613592315154259,0,0,0.580067993164063,1.63,0,-5400.240234375
100000000000000000000002,1,923625000,0,-40.5,1.44807786376405,0,0,0.580067993164063,1.63,0,-5400.240234375
100000000000000000000004,1,923625000,0,-49,6.0684279968756,0,0,0.580067993164063,1.63,0,-5400.240234375
100000000000000000000000,1,923625000,0,-48,0.0613592315154259,0,0,0.580067993164063,1.63,0,-5400.240234375
100000000000000000000003,1,923625000,0,-42.5,3.55883542789469,0,0,0.580067993164063,1.63,0,-5400.240234375
100000000000000000000001,1,923625000,0,-44,5.97025322645092,0,0,0.580067993164063,1.63,0,-5400.240234375
100000000000000000000003,1,923625000,0,-42.5,3.56497135104623,0,0,0.580067993164063,1.63,0,-5400.240234375
100000000000000000000002,1,923625000,0,-40.5,1.44807786376405,0,0,0.580067993164063,1.63,0,-5400.240234375
100000000000000000000004,1,923625000,0,-49,6.05002022742097,0,0,0.580067993164063,1.63,0,-5400.240234375
100000000000000000000000,1,923625000,0,-48,0.0674951546669682,0,0,0.580067993164063,1.63,0,-5400.240234375
100000000000000000000001,1,923625000,0,-44,5.96411730329937,0,0,0.580067993164063,1.63,0,-5400.240234375
100000000000000000000000,1,923625000,0,-48,0.0797670009700537,0,0,0.580067993164063,1.63,0,-5400.240234375
100000000000000000000003,1,923625000,0,-42.5,3.57724319734932,0,0,0.580067993164063,1.63,0,-5400.240234375
100000000000000000000002,1,923625000,0,-40.5,1.46034971006713,0,0,0.580067993164063,1.63,0,-5400.240234375
100000000000000000000004,1,923625000,0,-49,6.01934061166326,0,0,0.580067993164063,1.63,0,-5400.240234375
100000000000000000000001,1,923625000,0,-44,5.97638914960246,0,0,0.580067993164063,1.63,0,-5400.240234375
100000000000000000000004,1,923625000,0,-48.5,6.05002022742097,0,0,0.580067993164063,1.63,0,-5400.240234375
100000000000000000000002,1,923625000,0,-40.5,1.45421378691559,0,0,0.580067993164063,1.63,0,-5400.240234375
100000000000000000000003,1,923625000,0,-42.5,3.56497135104623,0,0,0.580067993164063,1.63,0,-5400.240234375
100000000000000000000000,1,923625000,0,-48,0.0736310778185105,0,0,0.580067993164063,1.63,0,-5400.240234375
100000000000000000000001,1,923625000,0,-44,5.97025322645092,0,0,0.580067993164063,1.63,0,-5400.240234375
100000000000000000000003,1,923625000,0,-42.5,3.56497135104623,0,0,0.580067993164063,1.63,0,-5400.240234375
100000000000000000000002,1,923625000,0,-40.5,1.42967009430942,0,0,0.580067993164063,1.63,0,-5400.240234375
100000000000000000000001,1,923625000,0,-44,5.98866099590554,0,0,0.580067993164063,1.63,0,-5400.240234375
100000000000000000000004,1,923625000,0,-49,6.04388430426943,0,0,0.580067993164063,1.63,0,-5400.240234375
100000000000000000000000,1,923625000,0,-48,0.0552233083638827,0,0,0.580067993164063,1.63,0,-5400.240234375
100000000000000000000003,1,923625000,0,-42.5,3.55269950474315,0,0,0.580067993164063,1.63,0,-5400.240234375
100000000000000000000004,1,923625000,0,-48.5,6.03161245796634,0,0,0.580067993164063,1.63,0,-5400.240234375
100000000000000000000001,1,923625000,0,-44,5.97638914960246,0,0,0.580067993164063,1.63,0,-5400.240234375
100000000000000000000000,1,923625000,0,-48,0.0797670009700537,0,0,0.580067993164063,1.63,0,-5400.240234375
100000000000000000000002,1,923625000,0,-40.5,1.45421378691559,0,0,0.580067993164063,1.63,0,-5400.240234375
100000000000000000000000,1,923625000,0,-48,0.0674951546669682,0,0,0.580067993164063,1.63,0,-5400.240234375
100000000000000000000001,1,923625000,0,-44,5.97025322645092,0,0,0.580067993164063,1.63,0,-5400.240234375
100000000000000000000002,1,923625000,0,-40.5,1.43580601746096,0,0,0.580067993164063,1.63,0,-5400.240234375
100000000000000000000003,1,923625000,0,-42.5,3.55269950474315,0,0,0.580067993164063,1.63,0,-5400.240234375
100000000000000000000004,1,923625000,0,-49,6.03774838111788,0,0,0.580067993164063,1.63,0,-5400.240234375
100000000000000000000003,1,923625000,0,-42.5,3.53429173528852,0,0,0.580067993164063,1.63,0,-5400.240234375
100000000000000000000004,1,923625000,0,-49,6.03161245796634,0,0,0.580067993164063,1.63,0,-5400.240234375
100000000000000000000001,1,923625000,0,-44,5.97638914960246,0,0,0.580067993164063,1.63,0,-5400.240234375
100000000000000000000002,1,923625000,0,-40.5,1.45421378691559,0,0,0.580067993164063,1.63,0,-5400.240234375
100000000000000000000000,1,923625000,0,-48,0.0736310778185105,0,0,0.580067993164063,1.63,0,-5400.240234375
100000000000000000000004,1,923625000,0,-49,6.05002022742097,0,0,0.580067993164063,1.63,0,-5400.240234375
100000000000000000000001,1,923625000,0,-44,5.97025322645092,0,0,0.580067993164063,1.63,0,-5400.240234375
100000000000000000000003,1,923625000,0,-42.5,3.5465635815916,0,0,0.580067993164063,1.63,0,-5400.240234375
100000000000000000000002,1,923625000,0,-40.5,1.45421378691559,0,0,0.580067993164063,1.63,0,-5400.240234375
100000000000000000000000,1,923625000,0,-48,0.0674951546669682,0,0,0.580067993164063,1.63,0,-5400.240234375
100000000000000000000000,1,923625000,0,-48,0.0736310778185105,0,0,0.580067993164063,1.63,0,-5400.240234375
100000000000000000000001,1,923625000,0,-43.5,5.97638914960246,0,0,0.580067993164063,1.63,0,-5400.240234375
100000000000000000000002,1,923625000,0,-40.5,1.4419419406125,0,0,0.580067993164063,1.63,0,-5400.240234375
100000000000000000000003,1,923625000,0,-42.5,3.55883542789469,0,0,0.580067993164063,1.63,0,-5400.240234375
100000000000000000000004,1,923625000,0,-49,6.04388430426943,0,0,0.580067993164063,1.63,0,-5400.240234375
100000000000000000000000,1,923625000,0,-48,0.0797670009700537,0,0,0.580067993164063,1.63,0,-5400.240234375
100000000000000000000002,1,923625000,0,-40.5,1.46034971006713,0,0,0.580067993164063,1.63,0,-5400.240234375
100000000000000000000003,1,923625000,0,-42.5,3.56497135104623,0,0,0.580067993164063,1.63,0,-5400.240234375
100000000000000000000004,1,923625000,0,-49,6.03161245796634,0,0,0.580067993164063,1.63,0,-5400.240234375
100000000000000000000001,1,923625000,0,-44,5.96411730329937,0,0,0.580067993164063,1.63,0,-5400.240234375
100000000000000000000000,1,923625000,0,-48,0.0552233083638827,0,0,0.580067993164063,1.63,0,-5400.240234375
100000000000000000000002,1,923625000,0,-40.5,1.46034971006713,0,0,0.580067993164063,1.63,0,-5400.240234375
100000000000000000000003,1,923625000,0,-42.5,3.55883542789469,0,0,0.580067993164063,1.63,0,-5400.240234375
100000000000000000000004,1,923625000,0,-49,6.03161245796634,0,0,0.580067993164063,1.63,0,-5400.240234375
100000000000000000000001,1,923625000,0,-44,5.97638914960246,0,0,0.580067993164063,1.63,0,-5400.240234375
100000000000000000000002,1,923625000,0,-40.5,1.45421378691559,0,0,0.580067993164063,1.63,0,-5400.240234375
100000000000000000000000,1,923625000,0,-48,0.0674951546669682,0,0,0.580067993164063,1.63,0,-5400.240234375
100000000000000000000003,1,923625000,0,-42.5,3.56497135104623,0,0,0.580067993164063,1.63,0,-5400.240234375
100000000000000000000001,1,923625000,0,-44,5.982525072754,0,0,0.580067993164063,1.63,0,-5400.240234375
100000000000000000000004,1,923625000,0,-49,6.03774838111788,0,0,0.580067993164063,1.63,0,-5400.240234375
100000000000000000000002,1,923625000,0,-40.5,1.4419419406125,0,0,0.580067993164063,1.63,0,-5400.240234375
100000000000000000000004,1,923625000,0,-48.5,6.04388430426943,0,0,0.580067993164063,1.63,0,-5400.240234375
100000000000000000000003,1,923625000,0,-42.5,3.56497135104623,0,0,0.580067993164063,1.63,0,-5400.240234375
100000000000000000000000,1,923625000,0,-48,0.0613592315154259,0,0,0.580067993164063,1.63,0,-5400.240234375
100000000000000000000001,1,923625000,0,-44,5.97025322645092,0,0,0.580067993164063,1.63,0,-5400.240234375
100000000000000000000001,1,923625000,0,-44,5.97638914960246,0,0,0.580067993164063,1.63,0,-5400.240234375
100000000000000000000002,1,923625000,0,-40.5,1.42967009430942,0,0,0.580067993164063,1.63,0,-5400.240234375
100000000000000000000003,1,923625000,0,-42.5,3.56497135104623,0,0,0.580067993164063,1.63,0,-5400.240234375
100000000000000000000004,1,923625000,0,-49,6.03774838111788,0,0,0.580067993164063,1.63,0,-5400.240234375
100000000000000000000000,1,923625000,0,-47.5,0.0797670009700537,0,0,0.580067993164063,1.63,0,-5400.240234375
100000000000000000000000,1,923625000,0,-48,0.0736310778185105,0,0,0.580067993164063,1.63,0,-5400.240234375
100000000000000000000001,1,923625000,0,-44,5.97638914960246,0,0,0.580067993164063,1.63,0,-5400.240234375
100000000000000000000002,1,923625000,0,-40.5,1.43580601746096,0,0,0.580067993164063,1.63,0,-5400.240234375
100000000000000000000003,1,923625000,0,-42.5,3.55883542789469,0,0,0.580067993164063,1.63,0,-5400.240234375
100000000000000000000004,1,923625000,0,-48.5,6.05002022742097,0,0,0.580067993164063,1.63,0,-5400.240234375
100000000000000000000004,1,923625000,0,-48.5,6.03774838111788,0,0,0.580067993164063,1.63,0,-5400.240234375
100000000000000000000003,1,923625000,0,-42.5,3.55269950474315,0,0,0.580067993164063,1.63,0,-5400.240234375
100000000000000000000002,1,923625000,0,-40.5,1.4419419406125,0,0,0.580067993164063,1.63,0,-5400.240234375
100000000000000000000001,1,923625000,0,-44,5.982525072754,0,0,0.580067993164063,1.63,0,-5400.240234375
100000000000000000000000,1,923625000,0,-48,0.0613592315154259,0,0,0.580067993164063,1.63,0,-5400.240234375
100000000000000000000004,1,923625000,0,-49,6.04388430426943,0,0,0.580067993164063,1.63,0,-5400.240234375
100000000000000000000002,1,923625000,0,-40.5,1.45421378691559,0,0,0.580067993164063,1.63,0,-5400.240234375
100000000000000000000001,1,923625000,0,-44,5.982525072754,0,0,0.580067993164063,1.63,0,-5400.240234375
100000000000000000000003,1,923625000,0,-42.5,3.55269950474315,0,0,0.580067993164063,1.63,0,-5400.240234375
100000000000000000000000,1,923625000,0,-48,0.0613592315154259,0,0,0.580067993164063,1.63,0,-5400.240234375
100000000000000000000000,1,923625000,0,-48,0.0674951546669682,0,0,0.580067993164063,1.63,0,-5400.240234375
100000000000000000000003,1,923625000,0,-42.5,3.56497135104623,0,0,0.580067993164063,1.63,0,-5400.240234375
100000000000000000000004,1,923625000,0,-48.5,6.05615615057251,0,0,0.580067993164063,1.63,0,-5400.240234375
100000000000000000000002,1,923625000,0,-40.5,1.4419419406125,0,0,0.580067993164063,1.63,0,-5400.240234375
100000000000000000000001,1,923625000,0,-44,5.96411730329937,0,0,0.580067993164063,1.63,0,-5400.240234375
100000000000000000000001,1,923625000,0,-44,5.98866099590554,0,0,0.580067993164063,1.63,0,-5400.240234375
100000000000000000000000,1,923625000,0,-48,0.042951462060798,0,0,0.580067993164063,1.63,0,-5400.240234375
100000000000000000000003,1,923625000,0,-42.5,3.56497135104623,0,0,0.580067993164063,1.63,0,-5400.240234375
100000000000000000000002,1,923625000,0,-40.5,1.43580601746096,0,0,0.580067993164063,1.63,0,-5400.240234375
100000000000000000000004,1,923625000,0,-48.5,6.04388430426943,0,0,0.580067993164063,1.63,0,-5400.240234375
100000000000000000000003,1,923625000,0,-42.5,3.53429173528852,0,0,0.580067993164063,1.63,0,-5400.240234375
100000000000000000000001,1,923625000,0,-44,5.97025322645092,0,0,0.580067993164063,1.63,0,-5400.240234375
100000000000000000000002,1,923625000,0,-40.5,1.4419419406125,0,0,0.580067993164063,1.63,0,-5400.240234375
100000000000000000000004,1,923625000,0,-49,6.01934061166326,0,0,0.580067993164063,1.63,0,-5400.240234375
100000000000000000000000,1,923625000,0,-48,0.0797670009700537,0,0,0.580067993164063,1.63,0,-5400.240234375
100000000000000000000003,1,923625000,0,-42.5,3.5465635815916,0,0,0.580067993164063,1.63,0,-5400.240234375
100000000000000000000000,1,923625000,0,-48,0.0674951546669682,0,0,0.580067993164063,1.63,0,-5400.240234375
100000000000000000000002,1,923625000,0,-40.5,1.4419419406125,0,0,0.580067993164063,1.63,0,-5400.240234375
100000000000000000000001,1,923625000,0,-44,5.96411730329937,0,0,0.580067993164063,1.63,0,-5400.240234375
100000000000000000000004,1,923625000,0,-49,6.04388430426943,0,0,0.580067993164063,1.63,0,-5400.240234375
100000000000000000000002,1,923625000,0,-40.5,1.46034971006713,0,0,0.580067993164063,1.63,0,-5400.240234375
100000000000000000000000,1,923625000,0,-48,0.0552233083638827,0,0,0.580067993164063,1.63,0,-5400.240234375
100000000000000000000004,1,923625000,0,-49,6.03774838111788,0,0,0.580067993164063,1.63,0,-5400.240234375
100000000000000000000003,1,923625000,0,-42.5,3.57110727419777,0,0,0.580067993164063,1.63,0,-5400.240234375
100000000000000000000001,1,923625000,0,-44,5.982525072754,0,0,0.580067993164063,1.63,0,-5400.240234375
100000000000000000000001,1,923625000,0,-44,5.97025322645092,0,0,0.580067993164063,1.63,0,-5400.240234375
100000000000000000000003,1,923625000,0,-42.5,3.56497135104623,0,0,0.580067993164063,1.63,0,-5400.240234375
100000000000000000000000,1,923625000,0,-48,0.0552233083638827,0,0,0.580067993164063,1.63,0,-5400.240234375
100000000000000000000002,1,923625000,0,-40.5,1.44807786376405,0,0,0.580067993164063,1.63,0,-5400.240234375
100000000000000000000004,1,923625000,0,-49,6.0684279968756,0,0,0.580067993164063,1.63,0,-5400.240234375
100000000000000000000003,1,923625000,0,-42.5,3.55883542789469,0,0,0.580067993164063,1.63,0,-5400.240234375
100000000000000000000002,1,923625000,0,-40.5,1.4419419406125,0,0,0.580067993164063,1.63,0,-5400.240234375
100000000000000000000004,1,923625000,0,-49,6.03774838111788,0,0,0.580067993164063,1.63,0,-5400.240234375
100000000000000000000001,1,923625000,0,-44,5.97025322645092,0,0,0.580067993164063,1.63,0,-5400.240234375
100000000000000000000000,1,923625000,0,-48,0.0736310778185105,0,0,0.580067993164063,1.63,0,-5400.240234375
100000000000000000000003,1,923625000,0,-42.5,3.5465635815916,0,0,0.580067993164063,1.63,0,-5400.240234375
100000000000000000000002,1,923625000,0,-40.5,1.4419419406125,0,0,0.580067993164063,1.63,0,-5400.240234375
100000000000000000000000,1,923625000,0,-48,0.0736310778185105,0,0,0.580067993164063,1.63,0,-5400.240234375
100000000000000000000004,1,923625000,0,-48.5,6.03774838111788,0,0,0.580067993164063,1.63,0,-5400.240234375
100000000000000000000001,1,923625000,0,-44,5.96411730329937,0,0,0.580067993164063,1.63,0,-5400.240234375
100000000000000000000004,1,923625000,0,-49,6.0254765348148,0,0,0.580067993164063,1.63,0,-5400.240234375
100000000000000000000000,1,923625000,0,-48,0.0613592315154259,0,0,0.580067993164063,1.63,0,-5400.240234375
100000000000000000000002,1,923625000,0,-40.5,1.4419419406125,0,0,0.580067993164063,1.63,0,-5400.240234375
100000000000000000000001,1,923625000,0,-44,5.97638914960246,0,0,0.580067993164063,1.63,0,-5400.240234375
100000000000000000000003,1,923625000,0,-42.5,3.56497135104623,0,0,0.580067993164063,1.63,0,-5400.240234375
100000000000000000000003,1,923625000,0,-42.5,3.57110727419777,0,0,0.580067993164063,1.63,0,-5400.240234375
100000000000000000000000,1,923625000,0,-48,0.0306796157577125,0,0,0.580067993164063,1.63,0,-5400.240234375
100000000000000000000001,1,923625000,0,-44,5.97025322645092,0,0,0.580067993164063,1.63,0,-5400.240234375
100000000000000000000004,1,923625000,0,-48.5,6.0254765348148,0,0,0.580067993164063,1.63,0,-5400.240234375
100000000000000000000002,1,923625000,0,-40.5,1.43580601746096,0,0,0.580067993164063,1.63,0,-5400.240234375
100000000000000000000003,1,923625000,0,-42.5,3.55883542789469,0,0,0.580067993164063,1.63,0,-5400.240234375
100000000000000000000004,1,923625000,0,-49,6.01934061166326,0,0,0.580067993164063,1.63,0,-5400.240234375
100000000000000000000002,1,923625000,0,-40.5,1.4419419406125,0,0,0.580067993164063,1.63,0,-5400.240234375
100000000000000000000001,1,923625000,0,-44,5.97025322645092,0,0,0.580067993164063,1.63,0,-5400.240234375
100000000000000000000000,1,923625000,0,-48,0.042951462060798,0,0,0.580067993164063,1.63,0,-5400.240234375
100000000000000000000000,1,923625000,0,-48,0.0613592315154259,0,0,0.580067993164063,1.63,0,-5400.240234375
100000000000000000000003,1,923625000,0,-42.5,3.54042765844006,0,0,0.580067993164063,1.63,0,-5400.240234375
100000000000000000000004,1,923625000,0,-49,6.01934061166326,0,0,0.580067993164063,1.63,0,-5400.240234375
100000000000000000000002,1,923625000,0,-40.5,1.44807786376405,0,0,0.580067993164063,1.63,0,-5400.240234375
100000000000000000000001,1,923625000,0,-44,5.98866099590554,0,0,0.580067993164063,1.63,0,-5400.240234375
100000000000000000000000,1,923625000,0,-48,0.0552233083638827,0,0,0.580067993164063,1.63,0,-5400.240234375
100000000000000000000001,1,923625000,0,-44,5.982525072754,0,0,0.580067993164063,1.63,0,-5400.240234375
100000000000000000000003,1,923625000,0,-42.5,3.55269950474315,0,0,0.580067993164063,1.63,0,-5400.240234375
100000000000000000000004,1,923625000,0,-48.5,6.00706876536017,0,0,0.580067993164063,1.63,0,-5400.240234375
100000000000000000000002,1,923625000,0,-40.5,1.4419419406125,0,0,0.580067993164063,1.63,0,-5400.240234375
100000000000000000000004,1,923625000,0,-49,6.05002022742097,0,0,0.580067993164063,1.63,0,-5400.240234375
100000000000000000000001,1,923625000,0,-44,5.97025322645092,0,0,0.580067993164063,1.63,0,-5400.240234375
100000000000000000000002,1,923625000,0,-40.5,1.44807786376405,0,0,0.580067993164063,1.63,0,-5400.240234375
100000000000000000000000,1,923625000,0,-48,0.0674951546669682,0,0,0.580067993164063,1.63,0,-5400.240234375
100000000000000000000003,1,923625000,0,-42.5,3.5465635815916,0,0,0.580067993164063,1.63,0,-5400.240234375
100000000000000000000000,1,923625000,0,-48,0.0613592315154259,0,0,0.580067993164063,1.63,0,-5400.240234375
100000000000000000000003,1,923625000,0,-42.5,3.55883542789469,0,0,0.580067993164063,1.63,0,-5400.240234375
100000000000000000000001,1,923625000,0,-43.5,5.96411730329937,0,0,0.580067993164063,1.63,0,-5400.240234375
100000000000000000000004,1,923625000,0,-48.5,6.03161245796634,0,0,0.580067993164063,1.63,0,-5400.240234375
100000000000000000000002,1,923625000,0,-40.5,1.43580601746096,0,0,0.580067993164063,1.63,0,-5400.240234375
100000000000000000000002,1,923625000,0,-40.5,1.44807786376405,0,0,0.580067993164063,1.63,0,-5400.240234375
100000000000000000000001,1,923625000,0,-44,5.97025322645092,0,0,0.580067993164063,1.63,0,-5400.240234375
100000000000000000000003,1,923625000,0,-42.5,3.54042765844006,0,0,0.580067993164063,1.63,0,-5400.240234375
100000000000000000000004,1,923625000,0,-48.5,6.03774838111788,0,0,0.580067993164063,1.63,0,-5400.240234375
100000000000000000000000,1,923625000,0,-48,0.0674951546669682,0,0,0.580067993164063,1.63,0,-5400.240234375
100000000000000000000001,1,923625000,0,-44,5.97638914960246,0,0,0.580067993164063,1.63,0,-5400.240234375
100000000000000000000002,1,923625000,0,-40.5,1.44807786376405,0,0,0.580067993164063,1.63,0,-5400.240234375
100000000000000000000000,1,923625000,0,-48,0.0674951546669682,0,0,0.580067993164063,1.63,0,-5400.240234375
100000000000000000000004,1,923625000,0,-49,6.04388430426943,0,0,0.580067993164063,1.63,0,-5400.240234375
100000000000000000000003,1,923625000,0,-42,3.57110727419777,0,0,0.580067993164063,1.63,0,-5400.240234375
100000000000000000000002,1,923625000,0,-40.5,1.4419419406125,0,0,0.580067993164063,1.63,0,-5400.240234375
100000000000000000000003,1,923625000,0,-42.5,3.56497135104623,0,0,0.580067993164063,1.63,0,-5400.240234375
100000000000000000000001,1,923625000,0,-44,5.96411730329937,0,0,0.580067993164063,1.63,0,-5400.240234375
100000000000000000000000,1,923625000,0,-48,0.0368155389092557,0,0,0.580067993164063,1.63,0,-5400.240234375
100000000000000000000004,1,923625000,0,-49,6.04388430426943,0,0,0.580067993164063,1.63,0,-5400.240234375
100000000000000000000000,1,923625000,0,-48,0.042951462060798,0,0,0.580067993164063,1.63,0,-5400.240234375
100000000000000000000002,1,923625000,0,-40.5,1.43580601746096,0,0,0.580067993164063,1.63,0,-5400.240234375
100000000000000000000001,1,923625000,0,-44,5.97638914960246,0,0,0.580067993164063,1.63,0,-5400.240234375
100000000000000000000003,1,923625000,0,-42.5,3.56497135104623,0,0,0.580067993164063,1.63,0,-5400.240234375
100000000000000000000004,1,923625000,0,-49,6.03161245796634,0,0,0.580067993164063,1.63,0,-5400.240234375
100000000000000000000001,1,923625000,0,-44,5.97025322645092,0,0,0.580067993164063,1.63,0,-5400.240234375
100000000000000000000004,1,923625000,0,-49,6.05002022742097,0,0,0.580067993164063,1.63,0,-5400.240234375
100000000000000000000002,1,923625000,0,-40.5,1.45421378691559,0,0,0.580067993164063,1.63,0,-5400.240234375
100000000000000000000003,1,923625000,0,-42.5,3.55883542789469,0,0,0.580067993164063,1.63,0,-5400.240234375
100000000000000000000000,1,923625000,0,-48,0.0490873852123404,0,0,0.580067993164063,1.63,0,-5400.240234375
100000000000000000000004,1,923625000,0,-48.5,6.05615615057251,0,0,0.580067993164063,1.63,0,-5400.240234375
100000000000000000000000,1,923625000,0,-48,0.0736310778185105,0,0,0.580067993164063,1.63,0,-5400.240234375
100000000000000000000002,1,923625000,0,-40.5,1.42967009430942,0,0,0.580067993164063,1.63,0,-5400.240234375
100000000000000000000001,1,923625000,0,-44,5.97025322645092,0,0,0.580067993164063,1.63,0,-5400.240234375
100000000000000000000003,1,923625000,0,-42.5,3.57724319734932,0,0,0.580067993164063,1.63,0,-5400.240234375
100000000000000000000000,1,923625000,0,-48,0.0859029241215961,0,0,0.580067993164063,1.63,0,-5400.240234375
100000000000000000000001,1,923625000,0,-44,5.96411730329937,0,0,0.580067993164063,1.63,0,-5400.240234375
100000000000000000000002,1,923625000,0,-40.5,1.45421378691559,0,0,0.580067993164063,1.63,0,-5400.240234375
100000000000000000000004,1,923625000,0,-48.5,6.05002022742097,0,0,0.580067993164063,1.63,0,-5400.240234375
100000000000000000000003,1,923625000,0,-42.5,3.56497135104623,0,0,0.580067993164063,1.63,0,-5400.240234375
100000000000000000000003,1,923625000,0,-42.5,3.57110727419777,0,0,0.580067993164063,1.63,0,-5400.240234375
100000000000000000000002,1,923625000,0,-40.5,1.4419419406125,0,0,0.580067993164063,1.63,0,-5400.240234375
100000000000000000000001,1,923625000,0,-44,5.95798138014783,0,0,0.580067993164063,1.63,0,-5400.240234375
100000000000000000000000,1,923625000,0,-48,0.0613592315154259,0,0,0.580067993164063,1.63,0,-5400.240234375
100000000000000000000004,1,923625000,0,-49,6.01934061166326,0,0,0.580067993164063,1.63,0,-5400.240234375
100000000000000000000002,1,923625000,0,-40.5,1.46034971006713,0,0,0.580067993164063,1.63,0,-5400.240234375
100000000000000000000004,1,923625000,0,-49,6.05615615057251,0,0,0.580067993164063,1.63,0,-5400.240234375
100000000000000000000001,1,923625000,0,-44,5.982525072754,0,0,0.580067993164063,1.63,0,-5400.240234375
100000000000000000000000,1,923625000,0,-48,0.0552233083638827,0,0,0.580067993164063,1.63,0,-5400.240234375
100000000000000000000003,1,923625000,0,-42.5,3.57110727419777,0,0,0.580067993164063,1.63,0,-5400.240234375
100000000000000000000001,1,923625000,0,-44,5.97638914960246,0,0,0.580067993164063,1.63,0,-5400.240234375
100000000000000000000000,1,923625000,0,-48,0.042951462060798,0,0,0.580067993164063,1.63,0,-5400.240234375
100000000000000000000002,1,923625000,0,-40.5,1.46034971006713,0,0,0.580067993164063,1.63,0,-5400.240234375
100000000000000000000003,1,923625000,0,-42.5,3.55269950474315,0,0,0.580067993164063,1.63,0,-5400.240234375
100000000000000000000004,1,923625000,0,-49,6.05615615057251,0,0,0.580067993164063,1.63,0,-5400.240234375
100000000000000000000004,1,923625000,0,-49,6.03774838111788,0,0,0.580067993164063,1.63,0,-5400.240234375
100000000000000000000001,1,923625000,0,-44,5.982525072754,0,0,0.580067993164063,1.63,0,-5400.240234375
100000000000000000000003,1,923625000,0,-42.5,3.55269950474315,0,0,0.580067993164063,1.63,0,-5400.240234375
100000000000000000000000,1,923625000,0,-47.5,0.0736310778185105,0,0,0.580067993164063,1.63,0,-5400.240234375
100000000000000000000002,1,923625000,0,-40.5,1.43580601746096,0,0,0.580067993164063,1.63,0,-5400.240234375
100000000000000000000003,1,923625000,0,-42.5,3.55269950474315,0,0,0.580067993164063,1.63,0,-5400.240234375
100000000000000000000001,1,923625000,0,-44,5.98866099590554,0,0,0.580067993164063,1.63,0,-5400.240234375
100000000000000000000002,1,923625000,0,-40.5,1.44807786376405,0,0,0.580067993164063,1.63,0,-5400.240234375
100000000000000000000004,1,923625000,0,-48.5,6.03774838111788,0,0,0.580067993164063,1.63,0,-5400.240234375
100000000000000000000000,1,923625000,0,-47.5,0.0736310778185105,0,0,0.580067993164063,1.63,0,-5400.240234375
100000000000000000000003,1,923625000,0,-42.5,3.5465635815916,0,0,0.580067993164063,1.63,0,-5400.240234375
100000000000000000000002,1,923625000,0,-40.5,1.45421378691559,0,0,0.580067993164063,1.63,0,-5400.240234375
100000000000000000000001,1,923625000,0,-43.5,5.982525072754,0,0,0.580067993164063,1.63,0,-5400.240234375
100000000000000000000000,1,923625000,0,-48,0.0490873852123404,0,0,0.580067993164063,1.63,0,-5400.240234375
100000000000000000000004,1,923625000,0,-49,6.04388430426943,0,0,0.580067993164063,1.63,0,-5400.240234375
100000000000000000000000,1,923625000,0,-48,0.0613592315154259,0,0,0.580067993164063,1.63,0,-5400.240234375
100000000000000000000004,1,923625000,0,-48.5,6.05615615057251,0,0,0.580067993164063,1.63,0,-5400.240234375
100000000000000000000002,1,923625000,0,-40.5,1.46034971006713,0,0,0.580067993164063,1.63,0,-5400.240234375
100000000000000000000003,1,923625000,0,-42.5,3.55269950474315,0,0,0.580067993164063,1.63,0,-5400.240234375
100000000000000000000001,1,923625000,0,-44,5.96411730329937,0,0,0.580067993164063,1.63,0,-5400.240234375
100000000000000000000000,1,923625000,0,-48,0.0797670009700537,0,0,0.580067993164063,1.63,0,-5400.240234375
100000000000000000000001,1,923625000,0,-44,5.97025322645092,0,0,0.580067993164063,1.63,0,-5400.240234375
100000000000000000000002,1,923625000,0,-40.5,1.4419419406125,0,0,0.580067993164063,1.63,0,-5400.240234375
100000000000000000000003,1,923625000,0,-42.5,3.56497135104623,0,0,0.580067993164063,1.63,0,-5400.240234375
100000000000000000000004,1,923625000,0,-48.5,6.03161245796634,0,0,0.580067993164063,1.63,0,-5400.240234375
100000000000000000000003,1,923625000,0,-42.5,3.57110727419777,0,0,0.580067993164063,1.63,0,-5400.240234375
100000000000000000000000,1,923625000,0,-48,0.0736310778185105,0,0,0.580067993164063,1.63,0,-5400.240234375
100000000000000000000001,1,923625000,0,-44,5.97025322645092,0,0,0.580067993164063,1.63,0,-5400.240234375
100000000000000000000004,1,923625000,0,-49,6.05002022742097,0,0,0.580067993164063,1.63,0,-5400.240234375
100000000000000000000002,1,923625000,0,-40.5,1.45421378691559,0,0,0.580067993164063,1.63,0,-5400.240234375
100000000000000000000000,1,923625000,0,-48,0.0674951546669682,0,0,0.580067993164063,1.63,0,-5400.240234375
100000000000000000000001,1,923625000,0,-44,5.97638914960246,0,0,0.580067993164063,1.63,0,-5400.240234375
100000000000000000000003,1,923625000,0,-42.5,3.55883542789469,0,0,0.580067993164063,1.63,0,-5400.240234375
100000000000000000000002,1,923625000,0,-40.5,1.4419419406125,0,0,0.580067993164063,1.63,0,-5400.240234375
100000000000000000000004,1,923625000,0,-48.5,6.03161245796634,0,0,0.580067993164063,1.63,0,-5400.240234375
100000000000000000000000,1,923625000,0,-48,0.0674951546669682,0,0,0.580067993164063,1.63,0,-5400.240234375
100000000000000000000004,1,923625000,0,-49,6.03774838111788,0,0,0.580067993164063,1.63,0,-5400.240234375
100000000000000000000002,1,923625000,0,-40.5,1.43580601746096,0,0,0.580067993164063,1.63,0,-5400.240234375
100000000000000000000001,1,923625000,0,-43.5,5.97025322645092,0,0,0.580067993164063,1.63,0,-5400.240234375
100000000000000000000003,1,923625000,0,-42.5,3.55269950474315,0,0,0.580067993164063,1.63,0,-5400.240234375
100000000000000000000003,1,923625000,0,-42.5,3.55883542789469,0,0,0.580067993164063,1.63,0,-5400.240234375
100000000000000000000001,1,923625000,0,-44,5.982525072754,0,0,0.580067993164063,1.63,0,-5400.240234375
100000000000000000000002,1,923625000,0,-40.5,1.42353417115787,0,0,0.580067993164063,1.63,0,-5400.240234375
100000000000000000000004,1,923625000,0,-49,6.03774838111788,0,0,0.580067993164063,1.63,0,-5400.240234375
100000000000000000000000,1,923625000,0,-48,0.0490873852123404,0,0,0.580067993164063,1.63,0,-5400.240234375
100000000000000000000003,1,923625000,0,-42.5,3.55883542789469,0,0,0.580067993164063,1.63,0,-5400.240234375
100000000000000000000001,1,923625000,0,-44,5.97638914960246,0,0,0.580067993164063,1.63,0,-5400.240234375
100000000000000000000002,1,923625000,0,-40.5,1.44807786376405,0,0,0.580067993164063,1.63,0,-5400.240234375
100000000000000000000000,1,923625000,0,-48,0.0490873852123404,0,0,0.580067993164063,1.63,0,-5400.240234375
100000000000000000000004,1,923625000,0,-48.5,6.04388430426943,0,0,0.580067993164063,1.63,0,-5400.240234375
100000000000000000000002,1,923625000,0,-40.5,1.43580601746096,0,0,0.580067993164063,1.63,0,-5400.240234375
100000000000000000000001,1,923625000,0,-44,5.97638914960246,0,0,0.580067993164063,1.63,0,-5400.240234375
100000000000000000000004,1,923625000,0,-48.5,6.06229207372405,0,0,0.580067993164063,1.63,0,-5400.240234375
100000000000000000000003,1,923625000,0,-42.5,3.5465635815916,0,0,0.580067993164063,1.63,0,-5400.240234375
100000000000000000000000,1,923625000,0,-48,0.0674951546669682,0,0,0.580067993164063,1.63,0,-5400.240234375
100000000000000000000004,1,923625000,0,-49,6.04388430426943,0,0,0.580067993164063,1.63,0,-5400.240234375
100000000000000000000003,1,923625000,0,-42.5,3.55883542789469,0,0,0.580067993164063,1.63,0,-5400.240234375
100000000000000000000002,1,923625000,0,-40.5,1.45421378691559,0,0,0.580067993164063,1.63,0,-5400.240234375
100000000000000000000001,1,923625000,0,-44,5.96411730329937,0,0,0.580067993164063,1.63,0,-5400.240234375
100000000000000000000000,1,923625000,0,-48,0.042951462060798,0,0,0.580067993164063,1.63,0,-5400.240234375
100000000000000000000000,1,923625000,0,-48,0.0613592315154259,0,0,0.580067993164063,1.63,0,-5400.240234375
100000000000000000000003,1,923625000,0,-42.5,3.55269950474315,0,0,0.580067993164063,1.63,0,-5400.240234375
100000000000000000000001,1,923625000,0,-44,5.982525072754,0,0,0.580067993164063,1.63,0,-5400.240234375
100000000000000000000004,1,923625000,0,-49,6.03774838111788,0,0,0.580067993164063,1.63,0,-5400.240234375
100000000000000000000002,1,923625000,0,-40.5,1.4419419406125,0,0,0.580067993164063,1.63,0,-5400.240234375
100000000000000000000002,1,923625000,0,-40.5,1.44807786376405,0,0,0.580067993164063,1.63,0,-5400.240234375
100000000000000000000003,1,923625000,0,-42.5,3.54042765844006,0,0,0.580067993164063,1.63,0,-5400.240234375
100000000000000000000000,1,923625000,0,-48,0.0613592315154259,0,0,0.580067993164063,1.63,0,-5400.240234375
100000000000000000000001,1,923625000,0,-44,5.96411730329937,0,0,0.580067993164063,1.63,0,-5400.240234375
100000000000000000000004,1,923625000,0,-49,6.03774838111788,0,0,0.580067993164063,1.63,0,-5400.240234375
100000000000000000000004,1,923625000,0,-49,6.05002022742097,0,0,0.580067993164063,1.63,0,-5400.240234375
100000000000000000000002,1,923625000,0,-40.5,1.44807786376405,0,0,0.580067993164063,1.63,0,-5400.240234375
100000000000000000000001,1,923625000,0,-44,5.982525072754,0,0,0.580067993164063,1.63,0,-5400.240234375
100000000000000000000003,1,923625000,0,-42.5,3.55883542789469,0,0,0.580067993164063,1.63,0,-5400.240234375
100000000000000000000000,1,923625000,0,-48,0.0920388472731384,0,0,0.580067993164063,1.63,0,-5400.240234375
100000000000000000000002,1,923625000,0,-40.5,1.4419419406125,0,0,0.580067993164063,1.63,0,-5400.240234375
100000000000000000000004,1,923625000,0,-49,6.06229207372405,0,0,0.580067993164063,1.63,0,-5400.240234375
100000000000000000000001,1,923625000,0,-44,5.97025322645092,0,0,0.580067993164063,1.63,0,-5400.240234375
100000000000000000000003,1,923625000,0,-42.5,3.54042765844006,0,0,0.580067993164063,1.63,0,-5400.240234375
100000000000000000000000,1,923625000,0,-47.5,0.0674951546669682,0,0,0.580067993164063,1.63,0,-5400.240234375
100000000000000000000004,1,923625000,0,-49,6.03161245796634,0,0,0.580067993164063,1.63,0,-5400.240234375
100000000000000000000002,1,923625000,0,-40.5,1.43580601746096,0,0,0.580067993164063,1.63,0,-5400.240234375
100000000000000000000003,1,923625000,0,-42.5,3.56497135104623,0,0,0.580067993164063,1.63,0,-5400.240234375
100000000000000000000001,1,923625000,0,-44,5.97638914960246,0,0,0.580067993164063,1.63,0,-5400.240234375
100000000000000000000000,1,923625000,0,-48,0.0859029241215961,0,0,0.580067993164063,1.63,0,-5400.240234375
100000000000000000000000,1,923625000,0,-48,0.0797670009700537,0,0,0.580067993164063,1.63,0,-5400.240234375
100000000000000000000003,1,923625000,0,-42.5,3.55883542789469,0,0,0.580067993164063,1.63,0,-5400.240234375
100000000000000000000004,1,923625000,0,-49,6.0254765348148,0,0,0.580067993164063,1.63,0,-5400.240234375
100000000000000000000002,1,923625000,0,-40.5,1.43580601746096,0,0,0.580067993164063,1.63,0,-5400.240234375
100000000000000000000001,1,923625000,0,-44,5.97025322645092,0,0,0.580067993164063,1.63,0,-5400.240234375
100000000000000000000002,1,923625000,0,-40.5,1.43580601746096,0,0,0.580067993164063,1.63,0,-5400.240234375
100000000000000000000003,1,923625000,0,-42.5,3.55269950474315,0,0,0.580067993164063,1.63,0,-5400.240234375
100000000000000000000001,1,923625000,0,-44,5.96411730329937,0,0,0.580067993164063,1.63,0,-5400.240234375
100000000000000000000000,1,923625000,0,-48,0.0613592315154259,0,0,0.580067993164063,1.63,0,-5400.240234375
100000000000000000000004,1,923625000,0,-49,6.06229207372405,0,0,0.580067993164063,1.63,0,-5400.240234375
100000000000000000000001,1,923625000,0,-44,5.97025322645092,0,0,0.580067993164063,1.63,0,-5400.240234375
100000000000000000000003,1,923625000,0,-42.5,3.56497135104623,0,0,0.580067993164063,1.63,0,-5400.240234375
100000000000000000000002,1,923625000,0,-40.5,1.44807786376405,0,0,0.580067993164063,1.63,0,-5400.240234375
100000000000000000000000,1,923625000,0,-48,0.0490873852123404,0,0,0.580067993164063,1.63,0,-5400.240234375
100000000000000000000004,1,923625000,0,-49,6.0684279968756,0,0,0.580067993164063,1.63,0,-5400.240234375
100000000000000000000000,1,923625000,0,-48,0.0674951546669682,0,0,0.580067993164063,1.63,0,-5400.240234375
100000000000000000000001,1,923625000,0,-44,5.97638914960246,0,0,0.580067993164063,1.63,0,-5400.240234375
100000000000000000000002,1,923625000,0,-40.5,1.45421378691559,0,0,0.580067993164063,1.63,0,-5400.240234375
100000000000000000000003,1,923625000,0,-42.5,3.5465635815916,0,0,0.580067993164063,1.63,0,-5400.240234375
100000000000000000000004,1,923625000,0,-49,6.04388430426943,0,0,0.580067993164063,1.63,0,-5400.240234375
100000000000000000000004,1,923625000,0,-49,6.05002022742097,0,0,0.580067993164063,1.63,0,-5400.240234375
100000000000000000000000,1,923625000,0,-48,0.0736310778185105,0,0,0.580067993164063,1.63,0,-5400.240234375
100000000000000000000002,1,923625000,0,-40.5,1.46034971006713,0,0,0.580067993164063,1.63,0,-5400.240234375
100000000000000000000003,1,923625000,0,-42.5,3.5465635815916,0,0,0.580067993164063,1.63,0,-5400.240234375
100000000000000000000001,1,923625000,0,-44,5.95798138014783,0,0,0.580067993164063,1.63,0,-5400.240234375
100000000000000000000004,1,923625000,0,-49,6.04388430426943,0,0,0.580067993164063,1.63,0,-5400.240234375
100000000000000000000002,1,923625000,0,-40.5,1.43580601746096,0,0,0.580067993164063,1.63,0,-5400.240234375
100000000000000000000000,1,923625000,0,-48,0.0490873852123404,0,0,0.580067993164063,1.63,0,-5400.240234375
100000000000000000000003,1,923625000,0,-42.5,3.55883542789469,0,0,0.580067993164063,1.63,0,-5400.240234375
100000000000000000000001,1,923625000,0,-44,5.97025322645092,0,0,0.580067993164063,1.63,0,-5400.240234375
100000000000000000000001,1,923625000,0,-44,5.98866099590554,0,0,0.580067993164063,1.63,0,-5400.240234375
100000000000000000000002,1,923625000,0,-40.5,1.43580601746096,0,0,0.580067993164063,1.63,0,-5400.240234375
100000000000000000000003,1,923625000,0,-42.5,3.55269950474315,0,0,0.580067993164063,1.63,0,-5400.240234375
100000000000000000000000,1,923625000,0,-48,0.0613592315154259,0,0,0.580067993164063,1.63,0,-5400.240234375
100000000000000000000004,1,923625000,0,-49,6.05615615057251,0,0,0.580067993164063,1.63,0,-5400.240234375
100000000000000000000000,1,923625000,0,-48,0.0736310778185105,0,0,0.580067993164063,1.63,0,-5400.240234375
100000000000000000000004,1,923625000,0,-49,6.03161245796634,0,0,0.580067993164063,1.63,0,-5400.240234375
100000000000000000000002,1,923625000,0,-40.5,1.44807786376405,0,0,0.580067993164063,1.63,0,-5400.240234375
100000000000000000000003,1,923625000,0,-42.5,3.55883542789469,0,0,0.580067993164063,1.63,0,-5400.240234375
100000000000000000000001,1,923625000,0,-44,5.982525072754,0,0,0.580067993164063,1.63,0,-5400.240234375
100000000000000000000002,1,923625000,0,-40.5,1.44807786376405,0,0,0.580067993164063,1.63,0,-5400.240234375
100000000000000000000000,1,923625000,0,-48,0.0490873852123404,0,0,0.580067993164063,1.63,0,-5400.240234375
100000000000000000000003,1,923625000,0,-42.5,3.55269950474315,0,0,0.580067993164063,1.63,0,-5400.240234375
100000000000000000000001,1,923625000,0,-44,5.97638914960246,0,0,0.580067993164063,1.63,0,-5400.240234375
100000000000000000000004,1,923625000,0,-49,6.05002022742097,0,0,0.580067993164063,1.63,0,-5400.240234375
100000000000000000000002,1,923625000,0,-40.5,1.43580601746096,0,0,0.580067993164063,1.63,0,-5400.240234375
100000000000000000000000,1,923625000,0,-48,0.0613592315154259,0,0,0.580067993164063,1.63,0,-5400.240234375
100000000000000000000004,1,923625000,0,-49,6.04388430426943,0,0,0.580067993164063,1.63,0,-5400.240234375
100000000000000000000001,1,923625000,0,-44,5.95798138014783,0,0,0.580067993164063,1.63,0,-5400.240234375
100000000000000000000003,1,923625000,0,-42.5,3.54042765844006,0,0,0.580067993164063,1.63,0,-5400.240234375
100000000000000000000004,1,923625000,0,-48.5,6.06229207372405,0,0,0.580067993164063,1.63,0,-5400.240234375
100000000000000000000002,1,923625000,0,-40.5,1.44807786376405,0,0,0.580067993164063,1.63,0,-5400.240234375
100000000000000000000003,1,923625000,0,-42.5,3.55883542789469,0,0,0.580067993164063,1.63,0,-5400.240234375
100000000000000000000001,1,923625000,0,-44,5.97638914960246,0,0,0.580067993164063,1.63,0,-5400.240234375
100000000000000000000000,1,923625000,0,-48,0.0368155389092557,0,0,0.580067993164063,1.63,0,-5400.240234375
100000000000000000000001,1,923625000,0,-44,5.9395736106932,0,0,0.580067993164063,1.63,0,-5400.240234375
100000000000000000000002,1,923625000,0,-40.5,1.43580601746096,0,0,0.580067993164063,1.63,0,-5400.240234375
100000000000000000000000,1,923625000,0,-48,0.0736310778185105,0,0,0.580067993164063,1.63,0,-5400.240234375
100000000000000000000004,1,923625000,0,-49,6.01934061166326,0,0,0.580067993164063,1.63,0,-5400.240234375
100000000000000000000003,1,923625000,0,-42.5,3.55883542789469,0,0,0.580067993164063,1.63,0,-5400.240234375
100000000000000000000004,1,923625000,0,-49,6.03161245796634,0,0,0.580067993164063,1.63,0,-5400.240234375
100000000000000000000003,1,923625000,0,-42.5,3.55269950474315,0,0,0.580067993164063,1.63,0,-5400.240234375
100000000000000000000002,1,923625000,0,-40.5,1.4419419406125,0,0,0.580067993164063,1.63,0,-5400.240234375
100000000000000000000000,1,923625000,0,-48,0.0306796157577125,0,0,0.580067993164063,1.63,0,-5400.240234375
100000000000000000000001,1,923625000,0,-44,5.95798138014783,0,0,0.580067993164063,1.63,0,-5400.240234375
100000000000000000000003,1,923625000,0,-42.5,3.55269950474315,0,0,0.580067993164063,1.63,0,-5400.240234375
100000000000000000000002,1,923625000,0,-40.5,1.45421378691559,0,0,0.580067993164063,1.63,0,-5400.240234375
100000000000000000000000,1,923625000,0,-48,0.0552233083638827,0,0,0.580067993164063,1.63,0,-5400.240234375
100000000000000000000001,1,923625000,0,-44,5.96411730329937,0,0,0.580067993164063,1.63,0,-5400.240234375
100000000000000000000004,1,923625000,0,-49,6.04388430426943,0,0,0.580067993164063,1.63,0,-5400.240234375
100000000000000000000003,1,923625000,0,-42.5,3.56497135104623,0,0,0.580067993164063,1.63,0,-5400.240234375
100000000000000000000000,1,923625000,0,-48,0.0490873852123404,0,0,0.580067993164063,1.63,0,-5400.240234375
100000000000000000000004,1,923625000,0,-49,6.05002022742097,0,0,0.580067993164063,1.63,0,-5400.240234375
100000000000000000000002,1,923625000,0,-40.5,1.44807786376405,0,0,0.580067993164063,1.63,0,-5400.240234375
100000000000000000000001,1,923625000,0,-44,5.97025322645092,0,0,0.580067993164063,1.63,0,-5400.240234375
100000000000000000000000,1,923625000,0,-48,0.0613592315154259,0,0,0.580067993164063,1.63,0,-5400.240234375
100000000000000000000003,1,923625000,0,-42.5,3.55883542789469,0,0,0.580067993164063,1.63,0,-5400.240234375
100000000000000000000004,1,923625000,0,-49,6.05002022742097,0,0,0.580067993164063,1.63,0,-5400.240234375
100000000000000000000001,1,923625000,0,-44,5.94570953384475,0,0,0.580067993164063,1.63,0,-5400.240234375
100000000000000000000002,1,923625000,0,-40.5,1.45421378691559,0,0,0.580067993164063,1.63,0,-5400.240234375
100000000000000000000001,1,923625000,0,-44,5.95798138014783,0,0,0.580067993164063,1.63,0,-5400.240234375
100000000000000000000003,1,923625000,0,-42.5,3.55269950474315,0,0,0.580067993164063,1.63,0,-5400.240234375
100000000000000000000000,1,923625000,0,-48,0.0736310778185105,0,0,0.580067993164063,1.63,0,-5400.240234375
100000000000000000000002,1,923625000,0,-40.5,1.42967009430942,0,0,0.580067993164063,1.63,0,-5400.240234375
100000000000000000000004,1,923625000,0,-49,6.03774838111788,0,0,0.580067993164063,1.63,0,-5400.240234375
100000000000000000000002,1,923625000,0,-40.5,1.4419419406125,0,0,0.580067993164063,1.63,0,-5400.240234375
100000000000000000000003,1,923625000,0,-42.5,3.55269950474315,0,0,0.580067993164063,1.63,0,-5400.240234375
100000000000000000000000,1,923625000,0,-48,0.0613592315154259,0,0,0.580067993164063,1.63,0,-5400.240234375
100000000000000000000004,1,923625000,0,-49,6.05615615057251,0,0,0.580067993164063,1.63,0,-5400.240234375
100000000000000000000001,1,923625000,0,-44,5.97025322645092,0,0,0.580067993164063,1.63,0,-5400.240234375
100000000000000000000000,1,923625000,0,-48,0.0368155389092557,0,0,0.580067993164063,1.63,0,-5400.240234375
100000000000000000000002,1,923625000,0,-40.5,1.45421378691559,0,0,0.580067993164063,1.63,0,-5400.240234375
100000000000000000000003,1,923625000,0,-42.5,3.5465635815916,0,0,0.580067993164063,1.63,0,-5400.240234375
100000000000000000000001,1,923625000,0,-44,5.97025322645092,0,0,0.580067993164063,1.63,0,-5400.240234375
100000000000000000000004,1,923625000,0,-49,6.05002022742097,0,0,0.580067993164063,1.63,0,-5400.240234375
100000000000000000000004,1,923625000,0,-49,6.00706876536017,0,0,0.580067993164063,1.63,0,-5400.240234375
100000000000000000000002,1,923625000,0,-40.5,1.44807786376405,0,0,0.580067993164063,1.63,0,-5400.240234375
100000000000000000000003,1,923625000,0,-42.5,3.57110727419777,0,0,0.580067993164063,1.63,0,-5400.240234375
100000000000000000000001,1,923625000,0,-44,5.97638914960246,0,0,0.580067993164063,1.63,0,-5400.240234375
100000000000000000000000,1,923625000,0,-48,0.0674951546669682,0,0,0.580067993164063,1.63,0,-5400.240234375
100000000000000000000003,1,923625000,0,-42.5,3.55269950474315,0,0,0.580067993164063,1.63,0,-5400.240234375
100000000000000000000000,1,923625000,0,-48,0.0797670009700537,0,0,0.580067993164063,1.63,0,-5400.240234375
100000000000000000000001,1,923625000,0,-44,5.95798138014783,0,0,0.580067993164063,1.63,0,-5400.240234375
100000000000000000000002,1,923625000,0,-40.5,1.46034971006713,0,0,0.580067993164063,1.63,0,-5400.240234375
100000000000000000000004,1,923625000,0,-49,6.06229207372405,0,0,0.580067993164063,1.63,0,-5400.240234375
100000000000000000000004,1,923625000,0,-49,6.05615615057251,0,0,0.580067993164063,1.63,0,-5400.240234375
100000000000000000000002,1,923625000,0,-40.5,1.46034971006713,0,0,0.580067993164063,1.63,0,-5400.240234375
100000000000000000000001,1,923625000,0,-44,5.97638914960246,0,0,0.580067993164063,1.63,0,-5400.240234375
100000000000000000000003,1,923625000,0,-42.5,3.56497135104623,0,0,0.580067993164063,1.63,0,-5400.240234375
100000000000000000000000,1,923625000,0,-48,0.0797670009700537,0,0,0.580067993164063,1.63,0,-5400.240234375
100000000000000000000000,1,923625000,0,-48,0.0552233083638827,0,0,0.580067993164063,1.63,0,-5400.240234375
100000000000000000000004,1,923625000,0,-48.5,6.05002022742097,0,0,0.580067993164063,1.63,0,-5400.240234375
100000000000000000000003,1,923625000,0,-42.5,3.55269950474315,0,0,0.580067993164063,1.63,0,-5400.240234375
100000000000000000000002,1,923625000,0,-40.5,1.4419419406125,0,0,0.580067993164063,1.63,0,-5400.240234375
100000000000000000000001,1,923625000,0,-44,5.97638914960246,0,0,0.580067993164063,1.63,0,-5400.240234375
100000000000000000000004,1,923625000,0,-49,6.03774838111788,0,0,0.580067993164063,1.63,0,-5400.240234375
100000000000000000000002,1,923625000,0,-40.5,1.45421378691559,0,0,0.580067993164063,1.63,0,-5400.240234375
100000000000000000000001,1,923625000,0,-44,5.97025322645092,0,0,0.580067993164063,1.63,0,-5400.240234375
100000000000000000000000,1,923625000,0,-48,0.0552233083638827,0,0,0.580067993164063,1.63,0,-5400.240234375
100000000000000000000003,1,923625000,0,-42.5,3.54042765844006,0,0,0.580067993164063,1.63,0,-5400.240234375
100000000000000000000001,1,923625000,0,-44,5.97638914960246,0,0,0.580067993164063,1.63,0,-5400.240234375
100000000000000000000004,1,923625000,0,-49,6.03774838111788,0,0,0.580067993164063,1.63,0,-5400.240234375
100000000000000000000000,1,923625000,0,-48,0.0859029241215961,0,0,0.580067993164063,1.63,0,-5400.240234375
100000000000000000000003,1,923625000,0,-42.5,3.55269950474315,0,0,0.580067993164063,1.63,0,-5400.240234375
100000000000000000000002,1,923625000,0,-40.5,1.4419419406125,0,0,0.580067993164063,1.63,0,-5400.240234375
100000000000000000000002,1,923625000,0,-40.5,1.45421378691559,0,0,0.580067993164063,1.63,0,-5400.240234375
100000000000000000000003,1,923625000,0,-42.5,3.55883542789469,0,0,0.580067993164063,1.63,0,-5400.240234375
100000000000000000000001,1,923625000,0,-44,5.97638914960246,0,0,0.580067993164063,1.63,0,-5400.240234375
100000000000000000000000,1,923625000,0,-47.5,0.0552233083638827,0,0,0.580067993164063,1.63,0,-5400.240234375
100000000000000000000004,1,923625000,0,-49,6.04388430426943,0,0,0.580067993164063,1.63,0,-5400.240234375
100000000000000000000000,1,923625000,0,-48,0.0368155389092557,0,0,0.580067993164063,1.63,0,-5400.240234375
100000000000000000000001,1,923625000,0,-44,5.97025322645092,0,0,0.580067993164063,1.63,0,-5400.240234375
100000000000000000000004,1,923625000,0,-48.5,6.05002022742097,0,0,0.580067993164063,1.63,0,-5400.240234375
100000000000000000000003,1,923625000,0,-42.5,3.55883542789469,0,0,0.580067993164063,1.63,0,-5400.240234375
100000000000000000000002,1,923625000,0,-40.5,1.47262155637022,0,0,0.580067993164063,1.63,0,-5400.240234375
100000000000000000000004,1,923625000,0,-49,6.03774838111788,0,0,0.580067993164063,1.63,0,-5400.240234375
100000000000000000000003,1,923625000,0,-42.5,3.55883542789469,0,0,0.580067993164063,1.63,0,-5400.240234375
100000000000000000000001,1,923625000,0,-44,5.97025322645092,0,0,0.580067993164063,1.63,0,-5400.240234375
100000000000000000000000,1,923625000,0,-48,0.0674951546669682,0,0,0.580067993164063,1.63,0,-5400.240234375
100000000000000000000002,1,923625000,0,-40.5,1.44807786376405,0,0,0.580067993164063,1.63,0,-5400.240234375
100000000000000000000001,1,923625000,0,-44,5.97638914960246,0,0,0.580067993164063,1.63,0,-5400.240234375
100000000000000000000000,1,923625000,0,-48,0.0736310778185105,0,0,0.580067993164063,1.63,0,-5400.240234375
100000000000000000000003,1,923625000,0,-42.5,3.56497135104623,0,0,0.580067993164063,1.63,0,-5400.240234375
100000000000000000000002,1,923625000,0,-40.5,1.44807786376405,0,0,0.580067993164063,1.63,0,-5400.240234375
100000000000000000000004,1,923625000,0,-49,6.06229207372405,0,0,0.580067993164063,1.63,0,-5400.240234375
100000000000000000000001,1,923625000,0,-44,5.95798138014783,0,0,0.580067993164063,1.63,0,-5400.240234375
100000000000000000000003,1,923625000,0,-42.5,3.55269950474315,0,0,0.580067993164063,1.63,0,-5400.240234375
100000000000000000000002,1,923625000,0,-40.5,1.44807786376405,0,0,0.580067993164063,1.63,0,-5400.240234375
100000000000000000000004,1,923625000,0,-48.5,6.03161245796634,0,0,0.580067993164063,1.63,0,-5400.240234375
100000000000000000000000,1,923625000,0,-48,0.042951462060798,0,0,0.580067993164063,1.63,0,-5400.240234375
100000000000000000000003,1,923625000,0,-42.5,3.54042765844006,0,0,0.580067993164063,1.63,0,-5400.240234375
100000000000000000000000,1,923625000,0,-48,0.0552233083638827,0,0,0.580067993164063,1.63,0,-5400.240234375
100000000000000000000002,1,923625000,0,-40.5,1.43580601746096,0,0,0.580067993164063,1.63,0,-5400.240234375
100000000000000000000004,1,923625000,0,-49,6.0254765348148,0,0,0.580067993164063,1.63,0,-5400.240234375
100000000000000000000001,1,923625000,0,-44,5.97025322645092,0,0,0.580067993164063,1.63,0,-5400.240234375
100000000000000000000000,1,923625000,0,-48,0.0490873852123404,0,0,0.580067993164063,1.63,0,-5400.240234375
100000000000000000000002,1,923625000,0,-40.5,1.44807786376405,0,0,0.580067993164063,1.63,0,-5400.240234375
100000000000000000000001,1,923625000,0,-44,5.97638914960246,0,0,0.580067993164063,1.63,0,-5400.240234375
100000000000000000000004,1,923625000,0,-48.5,6.0254765348148,0,0,0.580067993164063,1.63,0,-5400.240234375
100000000000000000000003,1,923625000,0,-42.5,3.55269950474315,0,0,0.580067993164063,1.63,0,-5400.240234375
100000000000000000000004,1,923625000,0,-49,6.03774838111788,0,0,0.580067993164063,1.63,0,-5400.240234375
100000000000000000000003,1,923625000,0,-42.5,3.56497135104623,0,0,0.580067993164063,1.63,0,-5400.240234375
100000000000000000000000,1,923625000,0,-48,0.0797670009700537,0,0,0.580067993164063,1.63,0,-5400.240234375
100000000000000000000002,1,923625000,0,-40.5,1.42967009430942,0,0,0.580067993164063,1.63,0,-5400.240234375
100000000000000000000001,1,923625000,0,-44,5.97025322645092,0,0,0.580067993164063,1.63,0,-5400.240234375
100000000000000000000001,1,923625000,0,-44,5.96411730329937,0,0,0.580067993164063,1.63,0,-5400.240234375
100000000000000000000003,1,923625000,0,-42.5,3.5465635815916,0,0,0.580067993164063,1.63,0,-5400.240234375
100000000000000000000004,1,923625000,0,-49,6.03774838111788,0,0,0.580067993164063,1.63,0,-5400.240234375
100000000000000000000000,1,923625000,0,-48,0.0122718463030855,0,0,0.580067993164063,1.63,0,-5400.240234375
100000000000000000000002,1,923625000,0,-40.5,1.45421378691559,0,0,0.580067993164063,1.63,0,-5400.240234375
100000000000000000000001,1,923625000,0,-44,5.982525072754,0,0,0.580067993164063,1.63,0,-5400.240234375
100000000000000000000003,1,923625000,0,-42.5,3.56497135104623,0,0,0.580067993164063,1.63,0,-5400.240234375
100000000000000000000002,1,923625000,0,-40.5,1.46648563321867,0,0,0.580067993164063,1.63,0,-5400.240234375
100000000000000000000004,1,923625000,0,-48.5,6.05615615057251,0,0,0.580067993164063,1.63,0,-5400.240234375
100000000000000000000000,1,923625000,0,-48,0.0797670009700537,0,0,0.580067993164063,1.63,0,-5400.240234375
100000000000000000000002,1,923625000,0,-40.5,1.44807786376405,0,0,0.580067993164063,1.63,0,-5400.240234375
100000000000000000000003,1,923625000,0,-42.5,3.5465635815916,0,0,0.580067993164063,1.63,0,-5400.240234375
100000000000000000000004,1,923625000,0,-48.5,6.04388430426943,0,0,0.580067993164063,1.63,0,-5400.240234375
100000000000000000000001,1,923625000,0,-44,5.97025322645092,0,0,0.580067993164063,1.63,0,-5400.240234375
100000000000000000000000,1,923625000,0,-48,0.0613592315154259,0,0,0.580067993164063,1.63,0,-5400.240234375
100000000000000000000003,1,923625000,0,-42,3.56497135104623,0,0,0.580067993164063,1.63,0,-5400.240234375
100000000000000000000000,1,923625000,0,-48,0.042951462060798,0,0,0.580067993164063,1.63,0,-5400.240234375
100000000000000000000001,1,923625000,0,-44,5.97025322645092,0,0,0.580067993164063,1.63,0,-5400.240234375
100000000000000000000002,1,923625000,0,-40.5,1.4419419406125,0,0,0.580067993164063,1.63,0,-5400.240234375
100000000000000000000004,1,923625000,0,-49,6.0254765348148,0,0,0.580067993164063,1.63,0,-5400.240234375
100000000000000000000002,1,923625000,0,-40.5,1.45421378691559,0,0,0.580067993164063,1.63,0,-5400.240234375
100000000000000000000000,1,923625000,0,-48,0.0736310778185105,0,0,0.580067993164063,1.63,0,-5400.240234375
100000000000000000000001,1,923625000,0,-44,5.95798138014783,0,0,0.580067993164063,1.63,0,-5400.240234375
100000000000000000000003,1,923625000,0,-42.5,3.56497135104623,0,0,0.580067993164063,1.63,0,-5400.240234375
100000000000000000000004,1,923625000,0,-49,6.05615615057251,0,0,0.580067993164063,1.63,0,-5400.240234375
100000000000000000000000,1,923625000,0,-48,0.0920388472731384,0,0,0.580067993164063,1.63,0,-5400.240234375
100000000000000000000004,1,923625000,0,-49,6.05615615057251,0,0,0.580067993164063,1.63,0,-5400.240234375
100000000000000000000001,1,923625000,0,-44,5.982525072754,0,0,0.580067993164063,1.63,0,-5400.240234375
100000000000000000000002,1,923625000,0,-40.5,1.45421378691559,0,0,0.580067993164063,1.63,0,-5400.240234375
100000000000000000000003,1,923625000,0,-42.5,3.5465635815916,0,0,0.580067993164063,1.63,0,-5400.240234375
100000000000000000000002,1,923625000,0,-40.5,1.4419419406125,0,0,0.580067993164063,1.63,0,-5400.240234375
100000000000000000000004,1,923625000,0,-49,6.05002022742097,0,0,0.580067993164063,1.63,0,-5400.240234375
100000000000000000000003,1,923625000,0,-42.5,3.55883542789469,0,0,0.580067993164063,1.63,0,-5400.240234375
100000000000000000000001,1,923625000,0,-44,5.97025322645092,0,0,0.580067993164063,1.63,0,-5400.240234375
100000000000000000000000,1,923625000,0,-48,0.0736310778185105,0,0,0.580067993164063,1.63,0,-5400.240234375
100000000000000000000004,1,923625000,0,-49,6.05002022742097,0,0,0.580067993164063,1.63,0,-5400.240234375
100000000000000000000001,1,923625000,0,-44,5.95184545699629,0,0,0.580067993164063,1.63,0,-5400.240234375
100000000000000000000003,1,923625000,0,-42.5,3.5465635815916,0,0,0.580067993164063,1.63,0,-5400.240234375
100000000000000000000000,1,923625000,0,-48,0.042951462060798,0,0,0.580067993164063,1.63,0,-5400.240234375
100000000000000000000002,1,923625000,0,-40.5,1.43580601746096,0,0,0.580067993164063,1.63,0,-5400.240234375
100000000000000000000004,1,923625000,0,-48.5,6.04388430426943,0,0,0.580067993164063,1.63,0,-5400.240234375
100000000000000000000001,1,923625000,0,-44,5.95798138014783,0,0,0.580067993164063,1.63,0,-5400.240234375
100000000000000000000003,1,923625000,0,-42.5,3.55269950474315,0,0,0.580067993164063,1.63,0,-5400.240234375
100000000000000000000002,1,923625000,0,-40.5,1.4419419406125,0,0,0.580067993164063,1.63,0,-5400.240234375
100000000000000000000000,1,923625000,0,-48,0.0613592315154259,0,0,0.580067993164063,1.63,0,-5400.240234375
100000000000000000000000,1,923625000,0,-48,0.0613592315154259,0,0,0.580067993164063,1.63,0,-5400.240234375
100000000000000000000004,1,923625000,0,-49,6.05615615057251,0,0,0.580067993164063,1.63,0,-5400.240234375
100000000000000000000001,1,923625000,0,-44,5.97025322645092,0,0,0.580067993164063,1.63,0,-5400.240234375
100000000000000000000002,1,923625000,0,-40.5,1.43580601746096,0,0,0.580067993164063,1.63,0,-5400.240234375
100000000000000000000003,1,923625000,0,-42.5,3.57110727419777,0,0,0.580067993164063,1.63,0,-5400.240234375
100000000000000000000002,1,923625000,0,-40.5,1.46034971006713,0,0,0.580067993164063,1.63,0,-5400.240234375
100000000000000000000003,1,923625000,0,-42.5,3.55269950474315,0,0,0.580067993164063,1.63,0,-5400.240234375
100000000000000000000004,1,923625000,0,-48.5,6.05002022742097,0,0,0.580067993164063,1.63,0,-5400.240234375
100000000000000000000001,1,923625000,0,-44,5.97638914960246,0,0,0.580067993164063,1.63,0,-5400.240234375
100000000000000000000000,1,923625000,0,-48,0.0613592315154259,0,0,0.580067993164063,1.63,0,-5400.240234375
100000000000000000000002,1,923625000,0,-40.5,1.41739824800633,0,0,0.580067993164063,1.63,0,-5400.240234375
100000000000000000000003,1,923625000,0,-42.5,3.5465635815916,0,0,0.580067993164063,1.63,0,-5400.240234375
100000000000000000000001,1,923625000,0,-44,5.97638914960246,0,0,0.580067993164063,1.63,0,-5400.240234375
100000000000000000000000,1,923625000,0,-48,0.0613592315154259,0,0,0.580067993164063,1.63,0,-5400.240234375
100000000000000000000004,1,923625000,0,-49,6.06229207372405,0,0,0.580067993164063,1.63,0,-5400.240234375
100000000000000000000003,1,923625000,0,-42.5,3.54042765844006,0,0,0.580067993164063,1.63,0,-5400.240234375
100000000000000000000001,1,923625000,0,-44,5.982525072754,0,0,0.580067993164063,1.63,0,-5400.240234375
100000000000000000000004,1,923625000,0,-49,6.03774838111788,0,0,0.580067993164063,1.63,0,-5400.240234375
100000000000000000000002,1,923625000,0,-40.5,1.43580601746096,0,0,0.580067993164063,1.63,0,-5400.240234375
100000000000000000000000,1,923625000,0,-48,0.0674951546669682,0,0,0.580067993164063,1.63,0,-5400.240234375
100000000000000000000001,1,923625000,0,-44,5.97025322645092,0,0,0.580067993164063,1.63,0,-5400.240234375
100000000000000000000000,1,923625000,0,-48,0.0736310778185105,0,0,0.580067993164063,1.63,0,-5400.240234375
100000000000000000000003,1,923625000,0,-42.5,3.54042765844006,0,0,0.580067993164063,1.63,0,-5400.240234375
100000000000000000000002,1,923625000,0,-40.5,1.45421378691559,0,0,0.580067993164063,1.63,0,-5400.240234375
100000000000000000000004,1,923625000,0,-49,6.06229207372405,0,0,0.580067993164063,1.63,0,-5400.240234375
100000000000000000000001,1,923625000,0,-44,5.99479691905709,0,0,0.580067993164063,1.63,0,-5400.240234375
100000000000000000000000,1,923625000,0,-48,0.0613592315154259,0,0,0.580067993164063,1.63,0,-5400.240234375
100000000000000000000002,1,923625000,0,-40.5,1.43580601746096,0,0,0.580067993164063,1.63,0,-5400.240234375
100000000000000000000004,1,923625000,0,-49,6.0684279968756,0,0,0.580067993164063,1.63,0,-5400.240234375
100000000000000000000003,1,923625000,0,-42.5,3.57110727419777,0,0,0.580067993164063,1.63,0,-5400.240234375
100000000000000000000003,1,923625000,0,-42.5,3.54042765844006,0,0,0.580067993164063,1.63,0,-5400.240234375
100000000000000000000002,1,923625000,0,-40.5,1.44807786376405,0,0,0.580067993164063,1.63,0,-5400.240234375
100000000000000000000004,1,924125000,0,-49,6.2279619988157,0,0,0.580067993164063,1.63,0,-5400.240234375
100000000000000000000001,1,924125000,0,-44,6.19728238305799,0,0,0.580067993164063,1.63,0,-5400.240234375
100000000000000000000000,1,924125000,0,-47,0.306796157577129,0,0,0.580067993164063,1.63,0,-5400.240234375
100000000000000000000000,1,924125000,0,-47,0.319068003880213,0,0,0.580067993164063,1.63,0,-5400.240234375
100000000000000000000004,1,924125000,0,-49,6.20341830620953,0,0,0.580067993164063,1.63,0,-5400.240234375
100000000000000000000001,1,924125000,0,-44,6.20955422936108,0,0,0.580067993164063,1.63,0,-5400.240234375
100000000000000000000003,1,924125000,0,-42.5,3.77972866135022,0,0,0.580067993164063,1.63,0,-5400.240234375
100000000000000000000002,1,924125000,0,-40.5,1.68737886667421,0,0,0.580067993164063,1.63,0,-5400.240234375
100000000000000000000003,1,924125000,0,-42.5,3.80427235395639,0,0,0.580067993164063,1.63,0,-5400.240234375
100000000000000000000004,1,924125000,0,-49,6.18501053675491,0,0,0.580067993164063,1.63,0,-5400.240234375
100000000000000000000000,1,924125000,0,-47,0.349747619637927,0,0,0.580067993164063,1.63,0,-5400.240234375
100000000000000000000001,1,924125000,0,-44,6.19728238305799,0,0,0.580067993164063,1.63,0,-5400.240234375
100000000000000000000002,1,924125000,0,-40.5,1.68124294352266,0,0,0.580067993164063,1.63,0,-5400.240234375
100000000000000000000000,1,924125000,0,-47,0.319068003880213,0,0,0.580067993164063,1.63,0,-5400.240234375
100000000000000000000003,1,924125000,0,-42.5,3.79200050765331,0,0,0.580067993164063,1.63,0,-5400.240234375
100000000000000000000004,1,924125000,0,-49.5,6.20341830620953,0,0,0.580067993164063,1.63,0,-5400.240234375
100000000000000000000002,1,924125000,0,-40.5,1.70578663612883,0,0,0.580067993164063,1.63,0,-5400.240234375
100000000000000000000001,1,924125000,0,-44,6.20341830620953,0,0,0.580067993164063,1.63,0,-5400.240234375
100000000000000000000003,1,924125000,0,-42.5,3.78586458450176,0,0,0.580067993164063,1.63,0,-5400.240234375
100000000000000000000004,1,924125000,0,-49,6.22182607566416,0,0,0.580067993164063,1.63,0,-5400.240234375
100000000000000000000002,1,924125000,0,-40.5,1.68737886667421,0,0,0.580067993164063,1.63,0,-5400.240234375
100000000000000000000001,1,924125000,0,-44,6.20955422936108,0,0,0.580067993164063,1.63,0,-5400.240234375
100000000000000000000000,1,924125000,0,-47,0.306796157577129,0,0,0.580067993164063,1.63,0,-5400.240234375
100000000000000000000002,1,924125000,0,-40.5,1.69351478982575,0,0,0.580067993164063,1.63,0,-5400.240234375
100000000000000000000004,1,924125000,0,-49,6.2279619988157,0,0,0.580067993164063,1.63,0,-5400.240234375
100000000000000000000003,1,924125000,0,-42.5,3.77972866135022,0,0,0.580067993164063,1.63,0,-5400.240234375
100000000000000000000000,1,924125000,0,-47,0.325203927031755,0,0,0.580067993164063,1.63,0,-5400.240234375
100000000000000000000001,1,924125000,0,-44,6.20955422936108,0,0,0.580067993164063,1.63,0,-5400.240234375
100000000000000000000002,1,924125000,0,-40.5,1.68124294352266,0,0,0.580067993164063,1.63,0,-5400.240234375
100000000000000000000004,1,924125000,0,-49,6.23409792196725,0,0,0.580067993164063,1.63,0,-5400.240234375
100000000000000000000000,1,924125000,0,-47,0.343611696486383,0,0,0.580067993164063,1.63,0,-5400.240234375
100000000000000000000003,1,924125000,0,-42.5,3.79200050765331,0,0,0.580067993164063,1.63,0,-5400.240234375
100000000000000000000001,1,924125000,0,-44,6.21569015251262,0,0,0.580067993164063,1.63,0,-5400.240234375
100000000000000000000000,1,924125000,0,-47,0.337475773334841,0,0,0.580067993164063,1.63,0,-5400.240234375
100000000000000000000003,1,924125000,0,-42.5,3.77359273819868,0,0,0.580067993164063,1.63,0,-5400.240234375
100000000000000000000001,1,924125000,0,-44,6.19114645990645,0,0,0.580067993164063,1.63,0,-5400.240234375
100000000000000000000002,1,924125000,0,-40.5,1.69965071297729,0,0,0.580067993164063,1.63,0,-5400.240234375
100000000000000000000004,1,924125000,0,-49,6.20955422936108,0,0,0.580067993164063,1.63,0,-5400.240234375
100000000000000000000003,1,924125000,0,-42.5,3.77972866135022,0,0,0.580067993164063,1.63,0,-5400.240234375
100000000000000000000004,1,924125000,0,-49,6.19114645990645,0,0,0.580067993164063,1.63,0,-5400.240234375
100000000000000000000002,1,924125000,0,-40.5,1.66283517406803,0,0,0.580067993164063,1.63,0,-5400.240234375
100000000000000000000000,1,924125000,0,-47,0.331339850183299,0,0,0.580067993164063,1.63,0,-5400.240234375
100000000000000000000001,1,924125000,0,-44,6.21569015251262,0,0,0.580067993164063,1.63,0,-5400.240234375
100000000000000000000000,1,924125000,0,-47,0.312932080728671,0,0,0.580067993164063,1.63,0,-5400.240234375
100000000000000000000001,1,924125000,0,-44,6.19728238305799,0,0,0.580067993164063,1.63,0,-5400.240234375
100000000000000000000002,1,924125000,0,-40.5,1.67510702037112,0,0,0.580067993164063,1.63,0,-5400.240234375
100000000000000000000003,1,924125000,0,-42.5,3.79200050765331,0,0,0.580067993164063,1.63,0,-5400.240234375
100000000000000000000004,1,924125000,0,-49,6.22182607566416,0,0,0.580067993164063,1.63,0,-5400.240234375
100000000000000000000004,1,924125000,0,-49,6.20341830620953,0,0,0.580067993164063,1.63,0,-5400.240234375
100000000000000000000002,1,924125000,0,-40.5,1.72419440558346,0,0,0.580067993164063,1.63,0,-5400.240234375
100000000000000000000003,1,924125000,0,-42.5,3.77359273819868,0,0,0.580067993164063,1.63,0,-5400.240234375
100000000000000000000000,1,924125000,0,-47,0.300660234425585,0,0,0.580067993164063,1.63,0,-5400.240234375
100000000000000000000001,1,924125000,0,-44,6.19728238305799,0,0,0.580067993164063,1.63,0,-5400.240234375
100000000000000000000003,1,924125000,0,-42.5,3.78586458450176,0,0,0.580067993164063,1.63,0,-5400.240234375
100000000000000000000000,1,924125000,0,-47,0.331339850183299,0,0,0.580067993164063,1.63,0,-5400.240234375
100000000000000000000004,1,924125000,0,-49,6.21569015251262,0,0,0.580067993164063,1.63,0,-5400.240234375
100000000000000000000001,1,924125000,0,-44,6.19728238305799,0,0,0.580067993164063,1.63,0,-5400.240234375
100000000000000000000002,1,924125000,0,-40.5,1.69351478982575,0,0,0.580067993164063,1.63,0,-5400.240234375
100000000000000000000000,1,924125000,0,-47,0.312932080728671,0,0,0.580067993164063,1.63,0,-5400.240234375
100000000000000000000004,1,924125000,0,-49,6.20341830620953,0,0,0.580067993164063,1.63,0,-5400.240234375
100000000000000000000003,1,924125000,0,-42.5,3.77359273819868,0,0,0.580067993164063,1.63,0,-5400.240234375
100000000000000000000002,1,924125000,0,-40.5,1.69351478982575,0,0,0.580067993164063,1.63,0,-5400.240234375
100000000000000000000001,1,924125000,0,-44,6.20341830620953,0,0,0.580067993164063,1.63,0,-5400.240234375
100000000000000000000002,1,924125000,0,-40.5,1.68737886667421,0,0,0.580067993164063,1.63,0,-5400.240234375
100000000000000000000003,1,924125000,0,-42.5,3.77972866135022,0,0,0.580067993164063,1.63,0,-5400.240234375
100000000000000000000001,1,924125000,0,-44,6.20341830620953,0,0,0.580067993164063,1.63,0,-5400.240234375
100000000000000000000004,1,924125000,0,-49,6.2279619988157,0,0,0.580067993164063,1.63,0,-5400.240234375
100000000000000000000000,1,924125000,0,-47,0.300660234425585,0,0,0.580067993164063,1.63,0,-5400.240234375
100000000000000000000000,1,924125000,0,-47,0.300660234425585,0,0,0.580067993164063,1.63,0,-5400.240234375
100000000000000000000001,1,924125000,0,-44,6.20341830620953,0,0,0.580067993164063,1.63,0,-5400.240234375
100000000000000000000002,1,924125000,0,-40.5,1.69965071297729,0,0,0.580067993164063,1.63,0,-5400.240234375
100000000000000000000004,1,924125000,0,-49,6.2279619988157,0,0,0.580067993164063,1.63,0,-5400.240234375
100000000000000000000003,1,924125000,0,-42.5,3.77972866135022,0,0,0.580067993164063,1.63,0,-5400.240234375
100000000000000000000001,1,924125000,0,-44,6.21569015251262,0,0,0.580067993164063,1.63,0,-5400.240234375
100000000000000000000002,1,924125000,0,-40.5,1.69351478982575,0,0,0.580067993164063,1.63,0,-5400.240234375
100000000000000000000004,1,924125000,0,-49,6.20955422936108,0,0,0.580067993164063,1.63,0,-5400.240234375
100000000000000000000003,1,924125000,0,-42.5,3.79813643080485,0,0,0.580067993164063,1.63,0,-5400.240234375
100000000000000000000000,1,924125000,0,-47,0.331339850183299,0,0,0.580067993164063,1.63,0,-5400.240234375
100000000000000000000000,1,924125000,0,-47,0.325203927031755,0,0,0.580067993164063,1.63,0,-5400.240234375
100000000000000000000003,1,924125000,0,-42.5,3.78586458450176,0,0,0.580067993164063,1.63,0,-5400.240234375
100000000000000000000004,1,924125000,0,-49,6.22182607566416,0,0,0.580067993164063,1.63,0,-5400.240234375
100000000000000000000002,1,924125000,0,-40.5,1.68124294352266,0,0,0.580067993164063,1.63,0,-5400.240234375
100000000000000000000001,1,924125000,0,-44,6.19728238305799,0,0,0.580067993164063,1.63,0,-5400.240234375
100000000000000000000003,1,924125000,0,-42.5,3.79200050765331,0,0,0.580067993164063,1.63,0,-5400.240234375
100000000000000000000004,1,924125000,0,-49,6.22182607566416,0,0,0.580067993164063,1.63,0,-5400.240234375
100000000000000000000002,1,924125000,0,-40.5,1.66897109721958,0,0,0.580067993164063,1.63,0,-5400.240234375
100000000000000000000001,1,924125000,0,-44,6.20955422936108,0,0,0.580067993164063,1.63,0,-5400.240234375
100000000000000000000000,1,924125000,0,-47,0.331339850183299,0,0,0.580067993164063,1.63,0,-5400.240234375
100000000000000000000003,1,924125000,0,-42.5,3.77972866135022,0,0,0.580067993164063,1.63,0,-5400.240234375
100000000000000000000001,1,924125000,0,-44,6.19728238305799,0,0,0.580067993164063,1.63,0,-5400.240234375
100000000000000000000002,1,924125000,0,-40.5,1.68124294352266,0,0,0.580067993164063,1.63,0,-5400.240234375
100000000000000000000004,1,924125000,0,-49,6.2279619988157,0,0,0.580067993164063,1.63,0,-5400.240234375
100000000000000000000000,1,924125000,0,-47,0.331339850183299,0,0,0.580067993164063,1.63,0,-5400.240234375
100000000000000000000001,1,924125000,0,-44,6.20955422936108,0,0,0.580067993164063,1.63,0,-5400.240234375
100000000000000000000002,1,924125000,0,-40.5,1.68124294352266,0,0,0.580067993164063,1.63,0,-5400.240234375
100000000000000000000003,1,924125000,0,-42.5,3.78586458450176,0,0,0.580067993164063,1.63,0,-5400.240234375
100000000000000000000004,1,924125000,0,-49,6.2279619988157,0,0,0.580067993164063,1.63,0,-5400.240234375
100000000000000000000000,1,924125000,0,-47,0.325203927031755,0,0,0.580067993164063,1.63,0,-5400.240234375
100000000000000000000000,1,924125000,0,-47,0.312932080728671,0,0,0.580067993164063,1.63,0,-5400.240234375
100000000000000000000002,1,924125000,0,-40.5,1.68124294352266,0,0,0.580067993164063,1.63,0,-5400.240234375
100000000000000000000003,1,924125000,0,-42.5,3.76745681504713,0,0,0.580067993164063,1.63,0,-5400.240234375
100000000000000000000004,1,924125000,0,-49,6.21569015251262,0,0,0.580067993164063,1.63,0,-5400.240234375
100000000000000000000001,1,924125000,0,-44,6.21569015251262,0,0,0.580067993164063,1.63,0,-5400.240234375
100000000000000000000001,1,924125000,0,-44,6.19728238305799,0,0,0.580067993164063,1.63,0,-5400.240234375
100000000000000000000000,1,924125000,0,-47,0.319068003880213,0,0,0.580067993164063,1.63,0,-5400.240234375
100000000000000000000002,1,924125000,0,-40.5,1.69351478982575,0,0,0.580067993164063,1.63,0,-5400.240234375
100000000000000000000004,1,924125000,0,-49,6.24636976827033,0,0,0.580067993164063,1.63,0,-5400.240234375
100000000000000000000003,1,924125000,0,-42.5,3.79200050765331,0,0,0.580067993164063,1.63,0,-5400.240234375
100000000000000000000000,1,924125000,0,-47,0.312932080728671,0,0,0.580067993164063,1.63,0,-5400.240234375
100000000000000000000002,1,924125000,0,-40.5,1.67510702037112,0,0,0.580067993164063,1.63,0,-5400.240234375
100000000000000000000001,1,924125000,0,-44,6.20341830620953,0,0,0.580067993164063,1.63,0,-5400.240234375
100000000000000000000004,1,924125000,0,-49,6.2279619988157,0,0,0.580067993164063,1.63,0,-5400.240234375
100000000000000000000003,1,924125000,0,-42.5,3.78586458450176,0,0,0.580067993164063,1.63,0,-5400.240234375
100000000000000000000001,1,924125000,0,-44,6.20955422936108,0,0,0.580067993164063,1.63,0,-5400.240234375
100000000000000000000003,1,924125000,0,-42.5,3.78586458450176,0,0,0.580067993164063,1.63,0,-5400.240234375
100000000000000000000004,1,924125000,0,-49,6.24023384511879,0,0,0.580067993164063,1.63,0,-5400.240234375
100000000000000000000000,1,924125000,0,-47,0.331339850183299,0,0,0.580067993164063,1.63,0,-5400.240234375
100000000000000000000002,1,924125000,0,-40.5,1.69351478982575,0,0,0.580067993164063,1.63,0,-5400.240234375
100000000000000000000003,1,924125000,0,-42.5,3.79813643080485,0,0,0.580067993164063,1.63,0,-5400.240234375
100000000000000000000004,1,924125000,0,-49,6.23409792196725,0,0,0.580067993164063,1.63,0,-5400.240234375
100000000000000000000001,1,924125000,0,-44,6.20955422936108,0,0,0.580067993164063,1.63,0,-5400.240234375
100000000000000000000002,1,924125000,0,-40.5,1.69351478982575,0,0,0.580067993164063,1.63,0,-5400.240234375
100000000000000000000000,1,924125000,0,-47,0.319068003880213,0,0,0.580067993164063,1.63,0,-5400.240234375
100000000000000000000001,1,924125000,0,-44,6.20341830620953,0,0,0.580067993164063,1.63,0,-5400.240234375
100000000000000000000004,1,924125000,0,-49,6.23409792196725,0,0,0.580067993164063,1.63,0,-5400.240234375
100000000000000000000003,1,924125000,0,-42.5,3.80427235395639,0,0,0.580067993164063,1.63,0,-5400.240234375
100000000000000000000002,1,924125000,0,-40.5,1.69965071297729,0,0,0.580067993164063,1.63,0,-5400.240234375
100000000000000000000000,1,924125000,0,-47,0.337475773334841,0,0,0.580067993164063,1.63,0,-5400.240234375
100000000000000000000000,1,924125000,0,-47,0.331339850183299,0,0,0.580067993164063,1.63,0,-5400.240234375
100000000000000000000002,1,924125000,0,-40.5,1.68737886667421,0,0,0.580067993164063,1.63,0,-5400.240234375
100000000000000000000003,1,924125000,0,-42.5,3.79813643080485,0,0,0.580067993164063,1.63,0,-5400.240234375
100000000000000000000004,1,924125000,0,-49,6.2279619988157,0,0,0.580067993164063,1.63,0,-5400.240234375
100000000000000000000001,1,924125000,0,-44,6.20341830620953,0,0,0.580067993164063,1.63,0,-5400.240234375
100000000000000000000002,1,924125000,0,-40.5,1.69965071297729,0,0,0.580067993164063,1.63,0,-5400.240234375
100000000000000000000000,1,924125000,0,-47,0.294524311274043,0,0,0.580067993164063,1.63,0,-5400.240234375
100000000000000000000001,1,924125000,0,-44,6.19728238305799,0,0,0.580067993164063,1.63,0,-5400.240234375
100000000000000000000003,1,924125000,0,-42.5,3.78586458450176,0,0,0.580067993164063,1.63,0,-5400.240234375
100000000000000000000004,1,924125000,0,-49,6.21569015251262,0,0,0.580067993164063,1.63,0,-5400.240234375
100000000000000000000003,1,924125000,0,-42.5,3.79813643080485,0,0,0.580067993164063,1.63,0,-5400.240234375
100000000000000000000001,1,924125000,0,-44,6.19728238305799,0,0,0.580067993164063,1.63,0,-5400.240234375
100000000000000000000000,1,924125000,0,-47,0.312932080728671,0,0,0.580067993164063,1.63,0,-5400.240234375
100000000000000000000002,1,924125000,0,-40.5,1.68737886667421,0,0,0.580067993164063,1.63,0,-5400.240234375
100000000000000000000004,1,924125000,0,-49,6.20955422936108,0,0,0.580067993164063,1.63,0,-5400.240234375
100000000000000000000001,1,924125000,0,-44,6.20341830620953,0,0,0.580067993164063,1.63,0,-5400.240234375
100000000000000000000004,1,924125000,0,-49,6.20955422936108,0,0,0.580067993164063,1.63,0,-5400.240234375
100000000000000000000002,1,924125000,0,-40.5,1.70578663612883,0,0,0.580067993164063,1.63,0,-5400.240234375
100000000000000000000000,1,924125000,0,-47,0.306796157577129,0,0,0.580067993164063,1.63,0,-5400.240234375
100000000000000000000003,1,924125000,0,-42.5,3.77972866135022,0,0,0.580067993164063,1.63,0,-5400.240234375
100000000000000000000003,1,924125000,0,-42.5,3.80427235395639,0,0,0.580067993164063,1.63,0,-5400.240234375
100000000000000000000000,1,924125000,0,-47,0.312932080728671,0,0,0.580067993164063,1.63,0,-5400.240234375
100000000000000000000002,1,924125000,0,-40.5,1.70578663612883,0,0,0.580067993164063,1.63,0,-5400.240234375
100000000000000000000001,1,924125000,0,-44,6.20341830620953,0,0,0.580067993164063,1.63,0,-5400.240234375
100000000000000000000004,1,924125000,0,-49,6.19728238305799,0,0,0.580067993164063,1.63,0,-5400.240234375
100000000000000000000004,1,924125000,0,-49,6.22182607566416,0,0,0.580067993164063,1.63,0,-5400.240234375
100000000000000000000003,1,924125000,0,-42.5,3.79813643080485,0,0,0.580067993164063,1.63,0,-5400.240234375
100000000000000000000000,1,924125000,0,-47.5,0.312932080728671,0,0,0.580067993164063,1.63,0,-5400.240234375
100000000000000000000002,1,924125000,0,-40.5,1.70578663612883,0,0,0.580067993164063,1.63,0,-5400.240234375
100000000000000000000001,1,924125000,0,-44,6.20341830620953,0,0,0.580067993164063,1.63,0,-5400.240234375
100000000000000000000004,1,924125000,0,-49,6.20955422936108,0,0,0.580067993164063,1.63,0,-5400.240234375
100000000000000000000003,1,924125000,0,-42.5,3.77972866135022,0,0,0.580067993164063,1.63,0,-5400.240234375
100000000000000000000000,1,924125000,0,-47.5,0.319068003880213,0,0,0.580067993164063,1.63,0,-5400.240234375
100000000000000000000002,1,924125000,0,-40.5,1.69351478982575,0,0,0.580067993164063,1.63,0,-5400.240234375
100000000000000000000001,1,924125000,0,-44,6.20955422936108,0,0,0.580067993164063,1.63,0,-5400.240234375
100000000000000000000001,1,924125000,0,-44,6.19728238305799,0,0,0.580067993164063,1.63,0,-5400.240234375
100000000000000000000003,1,924125000,0,-42.5,3.79813643080485,0,0,0.580067993164063,1.63,0,-5400.240234375
100000000000000000000004,1,924125000,0,-49,6.21569015251262,0,0,0.580067993164063,1.63,0,-5400.240234375
100000000000000000000002,1,924125000,0,-40.5,1.68737886667421,0,0,0.580067993164063,1.63,0,-5400.240234375
100000000000000000000000,1,924125000,0,-47,0.325203927031755,0,0,0.580067993164063,1.63,0,-5400.240234375
100000000000000000000002,1,924125000,0,-40.5,1.66283517406803,0,0,0.580067993164063,1.63,0,-5400.240234375
100000000000000000000003,1,924125000,0,-42.5,3.79200050765331,0,0,0.580067993164063,1.63,0,-5400.240234375
100000000000000000000001,1,924125000,0,-44,6.20955422936108,0,0,0.580067993164063,1.63,0,-5400.240234375
100000000000000000000000,1,924125000,0,-47,0.300660234425585,0,0,0.580067993164063,1.63,0,-5400.240234375
100000000000000000000004,1,924125000,0,-49,6.22182607566416,0,0,0.580067993164063,1.63,0,-5400.240234375
100000000000000000000004,1,924125000,0,-49,6.20955422936108,0,0,0.580067993164063,1.63,0,-5400.240234375
100000000000000000000000,1,924125000,0,-47,0.325203927031755,0,0,0.580067993164063,1.63,0,-5400.240234375
100000000000000000000003,1,924125000,0,-42.5,3.77359273819868,0,0,0.580067993164063,1.63,0,-5400.240234375
100000000000000000000002,1,924125000,0,-40.5,1.70578663612883,0,0,0.580067993164063,1.63,0,-5400.240234375
100000000000000000000001,1,924125000,0,-44,6.19114645990645,0,0,0.580067993164063,1.63,0,-5400.240234375
100000000000000000000000,1,924125000,0,-47,0.312932080728671,0,0,0.580067993164063,1.63,0,-5400.240234375
100000000000000000000002,1,924125000,0,-40.5,1.68124294352266,0,0,0.580067993164063,1.63,0,-5400.240234375
100000000000000000000004,1,924125000,0,-49,6.20955422936108,0,0,0.580067993164063,1.63,0,-5400.240234375
100000000000000000000001,1,924125000,0,-44,6.17887461360336,0,0,0.580067993164063,1.63,0,-5400.240234375
100000000000000000000003,1,924125000,0,-42.5,3.78586458450176,0,0,0.580067993164063,1.63,0,-5400.240234375
100000000000000000000004,1,924125000,0,-49.5,6.2279619988157,0,0,0.580067993164063,1.63,0,-5400.240234375
100000000000000000000000,1,924125000,0,-47,0.312932080728671,0,0,0.580067993164063,1.63,0,-5400.240234375
100000000000000000000001,1,924125000,0,-44,6.21569015251262,0,0,0.580067993164063,1.63,0,-5400.240234375
100000000000000000000002,1,924125000,0,-40.5,1.69965071297729,0,0,0.580067993164063,1.63,0,-5400.240234375
100000000000000000000003,1,924125000,0,-42.5,3.81040827710793,0,0,0.580067993164063,1.63,0,-5400.240234375
100000000000000000000003,1,924125000,0,-42.5,3.76745681504713,0,0,0.580067993164063,1.63,0,-5400.240234375
100000000000000000000002,1,924125000,0,-40.5,1.68124294352266,0,0,0.580067993164063,1.63,0,-5400.240234375
100000000000000000000001,1,924125000,0,-44,6.18501053675491,0,0,0.580067993164063,1.63,0,-5400.240234375
100000000000000000000000,1,924125000,0,-47,0.337475773334841,0,0,0.580067993164063,1.63,0,-5400.240234375
100000000000000000000004,1,924125000,0,-49,6.23409792196725,0,0,0.580067993164063,1.63,0,-5400.240234375
100000000000000000000000,1,924125000,0,-47,0.288388388122501,0,0,0.580067993164063,1.63,0,-5400.240234375
100000000000000000000004,1,924125000,0,-49,6.20955422936108,0,0,0.580067993164063,1.63,0,-5400.240234375
100000000000000000000001,1,924125000,0,-44,6.20955422936108,0,0,0.580067993164063,1.63,0,-5400.240234375
100000000000000000000002,1,924125000,0,-40.5,1.68124294352266,0,0,0.580067993164063,1.63,0,-5400.240234375
100000000000000000000003,1,924125000,0,-42.5,3.79200050765331,0,0,0.580067993164063,1.63,0,-5400.240234375
100000000000000000000003,1,924125000,0,-42.5,3.78586458450176,0,0,0.580067993164063,1.63,0,-5400.240234375
100000000000000000000002,1,924125000,0,-40.5,1.70578663612883,0,0,0.580067993164063,1.63,0,-5400.240234375
100000000000000000000001,1,924125000,0,-44,6.19728238305799,0,0,0.580067993164063,1.63,0,-5400.240234375
100000000000000000000004,1,924125000,0,-49,6.22182607566416,0,0,0.580067993164063,1.63,0,-5400.240234375
100000000000000000000000,1,924125000,0,-47,0.325203927031755,0,0,0.580067993164063,1.63,0,-5400.240234375
100000000000000000000002,1,924125000,0,-40.5,1.67510702037112,0,0,0.580067993164063,1.63,0,-5400.240234375
100000000000000000000003,1,924125000,0,-42.5,3.79200050765331,0,0,0.580067993164063,1.63,0,-5400.240234375
100000000000000000000001,1,924125000,0,-44,6.21569015251262,0,0,0.580067993164063,1.63,0,-5400.240234375
100000000000000000000000,1,924125000,0,-47,0.306796157577129,0,0,0.580067993164063,1.63,0,-5400.240234375
100000000000000000000004,1,924125000,0,-49,6.20341830620953,0,0,0.580067993164063,1.63,0,-5400.240234375
100000000000000000000003,1,924125000,0,-42.5,3.77972866135022,0,0,0.580067993164063,1.63,0,-5400.240234375
100000000000000000000004,1,924125000,0,-49,6.21569015251262,0,0,0.580067993164063,1.63,0,-5400.240234375
100000000000000000000000,1,924125000,0,-47,0.306796157577129,0,0,0.580067993164063,1.63,0,-5400.240234375
100000000000000000000002,1,924125000,0,-40.5,1.67510702037112,0,0,0.580067993164063,1.63,0,-5400.240234375
100000000000000000000001,1,924125000,0,-44,6.20341830620953,0,0,0.580067993164063,1.63,0,-5400.240234375
100000000000000000000002,1,924125000,0,-40.5,1.67510702037112,0,0,0.580067993164063,1.63,0,-5400.240234375
100000000000000000000000,1,924125000,0,-47,0.325203927031755,0,0,0.580067993164063,1.63,0,-5400.240234375
100000000000000000000001,1,924125000,0,-44,6.20955422936108,0,0,0.580067993164063,1.63,0,-5400.240234375
100000000000000000000003,1,924125000,0,-42.5,3.80427235395639,0,0,0.580067993164063,1.63,0,-5400.240234375
100000000000000000000004,1,924125000,0,-49,6.20955422936108,0,0,0.580067993164063,1.63,0,-5400.240234375
100000000000000000000001,1,924125000,0,-44,6.20955422936108,0,0,0.580067993164063,1.63,0,-5400.240234375
100000000000000000000003,1,924125000,0,-42.5,3.78586458450176,0,0,0.580067993164063,1.63,0,-5400.240234375
100000000000000000000002,1,924125000,0,-40.5,1.68124294352266,0,0,0.580067993164063,1.63,0,-5400.240234375
100000000000000000000004,1,924125000,0,-49,6.21569015251262,0,0,0.580067993164063,1.63,0,-5400.240234375
100000000000000000000000,1,924125000,0,-47,0.312932080728671,0,0,0.580067993164063,1.63,0,-5400.240234375
100000000000000000000003,1,924125000,0,-42.5,3.81040827710793,0,0,0.580067993164063,1.63,0,-5400.240234375
100000000000000000000001,1,924125000,0,-44,6.20955422936108,0,0,0.580067993164063,1.63,0,-5400.240234375
100000000000000000000000,1,924125000,0,-47,0.325203927031755,0,0,0.580067993164063,1.63,0,-5400.240234375
100000000000000000000002,1,924125000,0,-40.5,1.69351478982575,0,0,0.580067993164063,1.63,0,-5400.240234375
100000000000000000000004,1,924125000,0,-49,6.23409792196725,0,0,0.580067993164063,1.63,0,-5400.240234375
100000000000000000000002,1,924125000,0,-40.5,1.67510702037112,0,0,0.580067993164063,1.63,0,-5400.240234375
100000000000000000000000,1,924125000,0,-47,0.331339850183299,0,0,0.580067993164063,1.63,0,-5400.240234375
100000000000000000000003,1,924125000,0,-42.5,3.78586458450176,0,0,0.580067993164063,1.63,0,-5400.240234375
100000000000000000000004,1,924125000,0,-49,6.22182607566416,0,0,0.580067993164063,1.63,0,-5400.240234375
100000000000000000000001,1,924125000,0,-44,6.20955422936108,0,0,0.580067993164063,1.63,0,-5400.240234375
100000000000000000000001,1,924125000,0,-44,6.21569015251262,0,0,0.580067993164063,1.63,0,-5400.240234375
100000000000000000000003,1,924125000,0,-42.5,3.79813643080485,0,0,0.580067993164063,1.63,0,-5400.240234375
100000000000000000000004,1,924125000,0,-49,6.21569015251262,0,0,0.580067993164063,1.63,0,-5400.240234375
100000000000000000000002,1,924125000,0,-40.5,1.69965071297729,0,0,0.580067993164063,1.63,0,-5400.240234375
100000000000000000000000,1,924125000,0,-47.5,0.312932080728671,0,0,0.580067993164063,1.63,0,-5400.240234375
100000000000000000000004,1,924125000,0,-49,6.21569015251262,0,0,0.580067993164063,1.63,0,-5400.240234375
100000000000000000000000,1,924125000,0,-47,0.312932080728671,0,0,0.580067993164063,1.63,0,-5400.240234375
100000000000000000000001,1,924125000,0,-44,6.19114645990645,0,0,0.580067993164063,1.63,0,-5400.240234375
100000000000000000000003,1,924125000,0,-42.5,3.78586458450176,0,0,0.580067993164063,1.63,0,-5400.240234375
100000000000000000000002,1,924125000,0,-40.5,1.70578663612883,0,0,0.580067993164063,1.63,0,-5400.240234375
100000000000000000000003,1,924125000,0,-42.5,3.78586458450176,0,0,0.580067993164063,1.63,0,-5400.240234375
100000000000000000000004,1,924125000,0,-49,6.23409792196725,0,0,0.580067993164063,1.63,0,-5400.240234375
100000000000000000000000,1,924125000,0,-47,0.306796157577129,0,0,0.580067993164063,1.63,0,-5400.240234375
100000000000000000000001,1,924125000,0,-44,6.19728238305799,0,0,0.580067993164063,1.63,0,-5400.240234375
100000000000000000000002,1,924125000,0,-40.5,1.67510702037112,0,0,0.580067993164063,1.63,0,-5400.240234375
100000000000000000000000,1,924125000,0,-47,0.312932080728671,0,0,0.580067993164063,1.63,0,-5400.240234375
100000000000000000000001,1,924125000,0,-44,6.19728238305799,0,0,0.580067993164063,1.63,0,-5400.240234375
100000000000000000000002,1,924125000,0,-40.5,1.70578663612883,0,0,0.580067993164063,1.63,0,-5400.240234375
100000000000000000000004,1,924125000,0,-49,6.2279619988157,0,0,0.580067993164063,1.63,0,-5400.240234375
100000000000000000000003,1,924125000,0,-42.5,3.77359273819868,0,0,0.580067993164063,1.63,0,-5400.240234375
100000000000000000000003,1,924125000,0,-42.5,3.77359273819868,0,0,0.580067993164063,1.63,0,-5400.240234375
100000000000000000000000,1,924125000,0,-47,0.306796157577129,0,0,0.580067993164063,1.63,0,-5400.240234375
100000000000000000000002,1,924125000,0,-40.5,1.69965071297729,0,0,0.580067993164063,1.63,0,-5400.240234375
100000000000000000000001,1,924125000,0,-44,6.19728238305799,0,0,0.580067993164063,1.63,0,-5400.240234375
100000000000000000000004,1,924125000,0,-49,6.20341830620953,0,0,0.580067993164063,1.63,0,-5400.240234375
100000000000000000000001,1,924125000,0,-44,6.21569015251262,0,0,0.580067993164063,1.63,0,-5400.240234375
100000000000000000000000,1,924125000,0,-47.5,0.337475773334841,0,0,0.580067993164063,1.63,0,-5400.240234375
100000000000000000000002,1,924125000,0,-40.5,1.69351478982575,0,0,0.580067993164063,1.63,0,-5400.240234375
100000000000000000000003,1,924125000,0,-42.5,3.77972866135022,0,0,0.580067993164063,1.63,0,-5400.240234375
100000000000000000000004,1,924125000,0,-49,6.24023384511879,0,0,0.580067993164063,1.63,0,-5400.240234375
100000000000000000000003,1,924125000,0,-42.5,3.78586458450176,0,0,0.580067993164063,1.63,0,-5400.240234375
100000000000000000000000,1,924125000,0,-47,0.331339850183299,0,0,0.580067993164063,1.63,0,-5400.240234375
100000000000000000000002,1,924125000,0,-40.5,1.69965071297729,0,0,0.580067993164063,1.63,0,-5400.240234375
100000000000000000000001,1,924125000,0,-44,6.21569015251262,0,0,0.580067993164063,1.63,0,-5400.240234375
100000000000000000000004,1,924125000,0,-49,6.21569015251262,0,0,0.580067993164063,1.63,0,-5400.240234375
100000000000000000000003,1,924125000,0,-42.5,3.77359273819868,0,0,0.580067993164063,1.63,0,-5400.240234375
100000000000000000000001,1,924125000,0,-44,6.19728238305799,0,0,0.580067993164063,1.63,0,-5400.240234375
100000000000000000000002,1,924125000,0,-40.5,1.68124294352266,0,0,0.580067993164063,1.63,0,-5400.240234375
100000000000000000000004,1,924125000,0,-49,6.22182607566416,0,0,0.580067993164063,1.63,0,-5400.240234375
100000000000000000000000,1,924125000,0,-47.5,0.325203927031755,0,0,0.580067993164063,1.63,0,-5400.240234375
100000000000000000000002,1,924125000,0,-40.5,1.68737886667421,0,0,0.580067993164063,1.63,0,-5400.240234375
100000000000000000000004,1,924125000,0,-49,6.2279619988157,0,0,0.580067993164063,1.63,0,-5400.240234375
100000000000000000000000,1,924125000,0,-47,0.319068003880213,0,0,0.580067993164063,1.63,0,-5400.240234375
100000000000000000000003,1,924125000,0,-42.5,3.77972866135022,0,0,0.580067993164063,1.63,0,-5400.240234375
100000000000000000000001,1,924125000,0,-44,6.21569015251262,0,0,0.580067993164063,1.63,0,-5400.240234375
100000000000000000000001,1,924125000,0,-44,6.20341830620953,0,0,0.580067993164063,1.63,0,-5400.240234375
100000000000000000000003,1,924125000,0,-42.5,3.79813643080485,0,0,0.580067993164063,1.63,0,-5400.240234375
100000000000000000000002,1,924125000,0,-40.5,1.68737886667421,0,0,0.580067993164063,1.63,0,-5400.240234375
100000000000000000000000,1,924125000,0,-47,0.306796157577129,0,0,0.580067993164063,1.63,0,-5400.240234375
100000000000000000000004,1,924125000,0,-49,6.19728238305799,0,0,0.580067993164063,1.63,0,-5400.240234375
100000000000000000000000,1,924125000,0,-47,0.325203927031755,0,0,0.580067993164063,1.63,0,-5400.240234375
100000000000000000000001,1,924125000,0,-44,6.20341830620953,0,0,0.580067993164063,1.63,0,-5400.240234375
100000000000000000000002,1,924125000,0,-40.5,1.69965071297729,0,0,0.580067993164063,1.63,0,-5400.240234375
100000000000000000000003,1,924125000,0,-42,3.77972866135022,0,0,0.580067993164063,1.63,0,-5400.240234375
100000000000000000000004,1,924125000,0,-49,6.22182607566416,0,0,0.580067993164063,1.63,0,-5400.240234375
100000000000000000000004,1,924125000,0,-49,6.20955422936108,0,0,0.580067993164063,1.63,0,-5400.240234375
100000000000000000000001,1,924125000,0,-44,6.20955422936108,0,0,0.580067993164063,1.63,0,-5400.240234375
100000000000000000000000,1,924125000,0,-47,0.325203927031755,0,0,0.580067993164063,1.63,0,-5400.240234375
100000000000000000000002,1,924125000,0,-40.5,1.68737886667421,0,0,0.580067993164063,1.63,0,-5400.240234375
100000000000000000000003,1,924125000,0,-42.5,3.79200050765331,0,0,0.580067993164063,1.63,0,-5400.240234375
100000000000000000000004,1,924125000,0,-49,6.22182607566416,0,0,0.580067993164063,1.63,0,-5400.240234375
100000000000000000000001,1,924125000,0,-44,6.20341830620953,0,0,0.580067993164063,1.63,0,-5400.240234375
100000000000000000000003,1,924125000,0,-42.5,3.80427235395639,0,0,0.580067993164063,1.63,0,-5400.240234375
100000000000000000000002,1,924125000,0,-40.5,1.66897109721958,0,0,0.580067993164063,1.63,0,-5400.240234375
100000000000000000000000,1,924125000,0,-47,0.294524311274043,0,0,0.580067993164063,1.63,0,-5400.240234375
100000000000000000000000,1,924125000,0,-47,0.337475773334841,0,0,0.580067993164063,1.63,0,-5400.240234375
100000000000000000000004,1,924125000,0,-49,6.23409792196725,0,0,0.580067993164063,1.63,0,-5400.240234375
100000000000000000000002,1,924125000,0,-40.5,1.70578663612883,0,0,0.580067993164063,1.63,0,-5400.240234375
100000000000000000000003,1,924125000,0,-42.5,3.78586458450176,0,0,0.580067993164063,1.63,0,-5400.240234375
100000000000000000000001,1,924125000,0,-44,6.20955422936108,0,0,0.580067993164063,1.63,0,-5400.240234375
100000000000000000000000,1,924125000,0,-47,0.306796157577129,0,0,0.580067993164063,1.63,0,-5400.240234375
100000000000000000000003,1,924125000,0,-42.5,3.77359273819868,0,0,0.580067993164063,1.63,0,-5400.240234375
100000000000000000000004,1,924125000,0,-49,6.22182607566416,0,0,0.580067993164063,1.63,0,-5400.240234375
100000000000000000000002,1,924125000,0,-40.5,1.68737886667421,0,0,0.580067993164063,1.63,0,-5400.240234375
100000000000000000000001,1,924125000,0,-44,6.19728238305799,0,0,0.580067993164063,1.63,0,-5400.240234375
100000000000000000000001,1,924125000,0,-44,6.20341830620953,0,0,0.580067993164063,1.63,0,-5400.240234375
100000000000000000000002,1,924125000,0,-40.5,1.68124294352266,0,0,0.580067993164063,1.63,0,-5400.240234375
100000000000000000000003,1,924125000,0,-42.5,3.79813643080485,0,0,0.580067993164063,1.63,0,-5400.240234375
100000000000000000000000,1,924125000,0,-47,0.312932080728671,0,0,0.580067993164063,1.63,0,-5400.240234375
100000000000000000000004,1,924125000,0,-49.5,6.24023384511879,0,0,0.580067993164063,1.63,0,-5400.240234375
100000000000000000000003,1,924125000,0,-42.5,3.77972866135022,0,0,0.580067993164063,1.63,0,-5400.240234375
100000000000000000000002,1,924125000,0,-40.5,1.68124294352266,0,0,0.580067993164063,1.63,0,-5400.240234375
100000000000000000000004,1,924125000,0,-49,6.2279619988157,0,0,0.580067993164063,1.63,0,-5400.240234375
100000000000000000000001,1,924125000,0,-44,6.19728238305799,0,0,0.580067993164063,1.63,0,-5400.240234375
100000000000000000000000,1,924125000,0,-47,0.319068003880213,0,0,0.580067993164063,1.63,0,-5400.240234375
100000000000000000000000,1,924125000,0,-47,0.294524311274043,0,0,0.580067993164063,1.63,0,-5400.240234375
100000000000000000000004,1,924125000,0,-49,6.2279619988157,0,0,0.580067993164063,1.63,0,-5400.240234375
100000000000000000000003,1,924125000,0,-42.5,3.78586458450176,0,0,0.580067993164063,1.63,0,-5400.240234375
100000000000000000000002,1,924125000,0,-40.5,1.68737886667421,0,0,0.580067993164063,1.63,0,-5400.240234375
100000000000000000000001,1,924125000,0,-44,6.19728238305799,0,0,0.580067993164063,1.63,0,-5400.240234375
100000000000000000000000,1,924125000,0,-47,0.319068003880213,0,0,0.580067993164063,1.63,0,-5400.240234375
100000000000000000000001,1,924125000,0,-44,6.19728238305799,0,0,0.580067993164063,1.63,0,-5400.240234375
100000000000000000000003,1,924125000,0,-42.5,3.78586458450176,0,0,0.580067993164063,1.63,0,-5400.240234375
100000000000000000000002,1,924125000,0,-40.5,1.69351478982575,0,0,0.580067993164063,1.63,0,-5400.240234375
100000000000000000000004,1,924125000,0,-49,6.2279619988157,0,0,0.580067993164063,1.63,0,-5400.240234375
100000000000000000000000,1,924125000,0,-47,0.312932080728671,0,0,0.580067993164063,1.63,0,-5400.240234375
100000000000000000000004,1,924125000,0,-49,6.2279619988157,0,0,0.580067993164063,1.63,0,-5400.240234375
100000000000000000000003,1,924125000,0,-42.5,3.76745681504713,0,0,0.580067993164063,1.63,0,-5400.240234375
100000000000000000000002,1,924125000,0,-40.5,1.67510702037112,0,0,0.580067993164063,1.63,0,-5400.240234375
100000000000000000000001,1,924125000,0,-44,6.20341830620953,0,0,0.580067993164063,1.63,0,-5400.240234375
100000000000000000000003,1,924125000,0,-42.5,3.77359273819868,0,0,0.580067993164063,1.63,0,-5400.240234375
100000000000000000000000,1,924125000,0,-47,0.306796157577129,0,0,0.580067993164063,1.63,0,-5400.240234375
100000000000000000000004,1,924125000,0,-49,6.19114645990645,0,0,0.580067993164063,1.63,0,-5400.240234375
100000000000000000000001,1,924125000,0,-44,6.19728238305799,0,0,0.580067993164063,1.63,0,-5400.240234375
100000000000000000000002,1,924125000,0,-40.5,1.69351478982575,0,0,0.580067993164063,1.63,0,-5400.240234375
100000000000000000000000,1,924125000,0,-47,0.319068003880213,0,0,0.580067993164063,1.63,0,-5400.240234375
100000000000000000000001,1,924125000,0,-44,6.19728238305799,0,0,0.580067993164063,1.63,0,-5400.240234375
100000000000000000000004,1,924125000,0,-49,6.23409792196725,0,0,0.580067993164063,1.63,0,-5400.240234375
100000000000000000000003,1,924125000,0,-42.5,3.77972866135022,0,0,0.580067993164063,1.63,0,-5400.240234375
100000000000000000000002,1,924125000,0,-40.5,1.69965071297729,0,0,0.580067993164063,1.63,0,-5400.240234375
100000000000000000000000,1,924125000,0,-47,0.325203927031755,0,0,0.580067993164063,1.63,0,-5400.240234375
100000000000000000000004,1,924125000,0,-49,6.21569015251262,0,0,0.580067993164063,1.63,0,-5400.240234375
100000000000000000000001,1,924125000,0,-44,6.21569015251262,0,0,0.580067993164063,1.63,0,-5400.240234375
100000000000000000000003,1,924125000,0,-42.5,3.80427235395639,0,0,0.580067993164063,1.63,0,-5400.240234375
100000000000000000000002,1,924125000,0,-40.5,1.69351478982575,0,0,0.580067993164063,1.63,0,-5400.240234375
100000000000000000000004,1,924125000,0,-49,6.24023384511879,0,0,0.580067993164063,1.63,0,-5400.240234375
100000000000000000000003,1,924125000,0,-42.5,3.79813643080485,0,0,0.580067993164063,1.63,0,-5400.240234375
100000000000000000000000,1,924125000,0,-47,0.306796157577129,0,0,0.580067993164063,1.63,0,-5400.240234375
100000000000000000000002,1,924125000,0,-40.5,1.68124294352266,0,0,0.580067993164063,1.63,0,-5400.240234375
100000000000000000000001,1,924125000,0,-44,6.19728238305799,0,0,0.580067993164063,1.63,0,-5400.240234375
100000000000000000000002,1,924125000,0,-40.5,1.66897109721958,0,0,0.580067993164063,1.63,0,-5400.240234375
100000000000000000000000,1,924125000,0,-47,0.300660234425585,0,0,0.580067993164063,1.63,0,-5400.240234375
100000000000000000000004,1,924125000,0,-49,6.22182607566416,0,0,0.580067993164063,1.63,0,-5400.240234375
100000000000000000000003,1,924125000,0,-42.5,3.76745681504713,0,0,0.580067993164063,1.63,0,-5400.240234375
100000000000000000000001,1,924125000,0,-44,6.19728238305799,0,0,0.580067993164063,1.63,0,-5400.240234375
100000000000000000000003,1,924125000,0,-42.5,3.79813643080485,0,0,0.580067993164063,1.63,0,-5400.240234375
100000000000000000000004,1,924125000,0,-49,6.2279619988157,0,0,0.580067993164063,1.63,0,-5400.240234375
100000000000000000000001,1,924125000,0,-44,6.19114645990645,0,0,0.580067993164063,1.63,0,-5400.240234375
100000000000000000000002,1,924125000,0,-40.5,1.68124294352266,0,0,0.580067993164063,1.63,0,-5400.240234375
100000000000000000000000,1,924125000,0,-47,0.306796157577129,0,0,0.580067993164063,1.63,0,-5400.240234375
100000000000000000000001,1,924125000,0,-44,6.21569015251262,0,0,0.580067993164063,1.63,0,-5400.240234375
100000000000000000000000,1,924125000,0,-47,0.294524311274043,0,0,0.580067993164063,1.63,0,-5400.240234375
100000000000000000000003,1,924125000,0,-42.5,3.77972866135022,0,0,0.580067993164063,1.63,0,-5400.240234375
100000000000000000000002,1,924125000,0,-40.5,1.68737886667421,0,0,0.580067993164063,1.63,0,-5400.240234375
100000000000000000000004,1,924125000,0,-49,6.22182607566416,0,0,0.580067993164063,1.63,0,-5400.240234375
100000000000000000000002,1,924125000,0,-40.5,1.68737886667421,0,0,0.580067993164063,1.63,0,-5400.240234375
100000000000000000000004,1,924125000,0,-49,6.20955422936108,0,0,0.580067993164063,1.63,0,-5400.240234375
100000000000000000000001,1,924125000,0,-44,6.20955422936108,0,0,0.580067993164063,1.63,0,-5400.240234375
100000000000000000000003,1,924125000,0,-42.5,3.79813643080485,0,0,0.580067993164063,1.63,0,-5400.240234375
100000000000000000000000,1,924125000,0,-47,0.288388388122501,0,0,0.580067993164063,1.63,0,-5400.240234375
100000000000000000000000,1,924125000,0,-47,0.306796157577129,0,0,0.580067993164063,1.63,0,-5400.240234375
100000000000000000000004,1,924125000,0,-49,6.2279619988157,0,0,0.580067993164063,1.63,0,-5400.240234375
100000000000000000000002,1,924125000,0,-40.5,1.67510702037112,0,0,0.580067993164063,1.63,0,-5400.240234375
100000000000000000000003,1,924125000,0,-42.5,3.78586458450176,0,0,0.580067993164063,1.63,0,-5400.240234375
100000000000000000000001,1,924125000,0,-44,6.19728238305799,0,0,0.580067993164063,1.63,0,-5400.240234375
100000000000000000000004,1,924125000,0,-49,6.24023384511879,0,0,0.580067993164063,1.63,0,-5400.240234375
100000000000000000000000,1,924125000,0,-47,0.276116541819415,0,0,0.580067993164063,1.63,0,-5400.240234375
100000000000000000000001,1,924125000,0,-44,6.19728238305799,0,0,0.580067993164063,1.63,0,-5400.240234375
100000000000000000000002,1,924125000,0,-40.5,1.66897109721958,0,0,0.580067993164063,1.63,0,-5400.240234375
100000000000000000000003,1,924125000,0,-42.5,3.78586458450176,0,0,0.580067993164063,1.63,0,-5400.240234375
100000000000000000000002,1,924125000,0,-40.5,1.68737886667421,0,0,0.580067993164063,1.63,0,-5400.240234375
100000000000000000000003,1,924125000,0,-42.5,3.78586458450176,0,0,0.580067993164063,1.63,0,-5400.240234375
100000000000000000000004,1,924125000,0,-49,6.2279619988157,0,0,0.580067993164063,1.63,0,-5400.240234375
100000000000000000000001,1,924125000,0,-44,6.19728238305799,0,0,0.580067993164063,1.63,0,-5400.240234375
100000000000000000000000,1,924125000,0,-47,0.300660234425585,0,0,0.580067993164063,1.63,0,-5400.240234375
100000000000000000000000,1,924125000,0,-47,0.312932080728671,0,0,0.580067993164063,1.63,0,-5400.240234375
100000000000000000000002,1,924125000,0,-40.5,1.67510702037112,0,0,0.580067993164063,1.63,0,-5400.240234375
100000000000000000000001,1,924125000,0,-44,6.20341830620953,0,0,0.580067993164063,1.63,0,-5400.240234375
100000000000000000000004,1,924125000,0,-49,6.22182607566416,0,0,0.580067993164063,1.63,0,-5400.240234375
100000000000000000000003,1,924125000,0,-42.5,3.79813643080485,0,0,0.580067993164063,1.63,0,-5400.240234375
100000000000000000000000,1,924125000,0,-47,0.294524311274043,0,0,0.580067993164063,1.63,0,-5400.240234375
100000000000000000000002,1,924125000,0,-40.5,1.68737886667421,0,0,0.580067993164063,1.63,0,-5400.240234375
100000000000000000000003,1,924125000,0,-42.5,3.79200050765331,0,0,0.580067993164063,1.63,0,-5400.240234375
100000000000000000000004,1,924125000,0,-49,6.23409792196725,0,0,0.580067993164063,1.63,0,-5400.240234375
100000000000000000000001,1,924125000,0,-44,6.20341830620953,0,0,0.580067993164063,1.63,0,-5400.240234375
100000000000000000000004,1,924125000,0,-49,6.2279619988157,0,0,0.580067993164063,1.63,0,-5400.240234375
100000000000000000000003,1,924125000,0,-42.5,3.77359273819868,0,0,0.580067993164063,1.63,0,-5400.240234375
100000000000000000000000,1,924125000,0,-47.5,0.306796157577129,0,0,0.580067993164063,1.63,0,-5400.240234375
100000000000000000000002,1,924125000,0,-40.5,1.70578663612883,0,0,0.580067993164063,1.63,0,-5400.240234375
100000000000000000000001,1,924125000,0,-44,6.21569015251262,0,0,0.580067993164063,1.63,0,-5400.240234375
100000000000000000000003,1,924125000,0,-42.5,3.80427235395639,0,0,0.580067993164063,1.63,0,-5400.240234375
100000000000000000000000,1,924125000,0,-47.5,0.312932080728671,0,0,0.580067993164063,1.63,0,-5400.240234375
100000000000000000000004,1,924125000,0,-49,6.21569015251262,0,0,0.580067993164063,1.63,0,-5400.240234375
100000000000000000000002,1,924125000,0,-40.5,1.65669925091649,0,0,0.580067993164063,1.63,0,-5400.240234375
100000000000000000000001,1,924125000,0,-44,6.19114645990645,0,0,0.580067993164063,1.63,0,-5400.240234375
100000000000000000000000,1,924125000,0,-47.5,0.337475773334841,0,0,0.580067993164063,1.63,0,-5400.240234375
100000000000000000000004,1,924125000,0,-49,6.21569015251262,0,0,0.580067993164063,1.63,0,-5400.240234375
100000000000000000000001,1,924125000,0,-44,6.21569015251262,0,0,0.580067993164063,1.63,0,-5400.240234375
100000000000000000000002,1,924125000,0,-40.5,1.68737886667421,0,0,0.580067993164063,1.63,0,-5400.240234375
100000000000000000000003,1,924125000,0,-42.5,3.79200050765331,0,0,0.580067993164063,1.63,0,-5400.240234375
100000000000000000000004,1,924125000,0,-49,6.20955422936108,0,0,0.580067993164063,1.63,0,-5400.240234375
100000000000000000000003,1,924125000,0,-42.5,3.79200050765331,0,0,0.580067993164063,1.63,0,-5400.240234375
100000000000000000000001,1,924125000,0,-44,6.19114645990645,0,0,0.580067993164063,1.63,0,-5400.240234375
100000000000000000000000,1,924125000,0,-47,0.306796157577129,0,0,0.580067993164063,1.63,0,-5400.240234375
100000000000000000000002,1,924125000,0,-40.5,1.71192255928038,0,0,0.580067993164063,1.63,0,-5400.240234375
100000000000000000000000,1,924125000,0,-47.5,0.300660234425585,0,0,0.580067993164063,1.63,0,-5400.240234375
100000000000000000000001,1,924125000,0,-44,6.20955422936108,0,0,0.580067993164063,1.63,0,-5400.240234375
100000000000000000000002,1,924125000,0,-40.5,1.67510702037112,0,0,0.580067993164063,1.63,0,-5400.240234375
100000000000000000000003,1,924125000,0,-42.5,3.79200050765331,0,0,0.580067993164063,1.63,0,-5400.240234375
100000000000000000000004,1,924125000,0,-49,6.21569015251262,0,0,0.580067993164063,1.63,0,-5400.240234375
100000000000000000000000,1,924125000,0,-47,0.300660234425585,0,0,0.580067993164063,1.63,0,-5400.240234375
100000000000000000000004,1,924125000,0,-49,6.2279619988157,0,0,0.580067993164063,1.63,0,-5400.240234375
100000000000000000000001,1,924125000,0,-44,6.22182607566416,0,0,0.580067993164063,1.63,0,-5400.240234375
100000000000000000000002,1,924125000,0,-40.5,1.67510702037112,0,0,0.580067993164063,1.63,0,-5400.240234375
100000000000000000000003,1,924125000,0,-42.5,3.79200050765331,0,0,0.580067993164063,1.63,0,-5400.240234375
100000000000000000000000,1,924125000,0,-47,0.294524311274043,0,0,0.580067993164063,1.63,0,-5400.240234375
100000000000000000000001,1,924125000,0,-44,6.20955422936108,0,0,0.580067993164063,1.63,0,-5400.240234375
100000000000000000000003,1,924125000,0,-42.5,3.79200050765331,0,0,0.580067993164063,1.63,0,-5400.240234375
100000000000000000000002,1,924125000,0,-40.5,1.68737886667421,0,0,0.580067993164063,1.63,0,-5400.240234375
100000000000000000000004,1,924125000,0,-49,6.22182607566416,0,0,0.580067993164063,1.63,0,-5400.240234375
100000000000000000000000,1,924125000,0,-47,0.306796157577129,0,0,0.580067993164063,1.63,0,-5400.240234375
100000000000000000000001,1,924125000,0,-44,6.20341830620953,0,0,0.580067993164063,1.63,0,-5400.240234375
100000000000000000000003,1,924125000,0,-42.5,3.78586458450176,0,0,0.580067993164063,1.63,0,-5400.240234375
100000000000000000000004,1,924125000,0,-49.5,6.22182607566416,0,0,0.580067993164063,1.63,0,-5400.240234375
100000000000000000000002,1,924125000,0,-40.5,1.68737886667421,0,0,0.580067993164063,1.63,0,-5400.240234375
100000000000000000000001,1,924125000,0,-44,6.21569015251262,0,0,0.580067993164063,1.63,0,-5400.240234375
100000000000000000000002,1,924125000,0,-40.5,1.69351478982575,0,0,0.580067993164063,1.63,0,-5400.240234375
100000000000000000000004,1,924125000,0,-49,6.22182607566416,0,0,0.580067993164063,1.63,0,-5400.240234375
100000000000000000000003,1,924125000,0,-42.5,3.78586458450176,0,0,0.580067993164063,1.63,0,-5400.240234375
100000000000000000000000,1,924125000,0,-47.5,0.294524311274043,0,0,0.580067993164063,1.63,0,-5400.240234375
100000000000000000000000,1,924125000,0,-47.5,0.319068003880213,0,0,0.580067993164063,1.63,0,-5400.240234375
100000000000000000000004,1,924125000,0,-49,6.21569015251262,0,0,0.580067993164063,1.63,0,-5400.240234375
100000000000000000000002,1,924125000,0,-40.5,1.68737886667421,0,0,0.580067993164063,1.63,0,-5400.240234375
100000000000000000000001,1,924125000,0,-44,6.20955422936108,0,0,0.580067993164063,1.63,0,-5400.240234375
100000000000000000000003,1,924125000,0,-42.5,3.79813643080485,0,0,0.580067993164063,1.63,0,-5400.240234375
100000000000000000000001,1,924125000,0,-44,6.20955422936108,0,0,0.580067993164063,1.63,0,-5400.240234375
100000000000000000000000,1,924125000,0,-47,0.319068003880213,0,0,0.580067993164063,1.63,0,-5400.240234375
100000000000000000000004,1,924125000,0,-49,6.20341830620953,0,0,0.580067993164063,1.63,0,-5400.240234375
100000000000000000000003,1,924125000,0,-42.5,3.78586458450176,0,0,0.580067993164063,1.63,0,-5400.240234375
100000000000000000000002,1,924125000,0,-40.5,1.66897109721958,0,0,0.580067993164063,1.63,0,-5400.240234375
100000000000000000000002,1,924125000,0,-40.5,1.68737886667421,0,0,0.580067993164063,1.63,0,-5400.240234375
100000000000000000000004,1,924125000,0,-49,6.22182607566416,0,0,0.580067993164063,1.63,0,-5400.240234375
100000000000000000000001,1,924125000,0,-44,6.19114645990645,0,0,0.580067993164063,1.63,0,-5400.240234375
100000000000000000000003,1,924125000,0,-42.5,3.78586458450176,0,0,0.580067993164063,1.63,0,-5400.240234375
100000000000000000000000,1,924125000,0,-47,0.306796157577129,0,0,0.580067993164063,1.63,0,-5400.240234375
100000000000000000000001,1,924125000,0,-44,6.21569015251262,0,0,0.580067993164063,1.63,0,-5400.240234375
100000000000000000000000,1,924125000,0,-47.5,0.319068003880213,0,0,0.580067993164063,1.63,0,-5400.240234375
100000000000000000000003,1,924125000,0,-42,3.80427235395639,0,0,0.580067993164063,1.63,0,-5400.240234375
100000000000000000000002,1,924125000,0,-40.5,1.67510702037112,0,0,0.580067993164063,1.63,0,-5400.240234375
100000000000000000000004,1,924125000,0,-49,6.19728238305799,0,0,0.580067993164063,1.63,0,-5400.240234375
100000000000000000000003,1,924125000,0,-42.5,3.78586458450176,0,0,0.580067993164063,1.63,0,-5400.240234375
100000000000000000000002,1,924125000,0,-40.5,1.69351478982575,0,0,0.580067993164063,1.63,0,-5400.240234375
100000000000000000000004,1,924125000,0,-49,6.20341830620953,0,0,0.580067993164063,1.63,0,-5400.240234375
100000000000000000000001,1,924125000,0,-44,6.20341830620953,0,0,0.580067993164063,1.63,0,-5400.240234375
100000000000000000000000,1,924125000,0,-47,0.306796157577129,0,0,0.580067993164063,1.63,0,-5400.240234375
100000000000000000000001,1,924125000,0,-44,6.19728238305799,0,0,0.580067993164063,1.63,0,-5400.240234375
100000000000000000000002,1,924125000,0,-40.5,1.68124294352266,0,0,0.580067993164063,1.63,0,-5400.240234375
100000000000000000000004,1,924125000,0,-49,6.22182607566416,0,0,0.580067993164063,1.63,0,-5400.240234375
100000000000000000000003,1,924125000,0,-42.5,3.79200050765331,0,0,0.580067993164063,1.63,0,-5400.240234375
100000000000000000000000,1,924125000,0,-47.5,0.325203927031755,0,0,0.580067993164063,1.63,0,-5400.240234375
100000000000000000000004,1,924125000,0,-49,6.2279619988157,0,0,0.580067993164063,1.63,0,-5400.240234375
100000000000000000000002,1,924125000,0,-40.5,1.66283517406803,0,0,0.580067993164063,1.63,0,-5400.240234375
100000000000000000000003,1,924125000,0,-42.5,3.79200050765331,0,0,0.580067993164063,1.63,0,-5400.240234375
100000000000000000000000,1,924125000,0,-47,0.306796157577129,0,0,0.580067993164063,1.63,0,-5400.240234375
100000000000000000000001,1,924125000,0,-44,6.20341830620953,0,0,0.580067993164063,1.63,0,-5400.240234375
100000000000000000000000,1,924125000,0,-47.5,0.276116541819415,0,0,0.580067993164063,1.63,0,-5400.240234375
100000000000000000000001,1,924125000,0,-44,6.19728238305799,0,0,0.580067993164063,1.63,0,-5400.240234375
100000000000000000000002,1,924125000,0,-40.5,1.67510702037112,0,0,0.580067993164063,1.63,0,-5400.240234375
100000000000000000000003,1,924125000,0,-42.5,3.79200050765331,0,0,0.580067993164063,1.63,0,-5400.240234375
100000000000000000000004,1,924125000,0,-49,6.21569015251262,0,0,0.580067993164063,1.63,0,-5400.240234375
100000000000000000000000,1,924125000,0,-47,0.319068003880213,0,0,0.580067993164063,1.63,0,-5400.240234375
100000000000000000000002,1,924125000,0,-40.5,1.69965071297729,0,0,0.580067993164063,1.63,0,-5400.240234375
100000000000000000000003,1,924125000,0,-42.5,3.78586458450176,0,0,0.580067993164063,1.63,0,-5400.240234375
100000000000000000000004,1,924125000,0,-49,6.21569015251262,0,0,0.580067993164063,1.63,0,-5400.240234375
100000000000000000000001,1,924125000,0,-44,6.19728238305799,0,0,0.580067993164063,1.63,0,-5400.240234375
100000000000000000000004,1,924125000,0,-49,6.21569015251262,0,0,0.580067993164063,1.63,0,-5400.240234375
100000000000000000000001,1,924125000,0,-44,6.20955422936108,0,0,0.580067993164063,1.63,0,-5400.240234375
100000000000000000000000,1,924125000,0,-47.5,0.319068003880213,0,0,0.580067993164063,1.63,0,-5400.240234375
100000000000000000000003,1,924125000,0,-42.5,3.78586458450176,0,0,0.580067993164063,1.63,0,-5400.240234375
100000000000000000000002,1,924125000,0,-40.5,1.69965071297729,0,0,0.580067993164063,1.63,0,-5400.240234375
100000000000000000000002,1,924125000,0,-40.5,1.69351478982575,0,0,0.580067993164063,1.63,0,-5400.240234375
100000000000000000000000,1,924125000,0,-47,0.306796157577129,0,0,0.580067993164063,1.63,0,-5400.240234375
100000000000000000000001,1,924125000,0,-44,6.19114645990645,0,0,0.580067993164063,1.63,0,-5400.240234375
100000000000000000000003,1,924125000,0,-42.5,3.80427235395639,0,0,0.580067993164063,1.63,0,-5400.240234375
100000000000000000000004,1,924125000,0,-49,6.20955422936108,0,0,0.580067993164063,1.63,0,-5400.240234375
100000000000000000000004,1,924125000,0,-49,6.22182607566416,0,0,0.580067993164063,1.63,0,-5400.240234375
100000000000000000000003,1,924125000,0,-42.5,3.79200050765331,0,0,0.580067993164063,1.63,0,-5400.240234375
100000000000000000000002,1,924125000,0,-40.5,1.69965071297729,0,0,0.580067993164063,1.63,0,-5400.240234375
100000000000000000000000,1,924125000,0,-47,0.312932080728671,0,0,0.580067993164063,1.63,0,-5400.240234375
100000000000000000000001,1,924125000,0,-44,6.19728238305799,0,0,0.580067993164063,1.63,0,-5400.240234375
100000000000000000000003,1,924125000,0,-42.5,3.79200050765331,0,0,0.580067993164063,1.63,0,-5400.240234375
100000000000000000000001,1,924125000,0,-44,6.20341830620953,0,0,0.580067993164063,1.63,0,-5400.240234375
100000000000000000000002,1,924125000,0,-40.5,1.66897109721958,0,0,0.580067993164063,1.63,0,-5400.240234375
100000000000000000000000,1,924125000,0,-47,0.325203927031755,0,0,0.580067993164063,1.63,0,-5400.240234375
100000000000000000000004,1,924125000,0,-49,6.21569015251262,0,0,0.580067993164063,1.63,0,-5400.240234375
100000000000000000000004,1,924125000,0,-49,6.22182607566416,0,0,0.580067993164063,1.63,0,-5400.240234375
100000000000000000000002,1,924125000,0,-40.5,1.68737886667421,0,0,0.580067993164063,1.63,0,-5400.240234375
100000000000000000000001,1,924125000,0,-44,6.18501053675491,0,0,0.580067993164063,1.63,0,-5400.240234375
100000000000000000000003,1,924125000,0,-42.5,3.77972866135022,0,0,0.580067993164063,1.63,0,-5400.240234375
100000000000000000000000,1,924125000,0,-47,0.319068003880213,0,0,0.580067993164063,1.63,0,-5400.240234375
100000000000000000000002,1,924125000,0,-40.5,1.68737886667421,0,0,0.580067993164063,1.63,0,-5400.240234375
100000000000000000000004,1,924125000,0,-49,6.2279619988157,0,0,0.580067993164063,1.63,0,-5400.240234375
100000000000000000000001,1,924125000,0,-44,6.19728238305799,0,0,0.580067993164063,1.63,0,-5400.240234375
100000000000000000000003,1,924125000,0,-42.5,3.78586458450176,0,0,0.580067993164063,1.63,0,-5400.240234375
100000000000000000000000,1,924125000,0,-47,0.300660234425585,0,0,0.580067993164063,1.63,0,-5400.240234375
100000000000000000000004,1,924125000,0,-49,6.19728238305799,0,0,0.580067993164063,1.63,0,-5400.240234375
100000000000000000000002,1,924125000,0,-40.5,1.68737886667421,0,0,0.580067993164063,1.63,0,-5400.240234375
100000000000000000000003,1,924125000,0,-42.5,3.79200050765331,0,0,0.580067993164063,1.63,0,-5400.240234375
100000000000000000000001,1,924125000,0,-44,6.19728238305799,0,0,0.580067993164063,1.63,0,-5400.240234375
100000000000000000000000,1,924125000,0,-47.5,0.300660234425585,0,0,0.580067993164063,1.63,0,-5400.240234375
100000000000000000000003,1,924125000,0,-42.5,3.78586458450176,0,0,0.580067993164063,1.63,0,-5400.240234375
100000000000000000000001,1,924125000,0,-44,6.19728238305799,0,0,0.580067993164063,1.63,0,-5400.240234375
100000000000000000000004,1,924125000,0,-49,6.23409792196725,0,0,0.580067993164063,1.63,0,-5400.240234375
100000000000000000000002,1,924125000,0,-40.5,1.69351478982575,0,0,0.580067993164063,1.63,0,-5400.240234375
100000000000000000000000,1,924125000,0,-47.5,0.288388388122501,0,0,0.580067993164063,1.63,0,-5400.240234375
100000000000000000000000,1,924125000,0,-47.5,0.294524311274043,0,0,0.580067993164063,1.63,0,-5400.240234375
100000000000000000000002,1,924125000,0,-40.5,1.68737886667421,0,0,0.580067993164063,1.63,0,-5400.240234375
100000000000000000000001,1,924125000,0,-44,6.18501053675491,0,0,0.580067993164063,1.63,0,-5400.240234375
100000000000000000000003,1,924125000,0,-42.5,3.78586458450176,0,0,0.580067993164063,1.63,0,-5400.240234375
100000000000000000000004,1,924125000,0,-49,6.22182607566416,0,0,0.580067993164063,1.63,0,-5400.240234375
100000000000000000000003,1,924125000,0,-42.5,3.79200050765331,0,0,0.580067993164063,1.63,0,-5400.240234375
100000000000000000000000,1,924125000,0,-47,0.294524311274043,0,0,0.580067993164063,1.63,0,-5400.240234375
100000000000000000000001,1,924125000,0,-44,6.19728238305799,0,0,0.580067993164063,1.63,0,-5400.240234375
100000000000000000000002,1,924125000,0,-40.5,1.71192255928038,0,0,0.580067993164063,1.63,0,-5400.240234375
100000000000000000000004,1,924125000,0,-49,6.23409792196725,0,0,0.580067993164063,1.63,0,-5400.240234375
100000000000000000000004,1,924125000,0,-49,6.22182607566416,0,0,0.580067993164063,1.63,0,-5400.240234375
100000000000000000000003,1,924125000,0,-42.5,3.77972866135022,0,0,0.580067993164063,1.63,0,-5400.240234375
100000000000000000000002,1,924125000,0,-40.5,1.69965071297729,0,0,0.580067993164063,1.63,0,-5400.240234375
100000000000000000000001,1,924125000,0,-44,6.20341830620953,0,0,0.580067993164063,1.63,0,-5400.240234375
100000000000000000000000,1,924125000,0,-47,0.300660234425585,0,0,0.580067993164063,1.63,0,-5400.240234375
100000000000000000000004,1,924125000,0,-49,6.20955422936108,0,0,0.580067993164063,1.63,0,-5400.240234375
100000000000000000000001,1,924125000,0,-44,6.20955422936108,0,0,0.580067993164063,1.63,0,-5400.240234375
100000000000000000000000,1,924125000,0,-47,0.288388388122501,0,0,0.580067993164063,1.63,0,-5400.240234375
100000000000000000000002,1,924125000,0,-40.5,1.68737886667421,0,0,0.580067993164063,1.63,0,-5400.240234375
100000000000000000000003,1,924125000,0,-42.5,3.77972866135022,0,0,0.580067993164063,1.63,0,-5400.240234375
100000000000000000000000,1,924125000,0,-47,0.325203927031755,0,0,0.580067993164063,1.63,0,-5400.240234375
100000000000000000000004,1,924125000,0,-49,6.21569015251262,0,0,0.580067993164063,1.63,0,-5400.240234375
100000000000000000000003,1,924125000,0,-42.5,3.78586458450176,0,0,0.580067993164063,1.63,0,-5400.240234375
100000000000000000000001,1,924125000,0,-44,6.21569015251262,0,0,0.580067993164063,1.63,0,-5400.240234375
100000000000000000000002,1,924125000,0,-40.5,1.70578663612883,0,0,0.580067993164063,1.63,0,-5400.240234375
100000000000000000000002,1,924125000,0,-40.5,1.68124294352266,0,0,0.580067993164063,1.63,0,-5400.240234375
100000000000000000000000,1,924125000,0,-47,0.319068003880213,0,0,0.580067993164063,1.63,0,-5400.240234375
100000000000000000000001,1,924125000,0,-44,6.19728238305799,0,0,0.580067993164063,1.63,0,-5400.240234375
100000000000000000000003,1,924125000,0,-42.5,3.79813643080485,0,0,0.580067993164063,1.63,0,-5400.240234375
100000000000000000000004,1,924125000,0,-49,6.21569015251262,0,0,0.580067993164063,1.63,0,-5400.240234375
100000000000000000000000,1,924125000,0,-47,0.288388388122501,0,0,0.580067993164063,1.63,0,-5400.240234375
100000000000000000000003,1,924125000,0,-42.5,3.78586458450176,0,0,0.580067993164063,1.63,0,-5400.240234375
100000000000000000000001,1,924125000,0,-44,6.19728238305799,0,0,0.580067993164063,1.63,0,-5400.240234375
100000000000000000000004,1,924125000,0,-49,6.2279619988157,0,0,0.580067993164063,1.63,0,-5400.240234375
100000000000000000000002,1,924125000,0,-40.5,1.69351478982575,0,0,0.580067993164063,1.63,0,-5400.240234375
100000000000000000000002,1,924125000,0,-40.5,1.67510702037112,0,0,0.580067993164063,1.63,0,-5400.240234375
100000000000000000000001,1,924125000,0,-44,6.21569015251262,0,0,0.580067993164063,1.63,0,-5400.240234375
100000000000000000000003,1,924125000,0,-42.5,3.77972866135022,0,0,0.580067993164063,1.63,0,-5400.240234375
100000000000000000000000,1,924125000,0,-47,0.325203927031755,0,0,0.580067993164063,1.63,0,-5400.240234375
100000000000000000000004,1,924125000,0,-49,6.21569015251262,0,0,0.580067993164063,1.63,0,-5400.240234375
100000000000000000000001,1,920625000,0,-44.5,4.57739867105075,0,0,0.580067993164063,1.63,0,-5400.240234375
100000000000000000000003,1,920625000,0,-43,2.06780610206984,0,0,0.580067993164063,1.63,0,-5400.240234375
100000000000000000000004,1,920625000,0,-49.5,4.81669967396091,0,0,0.580067993164063,1.63,0,-5400.240234375
100000000000000000000000,1,920625000,0,-48,4.70625305723315,0,0,0.580067993164063,1.63,0,-5400.240234375
100000000000000000000002,1,920625000,0,-42,0.0490873852123404,0,0,0.580067993164063,1.63,0,-5400.240234375
100000000000000000000000,1,920625000,0,-48,4.71238898038469,0,0,0.580067993164063,1.63,0,-5400.240234375
100000000000000000000002,1,920625000,0,-42,0.0490873852123404,0,0,0.580067993164063,1.63,0,-5400.240234375
100000000000000000000001,1,920625000,0,-44.5,4.55899090159613,0,0,0.580067993164063,1.63,0,-5400.240234375
100000000000000000000003,1,920625000,0,-43,2.07394202522139,0,0,0.580067993164063,1.63,0,-5400.240234375
100000000000000000000004,1,920625000,0,-49.5,4.84737928971863,0,0,0.580067993164063,1.63,0,-5400.240234375
100000000000000000000002,1,920625000,0,-42,0.0490873852123404,0,0,0.580067993164063,1.63,0,-5400.240234375
100000000000000000000001,1,920625000,0,-44.5,4.57739867105075,0,0,0.580067993164063,1.63,0,-5400.240234375
100000000000000000000003,1,920625000,0,-43,2.0616701789183,0,0,0.580067993164063,1.63,0,-5400.240234375
100000000000000000000004,1,920625000,0,-49,4.84124336656708,0,0,0.580067993164063,1.63,0,-5400.240234375
100000000000000000000000,1,920625000,0,-48,4.73693267299086,0,0,0.580067993164063,1.63,0,-5400.240234375
100000000000000000000002,1,920625000,0,-42,0.0306796157577125,0,0,0.580067993164063,1.63,0,-5400.240234375
100000000000000000000001,1,920625000,0,-44.5,4.57739867105075,0,0,0.580067993164063,1.63,0,-5400.240234375
100000000000000000000003,1,920625000,0,-43,2.08621387152447,0,0,0.580067993164063,1.63,0,-5400.240234375
100000000000000000000000,1,920625000,0,-48,4.71852490353623,0,0,0.580067993164063,1.63,0,-5400.240234375
100000000000000000000004,1,920625000,0,-49.5,4.84737928971863,0,0,0.580067993164063,1.63,0,-5400.240234375
100000000000000000000003,1,920625000,0,-43,2.08621387152447,0,0,0.580067993164063,1.63,0,-5400.240234375
100000000000000000000002,1,920625000,0,-42,0.0490873852123404,0,0,0.580067993164063,1.63,0,-5400.240234375
100000000000000000000001,1,920625000,0,-44.5,4.5835345942023,0,0,0.580067993164063,1.63,0,-5400.240234375
100000000000000000000004,1,920625000,0,-49.5,4.8719229823248,0,0,0.580067993164063,1.63,0,-5400.240234375
100000000000000000000000,1,920625000,0,-48,4.72466082668777,0,0,0.580067993164063,1.63,0,-5400.240234375
100000000000000000000001,1,920625000,0,-44.5,4.58967051735384,0,0,0.580067993164063,1.63,0,-5400.240234375
100000000000000000000000,1,920625000,0,-48,4.71852490353623,0,0,0.580067993164063,1.63,0,-5400.240234375
100000000000000000000002,1,920625000,0,-42,0.0306796157577125,0,0,0.580067993164063,1.63,0,-5400.240234375
100000000000000000000003,1,920625000,0,-43,2.07394202522139,0,0,0.580067993164063,1.63,0,-5400.240234375
100000000000000000000004,1,920625000,0,-49.5,4.84737928971863,0,0,0.580067993164063,1.63,0,-5400.240234375
100000000000000000000000,1,920625000,0,-48,4.73079674983932,0,0,0.580067993164063,1.63,0,-5400.240234375
100000000000000000000002,1,920625000,0,-42,0.0552233083638827,0,0,0.580067993164063,1.63,0,-5400.240234375
100000000000000000000004,1,920625000,0,-49.5,4.84124336656708,0,0,0.580067993164063,1.63,0,-5400.240234375
100000000000000000000001,1,920625000,0,-44.5,4.57126274789921,0,0,0.580067993164063,1.63,0,-5400.240234375
100000000000000000000003,1,920625000,0,-43,2.0616701789183,0,0,0.580067993164063,1.63,0,-5400.240234375
100000000000000000000004,1,920625000,0,-49.5,4.828971520264,0,0,0.580067993164063,1.63,0,-5400.240234375
100000000000000000000002,1,920625000,0,-42,0.0613592315154259,0,0,0.580067993164063,1.63,0,-5400.240234375
100000000000000000000003,1,920625000,0,-43,2.07394202522139,0,0,0.580067993164063,1.63,0,-5400.240234375
100000000000000000000001,1,920625000,0,-44.5,4.57126274789921,0,0,0.580067993164063,1.63,0,-5400.240234375
100000000000000000000000,1,920625000,0,-48,4.71852490353623,0,0,0.580067993164063,1.63,0,-5400.240234375
100000000000000000000001,1,920625000,0,-44.5,4.56512682474767,0,0,0.580067993164063,1.63,0,-5400.240234375
100000000000000000000002,1,920625000,0,-42,0.042951462060798,0,0,0.580067993164063,1.63,0,-5400.240234375
100000000000000000000004,1,920625000,0,-49,4.80442782765783,0,0,0.580067993164063,1.63,0,-5400.240234375
100000000000000000000003,1,920625000,0,-43,2.04326240946367,0,0,0.580067993164063,1.63,0,-5400.240234375
100000000000000000000000,1,920625000,0,-48,4.72466082668777,0,0,0.580067993164063,1.63,0,-5400.240234375
100000000000000000000002,1,920625000,0,-42,0.0490873852123404,0,0,0.580067993164063,1.63,0,-5400.240234375
100000000000000000000001,1,920625000,0,-44.5,4.5835345942023,0,0,0.580067993164063,1.63,0,-5400.240234375
100000000000000000000000,1,920625000,0,-48,4.70625305723315,0,0,0.580067993164063,1.63,0,-5400.240234375
100000000000000000000003,1,920625000,0,-43,2.07394202522139,0,0,0.580067993164063,1.63,0,-5400.240234375
100000000000000000000004,1,920625000,0,-49,4.88419482862788,0,0,0.580067993164063,1.63,0,-5400.240234375
100000000000000000000002,1,920625000,0,-42,0.0552233083638827,0,0,0.580067993164063,1.63,0,-5400.240234375
100000000000000000000003,1,920625000,0,-43,2.0616701789183,0,0,0.580067993164063,1.63,0,-5400.240234375
100000000000000000000001,1,920625000,0,-44.5,4.57739867105075,0,0,0.580067993164063,1.63,0,-5400.240234375
100000000000000000000004,1,920625000,0,-49.5,4.8719229823248,0,0,0.580067993164063,1.63,0,-5400.240234375
100000000000000000000000,1,920625000,0,-48,4.70625305723315,0,0,0.580067993164063,1.63,0,-5400.240234375
100000000000000000000003,1,920625000,0,-43,2.09234979467601,0,0,0.580067993164063,1.63,0,-5400.240234375
100000000000000000000002,1,920625000,0,-42,0.0368155389092557,0,0,0.580067993164063,1.63,0,-5400.240234375
100000000000000000000004,1,920625000,0,-49.5,4.85351521287017,0,0,0.580067993164063,1.63,0,-5400.240234375
100000000000000000000001,1,920625000,0,-44.5,4.57739867105075,0,0,0.580067993164063,1.63,0,-5400.240234375
100000000000000000000000,1,920625000,0,-48,4.71238898038469,0,0,0.580067993164063,1.63,0,-5400.240234375
100000000000000000000001,1,920625000,0,-44.5,4.57126274789921,0,0,0.580067993164063,1.63,0,-5400.240234375
100000000000000000000002,1,920625000,0,-42,0.0552233083638827,0,0,0.580067993164063,1.63,0,-5400.240234375
100000000000000000000000,1,920625000,0,-48,4.70625305723315,0,0,0.580067993164063,1.63,0,-5400.240234375
100000000000000000000003,1,920625000,0,-43,2.0616701789183,0,0,0.580067993164063,1.63,0,-5400.240234375
100000000000000000000004,1,920625000,0,-49.5,4.828971520264,0,0,0.580067993164063,1.63,0,-5400.240234375
100000000000000000000000,1,920625000,0,-48,4.71238898038469,0,0,0.580067993164063,1.63,0,-5400.240234375
100000000000000000000002,1,920625000,0,-42,0.042951462060798,0,0,0.580067993164063,1.63,0,-5400.240234375
100000000000000000000003,1,920625000,0,-43,2.09234979467601,0,0,0.580067993164063,1.63,0,-5400.240234375
100000000000000000000001,1,920625000,0,-44.5,4.55899090159613,0,0,0.580067993164063,1.63,0,-5400.240234375
100000000000000000000004,1,920625000,0,-49.5,4.85965113602171,0,0,0.580067993164063,1.63,0,-5400.240234375
100000000000000000000002,1,920625000,0,-42,0.0306796157577125,0,0,0.580067993164063,1.63,0,-5400.240234375
100000000000000000000003,1,920625000,0,-43,2.06780610206984,0,0,0.580067993164063,1.63,0,-5400.240234375
100000000000000000000000,1,920625000,0,-48,4.71852490353623,0,0,0.580067993164063,1.63,0,-5400.240234375
100000000000000000000001,1,920625000,0,-44.5,4.57739867105075,0,0,0.580067993164063,1.63,0,-5400.240234375
100000000000000000000004,1,920625000,0,-49.5,4.85351521287017,0,0,0.580067993164063,1.63,0,-5400.240234375
100000000000000000000004,1,920625000,0,-49.5,4.85351521287017,0,0,0.580067993164063,1.63,0,-5400.240234375
100000000000000000000002,1,920625000,0,-42,0.0490873852123404,0,0,0.580067993164063,1.63,0,-5400.240234375
100000000000000000000000,1,920625000,0,-48,4.68784528777852,0,0,0.580067993164063,1.63,0,-5400.240234375
100000000000000000000001,1,920625000,0,-44.5,4.57739867105075,0,0,0.580067993164063,1.63,0,-5400.240234375
100000000000000000000003,1,920625000,0,-43,2.07394202522139,0,0,0.580067993164063,1.63,0,-5400.240234375
100000000000000000000000,1,920625000,0,-48,4.70625305723315,0,0,0.580067993164063,1.63,0,-5400.240234375
100000000000000000000003,1,920625000,0,-43,2.08007794837293,0,0,0.580067993164063,1.63,0,-5400.240234375
100000000000000000000002,1,920625000,0,-42,0.0552233083638827,0,0,0.580067993164063,1.63,0,-5400.240234375
100000000000000000000001,1,920625000,0,-44.5,4.55899090159613,0,0,0.580067993164063,1.63,0,-5400.240234375
100000000000000000000004,1,920625000,0,-49.5,4.8719229823248,0,0,0.580067993164063,1.63,0,-5400.240234375
100000000000000000000002,1,920625000,0,-42,0.0490873852123404,0,0,0.580067993164063,1.63,0,-5400.240234375
100000000000000000000003,1,920625000,0,-43,2.09234979467601,0,0,0.580067993164063,1.63,0,-5400.240234375
100000000000000000000000,1,920625000,0,-48,4.69398121093006,0,0,0.580067993164063,1.63,0,-5400.240234375
100000000000000000000001,1,920625000,0,-44.5,4.56512682474767,0,0,0.580067993164063,1.63,0,-5400.240234375
100000000000000000000004,1,920625000,0,-49.5,4.8719229823248,0,0,0.580067993164063,1.63,0,-5400.240234375
100000000000000000000004,1,920625000,0,-49.5,4.84737928971863,0,0,0.580067993164063,1.63,0,-5400.240234375
100000000000000000000003,1,920625000,0,-43,2.0616701789183,0,0,0.580067993164063,1.63,0,-5400.240234375
100000000000000000000002,1,920625000,0,-42,0.0552233083638827,0,0,0.580067993164063,1.63,0,-5400.240234375
100000000000000000000000,1,920625000,0,-48,4.68784528777852,0,0,0.580067993164063,1.63,0,-5400.240234375
100000000000000000000001,1,920625000,0,-44.5,4.5835345942023,0,0,0.580067993164063,1.63,0,-5400.240234375
100000000000000000000003,1,920625000,0,-43,2.04939833261522,0,0,0.580067993164063,1.63,0,-5400.240234375
100000000000000000000004,1,920625000,0,-49.5,4.85351521287017,0,0,0.580067993164063,1.63,0,-5400.240234375
100000000000000000000002,1,920625000,0,-42,0.0490873852123404,0,0,0.580067993164063,1.63,0,-5400.240234375
100000000000000000000001,1,920625000,0,-44.5,4.57126274789921,0,0,0.580067993164063,1.63,0,-5400.240234375
100000000000000000000000,1,920625000,0,-48,4.70625305723315,0,0,0.580067993164063,1.63,0,-5400.240234375
100000000000000000000000,1,920625000,0,-48,4.71238898038469,0,0,0.580067993164063,1.63,0,-5400.240234375
100000000000000000000003,1,920625000,0,-43,2.08621387152447,0,0,0.580067993164063,1.63,0,-5400.240234375
100000000000000000000002,1,920625000,0,-42,0.042951462060798,0,0,0.580067993164063,1.63,0,-5400.240234375
100000000000000000000001,1,920625000,0,-44.5,4.55899090159613,0,0,0.580067993164063,1.63,0,-5400.240234375
100000000000000000000004,1,920625000,0,-49.5,4.84124336656708,0,0,0.580067993164063,1.63,0,-5400.240234375
100000000000000000000004,1,920625000,0,-49.5,4.84124336656708,0,0,0.580067993164063,1.63,0,-5400.240234375
100000000000000000000001,1,920625000,0,-44.5,4.57739867105075,0,0,0.580067993164063,1.63,0,-5400.240234375
100000000000000000000000,1,920625000,0,-48,4.7430685961424,0,0,0.580067993164063,1.63,0,-5400.240234375
100000000000000000000002,1,920625000,0,-42,0.0306796157577125,0,0,0.580067993164063,1.63,0,-5400.240234375
100000000000000000000003,1,920625000,0,-43,2.08007794837293,0,0,0.580067993164063,1.63,0,-5400.240234375
100000000000000000000003,1,920625000,0,-43,2.08007794837293,0,0,0.580067993164063,1.63,0,-5400.240234375
100000000000000000000000,1,920625000,0,-48,4.71238898038469,0,0,0.580067993164063,1.63,0,-5400.240234375
100000000000000000000001,1,920625000,0,-44.5,4.5835345942023,0,0,0.580067993164063,1.63,0,-5400.240234375
100000000000000000000004,1,920625000,0,-49.5,4.84737928971863,0,0,0.580067993164063,1.63,0,-5400.240234375
100000000000000000000002,1,920625000,0,-42,0.0368155389092557,0,0,0.580067993164063,1.63,0,-5400.240234375
100000000000000000000002,1,920625000,0,-42,0.0674951546669682,0,0,0.580067993164063,1.63,0,-5400.240234375
100000000000000000000004,1,920625000,0,-49,4.85351521287017,0,0,0.580067993164063,1.63,0,-5400.240234375
100000000000000000000000,1,920625000,0,-48,4.69398121093006,0,0,0.580067993164063,1.63,0,-5400.240234375
100000000000000000000003,1,920625000,0,-43,2.08007794837293,0,0,0.580067993164063,1.63,0,-5400.240234375
100000000000000000000001,1,920625000,0,-44.5,4.5835345942023,0,0,0.580067993164063,1.63,0,-5400.240234375
100000000000000000000000,1,920625000,0,-48,4.68784528777852,0,0,0.580067993164063,1.63,0,-5400.240234375
100000000000000000000001,1,920625000,0,-44.5,4.56512682474767,0,0,0.580067993164063,1.63,0,-5400.240234375
100000000000000000000002,1,920625000,0,-42,0.0368155389092557,0,0,0.580067993164063,1.63,0,-5400.240234375
100000000000000000000004,1,920625000,0,-49.5,4.86578705917325,0,0,0.580067993164063,1.63,0,-5400.240234375
100000000000000000000003,1,920625000,0,-43,2.06780610206984,0,0,0.580067993164063,1.63,0,-5400.240234375
100000000000000000000002,1,920625000,0,-42,0.0368155389092557,0,0,0.580067993164063,1.63,0,-5400.240234375
100000000000000000000004,1,920625000,0,-49.5,4.828971520264,0,0,0.580067993164063,1.63,0,-5400.240234375
100000000000000000000001,1,920625000,0,-44.5,4.57126274789921,0,0,0.580067993164063,1.63,0,-5400.240234375
100000000000000000000000,1,920625000,0,-48,4.73693267299086,0,0,0.580067993164063,1.63,0,-5400.240234375
100000000000000000000003,1,920625000,0,-43,2.08007794837293,0,0,0.580067993164063,1.63,0,-5400.240234375
100000000000000000000002,1,920625000,0,-42,0.0368155389092557,0,0,0.580067993164063,1.63,0,-5400.240234375
100000000000000000000001,1,920625000,0,-44.5,4.57126274789921,0,0,0.580067993164063,1.63,0,-5400.240234375
100000000000000000000004,1,920625000,0,-49,4.87805890547634,0,0,0.580067993164063,1.63,0,-5400.240234375
100000000000000000000003,1,920625000,0,-42.5,2.08007794837293,0,0,0.580067993164063,1.63,0,-5400.240234375
100000000000000000000000,1,920625000,0,-48,4.70011713408161,0,0,0.580067993164063,1.63,0,-5400.240234375
100000000000000000000000,1,920625000,0,-48,4.73693267299086,0,0,0.580067993164063,1.63,0,-5400.240234375
100000000000000000000002,1,920625000,0,-42,0.0552233083638827,0,0,0.580067993164063,1.63,0,-5400.240234375
100000000000000000000004,1,920625000,0,-49.5,4.84737928971863,0,0,0.580067993164063,1.63,0,-5400.240234375
100000000000000000000003,1,920625000,0,-43,2.0616701789183,0,0,0.580067993164063,1.63,0,-5400.240234375
100000000000000000000001,1,920625000,0,-44.5,4.5835345942023,0,0,0.580067993164063,1.63,0,-5400.240234375
100000000000000000000002,1,920625000,0,-42,0.0245436926061702,0,0,0.580067993164063,1.63,0,-5400.240234375
100000000000000000000004,1,920625000,0,-49.5,4.85351521287017,0,0,0.580067993164063,1.63,0,-5400.240234375
100000000000000000000000,1,920625000,0,-48,4.72466082668777,0,0,0.580067993164063,1.63,0,-5400.240234375
100000000000000000000003,1,920625000,0,-43,2.08621387152447,0,0,0.580067993164063,1.63,0,-5400.240234375
100000000000000000000001,1,920625000,0,-44.5,4.55285497844458,0,0,0.580067993164063,1.63,0,-5400.240234375
100000000000000000000003,1,920625000,0,-43,2.0616701789183,0,0,0.580067993164063,1.63,0,-5400.240234375
100000000000000000000004,1,920625000,0,-49,4.83510744341554,0,0,0.580067993164063,1.63,0,-5400.240234375
100000000000000000000000,1,920625000,0,-48,4.71852490353623,0,0,0.580067993164063,1.63,0,-5400.240234375
100000000000000000000002,1,920625000,0,-42,0.042951462060798,0,0,0.580067993164063,1.63,0,-5400.240234375
100000000000000000000001,1,920625000,0,-44.5,4.58967051735384,0,0,0.580067993164063,1.63,0,-5400.240234375
100000000000000000000003,1,920625000,0,-43,2.07394202522139,0,0,0.580067993164063,1.63,0,-5400.240234375
100000000000000000000002,1,920625000,0,-42,0.0490873852123404,0,0,0.580067993164063,1.63,0,-5400.240234375
100000000000000000000004,1,920625000,0,-49.5,4.85965113602171,0,0,0.580067993164063,1.63,0,-5400.240234375
100000000000000000000001,1,920625000,0,-44.5,4.57126274789921,0,0,0.580067993164063,1.63,0,-5400.240234375
100000000000000000000000,1,920625000,0,-48,4.70011713408161,0,0,0.580067993164063,1.63,0,-5400.240234375
100000000000000000000001,1,920625000,0,-44.5,4.57126274789921,0,0,0.580067993164063,1.63,0,-5400.240234375
100000000000000000000004,1,920625000,0,-49.5,4.85351521287017,0,0,0.580067993164063,1.63,0,-5400.240234375
100000000000000000000003,1,920625000,0,-43,2.05553425576676,0,0,0.580067993164063,1.63,0,-5400.240234375
100000000000000000000000,1,920625000,0,-48,4.70625305723315,0,0,0.580067993164063,1.63,0,-5400.240234375
100000000000000000000002,1,920625000,0,-42,0.0552233083638827,0,0,0.580067993164063,1.63,0,-5400.240234375
100000000000000000000002,1,920625000,0,-42,0.0490873852123404,0,0,0.580067993164063,1.63,0,-5400.240234375
100000000000000000000003,1,920625000,0,-43,2.0616701789183,0,0,0.580067993164063,1.63,0,-5400.240234375
100000000000000000000004,1,920625000,0,-49.5,4.84737928971863,0,0,0.580067993164063,1.63,0,-5400.240234375
100000000000000000000000,1,920625000,0,-48,4.71852490353623,0,0,0.580067993164063,1.63,0,-5400.240234375
100000000000000000000001,1,920625000,0,-44.5,4.57739867105075,0,0,0.580067993164063,1.63,0,-5400.240234375
100000000000000000000001,1,920625000,0,-44.5,4.5835345942023,0,0,0.580067993164063,1.63,0,-5400.240234375
100000000000000000000000,1,920625000,0,-48,4.73079674983932,0,0,0.580067993164063,1.63,0,-5400.240234375
100000000000000000000003,1,920625000,0,-42.5,2.08007794837293,0,0,0.580067993164063,1.63,0,-5400.240234375
100000000000000000000004,1,920625000,0,-49.5,4.85351521287017,0,0,0.580067993164063,1.63,0,-5400.240234375
100000000000000000000002,1,920625000,0,-42,0.0368155389092557,0,0,0.580067993164063,1.63,0,-5400.240234375
100000000000000000000003,1,920625000,0,-43,2.08621387152447,0,0,0.580067993164063,1.63,0,-5400.240234375
100000000000000000000002,1,920625000,0,-42,0.0306796157577125,0,0,0.580067993164063,1.63,0,-5400.240234375
100000000000000000000001,1,920625000,0,-44.5,4.57739867105075,0,0,0.580067993164063,1.63,0,-5400.240234375
100000000000000000000000,1,920625000,0,-48,4.69398121093006,0,0,0.580067993164063,1.63,0,-5400.240234375
100000000000000000000004,1,920625000,0,-49.5,4.88419482862788,0,0,0.580067993164063,1.63,0,-5400.240234375
100000000000000000000003,1,920625000,0,-43,2.08007794837293,0,0,0.580067993164063,1.63,0,-5400.240234375
100000000000000000000002,1,920625000,0,-42,0.042951462060798,0,0,0.580067993164063,1.63,0,-5400.240234375
100000000000000000000004,1,920625000,0,-49.5,4.8719229823248,0,0,0.580067993164063,1.63,0,-5400.240234375
100000000000000000000001,1,920625000,0,-44.5,4.54671905529304,0,0,0.580067993164063,1.63,0,-5400.240234375
100000000000000000000000,1,920625000,0,-48,4.72466082668777,0,0,0.580067993164063,1.63,0,-5400.240234375
100000000000000000000002,1,920625000,0,-42,0.0306796157577125,0,0,0.580067993164063,1.63,0,-5400.240234375
100000000000000000000001,1,920625000,0,-44.5,4.56512682474767,0,0,0.580067993164063,1.63,0,-5400.240234375
100000000000000000000003,1,920625000,0,-43,2.08007794837293,0,0,0.580067993164063,1.63,0,-5400.240234375
100000000000000000000004,1,920625000,0,-49.5,4.828971520264,0,0,0.580067993164063,1.63,0,-5400.240234375
100000000000000000000000,1,920625000,0,-48,4.71852490353623,0,0,0.580067993164063,1.63,0,-5400.240234375
100000000000000000000001,1,920625000,0,-44.5,4.55899090159613,0,0,0.580067993164063,1.63,0,-5400.240234375
100000000000000000000003,1,920625000,0,-43,2.04939833261522,0,0,0.580067993164063,1.63,0,-5400.240234375
100000000000000000000004,1,920625000,0,-49.5,4.86578705917325,0,0,0.580067993164063,1.63,0,-5400.240234375
100000000000000000000000,1,920625000,0,-48,4.73079674983932,0,0,0.580067993164063,1.63,0,-5400.240234375
100000000000000000000002,1,920625000,0,-42,0.0368155389092557,0,0,0.580067993164063,1.63,0,-5400.240234375
100000000000000000000003,1,920625000,0,-43,2.06780610206984,0,0,0.580067993164063,1.63,0,-5400.240234375
100000000000000000000004,1,920625000,0,-49.5,4.81056375080937,0,0,0.580067993164063,1.63,0,-5400.240234375
100000000000000000000002,1,920625000,0,-42,0.0306796157577125,0,0,0.580067993164063,1.63,0,-5400.240234375
100000000000000000000001,1,920625000,0,-44.5,4.56512682474767,0,0,0.580067993164063,1.63,0,-5400.240234375
100000000000000000000000,1,920625000,0,-48,4.71852490353623,0,0,0.580067993164063,1.63,0,-5400.240234375
100000000000000000000001,1,920625000,0,-44.5,4.57126274789921,0,0,0.580067993164063,1.63,0,-5400.240234375
100000000000000000000000,1,920625000,0,-48,4.70625305723315,0,0,0.580067993164063,1.63,0,-5400.240234375
100000000000000000000003,1,920625000,0,-43,2.08007794837293,0,0,0.580067993164063,1.63,0,-5400.240234375
100000000000000000000004,1,920625000,0,-49.5,4.84124336656708,0,0,0.580067993164063,1.63,0,-5400.240234375
100000000000000000000002,1,920625000,0,-42,0.042951462060798,0,0,0.580067993164063,1.63,0,-5400.240234375
100000000000000000000002,1,920625000,0,-42,0.0368155389092557,0,0,0.580067993164063,1.63,0,-5400.240234375
100000000000000000000001,1,920625000,0,-44.5,4.56512682474767,0,0,0.580067993164063,1.63,0,-5400.240234375
100000000000000000000000,1,920625000,0,-48,4.70011713408161,0,0,0.580067993164063,1.63,0,-5400.240234375
100000000000000000000003,1,920625000,0,-43,2.0616701789183,0,0,0.580067993164063,1.63,0,-5400.240234375
100000000000000000000004,1,920625000,0,-49.5,4.8719229823248,0,0,0.580067993164063,1.63,0,-5400.240234375
100000000000000000000004,1,920625000,0,-49.5,4.84737928971863,0,0,0.580067993164063,1.63,0,-5400.240234375
100000000000000000000003,1,920625000,0,-43,2.06780610206984,0,0,0.580067993164063,1.63,0,-5400.240234375
100000000000000000000002,1,920625000,0,-42,0.0368155389092557,0,0,0.580067993164063,1.63,0,-5400.240234375
100000000000000000000001,1,920625000,0,-44.5,4.57126274789921,0,0,0.580067993164063,1.63,0,-5400.240234375
100000000000000000000000,1,920625000,0,-48,4.7430685961424,0,0,0.580067993164063,1.63,0,-5400.240234375
100000000000000000000000,1,920625000,0,-48,4.73079674983932,0,0,0.580067993164063,1.63,0,-5400.240234375
100000000000000000000002,1,920625000,0,-42,0.0490873852123404,0,0,0.580067993164063,1.63,0,-5400.240234375
100000000000000000000001,1,920625000,0,-44.5,4.5835345942023,0,0,0.580067993164063,1.63,0,-5400.240234375
100000000000000000000004,1,920625000,0,-49.5,4.84124336656708,0,0,0.580067993164063,1.63,0,-5400.240234375
100000000000000000000003,1,920625000,0,-43,2.08007794837293,0,0,0.580067993164063,1.63,0,-5400.240234375
100000000000000000000003,1,920625000,0,-43,2.08621387152447,0,0,0.580067993164063,1.63,0,-5400.240234375
100000000000000000000002,1,920625000,0,-42,0.042951462060798,0,0,0.580067993164063,1.63,0,-5400.240234375
100000000000000000000004,1,920625000,0,-49.5,4.84737928971863,0,0,0.580067993164063,1.63,0,-5400.240234375
100000000000000000000000,1,920625000,0,-48,4.70625305723315,0,0,0.580067993164063,1.63,0,-5400.240234375
100000000000000000000001,1,920625000,0,-44.5,4.58967051735384,0,0,0.580067993164063,1.63,0,-5400.240234375
100000000000000000000002,1,920625000,0,-42,0.0490873852123404,0,0,0.580067993164063,1.63,0,-5400.240234375
100000000000000000000004,1,920625000,0,-49.5,4.8719229823248,0,0,0.580067993164063,1.63,0,-5400.240234375
100000000000000000000001,1,920625000,0,-44.5,4.57126274789921,0,0,0.580067993164063,1.63,0,-5400.240234375
100000000000000000000003,1,920625000,0,-43,2.06780610206984,0,0,0.580067993164063,1.63,0,-5400.240234375
100000000000000000000000,1,920625000,0,-48,4.72466082668777,0,0,0.580067993164063,1.63,0,-5400.240234375
100000000000000000000000,1,920625000,0,-48,4.71852490353623,0,0,0.580067993164063,1.63,0,-5400.240234375
100000000000000000000004,1,920625000,0,-49.5,4.86578705917325,0,0,0.580067993164063,1.63,0,-5400.240234375
100000000000000000000003,1,920625000,0,-43,2.08621387152447,0,0,0.580067993164063,1.63,0,-5400.240234375
100000000000000000000001,1,920625000,0,-44.5,4.55285497844458,0,0,0.580067993164063,1.63,0,-5400.240234375
100000000000000000000002,1,920625000,0,-42,0.0613592315154259,0,0,0.580067993164063,1.63,0,-5400.240234375
100000000000000000000003,1,920625000,0,-43,2.08007794837293,0,0,0.580067993164063,1.63,0,-5400.240234375
100000000000000000000002,1,920625000,0,-42,0.0368155389092557,0,0,0.580067993164063,1.63,0,-5400.240234375
100000000000000000000000,1,920625000,0,-48,4.72466082668777,0,0,0.580067993164063,1.63,0,-5400.240234375
100000000000000000000001,1,920625000,0,-44.5,4.5835345942023,0,0,0.580067993164063,1.63,0,-5400.240234375
100000000000000000000004,1,920625000,0,-49.5,4.83510744341554,0,0,0.580067993164063,1.63,0,-5400.240234375
100000000000000000000000,1,920625000,0,-48,4.68784528777852,0,0,0.580067993164063,1.63,0,-5400.240234375
100000000000000000000002,1,920625000,0,-42,0.0490873852123404,0,0,0.580067993164063,1.63,0,-5400.240234375
100000000000000000000001,1,920625000,0,-44.5,4.5835345942023,0,0,0.580067993164063,1.63,0,-5400.240234375
100000000000000000000003,1,920625000,0,-43,2.04326240946367,0,0,0.580067993164063,1.63,0,-5400.240234375
100000000000000000000004,1,920625000,0,-49.5,4.88419482862788,0,0,0.580067993164063,1.63,0,-5400.240234375
100000000000000000000002,1,920625000,0,-42,0.0490873852123404,0,0,0.580067993164063,1.63,0,-5400.240234375
100000000000000000000003,1,920625000,0,-43,2.08621387152447,0,0,0.580067993164063,1.63,0,-5400.240234375
100000000000000000000001,1,920625000,0,-44.5,4.57739867105075,0,0,0.580067993164063,1.63,0,-5400.240234375
100000000000000000000004,1,920625000,0,-49.5,4.84737928971863,0,0,0.580067993164063,1.63,0,-5400.240234375
100000000000000000000000,1,920625000,0,-48,4.72466082668777,0,0,0.580067993164063,1.63,0,-5400.240234375
100000000000000000000004,1,920625000,0,-49.5,4.88419482862788,0,0,0.580067993164063,1.63,0,-5400.240234375
100000000000000000000000,1,920625000,0,-48,4.71238898038469,0,0,0.580067993164063,1.63,0,-5400.240234375
100000000000000000000003,1,920625000,0,-43,2.08621387152447,0,0,0.580067993164063,1.63,0,-5400.240234375
100000000000000000000001,1,920625000,0,-44.5,4.57126274789921,0,0,0.580067993164063,1.63,0,-5400.240234375
100000000000000000000002,1,920625000,0,-42,0.0552233083638827,0,0,0.580067993164063,1.63,0,-5400.240234375
100000000000000000000000,1,920625000,0,-48,4.72466082668777,0,0,0.580067993164063,1.63,0,-5400.240234375
100000000000000000000002,1,920625000,0,-42,0.0368155389092557,0,0,0.580067993164063,1.63,0,-5400.240234375
100000000000000000000003,1,920625000,0,-43,2.08007794837293,0,0,0.580067993164063,1.63,0,-5400.240234375
100000000000000000000001,1,920625000,0,-44.5,4.57739867105075,0,0,0.580067993164063,1.63,0,-5400.240234375
100000000000000000000004,1,920625000,0,-49.5,4.83510744341554,0,0,0.580067993164063,1.63,0,-5400.240234375
100000000000000000000003,1,920625000,0,-42.5,2.06780610206984,0,0,0.580067993164063,1.63,0,-5400.240234375
100000000000000000000001,1,920625000,0,-44.5,4.55899090159613,0,0,0.580067993164063,1.63,0,-5400.240234375
100000000000000000000004,1,920625000,0,-49.5,4.84737928971863,0,0,0.580067993164063,1.63,0,-5400.240234375
100000000000000000000000,1,920625000,0,-48,4.71238898038469,0,0,0.580067993164063,1.63,0,-5400.240234375
100000000000000000000002,1,920625000,0,-42,0.0306796157577125,0,0,0.580067993164063,1.63,0,-5400.240234375
100000000000000000000002,1,920625000,0,-42,0.0674951546669682,0,0,0.580067993164063,1.63,0,-5400.240234375
100000000000000000000004,1,920625000,0,-49.5,4.85351521287017,0,0,0.580067993164063,1.63,0,-5400.240234375
100000000000000000000000,1,920625000,0,-48,4.71852490353623,0,0,0.580067993164063,1.63,0,-5400.240234375
100000000000000000000003,1,920625000,0,-42.5,2.06780610206984,0,0,0.580067993164063,1.63,0,-5400.240234375
100000000000000000000001,1,920625000,0,-44.5,4.54671905529304,0,0,0.580067993164063,1.63,0,-5400.240234375
100000000000000000000000,1,920625000,0,-48,4.71238898038469,0,0,0.580067993164063,1.63,0,-5400.240234375
100000000000000000000003,1,920625000,0,-43,2.06780610206984,0,0,0.580067993164063,1.63,0,-5400.240234375
100000000000000000000002,1,920625000,0,-42,0.0490873852123404,0,0,0.580067993164063,1.63,0,-5400.240234375
100000000000000000000001,1,920625000,0,-44.5,4.57739867105075,0,0,0.580067993164063,1.63,0,-5400.240234375
100000000000000000000004,1,920625000,0,-49.5,4.8719229823248,0,0,0.580067993164063,1.63,0,-5400.240234375
100000000000000000000004,1,920625000,0,-49.5,4.86578705917325,0,0,0.580067993164063,1.63,0,-5400.240234375
100000000000000000000002,1,920625000,0,-42,0.0613592315154259,0,0,0.580067993164063,1.63,0,-5400.240234375
100000000000000000000001,1,920625000,0,-44.5,4.5835345942023,0,0,0.580067993164063,1.63,0,-5400.240234375
100000000000000000000003,1,920625000,0,-43,2.06780610206984,0,0,0.580067993164063,1.63,0,-5400.240234375
100000000000000000000000,1,920625000,0,-48,4.69398121093006,0,0,0.580067993164063,1.63,0,-5400.240234375
100000000000000000000000,1,920625000,0,-48,4.70011713408161,0,0,0.580067993164063,1.63,0,-5400.240234375
100000000000000000000004,1,920625000,0,-49.5,4.82283559711246,0,0,0.580067993164063,1.63,0,-5400.240234375
100000000000000000000003,1,920625000,0,-43,2.08621387152447,0,0,0.580067993164063,1.63,0,-5400.240234375
100000000000000000000001,1,920625000,0,-44.5,4.57126274789921,0,0,0.580067993164063,1.63,0,-5400.240234375
100000000000000000000002,1,920625000,0,-42,0.0368155389092557,0,0,0.580067993164063,1.63,0,-5400.240234375
100000000000000000000000,1,920625000,0,-48,4.72466082668777,0,0,0.580067993164063,1.63,0,-5400.240234375
100000000000000000000001,1,920625000,0,-44.5,4.57126274789921,0,0,0.580067993164063,1.63,0,-5400.240234375
100000000000000000000003,1,920625000,0,-43,2.08621387152447,0,0,0.580067993164063,1.63,0,-5400.240234375
100000000000000000000002,1,920625000,0,-42,0.042951462060798,0,0,0.580067993164063,1.63,0,-5400.240234375
100000000000000000000004,1,920625000,0,-49.5,4.85351521287017,0,0,0.580067993164063,1.63,0,-5400.240234375
100000000000000000000001,1,920625000,0,-44.5,4.55899090159613,0,0,0.580067993164063,1.63,0,-5400.240234375
100000000000000000000002,1,920625000,0,-42,0.0613592315154259,0,0,0.580067993164063,1.63,0,-5400.240234375
100000000000000000000003,1,920625000,0,-43,2.08621387152447,0,0,0.580067993164063,1.63,0,-5400.240234375
100000000000000000000000,1,920625000,0,-48,4.71238898038469,0,0,0.580067993164063,1.63,0,-5400.240234375
100000000000000000000004,1,920625000,0,-49.5,4.84124336656708,0,0,0.580067993164063,1.63,0,-5400.240234375
100000000000000000000003,1,920625000,0,-43,2.07394202522139,0,0,0.580067993164063,1.63,0,-5400.240234375
100000000000000000000000,1,920625000,0,-48,4.72466082668777,0,0,0.580067993164063,1.63,0,-5400.240234375
100000000000000000000001,1,920625000,0,-44.5,4.56512682474767,0,0,0.580067993164063,1.63,0,-5400.240234375
100000000000000000000002,1,920625000,0,-42,0.0490873852123404,0,0,0.580067993164063,1.63,0,-5400.240234375
100000000000000000000004,1,920625000,0,-49.5,4.84737928971863,0,0,0.580067993164063,1.63,0,-5400.240234375
100000000000000000000001,1,920625000,0,-44.5,4.56512682474767,0,0,0.580067993164063,1.63,0,-5400.240234375
100000000000000000000002,1,920625000,0,-42,0.042951462060798,0,0,0.580067993164063,1.63,0,-5400.240234375
100000000000000000000000,1,920625000,0,-48,4.72466082668777,0,0,0.580067993164063,1.63,0,-5400.240234375
100000000000000000000003,1,920625000,0,-43,2.07394202522139,0,0,0.580067993164063,1.63,0,-5400.240234375
100000000000000000000004,1,920625000,0,-49.5,4.84737928971863,0,0,0.580067993164063,1.63,0,-5400.240234375
100000000000000000000000,1,920625000,0,-48,4.73693267299086,0,0,0.580067993164063,1.63,0,-5400.240234375
100000000000000000000002,1,920625000,0,-42,0.0613592315154259,0,0,0.580067993164063,1.63,0,-5400.240234375
100000000000000000000003,1,920625000,0,-43,2.09234979467601,0,0,0.580067993164063,1.63,0,-5400.240234375
100000000000000000000001,1,920625000,0,-44.5,4.56512682474767,0,0,0.580067993164063,1.63,0,-5400.240234375
100000000000000000000004,1,920625000,0,-49.5,4.84124336656708,0,0,0.580067993164063,1.63,0,-5400.240234375
100000000000000000000000,1,920625000,0,-48,4.73079674983932,0,0,0.580067993164063,1.63,0,-5400.240234375
100000000000000000000003,1,920625000,0,-43,2.08007794837293,0,0,0.580067993164063,1.63,0,-5400.240234375
100000000000000000000001,1,920625000,0,-44.5,4.5835345942023,0,0,0.580067993164063,1.63,0,-5400.240234375
100000000000000000000002,1,920625000,0,-42,0.0306796157577125,0,0,0.580067993164063,1.63,0,-5400.240234375
100000000000000000000004,1,920625000,0,-49,4.83510744341554,0,0,0.580067993164063,1.63,0,-5400.240234375
100000000000000000000003,1,920625000,0,-43,2.06780610206984,0,0,0.580067993164063,1.63,0,-5400.240234375
100000000000000000000002,1,920625000,0,-42,0.0306796157577125,0,0,0.580067993164063,1.63,0,-5400.240234375
100000000000000000000001,1,920625000,0,-44.5,4.5835345942023,0,0,0.580067993164063,1.63,0,-5400.240234375
100000000000000000000004,1,920625000,0,-49.5,4.85965113602171,0,0,0.580067993164063,1.63,0,-5400.240234375
100000000000000000000000,1,920625000,0,-48,4.72466082668777,0,0,0.580067993164063,1.63,0,-5400.240234375
100000000000000000000002,1,920625000,0,-42,0.0368155389092557,0,0,0.580067993164063,1.63,0,-5400.240234375
100000000000000000000000,1,920625000,0,-48,4.7430685961424,0,0,0.580067993164063,1.63,0,-5400.240234375
100000000000000000000001,1,920625000,0,-44.5,4.56512682474767,0,0,0.580067993164063,1.63,0,-5400.240234375
100000000000000000000004,1,920625000,0,-49.5,4.85965113602171,0,0,0.580067993164063,1.63,0,-5400.240234375
100000000000000000000003,1,920625000,0,-43,2.0616701789183,0,0,0.580067993164063,1.63,0,-5400.240234375
100000000000000000000000,1,920625000,0,-48,4.70011713408161,0,0,0.580067993164063,1.63,0,-5400.240234375
100000000000000000000004,1,920625000,0,-49.5,4.87805890547634,0,0,0.580067993164063,1.63,0,-5400.240234375
100000000000000000000003,1,920625000,0,-43,2.08007794837293,0,0,0.580067993164063,1.63,0,-5400.240234375
100000000000000000000002,1,920625000,0,-42,0.0490873852123404,0,0,0.580067993164063,1.63,0,-5400.240234375
100000000000000000000001,1,920625000,0,-44.5,4.55285497844458,0,0,0.580067993164063,1.63,0,-5400.240234375
100000000000000000000002,1,920625000,0,-42,0.042951462060798,0,0,0.580067993164063,1.63,0,-5400.240234375
100000000000000000000003,1,920625000,0,-43,2.06780610206984,0,0,0.580067993164063,1.63,0,-5400.240234375
100000000000000000000001,1,920625000,0,-44.5,4.57739867105075,0,0,0.580067993164063,1.63,0,-5400.240234375
100000000000000000000004,1,920625000,0,-49.5,4.85965113602171,0,0,0.580067993164063,1.63,0,-5400.240234375
100000000000000000000000,1,920625000,0,-48,4.71852490353623,0,0,0.580067993164063,1.63,0,-5400.240234375
100000000000000000000000,1,920625000,0,-48,4.70625305723315,0,0,0.580067993164063,1.63,0,-5400.240234375
100000000000000000000001,1,920625000,0,-44.5,4.55899090159613,0,0,0.580067993164063,1.63,0,-5400.240234375
100000000000000000000004,1,920625000,0,-49.5,4.87805890547634,0,0,0.580067993164063,1.63,0,-5400.240234375
100000000000000000000002,1,920625000,0,-42,0.0368155389092557,0,0,0.580067993164063,1.63,0,-5400.240234375
100000000000000000000003,1,920625000,0,-43,2.08621387152447,0,0,0.580067993164063,1.63,0,-5400.240234375
100000000000000000000004,1,920625000,0,-49.5,4.86578705917325,0,0,0.580067993164063,1.63,0,-5400.240234375
100000000000000000000003,1,920625000,0,-43,2.0616701789183,0,0,0.580067993164063,1.63,0,-5400.240234375
100000000000000000000002,1,920625000,0,-42,0.0184077694546279,0,0,0.580067993164063,1.63,0,-5400.240234375
100000000000000000000000,1,920625000,0,-48,4.73079674983932,0,0,0.580067993164063,1.63,0,-5400.240234375
100000000000000000000001,1,920625000,0,-44.5,4.57739867105075,0,0,0.580067993164063,1.63,0,-5400.240234375
100000000000000000000004,1,920625000,0,-49.5,4.84737928971863,0,0,0.580067993164063,1.63,0,-5400.240234375
100000000000000000000001,1,920625000,0,-44.5,4.56512682474767,0,0,0.580067993164063,1.63,0,-5400.240234375
100000000000000000000003,1,920625000,0,-43,2.09848571782756,0,0,0.580067993164063,1.63,0,-5400.240234375
100000000000000000000002,1,920625000,0,-42,0.0552233083638827,0,0,0.580067993164063,1.63,0,-5400.240234375
100000000000000000000000,1,920625000,0,-48,4.69398121093006,0,0,0.580067993164063,1.63,0,-5400.240234375
100000000000000000000002,1,920625000,0,-42,0.042951462060798,0,0,0.580067993164063,1.63,0,-5400.240234375
100000000000000000000000,1,920625000,0,-48,4.71238898038469,0,0,0.580067993164063,1.63,0,-5400.240234375
100000000000000000000001,1,920625000,0,-44.5,4.58967051735384,0,0,0.580067993164063,1.63,0,-5400.240234375
100000000000000000000003,1,920625000,0,-43,2.08621387152447,0,0,0.580067993164063,1.63,0,-5400.240234375
100000000000000000000004,1,920625000,0,-49.5,4.86578705917325,0,0,0.580067993164063,1.63,0,-5400.240234375
100000000000000000000000,1,920625000,0,-48,4.73079674983932,0,0,0.580067993164063,1.63,0,-5400.240234375
100000000000000000000002,1,920625000,0,-42,0.0245436926061702,0,0,0.580067993164063,1.63,0,-5400.240234375
100000000000000000000001,1,920625000,0,-44.5,4.56512682474767,0,0,0.580067993164063,1.63,0,-5400.240234375
100000000000000000000004,1,920625000,0,-49.5,4.83510744341554,0,0,0.580067993164063,1.63,0,-5400.240234375
100000000000000000000003,1,920625000,0,-43,2.04939833261522,0,0,0.580067993164063,1.63,0,-5400.240234375
100000000000000000000004,1,920625000,0,-49.5,4.84737928971863,0,0,0.580067993164063,1.63,0,-5400.240234375
100000000000000000000002,1,920625000,0,-42,0.0490873852123404,0,0,0.580067993164063,1.63,0,-5400.240234375
100000000000000000000000,1,920625000,0,-48,4.67557344147543,0,0,0.580067993164063,1.63,0,-5400.240234375
100000000000000000000003,1,920625000,0,-43,2.09234979467601,0,0,0.580067993164063,1.63,0,-5400.240234375
100000000000000000000001,1,920625000,0,-44.5,4.56512682474767,0,0,0.580067993164063,1.63,0,-5400.240234375
100000000000000000000004,1,920625000,0,-49.5,4.828971520264,0,0,0.580067993164063,1.63,0,-5400.240234375
100000000000000000000002,1,920625000,0,-42,0.0368155389092557,0,0,0.580067993164063,1.63,0,-5400.240234375
100000000000000000000001,1,920625000,0,-44.5,4.5835345942023,0,0,0.580067993164063,1.63,0,-5400.240234375
100000000000000000000000,1,920625000,0,-48,4.70625305723315,0,0,0.580067993164063,1.63,0,-5400.240234375
100000000000000000000003,1,920625000,0,-43,2.08007794837293,0,0,0.580067993164063,1.63,0,-5400.240234375
100000000000000000000001,1,920625000,0,-44.5,4.56512682474767,0,0,0.580067993164063,1.63,0,-5400.240234375
100000000000000000000003,1,920625000,0,-43,2.08007794837293,0,0,0.580067993164063,1.63,0,-5400.240234375
100000000000000000000004,1,920625000,0,-49.5,4.84124336656708,0,0,0.580067993164063,1.63,0,-5400.240234375
100000000000000000000002,1,920625000,0,-42,0.0306796157577125,0,0,0.580067993164063,1.63,0,-5400.240234375
100000000000000000000000,1,920625000,0,-48,4.71852490353623,0,0,0.580067993164063,1.63,0,-5400.240234375
100000000000000000000004,1,920625000,0,-49.5,4.87805890547634,0,0,0.580067993164063,1.63,0,-5400.240234375
100000000000000000000000,1,920625000,0,-48,4.72466082668777,0,0,0.580067993164063,1.63,0,-5400.240234375
100000000000000000000001,1,920625000,0,-44.5,4.57739867105075,0,0,0.580067993164063,1.63,0,-5400.240234375
100000000000000000000002,1,920625000,0,-42,0.0368155389092557,0,0,0.580067993164063,1.63,0,-5400.240234375
100000000000000000000003,1,920625000,0,-43,2.09848571782756,0,0,0.580067993164063,1.63,0,-5400.240234375
100000000000000000000004,1,920625000,0,-49.5,4.88419482862788,0,0,0.580067993164063,1.63,0,-5400.240234375
100000000000000000000001,1,920625000,0,-44.5,4.57126274789921,0,0,0.580067993164063,1.63,0,-5400.240234375
100000000000000000000000,1,920625000,0,-48,4.71852490353623,0,0,0.580067993164063,1.63,0,-5400.240234375
100000000000000000000003,1,920625000,0,-43,2.0616701789183,0,0,0.580067993164063,1.63,0,-5400.240234375
100000000000000000000002,1,920625000,0,-42,0.0613592315154259,0,0,0.580067993164063,1.63,0,-5400.240234375
100000000000000000000002,1,920625000,0,-42,0.042951462060798,0,0,0.580067993164063,1.63,0,-5400.240234375
100000000000000000000000,1,920625000,0,-48,4.72466082668777,0,0,0.580067993164063,1.63,0,-5400.240234375
100000000000000000000003,1,920625000,0,-43,2.06780610206984,0,0,0.580067993164063,1.63,0,-5400.240234375
100000000000000000000001,1,920625000,0,-44.5,4.57126274789921,0,0,0.580067993164063,1.63,0,-5400.240234375
100000000000000000000004,1,920625000,0,-49.5,4.84124336656708,0,0,0.580067993164063,1.63,0,-5400.240234375
100000000000000000000001,1,920625000,0,-44.5,4.55899090159613,0,0,0.580067993164063,1.63,0,-5400.240234375
100000000000000000000003,1,920625000,0,-43,2.09234979467601,0,0,0.580067993164063,1.63,0,-5400.240234375
100000000000000000000000,1,920625000,0,-48,4.70011713408161,0,0,0.580067993164063,1.63,0,-5400.240234375
100000000000000000000002,1,920625000,0,-42,0.042951462060798,0,0,0.580067993164063,1.63,0,-5400.240234375
100000000000000000000004,1,920625000,0,-49.5,4.86578705917325,0,0,0.580067993164063,1.63,0,-5400.240234375
100000000000000000000001,1,920625000,0,-44.5,4.57739867105075,0,0,0.580067993164063,1.63,0,-5400.240234375
100000000000000000000000,1,920625000,0,-48,4.70625305723315,0,0,0.580067993164063,1.63,0,-5400.240234375
100000000000000000000004,1,920625000,0,-49.5,4.84124336656708,0,0,0.580067993164063,1.63,0,-5400.240234375
100000000000000000000002,1,920625000,0,-42,0.0490873852123404,0,0,0.580067993164063,1.63,0,-5400.240234375
100000000000000000000003,1,920625000,0,-43,2.08007794837293,0,0,0.580067993164063,1.63,0,-5400.240234375
100000000000000000000000,1,920625000,0,-48,4.70011713408161,0,0,0.580067993164063,1.63,0,-5400.240234375
100000000000000000000001,1,920625000,0,-44.5,4.57126274789921,0,0,0.580067993164063,1.63,0,-5400.240234375
100000000000000000000004,1,920625000,0,-49.5,4.85965113602171,0,0,0.580067993164063,1.63,0,-5400.240234375
100000000000000000000002,1,920625000,0,-42,0.0490873852123404,0,0,0.580067993164063,1.63,0,-5400.240234375
100000000000000000000003,1,920625000,0,-43,2.08007794837293,0,0,0.580067993164063,1.63,0,-5400.240234375
100000000000000000000002,1,920625000,0,-42,0.0674951546669682,0,0,0.580067993164063,1.63,0,-5400.240234375
100000000000000000000004,1,920625000,0,-49.5,4.83510744341554,0,0,0.580067993164063,1.63,0,-5400.240234375
100000000000000000000001,1,920625000,0,-44.5,4.55899090159613,0,0,0.580067993164063,1.63,0,-5400.240234375
100000000000000000000000,1,920625000,0,-48,4.71238898038469,0,0,0.580067993164063,1.63,0,-5400.240234375
100000000000000000000003,1,920625000,0,-42.5,2.08007794837293,0,0,0.580067993164063,1.63,0,-5400.240234375
100000000000000000000002,1,920625000,0,-42,0.0306796157577125,0,0,0.580067993164063,1.63,0,-5400.240234375
100000000000000000000000,1,920625000,0,-48,4.71238898038469,0,0,0.580067993164063,1.63,0,-5400.240234375
100000000000000000000003,1,920625000,0,-43,2.06780610206984,0,0,0.580067993164063,1.63,0,-5400.240234375
100000000000000000000001,1,920625000,0,-44.5,4.55899090159613,0,0,0.580067993164063,1.63,0,-5400.240234375
100000000000000000000004,1,920625000,0,-49,4.85351521287017,0,0,0.580067993164063,1.63,0,-5400.240234375
100000000000000000000003,1,920625000,0,-43,2.05553425576676,0,0,0.580067993164063,1.63,0,-5400.240234375
100000000000000000000004,1,920625000,0,-49.5,4.82283559711246,0,0,0.580067993164063,1.63,0,-5400.240234375
100000000000000000000002,1,920625000,0,-42,0.0490873852123404,0,0,0.580067993164063,1.63,0,-5400.240234375
100000000000000000000001,1,920625000,0,-44.5,4.55285497844458,0,0,0.580067993164063,1.63,0,-5400.240234375
100000000000000000000000,1,920625000,0,-48,4.71238898038469,0,0,0.580067993164063,1.63,0,-5400.240234375
100000000000000000000001,1,920625000,0,-44.5,4.57126274789921,0,0,0.580067993164063,1.63,0,-5400.240234375
100000000000000000000004,1,920625000,0,-49.5,4.84124336656708,0,0,0.580067993164063,1.63,0,-5400.240234375
100000000000000000000002,1,920625000,0,-42,0.0306796157577125,0,0,0.580067993164063,1.63,0,-5400.240234375
100000000000000000000003,1,920625000,0,-43,2.06780610206984,0,0,0.580067993164063,1.63,0,-5400.240234375
100000000000000000000000,1,920625000,0,-48,4.7430685961424,0,0,0.580067993164063,1.63,0,-5400.240234375
100000000000000000000004,1,920625000,0,-49.5,4.828971520264,0,0,0.580067993164063,1.63,0,-5400.240234375
100000000000000000000000,1,920625000,0,-48,4.71238898038469,0,0,0.580067993164063,1.63,0,-5400.240234375
100000000000000000000002,1,920625000,0,-42,0.0490873852123404,0,0,0.580067993164063,1.63,0,-5400.240234375
100000000000000000000001,1,920625000,0,-44.5,4.57739867105075,0,0,0.580067993164063,1.63,0,-5400.240234375
100000000000000000000003,1,920625000,0,-43,2.07394202522139,0,0,0.580067993164063,1.63,0,-5400.240234375
100000000000000000000002,1,920625000,0,-42,0.0552233083638827,0,0,0.580067993164063,1.63,0,-5400.240234375
100000000000000000000003,1,920625000,0,-43,2.08007794837293,0,0,0.580067993164063,1.63,0,-5400.240234375
100000000000000000000000,1,920625000,0,-48,4.71238898038469,0,0,0.580067993164063,1.63,0,-5400.240234375
100000000000000000000001,1,920625000,0,-44.5,4.57126274789921,0,0,0.580067993164063,1.63,0,-5400.240234375
100000000000000000000004,1,920625000,0,-49.5,4.84124336656708,0,0,0.580067993164063,1.63,0,-5400.240234375
100000000000000000000004,1,920625000,0,-49.5,4.7860200582032,0,0,0.580067993164063,1.63,0,-5400.240234375
100000000000000000000000,1,920625000,0,-48,4.71238898038469,0,0,0.580067993164063,1.63,0,-5400.240234375
100000000000000000000002,1,920625000,0,-42,0.0368155389092557,0,0,0.580067993164063,1.63,0,-5400.240234375
100000000000000000000003,1,920625000,0,-43,2.07394202522139,0,0,0.580067993164063,1.63,0,-5400.240234375
100000000000000000000001,1,920625000,0,-44.5,4.57126274789921,0,0,0.580067993164063,1.63,0,-5400.240234375
100000000000000000000004,1,920625000,0,-49.5,4.828971520264,0,0,0.580067993164063,1.63,0,-5400.240234375
100000000000000000000002,1,920625000,0,-42,0.0490873852123404,0,0,0.580067993164063,1.63,0,-5400.240234375
100000000000000000000003,1,920625000,0,-43,2.08621387152447,0,0,0.580067993164063,1.63,0,-5400.240234375
100000000000000000000001,1,920625000,0,-44.5,4.57739867105075,0,0,0.580067993164063,1.63,0,-5400.240234375
100000000000000000000000,1,920625000,0,-48,4.71238898038469,0,0,0.580067993164063,1.63,0,-5400.240234375
100000000000000000000003,1,920625000,0,-43,2.0616701789183,0,0,0.580067993164063,1.63,0,-5400.240234375
100000000000000000000000,1,920625000,0,-48,4.72466082668777,0,0,0.580067993164063,1.63,0,-5400.240234375
100000000000000000000004,1,920625000,0,-49,4.8719229823248,0,0,0.580067993164063,1.63,0,-5400.240234375
100000000000000000000001,1,920625000,0,-44.5,4.57126274789921,0,0,0.580067993164063,1.63,0,-5400.240234375
100000000000000000000002,1,920625000,0,-42,0.0368155389092557,0,0,0.580067993164063,1.63,0,-5400.240234375
100000000000000000000002,1,920625000,0,-42,0.0490873852123404,0,0,0.580067993164063,1.63,0,-5400.240234375
100000000000000000000001,1,920625000,0,-44.5,4.56512682474767,0,0,0.580067993164063,1.63,0,-5400.240234375
100000000000000000000000,1,920625000,0,-48,4.71238898038469,0,0,0.580067993164063,1.63,0,-5400.240234375
100000000000000000000004,1,920625000,0,-49.5,4.88419482862788,0,0,0.580067993164063,1.63,0,-5400.240234375
100000000000000000000003,1,920625000,0,-43,2.06780610206984,0,0,0.580067993164063,1.63,0,-5400.240234375
100000000000000000000000,1,920625000,0,-48,4.71238898038469,0,0,0.580067993164063,1.63,0,-5400.240234375
100000000000000000000003,1,920625000,0,-43,2.06780610206984,0,0,0.580067993164063,1.63,0,-5400.240234375
100000000000000000000002,1,920625000,0,-42,0.0613592315154259,0,0,0.580067993164063,1.63,0,-5400.240234375
100000000000000000000001,1,920625000,0,-44.5,4.57739867105075,0,0,0.580067993164063,1.63,0,-5400.240234375
100000000000000000000004,1,920625000,0,-49.5,4.83510744341554,0,0,0.580067993164063,1.63,0,-5400.240234375
100000000000000000000003,1,920625000,0,-43,2.09234979467601,0,0,0.580067993164063,1.63,0,-5400.240234375
100000000000000000000002,1,920625000,0,-42,0.0368155389092557,0,0,0.580067993164063,1.63,0,-5400.240234375
100000000000000000000001,1,920625000,0,-44.5,4.55899090159613,0,0,0.580067993164063,1.63,0,-5400.240234375
100000000000000000000004,1,920625000,0,-49.5,4.83510744341554,0,0,0.580067993164063,1.63,0,-5400.240234375
100000000000000000000000,1,920625000,0,-48,4.71238898038469,0,0,0.580067993164063,1.63,0,-5400.240234375
100000000000000000000000,1,920625000,0,-48,4.72466082668777,0,0,0.580067993164063,1.63,0,-5400.240234375
100000000000000000000004,1,920625000,0,-49.5,4.84124336656708,0,0,0.580067993164063,1.63,0,-5400.240234375
100000000000000000000003,1,920625000,0,-43,2.08007794837293,0,0,0.580067993164063,1.63,0,-5400.240234375
100000000000000000000001,1,920625000,0,-44.5,4.5835345942023,0,0,0.580067993164063,1.63,0,-5400.240234375
100000000000000000000002,1,920625000,0,-42,0.042951462060798,0,0,0.580067993164063,1.63,0,-5400.240234375
100000000000000000000002,1,920625000,0,-42,0.0736310778185105,0,0,0.580067993164063,1.63,0,-5400.240234375
100000000000000000000004,1,920625000,0,-49.5,4.84124336656708,0,0,0.580067993164063,1.63,0,-5400.240234375
100000000000000000000003,1,920625000,0,-43,2.07394202522139,0,0,0.580067993164063,1.63,0,-5400.240234375
100000000000000000000001,1,920625000,0,-44.5,4.56512682474767,0,0,0.580067993164063,1.63,0,-5400.240234375
100000000000000000000000,1,920625000,0,-48,4.72466082668777,0,0,0.580067993164063,1.63,0,-5400.240234375
100000000000000000000001,1,920625000,0,-44.5,4.56512682474767,0,0,0.580067993164063,1.63,0,-5400.240234375
100000000000000000000003,1,920625000,0,-43,2.09234979467601,0,0,0.580067993164063,1.63,0,-5400.240234375
100000000000000000000002,1,920625000,0,-42,0.0184077694546279,0,0,0.580067993164063,1.63,0,-5400.240234375
100000000000000000000004,1,920625000,0,-49.5,4.85351521287017,0,0,0.580067993164063,1.63,0,-5400.240234375
100000000000000000000000,1,920625000,0,-48,4.71852490353623,0,0,0.580067993164063,1.63,0,-5400.240234375
100000000000000000000004,1,920625000,0,-49.5,4.80442782765783,0,0,0.580067993164063,1.63,0,-5400.240234375
100000000000000000000000,1,920625000,0,-48,4.71852490353623,0,0,0.580067993164063,1.63,0,-5400.240234375
100000000000000000000001,1,920625000,0,-44.5,4.55899090159613,0,0,0.580067993164063,1.63,0,-5400.240234375
100000000000000000000003,1,920625000,0,-43,2.09234979467601,0,0,0.580067993164063,1.63,0,-5400.240234375
100000000000000000000002,1,920625000,0,-42,0.0306796157577125,0,0,0.580067993164063,1.63,0,-5400.240234375
100000000000000000000002,1,920625000,0,-42,0.042951462060798,0,0,0.580067993164063,1.63,0,-5400.240234375
100000000000000000000001,1,920625000,0,-44.5,4.5835345942023,0,0,0.580067993164063,1.63,0,-5400.240234375
100000000000000000000003,1,920625000,0,-43,2.06780610206984,0,0,0.580067993164063,1.63,0,-5400.240234375
100000000000000000000004,1,920625000,0,-49.5,4.83510744341554,0,0,0.580067993164063,1.63,0,-5400.240234375
100000000000000000000000,1,920625000,0,-48,4.72466082668777,0,0,0.580067993164063,1.63,0,-5400.240234375
100000000000000000000000,1,920625000,0,-48,4.70011713408161,0,0,0.580067993164063,1.63,0,-5400.240234375
100000000000000000000001,1,920625000,0,-44.5,4.58967051735384,0,0,0.580067993164063,1.63,0,-5400.240234375
100000000000000000000002,1,920625000,0,-42,0.0490873852123404,0,0,0.580067993164063,1.63,0,-5400.240234375
100000000000000000000003,1,920625000,0,-43,2.07394202522139,0,0,0.580067993164063,1.63,0,-5400.240234375
100000000000000000000004,1,920625000,0,-49,4.828971520264,0,0,0.580067993164063,1.63,0,-5400.240234375
100000000000000000000000,1,920625000,0,-48,4.72466082668777,0,0,0.580067993164063,1.63,0,-5400.240234375
100000000000000000000004,1,920625000,0,-49.5,4.8719229823248,0,0,0.580067993164063,1.63,0,-5400.240234375
100000000000000000000003,1,920625000,0,-43,2.0616701789183,0,0,0.580067993164063,1.63,0,-5400.240234375
100000000000000000000002,1,920625000,0,-42,0.042951462060798,0,0,0.580067993164063,1.63,0,-5400.240234375
100000000000000000000001,1,920625000,0,-44.5,4.5835345942023,0,0,0.580067993164063,1.63,0,-5400.240234375
100000000000000000000004,1,920625000,0,-49.5,4.8719229823248,0,0,0.580067993164063,1.63,0,-5400.240234375
100000000000000000000002,1,920625000,0,-42,0.0368155389092557,0,0,0.580067993164063,1.63,0,-5400.240234375
100000000000000000000003,1,920625000,0,-43,2.08621387152447,0,0,0.580067993164063,1.63,0,-5400.240234375
100000000000000000000000,1,920625000,0,-48,4.68784528777852,0,0,0.580067993164063,1.63,0,-5400.240234375
100000000000000000000001,1,920625000,0,-44.5,4.57739867105075,0,0,0.580067993164063,1.63,0,-5400.240234375
100000000000000000000001,1,920625000,0,-44.5,4.57739867105075,0,0,0.580067993164063,1.63,0,-5400.240234375
100000000000000000000003,1,920625000,0,-43,2.07394202522139,0,0,0.580067993164063,1.63,0,-5400.240234375
100000000000000000000002,1,920625000,0,-42,0.0306796157577125,0,0,0.580067993164063,1.63,0,-5400.240234375
100000000000000000000000,1,920625000,0,-48,4.7430685961424,0,0,0.580067993164063,1.63,0,-5400.240234375
100000000000000000000004,1,920625000,0,-49.5,4.8719229823248,0,0,0.580067993164063,1.63,0,-5400.240234375
100000000000000000000001,1,920625000,0,-44.5,4.57739867105075,0,0,0.580067993164063,1.63,0,-5400.240234375
100000000000000000000002,1,920625000,0,-42,0.0368155389092557,0,0,0.580067993164063,1.63,0,-5400.240234375
100000000000000000000004,1,920625000,0,-49.5,4.86578705917325,0,0,0.580067993164063,1.63,0,-5400.240234375
100000000000000000000003,1,920625000,0,-43,2.08007794837293,0,0,0.580067993164063,1.63,0,-5400.240234375
100000000000000000000000,1,920625000,0,-48,4.71238898038469,0,0,0.580067993164063,1.63,0,-5400.240234375
100000000000000000000004,1,920625000,0,-49.5,4.85351521287017,0,0,0.580067993164063,1.63,0,-5400.240234375
100000000000000000000000,1,920625000,0,-48,4.73079674983932,0,0,0.580067993164063,1.63,0,-5400.240234375
100000000000000000000001,1,920625000,0,-44.5,4.57739867105075,0,0,0.580067993164063,1.63,0,-5400.240234375
100000000000000000000002,1,920625000,0,-42,0.0368155389092557,0,0,0.580067993164063,1.63,0,-5400.240234375
100000000000000000000003,1,920625000,0,-43,2.08007794837293,0,0,0.580067993164063,1.63,0,-5400.240234375
100000000000000000000004,1,920625000,0,-49,4.86578705917325,0,0,0.580067993164063,1.63,0,-5400.240234375
100000000000000000000003,1,920625000,0,-43,2.08007794837293,0,0,0.580067993164063,1.63,0,-5400.240234375
100000000000000000000001,1,920625000,0,-44.5,4.5405831321415,0,0,0.580067993164063,1.63,0,-5400.240234375
100000000000000000000002,1,920625000,0,-42,0.0490873852123404,0,0,0.580067993164063,1.63,0,-5400.240234375
100000000000000000000000,1,920625000,0,-48,4.69398121093006,0,0,0.580067993164063,1.63,0,-5400.240234375
100000000000000000000001,1,920625000,0,-44.5,4.58967051735384,0,0,0.580067993164063,1.63,0,-5400.240234375
100000000000000000000003,1,920625000,0,-43,2.08621387152447,0,0,0.580067993164063,1.63,0,-5400.240234375
100000000000000000000004,1,920625000,0,-49,4.85965113602171,0,0,0.580067993164063,1.63,0,-5400.240234375
100000000000000000000002,1,920625000,0,-42,0.0490873852123404,0,0,0.580067993164063,1.63,0,-5400.240234375
100000000000000000000000,1,920625000,0,-48,4.72466082668777,0,0,0.580067993164063,1.63,0,-5400.240234375
100000000000000000000004,1,920625000,0,-49.5,4.84737928971863,0,0,0.580067993164063,1.63,0,-5400.240234375
100000000000000000000000,1,920625000,0,-48,4.70011713408161,0,0,0.580067993164063,1.63,0,-5400.240234375
100000000000000000000002,1,920625000,0,-42,0.042951462060798,0,0,0.580067993164063,1.63,0,-5400.240234375
100000000000000000000001,1,920625000,0,-44.5,4.57739867105075,0,0,0.580067993164063,1.63,0,-5400.240234375
100000000000000000000003,1,920625000,0,-43,2.08007794837293,0,0,0.580067993164063,1.63,0,-5400.240234375
100000000000000000000000,1,920625000,0,-48,4.74920451929395,0,0,0.580067993164063,1.63,0,-5400.240234375
100000000000000000000002,1,920625000,0,-42,0.0490873852123404,0,0,0.580067993164063,1.63,0,-5400.240234375
100000000000000000000003,1,920625000,0,-43,2.06780610206984,0,0,0.580067993164063,1.63,0,-5400.240234375
100000000000000000000001,1,920625000,0,-44.5,4.55899090159613,0,0,0.580067993164063,1.63,0,-5400.240234375
100000000000000000000004,1,920625000,0,-49.5,4.87805890547634,0,0,0.580067993164063,1.63,0,-5400.240234375
100000000000000000000002,1,920625000,0,-42,0.0368155389092557,0,0,0.580067993164063,1.63,0,-5400.240234375
100000000000000000000004,1,920625000,0,-49.5,4.8719229823248,0,0,0.580067993164063,1.63,0,-5400.240234375
100000000000000000000003,1,920625000,0,-43,2.07394202522139,0,0,0.580067993164063,1.63,0,-5400.240234375
100000000000000000000001,1,920625000,0,-44.5,4.5835345942023,0,0,0.580067993164063,1.63,0,-5400.240234375
100000000000000000000000,1,920625000,0,-48,4.70011713408161,0,0,0.580067993164063,1.63,0,-5400.240234375
100000000000000000000004,1,920625000,0,-49,4.84124336656708,0,0,0.580067993164063,1.63,0,-5400.240234375
100000000000000000000002,1,920625000,0,-42,0.0368155389092557,0,0,0.580067993164063,1.63,0,-5400.240234375
100000000000000000000000,1,920625000,0,-48,4.73693267299086,0,0,0.580067993164063,1.63,0,-5400.240234375
100000000000000000000003,1,920625000,0,-43,2.07394202522139,0,0,0.580067993164063,1.63,0,-5400.240234375
100000000000000000000001,1,920625000,0,-44.5,4.57126274789921,0,0,0.580067993164063,1.63,0,-5400.240234375
100000000000000000000000,1,920625000,0,-48,4.71852490353623,0,0,0.580067993164063,1.63,0,-5400.240234375
100000000000000000000001,1,920625000,0,-44.5,4.55899090159613,0,0,0.580067993164063,1.63,0,-5400.240234375
100000000000000000000002,1,920625000,0,-42,0.0368155389092557,0,0,0.580067993164063,1.63,0,-5400.240234375
100000000000000000000004,1,920625000,0,-49.5,4.85351521287017,0,0,0.580067993164063,1.63,0,-5400.240234375
100000000000000000000003,1,920625000,0,-43,2.08621387152447,0,0,0.580067993164063,1.63,0,-5400.240234375
100000000000000000000002,1,920625000,0,-42,0.0490873852123404,0,0,0.580067993164063,1.63,0,-5400.240234375
100000000000000000000004,1,920625000,0,-49.5,4.82283559711246,0,0,0.580067993164063,1.63,0,-5400.240234375
100000000000000000000003,1,920625000,0,-43,2.0616701789183,0,0,0.580067993164063,1.63,0,-5400.240234375
100000000000000000000001,1,920625000,0,-44.5,4.57126274789921,0,0,0.580067993164063,1.63,0,-5400.240234375
100000000000000000000000,1,920625000,0,-48,4.67557344147543,0,0,0.580067993164063,1.63,0,-5400.240234375
100000000000000000000003,1,920625000,0,-43,2.09234979467601,0,0,0.580067993164063,1.63,0,-5400.240234375
100000000000000000000000,1,920625000,0,-48,4.71238898038469,0,0,0.580067993164063,1.63,0,-5400.240234375
100000000000000000000004,1,920625000,0,-49.5,4.8719229823248,0,0,0.580067993164063,1.63,0,-5400.240234375
100000000000000000000002,1,920625000,0,-42,0.0490873852123404,0,0,0.580067993164063,1.63,0,-5400.240234375
100000000000000000000001,1,920625000,0,-44.5,4.55285497844458,0,0,0.580067993164063,1.63,0,-5400.240234375
100000000000000000000004,1,920625000,0,-49,4.86578705917325,0,0,0.580067993164063,1.63,0,-5400.240234375
100000000000000000000002,1,920625000,0,-42,0.0552233083638827,0,0,0.580067993164063,1.63,0,-5400.240234375
100000000000000000000003,1,920625000,0,-43,2.08007794837293,0,0,0.580067993164063,1.63,0,-5400.240234375
100000000000000000000001,1,920625000,0,-44.5,4.5835345942023,0,0,0.580067993164063,1.63,0,-5400.240234375
100000000000000000000000,1,920625000,0,-48,4.69398121093006,0,0,0.580067993164063,1.63,0,-5400.240234375
100000000000000000000000,1,920625000,0,-48,4.71238898038469,0,0,0.580067993164063,1.63,0,-5400.240234375
100000000000000000000002,1,920625000,0,-42,0.0490873852123404,0,0,0.580067993164063,1.63,0,-5400.240234375
100000000000000000000003,1,920625000,0,-43,2.05553425576676,0,0,0.580067993164063,1.63,0,-5400.240234375
100000000000000000000004,1,920625000,0,-49.5,4.828971520264,0,0,0.580067993164063,1.63,0,-5400.240234375
100000000000000000000001,1,920625000,0,-44.5,4.57739867105075,0,0,0.580067993164063,1.63,0,-5400.240234375
100000000000000000000000,1,921125000,0,-47.5,4.95168998329485,0,0,0.580067993164063,1.63,0,-5400.240234375
100000000000000000000003,1,921125000,0,-43,2.26415564291921,0,0,0.580067993164063,1.63,0,-5400.240234375
100000000000000000000002,1,921125000,0,-41.5,0.288388388122501,0,0,0.580067993164063,1.63,0,-5400.240234375
100000000000000000000004,1,921125000,0,-49.5,5.0744084463257,0,0,0.580067993164063,1.63,0,-5400.240234375
100000000000000000000001,1,921125000,0,-44.5,4.79829190450629,0,0,0.580067993164063,1.63,0,-5400.240234375
100000000000000000000003,1,921125000,0,-43.5,2.28256341237383,0,0,0.580067993164063,1.63,0,-5400.240234375
100000000000000000000002,1,921125000,0,-41.5,0.288388388122501,0,0,0.580067993164063,1.63,0,-5400.240234375
100000000000000000000004,1,921125000,0,-49,5.09281621578033,0,0,0.580067993164063,1.63,0,-5400.240234375
100000000000000000000001,1,921125000,0,-44.5,4.79829190450629,0,0,0.580067993164063,1.63,0,-5400.240234375
100000000000000000000000,1,921125000,0,-47.5,4.97623367590102,0,0,0.580067993164063,1.63,0,-5400.240234375
100000000000000000000004,1,921125000,0,-49,5.02532106111336,0,0,0.580067993164063,1.63,0,-5400.240234375
100000000000000000000003,1,921125000,0,-43.5,2.27642748922229,0,0,0.580067993164063,1.63,0,-5400.240234375
100000000000000000000001,1,921125000,0,-44.5,4.79829190450629,0,0,0.580067993164063,1.63,0,-5400.240234375
100000000000000000000002,1,921125000,0,-41.5,0.257708772364787,0,0,0.580067993164063,1.63,0,-5400.240234375
100000000000000000000000,1,921125000,0,-47.5,4.97009775274948,0,0,0.580067993164063,1.63,0,-5400.240234375
100000000000000000000004,1,921125000,0,-49,5.03759290741645,0,0,0.580067993164063,1.63,0,-5400.240234375
100000000000000000000001,1,921125000,0,-44.5,4.79215598135474,0,0,0.580067993164063,1.63,0,-5400.240234375
100000000000000000000002,1,921125000,0,-41.5,0.276116541819415,0,0,0.580067993164063,1.63,0,-5400.240234375
100000000000000000000003,1,921125000,0,-43.5,2.30097118182846,0,0,0.580067993164063,1.63,0,-5400.240234375
100000000000000000000000,1,921125000,0,-47.5,4.96396182959793,0,0,0.580067993164063,1.63,0,-5400.240234375
100000000000000000000002,1,921125000,0,-41.5,0.263844695516331,0,0,0.580067993164063,1.63,0,-5400.240234375
100000000000000000000003,1,921125000,0,-43.5,2.27642748922229,0,0,0.580067993164063,1.63,0,-5400.240234375
100000000000000000000001,1,921125000,0,-44.5,4.81669967396091,0,0,0.580067993164063,1.63,0,-5400.240234375
100000000000000000000000,1,921125000,0,-47.5,4.97009775274948,0,0,0.580067993164063,1.63,0,-5400.240234375
100000000000000000000004,1,921125000,0,-49,5.06827252317416,0,0,0.580067993164063,1.63,0,-5400.240234375
100000000000000000000001,1,921125000,0,-44.5,4.81056375080937,0,0,0.580067993164063,1.63,0,-5400.240234375
100000000000000000000000,1,921125000,0,-47.5,4.99464144535565,0,0,0.580067993164063,1.63,0,-5400.240234375
100000000000000000000003,1,921125000,0,-43.5,2.31324302813155,0,0,0.580067993164063,1.63,0,-5400.240234375
100000000000000000000004,1,921125000,0,-49,5.08054436947724,0,0,0.580067993164063,1.63,0,-5400.240234375
100000000000000000000002,1,921125000,0,-41,0.276116541819415,0,0,0.580067993164063,1.63,0,-5400.240234375
100000000000000000000001,1,921125000,0,-44.5,4.79829190450629,0,0,0.580067993164063,1.63,0,-5400.240234375
100000000000000000000003,1,921125000,0,-43.5,2.27642748922229,0,0,0.580067993164063,1.63,0,-5400.240234375
100000000000000000000000,1,921125000,0,-47.5,4.95168998329485,0,0,0.580067993164063,1.63,0,-5400.240234375
100000000000000000000004,1,921125000,0,-49,5.06827252317416,0,0,0.580067993164063,1.63,0,-5400.240234375
100000000000000000000002,1,921125000,0,-41.5,0.269980618667873,0,0,0.580067993164063,1.63,0,-5400.240234375
100000000000000000000002,1,921125000,0,-41.5,0.276116541819415,0,0,0.580067993164063,1.63,0,-5400.240234375
100000000000000000000003,1,921125000,0,-43.5,2.28256341237383,0,0,0.580067993164063,1.63,0,-5400.240234375
100000000000000000000004,1,921125000,0,-49,5.09281621578033,0,0,0.580067993164063,1.63,0,-5400.240234375
100000000000000000000001,1,921125000,0,-44.5,4.80442782765783,0,0,0.580067993164063,1.63,0,-5400.240234375
100000000000000000000000,1,921125000,0,-47.5,5.00077736850719,0,0,0.580067993164063,1.63,0,-5400.240234375
100000000000000000000004,1,921125000,0,-49,5.09281621578033,0,0,0.580067993164063,1.63,0,-5400.240234375
100000000000000000000001,1,921125000,0,-44.5,4.79215598135474,0,0,0.580067993164063,1.63,0,-5400.240234375
100000000000000000000000,1,921125000,0,-47.5,5.00691329165873,0,0,0.580067993164063,1.63,0,-5400.240234375
100000000000000000000002,1,921125000,0,-41.5,0.288388388122501,0,0,0.580067993164063,1.63,0,-5400.240234375
100000000000000000000003,1,921125000,0,-43.5,2.29483525867692,0,0,0.580067993164063,1.63,0,-5400.240234375
100000000000000000000000,1,921125000,0,-47.5,4.98236959905256,0,0,0.580067993164063,1.63,0,-5400.240234375
100000000000000000000003,1,921125000,0,-43.5,2.29483525867692,0,0,0.580067993164063,1.63,0,-5400.240234375
100000000000000000000004,1,921125000,0,-49,5.0744084463257,0,0,0.580067993164063,1.63,0,-5400.240234375
100000000000000000000002,1,921125000,0,-41.5,0.288388388122501,0,0,0.580067993164063,1.63,0,-5400.240234375
100000000000000000000001,1,921125000,0,-44.5,4.79829190450629,0,0,0.580067993164063,1.63,0,-5400.240234375
100000000000000000000003,1,921125000,0,-43,2.30710710498,0,0,0.580067993164063,1.63,0,-5400.240234375
100000000000000000000001,1,921125000,0,-44.5,4.79829190450629,0,0,0.580067993164063,1.63,0,-5400.240234375
100000000000000000000002,1,921125000,0,-41.5,0.276116541819415,0,0,0.580067993164063,1.63,0,-5400.240234375
100000000000000000000000,1,921125000,0,-47.5,4.95168998329485,0,0,0.580067993164063,1.63,0,-5400.240234375
100000000000000000000004,1,921125000,0,-49,5.08668029262879,0,0,0.580067993164063,1.63,0,-5400.240234375
100000000000000000000000,1,921125000,0,-47.5,5.00691329165873,0,0,0.580067993164063,1.63,0,-5400.240234375
100000000000000000000003,1,921125000,0,-43,2.28869933552538,0,0,0.580067993164063,1.63,0,-5400.240234375
100000000000000000000001,1,921125000,0,-44.5,4.81056375080937,0,0,0.580067993164063,1.63,0,-5400.240234375
100000000000000000000002,1,921125000,0,-41.5,0.294524311274043,0,0,0.580067993164063,1.63,0,-5400.240234375
100000000000000000000004,1,921125000,0,-49,5.06213660002262,0,0,0.580067993164063,1.63,0,-5400.240234375
100000000000000000000003,1,921125000,0,-43.5,2.28869933552538,0,0,0.580067993164063,1.63,0,-5400.240234375
100000000000000000000004,1,921125000,0,-49,5.08668029262879,0,0,0.580067993164063,1.63,0,-5400.240234375
100000000000000000000002,1,921125000,0,-41.5,0.282252464970958,0,0,0.580067993164063,1.63,0,-5400.240234375
100000000000000000000001,1,921125000,0,-44.5,4.80442782765783,0,0,0.580067993164063,1.63,0,-5400.240234375
100000000000000000000000,1,921125000,0,-47.5,4.97623367590102,0,0,0.580067993164063,1.63,0,-5400.240234375
100000000000000000000003,1,921125000,0,-43.5,2.29483525867692,0,0,0.580067993164063,1.63,0,-5400.240234375
100000000000000000000001,1,921125000,0,-44.5,4.80442782765783,0,0,0.580067993164063,1.63,0,-5400.240234375
100000000000000000000004,1,921125000,0,-49,5.08054436947724,0,0,0.580067993164063,1.63,0,-5400.240234375
100000000000000000000000,1,921125000,0,-47.5,4.94555406014331,0,0,0.580067993164063,1.63,0,-5400.240234375
100000000000000000000002,1,921125000,0,-41.5,0.288388388122501,0,0,0.580067993164063,1.63,0,-5400.240234375
100000000000000000000003,1,921125000,0,-43.5,2.27642748922229,0,0,0.580067993164063,1.63,0,-5400.240234375
100000000000000000000000,1,921125000,0,-47.5,4.99464144535565,0,0,0.580067993164063,1.63,0,-5400.240234375
100000000000000000000002,1,921125000,0,-41.5,0.276116541819415,0,0,0.580067993164063,1.63,0,-5400.240234375
100000000000000000000004,1,921125000,0,-49,5.08054436947724,0,0,0.580067993164063,1.63,0,-5400.240234375
100000000000000000000001,1,921125000,0,-44.5,4.79215598135474,0,0,0.580067993164063,1.63,0,-5400.240234375
100000000000000000000004,1,921125000,0,-49,5.08668029262879,0,0,0.580067993164063,1.63,0,-5400.240234375
100000000000000000000001,1,921125000,0,-44.5,4.79215598135474,0,0,0.580067993164063,1.63,0,-5400.240234375
100000000000000000000003,1,921125000,0,-43,2.29483525867692,0,0,0.580067993164063,1.63,0,-5400.240234375
100000000000000000000000,1,921125000,0,-47.5,4.95168998329485,0,0,0.580067993164063,1.63,0,-5400.240234375
100000000000000000000002,1,921125000,0,-41.5,0.294524311274043,0,0,0.580067993164063,1.63,0,-5400.240234375
100000000000000000000004,1,921125000,0,-49,5.06827252317416,0,0,0.580067993164063,1.63,0,-5400.240234375
100000000000000000000002,1,921125000,0,-41,0.282252464970958,0,0,0.580067993164063,1.63,0,-5400.240234375
100000000000000000000000,1,921125000,0,-47.5,4.95782590644639,0,0,0.580067993164063,1.63,0,-5400.240234375
100000000000000000000001,1,921125000,0,-44.5,4.81056375080937,0,0,0.580067993164063,1.63,0,-5400.240234375
100000000000000000000003,1,921125000,0,-43.5,2.31324302813155,0,0,0.580067993164063,1.63,0,-5400.240234375
100000000000000000000000,1,921125000,0,-47.5,4.98236959905256,0,0,0.580067993164063,1.63,0,-5400.240234375
100000000000000000000003,1,921125000,0,-43.5,2.30710710498,0,0,0.580067993164063,1.63,0,-5400.240234375
100000000000000000000002,1,921125000,0,-41,0.269980618667873,0,0,0.580067993164063,1.63,0,-5400.240234375
100000000000000000000004,1,921125000,0,-49.5,5.06827252317416,0,0,0.580067993164063,1.63,0,-5400.240234375
100000000000000000000001,1,921125000,0,-44.5,4.7860200582032,0,0,0.580067993164063,1.63,0,-5400.240234375
100000000000000000000001,1,921125000,0,-44.5,4.80442782765783,0,0,0.580067993164063,1.63,0,-5400.240234375
100000000000000000000004,1,921125000,0,-49,5.0744084463257,0,0,0.580067993164063,1.63,0,-5400.240234375
100000000000000000000000,1,921125000,0,-47.5,4.98236959905256,0,0,0.580067993164063,1.63,0,-5400.240234375
100000000000000000000003,1,921125000,0,-43.5,2.29483525867692,0,0,0.580067993164063,1.63,0,-5400.240234375
100000000000000000000002,1,921125000,0,-41.5,0.294524311274043,0,0,0.580067993164063,1.63,0,-5400.240234375
100000000000000000000000,1,921125000,0,-47.5,4.96396182959793,0,0,0.580067993164063,1.63,0,-5400.240234375
100000000000000000000001,1,921125000,0,-44.5,4.7860200582032,0,0,0.580067993164063,1.63,0,-5400.240234375
100000000000000000000004,1,921125000,0,-49,5.08054436947724,0,0,0.580067993164063,1.63,0,-5400.240234375
100000000000000000000002,1,921125000,0,-41.5,0.263844695516331,0,0,0.580067993164063,1.63,0,-5400.240234375
100000000000000000000003,1,921125000,0,-43,2.28869933552538,0,0,0.580067993164063,1.63,0,-5400.240234375
100000000000000000000001,1,921125000,0,-44.5,4.82283559711246,0,0,0.580067993164063,1.63,0,-5400.240234375
100000000000000000000004,1,921125000,0,-49,5.09281621578033,0,0,0.580067993164063,1.63,0,-5400.240234375
100000000000000000000000,1,921125000,0,-47.5,4.97009775274948,0,0,0.580067993164063,1.63,0,-5400.240234375
100000000000000000000002,1,921125000,0,-41.5,0.276116541819415,0,0,0.580067993164063,1.63,0,-5400.240234375
100000000000000000000003,1,921125000,0,-43,2.28869933552538,0,0,0.580067993164063,1.63,0,-5400.240234375
100000000000000000000000,1,921125000,0,-47.5,4.98236959905256,0,0,0.580067993164063,1.63,0,-5400.240234375
100000000000000000000003,1,921125000,0,-43.5,2.30710710498,0,0,0.580067993164063,1.63,0,-5400.240234375
100000000000000000000001,1,921125000,0,-44.5,4.81669967396091,0,0,0.580067993164063,1.63,0,-5400.240234375
100000000000000000000002,1,921125000,0,-41.5,0.276116541819415,0,0,0.580067993164063,1.63,0,-5400.240234375
100000000000000000000004,1,921125000,0,-49,5.09281621578033,0,0,0.580067993164063,1.63,0,-5400.240234375
100000000000000000000001,1,921125000,0,-44.5,4.79829190450629,0,0,0.580067993164063,1.63,0,-5400.240234375
100000000000000000000004,1,921125000,0,-49,5.0744084463257,0,0,0.580067993164063,1.63,0,-5400.240234375
100000000000000000000003,1,921125000,0,-43.5,2.29483525867692,0,0,0.580067993164063,1.63,0,-5400.240234375
100000000000000000000000,1,921125000,0,-47.5,4.99464144535565,0,0,0.580067993164063,1.63,0,-5400.240234375
100000000000000000000002,1,921125000,0,-41.5,0.269980618667873,0,0,0.580067993164063,1.63,0,-5400.240234375
100000000000000000000002,1,921125000,0,-41.5,0.276116541819415,0,0,0.580067993164063,1.63,0,-5400.240234375
100000000000000000000000,1,921125000,0,-47.5,4.97009775274948,0,0,0.580067993164063,1.63,0,-5400.240234375
100000000000000000000004,1,921125000,0,-49,5.08668029262879,0,0,0.580067993164063,1.63,0,-5400.240234375
100000000000000000000003,1,921125000,0,-43.5,2.28256341237383,0,0,0.580067993164063,1.63,0,-5400.240234375
100000000000000000000001,1,921125000,0,-44.5,4.79215598135474,0,0,0.580067993164063,1.63,0,-5400.240234375
100000000000000000000001,1,921125000,0,-44.5,4.82283559711246,0,0,0.580067993164063,1.63,0,-5400.240234375
100000000000000000000000,1,921125000,0,-47.5,4.9885055222041,0,0,0.580067993164063,1.63,0,-5400.240234375
100000000000000000000004,1,921125000,0,-49,5.0744084463257,0,0,0.580067993164063,1.63,0,-5400.240234375
100000000000000000000003,1,921125000,0,-43.5,2.29483525867692,0,0,0.580067993164063,1.63,0,-5400.240234375
100000000000000000000002,1,921125000,0,-41.5,0.276116541819415,0,0,0.580067993164063,1.63,0,-5400.240234375
100000000000000000000000,1,921125000,0,-47.5,4.9885055222041,0,0,0.580067993164063,1.63,0,-5400.240234375
100000000000000000000004,1,921125000,0,-49,5.08054436947724,0,0,0.580067993164063,1.63,0,-5400.240234375
100000000000000000000003,1,921125000,0,-43.5,2.27642748922229,0,0,0.580067993164063,1.63,0,-5400.240234375
100000000000000000000001,1,921125000,0,-44.5,4.81056375080937,0,0,0.580067993164063,1.63,0,-5400.240234375
100000000000000000000002,1,921125000,0,-41,0.288388388122501,0,0,0.580067993164063,1.63,0,-5400.240234375
100000000000000000000001,1,921125000,0,-44.5,4.80442782765783,0,0,0.580067993164063,1.63,0,-5400.240234375
100000000000000000000002,1,921125000,0,-41.5,0.269980618667873,0,0,0.580067993164063,1.63,0,-5400.240234375
100000000000000000000003,1,921125000,0,-43.5,2.29483525867692,0,0,0.580067993164063,1.63,0,-5400.240234375
100000000000000000000004,1,921125000,0,-49,5.08054436947724,0,0,0.580067993164063,1.63,0,-5400.240234375
100000000000000000000000,1,921125000,0,-47.5,5.00691329165873,0,0,0.580067993164063,1.63,0,-5400.240234375
100000000000000000000004,1,921125000,0,-49,5.06827252317416,0,0,0.580067993164063,1.63,0,-5400.240234375
100000000000000000000000,1,921125000,0,-47.5,4.97009775274948,0,0,0.580067993164063,1.63,0,-5400.240234375
100000000000000000000003,1,921125000,0,-43.5,2.30710710498,0,0,0.580067993164063,1.63,0,-5400.240234375
100000000000000000000001,1,921125000,0,-44.5,4.82283559711246,0,0,0.580067993164063,1.63,0,-5400.240234375
100000000000000000000002,1,921125000,0,-41.5,0.294524311274043,0,0,0.580067993164063,1.63,0,-5400.240234375
100000000000000000000004,1,921125000,0,-49,5.08668029262879,0,0,0.580067993164063,1.63,0,-5400.240234375
100000000000000000000001,1,921125000,0,-44.5,4.79215598135474,0,0,0.580067993164063,1.63,0,-5400.240234375
100000000000000000000000,1,921125000,0,-47.5,4.97623367590102,0,0,0.580067993164063,1.63,0,-5400.240234375
100000000000000000000003,1,921125000,0,-43.5,2.28256341237383,0,0,0.580067993164063,1.63,0,-5400.240234375
100000000000000000000002,1,921125000,0,-41.5,0.276116541819415,0,0,0.580067993164063,1.63,0,-5400.240234375
100000000000000000000004,1,921125000,0,-49,5.06213660002262,0,0,0.580067993164063,1.63,0,-5400.240234375
100000000000000000000003,1,921125000,0,-43,2.29483525867692,0,0,0.580067993164063,1.63,0,-5400.240234375
100000000000000000000000,1,921125000,0,-47.5,4.9885055222041,0,0,0.580067993164063,1.63,0,-5400.240234375
100000000000000000000002,1,921125000,0,-41.5,0.276116541819415,0,0,0.580067993164063,1.63,0,-5400.240234375
100000000000000000000001,1,921125000,0,-44.5,4.81056375080937,0,0,0.580067993164063,1.63,0,-5400.240234375
100000000000000000000003,1,921125000,0,-43.5,2.28256341237383,0,0,0.580067993164063,1.63,0,-5400.240234375
100000000000000000000001,1,921125000,0,-44.5,4.83510744341554,0,0,0.580067993164063,1.63,0,-5400.240234375
100000000000000000000004,1,921125000,0,-49,5.08668029262879,0,0,0.580067993164063,1.63,0,-5400.240234375
100000000000000000000002,1,921125000,0,-41,0.263844695516331,0,0,0.580067993164063,1.63,0,-5400.240234375
100000000000000000000000,1,921125000,0,-47.5,4.95782590644639,0,0,0.580067993164063,1.63,0,-5400.240234375
100000000000000000000000,1,921125000,0,-47.5,4.9885055222041,0,0,0.580067993164063,1.63,0,-5400.240234375
100000000000000000000003,1,921125000,0,-43,2.30097118182846,0,0,0.580067993164063,1.63,0,-5400.240234375
100000000000000000000002,1,921125000,0,-41.5,0.269980618667873,0,0,0.580067993164063,1.63,0,-5400.240234375
100000000000000000000004,1,921125000,0,-49,5.03759290741645,0,0,0.580067993164063,1.63,0,-5400.240234375
100000000000000000000001,1,921125000,0,-44.5,4.79215598135474,0,0,0.580067993164063,1.63,0,-5400.240234375
100000000000000000000001,1,921125000,0,-44.5,4.79829190450629,0,0,0.580067993164063,1.63,0,-5400.240234375
100000000000000000000003,1,921125000,0,-43.5,2.28869933552538,0,0,0.580067993164063,1.63,0,-5400.240234375
100000000000000000000000,1,921125000,0,-47.5,4.97623367590102,0,0,0.580067993164063,1.63,0,-5400.240234375
100000000000000000000002,1,921125000,0,-41.5,0.276116541819415,0,0,0.580067993164063,1.63,0,-5400.240234375
100000000000000000000004,1,921125000,0,-49,5.09895213893187,0,0,0.580067993164063,1.63,0,-5400.240234375
100000000000000000000000,1,921125000,0,-47.5,4.9885055222041,0,0,0.580067993164063,1.63,0,-5400.240234375
100000000000000000000002,1,921125000,0,-41,0.263844695516331,0,0,0.580067993164063,1.63,0,-5400.240234375
100000000000000000000004,1,921125000,0,-49.5,5.09895213893187,0,0,0.580067993164063,1.63,0,-5400.240234375
100000000000000000000003,1,921125000,0,-43.5,2.28869933552538,0,0,0.580067993164063,1.63,0,-5400.240234375
100000000000000000000001,1,921125000,0,-44.5,4.79215598135474,0,0,0.580067993164063,1.63,0,-5400.240234375
100000000000000000000000,1,921125000,0,-47.5,4.95782590644639,0,0,0.580067993164063,1.63,0,-5400.240234375
100000000000000000000004,1,921125000,0,-49.5,5.0744084463257,0,0,0.580067993164063,1.63,0,-5400.240234375
100000000000000000000002,1,921125000,0,-41.5,0.282252464970958,0,0,0.580067993164063,1.63,0,-5400.240234375
100000000000000000000003,1,921125000,0,-43,2.29483525867692,0,0,0.580067993164063,1.63,0,-5400.240234375
100000000000000000000001,1,921125000,0,-44.5,4.79829190450629,0,0,0.580067993164063,1.63,0,-5400.240234375
100000000000000000000002,1,921125000,0,-41,0.288388388122501,0,0,0.580067993164063,1.63,0,-5400.240234375
100000000000000000000004,1,921125000,0,-49,5.08054436947724,0,0,0.580067993164063,1.63,0,-5400.240234375
100000000000000000000003,1,921125000,0,-43,2.29483525867692,0,0,0.580067993164063,1.63,0,-5400.240234375
100000000000000000000000,1,921125000,0,-47.5,4.95782590644639,0,0,0.580067993164063,1.63,0,-5400.240234375
100000000000000000000001,1,921125000,0,-44.5,4.82283559711246,0,0,0.580067993164063,1.63,0,-5400.240234375
100000000000000000000004,1,921125000,0,-49,5.06213660002262,0,0,0.580067993164063,1.63,0,-5400.240234375
100000000000000000000003,1,921125000,0,-43.5,2.28869933552538,0,0,0.580067993164063,1.63,0,-5400.240234375
100000000000000000000001,1,921125000,0,-44.5,4.79829190450629,0,0,0.580067993164063,1.63,0,-5400.240234375
100000000000000000000000,1,921125000,0,-47.5,4.98236959905256,0,0,0.580067993164063,1.63,0,-5400.240234375
100000000000000000000002,1,921125000,0,-41.5,0.306796157577129,0,0,0.580067993164063,1.63,0,-5400.240234375
100000000000000000000001,1,921125000,0,-44.5,4.81669967396091,0,0,0.580067993164063,1.63,0,-5400.240234375
100000000000000000000000,1,921125000,0,-47.5,5.00691329165873,0,0,0.580067993164063,1.63,0,-5400.240234375
100000000000000000000003,1,921125000,0,-43.5,2.28256341237383,0,0,0.580067993164063,1.63,0,-5400.240234375
100000000000000000000002,1,921125000,0,-41.5,0.269980618667873,0,0,0.580067993164063,1.63,0,-5400.240234375
100000000000000000000004,1,921125000,0,-49,5.0744084463257,0,0,0.580067993164063,1.63,0,-5400.240234375
100000000000000000000004,1,921125000,0,-49,5.11122398523496,0,0,0.580067993164063,1.63,0,-5400.240234375
100000000000000000000002,1,921125000,0,-41.5,0.288388388122501,0,0,0.580067993164063,1.63,0,-5400.240234375
100000000000000000000003,1,921125000,0,-43.5,2.30097118182846,0,0,0.580067993164063,1.63,0,-5400.240234375
100000000000000000000000,1,921125000,0,-47.5,4.96396182959793,0,0,0.580067993164063,1.63,0,-5400.240234375
100000000000000000000001,1,921125000,0,-44.5,4.80442782765783,0,0,0.580067993164063,1.63,0,-5400.240234375
100000000000000000000003,1,921125000,0,-43,2.28869933552538,0,0,0.580067993164063,1.63,0,-5400.240234375
100000000000000000000004,1,921125000,0,-49,5.0744084463257,0,0,0.580067993164063,1.63,0,-5400.240234375
100000000000000000000002,1,921125000,0,-41.5,0.276116541819415,0,0,0.580067993164063,1.63,0,-5400.240234375
100000000000000000000001,1,921125000,0,-44.5,4.7860200582032,0,0,0.580067993164063,1.63,0,-5400.240234375
100000000000000000000000,1,921125000,0,-47.5,4.97623367590102,0,0,0.580067993164063,1.63,0,-5400.240234375
100000000000000000000001,1,921125000,0,-44.5,4.82283559711246,0,0,0.580067993164063,1.63,0,-5400.240234375
100000000000000000000003,1,921125000,0,-43.5,2.28869933552538,0,0,0.580067993164063,1.63,0,-5400.240234375
100000000000000000000004,1,921125000,0,-49,5.09281621578033,0,0,0.580067993164063,1.63,0,-5400.240234375
100000000000000000000002,1,921125000,0,-41.5,0.288388388122501,0,0,0.580067993164063,1.63,0,-5400.240234375
100000000000000000000000,1,921125000,0,-47.5,4.95782590644639,0,0,0.580067993164063,1.63,0,-5400.240234375
100000000000000000000004,1,921125000,0,-49,5.09281621578033,0,0,0.580067993164063,1.63,0,-5400.240234375
100000000000000000000001,1,921125000,0,-44.5,4.82283559711246,0,0,0.580067993164063,1.63,0,-5400.240234375
100000000000000000000003,1,921125000,0,-43.5,2.31324302813155,0,0,0.580067993164063,1.63,0,-5400.240234375
100000000000000000000000,1,921125000,0,-47.5,4.97009775274948,0,0,0.580067993164063,1.63,0,-5400.240234375
100000000000000000000002,1,921125000,0,-41,0.269980618667873,0,0,0.580067993164063,1.63,0,-5400.240234375
100000000000000000000003,1,921125000,0,-43.5,2.28869933552538,0,0,0.580067993164063,1.63,0,-5400.240234375
100000000000000000000002,1,921125000,0,-41.5,0.276116541819415,0,0,0.580067993164063,1.63,0,-5400.240234375
100000000000000000000004,1,921125000,0,-49,5.05600067687107,0,0,0.580067993164063,1.63,0,-5400.240234375
100000000000000000000001,1,921125000,0,-44.5,4.81669967396091,0,0,0.580067993164063,1.63,0,-5400.240234375
100000000000000000000000,1,921125000,0,-47.5,5.00691329165873,0,0,0.580067993164063,1.63,0,-5400.240234375
100000000000000000000000,1,921125000,0,-47.5,4.96396182959793,0,0,0.580067993164063,1.63,0,-5400.240234375
100000000000000000000003,1,921125000,0,-43.5,2.28869933552538,0,0,0.580067993164063,1.63,0,-5400.240234375
100000000000000000000004,1,921125000,0,-49,5.06827252317416,0,0,0.580067993164063,1.63,0,-5400.240234375
100000000000000000000002,1,921125000,0,-41.5,0.257708772364787,0,0,0.580067993164063,1.63,0,-5400.240234375
100000000000000000000001,1,921125000,0,-44.5,4.81669967396091,0,0,0.580067993164063,1.63,0,-5400.240234375
100000000000000000000001,1,921125000,0,-44.5,4.80442782765783,0,0,0.580067993164063,1.63,0,-5400.240234375
100000000000000000000000,1,921125000,0,-47.5,4.93941813699176,0,0,0.580067993164063,1.63,0,-5400.240234375
100000000000000000000002,1,921125000,0,-41.5,0.288388388122501,0,0,0.580067993164063,1.63,0,-5400.240234375
100000000000000000000003,1,921125000,0,-43.5,2.29483525867692,0,0,0.580067993164063,1.63,0,-5400.240234375
100000000000000000000004,1,921125000,0,-49,5.05600067687107,0,0,0.580067993164063,1.63,0,-5400.240234375
