epc,antennaIndex,frequency,time,RSSI,phase,dopplerShift,velocity,x,y,z,angle
100000000000000000000000,1,920625000,0,-44,1.63829148146186,0,0,0.160111999511719,1.63,0,-5400.240234375
100000000000000000000003,1,920625000,0,-47,4.94555406014331,0,0,0.160111999511719,1.63,0,-5400.240234375
100000000000000000000004,1,920625000,0,-50,5.24621429456889,0,0,0.160111999511719,1.63,0,-5400.240234375
100000000000000000000001,1,920625000,0,-44.5,1.78555363709889,0,0,0.160111999511719,1.63,0,-5400.240234375
100000000000000000000001,1,920625000,0,-44.5,1.8162332528566,0,0,0.160111999511719,1.63,0,-5400.240234375
100000000000000000000003,1,920625000,0,-47,4.93941813699176,0,0,0.160111999511719,1.63,0,-5400.240234375
100000000000000000000000,1,920625000,0,-44.5,1.63215555831032,0,0,0.160111999511719,1.63,0,-5400.240234375
100000000000000000000004,1,920625000,0,-50.5,5.2032628325081,0,0,0.160111999511719,1.63,0,-5400.240234375
100000000000000000000002,1,920625000,0,-46.5,4.47922390062607,0,0,0.160111999511719,1.63,0,-5400.240234375
100000000000000000000003,1,920625000,0,-47,4.94555406014331,0,0,0.160111999511719,1.63,0,-5400.240234375
100000000000000000000001,1,920625000,0,-44.5,1.84077694546277,0,0,0.160111999511719,1.63,0,-5400.240234375
100000000000000000000004,1,920625000,0,-50,5.20939875565964,0,0,0.160111999511719,1.63,0,-5400.240234375
100000000000000000000002,1,920625000,0,-46.5,4.47922390062607,0,0,0.160111999511719,1.63,0,-5400.240234375
100000000000000000000000,1,920625000,0,-44,1.63829148146186,0,0,0.160111999511719,1.63,0,-5400.240234375
100000000000000000000003,1,920625000,0,-46.5,4.95782590644639,0,0,0.160111999511719,1.63,0,-5400.240234375
100000000000000000000002,1,920625000,0,-46.5,4.4976316700807,0,0,0.160111999511719,1.63,0,-5400.240234375
100000000000000000000001,1,920625000,0,-44.5,1.82850509915968,0,0,0.160111999511719,1.63,0,-5400.240234375
100000000000000000000000,1,920625000,0,-44.5,1.67510702037112,0,0,0.160111999511719,1.63,0,-5400.240234375
100000000000000000000004,1,920625000,0,-50,5.22780652511427,0,0,0.160111999511719,1.63,0,-5400.240234375
100000000000000000000001,1,920625000,0,-44.5,1.82236917600814,0,0,0.160111999511719,1.63,0,-5400.240234375
100000000000000000000000,1,920625000,0,-44.5,1.65056332776495,0,0,0.160111999511719,1.63,0,-5400.240234375
100000000000000000000003,1,920625000,0,-47,4.92101036753714,0,0,0.160111999511719,1.63,0,-5400.240234375
100000000000000000000004,1,920625000,0,-50,5.2032628325081,0,0,0.160111999511719,1.63,0,-5400.240234375
100000000000000000000002,1,920625000,0,-46.5,4.50376759323224,0,0,0.160111999511719,1.63,0,-5400.240234375
100000000000000000000000,1,920625000,0,-44,1.63829148146186,0,0,0.160111999511719,1.63,0,-5400.240234375
100000000000000000000004,1,920625000,0,-50,5.2032628325081,0,0,0.160111999511719,1.63,0,-5400.240234375
100000000000000000000003,1,920625000,0,-47,4.93941813699176,0,0,0.160111999511719,1.63,0,-5400.240234375
100000000000000000000002,1,920625000,0,-46.5,4.48535982377761,0,0,0.160111999511719,1.63,0,-5400.240234375
100000000000000000000001,1,920625000,0,-44.5,1.83464102231123,0,0,0.160111999511719,1.63,0,-5400.240234375
100000000000000000000003,1,920625000,0,-46.5,4.92101036753714,0,0,0.160111999511719,1.63,0,-5400.240234375
100000000000000000000001,1,920625000,0,-44.5,1.85304879176585,0,0,0.160111999511719,1.63,0,-5400.240234375
100000000000000000000000,1,920625000,0,-44.5,1.63829148146186,0,0,0.160111999511719,1.63,0,-5400.240234375
100000000000000000000002,1,920625000,0,-47,4.4976316700807,0,0,0.160111999511719,1.63,0,-5400.240234375
100000000000000000000004,1,920625000,0,-50.5,5.18485506305347,0,0,0.160111999511719,1.63,0,-5400.240234375
100000000000000000000000,1,920625000,0,-44.5,1.62601963515878,0,0,0.160111999511719,1.63,0,-5400.240234375
100000000000000000000004,1,920625000,0,-50,5.21553467881118,0,0,0.160111999511719,1.63,0,-5400.240234375
100000000000000000000002,1,920625000,0,-46.5,4.47308797747453,0,0,0.160111999511719,1.63,0,-5400.240234375
100000000000000000000003,1,920625000,0,-47,4.94555406014331,0,0,0.160111999511719,1.63,0,-5400.240234375
100000000000000000000001,1,920625000,0,-44.5,1.82850509915968,0,0,0.160111999511719,1.63,0,-5400.240234375
100000000000000000000004,1,920625000,0,-50,5.20939875565964,0,0,0.160111999511719,1.63,0,-5400.240234375
100000000000000000000000,1,920625000,0,-44.5,1.64442740461341,0,0,0.160111999511719,1.63,0,-5400.240234375
100000000000000000000002,1,920625000,0,-46.5,4.4546802080199,0,0,0.160111999511719,1.63,0,-5400.240234375
100000000000000000000003,1,920625000,0,-47,4.91487444438559,0,0,0.160111999511719,1.63,0,-5400.240234375
100000000000000000000001,1,920625000,0,-44.5,1.8162332528566,0,0,0.160111999511719,1.63,0,-5400.240234375
100000000000000000000000,1,920625000,0,-44.5,1.64442740461341,0,0,0.160111999511719,1.63,0,-5400.240234375
100000000000000000000003,1,920625000,0,-47,4.90873852123405,0,0,0.160111999511719,1.63,0,-5400.240234375
100000000000000000000002,1,920625000,0,-47,4.49149574692916,0,0,0.160111999511719,1.63,0,-5400.240234375
100000000000000000000001,1,920625000,0,-44.5,1.82236917600814,0,0,0.160111999511719,1.63,0,-5400.240234375
100000000000000000000004,1,920625000,0,-50.5,5.21553467881118,0,0,0.160111999511719,1.63,0,-5400.240234375
100000000000000000000000,1,920625000,0,-44.5,1.65056332776495,0,0,0.160111999511719,1.63,0,-5400.240234375
100000000000000000000001,1,920625000,0,-44.5,1.79782548340197,0,0,0.160111999511719,1.63,0,-5400.240234375
100000000000000000000002,1,920625000,0,-47,4.48535982377761,0,0,0.160111999511719,1.63,0,-5400.240234375
100000000000000000000003,1,920625000,0,-47,4.92714629068868,0,0,0.160111999511719,1.63,0,-5400.240234375
100000000000000000000004,1,920625000,0,-50.5,5.24621429456889,0,0,0.160111999511719,1.63,0,-5400.240234375
100000000000000000000000,1,920625000,0,-44,1.63215555831032,0,0,0.160111999511719,1.63,0,-5400.240234375
100000000000000000000002,1,920625000,0,-46.5,4.48535982377761,0,0,0.160111999511719,1.63,0,-5400.240234375
100000000000000000000001,1,920625000,0,-44.5,1.82236917600814,0,0,0.160111999511719,1.63,0,-5400.240234375
100000000000000000000003,1,920625000,0,-47,4.94555406014331,0,0,0.160111999511719,1.63,0,-5400.240234375
100000000000000000000004,1,920625000,0,-50,5.19099098620501,0,0,0.160111999511719,1.63,0,-5400.240234375
100000000000000000000002,1,920625000,0,-47,4.50376759323224,0,0,0.160111999511719,1.63,0,-5400.240234375
100000000000000000000001,1,920625000,0,-44.5,1.81009732970506,0,0,0.160111999511719,1.63,0,-5400.240234375
100000000000000000000004,1,920625000,0,-50.5,5.22780652511427,0,0,0.160111999511719,1.63,0,-5400.240234375
100000000000000000000000,1,920625000,0,-44,1.65669925091649,0,0,0.160111999511719,1.63,0,-5400.240234375
100000000000000000000003,1,920625000,0,-47,4.93941813699176,0,0,0.160111999511719,1.63,0,-5400.240234375
100000000000000000000003,1,920625000,0,-47,4.92714629068868,0,0,0.160111999511719,1.63,0,-5400.240234375
100000000000000000000001,1,920625000,0,-44.5,1.79782548340197,0,0,0.160111999511719,1.63,0,-5400.240234375
100000000000000000000000,1,920625000,0,-44.5,1.63829148146186,0,0,0.160111999511719,1.63,0,-5400.240234375
100000000000000000000004,1,920625000,0,-50.5,5.22167060196272,0,0,0.160111999511719,1.63,0,-5400.240234375
100000000000000000000002,1,920625000,0,-46.5,4.47308797747453,0,0,0.160111999511719,1.63,0,-5400.240234375
100000000000000000000002,1,920625000,0,-46.5,4.48535982377761,0,0,0.160111999511719,1.63,0,-5400.240234375
100000000000000000000000,1,920625000,0,-44.5,1.64442740461341,0,0,0.160111999511719,1.63,0,-5400.240234375
100000000000000000000003,1,920625000,0,-47,4.92101036753714,0,0,0.160111999511719,1.63,0,-5400.240234375
100000000000000000000004,1,920625000,0,-50.5,5.21553467881118,0,0,0.160111999511719,1.63,0,-5400.240234375
100000000000000000000001,1,920625000,0,-44.5,1.83464102231123,0,0,0.160111999511719,1.63,0,-5400.240234375
100000000000000000000001,1,920625000,0,-44.5,1.8162332528566,0,0,0.160111999511719,1.63,0,-5400.240234375
100000000000000000000004,1,920625000,0,-50.5,5.21553467881118,0,0,0.160111999511719,1.63,0,-5400.240234375
100000000000000000000002,1,920625000,0,-47,4.47922390062607,0,0,0.160111999511719,1.63,0,-5400.240234375
100000000000000000000003,1,920625000,0,-47,4.90260259808251,0,0,0.160111999511719,1.63,0,-5400.240234375
100000000000000000000000,1,920625000,0,-44.5,1.62601963515878,0,0,0.160111999511719,1.63,0,-5400.240234375
100000000000000000000002,1,920625000,0,-46.5,4.47308797747453,0,0,0.160111999511719,1.63,0,-5400.240234375
100000000000000000000003,1,920625000,0,-47,4.92101036753714,0,0,0.160111999511719,1.63,0,-5400.240234375
100000000000000000000000,1,920625000,0,-44.5,1.64442740461341,0,0,0.160111999511719,1.63,0,-5400.240234375
100000000000000000000001,1,920625000,0,-44.5,1.83464102231123,0,0,0.160111999511719,1.63,0,-5400.240234375
100000000000000000000004,1,920625000,0,-50.5,5.20939875565964,0,0,0.160111999511719,1.63,0,-5400.240234375
100000000000000000000001,1,920625000,0,-44.5,1.83464102231123,0,0,0.160111999511719,1.63,0,-5400.240234375
100000000000000000000003,1,920625000,0,-46.5,4.92714629068868,0,0,0.160111999511719,1.63,0,-5400.240234375
100000000000000000000004,1,920625000,0,-50,5.22167060196272,0,0,0.160111999511719,1.63,0,-5400.240234375
100000000000000000000000,1,920625000,0,-44.5,1.62601963515878,0,0,0.160111999511719,1.63,0,-5400.240234375
100000000000000000000002,1,920625000,0,-46.5,4.46695205432299,0,0,0.160111999511719,1.63,0,-5400.240234375
100000000000000000000003,1,920625000,0,-47,4.91487444438559,0,0,0.160111999511719,1.63,0,-5400.240234375
100000000000000000000000,1,920625000,0,-44.5,1.66283517406803,0,0,0.160111999511719,1.63,0,-5400.240234375
100000000000000000000001,1,920625000,0,-44.5,1.84077694546277,0,0,0.160111999511719,1.63,0,-5400.240234375
100000000000000000000002,1,920625000,0,-47,4.50376759323224,0,0,0.160111999511719,1.63,0,-5400.240234375
100000000000000000000004,1,920625000,0,-50,5.21553467881118,0,0,0.160111999511719,1.63,0,-5400.240234375
100000000000000000000000,1,920625000,0,-44.5,1.62601963515878,0,0,0.160111999511719,1.63,0,-5400.240234375
100000000000000000000001,1,920625000,0,-44.5,1.82850509915968,0,0,0.160111999511719,1.63,0,-5400.240234375
100000000000000000000003,1,920625000,0,-47,4.95168998329485,0,0,0.160111999511719,1.63,0,-5400.240234375
100000000000000000000004,1,920625000,0,-50,5.22167060196272,0,0,0.160111999511719,1.63,0,-5400.240234375
100000000000000000000002,1,920625000,0,-47,4.49149574692916,0,0,0.160111999511719,1.63,0,-5400.240234375
100000000000000000000004,1,920625000,0,-50.5,5.21553467881118,0,0,0.160111999511719,1.63,0,-5400.240234375
100000000000000000000002,1,920625000,0,-47,4.47308797747453,0,0,0.160111999511719,1.63,0,-5400.240234375
100000000000000000000001,1,920625000,0,-44.5,1.82850509915968,0,0,0.160111999511719,1.63,0,-5400.240234375
100000000000000000000000,1,920625000,0,-44.5,1.63215555831032,0,0,0.160111999511719,1.63,0,-5400.240234375
100000000000000000000003,1,920625000,0,-47,4.92714629068868,0,0,0.160111999511719,1.63,0,-5400.240234375
100000000000000000000004,1,920625000,0,-50,5.22780652511427,0,0,0.160111999511719,1.63,0,-5400.240234375
100000000000000000000002,1,920625000,0,-46.5,4.47308797747453,0,0,0.160111999511719,1.63,0,-5400.240234375
100000000000000000000000,1,920625000,0,-44.5,1.65056332776495,0,0,0.160111999511719,1.63,0,-5400.240234375
100000000000000000000001,1,920625000,0,-44.5,1.83464102231123,0,0,0.160111999511719,1.63,0,-5400.240234375
100000000000000000000003,1,920625000,0,-46.5,4.93941813699176,0,0,0.160111999511719,1.63,0,-5400.240234375
100000000000000000000001,1,920625000,0,-44.5,1.82850509915968,0,0,0.160111999511719,1.63,0,-5400.240234375
100000000000000000000003,1,920625000,0,-47,4.95168998329485,0,0,0.160111999511719,1.63,0,-5400.240234375
100000000000000000000000,1,920625000,0,-44.5,1.63829148146186,0,0,0.160111999511719,1.63,0,-5400.240234375
100000000000000000000002,1,920625000,0,-46.5,4.50376759323224,0,0,0.160111999511719,1.63,0,-5400.240234375
100000000000000000000004,1,920625000,0,-50,5.21553467881118,0,0,0.160111999511719,1.63,0,-5400.240234375
100000000000000000000004,1,920625000,0,-50,5.24007837141735,0,0,0.160111999511719,1.63,0,-5400.240234375
100000000000000000000003,1,920625000,0,-47,4.93328221384022,0,0,0.160111999511719,1.63,0,-5400.240234375
100000000000000000000001,1,920625000,0,-44.5,1.82850509915968,0,0,0.160111999511719,1.63,0,-5400.240234375
100000000000000000000002,1,920625000,0,-47,4.4976316700807,0,0,0.160111999511719,1.63,0,-5400.240234375
100000000000000000000000,1,920625000,0,-44,1.64442740461341,0,0,0.160111999511719,1.63,0,-5400.240234375
100000000000000000000000,1,920625000,0,-44.5,1.63215555831032,0,0,0.160111999511719,1.63,0,-5400.240234375
100000000000000000000002,1,920625000,0,-46.5,4.48535982377761,0,0,0.160111999511719,1.63,0,-5400.240234375
100000000000000000000003,1,920625000,0,-47,4.92101036753714,0,0,0.160111999511719,1.63,0,-5400.240234375
100000000000000000000004,1,920625000,0,-50,5.20939875565964,0,0,0.160111999511719,1.63,0,-5400.240234375
100000000000000000000001,1,920625000,0,-44.5,1.83464102231123,0,0,0.160111999511719,1.63,0,-5400.240234375
100000000000000000000003,1,920625000,0,-47,4.95782590644639,0,0,0.160111999511719,1.63,0,-5400.240234375
100000000000000000000002,1,920625000,0,-47,4.4976316700807,0,0,0.160111999511719,1.63,0,-5400.240234375
100000000000000000000000,1,920625000,0,-44,1.61988371200724,0,0,0.160111999511719,1.63,0,-5400.240234375
100000000000000000000004,1,920625000,0,-50.5,5.21553467881118,0,0,0.160111999511719,1.63,0,-5400.240234375
100000000000000000000001,1,920625000,0,-44.5,1.82850509915968,0,0,0.160111999511719,1.63,0,-5400.240234375
100000000000000000000001,1,920625000,0,-44.5,1.84691286861431,0,0,0.160111999511719,1.63,0,-5400.240234375
100000000000000000000002,1,920625000,0,-46.5,4.49149574692916,0,0,0.160111999511719,1.63,0,-5400.240234375
100000000000000000000004,1,920625000,0,-50,5.17258321675038,0,0,0.160111999511719,1.63,0,-5400.240234375
100000000000000000000003,1,920625000,0,-47,4.93328221384022,0,0,0.160111999511719,1.63,0,-5400.240234375
100000000000000000000000,1,920625000,0,-44,1.63829148146186,0,0,0.160111999511719,1.63,0,-5400.240234375
100000000000000000000002,1,920625000,0,-46.5,4.4976316700807,0,0,0.160111999511719,1.63,0,-5400.240234375
100000000000000000000001,1,920625000,0,-44.5,1.79782548340197,0,0,0.160111999511719,1.63,0,-5400.240234375
100000000000000000000000,1,920625000,0,-44.5,1.65669925091649,0,0,0.160111999511719,1.63,0,-5400.240234375
100000000000000000000003,1,920625000,0,-47,4.90260259808251,0,0,0.160111999511719,1.63,0,-5400.240234375
100000000000000000000004,1,920625000,0,-50,5.23394244826581,0,0,0.160111999511719,1.63,0,-5400.240234375
100000000000000000000000,1,920625000,0,-44,1.64442740461341,0,0,0.160111999511719,1.63,0,-5400.240234375
100000000000000000000004,1,920625000,0,-50,5.21553467881118,0,0,0.160111999511719,1.63,0,-5400.240234375
100000000000000000000002,1,920625000,0,-46.5,4.48535982377761,0,0,0.160111999511719,1.63,0,-5400.240234375
100000000000000000000001,1,920625000,0,-44.5,1.82850509915968,0,0,0.160111999511719,1.63,0,-5400.240234375
100000000000000000000003,1,920625000,0,-47,4.95168998329485,0,0,0.160111999511719,1.63,0,-5400.240234375
100000000000000000000000,1,920625000,0,-44.5,1.65056332776495,0,0,0.160111999511719,1.63,0,-5400.240234375
100000000000000000000004,1,920625000,0,-50,5.20939875565964,0,0,0.160111999511719,1.63,0,-5400.240234375
100000000000000000000003,1,920625000,0,-47,4.94555406014331,0,0,0.160111999511719,1.63,0,-5400.240234375
100000000000000000000001,1,920625000,0,-44.5,1.82850509915968,0,0,0.160111999511719,1.63,0,-5400.240234375
100000000000000000000002,1,920625000,0,-46.5,4.49149574692916,0,0,0.160111999511719,1.63,0,-5400.240234375
100000000000000000000001,1,920625000,0,-44.5,1.82850509915968,0,0,0.160111999511719,1.63,0,-5400.240234375
100000000000000000000002,1,920625000,0,-47,4.4976316700807,0,0,0.160111999511719,1.63,0,-5400.240234375
100000000000000000000003,1,920625000,0,-46.5,4.92714629068868,0,0,0.160111999511719,1.63,0,-5400.240234375
100000000000000000000000,1,920625000,0,-44.5,1.64442740461341,0,0,0.160111999511719,1.63,0,-5400.240234375
100000000000000000000004,1,920625000,0,-50,5.22167060196272,0,0,0.160111999511719,1.63,0,-5400.240234375
100000000000000000000004,1,920625000,0,-50,5.22780652511427,0,0,0.160111999511719,1.63,0,-5400.240234375
100000000000000000000001,1,920625000,0,-44.5,1.82236917600814,0,0,0.160111999511719,1.63,0,-5400.240234375
100000000000000000000003,1,920625000,0,-46.5,4.91487444438559,0,0,0.160111999511719,1.63,0,-5400.240234375
100000000000000000000002,1,920625000,0,-46.5,4.47922390062607,0,0,0.160111999511719,1.63,0,-5400.240234375
100000000000000000000000,1,920625000,0,-44.5,1.66283517406803,0,0,0.160111999511719,1.63,0,-5400.240234375
100000000000000000000003,1,920625000,0,-47,4.91487444438559,0,0,0.160111999511719,1.63,0,-5400.240234375
100000000000000000000004,1,920625000,0,-50,5.19712690935655,0,0,0.160111999511719,1.63,0,-5400.240234375
100000000000000000000001,1,920625000,0,-44.5,1.82236917600814,0,0,0.160111999511719,1.63,0,-5400.240234375
100000000000000000000002,1,920625000,0,-46.5,4.49149574692916,0,0,0.160111999511719,1.63,0,-5400.240234375
100000000000000000000000,1,920625000,0,-44.5,1.64442740461341,0,0,0.160111999511719,1.63,0,-5400.240234375
100000000000000000000002,1,920625000,0,-46.5,4.48535982377761,0,0,0.160111999511719,1.63,0,-5400.240234375
100000000000000000000003,1,920625000,0,-47,4.93328221384022,0,0,0.160111999511719,1.63,0,-5400.240234375
100000000000000000000004,1,920625000,0,-50,5.19712690935655,0,0,0.160111999511719,1.63,0,-5400.240234375
100000000000000000000000,1,920625000,0,-44.5,1.66283517406803,0,0,0.160111999511719,1.63,0,-5400.240234375
100000000000000000000001,1,920625000,0,-44.5,1.81009732970506,0,0,0.160111999511719,1.63,0,-5400.240234375
100000000000000000000001,1,920625000,0,-44.5,1.84077694546277,0,0,0.160111999511719,1.63,0,-5400.240234375
100000000000000000000003,1,920625000,0,-46.5,4.93941813699176,0,0,0.160111999511719,1.63,0,-5400.240234375
100000000000000000000002,1,920625000,0,-47,4.51603943953533,0,0,0.160111999511719,1.63,0,-5400.240234375
100000000000000000000000,1,920625000,0,-44.5,1.65669925091649,0,0,0.160111999511719,1.63,0,-5400.240234375
100000000000000000000004,1,920625000,0,-50,5.22167060196272,0,0,0.160111999511719,1.63,0,-5400.240234375
100000000000000000000002,1,920625000,0,-46.5,4.46695205432299,0,0,0.160111999511719,1.63,0,-5400.240234375
100000000000000000000001,1,920625000,0,-44.5,1.8162332528566,0,0,0.160111999511719,1.63,0,-5400.240234375
100000000000000000000000,1,920625000,0,-44.5,1.63829148146186,0,0,0.160111999511719,1.63,0,-5400.240234375
100000000000000000000004,1,920625000,0,-50,5.24621429456889,0,0,0.160111999511719,1.63,0,-5400.240234375
100000000000000000000003,1,920625000,0,-46.5,4.93328221384022,0,0,0.160111999511719,1.63,0,-5400.240234375
100000000000000000000002,1,920625000,0,-46.5,4.47922390062607,0,0,0.160111999511719,1.63,0,-5400.240234375
100000000000000000000001,1,920625000,0,-44.5,1.82850509915968,0,0,0.160111999511719,1.63,0,-5400.240234375
100000000000000000000000,1,920625000,0,-44.5,1.66283517406803,0,0,0.160111999511719,1.63,0,-5400.240234375
100000000000000000000003,1,920625000,0,-47,4.92714629068868,0,0,0.160111999511719,1.63,0,-5400.240234375
100000000000000000000004,1,920625000,0,-50,5.20939875565964,0,0,0.160111999511719,1.63,0,-5400.240234375
100000000000000000000003,1,920625000,0,-46.5,4.93328221384022,0,0,0.160111999511719,1.63,0,-5400.240234375
100000000000000000000004,1,920625000,0,-50.5,5.2032628325081,0,0,0.160111999511719,1.63,0,-5400.240234375
100000000000000000000002,1,920625000,0,-47,4.47308797747453,0,0,0.160111999511719,1.63,0,-5400.240234375
100000000000000000000001,1,920625000,0,-44.5,1.82850509915968,0,0,0.160111999511719,1.63,0,-5400.240234375
100000000000000000000000,1,920625000,0,-44.5,1.63829148146186,0,0,0.160111999511719,1.63,0,-5400.240234375
100000000000000000000004,1,920625000,0,-50,5.19712690935655,0,0,0.160111999511719,1.63,0,-5400.240234375
100000000000000000000003,1,920625000,0,-46.5,4.94555406014331,0,0,0.160111999511719,1.63,0,-5400.240234375
100000000000000000000002,1,920625000,0,-46.5,4.50376759323224,0,0,0.160111999511719,1.63,0,-5400.240234375
100000000000000000000001,1,920625000,0,-44.5,1.82850509915968,0,0,0.160111999511719,1.63,0,-5400.240234375
100000000000000000000000,1,920625000,0,-44.5,1.64442740461341,0,0,0.160111999511719,1.63,0,-5400.240234375
100000000000000000000004,1,920625000,0,-50,5.22780652511427,0,0,0.160111999511719,1.63,0,-5400.240234375
100000000000000000000000,1,920625000,0,-44.5,1.64442740461341,0,0,0.160111999511719,1.63,0,-5400.240234375
100000000000000000000003,1,920625000,0,-47,4.93941813699176,0,0,0.160111999511719,1.63,0,-5400.240234375
100000000000000000000001,1,920625000,0,-44.5,1.81009732970506,0,0,0.160111999511719,1.63,0,-5400.240234375
100000000000000000000002,1,920625000,0,-47,4.4976316700807,0,0,0.160111999511719,1.63,0,-5400.240234375
100000000000000000000002,1,920625000,0,-47,4.48535982377761,0,0,0.160111999511719,1.63,0,-5400.240234375
100000000000000000000004,1,920625000,0,-50,5.19099098620501,0,0,0.160111999511719,1.63,0,-5400.240234375
100000000000000000000000,1,920625000,0,-44,1.63215555831032,0,0,0.160111999511719,1.63,0,-5400.240234375
100000000000000000000001,1,920625000,0,-44.5,1.84691286861431,0,0,0.160111999511719,1.63,0,-5400.240234375
100000000000000000000003,1,920625000,0,-47,4.93941813699176,0,0,0.160111999511719,1.63,0,-5400.240234375
100000000000000000000004,1,920625000,0,-50,5.20939875565964,0,0,0.160111999511719,1.63,0,-5400.240234375
100000000000000000000003,1,920625000,0,-47,4.91487444438559,0,0,0.160111999511719,1.63,0,-5400.240234375
100000000000000000000002,1,920625000,0,-47,4.47308797747453,0,0,0.160111999511719,1.63,0,-5400.240234375
100000000000000000000000,1,920625000,0,-44.5,1.66283517406803,0,0,0.160111999511719,1.63,0,-5400.240234375
100000000000000000000001,1,920625000,0,-44.5,1.82236917600814,0,0,0.160111999511719,1.63,0,-5400.240234375
100000000000000000000000,1,920625000,0,-44,1.64442740461341,0,0,0.160111999511719,1.63,0,-5400.240234375
100000000000000000000004,1,920625000,0,-50,5.2032628325081,0,0,0.160111999511719,1.63,0,-5400.240234375
100000000000000000000002,1,920625000,0,-47,4.47308797747453,0,0,0.160111999511719,1.63,0,-5400.240234375
100000000000000000000001,1,920625000,0,-44.5,1.82236917600814,0,0,0.160111999511719,1.63,0,-5400.240234375
100000000000000000000003,1,920625000,0,-47,4.91487444438559,0,0,0.160111999511719,1.63,0,-5400.240234375
100000000000000000000000,1,920625000,0,-44.5,1.63215555831032,0,0,0.160111999511719,1.63,0,-5400.240234375
100000000000000000000002,1,920625000,0,-46.5,4.48535982377761,0,0,0.160111999511719,1.63,0,-5400.240234375
100000000000000000000001,1,920625000,0,-44.5,1.83464102231123,0,0,0.160111999511719,1.63,0,-5400.240234375
100000000000000000000004,1,920625000,0,-50.5,5.23394244826581,0,0,0.160111999511719,1.63,0,-5400.240234375
100000000000000000000003,1,920625000,0,-46.5,4.91487444438559,0,0,0.160111999511719,1.63,0,-5400.240234375
100000000000000000000002,1,920625000,0,-46.5,4.47922390062607,0,0,0.160111999511719,1.63,0,-5400.240234375
100000000000000000000000,1,920625000,0,-44.5,1.63215555831032,0,0,0.160111999511719,1.63,0,-5400.240234375
100000000000000000000003,1,920625000,0,-47,4.93328221384022,0,0,0.160111999511719,1.63,0,-5400.240234375
100000000000000000000001,1,920625000,0,-44.5,1.82850509915968,0,0,0.160111999511719,1.63,0,-5400.240234375
100000000000000000000004,1,920625000,0,-50,5.2032628325081,0,0,0.160111999511719,1.63,0,-5400.240234375
100000000000000000000002,1,920625000,0,-46.5,4.49149574692916,0,0,0.160111999511719,1.63,0,-5400.240234375
100000000000000000000004,1,920625000,0,-50,5.18485506305347,0,0,0.160111999511719,1.63,0,-5400.240234375
100000000000000000000000,1,920625000,0,-44,1.62601963515878,0,0,0.160111999511719,1.63,0,-5400.240234375
100000000000000000000003,1,920625000,0,-46.5,4.93328221384022,0,0,0.160111999511719,1.63,0,-5400.240234375
100000000000000000000001,1,920625000,0,-44.5,1.82850509915968,0,0,0.160111999511719,1.63,0,-5400.240234375
100000000000000000000002,1,920625000,0,-46.5,4.50376759323224,0,0,0.160111999511719,1.63,0,-5400.240234375
100000000000000000000001,1,920625000,0,-44.5,1.82850509915968,0,0,0.160111999511719,1.63,0,-5400.240234375
100000000000000000000000,1,920625000,0,-44.5,1.66283517406803,0,0,0.160111999511719,1.63,0,-5400.240234375
100000000000000000000004,1,920625000,0,-50,5.19712690935655,0,0,0.160111999511719,1.63,0,-5400.240234375
100000000000000000000003,1,920625000,0,-46.5,4.93941813699176,0,0,0.160111999511719,1.63,0,-5400.240234375
100000000000000000000000,1,920625000,0,-44.5,1.63215555831032,0,0,0.160111999511719,1.63,0,-5400.240234375
100000000000000000000002,1,920625000,0,-46.5,4.48535982377761,0,0,0.160111999511719,1.63,0,-5400.240234375
100000000000000000000004,1,920625000,0,-50,5.21553467881118,0,0,0.160111999511719,1.63,0,-5400.240234375
100000000000000000000003,1,920625000,0,-46.5,4.93328221384022,0,0,0.160111999511719,1.63,0,-5400.240234375
100000000000000000000001,1,920625000,0,-44.5,1.83464102231123,0,0,0.160111999511719,1.63,0,-5400.240234375
100000000000000000000003,1,920625000,0,-47,4.93941813699176,0,0,0.160111999511719,1.63,0,-5400.240234375
100000000000000000000001,1,920625000,0,-44.5,1.83464102231123,0,0,0.160111999511719,1.63,0,-5400.240234375
100000000000000000000002,1,920625000,0,-47,4.49149574692916,0,0,0.160111999511719,1.63,0,-5400.240234375
100000000000000000000000,1,920625000,0,-44.5,1.64442740461341,0,0,0.160111999511719,1.63,0,-5400.240234375
100000000000000000000004,1,920625000,0,-50,5.2032628325081,0,0,0.160111999511719,1.63,0,-5400.240234375
100000000000000000000002,1,920625000,0,-47,4.4976316700807,0,0,0.160111999511719,1.63,0,-5400.240234375
100000000000000000000004,1,920625000,0,-50.5,5.24007837141735,0,0,0.160111999511719,1.63,0,-5400.240234375
100000000000000000000000,1,920625000,0,-44,1.65056332776495,0,0,0.160111999511719,1.63,0,-5400.240234375
100000000000000000000003,1,920625000,0,-47,4.92101036753714,0,0,0.160111999511719,1.63,0,-5400.240234375
100000000000000000000001,1,920625000,0,-44.5,1.84077694546277,0,0,0.160111999511719,1.63,0,-5400.240234375
100000000000000000000003,1,920625000,0,-46.5,4.93328221384022,0,0,0.160111999511719,1.63,0,-5400.240234375
100000000000000000000002,1,920625000,0,-46.5,4.49149574692916,0,0,0.160111999511719,1.63,0,-5400.240234375
100000000000000000000000,1,920625000,0,-44.5,1.65056332776495,0,0,0.160111999511719,1.63,0,-5400.240234375
100000000000000000000004,1,920625000,0,-50,5.19712690935655,0,0,0.160111999511719,1.63,0,-5400.240234375
100000000000000000000001,1,920625000,0,-44.5,1.79782548340197,0,0,0.160111999511719,1.63,0,-5400.240234375
100000000000000000000001,1,920625000,0,-44.5,1.84691286861431,0,0,0.160111999511719,1.63,0,-5400.240234375
100000000000000000000000,1,920625000,0,-44.5,1.63829148146186,0,0,0.160111999511719,1.63,0,-5400.240234375
100000000000000000000004,1,920625000,0,-50.5,5.19099098620501,0,0,0.160111999511719,1.63,0,-5400.240234375
100000000000000000000003,1,920625000,0,-47,4.92714629068868,0,0,0.160111999511719,1.63,0,-5400.240234375
100000000000000000000002,1,920625000,0,-46.5,4.49149574692916,0,0,0.160111999511719,1.63,0,-5400.240234375
100000000000000000000004,1,920625000,0,-50,5.22780652511427,0,0,0.160111999511719,1.63,0,-5400.240234375
100000000000000000000001,1,920625000,0,-44.5,1.8162332528566,0,0,0.160111999511719,1.63,0,-5400.240234375
100000000000000000000000,1,920625000,0,-44.5,1.64442740461341,0,0,0.160111999511719,1.63,0,-5400.240234375
100000000000000000000003,1,920625000,0,-47,4.93328221384022,0,0,0.160111999511719,1.63,0,-5400.240234375
100000000000000000000002,1,920625000,0,-46.5,4.50376759323224,0,0,0.160111999511719,1.63,0,-5400.240234375
100000000000000000000000,1,920625000,0,-44,1.65056332776495,0,0,0.160111999511719,1.63,0,-5400.240234375
100000000000000000000001,1,920625000,0,-44.5,1.83464102231123,0,0,0.160111999511719,1.63,0,-5400.240234375
100000000000000000000002,1,920625000,0,-46.5,4.48535982377761,0,0,0.160111999511719,1.63,0,-5400.240234375
100000000000000000000003,1,920625000,0,-46.5,4.94555406014331,0,0,0.160111999511719,1.63,0,-5400.240234375
100000000000000000000004,1,920625000,0,-50,5.21553467881118,0,0,0.160111999511719,1.63,0,-5400.240234375
100000000000000000000002,1,920625000,0,-46.5,4.49149574692916,0,0,0.160111999511719,1.63,0,-5400.240234375
100000000000000000000000,1,920625000,0,-44.5,1.64442740461341,0,0,0.160111999511719,1.63,0,-5400.240234375
100000000000000000000003,1,920625000,0,-47,4.95168998329485,0,0,0.160111999511719,1.63,0,-5400.240234375
100000000000000000000004,1,920625000,0,-50,5.22780652511427,0,0,0.160111999511719,1.63,0,-5400.240234375
100000000000000000000001,1,920625000,0,-44.5,1.83464102231123,0,0,0.160111999511719,1.63,0,-5400.240234375
100000000000000000000003,1,920625000,0,-47,4.92714629068868,0,0,0.160111999511719,1.63,0,-5400.240234375
100000000000000000000002,1,920625000,0,-47,4.49149574692916,0,0,0.160111999511719,1.63,0,-5400.240234375
100000000000000000000000,1,920625000,0,-44,1.64442740461341,0,0,0.160111999511719,1.63,0,-5400.240234375
100000000000000000000004,1,920625000,0,-50,5.22780652511427,0,0,0.160111999511719,1.63,0,-5400.240234375
100000000000000000000001,1,920625000,0,-44.5,1.8162332528566,0,0,0.160111999511719,1.63,0,-5400.240234375
100000000000000000000003,1,920625000,0,-47,4.93328221384022,0,0,0.160111999511719,1.63,0,-5400.240234375
100000000000000000000000,1,920625000,0,-44.5,1.64442740461341,0,0,0.160111999511719,1.63,0,-5400.240234375
100000000000000000000004,1,920625000,0,-50.5,5.2032628325081,0,0,0.160111999511719,1.63,0,-5400.240234375
100000000000000000000002,1,920625000,0,-46.5,4.49149574692916,0,0,0.160111999511719,1.63,0,-5400.240234375
100000000000000000000001,1,920625000,0,-44.5,1.82850509915968,0,0,0.160111999511719,1.63,0,-5400.240234375
100000000000000000000000,1,920625000,0,-44.5,1.66283517406803,0,0,0.160111999511719,1.63,0,-5400.240234375
100000000000000000000002,1,920625000,0,-47,4.49149574692916,0,0,0.160111999511719,1.63,0,-5400.240234375
100000000000000000000004,1,920625000,0,-50,5.2032628325081,0,0,0.160111999511719,1.63,0,-5400.240234375
100000000000000000000003,1,920625000,0,-46.5,4.95168998329485,0,0,0.160111999511719,1.63,0,-5400.240234375
100000000000000000000001,1,920625000,0,-44.5,1.82236917600814,0,0,0.160111999511719,1.63,0,-5400.240234375
100000000000000000000002,1,920625000,0,-46.5,4.47922390062607,0,0,0.160111999511719,1.63,0,-5400.240234375
100000000000000000000004,1,920625000,0,-50,5.22167060196272,0,0,0.160111999511719,1.63,0,-5400.240234375
100000000000000000000003,1,920625000,0,-47,4.95168998329485,0,0,0.160111999511719,1.63,0,-5400.240234375
100000000000000000000001,1,920625000,0,-44.5,1.82236917600814,0,0,0.160111999511719,1.63,0,-5400.240234375
100000000000000000000000,1,920625000,0,-44,1.64442740461341,0,0,0.160111999511719,1.63,0,-5400.240234375
100000000000000000000001,1,920625000,0,-44.5,1.81009732970506,0,0,0.160111999511719,1.63,0,-5400.240234375
100000000000000000000002,1,920625000,0,-47,4.49149574692916,0,0,0.160111999511719,1.63,0,-5400.240234375
100000000000000000000003,1,920625000,0,-47,4.92714629068868,0,0,0.160111999511719,1.63,0,-5400.240234375
100000000000000000000004,1,920625000,0,-50,5.20939875565964,0,0,0.160111999511719,1.63,0,-5400.240234375
100000000000000000000000,1,920625000,0,-44,1.65669925091649,0,0,0.160111999511719,1.63,0,-5400.240234375
100000000000000000000002,1,920625000,0,-46.5,4.47308797747453,0,0,0.160111999511719,1.63,0,-5400.240234375
100000000000000000000003,1,920625000,0,-47,4.90873852123405,0,0,0.160111999511719,1.63,0,-5400.240234375
100000000000000000000004,1,920625000,0,-50,5.23394244826581,0,0,0.160111999511719,1.63,0,-5400.240234375
100000000000000000000000,1,920625000,0,-44.5,1.65056332776495,0,0,0.160111999511719,1.63,0,-5400.240234375
100000000000000000000001,1,920625000,0,-44.5,1.83464102231123,0,0,0.160111999511719,1.63,0,-5400.240234375
100000000000000000000001,1,920625000,0,-44.5,1.82236917600814,0,0,0.160111999511719,1.63,0,-5400.240234375
100000000000000000000000,1,920625000,0,-44,1.66283517406803,0,0,0.160111999511719,1.63,0,-5400.240234375
100000000000000000000004,1,920625000,0,-50,5.22780652511427,0,0,0.160111999511719,1.63,0,-5400.240234375
100000000000000000000003,1,920625000,0,-46.5,4.93328221384022,0,0,0.160111999511719,1.63,0,-5400.240234375
100000000000000000000002,1,920625000,0,-46.5,4.48535982377761,0,0,0.160111999511719,1.63,0,-5400.240234375
100000000000000000000003,1,920625000,0,-47,4.95168998329485,0,0,0.160111999511719,1.63,0,-5400.240234375
100000000000000000000001,1,920625000,0,-44.5,1.83464102231123,0,0,0.160111999511719,1.63,0,-5400.240234375
100000000000000000000000,1,920625000,0,-44.5,1.63215555831032,0,0,0.160111999511719,1.63,0,-5400.240234375
100000000000000000000004,1,920625000,0,-50.5,5.23394244826581,0,0,0.160111999511719,1.63,0,-5400.240234375
100000000000000000000002,1,920625000,0,-46.5,4.4976316700807,0,0,0.160111999511719,1.63,0,-5400.240234375
100000000000000000000004,1,920625000,0,-50.5,5.20939875565964,0,0,0.160111999511719,1.63,0,-5400.240234375
100000000000000000000002,1,920625000,0,-47,4.4976316700807,0,0,0.160111999511719,1.63,0,-5400.240234375
100000000000000000000003,1,920625000,0,-47,4.91487444438559,0,0,0.160111999511719,1.63,0,-5400.240234375
100000000000000000000001,1,920625000,0,-44.5,1.8162332528566,0,0,0.160111999511719,1.63,0,-5400.240234375
100000000000000000000000,1,920625000,0,-44.5,1.63829148146186,0,0,0.160111999511719,1.63,0,-5400.240234375
100000000000000000000002,1,920625000,0,-47,4.46695205432299,0,0,0.160111999511719,1.63,0,-5400.240234375
100000000000000000000000,1,920625000,0,-44.5,1.64442740461341,0,0,0.160111999511719,1.63,0,-5400.240234375
100000000000000000000001,1,920625000,0,-44.5,1.82236917600814,0,0,0.160111999511719,1.63,0,-5400.240234375
100000000000000000000004,1,920625000,0,-50,5.21553467881118,0,0,0.160111999511719,1.63,0,-5400.240234375
100000000000000000000003,1,920625000,0,-46.5,4.94555406014331,0,0,0.160111999511719,1.63,0,-5400.240234375
100000000000000000000001,1,920625000,0,-44.5,1.82850509915968,0,0,0.160111999511719,1.63,0,-5400.240234375
100000000000000000000004,1,920625000,0,-50,5.23394244826581,0,0,0.160111999511719,1.63,0,-5400.240234375
100000000000000000000003,1,920625000,0,-47,4.92101036753714,0,0,0.160111999511719,1.63,0,-5400.240234375
100000000000000000000000,1,920625000,0,-44.5,1.63215555831032,0,0,0.160111999511719,1.63,0,-5400.240234375
100000000000000000000002,1,920625000,0,-46.5,4.48535982377761,0,0,0.160111999511719,1.63,0,-5400.240234375
100000000000000000000004,1,920625000,0,-50,5.23394244826581,0,0,0.160111999511719,1.63,0,-5400.240234375
100000000000000000000000,1,920625000,0,-44.5,1.65056332776495,0,0,0.160111999511719,1.63,0,-5400.240234375
100000000000000000000002,1,920625000,0,-47,4.46695205432299,0,0,0.160111999511719,1.63,0,-5400.240234375
100000000000000000000003,1,920625000,0,-47,4.92714629068868,0,0,0.160111999511719,1.63,0,-5400.240234375
100000000000000000000001,1,920625000,0,-44.5,1.84077694546277,0,0,0.160111999511719,1.63,0,-5400.240234375
100000000000000000000000,1,920625000,0,-44.5,1.63829148146186,0,0,0.160111999511719,1.63,0,-5400.240234375
100000000000000000000003,1,920625000,0,-47,4.92714629068868,0,0,0.160111999511719,1.63,0,-5400.240234375
100000000000000000000001,1,920625000,0,-44.5,1.8162332528566,0,0,0.160111999511719,1.63,0,-5400.240234375
100000000000000000000002,1,920625000,0,-46.5,4.48535982377761,0,0,0.160111999511719,1.63,0,-5400.240234375
100000000000000000000004,1,920625000,0,-50,5.22780652511427,0,0,0.160111999511719,1.63,0,-5400.240234375
100000000000000000000001,1,920625000,0,-44.5,1.84077694546277,0,0,0.160111999511719,1.63,0,-5400.240234375
100000000000000000000003,1,920625000,0,-47,4.93941813699176,0,0,0.160111999511719,1.63,0,-5400.240234375
100000000000000000000000,1,920625000,0,-44.5,1.64442740461341,0,0,0.160111999511719,1.63,0,-5400.240234375
100000000000000000000002,1,920625000,0,-46.5,4.4976316700807,0,0,0.160111999511719,1.63,0,-5400.240234375
100000000000000000000004,1,920625000,0,-50,5.19712690935655,0,0,0.160111999511719,1.63,0,-5400.240234375
100000000000000000000002,1,920625000,0,-46.5,4.4546802080199,0,0,0.160111999511719,1.63,0,-5400.240234375
100000000000000000000001,1,920625000,0,-44.5,1.8162332528566,0,0,0.160111999511719,1.63,0,-5400.240234375
100000000000000000000000,1,920625000,0,-44,1.61988371200724,0,0,0.160111999511719,1.63,0,-5400.240234375
100000000000000000000003,1,920625000,0,-47,4.92101036753714,0,0,0.160111999511719,1.63,0,-5400.240234375
100000000000000000000004,1,920625000,0,-50.5,5.20939875565964,0,0,0.160111999511719,1.63,0,-5400.240234375
100000000000000000000001,1,920625000,0,-44.5,1.80396140655351,0,0,0.160111999511719,1.63,0,-5400.240234375
100000000000000000000000,1,920625000,0,-44.5,1.63829148146186,0,0,0.160111999511719,1.63,0,-5400.240234375
100000000000000000000003,1,920625000,0,-47,4.95782590644639,0,0,0.160111999511719,1.63,0,-5400.240234375
100000000000000000000004,1,920625000,0,-50,5.17871913990192,0,0,0.160111999511719,1.63,0,-5400.240234375
100000000000000000000002,1,920625000,0,-47,4.4546802080199,0,0,0.160111999511719,1.63,0,-5400.240234375
100000000000000000000002,1,920625000,0,-47,4.4976316700807,0,0,0.160111999511719,1.63,0,-5400.240234375
100000000000000000000003,1,920625000,0,-47,4.92714629068868,0,0,0.160111999511719,1.63,0,-5400.240234375
100000000000000000000001,1,920625000,0,-44.5,1.82236917600814,0,0,0.160111999511719,1.63,0,-5400.240234375
100000000000000000000004,1,920625000,0,-50,5.21553467881118,0,0,0.160111999511719,1.63,0,-5400.240234375
100000000000000000000000,1,920625000,0,-44.5,1.66897109721958,0,0,0.160111999511719,1.63,0,-5400.240234375
100000000000000000000001,1,920625000,0,-44.5,1.82236917600814,0,0,0.160111999511719,1.63,0,-5400.240234375
100000000000000000000003,1,920625000,0,-47,4.93941813699176,0,0,0.160111999511719,1.63,0,-5400.240234375
100000000000000000000000,1,920625000,0,-44.5,1.65056332776495,0,0,0.160111999511719,1.63,0,-5400.240234375
100000000000000000000002,1,920625000,0,-46.5,4.47308797747453,0,0,0.160111999511719,1.63,0,-5400.240234375
100000000000000000000004,1,920625000,0,-50.5,5.23394244826581,0,0,0.160111999511719,1.63,0,-5400.240234375
100000000000000000000004,1,920625000,0,-50,5.2032628325081,0,0,0.160111999511719,1.63,0,-5400.240234375
100000000000000000000003,1,920625000,0,-47,4.93941813699176,0,0,0.160111999511719,1.63,0,-5400.240234375
100000000000000000000000,1,920625000,0,-44.5,1.65056332776495,0,0,0.160111999511719,1.63,0,-5400.240234375
100000000000000000000001,1,920625000,0,-44.5,1.82850509915968,0,0,0.160111999511719,1.63,0,-5400.240234375
100000000000000000000002,1,920625000,0,-47,4.4546802080199,0,0,0.160111999511719,1.63,0,-5400.240234375
100000000000000000000001,1,920625000,0,-44.5,1.82850509915968,0,0,0.160111999511719,1.63,0,-5400.240234375
100000000000000000000004,1,920625000,0,-50,5.22780652511427,0,0,0.160111999511719,1.63,0,-5400.240234375
100000000000000000000003,1,920625000,0,-46.5,4.91487444438559,0,0,0.160111999511719,1.63,0,-5400.240234375
100000000000000000000000,1,920625000,0,-44.5,1.63829148146186,0,0,0.160111999511719,1.63,0,-5400.240234375
100000000000000000000002,1,920625000,0,-47,4.48535982377761,0,0,0.160111999511719,1.63,0,-5400.240234375
100000000000000000000000,1,920625000,0,-44.5,1.64442740461341,0,0,0.160111999511719,1.63,0,-5400.240234375
100000000000000000000004,1,920625000,0,-50,5.21553467881118,0,0,0.160111999511719,1.63,0,-5400.240234375
100000000000000000000003,1,920625000,0,-47,4.92714629068868,0,0,0.160111999511719,1.63,0,-5400.240234375
100000000000000000000001,1,920625000,0,-44.5,1.8162332528566,0,0,0.160111999511719,1.63,0,-5400.240234375
100000000000000000000002,1,920625000,0,-47,4.48535982377761,0,0,0.160111999511719,1.63,0,-5400.240234375
100000000000000000000004,1,920625000,0,-50,5.21553467881118,0,0,0.160111999511719,1.63,0,-5400.240234375
100000000000000000000001,1,920625000,0,-44.5,1.83464102231123,0,0,0.160111999511719,1.63,0,-5400.240234375
100000000000000000000002,1,920625000,0,-46.5,4.48535982377761,0,0,0.160111999511719,1.63,0,-5400.240234375
100000000000000000000000,1,920625000,0,-44,1.63215555831032,0,0,0.160111999511719,1.63,0,-5400.240234375
100000000000000000000003,1,920625000,0,-47,4.93941813699176,0,0,0.160111999511719,1.63,0,-5400.240234375
100000000000000000000004,1,920625000,0,-50.5,5.2032628325081,0,0,0.160111999511719,1.63,0,-5400.240234375
100000000000000000000003,1,920625000,0,-47,4.94555406014331,0,0,0.160111999511719,1.63,0,-5400.240234375
100000000000000000000001,1,920625000,0,-44.5,1.84691286861431,0,0,0.160111999511719,1.63,0,-5400.240234375
100000000000000000000002,1,920625000,0,-46.5,4.47308797747453,0,0,0.160111999511719,1.63,0,-5400.240234375
100000000000000000000000,1,920625000,0,-44.5,1.63829148146186,0,0,0.160111999511719,1.63,0,-5400.240234375
100000000000000000000003,1,920625000,0,-47,4.93941813699176,0,0,0.160111999511719,1.63,0,-5400.240234375
100000000000000000000004,1,920625000,0,-50,5.22167060196272,0,0,0.160111999511719,1.63,0,-5400.240234375
100000000000000000000001,1,920625000,0,-44.5,1.82850509915968,0,0,0.160111999511719,1.63,0,-5400.240234375
100000000000000000000000,1,920625000,0,-44,1.63215555831032,0,0,0.160111999511719,1.63,0,-5400.240234375
100000000000000000000002,1,920625000,0,-46.5,4.49149574692916,0,0,0.160111999511719,1.63,0,-5400.240234375
100000000000000000000003,1,920625000,0,-47,4.92714629068868,0,0,0.160111999511719,1.63,0,-5400.240234375
100000000000000000000004,1,920625000,0,-50.5,5.23394244826581,0,0,0.160111999511719,1.63,0,-5400.240234375
100000000000000000000002,1,920625000,0,-46.5,4.48535982377761,0,0,0.160111999511719,1.63,0,-5400.240234375
100000000000000000000000,1,920625000,0,-44.5,1.63215555831032,0,0,0.160111999511719,1.63,0,-5400.240234375
100000000000000000000001,1,920625000,0,-44.5,1.84077694546277,0,0,0.160111999511719,1.63,0,-5400.240234375
100000000000000000000003,1,920625000,0,-46.5,4.92101036753714,0,0,0.160111999511719,1.63,0,-5400.240234375
100000000000000000000002,1,920625000,0,-46.5,4.4976316700807,0,0,0.160111999511719,1.63,0,-5400.240234375
100000000000000000000001,1,920625000,0,-44.5,1.83464102231123,0,0,0.160111999511719,1.63,0,-5400.240234375
100000000000000000000004,1,920625000,0,-50.5,5.19712690935655,0,0,0.160111999511719,1.63,0,-5400.240234375
100000000000000000000000,1,920625000,0,-44,1.64442740461341,0,0,0.160111999511719,1.63,0,-5400.240234375
100000000000000000000003,1,920625000,0,-47,4.92101036753714,0,0,0.160111999511719,1.63,0,-5400.240234375
100000000000000000000004,1,920625000,0,-50.5,5.22780652511427,0,0,0.160111999511719,1.63,0,-5400.240234375
100000000000000000000000,1,920625000,0,-44.5,1.65056332776495,0,0,0.160111999511719,1.63,0,-5400.240234375
100000000000000000000001,1,920625000,0,-44.5,1.82850509915968,0,0,0.160111999511719,1.63,0,-5400.240234375
100000000000000000000002,1,920625000,0,-46.5,4.49149574692916,0,0,0.160111999511719,1.63,0,-5400.240234375
100000000000000000000004,1,920625000,0,-50.5,5.22780652511427,0,0,0.160111999511719,1.63,0,-5400.240234375
100000000000000000000000,1,920625000,0,-44,1.65056332776495,0,0,0.160111999511719,1.63,0,-5400.240234375
100000000000000000000003,1,920625000,0,-46.5,4.93328221384022,0,0,0.160111999511719,1.63,0,-5400.240234375
100000000000000000000001,1,920625000,0,-44.5,1.82850509915968,0,0,0.160111999511719,1.63,0,-5400.240234375
100000000000000000000002,1,920625000,0,-47,4.4976316700807,0,0,0.160111999511719,1.63,0,-5400.240234375
100000000000000000000001,1,920625000,0,-44.5,1.83464102231123,0,0,0.160111999511719,1.63,0,-5400.240234375
100000000000000000000003,1,920625000,0,-46.5,4.92714629068868,0,0,0.160111999511719,1.63,0,-5400.240234375
100000000000000000000002,1,920625000,0,-47,4.49149574692916,0,0,0.160111999511719,1.63,0,-5400.240234375
100000000000000000000000,1,920625000,0,-44.5,1.64442740461341,0,0,0.160111999511719,1.63,0,-5400.240234375
100000000000000000000004,1,920625000,0,-50,5.22167060196272,0,0,0.160111999511719,1.63,0,-5400.240234375
100000000000000000000003,1,920625000,0,-47,4.95168998329485,0,0,0.160111999511719,1.63,0,-5400.240234375
100000000000000000000004,1,920625000,0,-50,5.22167060196272,0,0,0.160111999511719,1.63,0,-5400.240234375
100000000000000000000000,1,920625000,0,-44.5,1.65056332776495,0,0,0.160111999511719,1.63,0,-5400.240234375
100000000000000000000001,1,920625000,0,-44.5,1.8162332528566,0,0,0.160111999511719,1.63,0,-5400.240234375
100000000000000000000002,1,920625000,0,-47,4.49149574692916,0,0,0.160111999511719,1.63,0,-5400.240234375
100000000000000000000002,1,920625000,0,-47,4.48535982377761,0,0,0.160111999511719,1.63,0,-5400.240234375
100000000000000000000000,1,920625000,0,-44.5,1.65056332776495,0,0,0.160111999511719,1.63,0,-5400.240234375
100000000000000000000003,1,920625000,0,-47,4.92714629068868,0,0,0.160111999511719,1.63,0,-5400.240234375
100000000000000000000004,1,920625000,0,-50,5.19712690935655,0,0,0.160111999511719,1.63,0,-5400.240234375
100000000000000000000001,1,920625000,0,-44.5,1.81009732970506,0,0,0.160111999511719,1.63,0,-5400.240234375
100000000000000000000002,1,920625000,0,-46.5,4.48535982377761,0,0,0.160111999511719,1.63,0,-5400.240234375
100000000000000000000003,1,920625000,0,-46.5,4.93328221384022,0,0,0.160111999511719,1.63,0,-5400.240234375
100000000000000000000004,1,920625000,0,-50,5.21553467881118,0,0,0.160111999511719,1.63,0,-5400.240234375
100000000000000000000001,1,920625000,0,-44.5,1.82236917600814,0,0,0.160111999511719,1.63,0,-5400.240234375
100000000000000000000000,1,920625000,0,-44.5,1.65056332776495,0,0,0.160111999511719,1.63,0,-5400.240234375
100000000000000000000004,1,920625000,0,-50.5,5.23394244826581,0,0,0.160111999511719,1.63,0,-5400.240234375
100000000000000000000002,1,920625000,0,-46.5,4.50376759323224,0,0,0.160111999511719,1.63,0,-5400.240234375
100000000000000000000003,1,920625000,0,-47,4.95168998329485,0,0,0.160111999511719,1.63,0,-5400.240234375
100000000000000000000000,1,920625000,0,-44.5,1.66897109721958,0,0,0.160111999511719,1.63,0,-5400.240234375
100000000000000000000001,1,920625000,0,-44.5,1.84077694546277,0,0,0.160111999511719,1.63,0,-5400.240234375
100000000000000000000004,1,920625000,0,-50,5.2032628325081,0,0,0.160111999511719,1.63,0,-5400.240234375
100000000000000000000002,1,920625000,0,-46.5,4.47922390062607,0,0,0.160111999511719,1.63,0,-5400.240234375
100000000000000000000003,1,920625000,0,-46.5,4.94555406014331,0,0,0.160111999511719,1.63,0,-5400.240234375
100000000000000000000001,1,920625000,0,-44.5,1.82850509915968,0,0,0.160111999511719,1.63,0,-5400.240234375
100000000000000000000000,1,920625000,0,-44.5,1.65669925091649,0,0,0.160111999511719,1.63,0,-5400.240234375
100000000000000000000004,1,920625000,0,-50,5.20939875565964,0,0,0.160111999511719,1.63,0,-5400.240234375
100000000000000000000000,1,920625000,0,-44.5,1.65669925091649,0,0,0.160111999511719,1.63,0,-5400.240234375
100000000000000000000003,1,920625000,0,-47,4.92714629068868,0,0,0.160111999511719,1.63,0,-5400.240234375
100000000000000000000001,1,920625000,0,-44.5,1.83464102231123,0,0,0.160111999511719,1.63,0,-5400.240234375
100000000000000000000002,1,920625000,0,-46.5,4.47922390062607,0,0,0.160111999511719,1.63,0,-5400.240234375
100000000000000000000002,1,920625000,0,-46.5,4.48535982377761,0,0,0.160111999511719,1.63,0,-5400.240234375
100000000000000000000003,1,920625000,0,-47,4.93328221384022,0,0,0.160111999511719,1.63,0,-5400.240234375
100000000000000000000004,1,920625000,0,-50,5.20939875565964,0,0,0.160111999511719,1.63,0,-5400.240234375
100000000000000000000000,1,920625000,0,-44,1.64442740461341,0,0,0.160111999511719,1.63,0,-5400.240234375
100000000000000000000001,1,920625000,0,-44.5,1.82236917600814,0,0,0.160111999511719,1.63,0,-5400.240234375
100000000000000000000000,1,920625000,0,-44.5,1.65669925091649,0,0,0.160111999511719,1.63,0,-5400.240234375
100000000000000000000001,1,920625000,0,-44.5,1.81009732970506,0,0,0.160111999511719,1.63,0,-5400.240234375
100000000000000000000002,1,920625000,0,-47,4.50990351638379,0,0,0.160111999511719,1.63,0,-5400.240234375
100000000000000000000004,1,920625000,0,-50.5,5.19712690935655,0,0,0.160111999511719,1.63,0,-5400.240234375
100000000000000000000003,1,920625000,0,-46.5,4.93328221384022,0,0,0.160111999511719,1.63,0,-5400.240234375
100000000000000000000003,1,920625000,0,-47,4.91487444438559,0,0,0.160111999511719,1.63,0,-5400.240234375
100000000000000000000000,1,920625000,0,-44.5,1.65056332776495,0,0,0.160111999511719,1.63,0,-5400.240234375
100000000000000000000001,1,920625000,0,-44.5,1.83464102231123,0,0,0.160111999511719,1.63,0,-5400.240234375
100000000000000000000002,1,920625000,0,-46.5,4.4976316700807,0,0,0.160111999511719,1.63,0,-5400.240234375
100000000000000000000004,1,920625000,0,-50.5,5.22780652511427,0,0,0.160111999511719,1.63,0,-5400.240234375
100000000000000000000004,1,920625000,0,-50,5.19712690935655,0,0,0.160111999511719,1.63,0,-5400.240234375
100000000000000000000001,1,920625000,0,-44.5,1.83464102231123,0,0,0.160111999511719,1.63,0,-5400.240234375
100000000000000000000002,1,920625000,0,-46.5,4.50376759323224,0,0,0.160111999511719,1.63,0,-5400.240234375
100000000000000000000003,1,920625000,0,-47,4.92714629068868,0,0,0.160111999511719,1.63,0,-5400.240234375
100000000000000000000000,1,920625000,0,-44.5,1.65056332776495,0,0,0.160111999511719,1.63,0,-5400.240234375
100000000000000000000001,1,920625000,0,-44.5,1.8162332528566,0,0,0.160111999511719,1.63,0,-5400.240234375
100000000000000000000000,1,920625000,0,-44.5,1.64442740461341,0,0,0.160111999511719,1.63,0,-5400.240234375
100000000000000000000002,1,920625000,0,-47,4.4976316700807,0,0,0.160111999511719,1.63,0,-5400.240234375
100000000000000000000003,1,920625000,0,-47,4.90873852123405,0,0,0.160111999511719,1.63,0,-5400.240234375
100000000000000000000004,1,920625000,0,-50.5,5.24621429456889,0,0,0.160111999511719,1.63,0,-5400.240234375
100000000000000000000004,1,920625000,0,-50,5.21553467881118,0,0,0.160111999511719,1.63,0,-5400.240234375
100000000000000000000001,1,920625000,0,-44.5,1.84077694546277,0,0,0.160111999511719,1.63,0,-5400.240234375
100000000000000000000003,1,920625000,0,-46.5,4.94555406014331,0,0,0.160111999511719,1.63,0,-5400.240234375
100000000000000000000002,1,920625000,0,-46.5,4.47922390062607,0,0,0.160111999511719,1.63,0,-5400.240234375
100000000000000000000000,1,920625000,0,-44.5,1.65056332776495,0,0,0.160111999511719,1.63,0,-5400.240234375
100000000000000000000000,1,920625000,0,-44,1.63829148146186,0,0,0.160111999511719,1.63,0,-5400.240234375
100000000000000000000004,1,920625000,0,-50,5.21553467881118,0,0,0.160111999511719,1.63,0,-5400.240234375
100000000000000000000002,1,920625000,0,-47,4.4976316700807,0,0,0.160111999511719,1.63,0,-5400.240234375
100000000000000000000001,1,920625000,0,-44.5,1.84077694546277,0,0,0.160111999511719,1.63,0,-5400.240234375
100000000000000000000003,1,920625000,0,-47,4.92714629068868,0,0,0.160111999511719,1.63,0,-5400.240234375
100000000000000000000004,1,920625000,0,-50,5.22780652511427,0,0,0.160111999511719,1.63,0,-5400.240234375
100000000000000000000000,1,920625000,0,-44,1.65669925091649,0,0,0.160111999511719,1.63,0,-5400.240234375
100000000000000000000002,1,920625000,0,-47,4.47308797747453,0,0,0.160111999511719,1.63,0,-5400.240234375
100000000000000000000003,1,920625000,0,-47,4.95782590644639,0,0,0.160111999511719,1.63,0,-5400.240234375
100000000000000000000001,1,920625000,0,-44.5,1.82236917600814,0,0,0.160111999511719,1.63,0,-5400.240234375
100000000000000000000002,1,920625000,0,-46.5,4.47308797747453,0,0,0.160111999511719,1.63,0,-5400.240234375
100000000000000000000003,1,920625000,0,-47,4.95168998329485,0,0,0.160111999511719,1.63,0,-5400.240234375
100000000000000000000001,1,920625000,0,-44.5,1.80396140655351,0,0,0.160111999511719,1.63,0,-5400.240234375
100000000000000000000004,1,920625000,0,-50.5,5.20939875565964,0,0,0.160111999511719,1.63,0,-5400.240234375
100000000000000000000000,1,920625000,0,-44.5,1.63215555831032,0,0,0.160111999511719,1.63,0,-5400.240234375
100000000000000000000004,1,920625000,0,-50,5.19099098620501,0,0,0.160111999511719,1.63,0,-5400.240234375
100000000000000000000001,1,920625000,0,-44.5,1.83464102231123,0,0,0.160111999511719,1.63,0,-5400.240234375
100000000000000000000000,1,920625000,0,-44.5,1.66283517406803,0,0,0.160111999511719,1.63,0,-5400.240234375
100000000000000000000002,1,920625000,0,-46.5,4.48535982377761,0,0,0.160111999511719,1.63,0,-5400.240234375
100000000000000000000003,1,920625000,0,-47,4.92101036753714,0,0,0.160111999511719,1.63,0,-5400.240234375
100000000000000000000000,1,920625000,0,-44,1.63829148146186,0,0,0.160111999511719,1.63,0,-5400.240234375
100000000000000000000002,1,920625000,0,-47,4.50376759323224,0,0,0.160111999511719,1.63,0,-5400.240234375
100000000000000000000001,1,920625000,0,-44.5,1.82850509915968,0,0,0.160111999511719,1.63,0,-5400.240234375
100000000000000000000003,1,920625000,0,-47,4.92714629068868,0,0,0.160111999511719,1.63,0,-5400.240234375
100000000000000000000004,1,920625000,0,-50,5.21553467881118,0,0,0.160111999511719,1.63,0,-5400.240234375
100000000000000000000002,1,920625000,0,-46.5,4.4976316700807,0,0,0.160111999511719,1.63,0,-5400.240234375
100000000000000000000000,1,920625000,0,-44,1.66283517406803,0,0,0.160111999511719,1.63,0,-5400.240234375
100000000000000000000001,1,920625000,0,-44.5,1.84077694546277,0,0,0.160111999511719,1.63,0,-5400.240234375
100000000000000000000004,1,920625000,0,-50.5,5.20939875565964,0,0,0.160111999511719,1.63,0,-5400.240234375
100000000000000000000003,1,920625000,0,-47,4.95168998329485,0,0,0.160111999511719,1.63,0,-5400.240234375
100000000000000000000002,1,920625000,0,-46.5,4.47922390062607,0,0,0.160111999511719,1.63,0,-5400.240234375
100000000000000000000004,1,920625000,0,-50,5.21553467881118,0,0,0.160111999511719,1.63,0,-5400.240234375
100000000000000000000001,1,920625000,0,-44.5,1.85304879176585,0,0,0.160111999511719,1.63,0,-5400.240234375
100000000000000000000000,1,920625000,0,-44.5,1.63829148146186,0,0,0.160111999511719,1.63,0,-5400.240234375
100000000000000000000003,1,920625000,0,-47,4.92714629068868,0,0,0.160111999511719,1.63,0,-5400.240234375
100000000000000000000004,1,920625000,0,-50,5.23394244826581,0,0,0.160111999511719,1.63,0,-5400.240234375
100000000000000000000001,1,920625000,0,-44.5,1.79782548340197,0,0,0.160111999511719,1.63,0,-5400.240234375
100000000000000000000000,1,920625000,0,-44,1.66283517406803,0,0,0.160111999511719,1.63,0,-5400.240234375
100000000000000000000003,1,920625000,0,-47,4.93941813699176,0,0,0.160111999511719,1.63,0,-5400.240234375
100000000000000000000002,1,920625000,0,-46.5,4.46695205432299,0,0,0.160111999511719,1.63,0,-5400.240234375
100000000000000000000000,1,920625000,0,-44,1.66283517406803,0,0,0.160111999511719,1.63,0,-5400.240234375
100000000000000000000002,1,920625000,0,-46.5,4.48535982377761,0,0,0.160111999511719,1.63,0,-5400.240234375
100000000000000000000003,1,920625000,0,-47,4.92714629068868,0,0,0.160111999511719,1.63,0,-5400.240234375
100000000000000000000001,1,920625000,0,-44.5,1.84691286861431,0,0,0.160111999511719,1.63,0,-5400.240234375
100000000000000000000004,1,920625000,0,-50,5.20939875565964,0,0,0.160111999511719,1.63,0,-5400.240234375
100000000000000000000003,1,920625000,0,-46.5,4.92101036753714,0,0,0.160111999511719,1.63,0,-5400.240234375
100000000000000000000001,1,920625000,0,-44.5,1.82236917600814,0,0,0.160111999511719,1.63,0,-5400.240234375
100000000000000000000000,1,920625000,0,-44,1.66897109721958,0,0,0.160111999511719,1.63,0,-5400.240234375
100000000000000000000002,1,920625000,0,-46.5,4.4976316700807,0,0,0.160111999511719,1.63,0,-5400.240234375
100000000000000000000004,1,920625000,0,-50,5.22780652511427,0,0,0.160111999511719,1.63,0,-5400.240234375
100000000000000000000004,1,920625000,0,-50,5.21553467881118,0,0,0.160111999511719,1.63,0,-5400.240234375
100000000000000000000000,1,920625000,0,-44,1.66897109721958,0,0,0.160111999511719,1.63,0,-5400.240234375
100000000000000000000003,1,920625000,0,-47,4.90260259808251,0,0,0.160111999511719,1.63,0,-5400.240234375
100000000000000000000001,1,920625000,0,-44.5,1.80396140655351,0,0,0.160111999511719,1.63,0,-5400.240234375
100000000000000000000002,1,920625000,0,-46.5,4.4976316700807,0,0,0.160111999511719,1.63,0,-5400.240234375
100000000000000000000001,1,920625000,0,-44.5,1.83464102231123,0,0,0.160111999511719,1.63,0,-5400.240234375
100000000000000000000000,1,920625000,0,-44.5,1.63215555831032,0,0,0.160111999511719,1.63,0,-5400.240234375
100000000000000000000002,1,920625000,0,-47,4.48535982377761,0,0,0.160111999511719,1.63,0,-5400.240234375
100000000000000000000003,1,920625000,0,-47,4.92714629068868,0,0,0.160111999511719,1.63,0,-5400.240234375
100000000000000000000004,1,920625000,0,-50,5.17258321675038,0,0,0.160111999511719,1.63,0,-5400.240234375
100000000000000000000002,1,920625000,0,-47,4.4976316700807,0,0,0.160111999511719,1.63,0,-5400.240234375
100000000000000000000003,1,920625000,0,-46.5,4.93941813699176,0,0,0.160111999511719,1.63,0,-5400.240234375
100000000000000000000000,1,920625000,0,-44.5,1.63829148146186,0,0,0.160111999511719,1.63,0,-5400.240234375
100000000000000000000004,1,920625000,0,-50,5.2032628325081,0,0,0.160111999511719,1.63,0,-5400.240234375
100000000000000000000001,1,920625000,0,-44.5,1.82236917600814,0,0,0.160111999511719,1.63,0,-5400.240234375
100000000000000000000002,1,920625000,0,-46.5,4.47922390062607,0,0,0.160111999511719,1.63,0,-5400.240234375
100000000000000000000003,1,920625000,0,-46.5,4.92714629068868,0,0,0.160111999511719,1.63,0,-5400.240234375
100000000000000000000000,1,920625000,0,-44.5,1.65056332776495,0,0,0.160111999511719,1.63,0,-5400.240234375
100000000000000000000001,1,920625000,0,-44.5,1.84077694546277,0,0,0.160111999511719,1.63,0,-5400.240234375
100000000000000000000004,1,920625000,0,-50,5.22167060196272,0,0,0.160111999511719,1.63,0,-5400.240234375
100000000000000000000002,1,920625000,0,-46.5,4.49149574692916,0,0,0.160111999511719,1.63,0,-5400.240234375
100000000000000000000004,1,920625000,0,-50,5.21553467881118,0,0,0.160111999511719,1.63,0,-5400.240234375
100000000000000000000003,1,920625000,0,-47,4.95782590644639,0,0,0.160111999511719,1.63,0,-5400.240234375
100000000000000000000000,1,920625000,0,-44,1.65056332776495,0,0,0.160111999511719,1.63,0,-5400.240234375
100000000000000000000001,1,920625000,0,-44.5,1.84077694546277,0,0,0.160111999511719,1.63,0,-5400.240234375
100000000000000000000000,1,920625000,0,-44,1.64442740461341,0,0,0.160111999511719,1.63,0,-5400.240234375
100000000000000000000001,1,920625000,0,-44.5,1.83464102231123,0,0,0.160111999511719,1.63,0,-5400.240234375
100000000000000000000004,1,920625000,0,-50,5.2032628325081,0,0,0.160111999511719,1.63,0,-5400.240234375
100000000000000000000002,1,920625000,0,-47,4.49149574692916,0,0,0.160111999511719,1.63,0,-5400.240234375
100000000000000000000003,1,920625000,0,-47,4.92714629068868,0,0,0.160111999511719,1.63,0,-5400.240234375
100000000000000000000003,1,920625000,0,-47,4.92714629068868,0,0,0.160111999511719,1.63,0,-5400.240234375
100000000000000000000000,1,920625000,0,-44.5,1.65669925091649,0,0,0.160111999511719,1.63,0,-5400.240234375
100000000000000000000001,1,920625000,0,-44.5,1.82236917600814,0,0,0.160111999511719,1.63,0,-5400.240234375
100000000000000000000004,1,920625000,0,-50.5,5.17871913990192,0,0,0.160111999511719,1.63,0,-5400.240234375
100000000000000000000002,1,920625000,0,-46.5,4.47308797747453,0,0,0.160111999511719,1.63,0,-5400.240234375
100000000000000000000003,1,921125000,0,-46.5,5.13576767784113,0,0,0.160111999511719,1.63,0,-5400.240234375
100000000000000000000000,1,921125000,0,-43.5,1.8591847149174,0,0,0.160111999511719,1.63,0,-5400.240234375
100000000000000000000001,1,921125000,0,-44.5,2.03099056316059,0,0,0.160111999511719,1.63,0,-5400.240234375
100000000000000000000002,1,921125000,0,-47,4.68784528777852,0,0,0.160111999511719,1.63,0,-5400.240234375
100000000000000000000004,1,921125000,0,-51,5.42415606596363,0,0,0.160111999511719,1.63,0,-5400.240234375
100000000000000000000004,1,921125000,0,-50.5,5.4486997585698,0,0,0.160111999511719,1.63,0,-5400.240234375
100000000000000000000003,1,921125000,0,-46.5,5.1603113704473,0,0,0.160111999511719,1.63,0,-5400.240234375
100000000000000000000000,1,921125000,0,-44,1.8591847149174,0,0,0.160111999511719,1.63,0,-5400.240234375
100000000000000000000002,1,921125000,0,-47,4.71238898038469,0,0,0.160111999511719,1.63,0,-5400.240234375
100000000000000000000001,1,921125000,0,-44.5,2.02485464000905,0,0,0.160111999511719,1.63,0,-5400.240234375
100000000000000000000001,1,921125000,0,-44.5,2.00031094740288,0,0,0.160111999511719,1.63,0,-5400.240234375
100000000000000000000002,1,921125000,0,-47,4.67557344147543,0,0,0.160111999511719,1.63,0,-5400.240234375
100000000000000000000003,1,921125000,0,-46.5,5.1603113704473,0,0,0.160111999511719,1.63,0,-5400.240234375
100000000000000000000000,1,921125000,0,-44,1.84691286861431,0,0,0.160111999511719,1.63,0,-5400.240234375
100000000000000000000004,1,921125000,0,-50.5,5.46710752802443,0,0,0.160111999511719,1.63,0,-5400.240234375
100000000000000000000002,1,921125000,0,-47,4.70011713408161,0,0,0.160111999511719,1.63,0,-5400.240234375
100000000000000000000000,1,921125000,0,-44,1.86532063806894,0,0,0.160111999511719,1.63,0,-5400.240234375
100000000000000000000004,1,921125000,0,-50.5,5.43642791226671,0,0,0.160111999511719,1.63,0,-5400.240234375
100000000000000000000001,1,921125000,0,-44.5,2.02485464000905,0,0,0.160111999511719,1.63,0,-5400.240234375
100000000000000000000003,1,921125000,0,-47,5.16644729359884,0,0,0.160111999511719,1.63,0,-5400.240234375
100000000000000000000004,1,921125000,0,-50.5,5.45483568172134,0,0,0.160111999511719,1.63,0,-5400.240234375
100000000000000000000003,1,921125000,0,-46.5,5.1603113704473,0,0,0.160111999511719,1.63,0,-5400.240234375
100000000000000000000002,1,921125000,0,-47,4.68784528777852,0,0,0.160111999511719,1.63,0,-5400.240234375
100000000000000000000001,1,921125000,0,-44.5,2.04326240946367,0,0,0.160111999511719,1.63,0,-5400.240234375
100000000000000000000000,1,921125000,0,-44,1.82850509915968,0,0,0.160111999511719,1.63,0,-5400.240234375
100000000000000000000001,1,921125000,0,-44.5,2.0187187168575,0,0,0.160111999511719,1.63,0,-5400.240234375
100000000000000000000004,1,921125000,0,-50.5,5.43029198911517,0,0,0.160111999511719,1.63,0,-5400.240234375
100000000000000000000003,1,921125000,0,-46.5,5.18485506305347,0,0,0.160111999511719,1.63,0,-5400.240234375
100000000000000000000000,1,921125000,0,-44,1.82850509915968,0,0,0.160111999511719,1.63,0,-5400.240234375
100000000000000000000002,1,921125000,0,-47,4.68784528777852,0,0,0.160111999511719,1.63,0,-5400.240234375
100000000000000000000002,1,921125000,0,-47,4.70625305723315,0,0,0.160111999511719,1.63,0,-5400.240234375
100000000000000000000003,1,921125000,0,-46.5,5.16644729359884,0,0,0.160111999511719,1.63,0,-5400.240234375
100000000000000000000004,1,921125000,0,-50.5,5.43029198911517,0,0,0.160111999511719,1.63,0,-5400.240234375
100000000000000000000000,1,921125000,0,-44,1.84077694546277,0,0,0.160111999511719,1.63,0,-5400.240234375
100000000000000000000001,1,921125000,0,-44.5,2.04326240946367,0,0,0.160111999511719,1.63,0,-5400.240234375
100000000000000000000003,1,921125000,0,-46.5,5.16644729359884,0,0,0.160111999511719,1.63,0,-5400.240234375
100000000000000000000002,1,921125000,0,-47,4.70625305723315,0,0,0.160111999511719,1.63,0,-5400.240234375
100000000000000000000004,1,921125000,0,-50.5,5.43029198911517,0,0,0.160111999511719,1.63,0,-5400.240234375
100000000000000000000000,1,921125000,0,-44,1.84077694546277,0,0,0.160111999511719,1.63,0,-5400.240234375
100000000000000000000001,1,921125000,0,-44.5,2.03099056316059,0,0,0.160111999511719,1.63,0,-5400.240234375
100000000000000000000004,1,921125000,0,-50.5,5.4486997585698,0,0,0.160111999511719,1.63,0,-5400.240234375
100000000000000000000003,1,921125000,0,-46.5,5.1603113704473,0,0,0.160111999511719,1.63,0,-5400.240234375
100000000000000000000000,1,921125000,0,-44,1.84077694546277,0,0,0.160111999511719,1.63,0,-5400.240234375
100000000000000000000002,1,921125000,0,-47,4.69398121093006,0,0,0.160111999511719,1.63,0,-5400.240234375
100000000000000000000001,1,921125000,0,-44.5,2.03712648631213,0,0,0.160111999511719,1.63,0,-5400.240234375
100000000000000000000000,1,921125000,0,-44,1.8591847149174,0,0,0.160111999511719,1.63,0,-5400.240234375
100000000000000000000003,1,921125000,0,-47,5.15417544729575,0,0,0.160111999511719,1.63,0,-5400.240234375
100000000000000000000001,1,921125000,0,-44.5,2.03712648631213,0,0,0.160111999511719,1.63,0,-5400.240234375
100000000000000000000002,1,921125000,0,-47,4.68784528777852,0,0,0.160111999511719,1.63,0,-5400.240234375
100000000000000000000004,1,921125000,0,-50.5,5.42415606596363,0,0,0.160111999511719,1.63,0,-5400.240234375
100000000000000000000004,1,921125000,0,-50.5,5.44256383541826,0,0,0.160111999511719,1.63,0,-5400.240234375
100000000000000000000003,1,921125000,0,-46.5,5.17871913990192,0,0,0.160111999511719,1.63,0,-5400.240234375
100000000000000000000001,1,921125000,0,-44.5,2.02485464000905,0,0,0.160111999511719,1.63,0,-5400.240234375
100000000000000000000000,1,921125000,0,-44,1.84077694546277,0,0,0.160111999511719,1.63,0,-5400.240234375
100000000000000000000002,1,921125000,0,-47,4.71238898038469,0,0,0.160111999511719,1.63,0,-5400.240234375
100000000000000000000004,1,921125000,0,-50.5,5.45483568172134,0,0,0.160111999511719,1.63,0,-5400.240234375
100000000000000000000001,1,921125000,0,-44.5,2.01258279370596,0,0,0.160111999511719,1.63,0,-5400.240234375
100000000000000000000000,1,921125000,0,-44,1.83464102231123,0,0,0.160111999511719,1.63,0,-5400.240234375
100000000000000000000003,1,921125000,0,-46.5,5.17871913990192,0,0,0.160111999511719,1.63,0,-5400.240234375
100000000000000000000002,1,921125000,0,-47,4.70625305723315,0,0,0.160111999511719,1.63,0,-5400.240234375
100000000000000000000000,1,921125000,0,-44,1.84077694546277,0,0,0.160111999511719,1.63,0,-5400.240234375
100000000000000000000001,1,921125000,0,-44.5,2.02485464000905,0,0,0.160111999511719,1.63,0,-5400.240234375
100000000000000000000002,1,921125000,0,-47,4.66330159517235,0,0,0.160111999511719,1.63,0,-5400.240234375
100000000000000000000003,1,921125000,0,-46.5,5.16644729359884,0,0,0.160111999511719,1.63,0,-5400.240234375
100000000000000000000004,1,921125000,0,-50.5,5.42415606596363,0,0,0.160111999511719,1.63,0,-5400.240234375
100000000000000000000003,1,921125000,0,-46.5,5.15417544729575,0,0,0.160111999511719,1.63,0,-5400.240234375
100000000000000000000000,1,921125000,0,-44,1.83464102231123,0,0,0.160111999511719,1.63,0,-5400.240234375
100000000000000000000004,1,921125000,0,-50.5,5.4486997585698,0,0,0.160111999511719,1.63,0,-5400.240234375
100000000000000000000001,1,921125000,0,-44.5,2.00031094740288,0,0,0.160111999511719,1.63,0,-5400.240234375
100000000000000000000002,1,921125000,0,-47,4.68784528777852,0,0,0.160111999511719,1.63,0,-5400.240234375
100000000000000000000001,1,921125000,0,-44.5,2.04326240946367,0,0,0.160111999511719,1.63,0,-5400.240234375
100000000000000000000002,1,921125000,0,-47,4.70625305723315,0,0,0.160111999511719,1.63,0,-5400.240234375
100000000000000000000003,1,921125000,0,-47,5.15417544729575,0,0,0.160111999511719,1.63,0,-5400.240234375
100000000000000000000004,1,921125000,0,-50.5,5.45483568172134,0,0,0.160111999511719,1.63,0,-5400.240234375
100000000000000000000000,1,921125000,0,-44,1.84691286861431,0,0,0.160111999511719,1.63,0,-5400.240234375
100000000000000000000003,1,921125000,0,-46.5,5.17871913990192,0,0,0.160111999511719,1.63,0,-5400.240234375
100000000000000000000002,1,921125000,0,-47,4.70625305723315,0,0,0.160111999511719,1.63,0,-5400.240234375
100000000000000000000000,1,921125000,0,-44,1.8591847149174,0,0,0.160111999511719,1.63,0,-5400.240234375
100000000000000000000004,1,921125000,0,-50.5,5.4486997585698,0,0,0.160111999511719,1.63,0,-5400.240234375
100000000000000000000001,1,921125000,0,-44.5,2.03099056316059,0,0,0.160111999511719,1.63,0,-5400.240234375
100000000000000000000000,1,921125000,0,-44,1.84077694546277,0,0,0.160111999511719,1.63,0,-5400.240234375
100000000000000000000002,1,921125000,0,-47,4.71238898038469,0,0,0.160111999511719,1.63,0,-5400.240234375
100000000000000000000004,1,921125000,0,-50.5,5.43642791226671,0,0,0.160111999511719,1.63,0,-5400.240234375
100000000000000000000003,1,921125000,0,-47,5.14803952414421,0,0,0.160111999511719,1.63,0,-5400.240234375
100000000000000000000001,1,921125000,0,-44.5,2.02485464000905,0,0,0.160111999511719,1.63,0,-5400.240234375
100000000000000000000004,1,921125000,0,-51,5.42415606596363,0,0,0.160111999511719,1.63,0,-5400.240234375
100000000000000000000003,1,921125000,0,-46.5,5.17871913990192,0,0,0.160111999511719,1.63,0,-5400.240234375
100000000000000000000000,1,921125000,0,-44,1.8591847149174,0,0,0.160111999511719,1.63,0,-5400.240234375
100000000000000000000001,1,921125000,0,-44.5,2.02485464000905,0,0,0.160111999511719,1.63,0,-5400.240234375
100000000000000000000002,1,921125000,0,-47,4.68784528777852,0,0,0.160111999511719,1.63,0,-5400.240234375
100000000000000000000004,1,921125000,0,-50.5,5.43029198911517,0,0,0.160111999511719,1.63,0,-5400.240234375
100000000000000000000000,1,921125000,0,-44,1.84077694546277,0,0,0.160111999511719,1.63,0,-5400.240234375
100000000000000000000001,1,921125000,0,-44.5,2.03712648631213,0,0,0.160111999511719,1.63,0,-5400.240234375
100000000000000000000002,1,921125000,0,-47,4.68784528777852,0,0,0.160111999511719,1.63,0,-5400.240234375
100000000000000000000003,1,921125000,0,-46.5,5.17258321675038,0,0,0.160111999511719,1.63,0,-5400.240234375
100000000000000000000004,1,921125000,0,-50.5,5.45483568172134,0,0,0.160111999511719,1.63,0,-5400.240234375
100000000000000000000000,1,921125000,0,-44,1.8591847149174,0,0,0.160111999511719,1.63,0,-5400.240234375
100000000000000000000001,1,921125000,0,-44.5,2.0187187168575,0,0,0.160111999511719,1.63,0,-5400.240234375
100000000000000000000003,1,921125000,0,-46.5,5.16644729359884,0,0,0.160111999511719,1.63,0,-5400.240234375
100000000000000000000002,1,921125000,0,-47,4.68170936462698,0,0,0.160111999511719,1.63,0,-5400.240234375
100000000000000000000004,1,921125000,0,-50.5,5.43029198911517,0,0,0.160111999511719,1.63,0,-5400.240234375
100000000000000000000003,1,921125000,0,-46.5,5.17258321675038,0,0,0.160111999511719,1.63,0,-5400.240234375
100000000000000000000002,1,921125000,0,-47,4.68170936462698,0,0,0.160111999511719,1.63,0,-5400.240234375
100000000000000000000000,1,921125000,0,-44,1.84077694546277,0,0,0.160111999511719,1.63,0,-5400.240234375
100000000000000000000001,1,921125000,0,-44.5,2.03712648631213,0,0,0.160111999511719,1.63,0,-5400.240234375
100000000000000000000001,1,921125000,0,-44.5,2.0187187168575,0,0,0.160111999511719,1.63,0,-5400.240234375
100000000000000000000004,1,921125000,0,-50.5,5.39961237335746,0,0,0.160111999511719,1.63,0,-5400.240234375
100000000000000000000000,1,921125000,0,-44,1.87759248437203,0,0,0.160111999511719,1.63,0,-5400.240234375
100000000000000000000003,1,921125000,0,-46.5,5.17258321675038,0,0,0.160111999511719,1.63,0,-5400.240234375
100000000000000000000002,1,921125000,0,-47,4.70011713408161,0,0,0.160111999511719,1.63,0,-5400.240234375
100000000000000000000004,1,921125000,0,-50.5,5.42415606596363,0,0,0.160111999511719,1.63,0,-5400.240234375
100000000000000000000002,1,921125000,0,-47,4.68784528777852,0,0,0.160111999511719,1.63,0,-5400.240234375
100000000000000000000000,1,921125000,0,-44,1.8591847149174,0,0,0.160111999511719,1.63,0,-5400.240234375
100000000000000000000001,1,921125000,0,-44.5,2.03712648631213,0,0,0.160111999511719,1.63,0,-5400.240234375
100000000000000000000003,1,921125000,0,-47,5.15417544729575,0,0,0.160111999511719,1.63,0,-5400.240234375
100000000000000000000001,1,921125000,0,-44.5,2.02485464000905,0,0,0.160111999511719,1.63,0,-5400.240234375
100000000000000000000004,1,921125000,0,-50.5,5.4486997585698,0,0,0.160111999511719,1.63,0,-5400.240234375
100000000000000000000003,1,921125000,0,-46.5,5.16644729359884,0,0,0.160111999511719,1.63,0,-5400.240234375
100000000000000000000002,1,921125000,0,-47,4.70625305723315,0,0,0.160111999511719,1.63,0,-5400.240234375
100000000000000000000000,1,921125000,0,-43.5,1.83464102231123,0,0,0.160111999511719,1.63,0,-5400.240234375
100000000000000000000001,1,921125000,0,-44.5,2.02485464000905,0,0,0.160111999511719,1.63,0,-5400.240234375
100000000000000000000002,1,921125000,0,-47,4.70625305723315,0,0,0.160111999511719,1.63,0,-5400.240234375
100000000000000000000004,1,921125000,0,-50.5,5.43029198911517,0,0,0.160111999511719,1.63,0,-5400.240234375
100000000000000000000003,1,921125000,0,-47,5.17258321675038,0,0,0.160111999511719,1.63,0,-5400.240234375
100000000000000000000000,1,921125000,0,-44,1.83464102231123,0,0,0.160111999511719,1.63,0,-5400.240234375
100000000000000000000003,1,921125000,0,-46.5,5.17258321675038,0,0,0.160111999511719,1.63,0,-5400.240234375
100000000000000000000002,1,921125000,0,-47,4.66943751832389,0,0,0.160111999511719,1.63,0,-5400.240234375
100000000000000000000004,1,921125000,0,-50.5,5.46097160487288,0,0,0.160111999511719,1.63,0,-5400.240234375
100000000000000000000000,1,921125000,0,-44,1.84691286861431,0,0,0.160111999511719,1.63,0,-5400.240234375
100000000000000000000001,1,921125000,0,-44.5,2.00031094740288,0,0,0.160111999511719,1.63,0,-5400.240234375
100000000000000000000004,1,921125000,0,-50.5,5.44256383541826,0,0,0.160111999511719,1.63,0,-5400.240234375
100000000000000000000001,1,921125000,0,-44.5,2.05553425576676,0,0,0.160111999511719,1.63,0,-5400.240234375
100000000000000000000000,1,921125000,0,-44,1.87145656122048,0,0,0.160111999511719,1.63,0,-5400.240234375
100000000000000000000002,1,921125000,0,-47,4.67557344147543,0,0,0.160111999511719,1.63,0,-5400.240234375
100000000000000000000003,1,921125000,0,-46.5,5.17258321675038,0,0,0.160111999511719,1.63,0,-5400.240234375
100000000000000000000003,1,921125000,0,-47,5.15417544729575,0,0,0.160111999511719,1.63,0,-5400.240234375
100000000000000000000000,1,921125000,0,-44,1.83464102231123,0,0,0.160111999511719,1.63,0,-5400.240234375
100000000000000000000004,1,921125000,0,-50.5,5.44256383541826,0,0,0.160111999511719,1.63,0,-5400.240234375
100000000000000000000002,1,921125000,0,-47,4.70625305723315,0,0,0.160111999511719,1.63,0,-5400.240234375
100000000000000000000001,1,921125000,0,-44.5,2.04326240946367,0,0,0.160111999511719,1.63,0,-5400.240234375
100000000000000000000001,1,921125000,0,-44.5,2.02485464000905,0,0,0.160111999511719,1.63,0,-5400.240234375
100000000000000000000004,1,921125000,0,-51,5.44256383541826,0,0,0.160111999511719,1.63,0,-5400.240234375
100000000000000000000003,1,921125000,0,-47,5.18485506305347,0,0,0.160111999511719,1.63,0,-5400.240234375
100000000000000000000000,1,921125000,0,-44,1.84691286861431,0,0,0.160111999511719,1.63,0,-5400.240234375
100000000000000000000002,1,921125000,0,-47,4.70011713408161,0,0,0.160111999511719,1.63,0,-5400.240234375
100000000000000000000000,1,921125000,0,-44,1.85304879176585,0,0,0.160111999511719,1.63,0,-5400.240234375
100000000000000000000002,1,921125000,0,-47,4.70011713408161,0,0,0.160111999511719,1.63,0,-5400.240234375
100000000000000000000004,1,921125000,0,-50.5,5.42415606596363,0,0,0.160111999511719,1.63,0,-5400.240234375
100000000000000000000003,1,921125000,0,-46.5,5.17871913990192,0,0,0.160111999511719,1.63,0,-5400.240234375
100000000000000000000001,1,921125000,0,-44.5,2.03712648631213,0,0,0.160111999511719,1.63,0,-5400.240234375
100000000000000000000000,1,921125000,0,-44,1.84077694546277,0,0,0.160111999511719,1.63,0,-5400.240234375
100000000000000000000002,1,921125000,0,-47,4.68170936462698,0,0,0.160111999511719,1.63,0,-5400.240234375
100000000000000000000003,1,921125000,0,-46.5,5.14803952414421,0,0,0.160111999511719,1.63,0,-5400.240234375
100000000000000000000001,1,921125000,0,-44.5,2.0187187168575,0,0,0.160111999511719,1.63,0,-5400.240234375
100000000000000000000004,1,921125000,0,-50.5,5.43642791226671,0,0,0.160111999511719,1.63,0,-5400.240234375
100000000000000000000004,1,921125000,0,-50.5,5.43029198911517,0,0,0.160111999511719,1.63,0,-5400.240234375
100000000000000000000000,1,921125000,0,-44,1.84691286861431,0,0,0.160111999511719,1.63,0,-5400.240234375
100000000000000000000003,1,921125000,0,-46.5,5.1603113704473,0,0,0.160111999511719,1.63,0,-5400.240234375
100000000000000000000002,1,921125000,0,-47,4.69398121093006,0,0,0.160111999511719,1.63,0,-5400.240234375
100000000000000000000001,1,921125000,0,-44.5,2.02485464000905,0,0,0.160111999511719,1.63,0,-5400.240234375
100000000000000000000003,1,921125000,0,-46.5,5.16644729359884,0,0,0.160111999511719,1.63,0,-5400.240234375
100000000000000000000001,1,921125000,0,-44.5,2.03712648631213,0,0,0.160111999511719,1.63,0,-5400.240234375
100000000000000000000000,1,921125000,0,-43.5,1.8162332528566,0,0,0.160111999511719,1.63,0,-5400.240234375
100000000000000000000002,1,921125000,0,-47,4.68784528777852,0,0,0.160111999511719,1.63,0,-5400.240234375
100000000000000000000004,1,921125000,0,-50.5,5.4486997585698,0,0,0.160111999511719,1.63,0,-5400.240234375
100000000000000000000000,1,921125000,0,-44,1.82850509915968,0,0,0.160111999511719,1.63,0,-5400.240234375
100000000000000000000002,1,921125000,0,-47,4.69398121093006,0,0,0.160111999511719,1.63,0,-5400.240234375
100000000000000000000004,1,921125000,0,-50.5,5.42415606596363,0,0,0.160111999511719,1.63,0,-5400.240234375
100000000000000000000003,1,921125000,0,-47,5.1603113704473,0,0,0.160111999511719,1.63,0,-5400.240234375
100000000000000000000001,1,921125000,0,-44.5,2.03712648631213,0,0,0.160111999511719,1.63,0,-5400.240234375
100000000000000000000003,1,921125000,0,-46.5,5.1603113704473,0,0,0.160111999511719,1.63,0,-5400.240234375
100000000000000000000001,1,921125000,0,-44.5,2.02485464000905,0,0,0.160111999511719,1.63,0,-5400.240234375
100000000000000000000004,1,921125000,0,-50.5,5.4486997585698,0,0,0.160111999511719,1.63,0,-5400.240234375
100000000000000000000002,1,921125000,0,-47,4.69398121093006,0,0,0.160111999511719,1.63,0,-5400.240234375
100000000000000000000000,1,921125000,0,-43.5,1.8591847149174,0,0,0.160111999511719,1.63,0,-5400.240234375
100000000000000000000003,1,921125000,0,-46.5,5.17871913990192,0,0,0.160111999511719,1.63,0,-5400.240234375
100000000000000000000001,1,921125000,0,-44.5,2.03712648631213,0,0,0.160111999511719,1.63,0,-5400.240234375
100000000000000000000004,1,921125000,0,-50.5,5.4486997585698,0,0,0.160111999511719,1.63,0,-5400.240234375
100000000000000000000000,1,921125000,0,-43.5,1.84691286861431,0,0,0.160111999511719,1.63,0,-5400.240234375
100000000000000000000002,1,921125000,0,-47,4.68784528777852,0,0,0.160111999511719,1.63,0,-5400.240234375
100000000000000000000003,1,921125000,0,-46.5,5.16644729359884,0,0,0.160111999511719,1.63,0,-5400.240234375
100000000000000000000004,1,921125000,0,-50.5,5.4486997585698,0,0,0.160111999511719,1.63,0,-5400.240234375
100000000000000000000002,1,921125000,0,-47,4.68784528777852,0,0,0.160111999511719,1.63,0,-5400.240234375
100000000000000000000000,1,921125000,0,-43.5,1.83464102231123,0,0,0.160111999511719,1.63,0,-5400.240234375
100000000000000000000001,1,921125000,0,-44.5,2.03712648631213,0,0,0.160111999511719,1.63,0,-5400.240234375
100000000000000000000002,1,921125000,0,-47,4.70625305723315,0,0,0.160111999511719,1.63,0,-5400.240234375
100000000000000000000004,1,921125000,0,-50.5,5.44256383541826,0,0,0.160111999511719,1.63,0,-5400.240234375
100000000000000000000000,1,921125000,0,-44,1.84077694546277,0,0,0.160111999511719,1.63,0,-5400.240234375
100000000000000000000001,1,921125000,0,-44.5,2.03712648631213,0,0,0.160111999511719,1.63,0,-5400.240234375
100000000000000000000003,1,921125000,0,-46.5,5.16644729359884,0,0,0.160111999511719,1.63,0,-5400.240234375
100000000000000000000001,1,921125000,0,-44.5,2.0187187168575,0,0,0.160111999511719,1.63,0,-5400.240234375
100000000000000000000003,1,921125000,0,-46.5,5.1603113704473,0,0,0.160111999511719,1.63,0,-5400.240234375
100000000000000000000002,1,921125000,0,-47,4.67557344147543,0,0,0.160111999511719,1.63,0,-5400.240234375
100000000000000000000000,1,921125000,0,-44,1.84691286861431,0,0,0.160111999511719,1.63,0,-5400.240234375
100000000000000000000004,1,921125000,0,-50.5,5.45483568172134,0,0,0.160111999511719,1.63,0,-5400.240234375
100000000000000000000002,1,921125000,0,-47.5,4.68784528777852,0,0,0.160111999511719,1.63,0,-5400.240234375
100000000000000000000000,1,921125000,0,-44,1.8591847149174,0,0,0.160111999511719,1.63,0,-5400.240234375
100000000000000000000003,1,921125000,0,-46.5,5.17871913990192,0,0,0.160111999511719,1.63,0,-5400.240234375
100000000000000000000001,1,921125000,0,-44.5,2.0187187168575,0,0,0.160111999511719,1.63,0,-5400.240234375
100000000000000000000004,1,921125000,0,-50.5,5.42415606596363,0,0,0.160111999511719,1.63,0,-5400.240234375
100000000000000000000000,1,921125000,0,-44,1.84077694546277,0,0,0.160111999511719,1.63,0,-5400.240234375
100000000000000000000003,1,921125000,0,-47,5.15417544729575,0,0,0.160111999511719,1.63,0,-5400.240234375
100000000000000000000002,1,921125000,0,-47,4.70011713408161,0,0,0.160111999511719,1.63,0,-5400.240234375
100000000000000000000004,1,921125000,0,-50.5,5.43642791226671,0,0,0.160111999511719,1.63,0,-5400.240234375
100000000000000000000001,1,921125000,0,-44.5,2.04326240946367,0,0,0.160111999511719,1.63,0,-5400.240234375
100000000000000000000001,1,921125000,0,-44.5,2.03099056316059,0,0,0.160111999511719,1.63,0,-5400.240234375
100000000000000000000004,1,921125000,0,-50.5,5.44256383541826,0,0,0.160111999511719,1.63,0,-5400.240234375
100000000000000000000003,1,921125000,0,-46.5,5.1603113704473,0,0,0.160111999511719,1.63,0,-5400.240234375
100000000000000000000000,1,921125000,0,-44,1.84077694546277,0,0,0.160111999511719,1.63,0,-5400.240234375
100000000000000000000002,1,921125000,0,-47,4.68170936462698,0,0,0.160111999511719,1.63,0,-5400.240234375
100000000000000000000001,1,921125000,0,-44.5,2.0187187168575,0,0,0.160111999511719,1.63,0,-5400.240234375
100000000000000000000003,1,921125000,0,-46.5,5.17258321675038,0,0,0.160111999511719,1.63,0,-5400.240234375
100000000000000000000004,1,921125000,0,-50.5,5.44256383541826,0,0,0.160111999511719,1.63,0,-5400.240234375
100000000000000000000000,1,921125000,0,-44,1.84691286861431,0,0,0.160111999511719,1.63,0,-5400.240234375
100000000000000000000002,1,921125000,0,-47,4.69398121093006,0,0,0.160111999511719,1.63,0,-5400.240234375
100000000000000000000004,1,921125000,0,-50.5,5.46710752802443,0,0,0.160111999511719,1.63,0,-5400.240234375
100000000000000000000002,1,921125000,0,-47,4.68170936462698,0,0,0.160111999511719,1.63,0,-5400.240234375
100000000000000000000000,1,921125000,0,-44,1.83464102231123,0,0,0.160111999511719,1.63,0,-5400.240234375
100000000000000000000001,1,921125000,0,-44.5,2.04326240946367,0,0,0.160111999511719,1.63,0,-5400.240234375
100000000000000000000003,1,921125000,0,-47,5.16644729359884,0,0,0.160111999511719,1.63,0,-5400.240234375
100000000000000000000002,1,921125000,0,-47,4.68170936462698,0,0,0.160111999511719,1.63,0,-5400.240234375
100000000000000000000000,1,921125000,0,-44,1.86532063806894,0,0,0.160111999511719,1.63,0,-5400.240234375
100000000000000000000001,1,921125000,0,-44.5,2.01258279370596,0,0,0.160111999511719,1.63,0,-5400.240234375
100000000000000000000003,1,921125000,0,-46.5,5.18485506305347,0,0,0.160111999511719,1.63,0,-5400.240234375
100000000000000000000004,1,921125000,0,-50.5,5.43029198911517,0,0,0.160111999511719,1.63,0,-5400.240234375
100000000000000000000003,1,921125000,0,-46.5,5.18485506305347,0,0,0.160111999511719,1.63,0,-5400.240234375
100000000000000000000001,1,921125000,0,-44.5,2.0187187168575,0,0,0.160111999511719,1.63,0,-5400.240234375
100000000000000000000004,1,921125000,0,-50.5,5.45483568172134,0,0,0.160111999511719,1.63,0,-5400.240234375
100000000000000000000002,1,921125000,0,-47,4.70625305723315,0,0,0.160111999511719,1.63,0,-5400.240234375
100000000000000000000000,1,921125000,0,-44,1.84077694546277,0,0,0.160111999511719,1.63,0,-5400.240234375
100000000000000000000003,1,921125000,0,-46.5,5.16644729359884,0,0,0.160111999511719,1.63,0,-5400.240234375
100000000000000000000002,1,921125000,0,-47,4.68170936462698,0,0,0.160111999511719,1.63,0,-5400.240234375
100000000000000000000000,1,921125000,0,-44,1.84691286861431,0,0,0.160111999511719,1.63,0,-5400.240234375
100000000000000000000001,1,921125000,0,-44.5,2.03712648631213,0,0,0.160111999511719,1.63,0,-5400.240234375
100000000000000000000004,1,921125000,0,-50.5,5.44256383541826,0,0,0.160111999511719,1.63,0,-5400.240234375
100000000000000000000002,1,921125000,0,-47,4.69398121093006,0,0,0.160111999511719,1.63,0,-5400.240234375
100000000000000000000000,1,921125000,0,-44,1.84691286861431,0,0,0.160111999511719,1.63,0,-5400.240234375
100000000000000000000003,1,921125000,0,-46.5,5.18485506305347,0,0,0.160111999511719,1.63,0,-5400.240234375
100000000000000000000004,1,921125000,0,-50.5,5.4486997585698,0,0,0.160111999511719,1.63,0,-5400.240234375
100000000000000000000001,1,921125000,0,-44.5,2.04939833261522,0,0,0.160111999511719,1.63,0,-5400.240234375
100000000000000000000002,1,921125000,0,-47,4.68170936462698,0,0,0.160111999511719,1.63,0,-5400.240234375
100000000000000000000000,1,921125000,0,-44,1.85304879176585,0,0,0.160111999511719,1.63,0,-5400.240234375
100000000000000000000001,1,921125000,0,-44.5,2.03099056316059,0,0,0.160111999511719,1.63,0,-5400.240234375
100000000000000000000003,1,921125000,0,-47,5.19712690935655,0,0,0.160111999511719,1.63,0,-5400.240234375
100000000000000000000004,1,921125000,0,-50.5,5.47324345117597,0,0,0.160111999511719,1.63,0,-5400.240234375
100000000000000000000003,1,921125000,0,-46.5,5.17871913990192,0,0,0.160111999511719,1.63,0,-5400.240234375
100000000000000000000001,1,921125000,0,-44.5,2.02485464000905,0,0,0.160111999511719,1.63,0,-5400.240234375
100000000000000000000004,1,921125000,0,-50.5,5.4486997585698,0,0,0.160111999511719,1.63,0,-5400.240234375
100000000000000000000002,1,921125000,0,-47,4.70625305723315,0,0,0.160111999511719,1.63,0,-5400.240234375
100000000000000000000000,1,921125000,0,-44,1.84691286861431,0,0,0.160111999511719,1.63,0,-5400.240234375
100000000000000000000001,1,921125000,0,-44.5,2.03099056316059,0,0,0.160111999511719,1.63,0,-5400.240234375
100000000000000000000003,1,921125000,0,-46.5,5.17871913990192,0,0,0.160111999511719,1.63,0,-5400.240234375
100000000000000000000000,1,921125000,0,-44,1.84077694546277,0,0,0.160111999511719,1.63,0,-5400.240234375
100000000000000000000002,1,921125000,0,-47,4.68784528777852,0,0,0.160111999511719,1.63,0,-5400.240234375
100000000000000000000004,1,921125000,0,-50.5,5.45483568172134,0,0,0.160111999511719,1.63,0,-5400.240234375
100000000000000000000004,1,921125000,0,-50.5,5.45483568172134,0,0,0.160111999511719,1.63,0,-5400.240234375
100000000000000000000003,1,921125000,0,-46.5,5.17871913990192,0,0,0.160111999511719,1.63,0,-5400.240234375
100000000000000000000002,1,921125000,0,-47,4.71238898038469,0,0,0.160111999511719,1.63,0,-5400.240234375
100000000000000000000000,1,921125000,0,-44,1.82850509915968,0,0,0.160111999511719,1.63,0,-5400.240234375
100000000000000000000001,1,921125000,0,-44.5,2.03099056316059,0,0,0.160111999511719,1.63,0,-5400.240234375
100000000000000000000003,1,921125000,0,-46.5,5.13576767784113,0,0,0.160111999511719,1.63,0,-5400.240234375
100000000000000000000004,1,921125000,0,-50.5,5.41188421966054,0,0,0.160111999511719,1.63,0,-5400.240234375
100000000000000000000001,1,921125000,0,-44.5,2.0187187168575,0,0,0.160111999511719,1.63,0,-5400.240234375
100000000000000000000000,1,921125000,0,-44,1.85304879176585,0,0,0.160111999511719,1.63,0,-5400.240234375
100000000000000000000002,1,921125000,0,-47,4.70011713408161,0,0,0.160111999511719,1.63,0,-5400.240234375
100000000000000000000001,1,921125000,0,-44.5,2.02485464000905,0,0,0.160111999511719,1.63,0,-5400.240234375
100000000000000000000002,1,921125000,0,-47,4.69398121093006,0,0,0.160111999511719,1.63,0,-5400.240234375
100000000000000000000003,1,921125000,0,-46.5,5.17871913990192,0,0,0.160111999511719,1.63,0,-5400.240234375
100000000000000000000000,1,921125000,0,-43.5,1.84077694546277,0,0,0.160111999511719,1.63,0,-5400.240234375
100000000000000000000004,1,921125000,0,-50.5,5.42415606596363,0,0,0.160111999511719,1.63,0,-5400.240234375
100000000000000000000003,1,921125000,0,-46.5,5.18485506305347,0,0,0.160111999511719,1.63,0,-5400.240234375
100000000000000000000002,1,921125000,0,-47,4.68784528777852,0,0,0.160111999511719,1.63,0,-5400.240234375
100000000000000000000001,1,921125000,0,-44.5,2.02485464000905,0,0,0.160111999511719,1.63,0,-5400.240234375
100000000000000000000000,1,921125000,0,-44,1.84077694546277,0,0,0.160111999511719,1.63,0,-5400.240234375
100000000000000000000004,1,921125000,0,-50.5,5.41188421966054,0,0,0.160111999511719,1.63,0,-5400.240234375
100000000000000000000004,1,921125000,0,-50.5,5.41802014281208,0,0,0.160111999511719,1.63,0,-5400.240234375
100000000000000000000000,1,921125000,0,-44,1.8591847149174,0,0,0.160111999511719,1.63,0,-5400.240234375
100000000000000000000002,1,921125000,0,-47,4.68784528777852,0,0,0.160111999511719,1.63,0,-5400.240234375
100000000000000000000001,1,921125000,0,-44.5,2.03712648631213,0,0,0.160111999511719,1.63,0,-5400.240234375
100000000000000000000003,1,921125000,0,-46.5,5.19099098620501,0,0,0.160111999511719,1.63,0,-5400.240234375
100000000000000000000000,1,921125000,0,-44,1.8591847149174,0,0,0.160111999511719,1.63,0,-5400.240234375
100000000000000000000004,1,921125000,0,-51,5.42415606596363,0,0,0.160111999511719,1.63,0,-5400.240234375
100000000000000000000003,1,921125000,0,-46.5,5.17258321675038,0,0,0.160111999511719,1.63,0,-5400.240234375
100000000000000000000002,1,921125000,0,-47,4.66943751832389,0,0,0.160111999511719,1.63,0,-5400.240234375
100000000000000000000001,1,921125000,0,-44.5,2.03099056316059,0,0,0.160111999511719,1.63,0,-5400.240234375
100000000000000000000003,1,921125000,0,-46.5,5.1603113704473,0,0,0.160111999511719,1.63,0,-5400.240234375
100000000000000000000000,1,921125000,0,-44,1.84691286861431,0,0,0.160111999511719,1.63,0,-5400.240234375
100000000000000000000004,1,921125000,0,-50.5,5.44256383541826,0,0,0.160111999511719,1.63,0,-5400.240234375
100000000000000000000002,1,921125000,0,-47,4.69398121093006,0,0,0.160111999511719,1.63,0,-5400.240234375
100000000000000000000001,1,921125000,0,-44.5,2.04326240946367,0,0,0.160111999511719,1.63,0,-5400.240234375
100000000000000000000000,1,921125000,0,-44,1.84691286861431,0,0,0.160111999511719,1.63,0,-5400.240234375
100000000000000000000004,1,921125000,0,-50.5,5.39347645020591,0,0,0.160111999511719,1.63,0,-5400.240234375
100000000000000000000003,1,921125000,0,-46.5,5.1603113704473,0,0,0.160111999511719,1.63,0,-5400.240234375
100000000000000000000001,1,921125000,0,-44.5,2.03099056316059,0,0,0.160111999511719,1.63,0,-5400.240234375
100000000000000000000002,1,921125000,0,-47,4.69398121093006,0,0,0.160111999511719,1.63,0,-5400.240234375
100000000000000000000004,1,921125000,0,-50.5,5.4486997585698,0,0,0.160111999511719,1.63,0,-5400.240234375
100000000000000000000000,1,921125000,0,-44,1.82236917600814,0,0,0.160111999511719,1.63,0,-5400.240234375
100000000000000000000001,1,921125000,0,-44.5,2.03712648631213,0,0,0.160111999511719,1.63,0,-5400.240234375
100000000000000000000002,1,921125000,0,-47,4.70625305723315,0,0,0.160111999511719,1.63,0,-5400.240234375
100000000000000000000003,1,921125000,0,-47,5.17258321675038,0,0,0.160111999511719,1.63,0,-5400.240234375
100000000000000000000003,1,921125000,0,-46.5,5.15417544729575,0,0,0.160111999511719,1.63,0,-5400.240234375
100000000000000000000000,1,921125000,0,-44,1.82850509915968,0,0,0.160111999511719,1.63,0,-5400.240234375
100000000000000000000002,1,921125000,0,-47,4.68170936462698,0,0,0.160111999511719,1.63,0,-5400.240234375
100000000000000000000004,1,921125000,0,-50.5,5.41188421966054,0,0,0.160111999511719,1.63,0,-5400.240234375
100000000000000000000001,1,921125000,0,-44.5,2.02485464000905,0,0,0.160111999511719,1.63,0,-5400.240234375
100000000000000000000002,1,921125000,0,-47,4.68784528777852,0,0,0.160111999511719,1.63,0,-5400.240234375
100000000000000000000000,1,921125000,0,-44,1.83464102231123,0,0,0.160111999511719,1.63,0,-5400.240234375
100000000000000000000001,1,921125000,0,-44.5,2.00644687055442,0,0,0.160111999511719,1.63,0,-5400.240234375
100000000000000000000003,1,921125000,0,-46.5,5.17258321675038,0,0,0.160111999511719,1.63,0,-5400.240234375
100000000000000000000004,1,921125000,0,-50.5,5.4486997585698,0,0,0.160111999511719,1.63,0,-5400.240234375
100000000000000000000000,1,921125000,0,-44,1.82850509915968,0,0,0.160111999511719,1.63,0,-5400.240234375
100000000000000000000004,1,921125000,0,-50.5,5.43642791226671,0,0,0.160111999511719,1.63,0,-5400.240234375
100000000000000000000003,1,921125000,0,-47,5.17258321675038,0,0,0.160111999511719,1.63,0,-5400.240234375
100000000000000000000002,1,921125000,0,-47,4.70011713408161,0,0,0.160111999511719,1.63,0,-5400.240234375
100000000000000000000001,1,921125000,0,-44.5,2.03712648631213,0,0,0.160111999511719,1.63,0,-5400.240234375
100000000000000000000003,1,921125000,0,-47,5.15417544729575,0,0,0.160111999511719,1.63,0,-5400.240234375
100000000000000000000002,1,921125000,0,-47,4.69398121093006,0,0,0.160111999511719,1.63,0,-5400.240234375
100000000000000000000004,1,921125000,0,-50.5,5.43642791226671,0,0,0.160111999511719,1.63,0,-5400.240234375
100000000000000000000000,1,921125000,0,-44,1.8591847149174,0,0,0.160111999511719,1.63,0,-5400.240234375
100000000000000000000001,1,921125000,0,-44.5,2.04939833261522,0,0,0.160111999511719,1.63,0,-5400.240234375
100000000000000000000003,1,921125000,0,-46.5,5.14803952414421,0,0,0.160111999511719,1.63,0,-5400.240234375
100000000000000000000002,1,921125000,0,-47,4.68784528777852,0,0,0.160111999511719,1.63,0,-5400.240234375
100000000000000000000000,1,921125000,0,-44,1.84691286861431,0,0,0.160111999511719,1.63,0,-5400.240234375
100000000000000000000001,1,921125000,0,-44.5,2.04326240946367,0,0,0.160111999511719,1.63,0,-5400.240234375
100000000000000000000004,1,921125000,0,-50.5,5.43642791226671,0,0,0.160111999511719,1.63,0,-5400.240234375
100000000000000000000004,1,921125000,0,-50.5,5.42415606596363,0,0,0.160111999511719,1.63,0,-5400.240234375
100000000000000000000000,1,921125000,0,-43.5,1.84691286861431,0,0,0.160111999511719,1.63,0,-5400.240234375
100000000000000000000001,1,921125000,0,-44.5,2.03099056316059,0,0,0.160111999511719,1.63,0,-5400.240234375
100000000000000000000003,1,921125000,0,-47,5.17871913990192,0,0,0.160111999511719,1.63,0,-5400.240234375
100000000000000000000002,1,921125000,0,-47,4.68170936462698,0,0,0.160111999511719,1.63,0,-5400.240234375
100000000000000000000004,1,921125000,0,-50.5,5.43029198911517,0,0,0.160111999511719,1.63,0,-5400.240234375
100000000000000000000002,1,921125000,0,-47,4.70011713408161,0,0,0.160111999511719,1.63,0,-5400.240234375
100000000000000000000000,1,921125000,0,-44,1.86532063806894,0,0,0.160111999511719,1.63,0,-5400.240234375
100000000000000000000001,1,921125000,0,-44.5,2.0187187168575,0,0,0.160111999511719,1.63,0,-5400.240234375
100000000000000000000003,1,921125000,0,-46.5,5.15417544729575,0,0,0.160111999511719,1.63,0,-5400.240234375
100000000000000000000000,1,921125000,0,-44,1.86532063806894,0,0,0.160111999511719,1.63,0,-5400.240234375
100000000000000000000001,1,921125000,0,-44.5,2.02485464000905,0,0,0.160111999511719,1.63,0,-5400.240234375
100000000000000000000004,1,921125000,0,-50.5,5.38734052705437,0,0,0.160111999511719,1.63,0,-5400.240234375
100000000000000000000002,1,921125000,0,-47,4.69398121093006,0,0,0.160111999511719,1.63,0,-5400.240234375
100000000000000000000003,1,921125000,0,-46.5,5.16644729359884,0,0,0.160111999511719,1.63,0,-5400.240234375
100000000000000000000001,1,921125000,0,-44.5,2.04939833261522,0,0,0.160111999511719,1.63,0,-5400.240234375
100000000000000000000003,1,921125000,0,-46.5,5.14803952414421,0,0,0.160111999511719,1.63,0,-5400.240234375
100000000000000000000004,1,921125000,0,-50.5,5.4486997585698,0,0,0.160111999511719,1.63,0,-5400.240234375
100000000000000000000000,1,921125000,0,-43.5,1.86532063806894,0,0,0.160111999511719,1.63,0,-5400.240234375
100000000000000000000002,1,921125000,0,-47,4.70625305723315,0,0,0.160111999511719,1.63,0,-5400.240234375
100000000000000000000004,1,921125000,0,-50.5,5.43642791226671,0,0,0.160111999511719,1.63,0,-5400.240234375
100000000000000000000001,1,921125000,0,-44.5,2.04326240946367,0,0,0.160111999511719,1.63,0,-5400.240234375
100000000000000000000002,1,921125000,0,-47,4.69398121093006,0,0,0.160111999511719,1.63,0,-5400.240234375
100000000000000000000003,1,921125000,0,-46.5,5.17258321675038,0,0,0.160111999511719,1.63,0,-5400.240234375
100000000000000000000000,1,921125000,0,-44,1.84077694546277,0,0,0.160111999511719,1.63,0,-5400.240234375
100000000000000000000003,1,921125000,0,-46.5,5.18485506305347,0,0,0.160111999511719,1.63,0,-5400.240234375
100000000000000000000001,1,921125000,0,-44.5,2.02485464000905,0,0,0.160111999511719,1.63,0,-5400.240234375
100000000000000000000000,1,921125000,0,-44,1.8591847149174,0,0,0.160111999511719,1.63,0,-5400.240234375
100000000000000000000004,1,921125000,0,-50.5,5.42415606596363,0,0,0.160111999511719,1.63,0,-5400.240234375
100000000000000000000002,1,921125000,0,-47,4.70011713408161,0,0,0.160111999511719,1.63,0,-5400.240234375
100000000000000000000002,1,921125000,0,-47,4.70011713408161,0,0,0.160111999511719,1.63,0,-5400.240234375
100000000000000000000004,1,921125000,0,-50.5,5.44256383541826,0,0,0.160111999511719,1.63,0,-5400.240234375
100000000000000000000003,1,921125000,0,-46.5,5.16644729359884,0,0,0.160111999511719,1.63,0,-5400.240234375
100000000000000000000001,1,921125000,0,-44.5,2.05553425576676,0,0,0.160111999511719,1.63,0,-5400.240234375
100000000000000000000000,1,921125000,0,-43.5,1.83464102231123,0,0,0.160111999511719,1.63,0,-5400.240234375
100000000000000000000002,1,921125000,0,-47,4.67557344147543,0,0,0.160111999511719,1.63,0,-5400.240234375
100000000000000000000000,1,921125000,0,-44,1.83464102231123,0,0,0.160111999511719,1.63,0,-5400.240234375
100000000000000000000003,1,921125000,0,-47,5.17871913990192,0,0,0.160111999511719,1.63,0,-5400.240234375
100000000000000000000001,1,921125000,0,-44.5,2.02485464000905,0,0,0.160111999511719,1.63,0,-5400.240234375
100000000000000000000004,1,921125000,0,-50.5,5.405748296509,0,0,0.160111999511719,1.63,0,-5400.240234375
100000000000000000000004,1,921125000,0,-50.5,5.44256383541826,0,0,0.160111999511719,1.63,0,-5400.240234375
100000000000000000000003,1,921125000,0,-46.5,5.14803952414421,0,0,0.160111999511719,1.63,0,-5400.240234375
100000000000000000000000,1,921125000,0,-44,1.8591847149174,0,0,0.160111999511719,1.63,0,-5400.240234375
100000000000000000000002,1,921125000,0,-47,4.68170936462698,0,0,0.160111999511719,1.63,0,-5400.240234375
100000000000000000000001,1,921125000,0,-44.5,2.01258279370596,0,0,0.160111999511719,1.63,0,-5400.240234375
100000000000000000000000,1,921125000,0,-44,1.8162332528566,0,0,0.160111999511719,1.63,0,-5400.240234375
100000000000000000000001,1,921125000,0,-44.5,2.0616701789183,0,0,0.160111999511719,1.63,0,-5400.240234375
100000000000000000000003,1,921125000,0,-46.5,5.14803952414421,0,0,0.160111999511719,1.63,0,-5400.240234375
100000000000000000000002,1,921125000,0,-47,4.68784528777852,0,0,0.160111999511719,1.63,0,-5400.240234375
100000000000000000000004,1,921125000,0,-50.5,5.39347645020591,0,0,0.160111999511719,1.63,0,-5400.240234375
100000000000000000000004,1,921125000,0,-50.5,5.4486997585698,0,0,0.160111999511719,1.63,0,-5400.240234375
100000000000000000000003,1,921125000,0,-46.5,5.14803952414421,0,0,0.160111999511719,1.63,0,-5400.240234375
100000000000000000000000,1,921125000,0,-44,1.84077694546277,0,0,0.160111999511719,1.63,0,-5400.240234375
100000000000000000000001,1,921125000,0,-44.5,2.04326240946367,0,0,0.160111999511719,1.63,0,-5400.240234375
100000000000000000000002,1,921125000,0,-47,4.69398121093006,0,0,0.160111999511719,1.63,0,-5400.240234375
100000000000000000000000,1,921125000,0,-44,1.84077694546277,0,0,0.160111999511719,1.63,0,-5400.240234375
100000000000000000000001,1,921125000,0,-44.5,2.03099056316059,0,0,0.160111999511719,1.63,0,-5400.240234375
100000000000000000000003,1,921125000,0,-46.5,5.19712690935655,0,0,0.160111999511719,1.63,0,-5400.240234375
100000000000000000000002,1,921125000,0,-47,4.71852490353623,0,0,0.160111999511719,1.63,0,-5400.240234375
100000000000000000000004,1,921125000,0,-50.5,5.4486997585698,0,0,0.160111999511719,1.63,0,-5400.240234375
100000000000000000000001,1,921125000,0,-44.5,2.0187187168575,0,0,0.160111999511719,1.63,0,-5400.240234375
100000000000000000000002,1,921125000,0,-47,4.68784528777852,0,0,0.160111999511719,1.63,0,-5400.240234375
100000000000000000000003,1,921125000,0,-46.5,5.16644729359884,0,0,0.160111999511719,1.63,0,-5400.240234375
100000000000000000000000,1,921125000,0,-43.5,1.85304879176585,0,0,0.160111999511719,1.63,0,-5400.240234375
100000000000000000000004,1,921125000,0,-50.5,5.44256383541826,0,0,0.160111999511719,1.63,0,-5400.240234375
100000000000000000000001,1,921125000,0,-44.5,2.04326240946367,0,0,0.160111999511719,1.63,0,-5400.240234375
100000000000000000000002,1,921125000,0,-47,4.65102974886926,0,0,0.160111999511719,1.63,0,-5400.240234375
100000000000000000000000,1,921125000,0,-43.5,1.84691286861431,0,0,0.160111999511719,1.63,0,-5400.240234375
100000000000000000000003,1,921125000,0,-46.5,5.15417544729575,0,0,0.160111999511719,1.63,0,-5400.240234375
100000000000000000000004,1,921125000,0,-50.5,5.42415606596363,0,0,0.160111999511719,1.63,0,-5400.240234375
100000000000000000000004,1,921125000,0,-50.5,5.4486997585698,0,0,0.160111999511719,1.63,0,-5400.240234375
100000000000000000000003,1,921125000,0,-47,5.18485506305347,0,0,0.160111999511719,1.63,0,-5400.240234375
100000000000000000000000,1,921125000,0,-44,1.85304879176585,0,0,0.160111999511719,1.63,0,-5400.240234375
100000000000000000000001,1,921125000,0,-44.5,2.02485464000905,0,0,0.160111999511719,1.63,0,-5400.240234375
100000000000000000000002,1,921125000,0,-47,4.70625305723315,0,0,0.160111999511719,1.63,0,-5400.240234375
100000000000000000000002,1,921125000,0,-47,4.65716567202081,0,0,0.160111999511719,1.63,0,-5400.240234375
100000000000000000000003,1,921125000,0,-46.5,5.17258321675038,0,0,0.160111999511719,1.63,0,-5400.240234375
100000000000000000000000,1,921125000,0,-44,1.84691286861431,0,0,0.160111999511719,1.63,0,-5400.240234375
100000000000000000000001,1,921125000,0,-44.5,2.04326240946367,0,0,0.160111999511719,1.63,0,-5400.240234375
100000000000000000000004,1,921125000,0,-50.5,5.46097160487288,0,0,0.160111999511719,1.63,0,-5400.240234375
100000000000000000000000,1,921125000,0,-43.5,1.84691286861431,0,0,0.160111999511719,1.63,0,-5400.240234375
100000000000000000000002,1,921125000,0,-47,4.69398121093006,0,0,0.160111999511719,1.63,0,-5400.240234375
100000000000000000000001,1,921125000,0,-44.5,2.04326240946367,0,0,0.160111999511719,1.63,0,-5400.240234375
100000000000000000000003,1,921125000,0,-47,5.19712690935655,0,0,0.160111999511719,1.63,0,-5400.240234375
100000000000000000000004,1,921125000,0,-50.5,5.41802014281208,0,0,0.160111999511719,1.63,0,-5400.240234375
100000000000000000000001,1,921125000,0,-44.5,2.03099056316059,0,0,0.160111999511719,1.63,0,-5400.240234375
100000000000000000000004,1,921125000,0,-50.5,5.38734052705437,0,0,0.160111999511719,1.63,0,-5400.240234375
100000000000000000000003,1,921125000,0,-46.5,5.18485506305347,0,0,0.160111999511719,1.63,0,-5400.240234375
100000000000000000000000,1,921125000,0,-44,1.84691286861431,0,0,0.160111999511719,1.63,0,-5400.240234375
100000000000000000000002,1,921125000,0,-47,4.68784528777852,0,0,0.160111999511719,1.63,0,-5400.240234375
100000000000000000000000,1,921125000,0,-44,1.84691286861431,0,0,0.160111999511719,1.63,0,-5400.240234375
100000000000000000000004,1,921125000,0,-50.5,5.42415606596363,0,0,0.160111999511719,1.63,0,-5400.240234375
100000000000000000000001,1,921125000,0,-44.5,2.04326240946367,0,0,0.160111999511719,1.63,0,-5400.240234375
100000000000000000000003,1,921125000,0,-46.5,5.16644729359884,0,0,0.160111999511719,1.63,0,-5400.240234375
100000000000000000000002,1,921125000,0,-47,4.68784528777852,0,0,0.160111999511719,1.63,0,-5400.240234375
100000000000000000000003,1,921125000,0,-46.5,5.17258321675038,0,0,0.160111999511719,1.63,0,-5400.240234375
100000000000000000000000,1,921125000,0,-44,1.83464102231123,0,0,0.160111999511719,1.63,0,-5400.240234375
100000000000000000000001,1,921125000,0,-44.5,2.03712648631213,0,0,0.160111999511719,1.63,0,-5400.240234375
100000000000000000000004,1,921125000,0,-50.5,5.44256383541826,0,0,0.160111999511719,1.63,0,-5400.240234375
100000000000000000000002,1,921125000,0,-47,4.70011713408161,0,0,0.160111999511719,1.63,0,-5400.240234375
100000000000000000000000,1,921125000,0,-44,1.85304879176585,0,0,0.160111999511719,1.63,0,-5400.240234375
100000000000000000000002,1,921125000,0,-47,4.68170936462698,0,0,0.160111999511719,1.63,0,-5400.240234375
100000000000000000000001,1,921125000,0,-44.5,2.00644687055442,0,0,0.160111999511719,1.63,0,-5400.240234375
100000000000000000000004,1,921125000,0,-50.5,5.47937937432751,0,0,0.160111999511719,1.63,0,-5400.240234375
100000000000000000000003,1,921125000,0,-47,5.17871913990192,0,0,0.160111999511719,1.63,0,-5400.240234375
100000000000000000000002,1,921125000,0,-47.5,4.70011713408161,0,0,0.160111999511719,1.63,0,-5400.240234375
100000000000000000000000,1,921125000,0,-44,1.85304879176585,0,0,0.160111999511719,1.63,0,-5400.240234375
100000000000000000000001,1,921125000,0,-44.5,2.03712648631213,0,0,0.160111999511719,1.63,0,-5400.240234375
100000000000000000000003,1,921125000,0,-46.5,5.18485506305347,0,0,0.160111999511719,1.63,0,-5400.240234375
100000000000000000000004,1,921125000,0,-50.5,5.43642791226671,0,0,0.160111999511719,1.63,0,-5400.240234375
100000000000000000000003,1,921125000,0,-46.5,5.18485506305347,0,0,0.160111999511719,1.63,0,-5400.240234375
100000000000000000000001,1,921125000,0,-44.5,2.04326240946367,0,0,0.160111999511719,1.63,0,-5400.240234375
100000000000000000000000,1,921125000,0,-43.5,1.84691286861431,0,0,0.160111999511719,1.63,0,-5400.240234375
100000000000000000000002,1,921125000,0,-47,4.70011713408161,0,0,0.160111999511719,1.63,0,-5400.240234375
100000000000000000000004,1,921125000,0,-50.5,5.41802014281208,0,0,0.160111999511719,1.63,0,-5400.240234375
100000000000000000000001,1,921125000,0,-44.5,2.03712648631213,0,0,0.160111999511719,1.63,0,-5400.240234375
100000000000000000000004,1,921125000,0,-50.5,5.43642791226671,0,0,0.160111999511719,1.63,0,-5400.240234375
100000000000000000000000,1,921125000,0,-44,1.8591847149174,0,0,0.160111999511719,1.63,0,-5400.240234375
100000000000000000000003,1,921125000,0,-47,5.17258321675038,0,0,0.160111999511719,1.63,0,-5400.240234375
100000000000000000000002,1,921125000,0,-47,4.70625305723315,0,0,0.160111999511719,1.63,0,-5400.240234375
100000000000000000000003,1,921125000,0,-46.5,5.17258321675038,0,0,0.160111999511719,1.63,0,-5400.240234375
100000000000000000000001,1,921125000,0,-44.5,2.02485464000905,0,0,0.160111999511719,1.63,0,-5400.240234375
100000000000000000000000,1,921125000,0,-44,1.82850509915968,0,0,0.160111999511719,1.63,0,-5400.240234375
100000000000000000000004,1,921125000,0,-50.5,5.42415606596363,0,0,0.160111999511719,1.63,0,-5400.240234375
100000000000000000000002,1,921125000,0,-47,4.68170936462698,0,0,0.160111999511719,1.63,0,-5400.240234375
100000000000000000000003,1,921125000,0,-46.5,5.19712690935655,0,0,0.160111999511719,1.63,0,-5400.240234375
100000000000000000000001,1,921125000,0,-44.5,2.03712648631213,0,0,0.160111999511719,1.63,0,-5400.240234375
100000000000000000000000,1,921125000,0,-44,1.85304879176585,0,0,0.160111999511719,1.63,0,-5400.240234375
100000000000000000000002,1,921125000,0,-47,4.67557344147543,0,0,0.160111999511719,1.63,0,-5400.240234375
100000000000000000000004,1,921125000,0,-50.5,5.43642791226671,0,0,0.160111999511719,1.63,0,-5400.240234375
100000000000000000000004,1,921125000,0,-50.5,5.46710752802443,0,0,0.160111999511719,1.63,0,-5400.240234375
100000000000000000000003,1,921125000,0,-46.5,5.1603113704473,0,0,0.160111999511719,1.63,0,-5400.240234375
100000000000000000000001,1,921125000,0,-44.5,2.0187187168575,0,0,0.160111999511719,1.63,0,-5400.240234375
100000000000000000000000,1,921125000,0,-44,1.85304879176585,0,0,0.160111999511719,1.63,0,-5400.240234375
100000000000000000000002,1,921125000,0,-47,4.69398121093006,0,0,0.160111999511719,1.63,0,-5400.240234375
100000000000000000000004,1,921125000,0,-50.5,5.44256383541826,0,0,0.160111999511719,1.63,0,-5400.240234375
100000000000000000000002,1,921125000,0,-47,4.70011713408161,0,0,0.160111999511719,1.63,0,-5400.240234375
100000000000000000000001,1,921125000,0,-44.5,2.04326240946367,0,0,0.160111999511719,1.63,0,-5400.240234375
100000000000000000000000,1,921125000,0,-44,1.86532063806894,0,0,0.160111999511719,1.63,0,-5400.240234375
100000000000000000000003,1,921125000,0,-46.5,5.17258321675038,0,0,0.160111999511719,1.63,0,-5400.240234375
100000000000000000000000,1,921125000,0,-44,1.84691286861431,0,0,0.160111999511719,1.63,0,-5400.240234375
100000000000000000000002,1,921125000,0,-47,4.70625305723315,0,0,0.160111999511719,1.63,0,-5400.240234375
100000000000000000000001,1,921125000,0,-44.5,2.03712648631213,0,0,0.160111999511719,1.63,0,-5400.240234375
100000000000000000000003,1,921125000,0,-46.5,5.16644729359884,0,0,0.160111999511719,1.63,0,-5400.240234375
100000000000000000000004,1,921125000,0,-50.5,5.45483568172134,0,0,0.160111999511719,1.63,0,-5400.240234375
100000000000000000000002,1,921125000,0,-47,4.71238898038469,0,0,0.160111999511719,1.63,0,-5400.240234375
100000000000000000000001,1,921125000,0,-44.5,2.03712648631213,0,0,0.160111999511719,1.63,0,-5400.240234375
100000000000000000000003,1,921125000,0,-46.5,5.17258321675038,0,0,0.160111999511719,1.63,0,-5400.240234375
100000000000000000000000,1,921125000,0,-44,1.84691286861431,0,0,0.160111999511719,1.63,0,-5400.240234375
100000000000000000000004,1,921125000,0,-50.5,5.46097160487288,0,0,0.160111999511719,1.63,0,-5400.240234375
100000000000000000000000,1,921125000,0,-44,1.87759248437203,0,0,0.160111999511719,1.63,0,-5400.240234375
100000000000000000000001,1,921125000,0,-44.5,2.02485464000905,0,0,0.160111999511719,1.63,0,-5400.240234375
100000000000000000000004,1,921125000,0,-50.5,5.45483568172134,0,0,0.160111999511719,1.63,0,-5400.240234375
100000000000000000000003,1,921125000,0,-47,5.16644729359884,0,0,0.160111999511719,1.63,0,-5400.240234375
100000000000000000000002,1,921125000,0,-47,4.67557344147543,0,0,0.160111999511719,1.63,0,-5400.240234375
100000000000000000000004,1,921125000,0,-50.5,5.44256383541826,0,0,0.160111999511719,1.63,0,-5400.240234375
100000000000000000000000,1,921125000,0,-44,1.85304879176585,0,0,0.160111999511719,1.63,0,-5400.240234375
100000000000000000000002,1,921125000,0,-47,4.66943751832389,0,0,0.160111999511719,1.63,0,-5400.240234375
100000000000000000000003,1,921125000,0,-46.5,5.19099098620501,0,0,0.160111999511719,1.63,0,-5400.240234375
100000000000000000000001,1,921125000,0,-44.5,2.04939833261522,0,0,0.160111999511719,1.63,0,-5400.240234375
100000000000000000000000,1,921125000,0,-43.5,1.85304879176585,0,0,0.160111999511719,1.63,0,-5400.240234375
100000000000000000000003,1,921125000,0,-47,5.15417544729575,0,0,0.160111999511719,1.63,0,-5400.240234375
100000000000000000000001,1,921125000,0,-44.5,2.0187187168575,0,0,0.160111999511719,1.63,0,-5400.240234375
100000000000000000000002,1,921125000,0,-47,4.71238898038469,0,0,0.160111999511719,1.63,0,-5400.240234375
100000000000000000000004,1,921125000,0,-51,5.4486997585698,0,0,0.160111999511719,1.63,0,-5400.240234375
100000000000000000000004,1,921125000,0,-50.5,5.43029198911517,0,0,0.160111999511719,1.63,0,-5400.240234375
100000000000000000000003,1,921125000,0,-47,5.19712690935655,0,0,0.160111999511719,1.63,0,-5400.240234375
100000000000000000000001,1,921125000,0,-44.5,2.00644687055442,0,0,0.160111999511719,1.63,0,-5400.240234375
100000000000000000000002,1,921125000,0,-47,4.66943751832389,0,0,0.160111999511719,1.63,0,-5400.240234375
100000000000000000000000,1,921125000,0,-44,1.84077694546277,0,0,0.160111999511719,1.63,0,-5400.240234375
100000000000000000000002,1,921125000,0,-47,4.69398121093006,0,0,0.160111999511719,1.63,0,-5400.240234375
100000000000000000000004,1,921125000,0,-51,5.46097160487288,0,0,0.160111999511719,1.63,0,-5400.240234375
100000000000000000000000,1,921125000,0,-44,1.87145656122048,0,0,0.160111999511719,1.63,0,-5400.240234375
100000000000000000000001,1,921125000,0,-44.5,2.03712648631213,0,0,0.160111999511719,1.63,0,-5400.240234375
100000000000000000000003,1,921125000,0,-47,5.17258321675038,0,0,0.160111999511719,1.63,0,-5400.240234375
100000000000000000000004,1,921125000,0,-50.5,5.44256383541826,0,0,0.160111999511719,1.63,0,-5400.240234375
100000000000000000000000,1,921125000,0,-44,1.87759248437203,0,0,0.160111999511719,1.63,0,-5400.240234375
100000000000000000000002,1,921125000,0,-47,4.70011713408161,0,0,0.160111999511719,1.63,0,-5400.240234375
100000000000000000000003,1,921125000,0,-46.5,5.16644729359884,0,0,0.160111999511719,1.63,0,-5400.240234375
100000000000000000000001,1,921125000,0,-44.5,2.0187187168575,0,0,0.160111999511719,1.63,0,-5400.240234375
100000000000000000000001,1,921125000,0,-44.5,2.04939833261522,0,0,0.160111999511719,1.63,0,-5400.240234375
100000000000000000000004,1,921125000,0,-50.5,5.45483568172134,0,0,0.160111999511719,1.63,0,-5400.240234375
100000000000000000000003,1,921125000,0,-46.5,5.16644729359884,0,0,0.160111999511719,1.63,0,-5400.240234375
100000000000000000000000,1,921125000,0,-44,1.84077694546277,0,0,0.160111999511719,1.63,0,-5400.240234375
100000000000000000000002,1,921125000,0,-47,4.70011713408161,0,0,0.160111999511719,1.63,0,-5400.240234375
100000000000000000000001,1,921125000,0,-44.5,2.03712648631213,0,0,0.160111999511719,1.63,0,-5400.240234375
100000000000000000000004,1,921125000,0,-50.5,5.41188421966054,0,0,0.160111999511719,1.63,0,-5400.240234375
100000000000000000000003,1,921125000,0,-46.5,5.16644729359884,0,0,0.160111999511719,1.63,0,-5400.240234375
100000000000000000000000,1,921125000,0,-43.5,1.87759248437203,0,0,0.160111999511719,1.63,0,-5400.240234375
100000000000000000000002,1,921125000,0,-47,4.66330159517235,0,0,0.160111999511719,1.63,0,-5400.240234375
100000000000000000000004,1,921125000,0,-50.5,5.4486997585698,0,0,0.160111999511719,1.63,0,-5400.240234375
100000000000000000000001,1,921125000,0,-44.5,2.02485464000905,0,0,0.160111999511719,1.63,0,-5400.240234375
100000000000000000000003,1,921125000,0,-46.5,5.15417544729575,0,0,0.160111999511719,1.63,0,-5400.240234375
100000000000000000000002,1,921125000,0,-47,4.69398121093006,0,0,0.160111999511719,1.63,0,-5400.240234375
100000000000000000000000,1,921125000,0,-44,1.8591847149174,0,0,0.160111999511719,1.63,0,-5400.240234375
100000000000000000000001,1,921125000,0,-44.5,2.02485464000905,0,0,0.160111999511719,1.63,0,-5400.240234375
100000000000000000000000,1,921125000,0,-44,1.8591847149174,0,0,0.160111999511719,1.63,0,-5400.240234375
100000000000000000000004,1,921125000,0,-50.5,5.45483568172134,0,0,0.160111999511719,1.63,0,-5400.240234375
100000000000000000000003,1,921125000,0,-46.5,5.1603113704473,0,0,0.160111999511719,1.63,0,-5400.240234375
100000000000000000000002,1,921125000,0,-47,4.69398121093006,0,0,0.160111999511719,1.63,0,-5400.240234375
100000000000000000000004,1,921125000,0,-50.5,5.43029198911517,0,0,0.160111999511719,1.63,0,-5400.240234375
100000000000000000000003,1,921125000,0,-46.5,5.15417544729575,0,0,0.160111999511719,1.63,0,-5400.240234375
100000000000000000000002,1,921125000,0,-47,4.67557344147543,0,0,0.160111999511719,1.63,0,-5400.240234375
100000000000000000000000,1,921125000,0,-44,1.85304879176585,0,0,0.160111999511719,1.63,0,-5400.240234375
100000000000000000000001,1,921125000,0,-44.5,2.03099056316059,0,0,0.160111999511719,1.63,0,-5400.240234375
100000000000000000000004,1,921125000,0,-50.5,5.39961237335746,0,0,0.160111999511719,1.63,0,-5400.240234375
100000000000000000000002,1,921125000,0,-47,4.69398121093006,0,0,0.160111999511719,1.63,0,-5400.240234375
100000000000000000000001,1,921125000,0,-44.5,2.03712648631213,0,0,0.160111999511719,1.63,0,-5400.240234375
100000000000000000000003,1,921125000,0,-46.5,5.16644729359884,0,0,0.160111999511719,1.63,0,-5400.240234375
100000000000000000000000,1,921125000,0,-44,1.84691286861431,0,0,0.160111999511719,1.63,0,-5400.240234375
100000000000000000000004,1,921125000,0,-50.5,5.41188421966054,0,0,0.160111999511719,1.63,0,-5400.240234375
100000000000000000000001,1,921125000,0,-44.5,2.03099056316059,0,0,0.160111999511719,1.63,0,-5400.240234375
100000000000000000000000,1,921125000,0,-44,1.85304879176585,0,0,0.160111999511719,1.63,0,-5400.240234375
100000000000000000000003,1,921125000,0,-46.5,5.17871913990192,0,0,0.160111999511719,1.63,0,-5400.240234375
100000000000000000000002,1,921125000,0,-47,4.68784528777852,0,0,0.160111999511719,1.63,0,-5400.240234375
100000000000000000000003,1,921125000,0,-46.5,5.17258321675038,0,0,0.160111999511719,1.63,0,-5400.240234375
100000000000000000000002,1,921125000,0,-47,4.68784528777852,0,0,0.160111999511719,1.63,0,-5400.240234375
100000000000000000000000,1,921125000,0,-44,1.86532063806894,0,0,0.160111999511719,1.63,0,-5400.240234375
100000000000000000000001,1,921125000,0,-44.5,2.0187187168575,0,0,0.160111999511719,1.63,0,-5400.240234375
100000000000000000000004,1,921125000,0,-50.5,5.43642791226671,0,0,0.160111999511719,1.63,0,-5400.240234375
100000000000000000000002,1,921125000,0,-47,4.71852490353623,0,0,0.160111999511719,1.63,0,-5400.240234375
100000000000000000000003,1,921125000,0,-46.5,5.16644729359884,0,0,0.160111999511719,1.63,0,-5400.240234375
100000000000000000000004,1,921125000,0,-50.5,5.45483568172134,0,0,0.160111999511719,1.63,0,-5400.240234375
100000000000000000000000,1,921125000,0,-43.5,1.85304879176585,0,0,0.160111999511719,1.63,0,-5400.240234375
100000000000000000000001,1,921125000,0,-44.5,2.03099056316059,0,0,0.160111999511719,1.63,0,-5400.240234375
100000000000000000000001,1,921125000,0,-44.5,2.03099056316059,0,0,0.160111999511719,1.63,0,-5400.240234375
100000000000000000000000,1,921125000,0,-44,1.82236917600814,0,0,0.160111999511719,1.63,0,-5400.240234375
100000000000000000000003,1,921125000,0,-46.5,5.16644729359884,0,0,0.160111999511719,1.63,0,-5400.240234375
100000000000000000000002,1,921125000,0,-47,4.67557344147543,0,0,0.160111999511719,1.63,0,-5400.240234375
100000000000000000000004,1,921125000,0,-50.5,5.42415606596363,0,0,0.160111999511719,1.63,0,-5400.240234375
100000000000000000000004,1,921125000,0,-50.5,5.45483568172134,0,0,0.160111999511719,1.63,0,-5400.240234375
100000000000000000000001,1,921125000,0,-44.5,2.04326240946367,0,0,0.160111999511719,1.63,0,-5400.240234375
100000000000000000000002,1,921125000,0,-47,4.68784528777852,0,0,0.160111999511719,1.63,0,-5400.240234375
100000000000000000000003,1,921125000,0,-46.5,5.16644729359884,0,0,0.160111999511719,1.63,0,-5400.240234375
100000000000000000000000,1,921125000,0,-44,1.84077694546277,0,0,0.160111999511719,1.63,0,-5400.240234375
100000000000000000000003,1,921125000,0,-46.5,5.17871913990192,0,0,0.160111999511719,1.63,0,-5400.240234375
100000000000000000000002,1,921125000,0,-47,4.69398121093006,0,0,0.160111999511719,1.63,0,-5400.240234375
100000000000000000000001,1,921125000,0,-44.5,2.01258279370596,0,0,0.160111999511719,1.63,0,-5400.240234375
100000000000000000000000,1,921125000,0,-44,1.84691286861431,0,0,0.160111999511719,1.63,0,-5400.240234375
100000000000000000000004,1,921125000,0,-50.5,5.41802014281208,0,0,0.160111999511719,1.63,0,-5400.240234375
100000000000000000000003,1,921625000,0,-47,5.41188421966054,0,0,0.160111999511719,1.63,0,-5400.240234375
100000000000000000000002,1,921625000,0,-46.5,4.92101036753714,0,0,0.160111999511719,1.63,0,-5400.240234375
100000000000000000000001,1,921625000,0,-44.5,2.22120418085841,0,0,0.160111999511719,1.63,0,-5400.240234375
100000000000000000000004,1,921625000,0,-50,5.68800076147996,0,0,0.160111999511719,1.63,0,-5400.240234375
100000000000000000000000,1,921625000,0,-44,2.02485464000905,0,0,0.160111999511719,1.63,0,-5400.240234375
100000000000000000000003,1,921625000,0,-47,5.39961237335746,0,0,0.160111999511719,1.63,0,-5400.240234375
100000000000000000000001,1,921625000,0,-44.5,2.22120418085841,0,0,0.160111999511719,1.63,0,-5400.240234375
100000000000000000000000,1,921625000,0,-43.5,2.03099056316059,0,0,0.160111999511719,1.63,0,-5400.240234375
100000000000000000000004,1,921625000,0,-50,5.68800076147996,0,0,0.160111999511719,1.63,0,-5400.240234375
100000000000000000000002,1,921625000,0,-47,4.87805890547634,0,0,0.160111999511719,1.63,0,-5400.240234375
100000000000000000000003,1,921625000,0,-47,5.43029198911517,0,0,0.160111999511719,1.63,0,-5400.240234375
100000000000000000000000,1,921625000,0,-43.5,2.05553425576676,0,0,0.160111999511719,1.63,0,-5400.240234375
100000000000000000000004,1,921625000,0,-50.5,5.67572891517687,0,0,0.160111999511719,1.63,0,-5400.240234375
100000000000000000000001,1,921625000,0,-44.5,2.25188379661612,0,0,0.160111999511719,1.63,0,-5400.240234375
100000000000000000000002,1,921625000,0,-46.5,4.94555406014331,0,0,0.160111999511719,1.63,0,-5400.240234375
100000000000000000000000,1,921625000,0,-43.5,2.02485464000905,0,0,0.160111999511719,1.63,0,-5400.240234375
100000000000000000000001,1,921625000,0,-44.5,2.23961195031304,0,0,0.160111999511719,1.63,0,-5400.240234375
100000000000000000000002,1,921625000,0,-47,4.87805890547634,0,0,0.160111999511719,1.63,0,-5400.240234375
100000000000000000000003,1,921625000,0,-47,5.41802014281208,0,0,0.160111999511719,1.63,0,-5400.240234375
100000000000000000000004,1,921625000,0,-50.5,5.66959299202533,0,0,0.160111999511719,1.63,0,-5400.240234375
100000000000000000000004,1,921625000,0,-50,5.71254445408613,0,0,0.160111999511719,1.63,0,-5400.240234375
100000000000000000000001,1,921625000,0,-44.5,2.22734010400995,0,0,0.160111999511719,1.63,0,-5400.240234375
100000000000000000000002,1,921625000,0,-47,4.91487444438559,0,0,0.160111999511719,1.63,0,-5400.240234375
100000000000000000000000,1,921625000,0,-43.5,2.02485464000905,0,0,0.160111999511719,1.63,0,-5400.240234375
100000000000000000000003,1,921625000,0,-47,5.38734052705437,0,0,0.160111999511719,1.63,0,-5400.240234375
100000000000000000000004,1,921625000,0,-50,5.66959299202533,0,0,0.160111999511719,1.63,0,-5400.240234375
100000000000000000000000,1,921625000,0,-43.5,2.07394202522139,0,0,0.160111999511719,1.63,0,-5400.240234375
100000000000000000000002,1,921625000,0,-47,4.89033075177942,0,0,0.160111999511719,1.63,0,-5400.240234375
100000000000000000000001,1,921625000,0,-44.5,2.23347602716149,0,0,0.160111999511719,1.63,0,-5400.240234375
100000000000000000000003,1,921625000,0,-47,5.39347645020591,0,0,0.160111999511719,1.63,0,-5400.240234375
100000000000000000000003,1,921625000,0,-47,5.405748296509,0,0,0.160111999511719,1.63,0,-5400.240234375
100000000000000000000001,1,921625000,0,-44.5,2.22734010400995,0,0,0.160111999511719,1.63,0,-5400.240234375
100000000000000000000000,1,921625000,0,-43.5,2.0187187168575,0,0,0.160111999511719,1.63,0,-5400.240234375
100000000000000000000002,1,921625000,0,-47,4.90260259808251,0,0,0.160111999511719,1.63,0,-5400.240234375
100000000000000000000004,1,921625000,0,-50,5.70640853093458,0,0,0.160111999511719,1.63,0,-5400.240234375
100000000000000000000001,1,921625000,0,-44.5,2.25188379661612,0,0,0.160111999511719,1.63,0,-5400.240234375
100000000000000000000004,1,921625000,0,-50,5.68800076147996,0,0,0.160111999511719,1.63,0,-5400.240234375
100000000000000000000003,1,921625000,0,-47,5.39347645020591,0,0,0.160111999511719,1.63,0,-5400.240234375
100000000000000000000000,1,921625000,0,-43.5,2.05553425576676,0,0,0.160111999511719,1.63,0,-5400.240234375
100000000000000000000002,1,921625000,0,-47,4.91487444438559,0,0,0.160111999511719,1.63,0,-5400.240234375
100000000000000000000004,1,921625000,0,-50.5,5.67572891517687,0,0,0.160111999511719,1.63,0,-5400.240234375
100000000000000000000001,1,921625000,0,-44.5,2.22734010400995,0,0,0.160111999511719,1.63,0,-5400.240234375
100000000000000000000002,1,921625000,0,-47,4.92101036753714,0,0,0.160111999511719,1.63,0,-5400.240234375
100000000000000000000003,1,921625000,0,-47,5.41188421966054,0,0,0.160111999511719,1.63,0,-5400.240234375
100000000000000000000000,1,921625000,0,-43.5,2.02485464000905,0,0,0.160111999511719,1.63,0,-5400.240234375
100000000000000000000004,1,921625000,0,-50.5,5.6941366846315,0,0,0.160111999511719,1.63,0,-5400.240234375
100000000000000000000000,1,921625000,0,-43.5,2.05553425576676,0,0,0.160111999511719,1.63,0,-5400.240234375
100000000000000000000003,1,921625000,0,-47,5.39347645020591,0,0,0.160111999511719,1.63,0,-5400.240234375
100000000000000000000002,1,921625000,0,-47,4.91487444438559,0,0,0.160111999511719,1.63,0,-5400.240234375
100000000000000000000001,1,921625000,0,-44.5,2.23961195031304,0,0,0.160111999511719,1.63,0,-5400.240234375
100000000000000000000004,1,921625000,0,-50.5,5.70027260778304,0,0,0.160111999511719,1.63,0,-5400.240234375
100000000000000000000001,1,921625000,0,-44.5,2.25188379661612,0,0,0.160111999511719,1.63,0,-5400.240234375
100000000000000000000000,1,921625000,0,-43.5,2.03712648631213,0,0,0.160111999511719,1.63,0,-5400.240234375
100000000000000000000002,1,921625000,0,-46.5,4.90260259808251,0,0,0.160111999511719,1.63,0,-5400.240234375
100000000000000000000003,1,921625000,0,-47,5.39347645020591,0,0,0.160111999511719,1.63,0,-5400.240234375
100000000000000000000000,1,921625000,0,-43.5,2.03099056316059,0,0,0.160111999511719,1.63,0,-5400.240234375
100000000000000000000003,1,921625000,0,-47,5.41188421966054,0,0,0.160111999511719,1.63,0,-5400.240234375
100000000000000000000002,1,921625000,0,-47,4.89033075177942,0,0,0.160111999511719,1.63,0,-5400.240234375
100000000000000000000001,1,921625000,0,-44.5,2.23347602716149,0,0,0.160111999511719,1.63,0,-5400.240234375
100000000000000000000004,1,921625000,0,-50.5,5.70027260778304,0,0,0.160111999511719,1.63,0,-5400.240234375
100000000000000000000001,1,921625000,0,-44.5,2.22734010400995,0,0,0.160111999511719,1.63,0,-5400.240234375
100000000000000000000002,1,921625000,0,-46.5,4.90873852123405,0,0,0.160111999511719,1.63,0,-5400.240234375
100000000000000000000004,1,921625000,0,-50,5.6941366846315,0,0,0.160111999511719,1.63,0,-5400.240234375
100000000000000000000000,1,921625000,0,-44,2.02485464000905,0,0,0.160111999511719,1.63,0,-5400.240234375
100000000000000000000003,1,921625000,0,-47,5.41802014281208,0,0,0.160111999511719,1.63,0,-5400.240234375
100000000000000000000002,1,921625000,0,-46.5,4.89646667493097,0,0,0.160111999511719,1.63,0,-5400.240234375
100000000000000000000000,1,921625000,0,-43.5,2.03712648631213,0,0,0.160111999511719,1.63,0,-5400.240234375
100000000000000000000001,1,921625000,0,-44.5,2.25188379661612,0,0,0.160111999511719,1.63,0,-5400.240234375
100000000000000000000003,1,921625000,0,-47,5.39961237335746,0,0,0.160111999511719,1.63,0,-5400.240234375
100000000000000000000004,1,921625000,0,-50,5.70027260778304,0,0,0.160111999511719,1.63,0,-5400.240234375
100000000000000000000003,1,921625000,0,-47,5.405748296509,0,0,0.160111999511719,1.63,0,-5400.240234375
100000000000000000000000,1,921625000,0,-43.5,2.04326240946367,0,0,0.160111999511719,1.63,0,-5400.240234375
100000000000000000000004,1,921625000,0,-50.5,5.67572891517687,0,0,0.160111999511719,1.63,0,-5400.240234375
100000000000000000000001,1,921625000,0,-44.5,2.22120418085841,0,0,0.160111999511719,1.63,0,-5400.240234375
100000000000000000000002,1,921625000,0,-46.5,4.88419482862788,0,0,0.160111999511719,1.63,0,-5400.240234375
100000000000000000000003,1,921625000,0,-47,5.41188421966054,0,0,0.160111999511719,1.63,0,-5400.240234375
100000000000000000000000,1,921625000,0,-43.5,2.03099056316059,0,0,0.160111999511719,1.63,0,-5400.240234375
100000000000000000000002,1,921625000,0,-46.5,4.90873852123405,0,0,0.160111999511719,1.63,0,-5400.240234375
100000000000000000000004,1,921625000,0,-50.5,5.71868037723767,0,0,0.160111999511719,1.63,0,-5400.240234375
100000000000000000000001,1,921625000,0,-44.5,2.25801971976766,0,0,0.160111999511719,1.63,0,-5400.240234375
100000000000000000000000,1,921625000,0,-43.5,2.0187187168575,0,0,0.160111999511719,1.63,0,-5400.240234375
100000000000000000000003,1,921625000,0,-47,5.405748296509,0,0,0.160111999511719,1.63,0,-5400.240234375
100000000000000000000004,1,921625000,0,-50,5.66959299202533,0,0,0.160111999511719,1.63,0,-5400.240234375
100000000000000000000001,1,921625000,0,-44.5,2.23961195031304,0,0,0.160111999511719,1.63,0,-5400.240234375
100000000000000000000002,1,921625000,0,-47,4.90260259808251,0,0,0.160111999511719,1.63,0,-5400.240234375
100000000000000000000004,1,921625000,0,-50.5,5.70027260778304,0,0,0.160111999511719,1.63,0,-5400.240234375
100000000000000000000001,1,921625000,0,-44.5,2.23961195031304,0,0,0.160111999511719,1.63,0,-5400.240234375
100000000000000000000002,1,921625000,0,-47,4.90260259808251,0,0,0.160111999511719,1.63,0,-5400.240234375
100000000000000000000000,1,921625000,0,-43.5,2.04939833261522,0,0,0.160111999511719,1.63,0,-5400.240234375
100000000000000000000003,1,921625000,0,-47,5.39347645020591,0,0,0.160111999511719,1.63,0,-5400.240234375
100000000000000000000000,1,921625000,0,-43.5,2.03712648631213,0,0,0.160111999511719,1.63,0,-5400.240234375
100000000000000000000001,1,921625000,0,-44.5,2.22734010400995,0,0,0.160111999511719,1.63,0,-5400.240234375
100000000000000000000002,1,921625000,0,-47,4.90873852123405,0,0,0.160111999511719,1.63,0,-5400.240234375
100000000000000000000003,1,921625000,0,-47,5.405748296509,0,0,0.160111999511719,1.63,0,-5400.240234375
100000000000000000000004,1,921625000,0,-50,5.68186483832841,0,0,0.160111999511719,1.63,0,-5400.240234375
100000000000000000000002,1,921625000,0,-47,4.89646667493097,0,0,0.160111999511719,1.63,0,-5400.240234375
100000000000000000000000,1,921625000,0,-43.5,2.05553425576676,0,0,0.160111999511719,1.63,0,-5400.240234375
100000000000000000000004,1,921625000,0,-50.5,5.70640853093458,0,0,0.160111999511719,1.63,0,-5400.240234375
100000000000000000000003,1,921625000,0,-47,5.39961237335746,0,0,0.160111999511719,1.63,0,-5400.240234375
100000000000000000000001,1,921625000,0,-44.5,2.24574787346458,0,0,0.160111999511719,1.63,0,-5400.240234375
100000000000000000000000,1,921625000,0,-43.5,2.06780610206984,0,0,0.160111999511719,1.63,0,-5400.240234375
100000000000000000000001,1,921625000,0,-44.5,2.19666048825224,0,0,0.160111999511719,1.63,0,-5400.240234375
100000000000000000000003,1,921625000,0,-47,5.39961237335746,0,0,0.160111999511719,1.63,0,-5400.240234375
100000000000000000000002,1,921625000,0,-47,4.92101036753714,0,0,0.160111999511719,1.63,0,-5400.240234375
100000000000000000000004,1,921625000,0,-50,5.68186483832841,0,0,0.160111999511719,1.63,0,-5400.240234375
100000000000000000000003,1,921625000,0,-47,5.39961237335746,0,0,0.160111999511719,1.63,0,-5400.240234375
100000000000000000000004,1,921625000,0,-50.5,5.68186483832841,0,0,0.160111999511719,1.63,0,-5400.240234375
100000000000000000000001,1,921625000,0,-44.5,2.23961195031304,0,0,0.160111999511719,1.63,0,-5400.240234375
100000000000000000000002,1,921625000,0,-46.5,4.91487444438559,0,0,0.160111999511719,1.63,0,-5400.240234375
100000000000000000000000,1,921625000,0,-43.5,2.0616701789183,0,0,0.160111999511719,1.63,0,-5400.240234375
100000000000000000000000,1,921625000,0,-43.5,2.04326240946367,0,0,0.160111999511719,1.63,0,-5400.240234375
100000000000000000000001,1,921625000,0,-44.5,2.24574787346458,0,0,0.160111999511719,1.63,0,-5400.240234375
100000000000000000000004,1,921625000,0,-50,5.70640853093458,0,0,0.160111999511719,1.63,0,-5400.240234375
100000000000000000000002,1,921625000,0,-47,4.89033075177942,0,0,0.160111999511719,1.63,0,-5400.240234375
100000000000000000000003,1,921625000,0,-47,5.41802014281208,0,0,0.160111999511719,1.63,0,-5400.240234375
100000000000000000000001,1,921625000,0,-44.5,2.24574787346458,0,0,0.160111999511719,1.63,0,-5400.240234375
100000000000000000000000,1,921625000,0,-43.5,2.05553425576676,0,0,0.160111999511719,1.63,0,-5400.240234375
100000000000000000000003,1,921625000,0,-47,5.405748296509,0,0,0.160111999511719,1.63,0,-5400.240234375
100000000000000000000002,1,921625000,0,-47,4.89646667493097,0,0,0.160111999511719,1.63,0,-5400.240234375
100000000000000000000004,1,921625000,0,-50,5.6941366846315,0,0,0.160111999511719,1.63,0,-5400.240234375
100000000000000000000002,1,921625000,0,-47,4.90873852123405,0,0,0.160111999511719,1.63,0,-5400.240234375
100000000000000000000004,1,921625000,0,-50,5.70027260778304,0,0,0.160111999511719,1.63,0,-5400.240234375
100000000000000000000000,1,921625000,0,-43.5,2.04939833261522,0,0,0.160111999511719,1.63,0,-5400.240234375
100000000000000000000001,1,921625000,0,-44.5,2.22120418085841,0,0,0.160111999511719,1.63,0,-5400.240234375
100000000000000000000003,1,921625000,0,-47,5.38734052705437,0,0,0.160111999511719,1.63,0,-5400.240234375
100000000000000000000004,1,921625000,0,-50,5.70027260778304,0,0,0.160111999511719,1.63,0,-5400.240234375
100000000000000000000002,1,921625000,0,-47,4.89646667493097,0,0,0.160111999511719,1.63,0,-5400.240234375
100000000000000000000000,1,921625000,0,-43.5,2.0616701789183,0,0,0.160111999511719,1.63,0,-5400.240234375
100000000000000000000001,1,921625000,0,-44.5,2.23347602716149,0,0,0.160111999511719,1.63,0,-5400.240234375
100000000000000000000003,1,921625000,0,-47,5.38734052705437,0,0,0.160111999511719,1.63,0,-5400.240234375
100000000000000000000002,1,921625000,0,-47,4.90873852123405,0,0,0.160111999511719,1.63,0,-5400.240234375
100000000000000000000001,1,921625000,0,-44.5,2.23961195031304,0,0,0.160111999511719,1.63,0,-5400.240234375
100000000000000000000000,1,921625000,0,-43.5,2.03099056316059,0,0,0.160111999511719,1.63,0,-5400.240234375
100000000000000000000004,1,921625000,0,-50,5.68800076147996,0,0,0.160111999511719,1.63,0,-5400.240234375
100000000000000000000003,1,921625000,0,-47,5.41188421966054,0,0,0.160111999511719,1.63,0,-5400.240234375
100000000000000000000000,1,921625000,0,-44,2.03099056316059,0,0,0.160111999511719,1.63,0,-5400.240234375
100000000000000000000004,1,921625000,0,-50,5.68800076147996,0,0,0.160111999511719,1.63,0,-5400.240234375
100000000000000000000003,1,921625000,0,-47,5.405748296509,0,0,0.160111999511719,1.63,0,-5400.240234375
100000000000000000000001,1,921625000,0,-44.5,2.24574787346458,0,0,0.160111999511719,1.63,0,-5400.240234375
100000000000000000000002,1,921625000,0,-47,4.8719229823248,0,0,0.160111999511719,1.63,0,-5400.240234375
100000000000000000000001,1,921625000,0,-44.5,2.23347602716149,0,0,0.160111999511719,1.63,0,-5400.240234375
100000000000000000000004,1,921625000,0,-50.5,5.71254445408613,0,0,0.160111999511719,1.63,0,-5400.240234375
100000000000000000000003,1,921625000,0,-47,5.41188421966054,0,0,0.160111999511719,1.63,0,-5400.240234375
100000000000000000000002,1,921625000,0,-47,4.90873852123405,0,0,0.160111999511719,1.63,0,-5400.240234375
100000000000000000000000,1,921625000,0,-44,2.03712648631213,0,0,0.160111999511719,1.63,0,-5400.240234375
100000000000000000000003,1,921625000,0,-47,5.39961237335746,0,0,0.160111999511719,1.63,0,-5400.240234375
100000000000000000000004,1,921625000,0,-50,5.70640853093458,0,0,0.160111999511719,1.63,0,-5400.240234375
100000000000000000000000,1,921625000,0,-43.5,2.02485464000905,0,0,0.160111999511719,1.63,0,-5400.240234375
100000000000000000000001,1,921625000,0,-44.5,2.24574787346458,0,0,0.160111999511719,1.63,0,-5400.240234375
100000000000000000000002,1,921625000,0,-47,4.88419482862788,0,0,0.160111999511719,1.63,0,-5400.240234375
100000000000000000000000,1,921625000,0,-43.5,2.0616701789183,0,0,0.160111999511719,1.63,0,-5400.240234375
100000000000000000000001,1,921625000,0,-44.5,2.25188379661612,0,0,0.160111999511719,1.63,0,-5400.240234375
100000000000000000000004,1,921625000,0,-50.5,5.67572891517687,0,0,0.160111999511719,1.63,0,-5400.240234375
100000000000000000000002,1,921625000,0,-46.5,4.92101036753714,0,0,0.160111999511719,1.63,0,-5400.240234375
100000000000000000000003,1,921625000,0,-47,5.41188421966054,0,0,0.160111999511719,1.63,0,-5400.240234375
100000000000000000000000,1,921625000,0,-43.5,2.03712648631213,0,0,0.160111999511719,1.63,0,-5400.240234375
100000000000000000000004,1,921625000,0,-50.5,5.66959299202533,0,0,0.160111999511719,1.63,0,-5400.240234375
100000000000000000000001,1,921625000,0,-44.5,2.23961195031304,0,0,0.160111999511719,1.63,0,-5400.240234375
100000000000000000000003,1,921625000,0,-47,5.41188421966054,0,0,0.160111999511719,1.63,0,-5400.240234375
100000000000000000000002,1,921625000,0,-47,4.90873852123405,0,0,0.160111999511719,1.63,0,-5400.240234375
100000000000000000000002,1,921625000,0,-47,4.90260259808251,0,0,0.160111999511719,1.63,0,-5400.240234375
100000000000000000000004,1,921625000,0,-50.5,5.6941366846315,0,0,0.160111999511719,1.63,0,-5400.240234375
100000000000000000000000,1,921625000,0,-43.5,2.04939833261522,0,0,0.160111999511719,1.63,0,-5400.240234375
100000000000000000000003,1,921625000,0,-47,5.405748296509,0,0,0.160111999511719,1.63,0,-5400.240234375
100000000000000000000001,1,921625000,0,-44.5,2.25801971976766,0,0,0.160111999511719,1.63,0,-5400.240234375
100000000000000000000001,1,921625000,0,-44.5,2.25188379661612,0,0,0.160111999511719,1.63,0,-5400.240234375
100000000000000000000002,1,921625000,0,-47,4.90873852123405,0,0,0.160111999511719,1.63,0,-5400.240234375
100000000000000000000004,1,921625000,0,-50.5,5.66959299202533,0,0,0.160111999511719,1.63,0,-5400.240234375
100000000000000000000000,1,921625000,0,-43.5,2.03712648631213,0,0,0.160111999511719,1.63,0,-5400.240234375
100000000000000000000003,1,921625000,0,-47,5.39961237335746,0,0,0.160111999511719,1.63,0,-5400.240234375
100000000000000000000000,1,921625000,0,-43.5,2.03712648631213,0,0,0.160111999511719,1.63,0,-5400.240234375
100000000000000000000004,1,921625000,0,-50,5.68800076147996,0,0,0.160111999511719,1.63,0,-5400.240234375
100000000000000000000003,1,921625000,0,-47,5.39961237335746,0,0,0.160111999511719,1.63,0,-5400.240234375
100000000000000000000001,1,921625000,0,-44.5,2.23347602716149,0,0,0.160111999511719,1.63,0,-5400.240234375
100000000000000000000002,1,921625000,0,-47,4.89646667493097,0,0,0.160111999511719,1.63,0,-5400.240234375
100000000000000000000002,1,921625000,0,-47,4.92101036753714,0,0,0.160111999511719,1.63,0,-5400.240234375
100000000000000000000001,1,921625000,0,-44.5,2.23961195031304,0,0,0.160111999511719,1.63,0,-5400.240234375
100000000000000000000004,1,921625000,0,-50,5.68800076147996,0,0,0.160111999511719,1.63,0,-5400.240234375
100000000000000000000000,1,921625000,0,-43.5,2.0616701789183,0,0,0.160111999511719,1.63,0,-5400.240234375
100000000000000000000003,1,921625000,0,-47,5.39961237335746,0,0,0.160111999511719,1.63,0,-5400.240234375
100000000000000000000002,1,921625000,0,-47,4.91487444438559,0,0,0.160111999511719,1.63,0,-5400.240234375
100000000000000000000000,1,921625000,0,-43.5,2.05553425576676,0,0,0.160111999511719,1.63,0,-5400.240234375
100000000000000000000004,1,921625000,0,-50,5.68186483832841,0,0,0.160111999511719,1.63,0,-5400.240234375
100000000000000000000003,1,921625000,0,-47,5.405748296509,0,0,0.160111999511719,1.63,0,-5400.240234375
100000000000000000000001,1,921625000,0,-44.5,2.25188379661612,0,0,0.160111999511719,1.63,0,-5400.240234375
100000000000000000000004,1,921625000,0,-50,5.68186483832841,0,0,0.160111999511719,1.63,0,-5400.240234375
100000000000000000000003,1,921625000,0,-47,5.41802014281208,0,0,0.160111999511719,1.63,0,-5400.240234375
100000000000000000000002,1,921625000,0,-47,4.90260259808251,0,0,0.160111999511719,1.63,0,-5400.240234375
100000000000000000000001,1,921625000,0,-44.5,2.22120418085841,0,0,0.160111999511719,1.63,0,-5400.240234375
100000000000000000000000,1,921625000,0,-43.5,2.03099056316059,0,0,0.160111999511719,1.63,0,-5400.240234375
100000000000000000000000,1,921625000,0,-43.5,2.0187187168575,0,0,0.160111999511719,1.63,0,-5400.240234375
100000000000000000000002,1,921625000,0,-47,4.89033075177942,0,0,0.160111999511719,1.63,0,-5400.240234375
100000000000000000000003,1,921625000,0,-47,5.39347645020591,0,0,0.160111999511719,1.63,0,-5400.240234375
100000000000000000000001,1,921625000,0,-44.5,2.23961195031304,0,0,0.160111999511719,1.63,0,-5400.240234375
100000000000000000000004,1,921625000,0,-50,5.68186483832841,0,0,0.160111999511719,1.63,0,-5400.240234375
100000000000000000000002,1,921625000,0,-47,4.90873852123405,0,0,0.160111999511719,1.63,0,-5400.240234375
100000000000000000000003,1,921625000,0,-47,5.38734052705437,0,0,0.160111999511719,1.63,0,-5400.240234375
100000000000000000000000,1,921625000,0,-43.5,2.03099056316059,0,0,0.160111999511719,1.63,0,-5400.240234375
100000000000000000000004,1,921625000,0,-50.5,5.65732114572224,0,0,0.160111999511719,1.63,0,-5400.240234375
100000000000000000000001,1,921625000,0,-44.5,2.25801971976766,0,0,0.160111999511719,1.63,0,-5400.240234375
100000000000000000000004,1,921625000,0,-50,5.68800076147996,0,0,0.160111999511719,1.63,0,-5400.240234375
100000000000000000000000,1,921625000,0,-43.5,2.02485464000905,0,0,0.160111999511719,1.63,0,-5400.240234375
100000000000000000000001,1,921625000,0,-44.5,2.22734010400995,0,0,0.160111999511719,1.63,0,-5400.240234375
100000000000000000000003,1,921625000,0,-47,5.405748296509,0,0,0.160111999511719,1.63,0,-5400.240234375
100000000000000000000002,1,921625000,0,-47,4.89646667493097,0,0,0.160111999511719,1.63,0,-5400.240234375
100000000000000000000000,1,921625000,0,-43.5,2.02485464000905,0,0,0.160111999511719,1.63,0,-5400.240234375
100000000000000000000004,1,921625000,0,-50,5.68186483832841,0,0,0.160111999511719,1.63,0,-5400.240234375
100000000000000000000002,1,921625000,0,-46.5,4.90260259808251,0,0,0.160111999511719,1.63,0,-5400.240234375
100000000000000000000003,1,921625000,0,-47,5.39347645020591,0,0,0.160111999511719,1.63,0,-5400.240234375
100000000000000000000001,1,921625000,0,-44.5,2.23961195031304,0,0,0.160111999511719,1.63,0,-5400.240234375
100000000000000000000002,1,921625000,0,-47,4.86578705917325,0,0,0.160111999511719,1.63,0,-5400.240234375
100000000000000000000001,1,921625000,0,-44.5,2.24574787346458,0,0,0.160111999511719,1.63,0,-5400.240234375
100000000000000000000000,1,921625000,0,-43.5,2.02485464000905,0,0,0.160111999511719,1.63,0,-5400.240234375
100000000000000000000004,1,921625000,0,-50.5,5.70027260778304,0,0,0.160111999511719,1.63,0,-5400.240234375
100000000000000000000003,1,921625000,0,-47,5.405748296509,0,0,0.160111999511719,1.63,0,-5400.240234375
100000000000000000000004,1,921625000,0,-50.5,5.67572891517687,0,0,0.160111999511719,1.63,0,-5400.240234375
100000000000000000000000,1,921625000,0,-44,2.03712648631213,0,0,0.160111999511719,1.63,0,-5400.240234375
100000000000000000000002,1,921625000,0,-47,4.89033075177942,0,0,0.160111999511719,1.63,0,-5400.240234375
100000000000000000000003,1,921625000,0,-47,5.35666091129666,0,0,0.160111999511719,1.63,0,-5400.240234375
100000000000000000000001,1,921625000,0,-44.5,2.24574787346458,0,0,0.160111999511719,1.63,0,-5400.240234375
100000000000000000000003,1,921625000,0,-47,5.39347645020591,0,0,0.160111999511719,1.63,0,-5400.240234375
100000000000000000000002,1,921625000,0,-47,4.89646667493097,0,0,0.160111999511719,1.63,0,-5400.240234375
100000000000000000000001,1,921625000,0,-44.5,2.22734010400995,0,0,0.160111999511719,1.63,0,-5400.240234375
100000000000000000000000,1,921625000,0,-44,2.05553425576676,0,0,0.160111999511719,1.63,0,-5400.240234375
100000000000000000000004,1,921625000,0,-50,5.67572891517687,0,0,0.160111999511719,1.63,0,-5400.240234375
100000000000000000000002,1,921625000,0,-47,4.90260259808251,0,0,0.160111999511719,1.63,0,-5400.240234375
100000000000000000000000,1,921625000,0,-43.5,2.05553425576676,0,0,0.160111999511719,1.63,0,-5400.240234375
100000000000000000000004,1,921625000,0,-50.5,5.68800076147996,0,0,0.160111999511719,1.63,0,-5400.240234375
100000000000000000000003,1,921625000,0,-47,5.41188421966054,0,0,0.160111999511719,1.63,0,-5400.240234375
100000000000000000000001,1,921625000,0,-44.5,2.22734010400995,0,0,0.160111999511719,1.63,0,-5400.240234375
100000000000000000000002,1,921625000,0,-47,4.87805890547634,0,0,0.160111999511719,1.63,0,-5400.240234375
100000000000000000000004,1,921625000,0,-50,5.70027260778304,0,0,0.160111999511719,1.63,0,-5400.240234375
100000000000000000000001,1,921625000,0,-44.5,2.24574787346458,0,0,0.160111999511719,1.63,0,-5400.240234375
100000000000000000000000,1,921625000,0,-44,2.04326240946367,0,0,0.160111999511719,1.63,0,-5400.240234375
100000000000000000000003,1,921625000,0,-47,5.39961237335746,0,0,0.160111999511719,1.63,0,-5400.240234375
100000000000000000000000,1,921625000,0,-43.5,2.0616701789183,0,0,0.160111999511719,1.63,0,-5400.240234375
100000000000000000000003,1,921625000,0,-47,5.39961237335746,0,0,0.160111999511719,1.63,0,-5400.240234375
100000000000000000000004,1,921625000,0,-50.5,5.6941366846315,0,0,0.160111999511719,1.63,0,-5400.240234375
100000000000000000000002,1,921625000,0,-47,4.88419482862788,0,0,0.160111999511719,1.63,0,-5400.240234375
100000000000000000000001,1,921625000,0,-44.5,2.27029156607075,0,0,0.160111999511719,1.63,0,-5400.240234375
100000000000000000000000,1,921625000,0,-43.5,2.04326240946367,0,0,0.160111999511719,1.63,0,-5400.240234375
100000000000000000000001,1,921625000,0,-44.5,2.23347602716149,0,0,0.160111999511719,1.63,0,-5400.240234375
100000000000000000000004,1,921625000,0,-50,5.6941366846315,0,0,0.160111999511719,1.63,0,-5400.240234375
100000000000000000000002,1,921625000,0,-47,4.90260259808251,0,0,0.160111999511719,1.63,0,-5400.240234375
100000000000000000000003,1,921625000,0,-47,5.39347645020591,0,0,0.160111999511719,1.63,0,-5400.240234375
100000000000000000000003,1,921625000,0,-47,5.41188421966054,0,0,0.160111999511719,1.63,0,-5400.240234375
100000000000000000000001,1,921625000,0,-44.5,2.23961195031304,0,0,0.160111999511719,1.63,0,-5400.240234375
100000000000000000000004,1,921625000,0,-50.5,5.67572891517687,0,0,0.160111999511719,1.63,0,-5400.240234375
100000000000000000000000,1,921625000,0,-43.5,2.03099056316059,0,0,0.160111999511719,1.63,0,-5400.240234375
100000000000000000000002,1,921625000,0,-46.5,4.92714629068868,0,0,0.160111999511719,1.63,0,-5400.240234375
100000000000000000000004,1,921625000,0,-50,5.6941366846315,0,0,0.160111999511719,1.63,0,-5400.240234375
100000000000000000000002,1,921625000,0,-47,4.91487444438559,0,0,0.160111999511719,1.63,0,-5400.240234375
100000000000000000000001,1,921625000,0,-44.5,2.23347602716149,0,0,0.160111999511719,1.63,0,-5400.240234375
100000000000000000000000,1,921625000,0,-43.5,2.04326240946367,0,0,0.160111999511719,1.63,0,-5400.240234375
100000000000000000000003,1,921625000,0,-47,5.39961237335746,0,0,0.160111999511719,1.63,0,-5400.240234375
100000000000000000000003,1,921625000,0,-47,5.405748296509,0,0,0.160111999511719,1.63,0,-5400.240234375
100000000000000000000000,1,921625000,0,-43.5,2.04326240946367,0,0,0.160111999511719,1.63,0,-5400.240234375
100000000000000000000002,1,921625000,0,-47,4.89646667493097,0,0,0.160111999511719,1.63,0,-5400.240234375
100000000000000000000004,1,921625000,0,-50.5,5.67572891517687,0,0,0.160111999511719,1.63,0,-5400.240234375
100000000000000000000001,1,921625000,0,-44.5,2.22120418085841,0,0,0.160111999511719,1.63,0,-5400.240234375
100000000000000000000004,1,921625000,0,-50,5.68800076147996,0,0,0.160111999511719,1.63,0,-5400.240234375
100000000000000000000002,1,921625000,0,-47,4.90260259808251,0,0,0.160111999511719,1.63,0,-5400.240234375
100000000000000000000000,1,921625000,0,-43.5,2.05553425576676,0,0,0.160111999511719,1.63,0,-5400.240234375
100000000000000000000001,1,921625000,0,-44.5,2.23347602716149,0,0,0.160111999511719,1.63,0,-5400.240234375
100000000000000000000003,1,921625000,0,-47,5.41802014281208,0,0,0.160111999511719,1.63,0,-5400.240234375
100000000000000000000001,1,921625000,0,-44.5,2.23347602716149,0,0,0.160111999511719,1.63,0,-5400.240234375
100000000000000000000004,1,921625000,0,-50,5.71868037723767,0,0,0.160111999511719,1.63,0,-5400.240234375
100000000000000000000000,1,921625000,0,-43.5,2.03099056316059,0,0,0.160111999511719,1.63,0,-5400.240234375
100000000000000000000002,1,921625000,0,-47,4.89646667493097,0,0,0.160111999511719,1.63,0,-5400.240234375
100000000000000000000003,1,921625000,0,-47,5.39961237335746,0,0,0.160111999511719,1.63,0,-5400.240234375
100000000000000000000002,1,921625000,0,-47,4.90873852123405,0,0,0.160111999511719,1.63,0,-5400.240234375
100000000000000000000001,1,921625000,0,-44.5,2.25188379661612,0,0,0.160111999511719,1.63,0,-5400.240234375
100000000000000000000003,1,921625000,0,-47,5.405748296509,0,0,0.160111999511719,1.63,0,-5400.240234375
100000000000000000000000,1,921625000,0,-43.5,2.03712648631213,0,0,0.160111999511719,1.63,0,-5400.240234375
100000000000000000000004,1,921625000,0,-50.5,5.6941366846315,0,0,0.160111999511719,1.63,0,-5400.240234375
100000000000000000000001,1,921625000,0,-44.5,2.23347602716149,0,0,0.160111999511719,1.63,0,-5400.240234375
100000000000000000000004,1,921625000,0,-50.5,5.70027260778304,0,0,0.160111999511719,1.63,0,-5400.240234375
100000000000000000000003,1,921625000,0,-47,5.39961237335746,0,0,0.160111999511719,1.63,0,-5400.240234375
100000000000000000000000,1,921625000,0,-43.5,2.04326240946367,0,0,0.160111999511719,1.63,0,-5400.240234375
100000000000000000000002,1,921625000,0,-46.5,4.89646667493097,0,0,0.160111999511719,1.63,0,-5400.240234375
100000000000000000000004,1,921625000,0,-50,5.6941366846315,0,0,0.160111999511719,1.63,0,-5400.240234375
100000000000000000000002,1,921625000,0,-47,4.89646667493097,0,0,0.160111999511719,1.63,0,-5400.240234375
100000000000000000000000,1,921625000,0,-43.5,2.04939833261522,0,0,0.160111999511719,1.63,0,-5400.240234375
100000000000000000000001,1,921625000,0,-44.5,2.23961195031304,0,0,0.160111999511719,1.63,0,-5400.240234375
100000000000000000000003,1,921625000,0,-47,5.405748296509,0,0,0.160111999511719,1.63,0,-5400.240234375
100000000000000000000002,1,921625000,0,-47,4.90260259808251,0,0,0.160111999511719,1.63,0,-5400.240234375
100000000000000000000001,1,921625000,0,-44.5,2.22120418085841,0,0,0.160111999511719,1.63,0,-5400.240234375
100000000000000000000004,1,921625000,0,-50,5.68800076147996,0,0,0.160111999511719,1.63,0,-5400.240234375
100000000000000000000000,1,921625000,0,-43.5,2.07394202522139,0,0,0.160111999511719,1.63,0,-5400.240234375
100000000000000000000003,1,921625000,0,-47,5.41802014281208,0,0,0.160111999511719,1.63,0,-5400.240234375
100000000000000000000000,1,921625000,0,-43.5,2.03099056316059,0,0,0.160111999511719,1.63,0,-5400.240234375
100000000000000000000003,1,921625000,0,-47,5.39961237335746,0,0,0.160111999511719,1.63,0,-5400.240234375
100000000000000000000004,1,921625000,0,-50,5.68800076147996,0,0,0.160111999511719,1.63,0,-5400.240234375
100000000000000000000001,1,921625000,0,-44.5,2.21506825770687,0,0,0.160111999511719,1.63,0,-5400.240234375
100000000000000000000002,1,921625000,0,-47,4.89033075177942,0,0,0.160111999511719,1.63,0,-5400.240234375
100000000000000000000003,1,921625000,0,-47,5.38120460390283,0,0,0.160111999511719,1.63,0,-5400.240234375
100000000000000000000001,1,921625000,0,-44.5,2.21506825770687,0,0,0.160111999511719,1.63,0,-5400.240234375
100000000000000000000000,1,921625000,0,-44,2.03099056316059,0,0,0.160111999511719,1.63,0,-5400.240234375
100000000000000000000004,1,921625000,0,-50.5,5.68186483832841,0,0,0.160111999511719,1.63,0,-5400.240234375
100000000000000000000002,1,921625000,0,-47,4.90873852123405,0,0,0.160111999511719,1.63,0,-5400.240234375
100000000000000000000000,1,921625000,0,-43.5,2.03712648631213,0,0,0.160111999511719,1.63,0,-5400.240234375
100000000000000000000004,1,921625000,0,-50.5,5.65732114572224,0,0,0.160111999511719,1.63,0,-5400.240234375
100000000000000000000003,1,921625000,0,-47,5.39347645020591,0,0,0.160111999511719,1.63,0,-5400.240234375
100000000000000000000001,1,921625000,0,-44.5,2.23961195031304,0,0,0.160111999511719,1.63,0,-5400.240234375
100000000000000000000002,1,921625000,0,-47,4.8719229823248,0,0,0.160111999511719,1.63,0,-5400.240234375
100000000000000000000003,1,921625000,0,-47,5.42415606596363,0,0,0.160111999511719,1.63,0,-5400.240234375
100000000000000000000000,1,921625000,0,-44,2.04939833261522,0,0,0.160111999511719,1.63,0,-5400.240234375
100000000000000000000001,1,921625000,0,-44.5,2.23961195031304,0,0,0.160111999511719,1.63,0,-5400.240234375
100000000000000000000002,1,921625000,0,-47,4.90260259808251,0,0,0.160111999511719,1.63,0,-5400.240234375
100000000000000000000004,1,921625000,0,-50,5.71254445408613,0,0,0.160111999511719,1.63,0,-5400.240234375
100000000000000000000003,1,921625000,0,-47,5.405748296509,0,0,0.160111999511719,1.63,0,-5400.240234375
100000000000000000000002,1,921625000,0,-47,4.90260259808251,0,0,0.160111999511719,1.63,0,-5400.240234375
100000000000000000000001,1,921625000,0,-44.5,2.22734010400995,0,0,0.160111999511719,1.63,0,-5400.240234375
100000000000000000000000,1,921625000,0,-43.5,2.03099056316059,0,0,0.160111999511719,1.63,0,-5400.240234375
100000000000000000000004,1,921625000,0,-50.5,5.68800076147996,0,0,0.160111999511719,1.63,0,-5400.240234375
100000000000000000000004,1,921625000,0,-50,5.65732114572224,0,0,0.160111999511719,1.63,0,-5400.240234375
100000000000000000000003,1,921625000,0,-47,5.42415606596363,0,0,0.160111999511719,1.63,0,-5400.240234375
100000000000000000000000,1,921625000,0,-43.5,2.08007794837293,0,0,0.160111999511719,1.63,0,-5400.240234375
100000000000000000000002,1,921625000,0,-47,4.92101036753714,0,0,0.160111999511719,1.63,0,-5400.240234375
100000000000000000000001,1,921625000,0,-44.5,2.22734010400995,0,0,0.160111999511719,1.63,0,-5400.240234375
100000000000000000000001,1,921625000,0,-44.5,2.21506825770687,0,0,0.160111999511719,1.63,0,-5400.240234375
100000000000000000000000,1,921625000,0,-44,2.03712648631213,0,0,0.160111999511719,1.63,0,-5400.240234375
100000000000000000000003,1,921625000,0,-47,5.39347645020591,0,0,0.160111999511719,1.63,0,-5400.240234375
100000000000000000000004,1,921625000,0,-50,5.68800076147996,0,0,0.160111999511719,1.63,0,-5400.240234375
100000000000000000000002,1,921625000,0,-47,4.90260259808251,0,0,0.160111999511719,1.63,0,-5400.240234375
100000000000000000000003,1,921625000,0,-47,5.38120460390283,0,0,0.160111999511719,1.63,0,-5400.240234375
100000000000000000000002,1,921625000,0,-46.5,4.90260259808251,0,0,0.160111999511719,1.63,0,-5400.240234375
100000000000000000000000,1,921625000,0,-44,2.0616701789183,0,0,0.160111999511719,1.63,0,-5400.240234375
100000000000000000000001,1,921625000,0,-44.5,2.23347602716149,0,0,0.160111999511719,1.63,0,-5400.240234375
100000000000000000000004,1,921625000,0,-50,5.70027260778304,0,0,0.160111999511719,1.63,0,-5400.240234375
100000000000000000000001,1,921625000,0,-44.5,2.22734010400995,0,0,0.160111999511719,1.63,0,-5400.240234375
100000000000000000000003,1,921625000,0,-47,5.38734052705437,0,0,0.160111999511719,1.63,0,-5400.240234375
100000000000000000000004,1,921625000,0,-50.5,5.68186483832841,0,0,0.160111999511719,1.63,0,-5400.240234375
100000000000000000000000,1,921625000,0,-43.5,2.05553425576676,0,0,0.160111999511719,1.63,0,-5400.240234375
100000000000000000000002,1,921625000,0,-47,4.89033075177942,0,0,0.160111999511719,1.63,0,-5400.240234375
100000000000000000000002,1,921625000,0,-47,4.89033075177942,0,0,0.160111999511719,1.63,0,-5400.240234375
100000000000000000000000,1,921625000,0,-43.5,2.03712648631213,0,0,0.160111999511719,1.63,0,-5400.240234375
100000000000000000000001,1,921625000,0,-44.5,2.23347602716149,0,0,0.160111999511719,1.63,0,-5400.240234375
100000000000000000000003,1,921625000,0,-47,5.41188421966054,0,0,0.160111999511719,1.63,0,-5400.240234375
100000000000000000000004,1,921625000,0,-50,5.6941366846315,0,0,0.160111999511719,1.63,0,-5400.240234375
100000000000000000000000,1,921625000,0,-43.5,2.03099056316059,0,0,0.160111999511719,1.63,0,-5400.240234375
100000000000000000000001,1,921625000,0,-44.5,2.24574787346458,0,0,0.160111999511719,1.63,0,-5400.240234375
100000000000000000000002,1,921625000,0,-47,4.90873852123405,0,0,0.160111999511719,1.63,0,-5400.240234375
100000000000000000000003,1,921625000,0,-47,5.405748296509,0,0,0.160111999511719,1.63,0,-5400.240234375
100000000000000000000004,1,921625000,0,-50.5,5.6941366846315,0,0,0.160111999511719,1.63,0,-5400.240234375
100000000000000000000004,1,921625000,0,-50,5.67572891517687,0,0,0.160111999511719,1.63,0,-5400.240234375
100000000000000000000000,1,921625000,0,-43.5,2.07394202522139,0,0,0.160111999511719,1.63,0,-5400.240234375
100000000000000000000003,1,921625000,0,-47,5.36893275759974,0,0,0.160111999511719,1.63,0,-5400.240234375
100000000000000000000002,1,921625000,0,-46.5,4.92714629068868,0,0,0.160111999511719,1.63,0,-5400.240234375
100000000000000000000001,1,921625000,0,-44.5,2.25801971976766,0,0,0.160111999511719,1.63,0,-5400.240234375
100000000000000000000001,1,921625000,0,-44.5,2.20893233455532,0,0,0.160111999511719,1.63,0,-5400.240234375
100000000000000000000000,1,921625000,0,-43.5,2.03712648631213,0,0,0.160111999511719,1.63,0,-5400.240234375
100000000000000000000004,1,921625000,0,-50,5.68800076147996,0,0,0.160111999511719,1.63,0,-5400.240234375
100000000000000000000003,1,921625000,0,-47,5.405748296509,0,0,0.160111999511719,1.63,0,-5400.240234375
100000000000000000000002,1,921625000,0,-46.5,4.90260259808251,0,0,0.160111999511719,1.63,0,-5400.240234375
100000000000000000000004,1,921625000,0,-50,5.71254445408613,0,0,0.160111999511719,1.63,0,-5400.240234375
100000000000000000000002,1,921625000,0,-47,4.90873852123405,0,0,0.160111999511719,1.63,0,-5400.240234375
100000000000000000000001,1,921625000,0,-44.5,2.25801971976766,0,0,0.160111999511719,1.63,0,-5400.240234375
100000000000000000000003,1,921625000,0,-47,5.42415606596363,0,0,0.160111999511719,1.63,0,-5400.240234375
100000000000000000000000,1,921625000,0,-43.5,2.03099056316059,0,0,0.160111999511719,1.63,0,-5400.240234375
100000000000000000000003,1,921625000,0,-47,5.43029198911517,0,0,0.160111999511719,1.63,0,-5400.240234375
100000000000000000000000,1,921625000,0,-43.5,2.04939833261522,0,0,0.160111999511719,1.63,0,-5400.240234375
100000000000000000000002,1,921625000,0,-47,4.86578705917325,0,0,0.160111999511719,1.63,0,-5400.240234375
100000000000000000000001,1,921625000,0,-44.5,2.23961195031304,0,0,0.160111999511719,1.63,0,-5400.240234375
100000000000000000000004,1,921625000,0,-50,5.68800076147996,0,0,0.160111999511719,1.63,0,-5400.240234375
100000000000000000000004,1,921625000,0,-50,5.70027260778304,0,0,0.160111999511719,1.63,0,-5400.240234375
100000000000000000000001,1,921625000,0,-44.5,2.23961195031304,0,0,0.160111999511719,1.63,0,-5400.240234375
100000000000000000000002,1,921625000,0,-47,4.92714629068868,0,0,0.160111999511719,1.63,0,-5400.240234375
100000000000000000000003,1,921625000,0,-47,5.41802014281208,0,0,0.160111999511719,1.63,0,-5400.240234375
100000000000000000000000,1,921625000,0,-43.5,2.0616701789183,0,0,0.160111999511719,1.63,0,-5400.240234375
100000000000000000000004,1,921625000,0,-50.5,5.65732114572224,0,0,0.160111999511719,1.63,0,-5400.240234375
100000000000000000000003,1,921625000,0,-47,5.38120460390283,0,0,0.160111999511719,1.63,0,-5400.240234375
100000000000000000000002,1,921625000,0,-47,4.89033075177942,0,0,0.160111999511719,1.63,0,-5400.240234375
100000000000000000000001,1,921625000,0,-44.5,2.23347602716149,0,0,0.160111999511719,1.63,0,-5400.240234375
100000000000000000000000,1,921625000,0,-43.5,2.03099056316059,0,0,0.160111999511719,1.63,0,-5400.240234375
100000000000000000000000,1,921625000,0,-43.5,2.03712648631213,0,0,0.160111999511719,1.63,0,-5400.240234375
100000000000000000000002,1,921625000,0,-46.5,4.88419482862788,0,0,0.160111999511719,1.63,0,-5400.240234375
100000000000000000000001,1,921625000,0,-44.5,2.23961195031304,0,0,0.160111999511719,1.63,0,-5400.240234375
100000000000000000000003,1,921625000,0,-47,5.39961237335746,0,0,0.160111999511719,1.63,0,-5400.240234375
100000000000000000000004,1,921625000,0,-50,5.6941366846315,0,0,0.160111999511719,1.63,0,-5400.240234375
100000000000000000000002,1,921625000,0,-47,4.8719229823248,0,0,0.160111999511719,1.63,0,-5400.240234375
100000000000000000000004,1,921625000,0,-50,5.71254445408613,0,0,0.160111999511719,1.63,0,-5400.240234375
100000000000000000000001,1,921625000,0,-44.5,2.25801971976766,0,0,0.160111999511719,1.63,0,-5400.240234375
100000000000000000000000,1,921625000,0,-43.5,2.07394202522139,0,0,0.160111999511719,1.63,0,-5400.240234375
100000000000000000000003,1,921625000,0,-47,5.39961237335746,0,0,0.160111999511719,1.63,0,-5400.240234375
100000000000000000000000,1,921625000,0,-43.5,2.04326240946367,0,0,0.160111999511719,1.63,0,-5400.240234375
100000000000000000000002,1,921625000,0,-46.5,4.90260259808251,0,0,0.160111999511719,1.63,0,-5400.240234375
100000000000000000000001,1,921625000,0,-44.5,2.23347602716149,0,0,0.160111999511719,1.63,0,-5400.240234375
100000000000000000000003,1,921625000,0,-47,5.41188421966054,0,0,0.160111999511719,1.63,0,-5400.240234375
100000000000000000000004,1,921625000,0,-50,5.70640853093458,0,0,0.160111999511719,1.63,0,-5400.240234375
100000000000000000000002,1,921625000,0,-47,4.91487444438559,0,0,0.160111999511719,1.63,0,-5400.240234375
100000000000000000000003,1,921625000,0,-47,5.41188421966054,0,0,0.160111999511719,1.63,0,-5400.240234375
100000000000000000000004,1,921625000,0,-50.5,5.6941366846315,0,0,0.160111999511719,1.63,0,-5400.240234375
100000000000000000000000,1,921625000,0,-43.5,2.03712648631213,0,0,0.160111999511719,1.63,0,-5400.240234375
100000000000000000000001,1,921625000,0,-44.5,2.22120418085841,0,0,0.160111999511719,1.63,0,-5400.240234375
100000000000000000000004,1,921625000,0,-50.5,5.68800076147996,0,0,0.160111999511719,1.63,0,-5400.240234375
100000000000000000000000,1,921625000,0,-43.5,2.03099056316059,0,0,0.160111999511719,1.63,0,-5400.240234375
100000000000000000000002,1,921625000,0,-47,4.88419482862788,0,0,0.160111999511719,1.63,0,-5400.240234375
100000000000000000000003,1,921625000,0,-47,5.405748296509,0,0,0.160111999511719,1.63,0,-5400.240234375
100000000000000000000001,1,921625000,0,-44.5,2.22120418085841,0,0,0.160111999511719,1.63,0,-5400.240234375
100000000000000000000002,1,921625000,0,-46.5,4.89646667493097,0,0,0.160111999511719,1.63,0,-5400.240234375
100000000000000000000000,1,921625000,0,-43.5,2.03099056316059,0,0,0.160111999511719,1.63,0,-5400.240234375
100000000000000000000001,1,921625000,0,-44.5,2.24574787346458,0,0,0.160111999511719,1.63,0,-5400.240234375
100000000000000000000003,1,921625000,0,-47,5.41188421966054,0,0,0.160111999511719,1.63,0,-5400.240234375
100000000000000000000004,1,921625000,0,-50,5.70640853093458,0,0,0.160111999511719,1.63,0,-5400.240234375
100000000000000000000000,1,921625000,0,-43.5,2.03099056316059,0,0,0.160111999511719,1.63,0,-5400.240234375
100000000000000000000004,1,921625000,0,-50.5,5.67572891517687,0,0,0.160111999511719,1.63,0,-5400.240234375
100000000000000000000003,1,921625000,0,-47,5.39961237335746,0,0,0.160111999511719,1.63,0,-5400.240234375
100000000000000000000001,1,921625000,0,-44.5,2.23961195031304,0,0,0.160111999511719,1.63,0,-5400.240234375
100000000000000000000002,1,921625000,0,-46.5,4.89033075177942,0,0,0.160111999511719,1.63,0,-5400.240234375
100000000000000000000000,1,921625000,0,-43.5,2.03099056316059,0,0,0.160111999511719,1.63,0,-5400.240234375
100000000000000000000002,1,921625000,0,-47,4.90873852123405,0,0,0.160111999511719,1.63,0,-5400.240234375
100000000000000000000004,1,921625000,0,-50,5.70027260778304,0,0,0.160111999511719,1.63,0,-5400.240234375
100000000000000000000001,1,921625000,0,-44.5,2.24574787346458,0,0,0.160111999511719,1.63,0,-5400.240234375
100000000000000000000003,1,921625000,0,-47,5.41188421966054,0,0,0.160111999511719,1.63,0,-5400.240234375
100000000000000000000003,1,921625000,0,-47,5.405748296509,0,0,0.160111999511719,1.63,0,-5400.240234375
100000000000000000000002,1,921625000,0,-47,4.90873852123405,0,0,0.160111999511719,1.63,0,-5400.240234375
100000000000000000000004,1,921625000,0,-50,5.68186483832841,0,0,0.160111999511719,1.63,0,-5400.240234375
100000000000000000000000,1,921625000,0,-43.5,2.03712648631213,0,0,0.160111999511719,1.63,0,-5400.240234375
100000000000000000000001,1,921625000,0,-44.5,2.22120418085841,0,0,0.160111999511719,1.63,0,-5400.240234375
100000000000000000000004,1,921625000,0,-50.5,5.70027260778304,0,0,0.160111999511719,1.63,0,-5400.240234375
100000000000000000000003,1,921625000,0,-47,5.36893275759974,0,0,0.160111999511719,1.63,0,-5400.240234375
100000000000000000000002,1,921625000,0,-47,4.89646667493097,0,0,0.160111999511719,1.63,0,-5400.240234375
100000000000000000000001,1,921625000,0,-44.5,2.23961195031304,0,0,0.160111999511719,1.63,0,-5400.240234375
100000000000000000000000,1,921625000,0,-43.5,2.0616701789183,0,0,0.160111999511719,1.63,0,-5400.240234375
100000000000000000000000,1,921625000,0,-43.5,2.03712648631213,0,0,0.160111999511719,1.63,0,-5400.240234375
100000000000000000000002,1,921625000,0,-47,4.90260259808251,0,0,0.160111999511719,1.63,0,-5400.240234375
100000000000000000000001,1,921625000,0,-44.5,2.23961195031304,0,0,0.160111999511719,1.63,0,-5400.240234375
100000000000000000000004,1,921625000,0,-50,5.68800076147996,0,0,0.160111999511719,1.63,0,-5400.240234375
100000000000000000000003,1,921625000,0,-47,5.39347645020591,0,0,0.160111999511719,1.63,0,-5400.240234375
100000000000000000000004,1,921625000,0,-50,5.70640853093458,0,0,0.160111999511719,1.63,0,-5400.240234375
100000000000000000000003,1,921625000,0,-47,5.405748296509,0,0,0.160111999511719,1.63,0,-5400.240234375
100000000000000000000002,1,921625000,0,-47,4.90260259808251,0,0,0.160111999511719,1.63,0,-5400.240234375
100000000000000000000000,1,921625000,0,-43.5,2.04939833261522,0,0,0.160111999511719,1.63,0,-5400.240234375
100000000000000000000001,1,921625000,0,-44.5,2.23347602716149,0,0,0.160111999511719,1.63,0,-5400.240234375
100000000000000000000003,1,921625000,0,-47,5.39347645020591,0,0,0.160111999511719,1.63,0,-5400.240234375
100000000000000000000000,1,921625000,0,-43.5,2.04326240946367,0,0,0.160111999511719,1.63,0,-5400.240234375
100000000000000000000004,1,921625000,0,-50,5.66345706887379,0,0,0.160111999511719,1.63,0,-5400.240234375
100000000000000000000002,1,921625000,0,-47,4.88419482862788,0,0,0.160111999511719,1.63,0,-5400.240234375
100000000000000000000001,1,921625000,0,-44.5,2.23347602716149,0,0,0.160111999511719,1.63,0,-5400.240234375
100000000000000000000003,1,921625000,0,-47,5.39961237335746,0,0,0.160111999511719,1.63,0,-5400.240234375
100000000000000000000000,1,921625000,0,-43.5,2.02485464000905,0,0,0.160111999511719,1.63,0,-5400.240234375
100000000000000000000001,1,921625000,0,-44.5,2.25188379661612,0,0,0.160111999511719,1.63,0,-5400.240234375
100000000000000000000004,1,921625000,0,-50.5,5.68186483832841,0,0,0.160111999511719,1.63,0,-5400.240234375
100000000000000000000002,1,921625000,0,-47,4.89033075177942,0,0,0.160111999511719,1.63,0,-5400.240234375
100000000000000000000000,1,921625000,0,-43.5,2.03099056316059,0,0,0.160111999511719,1.63,0,-5400.240234375
100000000000000000000003,1,921625000,0,-47,5.41188421966054,0,0,0.160111999511719,1.63,0,-5400.240234375
100000000000000000000004,1,921625000,0,-50.5,5.71254445408613,0,0,0.160111999511719,1.63,0,-5400.240234375
100000000000000000000002,1,921625000,0,-47,4.91487444438559,0,0,0.160111999511719,1.63,0,-5400.240234375
100000000000000000000001,1,921625000,0,-44.5,2.24574787346458,0,0,0.160111999511719,1.63,0,-5400.240234375
100000000000000000000003,1,921625000,0,-47,5.39961237335746,0,0,0.160111999511719,1.63,0,-5400.240234375
100000000000000000000004,1,921625000,0,-50,5.68800076147996,0,0,0.160111999511719,1.63,0,-5400.240234375
100000000000000000000000,1,921625000,0,-43.5,2.0187187168575,0,0,0.160111999511719,1.63,0,-5400.240234375
100000000000000000000001,1,921625000,0,-44.5,2.23347602716149,0,0,0.160111999511719,1.63,0,-5400.240234375
100000000000000000000002,1,921625000,0,-47,4.90260259808251,0,0,0.160111999511719,1.63,0,-5400.240234375
100000000000000000000002,1,921625000,0,-47,4.88419482862788,0,0,0.160111999511719,1.63,0,-5400.240234375
100000000000000000000000,1,921625000,0,-43.5,2.04326240946367,0,0,0.160111999511719,1.63,0,-5400.240234375
100000000000000000000004,1,921625000,0,-50,5.68800076147996,0,0,0.160111999511719,1.63,0,-5400.240234375
100000000000000000000001,1,921625000,0,-44.5,2.21506825770687,0,0,0.160111999511719,1.63,0,-5400.240234375
100000000000000000000003,1,921625000,0,-47,5.39961237335746,0,0,0.160111999511719,1.63,0,-5400.240234375
100000000000000000000000,1,921625000,0,-43.5,2.04939833261522,0,0,0.160111999511719,1.63,0,-5400.240234375
100000000000000000000004,1,921625000,0,-50.5,5.6941366846315,0,0,0.160111999511719,1.63,0,-5400.240234375
100000000000000000000002,1,921625000,0,-46.5,4.90260259808251,0,0,0.160111999511719,1.63,0,-5400.240234375
100000000000000000000001,1,921625000,0,-44.5,2.22734010400995,0,0,0.160111999511719,1.63,0,-5400.240234375
100000000000000000000003,1,921625000,0,-47,5.39347645020591,0,0,0.160111999511719,1.63,0,-5400.240234375
100000000000000000000002,1,921625000,0,-47,4.90260259808251,0,0,0.160111999511719,1.63,0,-5400.240234375
100000000000000000000003,1,921625000,0,-47,5.405748296509,0,0,0.160111999511719,1.63,0,-5400.240234375
100000000000000000000004,1,921625000,0,-50,5.70027260778304,0,0,0.160111999511719,1.63,0,-5400.240234375
100000000000000000000001,1,921625000,0,-44.5,2.22120418085841,0,0,0.160111999511719,1.63,0,-5400.240234375
100000000000000000000000,1,921625000,0,-43.5,2.04326240946367,0,0,0.160111999511719,1.63,0,-5400.240234375
100000000000000000000004,1,921625000,0,-50.5,5.68800076147996,0,0,0.160111999511719,1.63,0,-5400.240234375
100000000000000000000002,1,921625000,0,-47,4.92101036753714,0,0,0.160111999511719,1.63,0,-5400.240234375
100000000000000000000000,1,921625000,0,-43.5,2.07394202522139,0,0,0.160111999511719,1.63,0,-5400.240234375
100000000000000000000003,1,921625000,0,-47,5.405748296509,0,0,0.160111999511719,1.63,0,-5400.240234375
100000000000000000000001,1,921625000,0,-44.5,2.25188379661612,0,0,0.160111999511719,1.63,0,-5400.240234375
100000000000000000000001,1,921625000,0,-44.5,2.24574787346458,0,0,0.160111999511719,1.63,0,-5400.240234375
100000000000000000000002,1,921625000,0,-46.5,4.90260259808251,0,0,0.160111999511719,1.63,0,-5400.240234375
100000000000000000000000,1,921625000,0,-43.5,2.04939833261522,0,0,0.160111999511719,1.63,0,-5400.240234375
100000000000000000000003,1,921625000,0,-47,5.39347645020591,0,0,0.160111999511719,1.63,0,-5400.240234375
100000000000000000000004,1,921625000,0,-50,5.6941366846315,0,0,0.160111999511719,1.63,0,-5400.240234375
100000000000000000000001,1,921625000,0,-44.5,2.22120418085841,0,0,0.160111999511719,1.63,0,-5400.240234375
100000000000000000000004,1,921625000,0,-50.5,5.70027260778304,0,0,0.160111999511719,1.63,0,-5400.240234375
100000000000000000000000,1,921625000,0,-43.5,2.05553425576676,0,0,0.160111999511719,1.63,0,-5400.240234375
100000000000000000000003,1,921625000,0,-47,5.42415606596363,0,0,0.160111999511719,1.63,0,-5400.240234375
100000000000000000000002,1,921625000,0,-47,4.89033075177942,0,0,0.160111999511719,1.63,0,-5400.240234375
100000000000000000000002,1,921625000,0,-47,4.90873852123405,0,0,0.160111999511719,1.63,0,-5400.240234375
100000000000000000000000,1,921625000,0,-43.5,2.03712648631213,0,0,0.160111999511719,1.63,0,-5400.240234375
100000000000000000000001,1,921625000,0,-44.5,2.23961195031304,0,0,0.160111999511719,1.63,0,-5400.240234375
100000000000000000000003,1,921625000,0,-47,5.39961237335746,0,0,0.160111999511719,1.63,0,-5400.240234375
100000000000000000000004,1,921625000,0,-50,5.6941366846315,0,0,0.160111999511719,1.63,0,-5400.240234375
100000000000000000000003,1,921625000,0,-47.5,5.37506868075129,0,0,0.160111999511719,1.63,0,-5400.240234375
100000000000000000000001,1,921625000,0,-45,2.24574787346458,0,0,0.160111999511719,1.63,0,-5400.240234375
100000000000000000000004,1,921625000,0,-50,5.67572891517687,0,0,0.160111999511719,1.63,0,-5400.240234375
100000000000000000000000,1,921625000,0,-43.5,2.0616701789183,0,0,0.160111999511719,1.63,0,-5400.240234375
100000000000000000000002,1,921625000,0,-47,4.92101036753714,0,0,0.160111999511719,1.63,0,-5400.240234375
100000000000000000000001,1,921625000,0,-44.5,2.22734010400995,0,0,0.160111999511719,1.63,0,-5400.240234375
100000000000000000000003,1,921625000,0,-47,5.41188421966054,0,0,0.160111999511719,1.63,0,-5400.240234375
100000000000000000000004,1,921625000,0,-50.5,5.68186483832841,0,0,0.160111999511719,1.63,0,-5400.240234375
100000000000000000000002,1,921625000,0,-46.5,4.89646667493097,0,0,0.160111999511719,1.63,0,-5400.240234375
100000000000000000000000,1,921625000,0,-43.5,2.03712648631213,0,0,0.160111999511719,1.63,0,-5400.240234375
100000000000000000000004,1,921625000,0,-50.5,5.70027260778304,0,0,0.160111999511719,1.63,0,-5400.240234375
100000000000000000000001,1,921625000,0,-44.5,2.23961195031304,0,0,0.160111999511719,1.63,0,-5400.240234375
100000000000000000000002,1,921625000,0,-47,4.90873852123405,0,0,0.160111999511719,1.63,0,-5400.240234375
100000000000000000000000,1,921625000,0,-43.5,2.03099056316059,0,0,0.160111999511719,1.63,0,-5400.240234375
100000000000000000000003,1,921625000,0,-47,5.405748296509,0,0,0.160111999511719,1.63,0,-5400.240234375
100000000000000000000004,1,921625000,0,-50,5.70640853093458,0,0,0.160111999511719,1.63,0,-5400.240234375
100000000000000000000001,1,921625000,0,-44.5,2.23961195031304,0,0,0.160111999511719,1.63,0,-5400.240234375
100000000000000000000002,1,921625000,0,-47,4.92714629068868,0,0,0.160111999511719,1.63,0,-5400.240234375
100000000000000000000003,1,921625000,0,-47,5.41188421966054,0,0,0.160111999511719,1.63,0,-5400.240234375
100000000000000000000000,1,921625000,0,-44,2.02485464000905,0,0,0.160111999511719,1.63,0,-5400.240234375
100000000000000000000003,1,921625000,0,-47,5.41802014281208,0,0,0.160111999511719,1.63,0,-5400.240234375
100000000000000000000000,1,921625000,0,-44,2.04326240946367,0,0,0.160111999511719,1.63,0,-5400.240234375
100000000000000000000001,1,921625000,0,-44.5,2.23961195031304,0,0,0.160111999511719,1.63,0,-5400.240234375
100000000000000000000004,1,921625000,0,-50.5,5.71254445408613,0,0,0.160111999511719,1.63,0,-5400.240234375
100000000000000000000002,1,921625000,0,-47,4.8719229823248,0,0,0.160111999511719,1.63,0,-5400.240234375
100000000000000000000001,1,921625000,0,-44.5,2.22734010400995,0,0,0.160111999511719,1.63,0,-5400.240234375
100000000000000000000002,1,921625000,0,-47,4.91487444438559,0,0,0.160111999511719,1.63,0,-5400.240234375
100000000000000000000003,1,921625000,0,-47,5.39347645020591,0,0,0.160111999511719,1.63,0,-5400.240234375
100000000000000000000000,1,921625000,0,-44,2.03099056316059,0,0,0.160111999511719,1.63,0,-5400.240234375
100000000000000000000004,1,921625000,0,-50.5,5.68186483832841,0,0,0.160111999511719,1.63,0,-5400.240234375
100000000000000000000001,1,921625000,0,-44.5,2.25188379661612,0,0,0.160111999511719,1.63,0,-5400.240234375
100000000000000000000000,1,921625000,0,-43.5,2.03712648631213,0,0,0.160111999511719,1.63,0,-5400.240234375
100000000000000000000004,1,921625000,0,-50,5.68186483832841,0,0,0.160111999511719,1.63,0,-5400.240234375
100000000000000000000003,1,921625000,0,-47,5.39347645020591,0,0,0.160111999511719,1.63,0,-5400.240234375
100000000000000000000002,1,921625000,0,-46.5,4.86578705917325,0,0,0.160111999511719,1.63,0,-5400.240234375
100000000000000000000004,1,921625000,0,-50.5,5.70027260778304,0,0,0.160111999511719,1.63,0,-5400.240234375
100000000000000000000000,1,921625000,0,-43.5,2.0616701789183,0,0,0.160111999511719,1.63,0,-5400.240234375
100000000000000000000001,1,921625000,0,-44.5,2.23347602716149,0,0,0.160111999511719,1.63,0,-5400.240234375
100000000000000000000002,1,921625000,0,-47,4.89033075177942,0,0,0.160111999511719,1.63,0,-5400.240234375
100000000000000000000003,1,921625000,0,-47,5.38734052705437,0,0,0.160111999511719,1.63,0,-5400.240234375
100000000000000000000001,1,921625000,0,-44.5,2.22120418085841,0,0,0.160111999511719,1.63,0,-5400.240234375
100000000000000000000003,1,921625000,0,-47,5.405748296509,0,0,0.160111999511719,1.63,0,-5400.240234375
100000000000000000000004,1,921625000,0,-50.5,5.6941366846315,0,0,0.160111999511719,1.63,0,-5400.240234375
100000000000000000000002,1,921625000,0,-46.5,4.92101036753714,0,0,0.160111999511719,1.63,0,-5400.240234375
100000000000000000000000,1,921625000,0,-43.5,2.03712648631213,0,0,0.160111999511719,1.63,0,-5400.240234375
100000000000000000000000,1,921625000,0,-43.5,2.03099056316059,0,0,0.160111999511719,1.63,0,-5400.240234375
100000000000000000000003,1,921625000,0,-47,5.41188421966054,0,0,0.160111999511719,1.63,0,-5400.240234375
100000000000000000000004,1,921625000,0,-50,5.67572891517687,0,0,0.160111999511719,1.63,0,-5400.240234375
100000000000000000000001,1,921625000,0,-44.5,2.23347602716149,0,0,0.160111999511719,1.63,0,-5400.240234375
100000000000000000000002,1,921625000,0,-47,4.90873852123405,0,0,0.160111999511719,1.63,0,-5400.240234375
100000000000000000000000,1,921625000,0,-43.5,2.04326240946367,0,0,0.160111999511719,1.63,0,-5400.240234375
100000000000000000000004,1,921625000,0,-50.5,5.71254445408613,0,0,0.160111999511719,1.63,0,-5400.240234375
100000000000000000000002,1,921625000,0,-46.5,4.90873852123405,0,0,0.160111999511719,1.63,0,-5400.240234375
100000000000000000000001,1,921625000,0,-44.5,2.23961195031304,0,0,0.160111999511719,1.63,0,-5400.240234375
100000000000000000000003,1,921625000,0,-47,5.405748296509,0,0,0.160111999511719,1.63,0,-5400.240234375
100000000000000000000003,1,921625000,0,-47,5.41188421966054,0,0,0.160111999511719,1.63,0,-5400.240234375
100000000000000000000002,1,921625000,0,-47,4.86578705917325,0,0,0.160111999511719,1.63,0,-5400.240234375
100000000000000000000004,1,921625000,0,-50,5.6941366846315,0,0,0.160111999511719,1.63,0,-5400.240234375
100000000000000000000001,1,921625000,0,-44.5,2.24574787346458,0,0,0.160111999511719,1.63,0,-5400.240234375
100000000000000000000000,1,921625000,0,-43.5,2.03712648631213,0,0,0.160111999511719,1.63,0,-5400.240234375
100000000000000000000003,1,921625000,0,-47,5.39347645020591,0,0,0.160111999511719,1.63,0,-5400.240234375
100000000000000000000001,1,921625000,0,-44.5,2.25801971976766,0,0,0.160111999511719,1.63,0,-5400.240234375
100000000000000000000002,1,921625000,0,-47,4.89646667493097,0,0,0.160111999511719,1.63,0,-5400.240234375
100000000000000000000000,1,921625000,0,-44,2.04939833261522,0,0,0.160111999511719,1.63,0,-5400.240234375
100000000000000000000004,1,921625000,0,-50,5.68186483832841,0,0,0.160111999511719,1.63,0,-5400.240234375
100000000000000000000002,1,921625000,0,-47,4.90873852123405,0,0,0.160111999511719,1.63,0,-5400.240234375
100000000000000000000001,1,921625000,0,-44.5,2.22734010400995,0,0,0.160111999511719,1.63,0,-5400.240234375
100000000000000000000003,1,921625000,0,-47,5.41802014281208,0,0,0.160111999511719,1.63,0,-5400.240234375
100000000000000000000000,1,921625000,0,-43.5,2.06780610206984,0,0,0.160111999511719,1.63,0,-5400.240234375
100000000000000000000004,1,921625000,0,-50,5.70640853093458,0,0,0.160111999511719,1.63,0,-5400.240234375
100000000000000000000002,1,922125000,0,-46.5,5.10508806208341,0,0,0.160111999511719,1.63,0,-5400.240234375
100000000000000000000003,1,922125000,0,-47,5.66959299202533,0,0,0.160111999511719,1.63,0,-5400.240234375
100000000000000000000004,1,922125000,0,-50,5.91502991808703,0,0,0.160111999511719,1.63,0,-5400.240234375
100000000000000000000001,1,922125000,0,-45,2.41755372170777,0,0,0.160111999511719,1.63,0,-5400.240234375
100000000000000000000000,1,922125000,0,-44,2.20279641140378,0,0,0.160111999511719,1.63,0,-5400.240234375
100000000000000000000004,1,922125000,0,-50,5.93343768754166,0,0,0.160111999511719,1.63,0,-5400.240234375
100000000000000000000002,1,922125000,0,-46.5,5.12963175468958,0,0,0.160111999511719,1.63,0,-5400.240234375
100000000000000000000000,1,922125000,0,-44,2.20893233455532,0,0,0.160111999511719,1.63,0,-5400.240234375
100000000000000000000003,1,922125000,0,-47,5.66959299202533,0,0,0.160111999511719,1.63,0,-5400.240234375
100000000000000000000001,1,922125000,0,-45,2.4359614911624,0,0,0.160111999511719,1.63,0,-5400.240234375
100000000000000000000002,1,922125000,0,-46.5,5.09895213893187,0,0,0.160111999511719,1.63,0,-5400.240234375
100000000000000000000001,1,922125000,0,-44.5,2.44209741431394,0,0,0.160111999511719,1.63,0,-5400.240234375
100000000000000000000000,1,922125000,0,-44,2.23347602716149,0,0,0.160111999511719,1.63,0,-5400.240234375
100000000000000000000003,1,922125000,0,-47,5.65732114572224,0,0,0.160111999511719,1.63,0,-5400.240234375
100000000000000000000004,1,922125000,0,-50,5.93343768754166,0,0,0.160111999511719,1.63,0,-5400.240234375
100000000000000000000001,1,922125000,0,-45,2.42982556801086,0,0,0.160111999511719,1.63,0,-5400.240234375
100000000000000000000000,1,922125000,0,-44,2.23347602716149,0,0,0.160111999511719,1.63,0,-5400.240234375
100000000000000000000003,1,922125000,0,-47,5.64504929941916,0,0,0.160111999511719,1.63,0,-5400.240234375
100000000000000000000002,1,922125000,0,-46.5,5.11122398523496,0,0,0.160111999511719,1.63,0,-5400.240234375
100000000000000000000004,1,922125000,0,-50,5.9395736106932,0,0,0.160111999511719,1.63,0,-5400.240234375
100000000000000000000000,1,922125000,0,-44,2.25801971976766,0,0,0.160111999511719,1.63,0,-5400.240234375
100000000000000000000003,1,922125000,0,-47,5.66959299202533,0,0,0.160111999511719,1.63,0,-5400.240234375
100000000000000000000002,1,922125000,0,-46.5,5.09895213893187,0,0,0.160111999511719,1.63,0,-5400.240234375
100000000000000000000004,1,922125000,0,-50,5.93343768754166,0,0,0.160111999511719,1.63,0,-5400.240234375
100000000000000000000001,1,922125000,0,-45,2.44209741431394,0,0,0.160111999511719,1.63,0,-5400.240234375
100000000000000000000001,1,922125000,0,-44.5,2.44209741431394,0,0,0.160111999511719,1.63,0,-5400.240234375
100000000000000000000003,1,922125000,0,-47,5.68800076147996,0,0,0.160111999511719,1.63,0,-5400.240234375
100000000000000000000004,1,922125000,0,-50,5.92116584123858,0,0,0.160111999511719,1.63,0,-5400.240234375
100000000000000000000002,1,922125000,0,-46.5,5.11122398523496,0,0,0.160111999511719,1.63,0,-5400.240234375
100000000000000000000000,1,922125000,0,-44,2.23961195031304,0,0,0.160111999511719,1.63,0,-5400.240234375
100000000000000000000001,1,922125000,0,-44.5,2.44823333746548,0,0,0.160111999511719,1.63,0,-5400.240234375
100000000000000000000000,1,922125000,0,-44,2.21506825770687,0,0,0.160111999511719,1.63,0,-5400.240234375
100000000000000000000002,1,922125000,0,-46.5,5.12349583153804,0,0,0.160111999511719,1.63,0,-5400.240234375
100000000000000000000003,1,922125000,0,-47,5.66345706887379,0,0,0.160111999511719,1.63,0,-5400.240234375
100000000000000000000004,1,922125000,0,-50,5.90889399493549,0,0,0.160111999511719,1.63,0,-5400.240234375
100000000000000000000001,1,922125000,0,-45,2.44209741431394,0,0,0.160111999511719,1.63,0,-5400.240234375
100000000000000000000002,1,922125000,0,-46.5,5.12963175468958,0,0,0.160111999511719,1.63,0,-5400.240234375
100000000000000000000004,1,922125000,0,-50,5.91502991808703,0,0,0.160111999511719,1.63,0,-5400.240234375
100000000000000000000000,1,922125000,0,-44,2.21506825770687,0,0,0.160111999511719,1.63,0,-5400.240234375
100000000000000000000003,1,922125000,0,-47,5.65732114572224,0,0,0.160111999511719,1.63,0,-5400.240234375
100000000000000000000000,1,922125000,0,-44,2.21506825770687,0,0,0.160111999511719,1.63,0,-5400.240234375
100000000000000000000002,1,922125000,0,-46.5,5.09281621578033,0,0,0.160111999511719,1.63,0,-5400.240234375
100000000000000000000003,1,922125000,0,-47,5.66345706887379,0,0,0.160111999511719,1.63,0,-5400.240234375
100000000000000000000004,1,922125000,0,-50,5.94570953384475,0,0,0.160111999511719,1.63,0,-5400.240234375
100000000000000000000001,1,922125000,0,-45,2.42368964485931,0,0,0.160111999511719,1.63,0,-5400.240234375
100000000000000000000003,1,922125000,0,-47,5.66959299202533,0,0,0.160111999511719,1.63,0,-5400.240234375
100000000000000000000000,1,922125000,0,-44,2.23961195031304,0,0,0.160111999511719,1.63,0,-5400.240234375
100000000000000000000004,1,922125000,0,-50,5.9395736106932,0,0,0.160111999511719,1.63,0,-5400.240234375
100000000000000000000002,1,922125000,0,-46.5,5.12349583153804,0,0,0.160111999511719,1.63,0,-5400.240234375
100000000000000000000001,1,922125000,0,-44.5,2.42982556801086,0,0,0.160111999511719,1.63,0,-5400.240234375
100000000000000000000000,1,922125000,0,-44,2.20893233455532,0,0,0.160111999511719,1.63,0,-5400.240234375
100000000000000000000001,1,922125000,0,-45,2.4359614911624,0,0,0.160111999511719,1.63,0,-5400.240234375
100000000000000000000002,1,922125000,0,-46.5,5.10508806208341,0,0,0.160111999511719,1.63,0,-5400.240234375
100000000000000000000003,1,922125000,0,-47,5.66959299202533,0,0,0.160111999511719,1.63,0,-5400.240234375
100000000000000000000004,1,922125000,0,-50,5.92116584123858,0,0,0.160111999511719,1.63,0,-5400.240234375
100000000000000000000003,1,922125000,0,-47,5.65732114572224,0,0,0.160111999511719,1.63,0,-5400.240234375
100000000000000000000000,1,922125000,0,-44,2.23961195031304,0,0,0.160111999511719,1.63,0,-5400.240234375
100000000000000000000002,1,922125000,0,-46.5,5.12349583153804,0,0,0.160111999511719,1.63,0,-5400.240234375
100000000000000000000004,1,922125000,0,-50,5.90889399493549,0,0,0.160111999511719,1.63,0,-5400.240234375
100000000000000000000001,1,922125000,0,-45,2.4359614911624,0,0,0.160111999511719,1.63,0,-5400.240234375
100000000000000000000000,1,922125000,0,-44,2.24574787346458,0,0,0.160111999511719,1.63,0,-5400.240234375
100000000000000000000002,1,922125000,0,-46.5,5.12963175468958,0,0,0.160111999511719,1.63,0,-5400.240234375
100000000000000000000003,1,922125000,0,-47,5.67572891517687,0,0,0.160111999511719,1.63,0,-5400.240234375
100000000000000000000001,1,922125000,0,-45,2.42368964485931,0,0,0.160111999511719,1.63,0,-5400.240234375
100000000000000000000004,1,922125000,0,-50,5.92116584123858,0,0,0.160111999511719,1.63,0,-5400.240234375
100000000000000000000001,1,922125000,0,-45,2.44209741431394,0,0,0.160111999511719,1.63,0,-5400.240234375
100000000000000000000003,1,922125000,0,-47,5.65732114572224,0,0,0.160111999511719,1.63,0,-5400.240234375
100000000000000000000004,1,922125000,0,-50,5.92116584123858,0,0,0.160111999511719,1.63,0,-5400.240234375
100000000000000000000002,1,922125000,0,-46.5,5.13576767784113,0,0,0.160111999511719,1.63,0,-5400.240234375
100000000000000000000000,1,922125000,0,-44,2.23347602716149,0,0,0.160111999511719,1.63,0,-5400.240234375
100000000000000000000000,1,922125000,0,-44,2.23347602716149,0,0,0.160111999511719,1.63,0,-5400.240234375
100000000000000000000001,1,922125000,0,-45,2.4359614911624,0,0,0.160111999511719,1.63,0,-5400.240234375
100000000000000000000002,1,922125000,0,-46.5,5.11122398523496,0,0,0.160111999511719,1.63,0,-5400.240234375
100000000000000000000004,1,922125000,0,-50,5.91502991808703,0,0,0.160111999511719,1.63,0,-5400.240234375
100000000000000000000003,1,922125000,0,-47,5.66345706887379,0,0,0.160111999511719,1.63,0,-5400.240234375
100000000000000000000002,1,922125000,0,-46.5,5.12963175468958,0,0,0.160111999511719,1.63,0,-5400.240234375
100000000000000000000000,1,922125000,0,-44,2.22120418085841,0,0,0.160111999511719,1.63,0,-5400.240234375
100000000000000000000004,1,922125000,0,-50,5.92116584123858,0,0,0.160111999511719,1.63,0,-5400.240234375
100000000000000000000001,1,922125000,0,-45,2.42368964485931,0,0,0.160111999511719,1.63,0,-5400.240234375
100000000000000000000003,1,922125000,0,-47,5.68800076147996,0,0,0.160111999511719,1.63,0,-5400.240234375
100000000000000000000002,1,922125000,0,-46.5,5.10508806208341,0,0,0.160111999511719,1.63,0,-5400.240234375
100000000000000000000004,1,922125000,0,-50,5.93343768754166,0,0,0.160111999511719,1.63,0,-5400.240234375
100000000000000000000000,1,922125000,0,-44,2.25188379661612,0,0,0.160111999511719,1.63,0,-5400.240234375
100000000000000000000001,1,922125000,0,-45,2.42982556801086,0,0,0.160111999511719,1.63,0,-5400.240234375
100000000000000000000003,1,922125000,0,-47,5.66345706887379,0,0,0.160111999511719,1.63,0,-5400.240234375
100000000000000000000001,1,922125000,0,-45,2.42982556801086,0,0,0.160111999511719,1.63,0,-5400.240234375
100000000000000000000003,1,922125000,0,-47,5.66959299202533,0,0,0.160111999511719,1.63,0,-5400.240234375
100000000000000000000004,1,922125000,0,-50,5.92730176439012,0,0,0.160111999511719,1.63,0,-5400.240234375
100000000000000000000000,1,922125000,0,-44,2.22734010400995,0,0,0.160111999511719,1.63,0,-5400.240234375
100000000000000000000002,1,922125000,0,-46.5,5.11122398523496,0,0,0.160111999511719,1.63,0,-5400.240234375
100000000000000000000001,1,922125000,0,-45,2.41141779855623,0,0,0.160111999511719,1.63,0,-5400.240234375
100000000000000000000004,1,922125000,0,-50,5.90275807178395,0,0,0.160111999511719,1.63,0,-5400.240234375
100000000000000000000002,1,922125000,0,-46.5,5.12963175468958,0,0,0.160111999511719,1.63,0,-5400.240234375
100000000000000000000000,1,922125000,0,-44,2.23961195031304,0,0,0.160111999511719,1.63,0,-5400.240234375
100000000000000000000003,1,922125000,0,-47,5.6511852225707,0,0,0.160111999511719,1.63,0,-5400.240234375
100000000000000000000000,1,922125000,0,-44,2.24574787346458,0,0,0.160111999511719,1.63,0,-5400.240234375
100000000000000000000001,1,922125000,0,-45,2.44209741431394,0,0,0.160111999511719,1.63,0,-5400.240234375
100000000000000000000003,1,922125000,0,-47,5.66959299202533,0,0,0.160111999511719,1.63,0,-5400.240234375
100000000000000000000004,1,922125000,0,-50,5.93343768754166,0,0,0.160111999511719,1.63,0,-5400.240234375
100000000000000000000002,1,922125000,0,-46.5,5.12349583153804,0,0,0.160111999511719,1.63,0,-5400.240234375
100000000000000000000004,1,922125000,0,-50,5.92116584123858,0,0,0.160111999511719,1.63,0,-5400.240234375
100000000000000000000003,1,922125000,0,-47,5.67572891517687,0,0,0.160111999511719,1.63,0,-5400.240234375
100000000000000000000002,1,922125000,0,-46.5,5.12963175468958,0,0,0.160111999511719,1.63,0,-5400.240234375
100000000000000000000001,1,922125000,0,-45,2.40528187540469,0,0,0.160111999511719,1.63,0,-5400.240234375
100000000000000000000000,1,922125000,0,-44,2.24574787346458,0,0,0.160111999511719,1.63,0,-5400.240234375
100000000000000000000003,1,922125000,0,-47,5.66959299202533,0,0,0.160111999511719,1.63,0,-5400.240234375
100000000000000000000002,1,922125000,0,-46.5,5.12349583153804,0,0,0.160111999511719,1.63,0,-5400.240234375
100000000000000000000001,1,922125000,0,-44.5,2.42368964485931,0,0,0.160111999511719,1.63,0,-5400.240234375
100000000000000000000000,1,922125000,0,-44,2.22734010400995,0,0,0.160111999511719,1.63,0,-5400.240234375
100000000000000000000004,1,922125000,0,-50,5.92730176439012,0,0,0.160111999511719,1.63,0,-5400.240234375
100000000000000000000000,1,922125000,0,-44,2.22734010400995,0,0,0.160111999511719,1.63,0,-5400.240234375
100000000000000000000001,1,922125000,0,-45,2.44209741431394,0,0,0.160111999511719,1.63,0,-5400.240234375
100000000000000000000002,1,922125000,0,-46.5,5.11122398523496,0,0,0.160111999511719,1.63,0,-5400.240234375
100000000000000000000004,1,922125000,0,-50,5.93343768754166,0,0,0.160111999511719,1.63,0,-5400.240234375
100000000000000000000003,1,922125000,0,-47,5.63891337626762,0,0,0.160111999511719,1.63,0,-5400.240234375
100000000000000000000003,1,922125000,0,-47,5.68186483832841,0,0,0.160111999511719,1.63,0,-5400.240234375
100000000000000000000001,1,922125000,0,-45,2.44823333746548,0,0,0.160111999511719,1.63,0,-5400.240234375
100000000000000000000002,1,922125000,0,-46.5,5.13576767784113,0,0,0.160111999511719,1.63,0,-5400.240234375
100000000000000000000000,1,922125000,0,-44,2.22734010400995,0,0,0.160111999511719,1.63,0,-5400.240234375
100000000000000000000004,1,922125000,0,-50,5.92116584123858,0,0,0.160111999511719,1.63,0,-5400.240234375
100000000000000000000001,1,922125000,0,-45,2.44209741431394,0,0,0.160111999511719,1.63,0,-5400.240234375
100000000000000000000000,1,922125000,0,-44,2.20279641140378,0,0,0.160111999511719,1.63,0,-5400.240234375
100000000000000000000004,1,922125000,0,-50,5.92730176439012,0,0,0.160111999511719,1.63,0,-5400.240234375
100000000000000000000003,1,922125000,0,-47,5.66959299202533,0,0,0.160111999511719,1.63,0,-5400.240234375
100000000000000000000002,1,922125000,0,-46.5,5.11122398523496,0,0,0.160111999511719,1.63,0,-5400.240234375
100000000000000000000000,1,922125000,0,-44,2.25188379661612,0,0,0.160111999511719,1.63,0,-5400.240234375
100000000000000000000004,1,922125000,0,-50,5.92116584123858,0,0,0.160111999511719,1.63,0,-5400.240234375
100000000000000000000003,1,922125000,0,-47,5.65732114572224,0,0,0.160111999511719,1.63,0,-5400.240234375
100000000000000000000002,1,922125000,0,-46.5,5.11122398523496,0,0,0.160111999511719,1.63,0,-5400.240234375
100000000000000000000001,1,922125000,0,-44.5,2.42368964485931,0,0,0.160111999511719,1.63,0,-5400.240234375
100000000000000000000002,1,922125000,0,-46.5,5.09895213893187,0,0,0.160111999511719,1.63,0,-5400.240234375
100000000000000000000004,1,922125000,0,-50,5.92116584123858,0,0,0.160111999511719,1.63,0,-5400.240234375
100000000000000000000000,1,922125000,0,-44,2.22734010400995,0,0,0.160111999511719,1.63,0,-5400.240234375
100000000000000000000001,1,922125000,0,-45,2.41755372170777,0,0,0.160111999511719,1.63,0,-5400.240234375
100000000000000000000003,1,922125000,0,-47,5.67572891517687,0,0,0.160111999511719,1.63,0,-5400.240234375
100000000000000000000003,1,922125000,0,-47,5.66345706887379,0,0,0.160111999511719,1.63,0,-5400.240234375
100000000000000000000000,1,922125000,0,-44,2.23347602716149,0,0,0.160111999511719,1.63,0,-5400.240234375
100000000000000000000002,1,922125000,0,-46.5,5.14190360099267,0,0,0.160111999511719,1.63,0,-5400.240234375
100000000000000000000004,1,922125000,0,-50,5.92730176439012,0,0,0.160111999511719,1.63,0,-5400.240234375
100000000000000000000001,1,922125000,0,-45,2.41141779855623,0,0,0.160111999511719,1.63,0,-5400.240234375
100000000000000000000001,1,922125000,0,-45,2.42982556801086,0,0,0.160111999511719,1.63,0,-5400.240234375
100000000000000000000004,1,922125000,0,-50,5.92116584123858,0,0,0.160111999511719,1.63,0,-5400.240234375
100000000000000000000000,1,922125000,0,-44,2.24574787346458,0,0,0.160111999511719,1.63,0,-5400.240234375
100000000000000000000003,1,922125000,0,-47,5.66345706887379,0,0,0.160111999511719,1.63,0,-5400.240234375
100000000000000000000002,1,922125000,0,-46.5,5.12349583153804,0,0,0.160111999511719,1.63,0,-5400.240234375
100000000000000000000000,1,922125000,0,-44,2.24574787346458,0,0,0.160111999511719,1.63,0,-5400.240234375
100000000000000000000004,1,922125000,0,-50,5.90889399493549,0,0,0.160111999511719,1.63,0,-5400.240234375
100000000000000000000002,1,922125000,0,-46.5,5.1173599083865,0,0,0.160111999511719,1.63,0,-5400.240234375
100000000000000000000001,1,922125000,0,-45,2.4359614911624,0,0,0.160111999511719,1.63,0,-5400.240234375
100000000000000000000003,1,922125000,0,-47,5.68800076147996,0,0,0.160111999511719,1.63,0,-5400.240234375
100000000000000000000001,1,922125000,0,-44.5,2.42982556801086,0,0,0.160111999511719,1.63,0,-5400.240234375
100000000000000000000004,1,922125000,0,-50,5.8966221486324,0,0,0.160111999511719,1.63,0,-5400.240234375
100000000000000000000000,1,922125000,0,-44,2.22734010400995,0,0,0.160111999511719,1.63,0,-5400.240234375
100000000000000000000002,1,922125000,0,-46.5,5.10508806208341,0,0,0.160111999511719,1.63,0,-5400.240234375
100000000000000000000003,1,922125000,0,-47,5.66345706887379,0,0,0.160111999511719,1.63,0,-5400.240234375
100000000000000000000004,1,922125000,0,-50,5.94570953384475,0,0,0.160111999511719,1.63,0,-5400.240234375
100000000000000000000003,1,922125000,0,-47,5.66345706887379,0,0,0.160111999511719,1.63,0,-5400.240234375
100000000000000000000001,1,922125000,0,-45,2.41141779855623,0,0,0.160111999511719,1.63,0,-5400.240234375
100000000000000000000002,1,922125000,0,-46.5,5.12349583153804,0,0,0.160111999511719,1.63,0,-5400.240234375
100000000000000000000000,1,922125000,0,-44,2.23961195031304,0,0,0.160111999511719,1.63,0,-5400.240234375
100000000000000000000004,1,922125000,0,-50,5.92730176439012,0,0,0.160111999511719,1.63,0,-5400.240234375
100000000000000000000001,1,922125000,0,-45,2.42368964485931,0,0,0.160111999511719,1.63,0,-5400.240234375
100000000000000000000002,1,922125000,0,-46.5,5.10508806208341,0,0,0.160111999511719,1.63,0,-5400.240234375
100000000000000000000003,1,922125000,0,-47,5.65732114572224,0,0,0.160111999511719,1.63,0,-5400.240234375
100000000000000000000000,1,922125000,0,-44,2.25188379661612,0,0,0.160111999511719,1.63,0,-5400.240234375
100000000000000000000001,1,922125000,0,-45,2.42368964485931,0,0,0.160111999511719,1.63,0,-5400.240234375
100000000000000000000003,1,922125000,0,-47,5.67572891517687,0,0,0.160111999511719,1.63,0,-5400.240234375
100000000000000000000000,1,922125000,0,-44,2.22120418085841,0,0,0.160111999511719,1.63,0,-5400.240234375
100000000000000000000004,1,922125000,0,-50,5.92116584123858,0,0,0.160111999511719,1.63,0,-5400.240234375
100000000000000000000002,1,922125000,0,-46.5,5.11122398523496,0,0,0.160111999511719,1.63,0,-5400.240234375
100000000000000000000001,1,922125000,0,-45,2.44209741431394,0,0,0.160111999511719,1.63,0,-5400.240234375
100000000000000000000002,1,922125000,0,-46.5,5.09281621578033,0,0,0.160111999511719,1.63,0,-5400.240234375
100000000000000000000003,1,922125000,0,-47,5.67572891517687,0,0,0.160111999511719,1.63,0,-5400.240234375
100000000000000000000004,1,922125000,0,-50,5.91502991808703,0,0,0.160111999511719,1.63,0,-5400.240234375
100000000000000000000000,1,922125000,0,-44,2.21506825770687,0,0,0.160111999511719,1.63,0,-5400.240234375
100000000000000000000002,1,922125000,0,-46.5,5.11122398523496,0,0,0.160111999511719,1.63,0,-5400.240234375
100000000000000000000003,1,922125000,0,-47,5.64504929941916,0,0,0.160111999511719,1.63,0,-5400.240234375
100000000000000000000004,1,922125000,0,-50,5.91502991808703,0,0,0.160111999511719,1.63,0,-5400.240234375
100000000000000000000001,1,922125000,0,-45,2.44823333746548,0,0,0.160111999511719,1.63,0,-5400.240234375
100000000000000000000000,1,922125000,0,-44,2.22734010400995,0,0,0.160111999511719,1.63,0,-5400.240234375
100000000000000000000003,1,922125000,0,-47,5.66345706887379,0,0,0.160111999511719,1.63,0,-5400.240234375
100000000000000000000000,1,922125000,0,-44,2.20893233455532,0,0,0.160111999511719,1.63,0,-5400.240234375
100000000000000000000001,1,922125000,0,-44.5,2.44209741431394,0,0,0.160111999511719,1.63,0,-5400.240234375
100000000000000000000004,1,922125000,0,-50,5.93343768754166,0,0,0.160111999511719,1.63,0,-5400.240234375
100000000000000000000002,1,922125000,0,-46.5,5.09895213893187,0,0,0.160111999511719,1.63,0,-5400.240234375
100000000000000000000002,1,922125000,0,-46.5,5.11122398523496,0,0,0.160111999511719,1.63,0,-5400.240234375
100000000000000000000000,1,922125000,0,-44,2.20279641140378,0,0,0.160111999511719,1.63,0,-5400.240234375
100000000000000000000001,1,922125000,0,-45,2.41141779855623,0,0,0.160111999511719,1.63,0,-5400.240234375
100000000000000000000003,1,922125000,0,-47,5.65732114572224,0,0,0.160111999511719,1.63,0,-5400.240234375
100000000000000000000004,1,922125000,0,-50,5.92730176439012,0,0,0.160111999511719,1.63,0,-5400.240234375
100000000000000000000002,1,922125000,0,-46.5,5.14190360099267,0,0,0.160111999511719,1.63,0,-5400.240234375
100000000000000000000001,1,922125000,0,-45,2.41755372170777,0,0,0.160111999511719,1.63,0,-5400.240234375
100000000000000000000004,1,922125000,0,-49.5,5.91502991808703,0,0,0.160111999511719,1.63,0,-5400.240234375
100000000000000000000000,1,922125000,0,-44,2.25801971976766,0,0,0.160111999511719,1.63,0,-5400.240234375
100000000000000000000003,1,922125000,0,-47,5.68800076147996,0,0,0.160111999511719,1.63,0,-5400.240234375
100000000000000000000002,1,922125000,0,-46.5,5.10508806208341,0,0,0.160111999511719,1.63,0,-5400.240234375
100000000000000000000003,1,922125000,0,-47,5.6511852225707,0,0,0.160111999511719,1.63,0,-5400.240234375
100000000000000000000004,1,922125000,0,-50,5.92730176439012,0,0,0.160111999511719,1.63,0,-5400.240234375
100000000000000000000001,1,922125000,0,-45,2.44823333746548,0,0,0.160111999511719,1.63,0,-5400.240234375
100000000000000000000000,1,922125000,0,-44,2.22120418085841,0,0,0.160111999511719,1.63,0,-5400.240234375
100000000000000000000004,1,922125000,0,-50,5.91502991808703,0,0,0.160111999511719,1.63,0,-5400.240234375
100000000000000000000002,1,922125000,0,-46.5,5.09895213893187,0,0,0.160111999511719,1.63,0,-5400.240234375
100000000000000000000000,1,922125000,0,-44,2.22734010400995,0,0,0.160111999511719,1.63,0,-5400.240234375
100000000000000000000003,1,922125000,0,-47,5.67572891517687,0,0,0.160111999511719,1.63,0,-5400.240234375
100000000000000000000001,1,922125000,0,-45,2.41141779855623,0,0,0.160111999511719,1.63,0,-5400.240234375
100000000000000000000001,1,922125000,0,-44.5,2.41755372170777,0,0,0.160111999511719,1.63,0,-5400.240234375
100000000000000000000004,1,922125000,0,-50,5.91502991808703,0,0,0.160111999511719,1.63,0,-5400.240234375
100000000000000000000003,1,922125000,0,-47,5.67572891517687,0,0,0.160111999511719,1.63,0,-5400.240234375
100000000000000000000000,1,922125000,0,-44,2.23347602716149,0,0,0.160111999511719,1.63,0,-5400.240234375
100000000000000000000002,1,922125000,0,-46.5,5.1173599083865,0,0,0.160111999511719,1.63,0,-5400.240234375
100000000000000000000002,1,922125000,0,-46.5,5.11122398523496,0,0,0.160111999511719,1.63,0,-5400.240234375
100000000000000000000004,1,922125000,0,-50,5.9395736106932,0,0,0.160111999511719,1.63,0,-5400.240234375
100000000000000000000001,1,922125000,0,-45,2.44209741431394,0,0,0.160111999511719,1.63,0,-5400.240234375
100000000000000000000000,1,922125000,0,-44,2.20279641140378,0,0,0.160111999511719,1.63,0,-5400.240234375
100000000000000000000003,1,922125000,0,-47,5.68186483832841,0,0,0.160111999511719,1.63,0,-5400.240234375
100000000000000000000001,1,922125000,0,-45,2.41141779855623,0,0,0.160111999511719,1.63,0,-5400.240234375
100000000000000000000004,1,922125000,0,-50,5.93343768754166,0,0,0.160111999511719,1.63,0,-5400.240234375
100000000000000000000002,1,922125000,0,-46.5,5.13576767784113,0,0,0.160111999511719,1.63,0,-5400.240234375
100000000000000000000003,1,922125000,0,-47,5.68186483832841,0,0,0.160111999511719,1.63,0,-5400.240234375
100000000000000000000000,1,922125000,0,-44,2.23961195031304,0,0,0.160111999511719,1.63,0,-5400.240234375
100000000000000000000002,1,922125000,0,-46.5,5.12963175468958,0,0,0.160111999511719,1.63,0,-5400.240234375
100000000000000000000000,1,922125000,0,-44,2.23347602716149,0,0,0.160111999511719,1.63,0,-5400.240234375
100000000000000000000001,1,922125000,0,-45,2.42982556801086,0,0,0.160111999511719,1.63,0,-5400.240234375
100000000000000000000004,1,922125000,0,-50,5.90889399493549,0,0,0.160111999511719,1.63,0,-5400.240234375
100000000000000000000003,1,922125000,0,-47,5.66345706887379,0,0,0.160111999511719,1.63,0,-5400.240234375
100000000000000000000002,1,922125000,0,-46.5,5.10508806208341,0,0,0.160111999511719,1.63,0,-5400.240234375
100000000000000000000000,1,922125000,0,-44,2.24574787346458,0,0,0.160111999511719,1.63,0,-5400.240234375
100000000000000000000003,1,922125000,0,-47,5.6511852225707,0,0,0.160111999511719,1.63,0,-5400.240234375
100000000000000000000001,1,922125000,0,-45,2.42982556801086,0,0,0.160111999511719,1.63,0,-5400.240234375
100000000000000000000004,1,922125000,0,-50,5.91502991808703,0,0,0.160111999511719,1.63,0,-5400.240234375
100000000000000000000004,1,922125000,0,-50,5.92116584123858,0,0,0.160111999511719,1.63,0,-5400.240234375
100000000000000000000002,1,922125000,0,-46.5,5.11122398523496,0,0,0.160111999511719,1.63,0,-5400.240234375
100000000000000000000001,1,922125000,0,-44.5,2.42368964485931,0,0,0.160111999511719,1.63,0,-5400.240234375
100000000000000000000000,1,922125000,0,-44,2.23961195031304,0,0,0.160111999511719,1.63,0,-5400.240234375
100000000000000000000003,1,922125000,0,-47,5.67572891517687,0,0,0.160111999511719,1.63,0,-5400.240234375
100000000000000000000003,1,922125000,0,-47,5.65732114572224,0,0,0.160111999511719,1.63,0,-5400.240234375
100000000000000000000002,1,922125000,0,-46.5,5.09281621578033,0,0,0.160111999511719,1.63,0,-5400.240234375
100000000000000000000001,1,922125000,0,-44.5,2.41755372170777,0,0,0.160111999511719,1.63,0,-5400.240234375
100000000000000000000000,1,922125000,0,-44,2.19666048825224,0,0,0.160111999511719,1.63,0,-5400.240234375
100000000000000000000004,1,922125000,0,-50,5.95798138014783,0,0,0.160111999511719,1.63,0,-5400.240234375
100000000000000000000002,1,922125000,0,-46.5,5.11122398523496,0,0,0.160111999511719,1.63,0,-5400.240234375
100000000000000000000004,1,922125000,0,-50,5.9395736106932,0,0,0.160111999511719,1.63,0,-5400.240234375
100000000000000000000003,1,922125000,0,-47,5.66345706887379,0,0,0.160111999511719,1.63,0,-5400.240234375
100000000000000000000001,1,922125000,0,-45,2.41755372170777,0,0,0.160111999511719,1.63,0,-5400.240234375
100000000000000000000000,1,922125000,0,-44,2.20279641140378,0,0,0.160111999511719,1.63,0,-5400.240234375
100000000000000000000001,1,922125000,0,-45,2.44823333746548,0,0,0.160111999511719,1.63,0,-5400.240234375
100000000000000000000003,1,922125000,0,-47,5.6511852225707,0,0,0.160111999511719,1.63,0,-5400.240234375
100000000000000000000002,1,922125000,0,-46.5,5.10508806208341,0,0,0.160111999511719,1.63,0,-5400.240234375
100000000000000000000000,1,922125000,0,-44,2.21506825770687,0,0,0.160111999511719,1.63,0,-5400.240234375
100000000000000000000004,1,922125000,0,-50,5.90275807178395,0,0,0.160111999511719,1.63,0,-5400.240234375
100000000000000000000003,1,922125000,0,-47,5.65732114572224,0,0,0.160111999511719,1.63,0,-5400.240234375
100000000000000000000002,1,922125000,0,-46.5,5.10508806208341,0,0,0.160111999511719,1.63,0,-5400.240234375
100000000000000000000000,1,922125000,0,-44,2.25188379661612,0,0,0.160111999511719,1.63,0,-5400.240234375
100000000000000000000001,1,922125000,0,-45,2.42982556801086,0,0,0.160111999511719,1.63,0,-5400.240234375
100000000000000000000004,1,922125000,0,-50,5.93343768754166,0,0,0.160111999511719,1.63,0,-5400.240234375
100000000000000000000004,1,922125000,0,-50,5.92116584123858,0,0,0.160111999511719,1.63,0,-5400.240234375
100000000000000000000001,1,922125000,0,-45,2.44823333746548,0,0,0.160111999511719,1.63,0,-5400.240234375
100000000000000000000003,1,922125000,0,-47,5.68800076147996,0,0,0.160111999511719,1.63,0,-5400.240234375
100000000000000000000000,1,922125000,0,-44,2.21506825770687,0,0,0.160111999511719,1.63,0,-5400.240234375
100000000000000000000002,1,922125000,0,-46.5,5.09895213893187,0,0,0.160111999511719,1.63,0,-5400.240234375
100000000000000000000001,1,922125000,0,-45,2.44823333746548,0,0,0.160111999511719,1.63,0,-5400.240234375
100000000000000000000000,1,922125000,0,-44,2.24574787346458,0,0,0.160111999511719,1.63,0,-5400.240234375
100000000000000000000002,1,922125000,0,-46.5,5.1173599083865,0,0,0.160111999511719,1.63,0,-5400.240234375
100000000000000000000004,1,922125000,0,-50,5.90889399493549,0,0,0.160111999511719,1.63,0,-5400.240234375
100000000000000000000003,1,922125000,0,-47,5.66345706887379,0,0,0.160111999511719,1.63,0,-5400.240234375
100000000000000000000001,1,922125000,0,-45,2.42982556801086,0,0,0.160111999511719,1.63,0,-5400.240234375
100000000000000000000002,1,922125000,0,-46.5,5.10508806208341,0,0,0.160111999511719,1.63,0,-5400.240234375
100000000000000000000004,1,922125000,0,-50,5.92116584123858,0,0,0.160111999511719,1.63,0,-5400.240234375
100000000000000000000000,1,922125000,0,-44,2.24574787346458,0,0,0.160111999511719,1.63,0,-5400.240234375
100000000000000000000003,1,922125000,0,-47,5.64504929941916,0,0,0.160111999511719,1.63,0,-5400.240234375
100000000000000000000002,1,922125000,0,-46.5,5.10508806208341,0,0,0.160111999511719,1.63,0,-5400.240234375
100000000000000000000000,1,922125000,0,-44,2.22120418085841,0,0,0.160111999511719,1.63,0,-5400.240234375
100000000000000000000004,1,922125000,0,-50,5.8966221486324,0,0,0.160111999511719,1.63,0,-5400.240234375
100000000000000000000001,1,922125000,0,-45,2.4359614911624,0,0,0.160111999511719,1.63,0,-5400.240234375
100000000000000000000003,1,922125000,0,-47,5.67572891517687,0,0,0.160111999511719,1.63,0,-5400.240234375
100000000000000000000000,1,922125000,0,-44,2.23961195031304,0,0,0.160111999511719,1.63,0,-5400.240234375
100000000000000000000004,1,922125000,0,-50,5.93343768754166,0,0,0.160111999511719,1.63,0,-5400.240234375
100000000000000000000001,1,922125000,0,-44.5,2.44209741431394,0,0,0.160111999511719,1.63,0,-5400.240234375
100000000000000000000003,1,922125000,0,-47,5.68186483832841,0,0,0.160111999511719,1.63,0,-5400.240234375
100000000000000000000002,1,922125000,0,-46.5,5.11122398523496,0,0,0.160111999511719,1.63,0,-5400.240234375
100000000000000000000003,1,922125000,0,-47,5.65732114572224,0,0,0.160111999511719,1.63,0,-5400.240234375
100000000000000000000000,1,922125000,0,-44,2.20279641140378,0,0,0.160111999511719,1.63,0,-5400.240234375
100000000000000000000001,1,922125000,0,-45,2.42982556801086,0,0,0.160111999511719,1.63,0,-5400.240234375
100000000000000000000002,1,922125000,0,-46.5,5.11122398523496,0,0,0.160111999511719,1.63,0,-5400.240234375
100000000000000000000004,1,922125000,0,-50,5.92116584123858,0,0,0.160111999511719,1.63,0,-5400.240234375
100000000000000000000003,1,922125000,0,-47,5.65732114572224,0,0,0.160111999511719,1.63,0,-5400.240234375
100000000000000000000004,1,922125000,0,-50,5.91502991808703,0,0,0.160111999511719,1.63,0,-5400.240234375
100000000000000000000000,1,922125000,0,-44,2.21506825770687,0,0,0.160111999511719,1.63,0,-5400.240234375
100000000000000000000001,1,922125000,0,-45,2.45436926061703,0,0,0.160111999511719,1.63,0,-5400.240234375
100000000000000000000002,1,922125000,0,-46.5,5.11122398523496,0,0,0.160111999511719,1.63,0,-5400.240234375
100000000000000000000000,1,922125000,0,-44,2.22734010400995,0,0,0.160111999511719,1.63,0,-5400.240234375
100000000000000000000003,1,922125000,0,-47,5.63891337626762,0,0,0.160111999511719,1.63,0,-5400.240234375
100000000000000000000002,1,922125000,0,-46.5,5.12349583153804,0,0,0.160111999511719,1.63,0,-5400.240234375
100000000000000000000001,1,922125000,0,-45,2.44823333746548,0,0,0.160111999511719,1.63,0,-5400.240234375
100000000000000000000004,1,922125000,0,-50,5.92730176439012,0,0,0.160111999511719,1.63,0,-5400.240234375
100000000000000000000003,1,922125000,0,-47,5.66959299202533,0,0,0.160111999511719,1.63,0,-5400.240234375
100000000000000000000002,1,922125000,0,-46.5,5.08054436947724,0,0,0.160111999511719,1.63,0,-5400.240234375
100000000000000000000000,1,922125000,0,-44,2.24574787346458,0,0,0.160111999511719,1.63,0,-5400.240234375
100000000000000000000001,1,922125000,0,-45,2.42982556801086,0,0,0.160111999511719,1.63,0,-5400.240234375
100000000000000000000004,1,922125000,0,-50,5.92116584123858,0,0,0.160111999511719,1.63,0,-5400.240234375
100000000000000000000003,1,922125000,0,-47,5.67572891517687,0,0,0.160111999511719,1.63,0,-5400.240234375
100000000000000000000004,1,922125000,0,-50,5.91502991808703,0,0,0.160111999511719,1.63,0,-5400.240234375
100000000000000000000002,1,922125000,0,-46.5,5.12349583153804,0,0,0.160111999511719,1.63,0,-5400.240234375
100000000000000000000001,1,922125000,0,-45,2.42982556801086,0,0,0.160111999511719,1.63,0,-5400.240234375
100000000000000000000000,1,922125000,0,-44,2.21506825770687,0,0,0.160111999511719,1.63,0,-5400.240234375
100000000000000000000002,1,922125000,0,-46.5,5.11122398523496,0,0,0.160111999511719,1.63,0,-5400.240234375
100000000000000000000003,1,922125000,0,-47,5.65732114572224,0,0,0.160111999511719,1.63,0,-5400.240234375
100000000000000000000001,1,922125000,0,-45,2.42982556801086,0,0,0.160111999511719,1.63,0,-5400.240234375
100000000000000000000000,1,922125000,0,-44,2.20279641140378,0,0,0.160111999511719,1.63,0,-5400.240234375
100000000000000000000004,1,922125000,0,-50,5.91502991808703,0,0,0.160111999511719,1.63,0,-5400.240234375
100000000000000000000000,1,922125000,0,-44,2.21506825770687,0,0,0.160111999511719,1.63,0,-5400.240234375
100000000000000000000003,1,922125000,0,-47,5.66959299202533,0,0,0.160111999511719,1.63,0,-5400.240234375
100000000000000000000004,1,922125000,0,-50,5.91502991808703,0,0,0.160111999511719,1.63,0,-5400.240234375
100000000000000000000001,1,922125000,0,-45,2.42368964485931,0,0,0.160111999511719,1.63,0,-5400.240234375
100000000000000000000002,1,922125000,0,-46.5,5.12963175468958,0,0,0.160111999511719,1.63,0,-5400.240234375
100000000000000000000004,1,922125000,0,-50,5.93343768754166,0,0,0.160111999511719,1.63,0,-5400.240234375
100000000000000000000000,1,922125000,0,-44,2.24574787346458,0,0,0.160111999511719,1.63,0,-5400.240234375
100000000000000000000001,1,922125000,0,-45,2.41755372170777,0,0,0.160111999511719,1.63,0,-5400.240234375
100000000000000000000002,1,922125000,0,-46.5,5.13576767784113,0,0,0.160111999511719,1.63,0,-5400.240234375
100000000000000000000003,1,922125000,0,-47,5.66959299202533,0,0,0.160111999511719,1.63,0,-5400.240234375
100000000000000000000004,1,922125000,0,-50,5.93343768754166,0,0,0.160111999511719,1.63,0,-5400.240234375
100000000000000000000001,1,922125000,0,-45,2.44209741431394,0,0,0.160111999511719,1.63,0,-5400.240234375
100000000000000000000003,1,922125000,0,-47,5.68186483832841,0,0,0.160111999511719,1.63,0,-5400.240234375
100000000000000000000000,1,922125000,0,-44,2.22734010400995,0,0,0.160111999511719,1.63,0,-5400.240234375
100000000000000000000002,1,922125000,0,-46.5,5.12349583153804,0,0,0.160111999511719,1.63,0,-5400.240234375
100000000000000000000001,1,922125000,0,-45,2.42982556801086,0,0,0.160111999511719,1.63,0,-5400.240234375
100000000000000000000003,1,922125000,0,-47,5.68800076147996,0,0,0.160111999511719,1.63,0,-5400.240234375
100000000000000000000002,1,922125000,0,-46.5,5.09895213893187,0,0,0.160111999511719,1.63,0,-5400.240234375
100000000000000000000004,1,922125000,0,-50,5.92730176439012,0,0,0.160111999511719,1.63,0,-5400.240234375
100000000000000000000000,1,922125000,0,-44,2.23347602716149,0,0,0.160111999511719,1.63,0,-5400.240234375
100000000000000000000002,1,922125000,0,-46.5,5.10508806208341,0,0,0.160111999511719,1.63,0,-5400.240234375
100000000000000000000003,1,922125000,0,-47,5.65732114572224,0,0,0.160111999511719,1.63,0,-5400.240234375
100000000000000000000000,1,922125000,0,-44,2.23961195031304,0,0,0.160111999511719,1.63,0,-5400.240234375
100000000000000000000001,1,922125000,0,-45,2.42368964485931,0,0,0.160111999511719,1.63,0,-5400.240234375
100000000000000000000004,1,922125000,0,-50,5.91502991808703,0,0,0.160111999511719,1.63,0,-5400.240234375
100000000000000000000002,1,922125000,0,-46.5,5.11122398523496,0,0,0.160111999511719,1.63,0,-5400.240234375
100000000000000000000001,1,922125000,0,-45,2.41755372170777,0,0,0.160111999511719,1.63,0,-5400.240234375
100000000000000000000004,1,922125000,0,-50,5.91502991808703,0,0,0.160111999511719,1.63,0,-5400.240234375
100000000000000000000003,1,922125000,0,-47,5.6511852225707,0,0,0.160111999511719,1.63,0,-5400.240234375
100000000000000000000000,1,922125000,0,-44,2.23347602716149,0,0,0.160111999511719,1.63,0,-5400.240234375
100000000000000000000000,1,922125000,0,-44,2.24574787346458,0,0,0.160111999511719,1.63,0,-5400.240234375
100000000000000000000001,1,922125000,0,-44.5,2.41141779855623,0,0,0.160111999511719,1.63,0,-5400.240234375
100000000000000000000002,1,922125000,0,-46.5,5.11122398523496,0,0,0.160111999511719,1.63,0,-5400.240234375
100000000000000000000004,1,922125000,0,-50,5.94570953384475,0,0,0.160111999511719,1.63,0,-5400.240234375
100000000000000000000003,1,922125000,0,-47,5.65732114572224,0,0,0.160111999511719,1.63,0,-5400.240234375
100000000000000000000000,1,922125000,0,-44,2.21506825770687,0,0,0.160111999511719,1.63,0,-5400.240234375
100000000000000000000001,1,922125000,0,-45,2.45436926061703,0,0,0.160111999511719,1.63,0,-5400.240234375
100000000000000000000002,1,922125000,0,-46.5,5.09281621578033,0,0,0.160111999511719,1.63,0,-5400.240234375
100000000000000000000004,1,922125000,0,-50,5.90889399493549,0,0,0.160111999511719,1.63,0,-5400.240234375
100000000000000000000003,1,922125000,0,-47,5.65732114572224,0,0,0.160111999511719,1.63,0,-5400.240234375
100000000000000000000002,1,922125000,0,-46.5,5.09895213893187,0,0,0.160111999511719,1.63,0,-5400.240234375
100000000000000000000001,1,922125000,0,-44.5,2.42368964485931,0,0,0.160111999511719,1.63,0,-5400.240234375
100000000000000000000004,1,922125000,0,-50,5.92730176439012,0,0,0.160111999511719,1.63,0,-5400.240234375
100000000000000000000003,1,922125000,0,-47,5.65732114572224,0,0,0.160111999511719,1.63,0,-5400.240234375
100000000000000000000000,1,922125000,0,-44,2.23347602716149,0,0,0.160111999511719,1.63,0,-5400.240234375
100000000000000000000004,1,922125000,0,-50,5.9395736106932,0,0,0.160111999511719,1.63,0,-5400.240234375
100000000000000000000000,1,922125000,0,-44,2.22734010400995,0,0,0.160111999511719,1.63,0,-5400.240234375
100000000000000000000003,1,922125000,0,-47,5.66345706887379,0,0,0.160111999511719,1.63,0,-5400.240234375
100000000000000000000001,1,922125000,0,-44.5,2.44209741431394,0,0,0.160111999511719,1.63,0,-5400.240234375
100000000000000000000002,1,922125000,0,-46.5,5.10508806208341,0,0,0.160111999511719,1.63,0,-5400.240234375
100000000000000000000000,1,922125000,0,-44,2.22734010400995,0,0,0.160111999511719,1.63,0,-5400.240234375
100000000000000000000003,1,922125000,0,-47,5.66345706887379,0,0,0.160111999511719,1.63,0,-5400.240234375
100000000000000000000004,1,922125000,0,-50,5.90275807178395,0,0,0.160111999511719,1.63,0,-5400.240234375
100000000000000000000002,1,922125000,0,-46.5,5.09281621578033,0,0,0.160111999511719,1.63,0,-5400.240234375
100000000000000000000001,1,922125000,0,-45,2.4359614911624,0,0,0.160111999511719,1.63,0,-5400.240234375
100000000000000000000002,1,922125000,0,-46.5,5.10508806208341,0,0,0.160111999511719,1.63,0,-5400.240234375
100000000000000000000001,1,922125000,0,-45,2.4359614911624,0,0,0.160111999511719,1.63,0,-5400.240234375
100000000000000000000003,1,922125000,0,-47,5.67572891517687,0,0,0.160111999511719,1.63,0,-5400.240234375
100000000000000000000000,1,922125000,0,-44,2.25188379661612,0,0,0.160111999511719,1.63,0,-5400.240234375
100000000000000000000004,1,922125000,0,-50,5.9395736106932,0,0,0.160111999511719,1.63,0,-5400.240234375
100000000000000000000003,1,922125000,0,-47,5.66959299202533,0,0,0.160111999511719,1.63,0,-5400.240234375
100000000000000000000004,1,922125000,0,-50,5.93343768754166,0,0,0.160111999511719,1.63,0,-5400.240234375
100000000000000000000000,1,922125000,0,-44,2.23347602716149,0,0,0.160111999511719,1.63,0,-5400.240234375
100000000000000000000002,1,922125000,0,-46.5,5.1173599083865,0,0,0.160111999511719,1.63,0,-5400.240234375
100000000000000000000001,1,922125000,0,-45,2.45436926061703,0,0,0.160111999511719,1.63,0,-5400.240234375
100000000000000000000003,1,922125000,0,-47,5.68186483832841,0,0,0.160111999511719,1.63,0,-5400.240234375
100000000000000000000001,1,922125000,0,-45,2.4359614911624,0,0,0.160111999511719,1.63,0,-5400.240234375
100000000000000000000000,1,922125000,0,-44,2.22734010400995,0,0,0.160111999511719,1.63,0,-5400.240234375
100000000000000000000002,1,922125000,0,-46.5,5.1173599083865,0,0,0.160111999511719,1.63,0,-5400.240234375
100000000000000000000004,1,922125000,0,-50,5.92730176439012,0,0,0.160111999511719,1.63,0,-5400.240234375
100000000000000000000002,1,922125000,0,-46.5,5.11122398523496,0,0,0.160111999511719,1.63,0,-5400.240234375
100000000000000000000001,1,922125000,0,-45,2.45436926061703,0,0,0.160111999511719,1.63,0,-5400.240234375
100000000000000000000004,1,922125000,0,-50,5.93343768754166,0,0,0.160111999511719,1.63,0,-5400.240234375
100000000000000000000003,1,922125000,0,-47,5.68186483832841,0,0,0.160111999511719,1.63,0,-5400.240234375
100000000000000000000000,1,922125000,0,-44,2.20893233455532,0,0,0.160111999511719,1.63,0,-5400.240234375
100000000000000000000004,1,922125000,0,-50,5.93343768754166,0,0,0.160111999511719,1.63,0,-5400.240234375
100000000000000000000003,1,922125000,0,-47,5.59596191420682,0,0,0.160111999511719,1.63,0,-5400.240234375
100000000000000000000001,1,922125000,0,-45,2.42368964485931,0,0,0.160111999511719,1.63,0,-5400.240234375
100000000000000000000002,1,922125000,0,-46.5,5.10508806208341,0,0,0.160111999511719,1.63,0,-5400.240234375
100000000000000000000000,1,922125000,0,-44,2.25188379661612,0,0,0.160111999511719,1.63,0,-5400.240234375
100000000000000000000004,1,922125000,0,-50,5.92116584123858,0,0,0.160111999511719,1.63,0,-5400.240234375
100000000000000000000001,1,922125000,0,-44.5,2.39914595225314,0,0,0.160111999511719,1.63,0,-5400.240234375
100000000000000000000003,1,922125000,0,-47,5.68186483832841,0,0,0.160111999511719,1.63,0,-5400.240234375
100000000000000000000000,1,922125000,0,-44,2.20893233455532,0,0,0.160111999511719,1.63,0,-5400.240234375
100000000000000000000002,1,922125000,0,-46.5,5.10508806208341,0,0,0.160111999511719,1.63,0,-5400.240234375
100000000000000000000000,1,922125000,0,-44,2.22120418085841,0,0,0.160111999511719,1.63,0,-5400.240234375
100000000000000000000001,1,922125000,0,-45,2.4359614911624,0,0,0.160111999511719,1.63,0,-5400.240234375
100000000000000000000004,1,922125000,0,-50,5.93343768754166,0,0,0.160111999511719,1.63,0,-5400.240234375
100000000000000000000002,1,922125000,0,-46.5,5.12349583153804,0,0,0.160111999511719,1.63,0,-5400.240234375
100000000000000000000003,1,922125000,0,-47,5.67572891517687,0,0,0.160111999511719,1.63,0,-5400.240234375
100000000000000000000003,1,922125000,0,-47,5.6511852225707,0,0,0.160111999511719,1.63,0,-5400.240234375
100000000000000000000000,1,922125000,0,-44,2.21506825770687,0,0,0.160111999511719,1.63,0,-5400.240234375
100000000000000000000001,1,922125000,0,-44.5,2.41755372170777,0,0,0.160111999511719,1.63,0,-5400.240234375
100000000000000000000002,1,922125000,0,-46.5,5.12349583153804,0,0,0.160111999511719,1.63,0,-5400.240234375
100000000000000000000004,1,922125000,0,-50,5.9395736106932,0,0,0.160111999511719,1.63,0,-5400.240234375
100000000000000000000003,1,922125000,0,-47,5.67572891517687,0,0,0.160111999511719,1.63,0,-5400.240234375
100000000000000000000001,1,922125000,0,-45,2.44209741431394,0,0,0.160111999511719,1.63,0,-5400.240234375
100000000000000000000000,1,922125000,0,-44,2.23347602716149,0,0,0.160111999511719,1.63,0,-5400.240234375
100000000000000000000002,1,922125000,0,-46.5,5.13576767784113,0,0,0.160111999511719,1.63,0,-5400.240234375
100000000000000000000004,1,922125000,0,-50,5.90889399493549,0,0,0.160111999511719,1.63,0,-5400.240234375
100000000000000000000002,1,922125000,0,-46.5,5.12349583153804,0,0,0.160111999511719,1.63,0,-5400.240234375
100000000000000000000001,1,922125000,0,-45,2.4359614911624,0,0,0.160111999511719,1.63,0,-5400.240234375
100000000000000000000000,1,922125000,0,-44,2.22120418085841,0,0,0.160111999511719,1.63,0,-5400.240234375
100000000000000000000003,1,922125000,0,-47,5.67572891517687,0,0,0.160111999511719,1.63,0,-5400.240234375
100000000000000000000004,1,922125000,0,-50,5.92730176439012,0,0,0.160111999511719,1.63,0,-5400.240234375
100000000000000000000004,1,922125000,0,-50,5.90889399493549,0,0,0.160111999511719,1.63,0,-5400.240234375
100000000000000000000001,1,922125000,0,-45,2.42368964485931,0,0,0.160111999511719,1.63,0,-5400.240234375
100000000000000000000002,1,922125000,0,-46.5,5.12963175468958,0,0,0.160111999511719,1.63,0,-5400.240234375
100000000000000000000003,1,922125000,0,-47,5.64504929941916,0,0,0.160111999511719,1.63,0,-5400.240234375
100000000000000000000000,1,922125000,0,-44,2.25188379661612,0,0,0.160111999511719,1.63,0,-5400.240234375
100000000000000000000002,1,922125000,0,-46.5,5.12963175468958,0,0,0.160111999511719,1.63,0,-5400.240234375
100000000000000000000000,1,922125000,0,-44,2.22120418085841,0,0,0.160111999511719,1.63,0,-5400.240234375
100000000000000000000003,1,922125000,0,-47,5.65732114572224,0,0,0.160111999511719,1.63,0,-5400.240234375
100000000000000000000004,1,922125000,0,-50,5.93343768754166,0,0,0.160111999511719,1.63,0,-5400.240234375
100000000000000000000001,1,922125000,0,-45,2.42982556801086,0,0,0.160111999511719,1.63,0,-5400.240234375
100000000000000000000002,1,922125000,0,-46.5,5.1173599083865,0,0,0.160111999511719,1.63,0,-5400.240234375
100000000000000000000004,1,922125000,0,-50,5.91502991808703,0,0,0.160111999511719,1.63,0,-5400.240234375
100000000000000000000000,1,922125000,0,-44,2.24574787346458,0,0,0.160111999511719,1.63,0,-5400.240234375
100000000000000000000003,1,922125000,0,-47,5.67572891517687,0,0,0.160111999511719,1.63,0,-5400.240234375
100000000000000000000001,1,922125000,0,-45,2.4359614911624,0,0,0.160111999511719,1.63,0,-5400.240234375
100000000000000000000002,1,922125000,0,-46.5,5.09281621578033,0,0,0.160111999511719,1.63,0,-5400.240234375
100000000000000000000001,1,922125000,0,-45,2.4359614911624,0,0,0.160111999511719,1.63,0,-5400.240234375
100000000000000000000004,1,922125000,0,-50,5.93343768754166,0,0,0.160111999511719,1.63,0,-5400.240234375
100000000000000000000003,1,922125000,0,-47,5.65732114572224,0,0,0.160111999511719,1.63,0,-5400.240234375
100000000000000000000000,1,922125000,0,-44,2.24574787346458,0,0,0.160111999511719,1.63,0,-5400.240234375
100000000000000000000000,1,922125000,0,-44,2.23961195031304,0,0,0.160111999511719,1.63,0,-5400.240234375
100000000000000000000003,1,922125000,0,-47,5.66959299202533,0,0,0.160111999511719,1.63,0,-5400.240234375
100000000000000000000001,1,922125000,0,-45,2.4359614911624,0,0,0.160111999511719,1.63,0,-5400.240234375
100000000000000000000002,1,922125000,0,-46.5,5.12963175468958,0,0,0.160111999511719,1.63,0,-5400.240234375
100000000000000000000004,1,922125000,0,-50.5,5.92116584123858,0,0,0.160111999511719,1.63,0,-5400.240234375
100000000000000000000002,1,922125000,0,-46.5,5.09895213893187,0,0,0.160111999511719,1.63,0,-5400.240234375
100000000000000000000000,1,922125000,0,-44,2.23961195031304,0,0,0.160111999511719,1.63,0,-5400.240234375
100000000000000000000001,1,922125000,0,-45,2.4359614911624,0,0,0.160111999511719,1.63,0,-5400.240234375
100000000000000000000003,1,922125000,0,-47,5.68800076147996,0,0,0.160111999511719,1.63,0,-5400.240234375
100000000000000000000004,1,922125000,0,-50,5.90889399493549,0,0,0.160111999511719,1.63,0,-5400.240234375
100000000000000000000003,1,922125000,0,-47,5.67572891517687,0,0,0.160111999511719,1.63,0,-5400.240234375
100000000000000000000001,1,922125000,0,-45,2.42982556801086,0,0,0.160111999511719,1.63,0,-5400.240234375
100000000000000000000002,1,922125000,0,-46.5,5.1173599083865,0,0,0.160111999511719,1.63,0,-5400.240234375
100000000000000000000000,1,922125000,0,-44,2.24574787346458,0,0,0.160111999511719,1.63,0,-5400.240234375
100000000000000000000004,1,922125000,0,-50,5.91502991808703,0,0,0.160111999511719,1.63,0,-5400.240234375
100000000000000000000003,1,922125000,0,-47,5.67572891517687,0,0,0.160111999511719,1.63,0,-5400.240234375
100000000000000000000000,1,922125000,0,-44,2.22734010400995,0,0,0.160111999511719,1.63,0,-5400.240234375
100000000000000000000001,1,922125000,0,-45,2.42982556801086,0,0,0.160111999511719,1.63,0,-5400.240234375
100000000000000000000004,1,922125000,0,-50,5.94570953384475,0,0,0.160111999511719,1.63,0,-5400.240234375
100000000000000000000002,1,922125000,0,-46.5,5.12349583153804,0,0,0.160111999511719,1.63,0,-5400.240234375
100000000000000000000001,1,922125000,0,-45,2.42368964485931,0,0,0.160111999511719,1.63,0,-5400.240234375
100000000000000000000002,1,922125000,0,-46.5,5.13576767784113,0,0,0.160111999511719,1.63,0,-5400.240234375
100000000000000000000000,1,922125000,0,-44,2.25801971976766,0,0,0.160111999511719,1.63,0,-5400.240234375
100000000000000000000004,1,922125000,0,-50,5.92730176439012,0,0,0.160111999511719,1.63,0,-5400.240234375
100000000000000000000003,1,922125000,0,-47,5.67572891517687,0,0,0.160111999511719,1.63,0,-5400.240234375
100000000000000000000001,1,922125000,0,-45,2.4359614911624,0,0,0.160111999511719,1.63,0,-5400.240234375
100000000000000000000002,1,922125000,0,-46.5,5.09895213893187,0,0,0.160111999511719,1.63,0,-5400.240234375
100000000000000000000004,1,922125000,0,-50,5.92116584123858,0,0,0.160111999511719,1.63,0,-5400.240234375
100000000000000000000003,1,922125000,0,-47,5.67572891517687,0,0,0.160111999511719,1.63,0,-5400.240234375
100000000000000000000000,1,922125000,0,-44,2.22120418085841,0,0,0.160111999511719,1.63,0,-5400.240234375
100000000000000000000002,1,922125000,0,-46.5,5.12349583153804,0,0,0.160111999511719,1.63,0,-5400.240234375
100000000000000000000000,1,922125000,0,-44,2.22734010400995,0,0,0.160111999511719,1.63,0,-5400.240234375
100000000000000000000003,1,922125000,0,-47,5.65732114572224,0,0,0.160111999511719,1.63,0,-5400.240234375
100000000000000000000001,1,922125000,0,-44.5,2.41141779855623,0,0,0.160111999511719,1.63,0,-5400.240234375
100000000000000000000004,1,922125000,0,-50,5.93343768754166,0,0,0.160111999511719,1.63,0,-5400.240234375
100000000000000000000001,1,922125000,0,-45,2.4359614911624,0,0,0.160111999511719,1.63,0,-5400.240234375
100000000000000000000002,1,922125000,0,-46.5,5.11122398523496,0,0,0.160111999511719,1.63,0,-5400.240234375
100000000000000000000003,1,922125000,0,-47,5.6941366846315,0,0,0.160111999511719,1.63,0,-5400.240234375
100000000000000000000000,1,922125000,0,-44,2.23347602716149,0,0,0.160111999511719,1.63,0,-5400.240234375
100000000000000000000004,1,922125000,0,-50,5.91502991808703,0,0,0.160111999511719,1.63,0,-5400.240234375
100000000000000000000000,1,922125000,0,-44,2.23961195031304,0,0,0.160111999511719,1.63,0,-5400.240234375
100000000000000000000004,1,922125000,0,-50,5.95798138014783,0,0,0.160111999511719,1.63,0,-5400.240234375
100000000000000000000001,1,922125000,0,-44.5,2.42368964485931,0,0,0.160111999511719,1.63,0,-5400.240234375
100000000000000000000003,1,922125000,0,-47,5.68186483832841,0,0,0.160111999511719,1.63,0,-5400.240234375
100000000000000000000002,1,922125000,0,-46.5,5.10508806208341,0,0,0.160111999511719,1.63,0,-5400.240234375
100000000000000000000001,1,922125000,0,-44.5,2.39914595225314,0,0,0.160111999511719,1.63,0,-5400.240234375
100000000000000000000003,1,922125000,0,-47,5.63891337626762,0,0,0.160111999511719,1.63,0,-5400.240234375
100000000000000000000000,1,922125000,0,-44,2.20893233455532,0,0,0.160111999511719,1.63,0,-5400.240234375
100000000000000000000004,1,922125000,0,-50,5.92730176439012,0,0,0.160111999511719,1.63,0,-5400.240234375
100000000000000000000002,1,922125000,0,-46.5,5.12349583153804,0,0,0.160111999511719,1.63,0,-5400.240234375
100000000000000000000003,1,922125000,0,-47,5.68186483832841,0,0,0.160111999511719,1.63,0,-5400.240234375
100000000000000000000000,1,922125000,0,-44,2.23961195031304,0,0,0.160111999511719,1.63,0,-5400.240234375
100000000000000000000002,1,922125000,0,-46.5,5.12963175468958,0,0,0.160111999511719,1.63,0,-5400.240234375
100000000000000000000001,1,922125000,0,-45,2.42368964485931,0,0,0.160111999511719,1.63,0,-5400.240234375
100000000000000000000004,1,922125000,0,-50,5.90889399493549,0,0,0.160111999511719,1.63,0,-5400.240234375
100000000000000000000003,1,922125000,0,-47,5.66959299202533,0,0,0.160111999511719,1.63,0,-5400.240234375
100000000000000000000002,1,922125000,0,-46.5,5.10508806208341,0,0,0.160111999511719,1.63,0,-5400.240234375
100000000000000000000000,1,922125000,0,-44,2.23347602716149,0,0,0.160111999511719,1.63,0,-5400.240234375
100000000000000000000004,1,922125000,0,-50,5.8966221486324,0,0,0.160111999511719,1.63,0,-5400.240234375
100000000000000000000001,1,922125000,0,-45,2.42982556801086,0,0,0.160111999511719,1.63,0,-5400.240234375
100000000000000000000000,1,922125000,0,-44,2.23347602716149,0,0,0.160111999511719,1.63,0,-5400.240234375
100000000000000000000003,1,922125000,0,-47,5.67572891517687,0,0,0.160111999511719,1.63,0,-5400.240234375
100000000000000000000002,1,922125000,0,-46.5,5.1173599083865,0,0,0.160111999511719,1.63,0,-5400.240234375
100000000000000000000001,1,922125000,0,-45,2.40528187540469,0,0,0.160111999511719,1.63,0,-5400.240234375
100000000000000000000004,1,922125000,0,-50,5.90889399493549,0,0,0.160111999511719,1.63,0,-5400.240234375
100000000000000000000001,1,922125000,0,-45,2.42368964485931,0,0,0.160111999511719,1.63,0,-5400.240234375
100000000000000000000004,1,922125000,0,-50,5.90275807178395,0,0,0.160111999511719,1.63,0,-5400.240234375
100000000000000000000002,1,922125000,0,-46.5,5.1173599083865,0,0,0.160111999511719,1.63,0,-5400.240234375
100000000000000000000003,1,922125000,0,-47,5.67572891517687,0,0,0.160111999511719,1.63,0,-5400.240234375
100000000000000000000000,1,922125000,0,-44,2.25188379661612,0,0,0.160111999511719,1.63,0,-5400.240234375
100000000000000000000001,1,922125000,0,-44.5,2.44823333746548,0,0,0.160111999511719,1.63,0,-5400.240234375
100000000000000000000002,1,922125000,0,-46.5,5.1173599083865,0,0,0.160111999511719,1.63,0,-5400.240234375
100000000000000000000000,1,922125000,0,-44,2.23347602716149,0,0,0.160111999511719,1.63,0,-5400.240234375
100000000000000000000003,1,922125000,0,-47,5.65732114572224,0,0,0.160111999511719,1.63,0,-5400.240234375
100000000000000000000004,1,922125000,0,-50,5.90889399493549,0,0,0.160111999511719,1.63,0,-5400.240234375
100000000000000000000001,1,922125000,0,-45,2.4359614911624,0,0,0.160111999511719,1.63,0,-5400.240234375
100000000000000000000003,1,922125000,0,-47,5.65732114572224,0,0,0.160111999511719,1.63,0,-5400.240234375
100000000000000000000000,1,922125000,0,-44,2.21506825770687,0,0,0.160111999511719,1.63,0,-5400.240234375
100000000000000000000004,1,922125000,0,-50,5.90889399493549,0,0,0.160111999511719,1.63,0,-5400.240234375
100000000000000000000002,1,922125000,0,-46.5,5.09895213893187,0,0,0.160111999511719,1.63,0,-5400.240234375
100000000000000000000000,1,922125000,0,-44,2.22120418085841,0,0,0.160111999511719,1.63,0,-5400.240234375
100000000000000000000003,1,922125000,0,-47,5.66959299202533,0,0,0.160111999511719,1.63,0,-5400.240234375
100000000000000000000001,1,922125000,0,-45,2.40528187540469,0,0,0.160111999511719,1.63,0,-5400.240234375
100000000000000000000002,1,922125000,0,-46.5,5.12963175468958,0,0,0.160111999511719,1.63,0,-5400.240234375
100000000000000000000004,1,922125000,0,-50,5.92730176439012,0,0,0.160111999511719,1.63,0,-5400.240234375
100000000000000000000004,1,922125000,0,-50,5.9395736106932,0,0,0.160111999511719,1.63,0,-5400.240234375
100000000000000000000001,1,922125000,0,-44.5,2.42982556801086,0,0,0.160111999511719,1.63,0,-5400.240234375
100000000000000000000002,1,922125000,0,-46.5,5.12349583153804,0,0,0.160111999511719,1.63,0,-5400.240234375
100000000000000000000000,1,922125000,0,-44,2.23961195031304,0,0,0.160111999511719,1.63,0,-5400.240234375
100000000000000000000003,1,922125000,0,-47,5.67572891517687,0,0,0.160111999511719,1.63,0,-5400.240234375
100000000000000000000001,1,922125000,0,-45,2.42368964485931,0,0,0.160111999511719,1.63,0,-5400.240234375
100000000000000000000002,1,922125000,0,-46.5,5.10508806208341,0,0,0.160111999511719,1.63,0,-5400.240234375
100000000000000000000003,1,922125000,0,-47,5.66959299202533,0,0,0.160111999511719,1.63,0,-5400.240234375
100000000000000000000004,1,922125000,0,-50,5.91502991808703,0,0,0.160111999511719,1.63,0,-5400.240234375
100000000000000000000000,1,922125000,0,-44,2.23961195031304,0,0,0.160111999511719,1.63,0,-5400.240234375
100000000000000000000002,1,922125000,0,-46.5,5.12349583153804,0,0,0.160111999511719,1.63,0,-5400.240234375
100000000000000000000004,1,922125000,0,-50,5.95184545699629,0,0,0.160111999511719,1.63,0,-5400.240234375
100000000000000000000001,1,922125000,0,-45,2.4359614911624,0,0,0.160111999511719,1.63,0,-5400.240234375
100000000000000000000000,1,922125000,0,-44,2.22734010400995,0,0,0.160111999511719,1.63,0,-5400.240234375
100000000000000000000003,1,922125000,0,-47,5.68186483832841,0,0,0.160111999511719,1.63,0,-5400.240234375
100000000000000000000003,1,922125000,0,-47,5.66959299202533,0,0,0.160111999511719,1.63,0,-5400.240234375
100000000000000000000002,1,922125000,0,-46.5,5.12963175468958,0,0,0.160111999511719,1.63,0,-5400.240234375
100000000000000000000000,1,922125000,0,-44,2.23961195031304,0,0,0.160111999511719,1.63,0,-5400.240234375
100000000000000000000001,1,922125000,0,-45,2.4359614911624,0,0,0.160111999511719,1.63,0,-5400.240234375
100000000000000000000004,1,922125000,0,-50,5.93343768754166,0,0,0.160111999511719,1.63,0,-5400.240234375
100000000000000000000000,1,922125000,0,-44,2.22734010400995,0,0,0.160111999511719,1.63,0,-5400.240234375
100000000000000000000004,1,922125000,0,-50,5.92730176439012,0,0,0.160111999511719,1.63,0,-5400.240234375
100000000000000000000002,1,922125000,0,-46.5,5.10508806208341,0,0,0.160111999511719,1.63,0,-5400.240234375
100000000000000000000003,1,922125000,0,-47,5.67572891517687,0,0,0.160111999511719,1.63,0,-5400.240234375
100000000000000000000001,1,922125000,0,-45,2.44823333746548,0,0,0.160111999511719,1.63,0,-5400.240234375
100000000000000000000003,1,922125000,0,-47,5.62664152996453,0,0,0.160111999511719,1.63,0,-5400.240234375
100000000000000000000001,1,922125000,0,-45,2.4359614911624,0,0,0.160111999511719,1.63,0,-5400.240234375
100000000000000000000000,1,922125000,0,-44,2.21506825770687,0,0,0.160111999511719,1.63,0,-5400.240234375
100000000000000000000002,1,922125000,0,-46.5,5.1173599083865,0,0,0.160111999511719,1.63,0,-5400.240234375
100000000000000000000004,1,922125000,0,-50,5.90275807178395,0,0,0.160111999511719,1.63,0,-5400.240234375
100000000000000000000001,1,922125000,0,-45,2.42982556801086,0,0,0.160111999511719,1.63,0,-5400.240234375
100000000000000000000004,1,922125000,0,-50,5.94570953384475,0,0,0.160111999511719,1.63,0,-5400.240234375
100000000000000000000000,1,922125000,0,-44,2.24574787346458,0,0,0.160111999511719,1.63,0,-5400.240234375
100000000000000000000003,1,922125000,0,-47,5.66959299202533,0,0,0.160111999511719,1.63,0,-5400.240234375
100000000000000000000002,1,922125000,0,-46.5,5.09895213893187,0,0,0.160111999511719,1.63,0,-5400.240234375
100000000000000000000000,1,922125000,0,-44,2.20279641140378,0,0,0.160111999511719,1.63,0,-5400.240234375
100000000000000000000003,1,922125000,0,-47,5.67572891517687,0,0,0.160111999511719,1.63,0,-5400.240234375
100000000000000000000004,1,922125000,0,-50,5.91502991808703,0,0,0.160111999511719,1.63,0,-5400.240234375
100000000000000000000001,1,922125000,0,-45,2.44209741431394,0,0,0.160111999511719,1.63,0,-5400.240234375
100000000000000000000002,1,922125000,0,-46.5,5.06827252317416,0,0,0.160111999511719,1.63,0,-5400.240234375
100000000000000000000000,1,922125000,0,-44,2.23347602716149,0,0,0.160111999511719,1.63,0,-5400.240234375
100000000000000000000001,1,922125000,0,-45,2.42982556801086,0,0,0.160111999511719,1.63,0,-5400.240234375
100000000000000000000002,1,922125000,0,-46.5,5.10508806208341,0,0,0.160111999511719,1.63,0,-5400.240234375
100000000000000000000004,1,922625000,0,-50,6.15433092099719,0,0,0.160111999511719,1.63,0,-5400.240234375
100000000000000000000003,1,922625000,0,-47,5.89048622548086,0,0,0.160111999511719,1.63,0,-5400.240234375
100000000000000000000003,1,922625000,0,-46.5,5.90275807178395,0,0,0.160111999511719,1.63,0,-5400.240234375
100000000000000000000000,1,922625000,0,-44,2.44209741431394,0,0,0.160111999511719,1.63,0,-5400.240234375
100000000000000000000004,1,922625000,0,-50,6.12365130523948,0,0,0.160111999511719,1.63,0,-5400.240234375
100000000000000000000001,1,922625000,0,-44.5,2.66912657092102,0,0,0.160111999511719,1.63,0,-5400.240234375
100000000000000000000002,1,922625000,0,-46.5,5.33211721869049,0,0,0.160111999511719,1.63,0,-5400.240234375
100000000000000000000004,1,922625000,0,-50,6.16660276730028,0,0,0.160111999511719,1.63,0,-5400.240234375
100000000000000000000002,1,922625000,0,-46.5,5.33211721869049,0,0,0.160111999511719,1.63,0,-5400.240234375
100000000000000000000003,1,922625000,0,-46.5,5.90889399493549,0,0,0.160111999511719,1.63,0,-5400.240234375
100000000000000000000000,1,922625000,0,-44,2.44823333746548,0,0,0.160111999511719,1.63,0,-5400.240234375
100000000000000000000001,1,922625000,0,-44.5,2.67526249407256,0,0,0.160111999511719,1.63,0,-5400.240234375
100000000000000000000003,1,922625000,0,-47,5.92116584123858,0,0,0.160111999511719,1.63,0,-5400.240234375
100000000000000000000004,1,922625000,0,-50,6.17273869045182,0,0,0.160111999511719,1.63,0,-5400.240234375
100000000000000000000000,1,922625000,0,-44,2.44209741431394,0,0,0.160111999511719,1.63,0,-5400.240234375
100000000000000000000001,1,922625000,0,-44.5,2.6813984172241,0,0,0.160111999511719,1.63,0,-5400.240234375
100000000000000000000002,1,922625000,0,-46.5,5.29530167978123,0,0,0.160111999511719,1.63,0,-5400.240234375
100000000000000000000000,1,922625000,0,-44,2.41755372170777,0,0,0.160111999511719,1.63,0,-5400.240234375
100000000000000000000002,1,922625000,0,-46.5,5.30757352608432,0,0,0.160111999511719,1.63,0,-5400.240234375
100000000000000000000001,1,922625000,0,-44.5,2.66912657092102,0,0,0.160111999511719,1.63,0,-5400.240234375
100000000000000000000003,1,922625000,0,-47,5.90889399493549,0,0,0.160111999511719,1.63,0,-5400.240234375
100000000000000000000004,1,922625000,0,-50,6.15433092099719,0,0,0.160111999511719,1.63,0,-5400.240234375
100000000000000000000003,1,922625000,0,-47,5.90275807178395,0,0,0.160111999511719,1.63,0,-5400.240234375
100000000000000000000004,1,922625000,0,-50,6.17273869045182,0,0,0.160111999511719,1.63,0,-5400.240234375
100000000000000000000000,1,922625000,0,-44,2.44209741431394,0,0,0.160111999511719,1.63,0,-5400.240234375
100000000000000000000001,1,922625000,0,-44.5,2.66912657092102,0,0,0.160111999511719,1.63,0,-5400.240234375
100000000000000000000002,1,922625000,0,-46.5,5.30143760293278,0,0,0.160111999511719,1.63,0,-5400.240234375
100000000000000000000001,1,922625000,0,-44.5,2.66912657092102,0,0,0.160111999511719,1.63,0,-5400.240234375
100000000000000000000002,1,922625000,0,-46.5,5.3198453723874,0,0,0.160111999511719,1.63,0,-5400.240234375
100000000000000000000003,1,922625000,0,-46.5,5.90889399493549,0,0,0.160111999511719,1.63,0,-5400.240234375
100000000000000000000000,1,922625000,0,-44,2.42982556801086,0,0,0.160111999511719,1.63,0,-5400.240234375
100000000000000000000004,1,922625000,0,-50.5,6.15433092099719,0,0,0.160111999511719,1.63,0,-5400.240234375
100000000000000000000002,1,922625000,0,-46.5,5.33211721869049,0,0,0.160111999511719,1.63,0,-5400.240234375
100000000000000000000003,1,922625000,0,-46.5,5.91502991808703,0,0,0.160111999511719,1.63,0,-5400.240234375
100000000000000000000001,1,922625000,0,-44.5,2.65071880146639,0,0,0.160111999511719,1.63,0,-5400.240234375
100000000000000000000004,1,922625000,0,-50,6.14819499784565,0,0,0.160111999511719,1.63,0,-5400.240234375
100000000000000000000000,1,922625000,0,-44,2.4359614911624,0,0,0.160111999511719,1.63,0,-5400.240234375
100000000000000000000003,1,922625000,0,-47,5.89048622548086,0,0,0.160111999511719,1.63,0,-5400.240234375
100000000000000000000001,1,922625000,0,-44.5,2.66912657092102,0,0,0.160111999511719,1.63,0,-5400.240234375
100000000000000000000000,1,922625000,0,-44,2.44823333746548,0,0,0.160111999511719,1.63,0,-5400.240234375
100000000000000000000004,1,922625000,0,-50,6.15433092099719,0,0,0.160111999511719,1.63,0,-5400.240234375
100000000000000000000002,1,922625000,0,-46.5,5.31370944923586,0,0,0.160111999511719,1.63,0,-5400.240234375
100000000000000000000003,1,922625000,0,-47,5.90889399493549,0,0,0.160111999511719,1.63,0,-5400.240234375
100000000000000000000000,1,922625000,0,-44,2.44823333746548,0,0,0.160111999511719,1.63,0,-5400.240234375
100000000000000000000001,1,922625000,0,-44.5,2.66912657092102,0,0,0.160111999511719,1.63,0,-5400.240234375
100000000000000000000002,1,922625000,0,-46.5,5.34438906499357,0,0,0.160111999511719,1.63,0,-5400.240234375
100000000000000000000004,1,922625000,0,-50.5,6.18501053675491,0,0,0.160111999511719,1.63,0,-5400.240234375
100000000000000000000004,1,922625000,0,-50,6.14205907469411,0,0,0.160111999511719,1.63,0,-5400.240234375
100000000000000000000002,1,922625000,0,-46.5,5.3198453723874,0,0,0.160111999511719,1.63,0,-5400.240234375
100000000000000000000000,1,922625000,0,-44,2.44209741431394,0,0,0.160111999511719,1.63,0,-5400.240234375
100000000000000000000001,1,922625000,0,-44.5,2.66299064776947,0,0,0.160111999511719,1.63,0,-5400.240234375
100000000000000000000003,1,922625000,0,-47,5.8966221486324,0,0,0.160111999511719,1.63,0,-5400.240234375
100000000000000000000003,1,922625000,0,-47,5.92116584123858,0,0,0.160111999511719,1.63,0,-5400.240234375
100000000000000000000001,1,922625000,0,-44.5,2.67526249407256,0,0,0.160111999511719,1.63,0,-5400.240234375
100000000000000000000000,1,922625000,0,-44,2.4359614911624,0,0,0.160111999511719,1.63,0,-5400.240234375
100000000000000000000004,1,922625000,0,-50.5,6.11751538208794,0,0,0.160111999511719,1.63,0,-5400.240234375
100000000000000000000002,1,922625000,0,-46.5,5.3198453723874,0,0,0.160111999511719,1.63,0,-5400.240234375
100000000000000000000004,1,922625000,0,-50,6.16660276730028,0,0,0.160111999511719,1.63,0,-5400.240234375
100000000000000000000001,1,922625000,0,-44.5,2.6813984172241,0,0,0.160111999511719,1.63,0,-5400.240234375
100000000000000000000000,1,922625000,0,-44,2.44209741431394,0,0,0.160111999511719,1.63,0,-5400.240234375
100000000000000000000002,1,922625000,0,-46.5,5.32598129553895,0,0,0.160111999511719,1.63,0,-5400.240234375
100000000000000000000003,1,922625000,0,-47,5.90275807178395,0,0,0.160111999511719,1.63,0,-5400.240234375
100000000000000000000002,1,922625000,0,-46.5,5.32598129553895,0,0,0.160111999511719,1.63,0,-5400.240234375
100000000000000000000004,1,922625000,0,-50.5,6.12365130523948,0,0,0.160111999511719,1.63,0,-5400.240234375
100000000000000000000000,1,922625000,0,-44,2.45436926061703,0,0,0.160111999511719,1.63,0,-5400.240234375
100000000000000000000001,1,922625000,0,-44.5,2.66912657092102,0,0,0.160111999511719,1.63,0,-5400.240234375
100000000000000000000003,1,922625000,0,-46.5,5.90275807178395,0,0,0.160111999511719,1.63,0,-5400.240234375
100000000000000000000000,1,922625000,0,-44,2.46050518376857,0,0,0.160111999511719,1.63,0,-5400.240234375
100000000000000000000003,1,922625000,0,-47,5.88435030232932,0,0,0.160111999511719,1.63,0,-5400.240234375
100000000000000000000004,1,922625000,0,-50,6.16660276730028,0,0,0.160111999511719,1.63,0,-5400.240234375
100000000000000000000001,1,922625000,0,-44.5,2.65685472461793,0,0,0.160111999511719,1.63,0,-5400.240234375
100000000000000000000002,1,922625000,0,-46.5,5.32598129553895,0,0,0.160111999511719,1.63,0,-5400.240234375
100000000000000000000002,1,922625000,0,-46.5,5.30757352608432,0,0,0.160111999511719,1.63,0,-5400.240234375
100000000000000000000004,1,922625000,0,-50,6.17887461360336,0,0,0.160111999511719,1.63,0,-5400.240234375
100000000000000000000001,1,922625000,0,-44.5,2.67526249407256,0,0,0.160111999511719,1.63,0,-5400.240234375
100000000000000000000000,1,922625000,0,-44,2.46050518376857,0,0,0.160111999511719,1.63,0,-5400.240234375
100000000000000000000003,1,922625000,0,-46.5,5.90889399493549,0,0,0.160111999511719,1.63,0,-5400.240234375
100000000000000000000002,1,922625000,0,-46.5,5.3198453723874,0,0,0.160111999511719,1.63,0,-5400.240234375
100000000000000000000003,1,922625000,0,-47,5.8966221486324,0,0,0.160111999511719,1.63,0,-5400.240234375
100000000000000000000000,1,922625000,0,-44,2.46050518376857,0,0,0.160111999511719,1.63,0,-5400.240234375
100000000000000000000001,1,922625000,0,-44.5,2.68753434037564,0,0,0.160111999511719,1.63,0,-5400.240234375
100000000000000000000004,1,922625000,0,-50,6.16046684414874,0,0,0.160111999511719,1.63,0,-5400.240234375
100000000000000000000001,1,922625000,0,-44.5,2.66912657092102,0,0,0.160111999511719,1.63,0,-5400.240234375
100000000000000000000000,1,922625000,0,-44,2.45436926061703,0,0,0.160111999511719,1.63,0,-5400.240234375
100000000000000000000004,1,922625000,0,-50,6.15433092099719,0,0,0.160111999511719,1.63,0,-5400.240234375
100000000000000000000003,1,922625000,0,-47,5.91502991808703,0,0,0.160111999511719,1.63,0,-5400.240234375
100000000000000000000002,1,922625000,0,-46.5,5.33211721869049,0,0,0.160111999511719,1.63,0,-5400.240234375
100000000000000000000001,1,922625000,0,-44.5,2.66299064776947,0,0,0.160111999511719,1.63,0,-5400.240234375
100000000000000000000004,1,922625000,0,-50,6.16046684414874,0,0,0.160111999511719,1.63,0,-5400.240234375
100000000000000000000003,1,922625000,0,-47,5.92116584123858,0,0,0.160111999511719,1.63,0,-5400.240234375
100000000000000000000002,1,922625000,0,-46.5,5.30143760293278,0,0,0.160111999511719,1.63,0,-5400.240234375
100000000000000000000000,1,922625000,0,-44,2.44823333746548,0,0,0.160111999511719,1.63,0,-5400.240234375
100000000000000000000003,1,922625000,0,-47,5.92116584123858,0,0,0.160111999511719,1.63,0,-5400.240234375
100000000000000000000002,1,922625000,0,-46.5,5.31370944923586,0,0,0.160111999511719,1.63,0,-5400.240234375
100000000000000000000000,1,922625000,0,-44,2.44823333746548,0,0,0.160111999511719,1.63,0,-5400.240234375
100000000000000000000001,1,922625000,0,-44.5,2.65685472461793,0,0,0.160111999511719,1.63,0,-5400.240234375
100000000000000000000004,1,922625000,0,-50.5,6.19114645990645,0,0,0.160111999511719,1.63,0,-5400.240234375
100000000000000000000000,1,922625000,0,-44,2.42982556801086,0,0,0.160111999511719,1.63,0,-5400.240234375
100000000000000000000002,1,922625000,0,-47,5.34438906499357,0,0,0.160111999511719,1.63,0,-5400.240234375
100000000000000000000003,1,922625000,0,-47,5.90889399493549,0,0,0.160111999511719,1.63,0,-5400.240234375
100000000000000000000001,1,922625000,0,-44.5,2.6813984172241,0,0,0.160111999511719,1.63,0,-5400.240234375
100000000000000000000004,1,922625000,0,-50,6.16660276730028,0,0,0.160111999511719,1.63,0,-5400.240234375
100000000000000000000000,1,922625000,0,-44,2.44209741431394,0,0,0.160111999511719,1.63,0,-5400.240234375
100000000000000000000002,1,922625000,0,-46.5,5.33211721869049,0,0,0.160111999511719,1.63,0,-5400.240234375
100000000000000000000004,1,922625000,0,-50,6.15433092099719,0,0,0.160111999511719,1.63,0,-5400.240234375
100000000000000000000001,1,922625000,0,-44.5,2.65685472461793,0,0,0.160111999511719,1.63,0,-5400.240234375
100000000000000000000003,1,922625000,0,-47,5.91502991808703,0,0,0.160111999511719,1.63,0,-5400.240234375
100000000000000000000002,1,922625000,0,-46.5,5.3198453723874,0,0,0.160111999511719,1.63,0,-5400.240234375
100000000000000000000000,1,922625000,0,-44,2.44823333746548,0,0,0.160111999511719,1.63,0,-5400.240234375
100000000000000000000003,1,922625000,0,-46.5,5.90889399493549,0,0,0.160111999511719,1.63,0,-5400.240234375
100000000000000000000001,1,922625000,0,-44.5,2.65685472461793,0,0,0.160111999511719,1.63,0,-5400.240234375
100000000000000000000004,1,922625000,0,-50,6.16046684414874,0,0,0.160111999511719,1.63,0,-5400.240234375
100000000000000000000003,1,922625000,0,-47,5.8966221486324,0,0,0.160111999511719,1.63,0,-5400.240234375
100000000000000000000000,1,922625000,0,-44,2.42982556801086,0,0,0.160111999511719,1.63,0,-5400.240234375
100000000000000000000004,1,922625000,0,-50,6.14205907469411,0,0,0.160111999511719,1.63,0,-5400.240234375
100000000000000000000001,1,922625000,0,-44.5,2.67526249407256,0,0,0.160111999511719,1.63,0,-5400.240234375
100000000000000000000002,1,922625000,0,-46.5,5.33211721869049,0,0,0.160111999511719,1.63,0,-5400.240234375
100000000000000000000000,1,922625000,0,-44,2.44823333746548,0,0,0.160111999511719,1.63,0,-5400.240234375
100000000000000000000001,1,922625000,0,-44.5,2.66299064776947,0,0,0.160111999511719,1.63,0,-5400.240234375
100000000000000000000002,1,922625000,0,-46.5,5.33825314184203,0,0,0.160111999511719,1.63,0,-5400.240234375
100000000000000000000003,1,922625000,0,-47,5.90275807178395,0,0,0.160111999511719,1.63,0,-5400.240234375
100000000000000000000004,1,922625000,0,-50.5,6.16660276730028,0,0,0.160111999511719,1.63,0,-5400.240234375
100000000000000000000004,1,922625000,0,-50,6.15433092099719,0,0,0.160111999511719,1.63,0,-5400.240234375
100000000000000000000000,1,922625000,0,-44,2.4359614911624,0,0,0.160111999511719,1.63,0,-5400.240234375
100000000000000000000003,1,922625000,0,-47,5.90275807178395,0,0,0.160111999511719,1.63,0,-5400.240234375
100000000000000000000002,1,922625000,0,-46.5,5.30757352608432,0,0,0.160111999511719,1.63,0,-5400.240234375
100000000000000000000001,1,922625000,0,-44.5,2.66912657092102,0,0,0.160111999511719,1.63,0,-5400.240234375
100000000000000000000001,1,922625000,0,-44.5,2.66912657092102,0,0,0.160111999511719,1.63,0,-5400.240234375
100000000000000000000000,1,922625000,0,-44,2.4359614911624,0,0,0.160111999511719,1.63,0,-5400.240234375
100000000000000000000003,1,922625000,0,-47,5.91502991808703,0,0,0.160111999511719,1.63,0,-5400.240234375
100000000000000000000004,1,922625000,0,-50,6.16660276730028,0,0,0.160111999511719,1.63,0,-5400.240234375
100000000000000000000002,1,922625000,0,-46.5,5.30757352608432,0,0,0.160111999511719,1.63,0,-5400.240234375
100000000000000000000003,1,922625000,0,-47,5.92116584123858,0,0,0.160111999511719,1.63,0,-5400.240234375
100000000000000000000002,1,922625000,0,-46.5,5.3198453723874,0,0,0.160111999511719,1.63,0,-5400.240234375
100000000000000000000000,1,922625000,0,-44,2.44823333746548,0,0,0.160111999511719,1.63,0,-5400.240234375
100000000000000000000001,1,922625000,0,-44.5,2.65685472461793,0,0,0.160111999511719,1.63,0,-5400.240234375
100000000000000000000004,1,922625000,0,-50.5,6.18501053675491,0,0,0.160111999511719,1.63,0,-5400.240234375
100000000000000000000003,1,922625000,0,-47,5.90889399493549,0,0,0.160111999511719,1.63,0,-5400.240234375
100000000000000000000002,1,922625000,0,-46.5,5.32598129553895,0,0,0.160111999511719,1.63,0,-5400.240234375
100000000000000000000000,1,922625000,0,-44,2.44823333746548,0,0,0.160111999511719,1.63,0,-5400.240234375
100000000000000000000004,1,922625000,0,-50,6.17887461360336,0,0,0.160111999511719,1.63,0,-5400.240234375
100000000000000000000001,1,922625000,0,-44.5,2.67526249407256,0,0,0.160111999511719,1.63,0,-5400.240234375
100000000000000000000004,1,922625000,0,-50.5,6.14819499784565,0,0,0.160111999511719,1.63,0,-5400.240234375
100000000000000000000000,1,922625000,0,-44,2.46050518376857,0,0,0.160111999511719,1.63,0,-5400.240234375
100000000000000000000003,1,922625000,0,-46.5,5.93343768754166,0,0,0.160111999511719,1.63,0,-5400.240234375
100000000000000000000001,1,922625000,0,-44.5,2.67526249407256,0,0,0.160111999511719,1.63,0,-5400.240234375
100000000000000000000002,1,922625000,0,-46.5,5.3198453723874,0,0,0.160111999511719,1.63,0,-5400.240234375
100000000000000000000004,1,922625000,0,-50,6.15433092099719,0,0,0.160111999511719,1.63,0,-5400.240234375
100000000000000000000000,1,922625000,0,-44,2.45436926061703,0,0,0.160111999511719,1.63,0,-5400.240234375
100000000000000000000001,1,922625000,0,-44.5,2.66299064776947,0,0,0.160111999511719,1.63,0,-5400.240234375
100000000000000000000003,1,922625000,0,-46.5,5.8966221486324,0,0,0.160111999511719,1.63,0,-5400.240234375
100000000000000000000002,1,922625000,0,-46.5,5.3198453723874,0,0,0.160111999511719,1.63,0,-5400.240234375
100000000000000000000001,1,922625000,0,-44.5,2.66912657092102,0,0,0.160111999511719,1.63,0,-5400.240234375
100000000000000000000004,1,922625000,0,-50,6.16660276730028,0,0,0.160111999511719,1.63,0,-5400.240234375
100000000000000000000003,1,922625000,0,-47,5.90275807178395,0,0,0.160111999511719,1.63,0,-5400.240234375
100000000000000000000000,1,922625000,0,-44,2.42982556801086,0,0,0.160111999511719,1.63,0,-5400.240234375
100000000000000000000002,1,922625000,0,-46.5,5.33211721869049,0,0,0.160111999511719,1.63,0,-5400.240234375
100000000000000000000002,1,922625000,0,-46.5,5.3198453723874,0,0,0.160111999511719,1.63,0,-5400.240234375
100000000000000000000003,1,922625000,0,-47,5.91502991808703,0,0,0.160111999511719,1.63,0,-5400.240234375
100000000000000000000000,1,922625000,0,-44,2.44823333746548,0,0,0.160111999511719,1.63,0,-5400.240234375
100000000000000000000004,1,922625000,0,-50,6.15433092099719,0,0,0.160111999511719,1.63,0,-5400.240234375
100000000000000000000001,1,922625000,0,-44.5,2.65685472461793,0,0,0.160111999511719,1.63,0,-5400.240234375
100000000000000000000000,1,922625000,0,-44,2.44209741431394,0,0,0.160111999511719,1.63,0,-5400.240234375
100000000000000000000004,1,922625000,0,-50,6.16660276730028,0,0,0.160111999511719,1.63,0,-5400.240234375
100000000000000000000002,1,922625000,0,-46.5,5.34438906499357,0,0,0.160111999511719,1.63,0,-5400.240234375
100000000000000000000001,1,922625000,0,-44.5,2.65685472461793,0,0,0.160111999511719,1.63,0,-5400.240234375
100000000000000000000003,1,922625000,0,-46.5,5.87207845602623,0,0,0.160111999511719,1.63,0,-5400.240234375
100000000000000000000001,1,922625000,0,-44.5,2.66299064776947,0,0,0.160111999511719,1.63,0,-5400.240234375
100000000000000000000003,1,922625000,0,-46.5,5.90275807178395,0,0,0.160111999511719,1.63,0,-5400.240234375
100000000000000000000000,1,922625000,0,-44,2.49118479952628,0,0,0.160111999511719,1.63,0,-5400.240234375
100000000000000000000002,1,922625000,0,-46.5,5.31370944923586,0,0,0.160111999511719,1.63,0,-5400.240234375
100000000000000000000004,1,922625000,0,-50.5,6.17273869045182,0,0,0.160111999511719,1.63,0,-5400.240234375
100000000000000000000004,1,922625000,0,-50,6.16660276730028,0,0,0.160111999511719,1.63,0,-5400.240234375
100000000000000000000002,1,922625000,0,-46.5,5.33825314184203,0,0,0.160111999511719,1.63,0,-5400.240234375
100000000000000000000001,1,922625000,0,-44.5,2.66299064776947,0,0,0.160111999511719,1.63,0,-5400.240234375
100000000000000000000003,1,922625000,0,-46.5,5.90275807178395,0,0,0.160111999511719,1.63,0,-5400.240234375
100000000000000000000000,1,922625000,0,-44,2.40528187540469,0,0,0.160111999511719,1.63,0,-5400.240234375
100000000000000000000003,1,922625000,0,-47,5.90889399493549,0,0,0.160111999511719,1.63,0,-5400.240234375
100000000000000000000000,1,922625000,0,-44,2.44823333746548,0,0,0.160111999511719,1.63,0,-5400.240234375
100000000000000000000001,1,922625000,0,-44.5,2.6813984172241,0,0,0.160111999511719,1.63,0,-5400.240234375
100000000000000000000002,1,922625000,0,-46.5,5.33825314184203,0,0,0.160111999511719,1.63,0,-5400.240234375
100000000000000000000004,1,922625000,0,-50,6.18501053675491,0,0,0.160111999511719,1.63,0,-5400.240234375
100000000000000000000001,1,922625000,0,-44.5,2.66299064776947,0,0,0.160111999511719,1.63,0,-5400.240234375
100000000000000000000002,1,922625000,0,-46.5,5.31370944923586,0,0,0.160111999511719,1.63,0,-5400.240234375
100000000000000000000003,1,922625000,0,-46.5,5.91502991808703,0,0,0.160111999511719,1.63,0,-5400.240234375
100000000000000000000004,1,922625000,0,-50,6.13592315154256,0,0,0.160111999511719,1.63,0,-5400.240234375
100000000000000000000000,1,922625000,0,-44,2.44823333746548,0,0,0.160111999511719,1.63,0,-5400.240234375
100000000000000000000004,1,922625000,0,-50,6.14819499784565,0,0,0.160111999511719,1.63,0,-5400.240234375
100000000000000000000001,1,922625000,0,-44.5,2.67526249407256,0,0,0.160111999511719,1.63,0,-5400.240234375
100000000000000000000000,1,922625000,0,-44,2.42368964485931,0,0,0.160111999511719,1.63,0,-5400.240234375
100000000000000000000002,1,922625000,0,-46.5,5.3198453723874,0,0,0.160111999511719,1.63,0,-5400.240234375
100000000000000000000003,1,922625000,0,-47,5.92730176439012,0,0,0.160111999511719,1.63,0,-5400.240234375
100000000000000000000004,1,922625000,0,-50.5,6.16660276730028,0,0,0.160111999511719,1.63,0,-5400.240234375
100000000000000000000001,1,922625000,0,-44.5,2.67526249407256,0,0,0.160111999511719,1.63,0,-5400.240234375
100000000000000000000002,1,922625000,0,-46.5,5.31370944923586,0,0,0.160111999511719,1.63,0,-5400.240234375
100000000000000000000000,1,922625000,0,-44,2.44823333746548,0,0,0.160111999511719,1.63,0,-5400.240234375
100000000000000000000003,1,922625000,0,-47,5.92730176439012,0,0,0.160111999511719,1.63,0,-5400.240234375
100000000000000000000000,1,922625000,0,-44,2.4359614911624,0,0,0.160111999511719,1.63,0,-5400.240234375
100000000000000000000003,1,922625000,0,-47,5.8966221486324,0,0,0.160111999511719,1.63,0,-5400.240234375
100000000000000000000001,1,922625000,0,-44.5,2.66299064776947,0,0,0.160111999511719,1.63,0,-5400.240234375
100000000000000000000002,1,922625000,0,-46.5,5.33825314184203,0,0,0.160111999511719,1.63,0,-5400.240234375
100000000000000000000004,1,922625000,0,-50,6.16660276730028,0,0,0.160111999511719,1.63,0,-5400.240234375
100000000000000000000004,1,922625000,0,-50,6.16660276730028,0,0,0.160111999511719,1.63,0,-5400.240234375
100000000000000000000000,1,922625000,0,-44,2.4789129532232,0,0,0.160111999511719,1.63,0,-5400.240234375
100000000000000000000001,1,922625000,0,-44.5,2.67526249407256,0,0,0.160111999511719,1.63,0,-5400.240234375
100000000000000000000003,1,922625000,0,-47,5.92116584123858,0,0,0.160111999511719,1.63,0,-5400.240234375
100000000000000000000002,1,922625000,0,-46.5,5.33211721869049,0,0,0.160111999511719,1.63,0,-5400.240234375
100000000000000000000000,1,922625000,0,-44,2.46050518376857,0,0,0.160111999511719,1.63,0,-5400.240234375
100000000000000000000004,1,922625000,0,-50.5,6.16660276730028,0,0,0.160111999511719,1.63,0,-5400.240234375
100000000000000000000003,1,922625000,0,-47,5.90889399493549,0,0,0.160111999511719,1.63,0,-5400.240234375
100000000000000000000001,1,922625000,0,-44.5,2.67526249407256,0,0,0.160111999511719,1.63,0,-5400.240234375
100000000000000000000002,1,922625000,0,-46.5,5.31370944923586,0,0,0.160111999511719,1.63,0,-5400.240234375
100000000000000000000001,1,922625000,0,-44.5,2.66912657092102,0,0,0.160111999511719,1.63,0,-5400.240234375
100000000000000000000004,1,922625000,0,-50,6.16046684414874,0,0,0.160111999511719,1.63,0,-5400.240234375
100000000000000000000002,1,922625000,0,-46.5,5.33825314184203,0,0,0.160111999511719,1.63,0,-5400.240234375
100000000000000000000000,1,922625000,0,-44,2.44209741431394,0,0,0.160111999511719,1.63,0,-5400.240234375
100000000000000000000003,1,922625000,0,-47,5.90275807178395,0,0,0.160111999511719,1.63,0,-5400.240234375
100000000000000000000002,1,922625000,0,-46.5,5.30143760293278,0,0,0.160111999511719,1.63,0,-5400.240234375
100000000000000000000004,1,922625000,0,-50,6.14205907469411,0,0,0.160111999511719,1.63,0,-5400.240234375
100000000000000000000003,1,922625000,0,-47,5.90889399493549,0,0,0.160111999511719,1.63,0,-5400.240234375
100000000000000000000000,1,922625000,0,-44,2.48504887637474,0,0,0.160111999511719,1.63,0,-5400.240234375
100000000000000000000001,1,922625000,0,-44.5,2.66299064776947,0,0,0.160111999511719,1.63,0,-5400.240234375
100000000000000000000000,1,922625000,0,-44,2.42368964485931,0,0,0.160111999511719,1.63,0,-5400.240234375
100000000000000000000001,1,922625000,0,-44.5,2.66299064776947,0,0,0.160111999511719,1.63,0,-5400.240234375
100000000000000000000004,1,922625000,0,-50,6.16046684414874,0,0,0.160111999511719,1.63,0,-5400.240234375
100000000000000000000003,1,922625000,0,-47,5.88435030232932,0,0,0.160111999511719,1.63,0,-5400.240234375
100000000000000000000002,1,922625000,0,-46.5,5.30757352608432,0,0,0.160111999511719,1.63,0,-5400.240234375
100000000000000000000001,1,922625000,0,-44.5,2.66299064776947,0,0,0.160111999511719,1.63,0,-5400.240234375
100000000000000000000003,1,922625000,0,-47,5.89048622548086,0,0,0.160111999511719,1.63,0,-5400.240234375
100000000000000000000002,1,922625000,0,-46.5,5.31370944923586,0,0,0.160111999511719,1.63,0,-5400.240234375
100000000000000000000000,1,922625000,0,-44,2.44209741431394,0,0,0.160111999511719,1.63,0,-5400.240234375
100000000000000000000004,1,922625000,0,-50,6.14205907469411,0,0,0.160111999511719,1.63,0,-5400.240234375
100000000000000000000000,1,922625000,0,-44,2.44823333746548,0,0,0.160111999511719,1.63,0,-5400.240234375
100000000000000000000003,1,922625000,0,-47,5.89048622548086,0,0,0.160111999511719,1.63,0,-5400.240234375
100000000000000000000002,1,922625000,0,-46.5,5.30143760293278,0,0,0.160111999511719,1.63,0,-5400.240234375
100000000000000000000004,1,922625000,0,-50,6.14819499784565,0,0,0.160111999511719,1.63,0,-5400.240234375
100000000000000000000001,1,922625000,0,-44.5,2.66912657092102,0,0,0.160111999511719,1.63,0,-5400.240234375
100000000000000000000004,1,922625000,0,-50,6.13592315154256,0,0,0.160111999511719,1.63,0,-5400.240234375
100000000000000000000003,1,922625000,0,-47,5.90275807178395,0,0,0.160111999511719,1.63,0,-5400.240234375
100000000000000000000000,1,922625000,0,-44,2.44209741431394,0,0,0.160111999511719,1.63,0,-5400.240234375
100000000000000000000001,1,922625000,0,-44.5,2.66912657092102,0,0,0.160111999511719,1.63,0,-5400.240234375
100000000000000000000002,1,922625000,0,-46.5,5.31370944923586,0,0,0.160111999511719,1.63,0,-5400.240234375
100000000000000000000004,1,922625000,0,-50.5,6.15433092099719,0,0,0.160111999511719,1.63,0,-5400.240234375
100000000000000000000002,1,922625000,0,-46.5,5.3198453723874,0,0,0.160111999511719,1.63,0,-5400.240234375
100000000000000000000000,1,922625000,0,-44,2.46050518376857,0,0,0.160111999511719,1.63,0,-5400.240234375
100000000000000000000001,1,922625000,0,-44.5,2.66299064776947,0,0,0.160111999511719,1.63,0,-5400.240234375
100000000000000000000003,1,922625000,0,-46.5,5.90889399493549,0,0,0.160111999511719,1.63,0,-5400.240234375
100000000000000000000001,1,922625000,0,-44.5,2.66299064776947,0,0,0.160111999511719,1.63,0,-5400.240234375
100000000000000000000003,1,922625000,0,-47,5.90275807178395,0,0,0.160111999511719,1.63,0,-5400.240234375
100000000000000000000000,1,922625000,0,-44,2.44823333746548,0,0,0.160111999511719,1.63,0,-5400.240234375
100000000000000000000002,1,922625000,0,-46.5,5.32598129553895,0,0,0.160111999511719,1.63,0,-5400.240234375
100000000000000000000004,1,922625000,0,-50,6.15433092099719,0,0,0.160111999511719,1.63,0,-5400.240234375
100000000000000000000001,1,922625000,0,-44.5,2.66299064776947,0,0,0.160111999511719,1.63,0,-5400.240234375
100000000000000000000002,1,922625000,0,-46.5,5.32598129553895,0,0,0.160111999511719,1.63,0,-5400.240234375
100000000000000000000004,1,922625000,0,-50,6.16046684414874,0,0,0.160111999511719,1.63,0,-5400.240234375
100000000000000000000003,1,922625000,0,-47,5.8966221486324,0,0,0.160111999511719,1.63,0,-5400.240234375
100000000000000000000000,1,922625000,0,-44,2.4789129532232,0,0,0.160111999511719,1.63,0,-5400.240234375
100000000000000000000001,1,922625000,0,-44.5,2.6813984172241,0,0,0.160111999511719,1.63,0,-5400.240234375
100000000000000000000002,1,922625000,0,-46.5,5.33211721869049,0,0,0.160111999511719,1.63,0,-5400.240234375
100000000000000000000000,1,922625000,0,-44,2.4359614911624,0,0,0.160111999511719,1.63,0,-5400.240234375
100000000000000000000004,1,922625000,0,-50,6.17273869045182,0,0,0.160111999511719,1.63,0,-5400.240234375
100000000000000000000003,1,922625000,0,-47,5.90889399493549,0,0,0.160111999511719,1.63,0,-5400.240234375
100000000000000000000004,1,922625000,0,-50,6.14819499784565,0,0,0.160111999511719,1.63,0,-5400.240234375
100000000000000000000003,1,922625000,0,-47,5.91502991808703,0,0,0.160111999511719,1.63,0,-5400.240234375
100000000000000000000000,1,922625000,0,-44,2.44823333746548,0,0,0.160111999511719,1.63,0,-5400.240234375
100000000000000000000002,1,922625000,0,-46.5,5.33211721869049,0,0,0.160111999511719,1.63,0,-5400.240234375
100000000000000000000001,1,922625000,0,-44.5,2.67526249407256,0,0,0.160111999511719,1.63,0,-5400.240234375
100000000000000000000000,1,922625000,0,-44,2.45436926061703,0,0,0.160111999511719,1.63,0,-5400.240234375
100000000000000000000004,1,922625000,0,-50.5,6.16046684414874,0,0,0.160111999511719,1.63,0,-5400.240234375
100000000000000000000002,1,922625000,0,-46.5,5.33211721869049,0,0,0.160111999511719,1.63,0,-5400.240234375
100000000000000000000003,1,922625000,0,-47,5.92116584123858,0,0,0.160111999511719,1.63,0,-5400.240234375
100000000000000000000001,1,922625000,0,-44.5,2.66912657092102,0,0,0.160111999511719,1.63,0,-5400.240234375
100000000000000000000001,1,922625000,0,-44.5,2.66912657092102,0,0,0.160111999511719,1.63,0,-5400.240234375
100000000000000000000002,1,922625000,0,-46.5,5.31370944923586,0,0,0.160111999511719,1.63,0,-5400.240234375
100000000000000000000003,1,922625000,0,-47,5.90275807178395,0,0,0.160111999511719,1.63,0,-5400.240234375
100000000000000000000004,1,922625000,0,-50,6.17273869045182,0,0,0.160111999511719,1.63,0,-5400.240234375
100000000000000000000000,1,922625000,0,-44,2.4359614911624,0,0,0.160111999511719,1.63,0,-5400.240234375
100000000000000000000000,1,922625000,0,-44,2.44209741431394,0,0,0.160111999511719,1.63,0,-5400.240234375
100000000000000000000002,1,922625000,0,-46.5,5.30757352608432,0,0,0.160111999511719,1.63,0,-5400.240234375
100000000000000000000001,1,922625000,0,-44.5,2.6384469551633,0,0,0.160111999511719,1.63,0,-5400.240234375
100000000000000000000003,1,922625000,0,-47,5.87821437917778,0,0,0.160111999511719,1.63,0,-5400.240234375
100000000000000000000004,1,922625000,0,-50,6.14819499784565,0,0,0.160111999511719,1.63,0,-5400.240234375
100000000000000000000004,1,922625000,0,-50,6.17273869045182,0,0,0.160111999511719,1.63,0,-5400.240234375
100000000000000000000001,1,922625000,0,-44.5,2.65685472461793,0,0,0.160111999511719,1.63,0,-5400.240234375
100000000000000000000000,1,922625000,0,-44,2.44823333746548,0,0,0.160111999511719,1.63,0,-5400.240234375
100000000000000000000003,1,922625000,0,-47,5.90889399493549,0,0,0.160111999511719,1.63,0,-5400.240234375
100000000000000000000002,1,922625000,0,-46.5,5.32598129553895,0,0,0.160111999511719,1.63,0,-5400.240234375
100000000000000000000003,1,922625000,0,-46.5,5.92116584123858,0,0,0.160111999511719,1.63,0,-5400.240234375
100000000000000000000002,1,922625000,0,-46.5,5.3198453723874,0,0,0.160111999511719,1.63,0,-5400.240234375
100000000000000000000004,1,922625000,0,-50,6.15433092099719,0,0,0.160111999511719,1.63,0,-5400.240234375
100000000000000000000000,1,922625000,0,-44,2.41755372170777,0,0,0.160111999511719,1.63,0,-5400.240234375
100000000000000000000001,1,922625000,0,-44.5,2.65685472461793,0,0,0.160111999511719,1.63,0,-5400.240234375
100000000000000000000003,1,922625000,0,-47,5.87821437917778,0,0,0.160111999511719,1.63,0,-5400.240234375
100000000000000000000000,1,922625000,0,-44,2.44209741431394,0,0,0.160111999511719,1.63,0,-5400.240234375
100000000000000000000002,1,922625000,0,-46.5,5.31370944923586,0,0,0.160111999511719,1.63,0,-5400.240234375
100000000000000000000004,1,922625000,0,-50,6.17887461360336,0,0,0.160111999511719,1.63,0,-5400.240234375
100000000000000000000001,1,922625000,0,-44.5,2.65685472461793,0,0,0.160111999511719,1.63,0,-5400.240234375
100000000000000000000000,1,922625000,0,-44,2.44823333746548,0,0,0.160111999511719,1.63,0,-5400.240234375
100000000000000000000003,1,922625000,0,-47,5.90275807178395,0,0,0.160111999511719,1.63,0,-5400.240234375
100000000000000000000001,1,922625000,0,-44.5,2.66912657092102,0,0,0.160111999511719,1.63,0,-5400.240234375
100000000000000000000002,1,922625000,0,-46.5,5.32598129553895,0,0,0.160111999511719,1.63,0,-5400.240234375
100000000000000000000004,1,922625000,0,-50.5,6.15433092099719,0,0,0.160111999511719,1.63,0,-5400.240234375
100000000000000000000003,1,922625000,0,-47,5.89048622548086,0,0,0.160111999511719,1.63,0,-5400.240234375
100000000000000000000004,1,922625000,0,-50.5,6.16046684414874,0,0,0.160111999511719,1.63,0,-5400.240234375
100000000000000000000002,1,922625000,0,-47,5.33825314184203,0,0,0.160111999511719,1.63,0,-5400.240234375
100000000000000000000000,1,922625000,0,-44,2.44823333746548,0,0,0.160111999511719,1.63,0,-5400.240234375
100000000000000000000001,1,922625000,0,-44.5,2.66912657092102,0,0,0.160111999511719,1.63,0,-5400.240234375
100000000000000000000001,1,922625000,0,-44.5,2.65685472461793,0,0,0.160111999511719,1.63,0,-5400.240234375
100000000000000000000000,1,922625000,0,-44,2.46050518376857,0,0,0.160111999511719,1.63,0,-5400.240234375
100000000000000000000004,1,922625000,0,-50,6.16046684414874,0,0,0.160111999511719,1.63,0,-5400.240234375
100000000000000000000003,1,922625000,0,-46.5,5.92116584123858,0,0,0.160111999511719,1.63,0,-5400.240234375
100000000000000000000002,1,922625000,0,-46.5,5.33211721869049,0,0,0.160111999511719,1.63,0,-5400.240234375
100000000000000000000003,1,922625000,0,-46.5,5.91502991808703,0,0,0.160111999511719,1.63,0,-5400.240234375
100000000000000000000002,1,922625000,0,-46.5,5.29530167978123,0,0,0.160111999511719,1.63,0,-5400.240234375
100000000000000000000000,1,922625000,0,-44,2.44209741431394,0,0,0.160111999511719,1.63,0,-5400.240234375
100000000000000000000001,1,922625000,0,-44.5,2.65685472461793,0,0,0.160111999511719,1.63,0,-5400.240234375
100000000000000000000004,1,922625000,0,-50.5,6.17273869045182,0,0,0.160111999511719,1.63,0,-5400.240234375
100000000000000000000001,1,922625000,0,-44.5,2.6813984172241,0,0,0.160111999511719,1.63,0,-5400.240234375
100000000000000000000002,1,922625000,0,-46.5,5.31370944923586,0,0,0.160111999511719,1.63,0,-5400.240234375
100000000000000000000000,1,922625000,0,-44,2.45436926061703,0,0,0.160111999511719,1.63,0,-5400.240234375
100000000000000000000003,1,922625000,0,-47,5.90275807178395,0,0,0.160111999511719,1.63,0,-5400.240234375
100000000000000000000004,1,922625000,0,-50,6.14819499784565,0,0,0.160111999511719,1.63,0,-5400.240234375
100000000000000000000000,1,922625000,0,-44,2.44823333746548,0,0,0.160111999511719,1.63,0,-5400.240234375
100000000000000000000004,1,922625000,0,-50,6.17273869045182,0,0,0.160111999511719,1.63,0,-5400.240234375
100000000000000000000002,1,922625000,0,-46.5,5.31370944923586,0,0,0.160111999511719,1.63,0,-5400.240234375
100000000000000000000001,1,922625000,0,-44.5,2.66299064776947,0,0,0.160111999511719,1.63,0,-5400.240234375
100000000000000000000003,1,922625000,0,-47,5.8966221486324,0,0,0.160111999511719,1.63,0,-5400.240234375
100000000000000000000000,1,922625000,0,-44,2.46664110692011,0,0,0.160111999511719,1.63,0,-5400.240234375
100000000000000000000004,1,922625000,0,-50.5,6.15433092099719,0,0,0.160111999511719,1.63,0,-5400.240234375
100000000000000000000002,1,922625000,0,-46.5,5.33211721869049,0,0,0.160111999511719,1.63,0,-5400.240234375
100000000000000000000003,1,922625000,0,-47,5.92116584123858,0,0,0.160111999511719,1.63,0,-5400.240234375
100000000000000000000001,1,922625000,0,-44.5,2.67526249407256,0,0,0.160111999511719,1.63,0,-5400.240234375
100000000000000000000002,1,922625000,0,-46.5,5.33211721869049,0,0,0.160111999511719,1.63,0,-5400.240234375
100000000000000000000001,1,922625000,0,-44.5,2.67526249407256,0,0,0.160111999511719,1.63,0,-5400.240234375
100000000000000000000004,1,922625000,0,-50,6.15433092099719,0,0,0.160111999511719,1.63,0,-5400.240234375
100000000000000000000000,1,922625000,0,-44,2.42982556801086,0,0,0.160111999511719,1.63,0,-5400.240234375
100000000000000000000003,1,922625000,0,-47,5.91502991808703,0,0,0.160111999511719,1.63,0,-5400.240234375
100000000000000000000000,1,922625000,0,-44,2.42368964485931,0,0,0.160111999511719,1.63,0,-5400.240234375
100000000000000000000003,1,922625000,0,-46.5,5.90275807178395,0,0,0.160111999511719,1.63,0,-5400.240234375
100000000000000000000002,1,922625000,0,-46.5,5.35052498814512,0,0,0.160111999511719,1.63,0,-5400.240234375
100000000000000000000004,1,922625000,0,-50,6.15433092099719,0,0,0.160111999511719,1.63,0,-5400.240234375
100000000000000000000001,1,922625000,0,-44.5,2.66912657092102,0,0,0.160111999511719,1.63,0,-5400.240234375
100000000000000000000002,1,922625000,0,-46.5,5.32598129553895,0,0,0.160111999511719,1.63,0,-5400.240234375
100000000000000000000001,1,922625000,0,-44.5,2.66299064776947,0,0,0.160111999511719,1.63,0,-5400.240234375
100000000000000000000000,1,922625000,0,-44,2.45436926061703,0,0,0.160111999511719,1.63,0,-5400.240234375
100000000000000000000003,1,922625000,0,-47,5.90275807178395,0,0,0.160111999511719,1.63,0,-5400.240234375
100000000000000000000004,1,922625000,0,-50.5,6.17273869045182,0,0,0.160111999511719,1.63,0,-5400.240234375
100000000000000000000003,1,922625000,0,-47,5.92116584123858,0,0,0.160111999511719,1.63,0,-5400.240234375
100000000000000000000001,1,922625000,0,-44.5,2.66912657092102,0,0,0.160111999511719,1.63,0,-5400.240234375
100000000000000000000000,1,922625000,0,-44,2.44823333746548,0,0,0.160111999511719,1.63,0,-5400.240234375
100000000000000000000002,1,922625000,0,-46.5,5.3198453723874,0,0,0.160111999511719,1.63,0,-5400.240234375
100000000000000000000004,1,922625000,0,-50.5,6.16046684414874,0,0,0.160111999511719,1.63,0,-5400.240234375
100000000000000000000000,1,922625000,0,-44,2.44209741431394,0,0,0.160111999511719,1.63,0,-5400.240234375
100000000000000000000004,1,922625000,0,-50,6.15433092099719,0,0,0.160111999511719,1.63,0,-5400.240234375
100000000000000000000001,1,922625000,0,-44.5,2.65071880146639,0,0,0.160111999511719,1.63,0,-5400.240234375
100000000000000000000003,1,922625000,0,-46.5,5.89048622548086,0,0,0.160111999511719,1.63,0,-5400.240234375
100000000000000000000002,1,922625000,0,-46.5,5.32598129553895,0,0,0.160111999511719,1.63,0,-5400.240234375
100000000000000000000001,1,922625000,0,-44.5,2.67526249407256,0,0,0.160111999511719,1.63,0,-5400.240234375
100000000000000000000004,1,922625000,0,-50,6.15433092099719,0,0,0.160111999511719,1.63,0,-5400.240234375
100000000000000000000002,1,922625000,0,-46.5,5.31370944923586,0,0,0.160111999511719,1.63,0,-5400.240234375
100000000000000000000003,1,922625000,0,-47,5.90275807178395,0,0,0.160111999511719,1.63,0,-5400.240234375
100000000000000000000000,1,922625000,0,-44,2.44823333746548,0,0,0.160111999511719,1.63,0,-5400.240234375
100000000000000000000002,1,922625000,0,-46.5,5.31370944923586,0,0,0.160111999511719,1.63,0,-5400.240234375
100000000000000000000004,1,922625000,0,-50.5,6.16660276730028,0,0,0.160111999511719,1.63,0,-5400.240234375
100000000000000000000000,1,922625000,0,-44,2.45436926061703,0,0,0.160111999511719,1.63,0,-5400.240234375
100000000000000000000001,1,922625000,0,-44.5,2.67526249407256,0,0,0.160111999511719,1.63,0,-5400.240234375
100000000000000000000003,1,922625000,0,-47,5.8966221486324,0,0,0.160111999511719,1.63,0,-5400.240234375
100000000000000000000001,1,922625000,0,-44.5,2.6813984172241,0,0,0.160111999511719,1.63,0,-5400.240234375
100000000000000000000003,1,922625000,0,-47,5.8966221486324,0,0,0.160111999511719,1.63,0,-5400.240234375
100000000000000000000000,1,922625000,0,-44,2.4359614911624,0,0,0.160111999511719,1.63,0,-5400.240234375
100000000000000000000004,1,922625000,0,-50,6.17273869045182,0,0,0.160111999511719,1.63,0,-5400.240234375
100000000000000000000002,1,922625000,0,-46.5,5.32598129553895,0,0,0.160111999511719,1.63,0,-5400.240234375
100000000000000000000004,1,922625000,0,-50,6.15433092099719,0,0,0.160111999511719,1.63,0,-5400.240234375
100000000000000000000003,1,922625000,0,-46.5,5.90275807178395,0,0,0.160111999511719,1.63,0,-5400.240234375
100000000000000000000000,1,922625000,0,-44,2.42982556801086,0,0,0.160111999511719,1.63,0,-5400.240234375
100000000000000000000002,1,922625000,0,-46.5,5.33825314184203,0,0,0.160111999511719,1.63,0,-5400.240234375
100000000000000000000001,1,922625000,0,-44.5,2.66912657092102,0,0,0.160111999511719,1.63,0,-5400.240234375
100000000000000000000002,1,922625000,0,-46.5,5.33825314184203,0,0,0.160111999511719,1.63,0,-5400.240234375
100000000000000000000000,1,922625000,0,-44,2.42982556801086,0,0,0.160111999511719,1.63,0,-5400.240234375
100000000000000000000003,1,922625000,0,-47,5.91502991808703,0,0,0.160111999511719,1.63,0,-5400.240234375
100000000000000000000001,1,922625000,0,-44.5,2.67526249407256,0,0,0.160111999511719,1.63,0,-5400.240234375
100000000000000000000004,1,922625000,0,-50,6.17273869045182,0,0,0.160111999511719,1.63,0,-5400.240234375
100000000000000000000001,1,922625000,0,-44.5,2.66912657092102,0,0,0.160111999511719,1.63,0,-5400.240234375
100000000000000000000003,1,922625000,0,-47,5.91502991808703,0,0,0.160111999511719,1.63,0,-5400.240234375
100000000000000000000002,1,922625000,0,-46.5,5.32598129553895,0,0,0.160111999511719,1.63,0,-5400.240234375
100000000000000000000000,1,922625000,0,-44,2.44209741431394,0,0,0.160111999511719,1.63,0,-5400.240234375
100000000000000000000004,1,922625000,0,-50.5,6.17887461360336,0,0,0.160111999511719,1.63,0,-5400.240234375
100000000000000000000000,1,922625000,0,-44,2.44209741431394,0,0,0.160111999511719,1.63,0,-5400.240234375
100000000000000000000004,1,922625000,0,-50,6.13592315154256,0,0,0.160111999511719,1.63,0,-5400.240234375
100000000000000000000002,1,922625000,0,-46.5,5.30143760293278,0,0,0.160111999511719,1.63,0,-5400.240234375
100000000000000000000003,1,922625000,0,-47,5.91502991808703,0,0,0.160111999511719,1.63,0,-5400.240234375
100000000000000000000001,1,922625000,0,-44.5,2.66299064776947,0,0,0.160111999511719,1.63,0,-5400.240234375
100000000000000000000003,1,922625000,0,-47,5.91502991808703,0,0,0.160111999511719,1.63,0,-5400.240234375
100000000000000000000002,1,922625000,0,-46.5,5.33825314184203,0,0,0.160111999511719,1.63,0,-5400.240234375
100000000000000000000001,1,922625000,0,-44.5,2.66912657092102,0,0,0.160111999511719,1.63,0,-5400.240234375
100000000000000000000004,1,922625000,0,-50.5,6.15433092099719,0,0,0.160111999511719,1.63,0,-5400.240234375
100000000000000000000000,1,922625000,0,-44,2.46050518376857,0,0,0.160111999511719,1.63,0,-5400.240234375
100000000000000000000003,1,922625000,0,-47,5.89048622548086,0,0,0.160111999511719,1.63,0,-5400.240234375
100000000000000000000000,1,922625000,0,-44,2.45436926061703,0,0,0.160111999511719,1.63,0,-5400.240234375
100000000000000000000002,1,922625000,0,-46.5,5.31370944923586,0,0,0.160111999511719,1.63,0,-5400.240234375
100000000000000000000001,1,922625000,0,-44.5,2.66299064776947,0,0,0.160111999511719,1.63,0,-5400.240234375
100000000000000000000004,1,922625000,0,-50,6.17887461360336,0,0,0.160111999511719,1.63,0,-5400.240234375
100000000000000000000001,1,922625000,0,-44.5,2.67526249407256,0,0,0.160111999511719,1.63,0,-5400.240234375
100000000000000000000003,1,922625000,0,-47,5.90889399493549,0,0,0.160111999511719,1.63,0,-5400.240234375
100000000000000000000000,1,922625000,0,-44,2.45436926061703,0,0,0.160111999511719,1.63,0,-5400.240234375
100000000000000000000002,1,922625000,0,-46.5,5.33825314184203,0,0,0.160111999511719,1.63,0,-5400.240234375
100000000000000000000004,1,922625000,0,-50,6.16046684414874,0,0,0.160111999511719,1.63,0,-5400.240234375
100000000000000000000001,1,922625000,0,-44.5,2.6813984172241,0,0,0.160111999511719,1.63,0,-5400.240234375
100000000000000000000004,1,922625000,0,-50.5,6.16046684414874,0,0,0.160111999511719,1.63,0,-5400.240234375
100000000000000000000000,1,922625000,0,-44,2.45436926061703,0,0,0.160111999511719,1.63,0,-5400.240234375
100000000000000000000003,1,922625000,0,-46.5,5.91502991808703,0,0,0.160111999511719,1.63,0,-5400.240234375
100000000000000000000002,1,922625000,0,-46.5,5.31370944923586,0,0,0.160111999511719,1.63,0,-5400.240234375
100000000000000000000003,1,922625000,0,-47,5.90889399493549,0,0,0.160111999511719,1.63,0,-5400.240234375
100000000000000000000000,1,922625000,0,-44,2.44209741431394,0,0,0.160111999511719,1.63,0,-5400.240234375
100000000000000000000004,1,922625000,0,-50,6.15433092099719,0,0,0.160111999511719,1.63,0,-5400.240234375
100000000000000000000001,1,922625000,0,-44.5,2.66299064776947,0,0,0.160111999511719,1.63,0,-5400.240234375
100000000000000000000002,1,922625000,0,-46.5,5.3198453723874,0,0,0.160111999511719,1.63,0,-5400.240234375
100000000000000000000002,1,922625000,0,-46.5,5.34438906499357,0,0,0.160111999511719,1.63,0,-5400.240234375
100000000000000000000003,1,922625000,0,-46.5,5.90275807178395,0,0,0.160111999511719,1.63,0,-5400.240234375
100000000000000000000001,1,922625000,0,-44.5,2.66299064776947,0,0,0.160111999511719,1.63,0,-5400.240234375
100000000000000000000000,1,922625000,0,-44,2.4359614911624,0,0,0.160111999511719,1.63,0,-5400.240234375
100000000000000000000004,1,922625000,0,-50.5,6.17273869045182,0,0,0.160111999511719,1.63,0,-5400.240234375
100000000000000000000001,1,922625000,0,-44.5,2.65071880146639,0,0,0.160111999511719,1.63,0,-5400.240234375
100000000000000000000002,1,922625000,0,-46.5,5.30757352608432,0,0,0.160111999511719,1.63,0,-5400.240234375
100000000000000000000003,1,922625000,0,-47,5.8966221486324,0,0,0.160111999511719,1.63,0,-5400.240234375
100000000000000000000004,1,922625000,0,-50,6.14205907469411,0,0,0.160111999511719,1.63,0,-5400.240234375
100000000000000000000000,1,922625000,0,-44,2.4359614911624,0,0,0.160111999511719,1.63,0,-5400.240234375
100000000000000000000004,1,922625000,0,-50,6.16046684414874,0,0,0.160111999511719,1.63,0,-5400.240234375
100000000000000000000001,1,922625000,0,-44.5,2.66299064776947,0,0,0.160111999511719,1.63,0,-5400.240234375
100000000000000000000003,1,922625000,0,-47,5.91502991808703,0,0,0.160111999511719,1.63,0,-5400.240234375
100000000000000000000002,1,922625000,0,-46.5,5.32598129553895,0,0,0.160111999511719,1.63,0,-5400.240234375
100000000000000000000000,1,922625000,0,-44,2.44823333746548,0,0,0.160111999511719,1.63,0,-5400.240234375
100000000000000000000001,1,922625000,0,-44.5,2.66299064776947,0,0,0.160111999511719,1.63,0,-5400.240234375
100000000000000000000002,1,922625000,0,-46.5,5.33211721869049,0,0,0.160111999511719,1.63,0,-5400.240234375
100000000000000000000003,1,922625000,0,-47,5.90275807178395,0,0,0.160111999511719,1.63,0,-5400.240234375
100000000000000000000004,1,922625000,0,-50,6.15433092099719,0,0,0.160111999511719,1.63,0,-5400.240234375
100000000000000000000000,1,922625000,0,-44,2.45436926061703,0,0,0.160111999511719,1.63,0,-5400.240234375
100000000000000000000001,1,922625000,0,-44.5,2.67526249407256,0,0,0.160111999511719,1.63,0,-5400.240234375
100000000000000000000000,1,922625000,0,-44,2.45436926061703,0,0,0.160111999511719,1.63,0,-5400.240234375
100000000000000000000004,1,922625000,0,-50,6.17273869045182,0,0,0.160111999511719,1.63,0,-5400.240234375
100000000000000000000003,1,922625000,0,-47,5.90889399493549,0,0,0.160111999511719,1.63,0,-5400.240234375
100000000000000000000002,1,922625000,0,-46.5,5.34438906499357,0,0,0.160111999511719,1.63,0,-5400.240234375
100000000000000000000000,1,922625000,0,-44,2.41755372170777,0,0,0.160111999511719,1.63,0,-5400.240234375
100000000000000000000001,1,922625000,0,-44.5,2.6813984172241,0,0,0.160111999511719,1.63,0,-5400.240234375
100000000000000000000004,1,922625000,0,-50,6.16660276730028,0,0,0.160111999511719,1.63,0,-5400.240234375
100000000000000000000002,1,922625000,0,-46.5,5.32598129553895,0,0,0.160111999511719,1.63,0,-5400.240234375
100000000000000000000003,1,922625000,0,-47,5.90275807178395,0,0,0.160111999511719,1.63,0,-5400.240234375
100000000000000000000002,1,922625000,0,-46.5,5.33211721869049,0,0,0.160111999511719,1.63,0,-5400.240234375
100000000000000000000001,1,922625000,0,-44.5,2.6813984172241,0,0,0.160111999511719,1.63,0,-5400.240234375
100000000000000000000003,1,922625000,0,-47,5.8966221486324,0,0,0.160111999511719,1.63,0,-5400.240234375
100000000000000000000004,1,922625000,0,-50.5,6.14819499784565,0,0,0.160111999511719,1.63,0,-5400.240234375
100000000000000000000000,1,922625000,0,-44,2.44209741431394,0,0,0.160111999511719,1.63,0,-5400.240234375
100000000000000000000000,1,922625000,0,-44,2.4789129532232,0,0,0.160111999511719,1.63,0,-5400.240234375
100000000000000000000002,1,922625000,0,-46.5,5.32598129553895,0,0,0.160111999511719,1.63,0,-5400.240234375
100000000000000000000003,1,922625000,0,-47,5.90275807178395,0,0,0.160111999511719,1.63,0,-5400.240234375
100000000000000000000001,1,922625000,0,-44.5,2.66912657092102,0,0,0.160111999511719,1.63,0,-5400.240234375
100000000000000000000004,1,922625000,0,-50,6.14819499784565,0,0,0.160111999511719,1.63,0,-5400.240234375
100000000000000000000000,1,922625000,0,-44,2.46664110692011,0,0,0.160111999511719,1.63,0,-5400.240234375
100000000000000000000004,1,922625000,0,-50.5,6.14819499784565,0,0,0.160111999511719,1.63,0,-5400.240234375
100000000000000000000003,1,922625000,0,-47,5.91502991808703,0,0,0.160111999511719,1.63,0,-5400.240234375
100000000000000000000001,1,922625000,0,-44.5,2.67526249407256,0,0,0.160111999511719,1.63,0,-5400.240234375
100000000000000000000002,1,922625000,0,-46.5,5.33211721869049,0,0,0.160111999511719,1.63,0,-5400.240234375
100000000000000000000000,1,922625000,0,-44,2.4359614911624,0,0,0.160111999511719,1.63,0,-5400.240234375
100000000000000000000002,1,922625000,0,-46.5,5.30757352608432,0,0,0.160111999511719,1.63,0,-5400.240234375
100000000000000000000001,1,922625000,0,-44.5,2.66912657092102,0,0,0.160111999511719,1.63,0,-5400.240234375
100000000000000000000004,1,922625000,0,-50,6.13592315154256,0,0,0.160111999511719,1.63,0,-5400.240234375
100000000000000000000003,1,922625000,0,-46.5,5.91502991808703,0,0,0.160111999511719,1.63,0,-5400.240234375
100000000000000000000003,1,922625000,0,-46.5,5.90889399493549,0,0,0.160111999511719,1.63,0,-5400.240234375
100000000000000000000004,1,922625000,0,-50.5,6.14205907469411,0,0,0.160111999511719,1.63,0,-5400.240234375
100000000000000000000000,1,922625000,0,-44,2.48504887637474,0,0,0.160111999511719,1.63,0,-5400.240234375
100000000000000000000001,1,922625000,0,-44.5,2.6813984172241,0,0,0.160111999511719,1.63,0,-5400.240234375
100000000000000000000002,1,922625000,0,-46.5,5.30757352608432,0,0,0.160111999511719,1.63,0,-5400.240234375
100000000000000000000001,1,922625000,0,-44.5,2.66912657092102,0,0,0.160111999511719,1.63,0,-5400.240234375
100000000000000000000004,1,922625000,0,-50,6.15433092099719,0,0,0.160111999511719,1.63,0,-5400.240234375
100000000000000000000002,1,922625000,0,-46.5,5.3198453723874,0,0,0.160111999511719,1.63,0,-5400.240234375
100000000000000000000003,1,922625000,0,-46.5,5.90889399493549,0,0,0.160111999511719,1.63,0,-5400.240234375
100000000000000000000000,1,922625000,0,-44,2.44209741431394,0,0,0.160111999511719,1.63,0,-5400.240234375
100000000000000000000002,1,922625000,0,-46.5,5.30143760293278,0,0,0.160111999511719,1.63,0,-5400.240234375
100000000000000000000004,1,922625000,0,-50,6.16046684414874,0,0,0.160111999511719,1.63,0,-5400.240234375
100000000000000000000001,1,922625000,0,-44.5,2.66299064776947,0,0,0.160111999511719,1.63,0,-5400.240234375
100000000000000000000003,1,922625000,0,-47,5.90889399493549,0,0,0.160111999511719,1.63,0,-5400.240234375
100000000000000000000000,1,922625000,0,-44,2.42982556801086,0,0,0.160111999511719,1.63,0,-5400.240234375
100000000000000000000004,1,922625000,0,-50.5,6.17273869045182,0,0,0.160111999511719,1.63,0,-5400.240234375
100000000000000000000003,1,922625000,0,-47,5.8966221486324,0,0,0.160111999511719,1.63,0,-5400.240234375
100000000000000000000002,1,922625000,0,-46.5,5.32598129553895,0,0,0.160111999511719,1.63,0,-5400.240234375
100000000000000000000001,1,922625000,0,-44.5,2.67526249407256,0,0,0.160111999511719,1.63,0,-5400.240234375
100000000000000000000000,1,922625000,0,-44,2.44209741431394,0,0,0.160111999511719,1.63,0,-5400.240234375
100000000000000000000001,1,922625000,0,-44.5,2.66912657092102,0,0,0.160111999511719,1.63,0,-5400.240234375
100000000000000000000004,1,922625000,0,-50,6.16046684414874,0,0,0.160111999511719,1.63,0,-5400.240234375
100000000000000000000003,1,922625000,0,-47,5.90275807178395,0,0,0.160111999511719,1.63,0,-5400.240234375
100000000000000000000002,1,922625000,0,-46.5,5.33825314184203,0,0,0.160111999511719,1.63,0,-5400.240234375
100000000000000000000000,1,922625000,0,-44,2.44823333746548,0,0,0.160111999511719,1.63,0,-5400.240234375
100000000000000000000001,1,922625000,0,-44.5,2.65685472461793,0,0,0.160111999511719,1.63,0,-5400.240234375
100000000000000000000003,1,922625000,0,-47,5.90275807178395,0,0,0.160111999511719,1.63,0,-5400.240234375
100000000000000000000000,1,922625000,0,-44,2.42368964485931,0,0,0.160111999511719,1.63,0,-5400.240234375
100000000000000000000002,1,922625000,0,-46.5,5.31370944923586,0,0,0.160111999511719,1.63,0,-5400.240234375
100000000000000000000004,1,922625000,0,-50,6.16660276730028,0,0,0.160111999511719,1.63,0,-5400.240234375
100000000000000000000002,1,922625000,0,-46.5,5.32598129553895,0,0,0.160111999511719,1.63,0,-5400.240234375
100000000000000000000003,1,922625000,0,-47,5.92730176439012,0,0,0.160111999511719,1.63,0,-5400.240234375
100000000000000000000000,1,922625000,0,-44,2.45436926061703,0,0,0.160111999511719,1.63,0,-5400.240234375
100000000000000000000001,1,922625000,0,-44.5,2.66912657092102,0,0,0.160111999511719,1.63,0,-5400.240234375
100000000000000000000004,1,922625000,0,-50,6.18501053675491,0,0,0.160111999511719,1.63,0,-5400.240234375
100000000000000000000000,1,922625000,0,-44,2.44209741431394,0,0,0.160111999511719,1.63,0,-5400.240234375
100000000000000000000003,1,922625000,0,-47,5.90275807178395,0,0,0.160111999511719,1.63,0,-5400.240234375
100000000000000000000001,1,922625000,0,-44.5,2.6813984172241,0,0,0.160111999511719,1.63,0,-5400.240234375
100000000000000000000002,1,922625000,0,-46.5,5.33211721869049,0,0,0.160111999511719,1.63,0,-5400.240234375
100000000000000000000004,1,922625000,0,-50,6.17273869045182,0,0,0.160111999511719,1.63,0,-5400.240234375
100000000000000000000003,1,922625000,0,-47,5.92116584123858,0,0,0.160111999511719,1.63,0,-5400.240234375
100000000000000000000002,1,922625000,0,-46.5,5.33825314184203,0,0,0.160111999511719,1.63,0,-5400.240234375
100000000000000000000001,1,922625000,0,-44.5,2.6813984172241,0,0,0.160111999511719,1.63,0,-5400.240234375
100000000000000000000000,1,922625000,0,-44,2.44209741431394,0,0,0.160111999511719,1.63,0,-5400.240234375
100000000000000000000004,1,922625000,0,-50,6.13592315154256,0,0,0.160111999511719,1.63,0,-5400.240234375
100000000000000000000004,1,922625000,0,-50.5,6.14205907469411,0,0,0.160111999511719,1.63,0,-5400.240234375
100000000000000000000001,1,922625000,0,-44.5,2.67526249407256,0,0,0.160111999511719,1.63,0,-5400.240234375
100000000000000000000000,1,922625000,0,-44,2.4359614911624,0,0,0.160111999511719,1.63,0,-5400.240234375
100000000000000000000002,1,922625000,0,-46.5,5.30757352608432,0,0,0.160111999511719,1.63,0,-5400.240234375
100000000000000000000003,1,922625000,0,-47,5.90889399493549,0,0,0.160111999511719,1.63,0,-5400.240234375
100000000000000000000001,1,922625000,0,-44.5,2.67526249407256,0,0,0.160111999511719,1.63,0,-5400.240234375
100000000000000000000002,1,922625000,0,-46.5,5.28302983347815,0,0,0.160111999511719,1.63,0,-5400.240234375
100000000000000000000003,1,922625000,0,-46.5,5.89048622548086,0,0,0.160111999511719,1.63,0,-5400.240234375
100000000000000000000004,1,922625000,0,-50,6.16660276730028,0,0,0.160111999511719,1.63,0,-5400.240234375
100000000000000000000000,1,922625000,0,-44,2.4359614911624,0,0,0.160111999511719,1.63,0,-5400.240234375
100000000000000000000003,1,922625000,0,-47,5.90275807178395,0,0,0.160111999511719,1.63,0,-5400.240234375
100000000000000000000004,1,922625000,0,-50.5,6.14819499784565,0,0,0.160111999511719,1.63,0,-5400.240234375
100000000000000000000001,1,922625000,0,-44.5,2.66912657092102,0,0,0.160111999511719,1.63,0,-5400.240234375
100000000000000000000000,1,922625000,0,-44,2.44823333746548,0,0,0.160111999511719,1.63,0,-5400.240234375
100000000000000000000002,1,922625000,0,-46.5,5.31370944923586,0,0,0.160111999511719,1.63,0,-5400.240234375
100000000000000000000004,1,922625000,0,-50,6.17887461360336,0,0,0.160111999511719,1.63,0,-5400.240234375
100000000000000000000003,1,922625000,0,-47,5.92116584123858,0,0,0.160111999511719,1.63,0,-5400.240234375
100000000000000000000000,1,922625000,0,-44,2.44209741431394,0,0,0.160111999511719,1.63,0,-5400.240234375
100000000000000000000001,1,922625000,0,-44.5,2.67526249407256,0,0,0.160111999511719,1.63,0,-5400.240234375
100000000000000000000002,1,922625000,0,-46.5,5.30143760293278,0,0,0.160111999511719,1.63,0,-5400.240234375
100000000000000000000003,1,922625000,0,-47,5.92116584123858,0,0,0.160111999511719,1.63,0,-5400.240234375
100000000000000000000002,1,922625000,0,-46.5,5.3198453723874,0,0,0.160111999511719,1.63,0,-5400.240234375
100000000000000000000000,1,922625000,0,-44,2.45436926061703,0,0,0.160111999511719,1.63,0,-5400.240234375
100000000000000000000001,1,922625000,0,-44.5,2.6384469551633,0,0,0.160111999511719,1.63,0,-5400.240234375
100000000000000000000004,1,922625000,0,-50,6.17273869045182,0,0,0.160111999511719,1.63,0,-5400.240234375
100000000000000000000000,1,922625000,0,-44,2.44823333746548,0,0,0.160111999511719,1.63,0,-5400.240234375
100000000000000000000002,1,922625000,0,-46.5,5.33825314184203,0,0,0.160111999511719,1.63,0,-5400.240234375
100000000000000000000001,1,922625000,0,-44.5,2.65685472461793,0,0,0.160111999511719,1.63,0,-5400.240234375
100000000000000000000003,1,922625000,0,-47,5.90275807178395,0,0,0.160111999511719,1.63,0,-5400.240234375
100000000000000000000004,1,922625000,0,-50,6.13592315154256,0,0,0.160111999511719,1.63,0,-5400.240234375
100000000000000000000003,1,922625000,0,-47,5.90889399493549,0,0,0.160111999511719,1.63,0,-5400.240234375
100000000000000000000002,1,922625000,0,-46.5,5.33211721869049,0,0,0.160111999511719,1.63,0,-5400.240234375
100000000000000000000000,1,922625000,0,-44,2.45436926061703,0,0,0.160111999511719,1.63,0,-5400.240234375
100000000000000000000004,1,922625000,0,-50.5,6.17273869045182,0,0,0.160111999511719,1.63,0,-5400.240234375
100000000000000000000001,1,922625000,0,-44.5,2.67526249407256,0,0,0.160111999511719,1.63,0,-5400.240234375
100000000000000000000001,1,922625000,0,-44.5,2.65685472461793,0,0,0.160111999511719,1.63,0,-5400.240234375
100000000000000000000003,1,922625000,0,-46.5,5.90889399493549,0,0,0.160111999511719,1.63,0,-5400.240234375
100000000000000000000000,1,922625000,0,-44,2.44823333746548,0,0,0.160111999511719,1.63,0,-5400.240234375
100000000000000000000004,1,922625000,0,-50,6.14819499784565,0,0,0.160111999511719,1.63,0,-5400.240234375
100000000000000000000002,1,922625000,0,-46.5,5.33211721869049,0,0,0.160111999511719,1.63,0,-5400.240234375
100000000000000000000000,1,922625000,0,-44,2.46664110692011,0,0,0.160111999511719,1.63,0,-5400.240234375
100000000000000000000001,1,922625000,0,-44.5,2.67526249407256,0,0,0.160111999511719,1.63,0,-5400.240234375
100000000000000000000002,1,922625000,0,-46.5,5.3198453723874,0,0,0.160111999511719,1.63,0,-5400.240234375
100000000000000000000003,1,922625000,0,-47,5.89048622548086,0,0,0.160111999511719,1.63,0,-5400.240234375
100000000000000000000004,1,922625000,0,-50,6.14819499784565,0,0,0.160111999511719,1.63,0,-5400.240234375
100000000000000000000003,1,922625000,0,-47,5.8966221486324,0,0,0.160111999511719,1.63,0,-5400.240234375
100000000000000000000000,1,922625000,0,-44,2.44209741431394,0,0,0.160111999511719,1.63,0,-5400.240234375
100000000000000000000001,1,922625000,0,-44.5,2.65685472461793,0,0,0.160111999511719,1.63,0,-5400.240234375
100000000000000000000002,1,922625000,0,-46.5,5.30757352608432,0,0,0.160111999511719,1.63,0,-5400.240234375
100000000000000000000004,1,922625000,0,-50,6.15433092099719,0,0,0.160111999511719,1.63,0,-5400.240234375
100000000000000000000002,1,923125000,0,-47,5.52233083638831,0,0,0.160111999511719,1.63,0,-5400.240234375
100000000000000000000004,1,923125000,0,-50.5,0.0981747704246807,0,0,0.160111999511719,1.63,0,-5400.240234375
100000000000000000000001,1,923125000,0,-44.5,2.88388388122501,0,0,0.160111999511719,1.63,0,-5400.240234375
100000000000000000000000,1,923125000,0,-43.5,2.64458287831485,0,0,0.160111999511719,1.63,0,-5400.240234375
100000000000000000000003,1,923125000,0,-47.5,6.14205907469411,0,0,0.160111999511719,1.63,0,-5400.240234375
100000000000000000000003,1,923125000,0,-47.5,6.16046684414874,0,0,0.160111999511719,1.63,0,-5400.240234375
100000000000000000000004,1,923125000,0,-50,0.134990309333936,0,0,0.160111999511719,1.63,0,-5400.240234375
100000000000000000000000,1,923125000,0,-43.5,2.6813984172241,0,0,0.160111999511719,1.63,0,-5400.240234375
100000000000000000000002,1,923125000,0,-47,5.51619491323677,0,0,0.160111999511719,1.63,0,-5400.240234375
100000000000000000000001,1,923125000,0,-44.5,2.89001980437655,0,0,0.160111999511719,1.63,0,-5400.240234375
100000000000000000000002,1,923125000,0,-47,5.51005899008522,0,0,0.160111999511719,1.63,0,-5400.240234375
100000000000000000000001,1,923125000,0,-44.5,2.90229165067963,0,0,0.160111999511719,1.63,0,-5400.240234375
100000000000000000000003,1,923125000,0,-47,6.17273869045182,0,0,0.160111999511719,1.63,0,-5400.240234375
100000000000000000000004,1,923125000,0,-50,0.134990309333936,0,0,0.160111999511719,1.63,0,-5400.240234375
100000000000000000000000,1,923125000,0,-43.5,2.68753434037564,0,0,0.160111999511719,1.63,0,-5400.240234375
100000000000000000000000,1,923125000,0,-43.5,2.67526249407256,0,0,0.160111999511719,1.63,0,-5400.240234375
100000000000000000000002,1,923125000,0,-47,5.52846675953985,0,0,0.160111999511719,1.63,0,-5400.240234375
100000000000000000000003,1,923125000,0,-47,6.16046684414874,0,0,0.160111999511719,1.63,0,-5400.240234375
100000000000000000000001,1,923125000,0,-44.5,2.89615572752809,0,0,0.160111999511719,1.63,0,-5400.240234375
100000000000000000000004,1,923125000,0,-50.5,0.116582539879309,0,0,0.160111999511719,1.63,0,-5400.240234375
100000000000000000000004,1,923125000,0,-50,0.153398078788564,0,0,0.160111999511719,1.63,0,-5400.240234375
100000000000000000000002,1,923125000,0,-47,5.52233083638831,0,0,0.160111999511719,1.63,0,-5400.240234375
100000000000000000000000,1,923125000,0,-43.5,2.66912657092102,0,0,0.160111999511719,1.63,0,-5400.240234375
100000000000000000000003,1,923125000,0,-47,6.16660276730028,0,0,0.160111999511719,1.63,0,-5400.240234375
100000000000000000000001,1,923125000,0,-44.5,2.89615572752809,0,0,0.160111999511719,1.63,0,-5400.240234375
100000000000000000000004,1,923125000,0,-50,0.122718463030851,0,0,0.160111999511719,1.63,0,-5400.240234375
100000000000000000000000,1,923125000,0,-43.5,2.65071880146639,0,0,0.160111999511719,1.63,0,-5400.240234375
100000000000000000000001,1,923125000,0,-44.5,2.91456349698272,0,0,0.160111999511719,1.63,0,-5400.240234375
100000000000000000000002,1,923125000,0,-47,5.54073860584294,0,0,0.160111999511719,1.63,0,-5400.240234375
100000000000000000000003,1,923125000,0,-47.5,6.14819499784565,0,0,0.160111999511719,1.63,0,-5400.240234375
100000000000000000000004,1,923125000,0,-50,0.116582539879309,0,0,0.160111999511719,1.63,0,-5400.240234375
100000000000000000000003,1,923125000,0,-47.5,6.15433092099719,0,0,0.160111999511719,1.63,0,-5400.240234375
100000000000000000000001,1,923125000,0,-44.5,2.89001980437655,0,0,0.160111999511719,1.63,0,-5400.240234375
100000000000000000000000,1,923125000,0,-43.5,2.6813984172241,0,0,0.160111999511719,1.63,0,-5400.240234375
100000000000000000000002,1,923125000,0,-47,5.54073860584294,0,0,0.160111999511719,1.63,0,-5400.240234375
100000000000000000000000,1,923125000,0,-43.5,2.67526249407256,0,0,0.160111999511719,1.63,0,-5400.240234375
100000000000000000000004,1,923125000,0,-50.5,0.128854386182394,0,0,0.160111999511719,1.63,0,-5400.240234375
100000000000000000000002,1,923125000,0,-47,5.52233083638831,0,0,0.160111999511719,1.63,0,-5400.240234375
100000000000000000000003,1,923125000,0,-47.5,6.16046684414874,0,0,0.160111999511719,1.63,0,-5400.240234375
100000000000000000000001,1,923125000,0,-44.5,2.90229165067963,0,0,0.160111999511719,1.63,0,-5400.240234375
100000000000000000000000,1,923125000,0,-43.5,2.6813984172241,0,0,0.160111999511719,1.63,0,-5400.240234375
100000000000000000000003,1,923125000,0,-47.5,6.17273869045182,0,0,0.160111999511719,1.63,0,-5400.240234375
100000000000000000000002,1,923125000,0,-47,5.52233083638831,0,0,0.160111999511719,1.63,0,-5400.240234375
100000000000000000000001,1,923125000,0,-44.5,2.89001980437655,0,0,0.160111999511719,1.63,0,-5400.240234375
100000000000000000000004,1,923125000,0,-50,0.116582539879309,0,0,0.160111999511719,1.63,0,-5400.240234375
100000000000000000000003,1,923125000,0,-47.5,6.14205907469411,0,0,0.160111999511719,1.63,0,-5400.240234375
100000000000000000000001,1,923125000,0,-44.5,2.89001980437655,0,0,0.160111999511719,1.63,0,-5400.240234375
100000000000000000000004,1,923125000,0,-50,0.147262155637022,0,0,0.160111999511719,1.63,0,-5400.240234375
100000000000000000000002,1,923125000,0,-47,5.51619491323677,0,0,0.160111999511719,1.63,0,-5400.240234375
100000000000000000000000,1,923125000,0,-43.5,2.65071880146639,0,0,0.160111999511719,1.63,0,-5400.240234375
100000000000000000000002,1,923125000,0,-47,5.52846675953985,0,0,0.160111999511719,1.63,0,-5400.240234375
100000000000000000000000,1,923125000,0,-43.5,2.6813984172241,0,0,0.160111999511719,1.63,0,-5400.240234375
100000000000000000000001,1,923125000,0,-44.5,2.89001980437655,0,0,0.160111999511719,1.63,0,-5400.240234375
100000000000000000000003,1,923125000,0,-47.5,6.14205907469411,0,0,0.160111999511719,1.63,0,-5400.240234375
100000000000000000000004,1,923125000,0,-50,0.122718463030851,0,0,0.160111999511719,1.63,0,-5400.240234375
100000000000000000000001,1,923125000,0,-44.5,2.89615572752809,0,0,0.160111999511719,1.63,0,-5400.240234375
100000000000000000000003,1,923125000,0,-47.5,6.17273869045182,0,0,0.160111999511719,1.63,0,-5400.240234375
100000000000000000000000,1,923125000,0,-43.5,2.67526249407256,0,0,0.160111999511719,1.63,0,-5400.240234375
100000000000000000000002,1,923125000,0,-47,5.52233083638831,0,0,0.160111999511719,1.63,0,-5400.240234375
100000000000000000000004,1,923125000,0,-50,0.110446616727766,0,0,0.160111999511719,1.63,0,-5400.240234375
100000000000000000000004,1,923125000,0,-50,0.110446616727766,0,0,0.160111999511719,1.63,0,-5400.240234375
100000000000000000000003,1,923125000,0,-47,6.16046684414874,0,0,0.160111999511719,1.63,0,-5400.240234375
100000000000000000000000,1,923125000,0,-43.5,2.65685472461793,0,0,0.160111999511719,1.63,0,-5400.240234375
100000000000000000000002,1,923125000,0,-47,5.53460268269139,0,0,0.160111999511719,1.63,0,-5400.240234375
100000000000000000000001,1,923125000,0,-44.5,2.88388388122501,0,0,0.160111999511719,1.63,0,-5400.240234375
100000000000000000000000,1,923125000,0,-43.5,2.65685472461793,0,0,0.160111999511719,1.63,0,-5400.240234375
100000000000000000000004,1,923125000,0,-50,0.134990309333936,0,0,0.160111999511719,1.63,0,-5400.240234375
100000000000000000000002,1,923125000,0,-47,5.52846675953985,0,0,0.160111999511719,1.63,0,-5400.240234375
100000000000000000000003,1,923125000,0,-47.5,6.16046684414874,0,0,0.160111999511719,1.63,0,-5400.240234375
100000000000000000000001,1,923125000,0,-44.5,2.88388388122501,0,0,0.160111999511719,1.63,0,-5400.240234375
100000000000000000000000,1,923125000,0,-43.5,2.66912657092102,0,0,0.160111999511719,1.63,0,-5400.240234375
100000000000000000000003,1,923125000,0,-47.5,6.15433092099719,0,0,0.160111999511719,1.63,0,-5400.240234375
100000000000000000000004,1,923125000,0,-50,0.122718463030851,0,0,0.160111999511719,1.63,0,-5400.240234375
100000000000000000000001,1,923125000,0,-44.5,2.88388388122501,0,0,0.160111999511719,1.63,0,-5400.240234375
100000000000000000000002,1,923125000,0,-47,5.54073860584294,0,0,0.160111999511719,1.63,0,-5400.240234375
100000000000000000000001,1,923125000,0,-44.5,2.88388388122501,0,0,0.160111999511719,1.63,0,-5400.240234375
100000000000000000000004,1,923125000,0,-50.5,0.104310693576224,0,0,0.160111999511719,1.63,0,-5400.240234375
100000000000000000000003,1,923125000,0,-47,6.16660276730028,0,0,0.160111999511719,1.63,0,-5400.240234375
100000000000000000000002,1,923125000,0,-47,5.52846675953985,0,0,0.160111999511719,1.63,0,-5400.240234375
100000000000000000000000,1,923125000,0,-43.5,2.66912657092102,0,0,0.160111999511719,1.63,0,-5400.240234375
100000000000000000000001,1,923125000,0,-44.5,2.89001980437655,0,0,0.160111999511719,1.63,0,-5400.240234375
100000000000000000000003,1,923125000,0,-47,6.16660276730028,0,0,0.160111999511719,1.63,0,-5400.240234375
100000000000000000000002,1,923125000,0,-47,5.51619491323677,0,0,0.160111999511719,1.63,0,-5400.240234375
100000000000000000000004,1,923125000,0,-50,0.141126232485479,0,0,0.160111999511719,1.63,0,-5400.240234375
100000000000000000000000,1,923125000,0,-43.5,2.65685472461793,0,0,0.160111999511719,1.63,0,-5400.240234375
100000000000000000000001,1,923125000,0,-44.5,2.90229165067963,0,0,0.160111999511719,1.63,0,-5400.240234375
100000000000000000000000,1,923125000,0,-43.5,2.66912657092102,0,0,0.160111999511719,1.63,0,-5400.240234375
100000000000000000000004,1,923125000,0,-50.5,0.159534001940107,0,0,0.160111999511719,1.63,0,-5400.240234375
100000000000000000000003,1,923125000,0,-47,6.14819499784565,0,0,0.160111999511719,1.63,0,-5400.240234375
100000000000000000000002,1,923125000,0,-47,5.52233083638831,0,0,0.160111999511719,1.63,0,-5400.240234375
100000000000000000000002,1,923125000,0,-47,5.53460268269139,0,0,0.160111999511719,1.63,0,-5400.240234375
100000000000000000000001,1,923125000,0,-44.5,2.87774795807346,0,0,0.160111999511719,1.63,0,-5400.240234375
100000000000000000000003,1,923125000,0,-47.5,6.14819499784565,0,0,0.160111999511719,1.63,0,-5400.240234375
100000000000000000000004,1,923125000,0,-50,0.141126232485479,0,0,0.160111999511719,1.63,0,-5400.240234375
100000000000000000000000,1,923125000,0,-43.5,2.64458287831485,0,0,0.160111999511719,1.63,0,-5400.240234375
100000000000000000000000,1,923125000,0,-43.5,2.67526249407256,0,0,0.160111999511719,1.63,0,-5400.240234375
100000000000000000000002,1,923125000,0,-47,5.54687452899448,0,0,0.160111999511719,1.63,0,-5400.240234375
100000000000000000000001,1,923125000,0,-44.5,2.87774795807346,0,0,0.160111999511719,1.63,0,-5400.240234375
100000000000000000000003,1,923125000,0,-47.5,6.17273869045182,0,0,0.160111999511719,1.63,0,-5400.240234375
100000000000000000000004,1,923125000,0,-50,0.116582539879309,0,0,0.160111999511719,1.63,0,-5400.240234375
100000000000000000000003,1,923125000,0,-47,6.18501053675491,0,0,0.160111999511719,1.63,0,-5400.240234375
100000000000000000000002,1,923125000,0,-47,5.52846675953985,0,0,0.160111999511719,1.63,0,-5400.240234375
100000000000000000000001,1,923125000,0,-44.5,2.89615572752809,0,0,0.160111999511719,1.63,0,-5400.240234375
100000000000000000000000,1,923125000,0,-43.5,2.66299064776947,0,0,0.160111999511719,1.63,0,-5400.240234375
100000000000000000000004,1,923125000,0,-50,0.134990309333936,0,0,0.160111999511719,1.63,0,-5400.240234375
100000000000000000000002,1,923125000,0,-47,5.52846675953985,0,0,0.160111999511719,1.63,0,-5400.240234375
100000000000000000000004,1,923125000,0,-50,0.116582539879309,0,0,0.160111999511719,1.63,0,-5400.240234375
100000000000000000000003,1,923125000,0,-47,6.17887461360336,0,0,0.160111999511719,1.63,0,-5400.240234375
100000000000000000000001,1,923125000,0,-44.5,2.89615572752809,0,0,0.160111999511719,1.63,0,-5400.240234375
100000000000000000000000,1,923125000,0,-43.5,2.66912657092102,0,0,0.160111999511719,1.63,0,-5400.240234375
100000000000000000000000,1,923125000,0,-43.5,2.65685472461793,0,0,0.160111999511719,1.63,0,-5400.240234375
100000000000000000000002,1,923125000,0,-47,5.51619491323677,0,0,0.160111999511719,1.63,0,-5400.240234375
100000000000000000000003,1,923125000,0,-47.5,6.14819499784565,0,0,0.160111999511719,1.63,0,-5400.240234375
100000000000000000000001,1,923125000,0,-44.5,2.87774795807346,0,0,0.160111999511719,1.63,0,-5400.240234375
100000000000000000000004,1,923125000,0,-50,0.116582539879309,0,0,0.160111999511719,1.63,0,-5400.240234375
100000000000000000000004,1,923125000,0,-50,0.0613592315154259,0,0,0.160111999511719,1.63,0,-5400.240234375
100000000000000000000001,1,923125000,0,-44.5,2.89615572752809,0,0,0.160111999511719,1.63,0,-5400.240234375
100000000000000000000002,1,923125000,0,-47,5.51005899008522,0,0,0.160111999511719,1.63,0,-5400.240234375
100000000000000000000003,1,923125000,0,-47,6.16046684414874,0,0,0.160111999511719,1.63,0,-5400.240234375
100000000000000000000000,1,923125000,0,-43.5,2.66299064776947,0,0,0.160111999511719,1.63,0,-5400.240234375
100000000000000000000002,1,923125000,0,-47,5.53460268269139,0,0,0.160111999511719,1.63,0,-5400.240234375
100000000000000000000000,1,923125000,0,-43.5,2.65685472461793,0,0,0.160111999511719,1.63,0,-5400.240234375
100000000000000000000003,1,923125000,0,-47.5,6.17273869045182,0,0,0.160111999511719,1.63,0,-5400.240234375
100000000000000000000004,1,923125000,0,-50,0.128854386182394,0,0,0.160111999511719,1.63,0,-5400.240234375
100000000000000000000001,1,923125000,0,-44.5,2.89001980437655,0,0,0.160111999511719,1.63,0,-5400.240234375
100000000000000000000004,1,923125000,0,-50.5,0.116582539879309,0,0,0.160111999511719,1.63,0,-5400.240234375
100000000000000000000003,1,923125000,0,-47,6.17273869045182,0,0,0.160111999511719,1.63,0,-5400.240234375
100000000000000000000000,1,923125000,0,-43.5,2.65685472461793,0,0,0.160111999511719,1.63,0,-5400.240234375
100000000000000000000001,1,923125000,0,-44.5,2.87774795807346,0,0,0.160111999511719,1.63,0,-5400.240234375
100000000000000000000002,1,923125000,0,-47,5.54073860584294,0,0,0.160111999511719,1.63,0,-5400.240234375
100000000000000000000000,1,923125000,0,-43.5,2.6813984172241,0,0,0.160111999511719,1.63,0,-5400.240234375
100000000000000000000003,1,923125000,0,-47,6.18501053675491,0,0,0.160111999511719,1.63,0,-5400.240234375
100000000000000000000001,1,923125000,0,-44.5,2.87774795807346,0,0,0.160111999511719,1.63,0,-5400.240234375
100000000000000000000004,1,923125000,0,-50,0.0981747704246807,0,0,0.160111999511719,1.63,0,-5400.240234375
100000000000000000000002,1,923125000,0,-47,5.54073860584294,0,0,0.160111999511719,1.63,0,-5400.240234375
100000000000000000000003,1,923125000,0,-47,6.16046684414874,0,0,0.160111999511719,1.63,0,-5400.240234375
100000000000000000000000,1,923125000,0,-43.5,2.65685472461793,0,0,0.160111999511719,1.63,0,-5400.240234375
100000000000000000000002,1,923125000,0,-47,5.51005899008522,0,0,0.160111999511719,1.63,0,-5400.240234375
100000000000000000000004,1,923125000,0,-50,0.122718463030851,0,0,0.160111999511719,1.63,0,-5400.240234375
100000000000000000000001,1,923125000,0,-44.5,2.90229165067963,0,0,0.160111999511719,1.63,0,-5400.240234375
100000000000000000000002,1,923125000,0,-47,5.51619491323677,0,0,0.160111999511719,1.63,0,-5400.240234375
100000000000000000000000,1,923125000,0,-43.5,2.6813984172241,0,0,0.160111999511719,1.63,0,-5400.240234375
100000000000000000000003,1,923125000,0,-47.5,6.17887461360336,0,0,0.160111999511719,1.63,0,-5400.240234375
100000000000000000000001,1,923125000,0,-44.5,2.89001980437655,0,0,0.160111999511719,1.63,0,-5400.240234375
100000000000000000000004,1,923125000,0,-50,0.128854386182394,0,0,0.160111999511719,1.63,0,-5400.240234375
100000000000000000000004,1,923125000,0,-50,0.0920388472731384,0,0,0.160111999511719,1.63,0,-5400.240234375
100000000000000000000003,1,923125000,0,-47,6.16660276730028,0,0,0.160111999511719,1.63,0,-5400.240234375
100000000000000000000001,1,923125000,0,-44.5,2.90229165067963,0,0,0.160111999511719,1.63,0,-5400.240234375
100000000000000000000000,1,923125000,0,-43.5,2.65685472461793,0,0,0.160111999511719,1.63,0,-5400.240234375
100000000000000000000002,1,923125000,0,-47,5.51619491323677,0,0,0.160111999511719,1.63,0,-5400.240234375
100000000000000000000003,1,923125000,0,-47,6.16660276730028,0,0,0.160111999511719,1.63,0,-5400.240234375
100000000000000000000001,1,923125000,0,-44.5,2.88388388122501,0,0,0.160111999511719,1.63,0,-5400.240234375
100000000000000000000004,1,923125000,0,-50,0.128854386182394,0,0,0.160111999511719,1.63,0,-5400.240234375
100000000000000000000002,1,923125000,0,-47,5.50392306693368,0,0,0.160111999511719,1.63,0,-5400.240234375
100000000000000000000000,1,923125000,0,-43.5,2.65685472461793,0,0,0.160111999511719,1.63,0,-5400.240234375
100000000000000000000003,1,923125000,0,-47.5,6.15433092099719,0,0,0.160111999511719,1.63,0,-5400.240234375
100000000000000000000004,1,923125000,0,-50,0.147262155637022,0,0,0.160111999511719,1.63,0,-5400.240234375
100000000000000000000000,1,923125000,0,-43.5,2.67526249407256,0,0,0.160111999511719,1.63,0,-5400.240234375
100000000000000000000002,1,923125000,0,-47,5.53460268269139,0,0,0.160111999511719,1.63,0,-5400.240234375
100000000000000000000001,1,923125000,0,-44.5,2.89001980437655,0,0,0.160111999511719,1.63,0,-5400.240234375
100000000000000000000004,1,923125000,0,-50,0.116582539879309,0,0,0.160111999511719,1.63,0,-5400.240234375
100000000000000000000003,1,923125000,0,-47.5,6.16046684414874,0,0,0.160111999511719,1.63,0,-5400.240234375
100000000000000000000000,1,923125000,0,-43.5,2.64458287831485,0,0,0.160111999511719,1.63,0,-5400.240234375
100000000000000000000002,1,923125000,0,-47,5.51005899008522,0,0,0.160111999511719,1.63,0,-5400.240234375
100000000000000000000001,1,923125000,0,-44.5,2.89001980437655,0,0,0.160111999511719,1.63,0,-5400.240234375
100000000000000000000001,1,923125000,0,-44.5,2.90229165067963,0,0,0.160111999511719,1.63,0,-5400.240234375
100000000000000000000000,1,923125000,0,-43.5,2.66299064776947,0,0,0.160111999511719,1.63,0,-5400.240234375
100000000000000000000003,1,923125000,0,-47.5,6.17887461360336,0,0,0.160111999511719,1.63,0,-5400.240234375
100000000000000000000002,1,923125000,0,-47,5.52846675953985,0,0,0.160111999511719,1.63,0,-5400.240234375
100000000000000000000004,1,923125000,0,-50,0.122718463030851,0,0,0.160111999511719,1.63,0,-5400.240234375
100000000000000000000003,1,923125000,0,-47.5,6.16660276730028,0,0,0.160111999511719,1.63,0,-5400.240234375
100000000000000000000000,1,923125000,0,-43.5,2.6813984172241,0,0,0.160111999511719,1.63,0,-5400.240234375
100000000000000000000001,1,923125000,0,-44.5,2.89001980437655,0,0,0.160111999511719,1.63,0,-5400.240234375
100000000000000000000004,1,923125000,0,-50,0.116582539879309,0,0,0.160111999511719,1.63,0,-5400.240234375
100000000000000000000002,1,923125000,0,-47,5.51005899008522,0,0,0.160111999511719,1.63,0,-5400.240234375
100000000000000000000000,1,923125000,0,-43.5,2.66299064776947,0,0,0.160111999511719,1.63,0,-5400.240234375
100000000000000000000003,1,923125000,0,-47,6.15433092099719,0,0,0.160111999511719,1.63,0,-5400.240234375
100000000000000000000001,1,923125000,0,-44.5,2.89001980437655,0,0,0.160111999511719,1.63,0,-5400.240234375
100000000000000000000002,1,923125000,0,-47,5.53460268269139,0,0,0.160111999511719,1.63,0,-5400.240234375
100000000000000000000004,1,923125000,0,-50,0.128854386182394,0,0,0.160111999511719,1.63,0,-5400.240234375
100000000000000000000002,1,923125000,0,-47,5.54687452899448,0,0,0.160111999511719,1.63,0,-5400.240234375
100000000000000000000000,1,923125000,0,-43.5,2.64458287831485,0,0,0.160111999511719,1.63,0,-5400.240234375
100000000000000000000001,1,923125000,0,-44.5,2.90229165067963,0,0,0.160111999511719,1.63,0,-5400.240234375
100000000000000000000003,1,923125000,0,-47,6.16046684414874,0,0,0.160111999511719,1.63,0,-5400.240234375
100000000000000000000004,1,923125000,0,-50,0.147262155637022,0,0,0.160111999511719,1.63,0,-5400.240234375
100000000000000000000001,1,923125000,0,-44.5,2.87161203492192,0,0,0.160111999511719,1.63,0,-5400.240234375
100000000000000000000004,1,923125000,0,-50.5,0.0981747704246807,0,0,0.160111999511719,1.63,0,-5400.240234375
100000000000000000000002,1,923125000,0,-47,5.53460268269139,0,0,0.160111999511719,1.63,0,-5400.240234375
100000000000000000000003,1,923125000,0,-47.5,6.17273869045182,0,0,0.160111999511719,1.63,0,-5400.240234375
100000000000000000000000,1,923125000,0,-43.5,2.67526249407256,0,0,0.160111999511719,1.63,0,-5400.240234375
100000000000000000000002,1,923125000,0,-47,5.51619491323677,0,0,0.160111999511719,1.63,0,-5400.240234375
100000000000000000000003,1,923125000,0,-47,6.14819499784565,0,0,0.160111999511719,1.63,0,-5400.240234375
100000000000000000000004,1,923125000,0,-50,0.128854386182394,0,0,0.160111999511719,1.63,0,-5400.240234375
100000000000000000000000,1,923125000,0,-43.5,2.66299064776947,0,0,0.160111999511719,1.63,0,-5400.240234375
100000000000000000000001,1,923125000,0,-44.5,2.90229165067963,0,0,0.160111999511719,1.63,0,-5400.240234375
100000000000000000000004,1,923125000,0,-50,0.128854386182394,0,0,0.160111999511719,1.63,0,-5400.240234375
100000000000000000000002,1,923125000,0,-47,5.51619491323677,0,0,0.160111999511719,1.63,0,-5400.240234375
100000000000000000000003,1,923125000,0,-47.5,6.16046684414874,0,0,0.160111999511719,1.63,0,-5400.240234375
100000000000000000000000,1,923125000,0,-43.5,2.64458287831485,0,0,0.160111999511719,1.63,0,-5400.240234375
100000000000000000000001,1,923125000,0,-44.5,2.89615572752809,0,0,0.160111999511719,1.63,0,-5400.240234375
100000000000000000000003,1,923125000,0,-47,6.15433092099719,0,0,0.160111999511719,1.63,0,-5400.240234375
100000000000000000000004,1,923125000,0,-50,0.104310693576224,0,0,0.160111999511719,1.63,0,-5400.240234375
100000000000000000000002,1,923125000,0,-47,5.53460268269139,0,0,0.160111999511719,1.63,0,-5400.240234375
100000000000000000000000,1,923125000,0,-43.5,2.6813984172241,0,0,0.160111999511719,1.63,0,-5400.240234375
100000000000000000000001,1,923125000,0,-44.5,2.89001980437655,0,0,0.160111999511719,1.63,0,-5400.240234375
100000000000000000000001,1,923125000,0,-44.5,2.88388388122501,0,0,0.160111999511719,1.63,0,-5400.240234375
100000000000000000000004,1,923125000,0,-50.5,0.122718463030851,0,0,0.160111999511719,1.63,0,-5400.240234375
100000000000000000000003,1,923125000,0,-47,6.16660276730028,0,0,0.160111999511719,1.63,0,-5400.240234375
100000000000000000000000,1,923125000,0,-43.5,2.66912657092102,0,0,0.160111999511719,1.63,0,-5400.240234375
100000000000000000000002,1,923125000,0,-47,5.53460268269139,0,0,0.160111999511719,1.63,0,-5400.240234375
100000000000000000000002,1,923125000,0,-47,5.52846675953985,0,0,0.160111999511719,1.63,0,-5400.240234375
100000000000000000000003,1,923125000,0,-47.5,6.17887461360336,0,0,0.160111999511719,1.63,0,-5400.240234375
100000000000000000000000,1,923125000,0,-43.5,2.69367026352719,0,0,0.160111999511719,1.63,0,-5400.240234375
100000000000000000000004,1,923125000,0,-50.5,0.128854386182394,0,0,0.160111999511719,1.63,0,-5400.240234375
100000000000000000000001,1,923125000,0,-44.5,2.89001980437655,0,0,0.160111999511719,1.63,0,-5400.240234375
100000000000000000000003,1,923125000,0,-47,6.17273869045182,0,0,0.160111999511719,1.63,0,-5400.240234375
100000000000000000000004,1,923125000,0,-50,0.110446616727766,0,0,0.160111999511719,1.63,0,-5400.240234375
100000000000000000000001,1,923125000,0,-44.5,2.89615572752809,0,0,0.160111999511719,1.63,0,-5400.240234375
100000000000000000000000,1,923125000,0,-43.5,2.66299064776947,0,0,0.160111999511719,1.63,0,-5400.240234375
100000000000000000000002,1,923125000,0,-47,5.52233083638831,0,0,0.160111999511719,1.63,0,-5400.240234375
100000000000000000000002,1,923125000,0,-47,5.52846675953985,0,0,0.160111999511719,1.63,0,-5400.240234375
100000000000000000000000,1,923125000,0,-43.5,2.65071880146639,0,0,0.160111999511719,1.63,0,-5400.240234375
100000000000000000000001,1,923125000,0,-44.5,2.85934018861884,0,0,0.160111999511719,1.63,0,-5400.240234375
100000000000000000000004,1,923125000,0,-50,0.141126232485479,0,0,0.160111999511719,1.63,0,-5400.240234375
100000000000000000000003,1,923125000,0,-47,6.13592315154256,0,0,0.160111999511719,1.63,0,-5400.240234375
100000000000000000000001,1,923125000,0,-44.5,2.89001980437655,0,0,0.160111999511719,1.63,0,-5400.240234375
100000000000000000000000,1,923125000,0,-43.5,2.68753434037564,0,0,0.160111999511719,1.63,0,-5400.240234375
100000000000000000000003,1,923125000,0,-47,6.16660276730028,0,0,0.160111999511719,1.63,0,-5400.240234375
100000000000000000000002,1,923125000,0,-47,5.52233083638831,0,0,0.160111999511719,1.63,0,-5400.240234375
100000000000000000000004,1,923125000,0,-50.5,0.116582539879309,0,0,0.160111999511719,1.63,0,-5400.240234375
100000000000000000000003,1,923125000,0,-47,6.17273869045182,0,0,0.160111999511719,1.63,0,-5400.240234375
100000000000000000000004,1,923125000,0,-50.5,0.147262155637022,0,0,0.160111999511719,1.63,0,-5400.240234375
100000000000000000000001,1,923125000,0,-44.5,2.89001980437655,0,0,0.160111999511719,1.63,0,-5400.240234375
100000000000000000000000,1,923125000,0,-43.5,2.66299064776947,0,0,0.160111999511719,1.63,0,-5400.240234375
100000000000000000000002,1,923125000,0,-47,5.54073860584294,0,0,0.160111999511719,1.63,0,-5400.240234375
100000000000000000000001,1,923125000,0,-44.5,2.89615572752809,0,0,0.160111999511719,1.63,0,-5400.240234375
100000000000000000000004,1,923125000,0,-50.5,0.159534001940107,0,0,0.160111999511719,1.63,0,-5400.240234375
100000000000000000000003,1,923125000,0,-47,6.15433092099719,0,0,0.160111999511719,1.63,0,-5400.240234375
100000000000000000000002,1,923125000,0,-47,5.52233083638831,0,0,0.160111999511719,1.63,0,-5400.240234375
100000000000000000000000,1,923125000,0,-43.5,2.6813984172241,0,0,0.160111999511719,1.63,0,-5400.240234375
100000000000000000000002,1,923125000,0,-47,5.54073860584294,0,0,0.160111999511719,1.63,0,-5400.240234375
100000000000000000000004,1,923125000,0,-50,0.141126232485479,0,0,0.160111999511719,1.63,0,-5400.240234375
100000000000000000000003,1,923125000,0,-47,6.16046684414874,0,0,0.160111999511719,1.63,0,-5400.240234375
100000000000000000000001,1,923125000,0,-44.5,2.89615572752809,0,0,0.160111999511719,1.63,0,-5400.240234375
100000000000000000000000,1,923125000,0,-43.5,2.66912657092102,0,0,0.160111999511719,1.63,0,-5400.240234375
100000000000000000000000,1,923125000,0,-43.5,2.66912657092102,0,0,0.160111999511719,1.63,0,-5400.240234375
100000000000000000000002,1,923125000,0,-47,5.53460268269139,0,0,0.160111999511719,1.63,0,-5400.240234375
100000000000000000000001,1,923125000,0,-44.5,2.90229165067963,0,0,0.160111999511719,1.63,0,-5400.240234375
100000000000000000000003,1,923125000,0,-47.5,6.17273869045182,0,0,0.160111999511719,1.63,0,-5400.240234375
100000000000000000000004,1,923125000,0,-50,0.116582539879309,0,0,0.160111999511719,1.63,0,-5400.240234375
100000000000000000000000,1,923125000,0,-43.5,2.67526249407256,0,0,0.160111999511719,1.63,0,-5400.240234375
100000000000000000000003,1,923125000,0,-47.5,6.17887461360336,0,0,0.160111999511719,1.63,0,-5400.240234375
100000000000000000000001,1,923125000,0,-44.5,2.89615572752809,0,0,0.160111999511719,1.63,0,-5400.240234375
100000000000000000000004,1,923125000,0,-50,0.116582539879309,0,0,0.160111999511719,1.63,0,-5400.240234375
100000000000000000000002,1,923125000,0,-47,5.54073860584294,0,0,0.160111999511719,1.63,0,-5400.240234375
100000000000000000000002,1,923125000,0,-47,5.52233083638831,0,0,0.160111999511719,1.63,0,-5400.240234375
100000000000000000000004,1,923125000,0,-50,0.134990309333936,0,0,0.160111999511719,1.63,0,-5400.240234375
100000000000000000000003,1,923125000,0,-47,6.16660276730028,0,0,0.160111999511719,1.63,0,-5400.240234375
100000000000000000000001,1,923125000,0,-44.5,2.89001980437655,0,0,0.160111999511719,1.63,0,-5400.240234375
100000000000000000000000,1,923125000,0,-43.5,2.6813984172241,0,0,0.160111999511719,1.63,0,-5400.240234375
100000000000000000000000,1,923125000,0,-43.5,2.65071880146639,0,0,0.160111999511719,1.63,0,-5400.240234375
100000000000000000000002,1,923125000,0,-47,5.51619491323677,0,0,0.160111999511719,1.63,0,-5400.240234375
100000000000000000000004,1,923125000,0,-50,0.110446616727766,0,0,0.160111999511719,1.63,0,-5400.240234375
100000000000000000000003,1,923125000,0,-47,6.16046684414874,0,0,0.160111999511719,1.63,0,-5400.240234375
100000000000000000000001,1,923125000,0,-44.5,2.89001980437655,0,0,0.160111999511719,1.63,0,-5400.240234375
100000000000000000000004,1,923125000,0,-50,0.0981747704246807,0,0,0.160111999511719,1.63,0,-5400.240234375
100000000000000000000002,1,923125000,0,-47,5.52233083638831,0,0,0.160111999511719,1.63,0,-5400.240234375
100000000000000000000003,1,923125000,0,-47.5,6.17273869045182,0,0,0.160111999511719,1.63,0,-5400.240234375
100000000000000000000000,1,923125000,0,-43.5,2.65071880146639,0,0,0.160111999511719,1.63,0,-5400.240234375
100000000000000000000001,1,923125000,0,-44.5,2.89001980437655,0,0,0.160111999511719,1.63,0,-5400.240234375
100000000000000000000003,1,923125000,0,-47,6.16046684414874,0,0,0.160111999511719,1.63,0,-5400.240234375
100000000000000000000001,1,923125000,0,-44.5,2.88388388122501,0,0,0.160111999511719,1.63,0,-5400.240234375
100000000000000000000002,1,923125000,0,-47,5.55301045214602,0,0,0.160111999511719,1.63,0,-5400.240234375
100000000000000000000000,1,923125000,0,-43.5,2.6813984172241,0,0,0.160111999511719,1.63,0,-5400.240234375
100000000000000000000004,1,923125000,0,-50,0.116582539879309,0,0,0.160111999511719,1.63,0,-5400.240234375
100000000000000000000002,1,923125000,0,-47,5.52846675953985,0,0,0.160111999511719,1.63,0,-5400.240234375
100000000000000000000004,1,923125000,0,-50,0.159534001940107,0,0,0.160111999511719,1.63,0,-5400.240234375
100000000000000000000003,1,923125000,0,-47,6.15433092099719,0,0,0.160111999511719,1.63,0,-5400.240234375
100000000000000000000001,1,923125000,0,-44.5,2.89615572752809,0,0,0.160111999511719,1.63,0,-5400.240234375
100000000000000000000000,1,923125000,0,-43.5,2.67526249407256,0,0,0.160111999511719,1.63,0,-5400.240234375
100000000000000000000000,1,923125000,0,-43.5,2.67526249407256,0,0,0.160111999511719,1.63,0,-5400.240234375
100000000000000000000002,1,923125000,0,-47,5.52233083638831,0,0,0.160111999511719,1.63,0,-5400.240234375
100000000000000000000001,1,923125000,0,-44.5,2.87774795807346,0,0,0.160111999511719,1.63,0,-5400.240234375
100000000000000000000003,1,923125000,0,-47.5,6.17273869045182,0,0,0.160111999511719,1.63,0,-5400.240234375
100000000000000000000004,1,923125000,0,-50,0.134990309333936,0,0,0.160111999511719,1.63,0,-5400.240234375
100000000000000000000004,1,923125000,0,-50,0.141126232485479,0,0,0.160111999511719,1.63,0,-5400.240234375
100000000000000000000002,1,923125000,0,-47,5.53460268269139,0,0,0.160111999511719,1.63,0,-5400.240234375
100000000000000000000003,1,923125000,0,-47.5,6.12978722839102,0,0,0.160111999511719,1.63,0,-5400.240234375
100000000000000000000001,1,923125000,0,-44.5,2.87774795807346,0,0,0.160111999511719,1.63,0,-5400.240234375
100000000000000000000000,1,923125000,0,-43.5,2.67526249407256,0,0,0.160111999511719,1.63,0,-5400.240234375
100000000000000000000000,1,923125000,0,-43.5,2.6813984172241,0,0,0.160111999511719,1.63,0,-5400.240234375
100000000000000000000002,1,923125000,0,-47,5.52846675953985,0,0,0.160111999511719,1.63,0,-5400.240234375
100000000000000000000004,1,923125000,0,-50,0.171805848243192,0,0,0.160111999511719,1.63,0,-5400.240234375
100000000000000000000003,1,923125000,0,-47,6.17273869045182,0,0,0.160111999511719,1.63,0,-5400.240234375
100000000000000000000001,1,923125000,0,-44.5,2.89615572752809,0,0,0.160111999511719,1.63,0,-5400.240234375
100000000000000000000003,1,923125000,0,-47,6.16046684414874,0,0,0.160111999511719,1.63,0,-5400.240234375
100000000000000000000002,1,923125000,0,-47,5.53460268269139,0,0,0.160111999511719,1.63,0,-5400.240234375
100000000000000000000004,1,923125000,0,-50,0.116582539879309,0,0,0.160111999511719,1.63,0,-5400.240234375
100000000000000000000001,1,923125000,0,-44.5,2.88388388122501,0,0,0.160111999511719,1.63,0,-5400.240234375
100000000000000000000000,1,923125000,0,-43.5,2.6384469551633,0,0,0.160111999511719,1.63,0,-5400.240234375
100000000000000000000003,1,923125000,0,-47.5,6.17273869045182,0,0,0.160111999511719,1.63,0,-5400.240234375
100000000000000000000001,1,923125000,0,-44.5,2.89001980437655,0,0,0.160111999511719,1.63,0,-5400.240234375
100000000000000000000000,1,923125000,0,-43.5,2.65685472461793,0,0,0.160111999511719,1.63,0,-5400.240234375
100000000000000000000002,1,923125000,0,-47,5.51619491323677,0,0,0.160111999511719,1.63,0,-5400.240234375
100000000000000000000004,1,923125000,0,-50.5,0.134990309333936,0,0,0.160111999511719,1.63,0,-5400.240234375
100000000000000000000000,1,923125000,0,-43.5,2.68753434037564,0,0,0.160111999511719,1.63,0,-5400.240234375
100000000000000000000004,1,923125000,0,-50,0.0920388472731384,0,0,0.160111999511719,1.63,0,-5400.240234375
100000000000000000000003,1,923125000,0,-47,6.16046684414874,0,0,0.160111999511719,1.63,0,-5400.240234375
100000000000000000000002,1,923125000,0,-47,5.52233083638831,0,0,0.160111999511719,1.63,0,-5400.240234375
100000000000000000000001,1,923125000,0,-44.5,2.89615572752809,0,0,0.160111999511719,1.63,0,-5400.240234375
100000000000000000000001,1,923125000,0,-44.5,2.90842757383118,0,0,0.160111999511719,1.63,0,-5400.240234375
100000000000000000000000,1,923125000,0,-43.5,2.6384469551633,0,0,0.160111999511719,1.63,0,-5400.240234375
100000000000000000000004,1,923125000,0,-50,0.153398078788564,0,0,0.160111999511719,1.63,0,-5400.240234375
100000000000000000000003,1,923125000,0,-47,6.15433092099719,0,0,0.160111999511719,1.63,0,-5400.240234375
100000000000000000000002,1,923125000,0,-47,5.51619491323677,0,0,0.160111999511719,1.63,0,-5400.240234375
100000000000000000000004,1,923125000,0,-50,0.0797670009700537,0,0,0.160111999511719,1.63,0,-5400.240234375
100000000000000000000002,1,923125000,0,-47,5.51005899008522,0,0,0.160111999511719,1.63,0,-5400.240234375
100000000000000000000003,1,923125000,0,-47,6.16660276730028,0,0,0.160111999511719,1.63,0,-5400.240234375
100000000000000000000000,1,923125000,0,-43.5,2.68753434037564,0,0,0.160111999511719,1.63,0,-5400.240234375
100000000000000000000001,1,923125000,0,-44.5,2.87774795807346,0,0,0.160111999511719,1.63,0,-5400.240234375
100000000000000000000002,1,923125000,0,-47,5.51619491323677,0,0,0.160111999511719,1.63,0,-5400.240234375
100000000000000000000003,1,923125000,0,-47.5,6.16660276730028,0,0,0.160111999511719,1.63,0,-5400.240234375
100000000000000000000004,1,923125000,0,-50,0.128854386182394,0,0,0.160111999511719,1.63,0,-5400.240234375
100000000000000000000000,1,923125000,0,-43.5,2.66299064776947,0,0,0.160111999511719,1.63,0,-5400.240234375
100000000000000000000001,1,923125000,0,-44.5,2.88388388122501,0,0,0.160111999511719,1.63,0,-5400.240234375
100000000000000000000003,1,923125000,0,-47.5,6.14205907469411,0,0,0.160111999511719,1.63,0,-5400.240234375
100000000000000000000002,1,923125000,0,-47,5.52233083638831,0,0,0.160111999511719,1.63,0,-5400.240234375
100000000000000000000001,1,923125000,0,-44.5,2.89001980437655,0,0,0.160111999511719,1.63,0,-5400.240234375
100000000000000000000000,1,923125000,0,-43.5,2.6813984172241,0,0,0.160111999511719,1.63,0,-5400.240234375
100000000000000000000004,1,923125000,0,-50,0.122718463030851,0,0,0.160111999511719,1.63,0,-5400.240234375
100000000000000000000000,1,923125000,0,-43.5,2.65685472461793,0,0,0.160111999511719,1.63,0,-5400.240234375
100000000000000000000001,1,923125000,0,-44.5,2.88388388122501,0,0,0.160111999511719,1.63,0,-5400.240234375
100000000000000000000003,1,923125000,0,-47,6.15433092099719,0,0,0.160111999511719,1.63,0,-5400.240234375
100000000000000000000002,1,923125000,0,-47,5.54073860584294,0,0,0.160111999511719,1.63,0,-5400.240234375
100000000000000000000004,1,923125000,0,-50,0.110446616727766,0,0,0.160111999511719,1.63,0,-5400.240234375
100000000000000000000001,1,923125000,0,-44.5,2.89615572752809,0,0,0.160111999511719,1.63,0,-5400.240234375
100000000000000000000002,1,923125000,0,-47,5.52846675953985,0,0,0.160111999511719,1.63,0,-5400.240234375
100000000000000000000000,1,923125000,0,-43.5,2.67526249407256,0,0,0.160111999511719,1.63,0,-5400.240234375
100000000000000000000004,1,923125000,0,-50,0.110446616727766,0,0,0.160111999511719,1.63,0,-5400.240234375
100000000000000000000003,1,923125000,0,-47,6.16660276730028,0,0,0.160111999511719,1.63,0,-5400.240234375
100000000000000000000004,1,923125000,0,-50,0.104310693576224,0,0,0.160111999511719,1.63,0,-5400.240234375
100000000000000000000003,1,923125000,0,-47,6.16660276730028,0,0,0.160111999511719,1.63,0,-5400.240234375
100000000000000000000002,1,923125000,0,-47,5.52233083638831,0,0,0.160111999511719,1.63,0,-5400.240234375
100000000000000000000001,1,923125000,0,-44.5,2.88388388122501,0,0,0.160111999511719,1.63,0,-5400.240234375
100000000000000000000000,1,923125000,0,-43.5,2.65685472461793,0,0,0.160111999511719,1.63,0,-5400.240234375
100000000000000000000003,1,923125000,0,-47.5,6.16046684414874,0,0,0.160111999511719,1.63,0,-5400.240234375
100000000000000000000002,1,923125000,0,-47,5.51619491323677,0,0,0.160111999511719,1.63,0,-5400.240234375
100000000000000000000001,1,923125000,0,-44.5,2.87774795807346,0,0,0.160111999511719,1.63,0,-5400.240234375
100000000000000000000004,1,923125000,0,-50,0.128854386182394,0,0,0.160111999511719,1.63,0,-5400.240234375
100000000000000000000000,1,923125000,0,-43.5,2.6384469551633,0,0,0.160111999511719,1.63,0,-5400.240234375
100000000000000000000001,1,923125000,0,-44.5,2.88388388122501,0,0,0.160111999511719,1.63,0,-5400.240234375
100000000000000000000004,1,923125000,0,-50,0.147262155637022,0,0,0.160111999511719,1.63,0,-5400.240234375
100000000000000000000002,1,923125000,0,-47,5.53460268269139,0,0,0.160111999511719,1.63,0,-5400.240234375
100000000000000000000000,1,923125000,0,-43.5,2.67526249407256,0,0,0.160111999511719,1.63,0,-5400.240234375
100000000000000000000003,1,923125000,0,-47.5,6.16660276730028,0,0,0.160111999511719,1.63,0,-5400.240234375
100000000000000000000000,1,923125000,0,-43.5,2.65685472461793,0,0,0.160111999511719,1.63,0,-5400.240234375
100000000000000000000003,1,923125000,0,-47,6.15433092099719,0,0,0.160111999511719,1.63,0,-5400.240234375
100000000000000000000001,1,923125000,0,-44.5,2.89001980437655,0,0,0.160111999511719,1.63,0,-5400.240234375
100000000000000000000002,1,923125000,0,-47,5.51005899008522,0,0,0.160111999511719,1.63,0,-5400.240234375
100000000000000000000004,1,923125000,0,-50,0.141126232485479,0,0,0.160111999511719,1.63,0,-5400.240234375
100000000000000000000001,1,923125000,0,-44.5,2.87774795807346,0,0,0.160111999511719,1.63,0,-5400.240234375
100000000000000000000002,1,923125000,0,-47,5.51005899008522,0,0,0.160111999511719,1.63,0,-5400.240234375
100000000000000000000003,1,923125000,0,-47.5,6.16660276730028,0,0,0.160111999511719,1.63,0,-5400.240234375
100000000000000000000004,1,923125000,0,-50,0.128854386182394,0,0,0.160111999511719,1.63,0,-5400.240234375
100000000000000000000000,1,923125000,0,-43.5,2.67526249407256,0,0,0.160111999511719,1.63,0,-5400.240234375
100000000000000000000002,1,923125000,0,-47,5.51005899008522,0,0,0.160111999511719,1.63,0,-5400.240234375
100000000000000000000000,1,923125000,0,-43.5,2.68753434037564,0,0,0.160111999511719,1.63,0,-5400.240234375
100000000000000000000004,1,923125000,0,-50,0.159534001940107,0,0,0.160111999511719,1.63,0,-5400.240234375
100000000000000000000001,1,923125000,0,-44.5,2.87774795807346,0,0,0.160111999511719,1.63,0,-5400.240234375
100000000000000000000003,1,923125000,0,-47,6.14819499784565,0,0,0.160111999511719,1.63,0,-5400.240234375
100000000000000000000004,1,923125000,0,-50,0.128854386182394,0,0,0.160111999511719,1.63,0,-5400.240234375
100000000000000000000002,1,923125000,0,-47,5.51619491323677,0,0,0.160111999511719,1.63,0,-5400.240234375
100000000000000000000000,1,923125000,0,-43.5,2.66912657092102,0,0,0.160111999511719,1.63,0,-5400.240234375
100000000000000000000001,1,923125000,0,-44.5,2.87774795807346,0,0,0.160111999511719,1.63,0,-5400.240234375
100000000000000000000003,1,923125000,0,-47,6.14819499784565,0,0,0.160111999511719,1.63,0,-5400.240234375
100000000000000000000001,1,923125000,0,-44.5,2.90229165067963,0,0,0.160111999511719,1.63,0,-5400.240234375
100000000000000000000003,1,923125000,0,-47.5,6.16046684414874,0,0,0.160111999511719,1.63,0,-5400.240234375
100000000000000000000004,1,923125000,0,-50,0.110446616727766,0,0,0.160111999511719,1.63,0,-5400.240234375
100000000000000000000000,1,923125000,0,-43.5,2.66912657092102,0,0,0.160111999511719,1.63,0,-5400.240234375
100000000000000000000002,1,923125000,0,-47,5.52846675953985,0,0,0.160111999511719,1.63,0,-5400.240234375
100000000000000000000004,1,923125000,0,-50,0.116582539879309,0,0,0.160111999511719,1.63,0,-5400.240234375
100000000000000000000000,1,923125000,0,-43.5,2.64458287831485,0,0,0.160111999511719,1.63,0,-5400.240234375
100000000000000000000003,1,923125000,0,-47.5,6.17273869045182,0,0,0.160111999511719,1.63,0,-5400.240234375
100000000000000000000002,1,923125000,0,-47,5.52233083638831,0,0,0.160111999511719,1.63,0,-5400.240234375
100000000000000000000001,1,923125000,0,-44.5,2.89001980437655,0,0,0.160111999511719,1.63,0,-5400.240234375
100000000000000000000000,1,923125000,0,-43.5,2.65071880146639,0,0,0.160111999511719,1.63,0,-5400.240234375
100000000000000000000002,1,923125000,0,-47,5.55914637529756,0,0,0.160111999511719,1.63,0,-5400.240234375
100000000000000000000003,1,923125000,0,-47.5,6.16046684414874,0,0,0.160111999511719,1.63,0,-5400.240234375
100000000000000000000001,1,923125000,0,-44.5,2.89001980437655,0,0,0.160111999511719,1.63,0,-5400.240234375
100000000000000000000004,1,923125000,0,-50,0.104310693576224,0,0,0.160111999511719,1.63,0,-5400.240234375
100000000000000000000003,1,923125000,0,-47.5,6.16660276730028,0,0,0.160111999511719,1.63,0,-5400.240234375
100000000000000000000004,1,923125000,0,-50,0.134990309333936,0,0,0.160111999511719,1.63,0,-5400.240234375
100000000000000000000002,1,923125000,0,-47,5.52846675953985,0,0,0.160111999511719,1.63,0,-5400.240234375
100000000000000000000000,1,923125000,0,-43.5,2.6813984172241,0,0,0.160111999511719,1.63,0,-5400.240234375
100000000000000000000001,1,923125000,0,-44.5,2.89001980437655,0,0,0.160111999511719,1.63,0,-5400.240234375
100000000000000000000002,1,923125000,0,-47,5.52846675953985,0,0,0.160111999511719,1.63,0,-5400.240234375
100000000000000000000000,1,923125000,0,-43.5,2.67526249407256,0,0,0.160111999511719,1.63,0,-5400.240234375
100000000000000000000004,1,923125000,0,-50,0.122718463030851,0,0,0.160111999511719,1.63,0,-5400.240234375
100000000000000000000003,1,923125000,0,-47.5,6.16660276730028,0,0,0.160111999511719,1.63,0,-5400.240234375
100000000000000000000001,1,923125000,0,-44.5,2.87774795807346,0,0,0.160111999511719,1.63,0,-5400.240234375
100000000000000000000002,1,923125000,0,-47,5.54687452899448,0,0,0.160111999511719,1.63,0,-5400.240234375
100000000000000000000004,1,923125000,0,-50,0.134990309333936,0,0,0.160111999511719,1.63,0,-5400.240234375
100000000000000000000000,1,923125000,0,-43.5,2.66912657092102,0,0,0.160111999511719,1.63,0,-5400.240234375
100000000000000000000003,1,923125000,0,-47.5,6.14205907469411,0,0,0.160111999511719,1.63,0,-5400.240234375
100000000000000000000001,1,923125000,0,-44.5,2.88388388122501,0,0,0.160111999511719,1.63,0,-5400.240234375
100000000000000000000002,1,923125000,0,-47,5.54073860584294,0,0,0.160111999511719,1.63,0,-5400.240234375
100000000000000000000001,1,923125000,0,-44.5,2.89001980437655,0,0,0.160111999511719,1.63,0,-5400.240234375
100000000000000000000003,1,923125000,0,-47.5,6.15433092099719,0,0,0.160111999511719,1.63,0,-5400.240234375
100000000000000000000000,1,923125000,0,-43.5,2.6813984172241,0,0,0.160111999511719,1.63,0,-5400.240234375
100000000000000000000004,1,923125000,0,-50,0.128854386182394,0,0,0.160111999511719,1.63,0,-5400.240234375
100000000000000000000003,1,923125000,0,-47.5,6.16660276730028,0,0,0.160111999511719,1.63,0,-5400.240234375
100000000000000000000001,1,923125000,0,-44.5,2.90229165067963,0,0,0.160111999511719,1.63,0,-5400.240234375
100000000000000000000002,1,923125000,0,-47,5.51005899008522,0,0,0.160111999511719,1.63,0,-5400.240234375
100000000000000000000004,1,923125000,0,-50,0.128854386182394,0,0,0.160111999511719,1.63,0,-5400.240234375
100000000000000000000000,1,923125000,0,-43.5,2.67526249407256,0,0,0.160111999511719,1.63,0,-5400.240234375
100000000000000000000002,1,923125000,0,-47,5.50392306693368,0,0,0.160111999511719,1.63,0,-5400.240234375
100000000000000000000003,1,923125000,0,-47,6.16660276730028,0,0,0.160111999511719,1.63,0,-5400.240234375
100000000000000000000004,1,923125000,0,-50,0.116582539879309,0,0,0.160111999511719,1.63,0,-5400.240234375
100000000000000000000000,1,923125000,0,-43.5,2.66912657092102,0,0,0.160111999511719,1.63,0,-5400.240234375
100000000000000000000001,1,923125000,0,-44.5,2.89001980437655,0,0,0.160111999511719,1.63,0,-5400.240234375
100000000000000000000000,1,923125000,0,-43.5,2.67526249407256,0,0,0.160111999511719,1.63,0,-5400.240234375
100000000000000000000004,1,923125000,0,-50,0.122718463030851,0,0,0.160111999511719,1.63,0,-5400.240234375
100000000000000000000002,1,923125000,0,-47,5.51619491323677,0,0,0.160111999511719,1.63,0,-5400.240234375
100000000000000000000001,1,923125000,0,-44.5,2.89001980437655,0,0,0.160111999511719,1.63,0,-5400.240234375
100000000000000000000003,1,923125000,0,-47,6.16660276730028,0,0,0.160111999511719,1.63,0,-5400.240234375
100000000000000000000003,1,923125000,0,-47,6.16046684414874,0,0,0.160111999511719,1.63,0,-5400.240234375
100000000000000000000001,1,923125000,0,-44.5,2.90229165067963,0,0,0.160111999511719,1.63,0,-5400.240234375
100000000000000000000004,1,923125000,0,-50,0.110446616727766,0,0,0.160111999511719,1.63,0,-5400.240234375
100000000000000000000000,1,923125000,0,-43.5,2.66912657092102,0,0,0.160111999511719,1.63,0,-5400.240234375
100000000000000000000002,1,923125000,0,-47,5.52846675953985,0,0,0.160111999511719,1.63,0,-5400.240234375
100000000000000000000001,1,923125000,0,-44.5,2.89001980437655,0,0,0.160111999511719,1.63,0,-5400.240234375
100000000000000000000002,1,923125000,0,-47,5.52846675953985,0,0,0.160111999511719,1.63,0,-5400.240234375
100000000000000000000004,1,923125000,0,-50,0.110446616727766,0,0,0.160111999511719,1.63,0,-5400.240234375
100000000000000000000003,1,923125000,0,-47.5,6.15433092099719,0,0,0.160111999511719,1.63,0,-5400.240234375
100000000000000000000000,1,923125000,0,-43.5,2.65685472461793,0,0,0.160111999511719,1.63,0,-5400.240234375
100000000000000000000000,1,923125000,0,-43.5,2.64458287831485,0,0,0.160111999511719,1.63,0,-5400.240234375
100000000000000000000003,1,923125000,0,-47,6.16046684414874,0,0,0.160111999511719,1.63,0,-5400.240234375
100000000000000000000001,1,923125000,0,-44.5,2.88388388122501,0,0,0.160111999511719,1.63,0,-5400.240234375
100000000000000000000002,1,923125000,0,-47,5.51005899008522,0,0,0.160111999511719,1.63,0,-5400.240234375
100000000000000000000004,1,923125000,0,-50,0.128854386182394,0,0,0.160111999511719,1.63,0,-5400.240234375
100000000000000000000000,1,923125000,0,-43.5,2.64458287831485,0,0,0.160111999511719,1.63,0,-5400.240234375
100000000000000000000003,1,923125000,0,-47,6.16046684414874,0,0,0.160111999511719,1.63,0,-5400.240234375
100000000000000000000002,1,923125000,0,-47,5.54073860584294,0,0,0.160111999511719,1.63,0,-5400.240234375
100000000000000000000004,1,923125000,0,-50,0.0981747704246807,0,0,0.160111999511719,1.63,0,-5400.240234375
100000000000000000000001,1,923125000,0,-44.5,2.90229165067963,0,0,0.160111999511719,1.63,0,-5400.240234375
100000000000000000000003,1,923125000,0,-47,6.16046684414874,0,0,0.160111999511719,1.63,0,-5400.240234375
100000000000000000000004,1,923125000,0,-50,0.141126232485479,0,0,0.160111999511719,1.63,0,-5400.240234375
100000000000000000000002,1,923125000,0,-47,5.55301045214602,0,0,0.160111999511719,1.63,0,-5400.240234375
100000000000000000000001,1,923125000,0,-44.5,2.89615572752809,0,0,0.160111999511719,1.63,0,-5400.240234375
100000000000000000000000,1,923125000,0,-43.5,2.67526249407256,0,0,0.160111999511719,1.63,0,-5400.240234375
100000000000000000000002,1,923125000,0,-47,5.49778714378214,0,0,0.160111999511719,1.63,0,-5400.240234375
100000000000000000000003,1,923125000,0,-47,6.16660276730028,0,0,0.160111999511719,1.63,0,-5400.240234375
100000000000000000000000,1,923125000,0,-43.5,2.6813984172241,0,0,0.160111999511719,1.63,0,-5400.240234375
100000000000000000000001,1,923125000,0,-44.5,2.90842757383118,0,0,0.160111999511719,1.63,0,-5400.240234375
100000000000000000000004,1,923125000,0,-50,0.128854386182394,0,0,0.160111999511719,1.63,0,-5400.240234375
100000000000000000000004,1,923125000,0,-50,0.116582539879309,0,0,0.160111999511719,1.63,0,-5400.240234375
100000000000000000000000,1,923125000,0,-43.5,2.65071880146639,0,0,0.160111999511719,1.63,0,-5400.240234375
100000000000000000000003,1,923125000,0,-47,6.17887461360336,0,0,0.160111999511719,1.63,0,-5400.240234375
100000000000000000000001,1,923125000,0,-44.5,2.89615572752809,0,0,0.160111999511719,1.63,0,-5400.240234375
100000000000000000000002,1,923125000,0,-47,5.53460268269139,0,0,0.160111999511719,1.63,0,-5400.240234375
100000000000000000000004,1,923125000,0,-50,0.134990309333936,0,0,0.160111999511719,1.63,0,-5400.240234375
100000000000000000000002,1,923125000,0,-47,5.52846675953985,0,0,0.160111999511719,1.63,0,-5400.240234375
100000000000000000000003,1,923125000,0,-47,6.15433092099719,0,0,0.160111999511719,1.63,0,-5400.240234375
100000000000000000000000,1,923125000,0,-43.5,2.63231103201176,0,0,0.160111999511719,1.63,0,-5400.240234375
100000000000000000000001,1,923125000,0,-44.5,2.88388388122501,0,0,0.160111999511719,1.63,0,-5400.240234375
100000000000000000000003,1,923125000,0,-47,6.15433092099719,0,0,0.160111999511719,1.63,0,-5400.240234375
100000000000000000000002,1,923125000,0,-47,5.54073860584294,0,0,0.160111999511719,1.63,0,-5400.240234375
100000000000000000000001,1,923125000,0,-44.5,2.87774795807346,0,0,0.160111999511719,1.63,0,-5400.240234375
100000000000000000000004,1,923125000,0,-50.5,0.122718463030851,0,0,0.160111999511719,1.63,0,-5400.240234375
100000000000000000000000,1,923125000,0,-43.5,2.66912657092102,0,0,0.160111999511719,1.63,0,-5400.240234375
100000000000000000000000,1,923125000,0,-43.5,2.67526249407256,0,0,0.160111999511719,1.63,0,-5400.240234375
100000000000000000000004,1,923125000,0,-50,0.141126232485479,0,0,0.160111999511719,1.63,0,-5400.240234375
100000000000000000000003,1,923125000,0,-47.5,6.14819499784565,0,0,0.160111999511719,1.63,0,-5400.240234375
100000000000000000000002,1,923125000,0,-47,5.52846675953985,0,0,0.160111999511719,1.63,0,-5400.240234375
100000000000000000000001,1,923125000,0,-44.5,2.90229165067963,0,0,0.160111999511719,1.63,0,-5400.240234375
100000000000000000000002,1,923125000,0,-47,5.51005899008522,0,0,0.160111999511719,1.63,0,-5400.240234375
100000000000000000000001,1,923125000,0,-44.5,2.90229165067963,0,0,0.160111999511719,1.63,0,-5400.240234375
100000000000000000000004,1,923125000,0,-50,0.104310693576224,0,0,0.160111999511719,1.63,0,-5400.240234375
100000000000000000000000,1,923125000,0,-43.5,2.68753434037564,0,0,0.160111999511719,1.63,0,-5400.240234375
100000000000000000000003,1,923125000,0,-47,6.16046684414874,0,0,0.160111999511719,1.63,0,-5400.240234375
100000000000000000000000,1,923125000,0,-43.5,2.68753434037564,0,0,0.160111999511719,1.63,0,-5400.240234375
100000000000000000000004,1,923125000,0,-50,0.134990309333936,0,0,0.160111999511719,1.63,0,-5400.240234375
100000000000000000000003,1,923125000,0,-47,6.16660276730028,0,0,0.160111999511719,1.63,0,-5400.240234375
100000000000000000000002,1,923125000,0,-47,5.52846675953985,0,0,0.160111999511719,1.63,0,-5400.240234375
100000000000000000000001,1,923125000,0,-44.5,2.89001980437655,0,0,0.160111999511719,1.63,0,-5400.240234375
100000000000000000000004,1,923125000,0,-50,0.122718463030851,0,0,0.160111999511719,1.63,0,-5400.240234375
100000000000000000000003,1,923125000,0,-47,6.16660276730028,0,0,0.160111999511719,1.63,0,-5400.240234375
100000000000000000000001,1,923125000,0,-44.5,2.88388388122501,0,0,0.160111999511719,1.63,0,-5400.240234375
100000000000000000000000,1,923125000,0,-43.5,2.65071880146639,0,0,0.160111999511719,1.63,0,-5400.240234375
100000000000000000000002,1,923125000,0,-47,5.52846675953985,0,0,0.160111999511719,1.63,0,-5400.240234375
100000000000000000000004,1,923125000,0,-50.5,0.0981747704246807,0,0,0.160111999511719,1.63,0,-5400.240234375
100000000000000000000002,1,923125000,0,-47,5.53460268269139,0,0,0.160111999511719,1.63,0,-5400.240234375
100000000000000000000003,1,923125000,0,-47.5,6.16660276730028,0,0,0.160111999511719,1.63,0,-5400.240234375
100000000000000000000000,1,923125000,0,-43.5,2.65685472461793,0,0,0.160111999511719,1.63,0,-5400.240234375
100000000000000000000001,1,923125000,0,-44.5,2.90842757383118,0,0,0.160111999511719,1.63,0,-5400.240234375
100000000000000000000003,1,923125000,0,-47,6.17273869045182,0,0,0.160111999511719,1.63,0,-5400.240234375
100000000000000000000004,1,923125000,0,-50,0.134990309333936,0,0,0.160111999511719,1.63,0,-5400.240234375
100000000000000000000000,1,923125000,0,-43.5,2.6813984172241,0,0,0.160111999511719,1.63,0,-5400.240234375
100000000000000000000002,1,923125000,0,-47,5.52846675953985,0,0,0.160111999511719,1.63,0,-5400.240234375
100000000000000000000001,1,923125000,0,-44.5,2.89001980437655,0,0,0.160111999511719,1.63,0,-5400.240234375
100000000000000000000001,1,923125000,0,-44.5,2.90229165067963,0,0,0.160111999511719,1.63,0,-5400.240234375
100000000000000000000004,1,923125000,0,-50,0.128854386182394,0,0,0.160111999511719,1.63,0,-5400.240234375
100000000000000000000000,1,923125000,0,-43.5,2.66299064776947,0,0,0.160111999511719,1.63,0,-5400.240234375
100000000000000000000002,1,923125000,0,-47,5.51005899008522,0,0,0.160111999511719,1.63,0,-5400.240234375
100000000000000000000003,1,923125000,0,-47,6.17273869045182,0,0,0.160111999511719,1.63,0,-5400.240234375
100000000000000000000001,1,923125000,0,-44.5,2.89615572752809,0,0,0.160111999511719,1.63,0,-5400.240234375
100000000000000000000003,1,923125000,0,-47.5,6.17273869045182,0,0,0.160111999511719,1.63,0,-5400.240234375
100000000000000000000002,1,923125000,0,-47,5.4916512206306,0,0,0.160111999511719,1.63,0,-5400.240234375
100000000000000000000000,1,923125000,0,-43.5,2.65685472461793,0,0,0.160111999511719,1.63,0,-5400.240234375
100000000000000000000004,1,923125000,0,-50,0.128854386182394,0,0,0.160111999511719,1.63,0,-5400.240234375
100000000000000000000004,1,923125000,0,-50,0.128854386182394,0,0,0.160111999511719,1.63,0,-5400.240234375
100000000000000000000001,1,923125000,0,-44.5,2.88388388122501,0,0,0.160111999511719,1.63,0,-5400.240234375
100000000000000000000000,1,923125000,0,-43.5,2.66299064776947,0,0,0.160111999511719,1.63,0,-5400.240234375
100000000000000000000003,1,923125000,0,-47.5,6.17887461360336,0,0,0.160111999511719,1.63,0,-5400.240234375
100000000000000000000002,1,923125000,0,-47,5.52233083638831,0,0,0.160111999511719,1.63,0,-5400.240234375
100000000000000000000000,1,923125000,0,-43.5,2.66912657092102,0,0,0.160111999511719,1.63,0,-5400.240234375
100000000000000000000001,1,923125000,0,-44.5,2.89615572752809,0,0,0.160111999511719,1.63,0,-5400.240234375
100000000000000000000002,1,923125000,0,-47,5.52233083638831,0,0,0.160111999511719,1.63,0,-5400.240234375
100000000000000000000003,1,923125000,0,-47,6.15433092099719,0,0,0.160111999511719,1.63,0,-5400.240234375
100000000000000000000004,1,923125000,0,-50,0.153398078788564,0,0,0.160111999511719,1.63,0,-5400.240234375
100000000000000000000001,1,923125000,0,-44.5,2.89001980437655,0,0,0.160111999511719,1.63,0,-5400.240234375
100000000000000000000002,1,923125000,0,-47,5.51005899008522,0,0,0.160111999511719,1.63,0,-5400.240234375
100000000000000000000000,1,923125000,0,-43.5,2.65071880146639,0,0,0.160111999511719,1.63,0,-5400.240234375
100000000000000000000004,1,923125000,0,-50,0.153398078788564,0,0,0.160111999511719,1.63,0,-5400.240234375
100000000000000000000003,1,923125000,0,-47.5,6.16660276730028,0,0,0.160111999511719,1.63,0,-5400.240234375
100000000000000000000000,1,923125000,0,-43.5,2.67526249407256,0,0,0.160111999511719,1.63,0,-5400.240234375
100000000000000000000001,1,923125000,0,-44.5,2.89001980437655,0,0,0.160111999511719,1.63,0,-5400.240234375
100000000000000000000003,1,923125000,0,-47,6.15433092099719,0,0,0.160111999511719,1.63,0,-5400.240234375
100000000000000000000002,1,923125000,0,-47,5.53460268269139,0,0,0.160111999511719,1.63,0,-5400.240234375
100000000000000000000004,1,923125000,0,-50.5,0.134990309333936,0,0,0.160111999511719,1.63,0,-5400.240234375
100000000000000000000002,1,923125000,0,-47,5.52233083638831,0,0,0.160111999511719,1.63,0,-5400.240234375
100000000000000000000000,1,923125000,0,-43.5,2.66299064776947,0,0,0.160111999511719,1.63,0,-5400.240234375
100000000000000000000004,1,923125000,0,-50,0.122718463030851,0,0,0.160111999511719,1.63,0,-5400.240234375
100000000000000000000001,1,923125000,0,-44.5,2.89001980437655,0,0,0.160111999511719,1.63,0,-5400.240234375
100000000000000000000003,1,923125000,0,-47.5,6.16046684414874,0,0,0.160111999511719,1.63,0,-5400.240234375
100000000000000000000001,1,923125000,0,-44.5,2.88388388122501,0,0,0.160111999511719,1.63,0,-5400.240234375
100000000000000000000003,1,923125000,0,-47,6.12978722839102,0,0,0.160111999511719,1.63,0,-5400.240234375
100000000000000000000002,1,923125000,0,-47,5.53460268269139,0,0,0.160111999511719,1.63,0,-5400.240234375
100000000000000000000004,1,923125000,0,-50,0.147262155637022,0,0,0.160111999511719,1.63,0,-5400.240234375
100000000000000000000000,1,923125000,0,-43.5,2.68753434037564,0,0,0.160111999511719,1.63,0,-5400.240234375
100000000000000000000000,1,923125000,0,-43.5,2.65071880146639,0,0,0.160111999511719,1.63,0,-5400.240234375
100000000000000000000001,1,923125000,0,-44.5,2.89615572752809,0,0,0.160111999511719,1.63,0,-5400.240234375
100000000000000000000003,1,923125000,0,-47,6.15433092099719,0,0,0.160111999511719,1.63,0,-5400.240234375
100000000000000000000004,1,923125000,0,-50.5,0.134990309333936,0,0,0.160111999511719,1.63,0,-5400.240234375
100000000000000000000002,1,923125000,0,-47,5.51619491323677,0,0,0.160111999511719,1.63,0,-5400.240234375
100000000000000000000004,1,923125000,0,-50.5,0.122718463030851,0,0,0.160111999511719,1.63,0,-5400.240234375
100000000000000000000000,1,923125000,0,-43.5,2.66912657092102,0,0,0.160111999511719,1.63,0,-5400.240234375
100000000000000000000002,1,923125000,0,-47,5.54073860584294,0,0,0.160111999511719,1.63,0,-5400.240234375
100000000000000000000001,1,923125000,0,-44.5,2.88388388122501,0,0,0.160111999511719,1.63,0,-5400.240234375
100000000000000000000003,1,923125000,0,-47,6.14819499784565,0,0,0.160111999511719,1.63,0,-5400.240234375
100000000000000000000000,1,923125000,0,-43.5,2.64458287831485,0,0,0.160111999511719,1.63,0,-5400.240234375
100000000000000000000004,1,923125000,0,-50,0.122718463030851,0,0,0.160111999511719,1.63,0,-5400.240234375
100000000000000000000001,1,923125000,0,-44.5,2.89001980437655,0,0,0.160111999511719,1.63,0,-5400.240234375
100000000000000000000002,1,923125000,0,-47,5.52233083638831,0,0,0.160111999511719,1.63,0,-5400.240234375
100000000000000000000003,1,923125000,0,-47,6.15433092099719,0,0,0.160111999511719,1.63,0,-5400.240234375
100000000000000000000001,1,923125000,0,-44.5,2.89615572752809,0,0,0.160111999511719,1.63,0,-5400.240234375
100000000000000000000004,1,923125000,0,-50,0.128854386182394,0,0,0.160111999511719,1.63,0,-5400.240234375
100000000000000000000000,1,923125000,0,-43.5,2.66912657092102,0,0,0.160111999511719,1.63,0,-5400.240234375
100000000000000000000003,1,923125000,0,-47,6.16046684414874,0,0,0.160111999511719,1.63,0,-5400.240234375
100000000000000000000002,1,923125000,0,-47,5.51619491323677,0,0,0.160111999511719,1.63,0,-5400.240234375
100000000000000000000002,1,923125000,0,-47,5.53460268269139,0,0,0.160111999511719,1.63,0,-5400.240234375
100000000000000000000004,1,923125000,0,-50,0.122718463030851,0,0,0.160111999511719,1.63,0,-5400.240234375
100000000000000000000003,1,923125000,0,-47.5,6.16660276730028,0,0,0.160111999511719,1.63,0,-5400.240234375
100000000000000000000000,1,923125000,0,-43.5,2.68753434037564,0,0,0.160111999511719,1.63,0,-5400.240234375
100000000000000000000001,1,923125000,0,-44.5,2.89615572752809,0,0,0.160111999511719,1.63,0,-5400.240234375
100000000000000000000002,1,923625000,0,-46.5,5.76776776245001,0,0,0.160111999511719,1.63,0,-5400.240234375
100000000000000000000003,1,923625000,0,-47.5,0.122718463030851,0,0,0.160111999511719,1.63,0,-5400.240234375
100000000000000000000000,1,923625000,0,-43.5,2.86547611177038,0,0,0.160111999511719,1.63,0,-5400.240234375
100000000000000000000001,1,923625000,0,-45,3.11091303783208,0,0,0.160111999511719,1.63,0,-5400.240234375
100000000000000000000004,1,923625000,0,-49.5,0.355883542789469,0,0,0.160111999511719,1.63,0,-5400.240234375
100000000000000000000003,1,923625000,0,-47.5,0.147262155637022,0,0,0.160111999511719,1.63,0,-5400.240234375
100000000000000000000001,1,923625000,0,-45,3.10477711468054,0,0,0.160111999511719,1.63,0,-5400.240234375
100000000000000000000004,1,923625000,0,-49.5,0.362019465941011,0,0,0.160111999511719,1.63,0,-5400.240234375
100000000000000000000002,1,923625000,0,-46.5,5.76163183929847,0,0,0.160111999511719,1.63,0,-5400.240234375
100000000000000000000000,1,923625000,0,-43.5,2.86547611177038,0,0,0.160111999511719,1.63,0,-5400.240234375
100000000000000000000000,1,923625000,0,-43.5,2.89615572752809,0,0,0.160111999511719,1.63,0,-5400.240234375
100000000000000000000002,1,923625000,0,-46.5,5.76163183929847,0,0,0.160111999511719,1.63,0,-5400.240234375
100000000000000000000001,1,923625000,0,-45,3.08023342207437,0,0,0.160111999511719,1.63,0,-5400.240234375
100000000000000000000004,1,923625000,0,-49.5,0.368155389092554,0,0,0.160111999511719,1.63,0,-5400.240234375
100000000000000000000003,1,923625000,0,-47,0.128854386182394,0,0,0.160111999511719,1.63,0,-5400.240234375
100000000000000000000003,1,923625000,0,-47.5,0.104310693576224,0,0,0.160111999511719,1.63,0,-5400.240234375
100000000000000000000004,1,923625000,0,-49.5,0.386563158547181,0,0,0.160111999511719,1.63,0,-5400.240234375
100000000000000000000000,1,923625000,0,-43.5,2.87774795807346,0,0,0.160111999511719,1.63,0,-5400.240234375
100000000000000000000001,1,923625000,0,-45,3.11091303783208,0,0,0.160111999511719,1.63,0,-5400.240234375
100000000000000000000002,1,923625000,0,-46.5,5.78617553190464,0,0,0.160111999511719,1.63,0,-5400.240234375
100000000000000000000003,1,923625000,0,-47.5,0.128854386182394,0,0,0.160111999511719,1.63,0,-5400.240234375
100000000000000000000002,1,923625000,0,-46.5,5.76163183929847,0,0,0.160111999511719,1.63,0,-5400.240234375
100000000000000000000004,1,923625000,0,-49.5,0.404970928001809,0,0,0.160111999511719,1.63,0,-5400.240234375
100000000000000000000000,1,923625000,0,-43.5,2.89615572752809,0,0,0.160111999511719,1.63,0,-5400.240234375
100000000000000000000001,1,923625000,0,-45,3.11704896098362,0,0,0.160111999511719,1.63,0,-5400.240234375
100000000000000000000002,1,923625000,0,-46.5,5.76776776245001,0,0,0.160111999511719,1.63,0,-5400.240234375
100000000000000000000001,1,923625000,0,-45,3.12318488413517,0,0,0.160111999511719,1.63,0,-5400.240234375
100000000000000000000003,1,923625000,0,-47,0.134990309333936,0,0,0.160111999511719,1.63,0,-5400.240234375
100000000000000000000004,1,923625000,0,-49.5,0.392699081698725,0,0,0.160111999511719,1.63,0,-5400.240234375
100000000000000000000000,1,923625000,0,-43.5,2.87161203492192,0,0,0.160111999511719,1.63,0,-5400.240234375
100000000000000000000000,1,923625000,0,-43.5,2.86547611177038,0,0,0.160111999511719,1.63,0,-5400.240234375
100000000000000000000003,1,923625000,0,-47.5,0.116582539879309,0,0,0.160111999511719,1.63,0,-5400.240234375
100000000000000000000004,1,923625000,0,-49.5,0.392699081698725,0,0,0.160111999511719,1.63,0,-5400.240234375
100000000000000000000002,1,923625000,0,-46.5,5.76776776245001,0,0,0.160111999511719,1.63,0,-5400.240234375
100000000000000000000001,1,923625000,0,-45,3.11704896098362,0,0,0.160111999511719,1.63,0,-5400.240234375
100000000000000000000000,1,923625000,0,-43.5,2.88388388122501,0,0,0.160111999511719,1.63,0,-5400.240234375
100000000000000000000002,1,923625000,0,-46.5,5.74935999299538,0,0,0.160111999511719,1.63,0,-5400.240234375
100000000000000000000003,1,923625000,0,-47.5,0.104310693576224,0,0,0.160111999511719,1.63,0,-5400.240234375
100000000000000000000004,1,923625000,0,-50,0.374291312244097,0,0,0.160111999511719,1.63,0,-5400.240234375
100000000000000000000001,1,923625000,0,-45,3.10477711468054,0,0,0.160111999511719,1.63,0,-5400.240234375
100000000000000000000002,1,923625000,0,-46.5,5.7800396087531,0,0,0.160111999511719,1.63,0,-5400.240234375
100000000000000000000001,1,923625000,0,-45,3.09250526837745,0,0,0.160111999511719,1.63,0,-5400.240234375
100000000000000000000004,1,923625000,0,-49.5,0.355883542789469,0,0,0.160111999511719,1.63,0,-5400.240234375
100000000000000000000000,1,923625000,0,-43.5,2.87774795807346,0,0,0.160111999511719,1.63,0,-5400.240234375
100000000000000000000003,1,923625000,0,-47,0.116582539879309,0,0,0.160111999511719,1.63,0,-5400.240234375
100000000000000000000000,1,923625000,0,-43.5,2.86547611177038,0,0,0.160111999511719,1.63,0,-5400.240234375
100000000000000000000004,1,923625000,0,-49.5,0.380427235395639,0,0,0.160111999511719,1.63,0,-5400.240234375
100000000000000000000001,1,923625000,0,-45,3.10477711468054,0,0,0.160111999511719,1.63,0,-5400.240234375
100000000000000000000003,1,923625000,0,-47.5,0.128854386182394,0,0,0.160111999511719,1.63,0,-5400.240234375
100000000000000000000002,1,923625000,0,-46.5,5.76776776245001,0,0,0.160111999511719,1.63,0,-5400.240234375
100000000000000000000001,1,923625000,0,-45,3.11704896098362,0,0,0.160111999511719,1.63,0,-5400.240234375
100000000000000000000004,1,923625000,0,-50,0.374291312244097,0,0,0.160111999511719,1.63,0,-5400.240234375
100000000000000000000002,1,923625000,0,-46.5,5.76776776245001,0,0,0.160111999511719,1.63,0,-5400.240234375
100000000000000000000000,1,923625000,0,-43.5,2.87161203492192,0,0,0.160111999511719,1.63,0,-5400.240234375
100000000000000000000003,1,923625000,0,-47.5,0.110446616727766,0,0,0.160111999511719,1.63,0,-5400.240234375
100000000000000000000001,1,923625000,0,-45,3.12318488413517,0,0,0.160111999511719,1.63,0,-5400.240234375
100000000000000000000004,1,923625000,0,-49.5,0.392699081698725,0,0,0.160111999511719,1.63,0,-5400.240234375
100000000000000000000003,1,923625000,0,-47,0.134990309333936,0,0,0.160111999511719,1.63,0,-5400.240234375
100000000000000000000000,1,923625000,0,-43.5,2.86547611177038,0,0,0.160111999511719,1.63,0,-5400.240234375
100000000000000000000002,1,923625000,0,-46.5,5.75549591614693,0,0,0.160111999511719,1.63,0,-5400.240234375
100000000000000000000003,1,923625000,0,-47.5,0.134990309333936,0,0,0.160111999511719,1.63,0,-5400.240234375
100000000000000000000004,1,923625000,0,-49.5,0.392699081698725,0,0,0.160111999511719,1.63,0,-5400.240234375
100000000000000000000001,1,923625000,0,-45,3.12318488413517,0,0,0.160111999511719,1.63,0,-5400.240234375
100000000000000000000002,1,923625000,0,-46.5,5.7800396087531,0,0,0.160111999511719,1.63,0,-5400.240234375
100000000000000000000000,1,923625000,0,-43.5,2.88388388122501,0,0,0.160111999511719,1.63,0,-5400.240234375
100000000000000000000002,1,923625000,0,-46.5,5.77390368560155,0,0,0.160111999511719,1.63,0,-5400.240234375
100000000000000000000004,1,923625000,0,-49.5,0.362019465941011,0,0,0.160111999511719,1.63,0,-5400.240234375
100000000000000000000003,1,923625000,0,-47.5,0.116582539879309,0,0,0.160111999511719,1.63,0,-5400.240234375
100000000000000000000001,1,923625000,0,-45,3.11091303783208,0,0,0.160111999511719,1.63,0,-5400.240234375
100000000000000000000000,1,923625000,0,-43.5,2.85320426546729,0,0,0.160111999511719,1.63,0,-5400.240234375
100000000000000000000004,1,923625000,0,-49.5,0.404970928001809,0,0,0.160111999511719,1.63,0,-5400.240234375
100000000000000000000000,1,923625000,0,-43.5,2.88388388122501,0,0,0.160111999511719,1.63,0,-5400.240234375
100000000000000000000003,1,923625000,0,-47,0.134990309333936,0,0,0.160111999511719,1.63,0,-5400.240234375
100000000000000000000001,1,923625000,0,-45,3.12318488413517,0,0,0.160111999511719,1.63,0,-5400.240234375
100000000000000000000002,1,923625000,0,-46.5,5.74935999299538,0,0,0.160111999511719,1.63,0,-5400.240234375
100000000000000000000004,1,923625000,0,-49.5,0.374291312244097,0,0,0.160111999511719,1.63,0,-5400.240234375
100000000000000000000002,1,923625000,0,-46.5,5.77390368560155,0,0,0.160111999511719,1.63,0,-5400.240234375
100000000000000000000000,1,923625000,0,-43.5,2.86547611177038,0,0,0.160111999511719,1.63,0,-5400.240234375
100000000000000000000003,1,923625000,0,-47.5,0.116582539879309,0,0,0.160111999511719,1.63,0,-5400.240234375
100000000000000000000001,1,923625000,0,-44.5,3.10477711468054,0,0,0.160111999511719,1.63,0,-5400.240234375
100000000000000000000004,1,923625000,0,-49.5,0.380427235395639,0,0,0.160111999511719,1.63,0,-5400.240234375
100000000000000000000003,1,923625000,0,-47,0.116582539879309,0,0,0.160111999511719,1.63,0,-5400.240234375
100000000000000000000001,1,923625000,0,-45,3.11704896098362,0,0,0.160111999511719,1.63,0,-5400.240234375
100000000000000000000002,1,923625000,0,-46.5,5.7800396087531,0,0,0.160111999511719,1.63,0,-5400.240234375
100000000000000000000000,1,923625000,0,-43.5,2.89001980437655,0,0,0.160111999511719,1.63,0,-5400.240234375
100000000000000000000001,1,923625000,0,-45,3.10477711468054,0,0,0.160111999511719,1.63,0,-5400.240234375
100000000000000000000002,1,923625000,0,-46.5,5.77390368560155,0,0,0.160111999511719,1.63,0,-5400.240234375
100000000000000000000004,1,923625000,0,-49.5,0.386563158547181,0,0,0.160111999511719,1.63,0,-5400.240234375
100000000000000000000000,1,923625000,0,-43.5,2.85934018861884,0,0,0.160111999511719,1.63,0,-5400.240234375
100000000000000000000003,1,923625000,0,-47,0.110446616727766,0,0,0.160111999511719,1.63,0,-5400.240234375
100000000000000000000000,1,923625000,0,-43.5,2.87774795807346,0,0,0.160111999511719,1.63,0,-5400.240234375
100000000000000000000002,1,923625000,0,-46.5,5.76163183929847,0,0,0.160111999511719,1.63,0,-5400.240234375
100000000000000000000001,1,923625000,0,-45,3.10477711468054,0,0,0.160111999511719,1.63,0,-5400.240234375
100000000000000000000004,1,923625000,0,-49.5,0.380427235395639,0,0,0.160111999511719,1.63,0,-5400.240234375
100000000000000000000003,1,923625000,0,-47.5,0.128854386182394,0,0,0.160111999511719,1.63,0,-5400.240234375
100000000000000000000003,1,923625000,0,-47,0.153398078788564,0,0,0.160111999511719,1.63,0,-5400.240234375
100000000000000000000002,1,923625000,0,-46.5,5.75549591614693,0,0,0.160111999511719,1.63,0,-5400.240234375
100000000000000000000001,1,923625000,0,-45,3.12318488413517,0,0,0.160111999511719,1.63,0,-5400.240234375
100000000000000000000000,1,923625000,0,-43.5,2.87774795807346,0,0,0.160111999511719,1.63,0,-5400.240234375
100000000000000000000004,1,923625000,0,-50,0.349747619637927,0,0,0.160111999511719,1.63,0,-5400.240234375
100000000000000000000003,1,923625000,0,-47,0.141126232485479,0,0,0.160111999511719,1.63,0,-5400.240234375
100000000000000000000000,1,923625000,0,-43.5,2.86547611177038,0,0,0.160111999511719,1.63,0,-5400.240234375
100000000000000000000004,1,923625000,0,-49.5,0.386563158547181,0,0,0.160111999511719,1.63,0,-5400.240234375
100000000000000000000002,1,923625000,0,-46.5,5.77390368560155,0,0,0.160111999511719,1.63,0,-5400.240234375
100000000000000000000001,1,923625000,0,-45,3.10477711468054,0,0,0.160111999511719,1.63,0,-5400.240234375
100000000000000000000002,1,923625000,0,-46.5,5.77390368560155,0,0,0.160111999511719,1.63,0,-5400.240234375
100000000000000000000004,1,923625000,0,-50,0.368155389092554,0,0,0.160111999511719,1.63,0,-5400.240234375
100000000000000000000003,1,923625000,0,-47,0.122718463030851,0,0,0.160111999511719,1.63,0,-5400.240234375
100000000000000000000001,1,923625000,0,-45,3.11704896098362,0,0,0.160111999511719,1.63,0,-5400.240234375
100000000000000000000000,1,923625000,0,-43.5,2.86547611177038,0,0,0.160111999511719,1.63,0,-5400.240234375
100000000000000000000003,1,923625000,0,-47,0.141126232485479,0,0,0.160111999511719,1.63,0,-5400.240234375
100000000000000000000004,1,923625000,0,-49.5,0.355883542789469,0,0,0.160111999511719,1.63,0,-5400.240234375
100000000000000000000001,1,923625000,0,-45,3.11704896098362,0,0,0.160111999511719,1.63,0,-5400.240234375
100000000000000000000000,1,923625000,0,-43.5,2.88388388122501,0,0,0.160111999511719,1.63,0,-5400.240234375
100000000000000000000002,1,923625000,0,-46.5,5.76776776245001,0,0,0.160111999511719,1.63,0,-5400.240234375
100000000000000000000000,1,923625000,0,-43.5,2.89001980437655,0,0,0.160111999511719,1.63,0,-5400.240234375
100000000000000000000004,1,923625000,0,-50,0.392699081698725,0,0,0.160111999511719,1.63,0,-5400.240234375
100000000000000000000002,1,923625000,0,-46.5,5.76776776245001,0,0,0.160111999511719,1.63,0,-5400.240234375
100000000000000000000001,1,923625000,0,-45,3.10477711468054,0,0,0.160111999511719,1.63,0,-5400.240234375
100000000000000000000003,1,923625000,0,-47.5,0.141126232485479,0,0,0.160111999511719,1.63,0,-5400.240234375
100000000000000000000004,1,923625000,0,-49.5,0.398835004850267,0,0,0.160111999511719,1.63,0,-5400.240234375
100000000000000000000002,1,923625000,0,-46.5,5.76776776245001,0,0,0.160111999511719,1.63,0,-5400.240234375
100000000000000000000003,1,923625000,0,-47,0.147262155637022,0,0,0.160111999511719,1.63,0,-5400.240234375
100000000000000000000001,1,923625000,0,-45,3.11091303783208,0,0,0.160111999511719,1.63,0,-5400.240234375
100000000000000000000000,1,923625000,0,-43.5,2.85320426546729,0,0,0.160111999511719,1.63,0,-5400.240234375
100000000000000000000004,1,923625000,0,-49.5,0.355883542789469,0,0,0.160111999511719,1.63,0,-5400.240234375
100000000000000000000002,1,923625000,0,-46.5,5.76776776245001,0,0,0.160111999511719,1.63,0,-5400.240234375
100000000000000000000003,1,923625000,0,-47.5,0.128854386182394,0,0,0.160111999511719,1.63,0,-5400.240234375
100000000000000000000001,1,923625000,0,-45,3.12318488413517,0,0,0.160111999511719,1.63,0,-5400.240234375
100000000000000000000000,1,923625000,0,-43.5,2.85934018861884,0,0,0.160111999511719,1.63,0,-5400.240234375
100000000000000000000000,1,923625000,0,-43.5,2.86547611177038,0,0,0.160111999511719,1.63,0,-5400.240234375
100000000000000000000001,1,923625000,0,-44.5,3.11091303783208,0,0,0.160111999511719,1.63,0,-5400.240234375
100000000000000000000002,1,923625000,0,-46.5,5.7800396087531,0,0,0.160111999511719,1.63,0,-5400.240234375
100000000000000000000003,1,923625000,0,-47,0.122718463030851,0,0,0.160111999511719,1.63,0,-5400.240234375
100000000000000000000004,1,923625000,0,-49.5,0.386563158547181,0,0,0.160111999511719,1.63,0,-5400.240234375
100000000000000000000000,1,923625000,0,-43.5,2.89615572752809,0,0,0.160111999511719,1.63,0,-5400.240234375
100000000000000000000003,1,923625000,0,-47,0.153398078788564,0,0,0.160111999511719,1.63,0,-5400.240234375
100000000000000000000004,1,923625000,0,-50,0.392699081698725,0,0,0.160111999511719,1.63,0,-5400.240234375
100000000000000000000002,1,923625000,0,-46.5,5.76163183929847,0,0,0.160111999511719,1.63,0,-5400.240234375
100000000000000000000001,1,923625000,0,-45,3.11091303783208,0,0,0.160111999511719,1.63,0,-5400.240234375
100000000000000000000003,1,923625000,0,-47,0.110446616727766,0,0,0.160111999511719,1.63,0,-5400.240234375
100000000000000000000001,1,923625000,0,-45,3.11091303783208,0,0,0.160111999511719,1.63,0,-5400.240234375
100000000000000000000000,1,923625000,0,-43.5,2.86547611177038,0,0,0.160111999511719,1.63,0,-5400.240234375
100000000000000000000004,1,923625000,0,-50,0.380427235395639,0,0,0.160111999511719,1.63,0,-5400.240234375
100000000000000000000002,1,923625000,0,-46.5,5.74935999299538,0,0,0.160111999511719,1.63,0,-5400.240234375
100000000000000000000000,1,923625000,0,-43.5,2.85320426546729,0,0,0.160111999511719,1.63,0,-5400.240234375
100000000000000000000001,1,923625000,0,-45,3.12318488413517,0,0,0.160111999511719,1.63,0,-5400.240234375
100000000000000000000004,1,923625000,0,-49.5,0.380427235395639,0,0,0.160111999511719,1.63,0,-5400.240234375
100000000000000000000003,1,923625000,0,-47.5,0.141126232485479,0,0,0.160111999511719,1.63,0,-5400.240234375
100000000000000000000002,1,923625000,0,-46.5,5.76163183929847,0,0,0.160111999511719,1.63,0,-5400.240234375
100000000000000000000000,1,923625000,0,-43.5,2.89001980437655,0,0,0.160111999511719,1.63,0,-5400.240234375
100000000000000000000004,1,923625000,0,-50,0.362019465941011,0,0,0.160111999511719,1.63,0,-5400.240234375
100000000000000000000003,1,923625000,0,-47.5,0.116582539879309,0,0,0.160111999511719,1.63,0,-5400.240234375
100000000000000000000002,1,923625000,0,-46.5,5.76163183929847,0,0,0.160111999511719,1.63,0,-5400.240234375
100000000000000000000001,1,923625000,0,-45,3.11091303783208,0,0,0.160111999511719,1.63,0,-5400.240234375
100000000000000000000003,1,923625000,0,-47,0.104310693576224,0,0,0.160111999511719,1.63,0,-5400.240234375
100000000000000000000002,1,923625000,0,-46.5,5.7370881466923,0,0,0.160111999511719,1.63,0,-5400.240234375
100000000000000000000004,1,923625000,0,-49.5,0.392699081698725,0,0,0.160111999511719,1.63,0,-5400.240234375
100000000000000000000000,1,923625000,0,-43.5,2.85934018861884,0,0,0.160111999511719,1.63,0,-5400.240234375
100000000000000000000001,1,923625000,0,-45,3.11091303783208,0,0,0.160111999511719,1.63,0,-5400.240234375
100000000000000000000003,1,923625000,0,-47.5,0.104310693576224,0,0,0.160111999511719,1.63,0,-5400.240234375
100000000000000000000004,1,923625000,0,-50,0.380427235395639,0,0,0.160111999511719,1.63,0,-5400.240234375
100000000000000000000001,1,923625000,0,-45,3.10477711468054,0,0,0.160111999511719,1.63,0,-5400.240234375
100000000000000000000002,1,923625000,0,-46.5,5.76163183929847,0,0,0.160111999511719,1.63,0,-5400.240234375
100000000000000000000000,1,923625000,0,-43.5,2.89615572752809,0,0,0.160111999511719,1.63,0,-5400.240234375
100000000000000000000001,1,923625000,0,-45,3.10477711468054,0,0,0.160111999511719,1.63,0,-5400.240234375
100000000000000000000003,1,923625000,0,-47,0.122718463030851,0,0,0.160111999511719,1.63,0,-5400.240234375
100000000000000000000004,1,923625000,0,-49.5,0.374291312244097,0,0,0.160111999511719,1.63,0,-5400.240234375
100000000000000000000002,1,923625000,0,-46.5,5.77390368560155,0,0,0.160111999511719,1.63,0,-5400.240234375
100000000000000000000000,1,923625000,0,-43.5,2.87774795807346,0,0,0.160111999511719,1.63,0,-5400.240234375
100000000000000000000003,1,923625000,0,-47,0.134990309333936,0,0,0.160111999511719,1.63,0,-5400.240234375
100000000000000000000000,1,923625000,0,-43.5,2.89001980437655,0,0,0.160111999511719,1.63,0,-5400.240234375
100000000000000000000001,1,923625000,0,-45,3.10477711468054,0,0,0.160111999511719,1.63,0,-5400.240234375
100000000000000000000002,1,923625000,0,-46.5,5.77390368560155,0,0,0.160111999511719,1.63,0,-5400.240234375
100000000000000000000004,1,923625000,0,-49.5,0.349747619637927,0,0,0.160111999511719,1.63,0,-5400.240234375
100000000000000000000001,1,923625000,0,-45,3.11704896098362,0,0,0.160111999511719,1.63,0,-5400.240234375
100000000000000000000000,1,923625000,0,-43.5,2.88388388122501,0,0,0.160111999511719,1.63,0,-5400.240234375
100000000000000000000002,1,923625000,0,-46.5,5.7800396087531,0,0,0.160111999511719,1.63,0,-5400.240234375
100000000000000000000003,1,923625000,0,-47.5,0.0981747704246807,0,0,0.160111999511719,1.63,0,-5400.240234375
100000000000000000000004,1,923625000,0,-49.5,0.368155389092554,0,0,0.160111999511719,1.63,0,-5400.240234375
100000000000000000000003,1,923625000,0,-47,0.116582539879309,0,0,0.160111999511719,1.63,0,-5400.240234375
100000000000000000000004,1,923625000,0,-49.5,0.362019465941011,0,0,0.160111999511719,1.63,0,-5400.240234375
100000000000000000000002,1,923625000,0,-46.5,5.76776776245001,0,0,0.160111999511719,1.63,0,-5400.240234375
100000000000000000000000,1,923625000,0,-43.5,2.87774795807346,0,0,0.160111999511719,1.63,0,-5400.240234375
100000000000000000000001,1,923625000,0,-45,3.12318488413517,0,0,0.160111999511719,1.63,0,-5400.240234375
100000000000000000000002,1,923625000,0,-46.5,5.75549591614693,0,0,0.160111999511719,1.63,0,-5400.240234375
100000000000000000000001,1,923625000,0,-45,3.09250526837745,0,0,0.160111999511719,1.63,0,-5400.240234375
100000000000000000000003,1,923625000,0,-47.5,0.147262155637022,0,0,0.160111999511719,1.63,0,-5400.240234375
100000000000000000000000,1,923625000,0,-43.5,2.86547611177038,0,0,0.160111999511719,1.63,0,-5400.240234375
100000000000000000000004,1,923625000,0,-49.5,0.392699081698725,0,0,0.160111999511719,1.63,0,-5400.240234375
100000000000000000000003,1,923625000,0,-47.5,0.122718463030851,0,0,0.160111999511719,1.63,0,-5400.240234375
100000000000000000000000,1,923625000,0,-43.5,2.87161203492192,0,0,0.160111999511719,1.63,0,-5400.240234375
100000000000000000000004,1,923625000,0,-49.5,0.380427235395639,0,0,0.160111999511719,1.63,0,-5400.240234375
100000000000000000000001,1,923625000,0,-45,3.09250526837745,0,0,0.160111999511719,1.63,0,-5400.240234375
100000000000000000000002,1,923625000,0,-46.5,5.75549591614693,0,0,0.160111999511719,1.63,0,-5400.240234375
100000000000000000000000,1,923625000,0,-43.5,2.88388388122501,0,0,0.160111999511719,1.63,0,-5400.240234375
100000000000000000000004,1,923625000,0,-49.5,0.392699081698725,0,0,0.160111999511719,1.63,0,-5400.240234375
100000000000000000000002,1,923625000,0,-46.5,5.77390368560155,0,0,0.160111999511719,1.63,0,-5400.240234375
100000000000000000000001,1,923625000,0,-45,3.11091303783208,0,0,0.160111999511719,1.63,0,-5400.240234375
100000000000000000000003,1,923625000,0,-47.5,0.104310693576224,0,0,0.160111999511719,1.63,0,-5400.240234375
100000000000000000000004,1,923625000,0,-49.5,0.386563158547181,0,0,0.160111999511719,1.63,0,-5400.240234375
100000000000000000000000,1,923625000,0,-43.5,2.88388388122501,0,0,0.160111999511719,1.63,0,-5400.240234375
100000000000000000000003,1,923625000,0,-47.5,0.0981747704246807,0,0,0.160111999511719,1.63,0,-5400.240234375
100000000000000000000001,1,923625000,0,-45,3.12318488413517,0,0,0.160111999511719,1.63,0,-5400.240234375
100000000000000000000002,1,923625000,0,-46.5,5.76776776245001,0,0,0.160111999511719,1.63,0,-5400.240234375
100000000000000000000002,1,923625000,0,-46.5,5.77390368560155,0,0,0.160111999511719,1.63,0,-5400.240234375
100000000000000000000003,1,923625000,0,-47,0.122718463030851,0,0,0.160111999511719,1.63,0,-5400.240234375
100000000000000000000001,1,923625000,0,-45,3.10477711468054,0,0,0.160111999511719,1.63,0,-5400.240234375
100000000000000000000000,1,923625000,0,-43.5,2.87161203492192,0,0,0.160111999511719,1.63,0,-5400.240234375
100000000000000000000004,1,923625000,0,-49.5,0.404970928001809,0,0,0.160111999511719,1.63,0,-5400.240234375
100000000000000000000000,1,923625000,0,-43.5,2.86547611177038,0,0,0.160111999511719,1.63,0,-5400.240234375
100000000000000000000003,1,923625000,0,-47,0.134990309333936,0,0,0.160111999511719,1.63,0,-5400.240234375
100000000000000000000004,1,923625000,0,-50,0.386563158547181,0,0,0.160111999511719,1.63,0,-5400.240234375
100000000000000000000002,1,923625000,0,-46.5,5.76776776245001,0,0,0.160111999511719,1.63,0,-5400.240234375
100000000000000000000001,1,923625000,0,-45,3.098641191529,0,0,0.160111999511719,1.63,0,-5400.240234375
100000000000000000000001,1,923625000,0,-45,3.11704896098362,0,0,0.160111999511719,1.63,0,-5400.240234375
100000000000000000000000,1,923625000,0,-43.5,2.85934018861884,0,0,0.160111999511719,1.63,0,-5400.240234375
100000000000000000000004,1,923625000,0,-49.5,0.392699081698725,0,0,0.160111999511719,1.63,0,-5400.240234375
100000000000000000000002,1,923625000,0,-46.5,5.7800396087531,0,0,0.160111999511719,1.63,0,-5400.240234375
100000000000000000000003,1,923625000,0,-47,0.104310693576224,0,0,0.160111999511719,1.63,0,-5400.240234375
100000000000000000000001,1,923625000,0,-45,3.11704896098362,0,0,0.160111999511719,1.63,0,-5400.240234375
100000000000000000000003,1,923625000,0,-47.5,0.128854386182394,0,0,0.160111999511719,1.63,0,-5400.240234375
100000000000000000000000,1,923625000,0,-43.5,2.86547611177038,0,0,0.160111999511719,1.63,0,-5400.240234375
100000000000000000000002,1,923625000,0,-46.5,5.74322406984384,0,0,0.160111999511719,1.63,0,-5400.240234375
100000000000000000000004,1,923625000,0,-49.5,0.355883542789469,0,0,0.160111999511719,1.63,0,-5400.240234375
100000000000000000000003,1,923625000,0,-47,0.122718463030851,0,0,0.160111999511719,1.63,0,-5400.240234375
100000000000000000000000,1,923625000,0,-43.5,2.86547611177038,0,0,0.160111999511719,1.63,0,-5400.240234375
100000000000000000000001,1,923625000,0,-45,3.11091303783208,0,0,0.160111999511719,1.63,0,-5400.240234375
100000000000000000000002,1,923625000,0,-46.5,5.74935999299538,0,0,0.160111999511719,1.63,0,-5400.240234375
100000000000000000000004,1,923625000,0,-49.5,0.368155389092554,0,0,0.160111999511719,1.63,0,-5400.240234375
100000000000000000000000,1,923625000,0,-43.5,2.89615572752809,0,0,0.160111999511719,1.63,0,-5400.240234375
100000000000000000000001,1,923625000,0,-45,3.11091303783208,0,0,0.160111999511719,1.63,0,-5400.240234375
100000000000000000000004,1,923625000,0,-49.5,0.374291312244097,0,0,0.160111999511719,1.63,0,-5400.240234375
100000000000000000000003,1,923625000,0,-47.5,0.110446616727766,0,0,0.160111999511719,1.63,0,-5400.240234375
100000000000000000000002,1,923625000,0,-46.5,5.76776776245001,0,0,0.160111999511719,1.63,0,-5400.240234375
100000000000000000000002,1,923625000,0,-46.5,5.78617553190464,0,0,0.160111999511719,1.63,0,-5400.240234375
100000000000000000000000,1,923625000,0,-43.5,2.84706834231575,0,0,0.160111999511719,1.63,0,-5400.240234375
100000000000000000000003,1,923625000,0,-47,0.134990309333936,0,0,0.160111999511719,1.63,0,-5400.240234375
100000000000000000000004,1,923625000,0,-50,0.349747619637927,0,0,0.160111999511719,1.63,0,-5400.240234375
100000000000000000000001,1,923625000,0,-45,3.10477711468054,0,0,0.160111999511719,1.63,0,-5400.240234375
100000000000000000000003,1,923625000,0,-47.5,0.110446616727766,0,0,0.160111999511719,1.63,0,-5400.240234375
100000000000000000000000,1,923625000,0,-43.5,2.85320426546729,0,0,0.160111999511719,1.63,0,-5400.240234375
100000000000000000000002,1,923625000,0,-46.5,5.76163183929847,0,0,0.160111999511719,1.63,0,-5400.240234375
100000000000000000000004,1,923625000,0,-49.5,0.374291312244097,0,0,0.160111999511719,1.63,0,-5400.240234375
100000000000000000000001,1,923625000,0,-45,3.12932080728671,0,0,0.160111999511719,1.63,0,-5400.240234375
100000000000000000000001,1,923625000,0,-45,3.10477711468054,0,0,0.160111999511719,1.63,0,-5400.240234375
100000000000000000000000,1,923625000,0,-43.5,2.89615572752809,0,0,0.160111999511719,1.63,0,-5400.240234375
100000000000000000000004,1,923625000,0,-49.5,0.398835004850267,0,0,0.160111999511719,1.63,0,-5400.240234375
100000000000000000000003,1,923625000,0,-47,0.110446616727766,0,0,0.160111999511719,1.63,0,-5400.240234375
100000000000000000000002,1,923625000,0,-46.5,5.77390368560155,0,0,0.160111999511719,1.63,0,-5400.240234375
100000000000000000000003,1,923625000,0,-47.5,0.104310693576224,0,0,0.160111999511719,1.63,0,-5400.240234375
100000000000000000000004,1,923625000,0,-50,0.386563158547181,0,0,0.160111999511719,1.63,0,-5400.240234375
100000000000000000000000,1,923625000,0,-43.5,2.88388388122501,0,0,0.160111999511719,1.63,0,-5400.240234375
100000000000000000000001,1,923625000,0,-45,3.11091303783208,0,0,0.160111999511719,1.63,0,-5400.240234375
100000000000000000000002,1,923625000,0,-46.5,5.76776776245001,0,0,0.160111999511719,1.63,0,-5400.240234375
100000000000000000000000,1,923625000,0,-43.5,2.86547611177038,0,0,0.160111999511719,1.63,0,-5400.240234375
100000000000000000000004,1,923625000,0,-49.5,0.392699081698725,0,0,0.160111999511719,1.63,0,-5400.240234375
100000000000000000000002,1,923625000,0,-46.5,5.75549591614693,0,0,0.160111999511719,1.63,0,-5400.240234375
100000000000000000000001,1,923625000,0,-45,3.11091303783208,0,0,0.160111999511719,1.63,0,-5400.240234375
100000000000000000000003,1,923625000,0,-47,0.110446616727766,0,0,0.160111999511719,1.63,0,-5400.240234375
100000000000000000000004,1,923625000,0,-49.5,0.386563158547181,0,0,0.160111999511719,1.63,0,-5400.240234375
100000000000000000000001,1,923625000,0,-45,3.11091303783208,0,0,0.160111999511719,1.63,0,-5400.240234375
100000000000000000000002,1,923625000,0,-46.5,5.77390368560155,0,0,0.160111999511719,1.63,0,-5400.240234375
100000000000000000000003,1,923625000,0,-47,0.147262155637022,0,0,0.160111999511719,1.63,0,-5400.240234375
100000000000000000000000,1,923625000,0,-43.5,2.87161203492192,0,0,0.160111999511719,1.63,0,-5400.240234375
100000000000000000000003,1,923625000,0,-47.5,0.128854386182394,0,0,0.160111999511719,1.63,0,-5400.240234375
100000000000000000000002,1,923625000,0,-46.5,5.75549591614693,0,0,0.160111999511719,1.63,0,-5400.240234375
100000000000000000000004,1,923625000,0,-49.5,0.392699081698725,0,0,0.160111999511719,1.63,0,-5400.240234375
100000000000000000000000,1,923625000,0,-43.5,2.87161203492192,0,0,0.160111999511719,1.63,0,-5400.240234375
100000000000000000000001,1,923625000,0,-45,3.10477711468054,0,0,0.160111999511719,1.63,0,-5400.240234375
100000000000000000000003,1,923625000,0,-47.5,0.159534001940107,0,0,0.160111999511719,1.63,0,-5400.240234375
100000000000000000000004,1,923625000,0,-49.5,0.362019465941011,0,0,0.160111999511719,1.63,0,-5400.240234375
100000000000000000000002,1,923625000,0,-46.5,5.76776776245001,0,0,0.160111999511719,1.63,0,-5400.240234375
100000000000000000000001,1,923625000,0,-45,3.098641191529,0,0,0.160111999511719,1.63,0,-5400.240234375
100000000000000000000000,1,923625000,0,-43.5,2.87774795807346,0,0,0.160111999511719,1.63,0,-5400.240234375
100000000000000000000000,1,923625000,0,-43.5,2.85320426546729,0,0,0.160111999511719,1.63,0,-5400.240234375
100000000000000000000001,1,923625000,0,-45,3.11704896098362,0,0,0.160111999511719,1.63,0,-5400.240234375
100000000000000000000002,1,923625000,0,-46.5,5.76776776245001,0,0,0.160111999511719,1.63,0,-5400.240234375
100000000000000000000003,1,923625000,0,-47,0.159534001940107,0,0,0.160111999511719,1.63,0,-5400.240234375
100000000000000000000004,1,923625000,0,-50,0.386563158547181,0,0,0.160111999511719,1.63,0,-5400.240234375
100000000000000000000002,1,923625000,0,-46.5,5.76163183929847,0,0,0.160111999511719,1.63,0,-5400.240234375
100000000000000000000000,1,923625000,0,-43.5,2.87774795807346,0,0,0.160111999511719,1.63,0,-5400.240234375
100000000000000000000001,1,923625000,0,-45,3.12318488413517,0,0,0.160111999511719,1.63,0,-5400.240234375
100000000000000000000004,1,923625000,0,-50,0.362019465941011,0,0,0.160111999511719,1.63,0,-5400.240234375
100000000000000000000003,1,923625000,0,-47.5,0.116582539879309,0,0,0.160111999511719,1.63,0,-5400.240234375
100000000000000000000000,1,923625000,0,-43.5,2.86547611177038,0,0,0.160111999511719,1.63,0,-5400.240234375
100000000000000000000003,1,923625000,0,-47.5,0.128854386182394,0,0,0.160111999511719,1.63,0,-5400.240234375
100000000000000000000002,1,923625000,0,-46.5,5.78617553190464,0,0,0.160111999511719,1.63,0,-5400.240234375
100000000000000000000001,1,923625000,0,-45,3.11091303783208,0,0,0.160111999511719,1.63,0,-5400.240234375
100000000000000000000004,1,923625000,0,-49.5,0.362019465941011,0,0,0.160111999511719,1.63,0,-5400.240234375
100000000000000000000000,1,923625000,0,-43.5,2.87161203492192,0,0,0.160111999511719,1.63,0,-5400.240234375
100000000000000000000001,1,923625000,0,-44.5,3.11091303783208,0,0,0.160111999511719,1.63,0,-5400.240234375
100000000000000000000003,1,923625000,0,-47,0.141126232485479,0,0,0.160111999511719,1.63,0,-5400.240234375
100000000000000000000002,1,923625000,0,-46.5,5.76776776245001,0,0,0.160111999511719,1.63,0,-5400.240234375
100000000000000000000004,1,923625000,0,-49.5,0.392699081698725,0,0,0.160111999511719,1.63,0,-5400.240234375
100000000000000000000003,1,923625000,0,-47.5,0.153398078788564,0,0,0.160111999511719,1.63,0,-5400.240234375
100000000000000000000001,1,923625000,0,-45,3.11704896098362,0,0,0.160111999511719,1.63,0,-5400.240234375
100000000000000000000000,1,923625000,0,-43.5,2.89001980437655,0,0,0.160111999511719,1.63,0,-5400.240234375
100000000000000000000002,1,923625000,0,-46.5,5.7800396087531,0,0,0.160111999511719,1.63,0,-5400.240234375
100000000000000000000004,1,923625000,0,-50,0.404970928001809,0,0,0.160111999511719,1.63,0,-5400.240234375
100000000000000000000004,1,923625000,0,-49.5,0.392699081698725,0,0,0.160111999511719,1.63,0,-5400.240234375
100000000000000000000002,1,923625000,0,-46.5,5.75549591614693,0,0,0.160111999511719,1.63,0,-5400.240234375
100000000000000000000003,1,923625000,0,-47,0.128854386182394,0,0,0.160111999511719,1.63,0,-5400.240234375
100000000000000000000001,1,923625000,0,-45,3.11704896098362,0,0,0.160111999511719,1.63,0,-5400.240234375
100000000000000000000000,1,923625000,0,-43.5,2.87774795807346,0,0,0.160111999511719,1.63,0,-5400.240234375
100000000000000000000003,1,923625000,0,-47,0.104310693576224,0,0,0.160111999511719,1.63,0,-5400.240234375
100000000000000000000002,1,923625000,0,-46.5,5.7800396087531,0,0,0.160111999511719,1.63,0,-5400.240234375
100000000000000000000000,1,923625000,0,-43.5,2.85934018861884,0,0,0.160111999511719,1.63,0,-5400.240234375
100000000000000000000004,1,923625000,0,-49.5,0.368155389092554,0,0,0.160111999511719,1.63,0,-5400.240234375
100000000000000000000001,1,923625000,0,-45,3.098641191529,0,0,0.160111999511719,1.63,0,-5400.240234375
100000000000000000000002,1,923625000,0,-46.5,5.7800396087531,0,0,0.160111999511719,1.63,0,-5400.240234375
100000000000000000000003,1,923625000,0,-47,0.128854386182394,0,0,0.160111999511719,1.63,0,-5400.240234375
100000000000000000000000,1,923625000,0,-43.5,2.85934018861884,0,0,0.160111999511719,1.63,0,-5400.240234375
100000000000000000000001,1,923625000,0,-45,3.12318488413517,0,0,0.160111999511719,1.63,0,-5400.240234375
100000000000000000000004,1,923625000,0,-49.5,0.398835004850267,0,0,0.160111999511719,1.63,0,-5400.240234375
100000000000000000000004,1,923625000,0,-49.5,0.398835004850267,0,0,0.160111999511719,1.63,0,-5400.240234375
100000000000000000000000,1,923625000,0,-43.5,2.87774795807346,0,0,0.160111999511719,1.63,0,-5400.240234375
100000000000000000000003,1,923625000,0,-47.5,0.116582539879309,0,0,0.160111999511719,1.63,0,-5400.240234375
100000000000000000000002,1,923625000,0,-46.5,5.7800396087531,0,0,0.160111999511719,1.63,0,-5400.240234375
100000000000000000000001,1,923625000,0,-45,3.10477711468054,0,0,0.160111999511719,1.63,0,-5400.240234375
100000000000000000000003,1,923625000,0,-47.5,0.128854386182394,0,0,0.160111999511719,1.63,0,-5400.240234375
100000000000000000000001,1,923625000,0,-45,3.11704896098362,0,0,0.160111999511719,1.63,0,-5400.240234375
100000000000000000000002,1,923625000,0,-46.5,5.75549591614693,0,0,0.160111999511719,1.63,0,-5400.240234375
100000000000000000000000,1,923625000,0,-43.5,2.87161203492192,0,0,0.160111999511719,1.63,0,-5400.240234375
100000000000000000000004,1,923625000,0,-49.5,0.386563158547181,0,0,0.160111999511719,1.63,0,-5400.240234375
100000000000000000000003,1,923625000,0,-47,0.147262155637022,0,0,0.160111999511719,1.63,0,-5400.240234375
100000000000000000000000,1,923625000,0,-43.5,2.88388388122501,0,0,0.160111999511719,1.63,0,-5400.240234375
100000000000000000000001,1,923625000,0,-45,3.11091303783208,0,0,0.160111999511719,1.63,0,-5400.240234375
100000000000000000000004,1,923625000,0,-49.5,0.380427235395639,0,0,0.160111999511719,1.63,0,-5400.240234375
100000000000000000000002,1,923625000,0,-46.5,5.76776776245001,0,0,0.160111999511719,1.63,0,-5400.240234375
100000000000000000000000,1,923625000,0,-43.5,2.89001980437655,0,0,0.160111999511719,1.63,0,-5400.240234375
100000000000000000000003,1,923625000,0,-47,0.134990309333936,0,0,0.160111999511719,1.63,0,-5400.240234375
100000000000000000000004,1,923625000,0,-49.5,0.362019465941011,0,0,0.160111999511719,1.63,0,-5400.240234375
100000000000000000000002,1,923625000,0,-46.5,5.78617553190464,0,0,0.160111999511719,1.63,0,-5400.240234375
100000000000000000000001,1,923625000,0,-45,3.11091303783208,0,0,0.160111999511719,1.63,0,-5400.240234375
100000000000000000000000,1,923625000,0,-43.5,2.86547611177038,0,0,0.160111999511719,1.63,0,-5400.240234375
100000000000000000000004,1,923625000,0,-49.5,0.392699081698725,0,0,0.160111999511719,1.63,0,-5400.240234375
100000000000000000000001,1,923625000,0,-45,3.11091303783208,0,0,0.160111999511719,1.63,0,-5400.240234375
100000000000000000000003,1,923625000,0,-47.5,0.122718463030851,0,0,0.160111999511719,1.63,0,-5400.240234375
100000000000000000000002,1,923625000,0,-46.5,5.75549591614693,0,0,0.160111999511719,1.63,0,-5400.240234375
100000000000000000000001,1,923625000,0,-45,3.11091303783208,0,0,0.160111999511719,1.63,0,-5400.240234375
100000000000000000000002,1,923625000,0,-46.5,5.77390368560155,0,0,0.160111999511719,1.63,0,-5400.240234375
100000000000000000000004,1,923625000,0,-50,0.392699081698725,0,0,0.160111999511719,1.63,0,-5400.240234375
100000000000000000000000,1,923625000,0,-43.5,2.85934018861884,0,0,0.160111999511719,1.63,0,-5400.240234375
100000000000000000000003,1,923625000,0,-47.5,0.104310693576224,0,0,0.160111999511719,1.63,0,-5400.240234375
100000000000000000000003,1,923625000,0,-47,0.153398078788564,0,0,0.160111999511719,1.63,0,-5400.240234375
100000000000000000000001,1,923625000,0,-45,3.098641191529,0,0,0.160111999511719,1.63,0,-5400.240234375
100000000000000000000002,1,923625000,0,-46.5,5.75549591614693,0,0,0.160111999511719,1.63,0,-5400.240234375
100000000000000000000004,1,923625000,0,-49.5,0.386563158547181,0,0,0.160111999511719,1.63,0,-5400.240234375
100000000000000000000000,1,923625000,0,-43.5,2.84706834231575,0,0,0.160111999511719,1.63,0,-5400.240234375
100000000000000000000003,1,923625000,0,-47,0.141126232485479,0,0,0.160111999511719,1.63,0,-5400.240234375
100000000000000000000000,1,923625000,0,-43.5,2.85320426546729,0,0,0.160111999511719,1.63,0,-5400.240234375
100000000000000000000001,1,923625000,0,-45,3.10477711468054,0,0,0.160111999511719,1.63,0,-5400.240234375
100000000000000000000004,1,923625000,0,-49.5,0.404970928001809,0,0,0.160111999511719,1.63,0,-5400.240234375
100000000000000000000002,1,923625000,0,-46.5,5.78617553190464,0,0,0.160111999511719,1.63,0,-5400.240234375
100000000000000000000000,1,923625000,0,-43.5,2.89615572752809,0,0,0.160111999511719,1.63,0,-5400.240234375
100000000000000000000004,1,923625000,0,-49.5,0.386563158547181,0,0,0.160111999511719,1.63,0,-5400.240234375
100000000000000000000003,1,923625000,0,-47,0.147262155637022,0,0,0.160111999511719,1.63,0,-5400.240234375
100000000000000000000002,1,923625000,0,-46.5,5.74322406984384,0,0,0.160111999511719,1.63,0,-5400.240234375
100000000000000000000001,1,923625000,0,-45,3.11704896098362,0,0,0.160111999511719,1.63,0,-5400.240234375
100000000000000000000003,1,923625000,0,-47.5,0.128854386182394,0,0,0.160111999511719,1.63,0,-5400.240234375
100000000000000000000000,1,923625000,0,-43.5,2.86547611177038,0,0,0.160111999511719,1.63,0,-5400.240234375
100000000000000000000002,1,923625000,0,-46.5,5.76163183929847,0,0,0.160111999511719,1.63,0,-5400.240234375
100000000000000000000001,1,923625000,0,-45,3.11704896098362,0,0,0.160111999511719,1.63,0,-5400.240234375
100000000000000000000004,1,923625000,0,-49.5,0.374291312244097,0,0,0.160111999511719,1.63,0,-5400.240234375
100000000000000000000000,1,923625000,0,-43.5,2.85320426546729,0,0,0.160111999511719,1.63,0,-5400.240234375
100000000000000000000001,1,923625000,0,-44.5,3.10477711468054,0,0,0.160111999511719,1.63,0,-5400.240234375
100000000000000000000003,1,923625000,0,-47,0.134990309333936,0,0,0.160111999511719,1.63,0,-5400.240234375
100000000000000000000002,1,923625000,0,-46.5,5.7800396087531,0,0,0.160111999511719,1.63,0,-5400.240234375
100000000000000000000004,1,923625000,0,-49.5,0.398835004850267,0,0,0.160111999511719,1.63,0,-5400.240234375
100000000000000000000000,1,923625000,0,-43.5,2.87161203492192,0,0,0.160111999511719,1.63,0,-5400.240234375
100000000000000000000002,1,923625000,0,-46.5,5.79231145505618,0,0,0.160111999511719,1.63,0,-5400.240234375
100000000000000000000001,1,923625000,0,-45,3.11091303783208,0,0,0.160111999511719,1.63,0,-5400.240234375
100000000000000000000003,1,923625000,0,-47.5,0.0981747704246807,0,0,0.160111999511719,1.63,0,-5400.240234375
100000000000000000000004,1,923625000,0,-49.5,0.392699081698725,0,0,0.160111999511719,1.63,0,-5400.240234375
100000000000000000000004,1,923625000,0,-49.5,0.392699081698725,0,0,0.160111999511719,1.63,0,-5400.240234375
100000000000000000000003,1,923625000,0,-47.5,0.134990309333936,0,0,0.160111999511719,1.63,0,-5400.240234375
100000000000000000000002,1,923625000,0,-46.5,5.74935999299538,0,0,0.160111999511719,1.63,0,-5400.240234375
100000000000000000000000,1,923625000,0,-43.5,2.88388388122501,0,0,0.160111999511719,1.63,0,-5400.240234375
100000000000000000000001,1,923625000,0,-45,3.11091303783208,0,0,0.160111999511719,1.63,0,-5400.240234375
100000000000000000000001,1,923625000,0,-45,3.12318488413517,0,0,0.160111999511719,1.63,0,-5400.240234375
100000000000000000000004,1,923625000,0,-49.5,0.380427235395639,0,0,0.160111999511719,1.63,0,-5400.240234375
100000000000000000000002,1,923625000,0,-46.5,5.76776776245001,0,0,0.160111999511719,1.63,0,-5400.240234375
100000000000000000000003,1,923625000,0,-47,0.128854386182394,0,0,0.160111999511719,1.63,0,-5400.240234375
100000000000000000000000,1,923625000,0,-43.5,2.85934018861884,0,0,0.160111999511719,1.63,0,-5400.240234375
100000000000000000000004,1,923625000,0,-49.5,0.355883542789469,0,0,0.160111999511719,1.63,0,-5400.240234375
100000000000000000000003,1,923625000,0,-47.5,0.110446616727766,0,0,0.160111999511719,1.63,0,-5400.240234375
100000000000000000000002,1,923625000,0,-46.5,5.75549591614693,0,0,0.160111999511719,1.63,0,-5400.240234375
100000000000000000000000,1,923625000,0,-43.5,2.85320426546729,0,0,0.160111999511719,1.63,0,-5400.240234375
100000000000000000000001,1,923625000,0,-45,3.11091303783208,0,0,0.160111999511719,1.63,0,-5400.240234375
100000000000000000000002,1,923625000,0,-46.5,5.71868037723767,0,0,0.160111999511719,1.63,0,-5400.240234375
100000000000000000000003,1,923625000,0,-47,0.116582539879309,0,0,0.160111999511719,1.63,0,-5400.240234375
100000000000000000000001,1,923625000,0,-45,3.10477711468054,0,0,0.160111999511719,1.63,0,-5400.240234375
100000000000000000000000,1,923625000,0,-43.5,2.89001980437655,0,0,0.160111999511719,1.63,0,-5400.240234375
100000000000000000000004,1,923625000,0,-49.5,0.398835004850267,0,0,0.160111999511719,1.63,0,-5400.240234375
100000000000000000000004,1,923625000,0,-49.5,0.380427235395639,0,0,0.160111999511719,1.63,0,-5400.240234375
100000000000000000000002,1,923625000,0,-46.5,5.76776776245001,0,0,0.160111999511719,1.63,0,-5400.240234375
100000000000000000000001,1,923625000,0,-45,3.12318488413517,0,0,0.160111999511719,1.63,0,-5400.240234375
100000000000000000000003,1,923625000,0,-47.5,0.116582539879309,0,0,0.160111999511719,1.63,0,-5400.240234375
100000000000000000000000,1,923625000,0,-43.5,2.85934018861884,0,0,0.160111999511719,1.63,0,-5400.240234375
100000000000000000000001,1,923625000,0,-45,3.12318488413517,0,0,0.160111999511719,1.63,0,-5400.240234375
100000000000000000000003,1,923625000,0,-47,0.134990309333936,0,0,0.160111999511719,1.63,0,-5400.240234375
100000000000000000000000,1,923625000,0,-43.5,2.87774795807346,0,0,0.160111999511719,1.63,0,-5400.240234375
100000000000000000000004,1,923625000,0,-50,0.386563158547181,0,0,0.160111999511719,1.63,0,-5400.240234375
100000000000000000000002,1,923625000,0,-46.5,5.78617553190464,0,0,0.160111999511719,1.63,0,-5400.240234375
100000000000000000000001,1,923625000,0,-45,3.11704896098362,0,0,0.160111999511719,1.63,0,-5400.240234375
100000000000000000000004,1,923625000,0,-49.5,0.380427235395639,0,0,0.160111999511719,1.63,0,-5400.240234375
100000000000000000000000,1,923625000,0,-43.5,2.87161203492192,0,0,0.160111999511719,1.63,0,-5400.240234375
100000000000000000000003,1,923625000,0,-47.5,0.116582539879309,0,0,0.160111999511719,1.63,0,-5400.240234375
100000000000000000000002,1,923625000,0,-46.5,5.78617553190464,0,0,0.160111999511719,1.63,0,-5400.240234375
100000000000000000000002,1,923625000,0,-46.5,5.77390368560155,0,0,0.160111999511719,1.63,0,-5400.240234375
100000000000000000000001,1,923625000,0,-45,3.10477711468054,0,0,0.160111999511719,1.63,0,-5400.240234375
100000000000000000000003,1,923625000,0,-47.5,0.116582539879309,0,0,0.160111999511719,1.63,0,-5400.240234375
100000000000000000000000,1,923625000,0,-43.5,2.87161203492192,0,0,0.160111999511719,1.63,0,-5400.240234375
100000000000000000000004,1,923625000,0,-49.5,0.368155389092554,0,0,0.160111999511719,1.63,0,-5400.240234375
100000000000000000000003,1,923625000,0,-47.5,0.141126232485479,0,0,0.160111999511719,1.63,0,-5400.240234375
100000000000000000000000,1,923625000,0,-43.5,2.89001980437655,0,0,0.160111999511719,1.63,0,-5400.240234375
100000000000000000000004,1,923625000,0,-49.5,0.368155389092554,0,0,0.160111999511719,1.63,0,-5400.240234375
100000000000000000000001,1,923625000,0,-45,3.10477711468054,0,0,0.160111999511719,1.63,0,-5400.240234375
100000000000000000000002,1,923625000,0,-46.5,5.76163183929847,0,0,0.160111999511719,1.63,0,-5400.240234375
100000000000000000000003,1,923625000,0,-47.5,0.128854386182394,0,0,0.160111999511719,1.63,0,-5400.240234375
100000000000000000000001,1,923625000,0,-45,3.11091303783208,0,0,0.160111999511719,1.63,0,-5400.240234375
100000000000000000000002,1,923625000,0,-46.5,5.7800396087531,0,0,0.160111999511719,1.63,0,-5400.240234375
100000000000000000000000,1,923625000,0,-43.5,2.89615572752809,0,0,0.160111999511719,1.63,0,-5400.240234375
100000000000000000000004,1,923625000,0,-49.5,0.392699081698725,0,0,0.160111999511719,1.63,0,-5400.240234375
100000000000000000000001,1,923625000,0,-44.5,3.11091303783208,0,0,0.160111999511719,1.63,0,-5400.240234375
100000000000000000000002,1,923625000,0,-46.5,5.76163183929847,0,0,0.160111999511719,1.63,0,-5400.240234375
100000000000000000000004,1,923625000,0,-49.5,0.349747619637927,0,0,0.160111999511719,1.63,0,-5400.240234375
100000000000000000000000,1,923625000,0,-43.5,2.85934018861884,0,0,0.160111999511719,1.63,0,-5400.240234375
100000000000000000000003,1,923625000,0,-47,0.116582539879309,0,0,0.160111999511719,1.63,0,-5400.240234375
100000000000000000000000,1,923625000,0,-43.5,2.85934018861884,0,0,0.160111999511719,1.63,0,-5400.240234375
100000000000000000000002,1,923625000,0,-46.5,5.77390368560155,0,0,0.160111999511719,1.63,0,-5400.240234375
100000000000000000000001,1,923625000,0,-45,3.11704896098362,0,0,0.160111999511719,1.63,0,-5400.240234375
100000000000000000000003,1,923625000,0,-47.5,0.128854386182394,0,0,0.160111999511719,1.63,0,-5400.240234375
100000000000000000000004,1,923625000,0,-49.5,0.386563158547181,0,0,0.160111999511719,1.63,0,-5400.240234375
100000000000000000000000,1,923625000,0,-43.5,2.87774795807346,0,0,0.160111999511719,1.63,0,-5400.240234375
100000000000000000000002,1,923625000,0,-46.5,5.7800396087531,0,0,0.160111999511719,1.63,0,-5400.240234375
100000000000000000000004,1,923625000,0,-49.5,0.380427235395639,0,0,0.160111999511719,1.63,0,-5400.240234375
100000000000000000000001,1,923625000,0,-45,3.11704896098362,0,0,0.160111999511719,1.63,0,-5400.240234375
100000000000000000000003,1,923625000,0,-47,0.104310693576224,0,0,0.160111999511719,1.63,0,-5400.240234375
100000000000000000000002,1,923625000,0,-46.5,5.77390368560155,0,0,0.160111999511719,1.63,0,-5400.240234375
100000000000000000000001,1,923625000,0,-45,3.11091303783208,0,0,0.160111999511719,1.63,0,-5400.240234375
100000000000000000000004,1,923625000,0,-50,0.374291312244097,0,0,0.160111999511719,1.63,0,-5400.240234375
100000000000000000000000,1,923625000,0,-43.5,2.85934018861884,0,0,0.160111999511719,1.63,0,-5400.240234375
100000000000000000000003,1,923625000,0,-47,0.128854386182394,0,0,0.160111999511719,1.63,0,-5400.240234375
100000000000000000000000,1,923625000,0,-43.5,2.86547611177038,0,0,0.160111999511719,1.63,0,-5400.240234375
100000000000000000000004,1,923625000,0,-49.5,0.380427235395639,0,0,0.160111999511719,1.63,0,-5400.240234375
100000000000000000000002,1,923625000,0,-46.5,5.7800396087531,0,0,0.160111999511719,1.63,0,-5400.240234375
100000000000000000000001,1,923625000,0,-44.5,3.13545673043825,0,0,0.160111999511719,1.63,0,-5400.240234375
100000000000000000000003,1,923625000,0,-47.5,0.128854386182394,0,0,0.160111999511719,1.63,0,-5400.240234375
100000000000000000000003,1,923625000,0,-47.5,0.128854386182394,0,0,0.160111999511719,1.63,0,-5400.240234375
100000000000000000000000,1,923625000,0,-43.5,2.88388388122501,0,0,0.160111999511719,1.63,0,-5400.240234375
100000000000000000000001,1,923625000,0,-45,3.12318488413517,0,0,0.160111999511719,1.63,0,-5400.240234375
100000000000000000000002,1,923625000,0,-46.5,5.7800396087531,0,0,0.160111999511719,1.63,0,-5400.240234375
100000000000000000000004,1,923625000,0,-49.5,0.374291312244097,0,0,0.160111999511719,1.63,0,-5400.240234375
100000000000000000000002,1,923625000,0,-46.5,5.7800396087531,0,0,0.160111999511719,1.63,0,-5400.240234375
100000000000000000000004,1,923625000,0,-49.5,0.374291312244097,0,0,0.160111999511719,1.63,0,-5400.240234375
100000000000000000000003,1,923625000,0,-47.5,0.122718463030851,0,0,0.160111999511719,1.63,0,-5400.240234375
100000000000000000000001,1,923625000,0,-45,3.11704896098362,0,0,0.160111999511719,1.63,0,-5400.240234375
100000000000000000000000,1,923625000,0,-43.5,2.85934018861884,0,0,0.160111999511719,1.63,0,-5400.240234375
100000000000000000000000,1,923625000,0,-43.5,2.87161203492192,0,0,0.160111999511719,1.63,0,-5400.240234375
100000000000000000000002,1,923625000,0,-46.5,5.7800396087531,0,0,0.160111999511719,1.63,0,-5400.240234375
100000000000000000000001,1,923625000,0,-45,3.11091303783208,0,0,0.160111999511719,1.63,0,-5400.240234375
100000000000000000000003,1,923625000,0,-47.5,0.141126232485479,0,0,0.160111999511719,1.63,0,-5400.240234375
100000000000000000000004,1,923625000,0,-50,0.386563158547181,0,0,0.160111999511719,1.63,0,-5400.240234375
100000000000000000000004,1,923625000,0,-49.5,0.386563158547181,0,0,0.160111999511719,1.63,0,-5400.240234375
100000000000000000000001,1,923625000,0,-45,3.10477711468054,0,0,0.160111999511719,1.63,0,-5400.240234375
100000000000000000000002,1,923625000,0,-46.5,5.76776776245001,0,0,0.160111999511719,1.63,0,-5400.240234375
100000000000000000000000,1,923625000,0,-43.5,2.87774795807346,0,0,0.160111999511719,1.63,0,-5400.240234375
100000000000000000000003,1,923625000,0,-47.5,0.104310693576224,0,0,0.160111999511719,1.63,0,-5400.240234375
100000000000000000000001,1,923625000,0,-44.5,3.12932080728671,0,0,0.160111999511719,1.63,0,-5400.240234375
100000000000000000000002,1,923625000,0,-46.5,5.7800396087531,0,0,0.160111999511719,1.63,0,-5400.240234375
100000000000000000000003,1,923625000,0,-47.5,0.134990309333936,0,0,0.160111999511719,1.63,0,-5400.240234375
100000000000000000000000,1,923625000,0,-43.5,2.87161203492192,0,0,0.160111999511719,1.63,0,-5400.240234375
100000000000000000000004,1,923625000,0,-49.5,0.386563158547181,0,0,0.160111999511719,1.63,0,-5400.240234375
100000000000000000000003,1,923625000,0,-47.5,0.141126232485479,0,0,0.160111999511719,1.63,0,-5400.240234375
100000000000000000000002,1,923625000,0,-46.5,5.7800396087531,0,0,0.160111999511719,1.63,0,-5400.240234375
100000000000000000000000,1,923625000,0,-43.5,2.87161203492192,0,0,0.160111999511719,1.63,0,-5400.240234375
100000000000000000000004,1,923625000,0,-49.5,0.374291312244097,0,0,0.160111999511719,1.63,0,-5400.240234375
100000000000000000000001,1,923625000,0,-45,3.11704896098362,0,0,0.160111999511719,1.63,0,-5400.240234375
100000000000000000000003,1,923625000,0,-47.5,0.122718463030851,0,0,0.160111999511719,1.63,0,-5400.240234375
100000000000000000000002,1,923625000,0,-46.5,5.75549591614693,0,0,0.160111999511719,1.63,0,-5400.240234375
100000000000000000000001,1,923625000,0,-45,3.12318488413517,0,0,0.160111999511719,1.63,0,-5400.240234375
100000000000000000000000,1,923625000,0,-43.5,2.88388388122501,0,0,0.160111999511719,1.63,0,-5400.240234375
100000000000000000000004,1,923625000,0,-49.5,0.386563158547181,0,0,0.160111999511719,1.63,0,-5400.240234375
100000000000000000000000,1,923625000,0,-43.5,2.86547611177038,0,0,0.160111999511719,1.63,0,-5400.240234375
100000000000000000000003,1,923625000,0,-47.5,0.128854386182394,0,0,0.160111999511719,1.63,0,-5400.240234375
100000000000000000000002,1,923625000,0,-46.5,5.76776776245001,0,0,0.160111999511719,1.63,0,-5400.240234375
100000000000000000000001,1,923625000,0,-45,3.12318488413517,0,0,0.160111999511719,1.63,0,-5400.240234375
100000000000000000000004,1,923625000,0,-50,0.392699081698725,0,0,0.160111999511719,1.63,0,-5400.240234375
100000000000000000000001,1,923625000,0,-45,3.12318488413517,0,0,0.160111999511719,1.63,0,-5400.240234375
100000000000000000000002,1,923625000,0,-46.5,5.77390368560155,0,0,0.160111999511719,1.63,0,-5400.240234375
100000000000000000000000,1,923625000,0,-43.5,2.85934018861884,0,0,0.160111999511719,1.63,0,-5400.240234375
100000000000000000000004,1,923625000,0,-50,0.380427235395639,0,0,0.160111999511719,1.63,0,-5400.240234375
100000000000000000000003,1,923625000,0,-47,0.147262155637022,0,0,0.160111999511719,1.63,0,-5400.240234375
100000000000000000000000,1,923625000,0,-43.5,2.87774795807346,0,0,0.160111999511719,1.63,0,-5400.240234375
100000000000000000000004,1,923625000,0,-49.5,0.392699081698725,0,0,0.160111999511719,1.63,0,-5400.240234375
100000000000000000000002,1,923625000,0,-46.5,5.77390368560155,0,0,0.160111999511719,1.63,0,-5400.240234375
100000000000000000000003,1,923625000,0,-47,0.122718463030851,0,0,0.160111999511719,1.63,0,-5400.240234375
100000000000000000000001,1,923625000,0,-45,3.12318488413517,0,0,0.160111999511719,1.63,0,-5400.240234375
100000000000000000000001,1,923625000,0,-45,3.10477711468054,0,0,0.160111999511719,1.63,0,-5400.240234375
100000000000000000000000,1,923625000,0,-43.5,2.86547611177038,0,0,0.160111999511719,1.63,0,-5400.240234375
100000000000000000000004,1,923625000,0,-50,0.380427235395639,0,0,0.160111999511719,1.63,0,-5400.240234375
100000000000000000000003,1,923625000,0,-47.5,0.134990309333936,0,0,0.160111999511719,1.63,0,-5400.240234375
100000000000000000000002,1,923625000,0,-46.5,5.76163183929847,0,0,0.160111999511719,1.63,0,-5400.240234375
100000000000000000000003,1,923625000,0,-47.5,0.116582539879309,0,0,0.160111999511719,1.63,0,-5400.240234375
100000000000000000000002,1,923625000,0,-46.5,5.77390368560155,0,0,0.160111999511719,1.63,0,-5400.240234375
100000000000000000000001,1,923625000,0,-45,3.12318488413517,0,0,0.160111999511719,1.63,0,-5400.240234375
100000000000000000000004,1,923625000,0,-49.5,0.349747619637927,0,0,0.160111999511719,1.63,0,-5400.240234375
100000000000000000000000,1,923625000,0,-43.5,2.85934018861884,0,0,0.160111999511719,1.63,0,-5400.240234375
100000000000000000000000,1,923625000,0,-43.5,2.84706834231575,0,0,0.160111999511719,1.63,0,-5400.240234375
100000000000000000000003,1,923625000,0,-47,0.122718463030851,0,0,0.160111999511719,1.63,0,-5400.240234375
100000000000000000000001,1,923625000,0,-45,3.11091303783208,0,0,0.160111999511719,1.63,0,-5400.240234375
100000000000000000000004,1,923625000,0,-49.5,0.374291312244097,0,0,0.160111999511719,1.63,0,-5400.240234375
100000000000000000000002,1,923625000,0,-46.5,5.76163183929847,0,0,0.160111999511719,1.63,0,-5400.240234375
100000000000000000000004,1,923625000,0,-49.5,0.355883542789469,0,0,0.160111999511719,1.63,0,-5400.240234375
100000000000000000000002,1,923625000,0,-46.5,5.77390368560155,0,0,0.160111999511719,1.63,0,-5400.240234375
100000000000000000000003,1,923625000,0,-47,0.134990309333936,0,0,0.160111999511719,1.63,0,-5400.240234375
100000000000000000000001,1,923625000,0,-45,3.098641191529,0,0,0.160111999511719,1.63,0,-5400.240234375
100000000000000000000000,1,923625000,0,-43.5,2.85320426546729,0,0,0.160111999511719,1.63,0,-5400.240234375
100000000000000000000001,1,923625000,0,-44.5,3.11704896098362,0,0,0.160111999511719,1.63,0,-5400.240234375
100000000000000000000000,1,923625000,0,-43.5,2.87774795807346,0,0,0.160111999511719,1.63,0,-5400.240234375
100000000000000000000004,1,923625000,0,-49.5,0.374291312244097,0,0,0.160111999511719,1.63,0,-5400.240234375
100000000000000000000003,1,923625000,0,-47.5,0.122718463030851,0,0,0.160111999511719,1.63,0,-5400.240234375
100000000000000000000002,1,923625000,0,-46.5,5.74935999299538,0,0,0.160111999511719,1.63,0,-5400.240234375
100000000000000000000000,1,923625000,0,-43.5,2.90229165067963,0,0,0.160111999511719,1.63,0,-5400.240234375
100000000000000000000001,1,923625000,0,-45,3.11091303783208,0,0,0.160111999511719,1.63,0,-5400.240234375
100000000000000000000003,1,923625000,0,-47.5,0.122718463030851,0,0,0.160111999511719,1.63,0,-5400.240234375
100000000000000000000002,1,923625000,0,-46.5,5.77390368560155,0,0,0.160111999511719,1.63,0,-5400.240234375
100000000000000000000004,1,923625000,0,-49.5,0.380427235395639,0,0,0.160111999511719,1.63,0,-5400.240234375
100000000000000000000004,1,923625000,0,-50,0.380427235395639,0,0,0.160111999511719,1.63,0,-5400.240234375
100000000000000000000002,1,923625000,0,-46.5,5.76776776245001,0,0,0.160111999511719,1.63,0,-5400.240234375
100000000000000000000000,1,923625000,0,-43.5,2.85934018861884,0,0,0.160111999511719,1.63,0,-5400.240234375
100000000000000000000001,1,923625000,0,-45,3.11704896098362,0,0,0.160111999511719,1.63,0,-5400.240234375
100000000000000000000003,1,923625000,0,-47.5,0.122718463030851,0,0,0.160111999511719,1.63,0,-5400.240234375
100000000000000000000004,1,923625000,0,-49.5,0.386563158547181,0,0,0.160111999511719,1.63,0,-5400.240234375
100000000000000000000003,1,923625000,0,-47.5,0.134990309333936,0,0,0.160111999511719,1.63,0,-5400.240234375
100000000000000000000002,1,923625000,0,-46.5,5.7800396087531,0,0,0.160111999511719,1.63,0,-5400.240234375
100000000000000000000000,1,923625000,0,-43.5,2.89001980437655,0,0,0.160111999511719,1.63,0,-5400.240234375
100000000000000000000001,1,923625000,0,-45,3.11704896098362,0,0,0.160111999511719,1.63,0,-5400.240234375
100000000000000000000002,1,923625000,0,-46.5,5.7800396087531,0,0,0.160111999511719,1.63,0,-5400.240234375
100000000000000000000003,1,923625000,0,-47.5,0.128854386182394,0,0,0.160111999511719,1.63,0,-5400.240234375
100000000000000000000001,1,923625000,0,-45,3.11091303783208,0,0,0.160111999511719,1.63,0,-5400.240234375
100000000000000000000004,1,923625000,0,-49.5,0.380427235395639,0,0,0.160111999511719,1.63,0,-5400.240234375
100000000000000000000000,1,923625000,0,-43.5,2.85934018861884,0,0,0.160111999511719,1.63,0,-5400.240234375
100000000000000000000002,1,923625000,0,-46.5,5.79231145505618,0,0,0.160111999511719,1.63,0,-5400.240234375
100000000000000000000001,1,923625000,0,-45,3.11091303783208,0,0,0.160111999511719,1.63,0,-5400.240234375
100000000000000000000004,1,923625000,0,-49.5,0.380427235395639,0,0,0.160111999511719,1.63,0,-5400.240234375
100000000000000000000003,1,923625000,0,-47.5,0.0981747704246807,0,0,0.160111999511719,1.63,0,-5400.240234375
100000000000000000000000,1,923625000,0,-43.5,2.85934018861884,0,0,0.160111999511719,1.63,0,-5400.240234375
100000000000000000000004,1,923625000,0,-50,0.392699081698725,0,0,0.160111999511719,1.63,0,-5400.240234375
100000000000000000000003,1,923625000,0,-47.5,0.128854386182394,0,0,0.160111999511719,1.63,0,-5400.240234375
100000000000000000000002,1,923625000,0,-46.5,5.7800396087531,0,0,0.160111999511719,1.63,0,-5400.240234375
100000000000000000000000,1,923625000,0,-43.5,2.89001980437655,0,0,0.160111999511719,1.63,0,-5400.240234375
100000000000000000000001,1,923625000,0,-45,3.10477711468054,0,0,0.160111999511719,1.63,0,-5400.240234375
100000000000000000000000,1,923625000,0,-43.5,2.89001980437655,0,0,0.160111999511719,1.63,0,-5400.240234375
100000000000000000000001,1,923625000,0,-45,3.098641191529,0,0,0.160111999511719,1.63,0,-5400.240234375
100000000000000000000002,1,923625000,0,-46.5,5.76163183929847,0,0,0.160111999511719,1.63,0,-5400.240234375
100000000000000000000004,1,923625000,0,-49.5,0.368155389092554,0,0,0.160111999511719,1.63,0,-5400.240234375
100000000000000000000003,1,923625000,0,-47.5,0.141126232485479,0,0,0.160111999511719,1.63,0,-5400.240234375
100000000000000000000000,1,923625000,0,-43.5,2.85934018861884,0,0,0.160111999511719,1.63,0,-5400.240234375
100000000000000000000001,1,923625000,0,-45,3.098641191529,0,0,0.160111999511719,1.63,0,-5400.240234375
100000000000000000000004,1,923625000,0,-49.5,0.374291312244097,0,0,0.160111999511719,1.63,0,-5400.240234375
100000000000000000000002,1,923625000,0,-46.5,5.75549591614693,0,0,0.160111999511719,1.63,0,-5400.240234375
100000000000000000000003,1,923625000,0,-47.5,0.153398078788564,0,0,0.160111999511719,1.63,0,-5400.240234375
100000000000000000000001,1,924125000,0,-44.5,3.33794219443916,0,0,0.160111999511719,1.63,0,-5400.240234375
100000000000000000000002,1,924125000,0,-46.5,6.00093284220863,0,0,0.160111999511719,1.63,0,-5400.240234375
100000000000000000000003,1,924125000,0,-47,0.380427235395639,0,0,0.160111999511719,1.63,0,-5400.240234375
100000000000000000000000,1,924125000,0,-44,3.098641191529,0,0,0.160111999511719,1.63,0,-5400.240234375
100000000000000000000004,1,924125000,0,-49.5,0.638136007760426,0,0,0.160111999511719,1.63,0,-5400.240234375
100000000000000000000004,1,924125000,0,-50,0.589048622548086,0,0,0.160111999511719,1.63,0,-5400.240234375
100000000000000000000001,1,924125000,0,-44.5,3.31339850183298,0,0,0.160111999511719,1.63,0,-5400.240234375
100000000000000000000000,1,924125000,0,-44,3.11091303783208,0,0,0.160111999511719,1.63,0,-5400.240234375
100000000000000000000002,1,924125000,0,-46.5,5.99479691905709,0,0,0.160111999511719,1.63,0,-5400.240234375
100000000000000000000003,1,924125000,0,-47,0.398835004850267,0,0,0.160111999511719,1.63,0,-5400.240234375
100000000000000000000004,1,924125000,0,-50,0.619728238305799,0,0,0.160111999511719,1.63,0,-5400.240234375
100000000000000000000000,1,924125000,0,-44,3.098641191529,0,0,0.160111999511719,1.63,0,-5400.240234375
100000000000000000000001,1,924125000,0,-44.5,3.32567034813607,0,0,0.160111999511719,1.63,0,-5400.240234375
100000000000000000000002,1,924125000,0,-46.5,5.99479691905709,0,0,0.160111999511719,1.63,0,-5400.240234375
100000000000000000000003,1,924125000,0,-47,0.386563158547181,0,0,0.160111999511719,1.63,0,-5400.240234375
100000000000000000000001,1,924125000,0,-44.5,3.33180627128761,0,0,0.160111999511719,1.63,0,-5400.240234375
100000000000000000000002,1,924125000,0,-46.5,5.99479691905709,0,0,0.160111999511719,1.63,0,-5400.240234375
100000000000000000000003,1,924125000,0,-47,0.386563158547181,0,0,0.160111999511719,1.63,0,-5400.240234375
100000000000000000000004,1,924125000,0,-49.5,0.613592315154256,0,0,0.160111999511719,1.63,0,-5400.240234375
100000000000000000000000,1,924125000,0,-44,3.098641191529,0,0,0.160111999511719,1.63,0,-5400.240234375
100000000000000000000003,1,924125000,0,-47,0.380427235395639,0,0,0.160111999511719,1.63,0,-5400.240234375
100000000000000000000000,1,924125000,0,-44,3.098641191529,0,0,0.160111999511719,1.63,0,-5400.240234375
100000000000000000000004,1,924125000,0,-49.5,0.638136007760426,0,0,0.160111999511719,1.63,0,-5400.240234375
100000000000000000000001,1,924125000,0,-44.5,3.3440781175907,0,0,0.160111999511719,1.63,0,-5400.240234375
100000000000000000000002,1,924125000,0,-46.5,5.982525072754,0,0,0.160111999511719,1.63,0,-5400.240234375
100000000000000000000001,1,924125000,0,-44.5,3.35021404074224,0,0,0.160111999511719,1.63,0,-5400.240234375
100000000000000000000000,1,924125000,0,-44,3.11091303783208,0,0,0.160111999511719,1.63,0,-5400.240234375
100000000000000000000002,1,924125000,0,-46.5,5.97638914960246,0,0,0.160111999511719,1.63,0,-5400.240234375
100000000000000000000003,1,924125000,0,-47,0.380427235395639,0,0,0.160111999511719,1.63,0,-5400.240234375
100000000000000000000004,1,924125000,0,-49.5,0.625864161457342,0,0,0.160111999511719,1.63,0,-5400.240234375
100000000000000000000004,1,924125000,0,-50,0.625864161457342,0,0,0.160111999511719,1.63,0,-5400.240234375
100000000000000000000002,1,924125000,0,-46.5,5.982525072754,0,0,0.160111999511719,1.63,0,-5400.240234375
100000000000000000000003,1,924125000,0,-47,0.380427235395639,0,0,0.160111999511719,1.63,0,-5400.240234375
100000000000000000000001,1,924125000,0,-44.5,3.3440781175907,0,0,0.160111999511719,1.63,0,-5400.240234375
100000000000000000000000,1,924125000,0,-44,3.09250526837745,0,0,0.160111999511719,1.63,0,-5400.240234375
100000000000000000000002,1,924125000,0,-46.5,6.01320468851171,0,0,0.160111999511719,1.63,0,-5400.240234375
100000000000000000000000,1,924125000,0,-44,3.11704896098362,0,0,0.160111999511719,1.63,0,-5400.240234375
100000000000000000000001,1,924125000,0,-44.5,3.3440781175907,0,0,0.160111999511719,1.63,0,-5400.240234375
100000000000000000000004,1,924125000,0,-49.5,0.638136007760426,0,0,0.160111999511719,1.63,0,-5400.240234375
100000000000000000000003,1,924125000,0,-47,0.392699081698725,0,0,0.160111999511719,1.63,0,-5400.240234375
100000000000000000000004,1,924125000,0,-49.5,0.607456392002714,0,0,0.160111999511719,1.63,0,-5400.240234375
100000000000000000000003,1,924125000,0,-47,0.362019465941011,0,0,0.160111999511719,1.63,0,-5400.240234375
100000000000000000000001,1,924125000,0,-44.5,3.32567034813607,0,0,0.160111999511719,1.63,0,-5400.240234375
100000000000000000000002,1,924125000,0,-46.5,5.99479691905709,0,0,0.160111999511719,1.63,0,-5400.240234375
100000000000000000000000,1,924125000,0,-44,3.098641191529,0,0,0.160111999511719,1.63,0,-5400.240234375
100000000000000000000001,1,924125000,0,-44.5,3.32567034813607,0,0,0.160111999511719,1.63,0,-5400.240234375
100000000000000000000000,1,924125000,0,-44,3.11704896098362,0,0,0.160111999511719,1.63,0,-5400.240234375
100000000000000000000003,1,924125000,0,-47,0.380427235395639,0,0,0.160111999511719,1.63,0,-5400.240234375
100000000000000000000002,1,924125000,0,-46.5,5.982525072754,0,0,0.160111999511719,1.63,0,-5400.240234375
100000000000000000000004,1,924125000,0,-49.5,0.625864161457342,0,0,0.160111999511719,1.63,0,-5400.240234375
100000000000000000000000,1,924125000,0,-44,3.11091303783208,0,0,0.160111999511719,1.63,0,-5400.240234375
100000000000000000000001,1,924125000,0,-44.5,3.3440781175907,0,0,0.160111999511719,1.63,0,-5400.240234375
100000000000000000000003,1,924125000,0,-47,0.398835004850267,0,0,0.160111999511719,1.63,0,-5400.240234375
100000000000000000000004,1,924125000,0,-49.5,0.619728238305799,0,0,0.160111999511719,1.63,0,-5400.240234375
100000000000000000000002,1,924125000,0,-46.5,6.00093284220863,0,0,0.160111999511719,1.63,0,-5400.240234375
100000000000000000000003,1,924125000,0,-47,0.386563158547181,0,0,0.160111999511719,1.63,0,-5400.240234375
100000000000000000000000,1,924125000,0,-44,3.08636934522591,0,0,0.160111999511719,1.63,0,-5400.240234375
100000000000000000000001,1,924125000,0,-44.5,3.31339850183298,0,0,0.160111999511719,1.63,0,-5400.240234375
100000000000000000000002,1,924125000,0,-46.5,5.982525072754,0,0,0.160111999511719,1.63,0,-5400.240234375
100000000000000000000004,1,924125000,0,-49.5,0.632000084608884,0,0,0.160111999511719,1.63,0,-5400.240234375
100000000000000000000004,1,924125000,0,-49.5,0.632000084608884,0,0,0.160111999511719,1.63,0,-5400.240234375
100000000000000000000001,1,924125000,0,-44.5,3.33794219443916,0,0,0.160111999511719,1.63,0,-5400.240234375
100000000000000000000000,1,924125000,0,-44,3.09250526837745,0,0,0.160111999511719,1.63,0,-5400.240234375
100000000000000000000002,1,924125000,0,-46.5,5.98866099590554,0,0,0.160111999511719,1.63,0,-5400.240234375
100000000000000000000003,1,924125000,0,-47,0.380427235395639,0,0,0.160111999511719,1.63,0,-5400.240234375
100000000000000000000002,1,924125000,0,-46.5,5.982525072754,0,0,0.160111999511719,1.63,0,-5400.240234375
100000000000000000000004,1,924125000,0,-49.5,0.619728238305799,0,0,0.160111999511719,1.63,0,-5400.240234375
100000000000000000000001,1,924125000,0,-44.5,3.33794219443916,0,0,0.160111999511719,1.63,0,-5400.240234375
100000000000000000000000,1,924125000,0,-44,3.098641191529,0,0,0.160111999511719,1.63,0,-5400.240234375
100000000000000000000003,1,924125000,0,-47,0.398835004850267,0,0,0.160111999511719,1.63,0,-5400.240234375
100000000000000000000001,1,924125000,0,-44.5,3.35021404074224,0,0,0.160111999511719,1.63,0,-5400.240234375
100000000000000000000000,1,924125000,0,-44,3.11704896098362,0,0,0.160111999511719,1.63,0,-5400.240234375
100000000000000000000004,1,924125000,0,-50,0.619728238305799,0,0,0.160111999511719,1.63,0,-5400.240234375
100000000000000000000003,1,924125000,0,-47,0.374291312244097,0,0,0.160111999511719,1.63,0,-5400.240234375
100000000000000000000002,1,924125000,0,-46.5,5.98866099590554,0,0,0.160111999511719,1.63,0,-5400.240234375
100000000000000000000000,1,924125000,0,-44,3.11704896098362,0,0,0.160111999511719,1.63,0,-5400.240234375
100000000000000000000002,1,924125000,0,-46.5,5.97638914960246,0,0,0.160111999511719,1.63,0,-5400.240234375
100000000000000000000003,1,924125000,0,-47,0.386563158547181,0,0,0.160111999511719,1.63,0,-5400.240234375
100000000000000000000004,1,924125000,0,-49.5,0.613592315154256,0,0,0.160111999511719,1.63,0,-5400.240234375
100000000000000000000001,1,924125000,0,-44.5,3.33794219443916,0,0,0.160111999511719,1.63,0,-5400.240234375
100000000000000000000004,1,924125000,0,-49.5,0.625864161457342,0,0,0.160111999511719,1.63,0,-5400.240234375
100000000000000000000001,1,924125000,0,-44.5,3.33180627128761,0,0,0.160111999511719,1.63,0,-5400.240234375
100000000000000000000000,1,924125000,0,-44,3.10477711468054,0,0,0.160111999511719,1.63,0,-5400.240234375
100000000000000000000002,1,924125000,0,-46.5,5.99479691905709,0,0,0.160111999511719,1.63,0,-5400.240234375
100000000000000000000003,1,924125000,0,-47,0.380427235395639,0,0,0.160111999511719,1.63,0,-5400.240234375
100000000000000000000000,1,924125000,0,-44,3.08636934522591,0,0,0.160111999511719,1.63,0,-5400.240234375
100000000000000000000004,1,924125000,0,-49.5,0.613592315154256,0,0,0.160111999511719,1.63,0,-5400.240234375
100000000000000000000001,1,924125000,0,-44.5,3.35021404074224,0,0,0.160111999511719,1.63,0,-5400.240234375
100000000000000000000003,1,924125000,0,-47,0.380427235395639,0,0,0.160111999511719,1.63,0,-5400.240234375
100000000000000000000002,1,924125000,0,-46.5,6.00093284220863,0,0,0.160111999511719,1.63,0,-5400.240234375
100000000000000000000001,1,924125000,0,-44.5,3.35634996389378,0,0,0.160111999511719,1.63,0,-5400.240234375
100000000000000000000002,1,924125000,0,-46.5,6.00706876536017,0,0,0.160111999511719,1.63,0,-5400.240234375
100000000000000000000000,1,924125000,0,-44,3.10477711468054,0,0,0.160111999511719,1.63,0,-5400.240234375
100000000000000000000003,1,924125000,0,-47,0.380427235395639,0,0,0.160111999511719,1.63,0,-5400.240234375
100000000000000000000004,1,924125000,0,-49.5,0.619728238305799,0,0,0.160111999511719,1.63,0,-5400.240234375
100000000000000000000003,1,924125000,0,-46.5,0.380427235395639,0,0,0.160111999511719,1.63,0,-5400.240234375
100000000000000000000002,1,924125000,0,-46.5,5.97638914960246,0,0,0.160111999511719,1.63,0,-5400.240234375
100000000000000000000001,1,924125000,0,-44.5,3.3440781175907,0,0,0.160111999511719,1.63,0,-5400.240234375
100000000000000000000000,1,924125000,0,-44,3.11091303783208,0,0,0.160111999511719,1.63,0,-5400.240234375
100000000000000000000004,1,924125000,0,-49.5,0.613592315154256,0,0,0.160111999511719,1.63,0,-5400.240234375
100000000000000000000001,1,924125000,0,-44.5,3.33180627128761,0,0,0.160111999511719,1.63,0,-5400.240234375
100000000000000000000000,1,924125000,0,-44,3.08023342207437,0,0,0.160111999511719,1.63,0,-5400.240234375
100000000000000000000004,1,924125000,0,-49.5,0.589048622548086,0,0,0.160111999511719,1.63,0,-5400.240234375
100000000000000000000002,1,924125000,0,-46.5,5.982525072754,0,0,0.160111999511719,1.63,0,-5400.240234375
100000000000000000000003,1,924125000,0,-47,0.380427235395639,0,0,0.160111999511719,1.63,0,-5400.240234375
100000000000000000000003,1,924125000,0,-47,0.392699081698725,0,0,0.160111999511719,1.63,0,-5400.240234375
100000000000000000000001,1,924125000,0,-44.5,3.3440781175907,0,0,0.160111999511719,1.63,0,-5400.240234375
100000000000000000000000,1,924125000,0,-44,3.08636934522591,0,0,0.160111999511719,1.63,0,-5400.240234375
100000000000000000000002,1,924125000,0,-46.5,5.97025322645092,0,0,0.160111999511719,1.63,0,-5400.240234375
100000000000000000000004,1,924125000,0,-49.5,0.619728238305799,0,0,0.160111999511719,1.63,0,-5400.240234375
100000000000000000000004,1,924125000,0,-49.5,0.619728238305799,0,0,0.160111999511719,1.63,0,-5400.240234375
100000000000000000000001,1,924125000,0,-44.5,3.35634996389378,0,0,0.160111999511719,1.63,0,-5400.240234375
100000000000000000000000,1,924125000,0,-44,3.08023342207437,0,0,0.160111999511719,1.63,0,-5400.240234375
100000000000000000000003,1,924125000,0,-47,0.374291312244097,0,0,0.160111999511719,1.63,0,-5400.240234375
100000000000000000000002,1,924125000,0,-46.5,5.97025322645092,0,0,0.160111999511719,1.63,0,-5400.240234375
100000000000000000000002,1,924125000,0,-46.5,5.98866099590554,0,0,0.160111999511719,1.63,0,-5400.240234375
100000000000000000000001,1,924125000,0,-44.5,3.35634996389378,0,0,0.160111999511719,1.63,0,-5400.240234375
100000000000000000000003,1,924125000,0,-47,0.374291312244097,0,0,0.160111999511719,1.63,0,-5400.240234375
100000000000000000000004,1,924125000,0,-49.5,0.625864161457342,0,0,0.160111999511719,1.63,0,-5400.240234375
100000000000000000000000,1,924125000,0,-44,3.11091303783208,0,0,0.160111999511719,1.63,0,-5400.240234375
100000000000000000000004,1,924125000,0,-49.5,0.625864161457342,0,0,0.160111999511719,1.63,0,-5400.240234375
100000000000000000000000,1,924125000,0,-44,3.08636934522591,0,0,0.160111999511719,1.63,0,-5400.240234375
100000000000000000000003,1,924125000,0,-46.5,0.386563158547181,0,0,0.160111999511719,1.63,0,-5400.240234375
100000000000000000000002,1,924125000,0,-46.5,5.98866099590554,0,0,0.160111999511719,1.63,0,-5400.240234375
100000000000000000000001,1,924125000,0,-44.5,3.3440781175907,0,0,0.160111999511719,1.63,0,-5400.240234375
100000000000000000000002,1,924125000,0,-46.5,5.99479691905709,0,0,0.160111999511719,1.63,0,-5400.240234375
100000000000000000000004,1,924125000,0,-49.5,0.638136007760426,0,0,0.160111999511719,1.63,0,-5400.240234375
100000000000000000000001,1,924125000,0,-44.5,3.3440781175907,0,0,0.160111999511719,1.63,0,-5400.240234375
100000000000000000000000,1,924125000,0,-44,3.11091303783208,0,0,0.160111999511719,1.63,0,-5400.240234375
100000000000000000000003,1,924125000,0,-47,0.368155389092554,0,0,0.160111999511719,1.63,0,-5400.240234375
100000000000000000000001,1,924125000,0,-44.5,3.33794219443916,0,0,0.160111999511719,1.63,0,-5400.240234375
100000000000000000000000,1,924125000,0,-44,3.08636934522591,0,0,0.160111999511719,1.63,0,-5400.240234375
100000000000000000000002,1,924125000,0,-46.5,6.01320468851171,0,0,0.160111999511719,1.63,0,-5400.240234375
100000000000000000000004,1,924125000,0,-49.5,0.64427193091197,0,0,0.160111999511719,1.63,0,-5400.240234375
100000000000000000000003,1,924125000,0,-46.5,0.404970928001809,0,0,0.160111999511719,1.63,0,-5400.240234375
100000000000000000000001,1,924125000,0,-44.5,3.32567034813607,0,0,0.160111999511719,1.63,0,-5400.240234375
100000000000000000000003,1,924125000,0,-47,0.392699081698725,0,0,0.160111999511719,1.63,0,-5400.240234375
100000000000000000000004,1,924125000,0,-49.5,0.632000084608884,0,0,0.160111999511719,1.63,0,-5400.240234375
100000000000000000000002,1,924125000,0,-46.5,5.96411730329937,0,0,0.160111999511719,1.63,0,-5400.240234375
100000000000000000000000,1,924125000,0,-44,3.07409749892282,0,0,0.160111999511719,1.63,0,-5400.240234375
100000000000000000000004,1,924125000,0,-50,0.613592315154256,0,0,0.160111999511719,1.63,0,-5400.240234375
100000000000000000000002,1,924125000,0,-46.5,5.982525072754,0,0,0.160111999511719,1.63,0,-5400.240234375
100000000000000000000000,1,924125000,0,-44,3.09250526837745,0,0,0.160111999511719,1.63,0,-5400.240234375
100000000000000000000001,1,924125000,0,-44.5,3.33794219443916,0,0,0.160111999511719,1.63,0,-5400.240234375
100000000000000000000003,1,924125000,0,-47,0.392699081698725,0,0,0.160111999511719,1.63,0,-5400.240234375
100000000000000000000004,1,924125000,0,-49.5,0.619728238305799,0,0,0.160111999511719,1.63,0,-5400.240234375
100000000000000000000000,1,924125000,0,-44,3.12318488413517,0,0,0.160111999511719,1.63,0,-5400.240234375
100000000000000000000002,1,924125000,0,-46.5,5.982525072754,0,0,0.160111999511719,1.63,0,-5400.240234375
100000000000000000000003,1,924125000,0,-47,0.362019465941011,0,0,0.160111999511719,1.63,0,-5400.240234375
100000000000000000000001,1,924125000,0,-44.5,3.31953442498453,0,0,0.160111999511719,1.63,0,-5400.240234375
100000000000000000000002,1,924125000,0,-46.5,5.982525072754,0,0,0.160111999511719,1.63,0,-5400.240234375
100000000000000000000004,1,924125000,0,-49.5,0.632000084608884,0,0,0.160111999511719,1.63,0,-5400.240234375
100000000000000000000001,1,924125000,0,-44.5,3.35021404074224,0,0,0.160111999511719,1.63,0,-5400.240234375
100000000000000000000003,1,924125000,0,-47,0.386563158547181,0,0,0.160111999511719,1.63,0,-5400.240234375
100000000000000000000000,1,924125000,0,-44,3.08636934522591,0,0,0.160111999511719,1.63,0,-5400.240234375
100000000000000000000000,1,924125000,0,-44,3.08636934522591,0,0,0.160111999511719,1.63,0,-5400.240234375
100000000000000000000003,1,924125000,0,-47,0.374291312244097,0,0,0.160111999511719,1.63,0,-5400.240234375
100000000000000000000001,1,924125000,0,-44.5,3.31953442498453,0,0,0.160111999511719,1.63,0,-5400.240234375
100000000000000000000002,1,924125000,0,-46.5,5.98866099590554,0,0,0.160111999511719,1.63,0,-5400.240234375
100000000000000000000004,1,924125000,0,-50,0.613592315154256,0,0,0.160111999511719,1.63,0,-5400.240234375
100000000000000000000000,1,924125000,0,-44,3.08636934522591,0,0,0.160111999511719,1.63,0,-5400.240234375
100000000000000000000002,1,924125000,0,-46.5,5.982525072754,0,0,0.160111999511719,1.63,0,-5400.240234375
100000000000000000000001,1,924125000,0,-44.5,3.33794219443916,0,0,0.160111999511719,1.63,0,-5400.240234375
100000000000000000000003,1,924125000,0,-47,0.380427235395639,0,0,0.160111999511719,1.63,0,-5400.240234375
100000000000000000000004,1,924125000,0,-50,0.613592315154256,0,0,0.160111999511719,1.63,0,-5400.240234375
100000000000000000000002,1,924125000,0,-46.5,5.99479691905709,0,0,0.160111999511719,1.63,0,-5400.240234375
100000000000000000000001,1,924125000,0,-44.5,3.3440781175907,0,0,0.160111999511719,1.63,0,-5400.240234375
100000000000000000000004,1,924125000,0,-49.5,0.607456392002714,0,0,0.160111999511719,1.63,0,-5400.240234375
100000000000000000000000,1,924125000,0,-44,3.10477711468054,0,0,0.160111999511719,1.63,0,-5400.240234375
100000000000000000000003,1,924125000,0,-47,0.368155389092554,0,0,0.160111999511719,1.63,0,-5400.240234375
100000000000000000000000,1,924125000,0,-44,3.098641191529,0,0,0.160111999511719,1.63,0,-5400.240234375
100000000000000000000004,1,924125000,0,-49.5,0.613592315154256,0,0,0.160111999511719,1.63,0,-5400.240234375
100000000000000000000001,1,924125000,0,-44.5,3.35021404074224,0,0,0.160111999511719,1.63,0,-5400.240234375
100000000000000000000002,1,924125000,0,-46.5,5.99479691905709,0,0,0.160111999511719,1.63,0,-5400.240234375
100000000000000000000003,1,924125000,0,-46.5,0.386563158547181,0,0,0.160111999511719,1.63,0,-5400.240234375
100000000000000000000004,1,924125000,0,-49.5,0.632000084608884,0,0,0.160111999511719,1.63,0,-5400.240234375
100000000000000000000000,1,924125000,0,-44,3.11091303783208,0,0,0.160111999511719,1.63,0,-5400.240234375
100000000000000000000003,1,924125000,0,-47,0.380427235395639,0,0,0.160111999511719,1.63,0,-5400.240234375
100000000000000000000001,1,924125000,0,-44.5,3.33180627128761,0,0,0.160111999511719,1.63,0,-5400.240234375
100000000000000000000002,1,924125000,0,-46.5,5.99479691905709,0,0,0.160111999511719,1.63,0,-5400.240234375
100000000000000000000003,1,924125000,0,-47,0.380427235395639,0,0,0.160111999511719,1.63,0,-5400.240234375
100000000000000000000000,1,924125000,0,-44,3.09250526837745,0,0,0.160111999511719,1.63,0,-5400.240234375
100000000000000000000004,1,924125000,0,-50,0.582912699396544,0,0,0.160111999511719,1.63,0,-5400.240234375
100000000000000000000001,1,924125000,0,-44.5,3.35021404074224,0,0,0.160111999511719,1.63,0,-5400.240234375
100000000000000000000002,1,924125000,0,-46.5,5.98866099590554,0,0,0.160111999511719,1.63,0,-5400.240234375
100000000000000000000004,1,924125000,0,-50,0.632000084608884,0,0,0.160111999511719,1.63,0,-5400.240234375
100000000000000000000001,1,924125000,0,-44.5,3.33794219443916,0,0,0.160111999511719,1.63,0,-5400.240234375
100000000000000000000002,1,924125000,0,-46.5,6.01320468851171,0,0,0.160111999511719,1.63,0,-5400.240234375
100000000000000000000000,1,924125000,0,-44,3.11091303783208,0,0,0.160111999511719,1.63,0,-5400.240234375
100000000000000000000003,1,924125000,0,-47,0.368155389092554,0,0,0.160111999511719,1.63,0,-5400.240234375
100000000000000000000002,1,924125000,0,-46.5,5.982525072754,0,0,0.160111999511719,1.63,0,-5400.240234375
100000000000000000000004,1,924125000,0,-49.5,0.625864161457342,0,0,0.160111999511719,1.63,0,-5400.240234375
100000000000000000000000,1,924125000,0,-44,3.11091303783208,0,0,0.160111999511719,1.63,0,-5400.240234375
100000000000000000000003,1,924125000,0,-47,0.374291312244097,0,0,0.160111999511719,1.63,0,-5400.240234375
100000000000000000000001,1,924125000,0,-44.5,3.33180627128761,0,0,0.160111999511719,1.63,0,-5400.240234375
100000000000000000000002,1,924125000,0,-46.5,5.98866099590554,0,0,0.160111999511719,1.63,0,-5400.240234375
100000000000000000000000,1,924125000,0,-44,3.08636934522591,0,0,0.160111999511719,1.63,0,-5400.240234375
100000000000000000000001,1,924125000,0,-44.5,3.33794219443916,0,0,0.160111999511719,1.63,0,-5400.240234375
100000000000000000000004,1,924125000,0,-49.5,0.638136007760426,0,0,0.160111999511719,1.63,0,-5400.240234375
100000000000000000000003,1,924125000,0,-46.5,0.362019465941011,0,0,0.160111999511719,1.63,0,-5400.240234375
100000000000000000000003,1,924125000,0,-47,0.386563158547181,0,0,0.160111999511719,1.63,0,-5400.240234375
100000000000000000000002,1,924125000,0,-46.5,5.99479691905709,0,0,0.160111999511719,1.63,0,-5400.240234375
100000000000000000000001,1,924125000,0,-44.5,3.33180627128761,0,0,0.160111999511719,1.63,0,-5400.240234375
100000000000000000000000,1,924125000,0,-44,3.10477711468054,0,0,0.160111999511719,1.63,0,-5400.240234375
100000000000000000000004,1,924125000,0,-50,0.613592315154256,0,0,0.160111999511719,1.63,0,-5400.240234375
100000000000000000000002,1,924125000,0,-46.5,5.99479691905709,0,0,0.160111999511719,1.63,0,-5400.240234375
100000000000000000000001,1,924125000,0,-44.5,3.31953442498453,0,0,0.160111999511719,1.63,0,-5400.240234375
100000000000000000000003,1,924125000,0,-47,0.386563158547181,0,0,0.160111999511719,1.63,0,-5400.240234375
100000000000000000000000,1,924125000,0,-44,3.09250526837745,0,0,0.160111999511719,1.63,0,-5400.240234375
100000000000000000000004,1,924125000,0,-50,0.619728238305799,0,0,0.160111999511719,1.63,0,-5400.240234375
100000000000000000000004,1,924125000,0,-49.5,0.595184545699629,0,0,0.160111999511719,1.63,0,-5400.240234375
100000000000000000000003,1,924125000,0,-47,0.398835004850267,0,0,0.160111999511719,1.63,0,-5400.240234375
100000000000000000000001,1,924125000,0,-44.5,3.33180627128761,0,0,0.160111999511719,1.63,0,-5400.240234375
100000000000000000000000,1,924125000,0,-44,3.09250526837745,0,0,0.160111999511719,1.63,0,-5400.240234375
100000000000000000000002,1,924125000,0,-46.5,5.97025322645092,0,0,0.160111999511719,1.63,0,-5400.240234375
100000000000000000000000,1,924125000,0,-44,3.098641191529,0,0,0.160111999511719,1.63,0,-5400.240234375
100000000000000000000004,1,924125000,0,-49.5,0.601320468851172,0,0,0.160111999511719,1.63,0,-5400.240234375
100000000000000000000001,1,924125000,0,-44.5,3.3440781175907,0,0,0.160111999511719,1.63,0,-5400.240234375
100000000000000000000002,1,924125000,0,-46.5,5.97638914960246,0,0,0.160111999511719,1.63,0,-5400.240234375
100000000000000000000003,1,924125000,0,-47,0.386563158547181,0,0,0.160111999511719,1.63,0,-5400.240234375
100000000000000000000003,1,924125000,0,-46.5,0.374291312244097,0,0,0.160111999511719,1.63,0,-5400.240234375
100000000000000000000004,1,924125000,0,-49.5,0.638136007760426,0,0,0.160111999511719,1.63,0,-5400.240234375
100000000000000000000001,1,924125000,0,-44.5,3.33794219443916,0,0,0.160111999511719,1.63,0,-5400.240234375
100000000000000000000002,1,924125000,0,-46.5,5.982525072754,0,0,0.160111999511719,1.63,0,-5400.240234375
100000000000000000000000,1,924125000,0,-44,3.08636934522591,0,0,0.160111999511719,1.63,0,-5400.240234375
100000000000000000000002,1,924125000,0,-46.5,5.98866099590554,0,0,0.160111999511719,1.63,0,-5400.240234375
100000000000000000000004,1,924125000,0,-50,0.601320468851172,0,0,0.160111999511719,1.63,0,-5400.240234375
100000000000000000000000,1,924125000,0,-44,3.10477711468054,0,0,0.160111999511719,1.63,0,-5400.240234375
100000000000000000000001,1,924125000,0,-44.5,3.33794219443916,0,0,0.160111999511719,1.63,0,-5400.240234375
100000000000000000000003,1,924125000,0,-47,0.374291312244097,0,0,0.160111999511719,1.63,0,-5400.240234375
100000000000000000000000,1,924125000,0,-44,3.08636934522591,0,0,0.160111999511719,1.63,0,-5400.240234375
100000000000000000000001,1,924125000,0,-44.5,3.33794219443916,0,0,0.160111999511719,1.63,0,-5400.240234375
100000000000000000000003,1,924125000,0,-47,0.380427235395639,0,0,0.160111999511719,1.63,0,-5400.240234375
100000000000000000000002,1,924125000,0,-46.5,5.982525072754,0,0,0.160111999511719,1.63,0,-5400.240234375
100000000000000000000004,1,924125000,0,-50,0.619728238305799,0,0,0.160111999511719,1.63,0,-5400.240234375
100000000000000000000000,1,924125000,0,-44,3.11704896098362,0,0,0.160111999511719,1.63,0,-5400.240234375
100000000000000000000001,1,924125000,0,-44.5,3.32567034813607,0,0,0.160111999511719,1.63,0,-5400.240234375
100000000000000000000002,1,924125000,0,-46.5,5.98866099590554,0,0,0.160111999511719,1.63,0,-5400.240234375
100000000000000000000004,1,924125000,0,-49.5,0.582912699396544,0,0,0.160111999511719,1.63,0,-5400.240234375
100000000000000000000003,1,924125000,0,-47,0.380427235395639,0,0,0.160111999511719,1.63,0,-5400.240234375
100000000000000000000002,1,924125000,0,-46.5,5.99479691905709,0,0,0.160111999511719,1.63,0,-5400.240234375
100000000000000000000003,1,924125000,0,-47,0.392699081698725,0,0,0.160111999511719,1.63,0,-5400.240234375
100000000000000000000000,1,924125000,0,-44,3.098641191529,0,0,0.160111999511719,1.63,0,-5400.240234375
100000000000000000000001,1,924125000,0,-44.5,3.3440781175907,0,0,0.160111999511719,1.63,0,-5400.240234375
100000000000000000000004,1,924125000,0,-49.5,0.625864161457342,0,0,0.160111999511719,1.63,0,-5400.240234375
100000000000000000000004,1,924125000,0,-49.5,0.632000084608884,0,0,0.160111999511719,1.63,0,-5400.240234375
100000000000000000000001,1,924125000,0,-44.5,3.33794219443916,0,0,0.160111999511719,1.63,0,-5400.240234375
100000000000000000000003,1,924125000,0,-47,0.368155389092554,0,0,0.160111999511719,1.63,0,-5400.240234375
100000000000000000000000,1,924125000,0,-44,3.06182565261974,0,0,0.160111999511719,1.63,0,-5400.240234375
100000000000000000000002,1,924125000,0,-46.5,5.982525072754,0,0,0.160111999511719,1.63,0,-5400.240234375
100000000000000000000002,1,924125000,0,-46.5,5.982525072754,0,0,0.160111999511719,1.63,0,-5400.240234375
100000000000000000000001,1,924125000,0,-44.5,3.31339850183298,0,0,0.160111999511719,1.63,0,-5400.240234375
100000000000000000000000,1,924125000,0,-44,3.08023342207437,0,0,0.160111999511719,1.63,0,-5400.240234375
100000000000000000000004,1,924125000,0,-49.5,0.638136007760426,0,0,0.160111999511719,1.63,0,-5400.240234375
100000000000000000000003,1,924125000,0,-47,0.386563158547181,0,0,0.160111999511719,1.63,0,-5400.240234375
100000000000000000000003,1,924125000,0,-47,0.368155389092554,0,0,0.160111999511719,1.63,0,-5400.240234375
100000000000000000000004,1,924125000,0,-49.5,0.632000084608884,0,0,0.160111999511719,1.63,0,-5400.240234375
100000000000000000000002,1,924125000,0,-46.5,5.97638914960246,0,0,0.160111999511719,1.63,0,-5400.240234375
100000000000000000000000,1,924125000,0,-43.5,3.09250526837745,0,0,0.160111999511719,1.63,0,-5400.240234375
100000000000000000000001,1,924125000,0,-44.5,3.35634996389378,0,0,0.160111999511719,1.63,0,-5400.240234375
100000000000000000000001,1,924125000,0,-44.5,3.33794219443916,0,0,0.160111999511719,1.63,0,-5400.240234375
100000000000000000000004,1,924125000,0,-49.5,0.625864161457342,0,0,0.160111999511719,1.63,0,-5400.240234375
100000000000000000000003,1,924125000,0,-47,0.374291312244097,0,0,0.160111999511719,1.63,0,-5400.240234375
100000000000000000000000,1,924125000,0,-44,3.08636934522591,0,0,0.160111999511719,1.63,0,-5400.240234375
100000000000000000000002,1,924125000,0,-46.5,5.99479691905709,0,0,0.160111999511719,1.63,0,-5400.240234375
100000000000000000000004,1,924125000,0,-49.5,0.589048622548086,0,0,0.160111999511719,1.63,0,-5400.240234375
100000000000000000000002,1,924125000,0,-46.5,5.97638914960246,0,0,0.160111999511719,1.63,0,-5400.240234375
100000000000000000000003,1,924125000,0,-47,0.392699081698725,0,0,0.160111999511719,1.63,0,-5400.240234375
100000000000000000000000,1,924125000,0,-44,3.09250526837745,0,0,0.160111999511719,1.63,0,-5400.240234375
100000000000000000000001,1,924125000,0,-44.5,3.3440781175907,0,0,0.160111999511719,1.63,0,-5400.240234375
100000000000000000000000,1,924125000,0,-44,3.11704896098362,0,0,0.160111999511719,1.63,0,-5400.240234375
100000000000000000000001,1,924125000,0,-44.5,3.3440781175907,0,0,0.160111999511719,1.63,0,-5400.240234375
100000000000000000000004,1,924125000,0,-49.5,0.638136007760426,0,0,0.160111999511719,1.63,0,-5400.240234375
100000000000000000000003,1,924125000,0,-47,0.392699081698725,0,0,0.160111999511719,1.63,0,-5400.240234375
100000000000000000000002,1,924125000,0,-46.5,5.982525072754,0,0,0.160111999511719,1.63,0,-5400.240234375
100000000000000000000004,1,924125000,0,-49.5,0.638136007760426,0,0,0.160111999511719,1.63,0,-5400.240234375
100000000000000000000001,1,924125000,0,-44.5,3.3440781175907,0,0,0.160111999511719,1.63,0,-5400.240234375
100000000000000000000003,1,924125000,0,-47,0.386563158547181,0,0,0.160111999511719,1.63,0,-5400.240234375
100000000000000000000002,1,924125000,0,-46.5,5.99479691905709,0,0,0.160111999511719,1.63,0,-5400.240234375
100000000000000000000000,1,924125000,0,-44,3.10477711468054,0,0,0.160111999511719,1.63,0,-5400.240234375
100000000000000000000004,1,924125000,0,-49.5,0.638136007760426,0,0,0.160111999511719,1.63,0,-5400.240234375
100000000000000000000003,1,924125000,0,-47,0.374291312244097,0,0,0.160111999511719,1.63,0,-5400.240234375
100000000000000000000002,1,924125000,0,-46.5,5.98866099590554,0,0,0.160111999511719,1.63,0,-5400.240234375
100000000000000000000000,1,924125000,0,-44,3.08636934522591,0,0,0.160111999511719,1.63,0,-5400.240234375
100000000000000000000001,1,924125000,0,-44.5,3.32567034813607,0,0,0.160111999511719,1.63,0,-5400.240234375
100000000000000000000000,1,924125000,0,-44,3.09250526837745,0,0,0.160111999511719,1.63,0,-5400.240234375
100000000000000000000004,1,924125000,0,-49.5,0.638136007760426,0,0,0.160111999511719,1.63,0,-5400.240234375
100000000000000000000002,1,924125000,0,-46.5,6.00093284220863,0,0,0.160111999511719,1.63,0,-5400.240234375
100000000000000000000003,1,924125000,0,-47,0.386563158547181,0,0,0.160111999511719,1.63,0,-5400.240234375
100000000000000000000001,1,924125000,0,-44.5,3.35021404074224,0,0,0.160111999511719,1.63,0,-5400.240234375
100000000000000000000000,1,924125000,0,-44,3.09250526837745,0,0,0.160111999511719,1.63,0,-5400.240234375
100000000000000000000001,1,924125000,0,-44.5,3.32567034813607,0,0,0.160111999511719,1.63,0,-5400.240234375
100000000000000000000002,1,924125000,0,-46.5,5.98866099590554,0,0,0.160111999511719,1.63,0,-5400.240234375
100000000000000000000003,1,924125000,0,-47,0.386563158547181,0,0,0.160111999511719,1.63,0,-5400.240234375
100000000000000000000004,1,924125000,0,-49.5,0.613592315154256,0,0,0.160111999511719,1.63,0,-5400.240234375
100000000000000000000003,1,924125000,0,-47,0.380427235395639,0,0,0.160111999511719,1.63,0,-5400.240234375
100000000000000000000001,1,924125000,0,-44.5,3.35634996389378,0,0,0.160111999511719,1.63,0,-5400.240234375
100000000000000000000000,1,924125000,0,-44,3.09250526837745,0,0,0.160111999511719,1.63,0,-5400.240234375
100000000000000000000002,1,924125000,0,-46.5,6.00093284220863,0,0,0.160111999511719,1.63,0,-5400.240234375
100000000000000000000004,1,924125000,0,-50,0.613592315154256,0,0,0.160111999511719,1.63,0,-5400.240234375
100000000000000000000000,1,924125000,0,-44,3.10477711468054,0,0,0.160111999511719,1.63,0,-5400.240234375
100000000000000000000003,1,924125000,0,-47,0.362019465941011,0,0,0.160111999511719,1.63,0,-5400.240234375
100000000000000000000001,1,924125000,0,-44.5,3.3440781175907,0,0,0.160111999511719,1.63,0,-5400.240234375
100000000000000000000004,1,924125000,0,-49.5,0.638136007760426,0,0,0.160111999511719,1.63,0,-5400.240234375
100000000000000000000002,1,924125000,0,-46.5,5.982525072754,0,0,0.160111999511719,1.63,0,-5400.240234375
100000000000000000000000,1,924125000,0,-44,3.098641191529,0,0,0.160111999511719,1.63,0,-5400.240234375
100000000000000000000003,1,924125000,0,-47,0.386563158547181,0,0,0.160111999511719,1.63,0,-5400.240234375
100000000000000000000004,1,924125000,0,-50,0.632000084608884,0,0,0.160111999511719,1.63,0,-5400.240234375
100000000000000000000001,1,924125000,0,-44.5,3.35021404074224,0,0,0.160111999511719,1.63,0,-5400.240234375
100000000000000000000002,1,924125000,0,-46.5,5.97638914960246,0,0,0.160111999511719,1.63,0,-5400.240234375
100000000000000000000001,1,924125000,0,-44.5,3.35021404074224,0,0,0.160111999511719,1.63,0,-5400.240234375
100000000000000000000003,1,924125000,0,-47,0.392699081698725,0,0,0.160111999511719,1.63,0,-5400.240234375
100000000000000000000000,1,924125000,0,-44,3.11091303783208,0,0,0.160111999511719,1.63,0,-5400.240234375
100000000000000000000002,1,924125000,0,-46.5,5.98866099590554,0,0,0.160111999511719,1.63,0,-5400.240234375
100000000000000000000004,1,924125000,0,-50,0.607456392002714,0,0,0.160111999511719,1.63,0,-5400.240234375
100000000000000000000003,1,924125000,0,-47,0.398835004850267,0,0,0.160111999511719,1.63,0,-5400.240234375
100000000000000000000002,1,924125000,0,-46.5,6.00093284220863,0,0,0.160111999511719,1.63,0,-5400.240234375
100000000000000000000004,1,924125000,0,-49.5,0.613592315154256,0,0,0.160111999511719,1.63,0,-5400.240234375
100000000000000000000000,1,924125000,0,-44,3.09250526837745,0,0,0.160111999511719,1.63,0,-5400.240234375
100000000000000000000001,1,924125000,0,-44.5,3.33794219443916,0,0,0.160111999511719,1.63,0,-5400.240234375
100000000000000000000003,1,924125000,0,-47,0.386563158547181,0,0,0.160111999511719,1.63,0,-5400.240234375
100000000000000000000000,1,924125000,0,-44,3.09250526837745,0,0,0.160111999511719,1.63,0,-5400.240234375
100000000000000000000001,1,924125000,0,-44.5,3.33180627128761,0,0,0.160111999511719,1.63,0,-5400.240234375
100000000000000000000002,1,924125000,0,-46.5,5.98866099590554,0,0,0.160111999511719,1.63,0,-5400.240234375
100000000000000000000004,1,924125000,0,-49.5,0.613592315154256,0,0,0.160111999511719,1.63,0,-5400.240234375
100000000000000000000001,1,924125000,0,-44.5,3.33794219443916,0,0,0.160111999511719,1.63,0,-5400.240234375
100000000000000000000000,1,924125000,0,-44,3.08636934522591,0,0,0.160111999511719,1.63,0,-5400.240234375
100000000000000000000003,1,924125000,0,-47,0.374291312244097,0,0,0.160111999511719,1.63,0,-5400.240234375
100000000000000000000002,1,924125000,0,-46.5,6.00093284220863,0,0,0.160111999511719,1.63,0,-5400.240234375
100000000000000000000004,1,924125000,0,-49.5,0.625864161457342,0,0,0.160111999511719,1.63,0,-5400.240234375
100000000000000000000002,1,924125000,0,-46.5,5.99479691905709,0,0,0.160111999511719,1.63,0,-5400.240234375
100000000000000000000004,1,924125000,0,-49.5,0.64427193091197,0,0,0.160111999511719,1.63,0,-5400.240234375
100000000000000000000003,1,924125000,0,-47,0.374291312244097,0,0,0.160111999511719,1.63,0,-5400.240234375
100000000000000000000000,1,924125000,0,-44,3.10477711468054,0,0,0.160111999511719,1.63,0,-5400.240234375
100000000000000000000001,1,924125000,0,-44.5,3.33794219443916,0,0,0.160111999511719,1.63,0,-5400.240234375
100000000000000000000001,1,924125000,0,-44.5,3.3440781175907,0,0,0.160111999511719,1.63,0,-5400.240234375
100000000000000000000004,1,924125000,0,-50,0.613592315154256,0,0,0.160111999511719,1.63,0,-5400.240234375
100000000000000000000002,1,924125000,0,-46.5,6.00093284220863,0,0,0.160111999511719,1.63,0,-5400.240234375
100000000000000000000000,1,924125000,0,-44,3.11091303783208,0,0,0.160111999511719,1.63,0,-5400.240234375
100000000000000000000003,1,924125000,0,-47,0.374291312244097,0,0,0.160111999511719,1.63,0,-5400.240234375
100000000000000000000004,1,924125000,0,-49.5,0.632000084608884,0,0,0.160111999511719,1.63,0,-5400.240234375
100000000000000000000002,1,924125000,0,-46.5,5.98866099590554,0,0,0.160111999511719,1.63,0,-5400.240234375
100000000000000000000000,1,924125000,0,-44,3.08636934522591,0,0,0.160111999511719,1.63,0,-5400.240234375
100000000000000000000001,1,924125000,0,-44.5,3.33794219443916,0,0,0.160111999511719,1.63,0,-5400.240234375
100000000000000000000003,1,924125000,0,-47,0.368155389092554,0,0,0.160111999511719,1.63,0,-5400.240234375
100000000000000000000001,1,924125000,0,-44.5,3.33794219443916,0,0,0.160111999511719,1.63,0,-5400.240234375
100000000000000000000004,1,924125000,0,-49.5,0.64427193091197,0,0,0.160111999511719,1.63,0,-5400.240234375
100000000000000000000002,1,924125000,0,-46.5,5.99479691905709,0,0,0.160111999511719,1.63,0,-5400.240234375
100000000000000000000000,1,924125000,0,-44,3.098641191529,0,0,0.160111999511719,1.63,0,-5400.240234375
100000000000000000000003,1,924125000,0,-47,0.368155389092554,0,0,0.160111999511719,1.63,0,-5400.240234375
100000000000000000000001,1,924125000,0,-44.5,3.33794219443916,0,0,0.160111999511719,1.63,0,-5400.240234375
100000000000000000000004,1,924125000,0,-49.5,0.632000084608884,0,0,0.160111999511719,1.63,0,-5400.240234375
100000000000000000000003,1,924125000,0,-47,0.398835004850267,0,0,0.160111999511719,1.63,0,-5400.240234375
100000000000000000000002,1,924125000,0,-46.5,5.97025322645092,0,0,0.160111999511719,1.63,0,-5400.240234375
100000000000000000000000,1,924125000,0,-44,3.098641191529,0,0,0.160111999511719,1.63,0,-5400.240234375
100000000000000000000002,1,924125000,0,-46.5,5.98866099590554,0,0,0.160111999511719,1.63,0,-5400.240234375
100000000000000000000003,1,924125000,0,-47,0.392699081698725,0,0,0.160111999511719,1.63,0,-5400.240234375
100000000000000000000004,1,924125000,0,-49.5,0.638136007760426,0,0,0.160111999511719,1.63,0,-5400.240234375
100000000000000000000001,1,924125000,0,-44.5,3.31953442498453,0,0,0.160111999511719,1.63,0,-5400.240234375
100000000000000000000000,1,924125000,0,-44,3.08023342207437,0,0,0.160111999511719,1.63,0,-5400.240234375
100000000000000000000000,1,924125000,0,-44,3.098641191529,0,0,0.160111999511719,1.63,0,-5400.240234375
100000000000000000000003,1,924125000,0,-47,0.386563158547181,0,0,0.160111999511719,1.63,0,-5400.240234375
100000000000000000000002,1,924125000,0,-46.5,5.99479691905709,0,0,0.160111999511719,1.63,0,-5400.240234375
100000000000000000000004,1,924125000,0,-49.5,0.619728238305799,0,0,0.160111999511719,1.63,0,-5400.240234375
100000000000000000000001,1,924125000,0,-44.5,3.33794219443916,0,0,0.160111999511719,1.63,0,-5400.240234375
100000000000000000000000,1,924125000,0,-44,3.098641191529,0,0,0.160111999511719,1.63,0,-5400.240234375
100000000000000000000001,1,924125000,0,-44.5,3.31953442498453,0,0,0.160111999511719,1.63,0,-5400.240234375
100000000000000000000004,1,924125000,0,-49.5,0.595184545699629,0,0,0.160111999511719,1.63,0,-5400.240234375
100000000000000000000002,1,924125000,0,-46.5,5.982525072754,0,0,0.160111999511719,1.63,0,-5400.240234375
100000000000000000000003,1,924125000,0,-47,0.380427235395639,0,0,0.160111999511719,1.63,0,-5400.240234375
100000000000000000000001,1,924125000,0,-44.5,3.30726257868144,0,0,0.160111999511719,1.63,0,-5400.240234375
100000000000000000000000,1,924125000,0,-44,3.09250526837745,0,0,0.160111999511719,1.63,0,-5400.240234375
100000000000000000000003,1,924125000,0,-46.5,0.392699081698725,0,0,0.160111999511719,1.63,0,-5400.240234375
100000000000000000000002,1,924125000,0,-46.5,5.98866099590554,0,0,0.160111999511719,1.63,0,-5400.240234375
100000000000000000000004,1,924125000,0,-49.5,0.589048622548086,0,0,0.160111999511719,1.63,0,-5400.240234375
100000000000000000000003,1,924125000,0,-47,0.368155389092554,0,0,0.160111999511719,1.63,0,-5400.240234375
100000000000000000000001,1,924125000,0,-44.5,3.33794219443916,0,0,0.160111999511719,1.63,0,-5400.240234375
100000000000000000000004,1,924125000,0,-50,0.632000084608884,0,0,0.160111999511719,1.63,0,-5400.240234375
100000000000000000000000,1,924125000,0,-44,3.098641191529,0,0,0.160111999511719,1.63,0,-5400.240234375
100000000000000000000002,1,924125000,0,-46.5,5.98866099590554,0,0,0.160111999511719,1.63,0,-5400.240234375
100000000000000000000004,1,924125000,0,-49.5,0.632000084608884,0,0,0.160111999511719,1.63,0,-5400.240234375
100000000000000000000001,1,924125000,0,-44.5,3.33180627128761,0,0,0.160111999511719,1.63,0,-5400.240234375
100000000000000000000002,1,924125000,0,-46.5,5.982525072754,0,0,0.160111999511719,1.63,0,-5400.240234375
100000000000000000000000,1,924125000,0,-44,3.098641191529,0,0,0.160111999511719,1.63,0,-5400.240234375
100000000000000000000003,1,924125000,0,-47,0.343611696486383,0,0,0.160111999511719,1.63,0,-5400.240234375
100000000000000000000001,1,924125000,0,-44.5,3.33794219443916,0,0,0.160111999511719,1.63,0,-5400.240234375
100000000000000000000000,1,924125000,0,-44,3.09250526837745,0,0,0.160111999511719,1.63,0,-5400.240234375
100000000000000000000002,1,924125000,0,-46.5,6.00093284220863,0,0,0.160111999511719,1.63,0,-5400.240234375
100000000000000000000004,1,924125000,0,-49.5,0.607456392002714,0,0,0.160111999511719,1.63,0,-5400.240234375
100000000000000000000003,1,924125000,0,-47,0.355883542789469,0,0,0.160111999511719,1.63,0,-5400.240234375
100000000000000000000003,1,924125000,0,-47,0.392699081698725,0,0,0.160111999511719,1.63,0,-5400.240234375
100000000000000000000001,1,924125000,0,-44.5,3.33794219443916,0,0,0.160111999511719,1.63,0,-5400.240234375
100000000000000000000002,1,924125000,0,-46.5,5.99479691905709,0,0,0.160111999511719,1.63,0,-5400.240234375
100000000000000000000000,1,924125000,0,-44,3.11704896098362,0,0,0.160111999511719,1.63,0,-5400.240234375
100000000000000000000004,1,924125000,0,-49.5,0.625864161457342,0,0,0.160111999511719,1.63,0,-5400.240234375
100000000000000000000001,1,924125000,0,-44.5,3.31953442498453,0,0,0.160111999511719,1.63,0,-5400.240234375
100000000000000000000003,1,924125000,0,-47,0.374291312244097,0,0,0.160111999511719,1.63,0,-5400.240234375
100000000000000000000002,1,924125000,0,-46.5,5.97638914960246,0,0,0.160111999511719,1.63,0,-5400.240234375
100000000000000000000000,1,924125000,0,-44,3.11091303783208,0,0,0.160111999511719,1.63,0,-5400.240234375
100000000000000000000004,1,924125000,0,-49.5,0.601320468851172,0,0,0.160111999511719,1.63,0,-5400.240234375
100000000000000000000001,1,924125000,0,-44.5,3.31339850183298,0,0,0.160111999511719,1.63,0,-5400.240234375
100000000000000000000003,1,924125000,0,-47,0.374291312244097,0,0,0.160111999511719,1.63,0,-5400.240234375
100000000000000000000000,1,924125000,0,-44,3.11091303783208,0,0,0.160111999511719,1.63,0,-5400.240234375
100000000000000000000002,1,924125000,0,-46.5,5.97025322645092,0,0,0.160111999511719,1.63,0,-5400.240234375
100000000000000000000004,1,924125000,0,-50,0.625864161457342,0,0,0.160111999511719,1.63,0,-5400.240234375
100000000000000000000004,1,924125000,0,-50,0.619728238305799,0,0,0.160111999511719,1.63,0,-5400.240234375
100000000000000000000003,1,924125000,0,-47,0.374291312244097,0,0,0.160111999511719,1.63,0,-5400.240234375
100000000000000000000002,1,924125000,0,-46.5,5.98866099590554,0,0,0.160111999511719,1.63,0,-5400.240234375
100000000000000000000001,1,924125000,0,-44.5,3.33794219443916,0,0,0.160111999511719,1.63,0,-5400.240234375
100000000000000000000000,1,924125000,0,-44,3.09250526837745,0,0,0.160111999511719,1.63,0,-5400.240234375
100000000000000000000000,1,924125000,0,-44,3.09250526837745,0,0,0.160111999511719,1.63,0,-5400.240234375
100000000000000000000002,1,924125000,0,-46.5,5.97025322645092,0,0,0.160111999511719,1.63,0,-5400.240234375
100000000000000000000003,1,924125000,0,-47,0.374291312244097,0,0,0.160111999511719,1.63,0,-5400.240234375
100000000000000000000001,1,924125000,0,-44.5,3.35021404074224,0,0,0.160111999511719,1.63,0,-5400.240234375
100000000000000000000004,1,924125000,0,-49.5,0.613592315154256,0,0,0.160111999511719,1.63,0,-5400.240234375
100000000000000000000000,1,924125000,0,-44,3.09250526837745,0,0,0.160111999511719,1.63,0,-5400.240234375
100000000000000000000002,1,924125000,0,-46.5,6.00093284220863,0,0,0.160111999511719,1.63,0,-5400.240234375
100000000000000000000001,1,924125000,0,-44.5,3.31953442498453,0,0,0.160111999511719,1.63,0,-5400.240234375
100000000000000000000004,1,924125000,0,-49.5,0.613592315154256,0,0,0.160111999511719,1.63,0,-5400.240234375
100000000000000000000003,1,924125000,0,-47,0.380427235395639,0,0,0.160111999511719,1.63,0,-5400.240234375
100000000000000000000003,1,924125000,0,-47,0.368155389092554,0,0,0.160111999511719,1.63,0,-5400.240234375
100000000000000000000000,1,924125000,0,-44,3.10477711468054,0,0,0.160111999511719,1.63,0,-5400.240234375
100000000000000000000001,1,924125000,0,-44.5,3.33794219443916,0,0,0.160111999511719,1.63,0,-5400.240234375
100000000000000000000002,1,924125000,0,-46.5,6.00093284220863,0,0,0.160111999511719,1.63,0,-5400.240234375
100000000000000000000004,1,924125000,0,-49.5,0.64427193091197,0,0,0.160111999511719,1.63,0,-5400.240234375
100000000000000000000003,1,924125000,0,-47,0.374291312244097,0,0,0.160111999511719,1.63,0,-5400.240234375
100000000000000000000002,1,924125000,0,-46.5,5.98866099590554,0,0,0.160111999511719,1.63,0,-5400.240234375
100000000000000000000001,1,924125000,0,-44.5,3.35021404074224,0,0,0.160111999511719,1.63,0,-5400.240234375
100000000000000000000000,1,924125000,0,-44,3.09250526837745,0,0,0.160111999511719,1.63,0,-5400.240234375
100000000000000000000004,1,924125000,0,-50,0.619728238305799,0,0,0.160111999511719,1.63,0,-5400.240234375
100000000000000000000003,1,924125000,0,-47,0.368155389092554,0,0,0.160111999511719,1.63,0,-5400.240234375
100000000000000000000001,1,924125000,0,-44.5,3.33794219443916,0,0,0.160111999511719,1.63,0,-5400.240234375
100000000000000000000004,1,924125000,0,-49.5,0.638136007760426,0,0,0.160111999511719,1.63,0,-5400.240234375
100000000000000000000000,1,924125000,0,-44,3.098641191529,0,0,0.160111999511719,1.63,0,-5400.240234375
100000000000000000000002,1,924125000,0,-46.5,5.97638914960246,0,0,0.160111999511719,1.63,0,-5400.240234375
100000000000000000000003,1,924125000,0,-47,0.380427235395639,0,0,0.160111999511719,1.63,0,-5400.240234375
100000000000000000000000,1,924125000,0,-44,3.10477711468054,0,0,0.160111999511719,1.63,0,-5400.240234375
100000000000000000000002,1,924125000,0,-46.5,5.97638914960246,0,0,0.160111999511719,1.63,0,-5400.240234375
100000000000000000000001,1,924125000,0,-44.5,3.35021404074224,0,0,0.160111999511719,1.63,0,-5400.240234375
100000000000000000000004,1,924125000,0,-49.5,0.601320468851172,0,0,0.160111999511719,1.63,0,-5400.240234375
100000000000000000000004,1,924125000,0,-50,0.589048622548086,0,0,0.160111999511719,1.63,0,-5400.240234375
100000000000000000000002,1,924125000,0,-46.5,5.99479691905709,0,0,0.160111999511719,1.63,0,-5400.240234375
100000000000000000000000,1,924125000,0,-44,3.11091303783208,0,0,0.160111999511719,1.63,0,-5400.240234375
100000000000000000000001,1,924125000,0,-44.5,3.33180627128761,0,0,0.160111999511719,1.63,0,-5400.240234375
100000000000000000000003,1,924125000,0,-46.5,0.362019465941011,0,0,0.160111999511719,1.63,0,-5400.240234375
100000000000000000000000,1,924125000,0,-44,3.12318488413517,0,0,0.160111999511719,1.63,0,-5400.240234375
100000000000000000000001,1,924125000,0,-44.5,3.35021404074224,0,0,0.160111999511719,1.63,0,-5400.240234375
100000000000000000000002,1,924125000,0,-46.5,6.00093284220863,0,0,0.160111999511719,1.63,0,-5400.240234375
100000000000000000000003,1,924125000,0,-47,0.380427235395639,0,0,0.160111999511719,1.63,0,-5400.240234375
100000000000000000000004,1,924125000,0,-50,0.632000084608884,0,0,0.160111999511719,1.63,0,-5400.240234375
100000000000000000000000,1,924125000,0,-44,3.11091303783208,0,0,0.160111999511719,1.63,0,-5400.240234375
100000000000000000000002,1,924125000,0,-46.5,5.99479691905709,0,0,0.160111999511719,1.63,0,-5400.240234375
100000000000000000000003,1,924125000,0,-47,0.368155389092554,0,0,0.160111999511719,1.63,0,-5400.240234375
100000000000000000000001,1,924125000,0,-44.5,3.33180627128761,0,0,0.160111999511719,1.63,0,-5400.240234375
100000000000000000000004,1,924125000,0,-49.5,0.638136007760426,0,0,0.160111999511719,1.63,0,-5400.240234375
100000000000000000000000,1,924125000,0,-44,3.09250526837745,0,0,0.160111999511719,1.63,0,-5400.240234375
100000000000000000000002,1,924125000,0,-46.5,6.00093284220863,0,0,0.160111999511719,1.63,0,-5400.240234375
100000000000000000000004,1,924125000,0,-49.5,0.632000084608884,0,0,0.160111999511719,1.63,0,-5400.240234375
100000000000000000000001,1,924125000,0,-44.5,3.32567034813607,0,0,0.160111999511719,1.63,0,-5400.240234375
100000000000000000000003,1,924125000,0,-47,0.374291312244097,0,0,0.160111999511719,1.63,0,-5400.240234375
100000000000000000000004,1,924125000,0,-49.5,0.625864161457342,0,0,0.160111999511719,1.63,0,-5400.240234375
100000000000000000000002,1,924125000,0,-46.5,5.97638914960246,0,0,0.160111999511719,1.63,0,-5400.240234375
100000000000000000000000,1,924125000,0,-44,3.09250526837745,0,0,0.160111999511719,1.63,0,-5400.240234375
100000000000000000000003,1,924125000,0,-47,0.368155389092554,0,0,0.160111999511719,1.63,0,-5400.240234375
100000000000000000000001,1,924125000,0,-44.5,3.33180627128761,0,0,0.160111999511719,1.63,0,-5400.240234375
100000000000000000000002,1,924125000,0,-46.5,5.98866099590554,0,0,0.160111999511719,1.63,0,-5400.240234375
100000000000000000000001,1,924125000,0,-44.5,3.33794219443916,0,0,0.160111999511719,1.63,0,-5400.240234375
100000000000000000000000,1,924125000,0,-44,3.09250526837745,0,0,0.160111999511719,1.63,0,-5400.240234375
100000000000000000000003,1,924125000,0,-47,0.362019465941011,0,0,0.160111999511719,1.63,0,-5400.240234375
100000000000000000000004,1,924125000,0,-49.5,0.613592315154256,0,0,0.160111999511719,1.63,0,-5400.240234375
100000000000000000000004,1,924125000,0,-49.5,0.601320468851172,0,0,0.160111999511719,1.63,0,-5400.240234375
100000000000000000000003,1,924125000,0,-47,0.386563158547181,0,0,0.160111999511719,1.63,0,-5400.240234375
100000000000000000000000,1,924125000,0,-44,3.098641191529,0,0,0.160111999511719,1.63,0,-5400.240234375
100000000000000000000001,1,924125000,0,-44.5,3.3440781175907,0,0,0.160111999511719,1.63,0,-5400.240234375
100000000000000000000002,1,924125000,0,-46.5,5.96411730329937,0,0,0.160111999511719,1.63,0,-5400.240234375
100000000000000000000003,1,924125000,0,-47,0.398835004850267,0,0,0.160111999511719,1.63,0,-5400.240234375
100000000000000000000000,1,924125000,0,-44,3.08023342207437,0,0,0.160111999511719,1.63,0,-5400.240234375
100000000000000000000004,1,924125000,0,-49.5,0.607456392002714,0,0,0.160111999511719,1.63,0,-5400.240234375
100000000000000000000002,1,924125000,0,-46.5,5.98866099590554,0,0,0.160111999511719,1.63,0,-5400.240234375
100000000000000000000001,1,924125000,0,-44.5,3.32567034813607,0,0,0.160111999511719,1.63,0,-5400.240234375
100000000000000000000004,1,924125000,0,-50,0.601320468851172,0,0,0.160111999511719,1.63,0,-5400.240234375
100000000000000000000002,1,924125000,0,-46.5,5.97638914960246,0,0,0.160111999511719,1.63,0,-5400.240234375
100000000000000000000001,1,924125000,0,-44.5,3.35021404074224,0,0,0.160111999511719,1.63,0,-5400.240234375
100000000000000000000000,1,924125000,0,-44,3.09250526837745,0,0,0.160111999511719,1.63,0,-5400.240234375
100000000000000000000003,1,924125000,0,-47,0.380427235395639,0,0,0.160111999511719,1.63,0,-5400.240234375
100000000000000000000004,1,924125000,0,-50,0.625864161457342,0,0,0.160111999511719,1.63,0,-5400.240234375
100000000000000000000003,1,924125000,0,-46.5,0.374291312244097,0,0,0.160111999511719,1.63,0,-5400.240234375
100000000000000000000002,1,924125000,0,-46.5,5.99479691905709,0,0,0.160111999511719,1.63,0,-5400.240234375
100000000000000000000000,1,924125000,0,-44,3.11091303783208,0,0,0.160111999511719,1.63,0,-5400.240234375
100000000000000000000001,1,924125000,0,-44.5,3.33180627128761,0,0,0.160111999511719,1.63,0,-5400.240234375
100000000000000000000003,1,924125000,0,-46.5,0.343611696486383,0,0,0.160111999511719,1.63,0,-5400.240234375
100000000000000000000004,1,924125000,0,-49.5,0.619728238305799,0,0,0.160111999511719,1.63,0,-5400.240234375
100000000000000000000002,1,924125000,0,-46.5,5.98866099590554,0,0,0.160111999511719,1.63,0,-5400.240234375
100000000000000000000001,1,924125000,0,-44.5,3.32567034813607,0,0,0.160111999511719,1.63,0,-5400.240234375
100000000000000000000000,1,924125000,0,-44,3.08023342207437,0,0,0.160111999511719,1.63,0,-5400.240234375
100000000000000000000002,1,924125000,0,-46.5,5.982525072754,0,0,0.160111999511719,1.63,0,-5400.240234375
100000000000000000000004,1,924125000,0,-50,0.576776776245001,0,0,0.160111999511719,1.63,0,-5400.240234375
100000000000000000000000,1,924125000,0,-44,3.11091303783208,0,0,0.160111999511719,1.63,0,-5400.240234375
100000000000000000000001,1,924125000,0,-44.5,3.35021404074224,0,0,0.160111999511719,1.63,0,-5400.240234375
100000000000000000000003,1,924125000,0,-47,0.386563158547181,0,0,0.160111999511719,1.63,0,-5400.240234375
100000000000000000000002,1,924125000,0,-46.5,5.97638914960246,0,0,0.160111999511719,1.63,0,-5400.240234375
100000000000000000000003,1,924125000,0,-47,0.362019465941011,0,0,0.160111999511719,1.63,0,-5400.240234375
100000000000000000000000,1,924125000,0,-44,3.11704896098362,0,0,0.160111999511719,1.63,0,-5400.240234375
100000000000000000000001,1,924125000,0,-44.5,3.33794219443916,0,0,0.160111999511719,1.63,0,-5400.240234375
100000000000000000000004,1,924125000,0,-49.5,0.662679700366597,0,0,0.160111999511719,1.63,0,-5400.240234375
100000000000000000000003,1,924125000,0,-47,0.368155389092554,0,0,0.160111999511719,1.63,0,-5400.240234375
100000000000000000000001,1,924125000,0,-44.5,3.32567034813607,0,0,0.160111999511719,1.63,0,-5400.240234375
100000000000000000000000,1,924125000,0,-44,3.098641191529,0,0,0.160111999511719,1.63,0,-5400.240234375
100000000000000000000004,1,924125000,0,-50,0.595184545699629,0,0,0.160111999511719,1.63,0,-5400.240234375
100000000000000000000002,1,924125000,0,-46.5,6.01320468851171,0,0,0.160111999511719,1.63,0,-5400.240234375
100000000000000000000000,1,924125000,0,-44,3.10477711468054,0,0,0.160111999511719,1.63,0,-5400.240234375
100000000000000000000002,1,924125000,0,-46.5,5.98866099590554,0,0,0.160111999511719,1.63,0,-5400.240234375
100000000000000000000003,1,924125000,0,-47,0.374291312244097,0,0,0.160111999511719,1.63,0,-5400.240234375
100000000000000000000001,1,924125000,0,-44.5,3.31953442498453,0,0,0.160111999511719,1.63,0,-5400.240234375
100000000000000000000004,1,924125000,0,-50,0.607456392002714,0,0,0.160111999511719,1.63,0,-5400.240234375
100000000000000000000001,1,924125000,0,-44.5,3.3440781175907,0,0,0.160111999511719,1.63,0,-5400.240234375
100000000000000000000000,1,924125000,0,-44,3.10477711468054,0,0,0.160111999511719,1.63,0,-5400.240234375
100000000000000000000004,1,924125000,0,-49.5,0.613592315154256,0,0,0.160111999511719,1.63,0,-5400.240234375
100000000000000000000002,1,924125000,0,-46.5,5.97638914960246,0,0,0.160111999511719,1.63,0,-5400.240234375
100000000000000000000003,1,924125000,0,-47,0.380427235395639,0,0,0.160111999511719,1.63,0,-5400.240234375
100000000000000000000003,1,924125000,0,-47,0.392699081698725,0,0,0.160111999511719,1.63,0,-5400.240234375
100000000000000000000001,1,924125000,0,-44.5,3.31953442498453,0,0,0.160111999511719,1.63,0,-5400.240234375
100000000000000000000000,1,924125000,0,-44,3.10477711468054,0,0,0.160111999511719,1.63,0,-5400.240234375
100000000000000000000002,1,924125000,0,-46.5,5.982525072754,0,0,0.160111999511719,1.63,0,-5400.240234375
100000000000000000000004,1,924125000,0,-49.5,0.632000084608884,0,0,0.160111999511719,1.63,0,-5400.240234375
100000000000000000000002,1,924125000,0,-46.5,5.97638914960246,0,0,0.160111999511719,1.63,0,-5400.240234375
100000000000000000000003,1,924125000,0,-47,0.392699081698725,0,0,0.160111999511719,1.63,0,-5400.240234375
100000000000000000000001,1,924125000,0,-44.5,3.33794219443916,0,0,0.160111999511719,1.63,0,-5400.240234375
100000000000000000000000,1,924125000,0,-44,3.10477711468054,0,0,0.160111999511719,1.63,0,-5400.240234375
100000000000000000000004,1,924125000,0,-49.5,0.632000084608884,0,0,0.160111999511719,1.63,0,-5400.240234375
100000000000000000000000,1,924125000,0,-44,3.10477711468054,0,0,0.160111999511719,1.63,0,-5400.240234375
100000000000000000000001,1,924125000,0,-44.5,3.35634996389378,0,0,0.160111999511719,1.63,0,-5400.240234375
100000000000000000000002,1,924125000,0,-46.5,6.00093284220863,0,0,0.160111999511719,1.63,0,-5400.240234375
100000000000000000000003,1,924125000,0,-47,0.386563158547181,0,0,0.160111999511719,1.63,0,-5400.240234375
100000000000000000000004,1,924125000,0,-50,0.632000084608884,0,0,0.160111999511719,1.63,0,-5400.240234375
100000000000000000000004,1,924125000,0,-49.5,0.613592315154256,0,0,0.160111999511719,1.63,0,-5400.240234375
100000000000000000000001,1,924125000,0,-44.5,3.33180627128761,0,0,0.160111999511719,1.63,0,-5400.240234375
100000000000000000000003,1,924125000,0,-47,0.392699081698725,0,0,0.160111999511719,1.63,0,-5400.240234375
100000000000000000000000,1,924125000,0,-44,3.10477711468054,0,0,0.160111999511719,1.63,0,-5400.240234375
100000000000000000000002,1,924125000,0,-46.5,5.98866099590554,0,0,0.160111999511719,1.63,0,-5400.240234375
100000000000000000000004,1,924125000,0,-49.5,0.632000084608884,0,0,0.160111999511719,1.63,0,-5400.240234375
100000000000000000000003,1,924125000,0,-47,0.386563158547181,0,0,0.160111999511719,1.63,0,-5400.240234375
100000000000000000000000,1,924125000,0,-44,3.09250526837745,0,0,0.160111999511719,1.63,0,-5400.240234375
100000000000000000000002,1,924125000,0,-46.5,5.98866099590554,0,0,0.160111999511719,1.63,0,-5400.240234375
100000000000000000000001,1,924125000,0,-44.5,3.35021404074224,0,0,0.160111999511719,1.63,0,-5400.240234375
100000000000000000000004,1,924125000,0,-50,0.625864161457342,0,0,0.160111999511719,1.63,0,-5400.240234375
100000000000000000000003,1,924125000,0,-47,0.392699081698725,0,0,0.160111999511719,1.63,0,-5400.240234375
100000000000000000000002,1,924125000,0,-46.5,5.97638914960246,0,0,0.160111999511719,1.63,0,-5400.240234375
100000000000000000000001,1,924125000,0,-44.5,3.31953442498453,0,0,0.160111999511719,1.63,0,-5400.240234375
100000000000000000000000,1,924125000,0,-44,3.08023342207437,0,0,0.160111999511719,1.63,0,-5400.240234375
100000000000000000000004,1,924125000,0,-50,0.576776776245001,0,0,0.160111999511719,1.63,0,-5400.240234375
100000000000000000000000,1,924125000,0,-44,3.10477711468054,0,0,0.160111999511719,1.63,0,-5400.240234375
100000000000000000000002,1,924125000,0,-46.5,5.96411730329937,0,0,0.160111999511719,1.63,0,-5400.240234375
100000000000000000000001,1,924125000,0,-44.5,3.31339850183298,0,0,0.160111999511719,1.63,0,-5400.240234375
100000000000000000000003,1,924125000,0,-47,0.368155389092554,0,0,0.160111999511719,1.63,0,-5400.240234375
100000000000000000000002,1,924125000,0,-46.5,5.982525072754,0,0,0.160111999511719,1.63,0,-5400.240234375
100000000000000000000003,1,924125000,0,-47,0.386563158547181,0,0,0.160111999511719,1.63,0,-5400.240234375
100000000000000000000001,1,924125000,0,-44.5,3.35021404074224,0,0,0.160111999511719,1.63,0,-5400.240234375
100000000000000000000004,1,924125000,0,-50,0.632000084608884,0,0,0.160111999511719,1.63,0,-5400.240234375
100000000000000000000000,1,924125000,0,-44,3.11704896098362,0,0,0.160111999511719,1.63,0,-5400.240234375
100000000000000000000000,1,924125000,0,-44,3.10477711468054,0,0,0.160111999511719,1.63,0,-5400.240234375
100000000000000000000003,1,924125000,0,-47,0.386563158547181,0,0,0.160111999511719,1.63,0,-5400.240234375
100000000000000000000001,1,924125000,0,-44.5,3.35021404074224,0,0,0.160111999511719,1.63,0,-5400.240234375
100000000000000000000004,1,924125000,0,-50,0.632000084608884,0,0,0.160111999511719,1.63,0,-5400.240234375
100000000000000000000002,1,924125000,0,-46.5,5.99479691905709,0,0,0.160111999511719,1.63,0,-5400.240234375
100000000000000000000001,1,920625000,0,-44.5,1.8162332528566,0,0,0.160111999511719,1.63,0,-5400.240234375
100000000000000000000002,1,920625000,0,-46.5,4.4976316700807,0,0,0.160111999511719,1.63,0,-5400.240234375
100000000000000000000004,1,920625000,0,-50.5,5.20939875565964,0,0,0.160111999511719,1.63,0,-5400.240234375
100000000000000000000000,1,920625000,0,-44.5,1.65669925091649,0,0,0.160111999511719,1.63,0,-5400.240234375
100000000000000000000003,1,920625000,0,-47,4.94555406014331,0,0,0.160111999511719,1.63,0,-5400.240234375
100000000000000000000001,1,920625000,0,-44.5,1.84077694546277,0,0,0.160111999511719,1.63,0,-5400.240234375
100000000000000000000000,1,920625000,0,-44,1.64442740461341,0,0,0.160111999511719,1.63,0,-5400.240234375
100000000000000000000002,1,920625000,0,-46.5,4.4976316700807,0,0,0.160111999511719,1.63,0,-5400.240234375
100000000000000000000004,1,920625000,0,-50,5.22167060196272,0,0,0.160111999511719,1.63,0,-5400.240234375
100000000000000000000003,1,920625000,0,-47,4.88419482862788,0,0,0.160111999511719,1.63,0,-5400.240234375
100000000000000000000003,1,920625000,0,-47,4.93941813699176,0,0,0.160111999511719,1.63,0,-5400.240234375
100000000000000000000004,1,920625000,0,-50.5,5.22167060196272,0,0,0.160111999511719,1.63,0,-5400.240234375
100000000000000000000000,1,920625000,0,-44.5,1.63215555831032,0,0,0.160111999511719,1.63,0,-5400.240234375
100000000000000000000002,1,920625000,0,-46.5,4.49149574692916,0,0,0.160111999511719,1.63,0,-5400.240234375
100000000000000000000001,1,920625000,0,-44.5,1.82236917600814,0,0,0.160111999511719,1.63,0,-5400.240234375
100000000000000000000003,1,920625000,0,-47,4.92101036753714,0,0,0.160111999511719,1.63,0,-5400.240234375
100000000000000000000002,1,920625000,0,-47,4.4976316700807,0,0,0.160111999511719,1.63,0,-5400.240234375
100000000000000000000000,1,920625000,0,-44.5,1.63829148146186,0,0,0.160111999511719,1.63,0,-5400.240234375
100000000000000000000001,1,920625000,0,-44.5,1.82236917600814,0,0,0.160111999511719,1.63,0,-5400.240234375
100000000000000000000004,1,920625000,0,-50,5.21553467881118,0,0,0.160111999511719,1.63,0,-5400.240234375
100000000000000000000003,1,920625000,0,-46.5,4.91487444438559,0,0,0.160111999511719,1.63,0,-5400.240234375
100000000000000000000001,1,920625000,0,-44.5,1.82850509915968,0,0,0.160111999511719,1.63,0,-5400.240234375
100000000000000000000004,1,920625000,0,-50,5.24007837141735,0,0,0.160111999511719,1.63,0,-5400.240234375
100000000000000000000002,1,920625000,0,-46.5,4.50376759323224,0,0,0.160111999511719,1.63,0,-5400.240234375
100000000000000000000000,1,920625000,0,-44.5,1.65669925091649,0,0,0.160111999511719,1.63,0,-5400.240234375
100000000000000000000001,1,920625000,0,-44.5,1.84691286861431,0,0,0.160111999511719,1.63,0,-5400.240234375
100000000000000000000002,1,920625000,0,-47,4.47308797747453,0,0,0.160111999511719,1.63,0,-5400.240234375
100000000000000000000000,1,920625000,0,-44,1.66897109721958,0,0,0.160111999511719,1.63,0,-5400.240234375
100000000000000000000004,1,920625000,0,-50,5.17258321675038,0,0,0.160111999511719,1.63,0,-5400.240234375
100000000000000000000003,1,920625000,0,-46.5,4.93941813699176,0,0,0.160111999511719,1.63,0,-5400.240234375
100000000000000000000004,1,920625000,0,-50,5.22780652511427,0,0,0.160111999511719,1.63,0,-5400.240234375
100000000000000000000000,1,920625000,0,-44.5,1.64442740461341,0,0,0.160111999511719,1.63,0,-5400.240234375
100000000000000000000001,1,920625000,0,-44.5,1.83464102231123,0,0,0.160111999511719,1.63,0,-5400.240234375
100000000000000000000002,1,920625000,0,-46.5,4.50990351638379,0,0,0.160111999511719,1.63,0,-5400.240234375
100000000000000000000003,1,920625000,0,-47,4.93941813699176,0,0,0.160111999511719,1.63,0,-5400.240234375
100000000000000000000004,1,920625000,0,-50,5.22780652511427,0,0,0.160111999511719,1.63,0,-5400.240234375
100000000000000000000000,1,920625000,0,-44.5,1.63829148146186,0,0,0.160111999511719,1.63,0,-5400.240234375
100000000000000000000003,1,920625000,0,-46.5,4.93328221384022,0,0,0.160111999511719,1.63,0,-5400.240234375
100000000000000000000001,1,920625000,0,-44.5,1.83464102231123,0,0,0.160111999511719,1.63,0,-5400.240234375
100000000000000000000002,1,920625000,0,-47,4.49149574692916,0,0,0.160111999511719,1.63,0,-5400.240234375
100000000000000000000000,1,920625000,0,-44.5,1.63829148146186,0,0,0.160111999511719,1.63,0,-5400.240234375
100000000000000000000003,1,920625000,0,-46.5,4.93328221384022,0,0,0.160111999511719,1.63,0,-5400.240234375
100000000000000000000002,1,920625000,0,-47,4.50376759323224,0,0,0.160111999511719,1.63,0,-5400.240234375
100000000000000000000001,1,920625000,0,-44.5,1.83464102231123,0,0,0.160111999511719,1.63,0,-5400.240234375
100000000000000000000004,1,920625000,0,-50.5,5.18485506305347,0,0,0.160111999511719,1.63,0,-5400.240234375
100000000000000000000002,1,920625000,0,-46.5,4.48535982377761,0,0,0.160111999511719,1.63,0,-5400.240234375
100000000000000000000003,1,920625000,0,-47,4.94555406014331,0,0,0.160111999511719,1.63,0,-5400.240234375
100000000000000000000001,1,920625000,0,-44.5,1.84691286861431,0,0,0.160111999511719,1.63,0,-5400.240234375
100000000000000000000000,1,920625000,0,-44.5,1.64442740461341,0,0,0.160111999511719,1.63,0,-5400.240234375
100000000000000000000004,1,920625000,0,-50,5.21553467881118,0,0,0.160111999511719,1.63,0,-5400.240234375
100000000000000000000002,1,920625000,0,-46.5,4.4976316700807,0,0,0.160111999511719,1.63,0,-5400.240234375
100000000000000000000004,1,920625000,0,-50,5.22780652511427,0,0,0.160111999511719,1.63,0,-5400.240234375
100000000000000000000003,1,920625000,0,-46.5,4.90873852123405,0,0,0.160111999511719,1.63,0,-5400.240234375
100000000000000000000001,1,920625000,0,-44.5,1.83464102231123,0,0,0.160111999511719,1.63,0,-5400.240234375
100000000000000000000000,1,920625000,0,-44,1.63829148146186,0,0,0.160111999511719,1.63,0,-5400.240234375
100000000000000000000000,1,920625000,0,-44.5,1.64442740461341,0,0,0.160111999511719,1.63,0,-5400.240234375
100000000000000000000003,1,920625000,0,-46.5,4.93328221384022,0,0,0.160111999511719,1.63,0,-5400.240234375
100000000000000000000001,1,920625000,0,-44.5,1.82236917600814,0,0,0.160111999511719,1.63,0,-5400.240234375
100000000000000000000004,1,920625000,0,-50,5.18485506305347,0,0,0.160111999511719,1.63,0,-5400.240234375
100000000000000000000002,1,920625000,0,-47,4.49149574692916,0,0,0.160111999511719,1.63,0,-5400.240234375
100000000000000000000002,1,920625000,0,-46.5,4.4976316700807,0,0,0.160111999511719,1.63,0,-5400.240234375
100000000000000000000004,1,920625000,0,-50.5,5.23394244826581,0,0,0.160111999511719,1.63,0,-5400.240234375
100000000000000000000000,1,920625000,0,-44.5,1.66897109721958,0,0,0.160111999511719,1.63,0,-5400.240234375
100000000000000000000003,1,920625000,0,-46.5,4.94555406014331,0,0,0.160111999511719,1.63,0,-5400.240234375
100000000000000000000001,1,920625000,0,-44.5,1.84077694546277,0,0,0.160111999511719,1.63,0,-5400.240234375
100000000000000000000002,1,920625000,0,-46.5,4.4976316700807,0,0,0.160111999511719,1.63,0,-5400.240234375
100000000000000000000003,1,920625000,0,-46.5,4.95168998329485,0,0,0.160111999511719,1.63,0,-5400.240234375
100000000000000000000000,1,920625000,0,-44.5,1.65669925091649,0,0,0.160111999511719,1.63,0,-5400.240234375
100000000000000000000001,1,920625000,0,-44.5,1.82850509915968,0,0,0.160111999511719,1.63,0,-5400.240234375
100000000000000000000004,1,920625000,0,-50,5.21553467881118,0,0,0.160111999511719,1.63,0,-5400.240234375
100000000000000000000001,1,920625000,0,-44.5,1.81009732970506,0,0,0.160111999511719,1.63,0,-5400.240234375
100000000000000000000000,1,920625000,0,-44,1.64442740461341,0,0,0.160111999511719,1.63,0,-5400.240234375
100000000000000000000003,1,920625000,0,-47,4.92101036753714,0,0,0.160111999511719,1.63,0,-5400.240234375
100000000000000000000002,1,920625000,0,-47,4.50376759323224,0,0,0.160111999511719,1.63,0,-5400.240234375
100000000000000000000004,1,920625000,0,-50,5.21553467881118,0,0,0.160111999511719,1.63,0,-5400.240234375
100000000000000000000002,1,920625000,0,-46.5,4.48535982377761,0,0,0.160111999511719,1.63,0,-5400.240234375
100000000000000000000001,1,920625000,0,-44.5,1.8162332528566,0,0,0.160111999511719,1.63,0,-5400.240234375
100000000000000000000003,1,920625000,0,-47,4.93328221384022,0,0,0.160111999511719,1.63,0,-5400.240234375
100000000000000000000000,1,920625000,0,-44,1.63215555831032,0,0,0.160111999511719,1.63,0,-5400.240234375
100000000000000000000004,1,920625000,0,-50,5.24007837141735,0,0,0.160111999511719,1.63,0,-5400.240234375
100000000000000000000000,1,920625000,0,-44.5,1.64442740461341,0,0,0.160111999511719,1.63,0,-5400.240234375
100000000000000000000002,1,920625000,0,-47,4.48535982377761,0,0,0.160111999511719,1.63,0,-5400.240234375
100000000000000000000003,1,920625000,0,-47,4.94555406014331,0,0,0.160111999511719,1.63,0,-5400.240234375
100000000000000000000004,1,920625000,0,-50,5.21553467881118,0,0,0.160111999511719,1.63,0,-5400.240234375
100000000000000000000001,1,920625000,0,-44.5,1.84077694546277,0,0,0.160111999511719,1.63,0,-5400.240234375
100000000000000000000003,1,920625000,0,-47,4.96396182959793,0,0,0.160111999511719,1.63,0,-5400.240234375
100000000000000000000001,1,920625000,0,-44.5,1.80396140655351,0,0,0.160111999511719,1.63,0,-5400.240234375
100000000000000000000002,1,920625000,0,-47,4.48535982377761,0,0,0.160111999511719,1.63,0,-5400.240234375
100000000000000000000000,1,920625000,0,-44.5,1.63829148146186,0,0,0.160111999511719,1.63,0,-5400.240234375
100000000000000000000004,1,920625000,0,-50,5.24621429456889,0,0,0.160111999511719,1.63,0,-5400.240234375
100000000000000000000004,1,920625000,0,-50,5.19712690935655,0,0,0.160111999511719,1.63,0,-5400.240234375
100000000000000000000001,1,920625000,0,-44.5,1.8162332528566,0,0,0.160111999511719,1.63,0,-5400.240234375
100000000000000000000000,1,920625000,0,-44,1.63829148146186,0,0,0.160111999511719,1.63,0,-5400.240234375
100000000000000000000003,1,920625000,0,-47,4.93328221384022,0,0,0.160111999511719,1.63,0,-5400.240234375
100000000000000000000002,1,920625000,0,-46.5,4.4976316700807,0,0,0.160111999511719,1.63,0,-5400.240234375
100000000000000000000002,1,920625000,0,-47,4.4976316700807,0,0,0.160111999511719,1.63,0,-5400.240234375
100000000000000000000000,1,920625000,0,-44,1.63215555831032,0,0,0.160111999511719,1.63,0,-5400.240234375
100000000000000000000001,1,920625000,0,-44.5,1.82850509915968,0,0,0.160111999511719,1.63,0,-5400.240234375
100000000000000000000003,1,920625000,0,-47,4.92714629068868,0,0,0.160111999511719,1.63,0,-5400.240234375
100000000000000000000004,1,920625000,0,-50,5.22780652511427,0,0,0.160111999511719,1.63,0,-5400.240234375
100000000000000000000003,1,920625000,0,-47,4.93941813699176,0,0,0.160111999511719,1.63,0,-5400.240234375
100000000000000000000000,1,920625000,0,-44,1.64442740461341,0,0,0.160111999511719,1.63,0,-5400.240234375
100000000000000000000001,1,920625000,0,-44.5,1.82850509915968,0,0,0.160111999511719,1.63,0,-5400.240234375
100000000000000000000002,1,920625000,0,-46.5,4.48535982377761,0,0,0.160111999511719,1.63,0,-5400.240234375
100000000000000000000004,1,920625000,0,-50,5.21553467881118,0,0,0.160111999511719,1.63,0,-5400.240234375
100000000000000000000001,1,920625000,0,-44.5,1.84077694546277,0,0,0.160111999511719,1.63,0,-5400.240234375
100000000000000000000004,1,920625000,0,-50,5.24007837141735,0,0,0.160111999511719,1.63,0,-5400.240234375
100000000000000000000002,1,920625000,0,-46.5,4.48535982377761,0,0,0.160111999511719,1.63,0,-5400.240234375
100000000000000000000003,1,920625000,0,-46.5,4.97009775274948,0,0,0.160111999511719,1.63,0,-5400.240234375
100000000000000000000000,1,920625000,0,-44.5,1.65669925091649,0,0,0.160111999511719,1.63,0,-5400.240234375
100000000000000000000004,1,920625000,0,-50,5.20939875565964,0,0,0.160111999511719,1.63,0,-5400.240234375
100000000000000000000003,1,920625000,0,-47,4.94555406014331,0,0,0.160111999511719,1.63,0,-5400.240234375
100000000000000000000001,1,920625000,0,-44.5,1.83464102231123,0,0,0.160111999511719,1.63,0,-5400.240234375
100000000000000000000002,1,920625000,0,-46.5,4.4976316700807,0,0,0.160111999511719,1.63,0,-5400.240234375
100000000000000000000000,1,920625000,0,-44.5,1.65056332776495,0,0,0.160111999511719,1.63,0,-5400.240234375
100000000000000000000003,1,920625000,0,-47,4.92714629068868,0,0,0.160111999511719,1.63,0,-5400.240234375
100000000000000000000000,1,920625000,0,-44.5,1.65056332776495,0,0,0.160111999511719,1.63,0,-5400.240234375
100000000000000000000002,1,920625000,0,-46.5,4.48535982377761,0,0,0.160111999511719,1.63,0,-5400.240234375
100000000000000000000001,1,920625000,0,-44.5,1.84077694546277,0,0,0.160111999511719,1.63,0,-5400.240234375
100000000000000000000004,1,920625000,0,-50.5,5.19712690935655,0,0,0.160111999511719,1.63,0,-5400.240234375
100000000000000000000004,1,920625000,0,-50,5.22780652511427,0,0,0.160111999511719,1.63,0,-5400.240234375
100000000000000000000002,1,920625000,0,-46.5,4.49149574692916,0,0,0.160111999511719,1.63,0,-5400.240234375
100000000000000000000003,1,920625000,0,-47,4.92714629068868,0,0,0.160111999511719,1.63,0,-5400.240234375
100000000000000000000000,1,920625000,0,-44.5,1.64442740461341,0,0,0.160111999511719,1.63,0,-5400.240234375
100000000000000000000001,1,920625000,0,-44.5,1.84691286861431,0,0,0.160111999511719,1.63,0,-5400.240234375
100000000000000000000004,1,920625000,0,-50.5,5.18485506305347,0,0,0.160111999511719,1.63,0,-5400.240234375
100000000000000000000002,1,920625000,0,-46.5,4.49149574692916,0,0,0.160111999511719,1.63,0,-5400.240234375
100000000000000000000000,1,920625000,0,-44,1.65056332776495,0,0,0.160111999511719,1.63,0,-5400.240234375
100000000000000000000001,1,920625000,0,-44.5,1.79782548340197,0,0,0.160111999511719,1.63,0,-5400.240234375
100000000000000000000003,1,920625000,0,-47,4.93328221384022,0,0,0.160111999511719,1.63,0,-5400.240234375
100000000000000000000000,1,920625000,0,-44.5,1.65056332776495,0,0,0.160111999511719,1.63,0,-5400.240234375
100000000000000000000004,1,920625000,0,-50,5.22780652511427,0,0,0.160111999511719,1.63,0,-5400.240234375
100000000000000000000003,1,920625000,0,-46.5,4.93941813699176,0,0,0.160111999511719,1.63,0,-5400.240234375
100000000000000000000002,1,920625000,0,-47,4.50990351638379,0,0,0.160111999511719,1.63,0,-5400.240234375
100000000000000000000001,1,920625000,0,-44.5,1.82236917600814,0,0,0.160111999511719,1.63,0,-5400.240234375
100000000000000000000001,1,920625000,0,-44.5,1.82236917600814,0,0,0.160111999511719,1.63,0,-5400.240234375
100000000000000000000003,1,920625000,0,-47,4.95168998329485,0,0,0.160111999511719,1.63,0,-5400.240234375
100000000000000000000004,1,920625000,0,-50,5.19712690935655,0,0,0.160111999511719,1.63,0,-5400.240234375
100000000000000000000000,1,920625000,0,-44.5,1.63829148146186,0,0,0.160111999511719,1.63,0,-5400.240234375
100000000000000000000002,1,920625000,0,-47,4.49149574692916,0,0,0.160111999511719,1.63,0,-5400.240234375
100000000000000000000004,1,920625000,0,-50,5.18485506305347,0,0,0.160111999511719,1.63,0,-5400.240234375
100000000000000000000002,1,920625000,0,-46.5,4.4976316700807,0,0,0.160111999511719,1.63,0,-5400.240234375
100000000000000000000001,1,920625000,0,-44.5,1.82236917600814,0,0,0.160111999511719,1.63,0,-5400.240234375
100000000000000000000000,1,920625000,0,-44.5,1.66897109721958,0,0,0.160111999511719,1.63,0,-5400.240234375
100000000000000000000003,1,920625000,0,-47,4.93328221384022,0,0,0.160111999511719,1.63,0,-5400.240234375
100000000000000000000003,1,920625000,0,-47,4.93941813699176,0,0,0.160111999511719,1.63,0,-5400.240234375
100000000000000000000001,1,920625000,0,-44.5,1.83464102231123,0,0,0.160111999511719,1.63,0,-5400.240234375
100000000000000000000004,1,920625000,0,-50,5.20939875565964,0,0,0.160111999511719,1.63,0,-5400.240234375
100000000000000000000000,1,920625000,0,-44.5,1.65669925091649,0,0,0.160111999511719,1.63,0,-5400.240234375
100000000000000000000002,1,920625000,0,-46.5,4.47308797747453,0,0,0.160111999511719,1.63,0,-5400.240234375
100000000000000000000002,1,920625000,0,-46.5,4.47922390062607,0,0,0.160111999511719,1.63,0,-5400.240234375
100000000000000000000000,1,920625000,0,-44.5,1.66283517406803,0,0,0.160111999511719,1.63,0,-5400.240234375
100000000000000000000003,1,920625000,0,-47,4.93941813699176,0,0,0.160111999511719,1.63,0,-5400.240234375
100000000000000000000004,1,920625000,0,-50,5.16644729359884,0,0,0.160111999511719,1.63,0,-5400.240234375
100000000000000000000001,1,920625000,0,-44.5,1.83464102231123,0,0,0.160111999511719,1.63,0,-5400.240234375
100000000000000000000004,1,920625000,0,-50,5.20939875565964,0,0,0.160111999511719,1.63,0,-5400.240234375
100000000000000000000002,1,920625000,0,-47,4.48535982377761,0,0,0.160111999511719,1.63,0,-5400.240234375
100000000000000000000001,1,920625000,0,-44.5,1.84077694546277,0,0,0.160111999511719,1.63,0,-5400.240234375
100000000000000000000000,1,920625000,0,-44.5,1.63829148146186,0,0,0.160111999511719,1.63,0,-5400.240234375
100000000000000000000003,1,920625000,0,-47,4.93328221384022,0,0,0.160111999511719,1.63,0,-5400.240234375
100000000000000000000000,1,920625000,0,-44,1.64442740461341,0,0,0.160111999511719,1.63,0,-5400.240234375
100000000000000000000002,1,920625000,0,-46.5,4.49149574692916,0,0,0.160111999511719,1.63,0,-5400.240234375
100000000000000000000004,1,920625000,0,-50,5.19712690935655,0,0,0.160111999511719,1.63,0,-5400.240234375
100000000000000000000001,1,920625000,0,-44.5,1.83464102231123,0,0,0.160111999511719,1.63,0,-5400.240234375
100000000000000000000003,1,920625000,0,-47,4.91487444438559,0,0,0.160111999511719,1.63,0,-5400.240234375
100000000000000000000004,1,920625000,0,-50,5.2032628325081,0,0,0.160111999511719,1.63,0,-5400.240234375
100000000000000000000003,1,920625000,0,-47,4.89033075177942,0,0,0.160111999511719,1.63,0,-5400.240234375
100000000000000000000002,1,920625000,0,-46.5,4.4976316700807,0,0,0.160111999511719,1.63,0,-5400.240234375
100000000000000000000001,1,920625000,0,-44.5,1.82850509915968,0,0,0.160111999511719,1.63,0,-5400.240234375
100000000000000000000000,1,920625000,0,-44.5,1.65669925091649,0,0,0.160111999511719,1.63,0,-5400.240234375
100000000000000000000000,1,920625000,0,-44.5,1.67510702037112,0,0,0.160111999511719,1.63,0,-5400.240234375
100000000000000000000002,1,920625000,0,-47,4.4976316700807,0,0,0.160111999511719,1.63,0,-5400.240234375
100000000000000000000003,1,920625000,0,-47,4.95168998329485,0,0,0.160111999511719,1.63,0,-5400.240234375
100000000000000000000004,1,920625000,0,-50,5.2032628325081,0,0,0.160111999511719,1.63,0,-5400.240234375
100000000000000000000001,1,920625000,0,-44.5,1.83464102231123,0,0,0.160111999511719,1.63,0,-5400.240234375
100000000000000000000003,1,920625000,0,-46.5,4.93328221384022,0,0,0.160111999511719,1.63,0,-5400.240234375
100000000000000000000001,1,920625000,0,-44.5,1.81009732970506,0,0,0.160111999511719,1.63,0,-5400.240234375
100000000000000000000002,1,920625000,0,-46.5,4.47308797747453,0,0,0.160111999511719,1.63,0,-5400.240234375
100000000000000000000000,1,920625000,0,-44,1.66283517406803,0,0,0.160111999511719,1.63,0,-5400.240234375
100000000000000000000004,1,920625000,0,-50,5.20939875565964,0,0,0.160111999511719,1.63,0,-5400.240234375
100000000000000000000004,1,920625000,0,-50,5.21553467881118,0,0,0.160111999511719,1.63,0,-5400.240234375
100000000000000000000001,1,920625000,0,-44.5,1.81009732970506,0,0,0.160111999511719,1.63,0,-5400.240234375
100000000000000000000003,1,920625000,0,-46.5,4.93941813699176,0,0,0.160111999511719,1.63,0,-5400.240234375
100000000000000000000000,1,920625000,0,-44.5,1.65669925091649,0,0,0.160111999511719,1.63,0,-5400.240234375
100000000000000000000002,1,920625000,0,-47,4.49149574692916,0,0,0.160111999511719,1.63,0,-5400.240234375
100000000000000000000000,1,920625000,0,-44.5,1.62601963515878,0,0,0.160111999511719,1.63,0,-5400.240234375
100000000000000000000002,1,920625000,0,-46.5,4.49149574692916,0,0,0.160111999511719,1.63,0,-5400.240234375
100000000000000000000001,1,920625000,0,-44.5,1.8162332528566,0,0,0.160111999511719,1.63,0,-5400.240234375
100000000000000000000003,1,920625000,0,-47,4.95168998329485,0,0,0.160111999511719,1.63,0,-5400.240234375
100000000000000000000004,1,920625000,0,-50,5.21553467881118,0,0,0.160111999511719,1.63,0,-5400.240234375
100000000000000000000004,1,920625000,0,-50,5.22167060196272,0,0,0.160111999511719,1.63,0,-5400.240234375
100000000000000000000000,1,920625000,0,-44.5,1.65056332776495,0,0,0.160111999511719,1.63,0,-5400.240234375
100000000000000000000001,1,920625000,0,-44.5,1.84077694546277,0,0,0.160111999511719,1.63,0,-5400.240234375
100000000000000000000002,1,920625000,0,-46.5,4.49149574692916,0,0,0.160111999511719,1.63,0,-5400.240234375
100000000000000000000003,1,920625000,0,-46.5,4.93941813699176,0,0,0.160111999511719,1.63,0,-5400.240234375
100000000000000000000002,1,920625000,0,-47,4.50376759323224,0,0,0.160111999511719,1.63,0,-5400.240234375
100000000000000000000004,1,920625000,0,-50.5,5.18485506305347,0,0,0.160111999511719,1.63,0,-5400.240234375
100000000000000000000001,1,920625000,0,-44.5,1.82236917600814,0,0,0.160111999511719,1.63,0,-5400.240234375
100000000000000000000003,1,920625000,0,-46.5,4.92714629068868,0,0,0.160111999511719,1.63,0,-5400.240234375
100000000000000000000000,1,920625000,0,-44.5,1.63829148146186,0,0,0.160111999511719,1.63,0,-5400.240234375
100000000000000000000001,1,920625000,0,-44.5,1.84077694546277,0,0,0.160111999511719,1.63,0,-5400.240234375
100000000000000000000002,1,920625000,0,-46.5,4.4976316700807,0,0,0.160111999511719,1.63,0,-5400.240234375
100000000000000000000003,1,920625000,0,-47,4.95782590644639,0,0,0.160111999511719,1.63,0,-5400.240234375
100000000000000000000004,1,920625000,0,-50,5.21553467881118,0,0,0.160111999511719,1.63,0,-5400.240234375
100000000000000000000000,1,920625000,0,-44,1.66283517406803,0,0,0.160111999511719,1.63,0,-5400.240234375
100000000000000000000003,1,920625000,0,-47,4.95168998329485,0,0,0.160111999511719,1.63,0,-5400.240234375
100000000000000000000001,1,920625000,0,-44.5,1.8162332528566,0,0,0.160111999511719,1.63,0,-5400.240234375
100000000000000000000000,1,920625000,0,-44.5,1.64442740461341,0,0,0.160111999511719,1.63,0,-5400.240234375
100000000000000000000004,1,920625000,0,-50,5.22167060196272,0,0,0.160111999511719,1.63,0,-5400.240234375
100000000000000000000002,1,920625000,0,-47,4.50376759323224,0,0,0.160111999511719,1.63,0,-5400.240234375
100000000000000000000003,1,920625000,0,-46.5,4.95782590644639,0,0,0.160111999511719,1.63,0,-5400.240234375
100000000000000000000002,1,920625000,0,-46.5,4.49149574692916,0,0,0.160111999511719,1.63,0,-5400.240234375
100000000000000000000001,1,920625000,0,-44.5,1.85304879176585,0,0,0.160111999511719,1.63,0,-5400.240234375
100000000000000000000000,1,920625000,0,-44.5,1.61988371200724,0,0,0.160111999511719,1.63,0,-5400.240234375
100000000000000000000004,1,920625000,0,-50,5.22167060196272,0,0,0.160111999511719,1.63,0,-5400.240234375
100000000000000000000000,1,920625000,0,-44,1.63215555831032,0,0,0.160111999511719,1.63,0,-5400.240234375
100000000000000000000001,1,920625000,0,-44.5,1.83464102231123,0,0,0.160111999511719,1.63,0,-5400.240234375
100000000000000000000004,1,920625000,0,-50,5.21553467881118,0,0,0.160111999511719,1.63,0,-5400.240234375
100000000000000000000002,1,920625000,0,-46.5,4.49149574692916,0,0,0.160111999511719,1.63,0,-5400.240234375
100000000000000000000003,1,920625000,0,-47,4.94555406014331,0,0,0.160111999511719,1.63,0,-5400.240234375
100000000000000000000000,1,920625000,0,-44,1.63215555831032,0,0,0.160111999511719,1.63,0,-5400.240234375
100000000000000000000004,1,920625000,0,-50,5.2032628325081,0,0,0.160111999511719,1.63,0,-5400.240234375
100000000000000000000002,1,920625000,0,-47,4.49149574692916,0,0,0.160111999511719,1.63,0,-5400.240234375
100000000000000000000001,1,920625000,0,-44.5,1.82236917600814,0,0,0.160111999511719,1.63,0,-5400.240234375
100000000000000000000003,1,920625000,0,-47,4.92714629068868,0,0,0.160111999511719,1.63,0,-5400.240234375
100000000000000000000004,1,920625000,0,-50,5.19712690935655,0,0,0.160111999511719,1.63,0,-5400.240234375
100000000000000000000002,1,920625000,0,-47,4.4976316700807,0,0,0.160111999511719,1.63,0,-5400.240234375
100000000000000000000001,1,920625000,0,-44.5,1.83464102231123,0,0,0.160111999511719,1.63,0,-5400.240234375
100000000000000000000003,1,920625000,0,-47,4.92101036753714,0,0,0.160111999511719,1.63,0,-5400.240234375
100000000000000000000000,1,920625000,0,-44.5,1.65056332776495,0,0,0.160111999511719,1.63,0,-5400.240234375
100000000000000000000003,1,920625000,0,-47,4.95168998329485,0,0,0.160111999511719,1.63,0,-5400.240234375
100000000000000000000002,1,920625000,0,-47,4.48535982377761,0,0,0.160111999511719,1.63,0,-5400.240234375
100000000000000000000004,1,920625000,0,-50,5.20939875565964,0,0,0.160111999511719,1.63,0,-5400.240234375
100000000000000000000000,1,920625000,0,-44.5,1.66283517406803,0,0,0.160111999511719,1.63,0,-5400.240234375
100000000000000000000001,1,920625000,0,-44.5,1.82236917600814,0,0,0.160111999511719,1.63,0,-5400.240234375
