epc,antennaIndex,frequency,time,RSSI,phase,dopplerShift,velocity,x,y,z,angle
100000000000000000000001,1,920625000,0,-50,2.86547611177038,0,0,0.160031997680664,1.63,0,-5399.9521484375
100000000000000000000000,1,920625000,0,-47,2.56481587734479,0,0,0.160031997680664,1.63,0,-5399.9521484375
100000000000000000000002,1,920625000,0,-47.5,3.03114603686203,0,0,0.160031997680664,1.63,0,-5399.9521484375
100000000000000000000003,1,920625000,0,-47.5,2.1905245651007,0,0,0.160031997680664,1.63,0,-5399.9521484375
100000000000000000000004,1,920625000,0,-52,1.46034971006713,0,0,0.160031997680664,1.63,0,-5399.9521484375
100000000000000000000003,1,920625000,0,-47.5,2.19666048825224,0,0,0.160031997680664,1.63,0,-5399.9521484375
100000000000000000000001,1,920625000,0,-50,2.87161203492192,0,0,0.160031997680664,1.63,0,-5399.9521484375
100000000000000000000002,1,920625000,0,-47.5,3.03728196001357,0,0,0.160031997680664,1.63,0,-5399.9521484375
100000000000000000000000,1,920625000,0,-47,2.54640810789016,0,0,0.160031997680664,1.63,0,-5399.9521484375
100000000000000000000004,1,920625000,0,-52,1.4419419406125,0,0,0.160031997680664,1.63,0,-5399.9521484375
100000000000000000000003,1,920625000,0,-47.5,2.17825271879761,0,0,0.160031997680664,1.63,0,-5399.9521484375
100000000000000000000001,1,920625000,0,-50,2.82866057286112,0,0,0.160031997680664,1.63,0,-5399.9521484375
100000000000000000000002,1,920625000,0,-47.5,3.03114603686203,0,0,0.160031997680664,1.63,0,-5399.9521484375
100000000000000000000004,1,920625000,0,-52,1.47875747952176,0,0,0.160031997680664,1.63,0,-5399.9521484375
100000000000000000000000,1,920625000,0,-47,2.52800033843554,0,0,0.160031997680664,1.63,0,-5399.9521484375
100000000000000000000001,1,920625000,0,-50,2.85934018861884,0,0,0.160031997680664,1.63,0,-5399.9521484375
100000000000000000000000,1,920625000,0,-47,2.54027218473862,0,0,0.160031997680664,1.63,0,-5399.9521484375
100000000000000000000002,1,920625000,0,-47.5,3.0556897294682,0,0,0.160031997680664,1.63,0,-5399.9521484375
100000000000000000000003,1,920625000,0,-47.5,2.17211679564607,0,0,0.160031997680664,1.63,0,-5399.9521484375
100000000000000000000004,1,920625000,0,-52,1.44807786376405,0,0,0.160031997680664,1.63,0,-5399.9521484375
100000000000000000000003,1,920625000,0,-47.5,2.1905245651007,0,0,0.160031997680664,1.63,0,-5399.9521484375
100000000000000000000000,1,920625000,0,-47,2.52186441528399,0,0,0.160031997680664,1.63,0,-5399.9521484375
100000000000000000000004,1,920625000,0,-52,1.46034971006713,0,0,0.160031997680664,1.63,0,-5399.9521484375
100000000000000000000002,1,920625000,0,-47.5,3.03728196001357,0,0,0.160031997680664,1.63,0,-5399.9521484375
100000000000000000000001,1,920625000,0,-50.5,2.84093241916421,0,0,0.160031997680664,1.63,0,-5399.9521484375
100000000000000000000000,1,920625000,0,-47,2.54640810789016,0,0,0.160031997680664,1.63,0,-5399.9521484375
100000000000000000000001,1,920625000,0,-50,2.82252464970958,0,0,0.160031997680664,1.63,0,-5399.9521484375
100000000000000000000003,1,920625000,0,-47.5,2.18438864194915,0,0,0.160031997680664,1.63,0,-5399.9521484375
100000000000000000000002,1,920625000,0,-47.5,3.02501011371048,0,0,0.160031997680664,1.63,0,-5399.9521484375
100000000000000000000004,1,920625000,0,-52,1.46648563321867,0,0,0.160031997680664,1.63,0,-5399.9521484375
100000000000000000000000,1,920625000,0,-47,2.51572849213245,0,0,0.160031997680664,1.63,0,-5399.9521484375
100000000000000000000003,1,920625000,0,-47.5,2.17211679564607,0,0,0.160031997680664,1.63,0,-5399.9521484375
100000000000000000000001,1,920625000,0,-50,2.82866057286112,0,0,0.160031997680664,1.63,0,-5399.9521484375
100000000000000000000004,1,920625000,0,-52.5,1.42353417115787,0,0,0.160031997680664,1.63,0,-5399.9521484375
100000000000000000000002,1,920625000,0,-47.5,3.01887419055894,0,0,0.160031997680664,1.63,0,-5399.9521484375
100000000000000000000000,1,920625000,0,-47,2.54027218473862,0,0,0.160031997680664,1.63,0,-5399.9521484375
100000000000000000000001,1,920625000,0,-50,2.82866057286112,0,0,0.160031997680664,1.63,0,-5399.9521484375
100000000000000000000003,1,920625000,0,-47.5,2.16598087249453,0,0,0.160031997680664,1.63,0,-5399.9521484375
100000000000000000000002,1,920625000,0,-47,3.04341788316511,0,0,0.160031997680664,1.63,0,-5399.9521484375
100000000000000000000004,1,920625000,0,-52,1.46648563321867,0,0,0.160031997680664,1.63,0,-5399.9521484375
100000000000000000000001,1,920625000,0,-50,2.84093241916421,0,0,0.160031997680664,1.63,0,-5399.9521484375
100000000000000000000000,1,920625000,0,-47,2.52800033843554,0,0,0.160031997680664,1.63,0,-5399.9521484375
100000000000000000000004,1,920625000,0,-52,1.43580601746096,0,0,0.160031997680664,1.63,0,-5399.9521484375
100000000000000000000003,1,920625000,0,-47.5,2.1905245651007,0,0,0.160031997680664,1.63,0,-5399.9521484375
100000000000000000000002,1,920625000,0,-47.5,3.03114603686203,0,0,0.160031997680664,1.63,0,-5399.9521484375
100000000000000000000004,1,920625000,0,-52,1.4419419406125,0,0,0.160031997680664,1.63,0,-5399.9521484375
100000000000000000000002,1,920625000,0,-47.5,3.06182565261974,0,0,0.160031997680664,1.63,0,-5399.9521484375
100000000000000000000001,1,920625000,0,-50.5,2.86547611177038,0,0,0.160031997680664,1.63,0,-5399.9521484375
100000000000000000000000,1,920625000,0,-47,2.54640810789016,0,0,0.160031997680664,1.63,0,-5399.9521484375
100000000000000000000003,1,920625000,0,-47.5,2.17211679564607,0,0,0.160031997680664,1.63,0,-5399.9521484375
100000000000000000000001,1,920625000,0,-50,2.83479649601267,0,0,0.160031997680664,1.63,0,-5399.9521484375
100000000000000000000004,1,920625000,0,-52,1.45421378691559,0,0,0.160031997680664,1.63,0,-5399.9521484375
100000000000000000000002,1,920625000,0,-47.5,3.03114603686203,0,0,0.160031997680664,1.63,0,-5399.9521484375
100000000000000000000003,1,920625000,0,-47.5,2.20279641140378,0,0,0.160031997680664,1.63,0,-5399.9521484375
100000000000000000000000,1,920625000,0,-47,2.53413626158708,0,0,0.160031997680664,1.63,0,-5399.9521484375
100000000000000000000003,1,920625000,0,-47.5,2.1905245651007,0,0,0.160031997680664,1.63,0,-5399.9521484375
100000000000000000000004,1,920625000,0,-52,1.46034971006713,0,0,0.160031997680664,1.63,0,-5399.9521484375
100000000000000000000001,1,920625000,0,-50.5,2.84093241916421,0,0,0.160031997680664,1.63,0,-5399.9521484375
100000000000000000000000,1,920625000,0,-47,2.54027218473862,0,0,0.160031997680664,1.63,0,-5399.9521484375
100000000000000000000002,1,920625000,0,-47.5,3.04955380631665,0,0,0.160031997680664,1.63,0,-5399.9521484375
100000000000000000000004,1,920625000,0,-52,1.47875747952176,0,0,0.160031997680664,1.63,0,-5399.9521484375
100000000000000000000003,1,920625000,0,-47.5,2.1905245651007,0,0,0.160031997680664,1.63,0,-5399.9521484375
100000000000000000000002,1,920625000,0,-47.5,3.02501011371048,0,0,0.160031997680664,1.63,0,-5399.9521484375
100000000000000000000001,1,920625000,0,-50,2.82252464970958,0,0,0.160031997680664,1.63,0,-5399.9521484375
100000000000000000000000,1,920625000,0,-47,2.54027218473862,0,0,0.160031997680664,1.63,0,-5399.9521484375
100000000000000000000004,1,920625000,0,-52,1.46034971006713,0,0,0.160031997680664,1.63,0,-5399.9521484375
100000000000000000000003,1,920625000,0,-47.5,2.1905245651007,0,0,0.160031997680664,1.63,0,-5399.9521484375
100000000000000000000002,1,920625000,0,-47.5,3.06182565261974,0,0,0.160031997680664,1.63,0,-5399.9521484375
100000000000000000000000,1,920625000,0,-47,2.54027218473862,0,0,0.160031997680664,1.63,0,-5399.9521484375
100000000000000000000001,1,920625000,0,-50,2.83479649601267,0,0,0.160031997680664,1.63,0,-5399.9521484375
100000000000000000000001,1,920625000,0,-50,2.83479649601267,0,0,0.160031997680664,1.63,0,-5399.9521484375
100000000000000000000003,1,920625000,0,-47.5,2.1475731030399,0,0,0.160031997680664,1.63,0,-5399.9521484375
100000000000000000000002,1,920625000,0,-47.5,3.01887419055894,0,0,0.160031997680664,1.63,0,-5399.9521484375
100000000000000000000000,1,920625000,0,-47,2.53413626158708,0,0,0.160031997680664,1.63,0,-5399.9521484375
100000000000000000000004,1,920625000,0,-52,1.43580601746096,0,0,0.160031997680664,1.63,0,-5399.9521484375
100000000000000000000004,1,920625000,0,-52,1.46034971006713,0,0,0.160031997680664,1.63,0,-5399.9521484375
100000000000000000000001,1,920625000,0,-50,2.83479649601267,0,0,0.160031997680664,1.63,0,-5399.9521484375
100000000000000000000000,1,920625000,0,-47,2.55254403104171,0,0,0.160031997680664,1.63,0,-5399.9521484375
100000000000000000000003,1,920625000,0,-47.5,2.19666048825224,0,0,0.160031997680664,1.63,0,-5399.9521484375
100000000000000000000002,1,920625000,0,-47.5,3.03114603686203,0,0,0.160031997680664,1.63,0,-5399.9521484375
100000000000000000000001,1,920625000,0,-50.5,2.84093241916421,0,0,0.160031997680664,1.63,0,-5399.9521484375
100000000000000000000002,1,920625000,0,-47.5,3.06182565261974,0,0,0.160031997680664,1.63,0,-5399.9521484375
100000000000000000000000,1,920625000,0,-47,2.55254403104171,0,0,0.160031997680664,1.63,0,-5399.9521484375
100000000000000000000003,1,920625000,0,-47.5,2.1905245651007,0,0,0.160031997680664,1.63,0,-5399.9521484375
100000000000000000000004,1,920625000,0,-52,1.45421378691559,0,0,0.160031997680664,1.63,0,-5399.9521484375
100000000000000000000003,1,920625000,0,-47.5,2.22120418085841,0,0,0.160031997680664,1.63,0,-5399.9521484375
100000000000000000000002,1,920625000,0,-47.5,3.04341788316511,0,0,0.160031997680664,1.63,0,-5399.9521484375
100000000000000000000004,1,920625000,0,-52.5,1.45421378691559,0,0,0.160031997680664,1.63,0,-5399.9521484375
100000000000000000000000,1,920625000,0,-47,2.54640810789016,0,0,0.160031997680664,1.63,0,-5399.9521484375
100000000000000000000001,1,920625000,0,-50,2.81638872655804,0,0,0.160031997680664,1.63,0,-5399.9521484375
100000000000000000000001,1,920625000,0,-50,2.82252464970958,0,0,0.160031997680664,1.63,0,-5399.9521484375
100000000000000000000002,1,920625000,0,-47.5,3.03728196001357,0,0,0.160031997680664,1.63,0,-5399.9521484375
100000000000000000000000,1,920625000,0,-47,2.52800033843554,0,0,0.160031997680664,1.63,0,-5399.9521484375
100000000000000000000003,1,920625000,0,-47.5,2.1905245651007,0,0,0.160031997680664,1.63,0,-5399.9521484375
100000000000000000000004,1,920625000,0,-52,1.4419419406125,0,0,0.160031997680664,1.63,0,-5399.9521484375
100000000000000000000004,1,920625000,0,-52.5,1.46034971006713,0,0,0.160031997680664,1.63,0,-5399.9521484375
100000000000000000000001,1,920625000,0,-50,2.82866057286112,0,0,0.160031997680664,1.63,0,-5399.9521484375
100000000000000000000003,1,920625000,0,-47.5,2.1905245651007,0,0,0.160031997680664,1.63,0,-5399.9521484375
100000000000000000000000,1,920625000,0,-47,2.56481587734479,0,0,0.160031997680664,1.63,0,-5399.9521484375
100000000000000000000002,1,920625000,0,-47.5,3.01887419055894,0,0,0.160031997680664,1.63,0,-5399.9521484375
100000000000000000000000,1,920625000,0,-47,2.54640810789016,0,0,0.160031997680664,1.63,0,-5399.9521484375
100000000000000000000004,1,920625000,0,-52,1.4419419406125,0,0,0.160031997680664,1.63,0,-5399.9521484375
100000000000000000000001,1,920625000,0,-50,2.84706834231575,0,0,0.160031997680664,1.63,0,-5399.9521484375
100000000000000000000003,1,920625000,0,-47.5,2.20279641140378,0,0,0.160031997680664,1.63,0,-5399.9521484375
100000000000000000000002,1,920625000,0,-47.5,3.04955380631665,0,0,0.160031997680664,1.63,0,-5399.9521484375
100000000000000000000004,1,920625000,0,-52,1.46648563321867,0,0,0.160031997680664,1.63,0,-5399.9521484375
100000000000000000000000,1,920625000,0,-47,2.54027218473862,0,0,0.160031997680664,1.63,0,-5399.9521484375
100000000000000000000001,1,920625000,0,-50,2.79184503395187,0,0,0.160031997680664,1.63,0,-5399.9521484375
100000000000000000000003,1,920625000,0,-47.5,2.20279641140378,0,0,0.160031997680664,1.63,0,-5399.9521484375
100000000000000000000002,1,920625000,0,-47.5,3.0556897294682,0,0,0.160031997680664,1.63,0,-5399.9521484375
100000000000000000000002,1,920625000,0,-47.5,3.04955380631665,0,0,0.160031997680664,1.63,0,-5399.9521484375
100000000000000000000003,1,920625000,0,-47.5,2.20893233455532,0,0,0.160031997680664,1.63,0,-5399.9521484375
100000000000000000000001,1,920625000,0,-50,2.84093241916421,0,0,0.160031997680664,1.63,0,-5399.9521484375
100000000000000000000000,1,920625000,0,-47,2.55867995419325,0,0,0.160031997680664,1.63,0,-5399.9521484375
100000000000000000000004,1,920625000,0,-52,1.42967009430942,0,0,0.160031997680664,1.63,0,-5399.9521484375
100000000000000000000003,1,920625000,0,-47.5,2.18438864194915,0,0,0.160031997680664,1.63,0,-5399.9521484375
100000000000000000000004,1,920625000,0,-52,1.43580601746096,0,0,0.160031997680664,1.63,0,-5399.9521484375
100000000000000000000002,1,920625000,0,-47.5,3.03728196001357,0,0,0.160031997680664,1.63,0,-5399.9521484375
100000000000000000000001,1,920625000,0,-50,2.83479649601267,0,0,0.160031997680664,1.63,0,-5399.9521484375
100000000000000000000000,1,920625000,0,-47,2.53413626158708,0,0,0.160031997680664,1.63,0,-5399.9521484375
100000000000000000000003,1,920625000,0,-47.5,2.20279641140378,0,0,0.160031997680664,1.63,0,-5399.9521484375
100000000000000000000002,1,920625000,0,-47.5,3.03728196001357,0,0,0.160031997680664,1.63,0,-5399.9521484375
100000000000000000000001,1,920625000,0,-50,2.82866057286112,0,0,0.160031997680664,1.63,0,-5399.9521484375
100000000000000000000000,1,920625000,0,-47,2.54640810789016,0,0,0.160031997680664,1.63,0,-5399.9521484375
100000000000000000000004,1,920625000,0,-52,1.45421378691559,0,0,0.160031997680664,1.63,0,-5399.9521484375
100000000000000000000004,1,920625000,0,-52,1.46648563321867,0,0,0.160031997680664,1.63,0,-5399.9521484375
100000000000000000000000,1,920625000,0,-47,2.55867995419325,0,0,0.160031997680664,1.63,0,-5399.9521484375
100000000000000000000001,1,920625000,0,-50,2.85320426546729,0,0,0.160031997680664,1.63,0,-5399.9521484375
100000000000000000000002,1,920625000,0,-47.5,3.04341788316511,0,0,0.160031997680664,1.63,0,-5399.9521484375
100000000000000000000003,1,920625000,0,-47.5,2.17211679564607,0,0,0.160031997680664,1.63,0,-5399.9521484375
100000000000000000000000,1,920625000,0,-47,2.55867995419325,0,0,0.160031997680664,1.63,0,-5399.9521484375
100000000000000000000001,1,920625000,0,-50,2.82252464970958,0,0,0.160031997680664,1.63,0,-5399.9521484375
100000000000000000000004,1,920625000,0,-52,1.47875747952176,0,0,0.160031997680664,1.63,0,-5399.9521484375
100000000000000000000003,1,920625000,0,-47.5,2.16598087249453,0,0,0.160031997680664,1.63,0,-5399.9521484375
100000000000000000000002,1,920625000,0,-47.5,3.02501011371048,0,0,0.160031997680664,1.63,0,-5399.9521484375
100000000000000000000003,1,920625000,0,-47.5,2.19666048825224,0,0,0.160031997680664,1.63,0,-5399.9521484375
100000000000000000000002,1,920625000,0,-47.5,3.01887419055894,0,0,0.160031997680664,1.63,0,-5399.9521484375
100000000000000000000000,1,920625000,0,-47,2.54027218473862,0,0,0.160031997680664,1.63,0,-5399.9521484375
100000000000000000000004,1,920625000,0,-52,1.46648563321867,0,0,0.160031997680664,1.63,0,-5399.9521484375
100000000000000000000001,1,920625000,0,-50.5,2.82866057286112,0,0,0.160031997680664,1.63,0,-5399.9521484375
100000000000000000000001,1,920625000,0,-50,2.85320426546729,0,0,0.160031997680664,1.63,0,-5399.9521484375
100000000000000000000002,1,920625000,0,-47.5,3.03114603686203,0,0,0.160031997680664,1.63,0,-5399.9521484375
100000000000000000000004,1,920625000,0,-52,1.45421378691559,0,0,0.160031997680664,1.63,0,-5399.9521484375
100000000000000000000003,1,920625000,0,-47.5,2.1905245651007,0,0,0.160031997680664,1.63,0,-5399.9521484375
100000000000000000000000,1,920625000,0,-47,2.54640810789016,0,0,0.160031997680664,1.63,0,-5399.9521484375
100000000000000000000004,1,920625000,0,-52,1.45421378691559,0,0,0.160031997680664,1.63,0,-5399.9521484375
100000000000000000000002,1,920625000,0,-47.5,3.04955380631665,0,0,0.160031997680664,1.63,0,-5399.9521484375
100000000000000000000003,1,920625000,0,-47.5,2.20893233455532,0,0,0.160031997680664,1.63,0,-5399.9521484375
100000000000000000000001,1,920625000,0,-50,2.84706834231575,0,0,0.160031997680664,1.63,0,-5399.9521484375
100000000000000000000000,1,920625000,0,-47,2.53413626158708,0,0,0.160031997680664,1.63,0,-5399.9521484375
100000000000000000000003,1,920625000,0,-47.5,2.1905245651007,0,0,0.160031997680664,1.63,0,-5399.9521484375
100000000000000000000004,1,920625000,0,-52,1.43580601746096,0,0,0.160031997680664,1.63,0,-5399.9521484375
100000000000000000000000,1,920625000,0,-47,2.53413626158708,0,0,0.160031997680664,1.63,0,-5399.9521484375
100000000000000000000001,1,920625000,0,-50,2.85320426546729,0,0,0.160031997680664,1.63,0,-5399.9521484375
100000000000000000000002,1,920625000,0,-47.5,3.03728196001357,0,0,0.160031997680664,1.63,0,-5399.9521484375
100000000000000000000001,1,920625000,0,-50,2.85320426546729,0,0,0.160031997680664,1.63,0,-5399.9521484375
100000000000000000000003,1,920625000,0,-47.5,2.19666048825224,0,0,0.160031997680664,1.63,0,-5399.9521484375
100000000000000000000002,1,920625000,0,-47.5,3.03114603686203,0,0,0.160031997680664,1.63,0,-5399.9521484375
100000000000000000000000,1,920625000,0,-47,2.55254403104171,0,0,0.160031997680664,1.63,0,-5399.9521484375
100000000000000000000004,1,920625000,0,-52,1.47875747952176,0,0,0.160031997680664,1.63,0,-5399.9521484375
100000000000000000000000,1,920625000,0,-47,2.52800033843554,0,0,0.160031997680664,1.63,0,-5399.9521484375
100000000000000000000004,1,920625000,0,-52,1.47262155637022,0,0,0.160031997680664,1.63,0,-5399.9521484375
100000000000000000000003,1,920625000,0,-47.5,2.22734010400995,0,0,0.160031997680664,1.63,0,-5399.9521484375
100000000000000000000002,1,920625000,0,-47.5,3.01887419055894,0,0,0.160031997680664,1.63,0,-5399.9521484375
100000000000000000000001,1,920625000,0,-50,2.83479649601267,0,0,0.160031997680664,1.63,0,-5399.9521484375
100000000000000000000001,1,920625000,0,-50,2.81638872655804,0,0,0.160031997680664,1.63,0,-5399.9521484375
100000000000000000000000,1,920625000,0,-47,2.55867995419325,0,0,0.160031997680664,1.63,0,-5399.9521484375
100000000000000000000002,1,920625000,0,-47.5,3.04955380631665,0,0,0.160031997680664,1.63,0,-5399.9521484375
100000000000000000000003,1,920625000,0,-47.5,2.15370902619144,0,0,0.160031997680664,1.63,0,-5399.9521484375
100000000000000000000004,1,920625000,0,-52,1.46034971006713,0,0,0.160031997680664,1.63,0,-5399.9521484375
100000000000000000000003,1,920625000,0,-47.5,2.20893233455532,0,0,0.160031997680664,1.63,0,-5399.9521484375
100000000000000000000004,1,920625000,0,-52,1.45421378691559,0,0,0.160031997680664,1.63,0,-5399.9521484375
100000000000000000000000,1,920625000,0,-47,2.55867995419325,0,0,0.160031997680664,1.63,0,-5399.9521484375
100000000000000000000002,1,920625000,0,-47.5,3.02501011371048,0,0,0.160031997680664,1.63,0,-5399.9521484375
100000000000000000000001,1,920625000,0,-50,2.82866057286112,0,0,0.160031997680664,1.63,0,-5399.9521484375
100000000000000000000004,1,920625000,0,-52,1.46648563321867,0,0,0.160031997680664,1.63,0,-5399.9521484375
100000000000000000000002,1,920625000,0,-47.5,3.04341788316511,0,0,0.160031997680664,1.63,0,-5399.9521484375
100000000000000000000001,1,920625000,0,-50,2.84093241916421,0,0,0.160031997680664,1.63,0,-5399.9521484375
100000000000000000000003,1,920625000,0,-47.5,2.19666048825224,0,0,0.160031997680664,1.63,0,-5399.9521484375
100000000000000000000000,1,920625000,0,-47,2.52800033843554,0,0,0.160031997680664,1.63,0,-5399.9521484375
100000000000000000000003,1,920625000,0,-47.5,2.19666048825224,0,0,0.160031997680664,1.63,0,-5399.9521484375
100000000000000000000004,1,920625000,0,-52,1.46034971006713,0,0,0.160031997680664,1.63,0,-5399.9521484375
100000000000000000000000,1,920625000,0,-47,2.55867995419325,0,0,0.160031997680664,1.63,0,-5399.9521484375
100000000000000000000001,1,920625000,0,-50,2.85320426546729,0,0,0.160031997680664,1.63,0,-5399.9521484375
100000000000000000000002,1,920625000,0,-47.5,3.00660234425586,0,0,0.160031997680664,1.63,0,-5399.9521484375
100000000000000000000001,1,920625000,0,-50,2.84706834231575,0,0,0.160031997680664,1.63,0,-5399.9521484375
100000000000000000000000,1,920625000,0,-47,2.52800033843554,0,0,0.160031997680664,1.63,0,-5399.9521484375
100000000000000000000004,1,920625000,0,-52,1.46034971006713,0,0,0.160031997680664,1.63,0,-5399.9521484375
100000000000000000000002,1,920625000,0,-47.5,3.03728196001357,0,0,0.160031997680664,1.63,0,-5399.9521484375
100000000000000000000003,1,920625000,0,-47.5,2.19666048825224,0,0,0.160031997680664,1.63,0,-5399.9521484375
100000000000000000000004,1,920625000,0,-51.5,1.46648563321867,0,0,0.160031997680664,1.63,0,-5399.9521484375
100000000000000000000003,1,920625000,0,-47.5,2.18438864194915,0,0,0.160031997680664,1.63,0,-5399.9521484375
100000000000000000000002,1,920625000,0,-47.5,3.04341788316511,0,0,0.160031997680664,1.63,0,-5399.9521484375
100000000000000000000001,1,920625000,0,-50,2.84706834231575,0,0,0.160031997680664,1.63,0,-5399.9521484375
100000000000000000000000,1,920625000,0,-47,2.55254403104171,0,0,0.160031997680664,1.63,0,-5399.9521484375
100000000000000000000004,1,920625000,0,-52,1.45421378691559,0,0,0.160031997680664,1.63,0,-5399.9521484375
100000000000000000000003,1,920625000,0,-47.5,2.18438864194915,0,0,0.160031997680664,1.63,0,-5399.9521484375
100000000000000000000000,1,920625000,0,-47,2.54027218473862,0,0,0.160031997680664,1.63,0,-5399.9521484375
100000000000000000000001,1,920625000,0,-50,2.84706834231575,0,0,0.160031997680664,1.63,0,-5399.9521484375
100000000000000000000002,1,920625000,0,-47.5,3.04341788316511,0,0,0.160031997680664,1.63,0,-5399.9521484375
100000000000000000000002,1,920625000,0,-47.5,3.03114603686203,0,0,0.160031997680664,1.63,0,-5399.9521484375
100000000000000000000003,1,920625000,0,-47.5,2.17825271879761,0,0,0.160031997680664,1.63,0,-5399.9521484375
100000000000000000000001,1,920625000,0,-50,2.85934018861884,0,0,0.160031997680664,1.63,0,-5399.9521484375
100000000000000000000000,1,920625000,0,-47,2.55254403104171,0,0,0.160031997680664,1.63,0,-5399.9521484375
100000000000000000000004,1,920625000,0,-52.5,1.45421378691559,0,0,0.160031997680664,1.63,0,-5399.9521484375
100000000000000000000003,1,920625000,0,-47.5,2.1905245651007,0,0,0.160031997680664,1.63,0,-5399.9521484375
100000000000000000000002,1,920625000,0,-47.5,3.04341788316511,0,0,0.160031997680664,1.63,0,-5399.9521484375
100000000000000000000001,1,920625000,0,-50,2.85320426546729,0,0,0.160031997680664,1.63,0,-5399.9521484375
100000000000000000000004,1,920625000,0,-52,1.4419419406125,0,0,0.160031997680664,1.63,0,-5399.9521484375
100000000000000000000000,1,920625000,0,-47,2.54027218473862,0,0,0.160031997680664,1.63,0,-5399.9521484375
100000000000000000000001,1,920625000,0,-50,2.82866057286112,0,0,0.160031997680664,1.63,0,-5399.9521484375
100000000000000000000000,1,920625000,0,-47,2.55867995419325,0,0,0.160031997680664,1.63,0,-5399.9521484375
100000000000000000000003,1,920625000,0,-47.5,2.19666048825224,0,0,0.160031997680664,1.63,0,-5399.9521484375
100000000000000000000004,1,920625000,0,-52,1.49716524897639,0,0,0.160031997680664,1.63,0,-5399.9521484375
100000000000000000000002,1,920625000,0,-47.5,3.03728196001357,0,0,0.160031997680664,1.63,0,-5399.9521484375
100000000000000000000004,1,920625000,0,-52,1.45421378691559,0,0,0.160031997680664,1.63,0,-5399.9521484375
100000000000000000000001,1,920625000,0,-50,2.85320426546729,0,0,0.160031997680664,1.63,0,-5399.9521484375
100000000000000000000003,1,920625000,0,-47.5,2.1905245651007,0,0,0.160031997680664,1.63,0,-5399.9521484375
100000000000000000000000,1,920625000,0,-47,2.55867995419325,0,0,0.160031997680664,1.63,0,-5399.9521484375
100000000000000000000002,1,920625000,0,-47.5,3.03728196001357,0,0,0.160031997680664,1.63,0,-5399.9521484375
100000000000000000000003,1,920625000,0,-47.5,2.21506825770687,0,0,0.160031997680664,1.63,0,-5399.9521484375
100000000000000000000002,1,920625000,0,-47,3.03114603686203,0,0,0.160031997680664,1.63,0,-5399.9521484375
100000000000000000000001,1,920625000,0,-50,2.84706834231575,0,0,0.160031997680664,1.63,0,-5399.9521484375
100000000000000000000000,1,920625000,0,-47,2.55254403104171,0,0,0.160031997680664,1.63,0,-5399.9521484375
100000000000000000000004,1,920625000,0,-52,1.44807786376405,0,0,0.160031997680664,1.63,0,-5399.9521484375
100000000000000000000002,1,920625000,0,-47.5,3.03728196001357,0,0,0.160031997680664,1.63,0,-5399.9521484375
100000000000000000000000,1,920625000,0,-47,2.55254403104171,0,0,0.160031997680664,1.63,0,-5399.9521484375
100000000000000000000004,1,920625000,0,-52,1.49102932582484,0,0,0.160031997680664,1.63,0,-5399.9521484375
100000000000000000000001,1,920625000,0,-50,2.83479649601267,0,0,0.160031997680664,1.63,0,-5399.9521484375
100000000000000000000003,1,920625000,0,-47.5,2.1905245651007,0,0,0.160031997680664,1.63,0,-5399.9521484375
100000000000000000000002,1,920625000,0,-47.5,3.04955380631665,0,0,0.160031997680664,1.63,0,-5399.9521484375
100000000000000000000000,1,920625000,0,-47,2.55867995419325,0,0,0.160031997680664,1.63,0,-5399.9521484375
100000000000000000000003,1,920625000,0,-47.5,2.20279641140378,0,0,0.160031997680664,1.63,0,-5399.9521484375
100000000000000000000001,1,920625000,0,-50,2.83479649601267,0,0,0.160031997680664,1.63,0,-5399.9521484375
100000000000000000000004,1,920625000,0,-52,1.47875747952176,0,0,0.160031997680664,1.63,0,-5399.9521484375
100000000000000000000000,1,920625000,0,-47,2.54027218473862,0,0,0.160031997680664,1.63,0,-5399.9521484375
100000000000000000000004,1,920625000,0,-52,1.4419419406125,0,0,0.160031997680664,1.63,0,-5399.9521484375
100000000000000000000003,1,920625000,0,-47.5,2.17211679564607,0,0,0.160031997680664,1.63,0,-5399.9521484375
100000000000000000000001,1,920625000,0,-50,2.84706834231575,0,0,0.160031997680664,1.63,0,-5399.9521484375
100000000000000000000002,1,920625000,0,-47.5,3.04341788316511,0,0,0.160031997680664,1.63,0,-5399.9521484375
100000000000000000000001,1,920625000,0,-50,2.81638872655804,0,0,0.160031997680664,1.63,0,-5399.9521484375
100000000000000000000003,1,920625000,0,-47.5,2.21506825770687,0,0,0.160031997680664,1.63,0,-5399.9521484375
100000000000000000000000,1,920625000,0,-47,2.52800033843554,0,0,0.160031997680664,1.63,0,-5399.9521484375
100000000000000000000004,1,920625000,0,-52,1.44807786376405,0,0,0.160031997680664,1.63,0,-5399.9521484375
100000000000000000000002,1,920625000,0,-47.5,3.03728196001357,0,0,0.160031997680664,1.63,0,-5399.9521484375
100000000000000000000002,1,920625000,0,-47.5,3.04341788316511,0,0,0.160031997680664,1.63,0,-5399.9521484375
100000000000000000000001,1,920625000,0,-50,2.83479649601267,0,0,0.160031997680664,1.63,0,-5399.9521484375
100000000000000000000000,1,920625000,0,-47,2.57095180049633,0,0,0.160031997680664,1.63,0,-5399.9521484375
100000000000000000000004,1,920625000,0,-52,1.45421378691559,0,0,0.160031997680664,1.63,0,-5399.9521484375
100000000000000000000003,1,920625000,0,-47.5,2.20893233455532,0,0,0.160031997680664,1.63,0,-5399.9521484375
100000000000000000000004,1,920625000,0,-52,1.43580601746096,0,0,0.160031997680664,1.63,0,-5399.9521484375
100000000000000000000000,1,920625000,0,-47,2.54027218473862,0,0,0.160031997680664,1.63,0,-5399.9521484375
100000000000000000000002,1,920625000,0,-47,3.04955380631665,0,0,0.160031997680664,1.63,0,-5399.9521484375
100000000000000000000001,1,920625000,0,-50,2.84706834231575,0,0,0.160031997680664,1.63,0,-5399.9521484375
100000000000000000000003,1,920625000,0,-47.5,2.21506825770687,0,0,0.160031997680664,1.63,0,-5399.9521484375
100000000000000000000002,1,920625000,0,-47.5,3.03728196001357,0,0,0.160031997680664,1.63,0,-5399.9521484375
100000000000000000000004,1,920625000,0,-52,1.45421378691559,0,0,0.160031997680664,1.63,0,-5399.9521484375
100000000000000000000001,1,920625000,0,-50,2.85934018861884,0,0,0.160031997680664,1.63,0,-5399.9521484375
100000000000000000000003,1,920625000,0,-47.5,2.19666048825224,0,0,0.160031997680664,1.63,0,-5399.9521484375
100000000000000000000000,1,920625000,0,-47,2.57708772364788,0,0,0.160031997680664,1.63,0,-5399.9521484375
100000000000000000000002,1,920625000,0,-47.5,3.0556897294682,0,0,0.160031997680664,1.63,0,-5399.9521484375
100000000000000000000003,1,920625000,0,-47.5,2.19666048825224,0,0,0.160031997680664,1.63,0,-5399.9521484375
100000000000000000000004,1,920625000,0,-52,1.4419419406125,0,0,0.160031997680664,1.63,0,-5399.9521484375
100000000000000000000000,1,920625000,0,-47,2.54640810789016,0,0,0.160031997680664,1.63,0,-5399.9521484375
100000000000000000000001,1,920625000,0,-50,2.84706834231575,0,0,0.160031997680664,1.63,0,-5399.9521484375
100000000000000000000000,1,920625000,0,-47,2.55254403104171,0,0,0.160031997680664,1.63,0,-5399.9521484375
100000000000000000000003,1,920625000,0,-47.5,2.20279641140378,0,0,0.160031997680664,1.63,0,-5399.9521484375
100000000000000000000004,1,920625000,0,-52,1.46648563321867,0,0,0.160031997680664,1.63,0,-5399.9521484375
100000000000000000000001,1,920625000,0,-50,2.84706834231575,0,0,0.160031997680664,1.63,0,-5399.9521484375
100000000000000000000002,1,920625000,0,-47.5,3.04341788316511,0,0,0.160031997680664,1.63,0,-5399.9521484375
100000000000000000000004,1,920625000,0,-52,1.46648563321867,0,0,0.160031997680664,1.63,0,-5399.9521484375
100000000000000000000001,1,920625000,0,-50,2.84706834231575,0,0,0.160031997680664,1.63,0,-5399.9521484375
100000000000000000000000,1,920625000,0,-47,2.55254403104171,0,0,0.160031997680664,1.63,0,-5399.9521484375
100000000000000000000002,1,920625000,0,-47.5,3.04341788316511,0,0,0.160031997680664,1.63,0,-5399.9521484375
100000000000000000000003,1,920625000,0,-47.5,2.19666048825224,0,0,0.160031997680664,1.63,0,-5399.9521484375
100000000000000000000004,1,920625000,0,-52,1.46034971006713,0,0,0.160031997680664,1.63,0,-5399.9521484375
100000000000000000000000,1,920625000,0,-47,2.56481587734479,0,0,0.160031997680664,1.63,0,-5399.9521484375
100000000000000000000003,1,920625000,0,-47.5,2.17825271879761,0,0,0.160031997680664,1.63,0,-5399.9521484375
100000000000000000000002,1,920625000,0,-47.5,3.03728196001357,0,0,0.160031997680664,1.63,0,-5399.9521484375
100000000000000000000001,1,920625000,0,-50,2.85320426546729,0,0,0.160031997680664,1.63,0,-5399.9521484375
100000000000000000000000,1,920625000,0,-47,2.53413626158708,0,0,0.160031997680664,1.63,0,-5399.9521484375
100000000000000000000003,1,920625000,0,-47.5,2.20279641140378,0,0,0.160031997680664,1.63,0,-5399.9521484375
100000000000000000000004,1,920625000,0,-52,1.45421378691559,0,0,0.160031997680664,1.63,0,-5399.9521484375
100000000000000000000001,1,920625000,0,-50,2.83479649601267,0,0,0.160031997680664,1.63,0,-5399.9521484375
100000000000000000000002,1,920625000,0,-47.5,3.03114603686203,0,0,0.160031997680664,1.63,0,-5399.9521484375
100000000000000000000000,1,920625000,0,-47,2.58935956995096,0,0,0.160031997680664,1.63,0,-5399.9521484375
100000000000000000000003,1,920625000,0,-47.5,2.21506825770687,0,0,0.160031997680664,1.63,0,-5399.9521484375
100000000000000000000002,1,920625000,0,-47,3.03114603686203,0,0,0.160031997680664,1.63,0,-5399.9521484375
100000000000000000000001,1,920625000,0,-50,2.83479649601267,0,0,0.160031997680664,1.63,0,-5399.9521484375
100000000000000000000004,1,920625000,0,-52,1.45421378691559,0,0,0.160031997680664,1.63,0,-5399.9521484375
100000000000000000000003,1,920625000,0,-47.5,2.1905245651007,0,0,0.160031997680664,1.63,0,-5399.9521484375
100000000000000000000002,1,920625000,0,-47.5,3.0556897294682,0,0,0.160031997680664,1.63,0,-5399.9521484375
100000000000000000000001,1,920625000,0,-50,2.83479649601267,0,0,0.160031997680664,1.63,0,-5399.9521484375
100000000000000000000000,1,920625000,0,-47,2.54640810789016,0,0,0.160031997680664,1.63,0,-5399.9521484375
100000000000000000000004,1,920625000,0,-52,1.43580601746096,0,0,0.160031997680664,1.63,0,-5399.9521484375
100000000000000000000000,1,920625000,0,-47,2.57095180049633,0,0,0.160031997680664,1.63,0,-5399.9521484375
100000000000000000000002,1,920625000,0,-47.5,3.02501011371048,0,0,0.160031997680664,1.63,0,-5399.9521484375
100000000000000000000001,1,920625000,0,-50,2.80411688025495,0,0,0.160031997680664,1.63,0,-5399.9521484375
100000000000000000000003,1,920625000,0,-47.5,2.20893233455532,0,0,0.160031997680664,1.63,0,-5399.9521484375
100000000000000000000004,1,920625000,0,-52,1.46648563321867,0,0,0.160031997680664,1.63,0,-5399.9521484375
100000000000000000000002,1,920625000,0,-47.5,3.06796157577128,0,0,0.160031997680664,1.63,0,-5399.9521484375
100000000000000000000001,1,920625000,0,-50,2.82866057286112,0,0,0.160031997680664,1.63,0,-5399.9521484375
100000000000000000000004,1,920625000,0,-52,1.4848934026733,0,0,0.160031997680664,1.63,0,-5399.9521484375
100000000000000000000003,1,920625000,0,-47.5,2.19666048825224,0,0,0.160031997680664,1.63,0,-5399.9521484375
100000000000000000000000,1,920625000,0,-47,2.56481587734479,0,0,0.160031997680664,1.63,0,-5399.9521484375
100000000000000000000003,1,920625000,0,-47.5,2.21506825770687,0,0,0.160031997680664,1.63,0,-5399.9521484375
100000000000000000000001,1,920625000,0,-50,2.83479649601267,0,0,0.160031997680664,1.63,0,-5399.9521484375
100000000000000000000002,1,920625000,0,-47.5,3.06796157577128,0,0,0.160031997680664,1.63,0,-5399.9521484375
100000000000000000000000,1,920625000,0,-47,2.55254403104171,0,0,0.160031997680664,1.63,0,-5399.9521484375
100000000000000000000004,1,920625000,0,-52.5,1.46034971006713,0,0,0.160031997680664,1.63,0,-5399.9521484375
100000000000000000000003,1,920625000,0,-47.5,2.21506825770687,0,0,0.160031997680664,1.63,0,-5399.9521484375
100000000000000000000000,1,920625000,0,-47,2.55867995419325,0,0,0.160031997680664,1.63,0,-5399.9521484375
100000000000000000000004,1,920625000,0,-52,1.47262155637022,0,0,0.160031997680664,1.63,0,-5399.9521484375
100000000000000000000002,1,920625000,0,-47.5,3.01887419055894,0,0,0.160031997680664,1.63,0,-5399.9521484375
100000000000000000000001,1,920625000,0,-50,2.83479649601267,0,0,0.160031997680664,1.63,0,-5399.9521484375
100000000000000000000004,1,920625000,0,-52,1.43580601746096,0,0,0.160031997680664,1.63,0,-5399.9521484375
100000000000000000000003,1,920625000,0,-47.5,2.19666048825224,0,0,0.160031997680664,1.63,0,-5399.9521484375
100000000000000000000002,1,920625000,0,-47.5,3.03728196001357,0,0,0.160031997680664,1.63,0,-5399.9521484375
100000000000000000000000,1,920625000,0,-47,2.53413626158708,0,0,0.160031997680664,1.63,0,-5399.9521484375
100000000000000000000001,1,920625000,0,-50,2.84093241916421,0,0,0.160031997680664,1.63,0,-5399.9521484375
100000000000000000000003,1,920625000,0,-47.5,2.18438864194915,0,0,0.160031997680664,1.63,0,-5399.9521484375
100000000000000000000002,1,920625000,0,-47.5,3.04341788316511,0,0,0.160031997680664,1.63,0,-5399.9521484375
100000000000000000000004,1,920625000,0,-52.5,1.44807786376405,0,0,0.160031997680664,1.63,0,-5399.9521484375
100000000000000000000001,1,920625000,0,-50,2.85320426546729,0,0,0.160031997680664,1.63,0,-5399.9521484375
100000000000000000000000,1,920625000,0,-47,2.55867995419325,0,0,0.160031997680664,1.63,0,-5399.9521484375
100000000000000000000001,1,920625000,0,-50.5,2.84706834231575,0,0,0.160031997680664,1.63,0,-5399.9521484375
100000000000000000000004,1,920625000,0,-52,1.46648563321867,0,0,0.160031997680664,1.63,0,-5399.9521484375
100000000000000000000002,1,920625000,0,-47.5,3.03728196001357,0,0,0.160031997680664,1.63,0,-5399.9521484375
100000000000000000000003,1,920625000,0,-47.5,2.1905245651007,0,0,0.160031997680664,1.63,0,-5399.9521484375
100000000000000000000000,1,920625000,0,-47,2.54027218473862,0,0,0.160031997680664,1.63,0,-5399.9521484375
100000000000000000000003,1,920625000,0,-47.5,2.18438864194915,0,0,0.160031997680664,1.63,0,-5399.9521484375
100000000000000000000004,1,920625000,0,-52,1.45421378691559,0,0,0.160031997680664,1.63,0,-5399.9521484375
100000000000000000000001,1,920625000,0,-50.5,2.82252464970958,0,0,0.160031997680664,1.63,0,-5399.9521484375
100000000000000000000000,1,920625000,0,-47,2.54027218473862,0,0,0.160031997680664,1.63,0,-5399.9521484375
100000000000000000000002,1,920625000,0,-47,3.04341788316511,0,0,0.160031997680664,1.63,0,-5399.9521484375
100000000000000000000002,1,920625000,0,-47.5,3.06182565261974,0,0,0.160031997680664,1.63,0,-5399.9521484375
100000000000000000000001,1,920625000,0,-50,2.85320426546729,0,0,0.160031997680664,1.63,0,-5399.9521484375
100000000000000000000003,1,920625000,0,-47.5,2.17825271879761,0,0,0.160031997680664,1.63,0,-5399.9521484375
100000000000000000000004,1,920625000,0,-52,1.47262155637022,0,0,0.160031997680664,1.63,0,-5399.9521484375
100000000000000000000000,1,920625000,0,-47,2.55254403104171,0,0,0.160031997680664,1.63,0,-5399.9521484375
100000000000000000000004,1,920625000,0,-52,1.46648563321867,0,0,0.160031997680664,1.63,0,-5399.9521484375
100000000000000000000001,1,920625000,0,-50,2.85934018861884,0,0,0.160031997680664,1.63,0,-5399.9521484375
100000000000000000000000,1,920625000,0,-47,2.52800033843554,0,0,0.160031997680664,1.63,0,-5399.9521484375
100000000000000000000003,1,920625000,0,-47.5,2.20279641140378,0,0,0.160031997680664,1.63,0,-5399.9521484375
100000000000000000000002,1,920625000,0,-47.5,3.03728196001357,0,0,0.160031997680664,1.63,0,-5399.9521484375
100000000000000000000001,1,920625000,0,-50,2.82866057286112,0,0,0.160031997680664,1.63,0,-5399.9521484375
100000000000000000000004,1,920625000,0,-52.5,1.46648563321867,0,0,0.160031997680664,1.63,0,-5399.9521484375
100000000000000000000000,1,920625000,0,-47,2.55254403104171,0,0,0.160031997680664,1.63,0,-5399.9521484375
100000000000000000000002,1,920625000,0,-47.5,3.03728196001357,0,0,0.160031997680664,1.63,0,-5399.9521484375
100000000000000000000003,1,920625000,0,-47.5,2.18438864194915,0,0,0.160031997680664,1.63,0,-5399.9521484375
100000000000000000000004,1,920625000,0,-52,1.46034971006713,0,0,0.160031997680664,1.63,0,-5399.9521484375
100000000000000000000003,1,920625000,0,-47,2.17825271879761,0,0,0.160031997680664,1.63,0,-5399.9521484375
100000000000000000000002,1,920625000,0,-47.5,3.04341788316511,0,0,0.160031997680664,1.63,0,-5399.9521484375
100000000000000000000001,1,920625000,0,-50,2.83479649601267,0,0,0.160031997680664,1.63,0,-5399.9521484375
100000000000000000000000,1,920625000,0,-47,2.54640810789016,0,0,0.160031997680664,1.63,0,-5399.9521484375
100000000000000000000004,1,920625000,0,-52,1.46034971006713,0,0,0.160031997680664,1.63,0,-5399.9521484375
100000000000000000000002,1,920625000,0,-47.5,3.04955380631665,0,0,0.160031997680664,1.63,0,-5399.9521484375
100000000000000000000003,1,920625000,0,-47.5,2.22734010400995,0,0,0.160031997680664,1.63,0,-5399.9521484375
100000000000000000000000,1,920625000,0,-47,2.57095180049633,0,0,0.160031997680664,1.63,0,-5399.9521484375
100000000000000000000001,1,920625000,0,-50,2.83479649601267,0,0,0.160031997680664,1.63,0,-5399.9521484375
100000000000000000000004,1,920625000,0,-52,1.47875747952176,0,0,0.160031997680664,1.63,0,-5399.9521484375
100000000000000000000002,1,920625000,0,-47.5,3.06182565261974,0,0,0.160031997680664,1.63,0,-5399.9521484375
100000000000000000000001,1,920625000,0,-50,2.83479649601267,0,0,0.160031997680664,1.63,0,-5399.9521484375
100000000000000000000000,1,920625000,0,-47,2.54640810789016,0,0,0.160031997680664,1.63,0,-5399.9521484375
100000000000000000000003,1,920625000,0,-47.5,2.20279641140378,0,0,0.160031997680664,1.63,0,-5399.9521484375
100000000000000000000003,1,920625000,0,-47.5,2.21506825770687,0,0,0.160031997680664,1.63,0,-5399.9521484375
100000000000000000000002,1,920625000,0,-47.5,3.03728196001357,0,0,0.160031997680664,1.63,0,-5399.9521484375
100000000000000000000004,1,920625000,0,-52,1.46648563321867,0,0,0.160031997680664,1.63,0,-5399.9521484375
100000000000000000000000,1,920625000,0,-47,2.57708772364788,0,0,0.160031997680664,1.63,0,-5399.9521484375
100000000000000000000001,1,920625000,0,-50,2.86547611177038,0,0,0.160031997680664,1.63,0,-5399.9521484375
100000000000000000000004,1,920625000,0,-52,1.46034971006713,0,0,0.160031997680664,1.63,0,-5399.9521484375
100000000000000000000003,1,920625000,0,-47.5,2.1905245651007,0,0,0.160031997680664,1.63,0,-5399.9521484375
100000000000000000000001,1,920625000,0,-50,2.83479649601267,0,0,0.160031997680664,1.63,0,-5399.9521484375
100000000000000000000002,1,920625000,0,-47.5,3.03728196001357,0,0,0.160031997680664,1.63,0,-5399.9521484375
100000000000000000000000,1,920625000,0,-47,2.57708772364788,0,0,0.160031997680664,1.63,0,-5399.9521484375
100000000000000000000002,1,920625000,0,-47.5,3.06182565261974,0,0,0.160031997680664,1.63,0,-5399.9521484375
100000000000000000000000,1,920625000,0,-47,2.55254403104171,0,0,0.160031997680664,1.63,0,-5399.9521484375
100000000000000000000004,1,920625000,0,-52,1.46034971006713,0,0,0.160031997680664,1.63,0,-5399.9521484375
100000000000000000000001,1,920625000,0,-50,2.84706834231575,0,0,0.160031997680664,1.63,0,-5399.9521484375
100000000000000000000003,1,920625000,0,-47.5,2.20279641140378,0,0,0.160031997680664,1.63,0,-5399.9521484375
100000000000000000000000,1,920625000,0,-47,2.54640810789016,0,0,0.160031997680664,1.63,0,-5399.9521484375
100000000000000000000004,1,920625000,0,-52.5,1.46034971006713,0,0,0.160031997680664,1.63,0,-5399.9521484375
100000000000000000000001,1,920625000,0,-50,2.83479649601267,0,0,0.160031997680664,1.63,0,-5399.9521484375
100000000000000000000002,1,920625000,0,-47.5,3.04955380631665,0,0,0.160031997680664,1.63,0,-5399.9521484375
100000000000000000000003,1,920625000,0,-47.5,2.13530125673681,0,0,0.160031997680664,1.63,0,-5399.9521484375
100000000000000000000003,1,920625000,0,-47.5,2.20279641140378,0,0,0.160031997680664,1.63,0,-5399.9521484375
100000000000000000000002,1,920625000,0,-47.5,3.04341788316511,0,0,0.160031997680664,1.63,0,-5399.9521484375
100000000000000000000000,1,920625000,0,-47,2.52800033843554,0,0,0.160031997680664,1.63,0,-5399.9521484375
100000000000000000000004,1,920625000,0,-52,1.46034971006713,0,0,0.160031997680664,1.63,0,-5399.9521484375
100000000000000000000001,1,920625000,0,-50,2.85320426546729,0,0,0.160031997680664,1.63,0,-5399.9521484375
100000000000000000000000,1,920625000,0,-47,2.54640810789016,0,0,0.160031997680664,1.63,0,-5399.9521484375
100000000000000000000004,1,920625000,0,-52.5,1.45421378691559,0,0,0.160031997680664,1.63,0,-5399.9521484375
100000000000000000000002,1,920625000,0,-47.5,3.0556897294682,0,0,0.160031997680664,1.63,0,-5399.9521484375
100000000000000000000003,1,920625000,0,-47.5,2.1905245651007,0,0,0.160031997680664,1.63,0,-5399.9521484375
100000000000000000000001,1,920625000,0,-50,2.82866057286112,0,0,0.160031997680664,1.63,0,-5399.9521484375
100000000000000000000004,1,920625000,0,-52,1.4848934026733,0,0,0.160031997680664,1.63,0,-5399.9521484375
100000000000000000000001,1,920625000,0,-50,2.84093241916421,0,0,0.160031997680664,1.63,0,-5399.9521484375
100000000000000000000000,1,920625000,0,-47,2.57708772364788,0,0,0.160031997680664,1.63,0,-5399.9521484375
100000000000000000000002,1,920625000,0,-47.5,3.04341788316511,0,0,0.160031997680664,1.63,0,-5399.9521484375
100000000000000000000003,1,920625000,0,-47.5,2.17825271879761,0,0,0.160031997680664,1.63,0,-5399.9521484375
100000000000000000000004,1,920625000,0,-52,1.47875747952176,0,0,0.160031997680664,1.63,0,-5399.9521484375
100000000000000000000000,1,920625000,0,-47,2.55254403104171,0,0,0.160031997680664,1.63,0,-5399.9521484375
100000000000000000000001,1,920625000,0,-50,2.84706834231575,0,0,0.160031997680664,1.63,0,-5399.9521484375
100000000000000000000003,1,920625000,0,-47.5,2.20893233455532,0,0,0.160031997680664,1.63,0,-5399.9521484375
100000000000000000000002,1,920625000,0,-47.5,3.04955380631665,0,0,0.160031997680664,1.63,0,-5399.9521484375
100000000000000000000002,1,920625000,0,-47.5,3.03114603686203,0,0,0.160031997680664,1.63,0,-5399.9521484375
100000000000000000000000,1,920625000,0,-47,2.55867995419325,0,0,0.160031997680664,1.63,0,-5399.9521484375
100000000000000000000001,1,920625000,0,-50,2.83479649601267,0,0,0.160031997680664,1.63,0,-5399.9521484375
100000000000000000000003,1,920625000,0,-47.5,2.17825271879761,0,0,0.160031997680664,1.63,0,-5399.9521484375
100000000000000000000004,1,920625000,0,-52,1.46034971006713,0,0,0.160031997680664,1.63,0,-5399.9521484375
100000000000000000000004,1,920625000,0,-52,1.46648563321867,0,0,0.160031997680664,1.63,0,-5399.9521484375
100000000000000000000001,1,920625000,0,-50,2.84706834231575,0,0,0.160031997680664,1.63,0,-5399.9521484375
100000000000000000000002,1,920625000,0,-47.5,3.06796157577128,0,0,0.160031997680664,1.63,0,-5399.9521484375
100000000000000000000003,1,920625000,0,-47.5,2.15984494934298,0,0,0.160031997680664,1.63,0,-5399.9521484375
100000000000000000000000,1,920625000,0,-47,2.55254403104171,0,0,0.160031997680664,1.63,0,-5399.9521484375
100000000000000000000002,1,920625000,0,-47.5,3.0556897294682,0,0,0.160031997680664,1.63,0,-5399.9521484375
100000000000000000000001,1,920625000,0,-50,2.85934018861884,0,0,0.160031997680664,1.63,0,-5399.9521484375
100000000000000000000003,1,920625000,0,-47,2.1905245651007,0,0,0.160031997680664,1.63,0,-5399.9521484375
100000000000000000000000,1,920625000,0,-47,2.52186441528399,0,0,0.160031997680664,1.63,0,-5399.9521484375
100000000000000000000004,1,920625000,0,-52,1.4419419406125,0,0,0.160031997680664,1.63,0,-5399.9521484375
100000000000000000000003,1,920625000,0,-47.5,2.1905245651007,0,0,0.160031997680664,1.63,0,-5399.9521484375
100000000000000000000004,1,920625000,0,-52,1.45421378691559,0,0,0.160031997680664,1.63,0,-5399.9521484375
100000000000000000000000,1,920625000,0,-47,2.52186441528399,0,0,0.160031997680664,1.63,0,-5399.9521484375
100000000000000000000001,1,920625000,0,-50.5,2.84093241916421,0,0,0.160031997680664,1.63,0,-5399.9521484375
100000000000000000000002,1,920625000,0,-47,3.03728196001357,0,0,0.160031997680664,1.63,0,-5399.9521484375
100000000000000000000000,1,920625000,0,-47,2.57095180049633,0,0,0.160031997680664,1.63,0,-5399.9521484375
100000000000000000000003,1,920625000,0,-47.5,2.18438864194915,0,0,0.160031997680664,1.63,0,-5399.9521484375
100000000000000000000002,1,920625000,0,-47,3.02501011371048,0,0,0.160031997680664,1.63,0,-5399.9521484375
100000000000000000000001,1,920625000,0,-50,2.84093241916421,0,0,0.160031997680664,1.63,0,-5399.9521484375
100000000000000000000004,1,920625000,0,-52.5,1.47262155637022,0,0,0.160031997680664,1.63,0,-5399.9521484375
100000000000000000000002,1,920625000,0,-47.5,3.04955380631665,0,0,0.160031997680664,1.63,0,-5399.9521484375
100000000000000000000003,1,920625000,0,-47.5,2.18438864194915,0,0,0.160031997680664,1.63,0,-5399.9521484375
100000000000000000000000,1,920625000,0,-47,2.57708772364788,0,0,0.160031997680664,1.63,0,-5399.9521484375
100000000000000000000001,1,920625000,0,-50,2.84706834231575,0,0,0.160031997680664,1.63,0,-5399.9521484375
100000000000000000000004,1,920625000,0,-52,1.47875747952176,0,0,0.160031997680664,1.63,0,-5399.9521484375
100000000000000000000003,1,920625000,0,-47.5,2.18438864194915,0,0,0.160031997680664,1.63,0,-5399.9521484375
100000000000000000000002,1,920625000,0,-47.5,3.04955380631665,0,0,0.160031997680664,1.63,0,-5399.9521484375
100000000000000000000000,1,920625000,0,-47,2.52800033843554,0,0,0.160031997680664,1.63,0,-5399.9521484375
100000000000000000000001,1,920625000,0,-50,2.84706834231575,0,0,0.160031997680664,1.63,0,-5399.9521484375
100000000000000000000004,1,920625000,0,-52,1.44807786376405,0,0,0.160031997680664,1.63,0,-5399.9521484375
100000000000000000000002,1,920625000,0,-47.5,3.0556897294682,0,0,0.160031997680664,1.63,0,-5399.9521484375
100000000000000000000004,1,920625000,0,-52,1.47262155637022,0,0,0.160031997680664,1.63,0,-5399.9521484375
100000000000000000000000,1,920625000,0,-47,2.54640810789016,0,0,0.160031997680664,1.63,0,-5399.9521484375
100000000000000000000003,1,920625000,0,-47.5,2.1905245651007,0,0,0.160031997680664,1.63,0,-5399.9521484375
100000000000000000000001,1,920625000,0,-50,2.83479649601267,0,0,0.160031997680664,1.63,0,-5399.9521484375
100000000000000000000004,1,920625000,0,-52.5,1.46034971006713,0,0,0.160031997680664,1.63,0,-5399.9521484375
100000000000000000000002,1,920625000,0,-47.5,3.03728196001357,0,0,0.160031997680664,1.63,0,-5399.9521484375
100000000000000000000001,1,920625000,0,-50,2.82866057286112,0,0,0.160031997680664,1.63,0,-5399.9521484375
100000000000000000000000,1,920625000,0,-47,2.56481587734479,0,0,0.160031997680664,1.63,0,-5399.9521484375
100000000000000000000003,1,920625000,0,-47.5,2.20279641140378,0,0,0.160031997680664,1.63,0,-5399.9521484375
100000000000000000000002,1,920625000,0,-47.5,3.0556897294682,0,0,0.160031997680664,1.63,0,-5399.9521484375
100000000000000000000001,1,920625000,0,-50,2.82866057286112,0,0,0.160031997680664,1.63,0,-5399.9521484375
100000000000000000000000,1,920625000,0,-47,2.55254403104171,0,0,0.160031997680664,1.63,0,-5399.9521484375
100000000000000000000003,1,920625000,0,-47.5,2.17825271879761,0,0,0.160031997680664,1.63,0,-5399.9521484375
100000000000000000000004,1,920625000,0,-52,1.42967009430942,0,0,0.160031997680664,1.63,0,-5399.9521484375
100000000000000000000002,1,920625000,0,-47.5,3.03728196001357,0,0,0.160031997680664,1.63,0,-5399.9521484375
100000000000000000000000,1,920625000,0,-47,2.53413626158708,0,0,0.160031997680664,1.63,0,-5399.9521484375
100000000000000000000003,1,920625000,0,-47.5,2.19666048825224,0,0,0.160031997680664,1.63,0,-5399.9521484375
100000000000000000000001,1,920625000,0,-50,2.87161203492192,0,0,0.160031997680664,1.63,0,-5399.9521484375
100000000000000000000004,1,920625000,0,-52.5,1.46034971006713,0,0,0.160031997680664,1.63,0,-5399.9521484375
100000000000000000000001,1,920625000,0,-50.5,2.83479649601267,0,0,0.160031997680664,1.63,0,-5399.9521484375
100000000000000000000003,1,920625000,0,-47.5,2.1905245651007,0,0,0.160031997680664,1.63,0,-5399.9521484375
100000000000000000000004,1,920625000,0,-52,1.45421378691559,0,0,0.160031997680664,1.63,0,-5399.9521484375
100000000000000000000002,1,920625000,0,-47,3.04341788316511,0,0,0.160031997680664,1.63,0,-5399.9521484375
100000000000000000000000,1,920625000,0,-47,2.55867995419325,0,0,0.160031997680664,1.63,0,-5399.9521484375
100000000000000000000000,1,920625000,0,-47,2.56481587734479,0,0,0.160031997680664,1.63,0,-5399.9521484375
100000000000000000000002,1,920625000,0,-47.5,3.03728196001357,0,0,0.160031997680664,1.63,0,-5399.9521484375
100000000000000000000003,1,920625000,0,-47.5,2.20279641140378,0,0,0.160031997680664,1.63,0,-5399.9521484375
100000000000000000000001,1,920625000,0,-50,2.84093241916421,0,0,0.160031997680664,1.63,0,-5399.9521484375
100000000000000000000004,1,920625000,0,-52,1.45421378691559,0,0,0.160031997680664,1.63,0,-5399.9521484375
100000000000000000000002,1,920625000,0,-47.5,3.04341788316511,0,0,0.160031997680664,1.63,0,-5399.9521484375
100000000000000000000000,1,920625000,0,-47,2.55867995419325,0,0,0.160031997680664,1.63,0,-5399.9521484375
100000000000000000000004,1,920625000,0,-52,1.46034971006713,0,0,0.160031997680664,1.63,0,-5399.9521484375
100000000000000000000003,1,920625000,0,-47.5,2.20893233455532,0,0,0.160031997680664,1.63,0,-5399.9521484375
100000000000000000000001,1,920625000,0,-50,2.85320426546729,0,0,0.160031997680664,1.63,0,-5399.9521484375
100000000000000000000003,1,920625000,0,-47.5,2.17825271879761,0,0,0.160031997680664,1.63,0,-5399.9521484375
100000000000000000000002,1,920625000,0,-47.5,3.02501011371048,0,0,0.160031997680664,1.63,0,-5399.9521484375
100000000000000000000000,1,920625000,0,-47,2.55254403104171,0,0,0.160031997680664,1.63,0,-5399.9521484375
100000000000000000000004,1,920625000,0,-52.5,1.50330117212793,0,0,0.160031997680664,1.63,0,-5399.9521484375
100000000000000000000001,1,920625000,0,-50,2.82866057286112,0,0,0.160031997680664,1.63,0,-5399.9521484375
100000000000000000000001,1,920625000,0,-50,2.85320426546729,0,0,0.160031997680664,1.63,0,-5399.9521484375
100000000000000000000004,1,920625000,0,-52.5,1.45421378691559,0,0,0.160031997680664,1.63,0,-5399.9521484375
100000000000000000000003,1,920625000,0,-47.5,2.20279641140378,0,0,0.160031997680664,1.63,0,-5399.9521484375
100000000000000000000002,1,920625000,0,-47.5,3.03114603686203,0,0,0.160031997680664,1.63,0,-5399.9521484375
100000000000000000000000,1,920625000,0,-47,2.53413626158708,0,0,0.160031997680664,1.63,0,-5399.9521484375
100000000000000000000001,1,920625000,0,-50,2.84706834231575,0,0,0.160031997680664,1.63,0,-5399.9521484375
100000000000000000000003,1,920625000,0,-47.5,2.19666048825224,0,0,0.160031997680664,1.63,0,-5399.9521484375
100000000000000000000002,1,920625000,0,-47,3.04341788316511,0,0,0.160031997680664,1.63,0,-5399.9521484375
100000000000000000000000,1,920625000,0,-47,2.50959256898091,0,0,0.160031997680664,1.63,0,-5399.9521484375
100000000000000000000004,1,920625000,0,-52,1.45421378691559,0,0,0.160031997680664,1.63,0,-5399.9521484375
100000000000000000000001,1,920625000,0,-50,2.85320426546729,0,0,0.160031997680664,1.63,0,-5399.9521484375
100000000000000000000003,1,920625000,0,-47.5,2.21506825770687,0,0,0.160031997680664,1.63,0,-5399.9521484375
100000000000000000000002,1,920625000,0,-47.5,3.03728196001357,0,0,0.160031997680664,1.63,0,-5399.9521484375
100000000000000000000000,1,920625000,0,-47,2.56481587734479,0,0,0.160031997680664,1.63,0,-5399.9521484375
100000000000000000000004,1,920625000,0,-52.5,1.46648563321867,0,0,0.160031997680664,1.63,0,-5399.9521484375
100000000000000000000000,1,920625000,0,-47,2.55867995419325,0,0,0.160031997680664,1.63,0,-5399.9521484375
100000000000000000000001,1,920625000,0,-50,2.83479649601267,0,0,0.160031997680664,1.63,0,-5399.9521484375
100000000000000000000004,1,920625000,0,-52.5,1.42353417115787,0,0,0.160031997680664,1.63,0,-5399.9521484375
100000000000000000000003,1,920625000,0,-47.5,2.21506825770687,0,0,0.160031997680664,1.63,0,-5399.9521484375
100000000000000000000002,1,920625000,0,-47.5,3.0556897294682,0,0,0.160031997680664,1.63,0,-5399.9521484375
100000000000000000000004,1,920625000,0,-52.5,1.45421378691559,0,0,0.160031997680664,1.63,0,-5399.9521484375
100000000000000000000002,1,920625000,0,-47.5,3.06796157577128,0,0,0.160031997680664,1.63,0,-5399.9521484375
100000000000000000000000,1,920625000,0,-47,2.5954954931025,0,0,0.160031997680664,1.63,0,-5399.9521484375
100000000000000000000003,1,920625000,0,-47.5,2.20893233455532,0,0,0.160031997680664,1.63,0,-5399.9521484375
100000000000000000000001,1,920625000,0,-50,2.86547611177038,0,0,0.160031997680664,1.63,0,-5399.9521484375
100000000000000000000002,1,920625000,0,-47.5,3.04955380631665,0,0,0.160031997680664,1.63,0,-5399.9521484375
100000000000000000000004,1,920625000,0,-52,1.46034971006713,0,0,0.160031997680664,1.63,0,-5399.9521484375
100000000000000000000003,1,920625000,0,-47.5,2.20279641140378,0,0,0.160031997680664,1.63,0,-5399.9521484375
100000000000000000000000,1,920625000,0,-47,2.56481587734479,0,0,0.160031997680664,1.63,0,-5399.9521484375
100000000000000000000001,1,920625000,0,-50,2.85934018861884,0,0,0.160031997680664,1.63,0,-5399.9521484375
100000000000000000000003,1,920625000,0,-47,2.19666048825224,0,0,0.160031997680664,1.63,0,-5399.9521484375
100000000000000000000001,1,920625000,0,-50.5,2.84706834231575,0,0,0.160031997680664,1.63,0,-5399.9521484375
100000000000000000000000,1,920625000,0,-47,2.55254403104171,0,0,0.160031997680664,1.63,0,-5399.9521484375
100000000000000000000002,1,920625000,0,-47.5,3.04341788316511,0,0,0.160031997680664,1.63,0,-5399.9521484375
100000000000000000000004,1,920625000,0,-52,1.46648563321867,0,0,0.160031997680664,1.63,0,-5399.9521484375
100000000000000000000001,1,920625000,0,-50,2.84706834231575,0,0,0.160031997680664,1.63,0,-5399.9521484375
100000000000000000000004,1,920625000,0,-52,1.45421378691559,0,0,0.160031997680664,1.63,0,-5399.9521484375
100000000000000000000003,1,920625000,0,-47.5,2.17825271879761,0,0,0.160031997680664,1.63,0,-5399.9521484375
100000000000000000000000,1,920625000,0,-47,2.55254403104171,0,0,0.160031997680664,1.63,0,-5399.9521484375
100000000000000000000002,1,920625000,0,-47.5,3.04341788316511,0,0,0.160031997680664,1.63,0,-5399.9521484375
100000000000000000000003,1,920625000,0,-47.5,2.19666048825224,0,0,0.160031997680664,1.63,0,-5399.9521484375
100000000000000000000001,1,920625000,0,-50,2.87161203492192,0,0,0.160031997680664,1.63,0,-5399.9521484375
100000000000000000000004,1,920625000,0,-52,1.46648563321867,0,0,0.160031997680664,1.63,0,-5399.9521484375
100000000000000000000000,1,920625000,0,-47,2.56481587734479,0,0,0.160031997680664,1.63,0,-5399.9521484375
100000000000000000000002,1,920625000,0,-47.5,3.01887419055894,0,0,0.160031997680664,1.63,0,-5399.9521484375
100000000000000000000001,1,920625000,0,-50,2.84706834231575,0,0,0.160031997680664,1.63,0,-5399.9521484375
100000000000000000000000,1,920625000,0,-47,2.56481587734479,0,0,0.160031997680664,1.63,0,-5399.9521484375
100000000000000000000003,1,920625000,0,-47.5,2.20279641140378,0,0,0.160031997680664,1.63,0,-5399.9521484375
100000000000000000000004,1,920625000,0,-52,1.45421378691559,0,0,0.160031997680664,1.63,0,-5399.9521484375
100000000000000000000002,1,920625000,0,-47.5,3.04341788316511,0,0,0.160031997680664,1.63,0,-5399.9521484375
100000000000000000000002,1,920625000,0,-47.5,3.04341788316511,0,0,0.160031997680664,1.63,0,-5399.9521484375
100000000000000000000004,1,920625000,0,-52,1.49102932582484,0,0,0.160031997680664,1.63,0,-5399.9521484375
100000000000000000000003,1,920625000,0,-47.5,2.17825271879761,0,0,0.160031997680664,1.63,0,-5399.9521484375
100000000000000000000000,1,920625000,0,-47,2.54640810789016,0,0,0.160031997680664,1.63,0,-5399.9521484375
100000000000000000000001,1,920625000,0,-50,2.85934018861884,0,0,0.160031997680664,1.63,0,-5399.9521484375
100000000000000000000000,1,920625000,0,-47,2.55254403104171,0,0,0.160031997680664,1.63,0,-5399.9521484375
100000000000000000000001,1,920625000,0,-50,2.82866057286112,0,0,0.160031997680664,1.63,0,-5399.9521484375
100000000000000000000003,1,920625000,0,-47.5,2.21506825770687,0,0,0.160031997680664,1.63,0,-5399.9521484375
100000000000000000000002,1,920625000,0,-47.5,3.04955380631665,0,0,0.160031997680664,1.63,0,-5399.9521484375
100000000000000000000004,1,920625000,0,-52.5,1.44807786376405,0,0,0.160031997680664,1.63,0,-5399.9521484375
100000000000000000000000,1,920625000,0,-47,2.56481587734479,0,0,0.160031997680664,1.63,0,-5399.9521484375
100000000000000000000003,1,920625000,0,-47.5,2.21506825770687,0,0,0.160031997680664,1.63,0,-5399.9521484375
100000000000000000000002,1,920625000,0,-47.5,3.03114603686203,0,0,0.160031997680664,1.63,0,-5399.9521484375
100000000000000000000004,1,920625000,0,-52.5,1.47262155637022,0,0,0.160031997680664,1.63,0,-5399.9521484375
100000000000000000000001,1,920625000,0,-50,2.85320426546729,0,0,0.160031997680664,1.63,0,-5399.9521484375
100000000000000000000002,1,920625000,0,-47.5,3.0556897294682,0,0,0.160031997680664,1.63,0,-5399.9521484375
100000000000000000000000,1,920625000,0,-47,2.58322364679942,0,0,0.160031997680664,1.63,0,-5399.9521484375
100000000000000000000003,1,920625000,0,-47.5,2.20893233455532,0,0,0.160031997680664,1.63,0,-5399.9521484375
100000000000000000000004,1,920625000,0,-52,1.45421378691559,0,0,0.160031997680664,1.63,0,-5399.9521484375
100000000000000000000001,1,920625000,0,-50,2.84093241916421,0,0,0.160031997680664,1.63,0,-5399.9521484375
100000000000000000000003,1,920625000,0,-47.5,2.1905245651007,0,0,0.160031997680664,1.63,0,-5399.9521484375
100000000000000000000001,1,920625000,0,-50,2.85320426546729,0,0,0.160031997680664,1.63,0,-5399.9521484375
100000000000000000000002,1,920625000,0,-47.5,3.04955380631665,0,0,0.160031997680664,1.63,0,-5399.9521484375
100000000000000000000004,1,920625000,0,-52,1.46034971006713,0,0,0.160031997680664,1.63,0,-5399.9521484375
100000000000000000000000,1,920625000,0,-47,2.55867995419325,0,0,0.160031997680664,1.63,0,-5399.9521484375
100000000000000000000001,1,920625000,0,-50,2.85934018861884,0,0,0.160031997680664,1.63,0,-5399.9521484375
100000000000000000000000,1,920625000,0,-47,2.54640810789016,0,0,0.160031997680664,1.63,0,-5399.9521484375
100000000000000000000004,1,920625000,0,-52,1.4848934026733,0,0,0.160031997680664,1.63,0,-5399.9521484375
100000000000000000000003,1,920625000,0,-47.5,2.20279641140378,0,0,0.160031997680664,1.63,0,-5399.9521484375
100000000000000000000002,1,920625000,0,-47.5,3.0556897294682,0,0,0.160031997680664,1.63,0,-5399.9521484375
100000000000000000000002,1,920625000,0,-47.5,3.04341788316511,0,0,0.160031997680664,1.63,0,-5399.9521484375
100000000000000000000001,1,920625000,0,-50.5,2.82866057286112,0,0,0.160031997680664,1.63,0,-5399.9521484375
100000000000000000000004,1,920625000,0,-52,1.46648563321867,0,0,0.160031997680664,1.63,0,-5399.9521484375
100000000000000000000000,1,920625000,0,-47,2.56481587734479,0,0,0.160031997680664,1.63,0,-5399.9521484375
100000000000000000000003,1,920625000,0,-47.5,2.20279641140378,0,0,0.160031997680664,1.63,0,-5399.9521484375
100000000000000000000003,1,921125000,0,-47.5,2.49732072267782,0,0,0.160031997680664,1.63,0,-5399.9521484375
100000000000000000000004,1,921125000,0,-52,1.7732817907958,0,0,0.160031997680664,1.63,0,-5399.9521484375
100000000000000000000001,1,921125000,0,-50.5,3.06796157577128,0,0,0.160031997680664,1.63,0,-5399.9521484375
100000000000000000000002,1,921125000,0,-47,3.27044703977219,0,0,0.160031997680664,1.63,0,-5399.9521484375
100000000000000000000000,1,921125000,0,-46.5,2.78570911080032,0,0,0.160031997680664,1.63,0,-5399.9521484375
100000000000000000000001,1,921125000,0,-50.5,3.08023342207437,0,0,0.160031997680664,1.63,0,-5399.9521484375
100000000000000000000000,1,921125000,0,-46.5,2.80411688025495,0,0,0.160031997680664,1.63,0,-5399.9521484375
100000000000000000000002,1,921125000,0,-47,3.27658296292373,0,0,0.160031997680664,1.63,0,-5399.9521484375
100000000000000000000003,1,921125000,0,-47.5,2.47277703007165,0,0,0.160031997680664,1.63,0,-5399.9521484375
100000000000000000000004,1,921125000,0,-52,1.77941771394734,0,0,0.160031997680664,1.63,0,-5399.9521484375
100000000000000000000004,1,921125000,0,-52,1.74873809818963,0,0,0.160031997680664,1.63,0,-5399.9521484375
100000000000000000000003,1,921125000,0,-47.5,2.49118479952628,0,0,0.160031997680664,1.63,0,-5399.9521484375
100000000000000000000001,1,921125000,0,-50.5,3.09250526837745,0,0,0.160031997680664,1.63,0,-5399.9521484375
100000000000000000000000,1,921125000,0,-46.5,2.7673013413457,0,0,0.160031997680664,1.63,0,-5399.9521484375
100000000000000000000002,1,921125000,0,-47,3.28271888607527,0,0,0.160031997680664,1.63,0,-5399.9521484375
100000000000000000000003,1,921125000,0,-47.5,2.49732072267782,0,0,0.160031997680664,1.63,0,-5399.9521484375
100000000000000000000000,1,921125000,0,-46.5,2.79798095710341,0,0,0.160031997680664,1.63,0,-5399.9521484375
100000000000000000000002,1,921125000,0,-47,3.28271888607527,0,0,0.160031997680664,1.63,0,-5399.9521484375
100000000000000000000004,1,921125000,0,-52,1.76100994449272,0,0,0.160031997680664,1.63,0,-5399.9521484375
100000000000000000000001,1,921125000,0,-50.5,3.09250526837745,0,0,0.160031997680664,1.63,0,-5399.9521484375
100000000000000000000002,1,921125000,0,-47,3.28885480922681,0,0,0.160031997680664,1.63,0,-5399.9521484375
100000000000000000000003,1,921125000,0,-48,2.47277703007165,0,0,0.160031997680664,1.63,0,-5399.9521484375
100000000000000000000004,1,921125000,0,-51.5,1.78555363709889,0,0,0.160031997680664,1.63,0,-5399.9521484375
100000000000000000000000,1,921125000,0,-46.5,2.79184503395187,0,0,0.160031997680664,1.63,0,-5399.9521484375
100000000000000000000001,1,921125000,0,-50.5,3.08636934522591,0,0,0.160031997680664,1.63,0,-5399.9521484375
100000000000000000000000,1,921125000,0,-46.5,2.78570911080032,0,0,0.160031997680664,1.63,0,-5399.9521484375
100000000000000000000004,1,921125000,0,-52,1.76100994449272,0,0,0.160031997680664,1.63,0,-5399.9521484375
100000000000000000000002,1,921125000,0,-47,3.28885480922681,0,0,0.160031997680664,1.63,0,-5399.9521484375
100000000000000000000003,1,921125000,0,-47.5,2.49118479952628,0,0,0.160031997680664,1.63,0,-5399.9521484375
100000000000000000000001,1,921125000,0,-50.5,3.08023342207437,0,0,0.160031997680664,1.63,0,-5399.9521484375
100000000000000000000000,1,921125000,0,-46.5,2.80411688025495,0,0,0.160031997680664,1.63,0,-5399.9521484375
100000000000000000000002,1,921125000,0,-47,3.24590334716602,0,0,0.160031997680664,1.63,0,-5399.9521484375
100000000000000000000004,1,921125000,0,-52,1.76714586764426,0,0,0.160031997680664,1.63,0,-5399.9521484375
100000000000000000000003,1,921125000,0,-47.5,2.4789129532232,0,0,0.160031997680664,1.63,0,-5399.9521484375
100000000000000000000001,1,921125000,0,-50.5,3.06796157577128,0,0,0.160031997680664,1.63,0,-5399.9521484375
100000000000000000000001,1,921125000,0,-50.5,3.08023342207437,0,0,0.160031997680664,1.63,0,-5399.9521484375
100000000000000000000002,1,921125000,0,-47,3.27044703977219,0,0,0.160031997680664,1.63,0,-5399.9521484375
100000000000000000000004,1,921125000,0,-52,1.76100994449272,0,0,0.160031997680664,1.63,0,-5399.9521484375
100000000000000000000000,1,921125000,0,-46.5,2.80411688025495,0,0,0.160031997680664,1.63,0,-5399.9521484375
100000000000000000000003,1,921125000,0,-47.5,2.50959256898091,0,0,0.160031997680664,1.63,0,-5399.9521484375
100000000000000000000004,1,921125000,0,-52,1.730330328735,0,0,0.160031997680664,1.63,0,-5399.9521484375
100000000000000000000003,1,921125000,0,-47.5,2.49732072267782,0,0,0.160031997680664,1.63,0,-5399.9521484375
100000000000000000000002,1,921125000,0,-47,3.27658296292373,0,0,0.160031997680664,1.63,0,-5399.9521484375
100000000000000000000001,1,921125000,0,-50.5,3.09250526837745,0,0,0.160031997680664,1.63,0,-5399.9521484375
100000000000000000000000,1,921125000,0,-46.5,2.78570911080032,0,0,0.160031997680664,1.63,0,-5399.9521484375
100000000000000000000000,1,921125000,0,-46.5,2.80411688025495,0,0,0.160031997680664,1.63,0,-5399.9521484375
100000000000000000000003,1,921125000,0,-47.5,2.50959256898091,0,0,0.160031997680664,1.63,0,-5399.9521484375
100000000000000000000001,1,921125000,0,-50.5,3.10477711468054,0,0,0.160031997680664,1.63,0,-5399.9521484375
100000000000000000000002,1,921125000,0,-47,3.27044703977219,0,0,0.160031997680664,1.63,0,-5399.9521484375
100000000000000000000004,1,921125000,0,-52,1.75487402134117,0,0,0.160031997680664,1.63,0,-5399.9521484375
100000000000000000000004,1,921125000,0,-52,1.76100994449272,0,0,0.160031997680664,1.63,0,-5399.9521484375
100000000000000000000003,1,921125000,0,-48,2.46050518376857,0,0,0.160031997680664,1.63,0,-5399.9521484375
100000000000000000000000,1,921125000,0,-46.5,2.7673013413457,0,0,0.160031997680664,1.63,0,-5399.9521484375
100000000000000000000002,1,921125000,0,-47,3.28885480922681,0,0,0.160031997680664,1.63,0,-5399.9521484375
100000000000000000000001,1,921125000,0,-50.5,3.08023342207437,0,0,0.160031997680664,1.63,0,-5399.9521484375
100000000000000000000000,1,921125000,0,-46.5,2.76116541819415,0,0,0.160031997680664,1.63,0,-5399.9521484375
100000000000000000000004,1,921125000,0,-52.5,1.7732817907958,0,0,0.160031997680664,1.63,0,-5399.9521484375
100000000000000000000003,1,921125000,0,-47.5,2.49118479952628,0,0,0.160031997680664,1.63,0,-5399.9521484375
100000000000000000000001,1,921125000,0,-50.5,3.09250526837745,0,0,0.160031997680664,1.63,0,-5399.9521484375
100000000000000000000002,1,921125000,0,-47,3.27044703977219,0,0,0.160031997680664,1.63,0,-5399.9521484375
100000000000000000000002,1,921125000,0,-47,3.27658296292373,0,0,0.160031997680664,1.63,0,-5399.9521484375
100000000000000000000003,1,921125000,0,-47.5,2.49118479952628,0,0,0.160031997680664,1.63,0,-5399.9521484375
100000000000000000000000,1,921125000,0,-46.5,2.79798095710341,0,0,0.160031997680664,1.63,0,-5399.9521484375
100000000000000000000001,1,921125000,0,-50.5,3.09250526837745,0,0,0.160031997680664,1.63,0,-5399.9521484375
100000000000000000000004,1,921125000,0,-52,1.7732817907958,0,0,0.160031997680664,1.63,0,-5399.9521484375
100000000000000000000000,1,921125000,0,-46.5,2.79798095710341,0,0,0.160031997680664,1.63,0,-5399.9521484375
100000000000000000000004,1,921125000,0,-52,1.75487402134117,0,0,0.160031997680664,1.63,0,-5399.9521484375
100000000000000000000002,1,921125000,0,-47,3.25203927031756,0,0,0.160031997680664,1.63,0,-5399.9521484375
100000000000000000000001,1,921125000,0,-50.5,3.08023342207437,0,0,0.160031997680664,1.63,0,-5399.9521484375
100000000000000000000003,1,921125000,0,-47.5,2.49118479952628,0,0,0.160031997680664,1.63,0,-5399.9521484375
100000000000000000000003,1,921125000,0,-47.5,2.48504887637474,0,0,0.160031997680664,1.63,0,-5399.9521484375
100000000000000000000001,1,921125000,0,-50.5,3.10477711468054,0,0,0.160031997680664,1.63,0,-5399.9521484375
100000000000000000000000,1,921125000,0,-46.5,2.78570911080032,0,0,0.160031997680664,1.63,0,-5399.9521484375
100000000000000000000004,1,921125000,0,-52,1.76714586764426,0,0,0.160031997680664,1.63,0,-5399.9521484375
100000000000000000000002,1,921125000,0,-47,3.27658296292373,0,0,0.160031997680664,1.63,0,-5399.9521484375
100000000000000000000000,1,921125000,0,-46.5,2.77343726449724,0,0,0.160031997680664,1.63,0,-5399.9521484375
100000000000000000000002,1,921125000,0,-47,3.29499073237836,0,0,0.160031997680664,1.63,0,-5399.9521484375
100000000000000000000001,1,921125000,0,-50.5,3.08636934522591,0,0,0.160031997680664,1.63,0,-5399.9521484375
100000000000000000000003,1,921125000,0,-47.5,2.50959256898091,0,0,0.160031997680664,1.63,0,-5399.9521484375
100000000000000000000004,1,921125000,0,-52,1.7732817907958,0,0,0.160031997680664,1.63,0,-5399.9521484375
100000000000000000000003,1,921125000,0,-47.5,2.49118479952628,0,0,0.160031997680664,1.63,0,-5399.9521484375
100000000000000000000004,1,921125000,0,-52,1.77941771394734,0,0,0.160031997680664,1.63,0,-5399.9521484375
100000000000000000000002,1,921125000,0,-47,3.28271888607527,0,0,0.160031997680664,1.63,0,-5399.9521484375
100000000000000000000001,1,921125000,0,-50.5,3.09250526837745,0,0,0.160031997680664,1.63,0,-5399.9521484375
100000000000000000000000,1,921125000,0,-46.5,2.79184503395187,0,0,0.160031997680664,1.63,0,-5399.9521484375
100000000000000000000003,1,921125000,0,-47.5,2.49732072267782,0,0,0.160031997680664,1.63,0,-5399.9521484375
100000000000000000000002,1,921125000,0,-47,3.3011266555299,0,0,0.160031997680664,1.63,0,-5399.9521484375
100000000000000000000004,1,921125000,0,-52,1.76100994449272,0,0,0.160031997680664,1.63,0,-5399.9521484375
100000000000000000000001,1,921125000,0,-50.5,3.08636934522591,0,0,0.160031997680664,1.63,0,-5399.9521484375
100000000000000000000000,1,921125000,0,-46.5,2.79184503395187,0,0,0.160031997680664,1.63,0,-5399.9521484375
100000000000000000000003,1,921125000,0,-47.5,2.4789129532232,0,0,0.160031997680664,1.63,0,-5399.9521484375
100000000000000000000004,1,921125000,0,-52,1.76714586764426,0,0,0.160031997680664,1.63,0,-5399.9521484375
100000000000000000000001,1,921125000,0,-50.5,3.07409749892282,0,0,0.160031997680664,1.63,0,-5399.9521484375
100000000000000000000002,1,921125000,0,-47,3.28885480922681,0,0,0.160031997680664,1.63,0,-5399.9521484375
100000000000000000000000,1,921125000,0,-46.5,2.7673013413457,0,0,0.160031997680664,1.63,0,-5399.9521484375
100000000000000000000001,1,921125000,0,-50.5,3.06796157577128,0,0,0.160031997680664,1.63,0,-5399.9521484375
100000000000000000000003,1,921125000,0,-47.5,2.49118479952628,0,0,0.160031997680664,1.63,0,-5399.9521484375
100000000000000000000002,1,921125000,0,-47,3.31339850183298,0,0,0.160031997680664,1.63,0,-5399.9521484375
100000000000000000000000,1,921125000,0,-46.5,2.78570911080032,0,0,0.160031997680664,1.63,0,-5399.9521484375
100000000000000000000004,1,921125000,0,-52,1.74873809818963,0,0,0.160031997680664,1.63,0,-5399.9521484375
100000000000000000000004,1,921125000,0,-52,1.74260217503809,0,0,0.160031997680664,1.63,0,-5399.9521484375
100000000000000000000002,1,921125000,0,-47,3.25203927031756,0,0,0.160031997680664,1.63,0,-5399.9521484375
100000000000000000000003,1,921125000,0,-47.5,2.49118479952628,0,0,0.160031997680664,1.63,0,-5399.9521484375
100000000000000000000000,1,921125000,0,-46.5,2.77957318764878,0,0,0.160031997680664,1.63,0,-5399.9521484375
100000000000000000000001,1,921125000,0,-50.5,3.07409749892282,0,0,0.160031997680664,1.63,0,-5399.9521484375
100000000000000000000003,1,921125000,0,-47.5,2.50345664582937,0,0,0.160031997680664,1.63,0,-5399.9521484375
100000000000000000000001,1,921125000,0,-50.5,3.11091303783208,0,0,0.160031997680664,1.63,0,-5399.9521484375
100000000000000000000004,1,921125000,0,-52,1.76100994449272,0,0,0.160031997680664,1.63,0,-5399.9521484375
100000000000000000000000,1,921125000,0,-46.5,2.79184503395187,0,0,0.160031997680664,1.63,0,-5399.9521484375
100000000000000000000002,1,921125000,0,-47,3.28885480922681,0,0,0.160031997680664,1.63,0,-5399.9521484375
100000000000000000000001,1,921125000,0,-50.5,3.09250526837745,0,0,0.160031997680664,1.63,0,-5399.9521484375
100000000000000000000004,1,921125000,0,-52,1.76100994449272,0,0,0.160031997680664,1.63,0,-5399.9521484375
100000000000000000000003,1,921125000,0,-47.5,2.4789129532232,0,0,0.160031997680664,1.63,0,-5399.9521484375
100000000000000000000002,1,921125000,0,-47,3.24590334716602,0,0,0.160031997680664,1.63,0,-5399.9521484375
100000000000000000000000,1,921125000,0,-46.5,2.76116541819415,0,0,0.160031997680664,1.63,0,-5399.9521484375
100000000000000000000003,1,921125000,0,-47.5,2.48504887637474,0,0,0.160031997680664,1.63,0,-5399.9521484375
100000000000000000000002,1,921125000,0,-47,3.31953442498453,0,0,0.160031997680664,1.63,0,-5399.9521484375
100000000000000000000004,1,921125000,0,-52,1.77941771394734,0,0,0.160031997680664,1.63,0,-5399.9521484375
100000000000000000000000,1,921125000,0,-46.5,2.79798095710341,0,0,0.160031997680664,1.63,0,-5399.9521484375
100000000000000000000001,1,921125000,0,-50.5,3.09250526837745,0,0,0.160031997680664,1.63,0,-5399.9521484375
100000000000000000000000,1,921125000,0,-46.5,2.78570911080032,0,0,0.160031997680664,1.63,0,-5399.9521484375
100000000000000000000004,1,921125000,0,-52,1.77941771394734,0,0,0.160031997680664,1.63,0,-5399.9521484375
100000000000000000000002,1,921125000,0,-47,3.25203927031756,0,0,0.160031997680664,1.63,0,-5399.9521484375
100000000000000000000001,1,921125000,0,-50.5,3.08636934522591,0,0,0.160031997680664,1.63,0,-5399.9521484375
100000000000000000000003,1,921125000,0,-47.5,2.50345664582937,0,0,0.160031997680664,1.63,0,-5399.9521484375
100000000000000000000002,1,921125000,0,-47,3.31953442498453,0,0,0.160031997680664,1.63,0,-5399.9521484375
100000000000000000000004,1,921125000,0,-52,1.75487402134117,0,0,0.160031997680664,1.63,0,-5399.9521484375
100000000000000000000001,1,921125000,0,-50.5,3.098641191529,0,0,0.160031997680664,1.63,0,-5399.9521484375
100000000000000000000000,1,921125000,0,-46.5,2.79184503395187,0,0,0.160031997680664,1.63,0,-5399.9521484375
100000000000000000000003,1,921125000,0,-47.5,2.47277703007165,0,0,0.160031997680664,1.63,0,-5399.9521484375
100000000000000000000004,1,921125000,0,-52,1.76714586764426,0,0,0.160031997680664,1.63,0,-5399.9521484375
100000000000000000000002,1,921125000,0,-47,3.29499073237836,0,0,0.160031997680664,1.63,0,-5399.9521484375
100000000000000000000000,1,921125000,0,-46.5,2.78570911080032,0,0,0.160031997680664,1.63,0,-5399.9521484375
100000000000000000000003,1,921125000,0,-47.5,2.50959256898091,0,0,0.160031997680664,1.63,0,-5399.9521484375
100000000000000000000001,1,921125000,0,-50.5,3.11091303783208,0,0,0.160031997680664,1.63,0,-5399.9521484375
100000000000000000000002,1,921125000,0,-47,3.31339850183298,0,0,0.160031997680664,1.63,0,-5399.9521484375
100000000000000000000003,1,921125000,0,-47.5,2.48504887637474,0,0,0.160031997680664,1.63,0,-5399.9521484375
100000000000000000000004,1,921125000,0,-52,1.7732817907958,0,0,0.160031997680664,1.63,0,-5399.9521484375
100000000000000000000000,1,921125000,0,-46.5,2.77957318764878,0,0,0.160031997680664,1.63,0,-5399.9521484375
100000000000000000000001,1,921125000,0,-50.5,3.098641191529,0,0,0.160031997680664,1.63,0,-5399.9521484375
100000000000000000000000,1,921125000,0,-46.5,2.79798095710341,0,0,0.160031997680664,1.63,0,-5399.9521484375
100000000000000000000002,1,921125000,0,-47,3.31339850183298,0,0,0.160031997680664,1.63,0,-5399.9521484375
100000000000000000000001,1,921125000,0,-50.5,3.08636934522591,0,0,0.160031997680664,1.63,0,-5399.9521484375
100000000000000000000004,1,921125000,0,-52,1.76714586764426,0,0,0.160031997680664,1.63,0,-5399.9521484375
100000000000000000000003,1,921125000,0,-47.5,2.50959256898091,0,0,0.160031997680664,1.63,0,-5399.9521484375
100000000000000000000003,1,921125000,0,-47.5,2.50959256898091,0,0,0.160031997680664,1.63,0,-5399.9521484375
100000000000000000000002,1,921125000,0,-47,3.28271888607527,0,0,0.160031997680664,1.63,0,-5399.9521484375
100000000000000000000001,1,921125000,0,-50.5,3.08023342207437,0,0,0.160031997680664,1.63,0,-5399.9521484375
100000000000000000000000,1,921125000,0,-46.5,2.79184503395187,0,0,0.160031997680664,1.63,0,-5399.9521484375
100000000000000000000004,1,921125000,0,-52,1.77941771394734,0,0,0.160031997680664,1.63,0,-5399.9521484375
100000000000000000000004,1,921125000,0,-52,1.78555363709889,0,0,0.160031997680664,1.63,0,-5399.9521484375
100000000000000000000000,1,921125000,0,-46.5,2.79184503395187,0,0,0.160031997680664,1.63,0,-5399.9521484375
100000000000000000000002,1,921125000,0,-47,3.28271888607527,0,0,0.160031997680664,1.63,0,-5399.9521484375
100000000000000000000001,1,921125000,0,-50.5,3.07409749892282,0,0,0.160031997680664,1.63,0,-5399.9521484375
100000000000000000000003,1,921125000,0,-47.5,2.50959256898091,0,0,0.160031997680664,1.63,0,-5399.9521484375
100000000000000000000003,1,921125000,0,-47.5,2.49732072267782,0,0,0.160031997680664,1.63,0,-5399.9521484375
100000000000000000000002,1,921125000,0,-47,3.2581751934691,0,0,0.160031997680664,1.63,0,-5399.9521484375
100000000000000000000001,1,921125000,0,-50.5,3.09250526837745,0,0,0.160031997680664,1.63,0,-5399.9521484375
100000000000000000000000,1,921125000,0,-46.5,2.78570911080032,0,0,0.160031997680664,1.63,0,-5399.9521484375
100000000000000000000004,1,921125000,0,-52,1.74873809818963,0,0,0.160031997680664,1.63,0,-5399.9521484375
100000000000000000000002,1,921125000,0,-47,3.27044703977219,0,0,0.160031997680664,1.63,0,-5399.9521484375
100000000000000000000001,1,921125000,0,-50.5,3.09250526837745,0,0,0.160031997680664,1.63,0,-5399.9521484375
100000000000000000000004,1,921125000,0,-52,1.75487402134117,0,0,0.160031997680664,1.63,0,-5399.9521484375
100000000000000000000000,1,921125000,0,-46.5,2.80411688025495,0,0,0.160031997680664,1.63,0,-5399.9521484375
100000000000000000000003,1,921125000,0,-47.5,2.50345664582937,0,0,0.160031997680664,1.63,0,-5399.9521484375
100000000000000000000002,1,921125000,0,-47,3.28885480922681,0,0,0.160031997680664,1.63,0,-5399.9521484375
100000000000000000000000,1,921125000,0,-46.5,2.79798095710341,0,0,0.160031997680664,1.63,0,-5399.9521484375
100000000000000000000001,1,921125000,0,-50.5,3.07409749892282,0,0,0.160031997680664,1.63,0,-5399.9521484375
100000000000000000000003,1,921125000,0,-47.5,2.50345664582937,0,0,0.160031997680664,1.63,0,-5399.9521484375
100000000000000000000004,1,921125000,0,-52,1.74873809818963,0,0,0.160031997680664,1.63,0,-5399.9521484375
100000000000000000000000,1,921125000,0,-46.5,2.79798095710341,0,0,0.160031997680664,1.63,0,-5399.9521484375
100000000000000000000002,1,921125000,0,-47,3.27044703977219,0,0,0.160031997680664,1.63,0,-5399.9521484375
100000000000000000000001,1,921125000,0,-50.5,3.098641191529,0,0,0.160031997680664,1.63,0,-5399.9521484375
100000000000000000000004,1,921125000,0,-52,1.76100994449272,0,0,0.160031997680664,1.63,0,-5399.9521484375
100000000000000000000003,1,921125000,0,-47.5,2.48504887637474,0,0,0.160031997680664,1.63,0,-5399.9521484375
100000000000000000000000,1,921125000,0,-46.5,2.79798095710341,0,0,0.160031997680664,1.63,0,-5399.9521484375
100000000000000000000003,1,921125000,0,-47.5,2.45436926061703,0,0,0.160031997680664,1.63,0,-5399.9521484375
100000000000000000000004,1,921125000,0,-52,1.75487402134117,0,0,0.160031997680664,1.63,0,-5399.9521484375
100000000000000000000002,1,921125000,0,-47,3.30726257868144,0,0,0.160031997680664,1.63,0,-5399.9521484375
100000000000000000000001,1,921125000,0,-50.5,3.09250526837745,0,0,0.160031997680664,1.63,0,-5399.9521484375
100000000000000000000001,1,921125000,0,-50.5,3.09250526837745,0,0,0.160031997680664,1.63,0,-5399.9521484375
100000000000000000000002,1,921125000,0,-47,3.26431111662064,0,0,0.160031997680664,1.63,0,-5399.9521484375
100000000000000000000000,1,921125000,0,-46.5,2.77957318764878,0,0,0.160031997680664,1.63,0,-5399.9521484375
100000000000000000000003,1,921125000,0,-47.5,2.49118479952628,0,0,0.160031997680664,1.63,0,-5399.9521484375
100000000000000000000004,1,921125000,0,-51.5,1.74873809818963,0,0,0.160031997680664,1.63,0,-5399.9521484375
100000000000000000000001,1,921125000,0,-50.5,3.09250526837745,0,0,0.160031997680664,1.63,0,-5399.9521484375
100000000000000000000002,1,921125000,0,-47,3.28271888607527,0,0,0.160031997680664,1.63,0,-5399.9521484375
100000000000000000000000,1,921125000,0,-46.5,2.79184503395187,0,0,0.160031997680664,1.63,0,-5399.9521484375
100000000000000000000004,1,921125000,0,-52,1.78555363709889,0,0,0.160031997680664,1.63,0,-5399.9521484375
100000000000000000000003,1,921125000,0,-48,2.49732072267782,0,0,0.160031997680664,1.63,0,-5399.9521484375
100000000000000000000003,1,921125000,0,-47.5,2.47277703007165,0,0,0.160031997680664,1.63,0,-5399.9521484375
100000000000000000000002,1,921125000,0,-47,3.26431111662064,0,0,0.160031997680664,1.63,0,-5399.9521484375
100000000000000000000004,1,921125000,0,-51.5,1.74873809818963,0,0,0.160031997680664,1.63,0,-5399.9521484375
100000000000000000000000,1,921125000,0,-46.5,2.78570911080032,0,0,0.160031997680664,1.63,0,-5399.9521484375
100000000000000000000001,1,921125000,0,-50.5,3.09250526837745,0,0,0.160031997680664,1.63,0,-5399.9521484375
100000000000000000000003,1,921125000,0,-47.5,2.46050518376857,0,0,0.160031997680664,1.63,0,-5399.9521484375
100000000000000000000000,1,921125000,0,-46.5,2.79184503395187,0,0,0.160031997680664,1.63,0,-5399.9521484375
100000000000000000000002,1,921125000,0,-47,3.27658296292373,0,0,0.160031997680664,1.63,0,-5399.9521484375
100000000000000000000001,1,921125000,0,-50.5,3.098641191529,0,0,0.160031997680664,1.63,0,-5399.9521484375
100000000000000000000004,1,921125000,0,-52,1.71805848243192,0,0,0.160031997680664,1.63,0,-5399.9521484375
100000000000000000000003,1,921125000,0,-47.5,2.47277703007165,0,0,0.160031997680664,1.63,0,-5399.9521484375
100000000000000000000002,1,921125000,0,-47,3.3011266555299,0,0,0.160031997680664,1.63,0,-5399.9521484375
100000000000000000000000,1,921125000,0,-46.5,2.79184503395187,0,0,0.160031997680664,1.63,0,-5399.9521484375
100000000000000000000001,1,921125000,0,-50.5,3.06182565261974,0,0,0.160031997680664,1.63,0,-5399.9521484375
100000000000000000000004,1,921125000,0,-52,1.75487402134117,0,0,0.160031997680664,1.63,0,-5399.9521484375
100000000000000000000002,1,921125000,0,-47,3.28885480922681,0,0,0.160031997680664,1.63,0,-5399.9521484375
100000000000000000000001,1,921125000,0,-50.5,3.10477711468054,0,0,0.160031997680664,1.63,0,-5399.9521484375
100000000000000000000000,1,921125000,0,-46.5,2.77343726449724,0,0,0.160031997680664,1.63,0,-5399.9521484375
100000000000000000000003,1,921125000,0,-48,2.49118479952628,0,0,0.160031997680664,1.63,0,-5399.9521484375
100000000000000000000004,1,921125000,0,-52,1.75487402134117,0,0,0.160031997680664,1.63,0,-5399.9521484375
100000000000000000000004,1,921125000,0,-52,1.74260217503809,0,0,0.160031997680664,1.63,0,-5399.9521484375
100000000000000000000000,1,921125000,0,-46.5,2.77343726449724,0,0,0.160031997680664,1.63,0,-5399.9521484375
100000000000000000000003,1,921125000,0,-47.5,2.49118479952628,0,0,0.160031997680664,1.63,0,-5399.9521484375
100000000000000000000001,1,921125000,0,-50.5,3.06796157577128,0,0,0.160031997680664,1.63,0,-5399.9521484375
100000000000000000000002,1,921125000,0,-47,3.26431111662064,0,0,0.160031997680664,1.63,0,-5399.9521484375
100000000000000000000004,1,921125000,0,-52,1.79168956025043,0,0,0.160031997680664,1.63,0,-5399.9521484375
100000000000000000000001,1,921125000,0,-50.5,3.08636934522591,0,0,0.160031997680664,1.63,0,-5399.9521484375
100000000000000000000003,1,921125000,0,-47.5,2.49118479952628,0,0,0.160031997680664,1.63,0,-5399.9521484375
100000000000000000000002,1,921125000,0,-47,3.3011266555299,0,0,0.160031997680664,1.63,0,-5399.9521484375
100000000000000000000000,1,921125000,0,-46.5,2.79184503395187,0,0,0.160031997680664,1.63,0,-5399.9521484375
100000000000000000000001,1,921125000,0,-50.5,3.098641191529,0,0,0.160031997680664,1.63,0,-5399.9521484375
100000000000000000000002,1,921125000,0,-47,3.26431111662064,0,0,0.160031997680664,1.63,0,-5399.9521484375
100000000000000000000004,1,921125000,0,-51.5,1.76100994449272,0,0,0.160031997680664,1.63,0,-5399.9521484375
100000000000000000000000,1,921125000,0,-46.5,2.79184503395187,0,0,0.160031997680664,1.63,0,-5399.9521484375
100000000000000000000003,1,921125000,0,-47.5,2.52186441528399,0,0,0.160031997680664,1.63,0,-5399.9521484375
100000000000000000000000,1,921125000,0,-46.5,2.79798095710341,0,0,0.160031997680664,1.63,0,-5399.9521484375
100000000000000000000003,1,921125000,0,-47.5,2.49732072267782,0,0,0.160031997680664,1.63,0,-5399.9521484375
100000000000000000000004,1,921125000,0,-52,1.78555363709889,0,0,0.160031997680664,1.63,0,-5399.9521484375
100000000000000000000001,1,921125000,0,-50,3.08636934522591,0,0,0.160031997680664,1.63,0,-5399.9521484375
100000000000000000000002,1,921125000,0,-47,3.3011266555299,0,0,0.160031997680664,1.63,0,-5399.9521484375
100000000000000000000002,1,921125000,0,-47,3.28271888607527,0,0,0.160031997680664,1.63,0,-5399.9521484375
100000000000000000000003,1,921125000,0,-47.5,2.48504887637474,0,0,0.160031997680664,1.63,0,-5399.9521484375
100000000000000000000000,1,921125000,0,-46.5,2.77343726449724,0,0,0.160031997680664,1.63,0,-5399.9521484375
100000000000000000000004,1,921125000,0,-51.5,1.77941771394734,0,0,0.160031997680664,1.63,0,-5399.9521484375
100000000000000000000001,1,921125000,0,-50.5,3.08023342207437,0,0,0.160031997680664,1.63,0,-5399.9521484375
100000000000000000000003,1,921125000,0,-47.5,2.50959256898091,0,0,0.160031997680664,1.63,0,-5399.9521484375
100000000000000000000004,1,921125000,0,-52,1.77941771394734,0,0,0.160031997680664,1.63,0,-5399.9521484375
100000000000000000000000,1,921125000,0,-46.5,2.79184503395187,0,0,0.160031997680664,1.63,0,-5399.9521484375
100000000000000000000002,1,921125000,0,-47,3.3011266555299,0,0,0.160031997680664,1.63,0,-5399.9521484375
100000000000000000000001,1,921125000,0,-50.5,3.11091303783208,0,0,0.160031997680664,1.63,0,-5399.9521484375
100000000000000000000002,1,921125000,0,-47,3.27044703977219,0,0,0.160031997680664,1.63,0,-5399.9521484375
100000000000000000000000,1,921125000,0,-46.5,2.79184503395187,0,0,0.160031997680664,1.63,0,-5399.9521484375
100000000000000000000003,1,921125000,0,-47.5,2.49118479952628,0,0,0.160031997680664,1.63,0,-5399.9521484375
100000000000000000000001,1,921125000,0,-50.5,3.098641191529,0,0,0.160031997680664,1.63,0,-5399.9521484375
100000000000000000000004,1,921125000,0,-52,1.7732817907958,0,0,0.160031997680664,1.63,0,-5399.9521484375
100000000000000000000003,1,921125000,0,-47.5,2.45436926061703,0,0,0.160031997680664,1.63,0,-5399.9521484375
100000000000000000000002,1,921125000,0,-47,3.24590334716602,0,0,0.160031997680664,1.63,0,-5399.9521484375
100000000000000000000001,1,921125000,0,-50.5,3.10477711468054,0,0,0.160031997680664,1.63,0,-5399.9521484375
100000000000000000000004,1,921125000,0,-52,1.79782548340197,0,0,0.160031997680664,1.63,0,-5399.9521484375
100000000000000000000000,1,921125000,0,-46.5,2.79798095710341,0,0,0.160031997680664,1.63,0,-5399.9521484375
100000000000000000000002,1,921125000,0,-47,3.27658296292373,0,0,0.160031997680664,1.63,0,-5399.9521484375
100000000000000000000001,1,921125000,0,-50.5,3.07409749892282,0,0,0.160031997680664,1.63,0,-5399.9521484375
100000000000000000000000,1,921125000,0,-46.5,2.79184503395187,0,0,0.160031997680664,1.63,0,-5399.9521484375
100000000000000000000003,1,921125000,0,-47.5,2.50345664582937,0,0,0.160031997680664,1.63,0,-5399.9521484375
100000000000000000000004,1,921125000,0,-52,1.78555363709889,0,0,0.160031997680664,1.63,0,-5399.9521484375
100000000000000000000002,1,921125000,0,-47,3.28271888607527,0,0,0.160031997680664,1.63,0,-5399.9521484375
100000000000000000000004,1,921125000,0,-52,1.76714586764426,0,0,0.160031997680664,1.63,0,-5399.9521484375
100000000000000000000003,1,921125000,0,-47.5,2.48504887637474,0,0,0.160031997680664,1.63,0,-5399.9521484375
100000000000000000000000,1,921125000,0,-46.5,2.79184503395187,0,0,0.160031997680664,1.63,0,-5399.9521484375
100000000000000000000001,1,921125000,0,-50.5,3.11091303783208,0,0,0.160031997680664,1.63,0,-5399.9521484375
100000000000000000000001,1,921125000,0,-50.5,3.04955380631665,0,0,0.160031997680664,1.63,0,-5399.9521484375
100000000000000000000000,1,921125000,0,-46.5,2.81025280340649,0,0,0.160031997680664,1.63,0,-5399.9521484375
100000000000000000000002,1,921125000,0,-47,3.27658296292373,0,0,0.160031997680664,1.63,0,-5399.9521484375
100000000000000000000003,1,921125000,0,-47.5,2.49732072267782,0,0,0.160031997680664,1.63,0,-5399.9521484375
100000000000000000000004,1,921125000,0,-52.5,1.72419440558346,0,0,0.160031997680664,1.63,0,-5399.9521484375
100000000000000000000000,1,921125000,0,-46.5,2.77957318764878,0,0,0.160031997680664,1.63,0,-5399.9521484375
100000000000000000000003,1,921125000,0,-47.5,2.49732072267782,0,0,0.160031997680664,1.63,0,-5399.9521484375
100000000000000000000004,1,921125000,0,-52,1.7732817907958,0,0,0.160031997680664,1.63,0,-5399.9521484375
100000000000000000000002,1,921125000,0,-47,3.3011266555299,0,0,0.160031997680664,1.63,0,-5399.9521484375
100000000000000000000001,1,921125000,0,-50.5,3.07409749892282,0,0,0.160031997680664,1.63,0,-5399.9521484375
100000000000000000000001,1,921125000,0,-50.5,3.08023342207437,0,0,0.160031997680664,1.63,0,-5399.9521484375
100000000000000000000000,1,921125000,0,-46.5,2.79184503395187,0,0,0.160031997680664,1.63,0,-5399.9521484375
100000000000000000000003,1,921125000,0,-48,2.4789129532232,0,0,0.160031997680664,1.63,0,-5399.9521484375
100000000000000000000002,1,921125000,0,-47,3.3011266555299,0,0,0.160031997680664,1.63,0,-5399.9521484375
100000000000000000000004,1,921125000,0,-52,1.75487402134117,0,0,0.160031997680664,1.63,0,-5399.9521484375
100000000000000000000003,1,921125000,0,-48,2.49732072267782,0,0,0.160031997680664,1.63,0,-5399.9521484375
100000000000000000000001,1,921125000,0,-50.5,3.098641191529,0,0,0.160031997680664,1.63,0,-5399.9521484375
100000000000000000000004,1,921125000,0,-52,1.77941771394734,0,0,0.160031997680664,1.63,0,-5399.9521484375
100000000000000000000000,1,921125000,0,-46.5,2.79184503395187,0,0,0.160031997680664,1.63,0,-5399.9521484375
100000000000000000000002,1,921125000,0,-47,3.25203927031756,0,0,0.160031997680664,1.63,0,-5399.9521484375
100000000000000000000003,1,921125000,0,-47.5,2.51572849213245,0,0,0.160031997680664,1.63,0,-5399.9521484375
100000000000000000000000,1,921125000,0,-46.5,2.79798095710341,0,0,0.160031997680664,1.63,0,-5399.9521484375
100000000000000000000002,1,921125000,0,-47,3.29499073237836,0,0,0.160031997680664,1.63,0,-5399.9521484375
100000000000000000000001,1,921125000,0,-50.5,3.11091303783208,0,0,0.160031997680664,1.63,0,-5399.9521484375
100000000000000000000004,1,921125000,0,-52,1.75487402134117,0,0,0.160031997680664,1.63,0,-5399.9521484375
100000000000000000000003,1,921125000,0,-47.5,2.49732072267782,0,0,0.160031997680664,1.63,0,-5399.9521484375
100000000000000000000002,1,921125000,0,-47,3.28271888607527,0,0,0.160031997680664,1.63,0,-5399.9521484375
100000000000000000000000,1,921125000,0,-46.5,2.79184503395187,0,0,0.160031997680664,1.63,0,-5399.9521484375
100000000000000000000001,1,921125000,0,-50.5,3.11091303783208,0,0,0.160031997680664,1.63,0,-5399.9521484375
100000000000000000000004,1,921125000,0,-51.5,1.75487402134117,0,0,0.160031997680664,1.63,0,-5399.9521484375
100000000000000000000002,1,921125000,0,-47,3.28885480922681,0,0,0.160031997680664,1.63,0,-5399.9521484375
100000000000000000000003,1,921125000,0,-47.5,2.50345664582937,0,0,0.160031997680664,1.63,0,-5399.9521484375
100000000000000000000001,1,921125000,0,-50.5,3.08636934522591,0,0,0.160031997680664,1.63,0,-5399.9521484375
100000000000000000000000,1,921125000,0,-46.5,2.77957318764878,0,0,0.160031997680664,1.63,0,-5399.9521484375
100000000000000000000004,1,921125000,0,-52,1.80396140655351,0,0,0.160031997680664,1.63,0,-5399.9521484375
100000000000000000000003,1,921125000,0,-48,2.48504887637474,0,0,0.160031997680664,1.63,0,-5399.9521484375
100000000000000000000001,1,921125000,0,-50.5,3.11091303783208,0,0,0.160031997680664,1.63,0,-5399.9521484375
100000000000000000000004,1,921125000,0,-52,1.7732817907958,0,0,0.160031997680664,1.63,0,-5399.9521484375
100000000000000000000002,1,921125000,0,-47,3.27658296292373,0,0,0.160031997680664,1.63,0,-5399.9521484375
100000000000000000000000,1,921125000,0,-46.5,2.78570911080032,0,0,0.160031997680664,1.63,0,-5399.9521484375
100000000000000000000001,1,921125000,0,-50.5,3.098641191529,0,0,0.160031997680664,1.63,0,-5399.9521484375
100000000000000000000003,1,921125000,0,-47.5,2.46050518376857,0,0,0.160031997680664,1.63,0,-5399.9521484375
100000000000000000000002,1,921125000,0,-47,3.27658296292373,0,0,0.160031997680664,1.63,0,-5399.9521484375
100000000000000000000004,1,921125000,0,-52,1.76714586764426,0,0,0.160031997680664,1.63,0,-5399.9521484375
100000000000000000000000,1,921125000,0,-46.5,2.78570911080032,0,0,0.160031997680664,1.63,0,-5399.9521484375
100000000000000000000001,1,921125000,0,-50.5,3.09250526837745,0,0,0.160031997680664,1.63,0,-5399.9521484375
100000000000000000000002,1,921125000,0,-47,3.28271888607527,0,0,0.160031997680664,1.63,0,-5399.9521484375
100000000000000000000004,1,921125000,0,-52.5,1.76100994449272,0,0,0.160031997680664,1.63,0,-5399.9521484375
100000000000000000000003,1,921125000,0,-47.5,2.50345664582937,0,0,0.160031997680664,1.63,0,-5399.9521484375
100000000000000000000000,1,921125000,0,-46.5,2.80411688025495,0,0,0.160031997680664,1.63,0,-5399.9521484375
100000000000000000000002,1,921125000,0,-47,3.29499073237836,0,0,0.160031997680664,1.63,0,-5399.9521484375
100000000000000000000004,1,921125000,0,-52,1.74260217503809,0,0,0.160031997680664,1.63,0,-5399.9521484375
100000000000000000000003,1,921125000,0,-47.5,2.50959256898091,0,0,0.160031997680664,1.63,0,-5399.9521484375
100000000000000000000000,1,921125000,0,-46.5,2.7673013413457,0,0,0.160031997680664,1.63,0,-5399.9521484375
100000000000000000000001,1,921125000,0,-50.5,3.09250526837745,0,0,0.160031997680664,1.63,0,-5399.9521484375
100000000000000000000003,1,921125000,0,-47.5,2.49732072267782,0,0,0.160031997680664,1.63,0,-5399.9521484375
100000000000000000000001,1,921125000,0,-50.5,3.08636934522591,0,0,0.160031997680664,1.63,0,-5399.9521484375
100000000000000000000000,1,921125000,0,-46.5,2.77343726449724,0,0,0.160031997680664,1.63,0,-5399.9521484375
100000000000000000000002,1,921125000,0,-47,3.27044703977219,0,0,0.160031997680664,1.63,0,-5399.9521484375
100000000000000000000004,1,921125000,0,-52,1.73646625188655,0,0,0.160031997680664,1.63,0,-5399.9521484375
100000000000000000000001,1,921125000,0,-50.5,3.08023342207437,0,0,0.160031997680664,1.63,0,-5399.9521484375
100000000000000000000000,1,921125000,0,-46.5,2.78570911080032,0,0,0.160031997680664,1.63,0,-5399.9521484375
100000000000000000000003,1,921125000,0,-47.5,2.48504887637474,0,0,0.160031997680664,1.63,0,-5399.9521484375
100000000000000000000002,1,921125000,0,-47,3.3011266555299,0,0,0.160031997680664,1.63,0,-5399.9521484375
100000000000000000000004,1,921125000,0,-52,1.7732817907958,0,0,0.160031997680664,1.63,0,-5399.9521484375
100000000000000000000000,1,921125000,0,-46.5,2.79184503395187,0,0,0.160031997680664,1.63,0,-5399.9521484375
100000000000000000000001,1,921125000,0,-50.5,3.08023342207437,0,0,0.160031997680664,1.63,0,-5399.9521484375
100000000000000000000002,1,921125000,0,-47,3.28885480922681,0,0,0.160031997680664,1.63,0,-5399.9521484375
100000000000000000000003,1,921125000,0,-47.5,2.47277703007165,0,0,0.160031997680664,1.63,0,-5399.9521484375
100000000000000000000004,1,921125000,0,-52,1.79782548340197,0,0,0.160031997680664,1.63,0,-5399.9521484375
100000000000000000000002,1,921125000,0,-47,3.28271888607527,0,0,0.160031997680664,1.63,0,-5399.9521484375
100000000000000000000003,1,921125000,0,-47.5,2.48504887637474,0,0,0.160031997680664,1.63,0,-5399.9521484375
100000000000000000000004,1,921125000,0,-52,1.79782548340197,0,0,0.160031997680664,1.63,0,-5399.9521484375
100000000000000000000000,1,921125000,0,-46.5,2.78570911080032,0,0,0.160031997680664,1.63,0,-5399.9521484375
100000000000000000000001,1,921125000,0,-50.5,3.08636934522591,0,0,0.160031997680664,1.63,0,-5399.9521484375
100000000000000000000003,1,921125000,0,-48,2.49118479952628,0,0,0.160031997680664,1.63,0,-5399.9521484375
100000000000000000000001,1,921125000,0,-50.5,3.09250526837745,0,0,0.160031997680664,1.63,0,-5399.9521484375
100000000000000000000004,1,921125000,0,-52,1.78555363709889,0,0,0.160031997680664,1.63,0,-5399.9521484375
100000000000000000000000,1,921125000,0,-46.5,2.78570911080032,0,0,0.160031997680664,1.63,0,-5399.9521484375
100000000000000000000002,1,921125000,0,-47,3.28271888607527,0,0,0.160031997680664,1.63,0,-5399.9521484375
100000000000000000000000,1,921125000,0,-46.5,2.78570911080032,0,0,0.160031997680664,1.63,0,-5399.9521484375
100000000000000000000003,1,921125000,0,-47.5,2.49732072267782,0,0,0.160031997680664,1.63,0,-5399.9521484375
100000000000000000000001,1,921125000,0,-50.5,3.098641191529,0,0,0.160031997680664,1.63,0,-5399.9521484375
100000000000000000000002,1,921125000,0,-47,3.27658296292373,0,0,0.160031997680664,1.63,0,-5399.9521484375
100000000000000000000004,1,921125000,0,-52,1.79782548340197,0,0,0.160031997680664,1.63,0,-5399.9521484375
100000000000000000000004,1,921125000,0,-52,1.72419440558346,0,0,0.160031997680664,1.63,0,-5399.9521484375
100000000000000000000000,1,921125000,0,-46.5,2.78570911080032,0,0,0.160031997680664,1.63,0,-5399.9521484375
100000000000000000000001,1,921125000,0,-50.5,3.098641191529,0,0,0.160031997680664,1.63,0,-5399.9521484375
100000000000000000000002,1,921125000,0,-47,3.29499073237836,0,0,0.160031997680664,1.63,0,-5399.9521484375
100000000000000000000003,1,921125000,0,-48,2.50345664582937,0,0,0.160031997680664,1.63,0,-5399.9521484375
100000000000000000000000,1,921125000,0,-46.5,2.79184503395187,0,0,0.160031997680664,1.63,0,-5399.9521484375
100000000000000000000003,1,921125000,0,-47.5,2.46664110692011,0,0,0.160031997680664,1.63,0,-5399.9521484375
100000000000000000000004,1,921125000,0,-52,1.76100994449272,0,0,0.160031997680664,1.63,0,-5399.9521484375
100000000000000000000001,1,921125000,0,-50.5,3.08023342207437,0,0,0.160031997680664,1.63,0,-5399.9521484375
100000000000000000000002,1,921125000,0,-47,3.27658296292373,0,0,0.160031997680664,1.63,0,-5399.9521484375
100000000000000000000001,1,921125000,0,-50.5,3.06796157577128,0,0,0.160031997680664,1.63,0,-5399.9521484375
100000000000000000000000,1,921125000,0,-46.5,2.80411688025495,0,0,0.160031997680664,1.63,0,-5399.9521484375
100000000000000000000002,1,921125000,0,-47,3.29499073237836,0,0,0.160031997680664,1.63,0,-5399.9521484375
100000000000000000000003,1,921125000,0,-47.5,2.4789129532232,0,0,0.160031997680664,1.63,0,-5399.9521484375
100000000000000000000004,1,921125000,0,-52,1.74873809818963,0,0,0.160031997680664,1.63,0,-5399.9521484375
100000000000000000000004,1,921125000,0,-52,1.75487402134117,0,0,0.160031997680664,1.63,0,-5399.9521484375
100000000000000000000002,1,921125000,0,-47,3.3011266555299,0,0,0.160031997680664,1.63,0,-5399.9521484375
100000000000000000000001,1,921125000,0,-50.5,3.09250526837745,0,0,0.160031997680664,1.63,0,-5399.9521484375
100000000000000000000000,1,921125000,0,-46.5,2.79184503395187,0,0,0.160031997680664,1.63,0,-5399.9521484375
100000000000000000000003,1,921125000,0,-47.5,2.49118479952628,0,0,0.160031997680664,1.63,0,-5399.9521484375
100000000000000000000000,1,921125000,0,-46.5,2.7673013413457,0,0,0.160031997680664,1.63,0,-5399.9521484375
100000000000000000000003,1,921125000,0,-47.5,2.4789129532232,0,0,0.160031997680664,1.63,0,-5399.9521484375
100000000000000000000004,1,921125000,0,-52,1.76100994449272,0,0,0.160031997680664,1.63,0,-5399.9521484375
100000000000000000000002,1,921125000,0,-47,3.26431111662064,0,0,0.160031997680664,1.63,0,-5399.9521484375
100000000000000000000001,1,921125000,0,-50.5,3.07409749892282,0,0,0.160031997680664,1.63,0,-5399.9521484375
100000000000000000000003,1,921125000,0,-47.5,2.46050518376857,0,0,0.160031997680664,1.63,0,-5399.9521484375
100000000000000000000000,1,921125000,0,-46.5,2.80411688025495,0,0,0.160031997680664,1.63,0,-5399.9521484375
100000000000000000000001,1,921125000,0,-50.5,3.098641191529,0,0,0.160031997680664,1.63,0,-5399.9521484375
100000000000000000000002,1,921125000,0,-47,3.26431111662064,0,0,0.160031997680664,1.63,0,-5399.9521484375
100000000000000000000004,1,921125000,0,-52,1.74873809818963,0,0,0.160031997680664,1.63,0,-5399.9521484375
100000000000000000000000,1,921125000,0,-47,2.79184503395187,0,0,0.160031997680664,1.63,0,-5399.9521484375
100000000000000000000001,1,921125000,0,-50.5,3.08636934522591,0,0,0.160031997680664,1.63,0,-5399.9521484375
100000000000000000000002,1,921125000,0,-47,3.29499073237836,0,0,0.160031997680664,1.63,0,-5399.9521484375
100000000000000000000003,1,921125000,0,-47.5,2.49118479952628,0,0,0.160031997680664,1.63,0,-5399.9521484375
100000000000000000000004,1,921125000,0,-52,1.79782548340197,0,0,0.160031997680664,1.63,0,-5399.9521484375
100000000000000000000004,1,921125000,0,-52,1.82850509915968,0,0,0.160031997680664,1.63,0,-5399.9521484375
100000000000000000000000,1,921125000,0,-46.5,2.79184503395187,0,0,0.160031997680664,1.63,0,-5399.9521484375
100000000000000000000002,1,921125000,0,-47,3.29499073237836,0,0,0.160031997680664,1.63,0,-5399.9521484375
100000000000000000000003,1,921125000,0,-47.5,2.49732072267782,0,0,0.160031997680664,1.63,0,-5399.9521484375
100000000000000000000001,1,921125000,0,-50.5,3.06796157577128,0,0,0.160031997680664,1.63,0,-5399.9521484375
100000000000000000000004,1,921125000,0,-52,1.7732817907958,0,0,0.160031997680664,1.63,0,-5399.9521484375
100000000000000000000000,1,921125000,0,-46.5,2.79798095710341,0,0,0.160031997680664,1.63,0,-5399.9521484375
100000000000000000000001,1,921125000,0,-50.5,3.098641191529,0,0,0.160031997680664,1.63,0,-5399.9521484375
100000000000000000000002,1,921125000,0,-47,3.2581751934691,0,0,0.160031997680664,1.63,0,-5399.9521484375
100000000000000000000003,1,921125000,0,-48,2.49732072267782,0,0,0.160031997680664,1.63,0,-5399.9521484375
100000000000000000000002,1,921125000,0,-47,3.24590334716602,0,0,0.160031997680664,1.63,0,-5399.9521484375
100000000000000000000004,1,921125000,0,-52,1.75487402134117,0,0,0.160031997680664,1.63,0,-5399.9521484375
100000000000000000000000,1,921125000,0,-46.5,2.7673013413457,0,0,0.160031997680664,1.63,0,-5399.9521484375
100000000000000000000003,1,921125000,0,-47.5,2.4789129532232,0,0,0.160031997680664,1.63,0,-5399.9521484375
100000000000000000000001,1,921125000,0,-50.5,3.098641191529,0,0,0.160031997680664,1.63,0,-5399.9521484375
100000000000000000000002,1,921125000,0,-47,3.26431111662064,0,0,0.160031997680664,1.63,0,-5399.9521484375
100000000000000000000001,1,921125000,0,-50.5,3.08023342207437,0,0,0.160031997680664,1.63,0,-5399.9521484375
100000000000000000000003,1,921125000,0,-47.5,2.4789129532232,0,0,0.160031997680664,1.63,0,-5399.9521484375
100000000000000000000000,1,921125000,0,-46.5,2.78570911080032,0,0,0.160031997680664,1.63,0,-5399.9521484375
100000000000000000000004,1,921125000,0,-52,1.74873809818963,0,0,0.160031997680664,1.63,0,-5399.9521484375
100000000000000000000001,1,921125000,0,-50.5,3.098641191529,0,0,0.160031997680664,1.63,0,-5399.9521484375
100000000000000000000000,1,921125000,0,-46.5,2.78570911080032,0,0,0.160031997680664,1.63,0,-5399.9521484375
100000000000000000000002,1,921125000,0,-47,3.27044703977219,0,0,0.160031997680664,1.63,0,-5399.9521484375
100000000000000000000004,1,921125000,0,-52,1.7732817907958,0,0,0.160031997680664,1.63,0,-5399.9521484375
100000000000000000000003,1,921125000,0,-47.5,2.48504887637474,0,0,0.160031997680664,1.63,0,-5399.9521484375
100000000000000000000001,1,921125000,0,-50.5,3.11704896098362,0,0,0.160031997680664,1.63,0,-5399.9521484375
100000000000000000000004,1,921125000,0,-52.5,1.77941771394734,0,0,0.160031997680664,1.63,0,-5399.9521484375
100000000000000000000003,1,921125000,0,-47.5,2.49732072267782,0,0,0.160031997680664,1.63,0,-5399.9521484375
100000000000000000000000,1,921125000,0,-46.5,2.78570911080032,0,0,0.160031997680664,1.63,0,-5399.9521484375
100000000000000000000002,1,921125000,0,-47,3.27658296292373,0,0,0.160031997680664,1.63,0,-5399.9521484375
100000000000000000000001,1,921125000,0,-50.5,3.098641191529,0,0,0.160031997680664,1.63,0,-5399.9521484375
100000000000000000000002,1,921125000,0,-47,3.27658296292373,0,0,0.160031997680664,1.63,0,-5399.9521484375
100000000000000000000004,1,921125000,0,-52,1.77941771394734,0,0,0.160031997680664,1.63,0,-5399.9521484375
100000000000000000000003,1,921125000,0,-47.5,2.51572849213245,0,0,0.160031997680664,1.63,0,-5399.9521484375
100000000000000000000000,1,921125000,0,-46.5,2.78570911080032,0,0,0.160031997680664,1.63,0,-5399.9521484375
100000000000000000000002,1,921125000,0,-47,3.30726257868144,0,0,0.160031997680664,1.63,0,-5399.9521484375
100000000000000000000004,1,921125000,0,-52,1.75487402134117,0,0,0.160031997680664,1.63,0,-5399.9521484375
100000000000000000000000,1,921125000,0,-46.5,2.79798095710341,0,0,0.160031997680664,1.63,0,-5399.9521484375
100000000000000000000003,1,921125000,0,-47.5,2.49118479952628,0,0,0.160031997680664,1.63,0,-5399.9521484375
100000000000000000000001,1,921125000,0,-50.5,3.08636934522591,0,0,0.160031997680664,1.63,0,-5399.9521484375
100000000000000000000002,1,921125000,0,-47,3.3011266555299,0,0,0.160031997680664,1.63,0,-5399.9521484375
100000000000000000000001,1,921125000,0,-50.5,3.06796157577128,0,0,0.160031997680664,1.63,0,-5399.9521484375
100000000000000000000000,1,921125000,0,-46.5,2.77343726449724,0,0,0.160031997680664,1.63,0,-5399.9521484375
100000000000000000000003,1,921125000,0,-47.5,2.49118479952628,0,0,0.160031997680664,1.63,0,-5399.9521484375
100000000000000000000004,1,921125000,0,-52,1.7732817907958,0,0,0.160031997680664,1.63,0,-5399.9521484375
100000000000000000000002,1,921125000,0,-47,3.30726257868144,0,0,0.160031997680664,1.63,0,-5399.9521484375
100000000000000000000000,1,921125000,0,-47,2.79798095710341,0,0,0.160031997680664,1.63,0,-5399.9521484375
100000000000000000000004,1,921125000,0,-52,1.7732817907958,0,0,0.160031997680664,1.63,0,-5399.9521484375
100000000000000000000001,1,921125000,0,-50.5,3.11091303783208,0,0,0.160031997680664,1.63,0,-5399.9521484375
100000000000000000000003,1,921125000,0,-47.5,2.48504887637474,0,0,0.160031997680664,1.63,0,-5399.9521484375
100000000000000000000003,1,921125000,0,-47.5,2.49732072267782,0,0,0.160031997680664,1.63,0,-5399.9521484375
100000000000000000000000,1,921125000,0,-46.5,2.77957318764878,0,0,0.160031997680664,1.63,0,-5399.9521484375
100000000000000000000002,1,921125000,0,-47,3.31339850183298,0,0,0.160031997680664,1.63,0,-5399.9521484375
100000000000000000000001,1,921125000,0,-50.5,3.08636934522591,0,0,0.160031997680664,1.63,0,-5399.9521484375
100000000000000000000004,1,921125000,0,-52,1.75487402134117,0,0,0.160031997680664,1.63,0,-5399.9521484375
100000000000000000000001,1,921125000,0,-50.5,3.098641191529,0,0,0.160031997680664,1.63,0,-5399.9521484375
100000000000000000000003,1,921125000,0,-47.5,2.49732072267782,0,0,0.160031997680664,1.63,0,-5399.9521484375
100000000000000000000002,1,921125000,0,-47,3.29499073237836,0,0,0.160031997680664,1.63,0,-5399.9521484375
100000000000000000000004,1,921125000,0,-52,1.76714586764426,0,0,0.160031997680664,1.63,0,-5399.9521484375
100000000000000000000000,1,921125000,0,-46.5,2.79184503395187,0,0,0.160031997680664,1.63,0,-5399.9521484375
100000000000000000000002,1,921125000,0,-47,3.27658296292373,0,0,0.160031997680664,1.63,0,-5399.9521484375
100000000000000000000004,1,921125000,0,-52,1.74873809818963,0,0,0.160031997680664,1.63,0,-5399.9521484375
100000000000000000000003,1,921125000,0,-47.5,2.49732072267782,0,0,0.160031997680664,1.63,0,-5399.9521484375
100000000000000000000001,1,921125000,0,-50.5,3.08636934522591,0,0,0.160031997680664,1.63,0,-5399.9521484375
100000000000000000000000,1,921125000,0,-46.5,2.77957318764878,0,0,0.160031997680664,1.63,0,-5399.9521484375
100000000000000000000001,1,921125000,0,-50.5,3.10477711468054,0,0,0.160031997680664,1.63,0,-5399.9521484375
100000000000000000000002,1,921125000,0,-47,3.28885480922681,0,0,0.160031997680664,1.63,0,-5399.9521484375
100000000000000000000000,1,921125000,0,-46.5,2.77343726449724,0,0,0.160031997680664,1.63,0,-5399.9521484375
100000000000000000000003,1,921125000,0,-47.5,2.47277703007165,0,0,0.160031997680664,1.63,0,-5399.9521484375
100000000000000000000004,1,921125000,0,-52,1.74873809818963,0,0,0.160031997680664,1.63,0,-5399.9521484375
100000000000000000000001,1,921125000,0,-50.5,3.08636934522591,0,0,0.160031997680664,1.63,0,-5399.9521484375
100000000000000000000003,1,921125000,0,-47.5,2.49118479952628,0,0,0.160031997680664,1.63,0,-5399.9521484375
100000000000000000000000,1,921125000,0,-46.5,2.79798095710341,0,0,0.160031997680664,1.63,0,-5399.9521484375
100000000000000000000004,1,921125000,0,-52,1.78555363709889,0,0,0.160031997680664,1.63,0,-5399.9521484375
100000000000000000000002,1,921125000,0,-47,3.27044703977219,0,0,0.160031997680664,1.63,0,-5399.9521484375
100000000000000000000004,1,921125000,0,-52,1.75487402134117,0,0,0.160031997680664,1.63,0,-5399.9521484375
100000000000000000000003,1,921125000,0,-47.5,2.47277703007165,0,0,0.160031997680664,1.63,0,-5399.9521484375
100000000000000000000002,1,921125000,0,-47,3.28271888607527,0,0,0.160031997680664,1.63,0,-5399.9521484375
100000000000000000000000,1,921125000,0,-46.5,2.79798095710341,0,0,0.160031997680664,1.63,0,-5399.9521484375
100000000000000000000001,1,921125000,0,-50.5,3.09250526837745,0,0,0.160031997680664,1.63,0,-5399.9521484375
100000000000000000000002,1,921125000,0,-47,3.28271888607527,0,0,0.160031997680664,1.63,0,-5399.9521484375
100000000000000000000003,1,921125000,0,-47.5,2.49118479952628,0,0,0.160031997680664,1.63,0,-5399.9521484375
100000000000000000000001,1,921125000,0,-50.5,3.08023342207437,0,0,0.160031997680664,1.63,0,-5399.9521484375
100000000000000000000000,1,921125000,0,-46.5,2.80411688025495,0,0,0.160031997680664,1.63,0,-5399.9521484375
100000000000000000000004,1,921125000,0,-52,1.77941771394734,0,0,0.160031997680664,1.63,0,-5399.9521484375
100000000000000000000003,1,921125000,0,-47.5,2.49118479952628,0,0,0.160031997680664,1.63,0,-5399.9521484375
100000000000000000000001,1,921125000,0,-50.5,3.06796157577128,0,0,0.160031997680664,1.63,0,-5399.9521484375
100000000000000000000002,1,921125000,0,-47,3.28271888607527,0,0,0.160031997680664,1.63,0,-5399.9521484375
100000000000000000000000,1,921125000,0,-46.5,2.79798095710341,0,0,0.160031997680664,1.63,0,-5399.9521484375
100000000000000000000004,1,921125000,0,-52,1.7732817907958,0,0,0.160031997680664,1.63,0,-5399.9521484375
100000000000000000000003,1,921125000,0,-47.5,2.49118479952628,0,0,0.160031997680664,1.63,0,-5399.9521484375
100000000000000000000001,1,921125000,0,-50.5,3.11091303783208,0,0,0.160031997680664,1.63,0,-5399.9521484375
100000000000000000000004,1,921125000,0,-52.5,1.7732817907958,0,0,0.160031997680664,1.63,0,-5399.9521484375
100000000000000000000000,1,921125000,0,-46.5,2.77957318764878,0,0,0.160031997680664,1.63,0,-5399.9521484375
100000000000000000000002,1,921125000,0,-47,3.28885480922681,0,0,0.160031997680664,1.63,0,-5399.9521484375
100000000000000000000003,1,921125000,0,-47.5,2.50345664582937,0,0,0.160031997680664,1.63,0,-5399.9521484375
100000000000000000000001,1,921125000,0,-50.5,3.10477711468054,0,0,0.160031997680664,1.63,0,-5399.9521484375
100000000000000000000002,1,921125000,0,-47,3.25203927031756,0,0,0.160031997680664,1.63,0,-5399.9521484375
100000000000000000000000,1,921125000,0,-46.5,2.77957318764878,0,0,0.160031997680664,1.63,0,-5399.9521484375
100000000000000000000004,1,921125000,0,-52,1.76714586764426,0,0,0.160031997680664,1.63,0,-5399.9521484375
100000000000000000000000,1,921125000,0,-46.5,2.77957318764878,0,0,0.160031997680664,1.63,0,-5399.9521484375
100000000000000000000003,1,921125000,0,-47.5,2.50345664582937,0,0,0.160031997680664,1.63,0,-5399.9521484375
100000000000000000000001,1,921125000,0,-50.5,3.08023342207437,0,0,0.160031997680664,1.63,0,-5399.9521484375
100000000000000000000002,1,921125000,0,-47,3.25203927031756,0,0,0.160031997680664,1.63,0,-5399.9521484375
100000000000000000000004,1,921125000,0,-52,1.74873809818963,0,0,0.160031997680664,1.63,0,-5399.9521484375
100000000000000000000002,1,921125000,0,-47,3.2581751934691,0,0,0.160031997680664,1.63,0,-5399.9521484375
100000000000000000000000,1,921125000,0,-46.5,2.79798095710341,0,0,0.160031997680664,1.63,0,-5399.9521484375
100000000000000000000004,1,921125000,0,-52,1.77941771394734,0,0,0.160031997680664,1.63,0,-5399.9521484375
100000000000000000000003,1,921125000,0,-47.5,2.51572849213245,0,0,0.160031997680664,1.63,0,-5399.9521484375
100000000000000000000001,1,921125000,0,-50.5,3.08023342207437,0,0,0.160031997680664,1.63,0,-5399.9521484375
100000000000000000000001,1,921125000,0,-50.5,3.09250526837745,0,0,0.160031997680664,1.63,0,-5399.9521484375
100000000000000000000003,1,921125000,0,-47.5,2.49118479952628,0,0,0.160031997680664,1.63,0,-5399.9521484375
100000000000000000000000,1,921125000,0,-46.5,2.79184503395187,0,0,0.160031997680664,1.63,0,-5399.9521484375
100000000000000000000002,1,921125000,0,-47,3.25203927031756,0,0,0.160031997680664,1.63,0,-5399.9521484375
100000000000000000000004,1,921125000,0,-52,1.730330328735,0,0,0.160031997680664,1.63,0,-5399.9521484375
100000000000000000000003,1,921125000,0,-47.5,2.48504887637474,0,0,0.160031997680664,1.63,0,-5399.9521484375
100000000000000000000000,1,921125000,0,-46.5,2.78570911080032,0,0,0.160031997680664,1.63,0,-5399.9521484375
100000000000000000000002,1,921125000,0,-47,3.27044703977219,0,0,0.160031997680664,1.63,0,-5399.9521484375
100000000000000000000001,1,921125000,0,-50.5,3.08023342207437,0,0,0.160031997680664,1.63,0,-5399.9521484375
100000000000000000000004,1,921125000,0,-52,1.80396140655351,0,0,0.160031997680664,1.63,0,-5399.9521484375
100000000000000000000002,1,921125000,0,-47,3.27658296292373,0,0,0.160031997680664,1.63,0,-5399.9521484375
100000000000000000000000,1,921125000,0,-46.5,2.80411688025495,0,0,0.160031997680664,1.63,0,-5399.9521484375
100000000000000000000004,1,921125000,0,-52,1.78555363709889,0,0,0.160031997680664,1.63,0,-5399.9521484375
100000000000000000000003,1,921125000,0,-47.5,2.50345664582937,0,0,0.160031997680664,1.63,0,-5399.9521484375
100000000000000000000001,1,921125000,0,-50.5,3.10477711468054,0,0,0.160031997680664,1.63,0,-5399.9521484375
100000000000000000000000,1,921125000,0,-46.5,2.81025280340649,0,0,0.160031997680664,1.63,0,-5399.9521484375
100000000000000000000004,1,921125000,0,-52,1.79168956025043,0,0,0.160031997680664,1.63,0,-5399.9521484375
100000000000000000000002,1,921125000,0,-47,3.26431111662064,0,0,0.160031997680664,1.63,0,-5399.9521484375
100000000000000000000003,1,921125000,0,-47.5,2.49732072267782,0,0,0.160031997680664,1.63,0,-5399.9521484375
100000000000000000000001,1,921125000,0,-50.5,3.098641191529,0,0,0.160031997680664,1.63,0,-5399.9521484375
100000000000000000000002,1,921125000,0,-47,3.27044703977219,0,0,0.160031997680664,1.63,0,-5399.9521484375
100000000000000000000000,1,921125000,0,-46.5,2.79184503395187,0,0,0.160031997680664,1.63,0,-5399.9521484375
100000000000000000000001,1,921125000,0,-50.5,3.08023342207437,0,0,0.160031997680664,1.63,0,-5399.9521484375
100000000000000000000003,1,921125000,0,-47.5,2.53413626158708,0,0,0.160031997680664,1.63,0,-5399.9521484375
100000000000000000000004,1,921125000,0,-52,1.71805848243192,0,0,0.160031997680664,1.63,0,-5399.9521484375
100000000000000000000004,1,921125000,0,-52,1.76100994449272,0,0,0.160031997680664,1.63,0,-5399.9521484375
100000000000000000000002,1,921125000,0,-47,3.27044703977219,0,0,0.160031997680664,1.63,0,-5399.9521484375
100000000000000000000000,1,921125000,0,-46.5,2.79798095710341,0,0,0.160031997680664,1.63,0,-5399.9521484375
100000000000000000000001,1,921125000,0,-50.5,3.07409749892282,0,0,0.160031997680664,1.63,0,-5399.9521484375
100000000000000000000003,1,921125000,0,-47.5,2.47277703007165,0,0,0.160031997680664,1.63,0,-5399.9521484375
100000000000000000000004,1,921125000,0,-52,1.76100994449272,0,0,0.160031997680664,1.63,0,-5399.9521484375
100000000000000000000003,1,921125000,0,-47.5,2.49118479952628,0,0,0.160031997680664,1.63,0,-5399.9521484375
100000000000000000000001,1,921125000,0,-50.5,3.08636934522591,0,0,0.160031997680664,1.63,0,-5399.9521484375
100000000000000000000002,1,921125000,0,-47,3.2581751934691,0,0,0.160031997680664,1.63,0,-5399.9521484375
100000000000000000000000,1,921125000,0,-46.5,2.79184503395187,0,0,0.160031997680664,1.63,0,-5399.9521484375
100000000000000000000004,1,921125000,0,-52,1.76100994449272,0,0,0.160031997680664,1.63,0,-5399.9521484375
100000000000000000000002,1,921125000,0,-47,3.27044703977219,0,0,0.160031997680664,1.63,0,-5399.9521484375
100000000000000000000000,1,921125000,0,-46.5,2.79798095710341,0,0,0.160031997680664,1.63,0,-5399.9521484375
100000000000000000000001,1,921125000,0,-50.5,3.098641191529,0,0,0.160031997680664,1.63,0,-5399.9521484375
100000000000000000000003,1,921125000,0,-48,2.50959256898091,0,0,0.160031997680664,1.63,0,-5399.9521484375
100000000000000000000000,1,921125000,0,-46.5,2.80411688025495,0,0,0.160031997680664,1.63,0,-5399.9521484375
100000000000000000000001,1,921125000,0,-50.5,3.098641191529,0,0,0.160031997680664,1.63,0,-5399.9521484375
100000000000000000000002,1,921125000,0,-47,3.3011266555299,0,0,0.160031997680664,1.63,0,-5399.9521484375
100000000000000000000004,1,921125000,0,-52,1.76100994449272,0,0,0.160031997680664,1.63,0,-5399.9521484375
100000000000000000000003,1,921125000,0,-47.5,2.49118479952628,0,0,0.160031997680664,1.63,0,-5399.9521484375
100000000000000000000001,1,921125000,0,-50.5,3.07409749892282,0,0,0.160031997680664,1.63,0,-5399.9521484375
100000000000000000000002,1,921125000,0,-47,3.27658296292373,0,0,0.160031997680664,1.63,0,-5399.9521484375
100000000000000000000004,1,921125000,0,-51.5,1.76100994449272,0,0,0.160031997680664,1.63,0,-5399.9521484375
100000000000000000000000,1,921125000,0,-46.5,2.79184503395187,0,0,0.160031997680664,1.63,0,-5399.9521484375
100000000000000000000003,1,921125000,0,-48,2.47277703007165,0,0,0.160031997680664,1.63,0,-5399.9521484375
100000000000000000000000,1,921125000,0,-46.5,2.80411688025495,0,0,0.160031997680664,1.63,0,-5399.9521484375
100000000000000000000004,1,921125000,0,-52,1.76714586764426,0,0,0.160031997680664,1.63,0,-5399.9521484375
100000000000000000000002,1,921125000,0,-47,3.29499073237836,0,0,0.160031997680664,1.63,0,-5399.9521484375
100000000000000000000003,1,921125000,0,-47.5,2.48504887637474,0,0,0.160031997680664,1.63,0,-5399.9521484375
100000000000000000000001,1,921125000,0,-50.5,3.098641191529,0,0,0.160031997680664,1.63,0,-5399.9521484375
100000000000000000000003,1,921125000,0,-47.5,2.46050518376857,0,0,0.160031997680664,1.63,0,-5399.9521484375
100000000000000000000000,1,921125000,0,-46.5,2.80411688025495,0,0,0.160031997680664,1.63,0,-5399.9521484375
100000000000000000000001,1,921125000,0,-50.5,3.10477711468054,0,0,0.160031997680664,1.63,0,-5399.9521484375
100000000000000000000002,1,921125000,0,-47,3.29499073237836,0,0,0.160031997680664,1.63,0,-5399.9521484375
100000000000000000000004,1,921125000,0,-52,1.76714586764426,0,0,0.160031997680664,1.63,0,-5399.9521484375
100000000000000000000004,1,921125000,0,-52,1.77941771394734,0,0,0.160031997680664,1.63,0,-5399.9521484375
100000000000000000000001,1,921125000,0,-50.5,3.08636934522591,0,0,0.160031997680664,1.63,0,-5399.9521484375
100000000000000000000000,1,921125000,0,-46.5,2.79184503395187,0,0,0.160031997680664,1.63,0,-5399.9521484375
100000000000000000000003,1,921125000,0,-47.5,2.50345664582937,0,0,0.160031997680664,1.63,0,-5399.9521484375
100000000000000000000002,1,921125000,0,-47,3.26431111662064,0,0,0.160031997680664,1.63,0,-5399.9521484375
100000000000000000000001,1,921125000,0,-50.5,3.07409749892282,0,0,0.160031997680664,1.63,0,-5399.9521484375
100000000000000000000000,1,921125000,0,-46.5,2.79798095710341,0,0,0.160031997680664,1.63,0,-5399.9521484375
100000000000000000000002,1,921125000,0,-47,3.28271888607527,0,0,0.160031997680664,1.63,0,-5399.9521484375
100000000000000000000003,1,921125000,0,-47.5,2.47277703007165,0,0,0.160031997680664,1.63,0,-5399.9521484375
100000000000000000000004,1,921125000,0,-52,1.76100994449272,0,0,0.160031997680664,1.63,0,-5399.9521484375
100000000000000000000001,1,921125000,0,-50.5,3.08636934522591,0,0,0.160031997680664,1.63,0,-5399.9521484375
100000000000000000000000,1,921125000,0,-46.5,2.79184503395187,0,0,0.160031997680664,1.63,0,-5399.9521484375
100000000000000000000002,1,921125000,0,-47,3.29499073237836,0,0,0.160031997680664,1.63,0,-5399.9521484375
100000000000000000000004,1,921125000,0,-52,1.730330328735,0,0,0.160031997680664,1.63,0,-5399.9521484375
100000000000000000000003,1,921125000,0,-48,2.47277703007165,0,0,0.160031997680664,1.63,0,-5399.9521484375
100000000000000000000002,1,921125000,0,-47,3.24590334716602,0,0,0.160031997680664,1.63,0,-5399.9521484375
100000000000000000000003,1,921125000,0,-48,2.47277703007165,0,0,0.160031997680664,1.63,0,-5399.9521484375
100000000000000000000000,1,921125000,0,-46.5,2.79184503395187,0,0,0.160031997680664,1.63,0,-5399.9521484375
100000000000000000000004,1,921625000,0,-51.5,1.98190317794825,0,0,0.160031997680664,1.63,0,-5399.9521484375
100000000000000000000001,1,921625000,0,-50.5,3.26431111662064,0,0,0.160031997680664,1.63,0,-5399.9521484375
100000000000000000000001,1,921625000,0,-50.5,3.28271888607527,0,0,0.160031997680664,1.63,0,-5399.9521484375
100000000000000000000004,1,921625000,0,-51.5,2.0187187168575,0,0,0.160031997680664,1.63,0,-5399.9521484375
100000000000000000000000,1,921625000,0,-46.5,2.98819457480123,0,0,0.160031997680664,1.63,0,-5399.9521484375
100000000000000000000003,1,921625000,0,-47,2.73048580243644,0,0,0.160031997680664,1.63,0,-5399.9521484375
100000000000000000000002,1,921625000,0,-46.5,3.50974804268235,0,0,0.160031997680664,1.63,0,-5399.9521484375
100000000000000000000002,1,921625000,0,-46.5,3.5036121195308,0,0,0.160031997680664,1.63,0,-5399.9521484375
100000000000000000000001,1,921625000,0,-50.5,3.27658296292373,0,0,0.160031997680664,1.63,0,-5399.9521484375
100000000000000000000003,1,921625000,0,-47.5,2.73662172558798,0,0,0.160031997680664,1.63,0,-5399.9521484375
100000000000000000000000,1,921625000,0,-46.5,2.99433049795277,0,0,0.160031997680664,1.63,0,-5399.9521484375
100000000000000000000004,1,921625000,0,-51.5,2.03712648631213,0,0,0.160031997680664,1.63,0,-5399.9521484375
100000000000000000000004,1,921625000,0,-51.5,2.0187187168575,0,0,0.160031997680664,1.63,0,-5399.9521484375
100000000000000000000000,1,921625000,0,-46.5,3.00046642110431,0,0,0.160031997680664,1.63,0,-5399.9521484375
100000000000000000000002,1,921625000,0,-46.5,3.47906842692463,0,0,0.160031997680664,1.63,0,-5399.9521484375
100000000000000000000001,1,921625000,0,-50.5,3.27044703977219,0,0,0.160031997680664,1.63,0,-5399.9521484375
100000000000000000000003,1,921625000,0,-47.5,2.7243498792849,0,0,0.160031997680664,1.63,0,-5399.9521484375
100000000000000000000001,1,921625000,0,-50.5,3.29499073237836,0,0,0.160031997680664,1.63,0,-5399.9521484375
100000000000000000000000,1,921625000,0,-46.5,2.98205865164969,0,0,0.160031997680664,1.63,0,-5399.9521484375
100000000000000000000002,1,921625000,0,-46.5,3.5036121195308,0,0,0.160031997680664,1.63,0,-5399.9521484375
100000000000000000000004,1,921625000,0,-51.5,2.02485464000905,0,0,0.160031997680664,1.63,0,-5399.9521484375
100000000000000000000003,1,921625000,0,-47,2.70594210983027,0,0,0.160031997680664,1.63,0,-5399.9521484375
100000000000000000000003,1,921625000,0,-47,2.73048580243644,0,0,0.160031997680664,1.63,0,-5399.9521484375
100000000000000000000001,1,921625000,0,-50.5,3.28271888607527,0,0,0.160031997680664,1.63,0,-5399.9521484375
100000000000000000000004,1,921625000,0,-51.5,2.01258279370596,0,0,0.160031997680664,1.63,0,-5399.9521484375
100000000000000000000002,1,921625000,0,-46.5,3.49747619637926,0,0,0.160031997680664,1.63,0,-5399.9521484375
100000000000000000000000,1,921625000,0,-46.5,3.00660234425586,0,0,0.160031997680664,1.63,0,-5399.9521484375
100000000000000000000000,1,921625000,0,-46.5,2.97592272849814,0,0,0.160031997680664,1.63,0,-5399.9521484375
100000000000000000000002,1,921625000,0,-46.5,3.48520435007618,0,0,0.160031997680664,1.63,0,-5399.9521484375
100000000000000000000004,1,921625000,0,-51.5,2.00644687055442,0,0,0.160031997680664,1.63,0,-5399.9521484375
100000000000000000000001,1,921625000,0,-50.5,3.29499073237836,0,0,0.160031997680664,1.63,0,-5399.9521484375
100000000000000000000003,1,921625000,0,-47,2.71821395613336,0,0,0.160031997680664,1.63,0,-5399.9521484375
100000000000000000000003,1,921625000,0,-47.5,2.70594210983027,0,0,0.160031997680664,1.63,0,-5399.9521484375
100000000000000000000001,1,921625000,0,-50.5,3.28271888607527,0,0,0.160031997680664,1.63,0,-5399.9521484375
100000000000000000000004,1,921625000,0,-51.5,2.01258279370596,0,0,0.160031997680664,1.63,0,-5399.9521484375
100000000000000000000000,1,921625000,0,-46.5,2.9697868053466,0,0,0.160031997680664,1.63,0,-5399.9521484375
100000000000000000000002,1,921625000,0,-46.5,3.49747619637926,0,0,0.160031997680664,1.63,0,-5399.9521484375
100000000000000000000002,1,921625000,0,-46.5,3.5036121195308,0,0,0.160031997680664,1.63,0,-5399.9521484375
100000000000000000000003,1,921625000,0,-47,2.71207803298181,0,0,0.160031997680664,1.63,0,-5399.9521484375
100000000000000000000000,1,921625000,0,-46.5,3.01887419055894,0,0,0.160031997680664,1.63,0,-5399.9521484375
100000000000000000000001,1,921625000,0,-50,3.3011266555299,0,0,0.160031997680664,1.63,0,-5399.9521484375
100000000000000000000004,1,921625000,0,-51.5,2.0187187168575,0,0,0.160031997680664,1.63,0,-5399.9521484375
100000000000000000000002,1,921625000,0,-46.5,3.5036121195308,0,0,0.160031997680664,1.63,0,-5399.9521484375
100000000000000000000003,1,921625000,0,-47.5,2.73048580243644,0,0,0.160031997680664,1.63,0,-5399.9521484375
100000000000000000000004,1,921625000,0,-51.5,2.04326240946367,0,0,0.160031997680664,1.63,0,-5399.9521484375
100000000000000000000001,1,921625000,0,-50.5,3.27658296292373,0,0,0.160031997680664,1.63,0,-5399.9521484375
100000000000000000000000,1,921625000,0,-46.5,3.00046642110431,0,0,0.160031997680664,1.63,0,-5399.9521484375
100000000000000000000004,1,921625000,0,-51.5,2.02485464000905,0,0,0.160031997680664,1.63,0,-5399.9521484375
100000000000000000000000,1,921625000,0,-46.5,2.99433049795277,0,0,0.160031997680664,1.63,0,-5399.9521484375
100000000000000000000001,1,921625000,0,-50.5,3.31339850183298,0,0,0.160031997680664,1.63,0,-5399.9521484375
100000000000000000000002,1,921625000,0,-46.5,3.50974804268235,0,0,0.160031997680664,1.63,0,-5399.9521484375
100000000000000000000003,1,921625000,0,-47,2.73048580243644,0,0,0.160031997680664,1.63,0,-5399.9521484375
100000000000000000000000,1,921625000,0,-46.5,2.99433049795277,0,0,0.160031997680664,1.63,0,-5399.9521484375
100000000000000000000002,1,921625000,0,-46.5,3.49747619637926,0,0,0.160031997680664,1.63,0,-5399.9521484375
100000000000000000000003,1,921625000,0,-47,2.71821395613336,0,0,0.160031997680664,1.63,0,-5399.9521484375
100000000000000000000004,1,921625000,0,-52,1.97576725479671,0,0,0.160031997680664,1.63,0,-5399.9521484375
100000000000000000000001,1,921625000,0,-50.5,3.26431111662064,0,0,0.160031997680664,1.63,0,-5399.9521484375
100000000000000000000003,1,921625000,0,-47,2.71207803298181,0,0,0.160031997680664,1.63,0,-5399.9521484375
100000000000000000000004,1,921625000,0,-51.5,2.04939833261522,0,0,0.160031997680664,1.63,0,-5399.9521484375
100000000000000000000001,1,921625000,0,-50.5,3.27658296292373,0,0,0.160031997680664,1.63,0,-5399.9521484375
100000000000000000000000,1,921625000,0,-46.5,3.01887419055894,0,0,0.160031997680664,1.63,0,-5399.9521484375
100000000000000000000002,1,921625000,0,-46.5,3.49134027322772,0,0,0.160031997680664,1.63,0,-5399.9521484375
100000000000000000000004,1,921625000,0,-51.5,2.0187187168575,0,0,0.160031997680664,1.63,0,-5399.9521484375
100000000000000000000002,1,921625000,0,-46.5,3.51588396583389,0,0,0.160031997680664,1.63,0,-5399.9521484375
100000000000000000000000,1,921625000,0,-46.5,3.0127382674074,0,0,0.160031997680664,1.63,0,-5399.9521484375
100000000000000000000003,1,921625000,0,-47.5,2.70594210983027,0,0,0.160031997680664,1.63,0,-5399.9521484375
100000000000000000000001,1,921625000,0,-50.5,3.28271888607527,0,0,0.160031997680664,1.63,0,-5399.9521484375
100000000000000000000003,1,921625000,0,-47.5,2.69980618667873,0,0,0.160031997680664,1.63,0,-5399.9521484375
100000000000000000000000,1,921625000,0,-46.5,3.00660234425586,0,0,0.160031997680664,1.63,0,-5399.9521484375
100000000000000000000004,1,921625000,0,-51.5,2.00644687055442,0,0,0.160031997680664,1.63,0,-5399.9521484375
100000000000000000000002,1,921625000,0,-46.5,3.46679658062155,0,0,0.160031997680664,1.63,0,-5399.9521484375
100000000000000000000001,1,921625000,0,-50.5,3.27658296292373,0,0,0.160031997680664,1.63,0,-5399.9521484375
100000000000000000000001,1,921625000,0,-50.5,3.28271888607527,0,0,0.160031997680664,1.63,0,-5399.9521484375
100000000000000000000003,1,921625000,0,-47,2.73048580243644,0,0,0.160031997680664,1.63,0,-5399.9521484375
100000000000000000000000,1,921625000,0,-46.5,3.00660234425586,0,0,0.160031997680664,1.63,0,-5399.9521484375
100000000000000000000002,1,921625000,0,-46.5,3.50974804268235,0,0,0.160031997680664,1.63,0,-5399.9521484375
100000000000000000000004,1,921625000,0,-51.5,1.96963133164516,0,0,0.160031997680664,1.63,0,-5399.9521484375
100000000000000000000002,1,921625000,0,-46.5,3.49134027322772,0,0,0.160031997680664,1.63,0,-5399.9521484375
100000000000000000000000,1,921625000,0,-46.5,2.99433049795277,0,0,0.160031997680664,1.63,0,-5399.9521484375
100000000000000000000003,1,921625000,0,-47.5,2.70594210983027,0,0,0.160031997680664,1.63,0,-5399.9521484375
100000000000000000000001,1,921625000,0,-50.5,3.3011266555299,0,0,0.160031997680664,1.63,0,-5399.9521484375
100000000000000000000004,1,921625000,0,-51.5,2.02485464000905,0,0,0.160031997680664,1.63,0,-5399.9521484375
100000000000000000000003,1,921625000,0,-47.5,2.71821395613336,0,0,0.160031997680664,1.63,0,-5399.9521484375
100000000000000000000001,1,921625000,0,-50.5,3.28271888607527,0,0,0.160031997680664,1.63,0,-5399.9521484375
100000000000000000000004,1,921625000,0,-51.5,2.00644687055442,0,0,0.160031997680664,1.63,0,-5399.9521484375
100000000000000000000000,1,921625000,0,-46.5,3.01887419055894,0,0,0.160031997680664,1.63,0,-5399.9521484375
100000000000000000000002,1,921625000,0,-46.5,3.49747619637926,0,0,0.160031997680664,1.63,0,-5399.9521484375
100000000000000000000002,1,921625000,0,-46.5,3.47906842692463,0,0,0.160031997680664,1.63,0,-5399.9521484375
100000000000000000000003,1,921625000,0,-47,2.73048580243644,0,0,0.160031997680664,1.63,0,-5399.9521484375
100000000000000000000004,1,921625000,0,-51.5,2.00031094740288,0,0,0.160031997680664,1.63,0,-5399.9521484375
100000000000000000000001,1,921625000,0,-50.5,3.2581751934691,0,0,0.160031997680664,1.63,0,-5399.9521484375
100000000000000000000000,1,921625000,0,-46.5,2.98205865164969,0,0,0.160031997680664,1.63,0,-5399.9521484375
100000000000000000000004,1,921625000,0,-51.5,2.00644687055442,0,0,0.160031997680664,1.63,0,-5399.9521484375
100000000000000000000001,1,921625000,0,-50.5,3.27044703977219,0,0,0.160031997680664,1.63,0,-5399.9521484375
100000000000000000000002,1,921625000,0,-46.5,3.50974804268235,0,0,0.160031997680664,1.63,0,-5399.9521484375
100000000000000000000000,1,921625000,0,-46.5,3.00046642110431,0,0,0.160031997680664,1.63,0,-5399.9521484375
100000000000000000000003,1,921625000,0,-47,2.70594210983027,0,0,0.160031997680664,1.63,0,-5399.9521484375
100000000000000000000003,1,921625000,0,-47,2.71821395613336,0,0,0.160031997680664,1.63,0,-5399.9521484375
100000000000000000000001,1,921625000,0,-50.5,3.27658296292373,0,0,0.160031997680664,1.63,0,-5399.9521484375
100000000000000000000002,1,921625000,0,-46.5,3.5036121195308,0,0,0.160031997680664,1.63,0,-5399.9521484375
100000000000000000000000,1,921625000,0,-46.5,2.98819457480123,0,0,0.160031997680664,1.63,0,-5399.9521484375
100000000000000000000004,1,921625000,0,-51.5,2.01258279370596,0,0,0.160031997680664,1.63,0,-5399.9521484375
100000000000000000000001,1,921625000,0,-50,3.28885480922681,0,0,0.160031997680664,1.63,0,-5399.9521484375
100000000000000000000003,1,921625000,0,-47,2.73662172558798,0,0,0.160031997680664,1.63,0,-5399.9521484375
100000000000000000000000,1,921625000,0,-46.5,2.97592272849814,0,0,0.160031997680664,1.63,0,-5399.9521484375
100000000000000000000002,1,921625000,0,-46.5,3.48520435007618,0,0,0.160031997680664,1.63,0,-5399.9521484375
100000000000000000000004,1,921625000,0,-52,2.00644687055442,0,0,0.160031997680664,1.63,0,-5399.9521484375
100000000000000000000002,1,921625000,0,-46.5,3.49134027322772,0,0,0.160031997680664,1.63,0,-5399.9521484375
100000000000000000000003,1,921625000,0,-47.5,2.74889357189107,0,0,0.160031997680664,1.63,0,-5399.9521484375
100000000000000000000004,1,921625000,0,-51.5,2.00031094740288,0,0,0.160031997680664,1.63,0,-5399.9521484375
100000000000000000000001,1,921625000,0,-50.5,3.3011266555299,0,0,0.160031997680664,1.63,0,-5399.9521484375
100000000000000000000000,1,921625000,0,-46.5,2.99433049795277,0,0,0.160031997680664,1.63,0,-5399.9521484375
100000000000000000000001,1,921625000,0,-50.5,3.30726257868144,0,0,0.160031997680664,1.63,0,-5399.9521484375
100000000000000000000002,1,921625000,0,-46.5,3.49134027322772,0,0,0.160031997680664,1.63,0,-5399.9521484375
100000000000000000000000,1,921625000,0,-46.5,3.00660234425586,0,0,0.160031997680664,1.63,0,-5399.9521484375
100000000000000000000003,1,921625000,0,-47.5,2.7243498792849,0,0,0.160031997680664,1.63,0,-5399.9521484375
100000000000000000000004,1,921625000,0,-51.5,2.0187187168575,0,0,0.160031997680664,1.63,0,-5399.9521484375
100000000000000000000002,1,921625000,0,-46.5,3.52815581213697,0,0,0.160031997680664,1.63,0,-5399.9521484375
100000000000000000000000,1,921625000,0,-46.5,2.98205865164969,0,0,0.160031997680664,1.63,0,-5399.9521484375
100000000000000000000003,1,921625000,0,-47,2.71821395613336,0,0,0.160031997680664,1.63,0,-5399.9521484375
100000000000000000000004,1,921625000,0,-51.5,2.01258279370596,0,0,0.160031997680664,1.63,0,-5399.9521484375
100000000000000000000001,1,921625000,0,-50.5,3.28885480922681,0,0,0.160031997680664,1.63,0,-5399.9521484375
100000000000000000000001,1,921625000,0,-50.5,3.27658296292373,0,0,0.160031997680664,1.63,0,-5399.9521484375
100000000000000000000003,1,921625000,0,-47,2.74275764873953,0,0,0.160031997680664,1.63,0,-5399.9521484375
100000000000000000000000,1,921625000,0,-46.5,2.99433049795277,0,0,0.160031997680664,1.63,0,-5399.9521484375
100000000000000000000002,1,921625000,0,-46.5,3.48520435007618,0,0,0.160031997680664,1.63,0,-5399.9521484375
100000000000000000000004,1,921625000,0,-51.5,1.99417502425133,0,0,0.160031997680664,1.63,0,-5399.9521484375
100000000000000000000004,1,921625000,0,-51.5,2.01258279370596,0,0,0.160031997680664,1.63,0,-5399.9521484375
100000000000000000000000,1,921625000,0,-46.5,2.99433049795277,0,0,0.160031997680664,1.63,0,-5399.9521484375
100000000000000000000001,1,921625000,0,-50.5,3.3011266555299,0,0,0.160031997680664,1.63,0,-5399.9521484375
100000000000000000000003,1,921625000,0,-47,2.71821395613336,0,0,0.160031997680664,1.63,0,-5399.9521484375
100000000000000000000002,1,921625000,0,-46.5,3.52201988898543,0,0,0.160031997680664,1.63,0,-5399.9521484375
100000000000000000000004,1,921625000,0,-52,1.98803910109979,0,0,0.160031997680664,1.63,0,-5399.9521484375
100000000000000000000001,1,921625000,0,-50.5,3.28271888607527,0,0,0.160031997680664,1.63,0,-5399.9521484375
100000000000000000000002,1,921625000,0,-46.5,3.49747619637926,0,0,0.160031997680664,1.63,0,-5399.9521484375
100000000000000000000003,1,921625000,0,-47,2.70594210983027,0,0,0.160031997680664,1.63,0,-5399.9521484375
100000000000000000000000,1,921625000,0,-46.5,3.00046642110431,0,0,0.160031997680664,1.63,0,-5399.9521484375
100000000000000000000001,1,921625000,0,-50.5,3.28271888607527,0,0,0.160031997680664,1.63,0,-5399.9521484375
100000000000000000000004,1,921625000,0,-51.5,2.0187187168575,0,0,0.160031997680664,1.63,0,-5399.9521484375
100000000000000000000000,1,921625000,0,-46.5,3.00660234425586,0,0,0.160031997680664,1.63,0,-5399.9521484375
100000000000000000000003,1,921625000,0,-47.5,2.73048580243644,0,0,0.160031997680664,1.63,0,-5399.9521484375
100000000000000000000002,1,921625000,0,-46.5,3.48520435007618,0,0,0.160031997680664,1.63,0,-5399.9521484375
100000000000000000000004,1,921625000,0,-51,2.01258279370596,0,0,0.160031997680664,1.63,0,-5399.9521484375
100000000000000000000003,1,921625000,0,-47.5,2.73048580243644,0,0,0.160031997680664,1.63,0,-5399.9521484375
100000000000000000000002,1,921625000,0,-46.5,3.49747619637926,0,0,0.160031997680664,1.63,0,-5399.9521484375
100000000000000000000000,1,921625000,0,-47,2.98819457480123,0,0,0.160031997680664,1.63,0,-5399.9521484375
100000000000000000000001,1,921625000,0,-50.5,3.27044703977219,0,0,0.160031997680664,1.63,0,-5399.9521484375
100000000000000000000002,1,921625000,0,-46.5,3.50974804268235,0,0,0.160031997680664,1.63,0,-5399.9521484375
100000000000000000000001,1,921625000,0,-50,3.31953442498453,0,0,0.160031997680664,1.63,0,-5399.9521484375
100000000000000000000000,1,921625000,0,-46.5,2.99433049795277,0,0,0.160031997680664,1.63,0,-5399.9521484375
100000000000000000000004,1,921625000,0,-51.5,2.01258279370596,0,0,0.160031997680664,1.63,0,-5399.9521484375
100000000000000000000003,1,921625000,0,-47.5,2.73048580243644,0,0,0.160031997680664,1.63,0,-5399.9521484375
100000000000000000000003,1,921625000,0,-47,2.73662172558798,0,0,0.160031997680664,1.63,0,-5399.9521484375
100000000000000000000001,1,921625000,0,-50.5,3.31953442498453,0,0,0.160031997680664,1.63,0,-5399.9521484375
100000000000000000000004,1,921625000,0,-51.5,2.0187187168575,0,0,0.160031997680664,1.63,0,-5399.9521484375
100000000000000000000000,1,921625000,0,-46.5,2.98205865164969,0,0,0.160031997680664,1.63,0,-5399.9521484375
100000000000000000000002,1,921625000,0,-46.5,3.48520435007618,0,0,0.160031997680664,1.63,0,-5399.9521484375
100000000000000000000004,1,921625000,0,-51.5,1.98190317794825,0,0,0.160031997680664,1.63,0,-5399.9521484375
100000000000000000000001,1,921625000,0,-50.5,3.28271888607527,0,0,0.160031997680664,1.63,0,-5399.9521484375
100000000000000000000002,1,921625000,0,-46.5,3.48520435007618,0,0,0.160031997680664,1.63,0,-5399.9521484375
100000000000000000000003,1,921625000,0,-47.5,2.7243498792849,0,0,0.160031997680664,1.63,0,-5399.9521484375
100000000000000000000000,1,921625000,0,-46.5,2.99433049795277,0,0,0.160031997680664,1.63,0,-5399.9521484375
100000000000000000000002,1,921625000,0,-46.5,3.50974804268235,0,0,0.160031997680664,1.63,0,-5399.9521484375
100000000000000000000004,1,921625000,0,-51.5,2.01258279370596,0,0,0.160031997680664,1.63,0,-5399.9521484375
100000000000000000000001,1,921625000,0,-50.5,3.27044703977219,0,0,0.160031997680664,1.63,0,-5399.9521484375
100000000000000000000003,1,921625000,0,-47,2.7243498792849,0,0,0.160031997680664,1.63,0,-5399.9521484375
100000000000000000000000,1,921625000,0,-46.5,2.98819457480123,0,0,0.160031997680664,1.63,0,-5399.9521484375
100000000000000000000003,1,921625000,0,-47,2.73048580243644,0,0,0.160031997680664,1.63,0,-5399.9521484375
100000000000000000000000,1,921625000,0,-46.5,3.0127382674074,0,0,0.160031997680664,1.63,0,-5399.9521484375
100000000000000000000002,1,921625000,0,-46.5,3.48520435007618,0,0,0.160031997680664,1.63,0,-5399.9521484375
100000000000000000000001,1,921625000,0,-50.5,3.26431111662064,0,0,0.160031997680664,1.63,0,-5399.9521484375
100000000000000000000004,1,921625000,0,-51.5,2.04326240946367,0,0,0.160031997680664,1.63,0,-5399.9521484375
100000000000000000000002,1,921625000,0,-46.5,3.49134027322772,0,0,0.160031997680664,1.63,0,-5399.9521484375
100000000000000000000001,1,921625000,0,-50.5,3.2581751934691,0,0,0.160031997680664,1.63,0,-5399.9521484375
100000000000000000000000,1,921625000,0,-46.5,3.00660234425586,0,0,0.160031997680664,1.63,0,-5399.9521484375
100000000000000000000003,1,921625000,0,-47.5,2.73048580243644,0,0,0.160031997680664,1.63,0,-5399.9521484375
100000000000000000000004,1,921625000,0,-51.5,2.03712648631213,0,0,0.160031997680664,1.63,0,-5399.9521484375
100000000000000000000001,1,921625000,0,-50,3.3011266555299,0,0,0.160031997680664,1.63,0,-5399.9521484375
100000000000000000000002,1,921625000,0,-46.5,3.49747619637926,0,0,0.160031997680664,1.63,0,-5399.9521484375
100000000000000000000000,1,921625000,0,-46.5,2.99433049795277,0,0,0.160031997680664,1.63,0,-5399.9521484375
100000000000000000000003,1,921625000,0,-47,2.70594210983027,0,0,0.160031997680664,1.63,0,-5399.9521484375
100000000000000000000004,1,921625000,0,-51.5,2.0187187168575,0,0,0.160031997680664,1.63,0,-5399.9521484375
100000000000000000000000,1,921625000,0,-46.5,3.00660234425586,0,0,0.160031997680664,1.63,0,-5399.9521484375
100000000000000000000003,1,921625000,0,-47.5,2.7243498792849,0,0,0.160031997680664,1.63,0,-5399.9521484375
100000000000000000000002,1,921625000,0,-46.5,3.5036121195308,0,0,0.160031997680664,1.63,0,-5399.9521484375
100000000000000000000001,1,921625000,0,-50.5,3.27658296292373,0,0,0.160031997680664,1.63,0,-5399.9521484375
100000000000000000000004,1,921625000,0,-51.5,2.01258279370596,0,0,0.160031997680664,1.63,0,-5399.9521484375
100000000000000000000002,1,921625000,0,-46.5,3.49134027322772,0,0,0.160031997680664,1.63,0,-5399.9521484375
100000000000000000000001,1,921625000,0,-50.5,3.27044703977219,0,0,0.160031997680664,1.63,0,-5399.9521484375
100000000000000000000000,1,921625000,0,-46.5,2.98205865164969,0,0,0.160031997680664,1.63,0,-5399.9521484375
100000000000000000000004,1,921625000,0,-51.5,2.01258279370596,0,0,0.160031997680664,1.63,0,-5399.9521484375
100000000000000000000003,1,921625000,0,-47,2.71207803298181,0,0,0.160031997680664,1.63,0,-5399.9521484375
100000000000000000000002,1,921625000,0,-46.5,3.47293250377309,0,0,0.160031997680664,1.63,0,-5399.9521484375
100000000000000000000003,1,921625000,0,-47.5,2.71207803298181,0,0,0.160031997680664,1.63,0,-5399.9521484375
100000000000000000000000,1,921625000,0,-46.5,2.99433049795277,0,0,0.160031997680664,1.63,0,-5399.9521484375
100000000000000000000004,1,921625000,0,-51.5,2.07394202522139,0,0,0.160031997680664,1.63,0,-5399.9521484375
100000000000000000000001,1,921625000,0,-50.5,3.28885480922681,0,0,0.160031997680664,1.63,0,-5399.9521484375
100000000000000000000002,1,921625000,0,-46.5,3.47906842692463,0,0,0.160031997680664,1.63,0,-5399.9521484375
100000000000000000000000,1,921625000,0,-46.5,2.96365088219506,0,0,0.160031997680664,1.63,0,-5399.9521484375
100000000000000000000001,1,921625000,0,-50.5,3.29499073237836,0,0,0.160031997680664,1.63,0,-5399.9521484375
100000000000000000000003,1,921625000,0,-47,2.73662172558798,0,0,0.160031997680664,1.63,0,-5399.9521484375
100000000000000000000004,1,921625000,0,-51.5,2.03099056316059,0,0,0.160031997680664,1.63,0,-5399.9521484375
100000000000000000000002,1,921625000,0,-46.5,3.49134027322772,0,0,0.160031997680664,1.63,0,-5399.9521484375
100000000000000000000004,1,921625000,0,-51.5,2.0187187168575,0,0,0.160031997680664,1.63,0,-5399.9521484375
100000000000000000000000,1,921625000,0,-47,2.99433049795277,0,0,0.160031997680664,1.63,0,-5399.9521484375
100000000000000000000001,1,921625000,0,-50,3.28885480922681,0,0,0.160031997680664,1.63,0,-5399.9521484375
100000000000000000000003,1,921625000,0,-47,2.7243498792849,0,0,0.160031997680664,1.63,0,-5399.9521484375
100000000000000000000003,1,921625000,0,-47.5,2.7243498792849,0,0,0.160031997680664,1.63,0,-5399.9521484375
100000000000000000000001,1,921625000,0,-50.5,3.28885480922681,0,0,0.160031997680664,1.63,0,-5399.9521484375
100000000000000000000002,1,921625000,0,-46.5,3.47293250377309,0,0,0.160031997680664,1.63,0,-5399.9521484375
100000000000000000000000,1,921625000,0,-46.5,2.98819457480123,0,0,0.160031997680664,1.63,0,-5399.9521484375
100000000000000000000004,1,921625000,0,-51.5,2.04326240946367,0,0,0.160031997680664,1.63,0,-5399.9521484375
100000000000000000000002,1,921625000,0,-46.5,3.49747619637926,0,0,0.160031997680664,1.63,0,-5399.9521484375
100000000000000000000001,1,921625000,0,-50.5,3.30726257868144,0,0,0.160031997680664,1.63,0,-5399.9521484375
100000000000000000000000,1,921625000,0,-46.5,2.99433049795277,0,0,0.160031997680664,1.63,0,-5399.9521484375
100000000000000000000004,1,921625000,0,-51.5,1.96963133164516,0,0,0.160031997680664,1.63,0,-5399.9521484375
100000000000000000000003,1,921625000,0,-47,2.71821395613336,0,0,0.160031997680664,1.63,0,-5399.9521484375
100000000000000000000003,1,921625000,0,-47,2.73048580243644,0,0,0.160031997680664,1.63,0,-5399.9521484375
100000000000000000000004,1,921625000,0,-51.5,2.02485464000905,0,0,0.160031997680664,1.63,0,-5399.9521484375
100000000000000000000002,1,921625000,0,-46.5,3.49747619637926,0,0,0.160031997680664,1.63,0,-5399.9521484375
100000000000000000000000,1,921625000,0,-46.5,2.99433049795277,0,0,0.160031997680664,1.63,0,-5399.9521484375
100000000000000000000001,1,921625000,0,-50.5,3.28271888607527,0,0,0.160031997680664,1.63,0,-5399.9521484375
100000000000000000000000,1,921625000,0,-46.5,3.00046642110431,0,0,0.160031997680664,1.63,0,-5399.9521484375
100000000000000000000003,1,921625000,0,-47,2.74889357189107,0,0,0.160031997680664,1.63,0,-5399.9521484375
100000000000000000000002,1,921625000,0,-46.5,3.51588396583389,0,0,0.160031997680664,1.63,0,-5399.9521484375
100000000000000000000004,1,921625000,0,-51.5,2.02485464000905,0,0,0.160031997680664,1.63,0,-5399.9521484375
100000000000000000000001,1,921625000,0,-50.5,3.28885480922681,0,0,0.160031997680664,1.63,0,-5399.9521484375
100000000000000000000004,1,921625000,0,-51.5,2.0187187168575,0,0,0.160031997680664,1.63,0,-5399.9521484375
100000000000000000000000,1,921625000,0,-47,2.95751495904352,0,0,0.160031997680664,1.63,0,-5399.9521484375
100000000000000000000003,1,921625000,0,-47.5,2.71821395613336,0,0,0.160031997680664,1.63,0,-5399.9521484375
100000000000000000000001,1,921625000,0,-50.5,3.3011266555299,0,0,0.160031997680664,1.63,0,-5399.9521484375
100000000000000000000002,1,921625000,0,-46.5,3.52201988898543,0,0,0.160031997680664,1.63,0,-5399.9521484375
100000000000000000000002,1,921625000,0,-46.5,3.47906842692463,0,0,0.160031997680664,1.63,0,-5399.9521484375
100000000000000000000003,1,921625000,0,-47.5,2.7243498792849,0,0,0.160031997680664,1.63,0,-5399.9521484375
100000000000000000000004,1,921625000,0,-51.5,2.00644687055442,0,0,0.160031997680664,1.63,0,-5399.9521484375
100000000000000000000000,1,921625000,0,-46.5,2.98205865164969,0,0,0.160031997680664,1.63,0,-5399.9521484375
100000000000000000000001,1,921625000,0,-50.5,3.2581751934691,0,0,0.160031997680664,1.63,0,-5399.9521484375
100000000000000000000003,1,921625000,0,-47.5,2.70594210983027,0,0,0.160031997680664,1.63,0,-5399.9521484375
100000000000000000000001,1,921625000,0,-50.5,3.26431111662064,0,0,0.160031997680664,1.63,0,-5399.9521484375
100000000000000000000004,1,921625000,0,-51.5,2.00644687055442,0,0,0.160031997680664,1.63,0,-5399.9521484375
100000000000000000000000,1,921625000,0,-47,2.97592272849814,0,0,0.160031997680664,1.63,0,-5399.9521484375
100000000000000000000002,1,921625000,0,-46.5,3.52201988898543,0,0,0.160031997680664,1.63,0,-5399.9521484375
100000000000000000000004,1,921625000,0,-51.5,2.0187187168575,0,0,0.160031997680664,1.63,0,-5399.9521484375
100000000000000000000001,1,921625000,0,-50.5,3.31339850183298,0,0,0.160031997680664,1.63,0,-5399.9521484375
100000000000000000000002,1,921625000,0,-46.5,3.49747619637926,0,0,0.160031997680664,1.63,0,-5399.9521484375
100000000000000000000000,1,921625000,0,-46.5,2.98205865164969,0,0,0.160031997680664,1.63,0,-5399.9521484375
100000000000000000000003,1,921625000,0,-47,2.71207803298181,0,0,0.160031997680664,1.63,0,-5399.9521484375
100000000000000000000001,1,921625000,0,-50.5,3.27658296292373,0,0,0.160031997680664,1.63,0,-5399.9521484375
100000000000000000000002,1,921625000,0,-46.5,3.48520435007618,0,0,0.160031997680664,1.63,0,-5399.9521484375
100000000000000000000004,1,921625000,0,-51.5,2.03099056316059,0,0,0.160031997680664,1.63,0,-5399.9521484375
100000000000000000000003,1,921625000,0,-47,2.71821395613336,0,0,0.160031997680664,1.63,0,-5399.9521484375
100000000000000000000000,1,921625000,0,-46.5,3.00046642110431,0,0,0.160031997680664,1.63,0,-5399.9521484375
100000000000000000000000,1,921625000,0,-46.5,2.98205865164969,0,0,0.160031997680664,1.63,0,-5399.9521484375
100000000000000000000003,1,921625000,0,-47,2.73048580243644,0,0,0.160031997680664,1.63,0,-5399.9521484375
100000000000000000000002,1,921625000,0,-46.5,3.48520435007618,0,0,0.160031997680664,1.63,0,-5399.9521484375
100000000000000000000001,1,921625000,0,-50.5,3.29499073237836,0,0,0.160031997680664,1.63,0,-5399.9521484375
100000000000000000000004,1,921625000,0,-51.5,2.03099056316059,0,0,0.160031997680664,1.63,0,-5399.9521484375
100000000000000000000002,1,921625000,0,-46.5,3.5036121195308,0,0,0.160031997680664,1.63,0,-5399.9521484375
100000000000000000000004,1,921625000,0,-51.5,2.04326240946367,0,0,0.160031997680664,1.63,0,-5399.9521484375
100000000000000000000001,1,921625000,0,-50.5,3.27658296292373,0,0,0.160031997680664,1.63,0,-5399.9521484375
100000000000000000000003,1,921625000,0,-47.5,2.71207803298181,0,0,0.160031997680664,1.63,0,-5399.9521484375
100000000000000000000000,1,921625000,0,-46.5,3.00046642110431,0,0,0.160031997680664,1.63,0,-5399.9521484375
100000000000000000000003,1,921625000,0,-47,2.71821395613336,0,0,0.160031997680664,1.63,0,-5399.9521484375
100000000000000000000001,1,921625000,0,-50.5,3.31339850183298,0,0,0.160031997680664,1.63,0,-5399.9521484375
100000000000000000000004,1,921625000,0,-51.5,2.0187187168575,0,0,0.160031997680664,1.63,0,-5399.9521484375
100000000000000000000002,1,921625000,0,-46.5,3.51588396583389,0,0,0.160031997680664,1.63,0,-5399.9521484375
100000000000000000000000,1,921625000,0,-46.5,2.99433049795277,0,0,0.160031997680664,1.63,0,-5399.9521484375
100000000000000000000002,1,921625000,0,-46.5,3.51588396583389,0,0,0.160031997680664,1.63,0,-5399.9521484375
100000000000000000000004,1,921625000,0,-51.5,2.01258279370596,0,0,0.160031997680664,1.63,0,-5399.9521484375
100000000000000000000003,1,921625000,0,-47,2.71821395613336,0,0,0.160031997680664,1.63,0,-5399.9521484375
100000000000000000000001,1,921625000,0,-50.5,3.27658296292373,0,0,0.160031997680664,1.63,0,-5399.9521484375
100000000000000000000000,1,921625000,0,-46.5,2.98205865164969,0,0,0.160031997680664,1.63,0,-5399.9521484375
100000000000000000000004,1,921625000,0,-51.5,1.96963133164516,0,0,0.160031997680664,1.63,0,-5399.9521484375
100000000000000000000003,1,921625000,0,-47,2.73048580243644,0,0,0.160031997680664,1.63,0,-5399.9521484375
100000000000000000000000,1,921625000,0,-46.5,3.00046642110431,0,0,0.160031997680664,1.63,0,-5399.9521484375
100000000000000000000002,1,921625000,0,-46.5,3.46066065747001,0,0,0.160031997680664,1.63,0,-5399.9521484375
100000000000000000000001,1,921625000,0,-50.5,3.27658296292373,0,0,0.160031997680664,1.63,0,-5399.9521484375
100000000000000000000002,1,921625000,0,-46.5,3.52201988898543,0,0,0.160031997680664,1.63,0,-5399.9521484375
100000000000000000000003,1,921625000,0,-47,2.71207803298181,0,0,0.160031997680664,1.63,0,-5399.9521484375
100000000000000000000001,1,921625000,0,-50.5,3.28885480922681,0,0,0.160031997680664,1.63,0,-5399.9521484375
100000000000000000000004,1,921625000,0,-51.5,2.01258279370596,0,0,0.160031997680664,1.63,0,-5399.9521484375
100000000000000000000000,1,921625000,0,-46.5,2.99433049795277,0,0,0.160031997680664,1.63,0,-5399.9521484375
100000000000000000000004,1,921625000,0,-51.5,2.00031094740288,0,0,0.160031997680664,1.63,0,-5399.9521484375
100000000000000000000000,1,921625000,0,-46.5,3.00046642110431,0,0,0.160031997680664,1.63,0,-5399.9521484375
100000000000000000000001,1,921625000,0,-50.5,3.31339850183298,0,0,0.160031997680664,1.63,0,-5399.9521484375
100000000000000000000002,1,921625000,0,-46.5,3.50974804268235,0,0,0.160031997680664,1.63,0,-5399.9521484375
100000000000000000000003,1,921625000,0,-47,2.74889357189107,0,0,0.160031997680664,1.63,0,-5399.9521484375
100000000000000000000004,1,921625000,0,-51.5,2.02485464000905,0,0,0.160031997680664,1.63,0,-5399.9521484375
100000000000000000000002,1,921625000,0,-46.5,3.5036121195308,0,0,0.160031997680664,1.63,0,-5399.9521484375
100000000000000000000003,1,921625000,0,-47,2.7243498792849,0,0,0.160031997680664,1.63,0,-5399.9521484375
100000000000000000000000,1,921625000,0,-46.5,2.99433049795277,0,0,0.160031997680664,1.63,0,-5399.9521484375
100000000000000000000001,1,921625000,0,-50.5,3.26431111662064,0,0,0.160031997680664,1.63,0,-5399.9521484375
100000000000000000000004,1,921625000,0,-52,2.02485464000905,0,0,0.160031997680664,1.63,0,-5399.9521484375
100000000000000000000001,1,921625000,0,-50.5,3.29499073237836,0,0,0.160031997680664,1.63,0,-5399.9521484375
100000000000000000000002,1,921625000,0,-46.5,3.50974804268235,0,0,0.160031997680664,1.63,0,-5399.9521484375
100000000000000000000000,1,921625000,0,-46.5,2.9697868053466,0,0,0.160031997680664,1.63,0,-5399.9521484375
100000000000000000000003,1,921625000,0,-47,2.74275764873953,0,0,0.160031997680664,1.63,0,-5399.9521484375
100000000000000000000002,1,921625000,0,-46.5,3.5036121195308,0,0,0.160031997680664,1.63,0,-5399.9521484375
100000000000000000000003,1,921625000,0,-47,2.73048580243644,0,0,0.160031997680664,1.63,0,-5399.9521484375
100000000000000000000001,1,921625000,0,-50.5,3.27044703977219,0,0,0.160031997680664,1.63,0,-5399.9521484375
100000000000000000000004,1,921625000,0,-51.5,2.01258279370596,0,0,0.160031997680664,1.63,0,-5399.9521484375
100000000000000000000000,1,921625000,0,-46.5,2.97592272849814,0,0,0.160031997680664,1.63,0,-5399.9521484375
100000000000000000000004,1,921625000,0,-51.5,2.04326240946367,0,0,0.160031997680664,1.63,0,-5399.9521484375
100000000000000000000002,1,921625000,0,-46.5,3.5036121195308,0,0,0.160031997680664,1.63,0,-5399.9521484375
100000000000000000000000,1,921625000,0,-46.5,2.99433049795277,0,0,0.160031997680664,1.63,0,-5399.9521484375
100000000000000000000001,1,921625000,0,-50.5,3.29499073237836,0,0,0.160031997680664,1.63,0,-5399.9521484375
100000000000000000000003,1,921625000,0,-47,2.71821395613336,0,0,0.160031997680664,1.63,0,-5399.9521484375
100000000000000000000004,1,921625000,0,-51.5,2.02485464000905,0,0,0.160031997680664,1.63,0,-5399.9521484375
100000000000000000000003,1,921625000,0,-47,2.73048580243644,0,0,0.160031997680664,1.63,0,-5399.9521484375
100000000000000000000002,1,921625000,0,-46.5,3.49747619637926,0,0,0.160031997680664,1.63,0,-5399.9521484375
100000000000000000000001,1,921625000,0,-50.5,3.30726257868144,0,0,0.160031997680664,1.63,0,-5399.9521484375
100000000000000000000000,1,921625000,0,-46.5,2.98819457480123,0,0,0.160031997680664,1.63,0,-5399.9521484375
100000000000000000000004,1,921625000,0,-51.5,2.01258279370596,0,0,0.160031997680664,1.63,0,-5399.9521484375
100000000000000000000000,1,921625000,0,-46.5,2.99433049795277,0,0,0.160031997680664,1.63,0,-5399.9521484375
100000000000000000000001,1,921625000,0,-50.5,3.28271888607527,0,0,0.160031997680664,1.63,0,-5399.9521484375
100000000000000000000003,1,921625000,0,-47,2.71207803298181,0,0,0.160031997680664,1.63,0,-5399.9521484375
100000000000000000000002,1,921625000,0,-46.5,3.47293250377309,0,0,0.160031997680664,1.63,0,-5399.9521484375
100000000000000000000001,1,921625000,0,-50.5,3.24590334716602,0,0,0.160031997680664,1.63,0,-5399.9521484375
100000000000000000000003,1,921625000,0,-47.5,2.71207803298181,0,0,0.160031997680664,1.63,0,-5399.9521484375
100000000000000000000000,1,921625000,0,-46.5,3.00046642110431,0,0,0.160031997680664,1.63,0,-5399.9521484375
100000000000000000000002,1,921625000,0,-46.5,3.52201988898543,0,0,0.160031997680664,1.63,0,-5399.9521484375
100000000000000000000004,1,921625000,0,-51.5,2.02485464000905,0,0,0.160031997680664,1.63,0,-5399.9521484375
100000000000000000000003,1,921625000,0,-47.5,2.7243498792849,0,0,0.160031997680664,1.63,0,-5399.9521484375
100000000000000000000001,1,921625000,0,-50.5,3.28885480922681,0,0,0.160031997680664,1.63,0,-5399.9521484375
100000000000000000000000,1,921625000,0,-46.5,2.98205865164969,0,0,0.160031997680664,1.63,0,-5399.9521484375
100000000000000000000002,1,921625000,0,-46.5,3.49134027322772,0,0,0.160031997680664,1.63,0,-5399.9521484375
100000000000000000000004,1,921625000,0,-51.5,2.01258279370596,0,0,0.160031997680664,1.63,0,-5399.9521484375
100000000000000000000003,1,921625000,0,-47.5,2.73048580243644,0,0,0.160031997680664,1.63,0,-5399.9521484375
100000000000000000000000,1,921625000,0,-46.5,2.98819457480123,0,0,0.160031997680664,1.63,0,-5399.9521484375
100000000000000000000002,1,921625000,0,-46.5,3.49134027322772,0,0,0.160031997680664,1.63,0,-5399.9521484375
100000000000000000000001,1,921625000,0,-50.5,3.26431111662064,0,0,0.160031997680664,1.63,0,-5399.9521484375
100000000000000000000004,1,921625000,0,-51.5,2.00031094740288,0,0,0.160031997680664,1.63,0,-5399.9521484375
100000000000000000000003,1,921625000,0,-47,2.71821395613336,0,0,0.160031997680664,1.63,0,-5399.9521484375
100000000000000000000004,1,921625000,0,-51.5,1.97576725479671,0,0,0.160031997680664,1.63,0,-5399.9521484375
100000000000000000000000,1,921625000,0,-46.5,2.97592272849814,0,0,0.160031997680664,1.63,0,-5399.9521484375
100000000000000000000002,1,921625000,0,-46.5,3.49747619637926,0,0,0.160031997680664,1.63,0,-5399.9521484375
100000000000000000000001,1,921625000,0,-50.5,3.27658296292373,0,0,0.160031997680664,1.63,0,-5399.9521484375
100000000000000000000002,1,921625000,0,-46.5,3.50974804268235,0,0,0.160031997680664,1.63,0,-5399.9521484375
100000000000000000000000,1,921625000,0,-47,2.98819457480123,0,0,0.160031997680664,1.63,0,-5399.9521484375
100000000000000000000004,1,921625000,0,-51.5,2.00031094740288,0,0,0.160031997680664,1.63,0,-5399.9521484375
100000000000000000000003,1,921625000,0,-47.5,2.71821395613336,0,0,0.160031997680664,1.63,0,-5399.9521484375
100000000000000000000001,1,921625000,0,-50.5,3.29499073237836,0,0,0.160031997680664,1.63,0,-5399.9521484375
100000000000000000000004,1,921625000,0,-51.5,1.98803910109979,0,0,0.160031997680664,1.63,0,-5399.9521484375
100000000000000000000002,1,921625000,0,-46.5,3.49747619637926,0,0,0.160031997680664,1.63,0,-5399.9521484375
100000000000000000000003,1,921625000,0,-47.5,2.73662172558798,0,0,0.160031997680664,1.63,0,-5399.9521484375
100000000000000000000001,1,921625000,0,-50.5,3.27044703977219,0,0,0.160031997680664,1.63,0,-5399.9521484375
100000000000000000000000,1,921625000,0,-46.5,2.98819457480123,0,0,0.160031997680664,1.63,0,-5399.9521484375
100000000000000000000000,1,921625000,0,-46.5,2.97592272849814,0,0,0.160031997680664,1.63,0,-5399.9521484375
100000000000000000000004,1,921625000,0,-51.5,2.02485464000905,0,0,0.160031997680664,1.63,0,-5399.9521484375
100000000000000000000001,1,921625000,0,-50.5,3.28885480922681,0,0,0.160031997680664,1.63,0,-5399.9521484375
100000000000000000000002,1,921625000,0,-46.5,3.47293250377309,0,0,0.160031997680664,1.63,0,-5399.9521484375
100000000000000000000003,1,921625000,0,-47,2.7243498792849,0,0,0.160031997680664,1.63,0,-5399.9521484375
100000000000000000000001,1,921625000,0,-50.5,3.30726257868144,0,0,0.160031997680664,1.63,0,-5399.9521484375
100000000000000000000003,1,921625000,0,-47,2.70594210983027,0,0,0.160031997680664,1.63,0,-5399.9521484375
100000000000000000000000,1,921625000,0,-47,2.99433049795277,0,0,0.160031997680664,1.63,0,-5399.9521484375
100000000000000000000002,1,921625000,0,-46.5,3.48520435007618,0,0,0.160031997680664,1.63,0,-5399.9521484375
100000000000000000000004,1,921625000,0,-51.5,1.98190317794825,0,0,0.160031997680664,1.63,0,-5399.9521484375
100000000000000000000001,1,921625000,0,-50.5,3.28271888607527,0,0,0.160031997680664,1.63,0,-5399.9521484375
100000000000000000000002,1,921625000,0,-46.5,3.49134027322772,0,0,0.160031997680664,1.63,0,-5399.9521484375
100000000000000000000003,1,921625000,0,-47.5,2.71207803298181,0,0,0.160031997680664,1.63,0,-5399.9521484375
100000000000000000000000,1,921625000,0,-46.5,2.9697868053466,0,0,0.160031997680664,1.63,0,-5399.9521484375
100000000000000000000004,1,921625000,0,-51.5,2.01258279370596,0,0,0.160031997680664,1.63,0,-5399.9521484375
100000000000000000000001,1,921625000,0,-50.5,3.31339850183298,0,0,0.160031997680664,1.63,0,-5399.9521484375
100000000000000000000000,1,921625000,0,-46.5,3.00660234425586,0,0,0.160031997680664,1.63,0,-5399.9521484375
100000000000000000000002,1,921625000,0,-46.5,3.52815581213697,0,0,0.160031997680664,1.63,0,-5399.9521484375
100000000000000000000003,1,921625000,0,-47.5,2.71207803298181,0,0,0.160031997680664,1.63,0,-5399.9521484375
100000000000000000000004,1,921625000,0,-51.5,2.00644687055442,0,0,0.160031997680664,1.63,0,-5399.9521484375
100000000000000000000004,1,921625000,0,-51.5,1.99417502425133,0,0,0.160031997680664,1.63,0,-5399.9521484375
100000000000000000000003,1,921625000,0,-47,2.74275764873953,0,0,0.160031997680664,1.63,0,-5399.9521484375
100000000000000000000002,1,921625000,0,-46.5,3.49747619637926,0,0,0.160031997680664,1.63,0,-5399.9521484375
100000000000000000000000,1,921625000,0,-46.5,3.00046642110431,0,0,0.160031997680664,1.63,0,-5399.9521484375
100000000000000000000001,1,921625000,0,-50.5,3.3011266555299,0,0,0.160031997680664,1.63,0,-5399.9521484375
100000000000000000000004,1,921625000,0,-51.5,2.02485464000905,0,0,0.160031997680664,1.63,0,-5399.9521484375
100000000000000000000002,1,921625000,0,-46.5,3.47906842692463,0,0,0.160031997680664,1.63,0,-5399.9521484375
100000000000000000000001,1,921625000,0,-50.5,3.30726257868144,0,0,0.160031997680664,1.63,0,-5399.9521484375
100000000000000000000003,1,921625000,0,-47.5,2.71207803298181,0,0,0.160031997680664,1.63,0,-5399.9521484375
100000000000000000000000,1,921625000,0,-46.5,2.99433049795277,0,0,0.160031997680664,1.63,0,-5399.9521484375
100000000000000000000002,1,921625000,0,-46.5,3.49747619637926,0,0,0.160031997680664,1.63,0,-5399.9521484375
100000000000000000000003,1,921625000,0,-47,2.71821395613336,0,0,0.160031997680664,1.63,0,-5399.9521484375
100000000000000000000000,1,921625000,0,-46.5,2.97592272849814,0,0,0.160031997680664,1.63,0,-5399.9521484375
100000000000000000000004,1,921625000,0,-51.5,2.00031094740288,0,0,0.160031997680664,1.63,0,-5399.9521484375
100000000000000000000001,1,921625000,0,-50.5,3.26431111662064,0,0,0.160031997680664,1.63,0,-5399.9521484375
100000000000000000000001,1,921625000,0,-50.5,3.31339850183298,0,0,0.160031997680664,1.63,0,-5399.9521484375
100000000000000000000003,1,921625000,0,-47.5,2.7243498792849,0,0,0.160031997680664,1.63,0,-5399.9521484375
100000000000000000000000,1,921625000,0,-46.5,2.98819457480123,0,0,0.160031997680664,1.63,0,-5399.9521484375
100000000000000000000002,1,921625000,0,-46.5,3.51588396583389,0,0,0.160031997680664,1.63,0,-5399.9521484375
100000000000000000000004,1,921625000,0,-52,2.01258279370596,0,0,0.160031997680664,1.63,0,-5399.9521484375
100000000000000000000001,1,921625000,0,-50.5,3.27044703977219,0,0,0.160031997680664,1.63,0,-5399.9521484375
100000000000000000000002,1,921625000,0,-46.5,3.49747619637926,0,0,0.160031997680664,1.63,0,-5399.9521484375
100000000000000000000004,1,921625000,0,-51.5,1.96349540849362,0,0,0.160031997680664,1.63,0,-5399.9521484375
100000000000000000000003,1,921625000,0,-47,2.69980618667873,0,0,0.160031997680664,1.63,0,-5399.9521484375
100000000000000000000000,1,921625000,0,-46.5,2.99433049795277,0,0,0.160031997680664,1.63,0,-5399.9521484375
100000000000000000000002,1,921625000,0,-46.5,3.47293250377309,0,0,0.160031997680664,1.63,0,-5399.9521484375
100000000000000000000004,1,921625000,0,-51.5,2.00644687055442,0,0,0.160031997680664,1.63,0,-5399.9521484375
100000000000000000000001,1,921625000,0,-50.5,3.28271888607527,0,0,0.160031997680664,1.63,0,-5399.9521484375
100000000000000000000003,1,921625000,0,-47,2.7243498792849,0,0,0.160031997680664,1.63,0,-5399.9521484375
100000000000000000000000,1,921625000,0,-46.5,2.98205865164969,0,0,0.160031997680664,1.63,0,-5399.9521484375
100000000000000000000002,1,921625000,0,-46.5,3.5036121195308,0,0,0.160031997680664,1.63,0,-5399.9521484375
100000000000000000000000,1,921625000,0,-46.5,2.99433049795277,0,0,0.160031997680664,1.63,0,-5399.9521484375
100000000000000000000004,1,921625000,0,-51.5,2.00031094740288,0,0,0.160031997680664,1.63,0,-5399.9521484375
100000000000000000000003,1,921625000,0,-47.5,2.71207803298181,0,0,0.160031997680664,1.63,0,-5399.9521484375
100000000000000000000001,1,921625000,0,-50.5,3.29499073237836,0,0,0.160031997680664,1.63,0,-5399.9521484375
100000000000000000000004,1,921625000,0,-51.5,2.0187187168575,0,0,0.160031997680664,1.63,0,-5399.9521484375
100000000000000000000000,1,921625000,0,-46.5,3.00660234425586,0,0,0.160031997680664,1.63,0,-5399.9521484375
100000000000000000000003,1,921625000,0,-47,2.71821395613336,0,0,0.160031997680664,1.63,0,-5399.9521484375
100000000000000000000001,1,921625000,0,-50.5,3.26431111662064,0,0,0.160031997680664,1.63,0,-5399.9521484375
100000000000000000000002,1,921625000,0,-46.5,3.49134027322772,0,0,0.160031997680664,1.63,0,-5399.9521484375
100000000000000000000004,1,921625000,0,-51.5,2.0187187168575,0,0,0.160031997680664,1.63,0,-5399.9521484375
100000000000000000000000,1,921625000,0,-46.5,2.99433049795277,0,0,0.160031997680664,1.63,0,-5399.9521484375
100000000000000000000001,1,921625000,0,-50.5,3.28271888607527,0,0,0.160031997680664,1.63,0,-5399.9521484375
100000000000000000000002,1,921625000,0,-46.5,3.50974804268235,0,0,0.160031997680664,1.63,0,-5399.9521484375
100000000000000000000003,1,921625000,0,-47.5,2.71821395613336,0,0,0.160031997680664,1.63,0,-5399.9521484375
100000000000000000000003,1,921625000,0,-47.5,2.7243498792849,0,0,0.160031997680664,1.63,0,-5399.9521484375
100000000000000000000004,1,921625000,0,-51.5,2.02485464000905,0,0,0.160031997680664,1.63,0,-5399.9521484375
100000000000000000000000,1,921625000,0,-46.5,3.00660234425586,0,0,0.160031997680664,1.63,0,-5399.9521484375
100000000000000000000001,1,921625000,0,-50.5,3.30726257868144,0,0,0.160031997680664,1.63,0,-5399.9521484375
100000000000000000000002,1,921625000,0,-46.5,3.51588396583389,0,0,0.160031997680664,1.63,0,-5399.9521484375
100000000000000000000002,1,921625000,0,-46.5,3.49747619637926,0,0,0.160031997680664,1.63,0,-5399.9521484375
100000000000000000000000,1,921625000,0,-46.5,2.98819457480123,0,0,0.160031997680664,1.63,0,-5399.9521484375
100000000000000000000003,1,921625000,0,-47,2.74275764873953,0,0,0.160031997680664,1.63,0,-5399.9521484375
100000000000000000000001,1,921625000,0,-50.5,3.28271888607527,0,0,0.160031997680664,1.63,0,-5399.9521484375
100000000000000000000004,1,921625000,0,-51.5,2.02485464000905,0,0,0.160031997680664,1.63,0,-5399.9521484375
100000000000000000000002,1,921625000,0,-46.5,3.49747619637926,0,0,0.160031997680664,1.63,0,-5399.9521484375
100000000000000000000003,1,921625000,0,-47.5,2.74889357189107,0,0,0.160031997680664,1.63,0,-5399.9521484375
100000000000000000000000,1,921625000,0,-46.5,2.98819457480123,0,0,0.160031997680664,1.63,0,-5399.9521484375
100000000000000000000001,1,921625000,0,-50.5,3.27658296292373,0,0,0.160031997680664,1.63,0,-5399.9521484375
100000000000000000000004,1,921625000,0,-51.5,2.01258279370596,0,0,0.160031997680664,1.63,0,-5399.9521484375
100000000000000000000001,1,921625000,0,-50.5,3.27658296292373,0,0,0.160031997680664,1.63,0,-5399.9521484375
100000000000000000000002,1,921625000,0,-46.5,3.49747619637926,0,0,0.160031997680664,1.63,0,-5399.9521484375
100000000000000000000004,1,921625000,0,-51.5,2.01258279370596,0,0,0.160031997680664,1.63,0,-5399.9521484375
100000000000000000000003,1,921625000,0,-47,2.74275764873953,0,0,0.160031997680664,1.63,0,-5399.9521484375
100000000000000000000000,1,921625000,0,-46.5,2.97592272849814,0,0,0.160031997680664,1.63,0,-5399.9521484375
100000000000000000000001,1,921625000,0,-50.5,3.28271888607527,0,0,0.160031997680664,1.63,0,-5399.9521484375
100000000000000000000004,1,921625000,0,-51.5,1.97576725479671,0,0,0.160031997680664,1.63,0,-5399.9521484375
100000000000000000000003,1,921625000,0,-47.5,2.71207803298181,0,0,0.160031997680664,1.63,0,-5399.9521484375
100000000000000000000000,1,921625000,0,-46.5,3.0127382674074,0,0,0.160031997680664,1.63,0,-5399.9521484375
100000000000000000000002,1,921625000,0,-46.5,3.5036121195308,0,0,0.160031997680664,1.63,0,-5399.9521484375
100000000000000000000001,1,921625000,0,-50.5,3.3011266555299,0,0,0.160031997680664,1.63,0,-5399.9521484375
100000000000000000000002,1,921625000,0,-46.5,3.50974804268235,0,0,0.160031997680664,1.63,0,-5399.9521484375
100000000000000000000000,1,921625000,0,-46.5,3.00660234425586,0,0,0.160031997680664,1.63,0,-5399.9521484375
100000000000000000000004,1,921625000,0,-51.5,2.00031094740288,0,0,0.160031997680664,1.63,0,-5399.9521484375
100000000000000000000003,1,921625000,0,-47.5,2.73048580243644,0,0,0.160031997680664,1.63,0,-5399.9521484375
100000000000000000000003,1,921625000,0,-47.5,2.71207803298181,0,0,0.160031997680664,1.63,0,-5399.9521484375
100000000000000000000001,1,921625000,0,-50.5,3.3011266555299,0,0,0.160031997680664,1.63,0,-5399.9521484375
100000000000000000000004,1,921625000,0,-51.5,2.04939833261522,0,0,0.160031997680664,1.63,0,-5399.9521484375
100000000000000000000002,1,921625000,0,-46.5,3.50974804268235,0,0,0.160031997680664,1.63,0,-5399.9521484375
100000000000000000000000,1,921625000,0,-46.5,3.00660234425586,0,0,0.160031997680664,1.63,0,-5399.9521484375
100000000000000000000000,1,921625000,0,-46.5,2.98819457480123,0,0,0.160031997680664,1.63,0,-5399.9521484375
100000000000000000000003,1,921625000,0,-47.5,2.71207803298181,0,0,0.160031997680664,1.63,0,-5399.9521484375
100000000000000000000002,1,921625000,0,-46.5,3.46066065747001,0,0,0.160031997680664,1.63,0,-5399.9521484375
100000000000000000000001,1,921625000,0,-50.5,3.26431111662064,0,0,0.160031997680664,1.63,0,-5399.9521484375
100000000000000000000004,1,921625000,0,-52,2.02485464000905,0,0,0.160031997680664,1.63,0,-5399.9521484375
100000000000000000000004,1,921625000,0,-51.5,2.01258279370596,0,0,0.160031997680664,1.63,0,-5399.9521484375
100000000000000000000003,1,921625000,0,-47,2.73662172558798,0,0,0.160031997680664,1.63,0,-5399.9521484375
100000000000000000000001,1,921625000,0,-50.5,3.2581751934691,0,0,0.160031997680664,1.63,0,-5399.9521484375
100000000000000000000000,1,921625000,0,-46.5,2.99433049795277,0,0,0.160031997680664,1.63,0,-5399.9521484375
100000000000000000000002,1,921625000,0,-46.5,3.5036121195308,0,0,0.160031997680664,1.63,0,-5399.9521484375
100000000000000000000000,1,921625000,0,-46.5,3.0127382674074,0,0,0.160031997680664,1.63,0,-5399.9521484375
100000000000000000000001,1,921625000,0,-50.5,3.28885480922681,0,0,0.160031997680664,1.63,0,-5399.9521484375
100000000000000000000002,1,921625000,0,-46.5,3.48520435007618,0,0,0.160031997680664,1.63,0,-5399.9521484375
100000000000000000000003,1,921625000,0,-47.5,2.73048580243644,0,0,0.160031997680664,1.63,0,-5399.9521484375
100000000000000000000004,1,921625000,0,-52,1.99417502425133,0,0,0.160031997680664,1.63,0,-5399.9521484375
100000000000000000000003,1,921625000,0,-47,2.71821395613336,0,0,0.160031997680664,1.63,0,-5399.9521484375
100000000000000000000004,1,921625000,0,-51.5,2.03099056316059,0,0,0.160031997680664,1.63,0,-5399.9521484375
100000000000000000000001,1,921625000,0,-50.5,3.28885480922681,0,0,0.160031997680664,1.63,0,-5399.9521484375
100000000000000000000002,1,921625000,0,-46.5,3.50974804268235,0,0,0.160031997680664,1.63,0,-5399.9521484375
100000000000000000000000,1,921625000,0,-46.5,3.00046642110431,0,0,0.160031997680664,1.63,0,-5399.9521484375
100000000000000000000001,1,921625000,0,-50.5,3.30726257868144,0,0,0.160031997680664,1.63,0,-5399.9521484375
100000000000000000000002,1,921625000,0,-46.5,3.49134027322772,0,0,0.160031997680664,1.63,0,-5399.9521484375
100000000000000000000004,1,921625000,0,-51.5,2.02485464000905,0,0,0.160031997680664,1.63,0,-5399.9521484375
100000000000000000000000,1,921625000,0,-46.5,2.98819457480123,0,0,0.160031997680664,1.63,0,-5399.9521484375
100000000000000000000003,1,921625000,0,-47.5,2.73662172558798,0,0,0.160031997680664,1.63,0,-5399.9521484375
100000000000000000000002,1,921625000,0,-46.5,3.48520435007618,0,0,0.160031997680664,1.63,0,-5399.9521484375
100000000000000000000004,1,921625000,0,-51.5,2.0187187168575,0,0,0.160031997680664,1.63,0,-5399.9521484375
100000000000000000000001,1,921625000,0,-50,3.27658296292373,0,0,0.160031997680664,1.63,0,-5399.9521484375
100000000000000000000003,1,921625000,0,-47,2.74889357189107,0,0,0.160031997680664,1.63,0,-5399.9521484375
100000000000000000000000,1,921625000,0,-46.5,3.00046642110431,0,0,0.160031997680664,1.63,0,-5399.9521484375
100000000000000000000003,1,921625000,0,-47,2.71821395613336,0,0,0.160031997680664,1.63,0,-5399.9521484375
100000000000000000000002,1,921625000,0,-46.5,3.49747619637926,0,0,0.160031997680664,1.63,0,-5399.9521484375
100000000000000000000000,1,921625000,0,-46.5,2.98819457480123,0,0,0.160031997680664,1.63,0,-5399.9521484375
100000000000000000000001,1,921625000,0,-50.5,3.27044703977219,0,0,0.160031997680664,1.63,0,-5399.9521484375
100000000000000000000004,1,921625000,0,-51.5,1.98190317794825,0,0,0.160031997680664,1.63,0,-5399.9521484375
100000000000000000000003,1,921625000,0,-47.5,2.71207803298181,0,0,0.160031997680664,1.63,0,-5399.9521484375
100000000000000000000001,1,921625000,0,-50.5,3.26431111662064,0,0,0.160031997680664,1.63,0,-5399.9521484375
100000000000000000000002,1,921625000,0,-46.5,3.49134027322772,0,0,0.160031997680664,1.63,0,-5399.9521484375
100000000000000000000000,1,921625000,0,-46.5,2.98205865164969,0,0,0.160031997680664,1.63,0,-5399.9521484375
100000000000000000000004,1,921625000,0,-51.5,2.00031094740288,0,0,0.160031997680664,1.63,0,-5399.9521484375
100000000000000000000004,1,921625000,0,-51.5,2.01258279370596,0,0,0.160031997680664,1.63,0,-5399.9521484375
100000000000000000000000,1,921625000,0,-46.5,3.00046642110431,0,0,0.160031997680664,1.63,0,-5399.9521484375
100000000000000000000003,1,921625000,0,-47,2.71821395613336,0,0,0.160031997680664,1.63,0,-5399.9521484375
100000000000000000000002,1,921625000,0,-46.5,3.49747619637926,0,0,0.160031997680664,1.63,0,-5399.9521484375
100000000000000000000001,1,921625000,0,-50.5,3.28271888607527,0,0,0.160031997680664,1.63,0,-5399.9521484375
100000000000000000000003,1,921625000,0,-47,2.71207803298181,0,0,0.160031997680664,1.63,0,-5399.9521484375
100000000000000000000001,1,921625000,0,-50.5,3.28885480922681,0,0,0.160031997680664,1.63,0,-5399.9521484375
100000000000000000000000,1,921625000,0,-47,2.98819457480123,0,0,0.160031997680664,1.63,0,-5399.9521484375
100000000000000000000004,1,921625000,0,-51.5,2.0187187168575,0,0,0.160031997680664,1.63,0,-5399.9521484375
100000000000000000000002,1,921625000,0,-46.5,3.5036121195308,0,0,0.160031997680664,1.63,0,-5399.9521484375
100000000000000000000004,1,921625000,0,-51.5,1.98190317794825,0,0,0.160031997680664,1.63,0,-5399.9521484375
100000000000000000000000,1,921625000,0,-46.5,3.00046642110431,0,0,0.160031997680664,1.63,0,-5399.9521484375
100000000000000000000002,1,921625000,0,-46.5,3.50974804268235,0,0,0.160031997680664,1.63,0,-5399.9521484375
100000000000000000000001,1,921625000,0,-50.5,3.27658296292373,0,0,0.160031997680664,1.63,0,-5399.9521484375
100000000000000000000003,1,921625000,0,-47,2.70594210983027,0,0,0.160031997680664,1.63,0,-5399.9521484375
100000000000000000000004,1,921625000,0,-51.5,2.02485464000905,0,0,0.160031997680664,1.63,0,-5399.9521484375
100000000000000000000000,1,921625000,0,-47,2.99433049795277,0,0,0.160031997680664,1.63,0,-5399.9521484375
100000000000000000000002,1,921625000,0,-46.5,3.49134027322772,0,0,0.160031997680664,1.63,0,-5399.9521484375
100000000000000000000003,1,921625000,0,-47.5,2.7243498792849,0,0,0.160031997680664,1.63,0,-5399.9521484375
100000000000000000000001,1,921625000,0,-50.5,3.27044703977219,0,0,0.160031997680664,1.63,0,-5399.9521484375
100000000000000000000000,1,921625000,0,-47,2.97592272849814,0,0,0.160031997680664,1.63,0,-5399.9521484375
100000000000000000000003,1,921625000,0,-47.5,2.73048580243644,0,0,0.160031997680664,1.63,0,-5399.9521484375
100000000000000000000002,1,921625000,0,-46.5,3.52201988898543,0,0,0.160031997680664,1.63,0,-5399.9521484375
100000000000000000000001,1,921625000,0,-50.5,3.28885480922681,0,0,0.160031997680664,1.63,0,-5399.9521484375
100000000000000000000004,1,921625000,0,-51.5,2.04326240946367,0,0,0.160031997680664,1.63,0,-5399.9521484375
100000000000000000000003,1,921625000,0,-47.5,2.71821395613336,0,0,0.160031997680664,1.63,0,-5399.9521484375
100000000000000000000001,1,921625000,0,-50,3.27658296292373,0,0,0.160031997680664,1.63,0,-5399.9521484375
100000000000000000000002,1,921625000,0,-46.5,3.48520435007618,0,0,0.160031997680664,1.63,0,-5399.9521484375
100000000000000000000004,1,921625000,0,-51.5,2.00644687055442,0,0,0.160031997680664,1.63,0,-5399.9521484375
100000000000000000000000,1,921625000,0,-46.5,2.9697868053466,0,0,0.160031997680664,1.63,0,-5399.9521484375
100000000000000000000002,1,921625000,0,-46.5,3.50974804268235,0,0,0.160031997680664,1.63,0,-5399.9521484375
100000000000000000000001,1,921625000,0,-50.5,3.28885480922681,0,0,0.160031997680664,1.63,0,-5399.9521484375
100000000000000000000000,1,921625000,0,-46.5,2.99433049795277,0,0,0.160031997680664,1.63,0,-5399.9521484375
100000000000000000000004,1,921625000,0,-51.5,2.02485464000905,0,0,0.160031997680664,1.63,0,-5399.9521484375
100000000000000000000003,1,921625000,0,-47.5,2.7243498792849,0,0,0.160031997680664,1.63,0,-5399.9521484375
100000000000000000000000,1,921625000,0,-46.5,3.00046642110431,0,0,0.160031997680664,1.63,0,-5399.9521484375
100000000000000000000003,1,921625000,0,-47,2.71821395613336,0,0,0.160031997680664,1.63,0,-5399.9521484375
100000000000000000000002,1,921625000,0,-46.5,3.47293250377309,0,0,0.160031997680664,1.63,0,-5399.9521484375
100000000000000000000001,1,921625000,0,-50.5,3.28885480922681,0,0,0.160031997680664,1.63,0,-5399.9521484375
100000000000000000000004,1,921625000,0,-51.5,2.01258279370596,0,0,0.160031997680664,1.63,0,-5399.9521484375
100000000000000000000000,1,921625000,0,-46.5,2.99433049795277,0,0,0.160031997680664,1.63,0,-5399.9521484375
100000000000000000000002,1,921625000,0,-46.5,3.46679658062155,0,0,0.160031997680664,1.63,0,-5399.9521484375
100000000000000000000004,1,921625000,0,-51.5,2.02485464000905,0,0,0.160031997680664,1.63,0,-5399.9521484375
100000000000000000000003,1,921625000,0,-47,2.71821395613336,0,0,0.160031997680664,1.63,0,-5399.9521484375
100000000000000000000001,1,921625000,0,-50.5,3.30726257868144,0,0,0.160031997680664,1.63,0,-5399.9521484375
100000000000000000000001,1,921625000,0,-50.5,3.26431111662064,0,0,0.160031997680664,1.63,0,-5399.9521484375
100000000000000000000002,1,921625000,0,-46.5,3.5036121195308,0,0,0.160031997680664,1.63,0,-5399.9521484375
100000000000000000000000,1,921625000,0,-46.5,3.00046642110431,0,0,0.160031997680664,1.63,0,-5399.9521484375
100000000000000000000003,1,921625000,0,-47.5,2.71821395613336,0,0,0.160031997680664,1.63,0,-5399.9521484375
100000000000000000000004,1,921625000,0,-51.5,1.98803910109979,0,0,0.160031997680664,1.63,0,-5399.9521484375
100000000000000000000001,1,921625000,0,-50.5,3.28271888607527,0,0,0.160031997680664,1.63,0,-5399.9521484375
100000000000000000000004,1,921625000,0,-51.5,2.0187187168575,0,0,0.160031997680664,1.63,0,-5399.9521484375
100000000000000000000003,1,921625000,0,-47.5,2.69980618667873,0,0,0.160031997680664,1.63,0,-5399.9521484375
100000000000000000000002,1,921625000,0,-46.5,3.48520435007618,0,0,0.160031997680664,1.63,0,-5399.9521484375
100000000000000000000000,1,921625000,0,-47,2.99433049795277,0,0,0.160031997680664,1.63,0,-5399.9521484375
100000000000000000000000,1,921625000,0,-46.5,2.98819457480123,0,0,0.160031997680664,1.63,0,-5399.9521484375
100000000000000000000003,1,921625000,0,-47.5,2.73048580243644,0,0,0.160031997680664,1.63,0,-5399.9521484375
100000000000000000000004,1,921625000,0,-51.5,2.00644687055442,0,0,0.160031997680664,1.63,0,-5399.9521484375
100000000000000000000001,1,921625000,0,-50.5,3.31339850183298,0,0,0.160031997680664,1.63,0,-5399.9521484375
100000000000000000000002,1,921625000,0,-46.5,3.50974804268235,0,0,0.160031997680664,1.63,0,-5399.9521484375
100000000000000000000003,1,921625000,0,-47.5,2.73048580243644,0,0,0.160031997680664,1.63,0,-5399.9521484375
100000000000000000000001,1,921625000,0,-50.5,3.2581751934691,0,0,0.160031997680664,1.63,0,-5399.9521484375
100000000000000000000002,1,921625000,0,-46.5,3.52815581213697,0,0,0.160031997680664,1.63,0,-5399.9521484375
100000000000000000000004,1,921625000,0,-51.5,1.99417502425133,0,0,0.160031997680664,1.63,0,-5399.9521484375
100000000000000000000000,1,921625000,0,-46.5,2.99433049795277,0,0,0.160031997680664,1.63,0,-5399.9521484375
100000000000000000000002,1,921625000,0,-46.5,3.49747619637926,0,0,0.160031997680664,1.63,0,-5399.9521484375
100000000000000000000004,1,921625000,0,-51.5,2.03099056316059,0,0,0.160031997680664,1.63,0,-5399.9521484375
100000000000000000000000,1,921625000,0,-46.5,2.98205865164969,0,0,0.160031997680664,1.63,0,-5399.9521484375
100000000000000000000003,1,921625000,0,-47,2.69367026352719,0,0,0.160031997680664,1.63,0,-5399.9521484375
100000000000000000000001,1,921625000,0,-50.5,3.27658296292373,0,0,0.160031997680664,1.63,0,-5399.9521484375
100000000000000000000003,1,922125000,0,-47.5,2.95137903589197,0,0,0.160031997680664,1.63,0,-5399.9521484375
100000000000000000000000,1,922125000,0,-47,3.19068003880213,0,0,0.160031997680664,1.63,0,-5399.9521484375
100000000000000000000004,1,922125000,0,-52,2.23347602716149,0,0,0.160031997680664,1.63,0,-5399.9521484375
100000000000000000000002,1,922125000,0,-46.5,3.74291312244096,0,0,0.160031997680664,1.63,0,-5399.9521484375
100000000000000000000001,1,922125000,0,-50,3.50974804268235,0,0,0.160031997680664,1.63,0,-5399.9521484375
100000000000000000000000,1,922125000,0,-47,3.20908780825676,0,0,0.160031997680664,1.63,0,-5399.9521484375
100000000000000000000003,1,922125000,0,-47,2.95751495904352,0,0,0.160031997680664,1.63,0,-5399.9521484375
100000000000000000000001,1,922125000,0,-50,3.50974804268235,0,0,0.160031997680664,1.63,0,-5399.9521484375
100000000000000000000004,1,922125000,0,-51.5,2.25188379661612,0,0,0.160031997680664,1.63,0,-5399.9521484375
100000000000000000000002,1,922125000,0,-46.5,3.73677719928942,0,0,0.160031997680664,1.63,0,-5399.9521484375
100000000000000000000000,1,922125000,0,-47,3.20908780825676,0,0,0.160031997680664,1.63,0,-5399.9521484375
100000000000000000000004,1,922125000,0,-52,2.25801971976766,0,0,0.160031997680664,1.63,0,-5399.9521484375
100000000000000000000002,1,922125000,0,-46.5,3.71223350668325,0,0,0.160031997680664,1.63,0,-5399.9521484375
100000000000000000000003,1,922125000,0,-47,2.95137903589197,0,0,0.160031997680664,1.63,0,-5399.9521484375
100000000000000000000001,1,922125000,0,-50,3.49747619637926,0,0,0.160031997680664,1.63,0,-5399.9521484375
100000000000000000000001,1,922125000,0,-50,3.47906842692463,0,0,0.160031997680664,1.63,0,-5399.9521484375
100000000000000000000003,1,922125000,0,-47.5,2.95137903589197,0,0,0.160031997680664,1.63,0,-5399.9521484375
100000000000000000000000,1,922125000,0,-47,3.22135965455985,0,0,0.160031997680664,1.63,0,-5399.9521484375
100000000000000000000004,1,922125000,0,-51.5,2.24574787346458,0,0,0.160031997680664,1.63,0,-5399.9521484375
100000000000000000000002,1,922125000,0,-46.5,3.73064127613788,0,0,0.160031997680664,1.63,0,-5399.9521484375
100000000000000000000002,1,922125000,0,-46.5,3.72450535298634,0,0,0.160031997680664,1.63,0,-5399.9521484375
100000000000000000000004,1,922125000,0,-51.5,2.23961195031304,0,0,0.160031997680664,1.63,0,-5399.9521484375
100000000000000000000003,1,922125000,0,-47.5,2.95137903589197,0,0,0.160031997680664,1.63,0,-5399.9521484375
100000000000000000000000,1,922125000,0,-47,3.20908780825676,0,0,0.160031997680664,1.63,0,-5399.9521484375
100000000000000000000001,1,922125000,0,-50,3.48520435007618,0,0,0.160031997680664,1.63,0,-5399.9521484375
100000000000000000000001,1,922125000,0,-50,3.47293250377309,0,0,0.160031997680664,1.63,0,-5399.9521484375
100000000000000000000004,1,922125000,0,-52,2.21506825770687,0,0,0.160031997680664,1.63,0,-5399.9521484375
100000000000000000000003,1,922125000,0,-47.5,2.93910718958889,0,0,0.160031997680664,1.63,0,-5399.9521484375
100000000000000000000000,1,922125000,0,-47,3.23363150086293,0,0,0.160031997680664,1.63,0,-5399.9521484375
100000000000000000000002,1,922125000,0,-46.5,3.73064127613788,0,0,0.160031997680664,1.63,0,-5399.9521484375
100000000000000000000002,1,922125000,0,-46.5,3.72450535298634,0,0,0.160031997680664,1.63,0,-5399.9521484375
100000000000000000000001,1,922125000,0,-50,3.49747619637926,0,0,0.160031997680664,1.63,0,-5399.9521484375
100000000000000000000004,1,922125000,0,-52,2.21506825770687,0,0,0.160031997680664,1.63,0,-5399.9521484375
100000000000000000000003,1,922125000,0,-47.5,2.93297126643735,0,0,0.160031997680664,1.63,0,-5399.9521484375
100000000000000000000000,1,922125000,0,-47,3.19068003880213,0,0,0.160031997680664,1.63,0,-5399.9521484375
100000000000000000000002,1,922125000,0,-46.5,3.71223350668325,0,0,0.160031997680664,1.63,0,-5399.9521484375
100000000000000000000004,1,922125000,0,-51.5,2.25188379661612,0,0,0.160031997680664,1.63,0,-5399.9521484375
100000000000000000000001,1,922125000,0,-50,3.47293250377309,0,0,0.160031997680664,1.63,0,-5399.9521484375
100000000000000000000003,1,922125000,0,-47.5,2.96365088219506,0,0,0.160031997680664,1.63,0,-5399.9521484375
100000000000000000000000,1,922125000,0,-47,3.23363150086293,0,0,0.160031997680664,1.63,0,-5399.9521484375
100000000000000000000004,1,922125000,0,-52,2.24574787346458,0,0,0.160031997680664,1.63,0,-5399.9521484375
100000000000000000000001,1,922125000,0,-50,3.5036121195308,0,0,0.160031997680664,1.63,0,-5399.9521484375
100000000000000000000002,1,922125000,0,-46.5,3.73677719928942,0,0,0.160031997680664,1.63,0,-5399.9521484375
100000000000000000000003,1,922125000,0,-47.5,2.95751495904352,0,0,0.160031997680664,1.63,0,-5399.9521484375
100000000000000000000000,1,922125000,0,-47,3.22135965455985,0,0,0.160031997680664,1.63,0,-5399.9521484375
100000000000000000000003,1,922125000,0,-47.5,2.94524311274043,0,0,0.160031997680664,1.63,0,-5399.9521484375
100000000000000000000002,1,922125000,0,-46.5,3.74291312244096,0,0,0.160031997680664,1.63,0,-5399.9521484375
100000000000000000000001,1,922125000,0,-50,3.49134027322772,0,0,0.160031997680664,1.63,0,-5399.9521484375
100000000000000000000000,1,922125000,0,-47,3.2152237314083,0,0,0.160031997680664,1.63,0,-5399.9521484375
100000000000000000000004,1,922125000,0,-51.5,2.23347602716149,0,0,0.160031997680664,1.63,0,-5399.9521484375
100000000000000000000001,1,922125000,0,-50,3.50974804268235,0,0,0.160031997680664,1.63,0,-5399.9521484375
100000000000000000000003,1,922125000,0,-47.5,2.94524311274043,0,0,0.160031997680664,1.63,0,-5399.9521484375
100000000000000000000002,1,922125000,0,-46.5,3.73064127613788,0,0,0.160031997680664,1.63,0,-5399.9521484375
100000000000000000000000,1,922125000,0,-47,3.2152237314083,0,0,0.160031997680664,1.63,0,-5399.9521484375
100000000000000000000004,1,922125000,0,-52,2.24574787346458,0,0,0.160031997680664,1.63,0,-5399.9521484375
100000000000000000000002,1,922125000,0,-46.5,3.73677719928942,0,0,0.160031997680664,1.63,0,-5399.9521484375
100000000000000000000003,1,922125000,0,-47.5,2.95751495904352,0,0,0.160031997680664,1.63,0,-5399.9521484375
100000000000000000000000,1,922125000,0,-47,3.19068003880213,0,0,0.160031997680664,1.63,0,-5399.9521484375
100000000000000000000001,1,922125000,0,-50,3.47906842692463,0,0,0.160031997680664,1.63,0,-5399.9521484375
100000000000000000000004,1,922125000,0,-52,2.23961195031304,0,0,0.160031997680664,1.63,0,-5399.9521484375
100000000000000000000003,1,922125000,0,-47.5,2.94524311274043,0,0,0.160031997680664,1.63,0,-5399.9521484375
100000000000000000000001,1,922125000,0,-50,3.49134027322772,0,0,0.160031997680664,1.63,0,-5399.9521484375
100000000000000000000002,1,922125000,0,-46.5,3.73677719928942,0,0,0.160031997680664,1.63,0,-5399.9521484375
100000000000000000000000,1,922125000,0,-47,3.2152237314083,0,0,0.160031997680664,1.63,0,-5399.9521484375
100000000000000000000004,1,922125000,0,-52,2.25801971976766,0,0,0.160031997680664,1.63,0,-5399.9521484375
100000000000000000000000,1,922125000,0,-47,3.19681596195368,0,0,0.160031997680664,1.63,0,-5399.9521484375
100000000000000000000004,1,922125000,0,-52,2.22734010400995,0,0,0.160031997680664,1.63,0,-5399.9521484375
100000000000000000000003,1,922125000,0,-47.5,2.95137903589197,0,0,0.160031997680664,1.63,0,-5399.9521484375
100000000000000000000001,1,922125000,0,-50,3.49134027322772,0,0,0.160031997680664,1.63,0,-5399.9521484375
100000000000000000000002,1,922125000,0,-46.5,3.71836942983479,0,0,0.160031997680664,1.63,0,-5399.9521484375
100000000000000000000002,1,922125000,0,-46.5,3.73064127613788,0,0,0.160031997680664,1.63,0,-5399.9521484375
100000000000000000000004,1,922125000,0,-52,2.27029156607075,0,0,0.160031997680664,1.63,0,-5399.9521484375
100000000000000000000001,1,922125000,0,-50,3.52815581213697,0,0,0.160031997680664,1.63,0,-5399.9521484375
100000000000000000000000,1,922125000,0,-47,3.23976742401447,0,0,0.160031997680664,1.63,0,-5399.9521484375
100000000000000000000003,1,922125000,0,-47.5,2.94524311274043,0,0,0.160031997680664,1.63,0,-5399.9521484375
100000000000000000000004,1,922125000,0,-51.5,2.25188379661612,0,0,0.160031997680664,1.63,0,-5399.9521484375
100000000000000000000003,1,922125000,0,-47.5,2.95751495904352,0,0,0.160031997680664,1.63,0,-5399.9521484375
100000000000000000000001,1,922125000,0,-50,3.48520435007618,0,0,0.160031997680664,1.63,0,-5399.9521484375
100000000000000000000002,1,922125000,0,-46.5,3.71836942983479,0,0,0.160031997680664,1.63,0,-5399.9521484375
100000000000000000000000,1,922125000,0,-47,3.23363150086293,0,0,0.160031997680664,1.63,0,-5399.9521484375
100000000000000000000001,1,922125000,0,-50,3.49747619637926,0,0,0.160031997680664,1.63,0,-5399.9521484375
100000000000000000000003,1,922125000,0,-47.5,2.9268353432858,0,0,0.160031997680664,1.63,0,-5399.9521484375
100000000000000000000004,1,922125000,0,-51.5,2.18438864194915,0,0,0.160031997680664,1.63,0,-5399.9521484375
100000000000000000000002,1,922125000,0,-46.5,3.71836942983479,0,0,0.160031997680664,1.63,0,-5399.9521484375
100000000000000000000000,1,922125000,0,-47,3.2152237314083,0,0,0.160031997680664,1.63,0,-5399.9521484375
100000000000000000000004,1,922125000,0,-52,2.19666048825224,0,0,0.160031997680664,1.63,0,-5399.9521484375
100000000000000000000002,1,922125000,0,-46.5,3.71836942983479,0,0,0.160031997680664,1.63,0,-5399.9521484375
100000000000000000000001,1,922125000,0,-50,3.48520435007618,0,0,0.160031997680664,1.63,0,-5399.9521484375
100000000000000000000000,1,922125000,0,-47,3.19681596195368,0,0,0.160031997680664,1.63,0,-5399.9521484375
100000000000000000000003,1,922125000,0,-47,2.95137903589197,0,0,0.160031997680664,1.63,0,-5399.9521484375
100000000000000000000002,1,922125000,0,-46.5,3.73677719928942,0,0,0.160031997680664,1.63,0,-5399.9521484375
100000000000000000000004,1,922125000,0,-52,2.23961195031304,0,0,0.160031997680664,1.63,0,-5399.9521484375
100000000000000000000000,1,922125000,0,-47,3.2152237314083,0,0,0.160031997680664,1.63,0,-5399.9521484375
100000000000000000000003,1,922125000,0,-47.5,2.9268353432858,0,0,0.160031997680664,1.63,0,-5399.9521484375
100000000000000000000001,1,922125000,0,-50,3.49134027322772,0,0,0.160031997680664,1.63,0,-5399.9521484375
100000000000000000000003,1,922125000,0,-47.5,2.96365088219506,0,0,0.160031997680664,1.63,0,-5399.9521484375
100000000000000000000002,1,922125000,0,-46.5,3.76132089189559,0,0,0.160031997680664,1.63,0,-5399.9521484375
100000000000000000000001,1,922125000,0,-50,3.5036121195308,0,0,0.160031997680664,1.63,0,-5399.9521484375
100000000000000000000004,1,922125000,0,-52,2.24574787346458,0,0,0.160031997680664,1.63,0,-5399.9521484375
100000000000000000000000,1,922125000,0,-47,3.22135965455985,0,0,0.160031997680664,1.63,0,-5399.9521484375
100000000000000000000004,1,922125000,0,-51.5,2.20279641140378,0,0,0.160031997680664,1.63,0,-5399.9521484375
100000000000000000000001,1,922125000,0,-50,3.47906842692463,0,0,0.160031997680664,1.63,0,-5399.9521484375
100000000000000000000000,1,922125000,0,-47,3.22135965455985,0,0,0.160031997680664,1.63,0,-5399.9521484375
100000000000000000000003,1,922125000,0,-47.5,2.93297126643735,0,0,0.160031997680664,1.63,0,-5399.9521484375
100000000000000000000002,1,922125000,0,-46.5,3.74291312244096,0,0,0.160031997680664,1.63,0,-5399.9521484375
100000000000000000000001,1,922125000,0,-50,3.50974804268235,0,0,0.160031997680664,1.63,0,-5399.9521484375
100000000000000000000000,1,922125000,0,-47,3.20908780825676,0,0,0.160031997680664,1.63,0,-5399.9521484375
100000000000000000000003,1,922125000,0,-47.5,2.95137903589197,0,0,0.160031997680664,1.63,0,-5399.9521484375
100000000000000000000004,1,922125000,0,-51.5,2.20893233455532,0,0,0.160031997680664,1.63,0,-5399.9521484375
100000000000000000000002,1,922125000,0,-46.5,3.73064127613788,0,0,0.160031997680664,1.63,0,-5399.9521484375
100000000000000000000004,1,922125000,0,-51.5,2.25188379661612,0,0,0.160031997680664,1.63,0,-5399.9521484375
100000000000000000000002,1,922125000,0,-46.5,3.73677719928942,0,0,0.160031997680664,1.63,0,-5399.9521484375
100000000000000000000003,1,922125000,0,-47.5,2.95751495904352,0,0,0.160031997680664,1.63,0,-5399.9521484375
100000000000000000000001,1,922125000,0,-50,3.48520435007618,0,0,0.160031997680664,1.63,0,-5399.9521484375
100000000000000000000000,1,922125000,0,-47,3.19068003880213,0,0,0.160031997680664,1.63,0,-5399.9521484375
100000000000000000000002,1,922125000,0,-46.5,3.74291312244096,0,0,0.160031997680664,1.63,0,-5399.9521484375
100000000000000000000003,1,922125000,0,-47,2.96365088219506,0,0,0.160031997680664,1.63,0,-5399.9521484375
100000000000000000000004,1,922125000,0,-51.5,2.23347602716149,0,0,0.160031997680664,1.63,0,-5399.9521484375
100000000000000000000000,1,922125000,0,-47,3.20908780825676,0,0,0.160031997680664,1.63,0,-5399.9521484375
100000000000000000000001,1,922125000,0,-50,3.5036121195308,0,0,0.160031997680664,1.63,0,-5399.9521484375
100000000000000000000000,1,922125000,0,-47,3.20295188510522,0,0,0.160031997680664,1.63,0,-5399.9521484375
100000000000000000000003,1,922125000,0,-47.5,2.93297126643735,0,0,0.160031997680664,1.63,0,-5399.9521484375
100000000000000000000001,1,922125000,0,-50,3.49747619637926,0,0,0.160031997680664,1.63,0,-5399.9521484375
100000000000000000000004,1,922125000,0,-52,2.26415564291921,0,0,0.160031997680664,1.63,0,-5399.9521484375
100000000000000000000002,1,922125000,0,-46.5,3.73677719928942,0,0,0.160031997680664,1.63,0,-5399.9521484375
100000000000000000000002,1,922125000,0,-46.5,3.74904904559251,0,0,0.160031997680664,1.63,0,-5399.9521484375
100000000000000000000004,1,922125000,0,-51.5,2.23347602716149,0,0,0.160031997680664,1.63,0,-5399.9521484375
100000000000000000000001,1,922125000,0,-50,3.5036121195308,0,0,0.160031997680664,1.63,0,-5399.9521484375
100000000000000000000003,1,922125000,0,-47.5,2.95751495904352,0,0,0.160031997680664,1.63,0,-5399.9521484375
100000000000000000000000,1,922125000,0,-47,3.19681596195368,0,0,0.160031997680664,1.63,0,-5399.9521484375
100000000000000000000004,1,922125000,0,-52,2.25801971976766,0,0,0.160031997680664,1.63,0,-5399.9521484375
100000000000000000000001,1,922125000,0,-50,3.49747619637926,0,0,0.160031997680664,1.63,0,-5399.9521484375
100000000000000000000003,1,922125000,0,-47.5,2.95137903589197,0,0,0.160031997680664,1.63,0,-5399.9521484375
100000000000000000000002,1,922125000,0,-46.5,3.74291312244096,0,0,0.160031997680664,1.63,0,-5399.9521484375
100000000000000000000000,1,922125000,0,-47,3.23363150086293,0,0,0.160031997680664,1.63,0,-5399.9521484375
100000000000000000000000,1,922125000,0,-47,3.20908780825676,0,0,0.160031997680664,1.63,0,-5399.9521484375
100000000000000000000004,1,922125000,0,-52,2.21506825770687,0,0,0.160031997680664,1.63,0,-5399.9521484375
100000000000000000000002,1,922125000,0,-46.5,3.73677719928942,0,0,0.160031997680664,1.63,0,-5399.9521484375
100000000000000000000001,1,922125000,0,-50,3.49134027322772,0,0,0.160031997680664,1.63,0,-5399.9521484375
100000000000000000000003,1,922125000,0,-47.5,2.94524311274043,0,0,0.160031997680664,1.63,0,-5399.9521484375
100000000000000000000002,1,922125000,0,-46.5,3.71223350668325,0,0,0.160031997680664,1.63,0,-5399.9521484375
100000000000000000000001,1,922125000,0,-50,3.49134027322772,0,0,0.160031997680664,1.63,0,-5399.9521484375
100000000000000000000003,1,922125000,0,-47.5,2.9268353432858,0,0,0.160031997680664,1.63,0,-5399.9521484375
100000000000000000000000,1,922125000,0,-47,3.2152237314083,0,0,0.160031997680664,1.63,0,-5399.9521484375
100000000000000000000004,1,922125000,0,-52,2.25188379661612,0,0,0.160031997680664,1.63,0,-5399.9521484375
100000000000000000000004,1,922125000,0,-52,2.23961195031304,0,0,0.160031997680664,1.63,0,-5399.9521484375
100000000000000000000002,1,922125000,0,-46.5,3.73677719928942,0,0,0.160031997680664,1.63,0,-5399.9521484375
100000000000000000000000,1,922125000,0,-47,3.23363150086293,0,0,0.160031997680664,1.63,0,-5399.9521484375
100000000000000000000001,1,922125000,0,-50,3.47906842692463,0,0,0.160031997680664,1.63,0,-5399.9521484375
100000000000000000000003,1,922125000,0,-47.5,2.9697868053466,0,0,0.160031997680664,1.63,0,-5399.9521484375
100000000000000000000003,1,922125000,0,-47.5,2.93297126643735,0,0,0.160031997680664,1.63,0,-5399.9521484375
100000000000000000000004,1,922125000,0,-52,2.21506825770687,0,0,0.160031997680664,1.63,0,-5399.9521484375
100000000000000000000002,1,922125000,0,-46.5,3.73064127613788,0,0,0.160031997680664,1.63,0,-5399.9521484375
100000000000000000000001,1,922125000,0,-50,3.5036121195308,0,0,0.160031997680664,1.63,0,-5399.9521484375
100000000000000000000000,1,922125000,0,-47,3.2152237314083,0,0,0.160031997680664,1.63,0,-5399.9521484375
100000000000000000000000,1,922125000,0,-47,3.20295188510522,0,0,0.160031997680664,1.63,0,-5399.9521484375
100000000000000000000004,1,922125000,0,-51.5,2.25188379661612,0,0,0.160031997680664,1.63,0,-5399.9521484375
100000000000000000000002,1,922125000,0,-46.5,3.72450535298634,0,0,0.160031997680664,1.63,0,-5399.9521484375
100000000000000000000003,1,922125000,0,-47.5,2.93910718958889,0,0,0.160031997680664,1.63,0,-5399.9521484375
100000000000000000000001,1,922125000,0,-50,3.51588396583389,0,0,0.160031997680664,1.63,0,-5399.9521484375
100000000000000000000001,1,922125000,0,-50,3.49134027322772,0,0,0.160031997680664,1.63,0,-5399.9521484375
100000000000000000000004,1,922125000,0,-52,2.24574787346458,0,0,0.160031997680664,1.63,0,-5399.9521484375
100000000000000000000003,1,922125000,0,-47.5,2.93910718958889,0,0,0.160031997680664,1.63,0,-5399.9521484375
100000000000000000000000,1,922125000,0,-47,3.20908780825676,0,0,0.160031997680664,1.63,0,-5399.9521484375
100000000000000000000002,1,922125000,0,-46.5,3.72450535298634,0,0,0.160031997680664,1.63,0,-5399.9521484375
100000000000000000000004,1,922125000,0,-51.5,2.23961195031304,0,0,0.160031997680664,1.63,0,-5399.9521484375
100000000000000000000002,1,922125000,0,-46.5,3.74291312244096,0,0,0.160031997680664,1.63,0,-5399.9521484375
100000000000000000000003,1,922125000,0,-47,2.93297126643735,0,0,0.160031997680664,1.63,0,-5399.9521484375
100000000000000000000000,1,922125000,0,-47,3.19068003880213,0,0,0.160031997680664,1.63,0,-5399.9521484375
100000000000000000000001,1,922125000,0,-50,3.50974804268235,0,0,0.160031997680664,1.63,0,-5399.9521484375
100000000000000000000003,1,922125000,0,-47.5,2.94524311274043,0,0,0.160031997680664,1.63,0,-5399.9521484375
100000000000000000000004,1,922125000,0,-51.5,2.22120418085841,0,0,0.160031997680664,1.63,0,-5399.9521484375
100000000000000000000000,1,922125000,0,-47,3.22135965455985,0,0,0.160031997680664,1.63,0,-5399.9521484375
100000000000000000000002,1,922125000,0,-46.5,3.74904904559251,0,0,0.160031997680664,1.63,0,-5399.9521484375
100000000000000000000001,1,922125000,0,-50,3.49747619637926,0,0,0.160031997680664,1.63,0,-5399.9521484375
100000000000000000000004,1,922125000,0,-52,2.25188379661612,0,0,0.160031997680664,1.63,0,-5399.9521484375
100000000000000000000000,1,922125000,0,-47,3.22749557771139,0,0,0.160031997680664,1.63,0,-5399.9521484375
100000000000000000000003,1,922125000,0,-47.5,2.95137903589197,0,0,0.160031997680664,1.63,0,-5399.9521484375
100000000000000000000001,1,922125000,0,-50,3.5036121195308,0,0,0.160031997680664,1.63,0,-5399.9521484375
100000000000000000000002,1,922125000,0,-46.5,3.71223350668325,0,0,0.160031997680664,1.63,0,-5399.9521484375
100000000000000000000003,1,922125000,0,-47,2.93910718958889,0,0,0.160031997680664,1.63,0,-5399.9521484375
100000000000000000000000,1,922125000,0,-47,3.19681596195368,0,0,0.160031997680664,1.63,0,-5399.9521484375
100000000000000000000002,1,922125000,0,-46.5,3.72450535298634,0,0,0.160031997680664,1.63,0,-5399.9521484375
100000000000000000000001,1,922125000,0,-50,3.47906842692463,0,0,0.160031997680664,1.63,0,-5399.9521484375
100000000000000000000004,1,922125000,0,-52,2.25801971976766,0,0,0.160031997680664,1.63,0,-5399.9521484375
100000000000000000000004,1,922125000,0,-52,2.28256341237383,0,0,0.160031997680664,1.63,0,-5399.9521484375
100000000000000000000000,1,922125000,0,-47,3.19068003880213,0,0,0.160031997680664,1.63,0,-5399.9521484375
100000000000000000000003,1,922125000,0,-47.5,2.91456349698272,0,0,0.160031997680664,1.63,0,-5399.9521484375
100000000000000000000002,1,922125000,0,-46.5,3.71836942983479,0,0,0.160031997680664,1.63,0,-5399.9521484375
100000000000000000000001,1,922125000,0,-50,3.5036121195308,0,0,0.160031997680664,1.63,0,-5399.9521484375
100000000000000000000004,1,922125000,0,-51.5,2.19666048825224,0,0,0.160031997680664,1.63,0,-5399.9521484375
100000000000000000000000,1,922125000,0,-47,3.22749557771139,0,0,0.160031997680664,1.63,0,-5399.9521484375
100000000000000000000003,1,922125000,0,-47.5,2.9268353432858,0,0,0.160031997680664,1.63,0,-5399.9521484375
100000000000000000000002,1,922125000,0,-46.5,3.71836942983479,0,0,0.160031997680664,1.63,0,-5399.9521484375
100000000000000000000001,1,922125000,0,-50,3.51588396583389,0,0,0.160031997680664,1.63,0,-5399.9521484375
100000000000000000000001,1,922125000,0,-50,3.51588396583389,0,0,0.160031997680664,1.63,0,-5399.9521484375
100000000000000000000000,1,922125000,0,-47,3.20295188510522,0,0,0.160031997680664,1.63,0,-5399.9521484375
100000000000000000000003,1,922125000,0,-47.5,2.95137903589197,0,0,0.160031997680664,1.63,0,-5399.9521484375
100000000000000000000002,1,922125000,0,-46.5,3.73064127613788,0,0,0.160031997680664,1.63,0,-5399.9521484375
100000000000000000000004,1,922125000,0,-51.5,2.19666048825224,0,0,0.160031997680664,1.63,0,-5399.9521484375
100000000000000000000001,1,922125000,0,-50,3.5036121195308,0,0,0.160031997680664,1.63,0,-5399.9521484375
100000000000000000000000,1,922125000,0,-47,3.17840819249905,0,0,0.160031997680664,1.63,0,-5399.9521484375
100000000000000000000003,1,922125000,0,-47.5,2.93297126643735,0,0,0.160031997680664,1.63,0,-5399.9521484375
100000000000000000000004,1,922125000,0,-52,2.24574787346458,0,0,0.160031997680664,1.63,0,-5399.9521484375
100000000000000000000002,1,922125000,0,-46.5,3.70609758353171,0,0,0.160031997680664,1.63,0,-5399.9521484375
100000000000000000000003,1,922125000,0,-47.5,2.93910718958889,0,0,0.160031997680664,1.63,0,-5399.9521484375
100000000000000000000000,1,922125000,0,-47,3.18454411565059,0,0,0.160031997680664,1.63,0,-5399.9521484375
100000000000000000000004,1,922125000,0,-51.5,2.23961195031304,0,0,0.160031997680664,1.63,0,-5399.9521484375
100000000000000000000002,1,922125000,0,-46.5,3.74291312244096,0,0,0.160031997680664,1.63,0,-5399.9521484375
100000000000000000000001,1,922125000,0,-50,3.5036121195308,0,0,0.160031997680664,1.63,0,-5399.9521484375
100000000000000000000002,1,922125000,0,-46.5,3.74291312244096,0,0,0.160031997680664,1.63,0,-5399.9521484375
100000000000000000000000,1,922125000,0,-47,3.19068003880213,0,0,0.160031997680664,1.63,0,-5399.9521484375
100000000000000000000004,1,922125000,0,-51.5,2.25188379661612,0,0,0.160031997680664,1.63,0,-5399.9521484375
100000000000000000000003,1,922125000,0,-47.5,2.96365088219506,0,0,0.160031997680664,1.63,0,-5399.9521484375
100000000000000000000001,1,922125000,0,-50,3.49747619637926,0,0,0.160031997680664,1.63,0,-5399.9521484375
100000000000000000000000,1,922125000,0,-47,3.2152237314083,0,0,0.160031997680664,1.63,0,-5399.9521484375
100000000000000000000002,1,922125000,0,-46.5,3.73064127613788,0,0,0.160031997680664,1.63,0,-5399.9521484375
100000000000000000000003,1,922125000,0,-47.5,2.93297126643735,0,0,0.160031997680664,1.63,0,-5399.9521484375
100000000000000000000001,1,922125000,0,-50,3.50974804268235,0,0,0.160031997680664,1.63,0,-5399.9521484375
100000000000000000000004,1,922125000,0,-51.5,2.24574787346458,0,0,0.160031997680664,1.63,0,-5399.9521484375
100000000000000000000003,1,922125000,0,-47.5,2.95137903589197,0,0,0.160031997680664,1.63,0,-5399.9521484375
100000000000000000000002,1,922125000,0,-46.5,3.74291312244096,0,0,0.160031997680664,1.63,0,-5399.9521484375
100000000000000000000000,1,922125000,0,-47,3.2152237314083,0,0,0.160031997680664,1.63,0,-5399.9521484375
100000000000000000000001,1,922125000,0,-50,3.47906842692463,0,0,0.160031997680664,1.63,0,-5399.9521484375
100000000000000000000004,1,922125000,0,-51.5,2.23347602716149,0,0,0.160031997680664,1.63,0,-5399.9521484375
100000000000000000000003,1,922125000,0,-47.5,2.94524311274043,0,0,0.160031997680664,1.63,0,-5399.9521484375
100000000000000000000004,1,922125000,0,-52,2.23347602716149,0,0,0.160031997680664,1.63,0,-5399.9521484375
100000000000000000000000,1,922125000,0,-47,3.22135965455985,0,0,0.160031997680664,1.63,0,-5399.9521484375
100000000000000000000002,1,922125000,0,-46.5,3.74291312244096,0,0,0.160031997680664,1.63,0,-5399.9521484375
100000000000000000000001,1,922125000,0,-50,3.49134027322772,0,0,0.160031997680664,1.63,0,-5399.9521484375
100000000000000000000002,1,922125000,0,-46.5,3.72450535298634,0,0,0.160031997680664,1.63,0,-5399.9521484375
100000000000000000000000,1,922125000,0,-47,3.20908780825676,0,0,0.160031997680664,1.63,0,-5399.9521484375
100000000000000000000003,1,922125000,0,-47.5,2.94524311274043,0,0,0.160031997680664,1.63,0,-5399.9521484375
100000000000000000000001,1,922125000,0,-50,3.52201988898543,0,0,0.160031997680664,1.63,0,-5399.9521484375
100000000000000000000004,1,922125000,0,-52,2.23961195031304,0,0,0.160031997680664,1.63,0,-5399.9521484375
100000000000000000000002,1,922125000,0,-46.5,3.70609758353171,0,0,0.160031997680664,1.63,0,-5399.9521484375
100000000000000000000004,1,922125000,0,-51.5,2.25801971976766,0,0,0.160031997680664,1.63,0,-5399.9521484375
100000000000000000000000,1,922125000,0,-47,3.22135965455985,0,0,0.160031997680664,1.63,0,-5399.9521484375
100000000000000000000001,1,922125000,0,-50,3.50974804268235,0,0,0.160031997680664,1.63,0,-5399.9521484375
100000000000000000000003,1,922125000,0,-47.5,2.95751495904352,0,0,0.160031997680664,1.63,0,-5399.9521484375
100000000000000000000001,1,922125000,0,-50,3.48520435007618,0,0,0.160031997680664,1.63,0,-5399.9521484375
100000000000000000000002,1,922125000,0,-46.5,3.70609758353171,0,0,0.160031997680664,1.63,0,-5399.9521484375
100000000000000000000003,1,922125000,0,-47.5,2.93910718958889,0,0,0.160031997680664,1.63,0,-5399.9521484375
100000000000000000000000,1,922125000,0,-47,3.16613634619596,0,0,0.160031997680664,1.63,0,-5399.9521484375
100000000000000000000004,1,922125000,0,-52,2.25801971976766,0,0,0.160031997680664,1.63,0,-5399.9521484375
100000000000000000000001,1,922125000,0,-50,3.5036121195308,0,0,0.160031997680664,1.63,0,-5399.9521484375
100000000000000000000002,1,922125000,0,-46.5,3.73677719928942,0,0,0.160031997680664,1.63,0,-5399.9521484375
100000000000000000000004,1,922125000,0,-51.5,2.1905245651007,0,0,0.160031997680664,1.63,0,-5399.9521484375
100000000000000000000000,1,922125000,0,-47,3.2152237314083,0,0,0.160031997680664,1.63,0,-5399.9521484375
100000000000000000000003,1,922125000,0,-47.5,2.95137903589197,0,0,0.160031997680664,1.63,0,-5399.9521484375
100000000000000000000000,1,922125000,0,-47,3.23363150086293,0,0,0.160031997680664,1.63,0,-5399.9521484375
100000000000000000000002,1,922125000,0,-46.5,3.73064127613788,0,0,0.160031997680664,1.63,0,-5399.9521484375
100000000000000000000003,1,922125000,0,-47.5,2.95137903589197,0,0,0.160031997680664,1.63,0,-5399.9521484375
100000000000000000000004,1,922125000,0,-51.5,2.22120418085841,0,0,0.160031997680664,1.63,0,-5399.9521484375
100000000000000000000001,1,922125000,0,-50,3.49747619637926,0,0,0.160031997680664,1.63,0,-5399.9521484375
100000000000000000000000,1,922125000,0,-47,3.22135965455985,0,0,0.160031997680664,1.63,0,-5399.9521484375
100000000000000000000001,1,922125000,0,-50,3.50974804268235,0,0,0.160031997680664,1.63,0,-5399.9521484375
100000000000000000000002,1,922125000,0,-46.5,3.72450535298634,0,0,0.160031997680664,1.63,0,-5399.9521484375
100000000000000000000003,1,922125000,0,-47.5,2.93297126643735,0,0,0.160031997680664,1.63,0,-5399.9521484375
100000000000000000000004,1,922125000,0,-52,2.20279641140378,0,0,0.160031997680664,1.63,0,-5399.9521484375
100000000000000000000000,1,922125000,0,-47,3.20908780825676,0,0,0.160031997680664,1.63,0,-5399.9521484375
100000000000000000000002,1,922125000,0,-46.5,3.71223350668325,0,0,0.160031997680664,1.63,0,-5399.9521484375
100000000000000000000003,1,922125000,0,-47.5,2.93910718958889,0,0,0.160031997680664,1.63,0,-5399.9521484375
100000000000000000000001,1,922125000,0,-50,3.49134027322772,0,0,0.160031997680664,1.63,0,-5399.9521484375
100000000000000000000004,1,922125000,0,-51.5,2.22120418085841,0,0,0.160031997680664,1.63,0,-5399.9521484375
100000000000000000000000,1,922125000,0,-47,3.19068003880213,0,0,0.160031997680664,1.63,0,-5399.9521484375
100000000000000000000002,1,922125000,0,-46.5,3.71836942983479,0,0,0.160031997680664,1.63,0,-5399.9521484375
100000000000000000000001,1,922125000,0,-50,3.49747619637926,0,0,0.160031997680664,1.63,0,-5399.9521484375
100000000000000000000003,1,922125000,0,-47.5,2.95137903589197,0,0,0.160031997680664,1.63,0,-5399.9521484375
100000000000000000000004,1,922125000,0,-52,2.19666048825224,0,0,0.160031997680664,1.63,0,-5399.9521484375
100000000000000000000004,1,922125000,0,-52,2.22120418085841,0,0,0.160031997680664,1.63,0,-5399.9521484375
100000000000000000000003,1,922125000,0,-47.5,2.93910718958889,0,0,0.160031997680664,1.63,0,-5399.9521484375
100000000000000000000000,1,922125000,0,-47,3.22749557771139,0,0,0.160031997680664,1.63,0,-5399.9521484375
100000000000000000000001,1,922125000,0,-50,3.49134027322772,0,0,0.160031997680664,1.63,0,-5399.9521484375
100000000000000000000002,1,922125000,0,-46.5,3.69996166038017,0,0,0.160031997680664,1.63,0,-5399.9521484375
100000000000000000000001,1,922125000,0,-50,3.49134027322772,0,0,0.160031997680664,1.63,0,-5399.9521484375
100000000000000000000000,1,922125000,0,-47,3.22749557771139,0,0,0.160031997680664,1.63,0,-5399.9521484375
100000000000000000000003,1,922125000,0,-47.5,2.96365088219506,0,0,0.160031997680664,1.63,0,-5399.9521484375
100000000000000000000004,1,922125000,0,-51.5,2.22120418085841,0,0,0.160031997680664,1.63,0,-5399.9521484375
100000000000000000000002,1,922125000,0,-46.5,3.71836942983479,0,0,0.160031997680664,1.63,0,-5399.9521484375
100000000000000000000002,1,922125000,0,-46.5,3.76745681504713,0,0,0.160031997680664,1.63,0,-5399.9521484375
100000000000000000000000,1,922125000,0,-47,3.20908780825676,0,0,0.160031997680664,1.63,0,-5399.9521484375
100000000000000000000003,1,922125000,0,-47.5,2.94524311274043,0,0,0.160031997680664,1.63,0,-5399.9521484375
100000000000000000000001,1,922125000,0,-50,3.48520435007618,0,0,0.160031997680664,1.63,0,-5399.9521484375
100000000000000000000004,1,922125000,0,-51.5,2.25801971976766,0,0,0.160031997680664,1.63,0,-5399.9521484375
100000000000000000000004,1,922125000,0,-52,2.24574787346458,0,0,0.160031997680664,1.63,0,-5399.9521484375
100000000000000000000003,1,922125000,0,-47.5,2.93910718958889,0,0,0.160031997680664,1.63,0,-5399.9521484375
100000000000000000000002,1,922125000,0,-46.5,3.72450535298634,0,0,0.160031997680664,1.63,0,-5399.9521484375
100000000000000000000000,1,922125000,0,-47,3.22135965455985,0,0,0.160031997680664,1.63,0,-5399.9521484375
100000000000000000000001,1,922125000,0,-50,3.5036121195308,0,0,0.160031997680664,1.63,0,-5399.9521484375
100000000000000000000001,1,922125000,0,-50,3.50974804268235,0,0,0.160031997680664,1.63,0,-5399.9521484375
100000000000000000000000,1,922125000,0,-47,3.20908780825676,0,0,0.160031997680664,1.63,0,-5399.9521484375
100000000000000000000002,1,922125000,0,-46.5,3.73677719928942,0,0,0.160031997680664,1.63,0,-5399.9521484375
100000000000000000000004,1,922125000,0,-51.5,2.23347602716149,0,0,0.160031997680664,1.63,0,-5399.9521484375
100000000000000000000003,1,922125000,0,-47.5,2.94524311274043,0,0,0.160031997680664,1.63,0,-5399.9521484375
100000000000000000000001,1,922125000,0,-50,3.49134027322772,0,0,0.160031997680664,1.63,0,-5399.9521484375
100000000000000000000002,1,922125000,0,-46.5,3.72450535298634,0,0,0.160031997680664,1.63,0,-5399.9521484375
100000000000000000000000,1,922125000,0,-47,3.22135965455985,0,0,0.160031997680664,1.63,0,-5399.9521484375
100000000000000000000003,1,922125000,0,-47.5,2.91456349698272,0,0,0.160031997680664,1.63,0,-5399.9521484375
100000000000000000000004,1,922125000,0,-52,2.25801971976766,0,0,0.160031997680664,1.63,0,-5399.9521484375
100000000000000000000003,1,922125000,0,-47.5,2.94524311274043,0,0,0.160031997680664,1.63,0,-5399.9521484375
100000000000000000000004,1,922125000,0,-51.5,2.20279641140378,0,0,0.160031997680664,1.63,0,-5399.9521484375
100000000000000000000002,1,922125000,0,-46.5,3.71223350668325,0,0,0.160031997680664,1.63,0,-5399.9521484375
100000000000000000000001,1,922125000,0,-50,3.51588396583389,0,0,0.160031997680664,1.63,0,-5399.9521484375
100000000000000000000000,1,922125000,0,-47,3.19681596195368,0,0,0.160031997680664,1.63,0,-5399.9521484375
100000000000000000000000,1,922125000,0,-47,3.19068003880213,0,0,0.160031997680664,1.63,0,-5399.9521484375
100000000000000000000002,1,922125000,0,-46.5,3.70609758353171,0,0,0.160031997680664,1.63,0,-5399.9521484375
100000000000000000000001,1,922125000,0,-50,3.49747619637926,0,0,0.160031997680664,1.63,0,-5399.9521484375
100000000000000000000003,1,922125000,0,-47.5,2.93910718958889,0,0,0.160031997680664,1.63,0,-5399.9521484375
100000000000000000000004,1,922125000,0,-51.5,2.22734010400995,0,0,0.160031997680664,1.63,0,-5399.9521484375
100000000000000000000003,1,922125000,0,-47.5,2.93910718958889,0,0,0.160031997680664,1.63,0,-5399.9521484375
100000000000000000000002,1,922125000,0,-46.5,3.71836942983479,0,0,0.160031997680664,1.63,0,-5399.9521484375
100000000000000000000001,1,922125000,0,-50,3.49134027322772,0,0,0.160031997680664,1.63,0,-5399.9521484375
100000000000000000000004,1,922125000,0,-51.5,2.23961195031304,0,0,0.160031997680664,1.63,0,-5399.9521484375
100000000000000000000000,1,922125000,0,-47,3.22749557771139,0,0,0.160031997680664,1.63,0,-5399.9521484375
100000000000000000000003,1,922125000,0,-47.5,2.94524311274043,0,0,0.160031997680664,1.63,0,-5399.9521484375
100000000000000000000002,1,922125000,0,-46.5,3.72450535298634,0,0,0.160031997680664,1.63,0,-5399.9521484375
100000000000000000000001,1,922125000,0,-50,3.49134027322772,0,0,0.160031997680664,1.63,0,-5399.9521484375
100000000000000000000004,1,922125000,0,-52,2.26415564291921,0,0,0.160031997680664,1.63,0,-5399.9521484375
100000000000000000000000,1,922125000,0,-47,3.22135965455985,0,0,0.160031997680664,1.63,0,-5399.9521484375
100000000000000000000002,1,922125000,0,-46.5,3.71836942983479,0,0,0.160031997680664,1.63,0,-5399.9521484375
100000000000000000000004,1,922125000,0,-51.5,2.22734010400995,0,0,0.160031997680664,1.63,0,-5399.9521484375
100000000000000000000000,1,922125000,0,-47,3.19681596195368,0,0,0.160031997680664,1.63,0,-5399.9521484375
100000000000000000000001,1,922125000,0,-50,3.49747619637926,0,0,0.160031997680664,1.63,0,-5399.9521484375
100000000000000000000003,1,922125000,0,-47.5,2.94524311274043,0,0,0.160031997680664,1.63,0,-5399.9521484375
100000000000000000000000,1,922125000,0,-47,3.22749557771139,0,0,0.160031997680664,1.63,0,-5399.9521484375
100000000000000000000001,1,922125000,0,-50,3.50974804268235,0,0,0.160031997680664,1.63,0,-5399.9521484375
100000000000000000000004,1,922125000,0,-52,2.23347602716149,0,0,0.160031997680664,1.63,0,-5399.9521484375
100000000000000000000002,1,922125000,0,-46.5,3.69382573722862,0,0,0.160031997680664,1.63,0,-5399.9521484375
100000000000000000000003,1,922125000,0,-47.5,2.95137903589197,0,0,0.160031997680664,1.63,0,-5399.9521484375
100000000000000000000001,1,922125000,0,-50,3.5036121195308,0,0,0.160031997680664,1.63,0,-5399.9521484375
100000000000000000000000,1,922125000,0,-47,3.20295188510522,0,0,0.160031997680664,1.63,0,-5399.9521484375
100000000000000000000002,1,922125000,0,-46.5,3.73677719928942,0,0,0.160031997680664,1.63,0,-5399.9521484375
100000000000000000000003,1,922125000,0,-47.5,2.95751495904352,0,0,0.160031997680664,1.63,0,-5399.9521484375
100000000000000000000004,1,922125000,0,-51.5,2.22120418085841,0,0,0.160031997680664,1.63,0,-5399.9521484375
100000000000000000000001,1,922125000,0,-50,3.47906842692463,0,0,0.160031997680664,1.63,0,-5399.9521484375
100000000000000000000002,1,922125000,0,-46.5,3.72450535298634,0,0,0.160031997680664,1.63,0,-5399.9521484375
100000000000000000000004,1,922125000,0,-52,2.20279641140378,0,0,0.160031997680664,1.63,0,-5399.9521484375
100000000000000000000000,1,922125000,0,-47,3.22135965455985,0,0,0.160031997680664,1.63,0,-5399.9521484375
100000000000000000000003,1,922125000,0,-47.5,2.94524311274043,0,0,0.160031997680664,1.63,0,-5399.9521484375
100000000000000000000004,1,922125000,0,-52,2.23961195031304,0,0,0.160031997680664,1.63,0,-5399.9521484375
100000000000000000000003,1,922125000,0,-47.5,2.95137903589197,0,0,0.160031997680664,1.63,0,-5399.9521484375
100000000000000000000000,1,922125000,0,-47,3.20908780825676,0,0,0.160031997680664,1.63,0,-5399.9521484375
100000000000000000000002,1,922125000,0,-46.5,3.72450535298634,0,0,0.160031997680664,1.63,0,-5399.9521484375
100000000000000000000001,1,922125000,0,-50,3.48520435007618,0,0,0.160031997680664,1.63,0,-5399.9521484375
100000000000000000000004,1,922125000,0,-51.5,2.22734010400995,0,0,0.160031997680664,1.63,0,-5399.9521484375
100000000000000000000002,1,922125000,0,-46.5,3.73677719928942,0,0,0.160031997680664,1.63,0,-5399.9521484375
100000000000000000000003,1,922125000,0,-47.5,2.94524311274043,0,0,0.160031997680664,1.63,0,-5399.9521484375
100000000000000000000000,1,922125000,0,-47,3.22749557771139,0,0,0.160031997680664,1.63,0,-5399.9521484375
100000000000000000000001,1,922125000,0,-50,3.49747619637926,0,0,0.160031997680664,1.63,0,-5399.9521484375
100000000000000000000002,1,922125000,0,-46.5,3.71836942983479,0,0,0.160031997680664,1.63,0,-5399.9521484375
100000000000000000000003,1,922125000,0,-47,2.95137903589197,0,0,0.160031997680664,1.63,0,-5399.9521484375
100000000000000000000004,1,922125000,0,-51.5,2.21506825770687,0,0,0.160031997680664,1.63,0,-5399.9521484375
100000000000000000000001,1,922125000,0,-50,3.49747619637926,0,0,0.160031997680664,1.63,0,-5399.9521484375
100000000000000000000000,1,922125000,0,-47,3.22135965455985,0,0,0.160031997680664,1.63,0,-5399.9521484375
100000000000000000000002,1,922125000,0,-46.5,3.73677719928942,0,0,0.160031997680664,1.63,0,-5399.9521484375
100000000000000000000003,1,922125000,0,-47.5,2.92069942013426,0,0,0.160031997680664,1.63,0,-5399.9521484375
100000000000000000000004,1,922125000,0,-52,2.25801971976766,0,0,0.160031997680664,1.63,0,-5399.9521484375
100000000000000000000000,1,922125000,0,-47,3.22749557771139,0,0,0.160031997680664,1.63,0,-5399.9521484375
100000000000000000000001,1,922125000,0,-50,3.49747619637926,0,0,0.160031997680664,1.63,0,-5399.9521484375
100000000000000000000000,1,922125000,0,-47,3.20908780825676,0,0,0.160031997680664,1.63,0,-5399.9521484375
100000000000000000000004,1,922125000,0,-51.5,2.22120418085841,0,0,0.160031997680664,1.63,0,-5399.9521484375
100000000000000000000001,1,922125000,0,-50,3.5036121195308,0,0,0.160031997680664,1.63,0,-5399.9521484375
100000000000000000000002,1,922125000,0,-46.5,3.73677719928942,0,0,0.160031997680664,1.63,0,-5399.9521484375
100000000000000000000003,1,922125000,0,-47.5,2.93910718958889,0,0,0.160031997680664,1.63,0,-5399.9521484375
100000000000000000000002,1,922125000,0,-46.5,3.72450535298634,0,0,0.160031997680664,1.63,0,-5399.9521484375
100000000000000000000001,1,922125000,0,-50,3.48520435007618,0,0,0.160031997680664,1.63,0,-5399.9521484375
100000000000000000000000,1,922125000,0,-47,3.23976742401447,0,0,0.160031997680664,1.63,0,-5399.9521484375
100000000000000000000003,1,922125000,0,-47.5,2.95751495904352,0,0,0.160031997680664,1.63,0,-5399.9521484375
100000000000000000000004,1,922125000,0,-52,2.23961195031304,0,0,0.160031997680664,1.63,0,-5399.9521484375
100000000000000000000000,1,922125000,0,-47,3.19068003880213,0,0,0.160031997680664,1.63,0,-5399.9521484375
100000000000000000000003,1,922125000,0,-47.5,2.9697868053466,0,0,0.160031997680664,1.63,0,-5399.9521484375
100000000000000000000001,1,922125000,0,-50,3.50974804268235,0,0,0.160031997680664,1.63,0,-5399.9521484375
100000000000000000000004,1,922125000,0,-52,2.23961195031304,0,0,0.160031997680664,1.63,0,-5399.9521484375
100000000000000000000002,1,922125000,0,-46.5,3.69996166038017,0,0,0.160031997680664,1.63,0,-5399.9521484375
100000000000000000000002,1,922125000,0,-46.5,3.70609758353171,0,0,0.160031997680664,1.63,0,-5399.9521484375
100000000000000000000004,1,922125000,0,-52,2.26415564291921,0,0,0.160031997680664,1.63,0,-5399.9521484375
100000000000000000000000,1,922125000,0,-47,3.23363150086293,0,0,0.160031997680664,1.63,0,-5399.9521484375
100000000000000000000001,1,922125000,0,-50,3.47906842692463,0,0,0.160031997680664,1.63,0,-5399.9521484375
100000000000000000000003,1,922125000,0,-47.5,2.95137903589197,0,0,0.160031997680664,1.63,0,-5399.9521484375
100000000000000000000003,1,922125000,0,-47,2.95137903589197,0,0,0.160031997680664,1.63,0,-5399.9521484375
100000000000000000000000,1,922125000,0,-47,3.23363150086293,0,0,0.160031997680664,1.63,0,-5399.9521484375
100000000000000000000001,1,922125000,0,-50,3.49747619637926,0,0,0.160031997680664,1.63,0,-5399.9521484375
100000000000000000000004,1,922125000,0,-51.5,2.19666048825224,0,0,0.160031997680664,1.63,0,-5399.9521484375
100000000000000000000002,1,922125000,0,-46.5,3.71223350668325,0,0,0.160031997680664,1.63,0,-5399.9521484375
100000000000000000000002,1,922125000,0,-46.5,3.73064127613788,0,0,0.160031997680664,1.63,0,-5399.9521484375
100000000000000000000004,1,922125000,0,-51.5,2.20279641140378,0,0,0.160031997680664,1.63,0,-5399.9521484375
100000000000000000000000,1,922125000,0,-47,3.19068003880213,0,0,0.160031997680664,1.63,0,-5399.9521484375
100000000000000000000003,1,922125000,0,-47.5,2.94524311274043,0,0,0.160031997680664,1.63,0,-5399.9521484375
100000000000000000000001,1,922125000,0,-50,3.52201988898543,0,0,0.160031997680664,1.63,0,-5399.9521484375
100000000000000000000000,1,922125000,0,-47,3.22749557771139,0,0,0.160031997680664,1.63,0,-5399.9521484375
100000000000000000000001,1,922125000,0,-50,3.49747619637926,0,0,0.160031997680664,1.63,0,-5399.9521484375
100000000000000000000004,1,922125000,0,-52,2.23347602716149,0,0,0.160031997680664,1.63,0,-5399.9521484375
100000000000000000000002,1,922125000,0,-46.5,3.74291312244096,0,0,0.160031997680664,1.63,0,-5399.9521484375
100000000000000000000003,1,922125000,0,-47.5,2.94524311274043,0,0,0.160031997680664,1.63,0,-5399.9521484375
100000000000000000000002,1,922125000,0,-46.5,3.70609758353171,0,0,0.160031997680664,1.63,0,-5399.9521484375
100000000000000000000000,1,922125000,0,-47,3.23363150086293,0,0,0.160031997680664,1.63,0,-5399.9521484375
100000000000000000000004,1,922125000,0,-52,2.22120418085841,0,0,0.160031997680664,1.63,0,-5399.9521484375
100000000000000000000001,1,922125000,0,-50,3.52201988898543,0,0,0.160031997680664,1.63,0,-5399.9521484375
100000000000000000000003,1,922125000,0,-47.5,2.94524311274043,0,0,0.160031997680664,1.63,0,-5399.9521484375
100000000000000000000004,1,922125000,0,-52,2.23961195031304,0,0,0.160031997680664,1.63,0,-5399.9521484375
100000000000000000000000,1,922125000,0,-47,3.23976742401447,0,0,0.160031997680664,1.63,0,-5399.9521484375
100000000000000000000001,1,922125000,0,-50,3.50974804268235,0,0,0.160031997680664,1.63,0,-5399.9521484375
100000000000000000000002,1,922125000,0,-46.5,3.73064127613788,0,0,0.160031997680664,1.63,0,-5399.9521484375
100000000000000000000003,1,922125000,0,-47.5,2.96365088219506,0,0,0.160031997680664,1.63,0,-5399.9521484375
100000000000000000000003,1,922125000,0,-47.5,2.95137903589197,0,0,0.160031997680664,1.63,0,-5399.9521484375
100000000000000000000002,1,922125000,0,-46.5,3.71223350668325,0,0,0.160031997680664,1.63,0,-5399.9521484375
100000000000000000000001,1,922125000,0,-50,3.50974804268235,0,0,0.160031997680664,1.63,0,-5399.9521484375
100000000000000000000004,1,922125000,0,-52,2.24574787346458,0,0,0.160031997680664,1.63,0,-5399.9521484375
100000000000000000000000,1,922125000,0,-47,3.20908780825676,0,0,0.160031997680664,1.63,0,-5399.9521484375
100000000000000000000002,1,922125000,0,-46.5,3.71836942983479,0,0,0.160031997680664,1.63,0,-5399.9521484375
100000000000000000000001,1,922125000,0,-50,3.49747619637926,0,0,0.160031997680664,1.63,0,-5399.9521484375
100000000000000000000004,1,922125000,0,-52,2.20893233455532,0,0,0.160031997680664,1.63,0,-5399.9521484375
100000000000000000000003,1,922125000,0,-47,2.94524311274043,0,0,0.160031997680664,1.63,0,-5399.9521484375
100000000000000000000000,1,922125000,0,-47,3.19068003880213,0,0,0.160031997680664,1.63,0,-5399.9521484375
100000000000000000000003,1,922125000,0,-47.5,2.93910718958889,0,0,0.160031997680664,1.63,0,-5399.9521484375
100000000000000000000001,1,922125000,0,-50,3.49134027322772,0,0,0.160031997680664,1.63,0,-5399.9521484375
100000000000000000000000,1,922125000,0,-47,3.20908780825676,0,0,0.160031997680664,1.63,0,-5399.9521484375
100000000000000000000002,1,922125000,0,-46.5,3.72450535298634,0,0,0.160031997680664,1.63,0,-5399.9521484375
100000000000000000000004,1,922125000,0,-52,2.24574787346458,0,0,0.160031997680664,1.63,0,-5399.9521484375
100000000000000000000004,1,922125000,0,-51.5,2.23961195031304,0,0,0.160031997680664,1.63,0,-5399.9521484375
100000000000000000000000,1,922125000,0,-47,3.20295188510522,0,0,0.160031997680664,1.63,0,-5399.9521484375
100000000000000000000003,1,922125000,0,-47.5,2.95751495904352,0,0,0.160031997680664,1.63,0,-5399.9521484375
100000000000000000000002,1,922125000,0,-46.5,3.73677719928942,0,0,0.160031997680664,1.63,0,-5399.9521484375
100000000000000000000001,1,922125000,0,-50,3.51588396583389,0,0,0.160031997680664,1.63,0,-5399.9521484375
100000000000000000000001,1,922125000,0,-50,3.47906842692463,0,0,0.160031997680664,1.63,0,-5399.9521484375
100000000000000000000002,1,922125000,0,-46.5,3.71836942983479,0,0,0.160031997680664,1.63,0,-5399.9521484375
100000000000000000000004,1,922125000,0,-51.5,2.27642748922229,0,0,0.160031997680664,1.63,0,-5399.9521484375
100000000000000000000000,1,922125000,0,-47,3.20908780825676,0,0,0.160031997680664,1.63,0,-5399.9521484375
100000000000000000000003,1,922125000,0,-47.5,2.94524311274043,0,0,0.160031997680664,1.63,0,-5399.9521484375
100000000000000000000001,1,922125000,0,-50,3.5036121195308,0,0,0.160031997680664,1.63,0,-5399.9521484375
100000000000000000000000,1,922125000,0,-47,3.2152237314083,0,0,0.160031997680664,1.63,0,-5399.9521484375
100000000000000000000002,1,922125000,0,-46.5,3.73677719928942,0,0,0.160031997680664,1.63,0,-5399.9521484375
100000000000000000000004,1,922125000,0,-51.5,2.20893233455532,0,0,0.160031997680664,1.63,0,-5399.9521484375
100000000000000000000003,1,922125000,0,-47.5,2.94524311274043,0,0,0.160031997680664,1.63,0,-5399.9521484375
100000000000000000000002,1,922125000,0,-46.5,3.74291312244096,0,0,0.160031997680664,1.63,0,-5399.9521484375
100000000000000000000001,1,922125000,0,-50,3.5036121195308,0,0,0.160031997680664,1.63,0,-5399.9521484375
100000000000000000000000,1,922125000,0,-47,3.2152237314083,0,0,0.160031997680664,1.63,0,-5399.9521484375
100000000000000000000003,1,922125000,0,-47,2.9268353432858,0,0,0.160031997680664,1.63,0,-5399.9521484375
100000000000000000000004,1,922125000,0,-52,2.22120418085841,0,0,0.160031997680664,1.63,0,-5399.9521484375
100000000000000000000004,1,922125000,0,-51.5,2.23347602716149,0,0,0.160031997680664,1.63,0,-5399.9521484375
100000000000000000000002,1,922125000,0,-46.5,3.74291312244096,0,0,0.160031997680664,1.63,0,-5399.9521484375
100000000000000000000000,1,922125000,0,-47,3.22749557771139,0,0,0.160031997680664,1.63,0,-5399.9521484375
100000000000000000000003,1,922125000,0,-47.5,2.94524311274043,0,0,0.160031997680664,1.63,0,-5399.9521484375
100000000000000000000001,1,922125000,0,-50,3.48520435007618,0,0,0.160031997680664,1.63,0,-5399.9521484375
100000000000000000000001,1,922125000,0,-50,3.47906842692463,0,0,0.160031997680664,1.63,0,-5399.9521484375
100000000000000000000003,1,922125000,0,-47.5,2.93910718958889,0,0,0.160031997680664,1.63,0,-5399.9521484375
100000000000000000000004,1,922125000,0,-52,2.26415564291921,0,0,0.160031997680664,1.63,0,-5399.9521484375
100000000000000000000002,1,922125000,0,-46.5,3.73064127613788,0,0,0.160031997680664,1.63,0,-5399.9521484375
100000000000000000000000,1,922125000,0,-47,3.19681596195368,0,0,0.160031997680664,1.63,0,-5399.9521484375
100000000000000000000000,1,922125000,0,-47,3.20295188510522,0,0,0.160031997680664,1.63,0,-5399.9521484375
100000000000000000000001,1,922125000,0,-50,3.49747619637926,0,0,0.160031997680664,1.63,0,-5399.9521484375
100000000000000000000003,1,922125000,0,-47.5,2.93910718958889,0,0,0.160031997680664,1.63,0,-5399.9521484375
100000000000000000000002,1,922125000,0,-46.5,3.72450535298634,0,0,0.160031997680664,1.63,0,-5399.9521484375
100000000000000000000004,1,922125000,0,-51.5,2.26415564291921,0,0,0.160031997680664,1.63,0,-5399.9521484375
100000000000000000000003,1,922125000,0,-47.5,2.95137903589197,0,0,0.160031997680664,1.63,0,-5399.9521484375
100000000000000000000000,1,922125000,0,-47,3.23363150086293,0,0,0.160031997680664,1.63,0,-5399.9521484375
100000000000000000000001,1,922125000,0,-50,3.49134027322772,0,0,0.160031997680664,1.63,0,-5399.9521484375
100000000000000000000002,1,922125000,0,-46.5,3.74291312244096,0,0,0.160031997680664,1.63,0,-5399.9521484375
100000000000000000000004,1,922125000,0,-52,2.25801971976766,0,0,0.160031997680664,1.63,0,-5399.9521484375
100000000000000000000002,1,922125000,0,-46.5,3.74904904559251,0,0,0.160031997680664,1.63,0,-5399.9521484375
100000000000000000000000,1,922125000,0,-47,3.19681596195368,0,0,0.160031997680664,1.63,0,-5399.9521484375
100000000000000000000001,1,922125000,0,-50,3.50974804268235,0,0,0.160031997680664,1.63,0,-5399.9521484375
100000000000000000000004,1,922125000,0,-51.5,2.21506825770687,0,0,0.160031997680664,1.63,0,-5399.9521484375
100000000000000000000003,1,922125000,0,-47,2.94524311274043,0,0,0.160031997680664,1.63,0,-5399.9521484375
100000000000000000000004,1,922125000,0,-51.5,2.22120418085841,0,0,0.160031997680664,1.63,0,-5399.9521484375
100000000000000000000003,1,922125000,0,-47,2.95751495904352,0,0,0.160031997680664,1.63,0,-5399.9521484375
100000000000000000000002,1,922125000,0,-46.5,3.74291312244096,0,0,0.160031997680664,1.63,0,-5399.9521484375
100000000000000000000001,1,922125000,0,-50,3.47293250377309,0,0,0.160031997680664,1.63,0,-5399.9521484375
100000000000000000000000,1,922125000,0,-47,3.22135965455985,0,0,0.160031997680664,1.63,0,-5399.9521484375
100000000000000000000000,1,922125000,0,-47,3.23363150086293,0,0,0.160031997680664,1.63,0,-5399.9521484375
100000000000000000000004,1,922125000,0,-52,2.25188379661612,0,0,0.160031997680664,1.63,0,-5399.9521484375
100000000000000000000001,1,922125000,0,-50,3.49134027322772,0,0,0.160031997680664,1.63,0,-5399.9521484375
100000000000000000000002,1,922125000,0,-46.5,3.73677719928942,0,0,0.160031997680664,1.63,0,-5399.9521484375
100000000000000000000003,1,922125000,0,-47.5,2.95751495904352,0,0,0.160031997680664,1.63,0,-5399.9521484375
100000000000000000000002,1,922125000,0,-46.5,3.73064127613788,0,0,0.160031997680664,1.63,0,-5399.9521484375
100000000000000000000001,1,922125000,0,-50,3.49747619637926,0,0,0.160031997680664,1.63,0,-5399.9521484375
100000000000000000000003,1,922125000,0,-47.5,2.94524311274043,0,0,0.160031997680664,1.63,0,-5399.9521484375
100000000000000000000000,1,922125000,0,-47,3.22749557771139,0,0,0.160031997680664,1.63,0,-5399.9521484375
100000000000000000000004,1,922125000,0,-52,2.23961195031304,0,0,0.160031997680664,1.63,0,-5399.9521484375
100000000000000000000000,1,922125000,0,-47,3.22749557771139,0,0,0.160031997680664,1.63,0,-5399.9521484375
100000000000000000000004,1,922125000,0,-51.5,2.23347602716149,0,0,0.160031997680664,1.63,0,-5399.9521484375
100000000000000000000002,1,922125000,0,-46.5,3.75518496874405,0,0,0.160031997680664,1.63,0,-5399.9521484375
100000000000000000000003,1,922125000,0,-47.5,2.93297126643735,0,0,0.160031997680664,1.63,0,-5399.9521484375
100000000000000000000001,1,922125000,0,-50,3.50974804268235,0,0,0.160031997680664,1.63,0,-5399.9521484375
100000000000000000000003,1,922125000,0,-47,2.94524311274043,0,0,0.160031997680664,1.63,0,-5399.9521484375
100000000000000000000004,1,922125000,0,-51.5,2.23347602716149,0,0,0.160031997680664,1.63,0,-5399.9521484375
100000000000000000000002,1,922125000,0,-46.5,3.73677719928942,0,0,0.160031997680664,1.63,0,-5399.9521484375
100000000000000000000001,1,922125000,0,-50,3.5036121195308,0,0,0.160031997680664,1.63,0,-5399.9521484375
100000000000000000000000,1,922125000,0,-47,3.23976742401447,0,0,0.160031997680664,1.63,0,-5399.9521484375
100000000000000000000000,1,922125000,0,-47,3.22749557771139,0,0,0.160031997680664,1.63,0,-5399.9521484375
100000000000000000000004,1,922125000,0,-51.5,2.18438864194915,0,0,0.160031997680664,1.63,0,-5399.9521484375
100000000000000000000003,1,922125000,0,-47.5,2.93910718958889,0,0,0.160031997680664,1.63,0,-5399.9521484375
100000000000000000000001,1,922125000,0,-50,3.47906842692463,0,0,0.160031997680664,1.63,0,-5399.9521484375
100000000000000000000002,1,922125000,0,-46.5,3.73064127613788,0,0,0.160031997680664,1.63,0,-5399.9521484375
100000000000000000000002,1,922125000,0,-46.5,3.70609758353171,0,0,0.160031997680664,1.63,0,-5399.9521484375
100000000000000000000000,1,922125000,0,-47,3.2152237314083,0,0,0.160031997680664,1.63,0,-5399.9521484375
100000000000000000000001,1,922125000,0,-50,3.47906842692463,0,0,0.160031997680664,1.63,0,-5399.9521484375
100000000000000000000003,1,922125000,0,-47.5,2.93297126643735,0,0,0.160031997680664,1.63,0,-5399.9521484375
100000000000000000000004,1,922125000,0,-51.5,2.25188379661612,0,0,0.160031997680664,1.63,0,-5399.9521484375
100000000000000000000003,1,922125000,0,-47.5,2.94524311274043,0,0,0.160031997680664,1.63,0,-5399.9521484375
100000000000000000000001,1,922125000,0,-50,3.5036121195308,0,0,0.160031997680664,1.63,0,-5399.9521484375
100000000000000000000002,1,922125000,0,-46.5,3.76132089189559,0,0,0.160031997680664,1.63,0,-5399.9521484375
100000000000000000000004,1,922125000,0,-52,2.22120418085841,0,0,0.160031997680664,1.63,0,-5399.9521484375
100000000000000000000000,1,922125000,0,-47,3.20295188510522,0,0,0.160031997680664,1.63,0,-5399.9521484375
100000000000000000000004,1,922125000,0,-52,2.25801971976766,0,0,0.160031997680664,1.63,0,-5399.9521484375
100000000000000000000003,1,922125000,0,-47.5,2.96365088219506,0,0,0.160031997680664,1.63,0,-5399.9521484375
100000000000000000000000,1,922125000,0,-47,3.2152237314083,0,0,0.160031997680664,1.63,0,-5399.9521484375
100000000000000000000002,1,922125000,0,-46.5,3.73064127613788,0,0,0.160031997680664,1.63,0,-5399.9521484375
100000000000000000000001,1,922125000,0,-50,3.48520435007618,0,0,0.160031997680664,1.63,0,-5399.9521484375
100000000000000000000000,1,922125000,0,-47,3.22135965455985,0,0,0.160031997680664,1.63,0,-5399.9521484375
100000000000000000000003,1,922125000,0,-47.5,2.96365088219506,0,0,0.160031997680664,1.63,0,-5399.9521484375
100000000000000000000001,1,922125000,0,-50,3.49134027322772,0,0,0.160031997680664,1.63,0,-5399.9521484375
100000000000000000000002,1,922125000,0,-46.5,3.72450535298634,0,0,0.160031997680664,1.63,0,-5399.9521484375
100000000000000000000004,1,922125000,0,-51.5,2.17825271879761,0,0,0.160031997680664,1.63,0,-5399.9521484375
100000000000000000000003,1,922125000,0,-47.5,2.93910718958889,0,0,0.160031997680664,1.63,0,-5399.9521484375
100000000000000000000002,1,922125000,0,-46.5,3.74904904559251,0,0,0.160031997680664,1.63,0,-5399.9521484375
100000000000000000000000,1,922125000,0,-47,3.20295188510522,0,0,0.160031997680664,1.63,0,-5399.9521484375
100000000000000000000004,1,922125000,0,-52,2.24574787346458,0,0,0.160031997680664,1.63,0,-5399.9521484375
100000000000000000000001,1,922125000,0,-50,3.48520435007618,0,0,0.160031997680664,1.63,0,-5399.9521484375
100000000000000000000003,1,922125000,0,-47.5,2.95137903589197,0,0,0.160031997680664,1.63,0,-5399.9521484375
100000000000000000000004,1,922125000,0,-52,2.20279641140378,0,0,0.160031997680664,1.63,0,-5399.9521484375
100000000000000000000001,1,922125000,0,-50,3.49134027322772,0,0,0.160031997680664,1.63,0,-5399.9521484375
100000000000000000000000,1,922125000,0,-47,3.20295188510522,0,0,0.160031997680664,1.63,0,-5399.9521484375
100000000000000000000002,1,922125000,0,-46.5,3.72450535298634,0,0,0.160031997680664,1.63,0,-5399.9521484375
100000000000000000000000,1,922125000,0,-47,3.23363150086293,0,0,0.160031997680664,1.63,0,-5399.9521484375
100000000000000000000004,1,922125000,0,-52,2.23961195031304,0,0,0.160031997680664,1.63,0,-5399.9521484375
100000000000000000000002,1,922125000,0,-46.5,3.72450535298634,0,0,0.160031997680664,1.63,0,-5399.9521484375
100000000000000000000003,1,922125000,0,-47.5,2.93297126643735,0,0,0.160031997680664,1.63,0,-5399.9521484375
100000000000000000000001,1,922125000,0,-50,3.47906842692463,0,0,0.160031997680664,1.63,0,-5399.9521484375
100000000000000000000002,1,922125000,0,-46.5,3.70609758353171,0,0,0.160031997680664,1.63,0,-5399.9521484375
100000000000000000000003,1,922125000,0,-47.5,2.94524311274043,0,0,0.160031997680664,1.63,0,-5399.9521484375
100000000000000000000000,1,922125000,0,-47,3.24590334716602,0,0,0.160031997680664,1.63,0,-5399.9521484375
100000000000000000000001,1,922125000,0,-50,3.53429173528852,0,0,0.160031997680664,1.63,0,-5399.9521484375
100000000000000000000004,1,922125000,0,-51.5,2.25801971976766,0,0,0.160031997680664,1.63,0,-5399.9521484375
100000000000000000000000,1,922125000,0,-47,3.23363150086293,0,0,0.160031997680664,1.63,0,-5399.9521484375
100000000000000000000004,1,922125000,0,-51.5,2.24574787346458,0,0,0.160031997680664,1.63,0,-5399.9521484375
100000000000000000000002,1,922125000,0,-46.5,3.71836942983479,0,0,0.160031997680664,1.63,0,-5399.9521484375
100000000000000000000001,1,922125000,0,-50,3.46679658062155,0,0,0.160031997680664,1.63,0,-5399.9521484375
100000000000000000000003,1,922125000,0,-47.5,2.9268353432858,0,0,0.160031997680664,1.63,0,-5399.9521484375
100000000000000000000000,1,922125000,0,-47,3.22749557771139,0,0,0.160031997680664,1.63,0,-5399.9521484375
100000000000000000000003,1,922125000,0,-47.5,2.96365088219506,0,0,0.160031997680664,1.63,0,-5399.9521484375
100000000000000000000001,1,922125000,0,-50,3.50974804268235,0,0,0.160031997680664,1.63,0,-5399.9521484375
100000000000000000000004,1,922125000,0,-52,2.25188379661612,0,0,0.160031997680664,1.63,0,-5399.9521484375
100000000000000000000002,1,922125000,0,-46.5,3.71223350668325,0,0,0.160031997680664,1.63,0,-5399.9521484375
100000000000000000000004,1,922125000,0,-52,2.22734010400995,0,0,0.160031997680664,1.63,0,-5399.9521484375
100000000000000000000002,1,922125000,0,-46.5,3.69996166038017,0,0,0.160031997680664,1.63,0,-5399.9521484375
100000000000000000000000,1,922125000,0,-47,3.22749557771139,0,0,0.160031997680664,1.63,0,-5399.9521484375
100000000000000000000003,1,922125000,0,-47.5,2.96365088219506,0,0,0.160031997680664,1.63,0,-5399.9521484375
100000000000000000000001,1,922125000,0,-50,3.49134027322772,0,0,0.160031997680664,1.63,0,-5399.9521484375
100000000000000000000001,1,922125000,0,-50,3.5036121195308,0,0,0.160031997680664,1.63,0,-5399.9521484375
100000000000000000000003,1,922125000,0,-47.5,2.95137903589197,0,0,0.160031997680664,1.63,0,-5399.9521484375
100000000000000000000002,1,922125000,0,-46.5,3.71836942983479,0,0,0.160031997680664,1.63,0,-5399.9521484375
100000000000000000000000,1,922125000,0,-47,3.23363150086293,0,0,0.160031997680664,1.63,0,-5399.9521484375
100000000000000000000004,1,922125000,0,-52,2.25801971976766,0,0,0.160031997680664,1.63,0,-5399.9521484375
100000000000000000000001,1,922125000,0,-50,3.49134027322772,0,0,0.160031997680664,1.63,0,-5399.9521484375
100000000000000000000004,1,922125000,0,-52,2.21506825770687,0,0,0.160031997680664,1.63,0,-5399.9521484375
100000000000000000000002,1,922125000,0,-46.5,3.73064127613788,0,0,0.160031997680664,1.63,0,-5399.9521484375
100000000000000000000000,1,922125000,0,-47,3.22749557771139,0,0,0.160031997680664,1.63,0,-5399.9521484375
100000000000000000000003,1,922125000,0,-47,2.93910718958889,0,0,0.160031997680664,1.63,0,-5399.9521484375
100000000000000000000001,1,922625000,0,-50,3.68155389092554,0,0,0.160031997680664,1.63,0,-5399.9521484375
100000000000000000000003,1,922625000,0,-48,3.17840819249905,0,0,0.160031997680664,1.63,0,-5399.9521484375
100000000000000000000004,1,922625000,0,-51.5,2.53413626158708,0,0,0.160031997680664,1.63,0,-5399.9521484375
100000000000000000000000,1,922625000,0,-46,3.41770919540921,0,0,0.160031997680664,1.63,0,-5399.9521484375
100000000000000000000002,1,922625000,0,-47,3.93926266329033,0,0,0.160031997680664,1.63,0,-5399.9521484375
100000000000000000000003,1,922625000,0,-48,3.16000042304442,0,0,0.160031997680664,1.63,0,-5399.9521484375
100000000000000000000000,1,922625000,0,-46,3.42998104171229,0,0,0.160031997680664,1.63,0,-5399.9521484375
100000000000000000000004,1,922625000,0,-51.5,2.55254403104171,0,0,0.160031997680664,1.63,0,-5399.9521484375
100000000000000000000001,1,922625000,0,-50,3.69996166038017,0,0,0.160031997680664,1.63,0,-5399.9521484375
100000000000000000000002,1,922625000,0,-46.5,3.90858304753261,0,0,0.160031997680664,1.63,0,-5399.9521484375
100000000000000000000001,1,922625000,0,-50,3.68768981407708,0,0,0.160031997680664,1.63,0,-5399.9521484375
100000000000000000000000,1,922625000,0,-46.5,3.39930142595458,0,0,0.160031997680664,1.63,0,-5399.9521484375
100000000000000000000003,1,922625000,0,-48,3.17840819249905,0,0,0.160031997680664,1.63,0,-5399.9521484375
100000000000000000000002,1,922625000,0,-47,3.90858304753261,0,0,0.160031997680664,1.63,0,-5399.9521484375
100000000000000000000004,1,922625000,0,-51.5,2.52800033843554,0,0,0.160031997680664,1.63,0,-5399.9521484375
100000000000000000000000,1,922625000,0,-46.5,3.44225288801538,0,0,0.160031997680664,1.63,0,-5399.9521484375
100000000000000000000001,1,922625000,0,-50,3.68155389092554,0,0,0.160031997680664,1.63,0,-5399.9521484375
100000000000000000000004,1,922625000,0,-51.5,2.53413626158708,0,0,0.160031997680664,1.63,0,-5399.9521484375
100000000000000000000002,1,922625000,0,-46.5,3.90858304753261,0,0,0.160031997680664,1.63,0,-5399.9521484375
100000000000000000000003,1,922625000,0,-47.5,3.17840819249905,0,0,0.160031997680664,1.63,0,-5399.9521484375
100000000000000000000003,1,922625000,0,-48,3.17227226934751,0,0,0.160031997680664,1.63,0,-5399.9521484375
100000000000000000000004,1,922625000,0,-52,2.48504887637474,0,0,0.160031997680664,1.63,0,-5399.9521484375
100000000000000000000000,1,922625000,0,-46,3.43611696486384,0,0,0.160031997680664,1.63,0,-5399.9521484375
100000000000000000000002,1,922625000,0,-47,3.94539858644187,0,0,0.160031997680664,1.63,0,-5399.9521484375
100000000000000000000001,1,922625000,0,-50,3.68155389092554,0,0,0.160031997680664,1.63,0,-5399.9521484375
100000000000000000000003,1,922625000,0,-47.5,3.17227226934751,0,0,0.160031997680664,1.63,0,-5399.9521484375
100000000000000000000004,1,922625000,0,-52,2.52186441528399,0,0,0.160031997680664,1.63,0,-5399.9521484375
100000000000000000000002,1,922625000,0,-46.5,3.9208548938357,0,0,0.160031997680664,1.63,0,-5399.9521484375
100000000000000000000001,1,922625000,0,-50,3.69382573722862,0,0,0.160031997680664,1.63,0,-5399.9521484375
100000000000000000000000,1,922625000,0,-46.5,3.41770919540921,0,0,0.160031997680664,1.63,0,-5399.9521484375
100000000000000000000000,1,922625000,0,-46,3.41770919540921,0,0,0.160031997680664,1.63,0,-5399.9521484375
100000000000000000000003,1,922625000,0,-47.5,3.17840819249905,0,0,0.160031997680664,1.63,0,-5399.9521484375
100000000000000000000002,1,922625000,0,-47,3.90244712438107,0,0,0.160031997680664,1.63,0,-5399.9521484375
100000000000000000000001,1,922625000,0,-50,3.69382573722862,0,0,0.160031997680664,1.63,0,-5399.9521484375
100000000000000000000004,1,922625000,0,-52,2.53413626158708,0,0,0.160031997680664,1.63,0,-5399.9521484375
100000000000000000000002,1,922625000,0,-46.5,3.90858304753261,0,0,0.160031997680664,1.63,0,-5399.9521484375
100000000000000000000003,1,922625000,0,-47.5,3.16000042304442,0,0,0.160031997680664,1.63,0,-5399.9521484375
100000000000000000000001,1,922625000,0,-50,3.66928204462245,0,0,0.160031997680664,1.63,0,-5399.9521484375
100000000000000000000000,1,922625000,0,-46.5,3.41157327225767,0,0,0.160031997680664,1.63,0,-5399.9521484375
100000000000000000000004,1,922625000,0,-51.5,2.50959256898091,0,0,0.160031997680664,1.63,0,-5399.9521484375
100000000000000000000004,1,922625000,0,-52,2.51572849213245,0,0,0.160031997680664,1.63,0,-5399.9521484375
100000000000000000000001,1,922625000,0,-50,3.675417967774,0,0,0.160031997680664,1.63,0,-5399.9521484375
100000000000000000000002,1,922625000,0,-46.5,3.90244712438107,0,0,0.160031997680664,1.63,0,-5399.9521484375
100000000000000000000003,1,922625000,0,-48,3.17227226934751,0,0,0.160031997680664,1.63,0,-5399.9521484375
100000000000000000000000,1,922625000,0,-46,3.42384511856075,0,0,0.160031997680664,1.63,0,-5399.9521484375
100000000000000000000004,1,922625000,0,-51.5,2.51572849213245,0,0,0.160031997680664,1.63,0,-5399.9521484375
100000000000000000000001,1,922625000,0,-50,3.69382573722862,0,0,0.160031997680664,1.63,0,-5399.9521484375
100000000000000000000003,1,922625000,0,-48,3.16613634619596,0,0,0.160031997680664,1.63,0,-5399.9521484375
100000000000000000000002,1,922625000,0,-47,3.91471897068416,0,0,0.160031997680664,1.63,0,-5399.9521484375
100000000000000000000000,1,922625000,0,-46,3.42998104171229,0,0,0.160031997680664,1.63,0,-5399.9521484375
100000000000000000000001,1,922625000,0,-50,3.69382573722862,0,0,0.160031997680664,1.63,0,-5399.9521484375
100000000000000000000003,1,922625000,0,-48,3.17840819249905,0,0,0.160031997680664,1.63,0,-5399.9521484375
100000000000000000000004,1,922625000,0,-51.5,2.50959256898091,0,0,0.160031997680664,1.63,0,-5399.9521484375
100000000000000000000000,1,922625000,0,-46,3.42998104171229,0,0,0.160031997680664,1.63,0,-5399.9521484375
100000000000000000000002,1,922625000,0,-46.5,3.91471897068416,0,0,0.160031997680664,1.63,0,-5399.9521484375
100000000000000000000004,1,922625000,0,-52,2.49118479952628,0,0,0.160031997680664,1.63,0,-5399.9521484375
100000000000000000000002,1,922625000,0,-47,3.9208548938357,0,0,0.160031997680664,1.63,0,-5399.9521484375
100000000000000000000001,1,922625000,0,-50,3.68155389092554,0,0,0.160031997680664,1.63,0,-5399.9521484375
100000000000000000000000,1,922625000,0,-46,3.41770919540921,0,0,0.160031997680664,1.63,0,-5399.9521484375
100000000000000000000003,1,922625000,0,-47.5,3.16613634619596,0,0,0.160031997680664,1.63,0,-5399.9521484375
100000000000000000000004,1,922625000,0,-52,2.51572849213245,0,0,0.160031997680664,1.63,0,-5399.9521484375
100000000000000000000003,1,922625000,0,-48,3.16613634619596,0,0,0.160031997680664,1.63,0,-5399.9521484375
100000000000000000000000,1,922625000,0,-46.5,3.41770919540921,0,0,0.160031997680664,1.63,0,-5399.9521484375
100000000000000000000001,1,922625000,0,-50,3.69382573722862,0,0,0.160031997680664,1.63,0,-5399.9521484375
100000000000000000000002,1,922625000,0,-46.5,3.92699081698724,0,0,0.160031997680664,1.63,0,-5399.9521484375
100000000000000000000001,1,922625000,0,-50,3.71223350668325,0,0,0.160031997680664,1.63,0,-5399.9521484375
100000000000000000000000,1,922625000,0,-46.5,3.41157327225767,0,0,0.160031997680664,1.63,0,-5399.9521484375
100000000000000000000004,1,922625000,0,-51.5,2.54027218473862,0,0,0.160031997680664,1.63,0,-5399.9521484375
100000000000000000000002,1,922625000,0,-47,3.89017527807799,0,0,0.160031997680664,1.63,0,-5399.9521484375
100000000000000000000003,1,922625000,0,-48,3.16000042304442,0,0,0.160031997680664,1.63,0,-5399.9521484375
100000000000000000000004,1,922625000,0,-52,2.53413626158708,0,0,0.160031997680664,1.63,0,-5399.9521484375
100000000000000000000000,1,922625000,0,-46,3.42384511856075,0,0,0.160031997680664,1.63,0,-5399.9521484375
100000000000000000000002,1,922625000,0,-47,3.89631120122953,0,0,0.160031997680664,1.63,0,-5399.9521484375
100000000000000000000003,1,922625000,0,-48,3.16000042304442,0,0,0.160031997680664,1.63,0,-5399.9521484375
100000000000000000000001,1,922625000,0,-50,3.68768981407708,0,0,0.160031997680664,1.63,0,-5399.9521484375
100000000000000000000002,1,922625000,0,-46.5,3.9208548938357,0,0,0.160031997680664,1.63,0,-5399.9521484375
100000000000000000000003,1,922625000,0,-48,3.18454411565059,0,0,0.160031997680664,1.63,0,-5399.9521484375
100000000000000000000000,1,922625000,0,-46.5,3.41157327225767,0,0,0.160031997680664,1.63,0,-5399.9521484375
100000000000000000000004,1,922625000,0,-52,2.52186441528399,0,0,0.160031997680664,1.63,0,-5399.9521484375
100000000000000000000001,1,922625000,0,-50,3.675417967774,0,0,0.160031997680664,1.63,0,-5399.9521484375
100000000000000000000004,1,922625000,0,-51.5,2.55254403104171,0,0,0.160031997680664,1.63,0,-5399.9521484375
100000000000000000000001,1,922625000,0,-50,3.69382573722862,0,0,0.160031997680664,1.63,0,-5399.9521484375
100000000000000000000000,1,922625000,0,-46,3.41157327225767,0,0,0.160031997680664,1.63,0,-5399.9521484375
100000000000000000000002,1,922625000,0,-47,3.91471897068416,0,0,0.160031997680664,1.63,0,-5399.9521484375
100000000000000000000003,1,922625000,0,-47.5,3.19068003880213,0,0,0.160031997680664,1.63,0,-5399.9521484375
100000000000000000000004,1,922625000,0,-52,2.53413626158708,0,0,0.160031997680664,1.63,0,-5399.9521484375
100000000000000000000002,1,922625000,0,-46.5,3.92699081698724,0,0,0.160031997680664,1.63,0,-5399.9521484375
100000000000000000000003,1,922625000,0,-48,3.16000042304442,0,0,0.160031997680664,1.63,0,-5399.9521484375
100000000000000000000000,1,922625000,0,-46.5,3.41157327225767,0,0,0.160031997680664,1.63,0,-5399.9521484375
100000000000000000000001,1,922625000,0,-50,3.68768981407708,0,0,0.160031997680664,1.63,0,-5399.9521484375
100000000000000000000002,1,922625000,0,-46.5,3.93926266329033,0,0,0.160031997680664,1.63,0,-5399.9521484375
100000000000000000000001,1,922625000,0,-50,3.70609758353171,0,0,0.160031997680664,1.63,0,-5399.9521484375
100000000000000000000003,1,922625000,0,-48,3.15386449989288,0,0,0.160031997680664,1.63,0,-5399.9521484375
100000000000000000000000,1,922625000,0,-46.5,3.42998104171229,0,0,0.160031997680664,1.63,0,-5399.9521484375
100000000000000000000004,1,922625000,0,-52,2.47277703007165,0,0,0.160031997680664,1.63,0,-5399.9521484375
100000000000000000000003,1,922625000,0,-48,3.18454411565059,0,0,0.160031997680664,1.63,0,-5399.9521484375
100000000000000000000000,1,922625000,0,-46,3.42998104171229,0,0,0.160031997680664,1.63,0,-5399.9521484375
100000000000000000000004,1,922625000,0,-51.5,2.52186441528399,0,0,0.160031997680664,1.63,0,-5399.9521484375
100000000000000000000002,1,922625000,0,-47,3.93926266329033,0,0,0.160031997680664,1.63,0,-5399.9521484375
100000000000000000000001,1,922625000,0,-50,3.69996166038017,0,0,0.160031997680664,1.63,0,-5399.9521484375
100000000000000000000000,1,922625000,0,-46.5,3.42384511856075,0,0,0.160031997680664,1.63,0,-5399.9521484375
100000000000000000000001,1,922625000,0,-50,3.68768981407708,0,0,0.160031997680664,1.63,0,-5399.9521484375
100000000000000000000002,1,922625000,0,-47,3.90858304753261,0,0,0.160031997680664,1.63,0,-5399.9521484375
100000000000000000000004,1,922625000,0,-52,2.51572849213245,0,0,0.160031997680664,1.63,0,-5399.9521484375
100000000000000000000003,1,922625000,0,-48,3.16613634619596,0,0,0.160031997680664,1.63,0,-5399.9521484375
100000000000000000000000,1,922625000,0,-46.5,3.42384511856075,0,0,0.160031997680664,1.63,0,-5399.9521484375
100000000000000000000001,1,922625000,0,-50,3.69996166038017,0,0,0.160031997680664,1.63,0,-5399.9521484375
100000000000000000000004,1,922625000,0,-51.5,2.54027218473862,0,0,0.160031997680664,1.63,0,-5399.9521484375
100000000000000000000003,1,922625000,0,-48,3.15386449989288,0,0,0.160031997680664,1.63,0,-5399.9521484375
100000000000000000000002,1,922625000,0,-46.5,3.91471897068416,0,0,0.160031997680664,1.63,0,-5399.9521484375
100000000000000000000002,1,922625000,0,-46.5,3.92699081698724,0,0,0.160031997680664,1.63,0,-5399.9521484375
100000000000000000000003,1,922625000,0,-48,3.16613634619596,0,0,0.160031997680664,1.63,0,-5399.9521484375
100000000000000000000000,1,922625000,0,-46,3.42384511856075,0,0,0.160031997680664,1.63,0,-5399.9521484375
100000000000000000000004,1,922625000,0,-51.5,2.50959256898091,0,0,0.160031997680664,1.63,0,-5399.9521484375
100000000000000000000001,1,922625000,0,-50,3.70609758353171,0,0,0.160031997680664,1.63,0,-5399.9521484375
100000000000000000000003,1,922625000,0,-48,3.19681596195368,0,0,0.160031997680664,1.63,0,-5399.9521484375
100000000000000000000000,1,922625000,0,-46.5,3.43611696486384,0,0,0.160031997680664,1.63,0,-5399.9521484375
100000000000000000000001,1,922625000,0,-50,3.70609758353171,0,0,0.160031997680664,1.63,0,-5399.9521484375
100000000000000000000002,1,922625000,0,-46.5,3.9208548938357,0,0,0.160031997680664,1.63,0,-5399.9521484375
100000000000000000000004,1,922625000,0,-51.5,2.46664110692011,0,0,0.160031997680664,1.63,0,-5399.9521484375
100000000000000000000004,1,922625000,0,-52,2.55254403104171,0,0,0.160031997680664,1.63,0,-5399.9521484375
100000000000000000000003,1,922625000,0,-47.5,3.16613634619596,0,0,0.160031997680664,1.63,0,-5399.9521484375
100000000000000000000002,1,922625000,0,-47,3.92699081698724,0,0,0.160031997680664,1.63,0,-5399.9521484375
100000000000000000000001,1,922625000,0,-50,3.68155389092554,0,0,0.160031997680664,1.63,0,-5399.9521484375
100000000000000000000000,1,922625000,0,-46.5,3.41770919540921,0,0,0.160031997680664,1.63,0,-5399.9521484375
100000000000000000000002,1,922625000,0,-47,3.90858304753261,0,0,0.160031997680664,1.63,0,-5399.9521484375
100000000000000000000003,1,922625000,0,-48,3.17840819249905,0,0,0.160031997680664,1.63,0,-5399.9521484375
100000000000000000000004,1,922625000,0,-51.5,2.49118479952628,0,0,0.160031997680664,1.63,0,-5399.9521484375
100000000000000000000001,1,922625000,0,-50,3.70609758353171,0,0,0.160031997680664,1.63,0,-5399.9521484375
100000000000000000000000,1,922625000,0,-46.5,3.42384511856075,0,0,0.160031997680664,1.63,0,-5399.9521484375
100000000000000000000002,1,922625000,0,-46.5,3.90858304753261,0,0,0.160031997680664,1.63,0,-5399.9521484375
100000000000000000000001,1,922625000,0,-50,3.68768981407708,0,0,0.160031997680664,1.63,0,-5399.9521484375
100000000000000000000004,1,922625000,0,-52,2.54027218473862,0,0,0.160031997680664,1.63,0,-5399.9521484375
100000000000000000000000,1,922625000,0,-46,3.42384511856075,0,0,0.160031997680664,1.63,0,-5399.9521484375
100000000000000000000003,1,922625000,0,-48,3.20295188510522,0,0,0.160031997680664,1.63,0,-5399.9521484375
100000000000000000000000,1,922625000,0,-46,3.41770919540921,0,0,0.160031997680664,1.63,0,-5399.9521484375
100000000000000000000001,1,922625000,0,-50,3.68155389092554,0,0,0.160031997680664,1.63,0,-5399.9521484375
100000000000000000000004,1,922625000,0,-51.5,2.58322364679942,0,0,0.160031997680664,1.63,0,-5399.9521484375
100000000000000000000002,1,922625000,0,-46.5,3.90244712438107,0,0,0.160031997680664,1.63,0,-5399.9521484375
100000000000000000000003,1,922625000,0,-48,3.17840819249905,0,0,0.160031997680664,1.63,0,-5399.9521484375
100000000000000000000002,1,922625000,0,-46.5,3.89017527807799,0,0,0.160031997680664,1.63,0,-5399.9521484375
100000000000000000000004,1,922625000,0,-51.5,2.49732072267782,0,0,0.160031997680664,1.63,0,-5399.9521484375
100000000000000000000001,1,922625000,0,-50,3.71836942983479,0,0,0.160031997680664,1.63,0,-5399.9521484375
100000000000000000000000,1,922625000,0,-46.5,3.41770919540921,0,0,0.160031997680664,1.63,0,-5399.9521484375
100000000000000000000003,1,922625000,0,-47.5,3.17840819249905,0,0,0.160031997680664,1.63,0,-5399.9521484375
100000000000000000000001,1,922625000,0,-50,3.675417967774,0,0,0.160031997680664,1.63,0,-5399.9521484375
100000000000000000000002,1,922625000,0,-46.5,3.9208548938357,0,0,0.160031997680664,1.63,0,-5399.9521484375
100000000000000000000004,1,922625000,0,-52,2.50345664582937,0,0,0.160031997680664,1.63,0,-5399.9521484375
100000000000000000000000,1,922625000,0,-46.5,3.42384511856075,0,0,0.160031997680664,1.63,0,-5399.9521484375
100000000000000000000003,1,922625000,0,-48,3.19681596195368,0,0,0.160031997680664,1.63,0,-5399.9521484375
100000000000000000000003,1,922625000,0,-48,3.17227226934751,0,0,0.160031997680664,1.63,0,-5399.9521484375
100000000000000000000004,1,922625000,0,-51.5,2.50345664582937,0,0,0.160031997680664,1.63,0,-5399.9521484375
100000000000000000000001,1,922625000,0,-50,3.69382573722862,0,0,0.160031997680664,1.63,0,-5399.9521484375
100000000000000000000000,1,922625000,0,-46,3.41157327225767,0,0,0.160031997680664,1.63,0,-5399.9521484375
100000000000000000000002,1,922625000,0,-47,3.92699081698724,0,0,0.160031997680664,1.63,0,-5399.9521484375
100000000000000000000000,1,922625000,0,-46,3.40543734910612,0,0,0.160031997680664,1.63,0,-5399.9521484375
100000000000000000000004,1,922625000,0,-51.5,2.53413626158708,0,0,0.160031997680664,1.63,0,-5399.9521484375
100000000000000000000001,1,922625000,0,-50,3.66928204462245,0,0,0.160031997680664,1.63,0,-5399.9521484375
100000000000000000000002,1,922625000,0,-46.5,3.9208548938357,0,0,0.160031997680664,1.63,0,-5399.9521484375
100000000000000000000003,1,922625000,0,-48,3.18454411565059,0,0,0.160031997680664,1.63,0,-5399.9521484375
100000000000000000000001,1,922625000,0,-50,3.69382573722862,0,0,0.160031997680664,1.63,0,-5399.9521484375
100000000000000000000003,1,922625000,0,-48,3.16613634619596,0,0,0.160031997680664,1.63,0,-5399.9521484375
100000000000000000000002,1,922625000,0,-47,3.90858304753261,0,0,0.160031997680664,1.63,0,-5399.9521484375
100000000000000000000000,1,922625000,0,-46.5,3.41770919540921,0,0,0.160031997680664,1.63,0,-5399.9521484375
100000000000000000000004,1,922625000,0,-52,2.55254403104171,0,0,0.160031997680664,1.63,0,-5399.9521484375
100000000000000000000000,1,922625000,0,-46,3.42384511856075,0,0,0.160031997680664,1.63,0,-5399.9521484375
100000000000000000000002,1,922625000,0,-47,3.90858304753261,0,0,0.160031997680664,1.63,0,-5399.9521484375
100000000000000000000001,1,922625000,0,-50,3.68768981407708,0,0,0.160031997680664,1.63,0,-5399.9521484375
100000000000000000000003,1,922625000,0,-48,3.17227226934751,0,0,0.160031997680664,1.63,0,-5399.9521484375
100000000000000000000004,1,922625000,0,-52,2.52800033843554,0,0,0.160031997680664,1.63,0,-5399.9521484375
100000000000000000000001,1,922625000,0,-50,3.66928204462245,0,0,0.160031997680664,1.63,0,-5399.9521484375
100000000000000000000004,1,922625000,0,-51.5,2.49118479952628,0,0,0.160031997680664,1.63,0,-5399.9521484375
100000000000000000000000,1,922625000,0,-46,3.44225288801538,0,0,0.160031997680664,1.63,0,-5399.9521484375
100000000000000000000002,1,922625000,0,-46.5,3.93312674013878,0,0,0.160031997680664,1.63,0,-5399.9521484375
100000000000000000000003,1,922625000,0,-48,3.16613634619596,0,0,0.160031997680664,1.63,0,-5399.9521484375
100000000000000000000002,1,922625000,0,-46.5,3.93312674013878,0,0,0.160031997680664,1.63,0,-5399.9521484375
100000000000000000000000,1,922625000,0,-46.5,3.42998104171229,0,0,0.160031997680664,1.63,0,-5399.9521484375
100000000000000000000003,1,922625000,0,-47.5,3.17840819249905,0,0,0.160031997680664,1.63,0,-5399.9521484375
100000000000000000000001,1,922625000,0,-50,3.675417967774,0,0,0.160031997680664,1.63,0,-5399.9521484375
100000000000000000000004,1,922625000,0,-51.5,2.52800033843554,0,0,0.160031997680664,1.63,0,-5399.9521484375
100000000000000000000000,1,922625000,0,-46,3.41770919540921,0,0,0.160031997680664,1.63,0,-5399.9521484375
100000000000000000000002,1,922625000,0,-47,3.89631120122953,0,0,0.160031997680664,1.63,0,-5399.9521484375
100000000000000000000003,1,922625000,0,-48,3.16613634619596,0,0,0.160031997680664,1.63,0,-5399.9521484375
100000000000000000000004,1,922625000,0,-51.5,2.49118479952628,0,0,0.160031997680664,1.63,0,-5399.9521484375
100000000000000000000001,1,922625000,0,-50,3.66928204462245,0,0,0.160031997680664,1.63,0,-5399.9521484375
100000000000000000000004,1,922625000,0,-51.5,2.52186441528399,0,0,0.160031997680664,1.63,0,-5399.9521484375
100000000000000000000002,1,922625000,0,-46.5,3.93926266329033,0,0,0.160031997680664,1.63,0,-5399.9521484375
100000000000000000000003,1,922625000,0,-48,3.17840819249905,0,0,0.160031997680664,1.63,0,-5399.9521484375
100000000000000000000000,1,922625000,0,-46.5,3.39316550280304,0,0,0.160031997680664,1.63,0,-5399.9521484375
100000000000000000000001,1,922625000,0,-50,3.68155389092554,0,0,0.160031997680664,1.63,0,-5399.9521484375
100000000000000000000001,1,922625000,0,-50,3.69382573722862,0,0,0.160031997680664,1.63,0,-5399.9521484375
100000000000000000000002,1,922625000,0,-46.5,3.94539858644187,0,0,0.160031997680664,1.63,0,-5399.9521484375
100000000000000000000003,1,922625000,0,-47.5,3.19681596195368,0,0,0.160031997680664,1.63,0,-5399.9521484375
100000000000000000000004,1,922625000,0,-52,2.50959256898091,0,0,0.160031997680664,1.63,0,-5399.9521484375
100000000000000000000000,1,922625000,0,-46,3.40543734910612,0,0,0.160031997680664,1.63,0,-5399.9521484375
100000000000000000000001,1,922625000,0,-50,3.68768981407708,0,0,0.160031997680664,1.63,0,-5399.9521484375
100000000000000000000004,1,922625000,0,-52,2.52186441528399,0,0,0.160031997680664,1.63,0,-5399.9521484375
100000000000000000000002,1,922625000,0,-47,3.93312674013878,0,0,0.160031997680664,1.63,0,-5399.9521484375
100000000000000000000003,1,922625000,0,-48,3.16000042304442,0,0,0.160031997680664,1.63,0,-5399.9521484375
100000000000000000000000,1,922625000,0,-46.5,3.41157327225767,0,0,0.160031997680664,1.63,0,-5399.9521484375
100000000000000000000000,1,922625000,0,-46,3.44838881116692,0,0,0.160031997680664,1.63,0,-5399.9521484375
100000000000000000000002,1,922625000,0,-46.5,3.90244712438107,0,0,0.160031997680664,1.63,0,-5399.9521484375
100000000000000000000001,1,922625000,0,-50,3.68155389092554,0,0,0.160031997680664,1.63,0,-5399.9521484375
100000000000000000000003,1,922625000,0,-47.5,3.15386449989288,0,0,0.160031997680664,1.63,0,-5399.9521484375
100000000000000000000004,1,922625000,0,-51.5,2.55254403104171,0,0,0.160031997680664,1.63,0,-5399.9521484375
100000000000000000000004,1,922625000,0,-51.5,2.53413626158708,0,0,0.160031997680664,1.63,0,-5399.9521484375
100000000000000000000003,1,922625000,0,-47.5,3.17840819249905,0,0,0.160031997680664,1.63,0,-5399.9521484375
100000000000000000000001,1,922625000,0,-50,3.71223350668325,0,0,0.160031997680664,1.63,0,-5399.9521484375
100000000000000000000000,1,922625000,0,-46.5,3.41157327225767,0,0,0.160031997680664,1.63,0,-5399.9521484375
100000000000000000000002,1,922625000,0,-46.5,3.90858304753261,0,0,0.160031997680664,1.63,0,-5399.9521484375
100000000000000000000004,1,922625000,0,-52,2.50959256898091,0,0,0.160031997680664,1.63,0,-5399.9521484375
100000000000000000000002,1,922625000,0,-47,3.9208548938357,0,0,0.160031997680664,1.63,0,-5399.9521484375
100000000000000000000000,1,922625000,0,-46,3.44838881116692,0,0,0.160031997680664,1.63,0,-5399.9521484375
100000000000000000000003,1,922625000,0,-48,3.17227226934751,0,0,0.160031997680664,1.63,0,-5399.9521484375
100000000000000000000001,1,922625000,0,-50,3.68768981407708,0,0,0.160031997680664,1.63,0,-5399.9521484375
100000000000000000000003,1,922625000,0,-48,3.15386449989288,0,0,0.160031997680664,1.63,0,-5399.9521484375
100000000000000000000002,1,922625000,0,-46.5,3.9208548938357,0,0,0.160031997680664,1.63,0,-5399.9521484375
100000000000000000000004,1,922625000,0,-51.5,2.52186441528399,0,0,0.160031997680664,1.63,0,-5399.9521484375
100000000000000000000001,1,922625000,0,-50,3.68768981407708,0,0,0.160031997680664,1.63,0,-5399.9521484375
100000000000000000000000,1,922625000,0,-46.5,3.42998104171229,0,0,0.160031997680664,1.63,0,-5399.9521484375
100000000000000000000000,1,922625000,0,-46.5,3.41770919540921,0,0,0.160031997680664,1.63,0,-5399.9521484375
100000000000000000000003,1,922625000,0,-48,3.17227226934751,0,0,0.160031997680664,1.63,0,-5399.9521484375
100000000000000000000002,1,922625000,0,-47,3.93926266329033,0,0,0.160031997680664,1.63,0,-5399.9521484375
100000000000000000000001,1,922625000,0,-50,3.68768981407708,0,0,0.160031997680664,1.63,0,-5399.9521484375
100000000000000000000004,1,922625000,0,-52,2.54640810789016,0,0,0.160031997680664,1.63,0,-5399.9521484375
100000000000000000000003,1,922625000,0,-48,3.17227226934751,0,0,0.160031997680664,1.63,0,-5399.9521484375
100000000000000000000002,1,922625000,0,-46.5,3.90244712438107,0,0,0.160031997680664,1.63,0,-5399.9521484375
100000000000000000000004,1,922625000,0,-52,2.53413626158708,0,0,0.160031997680664,1.63,0,-5399.9521484375
100000000000000000000000,1,922625000,0,-46.5,3.41157327225767,0,0,0.160031997680664,1.63,0,-5399.9521484375
100000000000000000000001,1,922625000,0,-50,3.71223350668325,0,0,0.160031997680664,1.63,0,-5399.9521484375
100000000000000000000000,1,922625000,0,-46.5,3.42998104171229,0,0,0.160031997680664,1.63,0,-5399.9521484375
100000000000000000000001,1,922625000,0,-50,3.675417967774,0,0,0.160031997680664,1.63,0,-5399.9521484375
100000000000000000000004,1,922625000,0,-52,2.51572849213245,0,0,0.160031997680664,1.63,0,-5399.9521484375
100000000000000000000003,1,922625000,0,-48,3.15386449989288,0,0,0.160031997680664,1.63,0,-5399.9521484375
100000000000000000000002,1,922625000,0,-46.5,3.91471897068416,0,0,0.160031997680664,1.63,0,-5399.9521484375
100000000000000000000001,1,922625000,0,-50,3.64473835201628,0,0,0.160031997680664,1.63,0,-5399.9521484375
100000000000000000000002,1,922625000,0,-46.5,3.95153450959341,0,0,0.160031997680664,1.63,0,-5399.9521484375
100000000000000000000000,1,922625000,0,-46,3.43611696486384,0,0,0.160031997680664,1.63,0,-5399.9521484375
100000000000000000000003,1,922625000,0,-48,3.2152237314083,0,0,0.160031997680664,1.63,0,-5399.9521484375
100000000000000000000004,1,922625000,0,-52,2.49118479952628,0,0,0.160031997680664,1.63,0,-5399.9521484375
100000000000000000000000,1,922625000,0,-46.5,3.41770919540921,0,0,0.160031997680664,1.63,0,-5399.9521484375
100000000000000000000002,1,922625000,0,-47,3.9208548938357,0,0,0.160031997680664,1.63,0,-5399.9521484375
100000000000000000000001,1,922625000,0,-50,3.68768981407708,0,0,0.160031997680664,1.63,0,-5399.9521484375
100000000000000000000004,1,922625000,0,-51.5,2.54027218473862,0,0,0.160031997680664,1.63,0,-5399.9521484375
100000000000000000000003,1,922625000,0,-47.5,3.19068003880213,0,0,0.160031997680664,1.63,0,-5399.9521484375
100000000000000000000004,1,922625000,0,-52,2.54027218473862,0,0,0.160031997680664,1.63,0,-5399.9521484375
100000000000000000000002,1,922625000,0,-46.5,3.93312674013878,0,0,0.160031997680664,1.63,0,-5399.9521484375
100000000000000000000003,1,922625000,0,-48,3.16000042304442,0,0,0.160031997680664,1.63,0,-5399.9521484375
100000000000000000000000,1,922625000,0,-46,3.45452473431846,0,0,0.160031997680664,1.63,0,-5399.9521484375
100000000000000000000001,1,922625000,0,-50,3.69382573722862,0,0,0.160031997680664,1.63,0,-5399.9521484375
100000000000000000000002,1,922625000,0,-46.5,3.9208548938357,0,0,0.160031997680664,1.63,0,-5399.9521484375
100000000000000000000004,1,922625000,0,-52,2.4789129532232,0,0,0.160031997680664,1.63,0,-5399.9521484375
100000000000000000000003,1,922625000,0,-47.5,3.19068003880213,0,0,0.160031997680664,1.63,0,-5399.9521484375
100000000000000000000001,1,922625000,0,-50,3.68155389092554,0,0,0.160031997680664,1.63,0,-5399.9521484375
100000000000000000000000,1,922625000,0,-46.5,3.40543734910612,0,0,0.160031997680664,1.63,0,-5399.9521484375
100000000000000000000004,1,922625000,0,-52,2.50959256898091,0,0,0.160031997680664,1.63,0,-5399.9521484375
100000000000000000000003,1,922625000,0,-48,3.18454411565059,0,0,0.160031997680664,1.63,0,-5399.9521484375
100000000000000000000001,1,922625000,0,-50,3.68768981407708,0,0,0.160031997680664,1.63,0,-5399.9521484375
100000000000000000000000,1,922625000,0,-46.5,3.42384511856075,0,0,0.160031997680664,1.63,0,-5399.9521484375
100000000000000000000002,1,922625000,0,-46.5,3.90244712438107,0,0,0.160031997680664,1.63,0,-5399.9521484375
100000000000000000000000,1,922625000,0,-46.5,3.40543734910612,0,0,0.160031997680664,1.63,0,-5399.9521484375
100000000000000000000001,1,922625000,0,-50,3.68155389092554,0,0,0.160031997680664,1.63,0,-5399.9521484375
100000000000000000000004,1,922625000,0,-51.5,2.54027218473862,0,0,0.160031997680664,1.63,0,-5399.9521484375
100000000000000000000003,1,922625000,0,-48,3.16000042304442,0,0,0.160031997680664,1.63,0,-5399.9521484375
100000000000000000000002,1,922625000,0,-46.5,3.89631120122953,0,0,0.160031997680664,1.63,0,-5399.9521484375
100000000000000000000004,1,922625000,0,-52,2.53413626158708,0,0,0.160031997680664,1.63,0,-5399.9521484375
100000000000000000000001,1,922625000,0,-50,3.69382573722862,0,0,0.160031997680664,1.63,0,-5399.9521484375
100000000000000000000000,1,922625000,0,-46.5,3.42998104171229,0,0,0.160031997680664,1.63,0,-5399.9521484375
100000000000000000000002,1,922625000,0,-47,3.90244712438107,0,0,0.160031997680664,1.63,0,-5399.9521484375
100000000000000000000003,1,922625000,0,-47.5,3.19068003880213,0,0,0.160031997680664,1.63,0,-5399.9521484375
100000000000000000000000,1,922625000,0,-46.5,3.41770919540921,0,0,0.160031997680664,1.63,0,-5399.9521484375
100000000000000000000002,1,922625000,0,-47,3.93926266329033,0,0,0.160031997680664,1.63,0,-5399.9521484375
100000000000000000000001,1,922625000,0,-50,3.70609758353171,0,0,0.160031997680664,1.63,0,-5399.9521484375
100000000000000000000003,1,922625000,0,-48,3.17227226934751,0,0,0.160031997680664,1.63,0,-5399.9521484375
100000000000000000000004,1,922625000,0,-52,2.49118479952628,0,0,0.160031997680664,1.63,0,-5399.9521484375
100000000000000000000000,1,922625000,0,-46,3.41770919540921,0,0,0.160031997680664,1.63,0,-5399.9521484375
100000000000000000000001,1,922625000,0,-50,3.69382573722862,0,0,0.160031997680664,1.63,0,-5399.9521484375
100000000000000000000002,1,922625000,0,-47,3.91471897068416,0,0,0.160031997680664,1.63,0,-5399.9521484375
100000000000000000000003,1,922625000,0,-48,3.16613634619596,0,0,0.160031997680664,1.63,0,-5399.9521484375
100000000000000000000004,1,922625000,0,-51.5,2.53413626158708,0,0,0.160031997680664,1.63,0,-5399.9521484375
100000000000000000000003,1,922625000,0,-47.5,3.16613634619596,0,0,0.160031997680664,1.63,0,-5399.9521484375
100000000000000000000002,1,922625000,0,-47,3.9208548938357,0,0,0.160031997680664,1.63,0,-5399.9521484375
100000000000000000000000,1,922625000,0,-46.5,3.41770919540921,0,0,0.160031997680664,1.63,0,-5399.9521484375
100000000000000000000001,1,922625000,0,-50,3.68768981407708,0,0,0.160031997680664,1.63,0,-5399.9521484375
100000000000000000000004,1,922625000,0,-52,2.51572849213245,0,0,0.160031997680664,1.63,0,-5399.9521484375
100000000000000000000004,1,922625000,0,-51.5,2.50959256898091,0,0,0.160031997680664,1.63,0,-5399.9521484375
100000000000000000000003,1,922625000,0,-47.5,3.15386449989288,0,0,0.160031997680664,1.63,0,-5399.9521484375
100000000000000000000002,1,922625000,0,-46.5,3.90858304753261,0,0,0.160031997680664,1.63,0,-5399.9521484375
100000000000000000000000,1,922625000,0,-46,3.40543734910612,0,0,0.160031997680664,1.63,0,-5399.9521484375
100000000000000000000001,1,922625000,0,-50,3.71223350668325,0,0,0.160031997680664,1.63,0,-5399.9521484375
100000000000000000000003,1,922625000,0,-48,3.14772857674134,0,0,0.160031997680664,1.63,0,-5399.9521484375
100000000000000000000000,1,922625000,0,-46,3.44838881116692,0,0,0.160031997680664,1.63,0,-5399.9521484375
100000000000000000000004,1,922625000,0,-52,2.49118479952628,0,0,0.160031997680664,1.63,0,-5399.9521484375
100000000000000000000002,1,922625000,0,-47,3.90858304753261,0,0,0.160031997680664,1.63,0,-5399.9521484375
100000000000000000000001,1,922625000,0,-50,3.69382573722862,0,0,0.160031997680664,1.63,0,-5399.9521484375
100000000000000000000002,1,922625000,0,-46.5,3.93312674013878,0,0,0.160031997680664,1.63,0,-5399.9521484375
100000000000000000000003,1,922625000,0,-48,3.17227226934751,0,0,0.160031997680664,1.63,0,-5399.9521484375
100000000000000000000004,1,922625000,0,-52,2.50959256898091,0,0,0.160031997680664,1.63,0,-5399.9521484375
100000000000000000000000,1,922625000,0,-46.5,3.44225288801538,0,0,0.160031997680664,1.63,0,-5399.9521484375
100000000000000000000001,1,922625000,0,-50,3.68768981407708,0,0,0.160031997680664,1.63,0,-5399.9521484375
100000000000000000000003,1,922625000,0,-47.5,3.16000042304442,0,0,0.160031997680664,1.63,0,-5399.9521484375
100000000000000000000001,1,922625000,0,-50,3.68768981407708,0,0,0.160031997680664,1.63,0,-5399.9521484375
100000000000000000000002,1,922625000,0,-46.5,3.9208548938357,0,0,0.160031997680664,1.63,0,-5399.9521484375
100000000000000000000000,1,922625000,0,-46.5,3.41157327225767,0,0,0.160031997680664,1.63,0,-5399.9521484375
100000000000000000000004,1,922625000,0,-51.5,2.50959256898091,0,0,0.160031997680664,1.63,0,-5399.9521484375
100000000000000000000002,1,922625000,0,-46.5,3.95153450959341,0,0,0.160031997680664,1.63,0,-5399.9521484375
100000000000000000000001,1,922625000,0,-50,3.68155389092554,0,0,0.160031997680664,1.63,0,-5399.9521484375
100000000000000000000003,1,922625000,0,-48,3.17227226934751,0,0,0.160031997680664,1.63,0,-5399.9521484375
100000000000000000000000,1,922625000,0,-46.5,3.38089365649995,0,0,0.160031997680664,1.63,0,-5399.9521484375
100000000000000000000004,1,922625000,0,-52,2.50959256898091,0,0,0.160031997680664,1.63,0,-5399.9521484375
100000000000000000000003,1,922625000,0,-47.5,3.16000042304442,0,0,0.160031997680664,1.63,0,-5399.9521484375
100000000000000000000000,1,922625000,0,-46.5,3.41157327225767,0,0,0.160031997680664,1.63,0,-5399.9521484375
100000000000000000000004,1,922625000,0,-52,2.52186441528399,0,0,0.160031997680664,1.63,0,-5399.9521484375
100000000000000000000001,1,922625000,0,-50,3.69382573722862,0,0,0.160031997680664,1.63,0,-5399.9521484375
100000000000000000000002,1,922625000,0,-46.5,3.97607820219958,0,0,0.160031997680664,1.63,0,-5399.9521484375
100000000000000000000003,1,922625000,0,-47.5,3.19068003880213,0,0,0.160031997680664,1.63,0,-5399.9521484375
100000000000000000000000,1,922625000,0,-46.5,3.42384511856075,0,0,0.160031997680664,1.63,0,-5399.9521484375
100000000000000000000001,1,922625000,0,-50,3.69382573722862,0,0,0.160031997680664,1.63,0,-5399.9521484375
100000000000000000000002,1,922625000,0,-46.5,3.93312674013878,0,0,0.160031997680664,1.63,0,-5399.9521484375
100000000000000000000004,1,922625000,0,-52,2.50959256898091,0,0,0.160031997680664,1.63,0,-5399.9521484375
100000000000000000000001,1,922625000,0,-50,3.675417967774,0,0,0.160031997680664,1.63,0,-5399.9521484375
100000000000000000000000,1,922625000,0,-46,3.42384511856075,0,0,0.160031997680664,1.63,0,-5399.9521484375
100000000000000000000002,1,922625000,0,-46.5,3.90858304753261,0,0,0.160031997680664,1.63,0,-5399.9521484375
100000000000000000000003,1,922625000,0,-48,3.17227226934751,0,0,0.160031997680664,1.63,0,-5399.9521484375
100000000000000000000004,1,922625000,0,-51.5,2.47277703007165,0,0,0.160031997680664,1.63,0,-5399.9521484375
100000000000000000000000,1,922625000,0,-46.5,3.40543734910612,0,0,0.160031997680664,1.63,0,-5399.9521484375
100000000000000000000004,1,922625000,0,-52,2.54027218473862,0,0,0.160031997680664,1.63,0,-5399.9521484375
100000000000000000000003,1,922625000,0,-48,3.16613634619596,0,0,0.160031997680664,1.63,0,-5399.9521484375
100000000000000000000001,1,922625000,0,-50,3.68155389092554,0,0,0.160031997680664,1.63,0,-5399.9521484375
100000000000000000000002,1,922625000,0,-46.5,3.95767043274495,0,0,0.160031997680664,1.63,0,-5399.9521484375
100000000000000000000000,1,922625000,0,-46,3.39930142595458,0,0,0.160031997680664,1.63,0,-5399.9521484375
100000000000000000000002,1,922625000,0,-46.5,3.91471897068416,0,0,0.160031997680664,1.63,0,-5399.9521484375
100000000000000000000003,1,922625000,0,-48,3.17840819249905,0,0,0.160031997680664,1.63,0,-5399.9521484375
100000000000000000000001,1,922625000,0,-50,3.68155389092554,0,0,0.160031997680664,1.63,0,-5399.9521484375
100000000000000000000004,1,922625000,0,-52,2.52186441528399,0,0,0.160031997680664,1.63,0,-5399.9521484375
100000000000000000000003,1,922625000,0,-47.5,3.16000042304442,0,0,0.160031997680664,1.63,0,-5399.9521484375
100000000000000000000004,1,922625000,0,-51.5,2.52186441528399,0,0,0.160031997680664,1.63,0,-5399.9521484375
100000000000000000000001,1,922625000,0,-50,3.68768981407708,0,0,0.160031997680664,1.63,0,-5399.9521484375
100000000000000000000000,1,922625000,0,-46.5,3.42384511856075,0,0,0.160031997680664,1.63,0,-5399.9521484375
100000000000000000000002,1,922625000,0,-46.5,3.93312674013878,0,0,0.160031997680664,1.63,0,-5399.9521484375
100000000000000000000003,1,922625000,0,-47.5,3.18454411565059,0,0,0.160031997680664,1.63,0,-5399.9521484375
100000000000000000000000,1,922625000,0,-46,3.41770919540921,0,0,0.160031997680664,1.63,0,-5399.9521484375
100000000000000000000004,1,922625000,0,-51.5,2.53413626158708,0,0,0.160031997680664,1.63,0,-5399.9521484375
100000000000000000000002,1,922625000,0,-46.5,3.9208548938357,0,0,0.160031997680664,1.63,0,-5399.9521484375
100000000000000000000001,1,922625000,0,-50,3.69996166038017,0,0,0.160031997680664,1.63,0,-5399.9521484375
100000000000000000000003,1,922625000,0,-48,3.16613634619596,0,0,0.160031997680664,1.63,0,-5399.9521484375
100000000000000000000004,1,922625000,0,-51.5,2.4789129532232,0,0,0.160031997680664,1.63,0,-5399.9521484375
100000000000000000000002,1,922625000,0,-46.5,3.9208548938357,0,0,0.160031997680664,1.63,0,-5399.9521484375
100000000000000000000000,1,922625000,0,-46,3.41770919540921,0,0,0.160031997680664,1.63,0,-5399.9521484375
100000000000000000000001,1,922625000,0,-50,3.68155389092554,0,0,0.160031997680664,1.63,0,-5399.9521484375
100000000000000000000002,1,922625000,0,-46.5,3.90858304753261,0,0,0.160031997680664,1.63,0,-5399.9521484375
100000000000000000000003,1,922625000,0,-48,3.16613634619596,0,0,0.160031997680664,1.63,0,-5399.9521484375
100000000000000000000004,1,922625000,0,-52,2.51572849213245,0,0,0.160031997680664,1.63,0,-5399.9521484375
100000000000000000000000,1,922625000,0,-46,3.41157327225767,0,0,0.160031997680664,1.63,0,-5399.9521484375
100000000000000000000001,1,922625000,0,-50,3.69996166038017,0,0,0.160031997680664,1.63,0,-5399.9521484375
100000000000000000000002,1,922625000,0,-47,3.91471897068416,0,0,0.160031997680664,1.63,0,-5399.9521484375
100000000000000000000000,1,922625000,0,-46,3.41157327225767,0,0,0.160031997680664,1.63,0,-5399.9521484375
100000000000000000000001,1,922625000,0,-50,3.69382573722862,0,0,0.160031997680664,1.63,0,-5399.9521484375
100000000000000000000003,1,922625000,0,-48,3.19681596195368,0,0,0.160031997680664,1.63,0,-5399.9521484375
100000000000000000000004,1,922625000,0,-51.5,2.46664110692011,0,0,0.160031997680664,1.63,0,-5399.9521484375
100000000000000000000002,1,922625000,0,-46.5,3.90244712438107,0,0,0.160031997680664,1.63,0,-5399.9521484375
100000000000000000000003,1,922625000,0,-47.5,3.18454411565059,0,0,0.160031997680664,1.63,0,-5399.9521484375
100000000000000000000001,1,922625000,0,-50,3.68768981407708,0,0,0.160031997680664,1.63,0,-5399.9521484375
100000000000000000000004,1,922625000,0,-51.5,2.48504887637474,0,0,0.160031997680664,1.63,0,-5399.9521484375
100000000000000000000000,1,922625000,0,-46.5,3.42998104171229,0,0,0.160031997680664,1.63,0,-5399.9521484375
100000000000000000000003,1,922625000,0,-48,3.19681596195368,0,0,0.160031997680664,1.63,0,-5399.9521484375
100000000000000000000000,1,922625000,0,-46.5,3.40543734910612,0,0,0.160031997680664,1.63,0,-5399.9521484375
100000000000000000000002,1,922625000,0,-46.5,3.94539858644187,0,0,0.160031997680664,1.63,0,-5399.9521484375
100000000000000000000001,1,922625000,0,-50,3.70609758353171,0,0,0.160031997680664,1.63,0,-5399.9521484375
100000000000000000000004,1,922625000,0,-51.5,2.52186441528399,0,0,0.160031997680664,1.63,0,-5399.9521484375
100000000000000000000003,1,922625000,0,-47.5,3.17227226934751,0,0,0.160031997680664,1.63,0,-5399.9521484375
100000000000000000000001,1,922625000,0,-50,3.66928204462245,0,0,0.160031997680664,1.63,0,-5399.9521484375
100000000000000000000000,1,922625000,0,-46.5,3.41770919540921,0,0,0.160031997680664,1.63,0,-5399.9521484375
100000000000000000000004,1,922625000,0,-51.5,2.53413626158708,0,0,0.160031997680664,1.63,0,-5399.9521484375
100000000000000000000002,1,922625000,0,-47,3.90858304753261,0,0,0.160031997680664,1.63,0,-5399.9521484375
100000000000000000000003,1,922625000,0,-48,3.17840819249905,0,0,0.160031997680664,1.63,0,-5399.9521484375
100000000000000000000001,1,922625000,0,-50,3.68155389092554,0,0,0.160031997680664,1.63,0,-5399.9521484375
100000000000000000000000,1,922625000,0,-46.5,3.42998104171229,0,0,0.160031997680664,1.63,0,-5399.9521484375
100000000000000000000004,1,922625000,0,-51.5,2.53413626158708,0,0,0.160031997680664,1.63,0,-5399.9521484375
100000000000000000000002,1,922625000,0,-46.5,3.91471897068416,0,0,0.160031997680664,1.63,0,-5399.9521484375
100000000000000000000001,1,922625000,0,-50,3.675417967774,0,0,0.160031997680664,1.63,0,-5399.9521484375
100000000000000000000004,1,922625000,0,-51.5,2.50959256898091,0,0,0.160031997680664,1.63,0,-5399.9521484375
100000000000000000000003,1,922625000,0,-47.5,3.16613634619596,0,0,0.160031997680664,1.63,0,-5399.9521484375
100000000000000000000000,1,922625000,0,-46.5,3.45452473431846,0,0,0.160031997680664,1.63,0,-5399.9521484375
100000000000000000000002,1,922625000,0,-46.5,3.91471897068416,0,0,0.160031997680664,1.63,0,-5399.9521484375
100000000000000000000001,1,922625000,0,-50,3.69382573722862,0,0,0.160031997680664,1.63,0,-5399.9521484375
100000000000000000000000,1,922625000,0,-46.5,3.41157327225767,0,0,0.160031997680664,1.63,0,-5399.9521484375
100000000000000000000004,1,922625000,0,-52,2.50959256898091,0,0,0.160031997680664,1.63,0,-5399.9521484375
100000000000000000000003,1,922625000,0,-48,3.18454411565059,0,0,0.160031997680664,1.63,0,-5399.9521484375
100000000000000000000002,1,922625000,0,-46.5,3.89017527807799,0,0,0.160031997680664,1.63,0,-5399.9521484375
100000000000000000000004,1,922625000,0,-52,2.54027218473862,0,0,0.160031997680664,1.63,0,-5399.9521484375
100000000000000000000001,1,922625000,0,-50,3.70609758353171,0,0,0.160031997680664,1.63,0,-5399.9521484375
100000000000000000000003,1,922625000,0,-48,3.19068003880213,0,0,0.160031997680664,1.63,0,-5399.9521484375
100000000000000000000000,1,922625000,0,-46,3.43611696486384,0,0,0.160031997680664,1.63,0,-5399.9521484375
100000000000000000000002,1,922625000,0,-47,3.94539858644187,0,0,0.160031997680664,1.63,0,-5399.9521484375
100000000000000000000000,1,922625000,0,-46,3.38089365649995,0,0,0.160031997680664,1.63,0,-5399.9521484375
100000000000000000000003,1,922625000,0,-47.5,3.17840819249905,0,0,0.160031997680664,1.63,0,-5399.9521484375
100000000000000000000002,1,922625000,0,-46.5,3.9208548938357,0,0,0.160031997680664,1.63,0,-5399.9521484375
100000000000000000000004,1,922625000,0,-51.5,2.52800033843554,0,0,0.160031997680664,1.63,0,-5399.9521484375
100000000000000000000001,1,922625000,0,-50,3.69382573722862,0,0,0.160031997680664,1.63,0,-5399.9521484375
100000000000000000000002,1,922625000,0,-46.5,3.94539858644187,0,0,0.160031997680664,1.63,0,-5399.9521484375
100000000000000000000003,1,922625000,0,-47.5,3.19068003880213,0,0,0.160031997680664,1.63,0,-5399.9521484375
100000000000000000000000,1,922625000,0,-46.5,3.40543734910612,0,0,0.160031997680664,1.63,0,-5399.9521484375
100000000000000000000001,1,922625000,0,-50,3.69996166038017,0,0,0.160031997680664,1.63,0,-5399.9521484375
100000000000000000000004,1,922625000,0,-52,2.52186441528399,0,0,0.160031997680664,1.63,0,-5399.9521484375
100000000000000000000001,1,922625000,0,-50,3.70609758353171,0,0,0.160031997680664,1.63,0,-5399.9521484375
100000000000000000000002,1,922625000,0,-46.5,3.90244712438107,0,0,0.160031997680664,1.63,0,-5399.9521484375
100000000000000000000000,1,922625000,0,-46,3.41157327225767,0,0,0.160031997680664,1.63,0,-5399.9521484375
100000000000000000000003,1,922625000,0,-48,3.17227226934751,0,0,0.160031997680664,1.63,0,-5399.9521484375
100000000000000000000004,1,922625000,0,-51.5,2.54027218473862,0,0,0.160031997680664,1.63,0,-5399.9521484375
100000000000000000000003,1,922625000,0,-48,3.2152237314083,0,0,0.160031997680664,1.63,0,-5399.9521484375
100000000000000000000001,1,922625000,0,-50,3.68155389092554,0,0,0.160031997680664,1.63,0,-5399.9521484375
100000000000000000000000,1,922625000,0,-46.5,3.37475773334841,0,0,0.160031997680664,1.63,0,-5399.9521484375
100000000000000000000002,1,922625000,0,-46.5,3.92699081698724,0,0,0.160031997680664,1.63,0,-5399.9521484375
100000000000000000000004,1,922625000,0,-52,2.50345664582937,0,0,0.160031997680664,1.63,0,-5399.9521484375
100000000000000000000003,1,922625000,0,-47.5,3.20295188510522,0,0,0.160031997680664,1.63,0,-5399.9521484375
100000000000000000000000,1,922625000,0,-46.5,3.40543734910612,0,0,0.160031997680664,1.63,0,-5399.9521484375
100000000000000000000001,1,922625000,0,-50,3.68768981407708,0,0,0.160031997680664,1.63,0,-5399.9521484375
100000000000000000000002,1,922625000,0,-46.5,3.93312674013878,0,0,0.160031997680664,1.63,0,-5399.9521484375
100000000000000000000004,1,922625000,0,-51.5,2.53413626158708,0,0,0.160031997680664,1.63,0,-5399.9521484375
100000000000000000000003,1,922625000,0,-48,3.16613634619596,0,0,0.160031997680664,1.63,0,-5399.9521484375
100000000000000000000004,1,922625000,0,-52,2.52800033843554,0,0,0.160031997680664,1.63,0,-5399.9521484375
100000000000000000000000,1,922625000,0,-46.5,3.44225288801538,0,0,0.160031997680664,1.63,0,-5399.9521484375
100000000000000000000002,1,922625000,0,-47,3.90244712438107,0,0,0.160031997680664,1.63,0,-5399.9521484375
100000000000000000000001,1,922625000,0,-50,3.65087427516783,0,0,0.160031997680664,1.63,0,-5399.9521484375
100000000000000000000001,1,922625000,0,-50,3.66928204462245,0,0,0.160031997680664,1.63,0,-5399.9521484375
100000000000000000000003,1,922625000,0,-48,3.17840819249905,0,0,0.160031997680664,1.63,0,-5399.9521484375
100000000000000000000000,1,922625000,0,-46.5,3.42998104171229,0,0,0.160031997680664,1.63,0,-5399.9521484375
100000000000000000000002,1,922625000,0,-47,3.91471897068416,0,0,0.160031997680664,1.63,0,-5399.9521484375
100000000000000000000004,1,922625000,0,-51.5,2.51572849213245,0,0,0.160031997680664,1.63,0,-5399.9521484375
100000000000000000000004,1,922625000,0,-52,2.53413626158708,0,0,0.160031997680664,1.63,0,-5399.9521484375
100000000000000000000002,1,922625000,0,-46.5,3.91471897068416,0,0,0.160031997680664,1.63,0,-5399.9521484375
100000000000000000000003,1,922625000,0,-48,3.18454411565059,0,0,0.160031997680664,1.63,0,-5399.9521484375
100000000000000000000001,1,922625000,0,-50,3.68768981407708,0,0,0.160031997680664,1.63,0,-5399.9521484375
100000000000000000000000,1,922625000,0,-46.5,3.41770919540921,0,0,0.160031997680664,1.63,0,-5399.9521484375
100000000000000000000000,1,922625000,0,-46.5,3.44225288801538,0,0,0.160031997680664,1.63,0,-5399.9521484375
100000000000000000000002,1,922625000,0,-47,3.9208548938357,0,0,0.160031997680664,1.63,0,-5399.9521484375
100000000000000000000003,1,922625000,0,-47.5,3.2152237314083,0,0,0.160031997680664,1.63,0,-5399.9521484375
100000000000000000000001,1,922625000,0,-50,3.69996166038017,0,0,0.160031997680664,1.63,0,-5399.9521484375
100000000000000000000004,1,922625000,0,-51.5,2.53413626158708,0,0,0.160031997680664,1.63,0,-5399.9521484375
100000000000000000000000,1,922625000,0,-46.5,3.41770919540921,0,0,0.160031997680664,1.63,0,-5399.9521484375
100000000000000000000004,1,922625000,0,-52,2.53413626158708,0,0,0.160031997680664,1.63,0,-5399.9521484375
100000000000000000000001,1,922625000,0,-50,3.70609758353171,0,0,0.160031997680664,1.63,0,-5399.9521484375
100000000000000000000003,1,922625000,0,-48,3.18454411565059,0,0,0.160031997680664,1.63,0,-5399.9521484375
100000000000000000000002,1,922625000,0,-46.5,3.92699081698724,0,0,0.160031997680664,1.63,0,-5399.9521484375
100000000000000000000003,1,922625000,0,-48,3.19068003880213,0,0,0.160031997680664,1.63,0,-5399.9521484375
100000000000000000000004,1,922625000,0,-51.5,2.49732072267782,0,0,0.160031997680664,1.63,0,-5399.9521484375
100000000000000000000000,1,922625000,0,-46.5,3.42998104171229,0,0,0.160031997680664,1.63,0,-5399.9521484375
100000000000000000000002,1,922625000,0,-46.5,3.92699081698724,0,0,0.160031997680664,1.63,0,-5399.9521484375
100000000000000000000001,1,922625000,0,-50,3.675417967774,0,0,0.160031997680664,1.63,0,-5399.9521484375
100000000000000000000003,1,922625000,0,-48,3.17840819249905,0,0,0.160031997680664,1.63,0,-5399.9521484375
100000000000000000000004,1,922625000,0,-52,2.49118479952628,0,0,0.160031997680664,1.63,0,-5399.9521484375
100000000000000000000000,1,922625000,0,-46,3.41157327225767,0,0,0.160031997680664,1.63,0,-5399.9521484375
100000000000000000000002,1,922625000,0,-46.5,3.91471897068416,0,0,0.160031997680664,1.63,0,-5399.9521484375
100000000000000000000001,1,922625000,0,-50,3.66314612147091,0,0,0.160031997680664,1.63,0,-5399.9521484375
100000000000000000000001,1,922625000,0,-50,3.66928204462245,0,0,0.160031997680664,1.63,0,-5399.9521484375
100000000000000000000000,1,922625000,0,-46.5,3.39316550280304,0,0,0.160031997680664,1.63,0,-5399.9521484375
100000000000000000000004,1,922625000,0,-51.5,2.54027218473862,0,0,0.160031997680664,1.63,0,-5399.9521484375
100000000000000000000002,1,922625000,0,-46.5,3.91471897068416,0,0,0.160031997680664,1.63,0,-5399.9521484375
100000000000000000000003,1,922625000,0,-48,3.18454411565059,0,0,0.160031997680664,1.63,0,-5399.9521484375
100000000000000000000001,1,922625000,0,-50,3.70609758353171,0,0,0.160031997680664,1.63,0,-5399.9521484375
100000000000000000000003,1,922625000,0,-48,3.17227226934751,0,0,0.160031997680664,1.63,0,-5399.9521484375
100000000000000000000002,1,922625000,0,-46.5,3.90244712438107,0,0,0.160031997680664,1.63,0,-5399.9521484375
100000000000000000000000,1,922625000,0,-46,3.39930142595458,0,0,0.160031997680664,1.63,0,-5399.9521484375
100000000000000000000004,1,922625000,0,-52,2.54640810789016,0,0,0.160031997680664,1.63,0,-5399.9521484375
100000000000000000000004,1,922625000,0,-51.5,2.51572849213245,0,0,0.160031997680664,1.63,0,-5399.9521484375
100000000000000000000000,1,922625000,0,-46,3.41157327225767,0,0,0.160031997680664,1.63,0,-5399.9521484375
100000000000000000000002,1,922625000,0,-47,3.90858304753261,0,0,0.160031997680664,1.63,0,-5399.9521484375
100000000000000000000003,1,922625000,0,-47.5,3.19681596195368,0,0,0.160031997680664,1.63,0,-5399.9521484375
100000000000000000000001,1,922625000,0,-50,3.69382573722862,0,0,0.160031997680664,1.63,0,-5399.9521484375
100000000000000000000002,1,922625000,0,-47,3.90858304753261,0,0,0.160031997680664,1.63,0,-5399.9521484375
100000000000000000000001,1,922625000,0,-50,3.69382573722862,0,0,0.160031997680664,1.63,0,-5399.9521484375
100000000000000000000000,1,922625000,0,-46,3.40543734910612,0,0,0.160031997680664,1.63,0,-5399.9521484375
100000000000000000000003,1,922625000,0,-47.5,3.17227226934751,0,0,0.160031997680664,1.63,0,-5399.9521484375
100000000000000000000004,1,922625000,0,-51.5,2.51572849213245,0,0,0.160031997680664,1.63,0,-5399.9521484375
100000000000000000000001,1,922625000,0,-50,3.68155389092554,0,0,0.160031997680664,1.63,0,-5399.9521484375
100000000000000000000004,1,922625000,0,-51.5,2.54027218473862,0,0,0.160031997680664,1.63,0,-5399.9521484375
100000000000000000000002,1,922625000,0,-46.5,3.90244712438107,0,0,0.160031997680664,1.63,0,-5399.9521484375
100000000000000000000000,1,922625000,0,-46,3.40543734910612,0,0,0.160031997680664,1.63,0,-5399.9521484375
100000000000000000000003,1,922625000,0,-48,3.17840819249905,0,0,0.160031997680664,1.63,0,-5399.9521484375
100000000000000000000003,1,922625000,0,-48,3.17227226934751,0,0,0.160031997680664,1.63,0,-5399.9521484375
100000000000000000000000,1,922625000,0,-46.5,3.42998104171229,0,0,0.160031997680664,1.63,0,-5399.9521484375
100000000000000000000004,1,922625000,0,-51.5,2.52186441528399,0,0,0.160031997680664,1.63,0,-5399.9521484375
100000000000000000000002,1,922625000,0,-46.5,3.90244712438107,0,0,0.160031997680664,1.63,0,-5399.9521484375
100000000000000000000001,1,922625000,0,-50,3.68155389092554,0,0,0.160031997680664,1.63,0,-5399.9521484375
100000000000000000000003,1,922625000,0,-47.5,3.16000042304442,0,0,0.160031997680664,1.63,0,-5399.9521484375
100000000000000000000002,1,922625000,0,-46.5,3.90244712438107,0,0,0.160031997680664,1.63,0,-5399.9521484375
100000000000000000000001,1,922625000,0,-50,3.70609758353171,0,0,0.160031997680664,1.63,0,-5399.9521484375
100000000000000000000000,1,922625000,0,-46,3.42384511856075,0,0,0.160031997680664,1.63,0,-5399.9521484375
100000000000000000000004,1,922625000,0,-51.5,2.50345664582937,0,0,0.160031997680664,1.63,0,-5399.9521484375
100000000000000000000001,1,922625000,0,-50,3.69382573722862,0,0,0.160031997680664,1.63,0,-5399.9521484375
100000000000000000000002,1,922625000,0,-46.5,3.91471897068416,0,0,0.160031997680664,1.63,0,-5399.9521484375
100000000000000000000004,1,922625000,0,-51.5,2.4789129532232,0,0,0.160031997680664,1.63,0,-5399.9521484375
100000000000000000000003,1,922625000,0,-48,3.19068003880213,0,0,0.160031997680664,1.63,0,-5399.9521484375
100000000000000000000000,1,922625000,0,-46.5,3.41157327225767,0,0,0.160031997680664,1.63,0,-5399.9521484375
100000000000000000000004,1,922625000,0,-51.5,2.51572849213245,0,0,0.160031997680664,1.63,0,-5399.9521484375
100000000000000000000000,1,922625000,0,-46,3.39316550280304,0,0,0.160031997680664,1.63,0,-5399.9521484375
100000000000000000000001,1,922625000,0,-50,3.69382573722862,0,0,0.160031997680664,1.63,0,-5399.9521484375
100000000000000000000003,1,922625000,0,-48,3.15386449989288,0,0,0.160031997680664,1.63,0,-5399.9521484375
100000000000000000000002,1,922625000,0,-47,3.90858304753261,0,0,0.160031997680664,1.63,0,-5399.9521484375
100000000000000000000003,1,922625000,0,-48,3.17227226934751,0,0,0.160031997680664,1.63,0,-5399.9521484375
100000000000000000000004,1,922625000,0,-51.5,2.53413626158708,0,0,0.160031997680664,1.63,0,-5399.9521484375
100000000000000000000002,1,922625000,0,-47,3.9208548938357,0,0,0.160031997680664,1.63,0,-5399.9521484375
100000000000000000000000,1,922625000,0,-46.5,3.41157327225767,0,0,0.160031997680664,1.63,0,-5399.9521484375
100000000000000000000001,1,922625000,0,-50,3.66928204462245,0,0,0.160031997680664,1.63,0,-5399.9521484375
100000000000000000000004,1,922625000,0,-52,2.50959256898091,0,0,0.160031997680664,1.63,0,-5399.9521484375
100000000000000000000000,1,922625000,0,-46.5,3.41157327225767,0,0,0.160031997680664,1.63,0,-5399.9521484375
100000000000000000000003,1,922625000,0,-47.5,3.18454411565059,0,0,0.160031997680664,1.63,0,-5399.9521484375
100000000000000000000002,1,922625000,0,-46.5,3.9208548938357,0,0,0.160031997680664,1.63,0,-5399.9521484375
100000000000000000000001,1,922625000,0,-50,3.68155389092554,0,0,0.160031997680664,1.63,0,-5399.9521484375
100000000000000000000004,1,922625000,0,-52,2.49732072267782,0,0,0.160031997680664,1.63,0,-5399.9521484375
100000000000000000000003,1,922625000,0,-47.5,3.17227226934751,0,0,0.160031997680664,1.63,0,-5399.9521484375
100000000000000000000001,1,922625000,0,-50,3.69382573722862,0,0,0.160031997680664,1.63,0,-5399.9521484375
100000000000000000000002,1,922625000,0,-46.5,3.93312674013878,0,0,0.160031997680664,1.63,0,-5399.9521484375
100000000000000000000000,1,922625000,0,-46,3.44838881116692,0,0,0.160031997680664,1.63,0,-5399.9521484375
100000000000000000000003,1,922625000,0,-48,3.17227226934751,0,0,0.160031997680664,1.63,0,-5399.9521484375
100000000000000000000002,1,922625000,0,-46.5,3.91471897068416,0,0,0.160031997680664,1.63,0,-5399.9521484375
100000000000000000000000,1,922625000,0,-46.5,3.43611696486384,0,0,0.160031997680664,1.63,0,-5399.9521484375
100000000000000000000004,1,922625000,0,-51.5,2.52800033843554,0,0,0.160031997680664,1.63,0,-5399.9521484375
100000000000000000000001,1,922625000,0,-50,3.69382573722862,0,0,0.160031997680664,1.63,0,-5399.9521484375
100000000000000000000004,1,922625000,0,-51.5,2.52800033843554,0,0,0.160031997680664,1.63,0,-5399.9521484375
100000000000000000000003,1,922625000,0,-47.5,3.19068003880213,0,0,0.160031997680664,1.63,0,-5399.9521484375
100000000000000000000000,1,922625000,0,-46.5,3.44838881116692,0,0,0.160031997680664,1.63,0,-5399.9521484375
100000000000000000000002,1,922625000,0,-46.5,3.91471897068416,0,0,0.160031997680664,1.63,0,-5399.9521484375
100000000000000000000001,1,922625000,0,-50,3.675417967774,0,0,0.160031997680664,1.63,0,-5399.9521484375
100000000000000000000002,1,922625000,0,-46.5,3.9208548938357,0,0,0.160031997680664,1.63,0,-5399.9521484375
100000000000000000000000,1,922625000,0,-46.5,3.39930142595458,0,0,0.160031997680664,1.63,0,-5399.9521484375
100000000000000000000004,1,922625000,0,-51.5,2.53413626158708,0,0,0.160031997680664,1.63,0,-5399.9521484375
100000000000000000000003,1,922625000,0,-47.5,3.18454411565059,0,0,0.160031997680664,1.63,0,-5399.9521484375
100000000000000000000001,1,922625000,0,-50,3.68768981407708,0,0,0.160031997680664,1.63,0,-5399.9521484375
100000000000000000000002,1,922625000,0,-47,3.89631120122953,0,0,0.160031997680664,1.63,0,-5399.9521484375
100000000000000000000000,1,922625000,0,-46.5,3.40543734910612,0,0,0.160031997680664,1.63,0,-5399.9521484375
100000000000000000000004,1,922625000,0,-51.5,2.52186441528399,0,0,0.160031997680664,1.63,0,-5399.9521484375
100000000000000000000001,1,922625000,0,-50,3.675417967774,0,0,0.160031997680664,1.63,0,-5399.9521484375
100000000000000000000003,1,922625000,0,-48,3.17227226934751,0,0,0.160031997680664,1.63,0,-5399.9521484375
100000000000000000000000,1,922625000,0,-46,3.42998104171229,0,0,0.160031997680664,1.63,0,-5399.9521484375
100000000000000000000002,1,922625000,0,-46.5,3.9208548938357,0,0,0.160031997680664,1.63,0,-5399.9521484375
100000000000000000000003,1,922625000,0,-47.5,3.18454411565059,0,0,0.160031997680664,1.63,0,-5399.9521484375
100000000000000000000001,1,922625000,0,-50,3.69996166038017,0,0,0.160031997680664,1.63,0,-5399.9521484375
100000000000000000000004,1,922625000,0,-52,2.52800033843554,0,0,0.160031997680664,1.63,0,-5399.9521484375
100000000000000000000003,1,922625000,0,-47.5,3.19068003880213,0,0,0.160031997680664,1.63,0,-5399.9521484375
100000000000000000000000,1,922625000,0,-46,3.42384511856075,0,0,0.160031997680664,1.63,0,-5399.9521484375
100000000000000000000004,1,922625000,0,-51.5,2.53413626158708,0,0,0.160031997680664,1.63,0,-5399.9521484375
100000000000000000000001,1,922625000,0,-50,3.69996166038017,0,0,0.160031997680664,1.63,0,-5399.9521484375
100000000000000000000002,1,922625000,0,-46.5,3.90244712438107,0,0,0.160031997680664,1.63,0,-5399.9521484375
100000000000000000000003,1,922625000,0,-48,3.17840819249905,0,0,0.160031997680664,1.63,0,-5399.9521484375
100000000000000000000001,1,922625000,0,-50,3.68768981407708,0,0,0.160031997680664,1.63,0,-5399.9521484375
100000000000000000000002,1,922625000,0,-46.5,3.9208548938357,0,0,0.160031997680664,1.63,0,-5399.9521484375
100000000000000000000000,1,922625000,0,-46.5,3.40543734910612,0,0,0.160031997680664,1.63,0,-5399.9521484375
100000000000000000000004,1,922625000,0,-52,2.49732072267782,0,0,0.160031997680664,1.63,0,-5399.9521484375
100000000000000000000003,1,922625000,0,-47.5,3.18454411565059,0,0,0.160031997680664,1.63,0,-5399.9521484375
100000000000000000000004,1,922625000,0,-52,2.51572849213245,0,0,0.160031997680664,1.63,0,-5399.9521484375
100000000000000000000002,1,922625000,0,-46.5,3.95153450959341,0,0,0.160031997680664,1.63,0,-5399.9521484375
100000000000000000000001,1,922625000,0,-50,3.66928204462245,0,0,0.160031997680664,1.63,0,-5399.9521484375
100000000000000000000000,1,922625000,0,-46.5,3.42384511856075,0,0,0.160031997680664,1.63,0,-5399.9521484375
100000000000000000000000,1,922625000,0,-46,3.42384511856075,0,0,0.160031997680664,1.63,0,-5399.9521484375
100000000000000000000003,1,922625000,0,-48,3.17227226934751,0,0,0.160031997680664,1.63,0,-5399.9521484375
100000000000000000000002,1,922625000,0,-46.5,3.93926266329033,0,0,0.160031997680664,1.63,0,-5399.9521484375
100000000000000000000004,1,922625000,0,-51.5,2.4789129532232,0,0,0.160031997680664,1.63,0,-5399.9521484375
100000000000000000000001,1,922625000,0,-50,3.68155389092554,0,0,0.160031997680664,1.63,0,-5399.9521484375
100000000000000000000000,1,922625000,0,-46.5,3.41157327225767,0,0,0.160031997680664,1.63,0,-5399.9521484375
100000000000000000000004,1,922625000,0,-51.5,2.52186441528399,0,0,0.160031997680664,1.63,0,-5399.9521484375
100000000000000000000003,1,922625000,0,-47.5,3.17227226934751,0,0,0.160031997680664,1.63,0,-5399.9521484375
100000000000000000000001,1,922625000,0,-50,3.69382573722862,0,0,0.160031997680664,1.63,0,-5399.9521484375
100000000000000000000002,1,922625000,0,-47,3.91471897068416,0,0,0.160031997680664,1.63,0,-5399.9521484375
100000000000000000000003,1,922625000,0,-48,3.18454411565059,0,0,0.160031997680664,1.63,0,-5399.9521484375
100000000000000000000004,1,923125000,0,-51.5,2.82866057286112,0,0,0.160031997680664,1.63,0,-5399.9521484375
100000000000000000000001,1,923125000,0,-50.5,3.9208548938357,0,0,0.160031997680664,1.63,0,-5399.9521484375
100000000000000000000002,1,923125000,0,-46,4.1662918198974,0,0,0.160031997680664,1.63,0,-5399.9521484375
100000000000000000000000,1,923125000,0,-46,3.64473835201628,0,0,0.160031997680664,1.63,0,-5399.9521484375
100000000000000000000000,1,923125000,0,-46,3.66314612147091,0,0,0.160031997680664,1.63,0,-5399.9521484375
100000000000000000000001,1,923125000,0,-50,3.89631120122953,0,0,0.160031997680664,1.63,0,-5399.9521484375
100000000000000000000003,1,923125000,0,-47,3.42998104171229,0,0,0.160031997680664,1.63,0,-5399.9521484375
100000000000000000000004,1,923125000,0,-51.5,2.82252464970958,0,0,0.160031997680664,1.63,0,-5399.9521484375
100000000000000000000002,1,923125000,0,-46.5,4.15401997359432,0,0,0.160031997680664,1.63,0,-5399.9521484375
100000000000000000000001,1,923125000,0,-50,3.9208548938357,0,0,0.160031997680664,1.63,0,-5399.9521484375
100000000000000000000004,1,923125000,0,-51.5,2.81025280340649,0,0,0.160031997680664,1.63,0,-5399.9521484375
100000000000000000000000,1,923125000,0,-46,3.66928204462245,0,0,0.160031997680664,1.63,0,-5399.9521484375
100000000000000000000003,1,923125000,0,-47,3.42384511856075,0,0,0.160031997680664,1.63,0,-5399.9521484375
100000000000000000000002,1,923125000,0,-46,4.1662918198974,0,0,0.160031997680664,1.63,0,-5399.9521484375
100000000000000000000004,1,923125000,0,-51.5,2.81638872655804,0,0,0.160031997680664,1.63,0,-5399.9521484375
100000000000000000000003,1,923125000,0,-47.5,3.44225288801538,0,0,0.160031997680664,1.63,0,-5399.9521484375
100000000000000000000001,1,923125000,0,-50.5,3.90244712438107,0,0,0.160031997680664,1.63,0,-5399.9521484375
100000000000000000000000,1,923125000,0,-46,3.63860242886474,0,0,0.160031997680664,1.63,0,-5399.9521484375
100000000000000000000002,1,923125000,0,-46,4.14788405044277,0,0,0.160031997680664,1.63,0,-5399.9521484375
100000000000000000000001,1,923125000,0,-50,3.90858304753261,0,0,0.160031997680664,1.63,0,-5399.9521484375
100000000000000000000000,1,923125000,0,-46,3.64473835201628,0,0,0.160031997680664,1.63,0,-5399.9521484375
100000000000000000000002,1,923125000,0,-46,4.14788405044277,0,0,0.160031997680664,1.63,0,-5399.9521484375
100000000000000000000004,1,923125000,0,-51.5,2.78570911080032,0,0,0.160031997680664,1.63,0,-5399.9521484375
100000000000000000000003,1,923125000,0,-47,3.42384511856075,0,0,0.160031997680664,1.63,0,-5399.9521484375
100000000000000000000004,1,923125000,0,-51.5,2.84706834231575,0,0,0.160031997680664,1.63,0,-5399.9521484375
100000000000000000000000,1,923125000,0,-46,3.65087427516783,0,0,0.160031997680664,1.63,0,-5399.9521484375
100000000000000000000001,1,923125000,0,-50,3.9208548938357,0,0,0.160031997680664,1.63,0,-5399.9521484375
100000000000000000000003,1,923125000,0,-47,3.39930142595458,0,0,0.160031997680664,1.63,0,-5399.9521484375
100000000000000000000002,1,923125000,0,-46.5,4.14788405044277,0,0,0.160031997680664,1.63,0,-5399.9521484375
100000000000000000000002,1,923125000,0,-46,4.15401997359432,0,0,0.160031997680664,1.63,0,-5399.9521484375
100000000000000000000003,1,923125000,0,-47.5,3.43611696486384,0,0,0.160031997680664,1.63,0,-5399.9521484375
100000000000000000000004,1,923125000,0,-51.5,2.84706834231575,0,0,0.160031997680664,1.63,0,-5399.9521484375
100000000000000000000000,1,923125000,0,-46,3.66314612147091,0,0,0.160031997680664,1.63,0,-5399.9521484375
100000000000000000000001,1,923125000,0,-50.5,3.89631120122953,0,0,0.160031997680664,1.63,0,-5399.9521484375
100000000000000000000002,1,923125000,0,-46,4.14788405044277,0,0,0.160031997680664,1.63,0,-5399.9521484375
100000000000000000000003,1,923125000,0,-47,3.44838881116692,0,0,0.160031997680664,1.63,0,-5399.9521484375
100000000000000000000001,1,923125000,0,-50.5,3.90858304753261,0,0,0.160031997680664,1.63,0,-5399.9521484375
100000000000000000000000,1,923125000,0,-46,3.65087427516783,0,0,0.160031997680664,1.63,0,-5399.9521484375
100000000000000000000004,1,923125000,0,-51.5,2.80411688025495,0,0,0.160031997680664,1.63,0,-5399.9521484375
100000000000000000000001,1,923125000,0,-50.5,3.90858304753261,0,0,0.160031997680664,1.63,0,-5399.9521484375
100000000000000000000004,1,923125000,0,-51.5,2.82252464970958,0,0,0.160031997680664,1.63,0,-5399.9521484375
100000000000000000000003,1,923125000,0,-47,3.42384511856075,0,0,0.160031997680664,1.63,0,-5399.9521484375
100000000000000000000000,1,923125000,0,-46,3.64473835201628,0,0,0.160031997680664,1.63,0,-5399.9521484375
100000000000000000000002,1,923125000,0,-46,4.14788405044277,0,0,0.160031997680664,1.63,0,-5399.9521484375
100000000000000000000002,1,923125000,0,-46,4.14788405044277,0,0,0.160031997680664,1.63,0,-5399.9521484375
100000000000000000000001,1,923125000,0,-50.5,3.90858304753261,0,0,0.160031997680664,1.63,0,-5399.9521484375
100000000000000000000003,1,923125000,0,-47.5,3.43611696486384,0,0,0.160031997680664,1.63,0,-5399.9521484375
100000000000000000000000,1,923125000,0,-46,3.64473835201628,0,0,0.160031997680664,1.63,0,-5399.9521484375
100000000000000000000004,1,923125000,0,-51.5,2.79798095710341,0,0,0.160031997680664,1.63,0,-5399.9521484375
100000000000000000000003,1,923125000,0,-47,3.43611696486384,0,0,0.160031997680664,1.63,0,-5399.9521484375
100000000000000000000004,1,923125000,0,-51.5,2.82252464970958,0,0,0.160031997680664,1.63,0,-5399.9521484375
100000000000000000000001,1,923125000,0,-50.5,3.89631120122953,0,0,0.160031997680664,1.63,0,-5399.9521484375
100000000000000000000000,1,923125000,0,-46,3.66314612147091,0,0,0.160031997680664,1.63,0,-5399.9521484375
100000000000000000000002,1,923125000,0,-46,4.17242774304894,0,0,0.160031997680664,1.63,0,-5399.9521484375
100000000000000000000003,1,923125000,0,-47,3.44225288801538,0,0,0.160031997680664,1.63,0,-5399.9521484375
100000000000000000000001,1,923125000,0,-50.5,3.90858304753261,0,0,0.160031997680664,1.63,0,-5399.9521484375
100000000000000000000004,1,923125000,0,-51.5,2.79798095710341,0,0,0.160031997680664,1.63,0,-5399.9521484375
100000000000000000000002,1,923125000,0,-46,4.14788405044277,0,0,0.160031997680664,1.63,0,-5399.9521484375
100000000000000000000000,1,923125000,0,-46,3.65701019831937,0,0,0.160031997680664,1.63,0,-5399.9521484375
100000000000000000000000,1,923125000,0,-46,3.65701019831937,0,0,0.160031997680664,1.63,0,-5399.9521484375
100000000000000000000001,1,923125000,0,-50.5,3.89631120122953,0,0,0.160031997680664,1.63,0,-5399.9521484375
100000000000000000000002,1,923125000,0,-46,4.16015589674586,0,0,0.160031997680664,1.63,0,-5399.9521484375
100000000000000000000003,1,923125000,0,-47,3.43611696486384,0,0,0.160031997680664,1.63,0,-5399.9521484375
100000000000000000000004,1,923125000,0,-51.5,2.81638872655804,0,0,0.160031997680664,1.63,0,-5399.9521484375
100000000000000000000002,1,923125000,0,-46,4.14788405044277,0,0,0.160031997680664,1.63,0,-5399.9521484375
100000000000000000000003,1,923125000,0,-47,3.41157327225767,0,0,0.160031997680664,1.63,0,-5399.9521484375
100000000000000000000001,1,923125000,0,-50,3.89017527807799,0,0,0.160031997680664,1.63,0,-5399.9521484375
100000000000000000000000,1,923125000,0,-46,3.66314612147091,0,0,0.160031997680664,1.63,0,-5399.9521484375
100000000000000000000004,1,923125000,0,-51.5,2.85320426546729,0,0,0.160031997680664,1.63,0,-5399.9521484375
100000000000000000000003,1,923125000,0,-47,3.45452473431846,0,0,0.160031997680664,1.63,0,-5399.9521484375
100000000000000000000001,1,923125000,0,-50.5,3.9208548938357,0,0,0.160031997680664,1.63,0,-5399.9521484375
100000000000000000000000,1,923125000,0,-46,3.65087427516783,0,0,0.160031997680664,1.63,0,-5399.9521484375
100000000000000000000002,1,923125000,0,-46,4.17242774304894,0,0,0.160031997680664,1.63,0,-5399.9521484375
100000000000000000000004,1,923125000,0,-52,2.83479649601267,0,0,0.160031997680664,1.63,0,-5399.9521484375
100000000000000000000000,1,923125000,0,-46,3.65087427516783,0,0,0.160031997680664,1.63,0,-5399.9521484375
100000000000000000000004,1,923125000,0,-51.5,2.81638872655804,0,0,0.160031997680664,1.63,0,-5399.9521484375
100000000000000000000001,1,923125000,0,-50,3.90858304753261,0,0,0.160031997680664,1.63,0,-5399.9521484375
100000000000000000000003,1,923125000,0,-47.5,3.43611696486384,0,0,0.160031997680664,1.63,0,-5399.9521484375
100000000000000000000002,1,923125000,0,-46,4.16015589674586,0,0,0.160031997680664,1.63,0,-5399.9521484375
100000000000000000000001,1,923125000,0,-50.5,3.91471897068416,0,0,0.160031997680664,1.63,0,-5399.9521484375
100000000000000000000000,1,923125000,0,-46,3.66928204462245,0,0,0.160031997680664,1.63,0,-5399.9521484375
100000000000000000000002,1,923125000,0,-46,4.15401997359432,0,0,0.160031997680664,1.63,0,-5399.9521484375
100000000000000000000003,1,923125000,0,-47,3.44225288801538,0,0,0.160031997680664,1.63,0,-5399.9521484375
100000000000000000000004,1,923125000,0,-51.5,2.82252464970958,0,0,0.160031997680664,1.63,0,-5399.9521484375
100000000000000000000004,1,923125000,0,-51.5,2.81638872655804,0,0,0.160031997680664,1.63,0,-5399.9521484375
100000000000000000000003,1,923125000,0,-47,3.41157327225767,0,0,0.160031997680664,1.63,0,-5399.9521484375
100000000000000000000002,1,923125000,0,-46,4.15401997359432,0,0,0.160031997680664,1.63,0,-5399.9521484375
100000000000000000000001,1,923125000,0,-50.5,3.9208548938357,0,0,0.160031997680664,1.63,0,-5399.9521484375
100000000000000000000000,1,923125000,0,-46,3.66314612147091,0,0,0.160031997680664,1.63,0,-5399.9521484375
100000000000000000000000,1,923125000,0,-46,3.66314612147091,0,0,0.160031997680664,1.63,0,-5399.9521484375
100000000000000000000001,1,923125000,0,-50.5,3.90244712438107,0,0,0.160031997680664,1.63,0,-5399.9521484375
100000000000000000000003,1,923125000,0,-47,3.44225288801538,0,0,0.160031997680664,1.63,0,-5399.9521484375
100000000000000000000004,1,923125000,0,-51.5,2.82252464970958,0,0,0.160031997680664,1.63,0,-5399.9521484375
100000000000000000000002,1,923125000,0,-46,4.1662918198974,0,0,0.160031997680664,1.63,0,-5399.9521484375
100000000000000000000000,1,923125000,0,-46,3.63860242886474,0,0,0.160031997680664,1.63,0,-5399.9521484375
100000000000000000000002,1,923125000,0,-46,4.15401997359432,0,0,0.160031997680664,1.63,0,-5399.9521484375
100000000000000000000003,1,923125000,0,-47,3.45452473431846,0,0,0.160031997680664,1.63,0,-5399.9521484375
100000000000000000000004,1,923125000,0,-51.5,2.83479649601267,0,0,0.160031997680664,1.63,0,-5399.9521484375
100000000000000000000001,1,923125000,0,-50.5,3.8779034317749,0,0,0.160031997680664,1.63,0,-5399.9521484375
100000000000000000000003,1,923125000,0,-47,3.44225288801538,0,0,0.160031997680664,1.63,0,-5399.9521484375
100000000000000000000000,1,923125000,0,-46,3.65087427516783,0,0,0.160031997680664,1.63,0,-5399.9521484375
100000000000000000000001,1,923125000,0,-50,3.90244712438107,0,0,0.160031997680664,1.63,0,-5399.9521484375
100000000000000000000002,1,923125000,0,-46,4.16015589674586,0,0,0.160031997680664,1.63,0,-5399.9521484375
100000000000000000000004,1,923125000,0,-51.5,2.82252464970958,0,0,0.160031997680664,1.63,0,-5399.9521484375
100000000000000000000001,1,923125000,0,-50.5,3.89631120122953,0,0,0.160031997680664,1.63,0,-5399.9521484375
100000000000000000000003,1,923125000,0,-47,3.43611696486384,0,0,0.160031997680664,1.63,0,-5399.9521484375
100000000000000000000004,1,923125000,0,-51.5,2.82866057286112,0,0,0.160031997680664,1.63,0,-5399.9521484375
100000000000000000000002,1,923125000,0,-46.5,4.16015589674586,0,0,0.160031997680664,1.63,0,-5399.9521484375
100000000000000000000000,1,923125000,0,-46,3.63860242886474,0,0,0.160031997680664,1.63,0,-5399.9521484375
100000000000000000000002,1,923125000,0,-46,4.1662918198974,0,0,0.160031997680664,1.63,0,-5399.9521484375
100000000000000000000004,1,923125000,0,-51.5,2.84093241916421,0,0,0.160031997680664,1.63,0,-5399.9521484375
100000000000000000000001,1,923125000,0,-50,3.91471897068416,0,0,0.160031997680664,1.63,0,-5399.9521484375
100000000000000000000000,1,923125000,0,-46,3.63860242886474,0,0,0.160031997680664,1.63,0,-5399.9521484375
100000000000000000000003,1,923125000,0,-47,3.44838881116692,0,0,0.160031997680664,1.63,0,-5399.9521484375
100000000000000000000000,1,923125000,0,-46,3.65701019831937,0,0,0.160031997680664,1.63,0,-5399.9521484375
100000000000000000000004,1,923125000,0,-51.5,2.84093241916421,0,0,0.160031997680664,1.63,0,-5399.9521484375
100000000000000000000002,1,923125000,0,-46,4.14174812729123,0,0,0.160031997680664,1.63,0,-5399.9521484375
100000000000000000000003,1,923125000,0,-47.5,3.42998104171229,0,0,0.160031997680664,1.63,0,-5399.9521484375
100000000000000000000001,1,923125000,0,-50,3.9208548938357,0,0,0.160031997680664,1.63,0,-5399.9521484375
100000000000000000000003,1,923125000,0,-47,3.43611696486384,0,0,0.160031997680664,1.63,0,-5399.9521484375
100000000000000000000000,1,923125000,0,-46,3.6324665057132,0,0,0.160031997680664,1.63,0,-5399.9521484375
100000000000000000000002,1,923125000,0,-46,4.16015589674586,0,0,0.160031997680664,1.63,0,-5399.9521484375
100000000000000000000001,1,923125000,0,-50.5,3.93312674013878,0,0,0.160031997680664,1.63,0,-5399.9521484375
100000000000000000000004,1,923125000,0,-51.5,2.83479649601267,0,0,0.160031997680664,1.63,0,-5399.9521484375
100000000000000000000003,1,923125000,0,-47,3.39930142595458,0,0,0.160031997680664,1.63,0,-5399.9521484375
100000000000000000000000,1,923125000,0,-46,3.63860242886474,0,0,0.160031997680664,1.63,0,-5399.9521484375
100000000000000000000002,1,923125000,0,-46,4.1662918198974,0,0,0.160031997680664,1.63,0,-5399.9521484375
100000000000000000000004,1,923125000,0,-51.5,2.79184503395187,0,0,0.160031997680664,1.63,0,-5399.9521484375
100000000000000000000001,1,923125000,0,-50.5,3.90244712438107,0,0,0.160031997680664,1.63,0,-5399.9521484375
100000000000000000000002,1,923125000,0,-46,4.16015589674586,0,0,0.160031997680664,1.63,0,-5399.9521484375
100000000000000000000003,1,923125000,0,-47.5,3.44225288801538,0,0,0.160031997680664,1.63,0,-5399.9521484375
100000000000000000000004,1,923125000,0,-52,2.79184503395187,0,0,0.160031997680664,1.63,0,-5399.9521484375
100000000000000000000000,1,923125000,0,-46,3.66928204462245,0,0,0.160031997680664,1.63,0,-5399.9521484375
100000000000000000000001,1,923125000,0,-50.5,3.90858304753261,0,0,0.160031997680664,1.63,0,-5399.9521484375
100000000000000000000001,1,923125000,0,-50.5,3.89631120122953,0,0,0.160031997680664,1.63,0,-5399.9521484375
100000000000000000000002,1,923125000,0,-46,4.15401997359432,0,0,0.160031997680664,1.63,0,-5399.9521484375
100000000000000000000000,1,923125000,0,-46,3.66928204462245,0,0,0.160031997680664,1.63,0,-5399.9521484375
100000000000000000000003,1,923125000,0,-47,3.41770919540921,0,0,0.160031997680664,1.63,0,-5399.9521484375
100000000000000000000004,1,923125000,0,-51.5,2.82252464970958,0,0,0.160031997680664,1.63,0,-5399.9521484375
100000000000000000000004,1,923125000,0,-51.5,2.83479649601267,0,0,0.160031997680664,1.63,0,-5399.9521484375
100000000000000000000000,1,923125000,0,-46,3.64473835201628,0,0,0.160031997680664,1.63,0,-5399.9521484375
100000000000000000000003,1,923125000,0,-47,3.43611696486384,0,0,0.160031997680664,1.63,0,-5399.9521484375
100000000000000000000002,1,923125000,0,-46,4.18469958935203,0,0,0.160031997680664,1.63,0,-5399.9521484375
100000000000000000000001,1,923125000,0,-50,3.90858304753261,0,0,0.160031997680664,1.63,0,-5399.9521484375
100000000000000000000001,1,923125000,0,-50.5,3.9208548938357,0,0,0.160031997680664,1.63,0,-5399.9521484375
100000000000000000000004,1,923125000,0,-51.5,2.79798095710341,0,0,0.160031997680664,1.63,0,-5399.9521484375
100000000000000000000000,1,923125000,0,-46,3.675417967774,0,0,0.160031997680664,1.63,0,-5399.9521484375
100000000000000000000002,1,923125000,0,-46,4.14788405044277,0,0,0.160031997680664,1.63,0,-5399.9521484375
100000000000000000000003,1,923125000,0,-47,3.42998104171229,0,0,0.160031997680664,1.63,0,-5399.9521484375
100000000000000000000004,1,923125000,0,-51.5,2.84706834231575,0,0,0.160031997680664,1.63,0,-5399.9521484375
100000000000000000000003,1,923125000,0,-47,3.42998104171229,0,0,0.160031997680664,1.63,0,-5399.9521484375
100000000000000000000000,1,923125000,0,-46,3.66314612147091,0,0,0.160031997680664,1.63,0,-5399.9521484375
100000000000000000000001,1,923125000,0,-50.5,3.92699081698724,0,0,0.160031997680664,1.63,0,-5399.9521484375
100000000000000000000002,1,923125000,0,-46,4.15401997359432,0,0,0.160031997680664,1.63,0,-5399.9521484375
100000000000000000000004,1,923125000,0,-51.5,2.85934018861884,0,0,0.160031997680664,1.63,0,-5399.9521484375
100000000000000000000000,1,923125000,0,-46,3.66314612147091,0,0,0.160031997680664,1.63,0,-5399.9521484375
100000000000000000000002,1,923125000,0,-46,4.15401997359432,0,0,0.160031997680664,1.63,0,-5399.9521484375
100000000000000000000001,1,923125000,0,-50.5,3.88403935492644,0,0,0.160031997680664,1.63,0,-5399.9521484375
100000000000000000000003,1,923125000,0,-47,3.43611696486384,0,0,0.160031997680664,1.63,0,-5399.9521484375
100000000000000000000002,1,923125000,0,-46,4.13561220413969,0,0,0.160031997680664,1.63,0,-5399.9521484375
100000000000000000000001,1,923125000,0,-50.5,3.89631120122953,0,0,0.160031997680664,1.63,0,-5399.9521484375
100000000000000000000000,1,923125000,0,-46,3.65701019831937,0,0,0.160031997680664,1.63,0,-5399.9521484375
100000000000000000000004,1,923125000,0,-51.5,2.85934018861884,0,0,0.160031997680664,1.63,0,-5399.9521484375
100000000000000000000003,1,923125000,0,-47,3.42384511856075,0,0,0.160031997680664,1.63,0,-5399.9521484375
100000000000000000000003,1,923125000,0,-47,3.42998104171229,0,0,0.160031997680664,1.63,0,-5399.9521484375
100000000000000000000002,1,923125000,0,-46,4.16015589674586,0,0,0.160031997680664,1.63,0,-5399.9521484375
100000000000000000000000,1,923125000,0,-46,3.66928204462245,0,0,0.160031997680664,1.63,0,-5399.9521484375
100000000000000000000004,1,923125000,0,-51.5,2.82866057286112,0,0,0.160031997680664,1.63,0,-5399.9521484375
100000000000000000000001,1,923125000,0,-50,3.91471897068416,0,0,0.160031997680664,1.63,0,-5399.9521484375
100000000000000000000004,1,923125000,0,-51.5,2.78570911080032,0,0,0.160031997680664,1.63,0,-5399.9521484375
100000000000000000000001,1,923125000,0,-50.5,3.89017527807799,0,0,0.160031997680664,1.63,0,-5399.9521484375
100000000000000000000003,1,923125000,0,-47,3.43611696486384,0,0,0.160031997680664,1.63,0,-5399.9521484375
100000000000000000000002,1,923125000,0,-46,4.14788405044277,0,0,0.160031997680664,1.63,0,-5399.9521484375
100000000000000000000000,1,923125000,0,-46,3.65087427516783,0,0,0.160031997680664,1.63,0,-5399.9521484375
100000000000000000000004,1,923125000,0,-51.5,2.82252464970958,0,0,0.160031997680664,1.63,0,-5399.9521484375
100000000000000000000002,1,923125000,0,-46,4.14174812729123,0,0,0.160031997680664,1.63,0,-5399.9521484375
100000000000000000000001,1,923125000,0,-50,3.90858304753261,0,0,0.160031997680664,1.63,0,-5399.9521484375
100000000000000000000003,1,923125000,0,-47.5,3.41157327225767,0,0,0.160031997680664,1.63,0,-5399.9521484375
100000000000000000000000,1,923125000,0,-46,3.68155389092554,0,0,0.160031997680664,1.63,0,-5399.9521484375
100000000000000000000003,1,923125000,0,-47,3.42998104171229,0,0,0.160031997680664,1.63,0,-5399.9521484375
100000000000000000000002,1,923125000,0,-46,4.15401997359432,0,0,0.160031997680664,1.63,0,-5399.9521484375
100000000000000000000001,1,923125000,0,-50.5,3.90858304753261,0,0,0.160031997680664,1.63,0,-5399.9521484375
100000000000000000000004,1,923125000,0,-51.5,2.81638872655804,0,0,0.160031997680664,1.63,0,-5399.9521484375
100000000000000000000000,1,923125000,0,-46,3.6324665057132,0,0,0.160031997680664,1.63,0,-5399.9521484375
100000000000000000000001,1,923125000,0,-50.5,3.89631120122953,0,0,0.160031997680664,1.63,0,-5399.9521484375
100000000000000000000000,1,923125000,0,-46,3.62633058256166,0,0,0.160031997680664,1.63,0,-5399.9521484375
100000000000000000000002,1,923125000,0,-46,4.14788405044277,0,0,0.160031997680664,1.63,0,-5399.9521484375
100000000000000000000003,1,923125000,0,-47,3.41157327225767,0,0,0.160031997680664,1.63,0,-5399.9521484375
100000000000000000000004,1,923125000,0,-51.5,2.81638872655804,0,0,0.160031997680664,1.63,0,-5399.9521484375
100000000000000000000001,1,923125000,0,-50.5,3.89017527807799,0,0,0.160031997680664,1.63,0,-5399.9521484375
100000000000000000000000,1,923125000,0,-46,3.63860242886474,0,0,0.160031997680664,1.63,0,-5399.9521484375
100000000000000000000003,1,923125000,0,-47,3.44225288801538,0,0,0.160031997680664,1.63,0,-5399.9521484375
100000000000000000000002,1,923125000,0,-46,4.16015589674586,0,0,0.160031997680664,1.63,0,-5399.9521484375
100000000000000000000004,1,923125000,0,-51.5,2.81025280340649,0,0,0.160031997680664,1.63,0,-5399.9521484375
100000000000000000000002,1,923125000,0,-46,4.17242774304894,0,0,0.160031997680664,1.63,0,-5399.9521484375
100000000000000000000001,1,923125000,0,-50,3.89017527807799,0,0,0.160031997680664,1.63,0,-5399.9521484375
100000000000000000000003,1,923125000,0,-47,3.41770919540921,0,0,0.160031997680664,1.63,0,-5399.9521484375
100000000000000000000000,1,923125000,0,-46,3.63860242886474,0,0,0.160031997680664,1.63,0,-5399.9521484375
100000000000000000000004,1,923125000,0,-51.5,2.82252464970958,0,0,0.160031997680664,1.63,0,-5399.9521484375
100000000000000000000000,1,923125000,0,-46,3.63860242886474,0,0,0.160031997680664,1.63,0,-5399.9521484375
100000000000000000000003,1,923125000,0,-47,3.43611696486384,0,0,0.160031997680664,1.63,0,-5399.9521484375
100000000000000000000002,1,923125000,0,-46.5,4.13561220413969,0,0,0.160031997680664,1.63,0,-5399.9521484375
100000000000000000000001,1,923125000,0,-50.5,3.90244712438107,0,0,0.160031997680664,1.63,0,-5399.9521484375
100000000000000000000004,1,923125000,0,-51.5,2.80411688025495,0,0,0.160031997680664,1.63,0,-5399.9521484375
100000000000000000000002,1,923125000,0,-46,4.1662918198974,0,0,0.160031997680664,1.63,0,-5399.9521484375
100000000000000000000004,1,923125000,0,-51,2.84093241916421,0,0,0.160031997680664,1.63,0,-5399.9521484375
100000000000000000000001,1,923125000,0,-50,3.90244712438107,0,0,0.160031997680664,1.63,0,-5399.9521484375
100000000000000000000003,1,923125000,0,-47,3.44225288801538,0,0,0.160031997680664,1.63,0,-5399.9521484375
100000000000000000000000,1,923125000,0,-46,3.64473835201628,0,0,0.160031997680664,1.63,0,-5399.9521484375
100000000000000000000002,1,923125000,0,-46,4.15401997359432,0,0,0.160031997680664,1.63,0,-5399.9521484375
100000000000000000000001,1,923125000,0,-50.5,3.90858304753261,0,0,0.160031997680664,1.63,0,-5399.9521484375
100000000000000000000000,1,923125000,0,-46,3.65087427516783,0,0,0.160031997680664,1.63,0,-5399.9521484375
100000000000000000000003,1,923125000,0,-47,3.42998104171229,0,0,0.160031997680664,1.63,0,-5399.9521484375
100000000000000000000004,1,923125000,0,-51.5,2.82252464970958,0,0,0.160031997680664,1.63,0,-5399.9521484375
100000000000000000000004,1,923125000,0,-51.5,2.87161203492192,0,0,0.160031997680664,1.63,0,-5399.9521484375
100000000000000000000000,1,923125000,0,-46,3.65087427516783,0,0,0.160031997680664,1.63,0,-5399.9521484375
100000000000000000000002,1,923125000,0,-46,4.16015589674586,0,0,0.160031997680664,1.63,0,-5399.9521484375
100000000000000000000003,1,923125000,0,-47,3.41770919540921,0,0,0.160031997680664,1.63,0,-5399.9521484375
100000000000000000000001,1,923125000,0,-50.5,3.90858304753261,0,0,0.160031997680664,1.63,0,-5399.9521484375
100000000000000000000003,1,923125000,0,-47,3.44838881116692,0,0,0.160031997680664,1.63,0,-5399.9521484375
100000000000000000000002,1,923125000,0,-46,4.1662918198974,0,0,0.160031997680664,1.63,0,-5399.9521484375
100000000000000000000000,1,923125000,0,-46,3.66314612147091,0,0,0.160031997680664,1.63,0,-5399.9521484375
100000000000000000000001,1,923125000,0,-50,3.87176750862336,0,0,0.160031997680664,1.63,0,-5399.9521484375
100000000000000000000004,1,923125000,0,-51.5,2.82866057286112,0,0,0.160031997680664,1.63,0,-5399.9521484375
100000000000000000000001,1,923125000,0,-50.5,3.89017527807799,0,0,0.160031997680664,1.63,0,-5399.9521484375
100000000000000000000004,1,923125000,0,-51.5,2.81638872655804,0,0,0.160031997680664,1.63,0,-5399.9521484375
100000000000000000000003,1,923125000,0,-47,3.42998104171229,0,0,0.160031997680664,1.63,0,-5399.9521484375
100000000000000000000002,1,923125000,0,-46,4.1662918198974,0,0,0.160031997680664,1.63,0,-5399.9521484375
100000000000000000000000,1,923125000,0,-46,3.65087427516783,0,0,0.160031997680664,1.63,0,-5399.9521484375
100000000000000000000004,1,923125000,0,-51.5,2.82252464970958,0,0,0.160031997680664,1.63,0,-5399.9521484375
100000000000000000000002,1,923125000,0,-46,4.1662918198974,0,0,0.160031997680664,1.63,0,-5399.9521484375
100000000000000000000000,1,923125000,0,-46,3.66928204462245,0,0,0.160031997680664,1.63,0,-5399.9521484375
100000000000000000000001,1,923125000,0,-50.5,3.91471897068416,0,0,0.160031997680664,1.63,0,-5399.9521484375
100000000000000000000003,1,923125000,0,-47,3.43611696486384,0,0,0.160031997680664,1.63,0,-5399.9521484375
100000000000000000000004,1,923125000,0,-51.5,2.82866057286112,0,0,0.160031997680664,1.63,0,-5399.9521484375
100000000000000000000002,1,923125000,0,-46.5,4.13561220413969,0,0,0.160031997680664,1.63,0,-5399.9521484375
100000000000000000000000,1,923125000,0,-46,3.66314612147091,0,0,0.160031997680664,1.63,0,-5399.9521484375
100000000000000000000001,1,923125000,0,-50.5,3.89631120122953,0,0,0.160031997680664,1.63,0,-5399.9521484375
100000000000000000000003,1,923125000,0,-47,3.43611696486384,0,0,0.160031997680664,1.63,0,-5399.9521484375
100000000000000000000004,1,923125000,0,-51.5,2.84093241916421,0,0,0.160031997680664,1.63,0,-5399.9521484375
100000000000000000000000,1,923125000,0,-46,3.66314612147091,0,0,0.160031997680664,1.63,0,-5399.9521484375
100000000000000000000001,1,923125000,0,-50.5,3.91471897068416,0,0,0.160031997680664,1.63,0,-5399.9521484375
100000000000000000000002,1,923125000,0,-46.5,4.16015589674586,0,0,0.160031997680664,1.63,0,-5399.9521484375
100000000000000000000003,1,923125000,0,-47,3.43611696486384,0,0,0.160031997680664,1.63,0,-5399.9521484375
100000000000000000000004,1,923125000,0,-51.5,2.79184503395187,0,0,0.160031997680664,1.63,0,-5399.9521484375
100000000000000000000001,1,923125000,0,-50.5,3.90244712438107,0,0,0.160031997680664,1.63,0,-5399.9521484375
100000000000000000000003,1,923125000,0,-47,3.43611696486384,0,0,0.160031997680664,1.63,0,-5399.9521484375
100000000000000000000000,1,923125000,0,-46,3.65701019831937,0,0,0.160031997680664,1.63,0,-5399.9521484375
100000000000000000000002,1,923125000,0,-46.5,4.14788405044277,0,0,0.160031997680664,1.63,0,-5399.9521484375
100000000000000000000000,1,923125000,0,-46,3.65701019831937,0,0,0.160031997680664,1.63,0,-5399.9521484375
100000000000000000000001,1,923125000,0,-50.5,3.89631120122953,0,0,0.160031997680664,1.63,0,-5399.9521484375
100000000000000000000004,1,923125000,0,-51.5,2.81025280340649,0,0,0.160031997680664,1.63,0,-5399.9521484375
100000000000000000000003,1,923125000,0,-47,3.43611696486384,0,0,0.160031997680664,1.63,0,-5399.9521484375
100000000000000000000002,1,923125000,0,-46,4.14788405044277,0,0,0.160031997680664,1.63,0,-5399.9521484375
100000000000000000000004,1,923125000,0,-51.5,2.82252464970958,0,0,0.160031997680664,1.63,0,-5399.9521484375
100000000000000000000000,1,923125000,0,-46,3.6324665057132,0,0,0.160031997680664,1.63,0,-5399.9521484375
100000000000000000000001,1,923125000,0,-50.5,3.90858304753261,0,0,0.160031997680664,1.63,0,-5399.9521484375
100000000000000000000003,1,923125000,0,-47,3.42998104171229,0,0,0.160031997680664,1.63,0,-5399.9521484375
100000000000000000000002,1,923125000,0,-46,4.15401997359432,0,0,0.160031997680664,1.63,0,-5399.9521484375
100000000000000000000000,1,923125000,0,-46,3.62633058256166,0,0,0.160031997680664,1.63,0,-5399.9521484375
100000000000000000000004,1,923125000,0,-51.5,2.84093241916421,0,0,0.160031997680664,1.63,0,-5399.9521484375
100000000000000000000002,1,923125000,0,-46,4.17242774304894,0,0,0.160031997680664,1.63,0,-5399.9521484375
100000000000000000000001,1,923125000,0,-50.5,3.91471897068416,0,0,0.160031997680664,1.63,0,-5399.9521484375
100000000000000000000003,1,923125000,0,-47,3.44225288801538,0,0,0.160031997680664,1.63,0,-5399.9521484375
100000000000000000000004,1,923125000,0,-51.5,2.82252464970958,0,0,0.160031997680664,1.63,0,-5399.9521484375
100000000000000000000000,1,923125000,0,-46,3.65701019831937,0,0,0.160031997680664,1.63,0,-5399.9521484375
100000000000000000000003,1,923125000,0,-47,3.43611696486384,0,0,0.160031997680664,1.63,0,-5399.9521484375
100000000000000000000001,1,923125000,0,-50.5,3.91471897068416,0,0,0.160031997680664,1.63,0,-5399.9521484375
100000000000000000000002,1,923125000,0,-46,4.12947628098815,0,0,0.160031997680664,1.63,0,-5399.9521484375
100000000000000000000002,1,923125000,0,-46,4.17242774304894,0,0,0.160031997680664,1.63,0,-5399.9521484375
100000000000000000000004,1,923125000,0,-51.5,2.85320426546729,0,0,0.160031997680664,1.63,0,-5399.9521484375
100000000000000000000000,1,923125000,0,-46,3.62019465941011,0,0,0.160031997680664,1.63,0,-5399.9521484375
100000000000000000000003,1,923125000,0,-47,3.42384511856075,0,0,0.160031997680664,1.63,0,-5399.9521484375
100000000000000000000001,1,923125000,0,-50.5,3.90244712438107,0,0,0.160031997680664,1.63,0,-5399.9521484375
100000000000000000000001,1,923125000,0,-50.5,3.92699081698724,0,0,0.160031997680664,1.63,0,-5399.9521484375
100000000000000000000003,1,923125000,0,-47,3.42384511856075,0,0,0.160031997680664,1.63,0,-5399.9521484375
100000000000000000000000,1,923125000,0,-46,3.64473835201628,0,0,0.160031997680664,1.63,0,-5399.9521484375
100000000000000000000002,1,923125000,0,-46,4.16015589674586,0,0,0.160031997680664,1.63,0,-5399.9521484375
100000000000000000000004,1,923125000,0,-51.5,2.82866057286112,0,0,0.160031997680664,1.63,0,-5399.9521484375
100000000000000000000000,1,923125000,0,-46,3.675417967774,0,0,0.160031997680664,1.63,0,-5399.9521484375
100000000000000000000003,1,923125000,0,-47,3.41770919540921,0,0,0.160031997680664,1.63,0,-5399.9521484375
100000000000000000000002,1,923125000,0,-46,4.14174812729123,0,0,0.160031997680664,1.63,0,-5399.9521484375
100000000000000000000001,1,923125000,0,-50.5,3.90858304753261,0,0,0.160031997680664,1.63,0,-5399.9521484375
100000000000000000000004,1,923125000,0,-51.5,2.84093241916421,0,0,0.160031997680664,1.63,0,-5399.9521484375
100000000000000000000004,1,923125000,0,-51.5,2.83479649601267,0,0,0.160031997680664,1.63,0,-5399.9521484375
100000000000000000000001,1,923125000,0,-50.5,3.90244712438107,0,0,0.160031997680664,1.63,0,-5399.9521484375
100000000000000000000002,1,923125000,0,-46,4.17856366620049,0,0,0.160031997680664,1.63,0,-5399.9521484375
100000000000000000000000,1,923125000,0,-46,3.65087427516783,0,0,0.160031997680664,1.63,0,-5399.9521484375
100000000000000000000003,1,923125000,0,-47,3.44225288801538,0,0,0.160031997680664,1.63,0,-5399.9521484375
100000000000000000000000,1,923125000,0,-46,3.65087427516783,0,0,0.160031997680664,1.63,0,-5399.9521484375
100000000000000000000002,1,923125000,0,-46,4.17856366620049,0,0,0.160031997680664,1.63,0,-5399.9521484375
100000000000000000000001,1,923125000,0,-50,3.90858304753261,0,0,0.160031997680664,1.63,0,-5399.9521484375
100000000000000000000003,1,923125000,0,-47,3.44225288801538,0,0,0.160031997680664,1.63,0,-5399.9521484375
100000000000000000000004,1,923125000,0,-51.5,2.79184503395187,0,0,0.160031997680664,1.63,0,-5399.9521484375
100000000000000000000003,1,923125000,0,-47,3.44225288801538,0,0,0.160031997680664,1.63,0,-5399.9521484375
100000000000000000000001,1,923125000,0,-50.5,3.9208548938357,0,0,0.160031997680664,1.63,0,-5399.9521484375
100000000000000000000002,1,923125000,0,-46,4.16015589674586,0,0,0.160031997680664,1.63,0,-5399.9521484375
100000000000000000000000,1,923125000,0,-46,3.66314612147091,0,0,0.160031997680664,1.63,0,-5399.9521484375
100000000000000000000004,1,923125000,0,-51.5,2.86547611177038,0,0,0.160031997680664,1.63,0,-5399.9521484375
100000000000000000000001,1,923125000,0,-50.5,3.90858304753261,0,0,0.160031997680664,1.63,0,-5399.9521484375
100000000000000000000000,1,923125000,0,-46,3.64473835201628,0,0,0.160031997680664,1.63,0,-5399.9521484375
100000000000000000000004,1,923125000,0,-51.5,2.81025280340649,0,0,0.160031997680664,1.63,0,-5399.9521484375
100000000000000000000003,1,923125000,0,-47.5,3.41157327225767,0,0,0.160031997680664,1.63,0,-5399.9521484375
100000000000000000000002,1,923125000,0,-46,4.14788405044277,0,0,0.160031997680664,1.63,0,-5399.9521484375
100000000000000000000004,1,923125000,0,-51.5,2.84093241916421,0,0,0.160031997680664,1.63,0,-5399.9521484375
100000000000000000000002,1,923125000,0,-46,4.17856366620049,0,0,0.160031997680664,1.63,0,-5399.9521484375
100000000000000000000000,1,923125000,0,-46,3.6324665057132,0,0,0.160031997680664,1.63,0,-5399.9521484375
100000000000000000000001,1,923125000,0,-50.5,3.90244712438107,0,0,0.160031997680664,1.63,0,-5399.9521484375
100000000000000000000003,1,923125000,0,-47,3.42998104171229,0,0,0.160031997680664,1.63,0,-5399.9521484375
100000000000000000000002,1,923125000,0,-46.5,4.17242774304894,0,0,0.160031997680664,1.63,0,-5399.9521484375
100000000000000000000001,1,923125000,0,-50.5,3.90244712438107,0,0,0.160031997680664,1.63,0,-5399.9521484375
100000000000000000000000,1,923125000,0,-46,3.65087427516783,0,0,0.160031997680664,1.63,0,-5399.9521484375
100000000000000000000003,1,923125000,0,-47,3.44225288801538,0,0,0.160031997680664,1.63,0,-5399.9521484375
100000000000000000000004,1,923125000,0,-51.5,2.84093241916421,0,0,0.160031997680664,1.63,0,-5399.9521484375
100000000000000000000001,1,923125000,0,-50.5,3.93312674013878,0,0,0.160031997680664,1.63,0,-5399.9521484375
100000000000000000000002,1,923125000,0,-46,4.1662918198974,0,0,0.160031997680664,1.63,0,-5399.9521484375
100000000000000000000000,1,923125000,0,-46,3.6324665057132,0,0,0.160031997680664,1.63,0,-5399.9521484375
100000000000000000000004,1,923125000,0,-51.5,2.79184503395187,0,0,0.160031997680664,1.63,0,-5399.9521484375
100000000000000000000003,1,923125000,0,-47.5,3.43611696486384,0,0,0.160031997680664,1.63,0,-5399.9521484375
100000000000000000000002,1,923125000,0,-46,4.14788405044277,0,0,0.160031997680664,1.63,0,-5399.9521484375
100000000000000000000000,1,923125000,0,-46,3.65087427516783,0,0,0.160031997680664,1.63,0,-5399.9521484375
100000000000000000000004,1,923125000,0,-51.5,2.79184503395187,0,0,0.160031997680664,1.63,0,-5399.9521484375
100000000000000000000001,1,923125000,0,-50.5,3.89631120122953,0,0,0.160031997680664,1.63,0,-5399.9521484375
100000000000000000000003,1,923125000,0,-47,3.44838881116692,0,0,0.160031997680664,1.63,0,-5399.9521484375
100000000000000000000000,1,923125000,0,-46,3.64473835201628,0,0,0.160031997680664,1.63,0,-5399.9521484375
100000000000000000000003,1,923125000,0,-47,3.42998104171229,0,0,0.160031997680664,1.63,0,-5399.9521484375
100000000000000000000002,1,923125000,0,-46.5,4.17242774304894,0,0,0.160031997680664,1.63,0,-5399.9521484375
100000000000000000000004,1,923125000,0,-51.5,2.82252464970958,0,0,0.160031997680664,1.63,0,-5399.9521484375
100000000000000000000001,1,923125000,0,-50.5,3.90244712438107,0,0,0.160031997680664,1.63,0,-5399.9521484375
100000000000000000000004,1,923125000,0,-51.5,2.83479649601267,0,0,0.160031997680664,1.63,0,-5399.9521484375
100000000000000000000003,1,923125000,0,-47,3.41770919540921,0,0,0.160031997680664,1.63,0,-5399.9521484375
100000000000000000000001,1,923125000,0,-50.5,3.91471897068416,0,0,0.160031997680664,1.63,0,-5399.9521484375
100000000000000000000000,1,923125000,0,-46,3.64473835201628,0,0,0.160031997680664,1.63,0,-5399.9521484375
100000000000000000000002,1,923125000,0,-46,4.16015589674586,0,0,0.160031997680664,1.63,0,-5399.9521484375
100000000000000000000004,1,923125000,0,-51.5,2.82866057286112,0,0,0.160031997680664,1.63,0,-5399.9521484375
100000000000000000000002,1,923125000,0,-46.5,4.14174812729123,0,0,0.160031997680664,1.63,0,-5399.9521484375
100000000000000000000000,1,923125000,0,-46,3.65701019831937,0,0,0.160031997680664,1.63,0,-5399.9521484375
100000000000000000000003,1,923125000,0,-47,3.41157327225767,0,0,0.160031997680664,1.63,0,-5399.9521484375
100000000000000000000001,1,923125000,0,-50.5,3.89631120122953,0,0,0.160031997680664,1.63,0,-5399.9521484375
100000000000000000000000,1,923125000,0,-46,3.66314612147091,0,0,0.160031997680664,1.63,0,-5399.9521484375
100000000000000000000004,1,923125000,0,-51.5,2.81025280340649,0,0,0.160031997680664,1.63,0,-5399.9521484375
100000000000000000000001,1,923125000,0,-50.5,3.90858304753261,0,0,0.160031997680664,1.63,0,-5399.9521484375
100000000000000000000003,1,923125000,0,-47.5,3.43611696486384,0,0,0.160031997680664,1.63,0,-5399.9521484375
100000000000000000000002,1,923125000,0,-46,4.16015589674586,0,0,0.160031997680664,1.63,0,-5399.9521484375
100000000000000000000003,1,923125000,0,-47,3.42384511856075,0,0,0.160031997680664,1.63,0,-5399.9521484375
100000000000000000000001,1,923125000,0,-50.5,3.90858304753261,0,0,0.160031997680664,1.63,0,-5399.9521484375
100000000000000000000000,1,923125000,0,-46,3.63860242886474,0,0,0.160031997680664,1.63,0,-5399.9521484375
100000000000000000000002,1,923125000,0,-46,4.17242774304894,0,0,0.160031997680664,1.63,0,-5399.9521484375
100000000000000000000004,1,923125000,0,-51.5,2.79184503395187,0,0,0.160031997680664,1.63,0,-5399.9521484375
100000000000000000000000,1,923125000,0,-46,3.62633058256166,0,0,0.160031997680664,1.63,0,-5399.9521484375
100000000000000000000002,1,923125000,0,-46,4.16015589674586,0,0,0.160031997680664,1.63,0,-5399.9521484375
100000000000000000000004,1,923125000,0,-51.5,2.82252464970958,0,0,0.160031997680664,1.63,0,-5399.9521484375
100000000000000000000003,1,923125000,0,-47,3.43611696486384,0,0,0.160031997680664,1.63,0,-5399.9521484375
100000000000000000000001,1,923125000,0,-50.5,3.90858304753261,0,0,0.160031997680664,1.63,0,-5399.9521484375
100000000000000000000002,1,923125000,0,-46,4.16015589674586,0,0,0.160031997680664,1.63,0,-5399.9521484375
100000000000000000000003,1,923125000,0,-47,3.42998104171229,0,0,0.160031997680664,1.63,0,-5399.9521484375
100000000000000000000001,1,923125000,0,-50.5,3.90858304753261,0,0,0.160031997680664,1.63,0,-5399.9521484375
100000000000000000000000,1,923125000,0,-46,3.66928204462245,0,0,0.160031997680664,1.63,0,-5399.9521484375
100000000000000000000004,1,923125000,0,-51.5,2.81025280340649,0,0,0.160031997680664,1.63,0,-5399.9521484375
100000000000000000000000,1,923125000,0,-46,3.65087427516783,0,0,0.160031997680664,1.63,0,-5399.9521484375
100000000000000000000002,1,923125000,0,-46,4.16015589674586,0,0,0.160031997680664,1.63,0,-5399.9521484375
100000000000000000000003,1,923125000,0,-47,3.43611696486384,0,0,0.160031997680664,1.63,0,-5399.9521484375
100000000000000000000001,1,923125000,0,-50.5,3.89631120122953,0,0,0.160031997680664,1.63,0,-5399.9521484375
100000000000000000000004,1,923125000,0,-51.5,2.81025280340649,0,0,0.160031997680664,1.63,0,-5399.9521484375
100000000000000000000004,1,923125000,0,-51.5,2.79184503395187,0,0,0.160031997680664,1.63,0,-5399.9521484375
100000000000000000000003,1,923125000,0,-47,3.43611696486384,0,0,0.160031997680664,1.63,0,-5399.9521484375
100000000000000000000000,1,923125000,0,-46,3.65701019831937,0,0,0.160031997680664,1.63,0,-5399.9521484375
100000000000000000000002,1,923125000,0,-46.5,4.15401997359432,0,0,0.160031997680664,1.63,0,-5399.9521484375
100000000000000000000001,1,923125000,0,-50.5,3.92699081698724,0,0,0.160031997680664,1.63,0,-5399.9521484375
100000000000000000000004,1,923125000,0,-51.5,2.80411688025495,0,0,0.160031997680664,1.63,0,-5399.9521484375
100000000000000000000003,1,923125000,0,-47.5,3.44838881116692,0,0,0.160031997680664,1.63,0,-5399.9521484375
100000000000000000000001,1,923125000,0,-50.5,3.93926266329033,0,0,0.160031997680664,1.63,0,-5399.9521484375
100000000000000000000000,1,923125000,0,-46,3.65701019831937,0,0,0.160031997680664,1.63,0,-5399.9521484375
100000000000000000000002,1,923125000,0,-46,4.16015589674586,0,0,0.160031997680664,1.63,0,-5399.9521484375
100000000000000000000001,1,923125000,0,-50,3.91471897068416,0,0,0.160031997680664,1.63,0,-5399.9521484375
100000000000000000000000,1,923125000,0,-46,3.64473835201628,0,0,0.160031997680664,1.63,0,-5399.9521484375
100000000000000000000004,1,923125000,0,-51.5,2.82866057286112,0,0,0.160031997680664,1.63,0,-5399.9521484375
100000000000000000000003,1,923125000,0,-47,3.44225288801538,0,0,0.160031997680664,1.63,0,-5399.9521484375
100000000000000000000002,1,923125000,0,-46,4.16015589674586,0,0,0.160031997680664,1.63,0,-5399.9521484375
100000000000000000000000,1,923125000,0,-46,3.65087427516783,0,0,0.160031997680664,1.63,0,-5399.9521484375
100000000000000000000004,1,923125000,0,-51.5,2.80411688025495,0,0,0.160031997680664,1.63,0,-5399.9521484375
100000000000000000000003,1,923125000,0,-47,3.44838881116692,0,0,0.160031997680664,1.63,0,-5399.9521484375
100000000000000000000001,1,923125000,0,-50.5,3.9208548938357,0,0,0.160031997680664,1.63,0,-5399.9521484375
100000000000000000000002,1,923125000,0,-46,4.14174812729123,0,0,0.160031997680664,1.63,0,-5399.9521484375
100000000000000000000000,1,923125000,0,-46,3.66314612147091,0,0,0.160031997680664,1.63,0,-5399.9521484375
100000000000000000000004,1,923125000,0,-52,2.83479649601267,0,0,0.160031997680664,1.63,0,-5399.9521484375
100000000000000000000003,1,923125000,0,-47,3.44225288801538,0,0,0.160031997680664,1.63,0,-5399.9521484375
100000000000000000000002,1,923125000,0,-46.5,4.14788405044277,0,0,0.160031997680664,1.63,0,-5399.9521484375
100000000000000000000001,1,923125000,0,-50,3.89017527807799,0,0,0.160031997680664,1.63,0,-5399.9521484375
100000000000000000000003,1,923125000,0,-47.5,3.40543734910612,0,0,0.160031997680664,1.63,0,-5399.9521484375
100000000000000000000000,1,923125000,0,-46,3.65087427516783,0,0,0.160031997680664,1.63,0,-5399.9521484375
100000000000000000000004,1,923125000,0,-51.5,2.82866057286112,0,0,0.160031997680664,1.63,0,-5399.9521484375
100000000000000000000001,1,923125000,0,-50.5,3.89631120122953,0,0,0.160031997680664,1.63,0,-5399.9521484375
100000000000000000000002,1,923125000,0,-46,4.15401997359432,0,0,0.160031997680664,1.63,0,-5399.9521484375
100000000000000000000003,1,923125000,0,-47,3.44838881116692,0,0,0.160031997680664,1.63,0,-5399.9521484375
100000000000000000000004,1,923125000,0,-51.5,2.84093241916421,0,0,0.160031997680664,1.63,0,-5399.9521484375
100000000000000000000002,1,923125000,0,-46,4.1662918198974,0,0,0.160031997680664,1.63,0,-5399.9521484375
100000000000000000000000,1,923125000,0,-46,3.65087427516783,0,0,0.160031997680664,1.63,0,-5399.9521484375
100000000000000000000001,1,923125000,0,-50.5,3.9208548938357,0,0,0.160031997680664,1.63,0,-5399.9521484375
100000000000000000000002,1,923125000,0,-46,4.14788405044277,0,0,0.160031997680664,1.63,0,-5399.9521484375
100000000000000000000000,1,923125000,0,-46,3.63860242886474,0,0,0.160031997680664,1.63,0,-5399.9521484375
100000000000000000000004,1,923125000,0,-51.5,2.85934018861884,0,0,0.160031997680664,1.63,0,-5399.9521484375
100000000000000000000003,1,923125000,0,-47,3.41157327225767,0,0,0.160031997680664,1.63,0,-5399.9521484375
100000000000000000000001,1,923125000,0,-50,3.9208548938357,0,0,0.160031997680664,1.63,0,-5399.9521484375
100000000000000000000002,1,923125000,0,-46,4.1662918198974,0,0,0.160031997680664,1.63,0,-5399.9521484375
100000000000000000000000,1,923125000,0,-46,3.675417967774,0,0,0.160031997680664,1.63,0,-5399.9521484375
100000000000000000000001,1,923125000,0,-50.5,3.92699081698724,0,0,0.160031997680664,1.63,0,-5399.9521484375
100000000000000000000003,1,923125000,0,-47,3.42998104171229,0,0,0.160031997680664,1.63,0,-5399.9521484375
100000000000000000000004,1,923125000,0,-51.5,2.79184503395187,0,0,0.160031997680664,1.63,0,-5399.9521484375
100000000000000000000004,1,923125000,0,-51.5,2.81025280340649,0,0,0.160031997680664,1.63,0,-5399.9521484375
100000000000000000000000,1,923125000,0,-46,3.66314612147091,0,0,0.160031997680664,1.63,0,-5399.9521484375
100000000000000000000002,1,923125000,0,-46,4.1662918198974,0,0,0.160031997680664,1.63,0,-5399.9521484375
100000000000000000000001,1,923125000,0,-50.5,3.90244712438107,0,0,0.160031997680664,1.63,0,-5399.9521484375
100000000000000000000003,1,923125000,0,-47,3.42384511856075,0,0,0.160031997680664,1.63,0,-5399.9521484375
100000000000000000000001,1,923125000,0,-50,3.88403935492644,0,0,0.160031997680664,1.63,0,-5399.9521484375
100000000000000000000000,1,923125000,0,-46,3.66314612147091,0,0,0.160031997680664,1.63,0,-5399.9521484375
100000000000000000000004,1,923125000,0,-51.5,2.81025280340649,0,0,0.160031997680664,1.63,0,-5399.9521484375
100000000000000000000002,1,923125000,0,-46,4.14174812729123,0,0,0.160031997680664,1.63,0,-5399.9521484375
100000000000000000000003,1,923125000,0,-47,3.42384511856075,0,0,0.160031997680664,1.63,0,-5399.9521484375
100000000000000000000001,1,923125000,0,-50.5,3.90858304753261,0,0,0.160031997680664,1.63,0,-5399.9521484375
100000000000000000000003,1,923125000,0,-47,3.42384511856075,0,0,0.160031997680664,1.63,0,-5399.9521484375
100000000000000000000004,1,923125000,0,-51.5,2.83479649601267,0,0,0.160031997680664,1.63,0,-5399.9521484375
100000000000000000000002,1,923125000,0,-46,4.16015589674586,0,0,0.160031997680664,1.63,0,-5399.9521484375
100000000000000000000000,1,923125000,0,-46,3.66928204462245,0,0,0.160031997680664,1.63,0,-5399.9521484375
100000000000000000000001,1,923125000,0,-50.5,3.89631120122953,0,0,0.160031997680664,1.63,0,-5399.9521484375
100000000000000000000002,1,923125000,0,-46,4.15401997359432,0,0,0.160031997680664,1.63,0,-5399.9521484375
100000000000000000000004,1,923125000,0,-51.5,2.81025280340649,0,0,0.160031997680664,1.63,0,-5399.9521484375
100000000000000000000003,1,923125000,0,-47,3.43611696486384,0,0,0.160031997680664,1.63,0,-5399.9521484375
100000000000000000000000,1,923125000,0,-46,3.65701019831937,0,0,0.160031997680664,1.63,0,-5399.9521484375
100000000000000000000002,1,923125000,0,-46,4.1662918198974,0,0,0.160031997680664,1.63,0,-5399.9521484375
100000000000000000000001,1,923125000,0,-50.5,3.90244712438107,0,0,0.160031997680664,1.63,0,-5399.9521484375
100000000000000000000003,1,923125000,0,-47,3.42998104171229,0,0,0.160031997680664,1.63,0,-5399.9521484375
100000000000000000000004,1,923125000,0,-51.5,2.82866057286112,0,0,0.160031997680664,1.63,0,-5399.9521484375
100000000000000000000000,1,923125000,0,-46,3.66928204462245,0,0,0.160031997680664,1.63,0,-5399.9521484375
100000000000000000000002,1,923125000,0,-46.5,4.17856366620049,0,0,0.160031997680664,1.63,0,-5399.9521484375
100000000000000000000001,1,923125000,0,-50,3.92699081698724,0,0,0.160031997680664,1.63,0,-5399.9521484375
100000000000000000000000,1,923125000,0,-46,3.65087427516783,0,0,0.160031997680664,1.63,0,-5399.9521484375
100000000000000000000004,1,923125000,0,-51.5,2.80411688025495,0,0,0.160031997680664,1.63,0,-5399.9521484375
100000000000000000000003,1,923125000,0,-47,3.43611696486384,0,0,0.160031997680664,1.63,0,-5399.9521484375
100000000000000000000003,1,923125000,0,-47.5,3.43611696486384,0,0,0.160031997680664,1.63,0,-5399.9521484375
100000000000000000000004,1,923125000,0,-51.5,2.79184503395187,0,0,0.160031997680664,1.63,0,-5399.9521484375
100000000000000000000000,1,923125000,0,-46,3.66314612147091,0,0,0.160031997680664,1.63,0,-5399.9521484375
100000000000000000000002,1,923125000,0,-46,4.16015589674586,0,0,0.160031997680664,1.63,0,-5399.9521484375
100000000000000000000001,1,923125000,0,-50.5,3.88403935492644,0,0,0.160031997680664,1.63,0,-5399.9521484375
100000000000000000000002,1,923125000,0,-46,4.15401997359432,0,0,0.160031997680664,1.63,0,-5399.9521484375
100000000000000000000000,1,923125000,0,-46,3.65701019831937,0,0,0.160031997680664,1.63,0,-5399.9521484375
100000000000000000000003,1,923125000,0,-47,3.41770919540921,0,0,0.160031997680664,1.63,0,-5399.9521484375
100000000000000000000001,1,923125000,0,-50.5,3.9208548938357,0,0,0.160031997680664,1.63,0,-5399.9521484375
100000000000000000000004,1,923125000,0,-51.5,2.77957318764878,0,0,0.160031997680664,1.63,0,-5399.9521484375
100000000000000000000001,1,923125000,0,-50,3.88403935492644,0,0,0.160031997680664,1.63,0,-5399.9521484375
100000000000000000000003,1,923125000,0,-47.5,3.43611696486384,0,0,0.160031997680664,1.63,0,-5399.9521484375
100000000000000000000000,1,923125000,0,-46,3.65087427516783,0,0,0.160031997680664,1.63,0,-5399.9521484375
100000000000000000000002,1,923125000,0,-46,4.14788405044277,0,0,0.160031997680664,1.63,0,-5399.9521484375
100000000000000000000004,1,923125000,0,-51.5,2.81638872655804,0,0,0.160031997680664,1.63,0,-5399.9521484375
100000000000000000000000,1,923125000,0,-46,3.6324665057132,0,0,0.160031997680664,1.63,0,-5399.9521484375
100000000000000000000002,1,923125000,0,-46,4.16015589674586,0,0,0.160031997680664,1.63,0,-5399.9521484375
100000000000000000000004,1,923125000,0,-51.5,2.82866057286112,0,0,0.160031997680664,1.63,0,-5399.9521484375
100000000000000000000003,1,923125000,0,-47,3.43611696486384,0,0,0.160031997680664,1.63,0,-5399.9521484375
100000000000000000000001,1,923125000,0,-50.5,3.90858304753261,0,0,0.160031997680664,1.63,0,-5399.9521484375
100000000000000000000002,1,923125000,0,-46,4.16015589674586,0,0,0.160031997680664,1.63,0,-5399.9521484375
100000000000000000000003,1,923125000,0,-47,3.42998104171229,0,0,0.160031997680664,1.63,0,-5399.9521484375
100000000000000000000000,1,923125000,0,-46,3.66928204462245,0,0,0.160031997680664,1.63,0,-5399.9521484375
100000000000000000000004,1,923125000,0,-51.5,2.83479649601267,0,0,0.160031997680664,1.63,0,-5399.9521484375
100000000000000000000001,1,923125000,0,-50.5,3.92699081698724,0,0,0.160031997680664,1.63,0,-5399.9521484375
100000000000000000000002,1,923125000,0,-46,4.16015589674586,0,0,0.160031997680664,1.63,0,-5399.9521484375
100000000000000000000004,1,923125000,0,-51.5,2.84706834231575,0,0,0.160031997680664,1.63,0,-5399.9521484375
100000000000000000000001,1,923125000,0,-50.5,3.90244712438107,0,0,0.160031997680664,1.63,0,-5399.9521484375
100000000000000000000003,1,923125000,0,-47.5,3.44838881116692,0,0,0.160031997680664,1.63,0,-5399.9521484375
100000000000000000000000,1,923125000,0,-46,3.63860242886474,0,0,0.160031997680664,1.63,0,-5399.9521484375
100000000000000000000002,1,923125000,0,-46,4.1662918198974,0,0,0.160031997680664,1.63,0,-5399.9521484375
100000000000000000000000,1,923125000,0,-46,3.65701019831937,0,0,0.160031997680664,1.63,0,-5399.9521484375
100000000000000000000003,1,923125000,0,-47,3.41157327225767,0,0,0.160031997680664,1.63,0,-5399.9521484375
100000000000000000000001,1,923125000,0,-50.5,3.90244712438107,0,0,0.160031997680664,1.63,0,-5399.9521484375
100000000000000000000004,1,923125000,0,-51.5,2.79798095710341,0,0,0.160031997680664,1.63,0,-5399.9521484375
100000000000000000000004,1,923125000,0,-51.5,2.81638872655804,0,0,0.160031997680664,1.63,0,-5399.9521484375
100000000000000000000003,1,923125000,0,-47,3.43611696486384,0,0,0.160031997680664,1.63,0,-5399.9521484375
100000000000000000000001,1,923125000,0,-50.5,3.90858304753261,0,0,0.160031997680664,1.63,0,-5399.9521484375
100000000000000000000000,1,923125000,0,-46,3.66928204462245,0,0,0.160031997680664,1.63,0,-5399.9521484375
100000000000000000000002,1,923125000,0,-46,4.14788405044277,0,0,0.160031997680664,1.63,0,-5399.9521484375
100000000000000000000002,1,923125000,0,-46,4.15401997359432,0,0,0.160031997680664,1.63,0,-5399.9521484375
100000000000000000000001,1,923125000,0,-50.5,3.90858304753261,0,0,0.160031997680664,1.63,0,-5399.9521484375
100000000000000000000004,1,923125000,0,-51.5,2.84706834231575,0,0,0.160031997680664,1.63,0,-5399.9521484375
100000000000000000000000,1,923125000,0,-46,3.62633058256166,0,0,0.160031997680664,1.63,0,-5399.9521484375
100000000000000000000003,1,923125000,0,-47.5,3.41157327225767,0,0,0.160031997680664,1.63,0,-5399.9521484375
100000000000000000000003,1,923125000,0,-47.5,3.44225288801538,0,0,0.160031997680664,1.63,0,-5399.9521484375
100000000000000000000000,1,923125000,0,-46,3.66928204462245,0,0,0.160031997680664,1.63,0,-5399.9521484375
100000000000000000000004,1,923125000,0,-51.5,2.80411688025495,0,0,0.160031997680664,1.63,0,-5399.9521484375
100000000000000000000002,1,923125000,0,-46,4.15401997359432,0,0,0.160031997680664,1.63,0,-5399.9521484375
100000000000000000000001,1,923125000,0,-50.5,3.89017527807799,0,0,0.160031997680664,1.63,0,-5399.9521484375
100000000000000000000003,1,923125000,0,-47,3.44225288801538,0,0,0.160031997680664,1.63,0,-5399.9521484375
100000000000000000000004,1,923125000,0,-51.5,2.84093241916421,0,0,0.160031997680664,1.63,0,-5399.9521484375
100000000000000000000001,1,923125000,0,-50.5,3.90858304753261,0,0,0.160031997680664,1.63,0,-5399.9521484375
100000000000000000000002,1,923125000,0,-46.5,4.15401997359432,0,0,0.160031997680664,1.63,0,-5399.9521484375
100000000000000000000000,1,923125000,0,-46,3.65701019831937,0,0,0.160031997680664,1.63,0,-5399.9521484375
100000000000000000000000,1,923125000,0,-46,3.65701019831937,0,0,0.160031997680664,1.63,0,-5399.9521484375
100000000000000000000001,1,923125000,0,-50.5,3.93312674013878,0,0,0.160031997680664,1.63,0,-5399.9521484375
100000000000000000000002,1,923125000,0,-46,4.16015589674586,0,0,0.160031997680664,1.63,0,-5399.9521484375
100000000000000000000003,1,923125000,0,-47,3.44225288801538,0,0,0.160031997680664,1.63,0,-5399.9521484375
100000000000000000000004,1,923125000,0,-51.5,2.89001980437655,0,0,0.160031997680664,1.63,0,-5399.9521484375
100000000000000000000002,1,923125000,0,-46,4.17242774304894,0,0,0.160031997680664,1.63,0,-5399.9521484375
100000000000000000000001,1,923125000,0,-50,3.89631120122953,0,0,0.160031997680664,1.63,0,-5399.9521484375
100000000000000000000003,1,923125000,0,-47,3.41157327225767,0,0,0.160031997680664,1.63,0,-5399.9521484375
100000000000000000000000,1,923125000,0,-46,3.65087427516783,0,0,0.160031997680664,1.63,0,-5399.9521484375
100000000000000000000004,1,923125000,0,-51.5,2.79798095710341,0,0,0.160031997680664,1.63,0,-5399.9521484375
100000000000000000000001,1,923125000,0,-50.5,3.89017527807799,0,0,0.160031997680664,1.63,0,-5399.9521484375
100000000000000000000002,1,923125000,0,-46,4.14788405044277,0,0,0.160031997680664,1.63,0,-5399.9521484375
100000000000000000000000,1,923125000,0,-46,3.66314612147091,0,0,0.160031997680664,1.63,0,-5399.9521484375
100000000000000000000003,1,923125000,0,-47,3.42998104171229,0,0,0.160031997680664,1.63,0,-5399.9521484375
100000000000000000000004,1,923125000,0,-51.5,2.81025280340649,0,0,0.160031997680664,1.63,0,-5399.9521484375
100000000000000000000001,1,923125000,0,-50.5,3.90244712438107,0,0,0.160031997680664,1.63,0,-5399.9521484375
100000000000000000000004,1,923125000,0,-51.5,2.80411688025495,0,0,0.160031997680664,1.63,0,-5399.9521484375
100000000000000000000002,1,923125000,0,-46,4.15401997359432,0,0,0.160031997680664,1.63,0,-5399.9521484375
100000000000000000000003,1,923125000,0,-47.5,3.43611696486384,0,0,0.160031997680664,1.63,0,-5399.9521484375
100000000000000000000000,1,923125000,0,-46,3.65087427516783,0,0,0.160031997680664,1.63,0,-5399.9521484375
100000000000000000000004,1,923125000,0,-51.5,2.84093241916421,0,0,0.160031997680664,1.63,0,-5399.9521484375
100000000000000000000001,1,923125000,0,-50.5,3.90244712438107,0,0,0.160031997680664,1.63,0,-5399.9521484375
100000000000000000000002,1,923125000,0,-46,4.16015589674586,0,0,0.160031997680664,1.63,0,-5399.9521484375
100000000000000000000000,1,923125000,0,-46,3.65701019831937,0,0,0.160031997680664,1.63,0,-5399.9521484375
100000000000000000000003,1,923125000,0,-47,3.42384511856075,0,0,0.160031997680664,1.63,0,-5399.9521484375
100000000000000000000003,1,923125000,0,-47,3.43611696486384,0,0,0.160031997680664,1.63,0,-5399.9521484375
100000000000000000000000,1,923125000,0,-46,3.65701019831937,0,0,0.160031997680664,1.63,0,-5399.9521484375
100000000000000000000001,1,923125000,0,-50.5,3.90858304753261,0,0,0.160031997680664,1.63,0,-5399.9521484375
100000000000000000000002,1,923125000,0,-46.5,4.18469958935203,0,0,0.160031997680664,1.63,0,-5399.9521484375
100000000000000000000004,1,923125000,0,-51.5,2.84706834231575,0,0,0.160031997680664,1.63,0,-5399.9521484375
100000000000000000000001,1,923125000,0,-50.5,3.9208548938357,0,0,0.160031997680664,1.63,0,-5399.9521484375
100000000000000000000000,1,923125000,0,-46,3.62019465941011,0,0,0.160031997680664,1.63,0,-5399.9521484375
100000000000000000000004,1,923125000,0,-51.5,2.82252464970958,0,0,0.160031997680664,1.63,0,-5399.9521484375
100000000000000000000003,1,923125000,0,-47,3.41770919540921,0,0,0.160031997680664,1.63,0,-5399.9521484375
100000000000000000000002,1,923125000,0,-46.5,4.16015589674586,0,0,0.160031997680664,1.63,0,-5399.9521484375
100000000000000000000004,1,923125000,0,-51.5,2.85320426546729,0,0,0.160031997680664,1.63,0,-5399.9521484375
100000000000000000000003,1,923125000,0,-47,3.41770919540921,0,0,0.160031997680664,1.63,0,-5399.9521484375
100000000000000000000000,1,923125000,0,-46,3.65087427516783,0,0,0.160031997680664,1.63,0,-5399.9521484375
100000000000000000000001,1,923125000,0,-50.5,3.90244712438107,0,0,0.160031997680664,1.63,0,-5399.9521484375
100000000000000000000002,1,923125000,0,-46,4.15401997359432,0,0,0.160031997680664,1.63,0,-5399.9521484375
100000000000000000000001,1,923125000,0,-50.5,3.91471897068416,0,0,0.160031997680664,1.63,0,-5399.9521484375
100000000000000000000004,1,923125000,0,-51.5,2.82252464970958,0,0,0.160031997680664,1.63,0,-5399.9521484375
100000000000000000000002,1,923125000,0,-46,4.15401997359432,0,0,0.160031997680664,1.63,0,-5399.9521484375
100000000000000000000003,1,923125000,0,-47.5,3.42998104171229,0,0,0.160031997680664,1.63,0,-5399.9521484375
100000000000000000000000,1,923125000,0,-46,3.66314612147091,0,0,0.160031997680664,1.63,0,-5399.9521484375
100000000000000000000001,1,923125000,0,-50.5,3.89017527807799,0,0,0.160031997680664,1.63,0,-5399.9521484375
100000000000000000000003,1,923125000,0,-47,3.41157327225767,0,0,0.160031997680664,1.63,0,-5399.9521484375
100000000000000000000002,1,923125000,0,-46,4.15401997359432,0,0,0.160031997680664,1.63,0,-5399.9521484375
100000000000000000000004,1,923125000,0,-51.5,2.85320426546729,0,0,0.160031997680664,1.63,0,-5399.9521484375
100000000000000000000000,1,923125000,0,-46,3.66928204462245,0,0,0.160031997680664,1.63,0,-5399.9521484375
100000000000000000000002,1,923125000,0,-46,4.15401997359432,0,0,0.160031997680664,1.63,0,-5399.9521484375
100000000000000000000004,1,923125000,0,-51.5,2.80411688025495,0,0,0.160031997680664,1.63,0,-5399.9521484375
100000000000000000000000,1,923125000,0,-46,3.62633058256166,0,0,0.160031997680664,1.63,0,-5399.9521484375
100000000000000000000001,1,923125000,0,-50.5,3.89631120122953,0,0,0.160031997680664,1.63,0,-5399.9521484375
100000000000000000000003,1,923125000,0,-47,3.43611696486384,0,0,0.160031997680664,1.63,0,-5399.9521484375
100000000000000000000001,1,923125000,0,-50.5,3.9208548938357,0,0,0.160031997680664,1.63,0,-5399.9521484375
100000000000000000000004,1,923125000,0,-51.5,2.82252464970958,0,0,0.160031997680664,1.63,0,-5399.9521484375
100000000000000000000002,1,923125000,0,-46,4.15401997359432,0,0,0.160031997680664,1.63,0,-5399.9521484375
100000000000000000000003,1,923125000,0,-47,3.40543734910612,0,0,0.160031997680664,1.63,0,-5399.9521484375
100000000000000000000000,1,923125000,0,-46,3.64473835201628,0,0,0.160031997680664,1.63,0,-5399.9521484375
100000000000000000000004,1,923125000,0,-51.5,2.82866057286112,0,0,0.160031997680664,1.63,0,-5399.9521484375
100000000000000000000003,1,923125000,0,-47,3.40543734910612,0,0,0.160031997680664,1.63,0,-5399.9521484375
100000000000000000000002,1,923125000,0,-46,4.14788405044277,0,0,0.160031997680664,1.63,0,-5399.9521484375
100000000000000000000001,1,923125000,0,-50.5,3.90858304753261,0,0,0.160031997680664,1.63,0,-5399.9521484375
100000000000000000000000,1,923125000,0,-46,3.65701019831937,0,0,0.160031997680664,1.63,0,-5399.9521484375
100000000000000000000002,1,923125000,0,-46,4.16015589674586,0,0,0.160031997680664,1.63,0,-5399.9521484375
100000000000000000000000,1,923125000,0,-46,3.65087427516783,0,0,0.160031997680664,1.63,0,-5399.9521484375
100000000000000000000003,1,923125000,0,-47.5,3.43611696486384,0,0,0.160031997680664,1.63,0,-5399.9521484375
100000000000000000000004,1,923125000,0,-51.5,2.87774795807346,0,0,0.160031997680664,1.63,0,-5399.9521484375
100000000000000000000001,1,923125000,0,-50,3.90244712438107,0,0,0.160031997680664,1.63,0,-5399.9521484375
100000000000000000000001,1,923125000,0,-50,3.89631120122953,0,0,0.160031997680664,1.63,0,-5399.9521484375
100000000000000000000002,1,923125000,0,-46,4.1662918198974,0,0,0.160031997680664,1.63,0,-5399.9521484375
100000000000000000000004,1,923125000,0,-51.5,2.81638872655804,0,0,0.160031997680664,1.63,0,-5399.9521484375
100000000000000000000003,1,923125000,0,-47.5,3.42998104171229,0,0,0.160031997680664,1.63,0,-5399.9521484375
100000000000000000000000,1,923125000,0,-46,3.675417967774,0,0,0.160031997680664,1.63,0,-5399.9521484375
100000000000000000000001,1,923625000,0,-50,4.12947628098815,0,0,0.160031997680664,1.63,0,-5399.9521484375
100000000000000000000004,1,923625000,0,-52,3.04955380631665,0,0,0.160031997680664,1.63,0,-5399.9521484375
100000000000000000000000,1,923625000,0,-46,3.88403935492644,0,0,0.160031997680664,1.63,0,-5399.9521484375
100000000000000000000002,1,923625000,0,-46,4.36264136074676,0,0,0.160031997680664,1.63,0,-5399.9521484375
100000000000000000000003,1,923625000,0,-47,3.62633058256166,0,0,0.160031997680664,1.63,0,-5399.9521484375
100000000000000000000001,1,923625000,0,-50,4.11720443468506,0,0,0.160031997680664,1.63,0,-5399.9521484375
100000000000000000000003,1,923625000,0,-47,3.6324665057132,0,0,0.160031997680664,1.63,0,-5399.9521484375
100000000000000000000004,1,923625000,0,-52,3.00046642110431,0,0,0.160031997680664,1.63,0,-5399.9521484375
100000000000000000000002,1,923625000,0,-46,4.37491320704985,0,0,0.160031997680664,1.63,0,-5399.9521484375
100000000000000000000000,1,923625000,0,-46,3.8779034317749,0,0,0.160031997680664,1.63,0,-5399.9521484375
100000000000000000000000,1,923625000,0,-46,3.84722381601719,0,0,0.160031997680664,1.63,0,-5399.9521484375
100000000000000000000001,1,923625000,0,-50,4.13561220413969,0,0,0.160031997680664,1.63,0,-5399.9521484375
100000000000000000000004,1,923625000,0,-52,3.02501011371048,0,0,0.160031997680664,1.63,0,-5399.9521484375
100000000000000000000003,1,923625000,0,-47,3.6324665057132,0,0,0.160031997680664,1.63,0,-5399.9521484375
100000000000000000000002,1,923625000,0,-46,4.38718505335293,0,0,0.160031997680664,1.63,0,-5399.9521484375
100000000000000000000002,1,923625000,0,-46,4.38718505335293,0,0,0.160031997680664,1.63,0,-5399.9521484375
100000000000000000000000,1,923625000,0,-46,3.85949566232027,0,0,0.160031997680664,1.63,0,-5399.9521484375
100000000000000000000004,1,923625000,0,-52,3.04955380631665,0,0,0.160031997680664,1.63,0,-5399.9521484375
100000000000000000000003,1,923625000,0,-47,3.65701019831937,0,0,0.160031997680664,1.63,0,-5399.9521484375
100000000000000000000001,1,923625000,0,-50,4.14174812729123,0,0,0.160031997680664,1.63,0,-5399.9521484375
100000000000000000000000,1,923625000,0,-46,3.85949566232027,0,0,0.160031997680664,1.63,0,-5399.9521484375
100000000000000000000004,1,923625000,0,-51.5,2.99433049795277,0,0,0.160031997680664,1.63,0,-5399.9521484375
100000000000000000000003,1,923625000,0,-47,3.65701019831937,0,0,0.160031997680664,1.63,0,-5399.9521484375
100000000000000000000002,1,923625000,0,-46,4.36264136074676,0,0,0.160031997680664,1.63,0,-5399.9521484375
100000000000000000000001,1,923625000,0,-50,4.11106851153352,0,0,0.160031997680664,1.63,0,-5399.9521484375
100000000000000000000001,1,923625000,0,-50,4.11720443468506,0,0,0.160031997680664,1.63,0,-5399.9521484375
100000000000000000000003,1,923625000,0,-47,3.62633058256166,0,0,0.160031997680664,1.63,0,-5399.9521484375
100000000000000000000002,1,923625000,0,-46,4.36264136074676,0,0,0.160031997680664,1.63,0,-5399.9521484375
100000000000000000000000,1,923625000,0,-46.5,3.85335973916873,0,0,0.160031997680664,1.63,0,-5399.9521484375
100000000000000000000004,1,923625000,0,-52,3.04341788316511,0,0,0.160031997680664,1.63,0,-5399.9521484375
100000000000000000000001,1,923625000,0,-50,4.12947628098815,0,0,0.160031997680664,1.63,0,-5399.9521484375
100000000000000000000004,1,923625000,0,-52,3.00660234425586,0,0,0.160031997680664,1.63,0,-5399.9521484375
100000000000000000000000,1,923625000,0,-46,3.84108789286565,0,0,0.160031997680664,1.63,0,-5399.9521484375
100000000000000000000003,1,923625000,0,-47,3.64473835201628,0,0,0.160031997680664,1.63,0,-5399.9521484375
100000000000000000000002,1,923625000,0,-46,4.37491320704985,0,0,0.160031997680664,1.63,0,-5399.9521484375
100000000000000000000000,1,923625000,0,-46,3.8349519697141,0,0,0.160031997680664,1.63,0,-5399.9521484375
100000000000000000000002,1,923625000,0,-46,4.36264136074676,0,0,0.160031997680664,1.63,0,-5399.9521484375
100000000000000000000001,1,923625000,0,-50,4.12947628098815,0,0,0.160031997680664,1.63,0,-5399.9521484375
100000000000000000000003,1,923625000,0,-47,3.64473835201628,0,0,0.160031997680664,1.63,0,-5399.9521484375
100000000000000000000004,1,923625000,0,-52,3.0556897294682,0,0,0.160031997680664,1.63,0,-5399.9521484375
100000000000000000000004,1,923625000,0,-52,3.04955380631665,0,0,0.160031997680664,1.63,0,-5399.9521484375
100000000000000000000000,1,923625000,0,-46.5,3.85949566232027,0,0,0.160031997680664,1.63,0,-5399.9521484375
100000000000000000000001,1,923625000,0,-50,4.1233403578366,0,0,0.160031997680664,1.63,0,-5399.9521484375
100000000000000000000003,1,923625000,0,-47,3.63860242886474,0,0,0.160031997680664,1.63,0,-5399.9521484375
100000000000000000000002,1,923625000,0,-46,4.35036951444368,0,0,0.160031997680664,1.63,0,-5399.9521484375
100000000000000000000002,1,923625000,0,-46,4.37491320704985,0,0,0.160031997680664,1.63,0,-5399.9521484375
100000000000000000000004,1,923625000,0,-51.5,3.03728196001357,0,0,0.160031997680664,1.63,0,-5399.9521484375
100000000000000000000003,1,923625000,0,-47,3.62633058256166,0,0,0.160031997680664,1.63,0,-5399.9521484375
100000000000000000000000,1,923625000,0,-46,3.84722381601719,0,0,0.160031997680664,1.63,0,-5399.9521484375
100000000000000000000001,1,923625000,0,-50,4.1233403578366,0,0,0.160031997680664,1.63,0,-5399.9521484375
100000000000000000000002,1,923625000,0,-46,4.35036951444368,0,0,0.160031997680664,1.63,0,-5399.9521484375
100000000000000000000001,1,923625000,0,-50,4.14788405044277,0,0,0.160031997680664,1.63,0,-5399.9521484375
100000000000000000000000,1,923625000,0,-46,3.84108789286565,0,0,0.160031997680664,1.63,0,-5399.9521484375
100000000000000000000003,1,923625000,0,-47,3.62019465941011,0,0,0.160031997680664,1.63,0,-5399.9521484375
100000000000000000000004,1,923625000,0,-52,3.03114603686203,0,0,0.160031997680664,1.63,0,-5399.9521484375
100000000000000000000001,1,923625000,0,-50,4.10493258838198,0,0,0.160031997680664,1.63,0,-5399.9521484375
100000000000000000000000,1,923625000,0,-46,3.85335973916873,0,0,0.160031997680664,1.63,0,-5399.9521484375
100000000000000000000003,1,923625000,0,-47,3.62633058256166,0,0,0.160031997680664,1.63,0,-5399.9521484375
100000000000000000000002,1,923625000,0,-46,4.37491320704985,0,0,0.160031997680664,1.63,0,-5399.9521484375
100000000000000000000004,1,923625000,0,-52,3.00046642110431,0,0,0.160031997680664,1.63,0,-5399.9521484375
100000000000000000000000,1,923625000,0,-46,3.8349519697141,0,0,0.160031997680664,1.63,0,-5399.9521484375
100000000000000000000001,1,923625000,0,-50,4.11106851153352,0,0,0.160031997680664,1.63,0,-5399.9521484375
100000000000000000000003,1,923625000,0,-47,3.65701019831937,0,0,0.160031997680664,1.63,0,-5399.9521484375
100000000000000000000002,1,923625000,0,-46,4.36877728389831,0,0,0.160031997680664,1.63,0,-5399.9521484375
100000000000000000000004,1,923625000,0,-52,3.04341788316511,0,0,0.160031997680664,1.63,0,-5399.9521484375
100000000000000000000003,1,923625000,0,-47,3.65087427516783,0,0,0.160031997680664,1.63,0,-5399.9521484375
100000000000000000000002,1,923625000,0,-46,4.36877728389831,0,0,0.160031997680664,1.63,0,-5399.9521484375
100000000000000000000001,1,923625000,0,-50,4.12947628098815,0,0,0.160031997680664,1.63,0,-5399.9521484375
100000000000000000000000,1,923625000,0,-46,3.85949566232027,0,0,0.160031997680664,1.63,0,-5399.9521484375
100000000000000000000004,1,923625000,0,-52,3.03728196001357,0,0,0.160031997680664,1.63,0,-5399.9521484375
100000000000000000000003,1,923625000,0,-47,3.64473835201628,0,0,0.160031997680664,1.63,0,-5399.9521484375
100000000000000000000004,1,923625000,0,-52,2.99433049795277,0,0,0.160031997680664,1.63,0,-5399.9521484375
100000000000000000000001,1,923625000,0,-50,4.13561220413969,0,0,0.160031997680664,1.63,0,-5399.9521484375
100000000000000000000002,1,923625000,0,-46,4.35650543759522,0,0,0.160031997680664,1.63,0,-5399.9521484375
100000000000000000000000,1,923625000,0,-46,3.86563158547182,0,0,0.160031997680664,1.63,0,-5399.9521484375
100000000000000000000003,1,923625000,0,-47,3.65087427516783,0,0,0.160031997680664,1.63,0,-5399.9521484375
100000000000000000000000,1,923625000,0,-46,3.85949566232027,0,0,0.160031997680664,1.63,0,-5399.9521484375
100000000000000000000002,1,923625000,0,-46,4.35036951444368,0,0,0.160031997680664,1.63,0,-5399.9521484375
100000000000000000000001,1,923625000,0,-50,4.13561220413969,0,0,0.160031997680664,1.63,0,-5399.9521484375
100000000000000000000004,1,923625000,0,-52,3.02501011371048,0,0,0.160031997680664,1.63,0,-5399.9521484375
100000000000000000000000,1,923625000,0,-46,3.85335973916873,0,0,0.160031997680664,1.63,0,-5399.9521484375
100000000000000000000001,1,923625000,0,-50,4.12947628098815,0,0,0.160031997680664,1.63,0,-5399.9521484375
100000000000000000000002,1,923625000,0,-46,4.37491320704985,0,0,0.160031997680664,1.63,0,-5399.9521484375
100000000000000000000003,1,923625000,0,-47,3.65701019831937,0,0,0.160031997680664,1.63,0,-5399.9521484375
100000000000000000000004,1,923625000,0,-52,3.06796157577128,0,0,0.160031997680664,1.63,0,-5399.9521484375
100000000000000000000004,1,923625000,0,-51.5,3.02501011371048,0,0,0.160031997680664,1.63,0,-5399.9521484375
100000000000000000000000,1,923625000,0,-46,3.84722381601719,0,0,0.160031997680664,1.63,0,-5399.9521484375
100000000000000000000003,1,923625000,0,-47,3.64473835201628,0,0,0.160031997680664,1.63,0,-5399.9521484375
100000000000000000000002,1,923625000,0,-46,4.35036951444368,0,0,0.160031997680664,1.63,0,-5399.9521484375
100000000000000000000001,1,923625000,0,-50,4.11106851153352,0,0,0.160031997680664,1.63,0,-5399.9521484375
100000000000000000000003,1,923625000,0,-47,3.65087427516783,0,0,0.160031997680664,1.63,0,-5399.9521484375
100000000000000000000001,1,923625000,0,-50,4.12947628098815,0,0,0.160031997680664,1.63,0,-5399.9521484375
100000000000000000000004,1,923625000,0,-52,3.04341788316511,0,0,0.160031997680664,1.63,0,-5399.9521484375
100000000000000000000002,1,923625000,0,-46,4.35036951444368,0,0,0.160031997680664,1.63,0,-5399.9521484375
100000000000000000000000,1,923625000,0,-46,3.84108789286565,0,0,0.160031997680664,1.63,0,-5399.9521484375
100000000000000000000003,1,923625000,0,-47,3.65087427516783,0,0,0.160031997680664,1.63,0,-5399.9521484375
100000000000000000000001,1,923625000,0,-50,4.12947628098815,0,0,0.160031997680664,1.63,0,-5399.9521484375
100000000000000000000002,1,923625000,0,-46,4.35650543759522,0,0,0.160031997680664,1.63,0,-5399.9521484375
100000000000000000000004,1,923625000,0,-52,3.02501011371048,0,0,0.160031997680664,1.63,0,-5399.9521484375
100000000000000000000000,1,923625000,0,-46,3.87176750862336,0,0,0.160031997680664,1.63,0,-5399.9521484375
100000000000000000000000,1,923625000,0,-46,3.85949566232027,0,0,0.160031997680664,1.63,0,-5399.9521484375
100000000000000000000001,1,923625000,0,-50,4.11106851153352,0,0,0.160031997680664,1.63,0,-5399.9521484375
100000000000000000000003,1,923625000,0,-47,3.64473835201628,0,0,0.160031997680664,1.63,0,-5399.9521484375
100000000000000000000002,1,923625000,0,-46,4.37491320704985,0,0,0.160031997680664,1.63,0,-5399.9521484375
100000000000000000000004,1,923625000,0,-52,3.07409749892282,0,0,0.160031997680664,1.63,0,-5399.9521484375
100000000000000000000000,1,923625000,0,-46,3.84108789286565,0,0,0.160031997680664,1.63,0,-5399.9521484375
100000000000000000000002,1,923625000,0,-46,4.35036951444368,0,0,0.160031997680664,1.63,0,-5399.9521484375
100000000000000000000004,1,923625000,0,-52,3.03114603686203,0,0,0.160031997680664,1.63,0,-5399.9521484375
100000000000000000000003,1,923625000,0,-47,3.65087427516783,0,0,0.160031997680664,1.63,0,-5399.9521484375
100000000000000000000001,1,923625000,0,-50,4.14788405044277,0,0,0.160031997680664,1.63,0,-5399.9521484375
100000000000000000000001,1,923625000,0,-50,4.1233403578366,0,0,0.160031997680664,1.63,0,-5399.9521484375
100000000000000000000004,1,923625000,0,-52,3.01887419055894,0,0,0.160031997680664,1.63,0,-5399.9521484375
100000000000000000000002,1,923625000,0,-46,4.36264136074676,0,0,0.160031997680664,1.63,0,-5399.9521484375
100000000000000000000000,1,923625000,0,-46,3.84722381601719,0,0,0.160031997680664,1.63,0,-5399.9521484375
100000000000000000000003,1,923625000,0,-47,3.6324665057132,0,0,0.160031997680664,1.63,0,-5399.9521484375
100000000000000000000002,1,923625000,0,-46,4.36264136074676,0,0,0.160031997680664,1.63,0,-5399.9521484375
100000000000000000000001,1,923625000,0,-50,4.1233403578366,0,0,0.160031997680664,1.63,0,-5399.9521484375
100000000000000000000003,1,923625000,0,-47,3.64473835201628,0,0,0.160031997680664,1.63,0,-5399.9521484375
100000000000000000000000,1,923625000,0,-46,3.85949566232027,0,0,0.160031997680664,1.63,0,-5399.9521484375
100000000000000000000004,1,923625000,0,-51.5,3.00660234425586,0,0,0.160031997680664,1.63,0,-5399.9521484375
100000000000000000000000,1,923625000,0,-46,3.87176750862336,0,0,0.160031997680664,1.63,0,-5399.9521484375
100000000000000000000003,1,923625000,0,-47,3.64473835201628,0,0,0.160031997680664,1.63,0,-5399.9521484375
100000000000000000000001,1,923625000,0,-50,4.13561220413969,0,0,0.160031997680664,1.63,0,-5399.9521484375
100000000000000000000002,1,923625000,0,-46,4.37491320704985,0,0,0.160031997680664,1.63,0,-5399.9521484375
100000000000000000000004,1,923625000,0,-52,3.03728196001357,0,0,0.160031997680664,1.63,0,-5399.9521484375
100000000000000000000003,1,923625000,0,-47,3.62633058256166,0,0,0.160031997680664,1.63,0,-5399.9521484375
100000000000000000000000,1,923625000,0,-46,3.86563158547182,0,0,0.160031997680664,1.63,0,-5399.9521484375
100000000000000000000001,1,923625000,0,-50,4.1233403578366,0,0,0.160031997680664,1.63,0,-5399.9521484375
100000000000000000000002,1,923625000,0,-46,4.37491320704985,0,0,0.160031997680664,1.63,0,-5399.9521484375
100000000000000000000004,1,923625000,0,-51.5,3.0556897294682,0,0,0.160031997680664,1.63,0,-5399.9521484375
100000000000000000000003,1,923625000,0,-47,3.62019465941011,0,0,0.160031997680664,1.63,0,-5399.9521484375
100000000000000000000004,1,923625000,0,-52,2.98819457480123,0,0,0.160031997680664,1.63,0,-5399.9521484375
100000000000000000000002,1,923625000,0,-46,4.35036951444368,0,0,0.160031997680664,1.63,0,-5399.9521484375
100000000000000000000000,1,923625000,0,-46,3.85949566232027,0,0,0.160031997680664,1.63,0,-5399.9521484375
100000000000000000000001,1,923625000,0,-50,4.11720443468506,0,0,0.160031997680664,1.63,0,-5399.9521484375
100000000000000000000000,1,923625000,0,-46,3.85949566232027,0,0,0.160031997680664,1.63,0,-5399.9521484375
100000000000000000000003,1,923625000,0,-47,3.65087427516783,0,0,0.160031997680664,1.63,0,-5399.9521484375
100000000000000000000002,1,923625000,0,-46,4.36264136074676,0,0,0.160031997680664,1.63,0,-5399.9521484375
100000000000000000000004,1,923625000,0,-52,3.0556897294682,0,0,0.160031997680664,1.63,0,-5399.9521484375
100000000000000000000001,1,923625000,0,-50,4.12947628098815,0,0,0.160031997680664,1.63,0,-5399.9521484375
100000000000000000000001,1,923625000,0,-50,4.1233403578366,0,0,0.160031997680664,1.63,0,-5399.9521484375
100000000000000000000004,1,923625000,0,-51.5,3.02501011371048,0,0,0.160031997680664,1.63,0,-5399.9521484375
100000000000000000000002,1,923625000,0,-46,4.35036951444368,0,0,0.160031997680664,1.63,0,-5399.9521484375
100000000000000000000003,1,923625000,0,-47,3.65087427516783,0,0,0.160031997680664,1.63,0,-5399.9521484375
100000000000000000000000,1,923625000,0,-46,3.84722381601719,0,0,0.160031997680664,1.63,0,-5399.9521484375
100000000000000000000004,1,923625000,0,-51.5,3.04341788316511,0,0,0.160031997680664,1.63,0,-5399.9521484375
100000000000000000000002,1,923625000,0,-46,4.38104913020139,0,0,0.160031997680664,1.63,0,-5399.9521484375
100000000000000000000000,1,923625000,0,-46,3.85335973916873,0,0,0.160031997680664,1.63,0,-5399.9521484375
100000000000000000000003,1,923625000,0,-47,3.63860242886474,0,0,0.160031997680664,1.63,0,-5399.9521484375
100000000000000000000001,1,923625000,0,-50,4.12947628098815,0,0,0.160031997680664,1.63,0,-5399.9521484375
100000000000000000000001,1,923625000,0,-50,4.12947628098815,0,0,0.160031997680664,1.63,0,-5399.9521484375
100000000000000000000003,1,923625000,0,-47,3.6324665057132,0,0,0.160031997680664,1.63,0,-5399.9521484375
100000000000000000000000,1,923625000,0,-46,3.88403935492644,0,0,0.160031997680664,1.63,0,-5399.9521484375
100000000000000000000004,1,923625000,0,-51.5,3.02501011371048,0,0,0.160031997680664,1.63,0,-5399.9521484375
100000000000000000000002,1,923625000,0,-46,4.37491320704985,0,0,0.160031997680664,1.63,0,-5399.9521484375
100000000000000000000004,1,923625000,0,-52,3.02501011371048,0,0,0.160031997680664,1.63,0,-5399.9521484375
100000000000000000000003,1,923625000,0,-47,3.64473835201628,0,0,0.160031997680664,1.63,0,-5399.9521484375
100000000000000000000001,1,923625000,0,-50,4.14788405044277,0,0,0.160031997680664,1.63,0,-5399.9521484375
100000000000000000000002,1,923625000,0,-46,4.38104913020139,0,0,0.160031997680664,1.63,0,-5399.9521484375
100000000000000000000000,1,923625000,0,-46,3.84722381601719,0,0,0.160031997680664,1.63,0,-5399.9521484375
100000000000000000000001,1,923625000,0,-50,4.12947628098815,0,0,0.160031997680664,1.63,0,-5399.9521484375
100000000000000000000000,1,923625000,0,-46,3.86563158547182,0,0,0.160031997680664,1.63,0,-5399.9521484375
100000000000000000000003,1,923625000,0,-47,3.6324665057132,0,0,0.160031997680664,1.63,0,-5399.9521484375
100000000000000000000002,1,923625000,0,-46,4.35650543759522,0,0,0.160031997680664,1.63,0,-5399.9521484375
100000000000000000000004,1,923625000,0,-51.5,3.01887419055894,0,0,0.160031997680664,1.63,0,-5399.9521484375
100000000000000000000001,1,923625000,0,-50,4.1233403578366,0,0,0.160031997680664,1.63,0,-5399.9521484375
100000000000000000000000,1,923625000,0,-46,3.85949566232027,0,0,0.160031997680664,1.63,0,-5399.9521484375
100000000000000000000002,1,923625000,0,-46,4.38104913020139,0,0,0.160031997680664,1.63,0,-5399.9521484375
100000000000000000000004,1,923625000,0,-52,3.04955380631665,0,0,0.160031997680664,1.63,0,-5399.9521484375
100000000000000000000003,1,923625000,0,-47,3.63860242886474,0,0,0.160031997680664,1.63,0,-5399.9521484375
100000000000000000000001,1,923625000,0,-50,4.1233403578366,0,0,0.160031997680664,1.63,0,-5399.9521484375
100000000000000000000003,1,923625000,0,-47,3.63860242886474,0,0,0.160031997680664,1.63,0,-5399.9521484375
100000000000000000000000,1,923625000,0,-46,3.89017527807799,0,0,0.160031997680664,1.63,0,-5399.9521484375
100000000000000000000002,1,923625000,0,-45.5,4.35036951444368,0,0,0.160031997680664,1.63,0,-5399.9521484375
100000000000000000000004,1,923625000,0,-52,3.04955380631665,0,0,0.160031997680664,1.63,0,-5399.9521484375
100000000000000000000003,1,923625000,0,-47,3.66314612147091,0,0,0.160031997680664,1.63,0,-5399.9521484375
100000000000000000000001,1,923625000,0,-50,4.11106851153352,0,0,0.160031997680664,1.63,0,-5399.9521484375
100000000000000000000000,1,923625000,0,-46,3.85335973916873,0,0,0.160031997680664,1.63,0,-5399.9521484375
100000000000000000000004,1,923625000,0,-51.5,3.00660234425586,0,0,0.160031997680664,1.63,0,-5399.9521484375
100000000000000000000002,1,923625000,0,-46,4.35036951444368,0,0,0.160031997680664,1.63,0,-5399.9521484375
100000000000000000000000,1,923625000,0,-46,3.87176750862336,0,0,0.160031997680664,1.63,0,-5399.9521484375
100000000000000000000001,1,923625000,0,-50,4.11720443468506,0,0,0.160031997680664,1.63,0,-5399.9521484375
100000000000000000000004,1,923625000,0,-52,3.01887419055894,0,0,0.160031997680664,1.63,0,-5399.9521484375
100000000000000000000002,1,923625000,0,-46,4.36877728389831,0,0,0.160031997680664,1.63,0,-5399.9521484375
100000000000000000000003,1,923625000,0,-47,3.6324665057132,0,0,0.160031997680664,1.63,0,-5399.9521484375
100000000000000000000001,1,923625000,0,-50,4.11720443468506,0,0,0.160031997680664,1.63,0,-5399.9521484375
100000000000000000000002,1,923625000,0,-46,4.36264136074676,0,0,0.160031997680664,1.63,0,-5399.9521484375
100000000000000000000003,1,923625000,0,-47,3.66314612147091,0,0,0.160031997680664,1.63,0,-5399.9521484375
100000000000000000000000,1,923625000,0,-46,3.85335973916873,0,0,0.160031997680664,1.63,0,-5399.9521484375
100000000000000000000004,1,923625000,0,-52,3.04341788316511,0,0,0.160031997680664,1.63,0,-5399.9521484375
100000000000000000000001,1,923625000,0,-50,4.14174812729123,0,0,0.160031997680664,1.63,0,-5399.9521484375
100000000000000000000004,1,923625000,0,-52,3.03728196001357,0,0,0.160031997680664,1.63,0,-5399.9521484375
100000000000000000000002,1,923625000,0,-46,4.34423359129214,0,0,0.160031997680664,1.63,0,-5399.9521484375
100000000000000000000000,1,923625000,0,-46,3.85949566232027,0,0,0.160031997680664,1.63,0,-5399.9521484375
100000000000000000000003,1,923625000,0,-47,3.60792281310703,0,0,0.160031997680664,1.63,0,-5399.9521484375
100000000000000000000003,1,923625000,0,-47,3.62019465941011,0,0,0.160031997680664,1.63,0,-5399.9521484375
100000000000000000000000,1,923625000,0,-46,3.87176750862336,0,0,0.160031997680664,1.63,0,-5399.9521484375
100000000000000000000004,1,923625000,0,-51.5,3.0556897294682,0,0,0.160031997680664,1.63,0,-5399.9521484375
100000000000000000000002,1,923625000,0,-46,4.35036951444368,0,0,0.160031997680664,1.63,0,-5399.9521484375
100000000000000000000001,1,923625000,0,-50,4.09879666523043,0,0,0.160031997680664,1.63,0,-5399.9521484375
100000000000000000000004,1,923625000,0,-52,3.01887419055894,0,0,0.160031997680664,1.63,0,-5399.9521484375
100000000000000000000002,1,923625000,0,-46,4.36877728389831,0,0,0.160031997680664,1.63,0,-5399.9521484375
100000000000000000000001,1,923625000,0,-50,4.13561220413969,0,0,0.160031997680664,1.63,0,-5399.9521484375
100000000000000000000003,1,923625000,0,-47,3.6324665057132,0,0,0.160031997680664,1.63,0,-5399.9521484375
100000000000000000000000,1,923625000,0,-46,3.84108789286565,0,0,0.160031997680664,1.63,0,-5399.9521484375
100000000000000000000003,1,923625000,0,-47,3.65087427516783,0,0,0.160031997680664,1.63,0,-5399.9521484375
100000000000000000000000,1,923625000,0,-46,3.81040827710793,0,0,0.160031997680664,1.63,0,-5399.9521484375
100000000000000000000001,1,923625000,0,-50,4.11720443468506,0,0,0.160031997680664,1.63,0,-5399.9521484375
100000000000000000000002,1,923625000,0,-46,4.36264136074676,0,0,0.160031997680664,1.63,0,-5399.9521484375
100000000000000000000004,1,923625000,0,-51.5,3.0556897294682,0,0,0.160031997680664,1.63,0,-5399.9521484375
100000000000000000000003,1,923625000,0,-47,3.66314612147091,0,0,0.160031997680664,1.63,0,-5399.9521484375
100000000000000000000004,1,923625000,0,-51.5,3.03114603686203,0,0,0.160031997680664,1.63,0,-5399.9521484375
100000000000000000000002,1,923625000,0,-46,4.36264136074676,0,0,0.160031997680664,1.63,0,-5399.9521484375
100000000000000000000000,1,923625000,0,-46,3.84108789286565,0,0,0.160031997680664,1.63,0,-5399.9521484375
100000000000000000000001,1,923625000,0,-50,4.11720443468506,0,0,0.160031997680664,1.63,0,-5399.9521484375
100000000000000000000002,1,923625000,0,-46,4.35650543759522,0,0,0.160031997680664,1.63,0,-5399.9521484375
100000000000000000000000,1,923625000,0,-46,3.8349519697141,0,0,0.160031997680664,1.63,0,-5399.9521484375
100000000000000000000004,1,923625000,0,-52,3.04341788316511,0,0,0.160031997680664,1.63,0,-5399.9521484375
100000000000000000000003,1,923625000,0,-47,3.64473835201628,0,0,0.160031997680664,1.63,0,-5399.9521484375
100000000000000000000001,1,923625000,0,-50,4.13561220413969,0,0,0.160031997680664,1.63,0,-5399.9521484375
100000000000000000000000,1,923625000,0,-46,3.87176750862336,0,0,0.160031997680664,1.63,0,-5399.9521484375
100000000000000000000001,1,923625000,0,-50,4.13561220413969,0,0,0.160031997680664,1.63,0,-5399.9521484375
100000000000000000000003,1,923625000,0,-47,3.62019465941011,0,0,0.160031997680664,1.63,0,-5399.9521484375
100000000000000000000004,1,923625000,0,-52,3.01887419055894,0,0,0.160031997680664,1.63,0,-5399.9521484375
100000000000000000000002,1,923625000,0,-46,4.35036951444368,0,0,0.160031997680664,1.63,0,-5399.9521484375
100000000000000000000003,1,923625000,0,-47,3.62019465941011,0,0,0.160031997680664,1.63,0,-5399.9521484375
100000000000000000000002,1,923625000,0,-46,4.37491320704985,0,0,0.160031997680664,1.63,0,-5399.9521484375
100000000000000000000004,1,923625000,0,-51.5,3.03728196001357,0,0,0.160031997680664,1.63,0,-5399.9521484375
100000000000000000000000,1,923625000,0,-46,3.84722381601719,0,0,0.160031997680664,1.63,0,-5399.9521484375
100000000000000000000001,1,923625000,0,-50,4.12947628098815,0,0,0.160031997680664,1.63,0,-5399.9521484375
100000000000000000000002,1,923625000,0,-45.5,4.36877728389831,0,0,0.160031997680664,1.63,0,-5399.9521484375
100000000000000000000001,1,923625000,0,-50,4.13561220413969,0,0,0.160031997680664,1.63,0,-5399.9521484375
100000000000000000000000,1,923625000,0,-46,3.87176750862336,0,0,0.160031997680664,1.63,0,-5399.9521484375
100000000000000000000003,1,923625000,0,-47,3.63860242886474,0,0,0.160031997680664,1.63,0,-5399.9521484375
100000000000000000000004,1,923625000,0,-52,3.06182565261974,0,0,0.160031997680664,1.63,0,-5399.9521484375
100000000000000000000004,1,923625000,0,-52,3.0556897294682,0,0,0.160031997680664,1.63,0,-5399.9521484375
100000000000000000000000,1,923625000,0,-46,3.85335973916873,0,0,0.160031997680664,1.63,0,-5399.9521484375
100000000000000000000001,1,923625000,0,-50,4.1233403578366,0,0,0.160031997680664,1.63,0,-5399.9521484375
100000000000000000000003,1,923625000,0,-47,3.63860242886474,0,0,0.160031997680664,1.63,0,-5399.9521484375
100000000000000000000002,1,923625000,0,-46,4.36264136074676,0,0,0.160031997680664,1.63,0,-5399.9521484375
100000000000000000000004,1,923625000,0,-51.5,3.04955380631665,0,0,0.160031997680664,1.63,0,-5399.9521484375
100000000000000000000002,1,923625000,0,-46,4.35650543759522,0,0,0.160031997680664,1.63,0,-5399.9521484375
100000000000000000000001,1,923625000,0,-50,4.11106851153352,0,0,0.160031997680664,1.63,0,-5399.9521484375
100000000000000000000000,1,923625000,0,-46,3.8779034317749,0,0,0.160031997680664,1.63,0,-5399.9521484375
100000000000000000000003,1,923625000,0,-47,3.64473835201628,0,0,0.160031997680664,1.63,0,-5399.9521484375
100000000000000000000002,1,923625000,0,-46,4.36264136074676,0,0,0.160031997680664,1.63,0,-5399.9521484375
100000000000000000000000,1,923625000,0,-46,3.89631120122953,0,0,0.160031997680664,1.63,0,-5399.9521484375
100000000000000000000001,1,923625000,0,-50,4.16015589674586,0,0,0.160031997680664,1.63,0,-5399.9521484375
100000000000000000000003,1,923625000,0,-47,3.60178688995549,0,0,0.160031997680664,1.63,0,-5399.9521484375
100000000000000000000004,1,923625000,0,-52,3.02501011371048,0,0,0.160031997680664,1.63,0,-5399.9521484375
100000000000000000000004,1,923625000,0,-52,3.0127382674074,0,0,0.160031997680664,1.63,0,-5399.9521484375
100000000000000000000001,1,923625000,0,-50,4.11106851153352,0,0,0.160031997680664,1.63,0,-5399.9521484375
100000000000000000000003,1,923625000,0,-47,3.63860242886474,0,0,0.160031997680664,1.63,0,-5399.9521484375
100000000000000000000002,1,923625000,0,-46,4.38104913020139,0,0,0.160031997680664,1.63,0,-5399.9521484375
100000000000000000000000,1,923625000,0,-46,3.88403935492644,0,0,0.160031997680664,1.63,0,-5399.9521484375
100000000000000000000003,1,923625000,0,-47,3.65701019831937,0,0,0.160031997680664,1.63,0,-5399.9521484375
100000000000000000000002,1,923625000,0,-46,4.36264136074676,0,0,0.160031997680664,1.63,0,-5399.9521484375
100000000000000000000001,1,923625000,0,-50,4.13561220413969,0,0,0.160031997680664,1.63,0,-5399.9521484375
100000000000000000000000,1,923625000,0,-46,3.86563158547182,0,0,0.160031997680664,1.63,0,-5399.9521484375
100000000000000000000004,1,923625000,0,-52,3.0556897294682,0,0,0.160031997680664,1.63,0,-5399.9521484375
100000000000000000000002,1,923625000,0,-46,4.36877728389831,0,0,0.160031997680664,1.63,0,-5399.9521484375
100000000000000000000003,1,923625000,0,-47,3.62019465941011,0,0,0.160031997680664,1.63,0,-5399.9521484375
100000000000000000000000,1,923625000,0,-46,3.85335973916873,0,0,0.160031997680664,1.63,0,-5399.9521484375
100000000000000000000001,1,923625000,0,-50,4.11106851153352,0,0,0.160031997680664,1.63,0,-5399.9521484375
100000000000000000000004,1,923625000,0,-52,3.03728196001357,0,0,0.160031997680664,1.63,0,-5399.9521484375
100000000000000000000000,1,923625000,0,-46,3.85335973916873,0,0,0.160031997680664,1.63,0,-5399.9521484375
100000000000000000000003,1,923625000,0,-47,3.65701019831937,0,0,0.160031997680664,1.63,0,-5399.9521484375
100000000000000000000001,1,923625000,0,-50,4.12947628098815,0,0,0.160031997680664,1.63,0,-5399.9521484375
100000000000000000000002,1,923625000,0,-46,4.35650543759522,0,0,0.160031997680664,1.63,0,-5399.9521484375
100000000000000000000004,1,923625000,0,-51.5,3.00660234425586,0,0,0.160031997680664,1.63,0,-5399.9521484375
100000000000000000000002,1,923625000,0,-46,4.37491320704985,0,0,0.160031997680664,1.63,0,-5399.9521484375
100000000000000000000000,1,923625000,0,-46,3.86563158547182,0,0,0.160031997680664,1.63,0,-5399.9521484375
100000000000000000000001,1,923625000,0,-50,4.13561220413969,0,0,0.160031997680664,1.63,0,-5399.9521484375
100000000000000000000003,1,923625000,0,-47,3.65087427516783,0,0,0.160031997680664,1.63,0,-5399.9521484375
100000000000000000000004,1,923625000,0,-52,3.01887419055894,0,0,0.160031997680664,1.63,0,-5399.9521484375
100000000000000000000001,1,923625000,0,-50,4.14788405044277,0,0,0.160031997680664,1.63,0,-5399.9521484375
100000000000000000000002,1,923625000,0,-46,4.37491320704985,0,0,0.160031997680664,1.63,0,-5399.9521484375
100000000000000000000003,1,923625000,0,-47,3.64473835201628,0,0,0.160031997680664,1.63,0,-5399.9521484375
100000000000000000000000,1,923625000,0,-46,3.87176750862336,0,0,0.160031997680664,1.63,0,-5399.9521484375
100000000000000000000004,1,923625000,0,-51.5,3.02501011371048,0,0,0.160031997680664,1.63,0,-5399.9521484375
100000000000000000000004,1,923625000,0,-51.5,3.0556897294682,0,0,0.160031997680664,1.63,0,-5399.9521484375
100000000000000000000000,1,923625000,0,-46,3.86563158547182,0,0,0.160031997680664,1.63,0,-5399.9521484375
100000000000000000000003,1,923625000,0,-47,3.61405873625857,0,0,0.160031997680664,1.63,0,-5399.9521484375
100000000000000000000001,1,923625000,0,-50,4.09879666523043,0,0,0.160031997680664,1.63,0,-5399.9521484375
100000000000000000000002,1,923625000,0,-46,4.38104913020139,0,0,0.160031997680664,1.63,0,-5399.9521484375
100000000000000000000004,1,923625000,0,-51.5,3.02501011371048,0,0,0.160031997680664,1.63,0,-5399.9521484375
100000000000000000000002,1,923625000,0,-46,4.35650543759522,0,0,0.160031997680664,1.63,0,-5399.9521484375
100000000000000000000001,1,923625000,0,-50,4.13561220413969,0,0,0.160031997680664,1.63,0,-5399.9521484375
100000000000000000000000,1,923625000,0,-46,3.88403935492644,0,0,0.160031997680664,1.63,0,-5399.9521484375
100000000000000000000003,1,923625000,0,-47,3.62633058256166,0,0,0.160031997680664,1.63,0,-5399.9521484375
100000000000000000000001,1,923625000,0,-50,4.12947628098815,0,0,0.160031997680664,1.63,0,-5399.9521484375
100000000000000000000004,1,923625000,0,-52,3.03728196001357,0,0,0.160031997680664,1.63,0,-5399.9521484375
100000000000000000000002,1,923625000,0,-46,4.34423359129214,0,0,0.160031997680664,1.63,0,-5399.9521484375
100000000000000000000000,1,923625000,0,-46,3.85335973916873,0,0,0.160031997680664,1.63,0,-5399.9521484375
100000000000000000000003,1,923625000,0,-47,3.65087427516783,0,0,0.160031997680664,1.63,0,-5399.9521484375
100000000000000000000001,1,923625000,0,-50,4.1233403578366,0,0,0.160031997680664,1.63,0,-5399.9521484375
100000000000000000000000,1,923625000,0,-46,3.85335973916873,0,0,0.160031997680664,1.63,0,-5399.9521484375
100000000000000000000003,1,923625000,0,-47,3.6324665057132,0,0,0.160031997680664,1.63,0,-5399.9521484375
100000000000000000000002,1,923625000,0,-46,4.36877728389831,0,0,0.160031997680664,1.63,0,-5399.9521484375
100000000000000000000004,1,923625000,0,-51.5,3.02501011371048,0,0,0.160031997680664,1.63,0,-5399.9521484375
100000000000000000000001,1,923625000,0,-50,4.10493258838198,0,0,0.160031997680664,1.63,0,-5399.9521484375
100000000000000000000000,1,923625000,0,-46,3.84108789286565,0,0,0.160031997680664,1.63,0,-5399.9521484375
100000000000000000000002,1,923625000,0,-46,4.36264136074676,0,0,0.160031997680664,1.63,0,-5399.9521484375
100000000000000000000003,1,923625000,0,-47,3.62633058256166,0,0,0.160031997680664,1.63,0,-5399.9521484375
100000000000000000000004,1,923625000,0,-52,3.04955380631665,0,0,0.160031997680664,1.63,0,-5399.9521484375
100000000000000000000002,1,923625000,0,-46,4.36877728389831,0,0,0.160031997680664,1.63,0,-5399.9521484375
100000000000000000000000,1,923625000,0,-46,3.85335973916873,0,0,0.160031997680664,1.63,0,-5399.9521484375
100000000000000000000004,1,923625000,0,-52,3.01887419055894,0,0,0.160031997680664,1.63,0,-5399.9521484375
100000000000000000000001,1,923625000,0,-50,4.11720443468506,0,0,0.160031997680664,1.63,0,-5399.9521484375
100000000000000000000003,1,923625000,0,-47,3.6324665057132,0,0,0.160031997680664,1.63,0,-5399.9521484375
100000000000000000000004,1,923625000,0,-52,3.01887419055894,0,0,0.160031997680664,1.63,0,-5399.9521484375
100000000000000000000001,1,923625000,0,-50,4.1233403578366,0,0,0.160031997680664,1.63,0,-5399.9521484375
100000000000000000000000,1,923625000,0,-46,3.81654420025948,0,0,0.160031997680664,1.63,0,-5399.9521484375
100000000000000000000002,1,923625000,0,-46,4.35650543759522,0,0,0.160031997680664,1.63,0,-5399.9521484375
100000000000000000000003,1,923625000,0,-47,3.64473835201628,0,0,0.160031997680664,1.63,0,-5399.9521484375
100000000000000000000002,1,923625000,0,-46,4.36264136074676,0,0,0.160031997680664,1.63,0,-5399.9521484375
100000000000000000000004,1,923625000,0,-52,3.02501011371048,0,0,0.160031997680664,1.63,0,-5399.9521484375
100000000000000000000001,1,923625000,0,-50,4.13561220413969,0,0,0.160031997680664,1.63,0,-5399.9521484375
100000000000000000000003,1,923625000,0,-47,3.59565096680394,0,0,0.160031997680664,1.63,0,-5399.9521484375
100000000000000000000000,1,923625000,0,-46,3.84722381601719,0,0,0.160031997680664,1.63,0,-5399.9521484375
100000000000000000000001,1,923625000,0,-50,4.13561220413969,0,0,0.160031997680664,1.63,0,-5399.9521484375
100000000000000000000000,1,923625000,0,-46,3.85949566232027,0,0,0.160031997680664,1.63,0,-5399.9521484375
100000000000000000000004,1,923625000,0,-52,3.02501011371048,0,0,0.160031997680664,1.63,0,-5399.9521484375
100000000000000000000003,1,923625000,0,-47,3.64473835201628,0,0,0.160031997680664,1.63,0,-5399.9521484375
100000000000000000000002,1,923625000,0,-46,4.34423359129214,0,0,0.160031997680664,1.63,0,-5399.9521484375
100000000000000000000002,1,923625000,0,-46,4.34423359129214,0,0,0.160031997680664,1.63,0,-5399.9521484375
100000000000000000000004,1,923625000,0,-52,3.04341788316511,0,0,0.160031997680664,1.63,0,-5399.9521484375
100000000000000000000001,1,923625000,0,-50,4.13561220413969,0,0,0.160031997680664,1.63,0,-5399.9521484375
100000000000000000000003,1,923625000,0,-47,3.61405873625857,0,0,0.160031997680664,1.63,0,-5399.9521484375
100000000000000000000000,1,923625000,0,-46,3.87176750862336,0,0,0.160031997680664,1.63,0,-5399.9521484375
100000000000000000000002,1,923625000,0,-46,4.35650543759522,0,0,0.160031997680664,1.63,0,-5399.9521484375
100000000000000000000000,1,923625000,0,-46,3.85335973916873,0,0,0.160031997680664,1.63,0,-5399.9521484375
100000000000000000000004,1,923625000,0,-52,2.98819457480123,0,0,0.160031997680664,1.63,0,-5399.9521484375
100000000000000000000001,1,923625000,0,-50,4.13561220413969,0,0,0.160031997680664,1.63,0,-5399.9521484375
100000000000000000000003,1,923625000,0,-47,3.65701019831937,0,0,0.160031997680664,1.63,0,-5399.9521484375
100000000000000000000004,1,923625000,0,-52,3.04955380631665,0,0,0.160031997680664,1.63,0,-5399.9521484375
100000000000000000000003,1,923625000,0,-47,3.63860242886474,0,0,0.160031997680664,1.63,0,-5399.9521484375
100000000000000000000001,1,923625000,0,-50,4.11720443468506,0,0,0.160031997680664,1.63,0,-5399.9521484375
100000000000000000000000,1,923625000,0,-46,3.88403935492644,0,0,0.160031997680664,1.63,0,-5399.9521484375
100000000000000000000002,1,923625000,0,-46,4.37491320704985,0,0,0.160031997680664,1.63,0,-5399.9521484375
100000000000000000000001,1,923625000,0,-50,4.1233403578366,0,0,0.160031997680664,1.63,0,-5399.9521484375
100000000000000000000000,1,923625000,0,-46,3.84722381601719,0,0,0.160031997680664,1.63,0,-5399.9521484375
100000000000000000000002,1,923625000,0,-46,4.34423359129214,0,0,0.160031997680664,1.63,0,-5399.9521484375
100000000000000000000004,1,923625000,0,-52,3.06796157577128,0,0,0.160031997680664,1.63,0,-5399.9521484375
100000000000000000000003,1,923625000,0,-47,3.61405873625857,0,0,0.160031997680664,1.63,0,-5399.9521484375
100000000000000000000002,1,923625000,0,-46,4.36264136074676,0,0,0.160031997680664,1.63,0,-5399.9521484375
100000000000000000000001,1,923625000,0,-50,4.1233403578366,0,0,0.160031997680664,1.63,0,-5399.9521484375
100000000000000000000004,1,923625000,0,-51.5,3.03114603686203,0,0,0.160031997680664,1.63,0,-5399.9521484375
100000000000000000000003,1,923625000,0,-47,3.64473835201628,0,0,0.160031997680664,1.63,0,-5399.9521484375
100000000000000000000000,1,923625000,0,-46,3.85335973916873,0,0,0.160031997680664,1.63,0,-5399.9521484375
100000000000000000000003,1,923625000,0,-47,3.62019465941011,0,0,0.160031997680664,1.63,0,-5399.9521484375
100000000000000000000002,1,923625000,0,-46,4.37491320704985,0,0,0.160031997680664,1.63,0,-5399.9521484375
100000000000000000000001,1,923625000,0,-50,4.11106851153352,0,0,0.160031997680664,1.63,0,-5399.9521484375
100000000000000000000004,1,923625000,0,-52,3.04341788316511,0,0,0.160031997680664,1.63,0,-5399.9521484375
100000000000000000000000,1,923625000,0,-46,3.87176750862336,0,0,0.160031997680664,1.63,0,-5399.9521484375
100000000000000000000000,1,923625000,0,-46,3.88403935492644,0,0,0.160031997680664,1.63,0,-5399.9521484375
100000000000000000000001,1,923625000,0,-50,4.14174812729123,0,0,0.160031997680664,1.63,0,-5399.9521484375
100000000000000000000003,1,923625000,0,-47,3.63860242886474,0,0,0.160031997680664,1.63,0,-5399.9521484375
100000000000000000000002,1,923625000,0,-46,4.36877728389831,0,0,0.160031997680664,1.63,0,-5399.9521484375
100000000000000000000004,1,923625000,0,-52,3.03114603686203,0,0,0.160031997680664,1.63,0,-5399.9521484375
100000000000000000000000,1,923625000,0,-46,3.84722381601719,0,0,0.160031997680664,1.63,0,-5399.9521484375
100000000000000000000004,1,923625000,0,-51.5,3.03728196001357,0,0,0.160031997680664,1.63,0,-5399.9521484375
100000000000000000000003,1,923625000,0,-47,3.6324665057132,0,0,0.160031997680664,1.63,0,-5399.9521484375
100000000000000000000002,1,923625000,0,-46,4.36264136074676,0,0,0.160031997680664,1.63,0,-5399.9521484375
100000000000000000000001,1,923625000,0,-50,4.13561220413969,0,0,0.160031997680664,1.63,0,-5399.9521484375
100000000000000000000003,1,923625000,0,-47,3.63860242886474,0,0,0.160031997680664,1.63,0,-5399.9521484375
100000000000000000000004,1,923625000,0,-52,3.02501011371048,0,0,0.160031997680664,1.63,0,-5399.9521484375
100000000000000000000000,1,923625000,0,-46,3.88403935492644,0,0,0.160031997680664,1.63,0,-5399.9521484375
100000000000000000000001,1,923625000,0,-50,4.14788405044277,0,0,0.160031997680664,1.63,0,-5399.9521484375
100000000000000000000002,1,923625000,0,-46,4.36877728389831,0,0,0.160031997680664,1.63,0,-5399.9521484375
100000000000000000000003,1,923625000,0,-47,3.6324665057132,0,0,0.160031997680664,1.63,0,-5399.9521484375
100000000000000000000001,1,923625000,0,-50,4.07425297262426,0,0,0.160031997680664,1.63,0,-5399.9521484375
100000000000000000000002,1,923625000,0,-46,4.38718505335293,0,0,0.160031997680664,1.63,0,-5399.9521484375
100000000000000000000000,1,923625000,0,-46,3.85949566232027,0,0,0.160031997680664,1.63,0,-5399.9521484375
100000000000000000000004,1,923625000,0,-51.5,3.04341788316511,0,0,0.160031997680664,1.63,0,-5399.9521484375
100000000000000000000004,1,923625000,0,-52,3.03728196001357,0,0,0.160031997680664,1.63,0,-5399.9521484375
100000000000000000000000,1,923625000,0,-46,3.85949566232027,0,0,0.160031997680664,1.63,0,-5399.9521484375
100000000000000000000002,1,923625000,0,-46,4.36877728389831,0,0,0.160031997680664,1.63,0,-5399.9521484375
100000000000000000000001,1,923625000,0,-50,4.11720443468506,0,0,0.160031997680664,1.63,0,-5399.9521484375
100000000000000000000003,1,923625000,0,-47,3.65087427516783,0,0,0.160031997680664,1.63,0,-5399.9521484375
100000000000000000000001,1,923625000,0,-50,4.1233403578366,0,0,0.160031997680664,1.63,0,-5399.9521484375
100000000000000000000004,1,923625000,0,-51.5,3.0556897294682,0,0,0.160031997680664,1.63,0,-5399.9521484375
100000000000000000000003,1,923625000,0,-47,3.6324665057132,0,0,0.160031997680664,1.63,0,-5399.9521484375
100000000000000000000000,1,923625000,0,-46,3.8779034317749,0,0,0.160031997680664,1.63,0,-5399.9521484375
100000000000000000000002,1,923625000,0,-46,4.35650543759522,0,0,0.160031997680664,1.63,0,-5399.9521484375
100000000000000000000002,1,923625000,0,-46,4.37491320704985,0,0,0.160031997680664,1.63,0,-5399.9521484375
100000000000000000000004,1,923625000,0,-51.5,3.04955380631665,0,0,0.160031997680664,1.63,0,-5399.9521484375
100000000000000000000003,1,923625000,0,-47,3.6324665057132,0,0,0.160031997680664,1.63,0,-5399.9521484375
100000000000000000000000,1,923625000,0,-46,3.84108789286565,0,0,0.160031997680664,1.63,0,-5399.9521484375
100000000000000000000001,1,923625000,0,-50,4.11720443468506,0,0,0.160031997680664,1.63,0,-5399.9521484375
100000000000000000000001,1,923625000,0,-50,4.13561220413969,0,0,0.160031997680664,1.63,0,-5399.9521484375
100000000000000000000002,1,923625000,0,-46,4.35036951444368,0,0,0.160031997680664,1.63,0,-5399.9521484375
100000000000000000000000,1,923625000,0,-46,3.87176750862336,0,0,0.160031997680664,1.63,0,-5399.9521484375
100000000000000000000003,1,923625000,0,-47,3.60178688995549,0,0,0.160031997680664,1.63,0,-5399.9521484375
100000000000000000000004,1,923625000,0,-51.5,3.01887419055894,0,0,0.160031997680664,1.63,0,-5399.9521484375
100000000000000000000001,1,923625000,0,-50,4.11106851153352,0,0,0.160031997680664,1.63,0,-5399.9521484375
100000000000000000000004,1,923625000,0,-51.5,3.03114603686203,0,0,0.160031997680664,1.63,0,-5399.9521484375
100000000000000000000003,1,923625000,0,-47,3.64473835201628,0,0,0.160031997680664,1.63,0,-5399.9521484375
100000000000000000000002,1,923625000,0,-46,4.36264136074676,0,0,0.160031997680664,1.63,0,-5399.9521484375
100000000000000000000000,1,923625000,0,-46,3.84108789286565,0,0,0.160031997680664,1.63,0,-5399.9521484375
100000000000000000000004,1,923625000,0,-51.5,3.02501011371048,0,0,0.160031997680664,1.63,0,-5399.9521484375
100000000000000000000002,1,923625000,0,-46,4.36264136074676,0,0,0.160031997680664,1.63,0,-5399.9521484375
100000000000000000000001,1,923625000,0,-50,4.13561220413969,0,0,0.160031997680664,1.63,0,-5399.9521484375
100000000000000000000003,1,923625000,0,-47,3.62633058256166,0,0,0.160031997680664,1.63,0,-5399.9521484375
100000000000000000000000,1,923625000,0,-46,3.85335973916873,0,0,0.160031997680664,1.63,0,-5399.9521484375
100000000000000000000001,1,923625000,0,-50,4.1233403578366,0,0,0.160031997680664,1.63,0,-5399.9521484375
100000000000000000000000,1,923625000,0,-46,3.82268012341102,0,0,0.160031997680664,1.63,0,-5399.9521484375
100000000000000000000003,1,923625000,0,-47,3.62019465941011,0,0,0.160031997680664,1.63,0,-5399.9521484375
100000000000000000000002,1,923625000,0,-46,4.36264136074676,0,0,0.160031997680664,1.63,0,-5399.9521484375
100000000000000000000004,1,923625000,0,-52,3.08023342207437,0,0,0.160031997680664,1.63,0,-5399.9521484375
100000000000000000000004,1,923625000,0,-52,3.01887419055894,0,0,0.160031997680664,1.63,0,-5399.9521484375
100000000000000000000002,1,923625000,0,-46,4.36264136074676,0,0,0.160031997680664,1.63,0,-5399.9521484375
100000000000000000000003,1,923625000,0,-47,3.66928204462245,0,0,0.160031997680664,1.63,0,-5399.9521484375
100000000000000000000001,1,923625000,0,-50,4.12947628098815,0,0,0.160031997680664,1.63,0,-5399.9521484375
100000000000000000000000,1,923625000,0,-46,3.84722381601719,0,0,0.160031997680664,1.63,0,-5399.9521484375
100000000000000000000004,1,923625000,0,-51.5,3.03728196001357,0,0,0.160031997680664,1.63,0,-5399.9521484375
100000000000000000000002,1,923625000,0,-46,4.35036951444368,0,0,0.160031997680664,1.63,0,-5399.9521484375
100000000000000000000003,1,923625000,0,-47,3.63860242886474,0,0,0.160031997680664,1.63,0,-5399.9521484375
100000000000000000000000,1,923625000,0,-46,3.85949566232027,0,0,0.160031997680664,1.63,0,-5399.9521484375
100000000000000000000001,1,923625000,0,-50,4.12947628098815,0,0,0.160031997680664,1.63,0,-5399.9521484375
100000000000000000000002,1,923625000,0,-46,4.37491320704985,0,0,0.160031997680664,1.63,0,-5399.9521484375
100000000000000000000000,1,923625000,0,-46,3.82268012341102,0,0,0.160031997680664,1.63,0,-5399.9521484375
100000000000000000000003,1,923625000,0,-47,3.64473835201628,0,0,0.160031997680664,1.63,0,-5399.9521484375
100000000000000000000001,1,923625000,0,-50,4.11106851153352,0,0,0.160031997680664,1.63,0,-5399.9521484375
100000000000000000000004,1,923625000,0,-51.5,3.01887419055894,0,0,0.160031997680664,1.63,0,-5399.9521484375
100000000000000000000004,1,923625000,0,-52,3.01887419055894,0,0,0.160031997680664,1.63,0,-5399.9521484375
100000000000000000000001,1,923625000,0,-50,4.11106851153352,0,0,0.160031997680664,1.63,0,-5399.9521484375
100000000000000000000003,1,923625000,0,-47,3.6324665057132,0,0,0.160031997680664,1.63,0,-5399.9521484375
100000000000000000000002,1,923625000,0,-46,4.35650543759522,0,0,0.160031997680664,1.63,0,-5399.9521484375
100000000000000000000000,1,923625000,0,-46,3.84108789286565,0,0,0.160031997680664,1.63,0,-5399.9521484375
100000000000000000000000,1,923625000,0,-46,3.84722381601719,0,0,0.160031997680664,1.63,0,-5399.9521484375
100000000000000000000001,1,923625000,0,-50,4.11106851153352,0,0,0.160031997680664,1.63,0,-5399.9521484375
100000000000000000000004,1,923625000,0,-52,3.04955380631665,0,0,0.160031997680664,1.63,0,-5399.9521484375
100000000000000000000002,1,923625000,0,-46,4.37491320704985,0,0,0.160031997680664,1.63,0,-5399.9521484375
100000000000000000000003,1,923625000,0,-47,3.62633058256166,0,0,0.160031997680664,1.63,0,-5399.9521484375
100000000000000000000004,1,923625000,0,-51.5,3.03728196001357,0,0,0.160031997680664,1.63,0,-5399.9521484375
100000000000000000000003,1,923625000,0,-47,3.65701019831937,0,0,0.160031997680664,1.63,0,-5399.9521484375
100000000000000000000001,1,923625000,0,-50,4.11720443468506,0,0,0.160031997680664,1.63,0,-5399.9521484375
100000000000000000000002,1,923625000,0,-46,4.36264136074676,0,0,0.160031997680664,1.63,0,-5399.9521484375
100000000000000000000000,1,923625000,0,-46,3.81654420025948,0,0,0.160031997680664,1.63,0,-5399.9521484375
100000000000000000000004,1,923625000,0,-51.5,3.04955380631665,0,0,0.160031997680664,1.63,0,-5399.9521484375
100000000000000000000002,1,923625000,0,-46,4.35036951444368,0,0,0.160031997680664,1.63,0,-5399.9521484375
100000000000000000000000,1,923625000,0,-46,3.8779034317749,0,0,0.160031997680664,1.63,0,-5399.9521484375
100000000000000000000001,1,923625000,0,-50,4.14174812729123,0,0,0.160031997680664,1.63,0,-5399.9521484375
100000000000000000000003,1,923625000,0,-47,3.62633058256166,0,0,0.160031997680664,1.63,0,-5399.9521484375
100000000000000000000001,1,923625000,0,-50,4.12947628098815,0,0,0.160031997680664,1.63,0,-5399.9521484375
100000000000000000000002,1,923625000,0,-45.5,4.35036951444368,0,0,0.160031997680664,1.63,0,-5399.9521484375
100000000000000000000003,1,923625000,0,-47,3.6324665057132,0,0,0.160031997680664,1.63,0,-5399.9521484375
100000000000000000000000,1,923625000,0,-46,3.84108789286565,0,0,0.160031997680664,1.63,0,-5399.9521484375
100000000000000000000004,1,923625000,0,-52,3.03114603686203,0,0,0.160031997680664,1.63,0,-5399.9521484375
100000000000000000000004,1,923625000,0,-52,3.02501011371048,0,0,0.160031997680664,1.63,0,-5399.9521484375
100000000000000000000003,1,923625000,0,-47,3.65087427516783,0,0,0.160031997680664,1.63,0,-5399.9521484375
100000000000000000000002,1,923625000,0,-46,4.35650543759522,0,0,0.160031997680664,1.63,0,-5399.9521484375
100000000000000000000000,1,923625000,0,-46,3.85335973916873,0,0,0.160031997680664,1.63,0,-5399.9521484375
100000000000000000000001,1,923625000,0,-50,4.11106851153352,0,0,0.160031997680664,1.63,0,-5399.9521484375
100000000000000000000004,1,923625000,0,-52,3.06796157577128,0,0,0.160031997680664,1.63,0,-5399.9521484375
100000000000000000000002,1,923625000,0,-46,4.36877728389831,0,0,0.160031997680664,1.63,0,-5399.9521484375
100000000000000000000003,1,923625000,0,-47,3.63860242886474,0,0,0.160031997680664,1.63,0,-5399.9521484375
100000000000000000000000,1,923625000,0,-46,3.87176750862336,0,0,0.160031997680664,1.63,0,-5399.9521484375
100000000000000000000001,1,923625000,0,-50,4.13561220413969,0,0,0.160031997680664,1.63,0,-5399.9521484375
100000000000000000000004,1,923625000,0,-52,3.06182565261974,0,0,0.160031997680664,1.63,0,-5399.9521484375
100000000000000000000001,1,923625000,0,-50,4.15401997359432,0,0,0.160031997680664,1.63,0,-5399.9521484375
100000000000000000000000,1,923625000,0,-46,3.85949566232027,0,0,0.160031997680664,1.63,0,-5399.9521484375
100000000000000000000002,1,923625000,0,-45.5,4.34423359129214,0,0,0.160031997680664,1.63,0,-5399.9521484375
100000000000000000000003,1,923625000,0,-47,3.63860242886474,0,0,0.160031997680664,1.63,0,-5399.9521484375
100000000000000000000002,1,923625000,0,-46,4.37491320704985,0,0,0.160031997680664,1.63,0,-5399.9521484375
100000000000000000000003,1,923625000,0,-47,3.59565096680394,0,0,0.160031997680664,1.63,0,-5399.9521484375
100000000000000000000001,1,923625000,0,-50,4.15401997359432,0,0,0.160031997680664,1.63,0,-5399.9521484375
100000000000000000000000,1,923625000,0,-46,3.82881604656256,0,0,0.160031997680664,1.63,0,-5399.9521484375
100000000000000000000004,1,923625000,0,-52,3.0127382674074,0,0,0.160031997680664,1.63,0,-5399.9521484375
100000000000000000000004,1,923625000,0,-52,3.02501011371048,0,0,0.160031997680664,1.63,0,-5399.9521484375
100000000000000000000000,1,923625000,0,-46,3.84108789286565,0,0,0.160031997680664,1.63,0,-5399.9521484375
100000000000000000000002,1,923625000,0,-46,4.35036951444368,0,0,0.160031997680664,1.63,0,-5399.9521484375
100000000000000000000003,1,923625000,0,-47,3.64473835201628,0,0,0.160031997680664,1.63,0,-5399.9521484375
100000000000000000000001,1,923625000,0,-50,4.14174812729123,0,0,0.160031997680664,1.63,0,-5399.9521484375
100000000000000000000001,1,923625000,0,-50,4.11106851153352,0,0,0.160031997680664,1.63,0,-5399.9521484375
100000000000000000000003,1,923625000,0,-47,3.65701019831937,0,0,0.160031997680664,1.63,0,-5399.9521484375
100000000000000000000002,1,923625000,0,-46,4.36264136074676,0,0,0.160031997680664,1.63,0,-5399.9521484375
100000000000000000000000,1,923625000,0,-46,3.86563158547182,0,0,0.160031997680664,1.63,0,-5399.9521484375
100000000000000000000004,1,923625000,0,-51.5,3.02501011371048,0,0,0.160031997680664,1.63,0,-5399.9521484375
100000000000000000000002,1,923625000,0,-46,4.36264136074676,0,0,0.160031997680664,1.63,0,-5399.9521484375
100000000000000000000003,1,923625000,0,-47,3.6324665057132,0,0,0.160031997680664,1.63,0,-5399.9521484375
100000000000000000000000,1,923625000,0,-46,3.84722381601719,0,0,0.160031997680664,1.63,0,-5399.9521484375
100000000000000000000004,1,923625000,0,-51.5,3.01887419055894,0,0,0.160031997680664,1.63,0,-5399.9521484375
100000000000000000000001,1,923625000,0,-50,4.13561220413969,0,0,0.160031997680664,1.63,0,-5399.9521484375
100000000000000000000002,1,923625000,0,-46,4.35650543759522,0,0,0.160031997680664,1.63,0,-5399.9521484375
100000000000000000000001,1,923625000,0,-50,4.11106851153352,0,0,0.160031997680664,1.63,0,-5399.9521484375
100000000000000000000004,1,923625000,0,-52,3.03114603686203,0,0,0.160031997680664,1.63,0,-5399.9521484375
100000000000000000000003,1,923625000,0,-47,3.64473835201628,0,0,0.160031997680664,1.63,0,-5399.9521484375
100000000000000000000000,1,923625000,0,-46,3.82881604656256,0,0,0.160031997680664,1.63,0,-5399.9521484375
100000000000000000000001,1,923625000,0,-50,4.11106851153352,0,0,0.160031997680664,1.63,0,-5399.9521484375
100000000000000000000003,1,923625000,0,-47,3.65701019831937,0,0,0.160031997680664,1.63,0,-5399.9521484375
100000000000000000000000,1,923625000,0,-46,3.84108789286565,0,0,0.160031997680664,1.63,0,-5399.9521484375
100000000000000000000004,1,923625000,0,-52,3.03728196001357,0,0,0.160031997680664,1.63,0,-5399.9521484375
100000000000000000000002,1,923625000,0,-46,4.36877728389831,0,0,0.160031997680664,1.63,0,-5399.9521484375
100000000000000000000003,1,923625000,0,-47,3.65087427516783,0,0,0.160031997680664,1.63,0,-5399.9521484375
100000000000000000000004,1,923625000,0,-52,3.04955380631665,0,0,0.160031997680664,1.63,0,-5399.9521484375
100000000000000000000000,1,923625000,0,-46,3.87176750862336,0,0,0.160031997680664,1.63,0,-5399.9521484375
100000000000000000000002,1,923625000,0,-46,4.37491320704985,0,0,0.160031997680664,1.63,0,-5399.9521484375
100000000000000000000001,1,923625000,0,-50,4.12947628098815,0,0,0.160031997680664,1.63,0,-5399.9521484375
100000000000000000000001,1,923625000,0,-50,4.1233403578366,0,0,0.160031997680664,1.63,0,-5399.9521484375
100000000000000000000000,1,923625000,0,-46,3.85335973916873,0,0,0.160031997680664,1.63,0,-5399.9521484375
100000000000000000000004,1,923625000,0,-51.5,3.03728196001357,0,0,0.160031997680664,1.63,0,-5399.9521484375
100000000000000000000002,1,923625000,0,-46,4.35650543759522,0,0,0.160031997680664,1.63,0,-5399.9521484375
100000000000000000000003,1,923625000,0,-47,3.65087427516783,0,0,0.160031997680664,1.63,0,-5399.9521484375
100000000000000000000004,1,923625000,0,-51.5,3.04955380631665,0,0,0.160031997680664,1.63,0,-5399.9521484375
100000000000000000000002,1,923625000,0,-46,4.35650543759522,0,0,0.160031997680664,1.63,0,-5399.9521484375
100000000000000000000000,1,923625000,0,-46,3.87176750862336,0,0,0.160031997680664,1.63,0,-5399.9521484375
100000000000000000000003,1,923625000,0,-47,3.63860242886474,0,0,0.160031997680664,1.63,0,-5399.9521484375
100000000000000000000001,1,923625000,0,-50,4.1233403578366,0,0,0.160031997680664,1.63,0,-5399.9521484375
100000000000000000000003,1,923625000,0,-47,3.62019465941011,0,0,0.160031997680664,1.63,0,-5399.9521484375
100000000000000000000001,1,923625000,0,-50,4.1233403578366,0,0,0.160031997680664,1.63,0,-5399.9521484375
100000000000000000000004,1,923625000,0,-51.5,3.0127382674074,0,0,0.160031997680664,1.63,0,-5399.9521484375
100000000000000000000000,1,923625000,0,-46,3.8779034317749,0,0,0.160031997680664,1.63,0,-5399.9521484375
100000000000000000000002,1,923625000,0,-46,4.33196174498905,0,0,0.160031997680664,1.63,0,-5399.9521484375
100000000000000000000001,1,923625000,0,-50,4.11720443468506,0,0,0.160031997680664,1.63,0,-5399.9521484375
100000000000000000000004,1,923625000,0,-51.5,3.03728196001357,0,0,0.160031997680664,1.63,0,-5399.9521484375
100000000000000000000002,1,923625000,0,-46,4.35650543759522,0,0,0.160031997680664,1.63,0,-5399.9521484375
100000000000000000000000,1,923625000,0,-46,3.84722381601719,0,0,0.160031997680664,1.63,0,-5399.9521484375
100000000000000000000003,1,923625000,0,-47,3.6324665057132,0,0,0.160031997680664,1.63,0,-5399.9521484375
100000000000000000000001,1,923625000,0,-50,4.11720443468506,0,0,0.160031997680664,1.63,0,-5399.9521484375
100000000000000000000002,1,923625000,0,-46,4.36877728389831,0,0,0.160031997680664,1.63,0,-5399.9521484375
100000000000000000000000,1,923625000,0,-46,3.85949566232027,0,0,0.160031997680664,1.63,0,-5399.9521484375
100000000000000000000003,1,923625000,0,-47,3.61405873625857,0,0,0.160031997680664,1.63,0,-5399.9521484375
100000000000000000000004,1,923625000,0,-52,3.04955380631665,0,0,0.160031997680664,1.63,0,-5399.9521484375
100000000000000000000004,1,923625000,0,-51.5,3.03114603686203,0,0,0.160031997680664,1.63,0,-5399.9521484375
100000000000000000000002,1,923625000,0,-46,4.35650543759522,0,0,0.160031997680664,1.63,0,-5399.9521484375
100000000000000000000003,1,923625000,0,-47,3.63860242886474,0,0,0.160031997680664,1.63,0,-5399.9521484375
100000000000000000000000,1,923625000,0,-46,3.89017527807799,0,0,0.160031997680664,1.63,0,-5399.9521484375
100000000000000000000001,1,923625000,0,-50,4.11106851153352,0,0,0.160031997680664,1.63,0,-5399.9521484375
100000000000000000000004,1,923625000,0,-52,3.0127382674074,0,0,0.160031997680664,1.63,0,-5399.9521484375
100000000000000000000000,1,923625000,0,-46,3.85335973916873,0,0,0.160031997680664,1.63,0,-5399.9521484375
100000000000000000000002,1,923625000,0,-46,4.36877728389831,0,0,0.160031997680664,1.63,0,-5399.9521484375
100000000000000000000003,1,923625000,0,-47,3.6324665057132,0,0,0.160031997680664,1.63,0,-5399.9521484375
100000000000000000000001,1,923625000,0,-50,4.11106851153352,0,0,0.160031997680664,1.63,0,-5399.9521484375
100000000000000000000003,1,923625000,0,-47,3.64473835201628,0,0,0.160031997680664,1.63,0,-5399.9521484375
100000000000000000000004,1,923625000,0,-52,3.04955380631665,0,0,0.160031997680664,1.63,0,-5399.9521484375
100000000000000000000002,1,923625000,0,-46,4.36264136074676,0,0,0.160031997680664,1.63,0,-5399.9521484375
100000000000000000000000,1,923625000,0,-46,3.86563158547182,0,0,0.160031997680664,1.63,0,-5399.9521484375
100000000000000000000001,1,923625000,0,-50,4.12947628098815,0,0,0.160031997680664,1.63,0,-5399.9521484375
100000000000000000000000,1,923625000,0,-46,3.84108789286565,0,0,0.160031997680664,1.63,0,-5399.9521484375
100000000000000000000002,1,923625000,0,-46,4.36264136074676,0,0,0.160031997680664,1.63,0,-5399.9521484375
100000000000000000000004,1,923625000,0,-52,3.01887419055894,0,0,0.160031997680664,1.63,0,-5399.9521484375
100000000000000000000001,1,923625000,0,-50,4.13561220413969,0,0,0.160031997680664,1.63,0,-5399.9521484375
100000000000000000000003,1,923625000,0,-47,3.62633058256166,0,0,0.160031997680664,1.63,0,-5399.9521484375
100000000000000000000001,1,923625000,0,-50,4.12947628098815,0,0,0.160031997680664,1.63,0,-5399.9521484375
100000000000000000000002,1,923625000,0,-46,4.37491320704985,0,0,0.160031997680664,1.63,0,-5399.9521484375
100000000000000000000000,1,923625000,0,-46,3.82881604656256,0,0,0.160031997680664,1.63,0,-5399.9521484375
100000000000000000000003,1,923625000,0,-47,3.62633058256166,0,0,0.160031997680664,1.63,0,-5399.9521484375
100000000000000000000004,1,923625000,0,-52,3.00660234425586,0,0,0.160031997680664,1.63,0,-5399.9521484375
100000000000000000000002,1,923625000,0,-46,4.34423359129214,0,0,0.160031997680664,1.63,0,-5399.9521484375
100000000000000000000003,1,923625000,0,-47,3.61405873625857,0,0,0.160031997680664,1.63,0,-5399.9521484375
100000000000000000000004,1,923625000,0,-52,3.03728196001357,0,0,0.160031997680664,1.63,0,-5399.9521484375
100000000000000000000001,1,923625000,0,-50,4.11720443468506,0,0,0.160031997680664,1.63,0,-5399.9521484375
100000000000000000000000,1,923625000,0,-46,3.87176750862336,0,0,0.160031997680664,1.63,0,-5399.9521484375
100000000000000000000000,1,924125000,0,-46,4.11720443468506,0,0,0.160031997680664,1.63,0,-5399.9521484375
100000000000000000000004,1,924125000,0,-51.5,3.33180627128761,0,0,0.160031997680664,1.63,0,-5399.9521484375
100000000000000000000001,1,924125000,0,-50,4.30741805238288,0,0,0.160031997680664,1.63,0,-5399.9521484375
100000000000000000000003,1,924125000,0,-47.5,3.85949566232027,0,0,0.160031997680664,1.63,0,-5399.9521484375
100000000000000000000002,1,924125000,0,-46,4.55899090159613,0,0,0.160031997680664,1.63,0,-5399.9521484375
100000000000000000000001,1,924125000,0,-50,4.31968989868597,0,0,0.160031997680664,1.63,0,-5399.9521484375
100000000000000000000004,1,924125000,0,-52,3.31339850183298,0,0,0.160031997680664,1.63,0,-5399.9521484375
100000000000000000000003,1,924125000,0,-47,3.86563158547182,0,0,0.160031997680664,1.63,0,-5399.9521484375
100000000000000000000002,1,924125000,0,-46,4.57126274789921,0,0,0.160031997680664,1.63,0,-5399.9521484375
100000000000000000000000,1,924125000,0,-46,4.11106851153352,0,0,0.160031997680664,1.63,0,-5399.9521484375
100000000000000000000004,1,924125000,0,-52,3.33180627128761,0,0,0.160031997680664,1.63,0,-5399.9521484375
100000000000000000000001,1,924125000,0,-49.5,4.28901028292825,0,0,0.160031997680664,1.63,0,-5399.9521484375
100000000000000000000002,1,924125000,0,-46,4.57739867105075,0,0,0.160031997680664,1.63,0,-5399.9521484375
100000000000000000000003,1,924125000,0,-47,3.86563158547182,0,0,0.160031997680664,1.63,0,-5399.9521484375
100000000000000000000000,1,924125000,0,-46,4.11720443468506,0,0,0.160031997680664,1.63,0,-5399.9521484375
100000000000000000000004,1,924125000,0,-51.5,3.30726257868144,0,0,0.160031997680664,1.63,0,-5399.9521484375
100000000000000000000001,1,924125000,0,-50,4.31968989868597,0,0,0.160031997680664,1.63,0,-5399.9521484375
100000000000000000000002,1,924125000,0,-46,4.57126274789921,0,0,0.160031997680664,1.63,0,-5399.9521484375
100000000000000000000000,1,924125000,0,-46,4.10493258838198,0,0,0.160031997680664,1.63,0,-5399.9521484375
100000000000000000000003,1,924125000,0,-47,3.8779034317749,0,0,0.160031997680664,1.63,0,-5399.9521484375
100000000000000000000003,1,924125000,0,-47,3.85949566232027,0,0,0.160031997680664,1.63,0,-5399.9521484375
100000000000000000000001,1,924125000,0,-50,4.30128212923134,0,0,0.160031997680664,1.63,0,-5399.9521484375
100000000000000000000000,1,924125000,0,-46,4.12947628098815,0,0,0.160031997680664,1.63,0,-5399.9521484375
100000000000000000000002,1,924125000,0,-46,4.59580644050538,0,0,0.160031997680664,1.63,0,-5399.9521484375
100000000000000000000004,1,924125000,0,-51.5,3.31953442498453,0,0,0.160031997680664,1.63,0,-5399.9521484375
100000000000000000000000,1,924125000,0,-46,4.1233403578366,0,0,0.160031997680664,1.63,0,-5399.9521484375
100000000000000000000002,1,924125000,0,-46,4.58967051735384,0,0,0.160031997680664,1.63,0,-5399.9521484375
100000000000000000000001,1,924125000,0,-49.5,4.31968989868597,0,0,0.160031997680664,1.63,0,-5399.9521484375
100000000000000000000004,1,924125000,0,-51.5,3.33794219443916,0,0,0.160031997680664,1.63,0,-5399.9521484375
100000000000000000000003,1,924125000,0,-47,3.85335973916873,0,0,0.160031997680664,1.63,0,-5399.9521484375
100000000000000000000004,1,924125000,0,-52,3.25203927031756,0,0,0.160031997680664,1.63,0,-5399.9521484375
100000000000000000000001,1,924125000,0,-49.5,4.31355397553442,0,0,0.160031997680664,1.63,0,-5399.9521484375
100000000000000000000000,1,924125000,0,-46,4.11720443468506,0,0,0.160031997680664,1.63,0,-5399.9521484375
100000000000000000000003,1,924125000,0,-47,3.84722381601719,0,0,0.160031997680664,1.63,0,-5399.9521484375
100000000000000000000002,1,924125000,0,-46,4.57126274789921,0,0,0.160031997680664,1.63,0,-5399.9521484375
100000000000000000000001,1,924125000,0,-50,4.31968989868597,0,0,0.160031997680664,1.63,0,-5399.9521484375
100000000000000000000004,1,924125000,0,-51.5,3.28271888607527,0,0,0.160031997680664,1.63,0,-5399.9521484375
100000000000000000000003,1,924125000,0,-47,3.85949566232027,0,0,0.160031997680664,1.63,0,-5399.9521484375
100000000000000000000002,1,924125000,0,-46,4.58967051735384,0,0,0.160031997680664,1.63,0,-5399.9521484375
100000000000000000000000,1,924125000,0,-46,4.11106851153352,0,0,0.160031997680664,1.63,0,-5399.9521484375
100000000000000000000002,1,924125000,0,-46,4.56512682474767,0,0,0.160031997680664,1.63,0,-5399.9521484375
100000000000000000000001,1,924125000,0,-50,4.30741805238288,0,0,0.160031997680664,1.63,0,-5399.9521484375
100000000000000000000003,1,924125000,0,-47.5,3.84722381601719,0,0,0.160031997680664,1.63,0,-5399.9521484375
100000000000000000000000,1,924125000,0,-46,4.11106851153352,0,0,0.160031997680664,1.63,0,-5399.9521484375
100000000000000000000004,1,924125000,0,-51.5,3.3440781175907,0,0,0.160031997680664,1.63,0,-5399.9521484375
100000000000000000000000,1,924125000,0,-46,4.11720443468506,0,0,0.160031997680664,1.63,0,-5399.9521484375
100000000000000000000004,1,924125000,0,-51.5,3.30726257868144,0,0,0.160031997680664,1.63,0,-5399.9521484375
100000000000000000000002,1,924125000,0,-46,4.5835345942023,0,0,0.160031997680664,1.63,0,-5399.9521484375
100000000000000000000001,1,924125000,0,-50,4.31355397553442,0,0,0.160031997680664,1.63,0,-5399.9521484375
100000000000000000000003,1,924125000,0,-47,3.85949566232027,0,0,0.160031997680664,1.63,0,-5399.9521484375
100000000000000000000003,1,924125000,0,-47.5,3.85335973916873,0,0,0.160031997680664,1.63,0,-5399.9521484375
100000000000000000000000,1,924125000,0,-46,4.09266074207889,0,0,0.160031997680664,1.63,0,-5399.9521484375
100000000000000000000002,1,924125000,0,-46,4.56512682474767,0,0,0.160031997680664,1.63,0,-5399.9521484375
100000000000000000000004,1,924125000,0,-51.5,3.29499073237836,0,0,0.160031997680664,1.63,0,-5399.9521484375
100000000000000000000001,1,924125000,0,-50,4.30741805238288,0,0,0.160031997680664,1.63,0,-5399.9521484375
100000000000000000000000,1,924125000,0,-46,4.11720443468506,0,0,0.160031997680664,1.63,0,-5399.9521484375
100000000000000000000001,1,924125000,0,-50,4.32582582183751,0,0,0.160031997680664,1.63,0,-5399.9521484375
100000000000000000000004,1,924125000,0,-52,3.29499073237836,0,0,0.160031997680664,1.63,0,-5399.9521484375
100000000000000000000003,1,924125000,0,-47.5,3.85335973916873,0,0,0.160031997680664,1.63,0,-5399.9521484375
100000000000000000000002,1,924125000,0,-46,4.57126274789921,0,0,0.160031997680664,1.63,0,-5399.9521484375
100000000000000000000001,1,924125000,0,-50,4.30128212923134,0,0,0.160031997680664,1.63,0,-5399.9521484375
100000000000000000000003,1,924125000,0,-47.5,3.86563158547182,0,0,0.160031997680664,1.63,0,-5399.9521484375
100000000000000000000002,1,924125000,0,-46,4.57739867105075,0,0,0.160031997680664,1.63,0,-5399.9521484375
100000000000000000000000,1,924125000,0,-46,4.10493258838198,0,0,0.160031997680664,1.63,0,-5399.9521484375
100000000000000000000004,1,924125000,0,-51.5,3.3011266555299,0,0,0.160031997680664,1.63,0,-5399.9521484375
100000000000000000000001,1,924125000,0,-50,4.30741805238288,0,0,0.160031997680664,1.63,0,-5399.9521484375
100000000000000000000002,1,924125000,0,-46,4.56512682474767,0,0,0.160031997680664,1.63,0,-5399.9521484375
100000000000000000000000,1,924125000,0,-46,4.06198112632118,0,0,0.160031997680664,1.63,0,-5399.9521484375
100000000000000000000003,1,924125000,0,-47.5,3.86563158547182,0,0,0.160031997680664,1.63,0,-5399.9521484375
100000000000000000000004,1,924125000,0,-51.5,3.33180627128761,0,0,0.160031997680664,1.63,0,-5399.9521484375
100000000000000000000002,1,924125000,0,-46,4.55899090159613,0,0,0.160031997680664,1.63,0,-5399.9521484375
100000000000000000000003,1,924125000,0,-47,3.86563158547182,0,0,0.160031997680664,1.63,0,-5399.9521484375
100000000000000000000001,1,924125000,0,-50,4.31355397553442,0,0,0.160031997680664,1.63,0,-5399.9521484375
100000000000000000000000,1,924125000,0,-45.5,4.10493258838198,0,0,0.160031997680664,1.63,0,-5399.9521484375
100000000000000000000004,1,924125000,0,-52,3.32567034813607,0,0,0.160031997680664,1.63,0,-5399.9521484375
100000000000000000000002,1,924125000,0,-46,4.55899090159613,0,0,0.160031997680664,1.63,0,-5399.9521484375
100000000000000000000000,1,924125000,0,-46,4.09266074207889,0,0,0.160031997680664,1.63,0,-5399.9521484375
100000000000000000000001,1,924125000,0,-50,4.30128212923134,0,0,0.160031997680664,1.63,0,-5399.9521484375
100000000000000000000003,1,924125000,0,-47,3.85949566232027,0,0,0.160031997680664,1.63,0,-5399.9521484375
100000000000000000000004,1,924125000,0,-51.5,3.28271888607527,0,0,0.160031997680664,1.63,0,-5399.9521484375
100000000000000000000003,1,924125000,0,-47,3.85335973916873,0,0,0.160031997680664,1.63,0,-5399.9521484375
100000000000000000000004,1,924125000,0,-51.5,3.28271888607527,0,0,0.160031997680664,1.63,0,-5399.9521484375
100000000000000000000001,1,924125000,0,-50,4.31968989868597,0,0,0.160031997680664,1.63,0,-5399.9521484375
100000000000000000000000,1,924125000,0,-46,4.11106851153352,0,0,0.160031997680664,1.63,0,-5399.9521484375
100000000000000000000002,1,924125000,0,-46,4.57739867105075,0,0,0.160031997680664,1.63,0,-5399.9521484375
100000000000000000000004,1,924125000,0,-51.5,3.35021404074224,0,0,0.160031997680664,1.63,0,-5399.9521484375
100000000000000000000002,1,924125000,0,-46,4.57739867105075,0,0,0.160031997680664,1.63,0,-5399.9521484375
100000000000000000000000,1,924125000,0,-46,4.1233403578366,0,0,0.160031997680664,1.63,0,-5399.9521484375
100000000000000000000001,1,924125000,0,-50,4.2951462060798,0,0,0.160031997680664,1.63,0,-5399.9521484375
100000000000000000000003,1,924125000,0,-47.5,3.85335973916873,0,0,0.160031997680664,1.63,0,-5399.9521484375
100000000000000000000000,1,924125000,0,-46,4.08652481892735,0,0,0.160031997680664,1.63,0,-5399.9521484375
100000000000000000000002,1,924125000,0,-46,4.56512682474767,0,0,0.160031997680664,1.63,0,-5399.9521484375
100000000000000000000004,1,924125000,0,-51.5,3.31339850183298,0,0,0.160031997680664,1.63,0,-5399.9521484375
100000000000000000000003,1,924125000,0,-47,3.84722381601719,0,0,0.160031997680664,1.63,0,-5399.9521484375
100000000000000000000001,1,924125000,0,-50,4.30128212923134,0,0,0.160031997680664,1.63,0,-5399.9521484375
100000000000000000000002,1,924125000,0,-46,4.5835345942023,0,0,0.160031997680664,1.63,0,-5399.9521484375
100000000000000000000004,1,924125000,0,-51.5,3.3011266555299,0,0,0.160031997680664,1.63,0,-5399.9521484375
100000000000000000000001,1,924125000,0,-50,4.31355397553442,0,0,0.160031997680664,1.63,0,-5399.9521484375
100000000000000000000003,1,924125000,0,-47.5,3.84108789286565,0,0,0.160031997680664,1.63,0,-5399.9521484375
100000000000000000000000,1,924125000,0,-46,4.09879666523043,0,0,0.160031997680664,1.63,0,-5399.9521484375
100000000000000000000000,1,924125000,0,-46,4.11720443468506,0,0,0.160031997680664,1.63,0,-5399.9521484375
100000000000000000000004,1,924125000,0,-51.5,3.27044703977219,0,0,0.160031997680664,1.63,0,-5399.9521484375
100000000000000000000001,1,924125000,0,-50,4.31355397553442,0,0,0.160031997680664,1.63,0,-5399.9521484375
100000000000000000000002,1,924125000,0,-46,4.5835345942023,0,0,0.160031997680664,1.63,0,-5399.9521484375
100000000000000000000003,1,924125000,0,-47,3.85949566232027,0,0,0.160031997680664,1.63,0,-5399.9521484375
100000000000000000000001,1,924125000,0,-50,4.31355397553442,0,0,0.160031997680664,1.63,0,-5399.9521484375
100000000000000000000000,1,924125000,0,-46,4.09879666523043,0,0,0.160031997680664,1.63,0,-5399.9521484375
100000000000000000000003,1,924125000,0,-47,3.86563158547182,0,0,0.160031997680664,1.63,0,-5399.9521484375
100000000000000000000002,1,924125000,0,-46,4.55899090159613,0,0,0.160031997680664,1.63,0,-5399.9521484375
100000000000000000000004,1,924125000,0,-51.5,3.29499073237836,0,0,0.160031997680664,1.63,0,-5399.9521484375
100000000000000000000000,1,924125000,0,-46,4.11720443468506,0,0,0.160031997680664,1.63,0,-5399.9521484375
100000000000000000000002,1,924125000,0,-46,4.57126274789921,0,0,0.160031997680664,1.63,0,-5399.9521484375
100000000000000000000004,1,924125000,0,-51.5,3.30726257868144,0,0,0.160031997680664,1.63,0,-5399.9521484375
100000000000000000000001,1,924125000,0,-50,4.31968989868597,0,0,0.160031997680664,1.63,0,-5399.9521484375
100000000000000000000003,1,924125000,0,-47.5,3.86563158547182,0,0,0.160031997680664,1.63,0,-5399.9521484375
100000000000000000000001,1,924125000,0,-50,4.30741805238288,0,0,0.160031997680664,1.63,0,-5399.9521484375
100000000000000000000003,1,924125000,0,-47,3.85335973916873,0,0,0.160031997680664,1.63,0,-5399.9521484375
100000000000000000000000,1,924125000,0,-46,4.12947628098815,0,0,0.160031997680664,1.63,0,-5399.9521484375
100000000000000000000002,1,924125000,0,-46,4.55899090159613,0,0,0.160031997680664,1.63,0,-5399.9521484375
100000000000000000000004,1,924125000,0,-52,3.33180627128761,0,0,0.160031997680664,1.63,0,-5399.9521484375
100000000000000000000003,1,924125000,0,-47,3.82881604656256,0,0,0.160031997680664,1.63,0,-5399.9521484375
100000000000000000000001,1,924125000,0,-50,4.28901028292825,0,0,0.160031997680664,1.63,0,-5399.9521484375
100000000000000000000002,1,924125000,0,-46,4.59580644050538,0,0,0.160031997680664,1.63,0,-5399.9521484375
100000000000000000000000,1,924125000,0,-46,4.10493258838198,0,0,0.160031997680664,1.63,0,-5399.9521484375
100000000000000000000004,1,924125000,0,-52,3.29499073237836,0,0,0.160031997680664,1.63,0,-5399.9521484375
100000000000000000000002,1,924125000,0,-46,4.57739867105075,0,0,0.160031997680664,1.63,0,-5399.9521484375
100000000000000000000001,1,924125000,0,-49.5,4.2951462060798,0,0,0.160031997680664,1.63,0,-5399.9521484375
100000000000000000000003,1,924125000,0,-47.5,3.85335973916873,0,0,0.160031997680664,1.63,0,-5399.9521484375
100000000000000000000000,1,924125000,0,-46,4.11720443468506,0,0,0.160031997680664,1.63,0,-5399.9521484375
100000000000000000000004,1,924125000,0,-51.5,3.31339850183298,0,0,0.160031997680664,1.63,0,-5399.9521484375
100000000000000000000000,1,924125000,0,-46,4.09879666523043,0,0,0.160031997680664,1.63,0,-5399.9521484375
100000000000000000000001,1,924125000,0,-50,4.2951462060798,0,0,0.160031997680664,1.63,0,-5399.9521484375
100000000000000000000003,1,924125000,0,-47,3.84108789286565,0,0,0.160031997680664,1.63,0,-5399.9521484375
100000000000000000000004,1,924125000,0,-51.5,3.28271888607527,0,0,0.160031997680664,1.63,0,-5399.9521484375
100000000000000000000002,1,924125000,0,-46,4.57126274789921,0,0,0.160031997680664,1.63,0,-5399.9521484375
100000000000000000000003,1,924125000,0,-47,3.85335973916873,0,0,0.160031997680664,1.63,0,-5399.9521484375
100000000000000000000002,1,924125000,0,-46,4.58967051735384,0,0,0.160031997680664,1.63,0,-5399.9521484375
100000000000000000000004,1,924125000,0,-51.5,3.28885480922681,0,0,0.160031997680664,1.63,0,-5399.9521484375
100000000000000000000000,1,924125000,0,-46,4.11106851153352,0,0,0.160031997680664,1.63,0,-5399.9521484375
100000000000000000000001,1,924125000,0,-50,4.30128212923134,0,0,0.160031997680664,1.63,0,-5399.9521484375
100000000000000000000001,1,924125000,0,-50,4.30128212923134,0,0,0.160031997680664,1.63,0,-5399.9521484375
100000000000000000000003,1,924125000,0,-47.5,3.8349519697141,0,0,0.160031997680664,1.63,0,-5399.9521484375
100000000000000000000002,1,924125000,0,-46,4.55899090159613,0,0,0.160031997680664,1.63,0,-5399.9521484375
100000000000000000000004,1,924125000,0,-51.5,3.31953442498453,0,0,0.160031997680664,1.63,0,-5399.9521484375
100000000000000000000000,1,924125000,0,-46,4.11720443468506,0,0,0.160031997680664,1.63,0,-5399.9521484375
100000000000000000000000,1,924125000,0,-46,4.12947628098815,0,0,0.160031997680664,1.63,0,-5399.9521484375
100000000000000000000001,1,924125000,0,-50,4.30128212923134,0,0,0.160031997680664,1.63,0,-5399.9521484375
100000000000000000000004,1,924125000,0,-51.5,3.33794219443916,0,0,0.160031997680664,1.63,0,-5399.9521484375
100000000000000000000003,1,924125000,0,-47,3.8779034317749,0,0,0.160031997680664,1.63,0,-5399.9521484375
100000000000000000000002,1,924125000,0,-46,4.59580644050538,0,0,0.160031997680664,1.63,0,-5399.9521484375
100000000000000000000003,1,924125000,0,-47,3.8349519697141,0,0,0.160031997680664,1.63,0,-5399.9521484375
100000000000000000000002,1,924125000,0,-46,4.57126274789921,0,0,0.160031997680664,1.63,0,-5399.9521484375
100000000000000000000001,1,924125000,0,-50,4.31968989868597,0,0,0.160031997680664,1.63,0,-5399.9521484375
100000000000000000000004,1,924125000,0,-52,3.3440781175907,0,0,0.160031997680664,1.63,0,-5399.9521484375
100000000000000000000000,1,924125000,0,-46,4.1233403578366,0,0,0.160031997680664,1.63,0,-5399.9521484375
100000000000000000000001,1,924125000,0,-50,4.34423359129214,0,0,0.160031997680664,1.63,0,-5399.9521484375
100000000000000000000000,1,924125000,0,-46,4.10493258838198,0,0,0.160031997680664,1.63,0,-5399.9521484375
100000000000000000000002,1,924125000,0,-46,4.54671905529304,0,0,0.160031997680664,1.63,0,-5399.9521484375
100000000000000000000003,1,924125000,0,-47,3.85949566232027,0,0,0.160031997680664,1.63,0,-5399.9521484375
100000000000000000000004,1,924125000,0,-52,3.32567034813607,0,0,0.160031997680664,1.63,0,-5399.9521484375
100000000000000000000004,1,924125000,0,-52,3.3440781175907,0,0,0.160031997680664,1.63,0,-5399.9521484375
100000000000000000000000,1,924125000,0,-46,4.09879666523043,0,0,0.160031997680664,1.63,0,-5399.9521484375
100000000000000000000001,1,924125000,0,-50,4.32582582183751,0,0,0.160031997680664,1.63,0,-5399.9521484375
100000000000000000000003,1,924125000,0,-47.5,3.85335973916873,0,0,0.160031997680664,1.63,0,-5399.9521484375
100000000000000000000002,1,924125000,0,-46,4.56512682474767,0,0,0.160031997680664,1.63,0,-5399.9521484375
100000000000000000000001,1,924125000,0,-50,4.31355397553442,0,0,0.160031997680664,1.63,0,-5399.9521484375
100000000000000000000003,1,924125000,0,-47,3.84722381601719,0,0,0.160031997680664,1.63,0,-5399.9521484375
100000000000000000000000,1,924125000,0,-46,4.10493258838198,0,0,0.160031997680664,1.63,0,-5399.9521484375
100000000000000000000004,1,924125000,0,-52,3.32567034813607,0,0,0.160031997680664,1.63,0,-5399.9521484375
100000000000000000000002,1,924125000,0,-46,4.5835345942023,0,0,0.160031997680664,1.63,0,-5399.9521484375
100000000000000000000003,1,924125000,0,-47,3.85949566232027,0,0,0.160031997680664,1.63,0,-5399.9521484375
100000000000000000000002,1,924125000,0,-46,4.56512682474767,0,0,0.160031997680664,1.63,0,-5399.9521484375
100000000000000000000000,1,924125000,0,-46,4.11720443468506,0,0,0.160031997680664,1.63,0,-5399.9521484375
100000000000000000000004,1,924125000,0,-52,3.29499073237836,0,0,0.160031997680664,1.63,0,-5399.9521484375
100000000000000000000001,1,924125000,0,-49.5,4.31968989868597,0,0,0.160031997680664,1.63,0,-5399.9521484375
100000000000000000000001,1,924125000,0,-50,4.30128212923134,0,0,0.160031997680664,1.63,0,-5399.9521484375
100000000000000000000002,1,924125000,0,-46,4.57739867105075,0,0,0.160031997680664,1.63,0,-5399.9521484375
100000000000000000000003,1,924125000,0,-47.5,3.86563158547182,0,0,0.160031997680664,1.63,0,-5399.9521484375
100000000000000000000004,1,924125000,0,-51.5,3.28271888607527,0,0,0.160031997680664,1.63,0,-5399.9521484375
100000000000000000000000,1,924125000,0,-46,4.11720443468506,0,0,0.160031997680664,1.63,0,-5399.9521484375
100000000000000000000004,1,924125000,0,-52,3.28885480922681,0,0,0.160031997680664,1.63,0,-5399.9521484375
100000000000000000000000,1,924125000,0,-46,4.10493258838198,0,0,0.160031997680664,1.63,0,-5399.9521484375
100000000000000000000001,1,924125000,0,-50,4.30741805238288,0,0,0.160031997680664,1.63,0,-5399.9521484375
100000000000000000000003,1,924125000,0,-47,3.84108789286565,0,0,0.160031997680664,1.63,0,-5399.9521484375
100000000000000000000002,1,924125000,0,-46,4.57126274789921,0,0,0.160031997680664,1.63,0,-5399.9521484375
100000000000000000000002,1,924125000,0,-46,4.55285497844458,0,0,0.160031997680664,1.63,0,-5399.9521484375
100000000000000000000000,1,924125000,0,-46,4.11106851153352,0,0,0.160031997680664,1.63,0,-5399.9521484375
100000000000000000000004,1,924125000,0,-51.5,3.31339850183298,0,0,0.160031997680664,1.63,0,-5399.9521484375
100000000000000000000003,1,924125000,0,-47.5,3.85335973916873,0,0,0.160031997680664,1.63,0,-5399.9521484375
100000000000000000000001,1,924125000,0,-50,4.30741805238288,0,0,0.160031997680664,1.63,0,-5399.9521484375
100000000000000000000001,1,924125000,0,-50,4.31968989868597,0,0,0.160031997680664,1.63,0,-5399.9521484375
100000000000000000000003,1,924125000,0,-47,3.85949566232027,0,0,0.160031997680664,1.63,0,-5399.9521484375
100000000000000000000000,1,924125000,0,-45.5,4.11720443468506,0,0,0.160031997680664,1.63,0,-5399.9521484375
100000000000000000000004,1,924125000,0,-51.5,3.33180627128761,0,0,0.160031997680664,1.63,0,-5399.9521484375
100000000000000000000002,1,924125000,0,-46,4.5835345942023,0,0,0.160031997680664,1.63,0,-5399.9521484375
100000000000000000000003,1,924125000,0,-47,3.85949566232027,0,0,0.160031997680664,1.63,0,-5399.9521484375
100000000000000000000001,1,924125000,0,-50,4.30128212923134,0,0,0.160031997680664,1.63,0,-5399.9521484375
100000000000000000000000,1,924125000,0,-46,4.10493258838198,0,0,0.160031997680664,1.63,0,-5399.9521484375
100000000000000000000002,1,924125000,0,-46,4.55899090159613,0,0,0.160031997680664,1.63,0,-5399.9521484375
100000000000000000000004,1,924125000,0,-52,3.3440781175907,0,0,0.160031997680664,1.63,0,-5399.9521484375
100000000000000000000003,1,924125000,0,-47,3.84722381601719,0,0,0.160031997680664,1.63,0,-5399.9521484375
100000000000000000000004,1,924125000,0,-51.5,3.3011266555299,0,0,0.160031997680664,1.63,0,-5399.9521484375
100000000000000000000002,1,924125000,0,-46,4.57126274789921,0,0,0.160031997680664,1.63,0,-5399.9521484375
100000000000000000000000,1,924125000,0,-46,4.12947628098815,0,0,0.160031997680664,1.63,0,-5399.9521484375
100000000000000000000001,1,924125000,0,-50,4.31355397553442,0,0,0.160031997680664,1.63,0,-5399.9521484375
100000000000000000000004,1,924125000,0,-52,3.28885480922681,0,0,0.160031997680664,1.63,0,-5399.9521484375
100000000000000000000002,1,924125000,0,-46,4.56512682474767,0,0,0.160031997680664,1.63,0,-5399.9521484375
100000000000000000000003,1,924125000,0,-47,3.85335973916873,0,0,0.160031997680664,1.63,0,-5399.9521484375
100000000000000000000001,1,924125000,0,-50,4.33196174498905,0,0,0.160031997680664,1.63,0,-5399.9521484375
100000000000000000000000,1,924125000,0,-46,4.09879666523043,0,0,0.160031997680664,1.63,0,-5399.9521484375
100000000000000000000001,1,924125000,0,-50,4.31355397553442,0,0,0.160031997680664,1.63,0,-5399.9521484375
100000000000000000000002,1,924125000,0,-46,4.56512682474767,0,0,0.160031997680664,1.63,0,-5399.9521484375
100000000000000000000000,1,924125000,0,-46,4.11106851153352,0,0,0.160031997680664,1.63,0,-5399.9521484375
100000000000000000000003,1,924125000,0,-47,3.85335973916873,0,0,0.160031997680664,1.63,0,-5399.9521484375
100000000000000000000004,1,924125000,0,-52,3.3011266555299,0,0,0.160031997680664,1.63,0,-5399.9521484375
100000000000000000000001,1,924125000,0,-50,4.252194744019,0,0,0.160031997680664,1.63,0,-5399.9521484375
100000000000000000000002,1,924125000,0,-46,4.57126274789921,0,0,0.160031997680664,1.63,0,-5399.9521484375
100000000000000000000000,1,924125000,0,-45.5,4.11720443468506,0,0,0.160031997680664,1.63,0,-5399.9521484375
100000000000000000000004,1,924125000,0,-51.5,3.29499073237836,0,0,0.160031997680664,1.63,0,-5399.9521484375
100000000000000000000003,1,924125000,0,-47,3.84722381601719,0,0,0.160031997680664,1.63,0,-5399.9521484375
100000000000000000000000,1,924125000,0,-46,4.09266074207889,0,0,0.160031997680664,1.63,0,-5399.9521484375
100000000000000000000002,1,924125000,0,-46,4.5835345942023,0,0,0.160031997680664,1.63,0,-5399.9521484375
100000000000000000000001,1,924125000,0,-50,4.33809766814059,0,0,0.160031997680664,1.63,0,-5399.9521484375
100000000000000000000003,1,924125000,0,-47,3.87176750862336,0,0,0.160031997680664,1.63,0,-5399.9521484375
100000000000000000000004,1,924125000,0,-52,3.31339850183298,0,0,0.160031997680664,1.63,0,-5399.9521484375
100000000000000000000004,1,924125000,0,-52,3.3011266555299,0,0,0.160031997680664,1.63,0,-5399.9521484375
100000000000000000000002,1,924125000,0,-46,4.57126274789921,0,0,0.160031997680664,1.63,0,-5399.9521484375
100000000000000000000000,1,924125000,0,-46,4.1233403578366,0,0,0.160031997680664,1.63,0,-5399.9521484375
100000000000000000000001,1,924125000,0,-49.5,4.30128212923134,0,0,0.160031997680664,1.63,0,-5399.9521484375
100000000000000000000003,1,924125000,0,-47,3.8349519697141,0,0,0.160031997680664,1.63,0,-5399.9521484375
100000000000000000000003,1,924125000,0,-47,3.84108789286565,0,0,0.160031997680664,1.63,0,-5399.9521484375
100000000000000000000002,1,924125000,0,-46,4.55285497844458,0,0,0.160031997680664,1.63,0,-5399.9521484375
100000000000000000000001,1,924125000,0,-49.5,4.30741805238288,0,0,0.160031997680664,1.63,0,-5399.9521484375
100000000000000000000000,1,924125000,0,-46,4.08038889577581,0,0,0.160031997680664,1.63,0,-5399.9521484375
100000000000000000000004,1,924125000,0,-51.5,3.31339850183298,0,0,0.160031997680664,1.63,0,-5399.9521484375
100000000000000000000003,1,924125000,0,-47.5,3.84722381601719,0,0,0.160031997680664,1.63,0,-5399.9521484375
100000000000000000000004,1,924125000,0,-51.5,3.31339850183298,0,0,0.160031997680664,1.63,0,-5399.9521484375
100000000000000000000001,1,924125000,0,-50,4.33809766814059,0,0,0.160031997680664,1.63,0,-5399.9521484375
100000000000000000000002,1,924125000,0,-46,4.57126274789921,0,0,0.160031997680664,1.63,0,-5399.9521484375
100000000000000000000000,1,924125000,0,-46,4.1233403578366,0,0,0.160031997680664,1.63,0,-5399.9521484375
100000000000000000000003,1,924125000,0,-47,3.85949566232027,0,0,0.160031997680664,1.63,0,-5399.9521484375
100000000000000000000002,1,924125000,0,-46,4.5835345942023,0,0,0.160031997680664,1.63,0,-5399.9521484375
100000000000000000000001,1,924125000,0,-50,4.30741805238288,0,0,0.160031997680664,1.63,0,-5399.9521484375
100000000000000000000000,1,924125000,0,-45.5,4.11720443468506,0,0,0.160031997680664,1.63,0,-5399.9521484375
100000000000000000000004,1,924125000,0,-51.5,3.31953442498453,0,0,0.160031997680664,1.63,0,-5399.9521484375
100000000000000000000002,1,924125000,0,-46,4.56512682474767,0,0,0.160031997680664,1.63,0,-5399.9521484375
100000000000000000000003,1,924125000,0,-47,3.85335973916873,0,0,0.160031997680664,1.63,0,-5399.9521484375
100000000000000000000001,1,924125000,0,-50,4.30128212923134,0,0,0.160031997680664,1.63,0,-5399.9521484375
100000000000000000000000,1,924125000,0,-46,4.08038889577581,0,0,0.160031997680664,1.63,0,-5399.9521484375
100000000000000000000004,1,924125000,0,-51.5,3.30726257868144,0,0,0.160031997680664,1.63,0,-5399.9521484375
100000000000000000000001,1,924125000,0,-49.5,4.31968989868597,0,0,0.160031997680664,1.63,0,-5399.9521484375
100000000000000000000003,1,924125000,0,-47.5,3.84722381601719,0,0,0.160031997680664,1.63,0,-5399.9521484375
100000000000000000000000,1,924125000,0,-45.5,4.1233403578366,0,0,0.160031997680664,1.63,0,-5399.9521484375
100000000000000000000002,1,924125000,0,-46,4.55899090159613,0,0,0.160031997680664,1.63,0,-5399.9521484375
100000000000000000000004,1,924125000,0,-51.5,3.28271888607527,0,0,0.160031997680664,1.63,0,-5399.9521484375
100000000000000000000003,1,924125000,0,-47,3.84722381601719,0,0,0.160031997680664,1.63,0,-5399.9521484375
100000000000000000000000,1,924125000,0,-46,4.11720443468506,0,0,0.160031997680664,1.63,0,-5399.9521484375
100000000000000000000002,1,924125000,0,-46,4.57739867105075,0,0,0.160031997680664,1.63,0,-5399.9521484375
100000000000000000000004,1,924125000,0,-51.5,3.29499073237836,0,0,0.160031997680664,1.63,0,-5399.9521484375
100000000000000000000001,1,924125000,0,-50,4.28901028292825,0,0,0.160031997680664,1.63,0,-5399.9521484375
100000000000000000000001,1,924125000,0,-50,4.31355397553442,0,0,0.160031997680664,1.63,0,-5399.9521484375
100000000000000000000003,1,924125000,0,-47.5,3.85335973916873,0,0,0.160031997680664,1.63,0,-5399.9521484375
100000000000000000000000,1,924125000,0,-46,4.11720443468506,0,0,0.160031997680664,1.63,0,-5399.9521484375
100000000000000000000002,1,924125000,0,-46,4.56512682474767,0,0,0.160031997680664,1.63,0,-5399.9521484375
100000000000000000000004,1,924125000,0,-52,3.32567034813607,0,0,0.160031997680664,1.63,0,-5399.9521484375
100000000000000000000001,1,924125000,0,-50,4.2951462060798,0,0,0.160031997680664,1.63,0,-5399.9521484375
100000000000000000000002,1,924125000,0,-46,4.54671905529304,0,0,0.160031997680664,1.63,0,-5399.9521484375
100000000000000000000000,1,924125000,0,-46,4.11106851153352,0,0,0.160031997680664,1.63,0,-5399.9521484375
100000000000000000000003,1,924125000,0,-47,3.85335973916873,0,0,0.160031997680664,1.63,0,-5399.9521484375
100000000000000000000004,1,924125000,0,-51.5,3.28885480922681,0,0,0.160031997680664,1.63,0,-5399.9521484375
100000000000000000000003,1,924125000,0,-47,3.85335973916873,0,0,0.160031997680664,1.63,0,-5399.9521484375
100000000000000000000000,1,924125000,0,-46,4.1233403578366,0,0,0.160031997680664,1.63,0,-5399.9521484375
100000000000000000000002,1,924125000,0,-46,4.5835345942023,0,0,0.160031997680664,1.63,0,-5399.9521484375
100000000000000000000001,1,924125000,0,-50,4.30128212923134,0,0,0.160031997680664,1.63,0,-5399.9521484375
100000000000000000000004,1,924125000,0,-52,3.30726257868144,0,0,0.160031997680664,1.63,0,-5399.9521484375
100000000000000000000003,1,924125000,0,-47,3.85335973916873,0,0,0.160031997680664,1.63,0,-5399.9521484375
100000000000000000000004,1,924125000,0,-51.5,3.32567034813607,0,0,0.160031997680664,1.63,0,-5399.9521484375
100000000000000000000002,1,924125000,0,-46,4.55899090159613,0,0,0.160031997680664,1.63,0,-5399.9521484375
100000000000000000000000,1,924125000,0,-45.5,4.1233403578366,0,0,0.160031997680664,1.63,0,-5399.9521484375
100000000000000000000001,1,924125000,0,-50,4.28287435977671,0,0,0.160031997680664,1.63,0,-5399.9521484375
100000000000000000000003,1,924125000,0,-47.5,3.8349519697141,0,0,0.160031997680664,1.63,0,-5399.9521484375
100000000000000000000004,1,924125000,0,-52,3.33180627128761,0,0,0.160031997680664,1.63,0,-5399.9521484375
100000000000000000000002,1,924125000,0,-46,4.5835345942023,0,0,0.160031997680664,1.63,0,-5399.9521484375
100000000000000000000001,1,924125000,0,-50,4.30128212923134,0,0,0.160031997680664,1.63,0,-5399.9521484375
100000000000000000000000,1,924125000,0,-45.5,4.11106851153352,0,0,0.160031997680664,1.63,0,-5399.9521484375
100000000000000000000000,1,924125000,0,-45.5,4.11106851153352,0,0,0.160031997680664,1.63,0,-5399.9521484375
100000000000000000000004,1,924125000,0,-51.5,3.28885480922681,0,0,0.160031997680664,1.63,0,-5399.9521484375
100000000000000000000003,1,924125000,0,-47,3.84108789286565,0,0,0.160031997680664,1.63,0,-5399.9521484375
100000000000000000000002,1,924125000,0,-46,4.56512682474767,0,0,0.160031997680664,1.63,0,-5399.9521484375
100000000000000000000001,1,924125000,0,-50,4.30128212923134,0,0,0.160031997680664,1.63,0,-5399.9521484375
100000000000000000000001,1,924125000,0,-50,4.2951462060798,0,0,0.160031997680664,1.63,0,-5399.9521484375
100000000000000000000000,1,924125000,0,-46,4.13561220413969,0,0,0.160031997680664,1.63,0,-5399.9521484375
100000000000000000000002,1,924125000,0,-46,4.57126274789921,0,0,0.160031997680664,1.63,0,-5399.9521484375
100000000000000000000004,1,924125000,0,-51.5,3.30726257868144,0,0,0.160031997680664,1.63,0,-5399.9521484375
100000000000000000000003,1,924125000,0,-47,3.85949566232027,0,0,0.160031997680664,1.63,0,-5399.9521484375
100000000000000000000000,1,924125000,0,-46,4.1233403578366,0,0,0.160031997680664,1.63,0,-5399.9521484375
100000000000000000000004,1,924125000,0,-51.5,3.29499073237836,0,0,0.160031997680664,1.63,0,-5399.9521484375
100000000000000000000003,1,924125000,0,-47,3.87176750862336,0,0,0.160031997680664,1.63,0,-5399.9521484375
100000000000000000000001,1,924125000,0,-49.5,4.2951462060798,0,0,0.160031997680664,1.63,0,-5399.9521484375
100000000000000000000002,1,924125000,0,-46,4.57739867105075,0,0,0.160031997680664,1.63,0,-5399.9521484375
100000000000000000000003,1,924125000,0,-47,3.85335973916873,0,0,0.160031997680664,1.63,0,-5399.9521484375
100000000000000000000001,1,924125000,0,-50,4.28901028292825,0,0,0.160031997680664,1.63,0,-5399.9521484375
100000000000000000000002,1,924125000,0,-46,4.57126274789921,0,0,0.160031997680664,1.63,0,-5399.9521484375
100000000000000000000004,1,924125000,0,-51.5,3.28271888607527,0,0,0.160031997680664,1.63,0,-5399.9521484375
100000000000000000000000,1,924125000,0,-46,4.10493258838198,0,0,0.160031997680664,1.63,0,-5399.9521484375
100000000000000000000001,1,924125000,0,-50,4.30741805238288,0,0,0.160031997680664,1.63,0,-5399.9521484375
100000000000000000000002,1,924125000,0,-46,4.57739867105075,0,0,0.160031997680664,1.63,0,-5399.9521484375
100000000000000000000003,1,924125000,0,-47,3.84722381601719,0,0,0.160031997680664,1.63,0,-5399.9521484375
100000000000000000000000,1,924125000,0,-46,4.10493258838198,0,0,0.160031997680664,1.63,0,-5399.9521484375
100000000000000000000004,1,924125000,0,-52,3.31953442498453,0,0,0.160031997680664,1.63,0,-5399.9521484375
100000000000000000000000,1,924125000,0,-46,4.10493258838198,0,0,0.160031997680664,1.63,0,-5399.9521484375
100000000000000000000004,1,924125000,0,-51.5,3.33794219443916,0,0,0.160031997680664,1.63,0,-5399.9521484375
100000000000000000000002,1,924125000,0,-46,4.56512682474767,0,0,0.160031997680664,1.63,0,-5399.9521484375
100000000000000000000001,1,924125000,0,-49.5,4.31968989868597,0,0,0.160031997680664,1.63,0,-5399.9521484375
100000000000000000000003,1,924125000,0,-47.5,3.86563158547182,0,0,0.160031997680664,1.63,0,-5399.9521484375
100000000000000000000003,1,924125000,0,-47,3.86563158547182,0,0,0.160031997680664,1.63,0,-5399.9521484375
100000000000000000000001,1,924125000,0,-50,4.28901028292825,0,0,0.160031997680664,1.63,0,-5399.9521484375
100000000000000000000000,1,924125000,0,-46,4.09879666523043,0,0,0.160031997680664,1.63,0,-5399.9521484375
100000000000000000000002,1,924125000,0,-46,4.55899090159613,0,0,0.160031997680664,1.63,0,-5399.9521484375
100000000000000000000004,1,924125000,0,-51.5,3.27658296292373,0,0,0.160031997680664,1.63,0,-5399.9521484375
100000000000000000000000,1,924125000,0,-46,4.10493258838198,0,0,0.160031997680664,1.63,0,-5399.9521484375
100000000000000000000004,1,924125000,0,-51.5,3.3440781175907,0,0,0.160031997680664,1.63,0,-5399.9521484375
100000000000000000000003,1,924125000,0,-47.5,3.85335973916873,0,0,0.160031997680664,1.63,0,-5399.9521484375
100000000000000000000002,1,924125000,0,-46,4.59580644050538,0,0,0.160031997680664,1.63,0,-5399.9521484375
100000000000000000000001,1,924125000,0,-50,4.30128212923134,0,0,0.160031997680664,1.63,0,-5399.9521484375
100000000000000000000001,1,924125000,0,-50,4.31355397553442,0,0,0.160031997680664,1.63,0,-5399.9521484375
100000000000000000000000,1,924125000,0,-46,4.13561220413969,0,0,0.160031997680664,1.63,0,-5399.9521484375
100000000000000000000004,1,924125000,0,-51.5,3.36248588704533,0,0,0.160031997680664,1.63,0,-5399.9521484375
100000000000000000000003,1,924125000,0,-47,3.8349519697141,0,0,0.160031997680664,1.63,0,-5399.9521484375
100000000000000000000002,1,924125000,0,-46,4.5835345942023,0,0,0.160031997680664,1.63,0,-5399.9521484375
100000000000000000000004,1,924125000,0,-51.5,3.31339850183298,0,0,0.160031997680664,1.63,0,-5399.9521484375
100000000000000000000000,1,924125000,0,-46,4.11720443468506,0,0,0.160031997680664,1.63,0,-5399.9521484375
100000000000000000000001,1,924125000,0,-50,4.31355397553442,0,0,0.160031997680664,1.63,0,-5399.9521484375
100000000000000000000003,1,924125000,0,-47.5,3.85949566232027,0,0,0.160031997680664,1.63,0,-5399.9521484375
100000000000000000000002,1,924125000,0,-46,4.57739867105075,0,0,0.160031997680664,1.63,0,-5399.9521484375
100000000000000000000003,1,924125000,0,-47,3.86563158547182,0,0,0.160031997680664,1.63,0,-5399.9521484375
100000000000000000000004,1,924125000,0,-52,3.27044703977219,0,0,0.160031997680664,1.63,0,-5399.9521484375
100000000000000000000000,1,924125000,0,-45.5,4.1233403578366,0,0,0.160031997680664,1.63,0,-5399.9521484375
100000000000000000000002,1,924125000,0,-46,4.56512682474767,0,0,0.160031997680664,1.63,0,-5399.9521484375
100000000000000000000001,1,924125000,0,-50,4.31355397553442,0,0,0.160031997680664,1.63,0,-5399.9521484375
100000000000000000000001,1,924125000,0,-50,4.31355397553442,0,0,0.160031997680664,1.63,0,-5399.9521484375
100000000000000000000002,1,924125000,0,-46,4.57739867105075,0,0,0.160031997680664,1.63,0,-5399.9521484375
100000000000000000000000,1,924125000,0,-46,4.11106851153352,0,0,0.160031997680664,1.63,0,-5399.9521484375
100000000000000000000003,1,924125000,0,-47.5,3.84722381601719,0,0,0.160031997680664,1.63,0,-5399.9521484375
100000000000000000000004,1,924125000,0,-51.5,3.3011266555299,0,0,0.160031997680664,1.63,0,-5399.9521484375
100000000000000000000004,1,924125000,0,-51.5,3.31953442498453,0,0,0.160031997680664,1.63,0,-5399.9521484375
100000000000000000000003,1,924125000,0,-47,3.85949566232027,0,0,0.160031997680664,1.63,0,-5399.9521484375
100000000000000000000002,1,924125000,0,-46,4.5835345942023,0,0,0.160031997680664,1.63,0,-5399.9521484375
100000000000000000000001,1,924125000,0,-50,4.31968989868597,0,0,0.160031997680664,1.63,0,-5399.9521484375
100000000000000000000000,1,924125000,0,-46,4.1233403578366,0,0,0.160031997680664,1.63,0,-5399.9521484375
100000000000000000000002,1,924125000,0,-46,4.57739867105075,0,0,0.160031997680664,1.63,0,-5399.9521484375
100000000000000000000000,1,924125000,0,-46,4.1233403578366,0,0,0.160031997680664,1.63,0,-5399.9521484375
100000000000000000000003,1,924125000,0,-47,3.8349519697141,0,0,0.160031997680664,1.63,0,-5399.9521484375
100000000000000000000001,1,924125000,0,-50,4.33196174498905,0,0,0.160031997680664,1.63,0,-5399.9521484375
100000000000000000000004,1,924125000,0,-52,3.30726257868144,0,0,0.160031997680664,1.63,0,-5399.9521484375
100000000000000000000002,1,924125000,0,-46,4.56512682474767,0,0,0.160031997680664,1.63,0,-5399.9521484375
100000000000000000000000,1,924125000,0,-46,4.11720443468506,0,0,0.160031997680664,1.63,0,-5399.9521484375
100000000000000000000003,1,924125000,0,-47.5,3.85335973916873,0,0,0.160031997680664,1.63,0,-5399.9521484375
100000000000000000000001,1,924125000,0,-50,4.31355397553442,0,0,0.160031997680664,1.63,0,-5399.9521484375
100000000000000000000004,1,924125000,0,-51.5,3.31339850183298,0,0,0.160031997680664,1.63,0,-5399.9521484375
100000000000000000000004,1,924125000,0,-51.5,3.31339850183298,0,0,0.160031997680664,1.63,0,-5399.9521484375
100000000000000000000002,1,924125000,0,-46,4.59580644050538,0,0,0.160031997680664,1.63,0,-5399.9521484375
100000000000000000000003,1,924125000,0,-47.5,3.85335973916873,0,0,0.160031997680664,1.63,0,-5399.9521484375
100000000000000000000001,1,924125000,0,-50,4.27060251347362,0,0,0.160031997680664,1.63,0,-5399.9521484375
100000000000000000000000,1,924125000,0,-46,4.09266074207889,0,0,0.160031997680664,1.63,0,-5399.9521484375
100000000000000000000001,1,924125000,0,-50,4.2951462060798,0,0,0.160031997680664,1.63,0,-5399.9521484375
100000000000000000000004,1,924125000,0,-52,3.31953442498453,0,0,0.160031997680664,1.63,0,-5399.9521484375
100000000000000000000002,1,924125000,0,-46,4.57739867105075,0,0,0.160031997680664,1.63,0,-5399.9521484375
100000000000000000000003,1,924125000,0,-47,3.85335973916873,0,0,0.160031997680664,1.63,0,-5399.9521484375
100000000000000000000000,1,924125000,0,-46,4.11720443468506,0,0,0.160031997680664,1.63,0,-5399.9521484375
100000000000000000000004,1,924125000,0,-51.5,3.29499073237836,0,0,0.160031997680664,1.63,0,-5399.9521484375
100000000000000000000003,1,924125000,0,-47,3.84108789286565,0,0,0.160031997680664,1.63,0,-5399.9521484375
100000000000000000000002,1,924125000,0,-46,4.57739867105075,0,0,0.160031997680664,1.63,0,-5399.9521484375
100000000000000000000001,1,924125000,0,-50,4.33196174498905,0,0,0.160031997680664,1.63,0,-5399.9521484375
100000000000000000000000,1,924125000,0,-46,4.12947628098815,0,0,0.160031997680664,1.63,0,-5399.9521484375
100000000000000000000002,1,924125000,0,-46,4.57739867105075,0,0,0.160031997680664,1.63,0,-5399.9521484375
100000000000000000000003,1,924125000,0,-47.5,3.87176750862336,0,0,0.160031997680664,1.63,0,-5399.9521484375
100000000000000000000000,1,924125000,0,-46,4.1233403578366,0,0,0.160031997680664,1.63,0,-5399.9521484375
100000000000000000000001,1,924125000,0,-49.5,4.2951462060798,0,0,0.160031997680664,1.63,0,-5399.9521484375
100000000000000000000004,1,924125000,0,-51.5,3.31339850183298,0,0,0.160031997680664,1.63,0,-5399.9521484375
100000000000000000000004,1,924125000,0,-51.5,3.31953442498453,0,0,0.160031997680664,1.63,0,-5399.9521484375
100000000000000000000003,1,924125000,0,-47.5,3.87176750862336,0,0,0.160031997680664,1.63,0,-5399.9521484375
100000000000000000000002,1,924125000,0,-46,4.5835345942023,0,0,0.160031997680664,1.63,0,-5399.9521484375
100000000000000000000000,1,924125000,0,-46,4.11720443468506,0,0,0.160031997680664,1.63,0,-5399.9521484375
100000000000000000000001,1,924125000,0,-50,4.31968989868597,0,0,0.160031997680664,1.63,0,-5399.9521484375
100000000000000000000002,1,924125000,0,-46,4.57739867105075,0,0,0.160031997680664,1.63,0,-5399.9521484375
100000000000000000000004,1,924125000,0,-51.5,3.32567034813607,0,0,0.160031997680664,1.63,0,-5399.9521484375
100000000000000000000001,1,924125000,0,-50,4.2951462060798,0,0,0.160031997680664,1.63,0,-5399.9521484375
100000000000000000000000,1,924125000,0,-46,4.1233403578366,0,0,0.160031997680664,1.63,0,-5399.9521484375
100000000000000000000003,1,924125000,0,-47,3.85949566232027,0,0,0.160031997680664,1.63,0,-5399.9521484375
100000000000000000000002,1,924125000,0,-46,4.57739867105075,0,0,0.160031997680664,1.63,0,-5399.9521484375
100000000000000000000003,1,924125000,0,-47,3.84722381601719,0,0,0.160031997680664,1.63,0,-5399.9521484375
100000000000000000000004,1,924125000,0,-52,3.32567034813607,0,0,0.160031997680664,1.63,0,-5399.9521484375
100000000000000000000000,1,924125000,0,-46,4.11720443468506,0,0,0.160031997680664,1.63,0,-5399.9521484375
100000000000000000000001,1,924125000,0,-49.5,4.2951462060798,0,0,0.160031997680664,1.63,0,-5399.9521484375
100000000000000000000000,1,924125000,0,-46,4.12947628098815,0,0,0.160031997680664,1.63,0,-5399.9521484375
100000000000000000000002,1,924125000,0,-46,4.58967051735384,0,0,0.160031997680664,1.63,0,-5399.9521484375
100000000000000000000004,1,924125000,0,-51.5,3.31339850183298,0,0,0.160031997680664,1.63,0,-5399.9521484375
100000000000000000000003,1,924125000,0,-47,3.84722381601719,0,0,0.160031997680664,1.63,0,-5399.9521484375
100000000000000000000001,1,924125000,0,-50,4.30741805238288,0,0,0.160031997680664,1.63,0,-5399.9521484375
100000000000000000000001,1,924125000,0,-50,4.30741805238288,0,0,0.160031997680664,1.63,0,-5399.9521484375
100000000000000000000002,1,924125000,0,-46,4.57126274789921,0,0,0.160031997680664,1.63,0,-5399.9521484375
100000000000000000000003,1,924125000,0,-47.5,3.84108789286565,0,0,0.160031997680664,1.63,0,-5399.9521484375
100000000000000000000000,1,924125000,0,-46,4.1233403578366,0,0,0.160031997680664,1.63,0,-5399.9521484375
100000000000000000000004,1,924125000,0,-52,3.31339850183298,0,0,0.160031997680664,1.63,0,-5399.9521484375
100000000000000000000002,1,924125000,0,-46,4.5835345942023,0,0,0.160031997680664,1.63,0,-5399.9521484375
100000000000000000000000,1,924125000,0,-46,4.09879666523043,0,0,0.160031997680664,1.63,0,-5399.9521484375
100000000000000000000004,1,924125000,0,-51.5,3.28271888607527,0,0,0.160031997680664,1.63,0,-5399.9521484375
100000000000000000000003,1,924125000,0,-47,3.85949566232027,0,0,0.160031997680664,1.63,0,-5399.9521484375
100000000000000000000001,1,924125000,0,-50,4.28901028292825,0,0,0.160031997680664,1.63,0,-5399.9521484375
100000000000000000000000,1,924125000,0,-45.5,4.11720443468506,0,0,0.160031997680664,1.63,0,-5399.9521484375
100000000000000000000002,1,924125000,0,-46,4.5835345942023,0,0,0.160031997680664,1.63,0,-5399.9521484375
100000000000000000000001,1,924125000,0,-50,4.28901028292825,0,0,0.160031997680664,1.63,0,-5399.9521484375
100000000000000000000004,1,924125000,0,-52,3.31339850183298,0,0,0.160031997680664,1.63,0,-5399.9521484375
100000000000000000000003,1,924125000,0,-47,3.87176750862336,0,0,0.160031997680664,1.63,0,-5399.9521484375
100000000000000000000000,1,924125000,0,-46,4.11720443468506,0,0,0.160031997680664,1.63,0,-5399.9521484375
100000000000000000000003,1,924125000,0,-47,3.84108789286565,0,0,0.160031997680664,1.63,0,-5399.9521484375
100000000000000000000001,1,924125000,0,-50,4.31968989868597,0,0,0.160031997680664,1.63,0,-5399.9521484375
100000000000000000000002,1,924125000,0,-46,4.57126274789921,0,0,0.160031997680664,1.63,0,-5399.9521484375
100000000000000000000004,1,924125000,0,-51.5,3.28271888607527,0,0,0.160031997680664,1.63,0,-5399.9521484375
100000000000000000000003,1,924125000,0,-47,3.86563158547182,0,0,0.160031997680664,1.63,0,-5399.9521484375
100000000000000000000000,1,924125000,0,-46,4.11720443468506,0,0,0.160031997680664,1.63,0,-5399.9521484375
100000000000000000000001,1,924125000,0,-50,4.31968989868597,0,0,0.160031997680664,1.63,0,-5399.9521484375
100000000000000000000004,1,924125000,0,-52,3.30726257868144,0,0,0.160031997680664,1.63,0,-5399.9521484375
100000000000000000000002,1,924125000,0,-46,4.5835345942023,0,0,0.160031997680664,1.63,0,-5399.9521484375
100000000000000000000002,1,924125000,0,-46,4.57126274789921,0,0,0.160031997680664,1.63,0,-5399.9521484375
100000000000000000000001,1,924125000,0,-50,4.31355397553442,0,0,0.160031997680664,1.63,0,-5399.9521484375
100000000000000000000003,1,924125000,0,-47,3.87176750862336,0,0,0.160031997680664,1.63,0,-5399.9521484375
100000000000000000000000,1,924125000,0,-45.5,4.09266074207889,0,0,0.160031997680664,1.63,0,-5399.9521484375
100000000000000000000004,1,924125000,0,-52,3.31339850183298,0,0,0.160031997680664,1.63,0,-5399.9521484375
100000000000000000000001,1,924125000,0,-50,4.33809766814059,0,0,0.160031997680664,1.63,0,-5399.9521484375
100000000000000000000000,1,924125000,0,-46,4.10493258838198,0,0,0.160031997680664,1.63,0,-5399.9521484375
100000000000000000000002,1,924125000,0,-46,4.57126274789921,0,0,0.160031997680664,1.63,0,-5399.9521484375
100000000000000000000004,1,924125000,0,-52,3.28885480922681,0,0,0.160031997680664,1.63,0,-5399.9521484375
100000000000000000000003,1,924125000,0,-47,3.85949566232027,0,0,0.160031997680664,1.63,0,-5399.9521484375
100000000000000000000003,1,924125000,0,-47,3.87176750862336,0,0,0.160031997680664,1.63,0,-5399.9521484375
100000000000000000000002,1,924125000,0,-46,4.5835345942023,0,0,0.160031997680664,1.63,0,-5399.9521484375
100000000000000000000001,1,924125000,0,-50,4.33196174498905,0,0,0.160031997680664,1.63,0,-5399.9521484375
100000000000000000000000,1,924125000,0,-46,4.11720443468506,0,0,0.160031997680664,1.63,0,-5399.9521484375
100000000000000000000004,1,924125000,0,-51.5,3.31339850183298,0,0,0.160031997680664,1.63,0,-5399.9521484375
100000000000000000000003,1,924125000,0,-47,3.86563158547182,0,0,0.160031997680664,1.63,0,-5399.9521484375
100000000000000000000000,1,924125000,0,-46,4.11106851153352,0,0,0.160031997680664,1.63,0,-5399.9521484375
100000000000000000000004,1,924125000,0,-51.5,3.31953442498453,0,0,0.160031997680664,1.63,0,-5399.9521484375
100000000000000000000002,1,924125000,0,-46,4.56512682474767,0,0,0.160031997680664,1.63,0,-5399.9521484375
100000000000000000000001,1,924125000,0,-50,4.31968989868597,0,0,0.160031997680664,1.63,0,-5399.9521484375
100000000000000000000000,1,924125000,0,-46,4.11106851153352,0,0,0.160031997680664,1.63,0,-5399.9521484375
100000000000000000000004,1,924125000,0,-51.5,3.28271888607527,0,0,0.160031997680664,1.63,0,-5399.9521484375
100000000000000000000001,1,924125000,0,-50,4.32582582183751,0,0,0.160031997680664,1.63,0,-5399.9521484375
100000000000000000000002,1,924125000,0,-46,4.57126274789921,0,0,0.160031997680664,1.63,0,-5399.9521484375
100000000000000000000003,1,924125000,0,-47,3.84722381601719,0,0,0.160031997680664,1.63,0,-5399.9521484375
100000000000000000000004,1,924125000,0,-52,3.31953442498453,0,0,0.160031997680664,1.63,0,-5399.9521484375
100000000000000000000001,1,924125000,0,-50,4.31968989868597,0,0,0.160031997680664,1.63,0,-5399.9521484375
100000000000000000000000,1,924125000,0,-46,4.10493258838198,0,0,0.160031997680664,1.63,0,-5399.9521484375
100000000000000000000002,1,924125000,0,-46,4.5835345942023,0,0,0.160031997680664,1.63,0,-5399.9521484375
100000000000000000000003,1,924125000,0,-47,3.86563158547182,0,0,0.160031997680664,1.63,0,-5399.9521484375
100000000000000000000002,1,924125000,0,-46,4.57126274789921,0,0,0.160031997680664,1.63,0,-5399.9521484375
100000000000000000000001,1,924125000,0,-50,4.31355397553442,0,0,0.160031997680664,1.63,0,-5399.9521484375
100000000000000000000003,1,924125000,0,-47.5,3.84722381601719,0,0,0.160031997680664,1.63,0,-5399.9521484375
100000000000000000000000,1,924125000,0,-46,4.11106851153352,0,0,0.160031997680664,1.63,0,-5399.9521484375
100000000000000000000004,1,924125000,0,-51.5,3.31953442498453,0,0,0.160031997680664,1.63,0,-5399.9521484375
100000000000000000000001,1,924125000,0,-50,4.2951462060798,0,0,0.160031997680664,1.63,0,-5399.9521484375
100000000000000000000003,1,924125000,0,-47,3.85335973916873,0,0,0.160031997680664,1.63,0,-5399.9521484375
100000000000000000000004,1,924125000,0,-51.5,3.3440781175907,0,0,0.160031997680664,1.63,0,-5399.9521484375
100000000000000000000002,1,924125000,0,-46,4.57126274789921,0,0,0.160031997680664,1.63,0,-5399.9521484375
100000000000000000000000,1,924125000,0,-46,4.10493258838198,0,0,0.160031997680664,1.63,0,-5399.9521484375
100000000000000000000002,1,924125000,0,-46,4.55285497844458,0,0,0.160031997680664,1.63,0,-5399.9521484375
100000000000000000000004,1,924125000,0,-52,3.31953442498453,0,0,0.160031997680664,1.63,0,-5399.9521484375
100000000000000000000001,1,924125000,0,-49.5,4.30128212923134,0,0,0.160031997680664,1.63,0,-5399.9521484375
100000000000000000000000,1,924125000,0,-46,4.09879666523043,0,0,0.160031997680664,1.63,0,-5399.9521484375
100000000000000000000003,1,924125000,0,-47,3.87176750862336,0,0,0.160031997680664,1.63,0,-5399.9521484375
100000000000000000000001,1,924125000,0,-50,4.30741805238288,0,0,0.160031997680664,1.63,0,-5399.9521484375
100000000000000000000002,1,924125000,0,-46,4.57739867105075,0,0,0.160031997680664,1.63,0,-5399.9521484375
100000000000000000000003,1,924125000,0,-47,3.85949566232027,0,0,0.160031997680664,1.63,0,-5399.9521484375
100000000000000000000000,1,924125000,0,-46,4.08038889577581,0,0,0.160031997680664,1.63,0,-5399.9521484375
100000000000000000000004,1,924125000,0,-51.5,3.33180627128761,0,0,0.160031997680664,1.63,0,-5399.9521484375
100000000000000000000003,1,924125000,0,-47,3.85335973916873,0,0,0.160031997680664,1.63,0,-5399.9521484375
100000000000000000000002,1,924125000,0,-46,4.5835345942023,0,0,0.160031997680664,1.63,0,-5399.9521484375
100000000000000000000000,1,924125000,0,-46,4.11106851153352,0,0,0.160031997680664,1.63,0,-5399.9521484375
100000000000000000000004,1,924125000,0,-51.5,3.32567034813607,0,0,0.160031997680664,1.63,0,-5399.9521484375
100000000000000000000001,1,924125000,0,-50,4.31355397553442,0,0,0.160031997680664,1.63,0,-5399.9521484375
100000000000000000000003,1,924125000,0,-47.5,3.84722381601719,0,0,0.160031997680664,1.63,0,-5399.9521484375
100000000000000000000000,1,924125000,0,-46,4.11720443468506,0,0,0.160031997680664,1.63,0,-5399.9521484375
100000000000000000000001,1,924125000,0,-50,4.27673843662517,0,0,0.160031997680664,1.63,0,-5399.9521484375
100000000000000000000004,1,924125000,0,-52,3.30726257868144,0,0,0.160031997680664,1.63,0,-5399.9521484375
100000000000000000000002,1,924125000,0,-46,4.57126274789921,0,0,0.160031997680664,1.63,0,-5399.9521484375
100000000000000000000004,1,924125000,0,-52,3.30726257868144,0,0,0.160031997680664,1.63,0,-5399.9521484375
100000000000000000000002,1,924125000,0,-46,4.55899090159613,0,0,0.160031997680664,1.63,0,-5399.9521484375
100000000000000000000003,1,924125000,0,-47.5,3.84108789286565,0,0,0.160031997680664,1.63,0,-5399.9521484375
100000000000000000000000,1,924125000,0,-46,4.11720443468506,0,0,0.160031997680664,1.63,0,-5399.9521484375
100000000000000000000001,1,924125000,0,-50,4.31968989868597,0,0,0.160031997680664,1.63,0,-5399.9521484375
100000000000000000000004,1,924125000,0,-52,3.3011266555299,0,0,0.160031997680664,1.63,0,-5399.9521484375
100000000000000000000000,1,924125000,0,-46,4.11106851153352,0,0,0.160031997680664,1.63,0,-5399.9521484375
100000000000000000000002,1,924125000,0,-46,4.57126274789921,0,0,0.160031997680664,1.63,0,-5399.9521484375
100000000000000000000001,1,924125000,0,-50,4.30128212923134,0,0,0.160031997680664,1.63,0,-5399.9521484375
100000000000000000000003,1,924125000,0,-47,3.84722381601719,0,0,0.160031997680664,1.63,0,-5399.9521484375
100000000000000000000001,1,924125000,0,-50,4.30741805238288,0,0,0.160031997680664,1.63,0,-5399.9521484375
100000000000000000000003,1,924125000,0,-47,3.85335973916873,0,0,0.160031997680664,1.63,0,-5399.9521484375
100000000000000000000004,1,924125000,0,-52,3.28885480922681,0,0,0.160031997680664,1.63,0,-5399.9521484375
100000000000000000000000,1,924125000,0,-46,4.11720443468506,0,0,0.160031997680664,1.63,0,-5399.9521484375
100000000000000000000002,1,924125000,0,-46,4.59580644050538,0,0,0.160031997680664,1.63,0,-5399.9521484375
100000000000000000000000,1,924125000,0,-46,4.08652481892735,0,0,0.160031997680664,1.63,0,-5399.9521484375
100000000000000000000001,1,924125000,0,-49.5,4.30741805238288,0,0,0.160031997680664,1.63,0,-5399.9521484375
100000000000000000000004,1,924125000,0,-51.5,3.28885480922681,0,0,0.160031997680664,1.63,0,-5399.9521484375
100000000000000000000002,1,924125000,0,-46,4.58967051735384,0,0,0.160031997680664,1.63,0,-5399.9521484375
100000000000000000000003,1,924125000,0,-47.5,3.8349519697141,0,0,0.160031997680664,1.63,0,-5399.9521484375
100000000000000000000001,1,924125000,0,-50,4.30128212923134,0,0,0.160031997680664,1.63,0,-5399.9521484375
100000000000000000000002,1,924125000,0,-46,4.57739867105075,0,0,0.160031997680664,1.63,0,-5399.9521484375
100000000000000000000004,1,924125000,0,-52,3.30726257868144,0,0,0.160031997680664,1.63,0,-5399.9521484375
100000000000000000000000,1,924125000,0,-46,4.11106851153352,0,0,0.160031997680664,1.63,0,-5399.9521484375
100000000000000000000003,1,924125000,0,-47.5,3.84722381601719,0,0,0.160031997680664,1.63,0,-5399.9521484375
100000000000000000000004,1,924125000,0,-52,3.31339850183298,0,0,0.160031997680664,1.63,0,-5399.9521484375
100000000000000000000003,1,924125000,0,-47,3.87176750862336,0,0,0.160031997680664,1.63,0,-5399.9521484375
100000000000000000000002,1,924125000,0,-46,4.58967051735384,0,0,0.160031997680664,1.63,0,-5399.9521484375
100000000000000000000001,1,924125000,0,-50,4.31355397553442,0,0,0.160031997680664,1.63,0,-5399.9521484375
100000000000000000000000,1,924125000,0,-46,4.12947628098815,0,0,0.160031997680664,1.63,0,-5399.9521484375
100000000000000000000002,1,924125000,0,-46,4.58967051735384,0,0,0.160031997680664,1.63,0,-5399.9521484375
100000000000000000000000,1,924125000,0,-46,4.11106851153352,0,0,0.160031997680664,1.63,0,-5399.9521484375
100000000000000000000001,1,924125000,0,-50,4.30741805238288,0,0,0.160031997680664,1.63,0,-5399.9521484375
100000000000000000000003,1,924125000,0,-47,3.8349519697141,0,0,0.160031997680664,1.63,0,-5399.9521484375
100000000000000000000004,1,924125000,0,-51.5,3.3011266555299,0,0,0.160031997680664,1.63,0,-5399.9521484375
100000000000000000000002,1,924125000,0,-46,4.5835345942023,0,0,0.160031997680664,1.63,0,-5399.9521484375
100000000000000000000000,1,924125000,0,-46,4.11106851153352,0,0,0.160031997680664,1.63,0,-5399.9521484375
100000000000000000000003,1,924125000,0,-47.5,3.85335973916873,0,0,0.160031997680664,1.63,0,-5399.9521484375
100000000000000000000001,1,924125000,0,-50,4.31355397553442,0,0,0.160031997680664,1.63,0,-5399.9521484375
100000000000000000000004,1,924125000,0,-52,3.29499073237836,0,0,0.160031997680664,1.63,0,-5399.9521484375
100000000000000000000002,1,924125000,0,-46,4.5835345942023,0,0,0.160031997680664,1.63,0,-5399.9521484375
100000000000000000000003,1,924125000,0,-47,3.84108789286565,0,0,0.160031997680664,1.63,0,-5399.9521484375
100000000000000000000000,1,924125000,0,-46,4.1233403578366,0,0,0.160031997680664,1.63,0,-5399.9521484375
100000000000000000000001,1,924125000,0,-50,4.27673843662517,0,0,0.160031997680664,1.63,0,-5399.9521484375
100000000000000000000004,1,924125000,0,-51.5,3.3011266555299,0,0,0.160031997680664,1.63,0,-5399.9521484375
100000000000000000000000,1,924125000,0,-46,4.10493258838198,0,0,0.160031997680664,1.63,0,-5399.9521484375
100000000000000000000001,1,924125000,0,-50,4.30128212923134,0,0,0.160031997680664,1.63,0,-5399.9521484375
100000000000000000000003,1,924125000,0,-47.5,3.84108789286565,0,0,0.160031997680664,1.63,0,-5399.9521484375
100000000000000000000002,1,924125000,0,-46,4.57126274789921,0,0,0.160031997680664,1.63,0,-5399.9521484375
100000000000000000000004,1,924125000,0,-52,3.33180627128761,0,0,0.160031997680664,1.63,0,-5399.9521484375
100000000000000000000004,1,924125000,0,-51.5,3.30726257868144,0,0,0.160031997680664,1.63,0,-5399.9521484375
100000000000000000000001,1,924125000,0,-50,4.33196174498905,0,0,0.160031997680664,1.63,0,-5399.9521484375
100000000000000000000000,1,924125000,0,-46,4.14174812729123,0,0,0.160031997680664,1.63,0,-5399.9521484375
100000000000000000000002,1,924125000,0,-46,4.57739867105075,0,0,0.160031997680664,1.63,0,-5399.9521484375
100000000000000000000003,1,924125000,0,-47,3.81654420025948,0,0,0.160031997680664,1.63,0,-5399.9521484375
100000000000000000000004,1,924125000,0,-51.5,3.3011266555299,0,0,0.160031997680664,1.63,0,-5399.9521484375
100000000000000000000000,1,924125000,0,-46,4.11106851153352,0,0,0.160031997680664,1.63,0,-5399.9521484375
100000000000000000000002,1,924125000,0,-46,4.55899090159613,0,0,0.160031997680664,1.63,0,-5399.9521484375
100000000000000000000001,1,924125000,0,-50,4.2951462060798,0,0,0.160031997680664,1.63,0,-5399.9521484375
100000000000000000000003,1,924125000,0,-47,3.86563158547182,0,0,0.160031997680664,1.63,0,-5399.9521484375
100000000000000000000004,1,924125000,0,-51.5,3.27658296292373,0,0,0.160031997680664,1.63,0,-5399.9521484375
100000000000000000000002,1,924125000,0,-46,4.57739867105075,0,0,0.160031997680664,1.63,0,-5399.9521484375
100000000000000000000000,1,924125000,0,-46,4.10493258838198,0,0,0.160031997680664,1.63,0,-5399.9521484375
100000000000000000000003,1,924125000,0,-47,3.86563158547182,0,0,0.160031997680664,1.63,0,-5399.9521484375
100000000000000000000001,1,924125000,0,-50,4.31968989868597,0,0,0.160031997680664,1.63,0,-5399.9521484375
100000000000000000000002,1,924125000,0,-46,4.56512682474767,0,0,0.160031997680664,1.63,0,-5399.9521484375
100000000000000000000003,1,924125000,0,-47,3.85949566232027,0,0,0.160031997680664,1.63,0,-5399.9521484375
100000000000000000000001,1,924125000,0,-50,4.28901028292825,0,0,0.160031997680664,1.63,0,-5399.9521484375
100000000000000000000000,1,924125000,0,-45.5,4.11720443468506,0,0,0.160031997680664,1.63,0,-5399.9521484375
100000000000000000000004,1,924125000,0,-52,3.30726257868144,0,0,0.160031997680664,1.63,0,-5399.9521484375
100000000000000000000001,1,924125000,0,-50,4.2951462060798,0,0,0.160031997680664,1.63,0,-5399.9521484375
100000000000000000000000,1,924125000,0,-46,4.11720443468506,0,0,0.160031997680664,1.63,0,-5399.9521484375
100000000000000000000002,1,924125000,0,-46,4.55285497844458,0,0,0.160031997680664,1.63,0,-5399.9521484375
100000000000000000000003,1,924125000,0,-47,3.85949566232027,0,0,0.160031997680664,1.63,0,-5399.9521484375
100000000000000000000004,1,924125000,0,-51.5,3.30726257868144,0,0,0.160031997680664,1.63,0,-5399.9521484375
100000000000000000000002,1,924125000,0,-46,4.57739867105075,0,0,0.160031997680664,1.63,0,-5399.9521484375
100000000000000000000000,1,924125000,0,-46,4.11720443468506,0,0,0.160031997680664,1.63,0,-5399.9521484375
100000000000000000000003,1,924125000,0,-47,3.85949566232027,0,0,0.160031997680664,1.63,0,-5399.9521484375
100000000000000000000001,1,924125000,0,-49.5,4.31968989868597,0,0,0.160031997680664,1.63,0,-5399.9521484375
100000000000000000000004,1,924125000,0,-52,3.33794219443916,0,0,0.160031997680664,1.63,0,-5399.9521484375
100000000000000000000002,1,924125000,0,-46,4.58967051735384,0,0,0.160031997680664,1.63,0,-5399.9521484375
100000000000000000000001,1,924125000,0,-49.5,4.252194744019,0,0,0.160031997680664,1.63,0,-5399.9521484375
100000000000000000000004,1,924125000,0,-51.5,3.27044703977219,0,0,0.160031997680664,1.63,0,-5399.9521484375
100000000000000000000003,1,924125000,0,-47,3.85949566232027,0,0,0.160031997680664,1.63,0,-5399.9521484375
100000000000000000000000,1,924125000,0,-46,4.11106851153352,0,0,0.160031997680664,1.63,0,-5399.9521484375
100000000000000000000004,1,920625000,0,-52,1.41739824800633,0,0,0.160031997680664,1.63,0,-5399.9521484375
100000000000000000000001,1,920625000,0,-50,2.85934018861884,0,0,0.160031997680664,1.63,0,-5399.9521484375
100000000000000000000000,1,920625000,0,-47,2.55867995419325,0,0,0.160031997680664,1.63,0,-5399.9521484375
100000000000000000000003,1,920625000,0,-47.5,2.1905245651007,0,0,0.160031997680664,1.63,0,-5399.9521484375
100000000000000000000002,1,920625000,0,-47,3.03728196001357,0,0,0.160031997680664,1.63,0,-5399.9521484375
100000000000000000000001,1,920625000,0,-50,2.87774795807346,0,0,0.160031997680664,1.63,0,-5399.9521484375
100000000000000000000000,1,920625000,0,-47,2.55254403104171,0,0,0.160031997680664,1.63,0,-5399.9521484375
100000000000000000000002,1,920625000,0,-47.5,3.06796157577128,0,0,0.160031997680664,1.63,0,-5399.9521484375
100000000000000000000003,1,920625000,0,-47.5,2.21506825770687,0,0,0.160031997680664,1.63,0,-5399.9521484375
100000000000000000000004,1,920625000,0,-52,1.47262155637022,0,0,0.160031997680664,1.63,0,-5399.9521484375
100000000000000000000003,1,920625000,0,-47.5,2.20279641140378,0,0,0.160031997680664,1.63,0,-5399.9521484375
100000000000000000000004,1,920625000,0,-52,1.46034971006713,0,0,0.160031997680664,1.63,0,-5399.9521484375
100000000000000000000002,1,920625000,0,-47.5,3.03114603686203,0,0,0.160031997680664,1.63,0,-5399.9521484375
100000000000000000000001,1,920625000,0,-50,2.84706834231575,0,0,0.160031997680664,1.63,0,-5399.9521484375
100000000000000000000000,1,920625000,0,-47,2.56481587734479,0,0,0.160031997680664,1.63,0,-5399.9521484375
100000000000000000000004,1,920625000,0,-52,1.46648563321867,0,0,0.160031997680664,1.63,0,-5399.9521484375
100000000000000000000002,1,920625000,0,-47,3.03114603686203,0,0,0.160031997680664,1.63,0,-5399.9521484375
100000000000000000000001,1,920625000,0,-50,2.87161203492192,0,0,0.160031997680664,1.63,0,-5399.9521484375
100000000000000000000003,1,920625000,0,-47.5,2.20893233455532,0,0,0.160031997680664,1.63,0,-5399.9521484375
100000000000000000000000,1,920625000,0,-47,2.56481587734479,0,0,0.160031997680664,1.63,0,-5399.9521484375
100000000000000000000004,1,920625000,0,-52,1.38671863224862,0,0,0.160031997680664,1.63,0,-5399.9521484375
100000000000000000000000,1,920625000,0,-47,2.54640810789016,0,0,0.160031997680664,1.63,0,-5399.9521484375
100000000000000000000002,1,920625000,0,-47,3.02501011371048,0,0,0.160031997680664,1.63,0,-5399.9521484375
100000000000000000000003,1,920625000,0,-47.5,2.17211679564607,0,0,0.160031997680664,1.63,0,-5399.9521484375
100000000000000000000001,1,920625000,0,-50,2.82866057286112,0,0,0.160031997680664,1.63,0,-5399.9521484375
100000000000000000000001,1,920625000,0,-50,2.84706834231575,0,0,0.160031997680664,1.63,0,-5399.9521484375
100000000000000000000004,1,920625000,0,-52.5,1.46034971006713,0,0,0.160031997680664,1.63,0,-5399.9521484375
100000000000000000000003,1,920625000,0,-47.5,2.20893233455532,0,0,0.160031997680664,1.63,0,-5399.9521484375
100000000000000000000002,1,920625000,0,-47,3.04341788316511,0,0,0.160031997680664,1.63,0,-5399.9521484375
100000000000000000000000,1,920625000,0,-47,2.58322364679942,0,0,0.160031997680664,1.63,0,-5399.9521484375
100000000000000000000002,1,920625000,0,-47.5,3.03728196001357,0,0,0.160031997680664,1.63,0,-5399.9521484375
100000000000000000000000,1,920625000,0,-47,2.54027218473862,0,0,0.160031997680664,1.63,0,-5399.9521484375
100000000000000000000001,1,920625000,0,-50,2.84706834231575,0,0,0.160031997680664,1.63,0,-5399.9521484375
100000000000000000000003,1,920625000,0,-47.5,2.20893233455532,0,0,0.160031997680664,1.63,0,-5399.9521484375
100000000000000000000004,1,920625000,0,-52,1.46034971006713,0,0,0.160031997680664,1.63,0,-5399.9521484375
100000000000000000000004,1,920625000,0,-52,1.44807786376405,0,0,0.160031997680664,1.63,0,-5399.9521484375
100000000000000000000001,1,920625000,0,-50,2.83479649601267,0,0,0.160031997680664,1.63,0,-5399.9521484375
100000000000000000000000,1,920625000,0,-47,2.54640810789016,0,0,0.160031997680664,1.63,0,-5399.9521484375
100000000000000000000002,1,920625000,0,-47,3.04341788316511,0,0,0.160031997680664,1.63,0,-5399.9521484375
100000000000000000000003,1,920625000,0,-47.5,2.19666048825224,0,0,0.160031997680664,1.63,0,-5399.9521484375
100000000000000000000002,1,920625000,0,-47.5,3.04955380631665,0,0,0.160031997680664,1.63,0,-5399.9521484375
100000000000000000000001,1,920625000,0,-50,2.85320426546729,0,0,0.160031997680664,1.63,0,-5399.9521484375
100000000000000000000004,1,920625000,0,-52,1.46648563321867,0,0,0.160031997680664,1.63,0,-5399.9521484375
100000000000000000000000,1,920625000,0,-47,2.55254403104171,0,0,0.160031997680664,1.63,0,-5399.9521484375
100000000000000000000003,1,920625000,0,-47.5,2.19666048825224,0,0,0.160031997680664,1.63,0,-5399.9521484375
100000000000000000000003,1,920625000,0,-47.5,2.20279641140378,0,0,0.160031997680664,1.63,0,-5399.9521484375
100000000000000000000002,1,920625000,0,-47,3.0127382674074,0,0,0.160031997680664,1.63,0,-5399.9521484375
100000000000000000000001,1,920625000,0,-50,2.85320426546729,0,0,0.160031997680664,1.63,0,-5399.9521484375
100000000000000000000004,1,920625000,0,-52,1.46034971006713,0,0,0.160031997680664,1.63,0,-5399.9521484375
100000000000000000000000,1,920625000,0,-47,2.53413626158708,0,0,0.160031997680664,1.63,0,-5399.9521484375
100000000000000000000001,1,920625000,0,-50,2.85320426546729,0,0,0.160031997680664,1.63,0,-5399.9521484375
100000000000000000000000,1,920625000,0,-47,2.57708772364788,0,0,0.160031997680664,1.63,0,-5399.9521484375
100000000000000000000004,1,920625000,0,-52,1.45421378691559,0,0,0.160031997680664,1.63,0,-5399.9521484375
100000000000000000000003,1,920625000,0,-47,2.20893233455532,0,0,0.160031997680664,1.63,0,-5399.9521484375
100000000000000000000002,1,920625000,0,-47.5,3.04955380631665,0,0,0.160031997680664,1.63,0,-5399.9521484375
100000000000000000000003,1,920625000,0,-47.5,2.22734010400995,0,0,0.160031997680664,1.63,0,-5399.9521484375
100000000000000000000004,1,920625000,0,-52,1.4848934026733,0,0,0.160031997680664,1.63,0,-5399.9521484375
100000000000000000000000,1,920625000,0,-47,2.54027218473862,0,0,0.160031997680664,1.63,0,-5399.9521484375
100000000000000000000002,1,920625000,0,-47.5,3.04341788316511,0,0,0.160031997680664,1.63,0,-5399.9521484375
100000000000000000000001,1,920625000,0,-50,2.86547611177038,0,0,0.160031997680664,1.63,0,-5399.9521484375
100000000000000000000004,1,920625000,0,-51.5,1.40512640170325,0,0,0.160031997680664,1.63,0,-5399.9521484375
100000000000000000000002,1,920625000,0,-47.5,3.03728196001357,0,0,0.160031997680664,1.63,0,-5399.9521484375
100000000000000000000000,1,920625000,0,-47,2.54640810789016,0,0,0.160031997680664,1.63,0,-5399.9521484375
100000000000000000000003,1,920625000,0,-47.5,2.23347602716149,0,0,0.160031997680664,1.63,0,-5399.9521484375
100000000000000000000001,1,920625000,0,-50,2.83479649601267,0,0,0.160031997680664,1.63,0,-5399.9521484375
100000000000000000000000,1,920625000,0,-47,2.56481587734479,0,0,0.160031997680664,1.63,0,-5399.9521484375
100000000000000000000002,1,920625000,0,-47,3.03728196001357,0,0,0.160031997680664,1.63,0,-5399.9521484375
100000000000000000000001,1,920625000,0,-50,2.83479649601267,0,0,0.160031997680664,1.63,0,-5399.9521484375
100000000000000000000003,1,920625000,0,-47.5,2.1905245651007,0,0,0.160031997680664,1.63,0,-5399.9521484375
100000000000000000000004,1,920625000,0,-52,1.45421378691559,0,0,0.160031997680664,1.63,0,-5399.9521484375
100000000000000000000003,1,920625000,0,-47.5,2.1905245651007,0,0,0.160031997680664,1.63,0,-5399.9521484375
100000000000000000000001,1,920625000,0,-50,2.84706834231575,0,0,0.160031997680664,1.63,0,-5399.9521484375
100000000000000000000000,1,920625000,0,-47,2.55254403104171,0,0,0.160031997680664,1.63,0,-5399.9521484375
100000000000000000000002,1,920625000,0,-47.5,3.02501011371048,0,0,0.160031997680664,1.63,0,-5399.9521484375
100000000000000000000004,1,920625000,0,-52,1.46034971006713,0,0,0.160031997680664,1.63,0,-5399.9521484375
100000000000000000000002,1,920625000,0,-47.5,3.01887419055894,0,0,0.160031997680664,1.63,0,-5399.9521484375
100000000000000000000003,1,920625000,0,-47.5,2.1905245651007,0,0,0.160031997680664,1.63,0,-5399.9521484375
100000000000000000000004,1,920625000,0,-52,1.46648563321867,0,0,0.160031997680664,1.63,0,-5399.9521484375
100000000000000000000001,1,920625000,0,-50.5,2.82252464970958,0,0,0.160031997680664,1.63,0,-5399.9521484375
100000000000000000000000,1,920625000,0,-47,2.54640810789016,0,0,0.160031997680664,1.63,0,-5399.9521484375
100000000000000000000000,1,920625000,0,-47,2.55254403104171,0,0,0.160031997680664,1.63,0,-5399.9521484375
100000000000000000000004,1,920625000,0,-52,1.47875747952176,0,0,0.160031997680664,1.63,0,-5399.9521484375
100000000000000000000003,1,920625000,0,-47.5,2.20893233455532,0,0,0.160031997680664,1.63,0,-5399.9521484375
100000000000000000000001,1,920625000,0,-50,2.84706834231575,0,0,0.160031997680664,1.63,0,-5399.9521484375
100000000000000000000002,1,920625000,0,-47.5,3.04341788316511,0,0,0.160031997680664,1.63,0,-5399.9521484375
100000000000000000000004,1,920625000,0,-52.5,1.44807786376405,0,0,0.160031997680664,1.63,0,-5399.9521484375
100000000000000000000003,1,920625000,0,-47.5,2.18438864194915,0,0,0.160031997680664,1.63,0,-5399.9521484375
100000000000000000000000,1,920625000,0,-47,2.54027218473862,0,0,0.160031997680664,1.63,0,-5399.9521484375
100000000000000000000002,1,920625000,0,-47.5,3.06182565261974,0,0,0.160031997680664,1.63,0,-5399.9521484375
100000000000000000000001,1,920625000,0,-50,2.85934018861884,0,0,0.160031997680664,1.63,0,-5399.9521484375
100000000000000000000001,1,920625000,0,-50.5,2.83479649601267,0,0,0.160031997680664,1.63,0,-5399.9521484375
100000000000000000000000,1,920625000,0,-47,2.55867995419325,0,0,0.160031997680664,1.63,0,-5399.9521484375
100000000000000000000002,1,920625000,0,-47,3.03728196001357,0,0,0.160031997680664,1.63,0,-5399.9521484375
100000000000000000000003,1,920625000,0,-47.5,2.16598087249453,0,0,0.160031997680664,1.63,0,-5399.9521484375
100000000000000000000004,1,920625000,0,-52,1.45421378691559,0,0,0.160031997680664,1.63,0,-5399.9521484375
100000000000000000000003,1,920625000,0,-47.5,2.21506825770687,0,0,0.160031997680664,1.63,0,-5399.9521484375
100000000000000000000002,1,920625000,0,-47.5,3.03114603686203,0,0,0.160031997680664,1.63,0,-5399.9521484375
100000000000000000000004,1,920625000,0,-52,1.46648563321867,0,0,0.160031997680664,1.63,0,-5399.9521484375
100000000000000000000001,1,920625000,0,-50,2.85934018861884,0,0,0.160031997680664,1.63,0,-5399.9521484375
100000000000000000000000,1,920625000,0,-47,2.55867995419325,0,0,0.160031997680664,1.63,0,-5399.9521484375
100000000000000000000004,1,920625000,0,-52,1.44807786376405,0,0,0.160031997680664,1.63,0,-5399.9521484375
100000000000000000000002,1,920625000,0,-47.5,3.04955380631665,0,0,0.160031997680664,1.63,0,-5399.9521484375
100000000000000000000001,1,920625000,0,-50.5,2.84706834231575,0,0,0.160031997680664,1.63,0,-5399.9521484375
100000000000000000000003,1,920625000,0,-47.5,2.19666048825224,0,0,0.160031997680664,1.63,0,-5399.9521484375
100000000000000000000000,1,920625000,0,-47,2.55254403104171,0,0,0.160031997680664,1.63,0,-5399.9521484375
100000000000000000000000,1,920625000,0,-47,2.54027218473862,0,0,0.160031997680664,1.63,0,-5399.9521484375
100000000000000000000004,1,920625000,0,-52,1.44807786376405,0,0,0.160031997680664,1.63,0,-5399.9521484375
100000000000000000000002,1,920625000,0,-47.5,3.03728196001357,0,0,0.160031997680664,1.63,0,-5399.9521484375
100000000000000000000003,1,920625000,0,-47.5,2.1905245651007,0,0,0.160031997680664,1.63,0,-5399.9521484375
100000000000000000000001,1,920625000,0,-50,2.86547611177038,0,0,0.160031997680664,1.63,0,-5399.9521484375
100000000000000000000002,1,920625000,0,-47.5,3.04341788316511,0,0,0.160031997680664,1.63,0,-5399.9521484375
100000000000000000000003,1,920625000,0,-47.5,2.19666048825224,0,0,0.160031997680664,1.63,0,-5399.9521484375
100000000000000000000000,1,920625000,0,-47,2.55867995419325,0,0,0.160031997680664,1.63,0,-5399.9521484375
100000000000000000000001,1,920625000,0,-50,2.85320426546729,0,0,0.160031997680664,1.63,0,-5399.9521484375
100000000000000000000004,1,920625000,0,-52.5,1.46034971006713,0,0,0.160031997680664,1.63,0,-5399.9521484375
100000000000000000000000,1,920625000,0,-47,2.54640810789016,0,0,0.160031997680664,1.63,0,-5399.9521484375
100000000000000000000004,1,920625000,0,-52,1.47875747952176,0,0,0.160031997680664,1.63,0,-5399.9521484375
100000000000000000000003,1,920625000,0,-47.5,2.19666048825224,0,0,0.160031997680664,1.63,0,-5399.9521484375
100000000000000000000002,1,920625000,0,-47,3.03728196001357,0,0,0.160031997680664,1.63,0,-5399.9521484375
100000000000000000000001,1,920625000,0,-50,2.85934018861884,0,0,0.160031997680664,1.63,0,-5399.9521484375
100000000000000000000001,1,920625000,0,-50,2.85320426546729,0,0,0.160031997680664,1.63,0,-5399.9521484375
100000000000000000000004,1,920625000,0,-52,1.4419419406125,0,0,0.160031997680664,1.63,0,-5399.9521484375
100000000000000000000003,1,920625000,0,-47.5,2.17211679564607,0,0,0.160031997680664,1.63,0,-5399.9521484375
100000000000000000000000,1,920625000,0,-47,2.57708772364788,0,0,0.160031997680664,1.63,0,-5399.9521484375
100000000000000000000002,1,920625000,0,-47.5,3.04341788316511,0,0,0.160031997680664,1.63,0,-5399.9521484375
100000000000000000000004,1,920625000,0,-52,1.46648563321867,0,0,0.160031997680664,1.63,0,-5399.9521484375
100000000000000000000000,1,920625000,0,-47,2.55254403104171,0,0,0.160031997680664,1.63,0,-5399.9521484375
100000000000000000000002,1,920625000,0,-47.5,3.04341788316511,0,0,0.160031997680664,1.63,0,-5399.9521484375
100000000000000000000001,1,920625000,0,-50,2.85320426546729,0,0,0.160031997680664,1.63,0,-5399.9521484375
100000000000000000000003,1,920625000,0,-47.5,2.1905245651007,0,0,0.160031997680664,1.63,0,-5399.9521484375
100000000000000000000001,1,920625000,0,-50,2.85320426546729,0,0,0.160031997680664,1.63,0,-5399.9521484375
100000000000000000000004,1,920625000,0,-52,1.47262155637022,0,0,0.160031997680664,1.63,0,-5399.9521484375
100000000000000000000002,1,920625000,0,-47.5,3.02501011371048,0,0,0.160031997680664,1.63,0,-5399.9521484375
100000000000000000000000,1,920625000,0,-47,2.54640810789016,0,0,0.160031997680664,1.63,0,-5399.9521484375
100000000000000000000003,1,920625000,0,-47.5,2.17211679564607,0,0,0.160031997680664,1.63,0,-5399.9521484375
100000000000000000000001,1,920625000,0,-50,2.84093241916421,0,0,0.160031997680664,1.63,0,-5399.9521484375
100000000000000000000003,1,920625000,0,-47.5,2.17825271879761,0,0,0.160031997680664,1.63,0,-5399.9521484375
100000000000000000000000,1,920625000,0,-47,2.54640810789016,0,0,0.160031997680664,1.63,0,-5399.9521484375
100000000000000000000002,1,920625000,0,-47.5,3.0556897294682,0,0,0.160031997680664,1.63,0,-5399.9521484375
100000000000000000000004,1,920625000,0,-52,1.46034971006713,0,0,0.160031997680664,1.63,0,-5399.9521484375
100000000000000000000003,1,920625000,0,-47.5,2.20279641140378,0,0,0.160031997680664,1.63,0,-5399.9521484375
100000000000000000000002,1,920625000,0,-47,3.03728196001357,0,0,0.160031997680664,1.63,0,-5399.9521484375
100000000000000000000004,1,920625000,0,-52,1.44807786376405,0,0,0.160031997680664,1.63,0,-5399.9521484375
100000000000000000000001,1,920625000,0,-50,2.84093241916421,0,0,0.160031997680664,1.63,0,-5399.9521484375
100000000000000000000000,1,920625000,0,-47,2.54027218473862,0,0,0.160031997680664,1.63,0,-5399.9521484375
100000000000000000000003,1,920625000,0,-47.5,2.19666048825224,0,0,0.160031997680664,1.63,0,-5399.9521484375
100000000000000000000002,1,920625000,0,-47.5,3.04955380631665,0,0,0.160031997680664,1.63,0,-5399.9521484375
100000000000000000000004,1,920625000,0,-52,1.47262155637022,0,0,0.160031997680664,1.63,0,-5399.9521484375
100000000000000000000001,1,920625000,0,-50,2.85320426546729,0,0,0.160031997680664,1.63,0,-5399.9521484375
100000000000000000000000,1,920625000,0,-47,2.55254403104171,0,0,0.160031997680664,1.63,0,-5399.9521484375
100000000000000000000002,1,920625000,0,-47.5,3.02501011371048,0,0,0.160031997680664,1.63,0,-5399.9521484375
100000000000000000000000,1,920625000,0,-47,2.55867995419325,0,0,0.160031997680664,1.63,0,-5399.9521484375
100000000000000000000001,1,920625000,0,-50,2.85320426546729,0,0,0.160031997680664,1.63,0,-5399.9521484375
100000000000000000000003,1,920625000,0,-47.5,2.20893233455532,0,0,0.160031997680664,1.63,0,-5399.9521484375
100000000000000000000004,1,920625000,0,-52,1.46648563321867,0,0,0.160031997680664,1.63,0,-5399.9521484375
100000000000000000000000,1,920625000,0,-47,2.53413626158708,0,0,0.160031997680664,1.63,0,-5399.9521484375
100000000000000000000002,1,920625000,0,-47.5,3.06182565261974,0,0,0.160031997680664,1.63,0,-5399.9521484375
100000000000000000000003,1,920625000,0,-47.5,2.20279641140378,0,0,0.160031997680664,1.63,0,-5399.9521484375
100000000000000000000001,1,920625000,0,-50,2.84706834231575,0,0,0.160031997680664,1.63,0,-5399.9521484375
100000000000000000000004,1,920625000,0,-52,1.46648563321867,0,0,0.160031997680664,1.63,0,-5399.9521484375
100000000000000000000002,1,920625000,0,-47,3.03114603686203,0,0,0.160031997680664,1.63,0,-5399.9521484375
100000000000000000000000,1,920625000,0,-47,2.56481587734479,0,0,0.160031997680664,1.63,0,-5399.9521484375
100000000000000000000003,1,920625000,0,-47.5,2.20279641140378,0,0,0.160031997680664,1.63,0,-5399.9521484375
100000000000000000000001,1,920625000,0,-50.5,2.84706834231575,0,0,0.160031997680664,1.63,0,-5399.9521484375
100000000000000000000004,1,920625000,0,-52.5,1.43580601746096,0,0,0.160031997680664,1.63,0,-5399.9521484375
100000000000000000000000,1,920625000,0,-47,2.55867995419325,0,0,0.160031997680664,1.63,0,-5399.9521484375
100000000000000000000004,1,920625000,0,-52,1.45421378691559,0,0,0.160031997680664,1.63,0,-5399.9521484375
100000000000000000000002,1,920625000,0,-47,3.04955380631665,0,0,0.160031997680664,1.63,0,-5399.9521484375
100000000000000000000003,1,920625000,0,-47.5,2.17825271879761,0,0,0.160031997680664,1.63,0,-5399.9521484375
100000000000000000000001,1,920625000,0,-50,2.86547611177038,0,0,0.160031997680664,1.63,0,-5399.9521484375
100000000000000000000001,1,920625000,0,-50,2.84706834231575,0,0,0.160031997680664,1.63,0,-5399.9521484375
100000000000000000000002,1,920625000,0,-47.5,3.03728196001357,0,0,0.160031997680664,1.63,0,-5399.9521484375
100000000000000000000000,1,920625000,0,-47,2.54027218473862,0,0,0.160031997680664,1.63,0,-5399.9521484375
100000000000000000000004,1,920625000,0,-52,1.49102932582484,0,0,0.160031997680664,1.63,0,-5399.9521484375
100000000000000000000003,1,920625000,0,-47,2.20279641140378,0,0,0.160031997680664,1.63,0,-5399.9521484375
100000000000000000000004,1,920625000,0,-52,1.46034971006713,0,0,0.160031997680664,1.63,0,-5399.9521484375
100000000000000000000002,1,920625000,0,-47.5,3.04341788316511,0,0,0.160031997680664,1.63,0,-5399.9521484375
100000000000000000000001,1,920625000,0,-50,2.85320426546729,0,0,0.160031997680664,1.63,0,-5399.9521484375
100000000000000000000000,1,920625000,0,-47,2.54027218473862,0,0,0.160031997680664,1.63,0,-5399.9521484375
100000000000000000000003,1,920625000,0,-47.5,2.20279641140378,0,0,0.160031997680664,1.63,0,-5399.9521484375
100000000000000000000001,1,920625000,0,-50,2.84093241916421,0,0,0.160031997680664,1.63,0,-5399.9521484375
100000000000000000000000,1,920625000,0,-47,2.54027218473862,0,0,0.160031997680664,1.63,0,-5399.9521484375
100000000000000000000004,1,920625000,0,-52,1.47875747952176,0,0,0.160031997680664,1.63,0,-5399.9521484375
100000000000000000000002,1,920625000,0,-47.5,3.03728196001357,0,0,0.160031997680664,1.63,0,-5399.9521484375
100000000000000000000003,1,920625000,0,-47.5,2.1905245651007,0,0,0.160031997680664,1.63,0,-5399.9521484375
100000000000000000000000,1,920625000,0,-47,2.55254403104171,0,0,0.160031997680664,1.63,0,-5399.9521484375
100000000000000000000003,1,920625000,0,-47.5,2.22120418085841,0,0,0.160031997680664,1.63,0,-5399.9521484375
100000000000000000000001,1,920625000,0,-50,2.86547611177038,0,0,0.160031997680664,1.63,0,-5399.9521484375
100000000000000000000002,1,920625000,0,-47.5,3.04341788316511,0,0,0.160031997680664,1.63,0,-5399.9521484375
100000000000000000000004,1,920625000,0,-52,1.4419419406125,0,0,0.160031997680664,1.63,0,-5399.9521484375
100000000000000000000001,1,920625000,0,-50.5,2.83479649601267,0,0,0.160031997680664,1.63,0,-5399.9521484375
100000000000000000000003,1,920625000,0,-47.5,2.20893233455532,0,0,0.160031997680664,1.63,0,-5399.9521484375
100000000000000000000004,1,920625000,0,-52.5,1.47262155637022,0,0,0.160031997680664,1.63,0,-5399.9521484375
100000000000000000000000,1,920625000,0,-47,2.52800033843554,0,0,0.160031997680664,1.63,0,-5399.9521484375
100000000000000000000002,1,920625000,0,-47.5,3.04341788316511,0,0,0.160031997680664,1.63,0,-5399.9521484375
100000000000000000000001,1,920625000,0,-50,2.84706834231575,0,0,0.160031997680664,1.63,0,-5399.9521484375
100000000000000000000004,1,920625000,0,-52,1.44807786376405,0,0,0.160031997680664,1.63,0,-5399.9521484375
100000000000000000000003,1,920625000,0,-47.5,2.20893233455532,0,0,0.160031997680664,1.63,0,-5399.9521484375
100000000000000000000000,1,920625000,0,-47,2.56481587734479,0,0,0.160031997680664,1.63,0,-5399.9521484375
100000000000000000000002,1,920625000,0,-47,3.04341788316511,0,0,0.160031997680664,1.63,0,-5399.9521484375
100000000000000000000000,1,920625000,0,-47,2.54027218473862,0,0,0.160031997680664,1.63,0,-5399.9521484375
100000000000000000000003,1,920625000,0,-47.5,2.1905245651007,0,0,0.160031997680664,1.63,0,-5399.9521484375
100000000000000000000002,1,920625000,0,-47,3.02501011371048,0,0,0.160031997680664,1.63,0,-5399.9521484375
100000000000000000000004,1,920625000,0,-52,1.44807786376405,0,0,0.160031997680664,1.63,0,-5399.9521484375
100000000000000000000001,1,920625000,0,-50,2.85934018861884,0,0,0.160031997680664,1.63,0,-5399.9521484375
100000000000000000000002,1,920625000,0,-47.5,3.03114603686203,0,0,0.160031997680664,1.63,0,-5399.9521484375
100000000000000000000000,1,920625000,0,-47,2.54640810789016,0,0,0.160031997680664,1.63,0,-5399.9521484375
100000000000000000000003,1,920625000,0,-47.5,2.21506825770687,0,0,0.160031997680664,1.63,0,-5399.9521484375
100000000000000000000001,1,920625000,0,-50,2.86547611177038,0,0,0.160031997680664,1.63,0,-5399.9521484375
100000000000000000000004,1,920625000,0,-52,1.45421378691559,0,0,0.160031997680664,1.63,0,-5399.9521484375
100000000000000000000000,1,920625000,0,-47,2.55867995419325,0,0,0.160031997680664,1.63,0,-5399.9521484375
100000000000000000000003,1,920625000,0,-47.5,2.15370902619144,0,0,0.160031997680664,1.63,0,-5399.9521484375
100000000000000000000001,1,920625000,0,-50,2.82866057286112,0,0,0.160031997680664,1.63,0,-5399.9521484375
100000000000000000000002,1,920625000,0,-47.5,3.02501011371048,0,0,0.160031997680664,1.63,0,-5399.9521484375
100000000000000000000004,1,920625000,0,-52.5,1.47262155637022,0,0,0.160031997680664,1.63,0,-5399.9521484375
100000000000000000000002,1,920625000,0,-47,3.0556897294682,0,0,0.160031997680664,1.63,0,-5399.9521484375
100000000000000000000004,1,920625000,0,-52,1.47875747952176,0,0,0.160031997680664,1.63,0,-5399.9521484375
100000000000000000000000,1,920625000,0,-47,2.54640810789016,0,0,0.160031997680664,1.63,0,-5399.9521484375
100000000000000000000003,1,920625000,0,-47.5,2.21506825770687,0,0,0.160031997680664,1.63,0,-5399.9521484375
100000000000000000000001,1,920625000,0,-50,2.85320426546729,0,0,0.160031997680664,1.63,0,-5399.9521484375
100000000000000000000000,1,920625000,0,-47,2.54640810789016,0,0,0.160031997680664,1.63,0,-5399.9521484375
100000000000000000000002,1,920625000,0,-47.5,3.03728196001357,0,0,0.160031997680664,1.63,0,-5399.9521484375
100000000000000000000004,1,920625000,0,-52,1.46648563321867,0,0,0.160031997680664,1.63,0,-5399.9521484375
100000000000000000000003,1,920625000,0,-47.5,2.1905245651007,0,0,0.160031997680664,1.63,0,-5399.9521484375
100000000000000000000001,1,920625000,0,-50,2.85320426546729,0,0,0.160031997680664,1.63,0,-5399.9521484375
100000000000000000000001,1,920625000,0,-50.5,2.86547611177038,0,0,0.160031997680664,1.63,0,-5399.9521484375
100000000000000000000000,1,920625000,0,-47,2.57708772364788,0,0,0.160031997680664,1.63,0,-5399.9521484375
100000000000000000000004,1,920625000,0,-52,1.42967009430942,0,0,0.160031997680664,1.63,0,-5399.9521484375
100000000000000000000003,1,920625000,0,-47.5,2.22120418085841,0,0,0.160031997680664,1.63,0,-5399.9521484375
100000000000000000000002,1,920625000,0,-47.5,3.06182565261974,0,0,0.160031997680664,1.63,0,-5399.9521484375
100000000000000000000002,1,920625000,0,-47,3.0556897294682,0,0,0.160031997680664,1.63,0,-5399.9521484375
100000000000000000000003,1,920625000,0,-47.5,2.19666048825224,0,0,0.160031997680664,1.63,0,-5399.9521484375
100000000000000000000000,1,920625000,0,-46.5,2.54640810789016,0,0,0.160031997680664,1.63,0,-5399.9521484375
100000000000000000000004,1,920625000,0,-52,1.43580601746096,0,0,0.160031997680664,1.63,0,-5399.9521484375
100000000000000000000001,1,920625000,0,-50,2.85934018861884,0,0,0.160031997680664,1.63,0,-5399.9521484375
